0
-1
-1
-1
-1
0
0
-1
-2
-2
-1
-1
0
1
1
2
1
-1
0
2
3
6
6
4
4
0
-1
0
-3
-3
4
-8
-24
-17
-2
-3
-6
8
18
6
-13
-10
-7
-14
-10
3
17
22
12
6
3
-8
12
34
8
7
43
31
1
13
19
-2
-14
-9
0
0
-9
-2
14
28
29
17
23
20
-5
-9
7
0
3
23
39
36
14
-10
-11
-11
-9
12
19
12
12
-4
-24
-12
4
-13
-24
-5
5
-10
-18
-10
-5
-3
-4
-7
-9
-14
-18
-10
-1
-5
-5
2
6
1
-4
-3
-2
-2
-2
-1
-1
-1
-1
-1
-1
-1
0
-1
-1
0
0
-1
-1
-2
-2
0
1
1
2
2
-2
-2
2
2
1
3
7
3
-3
-5
-4
3
11
13
9
1
-1
3
2
9
20
12
5
9
12
11
5
6
21
39
36
23
11
0
8
24
9
-28
-40
-14
25
30
21
20
2
-8
9
13
-15
-52
-48
7
33
-4
-35
-11
-10
-62
-54
7
15
-15
-25
-9
2
-13
-13
3
0
-15
-11
-7
-10
-12
-15
-2
33
42
4
-24
-13
2
-1
-2
4
8
12
9
2
4
12
10
-4
-7
-3
4
6
2
0
1
1
-2
-2
0
-1
-1
1
1
0
0
0
0
-1
-1
0
0
-1
-1
-1
-1
-1
-1
-1
0
1
1
0
-2
-4
-2
5
10
1
-7
-6
1
8
6
0
1
-11
-18
6
21
13
17
8
-1
8
5
4
2
-14
-13
10
8
-6
-4
-8
-19
-24
-30
-9
13
-6
-24
-22
-53
-69
-40
-25
-17
-23
-54
-26
32
37
14
-9
-45
-72
-80
-35
20
17
2
-6
-21
-16
2
-5
-20
-13
-6
-6
-2
-17
-36
-22
3
0
8
16
-22
-40
-13
-1
-3
13
28
30
8
-22
-23
-13
-4
1
2
5
6
8
6
-1
0
3
3
11
12
-3
-4
3
2
2
3
1
-1
0
0
0
0
-1
-1
0
0
0
0
0
-1
-2
-2
2
3
1
1
1
-3
-4
-4
-3
-2
-2
0
-1
-5
-14
-23
-11
7
0
-4
4
-8
-18
-7
-8
0
7
-7
10
15
-45
-65
-12
21
27
41
24
15
17
-8
-17
-19
1
45
63
36
21
13
-18
-47
-52
-21
29
51
53
51
3
-13
1
-47
-71
-13
47
57
32
-40
-65
-21
-14
14
34
20
17
17
-8
-35
-19
-7
15
24
19
14
-14
-28
-14
2
-8
12
33
11
15
23
4
-17
-14
-6
2
6
-3
2
5
-5
-5
-4
-7
-4
0
0
2
-1
-5
-3
0
0
0
-1
-1
0
0
-1
0
-1
-1
0
0
-1
-1
-2
-2
1
0
-1
5
7
-3
-7
-4
-12
-9
7
14
1
-1
12
-8
-17
-9
2
3
-6
-5
5
18
7
10
20
1
-19
3
21
-43
-29
30
21
37
7
-55
-45
-21
-21
8
13
-34
-12
64
39
-19
-29
-56
-2
59
37
12
-2
5
-14
-47
-76
-34
-3
0
66
64
3
-68
-20
55
56
26
-19
-10
-43
-21
34
2
-35
-22
11
39
73
1
-65
-46
-28
8
57
63
1
-29
-23
-25
-19
-9
-4
7
26
14
-5
-8
-12
-7
8
14
2
-2
-2
-3
-3
-2
-1
-2
0
2
2
0
-1
-1
-1
0
0
0
0
-1
-1
-1
-1
0
-1
0
-3
-2
2
13
12
3
1
-9
-14
-9
2
-3
-17
8
24
17
6
4
-12
-29
-16
-38
-8
25
19
6
-20
-37
-59
14
62
35
5
-32
-56
-30
34
43
28
-12
-38
-53
-56
-27
-24
22
51
-11
-8
8
-17
-4
3
-25
-17
40
24
-6
-8
56
23
-44
-16
-33
8
-20
16
10
-44
34
26
26
7
2
-19
-40
-3
-12
16
34
19
14
-7
-40
-24
9
28
12
1
7
-14
-14
-21
-3
8
6
12
1
7
0
4
6
-2
-9
-13
1
2
2
2
1
0
0
1
0
0
-1
-1
0
0
0
0
0
-1
-3
-3
-2
1
0
2
10
3
0
5
-2
-9
-11
-8
-9
4
14
-12
-5
4
4
26
28
1
-32
-16
5
-15
-6
10
23
11
-21
-15
-61
-68
-25
25
50
3
5
-16
45
69
-24
-38
-117
-117
-66
-26
41
-101
-113
0
9
87
11
-47
-76
-116
16
36
72
3
-53
62
-4
-15
-42
-98
-40
-14
71
23
-66
3
-18
3
89
50
-31
-80
-63
-33
14
64
57
64
49
24
8
-3
-19
-32
2
15
36
42
14
8
-6
-8
4
16
14
-2
2
9
3
4
4
1
-1
-2
0
0
-1
-1
0
0
0
0
0
0
-1
-1
-1
-1
0
0
0
1
0
-3
-7
-5
-6
-2
11
8
4
-2
-6
-9
-13
-11
-13
-21
-29
0
-7
-8
-9
-44
-8
-30
-37
-1
-15
-17
-30
-24
-46
-98
-127
-88
-18
9
-32
-138
-57
-80
-120
62
86
150
18
-20
-3
-223
-83
-112
-104
-62
-56
135
30
78
8
-119
50
176
274
275
262
139
-34
-98
-77
-48
-80
12
69
40
116
138
113
28
-48
-6
-8
67
131
102
51
-11
1
-11
16
43
10
5
8
33
38
17
1
-17
-19
-5
10
14
3
-2
0
2
5
5
3
-1
-3
-1
0
-1
-1
-1
-1
-1
0
0
0
-1
-1
-1
-1
-1
0
-2
-4
-4
-4
-1
-6
-17
-19
-29
-15
5
-5
-5
-45
-66
-63
-61
-37
-68
-97
-103
-136
-175
-162
-299
-273
-407
-325
-163
-140
1821
2533
1584
701
-642
-607
-1062
-805
201
-358
-494
-548
-280
289
-177
-469
-886
-858
568
1186
1740
1715
590
-16
-797
-409
141
-295
-171
-318
-224
302
411
418
-181
-709
-524
-115
441
467
258
107
-175
-119
22
196
194
-31
18
83
129
163
88
-8
-114
-94
40
155
102
-44
-110
-139
-106
-39
7
20
-3
29
63
46
19
-16
-34
-28
-5
19
17
3
-6
-12
-10
-5
-2
-3
-5
-4
-3
-2
-1
-1
-1
0
-1
-1
-1
-2
-4
-8
-10
-14
-8
-10
-22
29
25
51
53
-13
52
6
-6
-12
-113
62
389
386
214
-100
-413
-413
-477
-134
134
48
87
95
246
161
46
-5
-280
-211
135
382
566
353
33
-226
-437
-148
-32
-123
-163
-57
365
478
362
45
-373
-487
-354
39
285
182
86
38
3
26
94
162
52
-35
83
185
192
71
-92
-207
-266
-126
81
153
81
-34
-31
-18
6
66
75
55
-9
29
75
20
-6
-65
-89
-87
-54
34
24
-5
-14
-39
-27
-19
-18
-17
-40
-45
-22
-15
-9
-14
-34
-31
-28
-10
-5
-12
-10
-15
-12
-7
0
3
1
1
0
0
0
-1
-2
-3
-8
-4
-2
15
41
19
5
-54
-87
-62
-71
21
78
66
93
71
60
17
-76
-75
-109
-67
65
118
249
170
12
-90
-246
-110
-26
133
394
239
145
20
-235
-300
-359
-172
70
164
358
291
117
0
-140
-120
-87
104
268
228
202
10
-181
-263
-321
-179
-10
79
213
222
116
-19
-134
-112
-90
-43
97
154
105
45
-37
-139
-202
-178
-113
-9
74
73
16
-80
-115
-166
-170
-147
-153
-81
-38
-23
-96
-118
-129
-164
-157
-123
103
223
223
166
70
-38
-66
62
51
45
-16
-85
-46
-55
-7
36
29
19
0
-10
-5
1
1
0
-1
-1
0
0
0
0
-1
-4
-5
-2
1
7
8
3
3
15
18
18
7
-13
-18
-14
23
46
45
63
44
2
-36
-52
-44
-56
-8
69
108
132
73
-31
-89
-118
-69
28
99
123
94
71
6
-63
-85
-108
-76
-1
70
89
69
4
-57
-87
-97
-15
16
8
18
-61
-77
-96
-142
-151
-167
-81
-46
-22
-34
-102
-155
-269
-241
-271
-190
-190
-294
-115
-231
46
261
219
414
277
243
-40
-37
143
-12
-13
-103
-104
-138
-165
78
262
127
50
-50
-178
-80
-32
47
57
-3
26
18
10
29
15
-16
-39
-26
6
14
20
15
1
-6
-8
-3
1
2
1
0
-1
0
0
0
0
-1
-2
0
5
9
11
2
-6
-14
-17
1
12
14
8
0
0
-8
-5
4
0
4
18
50
61
22
-19
-66
-87
-57
-16
39
50
30
28
-2
-16
-31
-45
-24
-42
-48
-44
-61
-81
-96
-114
-138
-139
-196
-117
-97
-197
-125
-299
-332
-220
-234
-35
-64
228
443
256
412
261
354
134
-333
-24
-132
-197
-188
-319
46
95
203
553
195
-138
-281
-349
-87
-53
156
281
29
73
79
0
-29
-121
-71
-99
-106
109
147
105
61
-12
-22
-84
-49
13
27
61
44
33
9
-3
1
-18
-15
-10
1
20
23
19
7
-4
-6
-5
-2
0
0
0
0
0
0
-1
-1
-1
-1
2
6
10
7
-3
-18
-25
-19
-7
14
24
16
9
-3
-3
-14
-28
-31
-27
-11
-1
27
0
-66
-120
-138
-95
-71
-37
-66
-110
-171
-231
-80
-50
-67
-118
-216
105
248
288
363
259
308
146
-34
-15
-237
-329
-225
-307
-203
-47
428
758
241
-48
-276
-394
-232
-120
213
225
75
259
213
58
27
-105
-225
-374
-235
114
169
222
218
80
-80
-156
-56
-17
-76
-32
168
205
175
138
5
-49
-128
-98
-10
-16
40
69
48
52
28
61
90
20
-19
-49
-54
-21
2
30
18
-4
1
-2
2
6
6
6
-2
-1
-1
-1
-1
-1
-1
0
-1
0
0
0
-1
-2
0
-1
0
2
-6
-15
-23
-25
-16
-21
-24
-25
-36
-53
-76
-60
-51
-71
-88
-69
10
125
230
317
235
18
29
-105
-20
0
-184
-45
-341
-223
81
293
595
211
-134
-320
-416
-154
89
202
210
0
64
159
100
199
-32
-273
-366
-289
147
276
277
264
-44
-177
-201
-92
38
-34
-25
62
241
305
283
150
-101
-214
-257
-76
81
93
160
100
112
180
132
53
-119
-191
-154
-54
120
153
110
33
-47
-38
-16
30
47
22
18
4
4
5
-13
-25
-34
-23
-1
10
17
10
-2
-8
-7
-3
-1
-1
-2
-3
-3
-2
-1
-1
-1
0
-1
-1
-1
-3
-5
-6
-7
-6
-9
-1
15
24
48
57
41
3
-47
-15
3
9
16
-60
-60
-33
132
227
52
-69
-212
-250
-172
-15
202
154
29
80
55
51
100
40
-52
-232
-142
104
181
276
215
-8
-216
-292
-137
-65
-59
44
-3
96
297
321
277
16
-151
-227
-247
58
211
210
198
79
36
-4
10
42
-7
6
-14
-12
34
37
50
38
38
53
55
80
37
-28
-40
-69
-35
15
39
44
0
-3
-8
-27
-17
-24
-12
-2
7
20
-2
-17
-33
-47
-42
-34
-23
-17
-15
-15
-14
-13
-14
-20
-25
-25
-18
-10
-4
-3
1
2
1
1
0
0
0
-1
0
0
-2
2
-6
16
31
8
-11
-53
-62
-68
-54
33
27
16
48
30
51
36
38
14
-97
-15
55
74
154
118
54
-107
-193
-97
-142
-109
-21
-30
44
36
234
350
138
84
-95
-136
-87
-46
191
154
120
110
8
7
6
94
76
-86
-127
-104
-13
88
142
183
49
-5
59
37
17
-46
-48
-40
-34
87
118
75
-18
-110
-86
-75
-22
48
47
23
-17
7
5
-30
-61
-106
-119
-117
-72
-23
-13
-34
-42
-57
-71
-78
-79
-72
-117
-123
-101
-83
-25
50
73
48
16
0
23
14
14
22
11
8
6
25
23
5
-4
-7
-5
-3
-1
0
0
0
0
1
3
4
5
-1
-12
-2
13
25
47
46
18
-30
-52
-40
-58
-53
-36
-32
-12
13
113
149
85
26
-55
-55
-14
34
108
87
57
47
34
66
70
53
-33
-117
-109
-65
31
107
136
82
30
41
14
-7
-40
-64
-43
3
80
112
104
20
-99
-103
-60
-15
48
89
67
-8
-40
-25
-32
-58
-75
-91
-111
-110
-88
-93
-127
-123
-99
-83
-57
-74
-78
-128
-222
-229
-275
-248
-212
-159
53
141
124
62
21
26
42
150
259
171
122
241
208
63
-80
-132
-164
-202
-108
-29
-6
13
16
13
6
8
8
-1
1
3
2
2
2
0
0
0
-1
-1
-2
-3
-3
-2
-3
5
15
13
12
-3
-9
-6
0
21
22
35
37
31
61
52
13
-48
-97
-85
-61
18
75
78
67
12
25
37
-6
-24
-48
-17
32
82
134
46
-56
-113
-127
-49
9
59
86
62
36
10
13
-10
-84
-108
-102
-75
-26
-35
-67
-139
-196
-169
-105
-49
-58
-104
-145
-188
-191
-172
-172
-223
-301
-309
-359
-299
-97
-25
178
297
234
229
127
320
314
281
620
516
244
-119
-304
-312
-470
-321
-186
-158
-73
-26
82
111
94
79
-7
11
40
27
56
49
35
-3
-24
-1
-13
-16
-11
-13
-2
1
3
2
0
0
-1
0
0
0
0
0
1
2
1
1
-5
-8
-11
-3
11
11
18
13
7
-1
-11
-2
-12
-9
10
20
37
20
-1
-36
-62
-34
-17
27
52
42
47
23
22
6
-29
-36
-56
-26
-23
-35
-26
-94
-111
-103
-97
-42
-41
1
-32
-103
-101
-148
-135
-166
-207
-246
-303
-295
-249
-211
-272
-393
-296
18
-40
87
237
312
429
505
1209
1261
782
195
-403
-529
-729
-583
-359
-256
-172
-329
-176
122
160
67
-48
79
145
130
307
325
194
-20
-146
-95
-100
-53
-8
6
16
-43
-23
16
27
14
-8
24
25
18
20
14
7
-12
-12
-3
2
2
0
1
1
0
0
0
0
0
-1
0
0
0
-1
-2
-4
-7
-6
-2
4
5
3
7
8
6
3
1
6
1
0
2
3
-6
-32
-42
-41
-40
-35
-28
-17
-19
-25
-24
-31
-51
-91
-114
-91
-105
-83
-23
-102
-127
-78
-127
-131
-164
-175
-180
-295
-245
-197
-149
-123
-101
76
356
1049
1322
1019
560
50
-182
-463
-450
-318
-304
-259
-343
-258
-55
35
-79
-226
-90
12
120
403
496
453
222
30
-49
-134
-104
-143
-84
-21
7
60
67
100
29
-20
-24
-26
16
33
53
41
7
-18
-39
-25
-20
-9
8
17
31
28
23
15
7
2
-1
2
2
1
0
-1
-1
-2
-1
-1
-1
0
0
0
0
0
0
0
0
0
-2
-2
-3
0
2
-1
-5
-7
-6
-6
-7
-11
-11
-7
-3
-5
-23
-39
-24
-7
-24
-30
-9
-5
-41
-61
-41
-44
-78
-93
-55
-22
-68
-143
-154
-157
-165
-127
-27
194
341
333
242
163
152
56
-8
-52
-61
-28
-93
-109
-46
57
67
-22
-19
0
-11
10
52
66
44
25
-52
-51
12
-39
-12
1
31
61
-19
-35
-50
-28
-31
-31
-7
-39
40
28
-54
-17
13
-18
-30
-11
1
10
23
56
16
-36
-10
-5
-13
2
18
10
-3
-3
-5
-4
1
-2
-7
-3
2
4
2
1
0
-1
-1
0
0
0
0
0
0
-1
-1
0
0
0
-1
-2
-2
-1
-1
-1
1
3
2
-1
-2
1
1
1
5
8
6
-3
-1
7
-1
-5
4
15
5
2
7
-3
5
-12
-10
1
1
10
-14
-3
13
9
14
5
-16
-13
4
-3
-4
10
11
8
6
4
9
7
3
11
14
14
21
14
-6
-1
4
2
12
11
13
13
13
-14
-25
-23
-1
2
-54
-38
-1
-7
-12
-2
-6
-50
-53
-29
-2
9
5
2
-19
-21
-16
-11
-5
0
-4
-2
3
1
2
-2
-3
-1
1
1
0
0
0
-1
1
2
2
1
-1
0
0
0
0
-1
0
0
-1
0
-1
-1
0
-1
0
0
0
0
0
-1
-1
0
-1
0
-1
0
1
0
0
0
-1
1
0
-2
3
3
0
3
-1
-3
3
-3
-4
1
4
4
0
5
1
-1
4
0
13
8
-8
1
4
-5
3
6
-4
6
0
7
15
-4
-5
-16
-3
6
-7
14
0
1
5
-9
2
1
5
3
1
5
1
-2
-1
11
14
-1
4
6
-15
-7
11
9
0
-2
0
-8
-7
1
-10
-13
5
13
7
24
27
-15
-17
-1
-5
-1
0
4
-4
-1
3
-1
3
0
-3
-4
-5
-3
-1
-1
-1
-1
-1
-1
-1
-1
-1
-1
-1
-1
-1
-1
-1
-1
0
-1
-1
-1
-1
-1
-1
-1
0
-1
-1
-1
-1
-1
-1
-1
-1
-2
-3
-1
-1
-2
-1
0
-2
-1
-1
0
0
-2
-4
-3
-2
-3
0
1
-1
-4
-2
-1
0
-2
-2
2
-2
-6
-3
-2
-2
1
3
2
0
4
0
-5
3
-1
0
4
0
1
-1
-2
-2
0
7
0
1
2
-1
0
0
-1
0
0
1
4
5
2
2
4
2
-4
0
0
0
2
2
4
4
0
-2
1
2
0
-1
1
2
1
1
1
0
0
-1
0
1
1
0
-1
0
0
0
0
0
0
0
-1
0
0
0
0
0
0
0
-1
0
0
0
0
0
0
0
0
0
0
0
-1
-1
-1
0
0
0
0
0
-1
-1
0
0
0
0
-1
-2
0
1
0
-1
1
0
-2
0
1
0
-2
-3
-3
-2
0
1
2
2
0
-2
-2
0
0
-2
1
-2
-4
-1
0
-3
-2
0
-3
-3
-2
0
-1
-1
0
1
-2
-3
-2
-2
-2
-2
2
0
-6
-4
0
0
-1
1
1
-6
-5
-4
-1
-4
0
2
-2
-2
-3
0
-1
-2
0
-2
-2
-2
-1
0
0
-1
0
-1
-2
-1
0
0
-1
0
0
-1
-1
0
-1
-1
-1
-1
-1
-1
-1
0
0
0
0
-1
-1
-1
-1
0
-1
-1
0
0
-1
-1
0
-1
-1
-1
-1
-1
0
0
0
-1
-1
-1
-1
-1
0
0
-1
-1
-1
-1
0
0
-1
-1
0
-2
-2
1
-1
-3
-4
-4
-1
-1
0
3
-1
-1
-1
-2
0
0
0
-1
-1
-1
-1
-1
0
-1
0
0
-1
-2
0
3
0
1
1
0
0
-2
-2
-2
0
0
-1
0
2
0
-3
-1
0
0
0
0
0
0
2
0
-3
-1
0
0
0
-1
0
0
-1
-1
0
0
0
0
0
0
0
0
-1
0
0
-1
-1
-1
-1
0
0
0
-1
0
0
-1
0
0
-1
-1
0
0
0
0
0
0
0
0
0
0
-1
0
0
0
0
0
-1
0
0
0
0
-1
0
-1
-1
0
-1
0
-1
0
0
0
0
-1
0
0
-1
-1
-1
0
0
0
0
-1
-3
-1
0
0
0
-1
-2
-3
-1
1
0
-1
-1
0
0
-2
-3
-2
-1
0
0
0
-1
-2
-1
-1
0
0
1
0
0
0
-1
-1
0
-2
-1
0
0
-1
0
0
-1
-2
-2
0
0
-1
0
0
-1
0
0
0
1
1
0
0
-1
-1
0
0
-1
-1
0
-1
-1
-1
0
-1
-1
0
0
0
0
-1
-1
-1
-1
0
0
-1
-1
-1
-1
-1
0
0
-1
0
0
0
0
0
0
-1
0
0
-1
0
0
0
-1
-1
0
0
0
0
0
0
-1
-1
0
0
-1
-1
-1
0
-1
-1
-1
-1
-1
1
0
0
0
-1
0
0
0
0
0
-1
-1
-1
0
0
-1
-1
-2
-1
0
-1
0
1
0
-1
-1
0
0
-1
0
0
0
-1
0
0
0
-1
0
0
0
0
0
0
0
0
1
-1
-1
0
-1
-1
0
0
0
0
0
0
-1
-2
0
1
0
-1
-1
0
0
0
0
0
0
0
-1
0
-1
-1
0
0
-1
0
0
-1
0
0
0
0
0
0
0
0
0
-1
-1
0
0
0
0
0
-1
-1
0
0
0
-1
0
0
-1
0
-1
0
0
0
0
-1
0
-1
-1
0
0
0
0
0
0
0
-1
0
0
0
0
-1
0
0
0
1
0
-1
-2
0
0
-1
-2
-1
0
0
0
-3
-1
0
0
-1
-2
-1
-1
-1
0
0
0
0
0
0
0
0
0
0
0
0
-1
-1
-1
-3
-2
0
0
0
0
-1
-3
-2
0
0
0
-1
-1
-2
0
0
0
0
-2
-2
-1
1
0
0
-1
-1
0
-2
-1
0
-1
-1
0
0
-1
0
-1
-1
-1
0
0
0
0
-1
-1
-1
0
0
0
-1
-1
0
-1
0
-1
0
0
0
0
-1
-1
0
0
0
0
0
0
-1
0
0
0
0
0
0
0
-1
-1
-1
0
0
0
0
0
0
-1
-1
0
0
0
-1
-2
0
-1
1
0
-1
-1
0
0
0
0
0
-1
0
0
-2
0
0
0
-1
0
0
-1
-1
0
0
0
0
-1
0
0
0
0
0
0
0
-2
-1
0
-1
-1
-1
-1
0
0
-1
0
-1
-1
-1
0
0
0
0
-2
0
-1
0
-1
-1
0
0
0
0
0
0
0
0
-1
-1
0
0
0
0
0
-1
-1
0
-1
-1
-1
-1
-1
-1
0
0
0
-1
-1
0
-1
0
0
0
-1
-1
0
0
0
0
-1
0
-1
-1
0
0
0
0
-1
-1
-1
-1
0
0
-1
-1
0
-1
-1
0
-1
-1
-1
0
0
0
0
0
0
0
0
0
0
0
0
0
0
0
0
0
0
0
0
0
0
0
0
0
0
0
0
0
0
0
0
0
0
0
0
0
0
0
0
0
0
0
0
0
0
0
0
0
0
0
0
0
0
0
0
0
0
0
0
0
0
0
0
0
0
0
0
0
0
0
0
0
0
0
0
0
0
0
0
0
0
0
0
0
0
0
0
0
0
0
0
0
0
0
0
