0
-4
4
-4
1
-3
4
-3
0
-3
-2
5
0
6
-21
16
-8
3
3
-4
0
3
-3
7
37
-121
84
-4
11
8
-46
54
-29
-6
8
-2
1
2
4
-15
16
-3
-2
-3
5
-3
-5
7
2
-7
6
-5
0
5
-13
15
-7
3
-7
7
-9
8
-2
-5
0
4
1
-9
9
-8
7
-4
6
-16
14
-7
0
4
-6
7
-2
-7
4
3
-6
1
1
2
-18
13
-3
-2
-2
4
-8
6
28
-55
47
-9
-10
4
-85
121
-37
-7
4
-2
0
5
-4
-4
8
-17
19
-8
-2
-6
0
1
-1
2
-4
2
-2
1
-6
0
0
-21
14
-2
22
-7
-46
10
53
8
24
-86
-144
129
100
-28
-16
-55
5
42
-15
-16
-23
58
84
-44
-39
-80
10
-62
161
16
-58
-3
-18
11
-6
6
0
47
-23
-50
22
12
-11
5
-5
6
1
-18
8
16
-13
-6
12
-9
1
-6
12
-2
-7
-3
-5
11
0
-11
5
1
7
0
-13
5
-1
7
-13
6
12
-16
-9
16
-1
-7
5
-7
11
-13
-24
49
23
-47
-1
-6
6
-13
17
1
58
-17
-161
63
-9
81
39
44
-84
-58
23
16
15
-43
-5
55
16
27
-102
-130
143
84
-26
-10
-54
-12
44
5
-23
0
-15
16
0
19
-28
-44
74
15
-41
57
0
-270
276
-135
-9
331
-398
280
-24
-203
86
14
9
26
64
-7
-344
433
-604
558
-416
341
170
-224
38
-8
-54
10
33
-42
5
-118
183
-118
83
-26
2
27
-22
-9
-6
12
-12
16
-5
-3
29
-73
31
7
16
-4
-5
-6
5
-7
0
7
-6
5
4
3
-17
-6
-32
74
-29
3
4
-18
12
-13
5
8
21
-28
-1
24
-83
115
-185
118
-7
43
-34
-10
53
7
-39
224
-172
-342
416
-559
605
-436
343
8
-65
-27
-10
-13
-86
202
23
-281
399
-332
7
132
-276
268
-1
-56
39
-16
-75
40
27
-24
0
41
-71
-13
76
-141
133
-43
-144
526
-615
526
-527
509
-359
93
174
-377
216
-80
19
-19
202
-486
1087
-1717
2266
-1759
673
-451
385
-115
-176
447
-595
411
-276
667
-1093
1129
-791
491
-467
203
97
-250
245
-97
22
64
-95
74
-24
-15
83
-178
109
-52
117
-104
41
-15
0
3
0
-4
0
14
-42
101
-114
47
-111
179
-84
14
24
-76
95
-65
-23
97
-245
249
-97
-201
464
-491
790
-1130
1092
-668
275
-411
594
-448
175
115
-384
450
-674
1759
-2267
1717
-1087
485
-203
18
-19
79
-217
377
-175
-95
359
-510
524
-525
610
-526
143
41
-131
138
-77
11
69
-45
0
49
-90
126
-134
94
-23
-69
213
-463
671
-766
911
-1147
935
-474
342
-340
303
-199
103
85
-398
698
-1325
1947
-2172
1685
-985
879
-846
621
-446
543
-600
475
-409
489
-424
-103
503
-487
273
-66
-4
88
-162
175
-185
202
-195
165
-107
-22
129
-91
70
-219
281
-112
3
-14
11
-9
0
8
-11
13
-4
113
-284
221
-70
90
-129
23
106
-164
195
-203
184
-176
161
-87
3
63
-273
486
-504
102
422
-490
407
-475
596
-543
446
-622
848
-882
985
-1688
2172
-1949
1326
-698
398
-86
-104
200
-304
340
-343
472
-938
1145
-911
763
-670
459
-213
70
22
-95
133
-130
88
-53
0
18
-42
80
-95
54
-65
130
-150
233
-49
-343
704
-1066
828
-490
489
-416
255
-141
37
-86
261
-700
1486
-1231
508
141
-877
868
-655
388
-157
240
-191
-196
396
-584
304
455
-497
471
-566
407
-236
133
-70
11
-13
19
43
-113
109
-80
23
-61
177
-149
51
3
8
11
-60
37
0
-37
59
-11
-9
-3
-51
147
-177
62
-25
82
-112
114
-44
-20
12
-13
69
-133
235
-407
565
-472
497
-457
-304
584
-397
195
189
-240
157
-390
656
-869
877
-140
-508
1229
-1488
698
-261
85
-37
142
-256
417
-490
489
-829
1064
-705
341
46
-233
149
-132
64
-55
93
-83
42
-20
0
-18
44
-133
160
-101
50
-18
-96
239
-327
386
147
-600
157
212
-231
236
-314
261
-30
163
-461
-166
914
-373
-325
362
-159
-86
144
-207
202
-41
-92
272
67
-455
-153
588
-411
245
74
-259
207
-80
-27
74
-145
87
-35
6
44
-45
127
-137
-17
160
-153
6
58
-20
-33
61
0
-63
32
19
-59
-5
151
-161
17
137
-128
43
-45
-6
34
-88
145
-74
26
80
-207
259
-76
-246
411
-590
152
454
-68
-273
91
39
-202
206
-145
85
159
-362
324
373
-915
168
461
-163
30
-262
312
-236
231
-213
-159
598
-150
-388
325
-239
95
15
-51
101
-161
131
-46
14
0
-41
61
-4
-54
108
-44
-147
143
-52
-96
189
145
-252
-267
441
-7
-197
79
33
-102
283
-440
-229
670
394
-831
-88
187
496
-416
-106
205
-201
224
-161
55
-184
614
-481
11
-30
130
-144
169
-23
-111
36
8
-3
52
-60
21
-17
-47
110
-32
39
-104
28
19
-8
6
1
0
-1
-8
7
-20
-28
102
-39
31
-112
48
15
-22
60
-53
2
-8
-36
110
22
-171
143
-131
28
-12
480
-616
183
-55
161
-225
200
-206
106
416
-498
-188
87
832
-394
-671
228
441
-283
103
-34
-79
196
7
-443
265
251
-146
-189
96
50
-143
147
42
-109
52
2
-63
37
0
-15
9
68
-74
-44
45
31
12
-85
370
-339
-506
571
72
20
-281
75
159
-79
-48
-89
17
524
-628
73
488
-554
60
233
-85
41
-137
151
-114
-30
252
-355
162
204
-291
176
-151
72
81
-97
14
-17
82
-126
60
43
9
-55
-82
145
-61
-37
84
-76
11
29
15
-47
0
46
-15
-32
-12
74
-85
37
61
-146
81
54
-10
-45
-60
124
-82
15
-16
96
-82
-73
150
-175
289
-205
-161
353
-253
29
114
-153
137
-42
86
-233
-61
554
-489
-75
629
-525
-16
88
48
78
-160
-76
281
-21
-72
-572
504
335
-372
83
-13
-33
-45
43
73
-71
-11
10
0
29
-31
-53
101
-56
-38
182
-301
401
-370
106
186
-244
-41
231
-146
81
-44
-32
28
13
-158
409
-348
97
10
-110
105
-53
107
-62
-21
75
-111
44
7
65
-105
23
-1
32
0
-33
28
11
-55
40
17
-51
57
-91
54
33
-44
62
-67
9
21
-43
60
-29
-27
40
0
-41
25
28
-61
41
-21
-10
67
-64
44
-34
-55
91
-57
51
-18
-40
55
-13
-29
33
-2
-31
0
-22
104
-66
-7
-45
110
-76
20
61
-106
53
-105
109
-12
-97
347
-410
158
-14
-29
33
45
-82
145
-231
40
242
-186
-107
368
-404
300
-183
38
55
-102
50
29
-33
0
-1
-12
25
-14
-5
10
-15
23
-23
89
-128
-64
122
65
-101
-2
55
-40
23
-53
83
-18
-123
83
88
-50
-31
-34
65
-19
-27
-14
61
3
-69
45
-35
55
-39
21
-26
36
-61
72
-59
15
20
-15
-1
-2
33
-44
30
-29
14
-19
26
-4
-8
-2
-8
25
-17
0
17
-26
8
2
7
2
-27
18
-16
28
-30
43
-34
2
0
15
-19
-16
59
-73
58
-36
24
-22
39
-55
35
-47
69
-4
-63
14
26
19
-66
34
31
49
-89
-83
125
17
-84
52
-24
40
-55
2
100
-66
-125
63
125
-91
22
-23
12
-10
4
13
-28
11
-4
0
-5
3
-6
8
-9
24
-26
0
36
-42
-31
110
-75
-49
119
-97
48
-10
-4
-15
41
-41
13
1
25
-84
106
-86
24
5
15
-24
32
-35
24
15
-52
29
0
-12
15
-16
4
-5
10
-9
11
-15
5
-11
20
-14
-2
11
-15
8
-2
-1
10
-16
0
9
-1
0
1
-9
-1
16
-11
-1
1
-9
15
-11
3
13
-20
10
-6
15
-15
8
-11
3
-5
15
-15
10
-1
-30
50
-15
-25
33
-33
23
-16
-6
-24
85
-107
84
-26
-2
-14
40
-42
15
4
9
-49
97
-120
46
74
-110
31
41
-36
0
24
-24
8
-9
3
-4
0
0
-9
10
-5
2
1
-7
13
-13
-3
31
-31
-10
6
24
-5
-18
6
6
-5
20
-33
-8
47
-26
39
-52
-23
68
-56
29
9
-15
-10
30
-32
6
5
15
-18
-5
13
-2
-1
-9
14
-16
4
5
-13
13
-3
2
-1
-13
15
-13
9
-3
0
1
-2
4
-5
0
3
-5
2
0
-2
2
-9
11
-15
12
1
-3
3
-14
13
-6
-5
14
-15
8
0
0
-13
4
17
-17
-6
-7
31
-33
9
14
-10
-30
57
-69
23
51
-40
25
-48
7
34
-20
5
-7
-6
17
5
-25
-9
8
30
-33
1
12
-12
6
-2
-3
2
-11
5
0
-1
1
1
-1
-4
-4
13
-11
4
-9
23
-15
-11
7
-1
-13
23
-10
-2
9
-13
2
-8
31
-30
10
-5
0
0
-5
7
-9
7
5
2
-16
13
-2
-8
6
-3
3
-9
9
-6
7
-2
-4
5
5
-13
2
4
1
-13
14
0
-7
0
1
-4
6
-3
0
1
-7
2
-1
1
7
-1
-15
14
-2
-4
-3
12
-6
-5
3
1
-6
7
-9
8
-2
1
-7
8
1
-15
15
-3
-7
-8
9
-7
4
0
-1
3
-13
29
-32
7
-3
13
-10
2
10
-23
12
0
-9
9
13
-23
7
-3
10
-14
3
3
-1
-4
-2
-3
0
-1
1
-7
6
1
0
-8
8
3
-12
7
6
-15
9
-17
14
0
-2
4
-1
-7
7
-3
3
10
-26
-4
34
-17
6
-13
-3
16
-2
-7
-4
13
-7
-7
3
7
-11
12
-7
-7
11
-3
-7
8
-3
1
-4
5
-3
-11
10
-4
9
-11
-4
15
-11
0
0
0
11
-15
4
11
-9
5
-11
9
3
-6
3
0
2
-8
7
4
-13
6
7
-12
10
-8
-4
8
6
-13
3
5
2
-16
3
12
-7
16
-35
3
25
-10
-3
3
-7
6
-1
-5
1
-2
-14
16
-11
14
-8
-9
10
-6
-9
7
-1
-3
-8
4
-2
-4
0
0
-2
-2
8
-16
10
2
0
-5
-8
21
-6
-16
16
-13
13
-5
-5
3
-4
13
-14
-3
19
-16
7
-76
203
-186
23
42
0
-16
7
0
7
-16
1
18
-28
30
-13
1
-7
8
0
18
-39
-1
64
-82
60
-37
12
22
-33
10
-3
4
-3
10
-26
25
0
-25
25
-11
2
-6
4
-12
33
-24
-13
36
-60
81
-64
0
38
-18
0
-9
7
-1
12
-31
28
-17
-1
16
-7
-2
-8
16
0
-43
-23
185
-202
78
-9
16
-19
2
15
-13
3
-4
4
4
-14
12
-18
15
5
-23
6
3
0
-3
-10
16
-10
0
1
-6
0
-3
2
-4
9
-60
113
-64
-4
6
3
-3
3
-7
3
0
-4
0
7
-3
-4
3
-4
3
7
-11
5
-3
9
3
8
-90
120
-60
-2
10
11
-20
-43
138
-145
33
39
-9
-10
3
-1
-8
7
11
-30
-3
26
8
-12
-23
14
3
7
-16
9
-7
5
3
0
-3
-5
7
-10
16
-8
-4
-15
22
10
-9
-27
2
30
-11
-8
8
-1
-5
8
7
-40
-33
144
-140
42
19
-12
-11
2
57
-120
88
-9
-4
-10
1
-7
10
-8
-2
3
-4
4
2
-7
-1
3
-1
-5
6
-5
2
-5
-7
3
63
-114
58
-9
0
-3
-2
0
-3
-4
11
-12
-43
51
3
9
-19
-2
1
-5
5
-3
4
-4
-8
19
-12
2
7
-13
10
-8
10
6
-22
13
7
21
-19
-100
77
35
-41
28
-35
37
-23
7
59
-79
10
8
9
-22
27
-27
51
-67
25
7
2
-1
-12
13
-6
3
0
-3
6
-9
5
0
-5
8
-7
3
0
-5
6
-14
12
0
-1
-7
-24
67
-51
27
-27
21
-10
-8
-11
77
-60
-8
23
-37
34
-28
41
-36
-78
99
18
-21
-8
-13
24
-7
-10
7
-9
13
-7
-3
12
-19
6
4
-4
2
-6
5
-3
-1
15
-10
-3
-53
41
11
-14
4
-2
0
-2
15
-20
-24
100
-107
53
-21
1
-2
6
-3
-5
3
1
-4
3
-2
0
3
-9
6
3
-2
-6
11
-14
23
2
-36
-10
103
-117
105
-113
44
18
-32
21
74
-278
346
-161
-26
79
-62
6
45
-5
-87
88
-31
13
-26
44
-41
12
-4
7
-8
6
-2
-3
0
4
1
-7
8
-7
3
-13
40
-46
26
-14
31
-89
87
5
-45
-7
60
-78
26
160
-346
277
-75
-21
30
-20
-45
112
-105
116
-103
10
36
-3
-24
13
-12
5
1
-2
-7
9
-3
-1
1
-4
4
-3
-4
3
2
-6
0
-4
20
-55
106
-102
23
17
-16
-1
0
-3
-2
12
-35
51
-29
0
-2
7
-5
2
-2
2
-3
3
-6
5
-2
0
2
-1
2
-2
3
-8
-2
9
-7
14
-22
21
-20
30
2
-61
24
19
-15
-1
9
48
-42
-1
-47
36
23
-26
-13
54
-74
59
-21
12
-18
1
6
-2
0
4
-4
-2
-6
6
0
-6
5
1
2
-4
-1
1
-7
0
17
-13
21
-59
74
-54
12
23
-23
-36
46
-1
41
-48
-10
0
13
-19
-24
60
-3
-32
20
-22
22
-14
6
-9
1
6
-3
1
-3
1
-3
0
2
-5
5
-3
1
-4
0
-3
3
-7
1
0
28
-52
33
-15
1
-1
0
-1
-3
9
-22
59
-73
29
-2
0
1
-4
0
1
-3
0
-2
6
-8
6
-4
4
-5
4
-3
1
0
-1
-4
16
-27
21
-18
6
22
-34
10
14
-8
-7
6
13
-48
41
-35
33
-24
17
1
-8
-7
17
-13
5
-3
6
-2
-4
2
-1
2
-1
0
-1
0
-1
1
-1
-2
0
-2
5
1
-6
3
-6
12
-17
7
7
-1
-17
22
-34
34
-42
46
-13
-7
6
7
-14
-12
33
-22
-7
17
-22
26
-17
3
1
-1
-2
2
-3
5
-5
4
-7
7
-6
2
-1
2
-2
-2
0
-3
-1
0
-30
72
-59
21
-13
3
-4
0
-2
-2
6
-5
-2
2
7
-11
2
2
-2
2
-3
0
1
-2
1
-2
-8
15
-14
9
-3
-2
6
-3
-4
3
-2
3
1
-4
12
-34
36
-22
8
-2
0
2
-1
20
-31
-4
8
8
-11
12
-13
0
12
-8
5
-5
-2
1
2
-6
3
1
-1
-3
6
0
-7
2
1
-1
-3
5
-3
-1
1
4
-5
8
-13
0
11
-12
11
-9
-9
3
29
-21
2
-3
-1
1
-8
21
-37
33
-13
3
-1
-3
2
-3
2
3
-7
2
2
-11
13
-15
6
2
-2
2
-4
-1
2
-2
2
-3
-4
10
-8
-3
2
3
-8
0
-2
0
0
-2
-3
36
-93
88
-35
1
5
-4
0
0
-2
-1
2
-5
4
-6
10
-6
1
-4
1
-2
6
-6
-3
11
-11
4
-2
10
-25
1
27
-15
10
-9
9
-15
86
-179
59
48
-13
17
-29
26
-19
2
3
-2
-2
2
-9
14
-10
2
5
-11
11
-10
3
0
-4
9
-11
10
-6
-3
8
-15
10
-3
0
1
-4
-2
18
-26
29
-18
13
-49
-60
178
-87
13
-10
8
-10
14
-27
-2
23
-10
1
-5
10
-11
2
5
-6
1
-2
2
-3
5
-11
6
-6
5
-4
-2
1
-1
-1
2
-7
-3
34
-89
91
-38
1
0
-4
0
-3
-1
0
10
-20
41
-60
51
-26
4
1
-2
0
-1
1
-2
3
-2
-2
6
-4
3
-4
0
2
-4
2
-3
-1
6
-9
0
17
-35
33
-14
8
-12
23
-32
58
-53
-31
62
-36
3
1
26
-18
1
10
-15
2
-7
11
0
-3
0
-2
-1
-4
-1
3
0
-3
0
3
0
1
-2
2
-1
-12
6
-2
15
-10
-1
17
-27
-1
-3
36
-63
30
53
-59
31
-24
13
-9
13
-35
34
-16
0
10
-5
-1
3
-3
3
-2
-1
2
-3
4
-7
2
2
-4
1
-2
0
-1
0
-2
-5
24
-51
60
-42
21
-12
-2
1
-3
0
-1
-5
14
-11
-19
32
-17
-5
10
-3
-2
0
-2
-1
0
-1
0
1
-1
2
2
-4
1
-1
-1
0
-3
4
0
-5
10
-3
-9
-4
23
-20
12
-9
4
-2
-9
38
-49
16
15
-14
-1
11
-7
4
-13
17
-13
-5
12
9
-18
10
-6
1
3
-5
2
0
-3
4
-4
-1
6
-11
17
-10
-12
3
13
-17
11
-6
7
-12
1
14
-16
-17
49
-40
8
2
-5
8
-12
19
-24
3
8
3
-10
5
-1
-4
3
0
1
1
-3
4
-3
-1
0
0
-1
0
-1
0
0
-2
-1
1
-12
5
16
-34
17
10
-18
5
-4
0
-3
-6
16
-5
-13
11
4
-3
-2
0
0
0
-1
-1
1
-1
1
1
2
-4
1
0
3
0
-3
3
-1
-3
7
-2
-2
6
-13
4
9
-3
-5
5
-6
3
8
-56
70
-9
-14
-2
2
-6
3
-1
1
1
1
-8
0
15
-13
-2
0
5
-5
6
-3
0
3
-7
4
-6
0
1
11
-16
0
8
-1
-2
-4
2
-4
6
-3
1
13
8
-71
55
-9
-3
5
-6
5
3
-8
-5
10
-6
1
2
-6
2
-1
-4
2
-1
-3
0
-3
3
-4
-2
-1
1
-2
-1
0
-2
-1
-3
2
2
-4
-13
12
3
-18
4
-1
0
0
0
0
0
0
0
0
0
0
0
0
0
0
0
0
0
0
0
0
0
0
0
0
0
0
0
0
0
0
0
0
0
0
0
0
0
0
0
0
0
0
0
0
0
0
0
0
0
0
0
0
0
0
0
0
0
0
0
0
0
0
0
0
0
0
0
0
0
0
0
0
0
0
0
0
0
0
0
0
0
0
0
0
0
0
0
0
0
0
0
0
0
0
0
0
0
0
0
0
0
0
0
0
0
0
0
0
0
0
0
0
0
0
0
0
0
0
0
0
0
0
0
0
0
0
0
0
0
0
0
0
0
0
0
0
0
0
0
0
0
0
0
0
0
0
0
0
0
0
0
0
0
0
0
0
0
0
0
0
0
0
0
0
0
0
0
0
0
0
0
0
0
0
0
0
0
0
0
0
0
0
0
0
0
0
0
0
0
0
0
0
0
0
0
0
0
0
0
0
0
0
0
0
0
0
0
0
0
0
0
0
0
0
0
0
0
0
0
0
0
0
0
0
0
0
0
0
0
0
0
0
0
0
0
0
0
0
0
0
0
0
0
0
0
0
0
0
0
0
0
0
0
0
0
0
0
0
0
0
0
0
0
0
0
0
0
0
0
0
0
0
0
0
0
0
0
0
0
0
0
0
0
0
0
0
0
0
0
0
0
0
0
0
0
0
0
0
0
0
0
0
0
0
0
0
0
0
0
0
0
0
0
0
0
0
0
0
0
0
0
0
0
0
0
0
0
0
0
0
0
0
0
0
0
0
0
0
0
0
0
0
0
0
0
0
0
0
0
0
0
0
0
0
0
0
0
0
0
0
0
0
0
0
0
0
0
0
0
0
0
0
0
0
0
0
0
0
0
0
0
0
0
0
0
0
0
0
0
0
0
0
0
0
0
0
0
0
0
0
0
0
0
0
0
0
0
0
0
0
0
0
0
0
0
0
0
0
0
0
0
0
0
0
0
0
0
0
0
0
0
0
0
0
0
0
0
0
0
0
0
0
0
0
0
0
0
0
0
0
0
0
0
0
0
0
0
0
0
0
0
0
0
0
0
0
0
0
0
0
0
0
0
0
0
0
0
0
0
0
0
0
0
0
0
0
0
0
0
0
0
0
0
0
0
0
0
0
0
0
0
0
0
0
0
0
0
0
0
0
0
0
0
0
0
0
0
0
0
0
0
0
0
0
0
0
0
0
0
0
0
0
0
0
0
0
0
0
0
0
0
0
0
0
0
0
0
0
0
0
0
0
0
0
0
0
0
0
0
0
0
0
0
0
0
0
0
0
0
0
0
0
0
0
0
0
0
0
0
0
0
0
0
0
0
0
0
0
0
0
0
0
0
0
0
0
0
0
0
0
0
0
0
0
0
0
0
0
0
0
0
0
0
0
0
0
0
0
0
0
0
0
0
0
0
0
0
0
0
0
0
0
0
0
0
0
0
0
0
0
0
0
0
0
0
0
0
0
0
0
0
0
0
0
0
0
0
0
0
0
0
0
0
0
0
0
0
0
0
0
0
0
0
0
0
0
0
0
0
0
0
0
0
0
0
0
0
0
0
0
0
0
0
0
0
0
0
0
0
0
0
0
0
0
0
0
0
0
0
0
0
0
0
0
0
0
0
0
0
0
0
0
0
0
0
0
0
0
0
0
0
0
0
0
0
0
0
0
0
0
0
0
0
0
0
0
0
0
0
0
0
0
0
0
0
0
0
0
0
0
0
0
0
0
0
0
0
0
