0
-3
0
-1
2
-7
6
1
0
-4
2
-3
1
-2
1
-2
-2
0
6
-10
9
-8
6
3
-9
4
-2
3
2
-3
0
1
-1
2
-2
0
-1
0
0
1
-2
0
-2
0
1
-1
0
0
-2
2
-2
0
0
1
-2
0
0
-2
0
1
0
0
-1
0
0
0
0
-1
1
0
-1
1
0
0
1
-1
0
-1
2
-2
1
-1
-1
0
-1
-2
0
-1
1
-2
0
0
0
-2
0
-3
1
0
-1
2
-2
-3
1
-4
8
-4
-6
8
-10
9
-5
-2
1
0
-2
-1
-2
1
-3
2
-2
-2
-6
6
-3
-2
-1
-2
0
-1
1
-3
4
-7
1
7
-7
2
0
0
-3
1
-1
1
0
-4
10
-8
-7
11
-1
-10
7
-2
2
-5
3
-2
8
-4
-1
2
-2
-1
0
0
-2
2
0
-2
1
-2
2
-2
-1
0
-2
2
-3
1
-2
0
0
-1
0
0
1
-1
0
-1
0
-2
0
0
0
-1
-1
0
-1
0
-1
0
0
0
1
-1
2
-2
1
1
0
0
-2
2
-2
2
0
-2
1
-1
0
0
1
-3
1
4
-9
2
-3
4
-2
1
-7
9
0
-10
7
6
-10
3
-1
-2
-1
-3
2
-2
-1
-2
6
-8
-2
6
-5
0
-3
-2
0
0
0
-1
2
-6
4
3
0
-1
-3
3
-3
1
0
-3
3
0
-8
-1
15
-4
9
-30
10
11
-1
-12
6
6
-8
-1
2
-3
5
-3
-2
2
-1
-2
-1
4
-2
-2
1
0
-1
1
-1
-2
0
-1
0
-1
0
-3
1
-1
0
-2
0
0
-1
0
0
0
0
0
0
1
0
1
-3
2
-1
1
0
0
-2
0
0
-2
0
0
-2
0
1
-5
0
0
0
-3
0
1
-6
3
-3
1
6
-6
-7
10
2
-13
-11
29
-11
4
-16
0
7
-1
-4
2
-2
-3
2
-4
0
0
-1
-1
-5
6
-3
-2
-1
-5
0
0
-2
0
-5
12
-12
0
3
-3
2
-2
-1
-2
2
-1
0
-1
-2
-13
35
-31
17
2
-15
20
-21
11
-5
8
-12
5
3
-3
-2
1
0
1
0
-2
0
0
0
-1
-1
1
-1
-4
7
-4
1
-2
3
-3
2
-2
0
0
0
0
0
-1
0
0
0
-1
-1
0
0
1
0
0
-1
1
-3
4
-4
2
-1
3
-7
4
1
-3
0
0
0
-1
-1
1
-2
-1
-1
-2
1
2
-4
-6
12
-9
4
-13
20
-21
15
-3
-18
31
-36
12
3
1
0
-1
-4
1
-1
1
-3
2
-4
-1
12
-14
2
-3
1
-4
0
0
-3
3
2
-8
-3
7
7
-8
-3
2
1
-1
-2
-2
1
-3
-4
6
19
-29
9
1
-4
12
-5
-2
-7
13
-9
5
-4
5
-3
1
-3
2
0
0
-2
0
0
-1
0
-6
9
-12
9
-3
-2
6
-3
-3
1
-1
1
-2
0
-1
0
0
0
0
0
0
0
0
-1
-1
0
0
-2
0
-2
4
2
-5
0
3
-10
13
-10
5
-1
0
-2
-1
1
0
0
-3
2
-2
2
-6
4
-6
10
-14
7
1
5
-12
3
-1
-10
29
-19
-7
3
3
-2
1
-1
-1
-3
-4
3
6
-7
-8
2
8
-4
-5
3
-4
0
2
-4
3
-1
6
-21
17
2
-5
-3
4
-6
5
-3
-4
5
2
-6
15
-32
21
-2
5
-4
4
-13
-1
8
-1
3
-3
-1
-1
2
-1
0
1
-1
2
-2
1
1
1
1
-5
2
-1
4
-10
8
-7
5
-3
2
-1
-2
2
-1
-1
0
1
-1
-1
0
0
-1
-1
0
-1
-1
-2
1
1
-4
3
-5
8
-8
9
-5
0
-3
3
-2
-2
-1
-1
1
-3
1
-2
-1
0
-2
0
0
4
-5
1
-9
1
12
-5
3
-5
2
-22
31
-15
5
-1
-6
3
1
-6
3
-6
2
3
-3
-18
20
-8
-2
-5
3
-6
0
2
-2
-1
7
-16
18
-16
8
-3
0
0
3
-8
7
-5
-1
1
2
-10
9
17
-30
15
-6
-12
8
13
-15
9
-4
0
3
-1
1
-3
2
-2
1
-2
-1
1
-1
-2
3
-7
11
-7
-1
-2
5
-6
2
-2
0
-1
0
-1
-2
1
-1
0
0
0
0
0
-2
0
0
0
0
1
-1
0
-2
1
-3
5
-7
2
0
5
-13
5
-4
2
-1
-2
1
0
-3
1
-3
1
-2
2
-4
1
4
-9
14
-13
-9
10
5
-15
30
-18
-10
9
-3
-2
0
3
-8
7
-5
-3
-1
1
-8
16
-19
14
-9
0
1
-5
0
-6
11
-9
2
5
-8
3
1
-1
-1
2
0
-3
3
-2
0
-11
30
-22
-8
6
6
0
-12
40
-33
-1
-1
6
3
-8
7
-6
2
-1
1
-1
1
-2
0
-1
-1
-2
8
-4
-12
20
-19
4
2
0
0
-3
0
-1
0
0
-1
1
-1
1
0
-2
0
0
-1
0
0
-1
0
-1
-1
1
-1
3
-1
-1
-4
-4
18
-22
11
3
-8
1
0
1
-1
1
-2
0
-2
2
-2
3
-8
8
-4
-6
1
0
33
-41
13
-2
-7
-6
7
22
-30
10
-1
1
-6
2
-1
-3
0
-1
-1
-3
6
-6
-3
6
-13
1
0
-13
18
-4
-16
27
-24
9
1
-3
5
-12
4
1
-4
3
-7
8
0
5
-6
-13
4
25
-25
17
4
-10
-9
17
-14
7
-2
5
-3
-4
3
-2
0
0
0
-1
0
-2
3
0
-1
-2
2
-1
-2
1
0
0
-1
-1
-1
-2
2
-1
-1
1
-2
1
0
0
0
-2
1
0
-4
2
-1
0
0
-1
-1
-1
0
0
-2
1
1
0
-4
2
-2
0
-1
0
-1
1
-5
3
1
-5
1
-7
14
-16
9
10
-5
-17
24
-25
-4
13
6
-4
0
-8
7
-4
2
-2
-6
10
-7
1
-2
-11
23
-29
14
3
-19
9
0
6
-9
4
-4
-3
17
-24
7
2
-4
7
-8
7
-12
7
-2
-4
2
7
-13
4
-1
-5
7
-10
11
7
-11
2
8
-9
-1
-1
0
2
-1
-1
-2
1
-2
-1
-1
-4
6
0
-8
7
-1
0
-1
1
-2
0
0
0
-2
1
0
0
0
-2
2
-1
0
1
-2
2
-1
1
0
-2
0
-1
0
-1
1
-2
1
0
0
-7
7
0
-7
3
-1
-1
1
-2
-1
0
0
-3
-1
-1
0
8
-8
-2
11
-7
-11
10
-8
3
1
-6
13
-6
-3
3
1
-9
11
-9
6
-8
3
-3
-8
22
-18
1
2
-7
8
-11
0
-28
20
-2
16
-48
13
11
5
2
-6
-5
10
-16
14
-8
5
3
-22
25
2
0
-50
49
0
-31
44
-44
15
8
-6
-4
6
-3
-2
0
2
-1
2
-3
2
-2
1
-3
12
-20
17
-12
10
-5
1
-3
2
-1
-2
0
-1
-1
4
-5
1
0
0
0
0
-1
0
-1
-2
4
-5
0
0
-1
1
0
-3
3
-2
4
-11
12
-17
19
-12
2
-1
1
-3
3
-2
0
-2
-2
2
2
-6
4
5
-8
-15
42
-45
31
0
-51
48
0
-3
-26
21
-3
-6
7
-14
13
-10
4
4
-3
-5
-11
-13
47
-17
-1
-21
22
0
-93
134
-101
59
-333
682
-558
302
-214
151
-100
38
7
-29
87
-205
260
-108
-300
717
-737
662
-861
984
-831
613
-475
330
-251
211
-101
63
-77
56
-51
45
-33
26
-14
6
-6
-3
11
-6
-21
34
-18
4
1
-5
6
-9
12
-14
13
-13
10
-10
6
-4
0
1
-1
0
0
-1
-1
3
-7
8
-10
12
-14
13
-12
8
-6
5
-1
-5
18
-35
21
5
-13
4
3
-6
13
-27
32
-45
50
-55
75
-64
102
-213
251
-331
474
-615
831
-987
861
-663
738
-718
300
106
-261
204
-88
26
-8
-39
98
-154
213
-302
555
-682
330
-60
98
-135
88
0
30
-72
142
-123
-59
-26
294
-160
-110
140
-19
-118
126
50
-238
90
333
-150
-491
210
433
-141
-447
209
276
-78
-243
102
118
-75
-52
76
-1
-53
-5
51
-18
-23
15
10
-11
4
-6
-14
23
2
-5
-2
-1
-2
1
4
-6
-5
11
3
-23
7
17
-10
-3
2
0
0
-1
-2
2
10
-18
-9
22
-4
-12
4
4
-3
-2
0
1
2
5
-2
-23
13
6
-6
8
-10
-15
22
17
-52
5
52
-1
-77
53
75
-118
-102
242
77
-278
-209
447
141
-435
-210
489
149
-333
-90
238
-53
-126
116
18
-140
108
160
-296
25
58
122
-144
70
-35
0
91
-28
-30
-79
179
-146
-39
76
27
35
1
-34
-41
-38
-27
-15
23
7
109
64
21
-34
15
-71
-23
-33
-44
27
-8
4
11
34
-9
18
-7
-4
-10
-5
3
-1
4
1
3
-10
6
-3
-4
2
2
2
0
-2
2
-6
-3
5
-2
2
4
0
-6
0
-1
0
0
0
5
-1
-5
-3
2
-7
2
5
-1
2
-1
-2
-3
-2
5
2
-6
9
-3
-2
-5
-1
-3
4
9
3
6
-20
8
-34
-11
-5
6
-28
44
32
22
71
-16
33
-22
-64
-109
-8
-24
15
27
36
40
32
-3
-37
-30
-76
39
143
-180
77
27
27
-96
0
1
16
-25
-55
192
32
-223
47
16
24
-46
47
-14
-18
-29
31
-40
145
-160
127
75
-226
44
33
-25
112
-112
39
-4
67
-83
7
24
-9
-8
8
0
0
-7
4
-6
17
-6
-6
3
-26
20
0
2
-1
0
-4
2
-2
1
-5
6
-2
-4
6
-4
0
-1
0
0
-2
4
-7
4
2
-8
5
-2
2
-4
3
-1
-1
-3
-1
-21
26
-5
5
6
-17
6
-5
6
-1
-2
-8
7
9
-28
-7
82
-66
3
-40
112
-113
24
-33
-45
225
-76
-127
160
-145
41
-32
27
15
14
-50
44
-25
-19
-47
221
-33
-192
53
22
-17
-6
0
-15
-4
36
8
95
-509
452
-22
-14
-4
11
-21
-4
-71
-71
-98
457
-25
-92
-386
161
-58
433
-164
-176
40
-55
71
-21
132
-127
42
-44
20
-5
10
3
-1
-3
-7
2
6
3
-17
9
6
-4
-2
0
3
-1
-2
-1
1
1
1
-2
-2
-2
-3
3
0
-1
0
0
0
-4
2
1
0
0
-1
-1
-1
1
2
0
-3
-2
1
5
-6
-10
16
-3
-8
-2
6
2
0
-4
-11
4
-22
42
-43
126
-133
21
-72
57
-40
175
164
-436
59
-161
386
91
24
-458
97
70
70
3
19
-13
3
13
21
-452
508
-96
-9
-39
3
10
0
-48
-16
49
73
-411
818
-876
459
23
-225
155
63
-269
221
160
-692
1027
-894
476
-106
-290
686
-770
506
-154
-100
209
-161
13
107
-109
54
-20
-8
29
-26
13
1
-11
14
-19
23
-28
27
-22
11
-5
1
-2
1
0
-1
2
-3
1
4
-2
-1
-5
5
-1
-1
1
0
-1
1
0
-6
5
0
2
-5
0
3
-2
0
0
-2
1
-2
4
-13
21
-28
26
-23
16
-14
11
-2
-13
25
-29
8
18
-54
110
-109
-13
161
-210
100
154
-507
770
-688
291
105
-477
894
-1028
691
-161
-223
270
-65
-155
223
-25
-460
875
-819
410
-74
-51
15
43
0
-32
13
19
-122
398
-327
-260
465
-181
-67
203
-252
183
9
-279
342
-16
-333
269
92
-330
197
98
-166
66
8
-43
56
-43
-10
28
-5
-5
9
-8
-1
3
-2
0
-3
7
-15
7
11
-6
-10
3
-1
3
-3
1
-2
2
-2
-1
-1
3
-8
5
0
-3
0
0
0
0
0
2
-1
-5
8
-3
-1
1
1
-2
2
-3
2
-3
0
-4
9
4
-11
-9
13
-7
1
0
2
-4
1
6
-11
5
4
-28
9
44
-56
41
-8
-68
165
-99
-197
329
-92
-270
331
14
-343
278
-10
-186
251
-204
64
180
-466
259
326
-399
120
-21
-13
27
0
55
-5
-2
13
-53
55
0
-72
12
17
-14
8
10
-10
-6
21
-14
28
-23
-16
8
66
-62
8
15
-12
1
-10
9
0
-1
-6
5
-3
-1
0
0
-2
1
-2
1
-3
1
4
-5
3
-1
-3
1
0
-1
0
-2
1
0
2
-1
-5
5
-3
1
-1
0
0
0
-1
-2
3
-6
5
1
-3
0
-1
2
-1
0
-1
-2
3
-2
-4
4
-5
-1
3
-3
1
-2
0
-1
-2
1
4
-6
5
1
-1
-10
9
-2
11
-16
-9
61
-67
-9
16
21
-30
13
-21
4
9
-12
-10
12
-18
-14
71
-2
-57
53
-15
-1
3
-60
0
-7
28
-21
16
1
35
-113
40
11
9
6
-28
21
-1
-47
94
-38
-9
-10
14
-17
-2
31
-15
9
-16
6
7
-17
-2
19
-9
-6
6
-4
1
-1
1
-2
0
0
1
7
-20
19
-9
3
0
0
-1
-1
0
-1
0
1
2
-3
0
2
0
-4
2
-1
0
1
-2
2
-1
-1
-1
2
-2
-1
-1
0
-1
1
0
0
0
-5
9
-19
20
-7
-1
-1
-1
1
-1
-1
-1
3
-7
5
8
-20
1
16
-8
-8
17
-11
14
-33
2
17
-15
10
8
37
-94
46
-1
-23
27
-7
-11
-14
-41
112
-35
-4
-17
17
-29
2
0
-19
-37
31
43
-37
-92
211
-224
120
6
-42
1
44
-54
-7
82
-68
-26
62
-11
-58
125
-101
14
21
-19
3
1
8
-9
8
-3
-4
4
-3
0
0
0
-2
0
2
-3
-1
11
-18
9
0
0
-1
0
-1
0
-2
0
-1
-2
2
-1
-4
4
-5
3
-3
0
1
-3
4
-5
4
1
-2
1
-1
-1
1
0
-1
-1
0
0
-1
-9
18
-12
1
3
-2
-1
1
0
-2
-1
2
-5
3
2
-9
9
-8
-2
-3
18
-23
-15
98
-126
57
11
-63
27
67
-82
7
52
-47
-2
40
-9
-122
223
-211
91
37
-44
-34
37
15
0
20
-45
10
40
4
-46
-24
34
33
-29
-12
3
21
-26
23
-11
5
-14
24
-11
-5
-12
-3
19
-8
3
10
-12
5
-9
8
-1
-2
1
0
-2
0
0
0
-1
-1
4
2
-8
-5
7
3
-3
-1
1
-1
0
0
0
0
-1
-1
1
0
-3
-1
0
-1
0
0
-1
0
2
-1
-1
1
-1
0
0
0
-1
1
-1
0
2
-3
-8
4
7
-3
-5
0
1
0
0
-1
1
-2
-2
1
1
-9
9
-5
11
-10
-3
7
-20
4
12
4
10
-24
13
-5
10
-25
25
-22
-4
11
27
-35
-34
25
46
-6
-41
-13
43
-25
0
36
-91
69
52
-66
-35
69
-9
-15
-22
6
24
-3
-5
-29
17
26
-20
-34
72
-46
-4
20
-7
-10
12
-1
-5
7
-9
8
-5
3
-1
2
-2
-1
2
0
-3
0
1
2
-12
11
-6
2
0
-1
-1
0
0
-1
-1
1
-2
-1
1
1
0
0
1
0
0
0
0
1
-1
1
0
0
1
-3
0
0
-1
0
0
1
0
-2
6
-12
11
-4
-3
0
2
-1
-2
-1
1
-3
0
-4
5
-7
8
-8
5
1
-13
11
7
-20
4
46
-73
33
21
-28
-17
27
4
2
-26
-8
20
12
9
-69
34
66
-52
-71
90
-41
0
-8
13
10
-8
-21
25
-20
15
-8
6
-5
2
-4
1
-6
1
7
-3
2
-6
9
-6
-4
7
-7
0
0
2
-2
3
0
-1
1
0
-1
0
-1
-2
0
-1
0
-1
0
-1
0
-1
0
0
0
-1
1
-1
1
-1
0
0
1
-2
0
-1
-1
0
1
0
-1
0
0
0
0
0
0
0
0
0
-1
1
0
0
-1
-1
-1
0
-1
0
-2
0
-1
0
-1
0
0
-1
0
-2
-1
0
1
-3
2
-2
0
-2
6
-8
2
6
-9
5
-3
3
-8
-2
4
-4
3
-3
3
-7
6
-16
20
-25
19
7
-14
-13
4
0
-6
11
-15
8
13
-6
-8
3
1
-1
0
1
-1
-2
0
-5
5
-4
7
-7
3
-7
9
-7
-1
4
-2
0
1
0
0
-1
1
-1
0
-1
0
-1
0
-1
1
-1
-1
0
-1
0
0
0
0
-1
0
-1
0
-1
-1
0
1
-1
1
-1
0
-1
-1
0
1
-1
1
0
0
0
-1
0
-1
-1
-1
0
0
0
-2
0
-1
-1
0
0
-1
-1
-1
0
-1
0
-1
0
-1
1
-3
1
1
0
0
-1
2
-4
-1
7
-10
7
-4
6
-6
3
-5
5
-1
1
1
-3
-2
0
-3
-3
7
7
-13
-9
14
-12
2
0
1
-4
0
2
7
-9
-4
7
-2
-3
-1
2
-3
0
8
-13
8
-6
3
0
-1
-2
2
2
-3
4
-3
2
-2
0
0
0
0
-1
-1
0
-1
0
-2
0
-1
1
-1
1
-1
0
-1
0
0
-2
0
0
-1
-1
0
0
-2
0
1
-1
0
-1
0
0
0
0
-1
0
-1
-1
0
0
-1
0
-1
0
-1
0
0
0
0
-1
0
-2
2
-1
1
-1
-1
-1
-1
-1
-1
0
-1
0
0
-1
2
-2
3
-4
2
-2
-1
3
0
-1
-4
4
-10
13
-8
-1
2
-5
-1
1
1
-7
2
8
-9
-3
-2
3
-6
0
-1
0
0
-1
-4
7
-9
5
2
-1
-1
0
-3
1
-7
13
-11
10
-7
2
4
-5
2
0
1
-1
-1
1
-1
0
-1
0
0
0
0
-1
-1
0
-1
-1
0
0
-1
0
0
-1
1
-1
0
-1
0
0
-1
-1
-1
0
0
0
-2
-1
-1
0
0
0
0
-1
-1
0
0
-1
0
-1
0
0
0
-1
0
0
-1
0
0
0
1
-2
0
-1
-1
0
-1
0
-1
0
-1
0
0
-1
0
0
0
-1
0
1
-2
1
-2
5
-4
-2
8
-10
10
-14
4
-2
1
-2
-1
-1
-3
-5
9
-7
2
-1
-2
-3
-4
0
1
-6
1
1
-1
3
-5
1
-1
-1
-1
1
-2
-1
2
-3
1
0
1
-3
4
-3
1
-1
1
0
0
-1
0
2
-2
1
-1
-1
-1
0
-1
1
-1
0
0
0
1
-1
-1
-1
0
0
0
0
-1
-1
0
-2
-1
-1
0
0
0
-1
0
-1
1
0
-1
0
0
0
-1
0
0
-1
-1
-1
-1
0
0
0
0
0
0
0
-1
0
-1
0
-1
0
0
0
-1
-1
-1
-1
1
-2
1
-2
-2
0
0
0
-1
1
-1
2
-5
1
-1
0
-2
3
-4
0
1
-2
-1
0
-1
-1
5
-4
0
-2
-3
4
-4
0
-7
4
-2
0
-4
3
0
-1
0
-1
0
-1
0
-1
0
-2
1
0
3
-4
3
-3
1
1
-1
0
0
1
-1
1
0
0
-2
0
-1
1
-2
0
0
-1
1
-1
0
1
-1
0
-2
0
-1
0
0
0
0
0
-1
-1
0
-1
-1
0
1
1
0
0
-2
-1
0
-1
0
-1
0
0
0
0
-1
0
-1
-1
0
0
1
0
0
-1
-2
0
-1
0
-1
-1
0
0
-1
-1
0
0
-1
0
1
-1
-1
0
1
-2
-1
1
-3
3
-3
-1
-2
2
-1
-1
-1
0
-1
0
-1
-1
1
-5
3
-2
-1
-5
2
0
-5
8
-4
-3
4
-6
6
-4
0
-2
0
-2
1
-1
2
-5
4
2
-3
-1
0
1
0
-2
1
-2
2
-1
0
-1
0
0
0
0
0
0
0
0
-1
-1
-1
0
-1
-1
-1
-1
-1
0
0
0
-1
0
0
-1
1
1
-2
-1
-1
0
-1
0
-1
0
0
0
0
0
-1
0
0
-1
-1
0
-1
0
0
0
0
0
-1
0
0
-1
0
-1
-1
0
-1
0
-1
-1
-1
-1
0
-1
1
0
-1
1
0
1
-1
1
-2
-1
-1
0
2
-3
-3
5
-3
0
-2
1
-3
0
-3
4
-6
4
-6
2
1
-7
1
0
-1
-2
1
0
-3
3
3
-5
1
1
-1
0
-3
1
0
-1
2
-1
-2
2
-1
0
0
0
1
-1
0
0
0
-1
1
-1
-1
1
0
0
0
-1
0
-1
0
0
-1
0
0
-1
1
0
0
0
1
-1
-1
0
0
-1
-1
0
0
0
0
-1
-1
0
0
0
0
0
0
-1
1
0
-2
0
0
0
-1
0
-1
-1
-1
0
0
0
0
0
0
0
-1
0
0
-1
-1
-2
-1
0
-2
1
0
1
-2
0
0
-1
0
-1
0
-2
1
0
-2
0
-1
-2
0
-1
0
-1
-2
5
-4
-4
3
-1
-4
1
-3
0
0
0
0
0
-1
-1
-1
0
0
0
0
0
-1
-1
-1
0
0
0
1
0
0
1
1
-1
-1
-1
1
0
-1
0
0
0
0
0
0
0
-1
-1
-1
0
-1
0
0
0
-1
-1
-1
0
0
0
0
0
0
-1
-1
-1
-1
-1
0
0
-1
-1
-1
0
0
0
0
0
0
0
0
0
0
0
0
0
-1
-1
-1
0
-1
-1
0
0
-1
-1
-1
-1
-1
0
0
0
-1
0
-1
0
0
0
-1
0
0
-1
-1
0
0
0
-1
-1
-1
-1
-1
0
0
0
-1
0
0
-1
-1
-1
-1
0
-1
0
-1
-1
-2
