0
-1
0
-1
0
-1
0
0
0
-1
0
0
0
-4
4
3
-7
-18
22
12
-23
7
0
0
8
-10
2
7
-8
2
2
3
-5
1
2
-1
0
-1
0
0
-2
1
-2
0
0
0
0
-1
1
-1
0
-2
0
0
0
0
-1
0
0
-1
-1
0
0
0
0
0
0
0
0
0
0
0
0
0
0
0
0
1
-2
0
-2
0
0
0
-2
-1
0
-2
1
-2
-1
0
0
0
-3
-1
4
-3
-1
-2
7
-5
-1
10
-8
-1
0
-7
24
-12
-23
17
6
-4
-5
3
-1
-1
-1
0
-1
0
-2
-1
-1
-1
-2
-2
0
-6
6
-1
-1
5
-1
-4
4
-4
0
-2
-8
0
25
-35
9
11
4
4
-1
-13
7
-13
16
-7
-3
0
14
-12
1
2
-3
0
-2
1
-1
0
0
1
0
1
-1
-1
2
0
-2
3
-2
-1
1
1
-1
0
1
0
0
0
0
0
0
0
-2
0
0
0
0
0
0
0
0
-2
0
1
0
0
1
0
-1
0
2
-3
1
-1
-3
0
0
-1
0
-1
-1
0
1
-5
1
-1
2
-3
-2
11
-14
-1
2
6
-16
13
-7
12
1
-4
-4
-10
-9
32
-26
-2
7
0
-3
2
-5
3
1
-6
0
-3
-6
1
0
-6
7
-6
-2
32
-58
48
-9
-15
23
-21
-20
88
-194
288
-361
342
-216
113
-87
67
-30
25
-32
44
-60
73
-67
39
-6
-9
8
-7
4
-4
2
-1
-3
5
-9
10
-4
0
0
1
-3
5
-3
0
0
-1
-1
1
0
0
0
1
0
0
0
0
0
-1
0
0
-1
0
-1
0
0
0
0
0
0
-1
0
-1
-1
-1
3
-4
3
-2
-2
0
3
-12
9
-5
3
0
-3
3
-6
6
-9
9
6
-40
67
-73
59
-46
32
-25
29
-67
87
-114
216
-343
361
-290
193
-89
19
19
-24
13
9
-49
57
-33
1
3
-8
1
0
7
-14
9
6
-39
21
25
-24
-2
35
-63
82
-121
144
7
-218
265
-224
159
-74
-16
25
49
-142
183
-116
49
-30
10
21
-46
49
-33
20
-19
18
-17
12
-4
-3
5
-3
0
-1
-2
4
-3
2
-2
0
-1
1
-1
0
-1
0
0
0
0
-1
0
-1
-1
0
0
-1
0
-1
-1
-1
-1
-1
0
0
1
-2
0
0
1
-2
3
-5
1
0
-1
1
-6
2
3
-13
16
-18
18
-20
31
-50
46
-22
-12
29
-50
115
-183
142
-50
-25
15
74
-159
224
-266
218
-8
-146
120
-83
62
-36
0
24
-26
-22
39
-8
-12
12
-11
0
4
-4
-7
22
-45
17
32
-25
10
-49
2
123
-152
46
335
-352
-220
263
82
-65
-49
5
-48
252
-111
-197
123
59
-156
89
118
-115
-4
33
-28
2
14
-6
-3
5
-2
-4
1
-1
5
-1
-5
2
-1
0
0
-1
-1
-1
0
0
0
-1
-1
-1
0
-1
-1
0
0
-1
-1
0
-1
0
0
0
0
0
1
0
-1
0
-1
-3
3
2
-6
0
-2
2
0
-6
2
4
-14
-2
27
-33
5
114
-118
-90
156
-60
-125
197
111
-253
49
-6
49
65
-82
-264
220
351
-335
-49
151
-125
-4
48
-10
25
-31
-18
45
-24
2
3
-8
0
-15
11
15
-7
-5
-55
44
83
-68
-14
-89
51
144
-275
204
268
-426
166
25
-153
84
-16
-43
265
-303
38
113
-81
-70
145
21
-83
16
5
-2
-32
17
22
-12
-5
4
-2
-1
3
1
-4
3
-5
1
1
0
-1
0
0
1
0
0
0
-1
0
0
-1
-1
0
-1
0
-1
1
0
-1
0
-1
-1
1
0
1
-1
-1
-1
4
-5
4
-1
-3
0
1
-3
4
11
-23
-18
32
0
-6
-18
83
-22
-147
71
79
-114
-40
302
-267
44
17
-83
152
-27
-166
425
-269
-204
273
-146
-52
87
13
67
-84
-46
54
3
6
-17
-13
12
0
8
-8
-9
14
-30
83
-73
-12
37
-56
159
-242
281
-505
645
-494
299
-159
142
-102
8
35
-17
-151
309
-341
289
-222
227
-254
224
-152
91
-48
30
-34
19
-7
10
-9
1
0
2
-4
5
-4
-5
6
-3
1
-1
-1
-1
-1
1
0
0
-1
1
-1
0
0
-1
0
0
-1
-1
-1
0
0
1
-1
0
0
0
0
-2
-1
2
-6
4
2
-6
4
-3
0
-2
8
-10
6
-20
34
-29
46
-92
151
-227
254
-227
221
-289
341
-311
150
15
-35
-9
102
-141
158
-300
494
-647
503
-283
240
-160
53
-39
11
73
-84
28
-15
6
6
-13
0
-3
16
-34
33
10
-72
72
-33
-44
45
26
-76
-85
281
287
-594
-80
149
189
-15
-100
46
-164
215
-69
109
-142
-123
64
191
-40
-115
35
35
-20
-44
35
11
-16
5
-2
1
1
-3
-14
20
-2
-3
-3
-1
0
0
0
0
0
-1
-1
-1
0
0
0
-1
0
0
-1
-1
0
-1
-1
1
0
-1
1
-1
0
0
0
0
2
2
1
-21
14
2
-2
-3
2
-5
15
-12
-36
43
20
-36
-36
114
39
-193
-65
123
142
-111
67
-216
163
-47
99
15
-191
-150
78
593
-289
-281
83
76
-28
-48
42
32
-73
71
-12
-33
31
-16
-2
0
-11
12
-11
-1
-9
41
-21
-40
100
-75
-58
190
-132
-169
529
-734
652
-317
-42
181
-140
70
-135
267
-335
375
-302
72
191
-318
242
-120
5
57
-13
-43
54
-35
12
7
-6
1
-2
-1
6
-7
5
-8
1
-1
-1
0
-1
-1
0
0
0
-1
-1
0
-1
0
-1
0
-1
-1
-1
0
1
0
0
0
0
0
0
-1
0
0
-3
8
-7
6
-7
0
1
-1
4
-8
-12
35
-56
42
12
-59
-5
120
-243
318
-192
-73
302
-377
334
-267
136
-69
139
-182
41
317
-653
734
-528
167
132
-192
56
72
-101
39
20
-42
8
0
8
-13
6
0
14
-25
30
-29
15
8
12
-13
-84
158
-158
211
-78
-306
342
-32
-311
403
-192
-54
144
-52
39
-107
143
-2
-216
285
-213
53
156
-242
86
47
-62
61
-37
-1
15
-7
3
-1
1
2
8
-20
-7
24
-8
0
1
-2
0
0
0
0
0
0
1
-1
-1
0
0
0
0
0
0
1
-1
0
0
0
0
0
0
1
-1
1
7
-24
4
20
-9
-2
-1
0
-2
6
-15
0
38
-61
60
-49
-86
242
-156
-52
214
-285
216
2
-144
107
-40
52
-145
54
192
-404
311
32
-344
304
77
-212
157
-158
81
13
-14
-10
-17
29
-32
24
-17
0
-18
6
26
-10
17
-68
55
-47
99
-1
-84
-50
133
89
-602
542
19
-198
34
200
-178
54
98
-416
419
-73
-96
10
185
-42
-308
244
-30
-38
-14
43
26
-30
-4
4
-4
1
-1
5
-4
-9
20
-22
7
1
0
-1
0
0
-1
0
-1
-1
0
-1
-1
-1
-1
0
0
-1
0
0
-1
0
0
-1
1
0
0
1
0
-3
-8
21
-21
8
2
-5
0
-3
3
-6
3
31
-26
-43
15
36
29
-245
310
42
-186
-10
96
73
-421
416
-98
-55
176
-201
-34
197
-19
-543
601
-90
-133
49
84
0
-100
46
-55
66
-18
9
-28
-6
15
0
15
-26
24
-9
19
-56
38
10
-33
24
0
-121
318
-547
767
-481
-55
221
-224
167
-108
-1
97
78
-297
376
-353
296
-292
259
-123
-76
148
-119
92
-68
62
-50
26
-7
0
-1
0
6
-6
-14
27
-23
5
2
-1
1
-1
0
-1
1
-1
0
0
0
0
0
-1
0
0
0
1
0
0
-1
1
-1
0
0
0
0
0
-2
-6
22
-27
14
4
-8
0
-2
-1
6
-25
50
-63
66
-92
118
-148
75
122
-261
292
-297
353
-377
297
-79
-98
1
107
-168
223
-221
54
480
-768
546
-320
119
-1
-26
31
-10
-39
55
-20
7
-26
23
-19
0
-18
14
4
-14
3
24
-61
78
-51
-68
22
138
96
-296
84
252
-221
-164
66
147
18
-170
216
-170
-106
221
90
-57
-117
-90
63
99
-17
-33
-3
5
3
-4
-5
1
7
-4
-1
-4
8
4
-30
20
0
-2
-1
-1
0
-1
-1
-1
0
-1
-1
-1
0
0
0
0
-1
-1
0
0
0
0
-1
0
0
1
-1
0
0
2
-2
-20
29
-6
-9
3
0
2
-7
-2
3
3
-3
-6
1
32
16
-100
-64
90
118
58
-91
-221
106
170
-216
170
-18
-148
-67
163
220
-252
-86
295
-99
-139
-22
66
49
-79
60
-24
-4
12
-7
-16
13
0
12
-10
-8
17
-49
76
12
-49
-36
72
-57
63
-134
403
-821
763
-412
287
-249
206
-94
-88
135
84
-208
146
-137
112
-83
111
-123
137
-136
86
-65
55
-44
39
-34
27
-17
4
-1
0
6
-13
21
-28
15
-3
1
-1
0
0
-1
0
-1
1
0
0
-1
0
-1
0
-1
-1
-1
0
1
-1
0
0
0
-1
-1
0
-1
2
-13
27
-21
11
-7
-2
0
-5
16
-28
34
-38
43
-57
64
-87
134
-138
122
-113
83
-112
137
-147
208
-85
-135
87
95
-206
248
-288
410
-764
820
-404
133
-65
55
-74
35
49
-13
-78
48
-18
4
9
-16
0
-13
21
-17
-6
-28
95
-84
56
-43
23
34
-83
-45
268
-290
-33
140
86
-72
10
-64
26
219
-475
227
40
90
-39
-47
-108
29
155
-62
0
-37
0
4
23
-6
-6
-3
1
1
0
-2
-9
16
-1
-6
-1
1
0
0
-2
0
0
0
-1
0
-1
1
0
0
0
0
0
-2
0
-1
0
0
-1
0
-1
-1
0
0
0
6
1
-16
8
1
-1
0
-1
3
5
4
-24
-5
0
37
-2
61
-156
-29
107
48
38
-90
-41
-226
474
-220
-26
63
-12
72
-88
-140
33
290
-270
43
82
-35
-26
42
-57
84
-95
26
4
14
-23
9
0
6
1
-23
23
-60
101
-69
21
12
-56
94
-169
351
-453
362
-184
62
-75
99
-85
32
47
-55
-1
38
-56
28
-2
-15
58
-64
28
-3
2
-12
11
-16
20
-16
8
-4
0
1
-2
1
-3
11
-14
6
-1
-1
-1
-1
0
0
0
1
0
0
-1
0
-1
0
0
0
-1
0
1
0
-1
1
0
0
0
-1
0
0
0
-6
14
-12
2
-1
1
0
-1
2
-9
15
-21
17
-13
12
-3
3
-28
64
-58
14
2
-28
54
-38
0
56
-49
-31
85
-100
75
-62
184
-363
450
-351
167
-96
55
-15
-21
68
-103
58
-26
21
-2
-11
0
-10
20
-22
-3
-41
95
-21
-52
41
30
-11
-12
-238
196
153
-119
8
-75
21
20
44
-50
12
13
-20
12
-13
-12
5
25
59
-94
11
0
14
7
-3
-6
-5
5
0
-2
0
0
0
-1
10
-14
4
0
0
0
0
0
0
0
-1
-1
-1
0
0
-1
1
0
0
-2
0
0
0
0
0
-1
-1
0
-1
0
-1
-1
-5
13
-11
1
0
-1
0
-1
-2
-6
4
5
2
-7
-15
-1
-10
94
-59
-26
-6
12
14
-14
21
-14
-12
50
-43
-21
-23
74
-9
118
-155
-198
237
10
8
-32
-43
51
19
-96
40
1
20
-21
5
0
5
5
-26
32
-71
74
-2
-29
48
-77
74
-110
192
-161
68
-41
26
-26
27
-26
16
-9
17
-4
3
-10
-15
33
-31
35
-57
51
-18
10
-12
6
-2
-1
-1
0
-2
-1
-1
0
0
0
2
-3
1
0
-1
-1
-1
0
0
1
-1
-1
-1
0
0
-1
-1
0
0
0
-1
0
0
0
-1
-1
0
0
0
-1
0
0
-1
2
-3
-1
0
-1
-1
-1
-1
-1
1
1
0
-7
10
-10
16
-51
57
-35
31
-34
14
9
-4
4
-16
9
-16
25
-27
26
-27
40
-69
158
-195
108
-76
76
-49
29
2
-75
71
-34
25
-7
-10
0
-8
7
-8
0
14
-9
1
-24
34
-3
-25
13
-6
23
-27
-5
8
12
0
-8
-13
28
-20
11
-7
-3
5
-2
0
2
5
-11
6
0
-4
4
-2
-1
1
0
-1
0
0
-1
0
-1
1
-1
0
-1
-1
0
0
-1
0
0
1
-1
0
0
1
0
-1
0
0
-1
0
0
0
0
-1
0
0
-1
0
0
0
1
-1
0
-1
0
-1
0
-1
0
-1
-1
-1
1
2
-6
2
0
-6
10
-4
-2
-1
2
-5
2
6
-12
20
-27
13
8
-3
-12
-8
4
25
-25
5
-14
23
0
-36
23
-2
8
-15
-2
6
-8
5
0
3
-2
-3
1
2
0
-16
11
8
-10
5
-8
6
9
-21
14
-5
6
-1
-2
-1
-2
4
0
-3
1
0
1
-2
0
4
-4
1
-2
0
-1
1
0
0
-1
0
0
0
-1
-1
0
0
-1
1
-1
0
0
0
1
-1
0
0
-2
0
-1
-1
0
0
0
-2
-1
0
0
-1
1
0
-1
0
-1
0
0
0
0
-1
1
-1
-1
-1
0
0
-1
-1
-1
0
1
-3
1
-2
2
-3
4
-4
0
1
-2
1
-2
2
-1
-4
2
0
1
1
-6
5
-14
21
-10
-7
6
-7
9
-11
-12
15
-1
-3
-3
0
0
-8
0
-3
2
-2
-1
2
-1
4
-7
3
-3
4
-6
-1
9
-11
5
-1
2
-3
-1
3
-2
0
-2
0
1
0
0
1
1
-4
4
-1
0
-1
1
-1
1
0
0
-1
0
0
0
0
0
-1
0
1
-2
0
0
-1
0
-1
0
0
0
0
0
-1
-1
0
0
0
0
-1
0
-1
0
-1
1
-1
0
0
0
-1
1
0
-1
0
-1
0
-1
0
-1
1
-1
0
-1
0
-1
0
-1
1
-4
3
0
0
0
0
0
-2
1
-1
1
-4
0
2
-3
0
-6
11
-10
1
5
-5
0
-5
6
-4
0
-3
0
-1
-3
-2
0
-2
1
0
0
0
2
-4
3
-2
-1
0
-2
1
-1
-3
1
1
0
0
0
3
-2
0
-1
-1
0
0
-1
-1
1
1
-1
0
0
0
-1
0
0
1
-1
0
0
-1
0
-1
1
-1
0
0
-1
0
-1
-1
0
-1
0
0
-1
1
0
-1
-1
-1
0
0
0
0
0
-1
1
0
-1
0
0
1
1
-1
-2
-1
0
0
-2
0
0
0
-2
-1
0
-2
1
0
1
-1
-2
-2
1
0
-1
2
0
0
-1
0
0
0
1
-3
1
0
-1
-2
-1
1
-1
-2
1
-1
-1
0
-4
3
-3
-1
-2
-1
-2
-2
0
-1
0
-2
1
0
-2
5
-3
-3
2
0
-5
4
-4
0
0
-2
1
0
0
-3
0
2
-2
1
0
0
0
-1
0
-1
0
-1
0
0
0
0
-1
0
0
0
0
0
1
-1
0
1
0
-1
-1
-1
0
-1
0
-1
0
-1
0
1
-1
-1
-1
0
0
0
0
-1
1
-1
-1
0
-1
0
0
1
0
0
-1
0
-1
0
-1
1
0
0
0
-2
0
-2
-1
0
-1
0
-1
0
-1
-1
0
0
-1
0
-1
-1
2
-3
-1
1
0
-1
-1
0
-1
-3
2
-4
4
-1
-4
1
4
-5
2
-1
-2
0
-2
-2
0
-1
0
-2
0
1
0
-1
1
0
-2
1
-2
-2
2
0
-1
1
0
0
-1
1
-1
-1
1
-2
0
0
-1
1
0
-1
0
0
0
-1
1
1
0
0
0
0
0
0
0
0
0
0
0
0
-1
0
-1
0
-1
0
0
-1
-1
-1
-1
0
-1
-1
0
0
-1
0
0
0
0
0
0
-1
0
-1
0
0
0
0
-1
-1
0
-1
0
0
0
0
0
-1
-1
-1
0
0
-1
-1
0
0
-1
0
1
0
-1
1
-1
-1
1
-1
1
-1
0
-1
0
-1
-3
2
0
-3
0
-2
-1
2
-2
-1
-1
-2
-1
-3
0
-1
0
-1
-1
0
2
0
-1
-1
-1
-1
-1
-2
0
-1
0
1
0
-1
0
1
-1
0
0
0
-1
0
-1
0
0
0
0
0
0
0
-1
0
0
0
-1
-1
0
-1
-1
-1
-1
0
0
-1
0
0
0
0
-1
0
-1
0
-1
0
0
-1
-1
0
0
0
0
1
-1
0
0
0
-1
0
0
-1
-1
0
-1
-1
0
-1
-1
-1
0
0
-1
0
-1
-1
-2
0
0
0
0
-1
0
0
-1
0
-1
1
0
-1
-1
-1
-1
0
-1
-1
0
-2
0
-1
-3
1
-1
-1
-1
0
0
0
-2
0
0
-2
-1
-2
0
-2
0
-1
-1
-1
0
0
-1
0
-1
0
0
-1
-1
-1
-1
-2
0
-1
-1
-2
-1
-1
0
0
0
0
1
-1
0
-1
0
-1
0
0
0
0
0
0
0
1
1
0
0
0
0
0
0
0
0
0
-1
0
0
-1
0
0
-1
0
0
-1
0
0
0
0
0
1
-1
-1
-1
-1
-1
0
0
0
0
-1
0
-1
0
-1
-1
0
-1
0
0
-2
0
-1
-1
0
0
-1
0
0
-1
0
0
-1
-1
0
0
-1
0
0
0
0
0
-1
0
-2
1
-1
-1
-1
-1
0
0
-2
0
-1
-1
-1
-1
-1
-1
-2
0
-3
0
-2
0
1
-1
0
-1
-1
-1
0
0
1
-1
-1
0
0
-1
0
0
-1
-1
0
0
0
0
0
0
-1
0
0
0
-1
0
-1
-1
0
-1
-1
-1
-1
0
0
1
0
0
-1
0
0
-1
0
0
-1
-1
0
-1
-1
0
0
-1
-1
-1
0
0
-1
0
0
0
0
-1
-1
-1
0
-1
0
0
0
-1
0
-1
0
0
0
-1
0
-1
-1
0
0
0
-1
-1
-1
0
-1
0
0
-1
0
-1
0
0
0
-1
-1
0
0
-1
-1
0
-1
-1
0
-1
-3
-1
-1
-1
-1
-1
-2
0
0
-2
0
-1
-2
0
-1
0
-2
0
0
1
-1
0
-1
0
0
-1
-1
-1
-1
0
0
1
0
0
-1
-1
0
0
0
-1
-1
0
0
-1
-1
0
0
0
0
0
0
0
-1
-1
-1
-1
0
0
1
1
0
0
0
0
-1
0
0
-1
0
-1
0
-1
0
-1
-1
0
-1
0
0
0
0
0
-1
0
-1
0
0
0
-1
-1
0
0
-1
0
0
-1
-1
0
-1
0
0
0
0
-1
0
0
0
0
0
0
0
0
-1
0
0
0
0
-1
-1
1
0
0
0
-1
-1
0
0
0
-2
0
-1
-1
0
-1
0
-1
0
-1
-1
0
-1
0
-2
-1
-2
0
0
0
0
0
0
-1
0
0
-1
0
-1
0
0
0
-1
-1
0
0
0
0
0
-1
0
-1
-1
-1
-1
0
0
0
0
1
0
0
-1
0
-1
0
0
0
0
0
1
-1
0
-1
-1
0
-1
0
-1
0
-1
-1
0
-1
-1
-1
-1
0
0
-1
-1
0
0
0
0
-1
0
-1
0
0
0
0
-1
0
-1
0
0
0
0
-1
0
-1
0
-1
-1
0
0
0
0
0
-1
-1
-1
0
-2
-1
0
0
0
-1
0
0
-2
-1
0
-1
-1
-2
0
0
-1
-1
0
-1
-1
-1
-1
-1
-1
-1
-1
0
-1
0
-1
0
-1
0
0
0
0
0
0
0
0
0
-1
0
0
-1
0
0
1
0
0
0
0
0
0
0
0
0
0
0
0
0
0
0
0
-1
-1
0
-2
0
0
0
0
0
0
0
0
0
0
0
-1
0
0
0
-1
-1
0
0
0
0
-1
0
0
0
-1
0
0
0
0
0
0
0
0
0
0
0
-1
0
0
0
-1
0
-1
-1
0
-1
0
0
-1
0
0
0
0
0
-1
0
0
0
0
0
0
0
-1
-1
0
0
0
0
1
0
0
0
-1
0
-1
0
0
0
-1
0
-1
0
0
0
-1
0
-2
0
0
0
1
0
0
-1
0
0
0
0
-1
0
-1
0
0
0
0
0
0
0
0
0
1
1
0
0
0
0
0
0
-2
-1
0
-1
-1
-1
-1
0
-1
-1
0
0
-1
0
0
-1
0
0
0
0
0
-1
0
0
0
-1
-1
-1
0
0
-1
0
0
0
0
0
1
-1
0
0
0
0
0
0
0
0
0
0
-1
0
0
0
-1
1
0
-1
1
0
0
1
-1
0
1
0
-1
0
-1
-1
0
-1
-1
0
-1
-1
-1
0
-1
0
-1
-1
-1
0
0
0
-1
-1
0
0
0
-1
-1
-1
-2
0
-1
0
0
0
0
0
-1
-1
-1
-1
-1
-1
0
0
-1
-1
-1
1
1
0
0
0
0
0
0
0
0
0
0
0
0
0
0
0
0
-1
0
0
0
0
-1
-1
-1
-1
0
0
-1
-1
-1
0
0
-1
-1
-1
-1
-1
-1
-1
-1
-1
-1
-1
-1
-1
-1
0
0
0
0
0
-1
-1
-1
-1
-1
-1
0
0
-1
-1
-1
0
0
0
0
0
-1
-1
0
0
0
0
0
0
0
0
0
0
0
0
0
0
-1
-1
-1
0
0
0
0
0
-1
-1
-1
-1
-1
-1
-1
-1
-2
-2
-1
-1
-1
-1
-1
-1
-1
-1
-1
