0
-2
0
0
0
-2
4
-4
-1
2
-4
6
-21
41
-21
-10
9
-6
0
7
-7
-1
2
3
-11
11
-5
27
-43
23
-3
-3
2
4
-3
-10
8
-2
0
0
3
-7
4
-4
0
1
-2
-1
6
-8
0
0
1
1
1
-1
1
0
-1
0
1
-1
-1
0
0
0
-1
0
-1
1
-1
1
-2
2
0
-1
-1
0
-2
8
-6
1
0
-1
0
3
-6
6
-4
0
-1
0
-10
9
2
-5
-3
3
2
-22
42
-26
5
-11
10
-3
-3
0
7
-8
0
4
-9
9
20
-43
18
-5
2
-1
-1
3
-6
0
-1
-3
-2
-3
0
-2
1
-2
2
-2
1
-1
2
-2
2
0
-15
16
0
-4
-2
-1
16
-39
32
-9
1
2
-1
10
-41
46
-11
-10
11
-6
-2
5
-3
3
-7
2
6
0
-12
16
-22
15
-1
2
-2
0
-6
9
-4
-1
-2
1
-1
-1
0
-1
-1
0
0
1
-1
0
0
1
0
-1
-1
0
0
0
-2
0
-1
-2
1
-1
4
-10
5
-1
0
-3
1
-15
22
-17
11
-2
-7
-4
7
-4
2
-5
2
6
-10
9
11
-48
43
-12
0
-2
0
8
-31
39
-16
-1
1
3
-1
-17
15
-3
-3
0
-3
1
-1
1
-4
0
-2
-2
0
-1
1
-2
1
-1
-2
9
-10
6
-5
-3
-7
35
-37
13
-1
-1
14
-22
12
0
-9
7
2
-10
25
-46
55
-42
13
-1
0
2
1
-18
17
4
-17
5
10
-11
17
-20
4
6
-16
23
-14
1
-1
3
-3
0
0
-2
-1
0
-1
0
0
0
1
0
0
-1
0
0
0
0
-1
0
0
0
-1
0
2
-3
0
-1
13
-23
16
-8
-5
18
-17
10
-10
-5
17
-6
-17
17
-1
-3
0
1
-14
42
-56
45
-26
10
-3
-8
9
0
-12
23
-14
1
0
-13
35
-36
6
1
4
-7
9
-8
0
-1
-3
1
-2
-4
0
-1
2
1
-1
3
-7
3
-4
7
-2
-4
-17
43
-59
46
-14
-3
-2
27
-48
29
5
-8
-1
11
-12
-29
50
-21
-2
5
-3
0
8
-4
-5
-3
4
2
3
-10
9
-7
8
3
-8
1
6
-10
2
5
-4
6
-5
1
-1
0
0
-1
0
0
0
0
0
0
0
1
-1
-1
-1
0
0
-2
6
-7
3
-5
-3
9
-6
-2
6
-3
-10
8
-9
10
-4
-3
-4
3
3
3
-9
0
3
-5
1
19
-51
28
10
-11
1
8
-5
-30
48
-27
0
3
14
-48
57
-44
15
2
0
-10
4
-5
7
-3
-1
-3
-3
-2
0
-2
3
-5
-2
11
-5
-13
14
-11
7
28
-78
55
0
3
-45
37
5
-22
13
5
-21
11
-3
2
31
-31
-10
16
5
-1
-16
13
-20
45
-65
63
-34
4
-7
24
-31
18
-7
2
0
-4
5
6
-7
2
-12
11
1
-2
-2
-3
2
-1
0
0
-1
-1
0
0
0
0
0
0
-2
1
1
2
-3
-11
11
-3
7
-6
-5
5
0
-3
7
-19
31
-25
6
-6
33
-65
64
-46
20
-13
15
1
-5
-17
9
31
-31
-2
3
-12
22
-6
-14
21
-7
-37
45
-4
-2
-56
76
-29
-8
8
-14
12
4
-12
0
1
-3
-2
0
-2
0
-1
-3
7
0
-8
2
10
-8
12
-9
-37
27
9
-8
4
-3
3
-1
4
-2
-1
3
-3
-15
14
-8
15
-7
1
3
-9
22
-35
16
0
-10
20
-3
-21
26
-22
11
-3
1
0
-12
20
-14
6
-2
-1
-2
0
1
-1
0
0
0
-1
-1
-1
0
0
-1
0
-1
-1
-1
1
-2
0
2
0
1
-7
13
-20
11
-2
-1
2
-12
22
-28
19
2
-22
8
-1
-17
34
-23
9
-3
-1
8
-14
6
-16
15
3
-3
1
1
-4
1
-2
2
-3
7
-10
-29
35
7
-13
7
-12
-2
9
-1
-8
1
-1
-1
-3
0
0
-2
2
-6
15
-7
-12
8
3
2
-14
0
6
5
-10
-5
14
-15
19
-20
22
-18
-4
16
-6
1
-5
5
1
-4
6
-2
5
1
-20
23
-11
3
3
-13
5
15
-6
-16
11
-3
6
-16
17
-8
-7
8
-6
2
-1
2
-1
1
-1
1
-1
0
-2
0
0
-2
0
-1
2
-1
2
-3
1
-3
5
-10
7
7
-17
15
-7
2
-11
15
5
-17
-6
13
-3
-4
9
-24
19
-2
-4
2
-5
3
0
-5
6
-1
5
-17
4
17
-23
20
-20
15
-16
4
9
-6
-9
-1
12
-2
-4
-9
9
7
-16
4
-4
2
-5
0
0
-28
50
-2
-82
110
-106
102
-93
97
-175
206
-60
-61
67
-79
61
-32
31
-32
22
-15
8
11
-11
5
-13
1
9
-9
10
0
8
-28
34
-40
22
-10
26
17
-101
102
-25
-20
8
-6
14
-18
19
-23
18
-8
-2
2
2
0
-1
0
0
1
-2
0
-2
0
0
-1
1
-2
1
-1
2
-1
-1
-2
1
7
-18
21
-19
17
-15
5
-9
19
24
-103
100
-18
-28
10
-22
39
-34
27
-8
0
-10
10
-11
-2
13
-5
10
-11
-8
14
-20
31
-32
31
-61
78
-68
60
56
-208
174
-98
91
-103
105
-110
80
1
-53
25
-4
0
18
-60
76
-134
235
-194
76
-13
-45
94
-245
360
-173
8
-43
101
-120
55
-19
33
-28
18
9
-68
89
-40
6
-7
8
-2
-3
-12
14
-11
29
-19
-13
28
-25
-7
50
-81
87
-55
16
-9
1
18
-26
16
-8
8
-3
0
-1
-2
1
-4
1
0
-1
0
-1
0
0
0
0
0
-2
3
-3
0
0
-1
5
-8
7
-18
25
-18
-2
10
-16
56
-88
80
-50
6
25
-28
13
19
-29
9
-15
12
2
0
-9
7
-6
41
-90
67
-9
-18
27
-33
19
-56
120
-101
42
-10
171
-361
244
-95
42
12
-77
193
-236
132
-78
60
-23
0
13
-56
105
-264
322
-142
59
-78
72
-94
145
-206
130
2
-13
6
-46
89
-87
39
-6
-8
26
-73
109
-73
25
-3
-23
26
-7
-3
10
-13
17
-26
33
-24
-23
106
-168
150
-100
77
-48
11
8
-6
-4
0
6
-9
4
-1
0
0
-1
1
0
1
0
0
-1
0
-1
0
-1
-1
-1
-1
0
0
-1
0
-5
9
-7
0
3
6
-9
-11
46
-78
99
-150
168
-107
25
24
-34
24
-18
12
-9
2
9
-27
22
3
-26
72
-110
72
-25
7
5
-40
85
-89
45
-6
11
-4
-131
204
-146
92
-75
77
-58
142
-323
262
-107
55
-18
0
6
-53
122
-243
217
-29
-24
-8
2
-42
64
116
-273
177
-73
41
-38
18
26
-36
15
7
-59
174
-149
-43
81
-24
58
-69
19
0
-2
19
-46
43
-28
21
-37
34
35
-82
44
0
-5
-9
14
-10
2
0
-4
14
-22
16
-8
2
-1
-1
2
0
0
-1
1
0
-1
0
0
-1
-1
0
-1
-4
8
-17
21
-14
3
0
-3
10
-15
8
4
0
-45
80
-36
-35
36
-22
25
-45
44
-20
2
0
-20
68
-58
24
-81
42
149
-175
59
-7
-15
35
-28
-18
37
-41
73
-179
272
-118
-65
40
-3
7
23
28
-219
241
-125
52
-12
0
-14
-12
39
57
-224
225
-131
91
-63
61
2
-235
326
-220
140
-92
34
31
-47
25
-16
10
-39
88
33
-211
148
-60
20
38
-14
-24
30
-78
125
-93
58
-53
67
-170
265
-220
93
-6
-1
-22
30
-36
27
-16
7
-5
6
-7
2
1
-4
0
-1
-1
0
0
-1
0
-2
-1
-1
0
0
-2
2
-1
-3
5
-7
5
-8
16
-30
36
-31
21
1
4
-94
219
-265
169
-67
52
-58
91
-127
77
-31
24
13
-38
-21
59
-149
211
-33
-89
39
-12
15
-26
47
-32
-36
92
-142
218
-327
233
-2
-64
61
-91
130
-226
222
-58
-41
9
9
0
-34
45
-110
365
-363
11
103
-76
85
-86
36
144
-156
-46
138
-161
183
-103
-13
38
-14
16
-44
32
87
-132
26
37
-46
48
-19
-10
33
-42
42
-67
73
-8
-133
361
-383
24
205
-128
17
9
3
-2
5
-6
-3
-1
6
-8
7
-4
2
-1
0
0
0
1
0
0
1
-1
1
-1
1
-1
-3
3
-7
9
-7
-1
2
6
-5
2
-3
-10
-18
127
-206
-25
381
-361
132
8
-74
66
-43
42
-33
9
19
-48
45
-38
-26
132
-89
-34
45
-16
14
-39
12
102
-183
161
-140
45
154
-145
-38
85
-88
75
-103
-12
362
-366
107
-47
30
0
-49
91
-106
82
-28
-24
8
59
-81
2
38
128
-246
114
54
-150
156
-31
-77
54
-3
-9
42
-73
-47
96
26
-48
24
-11
-7
4
14
-51
66
-32
-25
44
67
-260
230
-41
-11
-20
18
4
-21
13
-4
0
-3
1
0
0
-1
1
0
-2
0
-1
-1
-1
0
0
-1
-1
0
-1
-1
1
0
-2
1
0
0
-2
2
-1
2
-13
20
-5
-20
19
11
39
-230
259
-68
-45
25
31
-68
49
-14
-5
6
11
-25
48
-26
-95
46
73
-42
8
3
-55
77
30
-157
150
-56
-115
244
-129
-39
-5
81
-59
-9
24
29
-84
103
-92
43
0
-40
68
42
-331
242
117
-96
-58
61
51
-90
-13
-65
124
23
-107
13
83
-24
-48
27
7
-48
26
91
-50
-30
-26
46
-1
-16
-21
48
-2
-110
147
-41
-113
122
20
-78
64
-22
-56
73
-46
12
7
-3
-7
-3
15
-10
-2
2
5
-4
0
2
0
-1
0
0
0
-1
-1
0
1
-2
0
3
-5
-2
3
9
-15
3
6
2
-7
-12
45
-73
56
22
-64
76
-21
-122
111
39
-148
109
0
-48
21
16
0
-46
25
28
49
-90
-27
48
-8
-27
48
25
-82
-14
107
-23
-126
63
10
87
-54
-62
57
93
-116
-242
329
-44
-70
34
0
-19
-5
38
51
31
-244
143
39
-31
-2
-35
-23
46
42
6
-66
-62
96
29
-27
-27
9
25
6
-75
47
-40
44
7
-1
-33
32
-19
37
-57
22
-3
13
95
-142
-41
92
-31
40
-23
22
-30
5
13
-5
-8
2
9
-8
-2
0
-1
2
-2
0
0
1
-1
0
0
-1
1
0
0
-1
0
-2
0
8
-11
-2
6
4
-13
-6
29
-23
23
-41
31
-93
39
141
-96
-14
3
-23
56
-37
18
-33
32
-1
-6
-44
39
-47
75
-6
-24
-10
28
27
-30
-97
60
65
-7
-43
-46
22
34
-1
31
-40
-143
243
-32
-52
-41
6
15
0
12
-58
-14
260
-371
260
-104
-4
-34
-27
135
-24
-29
17
12
-31
-62
3
63
-2
11
-11
-25
31
-11
-69
86
-19
-6
5
-12
12
-22
30
-24
55
-2
-74
27
-41
83
-88
67
-21
18
-17
-2
11
-10
2
6
-1
-4
-7
9
1
0
-2
0
0
0
0
-1
0
-1
0
0
0
-1
1
1
-2
-10
8
3
1
-8
-2
9
-11
2
15
-18
21
-67
86
-85
40
-28
74
3
-56
24
-31
23
-13
12
-6
6
19
-85
67
10
-32
24
9
-11
1
-63
-4
62
31
-14
-19
26
22
-136
25
34
2
103
-260
369
-261
11
56
-16
0
31
-51
34
-203
234
-67
49
-41
38
-79
69
19
-26
-14
40
-51
-2
27
-50
3
14
2
16
-62
192
-92
-52
9
-11
10
-15
33
-57
66
-51
0
14
-8
57
-15
72
-82
9
-77
66
-29
23
-1
-11
6
-12
24
-20
9
-6
3
-2
0
-2
0
-1
0
-1
0
-1
0
0
0
1
-1
-1
-4
5
-10
19
-25
12
-6
11
0
-22
29
-67
77
-9
81
-73
14
-57
8
-15
0
50
-66
56
-34
16
-10
10
-10
51
92
-193
62
-16
-1
-14
-2
48
-27
2
50
-42
14
25
-20
-71
76
-41
40
-49
66
-235
201
-37
49
-36
0
28
-26
31
-137
316
-232
-2
45
-17
60
-214
159
10
-11
17
-6
-16
48
-79
37
-5
16
8
25
-215
141
56
-5
-18
0
-14
31
-42
44
-1
-73
95
-53
43
-33
-153
226
-75
4
2
-16
13
-5
-6
4
5
2
-12
8
-6
3
-2
2
-2
0
-1
1
0
0
-1
0
-1
0
0
-2
1
-4
5
-9
12
-2
-5
-5
6
5
-14
15
-3
-4
74
-226
150
33
-44
53
-95
72
0
-45
43
-31
14
0
18
5
-56
-139
215
-25
-9
-16
5
-37
78
-49
17
6
-18
10
-12
-159
213
-62
14
-46
1
229
-317
137
-35
25
-31
0
11
9
-36
250
-504
297
2
-14
-20
132
-227
45
63
5
-10
-8
51
-158
136
-14
-8
-1
19
104
-158
-95
117
48
-31
11
-29
15
11
-19
13
-8
-8
24
18
-29
-94
50
52
28
-49
-4
25
-19
3
2
-4
-3
5
-6
4
-2
-1
2
-1
0
0
-1
-1
0
0
0
0
0
1
-2
1
1
-5
6
-6
1
3
-3
-4
18
-26
4
47
-29
-54
-51
94
29
-17
-25
8
7
-14
18
-13
-16
29
-11
31
-48
-117
94
157
-105
-18
0
9
14
-137
158
-52
7
8
-6
-64
-46
225
-134
18
13
-2
-298
502
-251
33
-11
-15
0
-5
21
-40
-188
462
-252
12
-11
6
152
-307
106
13
29
7
-16
-16
173
-164
0
5
0
6
168
-263
3
134
-12
-21
-20
52
-30
-11
-11
20
24
-14
-65
5
9
163
-55
-115
29
30
-20
2
3
4
0
-6
3
1
-3
3
0
-3
0
-1
0
0
0
0
0
-1
0
-1
-1
0
-1
3
-2
-3
3
0
-3
5
-1
-3
-4
-4
20
-31
-30
113
55
-163
-9
-6
64
13
-25
-21
10
10
30
-53
20
20
12
-134
-2
264
-169
-7
0
-5
-1
163
-173
15
15
-9
-30
-15
-107
306
-152
-7
10
-13
251
-462
186
37
-22
1
0
-15
4
41
137
-358
177
-13
25
24
205
-441
179
42
23
-7
8
-23
-186
234
-42
-16
-5
1
154
-408
313
30
-127
31
17
-33
-4
42
45
-38
-63
-15
38
26
87
-69
-147
130
-28
33
1
-21
14
-14
-5
7
2
-4
-3
3
-1
0
-1
1
0
-2
0
0
0
-1
0
0
-1
-3
1
-1
0
-4
2
4
-3
-9
5
12
-15
21
-2
-33
28
-132
148
69
-89
-25
-40
13
62
38
-45
-43
3
33
-17
-31
127
-30
-315
407
-155
0
5
16
42
-235
185
23
-9
5
-25
-43
-180
437
-207
-25
-25
12
-177
356
-138
-44
-6
11
0
-1
20
0
-186
436
-280
-22
-29
52
229
-435
272
2
-70
-43
67
58
-106
6
48
-9
-1
45
-240
437
-357
63
77
-24
-2
-12
-13
27
6
6
-16
-47
-1
-10
185
-113
-54
31
-9
9
2
1
0
2
-6
3
-2
1
0
-1
-3
2
0
-1
0
-1
-1
0
0
-1
0
-1
-1
0
-2
-1
2
1
-1
-2
1
-4
5
-2
0
-1
-3
-11
9
-32
52
112
-185
8
1
48
16
-7
-7
-27
12
12
1
24
-76
-62
358
-439
239
-45
1
9
-49
-7
105
-59
-67
41
70
-2
-273
434
-231
-53
28
21
279
-438
184
-3
-22
-4
0
27
-1
-91
244
-510
407
7
-148
18
147
-204
179
-129
34
89
-143
-17
271
-290
124
-10
-16
-6
17
-64
179
-214
95
13
-22
2
4
1
-5
5
-54
136
-92
-91
207
-200
220
-204
70
45
-80
42
24
-50
23
-3
2
-5
4
-2
1
-2
-1
1
-1
0
0
-1
0
-1
0
0
0
-1
1
1
-2
2
-4
6
-2
2
-24
50
-25
-44
79
-46
-71
201
-220
199
-207
91
91
-135
53
-6
4
-3
-4
-3
22
-13
-96
213
-180
66
-18
7
16
11
-126
290
-272
16
142
-91
-35
127
-180
202
-148
-20
148
-8
-408
509
-245
87
-1
-30
0
24
-78
113
-204
390
-350
133
-56
103
-233
236
-99
-8
76
-105
115
-126
117
-79
37
-10
-3
4
-48
122
1
-178
121
-17
-17
33
-26
23
-13
36
-83
-8
95
-62
33
-59
102
-85
10
0
-15
64
-34
-2
9
-6
-7
8
-3
-2
-1
-1
1
0
1
0
0
-1
0
0
-1
0
-1
0
-1
1
0
-1
3
-8
7
4
-10
1
34
-65
14
0
-11
84
-102
59
-34
62
-97
7
82
-35
13
-26
26
-34
17
17
-122
177
-2
-124
47
-4
3
9
-37
79
-118
125
-115
104
-77
7
97
-237
232
-104
56
-133
348
-392
202
-116
76
-27
0
-7
-4
-88
127
-52
64
-10
-106
139
-111
48
-30
17
15
-27
34
-45
21
13
-15
5
-4
0
14
29
-58
-7
32
-5
4
-13
3
25
-124
212
-128
60
-86
22
50
-105
114
-57
-33
103
-41
-23
-5
6
-4
11
-3
-1
0
1
-3
0
0
-1
-1
-1
-1
-1
0
0
0
1
0
-1
-2
0
2
-1
-1
0
3
-12
5
-7
5
21
40
-104
32
56
-116
104
-51
-24
85
-58
128
-212
123
-26
-4
13
-3
3
-33
7
58
-29
-15
-2
4
-5
14
-16
-22
45
-34
26
-16
-17
29
-49
109
-141
105
10
-64
52
-129
85
3
2
0
-9
-17
48
-61
39
-16
12
-10
15
-2
-16
2
2
-2
5
-7
1
0
-1
1
0
1
0
-10
19
-11
-3
-5
9
-1
-2
0
2
-2
1
-1
-6
3
-3
-1
15
-11
-7
-1
17
-15
2
3
-9
9
-2
-1
-1
0
2
-1
0
0
-1
1
0
0
-2
0
-2
0
-1
-1
-2
0
-1
1
-1
0
0
0
2
-10
7
-4
-3
15
-19
0
7
13
-17
-1
2
-5
7
0
-1
1
-3
-1
2
0
-9
6
2
12
-21
10
-1
-2
-1
0
1
-1
-2
6
-7
-1
-3
-3
14
0
-18
9
-12
14
-42
60
-50
16
4
0
-2
1
-16
41
-55
36
-8
-8
12
-6
-7
4
-1
2
-3
-3
5
0
-1
-2
-1
0
0
4
-15
7
7
-6
-1
2
-1
-2
-3
4
-3
1
-2
1
1
0
-1
5
-13
4
-3
6
-5
3
-2
-2
0
-1
0
-2
0
-1
0
-1
0
-1
1
-1
0
0
0
-1
-1
0
0
0
0
0
-1
0
-1
0
-1
2
1
-4
4
-7
2
-5
12
-7
0
-2
-1
-1
3
-2
1
-5
2
1
0
-1
-1
5
-7
-8
13
-5
1
-1
1
2
0
-1
-6
2
2
-3
-1
-6
5
5
-14
7
6
-37
54
-43
13
-2
-2
0
-4
3
-2
0
7
-15
8
1
-11
7
1
0
3
-5
5
3
-6
-3
9
-3
-2
0
0
-5
7
-3
-2
-4
4
-1
-1
3
-4
5
-2
-5
11
-10
3
4
-9
4
0
0
0
0
1
-2
0
0
2
-3
0
-2
0
0
-1
-1
-1
0
-1
-1
0
0
1
0
0
-1
-1
-1
-1
-1
1
2
-1
1
-3
-1
0
2
-2
0
-2
0
-1
-5
9
-5
-4
10
-12
4
2
-5
3
-3
2
0
-3
4
0
1
-8
4
-1
-2
1
2
-9
2
6
-3
-5
5
-2
0
-3
-9
9
-2
-9
14
-8
-2
-2
-5
-1
0
-4
2
0
10
-32
30
-9
5
-11
2
6
-1
-4
2
-6
-1
6
-3
-3
1
1
0
-1
2
-8
12
-9
-1
4
-3
1
1
-2
2
-2
1
1
-4
4
-1
-4
6
-5
0
2
0
0
-1
1
-1
-2
3
-1
-3
3
-2
1
-1
1
0
0
0
0
0
0
-1
0
0
-1
1
-2
1
-3
1
0
-4
2
1
-2
0
1
0
-1
0
4
-6
2
0
-5
4
-1
-1
2
-3
2
-1
-2
3
-5
-1
9
-13
6
-2
0
0
-2
-1
2
3
-7
0
3
-4
2
-1
-8
-4
10
-5
9
-31
30
-11
-3
-3
-2
0
-2
1
-5
-3
22
-25
13
-5
2
-7
2
2
-4
3
-4
2
4
-8
6
-3
0
1
-2
0
4
-4
1
0
4
-1
0
0
1
0
-1
-2
1
-1
4
-4
1
-3
0
3
-3
-3
1
0
-2
0
2
0
-2
0
-1
0
0
0
1
0
0
-1
-2
0
-1
0
1
0
-1
-1
-1
0
0
0
1
1
-2
-1
2
-1
-2
1
2
-3
-1
1
-2
3
-3
1
-2
1
0
-1
-1
-1
1
1
-3
0
-1
4
-3
0
2
-3
-1
2
-6
7
-5
-3
2
-5
4
-3
-5
5
-5
3
-13
23
-23
3
4
-2
-4
0
-4
-3
1
3
0
-4
-1
1
0
-1
-2
-1
1
-1
-1
-1
0
1
0
0
0
1
-1
0
0
0
0
-1
0
1
1
0
-1
-1
0
1
0
-1
0
0
0
0
0
0
1
0
-1
-1
0
-1
-1
-1
0
0
0
0
0
0
0
-1
0
0
0
0
0
0
-1
0
0
0
0
0
1
-1
0
0
-1
0
0
0
-1
-1
-1
0
1
0
-2
-1
0
0
0
-1
-1
1
1
0
-1
-1
0
1
0
0
0
0
0
-1
0
-1
-1
0
0
0
0
-2
-2
0
0
-1
-2
-1
0
0
0
-4
-3
2
2
