0
0
0
-1
-2
3
-3
0
2
1
-2
-5
3
0
-3
2
1
-2
0
1
-2
-1
2
0
1
0
-4
0
3
-1
4
-2
-5
11
-9
0
4
-4
3
-5
1
1
3
-6
3
5
-4
-2
-2
0
5
-3
0
1
-2
0
-4
3
-1
1
-1
0
0
-1
0
0
0
-1
1
-2
0
-3
3
-1
2
-1
-1
2
-6
-1
2
1
3
-6
-3
6
-4
-2
-2
4
-4
3
-4
-2
9
-11
5
3
-4
1
-4
0
3
-2
-1
1
-3
1
2
0
-2
0
-1
-2
2
0
-4
2
1
-2
-3
-2
2
-5
1
-1
-2
-4
0
-3
-1
0
0
-2
1
2
-4
-2
2
0
-2
-1
-3
-1
4
-3
0
-2
5
-1
-3
4
0
-8
8
-1
-7
5
0
-2
-2
4
-7
7
-6
1
1
-2
1
2
-5
5
-4
5
-1
1
-4
-3
6
-4
2
0
-3
1
-1
0
-1
2
-3
1
-1
0
0
-1
0
-1
2
-3
1
1
0
0
3
-1
-2
3
-7
1
4
-1
1
-4
3
-7
3
-1
-2
2
-2
-3
5
-8
5
-6
1
0
1
-5
7
0
-9
7
-2
-6
3
1
-5
2
0
2
-4
-2
2
-3
-1
-2
-2
-1
3
-3
-1
0
-2
-3
-2
-1
0
-3
1
-1
1
-3
3
-1
0
-3
1
5
-5
3
-8
3
2
-8
7
-3
-2
0
1
-2
5
-4
-1
1
-3
6
-5
3
-5
4
0
-7
8
-8
9
-4
0
-6
5
-2
-3
9
-8
0
-2
3
1
-6
1
2
-4
2
0
-2
2
-2
1
-2
0
-1
0
0
0
0
-1
2
-2
1
0
-3
4
-3
-2
4
-2
-4
1
0
6
-10
3
1
-7
5
0
4
-10
8
-9
6
0
-4
4
-4
4
-7
3
-1
1
3
-5
1
-2
-1
1
3
-7
8
-3
-6
7
-4
5
-7
-1
2
-1
0
-4
2
-2
-2
-2
-2
0
-3
2
0
-1
-2
1
-2
4
-3
-3
2
-3
7
-16
4
7
-6
-1
2
-2
5
-1
-3
2
2
-6
7
-4
0
4
0
-4
-1
5
-6
2
0
0
-2
0
0
2
-8
4
-2
1
3
-3
-1
0
2
-4
1
-1
3
-3
-1
1
0
2
-1
-1
0
0
-1
1
0
-1
1
-1
1
2
-3
0
-3
3
-3
-1
0
3
-3
-1
1
-5
7
-4
-1
-1
1
0
-2
-3
5
-6
0
3
-1
-4
-1
4
-7
6
-2
-3
4
1
-5
1
-2
-1
5
-7
-7
14
-10
1
-4
0
0
-5
1
-4
1
-1
-2
-4
-1
0
-2
-3
3
-1
-2
1
-4
2
-1
4
-6
4
-1
-7
5
-1
-2
5
-7
8
-10
6
1
-6
7
-2
-4
4
0
1
-5
3
0
-3
3
0
-4
7
-6
2
-4
2
0
1
-4
5
-4
-2
6
-10
11
-6
1
0
-3
2
-3
1
-2
-1
-1
0
-2
0
-1
0
0
0
2
-2
2
-3
2
-1
-2
4
-12
10
-6
1
4
-7
3
-2
0
-4
3
-3
5
-8
3
-1
-4
2
-1
-3
5
-2
-1
-4
3
1
-6
5
-1
-8
10
-9
6
-7
2
0
-5
6
0
-6
4
-5
-1
-3
2
-2
1
-1
-4
1
-3
0
-2
-1
0
-1
0
0
4
-9
5
3
-8
-9
36
-25
-2
3
-3
2
1
-4
11
-9
1
3
0
2
-6
1
3
0
0
1
-3
2
-2
4
-3
-1
3
-1
-4
-1
6
-6
11
-13
7
-2
-4
4
0
-7
1
-1
-1
-3
2
0
-3
1
-1
1
-1
0
-1
-1
0
-1
2
-1
-3
2
1
-2
-2
6
-2
-5
3
2
-7
11
-12
6
-7
1
4
0
-4
1
2
-4
1
-3
4
-2
0
0
-3
-1
4
-3
0
-4
0
9
-10
5
-2
-3
2
-3
0
23
-37
8
6
-4
-6
8
-5
-1
-2
0
-3
0
-2
0
-3
2
-7
1
8
-9
15
-21
10
-2
-4
0
30
-56
28
-4
5
2
-10
5
-1
2
-3
4
-7
5
-1
1
-2
-1
6
-5
0
-8
20
-15
-2
2
10
-1
-11
6
-1
-1
-4
7
-3
-2
-6
10
-8
5
1
-3
1
-4
3
-1
0
-1
-1
0
0
0
-1
0
0
1
-1
-1
-4
3
-1
3
-1
-5
7
-10
4
2
2
-8
4
0
0
-7
10
0
-10
-2
2
14
-21
6
0
5
-7
0
2
-1
1
-5
6
-5
4
-1
1
-6
9
-3
-6
4
-28
56
-34
-3
3
2
-12
19
-16
8
-8
-2
4
-4
-2
0
3
-3
0
-4
7
-1
-3
3
-17
28
-24
-5
36
-45
16
3
5
-8
1
2
2
-3
-2
-1
4
2
-7
11
-7
1
-2
0
0
3
-2
-5
7
-13
8
-3
2
3
-2
-1
-5
5
-6
7
-4
4
-10
2
2
9
-14
7
-2
-1
0
0
-1
0
0
0
-1
-1
0
0
-1
1
2
-8
12
-9
-1
-2
7
-4
4
-7
5
-6
4
0
1
-3
-3
1
-8
13
-9
3
2
-4
0
0
1
0
7
-12
8
-3
-4
0
2
3
-4
-3
-1
8
-5
-3
-19
45
-38
4
23
-29
14
-4
1
0
-7
2
-2
1
-6
0
8
6
-8
0
-7
6
0
6
-9
-5
11
-25
61
-72
14
36
-57
44
-8
-13
5
4
5
-11
10
-6
2
-4
3
-1
3
-4
-1
6
-13
9
2
-8
8
-7
8
-5
5
-2
-1
-2
4
-4
0
-1
1
2
-7
1
4
-3
3
-1
-1
1
0
-1
1
0
1
0
-1
-1
1
1
-4
3
-4
-1
4
-2
-2
0
-1
4
-6
1
1
1
-6
5
-7
6
-8
8
-3
-9
12
-6
-1
3
-5
1
-4
4
-3
4
-9
11
-5
-4
-5
12
6
-45
56
-36
-15
70
-62
24
-13
3
7
-7
-1
-7
5
-1
5
-7
-12
0
56
-69
49
-67
213
-356
360
-292
229
-234
312
-335
69
301
-392
335
-280
224
-222
183
-81
19
-1
-12
26
-61
132
-156
85
-13
-9
13
-13
15
-17
13
-8
3
1
-1
-4
-1
0
4
-6
1
7
-12
11
-21
26
-14
2
-2
6
-7
0
2
-1
1
0
-1
1
0
-1
0
0
-2
1
-2
0
7
-7
1
-2
14
-27
21
-11
12
-8
0
4
-6
0
-1
2
1
-1
-4
7
-14
18
-17
12
-13
8
13
-85
156
-132
61
-28
11
1
-19
81
-184
221
-225
280
-335
390
-302
-70
334
-312
233
-230
292
-360
356
-215
64
-52
69
-60
0
28
-79
145
-177
-107
475
-459
155
162
-404
605
-276
-606
870
-350
-185
449
-408
130
207
-309
170
-3
-143
230
-160
-87
213
-57
-85
78
-42
5
18
-25
22
-10
-3
10
-7
-1
-1
0
6
-11
14
-14
9
4
-19
2
20
-13
-2
4
-3
0
1
-2
0
-1
0
0
0
-1
-1
-1
-1
2
-2
0
2
-6
2
12
-21
-1
17
-5
-10
13
-14
10
-7
0
0
0
6
-10
2
8
-23
22
-18
-7
41
-78
85
57
-214
86
160
-230
142
3
-171
309
-207
-131
407
-451
184
349
-871
605
274
-605
402
-162
-155
460
-474
106
175
-148
77
-33
0
-81
114
-116
-127
175
315
-202
-268
4
240
243
-146
-420
-80
286
248
-73
-253
-64
116
194
-23
-178
-101
105
167
56
-135
-106
23
65
29
-32
-32
13
27
-10
-4
-9
7
3
-3
0
1
2
-11
3
1
15
-2
-27
10
7
-3
-2
3
0
-2
0
-2
-2
1
-1
0
-1
-1
1
1
-1
1
-1
-3
2
2
-8
-11
28
1
-17
-1
-5
9
-3
-1
-2
1
-3
-8
7
3
9
-28
-15
31
33
-30
-66
-25
107
135
-56
-168
-104
101
179
23
-195
-117
64
252
72
-248
-287
79
419
144
-244
-240
-6
267
201
-318
-175
125
113
-114
75
0
-27
-25
9
-79
5
169
-74
-1
-10
-10
147
-139
-151
127
39
-56
-7
101
-17
-39
-7
-13
43
-60
26
45
-70
58
-55
44
-6
-24
33
-26
11
-1
-5
1
6
-9
8
-2
1
-1
-7
5
0
3
-2
-3
0
2
-2
-2
2
-2
0
0
-2
-1
-1
0
-1
0
-1
-1
0
0
0
1
-1
2
-3
2
0
-3
0
2
2
-3
0
-6
5
1
0
1
-9
9
-6
-2
4
0
-11
25
-35
24
6
-45
56
-58
69
-45
-28
60
-43
12
4
39
16
-102
7
56
-40
-128
149
137
-148
10
8
1
75
-171
-7
77
-12
24
22
0
30
-26
-7
-114
170
123
-153
-27
-7
-54
-132
528
-284
-11
-59
164
-187
17
231
-250
70
-64
45
50
182
-305
93
-48
6
48
-40
23
9
-6
0
-5
3
0
5
-7
4
-2
-1
1
-5
10
-5
-7
8
-11
7
9
-2
-8
3
-3
2
-1
0
0
1
-1
-1
0
1
0
-1
-1
0
0
-3
2
-3
8
1
-11
-7
11
-8
7
4
-11
5
-1
-1
1
-5
6
-6
-1
-5
4
0
4
-10
-23
40
-49
-6
47
-94
304
-183
-50
-44
62
-71
250
-231
-17
187
-164
56
10
282
-529
131
52
6
27
153
-125
-170
113
3
25
-33
0
4
2
-37
-58
691
-1070
410
156
-5
72
-374
-35
838
-697
-52
-76
485
13
-618
345
112
-5
-51
-353
502
-132
-109
-28
140
-35
-37
-10
7
18
9
-13
-6
-5
13
5
-7
-3
-8
10
4
4
-17
2
13
12
-36
3
29
-15
-8
5
5
-2
-8
2
5
-2
-7
0
6
1
-6
-2
6
0
-5
-6
8
14
-29
-2
33
-12
-14
-3
16
-5
-5
-10
7
2
7
-7
-13
4
4
12
-9
-19
-8
9
38
35
-140
28
107
134
-503
353
50
4
-113
-346
618
-13
-487
75
51
695
-839
33
372
-75
4
-156
-410
1069
-691
57
34
-3
-6
0
32
31
-106
-48
267
-126
16
-235
368
-316
144
-410
1051
-873
33
601
-828
771
-832
801
-461
113
218
-563
628
-337
202
-277
212
-104
54
-24
7
-1
-6
4
22
-51
71
-74
47
-15
-12
33
-49
55
-63
64
-43
9
24
-54
58
-46
43
-47
42
-31
22
-15
10
-5
2
0
-2
5
-10
14
-22
31
-41
46
-45
46
-59
53
-26
-8
41
-64
63
-55
48
-33
11
14
-46
72
-71
50
-22
-5
7
-1
-7
24
-54
103
-214
277
-202
338
-629
563
-219
-114
459
-802
833
-772
828
-601
-35
872
-1052
408
-146
313
-370
234
-17
124
-270
46
104
-33
-36
0
8
-32
49
119
-567
292
462
-463
137
288
-861
14
1339
-781
-244
532
-317
-346
485
88
-430
320
-48
-396
332
257
-276
-111
147
24
-61
-2
17
52
-88
20
69
-84
-8
108
-90
-37
119
-67
-56
102
-19
-85
102
-9
-104
94
28
-97
37
49
-61
10
32
-32
5
16
-16
0
17
-16
-6
32
-33
-11
62
-49
-38
96
-26
-95
101
9
-102
85
18
-102
57
66
-121
39
89
-109
7
84
-70
-21
88
-52
-18
1
60
-24
-149
110
278
-259
-333
396
47
-321
430
-88
-485
345
316
-532
242
778
-1341
-14
858
-289
-139
462
-463
-293
563
-120
-51
31
-12
0
-91
4
16
-19
144
149
-240
83
-43
-69
36
-126
440
-397
-24
87
23
-164
38
100
19
-10
14
-9
-4
40
71
-37
-67
7
-1
-4
-17
8
16
-18
15
5
-5
13
-3
0
4
-8
-6
6
-5
-13
3
-3
0
-9
1
6
-1
0
9
-2
2
0
0
-1
-1
0
0
0
1
-1
-3
1
-10
-2
1
-6
-2
9
0
3
-3
12
5
-7
6
6
-4
0
1
-15
4
-6
-17
18
-16
-9
18
4
1
-8
67
37
-72
-41
4
8
-16
10
-18
-100
-39
163
-23
-88
23
395
-440
125
-37
66
42
-84
240
-150
-146
17
-19
-4
86
0
28
-20
12
78
-544
643
-184
-24
44
-13
305
-278
-327
131
132
-12
175
-31
-268
255
-171
53
-48
-6
-39
229
-112
-38
90
-73
26
-28
22
-25
26
-15
-5
10
-5
-3
6
-4
1
6
-12
10
-8
2
-1
-2
1
8
-10
2
-1
3
-4
0
2
-2
-1
-2
0
0
0
0
-1
1
-2
-2
3
-4
0
-3
9
-9
-1
2
-2
-2
8
-12
11
-7
-2
4
-7
2
5
-11
4
14
-27
24
-23
27
-26
72
-91
37
113
-230
39
5
49
-52
170
-256
270
30
-175
12
-133
-133
326
277
-306
13
-46
22
183
-643
542
-80
-15
19
-33
0
12
-8
-16
-8
385
-665
292
156
-54
-13
-535
896
-362
-349
168
158
234
-474
133
128
-15
-71
-38
16
138
-38
-301
389
-127
-54
2
34
9
-11
-21
2
13
5
-16
10
1
-10
3
-1
-1
-4
4
0
3
-2
-1
1
-6
4
-3
5
-5
3
-2
0
-1
0
-1
0
0
-1
0
-1
1
-3
4
-6
3
-4
6
-2
1
1
-4
-1
-4
2
1
0
-6
9
-2
-11
16
-7
-14
-2
19
9
-10
-34
-2
54
126
-390
301
38
-139
-17
37
70
16
-128
-133
473
-235
-159
-170
347
359
-897
532
10
52
-157
-292
665
-385
7
13
7
-17
0
55
-77
59
-148
508
-743
555
-354
315
-401
516
-221
-339
508
-384
333
-416
466
-300
119
-52
14
4
-9
10
-37
75
-60
15
6
-12
15
-18
14
-20
33
-38
23
-5
-8
1
9
-11
7
0
-6
4
-6
6
-4
-1
3
0
-8
5
-3
2
1
-2
0
-1
1
-1
0
1
-1
0
-1
0
-1
-2
2
-6
8
-2
-4
-1
4
-7
6
-5
5
-1
-7
11
-12
-1
6
4
-23
35
-33
19
-16
16
-15
12
-8
-16
59
-76
37
-10
9
-4
-15
51
-119
299
-467
417
-333
383
-509
339
219
-516
399
-316
353
-555
742
-510
146
-61
76
-60
0
-50
18
29
11
-17
-59
11
20
15
-16
21
64
-103
29
-20
10
2
23
-25
27
-19
3
0
0
-16
13
4
2
3
1
-12
6
0
-1
-1
-5
12
-7
4
0
-6
2
2
-2
0
-7
10
-8
3
-3
3
1
-7
7
-3
0
1
-1
0
0
1
0
0
0
-1
-1
0
0
1
1
-1
0
2
-8
7
-2
-3
3
-4
8
-10
6
0
2
-3
-3
6
-1
-4
6
-12
5
0
-1
0
-7
12
-2
-3
-2
-4
-12
16
0
0
-3
19
-27
24
-24
-1
-10
19
-29
101
-65
-23
15
-16
-21
-12
58
17
-12
-33
-19
45
0
-23
11
-1
-15
11
0
-8
19
-12
-11
2
-37
94
-71
17
2
6
1
-22
16
-5
5
-13
20
-3
-16
2
7
-2
0
-3
-1
5
-5
-3
16
-16
2
1
-1
3
0
-7
7
-7
6
-2
3
-8
3
0
1
1
-3
-1
0
1
-2
-1
0
0
0
0
0
1
0
-1
-1
0
-1
-2
-2
-1
0
1
-2
0
-4
7
-4
2
-7
5
-8
7
1
-4
0
-1
-2
14
-17
2
3
-7
1
4
-1
1
-8
-3
15
2
-22
13
-4
6
-16
20
-3
-8
-3
-19
70
-94
37
-3
8
10
-20
6
-1
-12
12
-2
-12
17
0
7
1
-9
15
-20
8
-4
3
3
0
13
-29
22
-20
12
-15
18
-8
5
-4
-7
2
12
-14
5
-8
13
-8
-5
9
-2
-2
-2
6
-6
4
0
-1
-2
4
-7
7
-5
0
2
-3
1
-3
1
-4
5
-4
3
0
-3
3
-2
0
-3
2
-1
-1
1
0
0
0
-1
-2
2
-2
1
-4
3
1
-3
5
-5
3
-2
3
-3
2
-3
-1
4
-8
7
-5
1
-1
1
-4
5
-6
0
1
2
-10
5
7
-12
7
-4
14
-13
-3
6
3
-5
7
-18
15
-15
18
-22
28
-15
-1
-5
-5
4
-9
19
-16
6
-3
-10
0
3
-1
1
-6
7
-9
8
-2
1
-14
2
23
-11
-22
21
4
-17
12
-8
10
-7
5
-5
-3
4
-4
9
-7
1
-2
0
-1
5
-4
1
2
-4
5
-5
-2
10
-13
5
0
-1
0
5
-7
2
-3
2
-6
4
0
-4
2
3
-4
1
-2
0
0
-1
0
0
0
0
1
-2
3
-3
-3
5
-1
-5
5
-4
2
-3
6
-6
0
0
-1
-6
12
-12
1
5
-6
3
-2
-2
3
-5
1
-1
1
-1
7
-10
5
-4
2
3
-6
6
-10
8
-12
17
-5
-23
21
11
-25
-3
12
-2
1
-10
10
-9
5
-4
-1
-8
0
-5
1
0
-2
6
-13
9
-6
1
-2
14
-16
3
0
-1
-4
-1
-3
5
11
-14
4
4
-11
4
2
-12
13
-11
1
2
0
0
-3
1
1
0
-2
-3
6
-9
3
1
-2
-5
9
-6
4
-4
3
-4
3
5
-9
6
-4
2
-2
0
-1
-1
-1
0
0
0
-1
0
0
-2
1
-1
3
-7
8
-5
-4
4
-4
4
-5
7
-10
5
1
-3
-4
8
-7
3
0
0
-1
-3
2
0
-1
-3
-3
8
-15
11
-4
-6
9
-5
-5
13
-11
-5
3
1
3
1
-2
-4
14
-14
1
-3
5
-10
12
-7
0
-2
-2
1
0
-6
1
0
1
-5
8
-6
-1
4
-5
-1
11
-13
-6
15
-10
2
3
-5
5
-3
3
-4
5
-6
2
4
-2
1
0
-1
-3
1
1
-3
7
-9
4
0
-4
6
-5
-1
5
-2
-5
5
1
-6
3
-2
7
-7
4
-6
2
2
-2
0
0
1
1
-1
0
0
-1
0
0
-1
0
-3
-3
5
-4
7
-8
1
-4
5
-1
-6
3
0
-4
1
3
-6
3
0
-5
10
-8
2
-1
-2
3
2
0
-3
2
-4
-2
6
-6
3
-4
3
-5
5
-3
-2
10
-17
4
11
-12
-1
4
-6
0
6
-9
6
-1
-3
-4
2
0
-2
2
-4
6
-8
5
-4
10
-8
0
-1
15
-19
7
-10
12
-3
-1
-5
9
-6
3
-2
-6
3
2
0
-3
4
-7
5
-5
5
-1
-5
2
2
-9
6
-1
-3
5
-5
1
-3
-2
6
-1
-6
5
-3
3
-5
-1
0
1
-1
0
0
0
-2
1
-1
0
0
-1
1
-1
0
0
0
-1
-1
1
4
-4
3
-7
5
0
-6
2
3
-2
4
-6
1
1
-7
8
-3
-3
3
0
-6
4
-5
7
-7
3
-1
-3
-3
5
1
-5
7
-10
4
1
2
-13
8
-9
17
-16
-1
-2
7
-10
3
-6
7
-7
1
-2
-3
0
0
0
0
0
1
-1
2
-10
4
5
-6
-4
-4
21
-17
3
2
-5
-1
7
-1
-2
-4
5
3
-5
-4
8
0
-6
0
0
2
1
-5
2
-6
8
-2
0
-6
8
-9
6
3
-2
-5
3
1
-6
3
-2
-3
3
-2
1
0
-2
1
0
0
0
-2
0
0
-1
1
-1
0
1
-1
-2
1
-5
2
1
-5
5
-2
-3
3
1
-3
-6
9
-9
6
0
3
-9
5
-2
4
-1
-2
-1
-1
5
0
-9
3
4
-4
-5
4
1
1
-7
1
3
-3
-3
17
-22
3
3
4
-5
-6
10
-5
0
-4
-2
-2
-2
-3
0
-1
1
-1
0
0
-3
4
-3
0
1
-1
9
-20
11
-5
6
-8
1
7
-2
-5
4
-3
5
3
-8
2
2
-1
-3
4
0
-3
0
6
-8
6
-3
1
-1
4
-3
-1
0
0
-1
3
-5
-3
7
-6
1
1
0
-1
3
-2
-2
1
-1
-1
-1
0
0
0
0
0
0
-2
1
1
-4
0
0
0
-1
5
-8
1
5
-4
-1
-1
0
-1
2
-3
0
0
3
-8
8
-6
0
4
-1
-5
3
1
-2
-2
7
-2
-6
2
-4
6
2
-7
-2
7
-6
4
-12
19
-9
0
-3
-1
2
-5
3
-1
-1
-3
-1
-5
0
-1
1
-1
-2
3
0
-2
-1
2
-2
7
-9
-4
0
4
-6
6
0
-1
-2
-2
5
-1
-1
1
-7
3
2
0
0
0
-2
2
-5
9
-8
2
-3
3
-1
-1
1
-4
2
6
-5
-4
0
3
-3
-6
9
-5
1
3
-5
2
-2
1
-1
0
-1
-1
0
-2
0
0
1
-2
1
-4
4
-3
-2
5
-9
5
2
-4
-1
2
5
-6
-3
2
-1
1
-1
-3
3
-2
7
-8
5
-2
1
0
0
1
-2
-3
6
0
0
-1
-5
2
3
0
0
-6
5
-4
-1
2
8
-8
1
-3
0
2
-1
-4
1
-2
-2
-4
0
1
1
0
-1
-1
0
-1
0
0
-1
-2
-2
-1
0
0
0
0
1
1
0
0
0
1
1
0
-2
-1
1
0
0
-1
0
-1
-1
0
-1
-1
-1
0
0
-1
-1
1
1
-1
-2
0
1
0
-1
-2
0
1
0
-1
-1
1
0
-1
-1
-1
0
-1
0
0
-1
0
0
-1
0
0
0
1
-1
-2
-1
0
1
-1
-2
-1
1
0
-1
-1
0
0
0
0
-1
0
0
0
0
0
0
-1
-1
-1
0
0
1
0
-1
-1
-1
2
1
-1
-1
0
-1
-2
-3
-1
0
0
-1
-1
-1
-1
-1
0
-1
0
-1
-1
