-2
-10
-3
-5
-1
-2
-7
0
-3
-1
-3
-1
-2
-3
2
-9
3
-2
-1
1
-2
0
-2
0
-5
4
-6
0
1
-1
1
-8
5
2
-6
4
0
-4
11
-8
5
-2
-4
7
-1
-4
4
-1
-1
-1
-3
2
-5
9
-10
8
-6
0
1
-1
-1
0
-1
0
0
0
0
0
-1
0
1
1
-5
9
-9
10
-5
2
-2
-1
0
-1
6
-6
-1
7
-4
-2
4
-8
10
-3
0
4
-6
1
5
-8
2
0
3
1
-4
5
-4
0
0
1
-1
2
1
-2
4
-7
6
0
1
4
-1
2
-1
3
-2
1
2
2
1
-2
-11
-3
-4
-6
-2
-6
-2
-5
2
-3
-1
-3
-1
-5
0
-3
-3
-1
2
-3
3
-1
-2
-1
-4
2
0
-3
-1
-4
3
-1
-1
0
-2
-2
8
-10
5
-4
5
-3
-2
4
4
-4
-1
1
2
-3
1
-4
1
-2
3
-4
-2
0
0
-1
-2
1
-1
-1
0
-1
0
0
-1
-1
0
2
-1
-3
3
-1
2
-2
1
-2
3
1
-1
-5
5
3
-2
-4
6
-4
6
-9
9
-1
-2
1
-1
0
3
-3
0
-1
1
3
-3
-1
-1
-1
4
-2
3
-1
-2
-1
3
-2
2
0
2
0
4
-2
1
-2
1
1
1
4
-7
-8
-3
-4
-3
-2
-4
-2
-2
-2
2
-9
3
-1
-9
5
-3
-5
-2
4
-10
11
-9
-4
4
1
-6
-2
0
2
-4
-2
-1
3
1
-2
-2
8
-5
0
-1
3
-2
-2
4
2
-4
-2
1
-1
2
3
-9
7
-8
3
-4
5
-5
0
-1
-1
-1
0
0
0
-1
0
0
1
-4
5
-3
3
-7
8
-7
3
2
-1
2
-3
-5
3
5
-2
-1
3
-1
1
-5
9
-2
-2
1
3
-1
0
-2
3
0
-1
-6
2
5
-1
-7
12
-9
7
0
-1
-2
8
-6
1
5
-8
5
-1
1
1
-1
2
0
3
2
2
-9
-6
-2
-7
-4
-1
-3
-5
-3
-2
-2
0
-11
10
-19
2
6
-6
-2
0
2
-8
-1
0
0
2
-2
-1
-12
11
-5
-1
0
-2
4
-5
3
-7
8
-4
3
-2
-4
5
-1
7
-11
-2
7
-2
-3
-2
-1
2
1
-5
-1
1
-1
-1
1
0
0
0
0
0
-1
0
0
0
-1
3
0
-4
3
3
0
-2
-1
-2
8
-1
-10
7
-1
6
-4
-2
3
-3
8
-6
3
-4
5
-1
0
0
-3
11
-11
2
0
3
1
2
1
-6
3
1
0
-4
7
6
-17
12
-8
3
2
0
-1
-1
2
2
-1
0
3
2
-10
-4
-3
-6
-2
-1
-7
-1
1
-7
-2
-7
-3
12
-10
-9
0
7
-6
7
-18
9
-4
6
-7
0
-3
5
-9
5
-4
3
-4
5
-3
4
-4
-4
8
-7
3
-3
6
-4
-1
6
-4
-1
5
-12
3
7
-8
5
-6
3
-2
-1
-2
-1
0
0
-1
-1
0
-1
0
0
0
0
-1
1
-2
4
-4
5
-7
6
4
-11
6
-1
-2
7
0
-3
6
-4
4
-6
9
-2
-4
5
-3
5
-4
4
-4
5
-9
6
-1
1
-6
8
-3
10
-17
9
-5
8
1
-5
-7
16
0
-2
1
-3
3
4
-3
2
1
1
2
4
-19
0
-5
-4
-3
-9
6
-10
-2
7
-10
2
1
-11
8
-17
8
-1
1
-7
5
-5
2
3
-9
-1
-1
4
-10
9
-12
5
-5
3
-1
3
-2
-3
9
1
-8
0
7
-6
-1
7
-11
8
-4
-4
2
1
3
-8
3
-5
4
-3
-3
1
-2
1
-2
0
0
1
-1
1
-2
2
-2
-1
5
-5
4
-6
4
2
4
-4
-3
9
-10
8
-1
-5
8
0
-8
1
10
-4
-1
3
-1
3
-5
6
-11
11
-8
5
0
0
-7
4
4
-4
6
-7
3
1
9
-14
11
-8
4
5
-8
10
-1
-6
8
-4
1
4
-1
7
-18
-2
-3
-5
-4
0
-1
-21
22
-13
7
-15
9
-5
-29
24
-3
-10
8
3
-9
7
-3
-2
-2
0
-2
-3
-2
4
-6
3
-1
-2
-1
6
-12
8
-1
0
-1
3
-5
-2
2
3
0
-1
0
4
-8
2
1
-5
6
-2
-3
0
-2
2
-4
-1
0
-2
0
-1
1
1
-2
3
0
1
-2
-2
6
-3
2
4
-7
5
1
-1
0
3
2
0
-6
3
0
1
-1
8
-11
7
-1
-1
-1
2
-5
5
0
-1
-1
1
-1
-2
-2
9
-9
4
8
-9
-2
27
-26
-2
11
-11
11
-11
24
-18
3
4
-1
2
2
6
-15
-2
-5
-4
1
-11
5
-7
3
-4
8
-23
2
-1
-2
10
-14
10
-19
8
0
4
-7
1
0
-5
2
-2
-2
1
0
0
0
-7
14
-18
9
3
-9
5
3
2
-5
1
-1
3
-4
0
-4
3
0
-4
5
-6
1
-1
0
-3
-2
1
-2
0
-1
0
-1
1
0
1
0
2
-1
-1
2
0
2
-5
6
-5
1
5
-4
2
-3
3
0
1
-5
2
4
5
-9
2
10
-16
15
-6
0
1
0
2
-1
-1
3
-4
0
3
-6
6
0
8
-17
10
-13
14
3
2
5
-21
11
-1
5
-4
9
-6
4
1
0
6
-33
22
-17
-8
-1
1
-8
-4
9
-8
1
-17
-2
35
-56
41
-30
8
10
-27
31
-20
-2
-6
13
-7
-3
-3
6
0
-6
-7
10
-9
5
2
-7
8
-2
-6
8
-3
1
2
-1
2
1
-5
1
5
-10
6
-6
5
-3
2
-3
0
-2
0
-1
-1
0
0
0
0
0
1
0
0
0
1
-3
3
-2
5
-6
6
-9
5
2
-5
1
2
-1
1
1
-4
8
-5
-1
8
-7
3
5
-9
10
-6
-5
1
6
-2
-1
-6
15
-4
-1
-17
32
-27
11
10
-29
44
-53
39
2
-13
3
-5
11
0
-4
4
2
0
-12
29
-54
13
40
-114
203
-265
153
-1
-114
143
-131
195
-445
660
-500
199
-100
36
15
-64
145
-176
136
-104
96
-114
134
-107
-4
87
-87
51
-25
4
5
-5
0
8
-13
6
5
-7
2
2
3
-4
-2
3
-2
1
-4
12
-20
10
-5
2
-3
-3
0
-1
-1
0
-1
0
0
0
0
0
0
-1
1
0
-2
4
-3
12
-19
11
-4
4
-1
4
-1
-2
4
1
4
-7
5
7
-11
8
0
-4
5
4
-25
53
-86
88
-3
-106
135
-112
98
-101
137
-174
146
-64
16
38
-99
202
-497
660
-442
200
-128
146
-112
3
156
-261
206
-106
45
21
-69
65
-82
81
-239
457
-213
-332
463
-350
234
140
-765
595
234
-616
527
-197
-182
396
-339
31
171
-204
150
-5
-206
243
3
-161
66
34
-55
44
-27
0
10
-8
12
-1
-8
7
-6
4
-5
7
3
-13
21
-26
7
19
-15
-8
9
-4
0
-3
2
-3
-1
1
-1
0
0
0
-1
1
-1
-1
2
-2
0
-2
10
-7
-14
19
7
-25
22
-13
4
6
-5
6
-5
7
-7
-1
12
-6
9
0
-27
43
-55
35
67
-160
4
243
-205
-2
151
-203
172
33
-338
398
-180
-196
528
-613
237
600
-761
144
237
-346
464
-329
-209
459
-236
88
-77
73
-36
37
-37
-95
127
90
-27
-226
-35
266
83
-220
-401
420
-16
206
-127
-216
-16
184
54
-21
-139
-37
131
111
-58
-128
-47
47
60
-11
-13
-1
5
3
0
-17
10
9
-1
-8
-2
4
2
-3
-5
19
-11
-2
-13
14
-10
5
3
-6
1
-3
3
-4
1
-1
0
0
-1
1
0
-1
1
-2
3
-1
3
-6
5
5
-9
16
-11
-1
-10
20
-4
-3
3
5
-3
-8
0
9
10
-17
0
4
6
-1
-13
-9
60
48
-46
-129
-58
114
132
-36
-138
-21
55
185
-14
-216
-126
210
-14
424
-398
-216
86
270
-33
-222
-23
95
130
-86
-33
44
27
-73
31
25
58
-264
292
-188
109
-18
-98
171
-44
6
-46
-90
167
-253
117
73
-61
71
-95
51
-11
-45
62
-19
13
-11
-38
56
-42
9
18
-29
26
-12
0
1
1
0
-1
-2
-1
11
-8
3
-3
-1
0
-2
5
-11
4
-4
2
-5
2
-1
0
-1
1
-2
1
0
0
0
1
0
2
-4
2
-3
6
-8
6
-1
1
-1
-2
2
-8
13
-1
-2
-1
-1
2
1
1
-11
27
-27
19
9
-42
57
-36
-10
15
-17
62
-44
-10
51
-93
73
-59
74
119
-252
168
-87
-43
9
-40
175
-94
-14
111
-184
297
-260
62
32
35
-65
46
-29
1
-7
66
-429
421
-12
-33
16
-46
-137
-500
1083
-313
-182
-42
166
-215
155
40
-84
-19
-15
-81
182
40
-100
35
-47
-28
19
18
-27
16
-11
1
11
3
-15
7
-2
7
-8
11
-10
1
-2
4
3
-18
8
-2
6
0
-4
5
-5
1
-1
0
-1
-1
0
0
0
0
-1
0
0
1
-4
6
-4
0
7
-1
7
-18
4
5
-1
1
-9
11
-7
8
-1
7
-14
4
10
1
-9
16
-25
18
20
-28
-45
36
-99
42
183
-80
-14
-17
-83
40
157
-213
167
-41
-179
-309
1087
-496
-135
-44
19
-31
-6
425
-425
69
2
7
-22
13
2
-15
-30
-119
194
173
-414
67
53
141
398
-1524
1396
-147
-123
-370
259
42
234
-492
133
90
149
-78
-543
746
-178
-248
117
29
2
-21
1
-3
10
-4
1
-9
-4
14
0
4
-9
5
-9
16
-1
-12
-5
21
8
-43
23
8
-4
-16
8
6
-5
-8
2
5
-1
-6
-1
6
1
-6
-3
6
10
-15
-2
8
23
-40
8
22
-5
-11
0
16
-9
5
-10
3
1
14
-4
-8
3
-4
12
-1
1
-21
3
30
119
-248
-178
747
-541
-78
151
92
134
-492
234
43
261
-369
-119
-144
1401
-1519
400
144
56
69
-409
177
198
-115
-23
-10
10
-35
-29
56
42
-308
889
-1356
1015
-450
51
392
-1115
1747
-1525
963
-723
599
-530
236
136
-231
263
-368
430
-552
833
-879
525
-299
196
-69
7
4
6
-23
32
-49
66
-45
-4
38
-60
73
-69
51
-22
-4
19
-37
51
-57
64
-78
74
-61
40
-22
2
8
-14
14
-14
12
-12
11
-12
12
-14
15
-15
11
3
-21
41
-61
78
-80
67
-56
52
-36
17
-2
-24
51
-67
71
-58
37
-2
-46
67
-49
31
-22
6
4
8
-67
198
-297
525
-878
833
-553
433
-365
264
-230
137
237
-529
600
-719
966
-1522
1748
-1108
394
55
-447
1017
-1351
892
-303
48
62
-20
-75
91
-134
172
-297
20
546
-427
-145
408
-508
-50
1106
-917
-160
515
-151
-450
468
116
-461
270
123
-408
234
319
-302
-161
182
40
-96
6
5
49
-56
-7
81
-57
-56
113
-40
-78
107
-10
-104
98
17
-112
77
41
-110
55
64
-101
2
81
-58
-17
52
-28
-15
26
-13
-9
18
-8
-12
27
-13
-27
53
-18
-57
81
4
-99
63
56
-109
42
78
-111
18
98
-103
-9
108
-79
-39
114
-55
-55
82
-7
-54
49
5
8
-94
40
184
-159
-303
321
236
-407
125
271
-461
118
469
-448
-150
517
-157
-914
1108
-47
-504
411
-143
-423
549
23
-293
178
-128
97
-4
-39
38
29
-18
-106
203
-87
-44
-18
-54
-145
114
-2
96
-59
-28
100
82
-50
-147
178
-54
18
-28
-48
-14
-33
129
-78
-26
14
18
-14
7
13
1
-6
4
0
-5
0
-10
1
-10
2
-2
-4
0
-2
0
14
-14
13
3
0
2
-4
-2
-1
-4
-3
-2
-2
0
-1
-2
-2
-3
1
-1
-2
3
1
4
15
-14
15
1
-1
1
-4
-1
2
-9
3
-10
1
-4
0
4
-5
2
13
8
-13
18
15
-25
-78
131
-31
-12
-46
-26
18
-53
179
-145
-48
82
101
-27
-56
98
2
116
-143
-51
-15
-42
-83
206
-101
-15
36
43
-31
47
-53
33
-26
159
-74
-421
313
14
-72
29
-49
728
-831
71
88
-93
-23
384
-283
46
-4
52
-59
23
-157
-10
271
-241
105
17
-20
-7
7
-10
22
-23
8
-4
-4
5
7
-13
6
2
-5
6
0
0
-9
4
-7
2
6
-2
-2
-1
-1
-1
-1
0
-1
0
-1
0
-1
0
1
1
0
1
1
0
-1
-1
8
2
-7
5
-9
1
2
7
-6
2
5
-13
8
5
-3
-4
9
-23
22
-10
7
-7
-19
18
105
-240
272
-9
-157
25
-59
53
-2
47
-281
385
-22
-92
91
73
-828
731
-44
31
-69
16
316
-416
-69
162
-19
37
-44
4
4
-12
-72
-168
813
-823
46
144
104
131
-242
-565
1163
-535
-183
-36
258
128
-336
18
175
-28
-24
-117
44
200
-175
-113
204
-54
-34
-11
25
5
5
-26
12
2
5
-12
10
1
-4
-3
7
-5
-3
0
1
0
4
-10
4
-8
7
-4
2
-2
-2
0
-2
0
0
0
-1
1
-1
0
-1
-2
3
-3
6
-7
5
-8
5
2
2
1
-4
-4
8
-2
-2
0
12
-12
4
1
12
-26
6
5
26
-11
-33
-52
205
-111
-176
204
47
-116
-23
-26
177
19
-334
129
259
-35
-178
-531
1166
-562
-238
134
106
146
51
-818
817
-165
-64
-9
12
-62
16
47
-156
350
-362
-7
232
-260
228
-194
378
-846
1019
-605
212
-148
118
28
-221
254
-191
134
-100
97
-96
64
0
-67
59
-35
20
-10
7
2
-18
18
-16
11
-2
-6
6
3
-5
-3
3
4
-7
2
-3
-1
4
0
-9
4
1
-3
-3
0
1
-1
-2
-1
0
0
0
-1
0
0
2
1
-1
-1
1
6
-8
2
4
0
-3
3
-5
5
4
-2
-6
4
7
-6
-2
12
-16
18
-17
3
8
-10
21
-34
59
-67
2
65
-95
98
-99
134
-189
256
-221
28
118
-147
216
-602
1022
-842
381
-191
232
-257
236
-3
-357
353
-148
52
25
-53
18
24
-10
-20
-12
-28
-12
41
-8
-11
-1
41
-26
-36
21
-39
71
-98
84
-10
-20
-11
-1
7
3
7
-20
9
-5
5
-3
-1
4
-6
0
-5
16
-8
0
2
0
-1
1
1
-8
5
7
-8
1
-2
3
-4
0
2
-5
2
0
-4
-1
-1
-1
-1
-1
0
0
-1
0
-1
2
-3
0
3
-4
4
0
-4
4
-1
2
-7
7
5
-7
1
2
-1
-1
2
1
-8
16
-4
2
-5
5
-1
-1
5
-5
10
-20
8
6
8
1
-9
-19
-9
86
-97
73
-38
25
-32
-23
44
2
-8
-4
43
-7
-23
-8
-17
-3
28
26
-115
66
-32
19
-19
9
-30
11
-6
12
-6
-7
-48
47
1
5
-37
37
-34
15
9
-20
5
1
6
-36
41
-14
-4
3
-9
4
1
0
-7
8
-6
12
-13
7
-4
9
-12
7
-5
7
1
-7
0
0
0
-3
0
5
-6
-2
4
-4
0
-2
0
0
-1
-1
-1
-1
0
1
1
0
1
-4
5
0
-6
6
1
-2
0
1
1
-5
0
8
-5
6
-11
10
-4
6
-13
14
-6
9
-6
0
1
6
-8
4
-4
-13
42
-35
7
2
7
-18
10
17
-32
39
-36
7
5
51
-44
-3
-3
15
-4
15
-27
13
-16
26
-27
74
-13
-4
-2
-6
1
-17
12
-15
10
-4
-11
-18
48
-31
-13
11
0
-12
-3
15
-11
3
-4
1
-3
-2
1
6
-9
0
-1
9
-14
7
1
-4
2
0
0
-7
14
-11
6
0
-3
5
1
-1
-1
1
-3
0
2
-9
6
0
-4
-2
-2
2
-2
-2
0
-1
0
0
0
-1
0
3
0
-1
-2
2
7
-7
3
2
-3
2
0
-1
1
5
-2
-2
6
-12
14
-6
0
0
3
-4
0
7
-14
8
0
0
-7
8
2
0
-3
3
-3
4
-11
16
-2
-9
1
15
-9
-29
50
-15
-7
-1
12
-10
15
-14
4
1
4
4
46
-35
0
-6
-6
2
-7
1
-1
-7
-2
4
11
-22
-4
-3
12
-3
-9
2
4
-6
-2
7
-6
-2
0
4
-10
5
-3
-2
0
2
2
-7
7
-4
5
-7
6
-4
5
-1
1
-1
-2
-3
5
-1
-8
9
-7
-2
4
-3
-2
-2
0
0
-2
-1
0
-2
0
-1
1
0
-1
0
1
0
-1
-2
5
-1
-7
11
-8
-1
6
-2
-1
0
1
-1
5
-4
6
-7
4
-4
7
-8
2
3
0
-1
-1
6
-8
5
1
0
-5
8
-2
-4
5
2
-8
-3
13
0
0
-18
14
6
2
-5
1
5
-4
6
-3
1
5
-27
42
-29
-5
-5
-5
4
-3
-5
-4
0
-10
4
-21
30
-16
-7
-1
8
-9
1
-3
1
1
-7
6
-1
-4
-10
12
-11
1
-2
4
-5
5
-6
4
-3
4
-2
2
-2
-2
0
4
-4
8
-7
3
-1
4
-7
3
-7
6
-8
1
0
-2
3
-2
-2
0
0
-1
0
1
0
-1
3
-1
0
1
-6
8
-6
4
-6
4
0
4
-8
8
-3
5
0
-1
-1
2
-2
4
-2
4
-5
6
-4
4
0
3
-10
14
-9
-2
-2
7
-6
2
3
-2
3
-8
10
0
-5
-13
33
-18
6
-8
3
-2
-2
0
6
-2
3
-1
-21
-5
-6
-5
-6
2
-12
-1
-1
-3
1
-13
23
-21
12
-20
1
6
-8
2
-7
10
-4
-7
-1
6
-9
-1
-2
10
-12
5
-3
3
-2
0
-2
2
-2
1
-4
3
-2
0
2
-4
4
-7
6
-3
-1
4
-8
4
-6
5
-6
1
0
0
-2
0
-1
-1
-1
-1
1
0
0
1
-1
-1
1
1
-6
6
-5
5
-7
6
0
-3
6
-6
4
-3
2
-1
-3
4
-3
2
-2
2
-1
0
-2
3
-2
6
-12
11
0
-1
-7
7
1
-5
-2
11
-6
3
-6
7
4
-17
15
-19
24
-11
4
-1
2
3
-8
5
-1
0
2
-17
-1
-4
-7
0
-5
-4
2
-7
1
-5
-5
4
1
-11
-3
11
-14
8
-3
-2
0
-1
-1
-1
-8
7
-4
2
-2
-1
2
0
-3
-1
-1
-3
2
-1
3
-9
9
-8
5
0
-2
3
-1
-6
6
-1
1
-8
4
-1
-1
0
-2
-1
1
-2
-2
0
-1
0
-1
0
-1
-1
2
0
-1
1
1
-1
5
-7
2
0
7
-5
-1
3
-1
1
6
-8
10
-8
2
1
3
-2
1
-2
-1
0
3
0
-2
2
-4
8
-7
0
0
1
2
-1
-2
9
-12
12
-2
-9
3
7
-2
-1
6
-5
6
-1
0
3
1
1
7
1
-12
0
-9
1
-7
0
-3
2
-5
-6
17
-33
11
-2
-5
0
2
1
-11
3
-4
2
-2
2
-6
5
-5
0
-1
-1
-4
7
-5
-1
3
2
-2
-2
4
-9
14
-9
3
-5
6
-3
3
-3
2
-5
-6
8
-5
4
-8
-1
4
-5
0
-2
-1
0
-1
0
-1
0
0
-2
4
-4
5
-1
-7
5
-3
8
-5
-3
3
-2
3
-3
7
-4
2
-9
14
-9
4
-3
-2
2
3
0
-6
7
-3
0
0
1
-3
6
-5
3
-1
3
-1
4
-9
3
2
1
-2
1
14
-29
20
-2
-3
4
0
3
-4
4
-3
4
-4
9
-14
-5
-6
-2
-7
3
-5
-3
1
-5
2
-11
-2
3
-4
5
-11
8
-8
1
1
-2
-4
9
-14
3
3
-5
-2
3
-1
-1
0
5
-11
8
-3
-3
5
-2
3
-4
6
-6
6
-4
3
1
-9
4
-2
1
-2
0
2
-5
2
0
-2
0
-2
0
-1
0
0
0
-1
0
-1
1
2
-4
3
0
-1
1
-1
4
-8
2
3
-4
6
-5
5
-4
2
-2
5
-2
-3
9
-11
6
-1
-1
-1
4
-2
-4
5
3
-12
11
-1
-1
1
2
-7
9
-9
6
-1
5
1
-8
5
-2
3
-2
-1
7
-3
0
2
0
-6
7
-14
-1
-7
-2
1
-9
-2
1
-4
-1
-9
11
-8
-3
-8
4
-1
-3
1
8
-9
-4
1
5
-15
13
-14
2
4
-3
0
-2
2
-4
0
6
-11
9
-4
1
6
-4
-3
4
-4
4
-5
10
-8
-1
1
-5
3
0
-3
-2
3
-1
-1
-1
-1
0
-1
0
0
0
-1
0
0
-2
3
0
-2
1
3
-4
2
0
-8
11
-5
4
-4
5
-3
-4
5
1
-5
9
-11
7
2
-4
2
-2
1
-1
5
3
-12
14
-12
6
5
-2
-9
8
3
-2
-1
5
-5
-1
-5
14
-6
1
-1
3
3
-4
4
2
1
3
-6
-4
-4
-2
-2
-2
-3
-2
-3
-2
-2
-1
-1
-2
-4
-2
-2
1
0
0
-1
-1
0
-1
0
0
0
-1
-2
-1
0
0
-1
1
1
1
0
0
0
0
0
1
0
-2
-1
1
1
0
-1
-2
0
0
-2
-2
-1
1
0
-1
-3
-1
0
-1
-1
-1
-1
0
0
0
-1
-1
0
0
-1
-1
0
1
0
-2
-2
1
0
-1
-1
0
2
0
-1
-1
1
1
0
0
-1
0
0
0
0
1
0
1
0
-1
0
0
1
1
1
0
-1
0
0
-1
0
2
2
-1
-2
0
2
2
1
0
-1
0
0
0
2
1
0
