-8
-6
-4
-5
-2
-4
-2
-2
-3
0
-8
9
-9
0
-2
-5
-5
16
-23
15
-5
-13
14
-7
3
-8
2
1
-1
-1
-1
0
-2
2
-1
1
-2
-1
6
-5
1
1
1
0
-2
3
-3
-1
-2
11
-8
-1
-1
2
-2
-1
0
-2
0
-1
-1
-2
0
-1
1
-1
-1
0
-1
1
-1
0
0
0
-1
4
-1
0
-9
10
-1
-1
-2
3
-2
0
1
0
2
-4
6
-1
-1
1
0
2
-2
1
0
0
-1
2
3
-7
4
-5
15
-12
-4
17
-22
17
-4
-1
1
1
-5
11
-6
2
-2
1
2
-1
1
2
1
2
-8
-6
-3
-6
-3
-5
0
-4
-2
8
-14
-13
13
1
-14
-4
12
-12
-2
-12
31
-16
-7
2
1
-5
1
-5
2
3
-5
-5
10
-4
0
0
-1
5
-5
4
-1
1
1
-1
-3
6
0
-2
-14
20
-17
12
-5
-3
8
-9
2
-1
2
-2
-1
1
-1
-1
0
1
0
1
0
0
1
0
3
-9
9
-1
-4
12
-15
21
-13
-2
1
6
-3
0
0
0
-1
4
-6
4
0
0
0
-4
10
-5
-6
4
3
-4
3
-5
2
4
-6
-16
32
-9
-1
-10
13
0
-11
5
16
-10
-11
12
-1
-2
4
-1
0
1
1
2
-9
-7
-4
-8
0
-9
2
-5
2
-14
21
-18
-2
-3
-7
-11
26
-32
60
-65
10
23
-27
10
5
7
-15
-1
6
1
-11
6
-5
8
-10
14
-11
-6
16
-8
1
-12
20
-1
-5
-31
56
-37
27
-30
4
12
2
-22
10
4
-2
3
-7
1
0
0
-1
0
-1
0
0
1
1
2
-7
4
-1
5
11
-21
2
12
5
-29
28
-36
56
-31
-6
1
20
-12
1
-6
16
-6
-10
15
-9
8
-5
6
-10
2
7
0
-14
8
7
10
-27
24
11
-64
61
-31
27
-8
-4
1
0
-13
24
-10
4
0
5
-3
3
-1
1
2
-8
-5
-5
-5
-2
4
-18
4
9
-31
32
-32
36
-48
15
26
-49
46
-14
-33
22
-2
-12
13
-9
-2
14
10
-35
5
10
-12
10
-8
9
-4
-8
21
-23
5
2
3
-3
7
-6
14
-40
51
-33
-2
13
14
-16
-10
-5
15
-1
-2
-6
2
-3
0
0
0
0
1
0
1
-2
4
-6
-2
0
16
-3
-9
-14
15
13
-2
-32
51
-40
14
-5
6
-2
2
2
5
-24
23
-7
-4
9
-8
10
-10
12
5
-34
12
14
-1
-8
13
-11
-3
24
-31
-12
48
-48
28
18
-45
39
-29
34
-27
11
8
-15
7
2
3
0
4
-9
-5
-4
-4
-2
-20
19
-11
-6
1
19
-42
40
-50
27
-33
46
-5
-23
-2
-13
14
-2
31
-38
6
4
-15
0
24
-14
-18
20
-17
8
10
-8
9
4
-62
86
-30
-1
-26
23
-1
14
-45
57
-35
17
-28
28
-15
-6
-11
16
2
-6
-5
1
0
-2
0
0
1
-1
1
2
-3
-4
2
17
-9
-5
-12
29
-26
17
-35
58
-44
13
-1
23
-25
-2
-30
86
-62
5
10
-8
11
9
-16
20
-17
-13
25
1
-14
4
8
-36
32
0
16
-12
-1
-21
-5
47
-30
30
-47
44
-40
21
3
-4
-7
23
-16
2
2
2
1
-8
-7
-4
-6
0
-22
26
-8
-25
45
-75
44
-5
10
-49
55
-57
60
-26
-44
38
2
-2
6
-29
23
-11
-4
-7
12
-22
20
-5
-3
-3
12
-15
14
-5
-17
24
10
-17
-9
3
5
8
2
-50
61
-2
-32
-12
30
-5
-14
13
-2
-13
7
-4
2
-2
1
0
1
-2
2
-3
8
-13
-1
14
-13
-3
31
-12
-32
-1
62
-49
3
8
6
3
-8
-16
10
23
-17
-5
14
-14
13
-2
-2
-5
20
-20
14
-6
-1
-10
24
-28
7
0
3
39
-43
-25
62
-56
58
-45
14
-2
48
-73
46
-22
-3
29
-18
4
2
1
1
-11
-17
33
-30
-6
-13
27
-28
-3
24
-13
-22
52
-148
172
-59
-94
121
-28
-22
-17
70
-96
63
-49
24
27
-55
27
-8
7
-4
18
-26
-18
34
-16
23
-18
-12
27
-3
-29
35
-41
25
36
-75
94
-61
13
-51
44
4
4
-39
42
-16
6
-13
5
-2
1
-3
1
0
1
-1
7
-12
7
-16
43
-38
4
6
45
-50
14
-61
95
-75
36
24
-41
35
-30
-2
27
-12
-17
23
-15
35
-17
-25
18
-4
9
-7
28
-55
28
26
-48
66
-95
72
-16
-20
-26
122
-93
-56
176
-144
56
-19
-9
27
-1
-23
31
-11
-2
-24
37
-9
-3
28
-145
127
-49
82
-84
67
-98
62
-82
18
64
-35
-13
28
-10
0
-52
53
-38
71
-47
-17
59
-132
76
20
-38
99
-102
47
-46
46
-75
69
-15
5
-6
-7
14
-26
35
-38
49
-28
2
-15
29
-30
22
-1
-20
15
-3
-9
-4
10
-5
2
-1
-1
0
0
0
0
0
-2
-1
3
-5
10
-3
-7
-3
17
-20
0
24
-28
30
-15
1
-28
49
-38
34
-26
14
-5
-5
5
-15
69
-74
45
-46
48
-102
99
-36
22
77
-130
60
-16
-45
72
-37
54
-52
1
-9
30
-9
-32
68
21
-78
64
-96
71
-82
86
-45
134
-139
36
-18
-38
154
-173
80
-76
24
31
-26
47
-122
108
-169
182
61
-275
172
20
-126
57
106
-98
8
-19
-20
106
-65
-65
107
-33
-72
49
87
-142
51
25
-4
-43
36
-1
-9
7
3
-12
11
27
-71
21
55
-70
34
11
-29
15
0
15
-14
-17
20
-9
-2
3
-2
0
0
1
-2
3
-1
-8
21
-16
-13
15
1
16
-29
12
35
-67
56
22
-71
26
13
-12
4
5
-9
-1
36
-43
-3
26
51
-142
87
51
-72
-33
108
-64
-64
107
-19
-18
10
-96
107
58
-125
22
173
-272
66
184
-166
112
-119
50
-24
37
29
-72
83
-164
158
-29
1
30
-161
139
17
-88
53
-23
18
-1
-86
14
149
-162
201
-227
139
-178
191
-239
225
-147
191
-149
102
-100
-9
49
-22
68
-87
63
-97
67
-31
24
5
-13
12
-26
15
31
-23
14
-82
103
-118
150
-53
50
-146
127
-72
25
-19
16
-2
14
-12
2
-5
-1
1
-1
0
1
1
0
-4
4
-11
15
-1
18
-18
25
-71
126
-146
50
-52
150
-117
104
-81
15
-23
30
16
-26
12
-13
5
24
-30
69
-97
63
-86
69
-21
51
-8
-99
103
-146
193
-145
226
-237
192
-179
140
-222
204
-160
151
18
-83
3
20
-19
56
-85
21
147
-154
38
-12
-31
93
-67
-123
151
70
-254
-9
484
-402
-137
278
113
-442
117
447
-348
-273
418
-34
-231
133
90
-131
-38
150
-61
-79
31
114
-95
-74
116
6
-71
34
24
-38
-2
52
-65
78
-67
-46
64
14
3
7
-77
11
126
-125
11
40
-11
-16
17
1
-14
4
0
-1
0
-1
1
-1
0
4
-13
3
17
-15
-11
43
12
-125
127
12
-75
8
2
14
64
-46
-66
79
-67
52
-1
-37
24
35
-71
7
115
-74
-94
115
34
-79
-60
152
-35
-131
92
133
-230
-34
419
-271
-348
448
120
-439
116
280
-132
-397
487
-8
-251
75
153
-120
-59
98
-24
-14
-48
101
-118
157
-143
32
32
-441
718
-382
193
-74
-231
291
-482
596
-171
-117
184
-371
292
-44
-72
151
-186
104
-69
66
-42
13
50
-71
47
-58
38
-10
-27
53
-55
69
-4
-69
81
-215
265
-21
-53
19
-220
187
75
-59
-18
-13
-13
25
-14
16
-14
2
-2
2
-1
1
-1
3
-2
2
-12
16
-11
27
-13
-11
-16
-58
75
188
-219
20
-53
-20
265
-214
81
-69
-4
69
-54
52
-27
-10
38
-58
48
-71
51
14
-41
68
-67
106
-186
152
-69
-42
293
-369
185
-117
-169
597
-479
293
-228
-70
194
-377
720
-439
35
37
-139
161
-110
107
-40
-5
12
-33
51
-146
164
-153
69
22
-55
179
-223
-9
161
-9
-142
194
-327
220
-102
133
-149
126
-68
23
65
-62
-1
13
-65
64
3
7
-74
86
-58
57
-86
72
-68
86
-72
85
-114
176
-313
330
-329
251
-71
20
21
-33
29
-56
56
-56
32
-15
6
-3
0
0
-1
1
0
0
0
-1
7
-14
32
-56
58
-53
30
-32
21
21
-69
252
-328
331
-312
176
-113
83
-72
86
-68
73
-85
58
-59
87
-73
7
5
65
-64
14
-1
-61
65
24
-68
127
-147
135
-101
222
-324
195
-139
-7
165
-6
-219
181
-50
24
74
-149
168
-142
59
-28
20
-3
53
-152
116
-98
43
-3
-111
511
-614
520
-489
203
-84
25
79
-156
98
-22
133
-144
138
-114
-14
61
-97
51
-7
26
-9
-10
17
-50
43
-35
45
-28
-21
83
-77
51
-48
97
-128
-87
280
-233
120
-93
255
-284
120
-24
27
-47
19
-16
-5
14
-5
4
-3
-1
1
-1
1
0
-3
6
-5
15
-4
-16
22
-46
30
-24
121
-282
256
-92
122
-232
280
-87
-126
96
-47
50
-77
83
-21
-28
46
-35
42
-50
18
-8
-9
28
-4
52
-95
62
-15
-111
142
-143
135
-22
100
-155
83
29
-81
205
-483
521
-611
512
-106
1
48
-95
122
-146
63
-5
46
-130
-6
158
-249
488
-212
-531
653
-676
494
167
-372
344
-307
75
21
-260
386
-111
-25
49
-143
68
8
49
-40
7
-61
57
-24
8
44
-55
9
15
-40
42
-3
-22
121
-178
-77
278
-272
291
-332
455
-248
-149
184
-144
109
-1
-55
59
-43
2
2
-1
5
-1
-2
2
-2
-2
4
0
4
2
-40
60
-55
2
110
-143
183
-148
-247
456
-331
292
-271
278
-77
-177
120
-21
-3
42
-41
15
10
-55
44
8
-23
57
-61
8
-37
50
9
69
-144
50
-23
-111
387
-258
22
76
-304
348
-369
171
496
-671
656
-528
-208
492
-245
161
2
-124
53
-7
26
-81
-52
243
46
-566
341
100
-359
761
-488
-276
272
-38
-133
741
-775
20
211
-176
170
78
-200
74
17
-28
-10
38
-33
-24
77
-25
-52
37
6
-20
15
21
-84
34
133
-158
29
124
-319
245
-19
21
191
-363
81
79
-35
25
16
-56
17
11
-6
1
0
-3
-1
1
1
-3
-1
1
-6
13
17
-55
17
25
-32
80
82
-364
192
22
-19
246
-317
124
30
-159
134
33
-82
21
16
-21
7
37
-51
-25
79
-23
-31
38
-9
-26
18
75
-200
81
172
-174
212
22
-775
742
-130
-34
274
-272
-484
762
-354
101
346
-562
51
247
-45
-75
35
-9
5
-25
-30
103
154
-615
190
583
-258
-430
231
196
-187
174
91
-899
711
275
-286
-209
231
-79
23
75
-131
45
-33
101
-75
-47
71
-2
-24
-10
24
59
-130
28
66
-29
15
3
-87
-36
293
-61
-408
405
-157
-47
159
-71
-48
11
78
-78
18
-2
-5
5
-1
-2
-1
1
-1
-1
1
6
-4
-1
18
-78
79
13
-46
-70
160
-47
-156
406
-406
-60
294
-36
-86
4
16
-29
68
28
-130
59
23
-10
-22
-2
73
-46
-74
103
-32
45
-129
76
24
-78
231
-208
-285
277
714
-898
95
177
-183
198
233
-427
-253
584
194
-611
157
107
-22
-19
12
-9
-12
12
15
-55
-8
72
-29
-39
362
-864
451
288
-86
-488
63
881
-555
-329
258
144
-178
77
-95
69
21
-28
26
-47
12
9
-4
13
-19
20
-23
24
10
-127
165
-51
-56
146
-168
-42
160
268
-534
108
209
-142
59
-6
-38
-17
68
3
-59
24
5
-2
-5
1
1
-2
1
1
-4
-2
6
24
-58
5
67
-14
-40
-5
60
-141
210
109
-533
267
159
-41
-168
147
-57
-50
165
-126
10
24
-23
19
-19
13
-3
10
12
-46
27
-27
23
70
-94
78
-177
144
260
-328
-554
882
66
-484
-84
291
454
-860
364
-37
-25
76
-5
-52
22
16
-5
-11
-23
38
37
-142
-159
507
-58
-529
373
-151
133
-144
78
15
-282
666
-337
-258
147
160
-14
-301
115
275
-251
45
-7
21
31
-77
39
-2
8
-21
25
-36
-12
85
-48
-64
57
81
-34
-153
153
-79
-96
400
-265
-248
304
57
-165
13
24
52
-63
1
17
1
-7
0
1
-2
2
1
-8
1
18
1
-61
53
26
14
-165
56
303
-247
-264
401
-97
-79
154
-153
-35
81
56
-63
-46
85
-12
-36
27
-20
8
-2
41
-77
33
23
-5
47
-251
276
116
-301
-11
162
148
-257
-336
667
-279
17
80
-141
136
-147
374
-526
-54
510
-155
-139
44
43
-15
-10
-29
46
47
-166
-256
704
-88
-604
192
281
-23
-299
-35
405
-207
-10
-96
214
-117
-20
63
-114
-61
210
-61
-73
37
45
-43
-9
10
-9
-12
38
-5
-59
34
32
19
-80
4
94
37
-281
143
200
-86
-258
139
198
-164
-20
16
5
21
-36
23
4
-6
-5
1
0
-1
-1
-2
1
1
-4
-7
5
22
-34
21
5
17
-20
-164
199
140
-257
-88
200
144
-281
37
94
4
-80
19
33
34
-59
-4
39
-11
-9
12
-9
-41
46
40
-73
-60
212
-58
-113
65
-19
-115
215
-94
-9
-204
408
-32
-296
-19
283
195
-601
-84
707
-252
-162
55
51
-21
-9
-28
40
55
-152
-300
689
-18
-580
143
228
-9
-185
-121
350
-194
78
-65
48
2
-47
136
-225
23
151
-62
-39
-9
70
-22
-32
22
-11
-10
27
-2
-40
-10
65
32
-100
-44
198
-28
-172
-125
320
81
-214
-154
247
-37
-76
71
-65
48
-18
-8
11
-2
-3
-1
0
0
-1
0
1
-2
-3
-1
11
-6
-16
49
-64
73
-75
-35
246
-152
-213
80
320
-125
-171
-27
197
-44
-99
32
65
-9
-39
-1
28
-7
-11
23
-32
-22
72
-8
-37
-61
152
24
-224
137
-46
3
48
-64
79
-191
355
-120
-181
-7
229
147
-577
-14
691
-296
-149
62
44
-20
-9
-25
33
40
-117
-285
618
-32
-478
278
-79
-64
107
24
-54
-458
740
-165
-148
-95
125
219
-353
-100
351
-113
-34
-32
63
47
-133
46
24
2
-29
27
-11
-33
44
-10
7
-63
74
50
-64
-20
73
-291
264
201
-318
7
89
24
-43
-67
80
18
-38
-3
7
1
-4
-2
2
-1
-3
1
7
-1
-36
19
82
-68
-42
25
90
8
-317
202
265
-289
74
-20
-63
50
75
-64
8
-10
45
-33
-11
27
-29
1
24
47
-133
49
63
-31
-33
-111
353
-99
-352
222
127
-94
-148
-163
741
-453
-51
27
110
-60
-77
281
-475
-28
621
-281
-114
47
38
-17
-7
-23
28
20
-73
-183
370
-78
-175
254
-272
-115
308
205
-476
-308
794
-229
-140
-68
176
56
-223
36
64
13
-20
-40
72
20
-98
21
20
22
-38
8
-2
40
-57
-14
56
43
-49
-173
235
48
-105
-166
239
-178
80
133
-155
-60
119
9
-43
-35
49
-6
-11
-1
2
0
-1
0
2
0
-10
-6
50
-34
-42
10
121
-61
-156
133
81
-175
240
-165
-105
49
236
-171
-49
44
56
-15
-57
41
-1
8
-38
23
20
22
-97
21
73
-39
-20
14
66
40
-223
57
178
-67
-139
-227
795
-305
-472
208
310
-111
-268
257
-172
-74
374
-179
-69
27
33
-16
-7
-24
30
4
-48
-43
119
-218
271
-33
-169
-48
231
108
-434
94
287
-142
-121
91
19
2
-67
25
96
-119
4
19
33
13
-73
18
34
-17
-5
-15
38
6
-49
-15
90
15
-134
-33
219
-131
-30
156
-222
-24
283
-101
-93
3
46
14
-54
13
27
-22
4
-2
-1
-1
-1
-1
0
-2
4
-20
29
14
-54
16
48
4
-91
-99
285
-25
-221
157
-28
-130
219
-32
-133
15
91
-15
-47
6
38
-15
-5
-17
34
18
-72
14
35
20
4
-118
97
27
-66
4
19
91
-120
-140
288
98
-431
111
234
-44
-166
-30
273
-214
121
-40
-44
11
35
-15
-8
-35
58
-5
-107
92
33
-242
278
-95
5
-70
86
5
-107
37
102
-64
-50
39
-32
11
29
-41
4
22
7
-33
10
15
-11
-22
38
-26
18
-25
7
6
10
-27
7
33
12
-93
29
77
-36
-16
14
-25
-49
115
-72
2
16
-6
-2
-3
-1
7
-10
2
0
-1
0
-1
1
2
-10
8
-1
-2
-1
-4
17
3
-71
115
-48
-24
15
-15
-36
76
29
-92
12
32
7
-25
10
7
8
-24
19
-26
38
-21
-11
16
11
-30
8
24
5
-40
30
12
-30
40
-49
-62
103
41
-105
6
89
-65
8
-91
279
-237
36
95
-104
3
62
-26
-11
-53
102
-62
-36
-7
154
-146
-9
18
6
7
12
-58
36
-7
0
14
-36
26
-35
33
-8
-40
69
-41
-2
2
10
-14
17
-22
12
-3
-2
6
-3
-5
6
0
1
-4
14
-39
45
6
-30
-23
62
-18
-52
25
28
-21
2
-7
7
1
-7
-1
2
-1
-1
-1
0
-1
1
0
2
-1
-6
3
8
-7
3
-20
28
26
-51
-17
63
-22
-29
7
45
-40
14
-5
1
1
6
-5
-3
6
-2
-4
12
-22
18
-13
11
3
0
-38
69
-38
-6
34
-35
28
-34
15
1
-3
40
-55
15
10
10
21
-7
-142
157
-2
-33
-53
107
-44
-10
-48
100
-83
20
-4
-11
0
-1
5
-13
-14
29
-20
-5
-7
19
-22
6
5
-15
20
-27
22
-15
7
-7
-3
10
-11
0
0
-2
-5
12
-2
-7
5
-10
12
-9
0
5
-2
5
-8
12
-18
23
-16
7
-5
0
3
-7
2
2
-9
7
-3
0
-1
-2
-1
0
0
-1
0
1
-3
9
-8
2
2
-6
5
0
-3
8
-14
24
-18
11
-10
5
-2
4
0
-8
14
-9
5
-6
-2
14
-5
-2
1
0
-9
11
-2
-6
8
-14
24
-26
22
-14
6
8
-20
20
-3
-2
-16
31
-10
-9
8
1
3
-8
0
23
-76
104
-40
-8
-9
1
-35
46
-25
-9
16
-15
5
-16
-6
26
-21
3
-11
12
-18
17
-11
3
1
-5
7
-11
5
-2
-2
-3
-5
8
-1
-10
8
-5
-5
26
-20
13
-19
3
19
-21
20
-20
-3
21
-27
14
10
-24
24
-15
0
5
-6
-2
4
-2
-1
0
-1
0
-1
-2
0
0
0
0
0
-2
4
-1
-6
6
3
-15
25
-23
11
15
-26
21
-2
-20
21
-20
19
3
-18
14
-21
25
-4
-6
9
-10
-1
9
-4
-2
1
1
6
-10
9
-5
2
4
-10
17
-17
13
-8
6
-19
28
-3
-12
8
-14
20
-5
-22
49
-27
7
-1
-7
-7
-12
21
-26
17
-41
45
-36
15
-12
-4
8
-5
2
-14
10
-7
3
2
-8
-4
14
-13
3
-5
3
-4
1
-3
3
-3
-1
-4
10
-7
10
-18
16
-5
-2
2
3
7
-8
-6
-1
4
7
-11
8
-7
1
-2
1
-1
-3
1
-3
-1
-1
0
0
1
-1
1
-1
0
-1
0
-2
1
-2
0
3
-1
1
-6
9
-9
8
4
0
-5
-7
6
3
1
-2
-5
16
-17
10
-8
10
-4
-1
-1
4
-1
2
-4
4
-4
4
-13
16
-3
-7
4
5
-6
11
-10
5
-3
11
0
-10
18
-34
49
-36
19
-23
27
-7
1
-9
-5
-4
-18
13
1
-22
23
-28
13
-9
2
-2
1
-19
12
2
-10
-1
8
-15
1
11
-6
-1
-2
-1
-2
5
-7
1
-3
3
-3
-5
13
-13
5
1
-2
4
-4
5
2
-5
3
-7
3
-2
4
-4
2
-4
1
-2
0
3
-1
-2
-1
1
-1
-1
0
-1
0
-1
-1
2
0
-2
1
4
0
-1
1
-3
4
-5
5
-1
3
-7
5
-4
2
4
-5
4
-3
0
4
-12
14
-5
-1
3
-1
1
-5
6
-1
-1
-1
-1
-5
12
3
-14
7
0
-8
3
16
-16
5
1
4
-5
16
-26
26
-18
3
16
-11
1
3
-9
-4
-5
-18
12
0
-10
1
-10
9
-18
13
-9
-1
-9
8
-6
-3
2
-3
2
-11
9
-11
13
-6
-1
-1
-4
4
-1
-1
1
-2
1
-3
4
-2
4
-1
-1
-2
5
-4
3
-4
3
3
-4
2
-7
2
0
-1
-2
0
-1
-1
0
0
0
-1
0
-2
0
-1
0
1
0
1
0
1
0
1
0
0
1
3
-6
3
-3
4
4
-4
4
-4
5
-1
0
-1
3
-3
4
-1
0
-1
1
0
0
3
-3
1
-1
-5
15
-9
10
-10
3
-2
3
-1
-5
12
-6
3
-7
15
-15
12
-9
3
-7
4
16
-10
0
3
-6
-5
0
2
-2
-7
-6
-3
2
0
-4
-4
-2
0
-1
-3
-2
1
1
-1
-3
-1
1
0
-1
-2
-1
-1
-1
-1
0
-1
0
-1
-1
0
1
0
-2
0
0
1
-1
-1
0
0
0
-1
-1
-1
0
0
0
-1
0
-1
-1
-1
0
0
-1
-1
-2
-1
0
0
0
0
0
0
1
0
0
0
0
1
0
0
1
0
0
0
1
1
0
-1
-1
1
2
0
-1
-1
1
0
-1
-1
0
1
0
-1
0
0
0
-1
0
2
1
-1
-2
0
1
1
-1
-1
1
2
1
-2
-1
2
3
1
-3
-3
0
4
3
0
