0
3
-4
-2
7
-3
-15
22
22
-42
-12
-2
57
-43
-9
19
0
-23
40
21
-66
-11
55
-42
12
16
-40
70
-32
-29
16
26
-21
-25
47
10
-86
19
71
-25
9
-58
19
-2
53
-34
64
-144
92
-34
41
-34
38
-56
32
0
-6
-9
19
-13
9
-8
0
0
0
-1
-1
7
-10
12
-20
7
4
0
-32
55
-39
34
-43
34
-92
142
-64
34
-54
1
-19
56
-11
24
-72
-20
85
-10
-50
24
20
-29
-17
29
31
-71
40
-17
-13
41
-55
11
65
-21
-40
23
0
-20
8
41
-58
0
11
40
-23
-22
15
2
-8
-2
3
-8
0
-2
0
4
-4
-2
-3
15
-19
10
-14
17
0
11
-38
46
-10
-35
-86
181
-68
-29
30
-38
86
-70
56
-71
15
40
-31
-32
73
-127
152
-99
71
-9
-70
26
30
30
-45
3
-38
-29
122
-4
-74
-9
20
18
-7
-9
-3
5
2
-5
10
-15
7
1
-3
0
0
-1
2
-2
-8
15
-11
4
-2
-7
1
8
5
-18
-21
8
74
2
-123
29
37
-3
45
-32
-31
-26
69
8
-72
98
-153
126
-73
32
29
-40
-16
68
-57
70
-87
39
-29
29
67
-181
85
33
10
-47
37
-13
-1
-18
11
-12
18
-15
2
1
2
-6
-1
-2
0
-5
5
-1
-8
-2
19
-32
37
-9
-17
2
16
-23
11
7
-36
80
-94
58
36
-98
-12
94
35
-125
-6
74
67
-140
72
-4
-69
98
35
-211
228
-104
3
29
-15
-16
1
42
79
-345
336
-150
76
-16
-11
-18
23
-12
-11
-1
37
-24
0
6
-13
9
-2
0
0
-1
2
-9
12
-5
-1
24
-38
2
10
12
-24
17
10
15
-77
150
-337
346
-79
-43
-2
15
14
-31
-4
103
-228
209
-36
-98
69
5
-73
140
-69
-75
4
124
-35
-94
11
99
-37
-59
94
-80
35
-7
-13
22
-18
-4
15
6
-39
31
-19
1
7
-2
-6
0
0
-7
8
-7
6
-9
3
1
8
-17
35
-47
33
-38
37
-2
-62
6
82
-144
218
-57
-121
103
-73
-28
173
-109
-97
127
-81
77
-80
121
-88
3
3
26
29
-115
49
113
-133
98
-172
101
37
26
-28
-48
52
-53
46
-46
28
14
-44
23
8
-12
8
-2
-4
1
0
0
3
2
-9
11
-9
-23
43
-14
-30
45
-46
53
-53
48
27
-26
-37
-101
171
-97
132
-113
-50
114
-29
-26
-4
-2
87
-122
80
-77
80
-127
97
109
-175
28
72
-102
121
56
-220
143
-83
-7
61
1
-39
36
-34
45
-37
14
-9
-1
-4
7
-8
5
-8
2
0
-3
0
3
-2
-6
-7
20
23
-65
37
-31
52
-63
62
-85
70
22
-19
-29
54
-60
-61
231
-142
-148
303
-237
85
14
-25
-2
-11
-57
117
-60
4
30
-25
52
-122
85
63
-190
1
111
100
-81
5
-14
9
-22
-16
-9
41
-18
27
-52
37
-9
4
-10
4
2
0
-2
-4
8
-4
9
-37
51
-27
19
-41
10
15
21
-11
14
-6
80
-102
-112
-1
188
-64
-87
121
-52
24
-31
-5
57
-117
56
11
1
26
-14
-86
237
-304
148
142
-231
60
60
-54
28
19
-23
-71
85
-62
63
-54
29
-38
63
-24
-20
7
5
1
-6
-2
-1
0
-5
-3
0
2
-1
2
-13
6
46
-30
-20
-34
54
-7
-18
37
-85
129
-126
85
-1
-121
119
15
-89
58
13
-36
59
-114
70
-24
103
-57
-83
43
129
-161
0
23
19
76
-48
-64
-35
55
29
65
-62
-39
50
-9
-54
47
-30
34
-5
-21
22
-11
1
0
-2
0
0
0
-2
10
-21
21
6
-35
29
-48
51
9
-51
40
61
-66
-30
-57
32
64
47
-78
-20
-23
-2
161
-129
-44
82
57
-103
23
-69
113
-60
36
-13
-59
87
-15
-120
121
2
-85
125
-131
84
-38
15
6
-56
32
18
29
-48
-6
12
-2
-1
-3
-3
2
0
0
5
0
-2
3
3
-18
25
-37
40
0
-62
101
-100
70
-61
-91
280
-172
-48
146
-15
-158
88
29
-146
156
-28
7
-39
79
-52
-23
72
-140
53
72
-76
82
0
-76
74
26
-320
287
139
-303
142
27
-59
15
-19
17
-17
33
-10
-12
12
-7
-3
-5
5
-3
0
0
-1
3
-6
4
3
5
-14
12
7
-34
17
-17
18
-16
58
-28
-142
301
-139
-287
319
-28
-73
75
-1
-82
75
-73
-53
138
-73
23
52
-81
38
-7
29
-157
146
-30
-88
158
16
-147
47
170
-280
90
58
-71
98
-102
61
-3
-42
36
-26
18
-3
-4
-1
-1
-9
0
-4
9
-11
2
3
9
-40
29
72
-100
3
95
-121
-8
141
-118
-17
55
-51
31
157
-240
192
-110
-38
147
-117
6
9
42
-38
-41
58
-8
-3
-2
11
-24
27
-21
-16
92
-107
5
61
-59
23
36
-66
91
-86
-22
83
-61
15
17
3
-16
0
24
-30
13
-4
0
2
-13
30
-25
0
15
-3
-19
-15
62
-82
21
84
-91
64
-37
-24
59
-63
-6
106
-93
15
20
-28
24
-12
0
2
8
-59
40
36
-42
-9
-7
116
-148
38
109
-193
239
-156
-31
50
-55
16
117
-142
7
119
-96
-4
98
-73
-30
39
-10
-5
-4
8
-10
-1
0
0
-4
7
-7
0
2
15
-61
58
-15
37
-14
-45
0
-59
155
-54
-18
-47
70
-80
51
73
-129
75
28
-99
90
-38
-17
10
38
-59
-14
69
-18
-49
75
-6
-107
119
-109
49
56
-32
-81
133
-122
73
-1
-5
-31
42
-47
12
-5
31
-27
7
1
0
-1
-1
0
0
1
1
-1
-8
27
-30
4
-14
45
-43
31
4
0
-75
121
-134
80
32
-57
-52
109
-120
105
5
-77
47
18
-71
12
58
-39
-11
16
36
-90
98
-29
-76
129
-73
-52
79
-72
47
18
54
-156
58
0
44
13
-39
14
-60
60
-15
-4
0
5
-10
3
-4
0
-10
-4
27
-31
2
31
13
-65
-22
69
25
-19
-133
158
49
-185
46
96
-123
78
17
-97
102
-2
-27
-56
64
1
-3
-24
-5
38
-27
43
-43
-9
1
29
-4
-25
37
-2
-30
-24
41
-42
96
-65
-50
84
-43
1
34
-52
28
-11
8
2
1
-5
-4
1
-1
0
-1
-2
3
4
-2
-2
-7
10
-28
50
-36
-2
43
-86
48
64
-97
42
-42
24
31
0
-37
24
3
-30
-2
8
42
-44
27
-39
5
23
3
-2
-65
55
28
2
-103
97
-16
-78
122
-97
-46
184
-50
-159
132
17
-28
-71
21
65
-13
-32
-4
29
-29
3
5
0
-20
20
-14
12
69
-126
169
-21
-473
446
71
-308
307
272
-961
442
306
-224
-12
191
-400
255
219
-378
147
86
-163
44
86
-81
10
62
-62
37
-105
30
158
-66
-80
136
-221
77
85
-57
42
-43
61
-91
91
-55
3
20
5
-20
7
-8
-6
12
-2
3
-3
1
-1
0
1
-2
2
-4
2
-14
7
7
-7
19
-4
-20
-3
54
-92
91
-61
41
-43
57
-85
-77
220
-138
79
66
-159
-30
103
-36
60
-63
-10
80
-86
-43
161
-88
-148
378
-220
-257
398
-191
11
223
-305
-442
959
-274
-309
306
-71
-447
469
21
-169
125
-71
-14
12
-22
15
0
-13
22
-61
99
-143
115
689
-1244
290
398
-429
425
61
-249
383
-677
-172
875
-707
507
335
-704
191
68
-291
327
-258
203
8
-82
122
-97
74
-25
-321
360
-13
-253
432
-316
-110
295
-104
-13
-25
-1
62
-17
-31
7
-15
-2
7
15
5
-22
28
-18
-4
1
-2
2
1
0
-1
-3
1
-2
3
17
-29
23
-6
-16
-6
1
13
-7
30
16
-61
1
25
12
103
-296
110
316
-431
253
13
-360
321
24
-75
96
-123
83
-9
-205
259
-329
289
-68
-192
704
-336
-507
709
-875
171
676
-386
248
-61
-425
426
-398
-291
1241
-690
-116
142
-100
59
-24
8
0
1
-5
-1
-5
142
-187
-107
335
-463
321
306
-369
-310
695
-658
-177
1278
-814
-126
391
-450
-512
1296
-599
30
16
-140
54
58
-4
50
46
-217
261
-44
-528
454
243
-247
-192
230
-106
139
-146
-8
156
-154
28
87
-104
11
88
-87
21
60
-86
14
47
-47
17
8
-16
11
0
-12
16
-8
-17
46
-48
-15
85
-59
-21
87
-88
-12
103
-87
-28
154
-158
7
146
-139
105
-229
191
246
-244
-456
526
44
-261
215
-46
-50
3
-58
-54
138
-16
-31
599
-1300
513
451
-391
126
814
-1279
177
658
-696
307
368
-307
-322
460
-335
108
186
-143
4
-2
3
-6
0
21
-43
74
-100
221
-172
-446
517
272
-308
-437
-51
1644
-559
-2025
1052
886
-373
-345
258
-207
274
-282
233
-165
-7
87
-77
-18
338
-238
-220
19
369
-50
-286
-20
277
-13
-121
-108
163
-1
-38
-23
11
51
-10
-165
121
126
-71
-165
112
61
-78
20
32
-43
-15
45
2
-41
0
40
-3
-45
15
42
-33
-20
76
-63
-112
165
71
-129
-121
165
9
-51
-11
20
38
0
-165
107
120
12
-277
20
284
51
-367
-19
219
239
-339
19
77
-88
6
164
-234
282
-275
207
-259
345
373
-886
-1053
2024
558
-1647
48
434
305
-275
-517
445
171
-223
98
-77
43
-27
0
37
-57
44
-5
-272
244
482
-656
250
-63
-168
11
481
529
-1933
693
765
140
-921
-118
836
196
-775
190
97
-69
101
-158
13
264
-66
-403
149
399
-108
-336
213
24
-125
98
-16
-29
76
-12
-228
192
70
-41
-99
8
102
-3
-72
12
15
-17
36
-4
-34
-2
32
-5
-23
0
21
4
-33
1
34
3
-37
17
-15
-13
72
2
-105
-8
99
41
-69
-193
226
11
-75
29
15
-99
124
-24
-213
334
108
-398
-152
402
67
-264
-13
158
-100
70
-99
-191
776
-197
-837
118
921
-141
-765
-693
1931
-530
-483
-13
166
62
-249
654
-483
-246
271
3
-47
56
-41
0
12
-17
-57
80
140
-30
-624
843
-845
388
617
-108
-1119
1552
-1518
389
494
-32
-277
270
49
-1295
1492
-353
-68
71
-63
-1
-20
6
199
-324
-55
312
-268
130
425
-659
353
-80
-159
230
-148
108
-159
83
45
-9
-31
78
-94
-72
134
-19
-45
84
-54
-57
65
-12
-7
8
-6
0
6
-9
6
12
-65
56
53
-86
45
19
-136
72
93
-80
32
9
-45
-85
159
-108
149
-232
160
78
-352
658
-425
-130
266
-313
53
323
-199
-8
21
1
63
-73
71
352
-1495
1297
-47
-270
277
31
-494
-389
1517
-1554
1117
107
-617
-387
840
-842
622
27
-142
-81
53
15
-17
0
-5
-7
-48
63
-8
-177
664
-955
1084
-908
463
461
-1711
1586
-785
6
493
-327
89
309
-652
1260
-1399
440
101
-211
130
209
-194
1
104
-198
124
6
-157
365
-507
468
-203
21
152
-291
262
-178
65
-41
75
-68
26
8
-9
10
-1
-39
40
-27
18
0
-8
15
-12
1
-2
0
0
-2
12
-16
7
0
-20
28
-42
38
-1
-11
9
-10
-28
68
-75
40
-64
177
-263
291
-154
-21
201
-468
507
-365
156
-6
-125
197
-104
-2
194
-211
-130
212
-104
-440
1401
-1261
652
-309
-88
326
-493
-6
783
-1588
1710
-461
-465
903
-1082
954
-665
177
6
-63
45
7
0
0
-10
13
64
-64
-145
365
-731
940
-934
793
-585
377
116
-345
174
-323
672
-517
185
11
-78
298
-636
400
-110
154
-147
-17
133
-221
153
159
-309
244
-261
385
-416
414
-411
396
-308
105
-53
129
-93
12
52
-84
56
-19
-18
19
-38
52
-31
11
5
-13
13
-11
5
-2
1
0
-2
2
-7
9
-12
12
-4
-13
32
-55
40
-20
16
19
-59
83
-52
-13
91
-130
52
-105
305
-396
411
-415
415
-385
260
-244
307
-159
-153
222
-131
16
149
-155
110
-401
636
-298
76
-11
-185
517
-672
322
-175
343
-117
-378
582
-792
931
-940
730
-368
145
62
-66
-14
5
0
-13
21
44
-128
186
-253
432
-556
482
-348
291
-382
255
-249
899
-1042
419
-11
-58
131
-514
534
-186
106
-129
134
-101
95
-166
183
-84
-60
132
-134
164
-225
202
-170
188
-167
158
-179
209
-149
70
-58
86
-118
81
-58
55
-19
-15
-10
31
-20
6
-4
0
-1
3
-4
2
0
-3
4
-3
1
-2
4
-8
19
-34
10
13
20
-56
58
-83
117
-87
57
-72
148
-209
178
-159
166
-190
169
-202
224
-166
134
-132
60
83
-184
166
-95
99
-135
128
-107
187
-535
516
-131
57
11
-419
1041
-900
248
-256
381
-291
345
-482
555
-432
251
-188
127
-46
-23
10
0
-11
28
25
-97
218
-304
469
-651
368
-82
234
-417
350
-234
190
-311
337
-195
190
-287
317
-163
118
-271
229
-69
28
-54
32
30
-33
-31
34
79
-82
-51
84
-1
-58
62
-54
20
13
10
-32
35
-42
2
9
16
-24
23
-18
7
1
-5
4
-2
0
1
-4
3
-1
0
-1
-3
3
-1
-2
2
-5
5
-4
-7
17
-23
23
-17
-10
-3
41
-36
32
-11
-15
-21
53
-63
58
1
-85
50
80
-81
-36
31
30
-31
-32
53
-28
71
-232
272
-119
163
-317
287
-190
194
-337
310
-192
233
-352
415
-238
82
-370
650
-469
302
-220
95
-28
-29
7
0
-12
27
20
-79
156
-251
342
-370
163
-64
93
0
20
-208
191
-38
27
-45
26
10
-2
-33
16
35
-33
13
-44
63
-51
40
-35
-39
70
59
-122
66
-32
3
27
-55
71
-104
141
-42
-99
62
-4
43
-48
18
-5
-6
-13
22
5
-19
7
4
-8
1
0
-1
1
0
0
0
0
-2
7
-5
-8
19
-7
-22
12
5
4
-17
48
-43
3
-62
98
41
-141
102
-73
54
-28
-4
31
-66
121
-60
-70
39
34
-39
52
-63
42
-13
31
-36
-15
34
2
-11
-27
45
-28
38
-193
207
-22
-1
-93
64
-165
369
-342
250
-157
77
-24
-30
9
0
-10
6
10
-16
19
-17
45
-74
33
-7
-27
-14
116
-70
15
-6
-27
37
-38
17
-26
3
43
-8
-10
-10
11
-27
19
14
-17
13
-15
7
9
-24
14
-12
29
-44
54
-45
21
-6
4
1
-14
3
-12
33
-9
-9
-4
5
-5
2
5
5
-11
3
-1
0
-2
0
0
-1
-1
-4
11
-6
-5
-2
5
-6
4
9
9
-35
11
-3
13
-3
-5
5
-21
44
-55
44
-30
12
-15
24
-9
-8
13
-13
17
-15
-19
28
-13
8
8
7
-44
-3
24
-18
37
-38
26
6
-16
69
-117
13
25
4
-36
73
-44
16
-20
15
-12
-9
5
0
-2
-7
9
-12
13
-4
-19
28
-17
11
-5
-9
8
-28
55
-32
-6
5
0
1
3
-17
29
-17
2
-6
13
-8
-10
11
26
-56
40
-4
-21
15
-5
13
-7
-22
34
-25
10
0
-4
-4
17
-18
-1
10
-7
4
8
-27
23
-14
14
-16
5
1
0
-1
0
0
-1
1
0
-2
-6
13
-15
13
-23
26
-9
-5
5
-11
-1
17
-18
2
4
-1
-8
23
-34
21
5
-14
4
-15
21
1
-41
55
-26
-11
10
8
-14
6
-3
16
-31
18
-3
0
0
-5
6
31
-57
26
-10
7
3
-14
15
-30
18
2
-13
10
-12
6
-2
0
-7
3
0
-3
6
-12
17
-9
-12
16
-2
-22
31
-18
1
-3
6
-3
-1
-14
18
0
-6
7
-5
5
-20
13
-5
22
-25
4
25
-25
4
4
-1
-3
-7
-2
23
-14
-4
-15
22
-4
-13
32
-25
14
-27
9
19
-14
0
2
2
-4
3
-2
1
0
0
0
0
-1
-1
1
-2
4
-2
-3
0
14
-19
-10
26
-14
24
-33
12
4
-22
14
3
12
-23
2
6
2
1
-4
-5
24
-26
-5
26
-22
4
-13
20
-7
4
-7
5
0
-18
13
0
1
-6
2
-3
16
-32
21
1
-18
10
8
-18
11
-6
1
-2
-4
2
0
0
0
-5
-2
12
-13
13
-17
8
18
-27
2
-4
3
25
-18
-11
6
14
-20
12
-13
16
1
-25
19
5
-8
0
5
-7
3
-6
-6
17
-6
7
-6
-14
30
-31
12
-5
4
0
-8
2
-6
16
-19
16
-3
-19
21
-19
20
-16
14
-8
-3
0
-1
-1
0
0
0
-2
2
6
-14
16
-21
18
-22
18
2
-18
17
-17
5
-2
6
0
-4
4
-13
30
-31
13
5
-7
6
-18
5
4
-3
7
-5
1
7
-6
-20
25
-2
-16
12
-13
19
-14
-8
11
17
-26
-5
2
-4
25
-20
-9
15
-14
12
-13
1
2
-1
-4
0
-2
0
0
4
-9
3
1
-3
-2
9
0
-20
29
-25
9
11
-20
12
0
-7
9
-18
17
-5
3
2
-17
18
-1
-1
-9
3
-9
16
11
-34
25
-9
-10
0
32
-33
-1
10
4
1
4
-32
36
-15
-4
5
-1
-1
7
-2
-13
-1
9
-1
-5
1
0
0
-1
-1
2
0
-10
-2
13
2
-8
0
0
-6
4
13
-37
32
-4
-2
-5
-10
0
32
-32
0
9
8
-25
33
-11
-18
8
-4
8
0
1
-18
16
-3
-2
5
-17
17
-8
6
-1
-13
20
-11
-10
23
-30
19
0
-11
0
3
-1
-5
8
-6
-3
0
-4
0
-3
6
-6
3
-5
-1
4
0
-1
2
5
-16
-3
10
-7
-8
29
-30
15
-8
8
0
3
-6
-9
9
-6
19
-22
15
1
-22
15
3
-8
-1
-2
19
-44
34
6
-28
19
-11
11
-1
-15
0
27
-27
26
-29
22
-8
-5
8
-12
6
3
-4
4
-3
1
0
-1
3
-4
4
-2
-8
12
-8
4
7
-23
28
-27
27
-28
0
14
1
-11
11
-20
28
-7
-35
44
-20
1
1
7
-5
-17
21
-2
-15
24
-20
6
-10
8
5
-4
-1
-8
8
-15
29
-29
8
6
-11
1
14
-7
-5
2
-2
-6
1
4
-4
3
-7
-2
0
10
-5
2
-12
13
-12
7
6
-8
0
-5
7
-9
11
1
-16
4
4
8
-10
5
-4
-3
13
-26
26
-3
-12
6
-9
16
-2
-15
24
-40
43
-23
12
-11
8
-8
4
6
-22
6
18
-9
7
2
-6
-19
11
-2
13
-11
1
0
1
-1
-3
2
-3
1
0
-1
1
-3
2
1
-2
0
-1
11
-14
2
-12
17
5
-3
-7
8
-19
-6
21
-7
-4
7
-8
11
-12
23
-43
40
-25
15
2
-15
9
-6
12
3
-27
25
-13
4
3
-5
10
-10
-4
-5
16
-2
-12
7
-7
3
-2
7
-7
-9
12
-14
10
-5
5
-14
0
2
-2
1
-3
9
-14
3
11
-17
8
18
-32
19
4
-19
-1
16
-2
-3
6
-3
-11
5
13
8
-27
0
23
-29
11
15
-16
21
-19
-1
-15
9
5
25
-22
-4
15
-32
13
15
-17
4
10
4
-30
33
-18
-5
12
-7
0
4
-7
1
1
0
1
-2
0
1
-2
0
-1
-1
6
-5
0
5
-13
4
18
-36
30
-4
-10
-5
17
-18
-13
31
-16
3
22
-25
-5
-10
14
-1
19
-20
15
-15
-11
29
-23
-3
27
-9
-14
-5
11
3
-6
2
3
-18
1
18
-5
-20
30
-19
-10
16
-11
-3
13
-10
2
-3
2
-7
0
-5
5
-5
0
-1
-1
0
6
-2
-12
9
2
5
-21
12
-3
-4
6
-11
13
-7
13
-4
-14
9
7
-20
13
-3
11
-39
47
-10
-8
4
-13
-5
12
15
-16
-18
18
3
-15
3
-4
8
14
-15
-5
-4
8
4
4
-6
-15
8
12
-7
-3
-1
-1
-2
0
-1
0
-1
2
6
-13
-8
14
5
-4
-5
-8
2
5
15
-14
-10
3
-4
14
-3
-19
16
15
-16
-12
4
12
-6
9
10
-47
40
-12
0
-12
18
-7
-10
14
3
-14
7
-13
11
-7
3
3
-14
20
-6
-3
-10
10
0
-7
-1
0
0
-1
2
-6
2
0
-6
3
2
1
-8
5
-2
1
-9
14
-8
1
0
1
-11
23
-17
0
-4
15
-17
8
5
-14
23
-22
5
7
-1
-14
34
-26
4
-11
13
5
-5
-8
7
-10
4
15
-20
9
0
5
0
-14
9
-6
16
-34
40
-20
-2
15
-17
5
-2
1
1
0
1
0
-1
0
-1
-2
2
-7
16
-16
3
19
-39
35
-17
6
-9
14
-1
-5
-1
-9
19
-16
-5
9
-8
7
5
-6
-14
11
-3
26
-34
14
1
-8
-4
22
-23
13
-6
-8
17
-15
5
-1
15
-23
11
-3
0
-3
7
-16
7
-1
1
-5
6
-2
-6
-5
4
0
2
0
-2
-2
1
3
-1
-2
-1
1
0
-2
-1
-1
-1
0
0
-1
-2
-1
1
3
1
-3
-3
0
3
1
-2
-1
2
1
-1
-2
-2
0
0
1
2
0
-1
0
0
-1
-3
-1
3
2
-2
-4
-1
1
0
-3
0
2
2
-2
-3
0
1
0
-2
0
1
0
-2
-1
2
2
-3
-3
1
2
-1
-3
1
4
2
-3
-4
-2
1
0
-1
0
1
-1
-3
-4
-3
0
1
2
0
-1
-1
0
2
-1
-2
-1
3
3
-1
-3
-2
1
0
0
-1
-1
0
0
1
0
0
-3
-2
1
-1
-3
-2
0
1
-1
-5
