-8
-14
11
-7
-14
-20
35
-18
2
9
-30
22
-30
1
25
-40
36
-8
-9
7
-9
-13
13
-2
7
-9
0
-2
0
-2
1
-1
0
1
-3
-1
0
1
-1
0
0
2
0
0
0
1
-4
0
1
-3
-1
-3
1
-2
-1
2
-4
1
0
-1
0
-1
-1
-1
0
0
0
-1
1
0
1
1
-4
3
0
-2
1
0
1
-1
2
2
-3
2
1
0
0
1
0
0
0
1
0
0
-1
2
0
-1
2
-1
1
0
1
-8
9
0
14
-11
-9
9
-8
-7
37
-38
28
5
-27
26
-27
11
4
-13
39
-16
-11
1
16
-7
-8
-14
12
-6
-17
-19
38
-29
18
-3
-24
43
-62
6
33
-58
64
-30
0
13
-19
-5
14
-22
19
-8
-1
3
-5
1
-1
-4
2
1
-3
1
-1
0
1
2
-3
2
0
-1
2
-1
-1
4
-1
-3
0
-1
-1
0
3
-3
1
-4
2
-3
-1
0
-1
-1
0
0
0
0
0
-1
2
-4
2
-2
3
0
0
0
0
-3
0
3
0
-2
2
-1
0
1
-3
3
0
-1
-2
2
-1
1
2
-2
0
1
-4
4
-1
-6
21
-21
16
-4
-18
15
1
-28
65
-56
36
9
-58
46
-21
1
20
-26
41
-16
-14
3
17
-6
-8
-16
16
-2
-22
-12
30
-75
105
-78
43
24
-80
58
-52
17
1
-17
27
-19
10
9
-28
32
-28
0
4
-7
3
1
-5
4
-6
2
-1
-2
0
2
-1
1
0
-1
0
1
0
0
-1
2
-3
0
0
-2
-1
0
0
-1
2
-5
0
1
-1
1
-1
-1
0
1
-1
0
-1
1
1
-4
3
0
1
-1
-1
-1
1
1
-2
2
0
0
1
0
-1
-1
0
1
-1
2
1
0
0
2
-6
4
-4
1
4
-5
6
3
-27
34
-26
10
11
-19
28
-15
2
20
-49
61
-77
28
45
-75
107
-70
34
-9
-20
4
20
-8
-8
-15
16
0
-25
0
17
-112
178
-151
103
-24
-29
54
-99
109
-91
22
8
-37
42
-27
28
-28
12
11
-17
4
-2
-6
4
0
-5
4
-2
3
-2
-1
-1
1
-1
1
-2
0
1
-4
3
-1
2
-2
-6
4
0
-4
6
-6
-1
-2
-1
-1
0
-1
-1
0
-1
1
0
0
1
0
0
0
0
-3
7
-2
1
3
-3
-1
3
0
3
-4
1
1
-1
1
-1
2
0
0
-1
2
-2
5
-5
1
4
-5
-1
5
-16
13
13
-27
31
-27
43
-37
10
24
-90
113
-94
57
-25
-21
105
-149
180
-108
19
3
-22
7
19
-7
-11
-16
15
-3
-22
23
-27
-49
96
-65
31
-80
109
-70
21
-20
11
7
-7
19
-49
40
-9
-12
-10
10
5
-12
4
2
-9
9
-6
1
-1
2
-1
-1
1
0
0
2
-1
2
0
-4
3
-1
-3
2
-6
1
0
-4
2
-2
1
-2
-1
-2
0
1
-1
-1
-1
-1
0
1
0
-2
1
-1
2
-2
3
-2
0
3
-5
4
-2
-1
3
-3
0
3
-1
2
0
0
1
-1
0
2
-2
2
-6
10
-7
3
5
-12
7
11
-9
-10
-7
42
-48
18
-6
8
12
-17
25
-67
112
-77
33
-62
98
-44
-23
26
-19
4
21
-7
-9
-16
15
-6
-19
32
-54
29
-25
72
-110
13
67
-93
94
-71
59
-68
71
-31
-21
6
16
-4
-22
16
-12
3
0
-1
-4
0
1
-3
8
-6
2
0
-2
2
0
-2
2
-2
3
-1
2
-1
-2
0
-1
0
-1
0
-2
0
-1
0
-1
0
-2
-1
-1
-1
0
0
0
1
-1
-1
1
1
0
1
-1
2
0
1
-1
2
-1
-1
2
0
3
-3
2
-2
1
2
-2
0
2
-6
8
-3
1
2
-2
-2
1
5
-10
16
-20
-3
17
7
-20
-29
73
-67
60
-68
98
-90
70
16
-106
77
-24
33
-50
36
-15
2
19
-8
-9
-15
15
-9
-15
33
-63
64
-59
73
-119
47
27
-72
121
-115
57
-27
31
-38
30
-42
34
-3
1
-15
2
4
-4
5
-9
-2
3
-6
10
-7
4
-1
-2
3
-1
3
-3
3
-1
0
-1
1
-2
2
-3
1
0
2
-4
2
-4
0
1
-2
-1
0
0
0
1
0
0
1
-1
0
2
-1
-3
2
-1
2
0
0
-3
1
-1
1
2
1
-1
2
-2
3
-1
3
-1
0
4
-6
9
-5
3
0
-8
7
-3
3
2
-13
2
-2
35
-39
31
-37
31
-26
58
-112
124
-69
30
50
-116
75
-57
67
-60
36
-12
-1
20
-8
-9
-15
17
-10
-13
32
-62
68
-78
90
-130
63
15
-63
109
-101
47
-24
27
-39
36
-45
25
3
4
-15
3
2
-11
13
-13
-2
7
-12
9
-3
0
-2
1
1
1
0
-2
0
0
-3
3
-1
-1
1
-3
-1
0
3
-3
0
-2
1
-3
-1
0
0
-1
-1
0
0
0
0
0
1
-2
2
-1
0
-2
4
0
2
-2
0
0
0
4
-2
0
0
-1
0
1
1
2
-2
1
-1
9
-11
7
0
-12
15
-10
4
4
-15
4
3
26
-42
38
-37
29
-22
48
-98
113
-60
18
65
-127
92
-76
70
-58
37
-12
-3
20
-7
-11
-14
17
-9
-15
33
-62
51
-35
37
-87
29
43
-85
139
-139
84
-41
21
-20
21
-24
3
16
-10
-1
-10
4
-2
3
-4
-6
4
1
4
-5
-2
3
-2
1
2
1
2
-5
4
2
-3
2
0
1
-1
-2
0
-3
1
-1
-2
2
-2
-2
1
0
-1
0
-1
0
0
0
2
-2
0
2
-1
0
2
-3
1
0
-1
1
1
1
-2
2
5
-6
1
1
2
0
-2
4
-1
-4
4
2
4
-4
-3
4
-2
4
-8
0
-9
18
4
-23
23
-19
23
-41
85
-135
141
-81
46
34
-84
40
-33
56
-58
37
-12
-2
21
-7
-10
-15
17
-8
-21
28
-55
6
54
-46
-1
-43
97
-113
153
-143
69
-25
-21
45
-48
32
-40
37
-31
25
-12
-7
14
-19
13
-5
-8
12
-12
7
-1
0
1
1
-1
-1
-3
5
0
-1
-5
6
-1
-2
0
-2
0
-2
2
-2
1
-2
0
0
-1
1
-1
0
0
0
-1
0
0
0
0
-1
1
-1
3
-1
0
-2
1
-1
0
7
-5
-1
0
6
-2
-1
0
1
1
1
-1
8
-11
12
-8
-5
14
-18
16
-6
-9
26
-30
39
-38
33
-46
46
-19
-25
70
-140
156
-110
100
-39
2
-42
56
10
-50
32
-18
-1
22
-7
-10
-15
17
-5
-28
11
-9
-96
231
-211
163
-122
44
6
-80
108
-98
48
-29
14
9
-1
20
-53
32
-14
8
-2
-11
8
-9
4
9
-11
11
-9
1
1
-2
3
0
-1
4
-5
2
-2
2
-3
0
0
-1
-3
2
-4
0
-2
0
-2
-1
0
0
0
-1
0
0
0
-1
-1
0
0
1
-2
1
1
1
-2
3
-1
-1
2
1
-2
3
0
3
-6
4
-1
1
4
-1
0
2
-8
12
-9
9
3
-8
10
-10
-2
9
-13
33
-52
23
0
11
16
-28
48
-97
111
-77
8
46
-118
167
-210
233
-91
-4
15
-25
1
21
-7
-9
-15
16
-5
-26
-13
45
-107
167
-116
90
-27
-105
93
-105
69
7
-14
33
-38
5
-7
-15
34
-24
12
-5
-8
7
-6
-4
6
-2
-1
7
-11
5
-1
-4
5
-2
-1
6
-9
0
1
0
8
-9
2
-1
-1
1
-2
1
0
-2
0
-2
-1
0
0
-1
0
-1
0
1
0
0
0
-1
1
-1
1
2
-1
1
-1
0
3
-8
9
0
1
1
-8
6
-1
-1
5
-3
0
6
-10
7
0
-2
6
-2
-5
9
-7
-3
13
-23
35
-13
-5
6
-36
34
-13
8
73
-100
97
-101
-23
93
-114
168
-103
49
-9
-23
2
21
-6
-10
-13
13
-7
-17
-24
68
-26
-60
93
-117
83
-40
-30
118
-138
100
-48
-30
49
-36
16
8
-24
13
-9
1
3
-1
-7
11
-13
-5
7
-9
10
-1
-2
-1
1
-2
3
6
-3
-4
5
-13
26
-17
2
-1
-1
-1
-1
0
-1
1
-1
0
-2
-1
1
0
-1
0
0
0
0
-1
-1
-1
-1
2
0
1
0
-1
-1
-1
4
-16
26
-13
4
-3
-4
6
2
-2
1
0
-1
0
11
-9
9
-5
-12
13
-5
0
5
1
-7
14
-23
10
19
-35
50
-29
-47
101
-134
122
-26
-38
86
-114
97
-58
-21
71
-22
-14
1
17
-5
-9
-11
10
-13
-3
-15
50
33
-216
197
-140
68
83
-117
62
-47
-26
51
6
-32
19
-4
-30
31
-15
1
10
-22
13
-1
-1
-2
-2
-1
-4
16
-11
2
-2
-1
3
1
0
-9
16
-11
3
13
-22
10
-3
0
-1
0
-1
1
-1
-1
-1
-2
-1
0
0
-1
-1
0
-1
0
-1
-1
1
0
0
2
0
1
-2
-1
-1
9
-21
14
3
-12
16
-10
2
1
3
0
-1
3
-10
16
-4
-1
-2
0
0
0
13
-21
10
3
-15
33
-28
-4
19
-30
8
53
-25
-44
65
-113
86
71
-137
200
-214
36
53
-12
0
-6
14
-3
-11
-6
0
-15
18
1
-47
50
-75
21
98
-81
-53
63
-12
-21
51
-56
-6
27
20
-37
11
-11
-2
18
-6
-10
0
8
-6
-7
5
6
-10
9
-3
-3
1
4
-4
-1
3
2
-3
-4
7
-1
-3
4
-4
1
-3
1
-2
1
-2
0
-3
-1
-2
-1
-1
-1
0
0
0
0
-1
0
-2
2
-1
2
-2
3
-2
2
-2
4
-2
-2
6
-3
-2
3
3
-1
-4
4
3
-2
-2
10
-9
7
5
-7
-5
9
2
-9
-5
18
-1
-9
12
-35
20
29
-5
-55
52
-18
-8
66
-50
-77
102
24
-73
55
-43
5
21
-8
4
2
-10
0
-15
-9
21
-1
-61
-31
209
-147
-61
60
60
-78
-39
74
-8
-26
-6
17
11
-34
11
-6
9
-9
3
-3
1
-5
1
5
-5
-2
0
8
-8
2
0
2
-2
-1
4
2
-4
-2
6
-2
-3
0
0
-2
-1
0
-2
-1
0
-1
-3
0
0
-1
0
0
0
0
-1
0
1
1
-2
0
0
1
-1
1
0
-1
2
0
-2
-2
6
-1
-3
0
4
-1
-2
2
0
2
-8
9
0
-2
-5
5
2
-5
1
-1
4
-8
11
-5
12
-31
12
19
-4
-25
-7
78
-36
-73
64
64
-58
-144
210
-27
-59
3
24
-1
-10
8
-9
4
-27
13
-20
-13
83
-50
-125
125
25
-82
13
15
9
-21
4
3
-26
47
-34
-10
11
7
-4
-10
7
-6
1
3
-6
2
-2
1
-5
4
-1
0
0
1
-1
0
-2
7
-3
1
-3
4
-2
-2
0
0
-1
0
-1
0
-2
0
-1
-1
-2
0
0
-1
-1
0
0
0
-1
0
0
0
-1
0
1
0
-1
1
1
-1
-1
4
-3
1
-3
6
-2
0
0
1
0
0
-1
4
-4
2
-2
3
-5
4
1
-5
7
-8
-3
9
13
-9
-33
48
-24
5
5
-18
14
18
16
-79
29
130
-123
-47
89
-8
-18
20
-22
13
-21
14
-30
24
-25
-4
-2
21
0
-28
-2
-2
-9
20
-3
-10
-5
1
-2
6
1
-13
6
-3
2
-4
1
-2
-1
0
-2
-2
4
-2
0
0
-1
-1
1
-2
0
1
2
-2
2
-4
1
1
1
-2
0
-2
-1
0
-3
2
-2
-2
0
0
0
-1
-1
0
0
0
1
0
0
1
-1
-1
-1
2
-1
2
1
0
1
-2
2
0
3
-4
2
-1
2
-1
0
-1
1
1
-2
-1
0
-1
4
-1
-1
1
0
-1
3
-3
3
-2
7
-11
1
7
-1
2
-4
-7
0
22
-5
1
0
-24
2
24
2
-1
-22
30
-26
22
-1
-7
-12
1
-3
-2
-5
-3
3
-2
-4
0
-3
-2
0
-3
-2
-1
-2
-1
-1
-1
-1
-2
-1
-1
-1
0
-1
-1
0
-1
1
0
-1
0
1
-1
-1
-1
1
0
1
0
1
-1
0
1
-1
0
-1
0
-1
0
0
-1
0
0
-2
-1
-1
0
-1
-1
0
0
-1
0
0
0
-1
-1
0
0
1
2
0
0
0
0
0
1
-1
0
1
0
0
0
1
-1
1
0
1
0
0
0
1
-1
0
-1
0
1
-1
0
0
0
0
2
-1
2
0
0
-1
0
2
0
-1
2
-1
0
5
0
-2
2
-1
8
-7
1
-13
-3
-4
-5
-1
-3
-2
-2
-4
0
-2
-2
-2
-2
-3
-2
0
-3
0
-1
-1
0
-1
0
-2
0
-1
0
-2
0
-1
1
-1
1
0
0
-1
0
1
-1
2
0
1
1
-2
1
0
-2
0
-1
-1
0
0
0
-1
1
-2
0
0
0
0
-1
0
-1
-1
0
0
0
0
0
1
1
-1
1
-1
2
0
1
1
-1
1
-2
0
2
-1
1
1
-1
2
0
0
0
1
1
-1
1
-1
0
1
1
-1
1
0
1
-1
1
0
1
-1
0
0
-1
1
1
-2
1
0
1
1
2
-2
0
1
0
0
3
0
4
-9
-5
-2
-5
-2
-2
-2
-3
0
-3
-1
-1
-3
-2
-1
-4
-1
0
-1
-2
0
-2
-1
-2
-1
-1
-1
-1
-1
-1
-2
1
-1
0
-1
1
-1
0
0
-1
2
-2
2
-1
-1
0
-1
-2
1
-2
0
0
-1
1
-1
-2
-1
-2
0
-2
-1
0
-1
-1
0
0
0
0
0
-1
1
-1
0
1
-1
1
-1
0
0
-1
1
-1
0
0
-1
-1
2
-2
2
-1
0
-1
0
0
0
1
-1
1
0
0
-1
0
0
-1
1
-1
1
-1
2
-1
0
1
0
-2
1
-1
0
1
2
-1
2
0
1
0
1
1
1
2
-8
-4
-3
-5
-1
-2
-2
-4
-2
-1
-2
-3
-1
-1
-3
-2
0
-1
0
0
-1
-1
0
0
-1
0
-1
-1
-1
-1
-1
-1
-1
2
0
0
-1
1
-1
0
0
1
0
0
0
0
0
0
-1
0
-1
-2
-1
0
0
-1
-1
0
-1
-1
0
-1
0
0
0
0
0
0
0
0
-1
1
-1
-1
-1
1
0
-1
1
1
0
0
0
0
0
0
0
0
0
0
0
1
0
0
0
0
-1
0
1
-1
-1
0
0
-1
0
0
1
-2
1
0
0
0
1
1
-2
2
0
0
0
2
0
0
0
1
1
0
1
2
-10
-3
-3
-6
-2
-2
-4
-1
-2
-1
-2
-2
-2
-1
-2
-3
0
-1
-2
-1
-1
-2
-1
0
-3
1
-2
-1
0
-1
0
-2
0
2
-1
0
0
0
-1
0
1
1
-1
0
0
0
-1
-2
-2
1
-2
0
-1
1
-2
1
0
-2
-1
0
1
0
-1
0
1
0
0
-1
0
0
-1
0
1
1
0
1
-1
1
-2
2
-1
-1
0
1
0
1
-1
2
0
1
1
0
0
0
-1
1
0
-1
0
-1
1
1
-1
3
-2
0
0
-2
1
1
-1
0
0
0
1
1
1
1
1
1
0
1
-1
-1
1
0
1
2
-9
-5
-4
-5
-3
-2
-2
-3
-3
-1
-3
-1
-3
-2
-1
-4
0
0
-1
-3
0
0
-2
-1
1
-1
-2
-1
-1
0
-2
-1
0
0
0
-1
2
-1
1
0
-1
1
0
0
1
-1
0
-1
0
0
-1
0
0
-2
0
-1
-1
-1
-1
-1
-1
-2
-1
0
-1
0
0
0
0
0
-1
0
0
-1
1
-1
1
1
-1
0
1
-1
0
0
0
0
-1
0
-1
1
2
-1
1
0
0
1
0
0
1
0
0
0
0
0
0
-1
0
-1
1
-1
0
0
0
-1
2
0
0
1
0
1
-1
0
0
0
0
1
1
2
-7
-5
-4
-4
-2
-3
-1
-3
-1
-2
-1
-3
-2
-1
-6
0
-4
1
-2
-1
0
-1
0
-1
-1
-1
-1
-2
0
0
-1
-2
-1
-1
1
-1
1
0
0
1
-1
1
0
1
0
-1
0
-1
-1
0
-2
1
-2
1
0
0
0
-1
0
-1
-1
-2
0
-2
0
-1
0
0
0
0
0
0
1
0
1
2
-1
1
-2
0
0
-2
0
0
1
0
0
1
-1
1
0
-1
1
-1
1
1
-1
0
-1
0
1
-1
0
0
0
0
1
0
0
0
0
2
-3
3
-3
1
1
0
1
0
0
0
3
0
1
1
0
1
-8
-5
-3
-5
-1
-3
-4
-3
1
-3
0
-2
-1
-1
-2
-2
1
-3
0
-1
0
-1
0
-1
-1
-1
-1
-1
-1
-1
0
-2
1
-1
-1
-1
0
0
0
0
-1
-1
1
0
-1
0
-1
1
-1
0
-2
-1
-2
0
0
0
-1
0
-1
0
-1
0
0
-2
0
0
0
0
0
0
0
0
0
1
0
1
-1
0
-1
0
0
2
-2
1
0
-1
2
0
-1
1
0
0
1
-1
0
0
1
-1
1
0
0
-1
-1
1
-1
-1
-1
0
0
0
0
-1
2
0
0
0
1
1
2
-1
3
0
0
0
1
0
1
1
-9
-4
-3
-5
-2
-3
-3
-2
0
-2
-2
-2
-2
-1
-3
-2
0
-2
-2
-1
-2
-1
-1
0
-1
-1
-2
0
-1
-1
-2
0
-1
-1
1
-2
1
0
1
0
0
0
-1
1
-1
0
0
0
0
0
0
-3
1
-1
-1
0
-1
-1
-1
-1
-1
-1
-1
0
0
0
0
-1
0
-1
-1
-1
0
1
-1
0
1
-2
1
0
0
0
0
0
0
1
-1
0
0
1
0
0
0
1
1
0
-1
1
-1
0
0
0
0
1
-1
0
0
0
-2
0
0
0
1
1
-1
0
1
1
0
1
0
0
0
1
0
1
-1
3
-9
-4
-3
-4
-2
-2
-3
-2
-1
-2
-2
-2
-2
-2
-2
-2
1
-1
-2
-1
-1
-1
-1
-2
0
-3
0
-3
0
-2
0
-1
0
1
1
0
1
-1
-1
-1
1
-1
0
0
1
-1
1
0
1
-1
1
-1
0
-1
-2
-1
-1
0
-1
-1
-1
-1
-1
-1
1
0
1
0
0
-1
0
0
-1
0
0
1
0
-1
0
0
1
0
0
-1
1
0
0
0
2
-1
0
0
1
0
1
0
0
0
0
-2
1
-1
1
-1
1
0
1
1
0
-1
0
0
1
0
2
0
0
0
1
-1
1
0
-1
0
0
1
1
2
-9
-4
-3
-4
-2
-4
-2
-3
-1
-1
-2
-2
-1
-2
-1
-2
-1
-2
0
-1
-1
0
-1
-2
0
-1
-1
-1
-2
-1
0
0
0
-1
0
0
0
1
0
1
0
-1
1
0
1
1
-1
1
-2
0
-1
-1
0
-1
0
-1
-1
-1
0
-1
0
0
-1
0
1
1
0
0
0
0
0
1
0
0
0
0
2
1
-1
1
-1
0
0
0
0
0
1
0
0
0
0
0
0
0
0
0
0
-1
2
-1
-1
0
0
-1
1
-1
0
0
0
0
1
0
0
1
2
-1
1
-1
0
1
2
1
0
0
1
1
1
1
-8
-4
-3
-4
-3
-2
-2
-2
-2
-2
-2
-1
-3
-2
-1
-2
0
-3
1
0
-2
0
-2
-2
0
-2
-1
-1
-1
0
-1
-1
0
-2
1
-1
-1
1
-1
1
-1
1
1
0
-2
0
1
-1
0
-1
-1
-2
-1
-2
0
-1
0
-1
-1
-2
-1
0
-1
0
0
0
0
-1
-1
-1
0
0
0
-1
1
-1
0
-1
0
-1
0
-1
1
1
-1
-1
2
0
-1
0
1
-1
-1
0
2
-1
0
-1
0
0
-1
0
0
-1
1
-1
0
0
-1
0
3
-1
1
0
2
0
0
2
0
1
0
0
0
0
-1
1
2
1
-9
-4
-3
-3
-1
-4
-2
-1
-2
-2
-1
-3
-2
-2
-4
0
-1
1
-1
-1
-1
-2
-1
1
-2
-1
0
-1
-3
0
-1
0
-1
-1
0
-1
-1
0
0
0
-1
1
0
1
0
-1
-2
0
-1
1
-1
-1
-1
0
0
0
-2
-1
0
-1
-1
0
-1
0
-1
0
-1
-1
0
0
0
0
0
1
0
0
0
0
-1
1
0
1
-1
-1
1
0
-1
1
-1
0
0
1
-1
1
0
1
-1
1
-1
0
-2
1
0
0
-1
2
0
1
0
0
-1
0
0
2
-1
-1
1
-1
0
1
-1
0
1
0
1
2
1
1
-3
-4
-2
-2
-1
-2
-2
-2
-1
-1
0
-1
-1
-2
-2
-2
0
-1
-1
0
0
-1
-2
-1
-1
-1
0
-1
0
-1
-1
-1
0
-1
0
0
0
0
-1
-1
0
0
0
-1
0
0
0
0
0
0
0
0
0
0
0
0
-1
-2
0
0
0
0
0
0
0
-1
-1
-1
0
0
0
0
-1
-1
0
-1
0
0
0
-1
0
0
0
0
0
0
-1
0
0
0
0
-1
0
0
-1
-1
0
0
0
-1
-1
1
1
0
0
0
0
-1
-1
0
0
0
0
1
1
0
0
1
1
1
0
-1
0
0
0
1
1
0
