-9
-5
-3
-6
-2
-4
-1
-3
-1
-2
-1
-3
0
-3
-2
-2
-2
-2
4
-2
-2
-1
-1
0
0
0
0
-1
-1
0
-2
0
0
0
0
-1
-1
0
0
-1
0
0
0
-1
1
0
0
-1
0
-1
-1
-2
0
-1
0
0
0
0
0
-1
0
-1
0
-1
0
-1
0
-1
0
-1
0
-1
0
0
1
0
0
-1
1
0
1
0
0
0
1
-1
0
0
0
0
1
-1
0
0
1
0
0
-1
0
0
-1
0
0
-1
0
0
0
-1
-1
-2
5
-1
-1
0
1
-1
2
-1
0
0
0
0
1
-1
0
1
1
1
-9
-6
-4
-5
-3
-4
-1
0
-3
-4
-5
-2
-2
-1
-4
-4
2
1
-3
-4
1
-3
1
-1
-2
-1
0
0
-2
0
-2
-1
0
0
-1
-1
0
0
-1
2
-1
1
1
0
-1
0
0
-2
-1
-1
-1
0
-1
-1
-1
-1
-1
-1
-1
0
-1
0
0
-1
0
-1
0
1
0
0
0
1
0
-1
0
1
0
1
-1
-1
0
0
1
1
-1
0
0
1
-1
1
0
0
0
0
1
0
0
-1
-1
0
-1
0
1
1
-1
1
3
-3
2
-4
-2
2
3
-1
-1
3
2
2
-1
1
-2
3
1
0
0
1
1
2
-8
-8
-3
-5
-3
0
-2
-11
4
-1
11
-45
41
-16
-3
-4
-13
71
-89
7
22
-3
-5
1
-2
0
-1
0
-1
0
-1
-2
1
0
0
-1
0
0
0
2
-2
1
1
0
-2
2
-2
0
-2
-1
-1
3
-3
0
-1
-2
0
-2
-1
0
-1
1
-1
-1
0
0
-1
1
-1
0
1
-1
1
0
1
2
-3
3
-1
1
-1
1
-1
4
-1
0
0
2
-2
3
0
-1
1
0
1
0
1
-1
0
0
0
1
-1
0
-1
1
-4
0
23
9
-87
75
-12
-1
0
-12
44
-42
14
2
6
-8
1
5
0
1
1
2
-9
-6
-4
-6
-3
-2
-2
-13
8
-20
28
-1
-15
2
-11
-3
7
-57
81
-16
-10
-1
-15
7
2
-5
0
1
-2
3
-6
0
-1
0
0
0
-1
0
-2
3
-6
4
-1
2
1
-1
-1
0
0
-1
-1
-1
-2
0
-1
-2
0
-2
-2
1
0
-2
0
0
-1
0
-1
-1
-1
0
0
1
1
-2
0
1
-1
1
0
1
1
-1
0
1
0
3
-1
5
-5
3
-2
1
-1
0
0
1
-1
3
-5
4
-1
3
1
-4
3
9
-13
0
-9
-16
84
-54
8
0
-8
5
-12
2
30
-17
10
-9
2
1
0
1
1
3
-9
-6
-3
-7
-13
17
-12
0
-10
25
-39
-71
134
-38
-29
11
-4
-41
60
-14
-3
-5
-9
4
2
-5
-3
-2
0
3
-10
5
-1
-2
1
-1
1
1
-2
4
2
-7
6
-3
5
-5
0
1
1
-2
-3
1
0
-1
0
-1
-2
0
-1
0
0
-2
-1
-1
0
-1
0
0
0
-1
-1
1
0
1
0
0
-1
2
-3
0
2
0
1
-5
5
-2
5
-6
2
3
-2
1
0
-1
1
0
-1
5
-8
5
1
0
-1
-3
4
5
-7
-3
-2
-12
61
-39
-3
13
-25
-35
136
-68
-35
28
-8
5
-9
22
-9
2
2
2
-8
-7
-1
-11
-6
11
-7
-4
-9
11
-28
51
-67
26
-1
0
-1
-24
45
-95
100
-36
-8
6
-4
2
1
-10
0
7
-10
2
0
-2
1
-1
-2
4
-1
2
1
-11
21
-14
2
-2
5
-1
-3
-1
1
-3
1
-1
-1
1
-2
0
-1
0
0
0
-1
0
-1
1
0
-1
-1
0
0
-1
-2
2
1
0
2
-2
1
1
-2
0
5
-2
3
-14
20
-10
1
1
-2
5
-2
-1
1
-1
0
4
-9
9
1
-9
2
3
-3
7
-6
-35
102
-93
47
-22
0
3
2
29
-62
53
-25
14
-7
0
-4
15
-3
-3
4
1
-9
-10
1
0
-8
-4
1
-34
28
12
-19
22
-65
45
-21
2
9
21
-64
35
4
-7
-3
-1
6
-13
6
-1
-3
0
3
-2
0
0
0
-4
2
0
1
-2
-4
13
-13
2
17
-14
-1
-2
2
0
-2
-1
0
-1
0
2
-1
-1
-1
-1
0
0
-1
-2
-1
-1
0
0
1
0
0
0
-1
3
0
-1
1
0
0
1
3
-2
-1
-12
16
4
-14
12
-3
-3
2
2
3
-4
1
1
0
-2
5
0
-2
1
8
-12
7
0
-1
-5
5
37
-63
23
10
6
-17
50
-62
24
-16
17
30
-30
5
0
-4
8
5
-1
18
-49
6
23
2
20
-44
-13
12
-28
30
33
-59
9
-5
7
16
-41
-19
62
-6
-19
-7
4
-11
14
-1
-14
2
3
-2
-2
3
2
-6
4
2
-2
-8
8
5
-10
10
-2
-7
0
10
-7
1
-1
-1
-1
0
-2
0
-1
0
-1
0
-2
-1
0
-2
0
0
0
0
0
0
0
0
1
1
-1
2
-1
0
2
0
0
2
-7
11
1
-7
-3
10
-11
6
9
-7
-1
3
3
-5
3
3
-2
-2
5
2
-11
0
15
-9
7
-5
-17
-6
64
-19
-40
17
10
-2
12
-55
35
32
-25
14
-8
-41
23
5
30
11
-41
85
-151
120
25
-50
-103
132
-36
-21
-1
-19
30
22
-43
4
-10
30
-39
42
-39
8
-8
9
0
-14
21
-5
-20
12
-11
1
1
5
-5
1
-3
-1
-1
10
-10
6
2
-10
9
-2
2
-2
4
-4
0
-1
0
-2
-1
-1
-1
0
0
-1
-1
0
-1
-1
0
0
1
1
0
0
-1
0
1
1
1
0
1
0
0
-1
1
-3
5
-1
1
-2
10
-9
0
6
-9
10
1
-1
0
2
-5
5
1
1
-9
14
-19
-3
23
-13
2
11
-6
9
-39
44
-38
31
-7
7
-41
26
34
-16
3
-19
-32
134
-99
-46
33
124
-143
134
-191
140
10
-63
-19
48
-44
11
-29
61
-53
44
-20
-3
-46
53
6
-6
-78
103
-66
5
6
-3
12
-20
14
-1
-7
7
-12
2
10
-15
14
-7
2
-3
2
1
-5
14
-10
-8
19
-8
-3
4
-4
1
-2
0
-2
-1
0
-2
-1
0
-1
-2
-1
-2
-1
0
-1
0
1
0
-1
2
0
-2
1
0
-1
1
-2
2
-2
5
-3
-9
19
-8
-10
14
-6
1
2
-4
3
-7
15
-14
10
2
-11
9
-7
0
16
-19
13
-2
8
6
-65
105
-77
-5
7
54
-43
0
-16
47
-49
64
-26
13
-41
50
-14
-60
18
145
-181
159
-216
190
-43
-53
4
-18
1
31
-30
65
-93
83
-54
16
-21
50
-63
-89
126
-28
-6
48
-11
-29
-38
31
7
-3
14
-20
-1
1
-2
0
3
0
-5
-1
11
-11
-1
4
3
-8
1
7
-5
-3
2
-1
-1
-1
-1
-1
-1
0
-1
-1
0
1
0
0
-1
-1
-1
0
-1
1
-1
0
1
0
0
0
1
0
-1
-1
3
-2
-6
8
4
-7
3
3
-1
-11
11
-1
-4
1
4
0
-2
1
-1
-18
16
-2
9
33
-36
-28
-9
50
-5
-28
128
-88
-61
51
-19
20
-51
86
-91
68
-26
33
4
-14
7
-49
-34
194
-207
156
-206
202
-135
1
43
8
-31
22
-30
-31
126
-152
68
2
-44
43
55
59
-247
64
22
35
17
-33
-54
37
48
-11
-14
-16
9
-1
-1
1
-8
14
-10
7
-12
10
2
-18
21
-1
-7
-3
5
-4
-1
0
-1
0
-1
-1
-2
-1
0
-2
0
-1
-1
0
-1
1
-1
1
-1
-1
1
-1
0
0
0
0
1
1
-1
0
0
-3
5
-2
-7
0
21
-19
2
9
-11
8
-10
15
-8
2
0
-1
10
-15
-13
-10
49
38
-55
-32
19
38
24
65
-246
62
56
44
-41
6
72
-149
128
-27
-27
23
-27
10
48
4
-128
206
-198
128
-152
135
-218
173
-14
102
-132
-15
42
37
-146
114
-40
17
-25
34
51
45
-340
159
83
6
-78
31
17
36
-65
18
5
-8
3
-4
3
-9
11
-3
-4
-2
10
-8
20
-33
32
-18
9
-2
-2
-1
0
-1
0
0
-2
0
1
-1
-1
0
0
-1
0
-1
0
-1
0
0
0
0
0
-1
-1
0
1
-1
1
0
0
0
1
0
-2
-2
8
-18
33
-33
18
-9
9
-2
-4
-3
11
-7
4
-4
4
-6
5
18
-63
36
20
32
-77
9
83
161
-339
46
51
35
-21
20
-37
117
-143
40
45
-13
-127
105
-11
175
-210
138
-144
72
-61
2
-78
193
-120
-32
9
30
-38
34
29
-51
1
11
-7
36
34
-184
-64
271
-90
-62
80
-48
-65
156
-33
-95
11
48
-18
2
-2
-8
17
-20
16
-17
27
-29
18
-25
35
-18
7
-3
-1
0
0
-2
0
0
-1
-1
-1
-1
0
-1
-1
1
-1
-1
-1
-1
1
0
0
1
0
-1
1
1
1
-1
0
1
0
0
0
1
-1
-3
6
-17
35
-24
19
-28
27
-17
16
-20
17
-7
-2
2
-18
50
13
-94
-33
157
-64
-47
82
-62
-88
272
-63
-183
37
37
-2
14
5
-47
32
37
-37
32
13
-28
-116
196
-71
7
-54
13
13
-132
265
-214
-13
-55
132
-34
28
-56
-43
74
-5
-14
-4
25
37
-70
-86
126
-81
81
-54
14
33
-39
-80
120
-49
14
-6
-7
9
-9
15
-11
2
-9
4
4
-2
6
-3
-7
3
0
2
-3
1
-1
0
-1
-1
-1
0
-2
-1
-2
-1
-2
1
-1
-1
-1
-1
0
0
-1
1
-1
1
-1
2
-1
0
-1
1
-1
2
-2
1
0
4
-7
-3
6
-1
4
4
-9
4
-11
16
-8
9
-7
-4
15
-47
122
-80
-38
34
15
-52
84
-81
127
-86
-69
39
26
-1
-10
-3
77
-40
-53
30
-32
136
-51
-10
-210
272
-127
23
-74
95
-209
377
-487
239
93
-132
19
13
19
-23
-37
22
2
-11
1
89
-155
62
8
-41
56
-50
34
-40
39
29
-57
46
-66
32
1
0
-5
17
-27
27
-14
2
-5
13
-10
5
-8
10
-4
-2
0
-1
-2
1
-4
0
-1
-1
-1
-2
1
-2
-2
0
-2
-1
0
0
-1
1
0
-1
3
-1
0
1
1
1
-3
3
-2
1
1
-1
-4
10
-7
6
-11
12
-5
2
-13
27
-27
16
-5
0
1
33
-67
47
-57
30
40
-38
35
-49
58
-40
8
64
-154
89
2
-9
6
25
-33
-20
22
17
20
-128
96
242
-483
384
-203
104
-141
147
-165
138
-309
503
-268
-31
30
12
-145
241
-130
-11
8
2
-32
220
-325
145
-4
-43
48
-26
3
-18
55
-49
4
-1
14
-10
-1
1
-6
13
-8
-3
8
-3
-4
10
-6
-2
10
-8
4
-1
1
-2
0
1
-3
1
-1
-1
0
-2
-2
1
0
-1
-1
1
0
0
0
-1
0
2
1
0
0
0
1
1
-3
2
0
-1
2
0
4
-8
10
-2
-6
8
-4
-2
8
-2
-8
14
-5
2
-1
-8
15
-1
6
-49
57
-17
5
-24
49
-42
-2
147
-323
223
-31
5
12
-8
-126
245
-142
15
32
-27
-264
507
-305
145
-160
156
-193
199
-151
97
-223
401
-362
113
0
-47
46
-11
3
-18
16
-1
-13
-33
12
35
-14
-15
10
-6
12
-19
28
-72
70
-10
-23
9
-3
1
-6
6
2
1
-5
5
-1
-6
10
-2
-4
5
-3
1
-2
0
-1
0
-1
-2
0
0
-1
-1
-2
0
-1
-1
0
-1
-1
0
1
-1
0
1
-2
1
0
1
0
0
0
2
0
1
-1
1
-3
7
-4
-1
9
-5
0
6
-6
2
3
7
-5
2
-3
9
-22
-9
72
-69
30
-17
14
-5
12
-14
-13
36
13
-33
-12
2
19
-15
6
-8
49
-43
2
117
-358
405
-219
104
-147
207
-175
191
-187
91
-99
166
-136
43
-30
22
-27
6
16
8
-33
-3
17
8
4
-70
68
-10
-33
14
6
-5
-17
46
-37
-8
17
-9
4
-3
-3
12
-17
7
0
0
-4
-2
3
4
-4
-2
4
0
-2
0
0
-1
-1
0
0
-2
0
0
-1
-2
0
1
0
0
0
-1
1
0
1
-1
1
0
1
-1
1
1
1
0
-1
0
-1
0
2
-2
-4
4
2
-1
-4
2
1
8
-17
13
-2
-1
4
-8
17
-7
-36
48
-16
-5
7
16
-32
-8
69
-69
5
10
18
0
-29
12
19
9
-25
24
-28
47
-131
171
-95
97
-182
198
-178
146
-17
-123
136
-196
172
-77
19
-18
22
-17
-4
-1
0
-2
-5
-7
29
-53
36
-3
-6
-4
-1
-3
6
-22
26
-3
-1
-17
9
0
-2
3
0
-1
0
2
-1
-2
5
0
-1
-2
1
-2
-1
0
-2
-1
0
-1
0
0
-1
0
-2
-1
-1
-2
0
0
-1
0
0
-2
0
1
0
0
-1
0
1
0
0
0
0
1
0
0
2
0
-1
-1
5
-3
-1
2
0
-1
1
3
-2
1
9
-16
0
-2
28
-20
8
-2
0
-2
-5
-2
36
-51
30
-5
-4
2
3
1
-1
-15
25
-15
21
-73
176
-193
138
-116
-11
155
-106
89
3
-105
193
-284
97
31
1
-11
-9
28
-35
1
4
-11
-2
22
-19
-11
11
-6
-2
7
-8
4
1
-13
5
-8
3
-2
0
2
1
-1
-6
5
-2
2
0
-4
0
4
-3
-1
2
-1
0
-1
-1
0
0
-3
0
0
0
-1
-1
0
-1
-1
-2
1
-2
1
-1
0
-1
0
-1
1
1
1
1
0
1
0
0
-1
1
-1
2
0
-2
4
1
-3
0
3
-2
5
-6
1
2
3
0
-1
5
-7
6
-11
2
5
-7
8
-1
-3
12
-10
-18
23
-1
-7
8
4
-32
33
-6
-8
3
35
101
-279
197
-96
8
96
-15
16
-20
-16
57
-109
48
18
-19
-2
14
-26
2
4
-7
5
-8
7
-8
-4
2
1
-1
-1
2
-8
-6
14
-3
-6
-3
0
-2
1
-3
2
-1
-1
0
-1
3
-2
0
2
0
-1
0
1
-1
-1
-1
0
-1
-1
0
-2
0
-2
-1
1
-1
-1
0
-2
1
0
0
-1
-1
1
0
0
1
-1
1
-1
0
-1
0
0
0
-1
2
-1
0
2
0
-3
3
0
1
-1
-1
3
-3
3
-2
1
0
-5
-2
15
-6
-8
3
2
0
4
3
-4
-7
7
-7
8
-3
7
6
-23
16
1
-17
21
52
-105
59
-8
-15
23
21
-39
25
-50
38
39
-41
-17
7
-1
-3
-3
-2
1
0
-7
-1
1
0
-3
0
-1
-4
2
-5
8
-1
-7
5
-16
9
-2
-2
5
-4
0
2
0
0
2
-2
1
1
0
0
1
-1
0
-2
1
0
-2
-1
-1
1
-1
-1
-2
-1
-2
-1
-1
-2
1
-1
0
-1
0
0
0
0
0
0
0
1
0
0
-1
1
1
-1
2
0
0
0
1
0
0
-1
1
-2
1
2
1
-4
6
-2
-1
10
-15
6
-6
1
9
-4
2
-1
2
0
-1
1
3
0
-4
3
3
0
1
0
2
8
-13
-38
42
40
-45
29
-31
5
-24
-12
28
-15
5
-17
5
1
-12
13
-24
16
-8
-3
0
-5
-1
2
-2
0
-3
-1
-4
5
-9
-11
26
-18
-1
2
2
-5
3
-3
2
-2
2
0
-1
0
1
1
-1
1
-1
1
-1
0
-2
0
-1
0
-1
-1
-1
-1
0
-2
-1
0
0
-1
-1
0
1
0
0
0
0
-1
0
0
1
1
0
1
-1
0
-1
1
0
0
0
1
-1
2
0
-1
-1
-1
2
-1
1
-1
4
-5
3
2
0
-17
28
-10
-8
6
-2
1
-1
1
-1
3
0
-4
3
1
-5
19
-21
15
-9
3
9
-15
9
-12
35
-7
-14
-19
12
-14
-19
27
-51
31
-7
-3
1
-12
20
-18
-2
-3
-1
2
-11
11
1
-7
-1
2
-4
1
-6
17
-27
23
-15
-1
3
-4
5
-3
0
0
0
-1
0
0
1
0
0
1
-2
0
1
-1
0
0
-3
0
-1
0
-1
-1
-1
-1
-1
-1
0
0
0
1
-1
0
0
-1
0
0
0
0
0
1
2
0
-1
0
0
0
0
1
-1
1
-1
0
2
0
0
1
-1
0
0
-2
6
-4
3
0
-13
24
-26
18
-5
2
-2
2
-1
-7
2
12
-9
3
3
1
0
-16
23
-11
4
-1
-3
36
-47
31
-12
-9
20
-36
19
0
-22
-17
6
13
-15
2
-2
-9
0
-1
-6
2
-3
-4
0
-3
4
-3
0
-3
0
1
-2
-6
7
-14
16
-15
4
0
4
-5
2
0
-1
0
-1
0
2
-1
0
1
-1
0
0
-1
0
-1
-2
-1
-2
0
-1
-1
0
-2
1
-1
-1
0
0
0
1
0
0
0
1
-1
0
0
0
1
-1
0
0
0
1
0
1
0
0
1
0
-1
1
0
-1
-1
0
1
3
-3
5
0
4
-13
18
-13
8
-5
-1
2
1
0
2
-1
4
-2
1
-3
0
4
-2
3
4
-6
1
5
-12
17
10
-14
-16
4
27
-50
33
-3
-41
-19
78
-55
0
-3
-1
-1
-5
1
-4
-4
-1
-1
-8
10
-4
-2
-2
0
-3
1
-3
7
-10
-2
1
1
-2
0
0
-2
3
-2
2
0
0
0
1
1
0
1
1
0
1
-1
0
-2
-1
-1
0
-2
0
-1
-1
0
-1
-1
-1
-1
0
0
1
0
-1
1
-1
0
-1
0
1
0
1
0
0
-1
0
0
1
0
0
1
-1
0
0
0
0
0
1
-2
2
-2
1
0
-1
2
2
-2
-8
11
-2
2
-2
1
0
-1
-1
10
-7
-1
3
-2
0
5
-1
2
3
-1
5
-53
80
-16
-33
2
41
-41
30
-26
15
-60
77
-61
19
-5
-4
-7
0
2
0
-7
-2
-1
-5
9
-10
2
-2
-1
-3
2
0
-7
1
9
-6
-3
3
-1
-1
0
0
1
-1
1
-1
1
-1
2
-1
2
-1
1
1
-1
-1
-1
-1
-2
0
0
-1
-1
-1
-1
-1
0
0
-1
1
-1
0
0
-1
0
0
0
0
1
0
1
2
-1
1
0
-1
0
1
0
0
2
0
2
0
1
-1
1
0
0
0
0
-1
-1
3
-2
-5
9
1
-7
0
3
-1
2
1
3
-10
10
-3
0
2
-4
2
5
3
-4
-1
-3
24
-58
81
-56
22
-21
37
-32
25
-28
-1
-2
-2
9
-20
-1
0
-3
11
-22
5
-4
5
-3
-9
-11
25
-14
1
1
-1
-7
8
-1
-3
-10
6
0
2
-2
-2
0
2
-2
1
-1
1
-1
2
-1
0
0
-1
0
0
-2
1
-2
1
-1
-2
-2
-1
0
0
-2
-1
0
-1
0
-2
1
0
0
0
0
0
-1
0
0
1
0
0
-1
1
-2
1
-1
1
0
0
0
1
-2
2
-1
2
-2
2
-2
2
1
-1
-2
2
1
7
-9
-3
0
9
-6
1
3
1
-13
24
-10
-7
-2
9
-1
7
-18
13
1
4
1
-16
13
1
0
6
-23
32
6
-28
46
-63
47
-53
20
-7
1
-6
23
-44
27
-13
18
-40
-27
106
-106
61
-31
26
-30
12
0
-8
3
-4
3
10
-21
13
-8
5
-5
3
1
2
1
-8
2
2
-21
43
-25
3
0
-1
3
-4
1
-3
2
-3
-1
1
-1
-2
0
-1
0
-2
-1
0
-1
0
0
-1
0
0
0
-2
0
1
2
-3
3
-2
2
-4
4
-2
0
3
-25
43
-21
3
2
-7
2
2
1
3
-4
6
-8
14
-21
11
2
-4
5
-7
1
13
-29
27
-30
62
-105
107
-26
-37
21
-9
30
-40
26
-2
3
-3
23
-49
50
-56
51
-19
-11
5
-15
-19
46
-63
18
6
-4
-3
-3
-12
21
-14
14
-71
29
161
-305
279
-162
35
18
-16
-33
26
27
-15
-15
-1
5
-5
5
-3
-3
3
3
-12
12
6
-6
-13
10
20
-27
11
-4
3
2
-9
1
2
-3
2
-7
8
-6
1
0
-2
0
0
-2
1
-1
2
-2
1
0
-1
2
1
-6
8
-5
4
-3
3
2
-7
3
2
-3
12
-26
20
8
-14
-6
6
12
-12
4
3
-2
-2
5
-3
6
0
-15
-15
28
27
-31
-15
20
38
-161
281
-304
162
30
-68
18
-11
25
-10
-1
1
-3
10
22
-59
49
-12
-10
13
-18
-5
10
-2
-17
-5
9
0
-13
-3
11
-6
-23
4
37
9
-55
-58
16
67
29
-33
-30
11
16
-13
-19
6
17
-3
-14
0
10
-1
-9
1
8
-1
-7
1
9
1
-9
-3
6
4
-4
-3
1
3
-1
-3
-1
-1
-2
0
2
-1
-4
-2
2
-1
-3
0
1
-1
-2
0
2
0
-3
-1
3
1
-2
0
0
-2
0
3
2
-3
-3
5
7
-4
-8
1
9
0
-7
-1
8
1
-8
0
10
1
-13
-1
18
7
-18
-11
18
12
-29
-31
29
68
17
-57
-54
11
40
8
-20
-3
13
1
-10
4
13
-3
-13
3
16
0
