0
-2
8
-3
-7
5
-8
6
4
-8
5
-3
-15
17
-3
-6
6
-5
-2
-4
14
-5
0
1
0
0
-4
3
-1
1
0
1
-3
0
1
0
-3
1
1
-1
2
-2
1
-1
-3
3
0
-3
-1
2
0
-2
1
-3
1
-1
0
1
0
0
0
0
1
-2
0
0
-1
-1
0
0
0
-2
-1
1
-1
2
-2
0
0
-3
0
2
-1
-3
2
0
-1
1
-3
0
-1
-1
2
-1
-2
-1
2
-2
0
-1
1
-3
4
-1
-1
-1
-1
5
-14
2
2
3
-7
7
3
-20
13
1
-6
5
-5
-6
7
-7
5
0
-9
-1
0
14
-15
9
-4
2
-14
17
-6
7
-9
0
3
-7
5
0
-5
0
-7
16
-2
-7
-2
3
-3
5
-2
-2
1
0
-2
4
-2
-3
3
-6
2
0
2
-2
-2
1
-1
-1
1
-1
0
3
-6
3
1
-3
0
1
0
-1
0
0
0
0
-1
0
0
-2
0
1
0
-1
0
0
0
-1
-1
1
0
-2
-1
2
-2
-4
5
-4
-1
1
-2
-1
1
-2
0
0
-2
-1
-3
5
-3
2
2
-5
1
0
-1
0
1
-6
2
-4
1
7
1
-17
7
1
4
-1
-7
6
-5
-2
7
-8
6
-18
13
-4
2
-12
15
-17
0
-2
3
2
0
-11
-10
38
-20
8
-14
10
-23
20
-2
-4
2
-1
4
-19
22
-5
-7
3
0
1
-6
6
-2
2
0
-2
2
0
2
-9
13
-9
1
4
-4
2
-1
-1
2
-1
-2
3
-2
0
0
-3
3
-4
0
1
0
1
-2
2
0
0
-1
-1
0
-1
0
0
0
-2
1
-1
0
0
-1
4
-4
0
-1
-1
1
-3
2
0
-2
0
0
-2
3
-4
-1
10
-14
8
-2
-1
-2
2
-1
-1
2
-8
6
0
-1
-4
6
4
-23
18
-4
0
-3
2
0
-22
22
-11
11
-9
20
-40
9
10
-2
-5
-5
-3
0
-4
10
-8
6
-10
-10
27
-11
-8
5
-5
22
-15
-6
3
-2
2
-5
1
9
0
-8
3
0
5
-4
0
0
-2
4
-2
0
-2
2
-1
-11
14
-3
-3
0
0
1
-1
-2
0
0
1
-3
3
-7
6
-5
1
0
-2
-1
1
-2
1
0
-1
-1
0
0
-1
0
0
0
-3
2
-2
0
1
-2
-3
5
-5
5
-4
2
-2
0
-1
1
1
-2
-1
0
2
2
-14
9
0
-2
1
-1
2
-5
1
0
0
4
-6
0
-2
8
0
-9
-2
4
-3
1
-5
4
15
-23
3
-6
6
10
-27
10
7
-7
5
-11
-1
0
-39
51
-38
34
120
-216
-66
191
-57
66
-113
32
54
-43
12
-17
5
45
-43
-26
67
-58
20
15
-27
13
1
-3
5
-5
1
1
-1
0
2
-15
21
-9
1
-2
3
-3
-4
7
-4
2
0
-3
3
-2
-1
2
-3
3
-4
2
0
-2
1
0
0
0
0
0
0
-1
0
0
-1
2
0
-3
3
-4
3
-4
0
1
-3
2
-1
-3
3
-8
3
2
-4
1
-2
9
-22
14
-3
-1
-2
-1
-1
5
-6
2
-2
-13
27
-17
-20
58
-68
26
43
-45
-5
16
-14
42
-56
-34
110
-67
54
-192
65
215
-120
-36
36
-53
36
0
-59
49
34
194
-242
-397
138
421
-78
-131
-107
208
-25
-10
-64
25
77
-68
-78
30
107
-56
-29
16
14
-4
-6
1
4
-3
-2
1
0
-3
9
-9
-7
7
0
-2
1
0
-2
1
-1
0
-4
2
0
-4
4
-2
-1
-4
6
-2
-2
1
-2
0
1
0
-1
0
1
-1
-1
-1
2
-1
0
1
-6
3
0
1
-4
4
-2
-2
4
-1
-1
-1
0
-1
-1
2
-1
-7
5
8
-10
1
-1
-1
0
3
-4
-1
6
5
-15
-17
28
56
-107
-31
77
67
-79
-25
63
9
23
-208
104
128
76
-421
-138
396
242
-195
-37
-51
55
0
74
-72
-31
44
495
-847
456
-164
74
-207
444
-255
11
12
-21
28
-38
35
-37
53
-60
39
-12
9
-16
6
5
-6
0
2
-2
6
-8
1
6
7
-22
15
-8
3
-1
0
-1
3
-3
3
-1
-1
0
-5
1
1
-5
7
-4
0
-1
0
-3
1
-2
0
0
0
-1
0
1
-1
0
-2
-1
-1
3
-7
4
-2
-1
2
-1
0
0
-4
2
-4
1
-1
0
-3
8
-15
21
-8
-6
-2
7
-6
2
-3
-1
6
-7
-5
14
-10
11
-39
58
-53
36
-36
38
-29
20
-14
-12
254
-444
205
-76
164
-455
845
-497
-44
26
71
-78
0
-104
78
101
-229
547
-348
-431
393
-5
-218
351
-96
-56
26
-47
22
61
-162
105
-21
-13
49
-13
-7
-5
4
-4
-2
0
3
-5
8
-8
0
5
-2
1
-7
6
-2
1
0
-1
4
-5
2
1
-1
0
-2
2
-2
1
-2
2
-3
1
0
-1
1
0
-1
1
0
0
1
0
-1
1
-1
-2
2
-2
2
-3
2
-2
2
0
1
-2
-2
5
-4
0
-1
-1
2
-7
8
-1
2
-6
0
8
-9
4
-3
0
1
2
-4
5
7
14
-48
12
22
-107
161
-62
-22
45
-28
55
95
-352
216
3
-393
430
347
-549
228
-102
-80
100
0
166
-150
-55
-239
1210
-1536
1001
-516
-8
709
-1074
580
22
-102
56
-59
225
-435
417
-208
-101
253
-123
0
20
0
-36
33
-9
-2
-3
9
-9
-5
40
-76
65
-14
-7
1
1
-2
-6
7
-4
0
1
-1
1
-3
2
-3
-1
1
0
-3
2
0
-2
1
0
2
-2
0
1
-2
0
-1
3
0
-3
3
0
-4
2
2
-2
1
-2
0
-2
-1
4
-9
5
3
-4
-2
6
15
-65
76
-40
4
8
-9
2
1
9
-33
34
2
-22
0
123
-253
101
209
-417
434
-227
58
-57
99
-24
-581
1072
-711
8
516
-999
1534
-1210
238
53
149
-170
0
-106
116
-55
-83
-700
2019
-1433
12
219
-341
766
-640
258
-189
184
-175
332
-338
39
142
-211
259
-155
64
-87
100
-73
41
-22
8
-7
-2
1
-1
32
-102
139
-81
17
0
2
-4
1
-3
3
0
0
-1
-1
3
-6
3
-2
-2
1
2
-3
-1
0
0
-2
-1
0
0
0
-1
0
0
0
0
2
-2
-3
2
-1
-3
5
-4
0
0
-1
-1
-3
3
-1
5
-2
0
-17
79
-140
102
-32
0
-2
1
6
-9
21
-41
72
-102
88
-65
156
-260
210
-143
-39
337
-333
174
-184
187
-260
639
-766
339
-220
-13
1431
-2019
698
82
52
-116
101
0
-49
64
76
-94
-254
-211
568
45
-109
64
-340
373
-155
-39
51
138
-304
34
124
108
-159
-3
69
15
-63
-4
23
37
-59
24
8
-5
-24
11
31
4
-33
-9
16
1
-11
9
0
-2
-3
3
-3
0
0
-1
1
-1
-3
1
-1
-2
0
1
-2
2
-1
0
-1
0
-1
-1
1
-2
2
-2
-2
1
0
-2
1
0
-1
1
-1
0
3
-4
1
1
-1
-10
10
-2
-17
9
33
-5
-32
-12
23
4
-8
-23
60
-38
-24
3
62
-16
-68
3
158
-108
-126
-34
302
-138
-53
38
154
-375
339
-65
107
-46
-568
209
253
92
-78
-65
44
0
99
-119
64
-131
269
-24
-21
-149
129
-130
-40
-55
139
-39
53
-122
219
-134
-27
92
-33
-4
-26
45
-26
-7
10
-17
6
-8
-3
16
-17
17
-10
20
-62
85
-39
2
6
-6
2
-5
3
-3
0
0
-1
-1
0
2
-2
1
-1
-1
1
-1
-2
1
-2
-1
-1
0
-1
0
0
-3
1
0
-2
0
0
0
0
-2
1
1
1
-1
-1
3
-5
4
-2
5
-5
-3
39
-86
62
-20
10
-18
16
-16
3
7
-5
17
-12
7
25
-46
26
3
33
-94
27
134
-220
121
-54
37
-142
52
36
128
-131
149
21
23
-270
129
-67
118
-102
0
-36
46
-43
61
491
-668
-374
641
-31
-194
106
96
-170
105
-66
44
-127
174
-79
9
-26
57
-18
-8
-23
41
-20
12
-14
-6
8
10
-24
24
6
-37
45
-10
-21
11
-11
9
-3
3
-4
0
-1
1
0
0
0
-1
1
0
-1
-1
2
1
-2
0
0
0
1
0
0
0
0
-1
1
-1
-2
0
1
0
-2
1
-1
-1
1
-1
0
-1
2
-4
3
-10
11
-13
20
10
-46
36
-7
-24
24
-11
-7
6
14
-11
19
-40
24
7
18
-57
26
-10
79
-175
125
-44
65
-107
169
-97
-109
191
27
-641
373
667
-493
-63
40
-46
31
0
-54
118
-113
306
-294
-948
1751
-811
160
-265
44
1
132
25
-65
54
85
-340
155
72
28
-8
-50
50
-197
203
-31
-14
6
-6
-14
15
-17
-6
6
63
-66
-3
23
-4
-8
5
-3
8
-8
4
-2
0
-1
3
-4
0
1
-1
1
-1
0
0
1
-2
-1
-1
0
0
0
0
0
-1
-2
0
-2
1
-2
1
0
-1
4
-4
-1
0
1
-5
8
-8
2
-7
8
3
-25
2
67
-64
-7
6
16
-16
15
5
-6
15
31
-202
196
-51
51
9
-27
-71
-157
340
-86
-54
63
-27
-134
-3
-46
262
-160
810
-1750
944
292
-306
110
-120
50
0
139
-309
200
226
-443
582
-754
419
-220
3
743
-806
242
-100
156
-74
-135
265
-145
-79
259
-257
74
100
-132
78
-64
53
-18
1
0
7
-21
17
13
-39
8
13
3
2
-23
22
-7
-2
3
-4
-1
5
-9
7
-8
7
-5
0
-2
1
1
-3
2
-4
2
-1
0
0
0
0
-2
3
-2
3
-1
-1
2
-1
2
-7
6
-8
8
-6
-2
2
-3
0
6
-22
21
-3
-5
-15
-8
38
-14
-17
21
-8
-1
-2
17
-53
63
-79
131
-100
-75
257
-260
78
144
-265
134
73
-157
100
-244
804
-743
-4
217
-419
752
-583
441
-228
-203
307
-142
0
-102
226
-210
172
411
-986
191
520
-418
429
-532
378
-64
-92
178
-204
122
-25
-7
-16
37
-54
65
-63
10
22
-9
1
-1
-3
6
1
-5
-5
6
-5
33
-56
42
-18
1
3
-3
0
0
3
-4
2
-2
-4
4
-2
-2
-1
2
-2
0
0
-2
1
-1
-1
-1
0
1
-1
0
-2
2
-2
-1
0
0
-1
2
0
-6
3
1
-2
4
-4
0
0
2
-4
-3
16
-42
56
-32
5
-8
4
3
-2
-7
4
0
-2
7
-22
-12
62
-65
54
-38
17
7
25
-124
204
-178
89
61
-379
530
-431
417
-520
-192
984
-412
-173
206
-227
97
0
39
-75
91
4
-472
293
589
-529
-21
113
83
-198
46
-14
93
-78
105
-160
126
-75
38
13
-19
9
4
-13
2
-2
-1
-1
7
2
-16
15
-8
-1
-1
5
9
-15
-1
2
1
-1
3
-6
6
-6
3
3
-5
2
-1
0
-1
0
0
0
-1
0
-2
2
-1
0
1
-2
2
-2
1
-1
-1
-1
1
-1
-1
-3
3
-3
-3
5
-7
5
-2
-1
-2
-3
0
14
-10
-6
1
0
8
-16
15
-3
-8
0
1
2
-2
12
-5
-9
19
-13
-39
76
-127
160
-105
77
-93
13
-47
196
-85
-115
20
528
-589
-294
472
-6
-94
74
-44
0
-3
60
-85
-60
75
276
-265
-72
209
-353
123
202
-93
-11
-1
74
-146
64
-10
35
-10
-17
25
-34
38
-10
-28
24
0
-6
-2
4
0
0
-5
15
-32
16
19
-22
4
0
-2
4
0
-3
1
0
0
0
-2
3
-4
0
-1
0
-1
0
-1
-1
-1
0
-1
0
1
-1
1
0
-1
-1
0
0
1
-1
2
-3
2
-2
0
0
-1
3
1
-5
3
-1
-6
21
-20
-17
31
-16
3
-1
-1
-5
2
6
0
-24
28
9
-37
34
-25
16
11
-35
8
-65
145
-74
-1
8
92
-202
-124
351
-210
72
264
-276
-76
59
82
-61
-1
0
5
-35
38
13
295
-616
279
-38
92
62
-33
-21
-66
-41
97
-88
106
3
-122
61
3
-1
8
-21
28
-20
24
-21
1
4
0
-3
1
-1
9
-1
-29
17
13
-7
-7
1
-1
3
-5
1
0
-1
4
-2
1
-2
-1
1
0
-2
2
-1
-1
1
-1
-1
0
0
-1
0
0
-1
1
1
-1
1
-1
-1
0
1
-1
1
-4
1
-2
0
4
-3
0
-3
7
6
-14
-18
28
-1
-10
1
-2
2
0
-4
-1
20
-25
19
-30
20
-8
1
-4
-62
122
-4
-107
88
-99
40
65
19
32
-64
-94
37
-279
615
-296
-15
-42
34
-11
0
-30
-5
11
27
-229
570
-516
95
110
361
-796
264
121
-7
38
-43
12
30
-61
20
-3
9
-17
9
11
3
-17
7
1
-8
7
-4
1
6
-8
19
-31
24
-25
21
-5
-2
1
-5
3
-2
3
-7
8
-10
5
-1
-1
0
1
0
-1
-1
0
-1
-1
-1
1
0
-1
0
-1
0
-1
-1
2
-1
-2
-2
3
0
-6
10
-8
6
-5
1
-5
4
-2
1
4
-22
25
-26
31
-21
7
-7
-1
4
-8
6
-1
-8
18
-4
-12
-10
17
-10
2
-19
60
-31
-13
42
-38
5
-123
-265
792
-362
-111
-96
515
-571
227
-29
-15
3
26
0
-29
73
-53
10
-255
418
-91
-124
9
-162
240
154
-227
3
61
-46
-13
16
14
-4
-6
12
-25
16
13
-17
2
7
-7
7
-9
4
1
9
-22
27
-28
3
3
11
-9
-2
5
-3
1
0
-3
2
3
-5
0
-1
2
0
0
-3
1
2
-3
1
0
0
-1
0
1
-1
1
-2
2
-2
-1
2
-2
1
-3
1
-2
5
-5
-2
3
-1
0
2
-5
0
8
-11
-3
-5
27
-27
21
-10
-2
-4
9
-8
7
-7
-2
16
-13
-16
24
-12
5
3
-15
-17
13
46
-61
-4
225
-154
-242
160
-10
124
89
-419
254
-11
50
-74
24
0
12
4
-41
59
55
-161
95
-59
-29
231
-66
-176
72
14
2
20
-72
56
-15
1
1
11
-19
12
4
-22
18
5
-11
-2
12
-8
4
-4
2
10
-26
21
-15
9
-1
-1
1
-1
-1
-1
2
-2
-2
2
-3
-1
-2
5
-1
-2
1
-3
2
0
-1
-1
-1
0
-1
-1
0
0
-1
2
-2
2
2
-6
1
1
1
-3
2
1
-3
1
0
0
-2
0
1
-9
16
-22
25
-12
-3
3
-4
7
-11
1
10
-5
-18
21
-5
-12
20
-11
-2
-2
14
-56
71
-21
-2
-16
-74
174
66
-232
27
58
-97
159
-55
-61
38
-5
-16
0
6
7
-11
178
-395
134
216
-120
70
-68
-147
187
-79
24
-10
3
21
-48
42
-11
4
-8
0
2
3
-3
1
6
-7
0
1
6
-7
-3
-3
15
-24
12
1
4
-3
0
2
-6
6
-1
-4
3
-3
0
2
0
-6
7
-4
2
-3
0
0
-3
1
0
0
0
0
0
-2
2
-1
-1
3
-2
3
-8
6
-1
-3
-1
3
-4
3
0
-6
5
-3
-1
4
-4
-2
-13
23
-17
2
2
5
-7
-2
-1
6
-6
-1
4
-5
-2
-1
9
-4
11
-43
48
-22
-4
8
-26
78
-189
145
65
-71
120
-217
-134
394
-179
8
-7
-9
0
-13
17
-33
228
-227
-29
-55
111
163
-312
95
88
-48
31
-39
20
-16
12
-14
16
-18
27
-19
2
14
-33
25
-6
1
-3
3
-4
5
-2
-1
-10
24
-18
4
-2
2
-3
3
2
-4
1
0
-6
5
-3
0
0
-3
-2
3
-3
0
2
-2
1
0
-1
-1
0
0
0
-1
-1
1
-2
1
2
-3
1
0
-1
-1
2
-8
6
-1
-2
4
-4
-2
2
-3
2
-5
16
-25
9
2
1
-6
4
-3
3
0
5
-25
32
-15
-2
18
-26
17
-17
11
-14
14
-20
38
-32
47
-90
-97
311
-166
-112
54
28
226
-229
28
-18
8
0
-9
10
-29
198
-451
362
57
-241
191
-151
183
-264
147
-15
3
-8
38
-21
-28
20
7
-11
-2
9
-9
17
-12
1
1
-7
6
-4
4
-1
-4
3
0
-3
1
1
1
-5
8
-5
1
1
-2
-2
3
0
-1
1
-6
7
-2
-5
2
0
-2
-1
0
0
0
0
-1
0
-1
0
0
-1
-3
4
0
-7
6
-2
0
-1
-4
2
3
-2
-2
4
-8
5
-2
-1
-2
3
0
-4
4
0
-6
3
-7
5
-3
-2
12
-17
9
-10
2
10
-7
-20
28
21
-38
8
-4
13
-147
262
-184
149
-191
241
-59
-362
451
-200
27
-10
5
0
-5
32
-41
129
-213
-18
196
-125
89
134
-530
450
-95
-2
-5
9
-25
15
5
-6
6
-10
4
-1
-5
4
0
3
-2
-3
4
-2
-3
7
-9
1
1
-1
3
1
-4
2
0
0
3
0
-10
8
-1
-3
-1
5
-4
-1
1
-1
1
-1
2
-2
0
-3
1
0
-2
2
-1
1
-2
2
-2
1
-1
-1
5
-6
0
1
0
-8
7
-2
-3
-1
-1
-3
4
-2
-3
0
-1
-2
7
-8
2
1
-3
2
1
-3
-1
-4
5
1
-6
10
-7
5
-5
-16
25
-9
2
0
95
-451
527
-135
-89
125
-197
16
211
-129
37
-33
2
0
-15
17
-22
93
-164
242
-211
35
12
-207
474
-329
70
3
-3
-15
8
15
-2
-7
2
-7
10
-4
-3
7
-6
0
-1
7
-7
2
-1
1
-4
1
-1
4
-4
2
0
0
-1
0
0
-4
8
-2
-7
4
1
-1
-6
6
0
-3
1
1
-1
1
-1
-1
0
0
-1
0
0
-1
1
-1
-2
3
-1
-6
4
1
-1
-4
6
1
-8
3
0
-2
-1
-1
0
-3
4
-4
1
-3
3
-2
0
-2
5
-8
1
0
6
-9
2
4
-10
7
-4
6
3
-15
-8
14
1
-4
-72
326
-474
205
-13
-36
211
-243
164
-95
19
-18
11
0
2
4
-7
18
1
-35
7
71
-227
356
-264
64
18
-2
-23
23
12
-32
2
8
-6
7
2
-7
5
-4
3
1
-6
8
-5
-1
7
-7
5
-8
6
-6
4
-1
-1
2
-5
5
-2
2
-12
13
-8
3
-1
-5
5
-1
-1
-3
1
-2
0
0
-1
0
-2
0
0
-1
0
0
-1
3
-1
2
1
-1
-5
5
-1
-3
8
-14
12
-4
2
-6
5
-2
-1
0
-5
6
-6
7
-6
5
-8
1
5
-9
5
-2
-2
3
-4
6
-2
-7
5
-9
-4
32
-14
-24
22
0
-21
-66
261
-357
224
-72
-10
35
-2
-19
4
-4
-6
0
2
7
-11
-13
83
-108
-19
77
-81
99
6
-42
-13
4
6
10
-34
31
-11
0
5
-6
-1
4
4
-11
6
0
-6
10
-4
-6
6
-5
2
0
-4
3
-1
-2
1
2
-5
1
2
-2
3
-2
-1
0
0
-4
6
-5
2
-1
-1
2
-1
-1
1
0
-1
0
0
-1
-1
1
0
-2
1
0
-2
3
-6
3
-1
-2
-1
1
-3
1
-2
-1
5
-3
-2
1
0
-5
3
-2
-3
3
-6
5
4
-11
5
-1
-7
10
-4
-6
0
5
-6
-1
12
-32
35
-11
-8
-5
11
41
-8
-101
80
-78
18
107
-84
12
9
-9
-7
0
-16
-13
18
-59
29
204
-226
36
1
35
-34
-19
46
-20
6
4
-19
3
7
-1
4
-9
8
-4
10
-13
3
4
-2
-3
-2
6
-3
-3
4
-4
-2
3
-3
0
0
-2
1
1
-5
3
-6
6
-3
0
-1
-1
4
-3
1
-3
1
0
0
-1
-1
0
0
0
0
-1
-1
1
-1
-1
-2
3
-1
3
-4
1
0
-1
3
-7
6
-4
4
-3
-2
1
0
-1
2
-5
0
2
-5
2
2
-7
2
2
2
-5
-3
12
-10
4
-9
10
-5
1
-7
-3
19
-5
-7
18
-46
16
32
-36
-4
-36
227
-206
-31
58
-22
12
11
0
12
10
-22
-11
41
-192
225
-35
-86
25
219
-186
-32
22
8
4
-3
-2
-18
33
-8
-11
3
1
2
-3
0
4
2
-6
1
-1
2
-1
3
-6
6
-3
0
-2
2
-1
-1
3
-5
2
2
1
-6
1
1
1
-3
4
-5
4
-4
3
-3
0
0
-2
0
0
-1
1
-1
-1
2
-4
2
-5
4
-5
3
-2
-2
-2
5
-2
-1
-3
3
-3
1
-1
-2
2
-1
3
-8
6
-3
0
-3
0
-2
6
-1
-3
-1
4
-3
-1
-4
11
8
-34
17
2
3
-5
-8
-23
31
185
-219
-27
83
34
-224
190
-43
9
19
-11
-16
0
7
2
-10
-8
12
27
16
-16
-36
-24
5
22
16
2
-5
-3
-2
-3
-1
5
3
-2
-5
-2
2
2
-1
-1
1
2
-2
-1
1
2
-1
-2
0
1
0
-1
-1
0
1
-1
-1
1
0
0
-1
-1
-1
0
2
0
0
-1
-1
0
0
0
-1
0
1
0
-2
-2
0
1
-1
-1
-1
0
-1
-2
-2
-1
0
0
1
0
-2
0
0
0
-1
-1
1
1
-1
-2
0
1
-1
-3
-2
1
1
-1
-1
0
0
-2
-3
2
4
1
-5
-4
0
3
1
3
3
-3
-17
-24
-7
23
35
15
-16
-29
-13
6
10
-3
-8
