-8
-5
-3
-6
-4
-5
3
-5
-4
0
-6
3
1
-17
17
-21
7
-2
9
-15
6
-1
-9
13
-13
-4
14
-13
4
6
-5
-18
18
-5
0
0
0
0
0
-1
1
0
0
-1
0
0
0
0
0
-1
0
-1
0
0
-1
0
0
0
0
-1
0
-1
-1
0
0
-1
1
-1
1
0
1
0
0
-1
1
0
1
-1
1
-1
1
0
1
1
0
0
1
0
1
-1
0
0
2
2
2
-4
18
-17
-5
8
5
-11
15
-4
-12
14
-7
0
8
-13
9
-1
8
-17
20
-14
5
6
-3
3
-2
-2
6
-1
0
0
1
2
-9
-6
-3
-6
-13
11
14
-35
9
5
-10
-2
-11
-14
43
-36
14
-13
13
-25
8
19
-12
-12
20
-22
7
2
-8
3
15
-41
32
-9
-5
4
-1
-4
6
-2
-6
-1
12
2
-19
14
-1
-2
-2
5
-5
-3
-1
0
-1
0
-2
-1
0
-1
-1
0
-1
-1
0
0
0
1
0
-1
0
1
-1
1
0
1
0
-2
-3
6
-1
-3
0
14
-19
3
13
-1
-6
-2
7
-2
-1
5
-4
-8
32
-38
15
3
-7
5
9
-22
22
-11
-10
20
9
-23
14
-11
15
-33
47
-11
-8
2
-6
8
10
-32
17
16
-9
1
1
4
-8
-7
-4
-7
1
3
-13
-23
10
19
-8
-17
13
-20
38
-55
34
-24
11
7
-33
36
-25
10
3
-11
4
-2
13
-19
-1
13
-14
-8
15
-3
2
-4
10
3
-20
-10
22
-4
5
0
-3
-2
-2
-10
17
-2
-5
0
-5
7
-4
0
0
-1
-1
0
-1
0
1
-1
-1
0
0
0
-1
0
-3
9
-3
0
-4
-2
17
-10
-1
-1
-3
0
6
-3
22
-10
-20
3
11
-4
2
-1
15
-8
-14
13
1
-18
13
-1
4
-9
4
12
-24
39
-32
8
13
-21
35
-52
42
-16
16
-15
-5
23
12
-19
-9
7
5
0
1
2
-8
-6
-4
-8
4
-2
1
-39
21
10
-19
7
1
21
-71
25
16
1
-23
25
2
-18
-7
24
-18
-22
33
-36
33
-40
57
-25
-19
24
-17
10
-19
12
-3
15
-18
12
8
-40
31
-7
-1
3
-12
25
-22
18
-26
6
10
-8
1
-1
1
-3
-1
0
-1
-1
-1
0
0
-1
0
-2
1
0
1
-6
12
6
-25
20
-20
28
-11
3
0
-8
32
-40
9
13
-17
15
-1
12
-19
11
-16
24
-19
-25
58
-39
34
-35
34
-21
-17
25
-4
-18
3
26
-23
3
17
29
-68
24
4
13
-15
14
22
-36
5
2
8
0
2
1
-9
-5
-4
1
-27
3
31
-19
-7
-17
20
1
-6
-33
33
-21
10
-12
6
-18
31
-30
22
-21
2
13
-7
-13
28
-38
43
-69
72
-27
2
-22
3
29
-15
-4
15
-5
18
-52
28
12
-14
5
20
-31
-16
15
11
12
-26
12
-8
1
-3
0
-1
-2
0
-1
0
0
1
-2
0
2
-3
2
-7
13
-26
15
12
15
-15
-30
21
6
-14
14
28
-52
19
-6
15
-4
-15
29
4
-22
3
-27
72
-68
44
-37
28
-12
-5
15
3
-20
23
-28
32
-16
7
-12
11
-17
35
-30
-4
4
23
-14
-6
-15
35
7
-24
9
0
3
-8
-7
-3
-5
-8
-19
19
53
-94
33
-5
3
-3
24
-67
41
-6
1
4
-20
27
-22
17
-28
-9
23
10
-43
38
-18
10
2
-28
53
-60
21
2
17
-7
-19
4
-9
46
-29
-10
19
-10
-3
12
33
-104
97
-26
-19
2
11
-8
-5
5
-2
1
-2
0
0
-1
0
0
-1
1
-1
5
-3
-7
14
3
-19
-25
96
-104
33
13
-3
-10
20
-10
-28
47
-10
4
-19
-7
17
3
22
-60
53
-28
3
12
-17
39
-41
12
24
-8
-27
18
-21
28
-18
6
3
-5
45
-64
26
-1
7
-2
37
-91
58
22
-16
-5
2
2
1
-9
-6
-5
-1
19
-66
14
51
-29
5
-27
25
-28
10
12
-31
31
9
-28
-23
-15
89
-88
54
-54
62
-38
-16
33
-4
-15
8
13
-46
31
8
9
-39
31
-21
31
-50
31
-23
56
-36
-11
33
-44
-4
55
-93
86
-24
0
-1
-4
-4
4
-4
-1
2
-3
2
-5
4
-2
2
-1
-2
6
-3
-3
0
1
-23
87
-93
56
-3
-43
33
-10
-36
57
-23
32
-50
31
-19
32
-38
10
9
30
-45
13
9
-14
-4
34
-15
-38
62
-53
55
-87
90
-15
-22
-28
10
32
-28
15
13
-25
28
-24
7
-27
54
16
-63
22
5
0
2
-8
-5
-2
-9
26
-57
-56
141
-52
-6
-23
15
-7
10
-14
-2
-2
3
15
-69
57
8
-19
49
-69
-1
17
9
-12
-22
50
-18
-68
121
-70
-16
43
-35
23
0
-38
54
-23
-8
-2
8
-7
-14
51
63
-221
170
-30
-20
-4
6
4
-2
-2
-3
-3
3
-3
-2
4
-2
-1
3
-2
-1
-1
-1
5
7
-4
-19
-29
171
-220
63
52
-13
-7
9
-1
-7
-23
52
-38
0
24
-35
44
-16
-69
121
-68
-18
52
-21
-11
9
19
0
-68
49
-17
10
58
-69
16
6
-1
1
-12
13
-4
17
-20
-3
-51
145
-52
-52
28
-1
3
2
-8
-7
-4
-9
6
-19
11
22
-31
-10
28
-39
10
-7
49
-83
39
12
-22
65
-180
115
29
-49
42
-19
-14
7
-2
-11
30
-16
-57
85
-58
15
16
1
-29
38
-48
60
-54
28
-1
-11
4
-10
62
-137
93
-14
4
0
-6
1
4
-8
5
-4
-1
3
-6
1
0
3
-6
3
0
-2
5
-7
4
3
-4
1
4
-15
95
-136
63
-9
5
-10
-1
29
-54
60
-48
37
-29
1
17
16
-56
86
-57
-16
31
-10
-1
9
-13
-18
43
-47
30
117
-179
67
-21
13
40
-80
53
-4
14
-34
31
-8
-29
25
14
-15
10
-1
0
2
-8
-6
-2
-4
-5
-3
-79
133
-51
-47
79
-74
43
-101
120
-73
12
14
10
57
-157
114
-33
-13
-2
7
7
-23
21
-29
76
-68
-34
47
21
-11
-25
6
5
3
16
-40
9
18
-16
25
-27
49
-34
23
-45
8
4
3
-19
22
8
-18
-4
6
-1
-1
-7
7
-6
7
-6
-1
0
7
-2
-16
9
23
-19
5
4
10
-44
25
-33
50
-25
24
-17
19
9
-40
15
3
6
7
-24
-11
22
48
-34
-67
75
-27
22
-21
9
9
-1
-11
-31
116
-156
58
12
15
13
-69
122
-97
46
-71
82
-44
-49
138
-75
0
-2
4
3
3
-11
-1
-9
-4
-19
-18
51
20
-48
-28
56
-47
-19
-4
71
-46
23
-68
57
18
-61
47
-65
47
-22
31
-35
8
28
-45
20
15
-27
-29
69
-49
9
25
-37
38
-28
53
-68
10
41
-43
57
-36
-40
45
-31
33
-12
-7
2
5
-10
3
-9
15
-10
5
-9
5
-2
6
-9
5
-9
14
-7
4
-10
6
4
-5
-11
34
-30
47
-39
-36
56
-42
41
12
-69
53
-29
39
-37
25
10
-49
70
-28
-27
15
22
-45
28
9
-35
32
-21
48
-64
50
-61
19
59
-67
24
-43
75
1
-16
-43
59
-24
-46
23
54
-14
-16
4
-4
8
-25
13
-1
-27
-13
-50
141
-77
22
-3
-50
-6
-42
92
2
-56
56
-22
-5
-146
159
-16
18
-38
27
-41
17
15
-26
14
-26
14
32
-12
-37
9
-2
43
-59
17
74
-122
55
9
17
-41
30
-4
-21
5
1
17
-7
-10
-2
4
-3
3
-7
13
-11
0
1
0
-2
-1
1
1
-11
13
-5
3
-2
5
0
-8
-6
18
3
5
-20
-3
31
-40
17
9
56
-121
73
18
-58
44
-2
11
-38
-12
32
17
-24
16
-25
16
18
-40
28
-37
20
-16
160
-144
-5
-21
57
-52
5
95
-39
-5
-45
1
24
-74
146
-46
-9
-20
5
20
15
7
-66
43
23
-101
-112
165
146
-141
-34
108
-78
-91
51
28
33
-72
76
-7
-31
-50
38
10
-15
2
13
-19
-20
7
75
-49
-63
-30
209
-112
-75
26
53
13
-75
38
-9
32
1
-62
53
-24
-19
92
-79
9
-9
15
-6
-3
-2
3
-1
-6
22
-25
-6
12
-2
13
-6
-23
23
-5
-1
6
-1
-1
-5
17
-8
10
-78
94
-18
-23
52
-61
1
32
-8
38
-75
14
54
27
-76
-112
209
-29
-63
-47
75
8
-19
-17
15
4
-13
11
39
-48
-30
-4
77
-72
34
33
54
-89
-75
112
-32
-138
148
170
-110
-98
26
50
-61
16
23
-20
-117
156
-170
67
601
-601
-178
312
-255
145
311
-556
190
171
-225
223
-115
-197
260
-16
-100
66
-27
0
15
-36
24
77
-142
-12
125
3
-132
105
-56
44
-20
0
-17
48
-64
8
59
-70
48
-20
20
-33
50
-34
-8
4
10
4
-25
11
-1
-6
4
21
-28
1
9
2
-28
22
5
-6
-1
12
-24
5
11
4
-9
-32
50
-33
21
-20
49
-71
60
8
-63
48
-17
1
-21
43
-55
106
-131
4
125
-11
-141
77
25
-34
16
2
-25
68
-100
-14
261
-195
-115
224
-224
174
194
-552
314
147
-251
315
-176
-596
604
72
-166
163
-112
-11
63
-133
175
-82
-114
75
356
-664
459
-281
291
-309
508
-581
177
95
-94
-34
186
-53
-197
168
-92
142
-145
126
-145
147
-152
228
-433
554
-515
464
-331
123
-20
9
-46
69
-107
154
-92
28
-28
31
-16
9
-34
51
-29
3
2
5
-17
13
-9
13
-29
39
-55
56
-27
-4
10
-2
-27
57
-54
41
-28
15
-9
15
-16
8
1
4
-28
54
-33
8
-14
29
-29
30
-93
155
-107
69
-47
9
-19
124
-329
465
-515
557
-432
231
-151
149
-144
127
-143
143
-89
169
-196
-52
187
-32
-93
98
181
-578
510
-306
294
-277
460
-660
360
79
-110
-74
179
-125
58
-57
-79
106
145
-262
591
-988
323
355
-185
-93
327
-511
281
-10
-54
-73
299
-382
425
-369
70
99
-30
-76
128
-66
-202
505
-522
240
86
-389
431
-77
-258
238
-73
15
-20
20
-58
86
-14
-39
15
26
-64
44
-11
14
-15
0
2
-2
2
-1
-2
18
-36
30
-21
13
-9
15
-20
30
-36
18
-1
1
2
-2
3
1
-15
15
-10
45
-63
26
14
-39
-13
86
-57
20
-19
15
-71
237
-257
-75
431
-387
86
243
-523
507
-200
-64
129
-74
-28
102
71
-369
426
-380
299
-72
-53
-7
285
-508
329
-88
-182
357
324
-982
595
-258
148
113
-74
-49
-41
30
53
-224
448
-89
-419
-246
554
-180
126
42
-248
274
-347
170
60
-190
176
412
-844
445
-16
-29
40
-7
128
-437
193
237
-178
100
-197
129
-11
51
-67
-3
16
-33
9
72
-51
1
-10
5
15
-14
13
-2
-17
5
3
0
-5
4
-4
19
-39
18
14
6
-43
19
6
20
-42
7
14
19
-39
21
-3
4
-5
2
4
6
-16
-1
14
-14
16
6
-11
2
-52
72
10
-33
16
-3
-67
51
-10
130
-197
101
-177
239
195
-435
130
-7
42
-30
-13
447
-843
413
178
-190
61
173
-344
278
-243
45
129
-177
556
-242
-414
-86
451
-215
57
38
-79
65
-64
89
136
53
-936
909
-210
-122
-56
424
-505
137
298
-350
112
-32
45
-266
703
-517
-53
99
57
38
-250
276
-196
144
-172
183
-3
-53
-36
-27
37
34
-36
-3
-12
47
-17
0
-7
0
1
-4
3
-8
7
0
-4
0
9
-14
-9
22
-11
4
-3
-15
6
-2
11
-1
6
-15
-2
4
-10
21
-8
-14
10
-1
-3
2
8
-7
4
-3
3
-1
-6
-1
-16
50
-12
-2
-37
34
38
-27
-36
-53
-3
186
-171
146
-195
278
-247
37
58
101
-51
-515
705
-264
46
-30
113
-346
301
141
-501
428
-53
-120
-209
912
-931
56
140
96
-60
74
-38
80
-127
5
-96
221
-520
1174
-1098
518
-454
467
-42
-227
-68
202
-53
-3
-75
144
-134
-6
162
-230
159
48
124
-572
440
39
-466
511
-57
-235
150
-13
-29
2
40
-40
8
11
-20
27
-16
2
0
-6
9
-7
10
-13
6
-5
2
-2
5
-26
28
-14
6
-1
-2
-4
3
-4
-1
-1
7
-12
29
-26
7
-1
5
-5
6
-13
12
-6
10
-6
0
2
-16
27
-20
11
9
-40
40
2
-28
-11
151
-235
-57
514
-466
40
441
-570
126
48
160
-229
162
-4
-133
146
-74
-3
-52
204
-64
-225
-38
471
-450
520
-1095
1178
-516
224
-93
12
-122
89
17
-97
165
-47
-187
-491
792
328
-462
-121
121
6
-292
309
-93
155
-185
161
-542
669
-188
-87
-6
70
-144
134
-61
65
8
-46
44
-113
63
-64
96
-89
85
-44
14
3
8
-35
20
7
-20
29
-14
-7
2
13
-9
-1
-1
-1
1
0
-3
-1
0
12
-30
34
-30
8
5
8
-28
35
-30
12
0
-1
-3
2
2
-1
0
-1
-7
11
3
-7
-14
31
-19
7
21
-34
8
4
15
-44
86
-87
97
-63
63
-113
45
-44
8
66
-61
135
-143
72
-3
-85
-187
672
-541
162
-184
158
-90
313
-288
11
124
-117
-460
331
796
-487
-184
-38
170
-89
48
-79
78
-81
320
-925
126
1216
-560
-281
233
69
-1040
1313
-499
241
-219
-157
409
-656
742
-402
93
-3
-172
354
-342
348
-303
76
191
-324
151
-17
-94
237
-173
40
-5
-20
39
-9
-20
30
-28
32
-18
-5
14
-24
33
-22
8
-2
-2
4
-1
-11
4
14
-20
21
-35
29
-14
28
-35
23
-21
12
5
-10
1
5
-2
-3
10
-22
34
-23
15
-5
-18
32
-27
28
-21
-8
39
-19
-5
39
-173
237
-93
-17
151
-324
193
76
-303
350
-341
353
-171
-2
96
-401
744
-656
410
-158
-218
243
-495
1316
-1035
72
236
-275
-557
1220
129
-919
321
-73
83
-69
19
5
-148
246
-369
479
-690
831
-348
-98
56
-231
453
-374
258
-55
-172
77
-208
766
-933
428
66
-92
-49
-5
31
53
-130
54
118
-78
-112
120
53
-145
13
71
5
-57
49
7
-19
-20
28
-21
12
-8
0
17
-24
12
-2
-2
5
-10
-1
9
-5
1
-10
18
-29
19
-10
19
-27
18
-8
2
-4
10
0
-7
5
-2
-2
13
-23
18
1
-8
13
-21
28
-17
-19
6
49
-55
4
73
13
-144
52
121
-112
-79
119
56
-129
53
33
-4
-48
-90
68
430
-933
767
-208
79
-171
-52
260
-371
455
-227
59
-94
-345
836
-685
481
-364
252
-143
13
-58
36
42
-243
381
-604
768
-289
-174
-7
166
-33
-451
587
22
-313
74
-5
-31
29
170
-186
-46
70
-94
124
20
110
-288
145
-114
143
56
-208
170
-118
24
90
-80
55
-40
-5
-4
25
-9
4
-2
4
-12
-1
18
-17
1
0
2
-4
2
-1
-3
5
-7
16
-30
18
-7
19
-29
16
-7
6
-2
0
3
-3
2
3
2
-16
19
1
-11
5
-2
4
-9
24
-3
-5
-40
55
-79
91
24
-119
170
-208
56
144
-114
147
-288
111
20
126
-93
73
-44
-186
171
30
-29
-3
75
-310
26
591
-447
-29
169
-4
-173
-287
772
-600
384
-233
47
45
-106
44
32
89
-589
1003
-708
196
-122
92
-90
-48
360
-241
-144
169
-44
108
-102
-328
496
-188
69
-83
-8
85
-275
513
-388
38
170
-158
-23
67
-2
-23
69
-75
45
-30
32
-63
56
-9
-5
-1
2
1
-6
5
-2
4
-15
5
0
-7
5
-2
-8
17
-12
5
-4
1
-1
1
-3
4
-11
17
-7
-1
6
-5
2
7
-16
5
0
6
-5
2
1
0
-4
-10
57
-63
32
-29
46
-73
69
-22
-1
68
-23
-157
171
39
-388
515
-274
86
-6
-80
70
-186
497
-326
-101
110
-43
171
-141
-238
362
-44
-87
94
-121
200
-704
1006
-586
97
38
52
-74
71
-80
61
187
-695
609
-129
10
20
-130
-12
140
-37
-7
8
-12
-9
-83
-147
423
-190
-30
37
-22
-98
54
292
-342
83
19
-37
56
-48
-38
43
19
-32
22
-10
-1
1
1
-5
15
-13
4
1
-3
-2
7
-11
10
-7
1
-4
3
-3
-4
10
-8
0
1
-3
2
-3
2
0
-7
10
-5
-3
4
-3
2
-6
11
-10
8
-2
-2
1
4
-13
16
-5
2
0
-1
-9
23
-31
20
45
-38
-48
56
-37
20
85
-341
294
54
-97
-21
39
-30
-189
423
-145
-83
-8
-11
11
-3
-34
143
-9
-127
23
12
-124
613
-689
190
68
-76
79
18
-98
119
-76
-2
198
-306
165
-28
-16
13
1
-101
87
-18
42
-74
25
-9
30
38
-54
-2
-10
24
-26
-38
113
-75
-47
50
13
-39
42
-38
24
8
-2
-15
18
-24
11
-1
5
-7
7
-4
1
-2
-2
3
-2
0
-2
-4
2
-2
1
-3
2
-2
-1
0
0
-2
0
1
0
-2
2
-4
2
0
3
-3
-1
1
-1
3
-1
-1
1
-4
7
-6
4
-1
12
-23
20
-15
-3
7
24
-38
43
-39
14
52
-46
-74
115
-37
-26
25
-8
0
-52
39
30
-8
25
-73
47
-15
90
-98
4
16
-13
-25
169
-301
202
1
-70
124
-89
-1
-31
22
-41
73
28
-191
143
-33
5
-11
-76
195
-188
76
-25
-12
17
-34
42
-14
11
-13
2
-24
26
7
6
5
-84
72
-33
13
3
5
-6
1
5
1
-10
5
-3
1
5
-3
4
-2
1
-3
-1
0
-1
0
-1
0
-2
-1
1
-2
-1
0
0
-2
0
-1
1
-1
0
0
1
-2
1
-1
0
1
0
1
-1
0
1
-2
2
-2
3
-3
4
0
-3
5
-9
1
6
1
-5
6
3
13
-33
72
-84
7
7
8
26
-23
4
-12
12
-13
42
-33
17
-11
-21
79
-184
197
-71
-8
9
-31
148
-187
32
76
-33
26
-24
-20
16
-36
75
-106
-81
169
-19
-87
45
3
-45
131
-159
89
-65
16
16
-17
-11
59
-50
9
-17
20
-17
22
-54
65
-42
18
-13
16
-25
9
5
-2
1
1
-1
-7
8
-1
-1
1
0
0
1
-2
1
-1
0
0
-1
-1
-1
-1
-1
-1
-1
-2
0
0
-1
0
-1
0
0
-1
1
0
0
-1
0
1
-1
-1
1
0
1
-1
1
0
0
1
-1
0
9
-7
0
1
1
-2
5
10
-24
16
-13
19
-41
66
-51
24
-17
21
-15
11
-48
60
-9
-15
17
17
-62
92
-155
134
-42
7
48
-85
-15
172
-76
-103
81
-31
23
-53
55
-49
-36
33
15
94
-177
45
11
23
-73
112
-83
-21
42
-8
-1
-8
-12
16
-10
9
-1
-6
8
-11
-14
39
-17
-45
53
-16
-4
-8
22
-12
-1
1
-2
1
4
-7
4
0
0
-1
0
-2
-1
-1
0
-1
0
0
0
-2
-1
-1
-1
0
0
0
-1
-1
0
0
0
0
-1
1
-1
-1
1
1
1
0
1
0
0
-1
0
0
0
0
3
-7
4
1
-2
2
0
-11
22
-8
-4
-16
55
-45
-15
39
-13
-11
8
-5
1
12
-10
17
-11
-7
0
-7
46
-18
-81
115
-70
24
15
47
-174
97
19
36
-29
-44
62
-55
34
3
-21
-79
88
-2
12
-77
39
-23
79
-151
92
4
-14
-13
1
24
-47
53
-33
-2
8
9
-35
24
-7
14
-21
-8
43
-37
12
-6
9
-4
-3
0
1
0
0
-1
2
1
-1
0
-1
0
-2
-1
-1
-1
0
-1
-1
-1
0
0
-1
-1
-1
0
0
0
0
1
-1
0
0
1
0
0
0
1
1
0
0
1
1
1
-1
1
-2
1
2
-1
1
1
1
1
-3
-3
9
-6
13
-37
44
-8
-20
15
-6
26
-35
10
9
-1
-32
54
-45
26
1
-12
-12
7
96
-147
81
-20
43
-75
16
1
92
-76
-15
7
42
-15
1
-15
-4
12
-31
-5
61
-37
-2
-13
-28
77
-78
19
-4
-1
8
-6
5
10
-21
5
2
-2
6
-1
-26
33
-16
-7
23
-16
-2
0
5
-11
11
-5
2
-4
4
-3
1
-1
1
0
0
0
-2
-1
-1
-1
-1
0
-1
0
0
-1
0
-1
-1
-1
-1
0
-1
-1
1
0
0
0
0
1
1
0
1
0
-1
0
-1
1
-1
0
1
-1
2
-2
5
-3
2
-4
12
-11
6
0
-1
-16
24
-6
-15
33
-26
1
8
-1
3
6
-20
9
6
-6
11
0
-1
23
-75
79
-24
-9
2
-35
65
0
-28
15
3
-10
10
-3
-2
-1
-9
-12
-3
9
7
-4
-6
3
2
-10
-15
-4
7
5
-3
-4
1
0
-4
-2
2
0
-5
-3
2
2
-5
-5
0
2
0
-3
0
1
1
0
0
0
0
0
1
1
-1
-1
0
1
-1
-1
0
0
-2
-2
0
0
-1
-1
0
0
-1
-1
0
2
0
-1
0
1
-1
-1
0
1
1
-1
0
1
1
-1
0
1
0
0
0
2
1
0
0
1
0
-1
1
3
1
-3
0
2
1
-3
-3
3
4
-1
-3
1
3
0
-1
1
2
-2
-1
6
10
-1
-13
-8
4
4
-3
-2
10
13
1
-10
-4
3
4
