0
-2
0
-1
-1
1
0
3
0
-8
5
2
0
7
-19
0
8
2
-6
2
-1
2
-4
-10
26
-19
2
4
-2
1
1
-2
1
-1
-1
0
-1
-1
0
1
0
-1
0
-1
-1
0
0
0
0
0
-1
0
0
0
-2
0
0
-1
-1
-1
0
-1
0
1
0
-1
0
0
0
0
-1
0
0
-1
0
1
0
0
0
0
0
-1
0
0
0
0
-1
-1
0
-1
0
-1
-1
0
-1
0
-1
0
-1
0
1
-4
-3
18
-26
10
3
-3
1
-3
5
-4
-8
-2
18
-8
-1
-4
-7
7
0
-2
0
-2
0
-2
-1
-2
0
-2
1
-3
1
-5
10
-13
12
-6
2
-3
6
-26
40
-35
14
-8
2
6
-1
-3
8
-7
3
1
-5
5
-3
4
-1
1
-1
-1
-1
0
0
-1
0
0
0
-1
0
1
-1
1
0
0
0
0
-1
0
2
-1
0
0
1
-1
-1
-2
0
-1
0
0
0
0
-1
-1
-1
-1
0
0
-1
0
0
0
0
-1
0
-1
0
-1
-1
-1
1
-1
-1
0
0
-1
-1
-1
-1
0
0
0
0
-1
1
-3
3
-5
4
-1
-3
9
-9
4
1
-6
-2
7
-14
34
-41
25
-8
0
-4
4
-13
13
-11
3
-2
-2
-3
-4
0
-1
1
-2
0
5
-12
12
-6
1
-4
-3
-3
28
-19
-23
23
-2
-20
25
-12
3
2
-4
-5
7
-1
-2
0
0
1
-1
0
0
0
0
0
0
-1
-1
-1
0
0
-2
-1
-1
0
0
-1
0
-1
0
0
0
-1
1
-1
0
0
-1
0
-1
0
-1
0
0
-1
-1
0
-1
-1
0
0
0
0
-1
-1
-1
0
-2
0
0
-1
-1
0
-1
-2
-1
0
-1
0
0
0
0
-1
-1
-1
1
-2
-1
-1
3
0
-7
4
6
-2
-4
11
-26
20
-1
-24
20
18
-28
2
1
1
-3
6
-11
10
-6
-2
0
-3
-3
0
-2
0
-1
-1
3
-8
2
6
1
-8
6
-10
7
3
-3
-23
6
21
2
-7
-5
1
9
-10
-1
6
-6
4
2
-6
2
0
0
-1
0
0
-1
0
0
0
-1
-1
0
0
0
-1
0
-2
0
-1
0
-1
0
-2
1
-1
0
-1
-1
-1
0
0
0
0
0
0
-1
1
-1
0
0
1
0
0
-1
0
0
0
0
1
-1
-1
0
-1
0
-1
-1
-1
0
-1
0
-1
-1
0
0
-1
-2
6
-3
-5
4
-7
2
9
-9
-2
6
6
-1
-22
-7
22
1
-4
-10
8
-7
7
-3
-7
-1
7
-3
0
-2
-2
-2
0
-1
2
-4
0
-2
4
5
4
-33
36
-18
19
-10
-58
67
-18
2
0
-14
12
1
4
-16
10
4
-8
4
-2
-2
2
-2
0
0
0
1
0
-1
0
0
0
-1
0
1
0
0
0
0
0
1
-1
0
-1
1
-1
-1
0
-1
0
0
-1
0
-1
-1
0
0
0
-1
1
-1
1
0
-1
-2
0
-1
-1
0
-1
-1
0
0
0
-1
-1
0
-1
-2
0
0
-1
-1
-1
-1
-1
-1
-1
0
-2
2
1
-4
6
-3
-10
16
-6
-1
-12
12
0
-2
18
-69
56
9
-21
15
-37
31
-5
-5
-4
2
-1
0
-3
-3
0
10
-23
8
-3
12
-11
-2
13
-13
0
8
12
-43
54
-47
13
24
-13
-8
2
2
-5
2
8
-8
4
1
-1
-2
0
0
0
0
0
0
0
0
0
0
0
-1
-1
0
-1
1
-1
0
0
0
-1
0
0
-1
0
-1
-1
0
-1
-1
-1
0
0
-1
0
0
0
0
0
0
0
0
0
0
-1
-1
0
0
0
-1
-1
-1
0
0
-1
-1
0
0
-1
-1
-1
-1
-1
-1
-1
-1
0
0
-1
2
1
-1
-5
7
-9
-3
6
-5
-3
8
13
-25
-14
46
-55
43
-14
-10
-1
11
-14
1
11
-13
2
-12
21
-15
0
-26
-29
97
12
-79
11
-19
-3
38
6
-13
-7
-19
75
-91
35
5
-14
13
-4
-7
13
-9
10
-3
-3
3
-3
-1
2
-1
0
0
-1
0
0
-1
0
0
-1
-1
-1
0
0
-2
-1
-1
1
-1
0
0
0
-1
-1
0
2
-1
-1
-1
0
0
0
-1
0
0
0
0
-1
0
0
0
-2
1
-1
0
-1
0
-1
0
-1
0
-1
1
-1
0
-1
0
0
-1
0
0
0
-1
1
-1
0
0
-3
0
2
-3
1
2
-10
9
-14
6
5
-13
13
-6
-35
89
-78
17
5
13
-9
-39
2
17
-11
77
-15
-99
28
20
0
-85
292
-233
77
-52
-21
59
1
-73
50
55
-90
-12
136
-131
31
11
2
0
-7
-1
2
9
-6
0
-1
-2
3
-1
0
0
1
0
-1
0
0
0
-1
0
0
-1
1
0
0
1
-2
1
-1
0
-1
-1
0
-2
1
2
-2
0
-2
-1
-1
1
-1
0
0
0
0
0
1
0
0
-1
1
-1
-1
0
-1
-1
0
0
0
-2
0
0
0
0
-1
0
-1
0
0
-1
0
-1
0
0
-1
1
0
1
-3
2
0
0
5
-9
-2
1
7
1
-3
-12
-32
130
-137
11
88
-58
-52
71
-1
-61
19
52
-79
229
-291
82
0
98
-296
236
-163
136
85
-170
118
-148
107
-53
88
-288
315
10
-132
34
-20
23
-9
0
-4
6
3
-1
-3
-1
6
-10
5
0
0
0
0
0
0
0
0
-1
0
-1
-1
0
0
-1
-1
0
0
0
0
-1
0
-1
0
-1
0
-1
-1
-1
0
-1
0
-1
0
-1
0
0
0
-1
0
1
-1
-2
-1
0
-1
0
0
0
0
0
-1
0
-2
0
0
0
-1
-1
0
-1
-1
0
-1
-1
0
0
-5
10
-8
1
1
-1
-4
-8
3
-1
8
-23
19
-36
132
-12
-317
286
-89
51
-108
147
-119
170
-85
-136
162
-240
294
-101
0
77
-260
145
148
-184
230
-279
192
-207
146
-87
-13
346
-399
157
-59
16
10
-5
0
-4
34
-45
20
0
-3
4
-6
11
-6
0
1
0
0
-1
1
-1
1
-1
0
1
0
1
0
-1
1
0
-1
-1
-1
-1
0
1
-2
2
-2
2
-2
1
-2
-1
0
0
0
0
-1
0
1
-2
1
0
2
-1
1
-1
0
-1
0
0
0
0
-1
0
0
0
0
-1
0
1
-1
0
-1
1
-2
0
-1
-1
7
-11
6
-5
2
2
-20
46
-34
3
0
4
-11
-17
58
-158
397
-348
12
85
-148
203
-192
276
-230
182
-149
-147
258
-80
0
-109
333
-192
-164
198
-135
138
61
-216
88
68
49
-379
341
-115
80
-16
-14
-6
-2
0
-9
21
-15
0
-1
6
-1
-3
1
1
0
0
1
-1
1
-1
1
-2
-1
0
-1
0
1
-1
0
0
-1
1
-1
0
0
1
-3
2
-2
0
0
0
0
0
-1
-1
0
-1
-1
0
-1
-1
0
0
1
-3
2
-2
0
0
0
-1
1
-1
-1
1
-1
-1
0
-1
-1
0
-1
-1
-1
-2
-1
0
-1
-1
0
3
0
-7
0
-1
14
-22
8
0
1
5
13
16
-80
114
-343
378
-50
-69
-89
213
-61
-138
134
-199
163
190
-334
103
0
-91
262
-225
214
-158
-248
404
-38
-219
84
55
-129
356
-321
-5
100
-44
20
13
-48
30
10
-14
0
2
-3
10
-7
-4
5
-1
-1
1
0
0
1
-1
1
0
0
-2
0
-1
0
0
-1
0
0
0
0
-2
2
0
-2
-1
1
-3
-1
0
-1
-1
0
0
0
0
-1
0
-1
-1
-1
2
-2
0
1
0
-2
2
0
0
0
-2
1
0
-1
1
-1
0
-1
-2
-1
1
-1
0
0
-1
0
0
-4
3
6
-11
4
-3
-1
14
-10
-30
47
-12
-21
43
-100
4
320
-356
128
-57
-85
218
36
-404
247
157
-216
223
-263
86
0
103
-316
272
-226
169
140
-268
223
-232
116
-9
56
-218
207
28
-110
45
-17
10
-12
24
-37
23
2
0
-5
4
1
-6
2
0
0
-1
1
0
-1
0
-1
0
0
0
0
0
-2
1
-2
0
0
-2
0
0
0
-1
0
-2
1
0
-2
0
-1
-1
-1
-1
0
0
0
0
0
-1
1
0
-2
2
-2
0
-1
-1
0
0
0
-2
1
-1
0
-1
-1
-1
-1
0
0
-1
1
-1
-2
1
-1
-1
-2
6
-2
-5
3
2
-2
-22
37
-23
11
-10
16
-46
110
-29
-208
216
-57
8
-117
228
-223
266
-141
-171
224
-273
313
-107
0
104
-314
172
138
-190
293
-342
202
-157
110
-71
39
30
-59
-25
69
27
-64
7
12
-13
48
-48
13
-1
-1
3
-2
-3
3
0
-2
2
-1
1
-2
0
1
0
0
-1
0
-1
0
-1
-1
1
-1
-1
0
0
-1
0
-2
1
-2
1
-1
0
-1
1
-2
0
0
0
1
-2
1
-1
0
0
0
-1
0
-1
1
-1
-1
0
1
-2
0
0
-1
-1
0
0
-1
1
0
0
2
-3
1
-2
2
0
-4
2
1
-2
0
1
-14
47
-48
12
-13
-7
64
-29
-69
24
57
-32
-40
70
-110
155
-202
340
-294
188
-139
-174
313
-108
0
-84
244
-148
-53
144
-464
554
-171
-12
18
-57
-39
188
-146
70
-61
28
-16
12
-11
-15
53
-39
7
-1
3
-3
6
-12
6
0
-1
0
1
-3
2
-1
0
1
0
0
0
-1
-1
1
1
-1
0
0
0
-2
0
-1
0
0
-1
-2
1
-1
-1
0
-2
0
0
-1
1
0
0
0
-3
1
0
-1
1
0
-1
-1
-1
0
0
0
-1
-1
-1
-1
0
0
0
-2
0
0
-3
2
0
0
0
-1
-6
12
-6
0
-2
0
-8
39
-54
14
12
-13
15
-28
61
-71
145
-189
37
55
-20
11
170
-553
463
-143
52
146
-244
79
0
-133
388
-257
-50
28
275
-327
20
105
-17
-27
77
-189
156
-85
77
-63
57
-6
-29
8
11
-6
-2
4
-1
-2
10
-15
5
1
-1
-2
-1
1
-2
0
0
0
-1
0
-1
-1
1
0
-2
1
-1
-1
0
0
2
0
0
-5
4
-1
-3
0
0
0
-2
-1
0
0
0
-1
-1
-1
2
-1
-4
3
-1
0
-2
0
-1
0
0
-1
1
0
-2
0
0
-1
0
-1
-1
1
1
-3
-2
0
0
-2
-5
14
-11
2
1
-4
2
5
-11
-9
29
6
-59
62
-78
84
-157
187
-79
25
15
-107
-20
326
-275
-30
48
254
-388
129
0
19
-74
-9
237
-205
-31
75
-39
46
-12
-13
20
-28
-15
69
-61
22
-10
29
-47
28
-4
0
2
0
-1
2
-5
4
-2
1
-1
0
-1
-1
1
-1
1
0
-1
-1
-1
0
0
0
0
-1
-2
1
-2
0
0
0
0
0
-1
1
-1
-1
1
0
0
-1
0
-1
-1
1
-1
1
1
-1
1
-1
0
-1
0
-1
1
0
2
-1
-1
-1
-1
0
-1
0
0
0
-2
0
-1
0
-1
-1
0
-1
1
-5
5
-2
1
-1
-2
0
3
-28
48
-29
10
-25
61
-69
13
26
-21
11
10
-49
39
-75
30
204
-237
7
74
-23
0
145
-396
366
-406
334
-118
96
-45
-3
-5
-1
-44
125
-79
-62
59
25
-39
21
-21
4
5
5
-3
1
-1
-1
-4
5
-2
0
0
0
0
-1
1
1
0
0
-1
0
0
-2
0
0
-1
0
0
0
0
-1
-1
-1
0
0
-1
0
-1
0
-1
-1
0
0
0
0
0
0
0
-2
1
-2
1
-2
-1
-1
0
0
0
0
0
-1
-1
-1
0
0
0
0
0
0
-1
-1
-2
-1
0
-1
-1
1
1
-6
3
0
0
-2
2
-5
-6
-4
20
-21
38
-25
-59
60
77
-125
42
-1
3
1
45
-96
116
-335
403
-368
393
-150
0
73
-172
-11
318
-240
34
-47
47
-13
2
7
-41
67
-54
58
-33
-20
24
-22
25
-17
7
1
-3
0
-1
0
1
-2
1
0
1
-1
-1
0
0
-1
0
0
0
-1
0
0
0
-1
-1
0
0
0
0
0
0
0
0
-1
0
0
0
0
-1
0
-1
0
0
0
-1
0
0
1
-1
0
0
-1
0
-1
0
-1
0
0
-1
-2
-2
-1
-1
-2
-2
0
0
-1
-1
1
0
-1
-1
1
-1
0
-2
1
-2
0
0
-1
2
-2
-8
16
-26
21
-25
19
32
-59
53
-68
40
-10
-4
10
-47
47
-35
239
-320
10
170
-77
0
46
-69
32
-14
18
6
-19
18
-18
-1
1
-2
13
-16
7
-5
5
-6
5
0
-2
-3
1
1
0
1
-1
0
0
-1
1
0
0
1
0
0
0
0
0
0
0
0
0
-2
1
0
0
0
-1
0
-1
0
0
0
0
0
0
-2
-1
-2
-1
0
-2
0
0
-1
0
0
0
0
0
-1
0
-1
0
-1
0
-1
-1
0
-1
0
-2
0
0
-1
-1
-1
-1
0
0
-1
0
0
0
-1
0
0
0
0
0
-1
1
-1
-1
3
0
-1
-5
6
-6
5
-9
14
-14
0
-3
-2
14
-19
19
-6
-20
13
-34
66
-50
0
9
-8
-13
16
-7
-17
21
0
-12
7
-4
-1
-6
10
-12
7
-1
-1
-1
0
0
0
1
0
1
-1
0
0
0
-1
0
0
-1
0
0
0
-1
-1
1
-1
-1
0
0
0
0
0
0
0
-1
0
1
0
0
0
0
0
0
-1
-1
1
0
-1
1
0
0
0
0
-1
0
-2
0
-1
0
0
0
-1
0
-1
-1
0
0
-1
0
-1
0
-1
0
0
-1
0
0
-2
0
-1
0
0
-1
0
0
-1
0
-1
-1
0
-2
1
0
-1
0
0
0
-7
10
-12
4
-1
1
-9
11
-1
-22
17
5
-18
11
5
-14
0
-14
35
-24
-5
5
5
-5
1
-4
5
-6
-2
9
-12
12
-9
1
-1
1
0
0
-1
-1
1
0
-1
1
0
1
-1
0
-1
-1
-1
0
-1
0
-1
0
-1
0
0
-1
-1
-1
0
0
0
0
-1
0
0
-1
0
-1
1
-1
-1
0
-1
0
0
-1
0
0
-1
0
-1
-1
1
-1
-1
0
-1
0
-1
-1
-1
-1
0
0
0
0
0
0
-2
-2
0
-1
0
-1
0
0
-1
0
0
0
0
0
0
-1
0
0
-1
1
0
-1
0
0
0
-2
9
-11
10
-11
0
3
-7
2
-1
4
-6
-6
3
21
-36
10
0
-15
28
-18
2
-3
2
-2
0
-2
2
-5
4
-11
10
-9
7
-3
2
0
0
0
0
-1
0
1
0
0
0
0
0
0
0
-1
-1
0
-1
0
-1
0
0
0
0
0
-1
-1
0
0
-1
0
0
0
0
0
0
0
-1
0
-1
-2
0
0
0
0
0
-1
0
-1
-1
0
-1
-1
0
0
0
1
-1
-2
-1
-1
0
0
-1
0
1
0
-1
0
-1
0
-1
0
-1
0
-1
0
0
-1
0
0
0
-1
0
0
0
0
-1
-1
1
1
-3
4
-8
7
-11
10
-5
3
-4
0
-2
2
-3
1
-3
13
-29
10
0
3
-13
5
6
-3
-2
5
0
-7
2
-4
1
5
-9
7
-9
4
-2
0
0
0
0
0
0
0
0
1
-1
1
0
0
0
-1
0
0
0
0
-1
-1
-1
1
0
0
0
-1
0
0
0
0
-2
1
-1
0
0
0
0
0
0
1
-1
-1
0
0
0
0
-1
0
1
-1
-1
0
0
0
-1
-1
0
-1
0
0
-1
-1
-1
0
0
0
0
0
0
0
0
-2
0
-1
-2
0
0
0
-1
0
1
0
-1
0
0
1
0
-1
-1
-1
1
-5
8
-9
7
-7
-3
4
-5
3
0
-6
2
3
-7
-9
12
-6
0
8
-24
18
-4
1
-4
4
-1
-3
2
-2
3
-12
10
-9
4
0
1
0
1
1
-1
0
1
0
0
1
1
-1
1
0
0
0
-1
0
0
0
-1
0
0
-1
-1
0
-1
0
0
0
0
-1
-1
0
-1
0
0
0
0
-1
0
0
-1
0
0
0
0
0
-1
-2
0
0
0
0
-1
0
0
-1
0
-1
-1
-1
-1
0
-1
0
0
-1
-1
0
0
0
-1
0
-1
0
0
0
0
0
-2
0
0
-1
-1
-1
-1
-1
0
-1
0
-1
-1
-1
-5
5
-12
10
-5
0
-3
0
-1
-5
3
-3
4
-21
22
-11
0
-8
16
-10
-3
2
7
-8
0
0
-3
0
-2
4
-6
2
0
0
2
1
0
0
-1
0
-1
0
-1
0
0
0
1
-1
-1
-1
0
0
0
-1
-1
0
-1
1
0
0
0
-1
-1
0
0
-1
0
-1
0
-1
1
-2
-1
0
0
0
0
-1
-2
-1
0
0
0
-1
-1
0
-1
0
-1
1
-1
1
-1
0
0
0
0
0
0
1
-1
0
-1
-1
0
0
0
-1
-1
-1
0
-1
0
0
-1
-1
-1
0
0
0
0
0
0
0
0
0
-2
0
0
-2
5
-6
1
-2
0
-2
-1
7
-8
-2
2
6
-18
3
0
-5
15
-12
5
-3
-7
9
-2
0
-1
-1
-2
-1
0
0
-1
0
-1
0
-1
1
1
-1
0
0
-1
0
0
-1
0
-1
0
-2
0
0
0
-1
-1
-1
0
0
1
0
0
0
0
-1
0
-1
0
1
-1
-1
0
0
0
0
-1
-1
0
-1
-1
-1
0
0
-1
0
-1
0
-1
-1
-1
0
-1
0
0
-2
0
-2
0
0
-2
1
0
0
-1
-2
0
0
0
0
-1
-1
0
0
-1
0
0
0
-1
-1
-1
0
0
0
0
-2
0
-1
0
-1
1
-3
-2
0
0
-1
-2
-1
1
-10
6
0
-6
9
-15
0
0
2
-13
9
-6
1
6
-7
2
-2
2
-1
1
-3
2
-1
1
1
0
0
0
0
0
2
1
0
0
0
1
-1
0
0
0
1
-1
0
0
0
0
0
0
-1
0
0
-1
-1
0
0
0
-1
0
0
-1
-1
1
-1
0
0
-1
-1
0
-1
0
0
0
-1
-1
0
-1
-1
0
0
-1
0
-1
0
0
0
0
0
0
-1
-1
0
0
-1
-1
0
0
0
-2
0
-1
-1
0
-1
0
-1
0
0
-1
1
-1
-1
0
-1
-1
0
0
0
-1
0
-1
0
-3
2
-2
0
-3
0
-3
6
-7
-2
5
-12
11
-6
0
1
-8
2
5
-3
-3
2
0
-2
-1
0
-2
3
-5
0
-1
-1
-1
-1
1
0
0
-1
-1
0
0
-1
0
1
-1
1
0
-1
0
0
-1
-1
0
0
-1
0
0
-1
0
0
0
0
0
0
0
0
1
-1
-1
0
-1
-1
0
0
0
-1
0
-1
0
0
0
-1
0
0
-2
0
0
-1
-1
0
0
0
0
-1
-1
-1
-1
0
0
0
-1
0
0
0
-1
0
-1
-1
-1
1
0
-1
0
0
0
-1
0
0
0
0
-1
0
-1
-2
0
-1
0
-2
3
-5
0
-2
-2
1
-1
-4
2
3
-6
-5
6
-6
0
-2
3
-3
1
0
3
-2
1
-3
0
0
0
-5
3
-3
1
0
0
1
-1
0
0
-1
0
1
0
-1
0
-1
0
-1
0
0
-1
0
0
0
0
0
0
0
0
-1
0
0
0
-1
-1
-1
0
0
0
-1
-1
0
0
1
-1
0
0
0
-1
1
0
0
0
0
-1
0
0
-1
-1
-1
0
0
0
0
0
0
0
0
0
0
-1
0
0
-1
0
-1
0
-1
-1
-1
0
-1
-1
0
-1
0
0
0
0
0
0
-1
0
-1
0
0
-1
0
-2
2
-4
5
-1
-1
-2
0
-2
2
-3
0
-2
0
-3
-3
0
-3
6
-5
-1
1
-2
2
0
-1
-1
-2
0
-1
0
0
0
0
-1
0
-1
0
-1
-1
0
-1
0
0
0
0
0
0
-1
-1
-1
1
-1
1
0
0
0
-1
0
-1
0
0
0
0
0
-1
0
0
-1
-1
0
1
0
-1
0
-1
0
0
0
-1
0
0
0
0
-1
0
-1
0
0
0
-1
0
0
-1
0
0
0
0
0
0
-1
0
-1
-1
-1
0
0
-1
0
0
-1
-1
0
0
0
0
-1
0
0
1
0
-1
0
-1
0
0
-1
0
0
-2
-1
-1
-1
-1
-1
0
0
-3
1
-2
0
3
-7
-1
0
1
1
0
0
0
2
2
0
-1
-1
0
0
0
0
0
0
0
0
0
0
0
0
0
0
0
0
-1
0
0
0
0
0
-1
-1
0
0
0
0
0
0
0
0
-1
0
0
0
0
0
0
0
0
-1
-1
0
0
0
0
0
-1
-1
-1
0
-1
0
-1
-1
0
0
0
0
0
0
0
0
-1
0
0
0
0
0
-1
-1
0
-1
-1
0
0
0
-1
-1
-1
0
0
-1
0
0
-1
-1
-1
0
0
0
0
0
-1
-1
0
0
0
-1
-1
0
0
0
-1
-2
-2
0
0
0
-1
-1
-1
-1
-1
-2
-2
