-10
-5
-7
-2
-3
-5
0
-4
-3
0
-2
-6
1
0
-7
-10
21
-18
16
-34
14
9
-4
-3
3
-5
-11
11
-2
-3
2
-9
3
2
-3
1
2
0
-2
0
-3
2
0
0
-1
2
0
-1
0
-1
0
-2
1
-1
0
-1
-1
0
-1
-1
1
0
-1
0
1
-1
0
0
0
0
0
-1
0
-1
1
-1
1
1
1
-1
1
-1
0
2
0
0
0
2
-2
2
-1
0
2
1
-1
2
3
-9
4
-2
0
12
-9
-3
4
-1
-2
11
16
-33
16
-16
22
-7
-5
3
5
-3
1
2
0
0
3
-1
0
5
-3
4
-11
-4
-2
-8
-2
-3
-11
17
-20
4
0
-16
18
-12
-2
-12
17
-18
12
8
-23
9
-7
17
-23
2
1
6
0
-14
17
-24
20
-7
1
-1
1
0
-1
-1
1
-3
2
0
-1
0
0
0
-2
-1
-1
0
0
-2
1
-2
-1
-1
1
-2
0
-1
0
-1
0
0
0
-1
0
-1
1
0
1
0
1
-1
1
0
0
0
-1
1
1
1
0
1
4
-1
1
1
-1
0
0
1
1
-6
20
-24
17
-14
1
8
1
2
-22
19
-5
10
-22
8
12
-16
18
-9
2
-10
21
-14
3
7
-18
22
-7
1
1
-1
1
4
-10
-6
-2
-6
-3
-4
-5
9
-21
2
-1
12
-13
-10
16
-28
32
-13
-31
26
-4
4
-3
8
-23
10
8
-15
-7
12
2
-4
-8
-3
8
-4
-2
2
-3
3
-1
0
0
0
1
0
1
0
-1
0
-1
-2
1
-2
0
-2
0
-3
-1
3
-2
0
-1
-1
-1
0
-1
1
-2
3
-1
-1
0
0
1
0
2
-2
1
0
0
0
1
0
1
1
1
-1
0
3
-3
3
-2
-3
10
-2
-8
-2
3
12
-6
-13
9
10
-21
9
0
5
-2
27
-30
-11
33
-25
19
-6
-10
15
2
6
-19
13
-1
1
0
0
1
2
-7
-6
-3
-6
-2
-3
2
-27
17
13
-21
9
-12
-9
12
2
3
-53
59
-16
-15
2
8
4
-24
33
-16
-16
8
10
-24
20
-6
-3
1
2
-4
6
-5
-1
2
2
-3
3
-1
0
0
0
-2
0
0
-4
1
-1
-1
1
0
-1
-3
1
-2
0
0
-1
0
0
-1
0
-2
3
-2
1
0
0
0
0
2
-2
1
1
-1
0
0
1
0
3
-3
1
2
-3
-5
6
-4
3
2
-2
-6
21
-22
11
9
-15
-15
34
-23
6
9
4
-14
-14
61
-51
4
5
15
-5
-9
12
-19
15
19
-23
6
0
2
1
3
1
-12
-3
-8
-3
-3
-5
18
-9
-25
8
-7
19
-20
-6
6
-15
27
-32
28
15
-57
20
9
-19
19
-18
11
-2
-14
13
0
-11
8
-5
6
-3
-5
5
-3
0
2
-1
0
2
0
0
0
0
0
-1
1
-4
3
-3
0
0
0
0
-1
0
-1
-2
0
-1
0
-1
0
-1
-1
2
-1
-1
1
-1
2
-1
3
-4
1
0
1
0
0
1
1
1
1
0
2
-1
-3
6
-4
-2
8
-4
8
-11
2
15
-12
1
12
-16
20
-18
11
22
-56
16
29
-32
28
-12
10
-3
-17
21
-4
11
-23
-6
21
-2
0
4
-2
5
-1
-18
4
-3
-3
-10
15
-17
1
8
-18
-12
19
-14
13
-20
13
-6
6
-23
19
-17
7
9
-16
2
6
-7
6
-9
-2
2
5
-4
-2
3
4
-3
-5
3
6
-3
0
0
1
0
1
0
0
0
-1
-1
-4
2
0
-2
0
-2
0
-1
-1
-2
-1
-1
0
0
1
-2
0
-1
-1
-1
1
0
0
2
-3
1
0
1
1
0
1
0
2
-1
1
-4
6
1
-5
-3
4
3
-2
-3
5
4
-1
-7
7
-5
7
2
-15
11
9
-15
20
-22
7
-3
14
-17
17
-12
22
-9
-15
11
3
-13
17
-6
-1
4
9
-9
-5
0
-18
6
-11
0
-53
101
-51
11
-40
34
-23
5
-9
-1
-5
25
-34
25
-17
7
-6
-11
19
-8
-7
0
3
2
-5
6
-6
-3
7
-5
1
-2
3
-3
0
1
0
0
1
0
1
-1
0
1
-5
3
-3
1
-2
1
-1
-2
1
-2
0
0
-2
0
0
1
-2
0
0
-1
1
2
-1
2
-2
1
-2
4
-4
2
1
0
1
0
0
2
-1
1
-1
-2
4
-2
1
-4
6
-3
-6
8
-5
2
2
1
-5
-7
20
-10
-4
9
-16
27
-33
27
-4
1
-5
8
-20
38
-37
13
-50
104
-49
5
-8
13
-15
9
-13
8
-14
-9
3
-30
86
-147
87
22
-48
-4
19
-8
-2
-8
11
-14
-13
30
-20
5
-5
13
-12
-9
6
2
-10
8
-7
-3
2
0
-1
0
-2
3
0
0
-4
4
0
0
0
0
0
0
-1
0
-2
-3
0
0
-2
0
-1
0
0
-2
-1
-1
-1
0
0
0
1
0
1
0
-1
0
0
0
-2
3
1
-1
0
1
0
-1
1
1
0
0
0
5
-3
0
1
3
-1
-1
-1
0
2
-3
-5
10
-9
4
7
-8
-10
15
-3
6
-20
32
-13
-13
12
-5
1
-5
22
-2
-44
24
89
-143
89
-25
6
-1
-8
15
-3
-10
-10
12
1
-8
-115
158
-82
52
-19
18
-70
34
-20
32
-3
-31
7
-5
9
2
-5
4
-16
11
-8
-5
9
-3
12
-12
-9
8
-5
5
0
-3
-4
2
2
0
-1
2
0
-1
0
1
-1
0
-3
-1
2
-2
0
0
-1
-1
-1
0
0
0
0
-2
0
-1
0
0
1
-1
0
0
0
1
1
-1
3
0
-2
0
0
1
0
0
1
2
-2
2
2
2
-3
-2
1
7
-5
8
-9
-11
13
-3
10
-4
-7
13
-14
4
-3
3
10
-4
8
-30
-2
36
-18
36
-67
20
-16
53
-80
162
-110
-4
4
19
-6
-2
-4
-13
8
-22
-4
-7
74
-3
-111
30
-42
117
-103
13
40
-27
15
-37
23
-2
-10
11
-8
0
-3
9
-14
22
-26
12
5
-21
8
5
2
-3
-4
0
4
-7
4
1
-1
1
-1
2
0
0
-1
0
0
-1
0
-1
0
-1
0
0
-2
0
-1
-1
-2
0
0
1
-1
0
0
1
-1
0
1
0
0
1
1
-1
0
0
0
2
0
0
0
1
0
0
3
-6
6
1
-3
-1
2
6
8
-21
6
13
-25
22
-14
9
-2
0
-7
11
-9
0
25
-37
16
-23
42
16
-100
120
-40
34
-109
0
78
-2
-1
-15
13
-5
-23
16
-24
-1
-8
50
-122
123
-49
-44
80
-118
103
-62
39
-15
-26
23
-5
-8
12
-15
8
2
-12
5
-7
18
-25
10
9
-16
2
7
-5
0
-1
8
-10
2
2
-2
1
-2
2
-1
-1
1
-2
0
-1
-2
0
-2
-1
-1
-1
1
-2
1
-1
0
-1
-1
0
0
0
0
0
1
-1
-1
0
-1
1
0
1
1
-1
0
-1
2
1
0
2
-1
2
-1
2
3
-9
9
0
-1
-4
6
2
-15
9
11
-24
20
-7
6
-11
3
9
-14
13
-7
-5
24
-25
-11
43
-59
106
-115
82
-41
-47
125
-119
54
-4
6
-18
25
-10
-9
4
-9
-9
-5
94
-246
215
-94
54
27
-80
9
24
-29
19
-1
-6
-3
-2
-1
-4
0
-2
-3
0
10
-11
-8
-5
33
-33
12
-5
6
-8
10
-5
0
0
-1
1
0
0
-1
1
0
-2
1
0
-1
0
0
-1
-1
0
-2
-1
0
-1
-2
-1
-1
0
-1
0
-1
0
1
0
0
0
0
0
0
1
-1
1
1
-1
1
1
0
1
0
1
0
0
1
-5
9
-7
7
-6
12
-33
33
-4
-7
-10
12
3
-1
-1
2
-2
1
-1
-3
-4
-1
20
-25
27
14
-78
30
56
-90
216
-243
98
-3
-6
-2
9
-1
-7
-14
-1
2
-12
-24
-24
219
-244
28
49
-18
22
-42
29
-17
4
-8
7
-1
1
-3
-1
-8
5
7
-5
-14
8
6
-15
11
-6
0
1
1
3
-5
5
0
-3
2
-1
1
-1
-1
0
0
0
-1
-1
-1
-1
-2
2
-1
-2
1
-2
0
-1
-1
0
-1
0
-1
0
0
0
1
-1
1
-1
0
2
-2
0
0
0
0
1
0
1
0
-1
1
0
2
-2
1
5
-6
3
1
1
1
-6
11
-14
7
9
-13
-6
8
7
-5
1
-2
1
-1
8
-7
5
-15
32
-40
24
-15
50
32
-242
225
-21
-21
-9
10
5
-6
-5
-9
2
-15
3
-7
45
-113
76
-18
2
18
-50
36
-5
-4
-21
23
-14
-2
6
-7
2
1
0
-11
13
-13
6
4
-17
8
-3
2
-1
2
-4
9
-8
4
-1
0
1
0
1
0
0
-1
0
-3
0
0
-2
1
-3
0
0
-1
0
-1
-1
-1
0
-1
0
-1
0
0
-1
0
1
-1
1
2
-2
1
-1
1
2
-2
1
-1
1
0
1
-1
1
-1
-1
4
-8
9
-4
3
-1
4
-3
9
-15
5
6
-12
13
-9
1
3
4
-6
8
-1
-12
23
-20
0
-2
38
-47
20
5
-16
78
-108
48
-2
6
-7
7
-1
-14
4
-16
0
2
27
-75
8
30
5
-20
-10
20
-34
28
4
-29
17
-3
-10
13
-12
4
3
-11
5
4
-11
8
-15
20
-22
11
-1
-2
3
0
-1
4
-1
-3
2
1
-1
0
0
0
-1
-1
-1
-1
-2
0
0
0
-1
-3
-1
-1
-1
-1
1
0
0
0
0
0
1
0
0
0
0
-2
0
1
0
1
0
-1
0
0
0
1
0
1
0
0
3
-3
0
4
-1
1
3
-2
-1
11
-21
21
-13
9
-10
5
5
-10
5
6
-12
14
-8
-2
18
-28
7
31
-31
23
-8
-17
7
32
13
-71
31
5
7
-11
12
-21
4
-2
-7
-6
29
-87
83
-49
8
-13
29
-14
-17
1
2
-13
13
17
-34
14
-1
-1
3
-8
2
-2
4
-6
-4
9
-8
2
0
-1
0
-3
5
0
-2
-2
4
-1
1
0
0
0
0
-1
-1
-1
-1
-1
1
-1
0
-1
2
-2
-1
1
0
-1
0
0
-1
0
0
1
0
-1
2
0
1
1
1
0
1
-1
0
0
2
1
0
0
1
0
4
-2
-3
0
5
-3
1
0
1
2
-6
10
-2
-5
5
-1
3
-6
4
0
-2
15
-32
18
13
-12
4
4
-13
-11
31
-11
13
-46
86
-83
32
-3
0
3
13
-14
2
-16
-2
5
18
-67
51
-18
-4
-8
6
0
-13
7
-11
-1
10
10
-29
7
2
-2
1
-3
-3
-3
0
2
-5
4
5
-7
0
3
-1
-4
1
3
2
-4
2
-2
0
-1
1
0
-1
-1
-1
-1
-2
0
-1
0
-1
-2
-1
-1
-2
0
1
-1
-1
0
-1
1
-1
1
0
0
1
0
0
0
0
1
0
0
1
0
-1
0
1
0
1
-2
2
-4
3
3
2
-4
-1
4
0
-7
6
4
-5
2
1
-2
-1
-2
3
0
4
8
-28
10
10
0
-8
10
-11
2
10
-5
-1
-16
55
-62
22
7
4
-11
10
10
-28
16
-4
-11
-16
-7
38
-29
10
-14
-4
-5
1
6
-11
4
-9
28
-30
-3
6
-2
2
-5
1
-6
10
-13
3
2
3
-10
4
-2
1
3
-4
-3
9
-4
0
2
0
1
-1
2
0
-1
-1
-1
-1
-1
0
-2
-1
1
-3
0
-2
-1
0
0
-1
0
0
0
0
-1
-1
1
-2
2
0
0
0
0
0
0
1
0
-1
2
-1
2
0
1
-1
-4
10
-2
-4
2
2
-1
5
-10
3
4
3
-12
11
-6
4
-4
3
-1
7
-2
-29
29
-8
5
-8
10
5
-2
0
-10
13
-26
43
-2
-11
-8
4
21
-20
20
-33
13
-16
6
-5
-4
-8
6
-3
-14
22
-12
-16
12
-10
8
-16
7
-4
5
-3
-1
3
-5
0
-5
5
-3
2
-8
4
-3
1
0
-1
0
2
-5
3
-2
3
-2
1
0
0
1
0
0
-1
-1
-1
-1
-1
0
-3
0
-1
-1
0
0
0
-1
-1
0
0
0
-1
0
0
-1
0
1
-1
2
0
0
-1
-1
0
1
-1
1
0
0
1
-1
2
-2
4
-5
3
0
1
0
1
-3
6
-6
2
-1
5
-5
2
-4
4
-1
-2
6
-3
9
-15
9
-6
16
-13
-9
24
-11
0
7
-5
-1
0
9
-9
18
-24
5
-22
1
-5
5
-8
-6
13
-22
0
4
-5
-5
6
-10
5
-5
1
-4
2
-2
1
-1
-6
5
-3
-3
1
0
-2
-2
-1
3
-2
-1
0
1
-1
0
0
0
-1
0
1
-1
0
0
0
0
-1
0
0
-1
-2
-1
-1
-1
0
-2
0
0
0
0
-1
0
0
0
-1
0
0
-1
0
0
1
1
0
0
1
-1
0
0
0
0
0
0
0
0
0
0
2
1
-1
2
-1
0
-2
3
0
-1
-2
0
2
-3
-1
7
-5
0
2
-2
3
-3
0
-4
7
-6
8
-2
-3
6
1
-20
18
-3
-5
8
2
6
-12
-15
2
-11
-1
-11
7
-3
-8
4
-9
2
-6
-5
7
-4
-7
0
2
-3
1
-1
-1
-3
1
-3
-3
0
0
-2
1
-2
-2
0
2
-1
-1
0
-1
-2
0
0
-1
0
0
0
0
0
0
-1
0
-1
-1
-1
0
-1
-1
0
0
-1
-1
-1
-1
-1
-1
0
-1
1
0
0
1
0
1
0
-1
2
1
-1
1
0
0
0
1
1
0
-1
2
0
0
0
1
-2
0
0
-1
0
3
0
0
-2
1
-1
1
1
-2
-2
4
0
1
-1
2
-1
3
1
-5
0
9
-3
-3
4
-5
6
-5
1
11
-9
7
-6
9
-18
8
-11
-6
-2
-3
-2
-13
12
-4
-6
-8
6
-4
-3
-5
1
-2
0
-3
0
-1
-3
-1
-1
1
0
0
-4
0
-2
2
-2
0
0
-1
2
-1
2
-2
1
-1
0
0
0
0
1
1
-2
0
-1
0
-1
-2
1
-1
0
-1
-1
-2
0
0
-2
-1
1
0
-1
-1
1
0
-1
-1
0
0
2
-1
0
0
0
1
-1
1
0
0
0
1
1
-1
0
-2
2
-1
1
0
1
0
-2
2
-2
2
-3
2
0
0
0
-1
-1
1
1
-1
0
1
2
-2
1
-1
9
-3
-3
0
14
-10
2
2
2
0
-6
15
-7
-1
-5
-10
1
-10
9
-7
-6
-1
2
-2
-7
1
-2
-4
-3
2
-3
1
-3
0
-3
1
-2
-2
0
-1
-1
0
-1
-3
0
1
1
-2
1
0
0
-1
-1
1
0
2
0
1
1
0
-1
-1
0
-2
-1
-1
-1
-1
-1
0
0
-1
0
-2
-1
-1
0
0
0
0
0
-1
1
0
-1
0
0
0
0
0
0
-1
0
1
0
1
0
0
1
0
-1
0
1
-1
1
-1
1
1
0
-2
1
-1
0
0
0
0
-2
2
0
1
-2
2
-1
3
-2
-1
2
3
-3
1
4
3
-4
-3
13
-7
2
-3
1
6
-1
-10
-5
-4
-4
-5
-1
-3
-3
3
-1
-6
4
-8
-3
2
-4
1
-2
0
0
-1
-1
1
-2
-1
-3
-1
0
-3
-1
-1
-1
2
0
0
1
-1
0
1
0
-1
1
0
-1
1
0
-1
-1
-1
-1
-1
-1
-1
-1
-1
0
-1
-1
0
-1
-1
0
0
0
-1
0
0
0
0
-1
0
1
0
0
0
-1
1
-1
0
0
-1
-1
1
-1
0
1
0
0
0
1
-2
0
0
0
1
-1
0
1
-1
0
1
-1
1
-1
1
-1
-1
1
-1
-1
2
-3
6
1
-5
7
-2
0
6
-1
0
3
-1
-1
4
0
-1
0
-15
2
-6
-5
1
-6
-2
-2
-2
-1
-4
3
-10
3
-5
1
-1
-1
-1
1
-2
0
-1
-1
0
-1
-2
-1
-1
-2
1
-1
2
-1
0
0
-1
1
0
0
0
0
0
0
-1
0
0
-1
0
1
-2
0
0
-2
-1
0
-1
0
-2
-1
0
-1
-1
-1
0
-1
-1
0
-1
0
-1
1
1
-2
1
0
-1
2
0
0
-1
0
-1
1
1
0
-1
0
-1
1
-2
0
1
-1
2
-1
1
-1
1
0
0
-1
1
0
0
1
0
1
-1
0
0
1
-2
7
-7
6
-1
2
1
0
3
-3
5
-2
1
6
-5
-2
-11
-3
-5
0
-5
3
-13
5
-4
1
-3
-6
2
-2
-4
-1
1
-3
1
-1
-1
-1
0
-2
1
-1
-4
2
-2
0
-3
1
0
0
-1
1
0
0
0
0
1
1
-2
0
0
-1
2
-1
-1
0
0
-1
0
0
0
0
-1
0
-1
0
-1
-2
-1
-1
0
-1
1
1
0
0
0
1
0
1
0
-1
-1
-1
0
0
2
0
0
1
-1
1
1
-1
2
-1
0
1
-1
0
-1
1
-1
1
-1
2
-2
1
0
-1
1
1
1
-1
1
-1
2
0
-2
1
6
-3
1
4
-2
8
-8
6
-1
2
3
2
-4
-10
-2
-3
-7
-1
-3
-3
-2
-1
-3
-1
-1
-1
-4
2
-4
2
-2
1
-1
-1
-1
-1
-2
1
0
-2
-1
0
-2
-1
1
0
0
0
0
-1
-1
-1
0
1
-1
1
0
0
0
-1
-1
-2
-1
-2
0
-1
1
-1
-1
-1
0
-1
-1
0
1
-1
-1
0
0
0
1
0
0
-1
0
0
0
0
0
0
1
-1
0
-1
1
0
-1
0
-1
1
-1
1
0
-1
0
-1
0
2
0
0
1
-1
0
1
-1
0
0
2
-1
1
0
0
0
1
-2
3
-1
4
-1
1
1
2
-2
1
1
-1
1
0
0
2
4
-19
3
-7
-7
0
-4
-1
-8
2
-2
-1
-2
-2
-1
-3
0
-1
-2
0
0
-1
0
-1
0
-1
0
-2
-1
-1
1
-3
0
0
0
0
-1
1
0
0
-1
1
-1
1
0
0
0
-1
1
-1
-1
0
-2
-1
-1
0
-1
-1
-1
-1
-1
-1
0
0
-1
0
-1
0
-1
0
-1
0
0
0
-1
0
0
1
0
1
-1
0
0
0
0
1
0
1
-1
1
-1
0
1
1
0
0
0
0
1
-2
1
-1
0
-1
1
0
0
0
0
-1
1
1
-1
-1
1
0
1
0
1
2
0
3
-4
3
2
3
0
-3
10
-18
1
-7
-5
-1
-5
-3
-1
-5
-1
-1
-4
-2
-6
1
-4
1
-2
-1
-1
-1
0
-2
0
-2
0
-4
1
-3
0
1
-2
1
-1
0
1
1
0
0
0
0
0
0
0
1
-1
1
-1
-1
-1
-3
-2
0
-1
-2
-1
-2
-1
-2
-1
-1
-1
-1
-1
1
-1
1
0
-1
0
0
2
-1
0
0
1
1
-1
0
0
0
0
1
-1
2
0
-1
1
0
0
0
1
2
1
1
0
1
-2
1
0
-2
2
-1
1
0
1
0
0
0
-1
1
0
2
0
5
-2
0
0
3
3
-4
3
2
-2
2
1
-2
10
-15
-5
-1
-7
-2
-2
-4
0
-3
-4
-1
-1
-2
-2
-2
-2
0
-1
-1
-1
0
0
0
0
-1
-1
0
-1
0
-1
-2
0
0
0
0
-1
0
0
0
-1
1
0
0
-1
0
1
-2
0
0
-1
0
0
-1
0
-1
0
-1
-1
-1
0
-1
-1
0
-1
0
0
1
0
0
0
0
0
0
1
0
1
0
0
1
-1
0
1
-1
1
0
0
0
0
1
0
0
0
0
0
1
0
0
1
-1
-1
0
0
0
1
0
0
1
0
0
0
0
0
0
1
-1
0
1
0
1
-1
-1
5
-1
0
1
0
4
4
-13
-5
-1
-7
0
-6
-2
-5
2
-3
-4
3
-5
-2
-1
-2
0
-2
-2
2
-2
-2
0
-1
-1
-2
1
-5
0
-1
-2
2
-2
1
-1
-1
2
0
0
0
0
1
1
0
0
0
0
0
-1
1
-1
0
-1
1
-2
1
-1
-2
1
-1
-1
0
-2
0
-1
0
0
0
-1
-1
1
-1
-1
1
0
1
-1
0
0
1
0
0
1
0
1
2
0
2
0
0
0
-2
3
0
0
2
-2
1
-2
0
1
-2
1
0
0
0
1
0
-1
3
-1
0
1
0
2
1
-3
6
0
-1
3
-3
1
0
2
-1
5
2
-4
-4
-4
-3
-2
-3
-3
-2
0
-1
-2
-1
-2
-2
-2
-2
0
0
0
-1
-1
-1
-1
-1
0
0
-1
-1
-1
0
0
-1
-1
0
1
0
0
0
0
0
0
-1
0
0
1
0
0
1
0
0
0
0
-1
0
0
-1
0
0
0
0
0
-1
-1
0
0
0
0
-1
0
0
0
0
0
-1
-1
0
0
0
0
0
0
0
0
-1
0
1
1
0
0
0
0
1
-1
0
0
0
-1
0
1
0
-1
-1
-1
-1
0
-1
0
-1
0
0
0
0
0
0
0
0
0
0
0
0
0
0
0
0
1
1
1
1
