-10
-5
-3
-7
0
-4
-2
-3
-1
-2
-3
-3
-3
5
-9
-1
1
-6
0
1
-4
2
-5
1
0
3
-15
-2
6
-5
7
-9
-2
1
3
1
0
0
-1
-1
0
0
1
1
-1
0
0
0
0
0
-2
0
0
-1
-1
-1
-1
-1
-1
-1
-1
-1
-1
1
-1
0
0
-1
0
0
0
-1
0
0
0
-1
0
2
0
0
0
0
1
1
0
0
1
0
1
1
0
1
0
1
3
1
-2
-8
8
-2
8
-1
-14
6
1
3
-3
4
-3
3
1
-4
2
3
-7
9
-1
2
0
0
1
0
2
-1
3
2
2
4
-8
-6
-3
-6
-3
-2
-3
-6
-1
-2
-2
-4
1
-13
7
-8
1
-1
-3
-1
-1
-4
3
2
-10
3
-1
2
0
-1
-7
2
3
-6
2
1
0
0
1
1
0
1
1
0
0
0
0
0
0
-1
-1
-2
0
0
-1
0
0
0
-1
-2
-1
0
-2
-1
1
0
-1
2
0
0
-1
0
0
1
1
0
-1
0
-1
0
1
0
0
0
1
0
1
1
0
-1
0
0
1
0
2
-6
3
4
-6
1
1
2
0
4
-9
3
3
-3
0
1
-1
-1
2
-5
11
-9
4
0
0
0
1
-1
1
2
0
1
1
2
-10
-1
0
-20
5
-8
5
-8
8
-11
0
-4
-2
-4
10
-19
7
-8
5
20
6
-44
5
-11
6
13
3
4
-14
11
-15
11
-15
8
3
-4
0
0
0
0
0
0
1
0
-1
1
0
0
0
-1
0
-1
-1
0
0
0
-1
-1
0
-1
0
-1
-1
-1
-1
0
0
-1
0
0
0
0
0
0
2
0
0
0
1
-1
1
-1
1
0
0
-1
1
1
0
0
0
1
0
-4
3
10
-15
11
-14
13
-13
5
3
13
6
-9
6
-42
7
22
7
-7
8
-16
13
-1
1
-1
3
-7
10
-5
9
-4
8
-14
5
6
3
-21
8
-8
-1
-6
-20
26
-12
-3
-3
-1
0
-4
-9
2
-8
13
-5
-4
15
10
-57
15
16
9
-15
20
-38
8
4
6
-4
0
-2
2
0
-1
0
1
0
0
0
-1
1
0
0
-1
1
-3
0
0
-1
0
-1
1
-4
0
-1
0
-1
0
-1
1
-2
1
0
0
-1
0
0
1
-2
3
0
1
0
0
0
-1
2
0
1
1
2
0
0
0
0
0
0
-1
1
2
-2
1
-4
6
5
9
-37
21
-13
12
18
16
-55
12
16
-2
-5
12
-7
5
-6
-2
3
2
0
1
-10
30
-16
-2
2
1
12
-13
-13
0
-19
14
-9
-2
-5
-23
36
-16
-9
3
-3
-7
-1
0
25
-49
3
38
-10
4
-4
-151
220
-112
83
-125
101
-75
46
-15
3
-1
0
-1
0
1
-2
-1
1
0
0
0
-2
1
0
-1
-1
-1
-1
-1
0
-1
3
-2
-1
-2
4
-6
2
-2
1
-2
0
0
-1
-1
4
-5
4
-2
0
-1
3
0
0
-1
0
0
0
0
1
1
-1
1
0
2
2
0
-2
2
0
-1
1
-1
3
-13
47
-74
103
-125
85
-110
221
-150
-3
5
-10
39
4
-47
26
4
2
-4
-1
7
-6
-13
38
-19
-1
2
-5
21
-14
8
-4
-6
-10
2
-3
4
-29
1
28
-19
0
-11
15
16
-79
61
-22
0
-14
9
12
64
-99
-17
88
-25
-7
-57
75
-94
83
-22
-5
3
-4
2
0
0
5
-4
0
1
-1
1
0
0
0
0
1
-1
-1
-1
0
-1
1
-3
-4
1
1
-4
0
0
-2
0
0
0
0
0
1
-4
3
1
-2
-1
2
-2
0
0
0
-1
2
0
1
0
0
0
-2
1
0
-3
5
0
0
2
-4
3
-5
-21
84
-93
77
-57
-5
-26
90
-16
-97
65
13
11
-13
1
-21
65
-77
19
18
-8
2
-17
30
4
-24
7
1
10
-5
1
-27
17
-31
15
-2
-10
-7
-3
5
-8
2
-6
-1
-6
-3
-12
36
-14
3
-128
254
-239
125
-49
19
4
-31
55
-82
60
9
-32
8
4
-10
6
2
-5
-4
17
-13
1
1
1
1
1
0
0
-1
1
-2
0
0
-2
2
-3
6
-5
-4
5
-7
2
-1
1
-1
1
0
2
-6
6
-3
-5
6
-2
3
-2
1
1
-1
2
0
0
1
1
1
-1
3
1
-13
16
-4
-5
4
7
-10
5
8
-32
10
60
-81
57
-31
5
20
-48
126
-237
255
-126
4
-12
37
-10
2
-3
2
-3
6
-5
7
0
-4
-7
0
23
-26
24
-31
14
-23
13
-11
-12
38
-43
-4
15
-10
4
-10
18
-62
50
-18
-2
37
54
-87
-128
253
-246
113
8
-4
49
-105
28
8
33
-18
1
-10
4
1
-2
0
-1
2
4
0
-1
0
3
-7
7
-5
0
0
-4
1
-3
3
-9
9
-8
8
-9
2
0
-1
3
-5
3
-1
0
3
-7
9
-7
9
-9
4
-1
2
-2
1
2
-4
8
-6
4
0
-3
0
3
2
-1
1
-2
2
5
-10
3
-18
34
9
29
-104
49
-2
9
114
-245
256
-126
-87
56
38
-2
-17
54
-59
21
-7
8
-8
18
-2
-38
41
-9
-8
21
-19
23
30
-36
2
9
-21
44
-81
1
47
-20
0
-1
-9
-4
19
-27
35
-13
91
-214
-69
243
2
-73
30
-70
-8
10
99
-24
-78
53
-28
5
-1
0
10
-1
-8
-27
48
-34
21
-9
2
-2
0
1
-3
4
-4
0
0
-3
2
-10
27
-27
2
2
-2
0
2
-8
10
-8
3
0
-1
4
3
-27
28
-9
3
-2
0
1
-4
5
-2
2
0
-3
2
-7
22
-34
48
-25
-8
-1
11
1
-1
5
-28
54
-76
-23
100
9
-7
-69
31
-72
5
244
-68
-212
92
-10
36
-25
22
-1
-6
0
3
-16
50
6
-75
48
-17
17
8
-26
-38
29
-21
-8
-12
13
43
-84
-10
36
1
-9
-1
4
-53
65
-27
-3
27
-23
-83
230
-265
121
53
-32
-94
119
-89
-40
162
-93
-2
-6
14
1
-6
-1
4
17
-39
31
-13
2
0
4
-5
1
-1
2
-5
1
2
-5
-1
19
-41
26
-1
-10
6
-1
-4
1
-2
2
-2
-1
6
-10
-2
27
-39
20
0
-3
2
2
-4
3
0
2
-6
4
0
4
-13
31
-39
18
4
0
-6
2
15
-4
-2
-92
162
-39
-88
122
-92
-32
53
123
-264
231
-82
-22
29
-3
-26
67
-50
7
2
-5
5
39
-8
-81
47
16
-9
0
-16
38
-108
56
-26
20
-15
-8
-65
145
-100
15
-7
-10
1
11
8
-9
-7
-24
34
47
-234
170
49
-69
34
-17
-36
34
-27
-52
129
-46
-1
-14
1
-10
15
-7
-7
-1
36
-42
11
6
-4
-1
11
-23
11
2
-6
4
0
-2
-2
4
-29
45
-33
19
-10
-2
2
-4
3
-4
4
0
-10
20
-32
47
-28
4
-1
0
1
4
-6
3
12
-21
11
0
-4
7
12
-43
37
0
-7
-7
15
-10
3
-13
-1
-45
130
-53
-25
35
-36
-16
35
-69
50
172
-233
47
36
-22
-6
-6
12
13
4
-7
-4
19
-98
150
-62
-5
-11
27
-21
64
-17
-24
64
-60
-27
66
-96
86
-49
17
-7
-4
1
-6
-4
10
-33
49
-80
202
-364
253
-5
-10
-81
59
-56
112
-145
172
-189
131
-68
43
-27
-2
15
-3
-17
30
-27
11
-2
-1
-6
14
-12
15
-20
12
-3
-4
3
-3
0
4
-12
11
-7
5
-6
3
-1
-1
0
-1
-1
3
-6
7
-7
11
-11
6
1
-2
4
-2
-3
13
-19
15
-13
13
-5
2
-2
14
-27
29
-16
-2
15
-1
-26
43
-68
133
-188
174
-144
113
-53
61
-79
-9
-3
254
-364
204
-78
51
-32
13
1
-2
4
-3
-4
20
-47
91
-93
70
-24
-52
69
-14
195
-226
161
-71
19
41
-187
253
-178
77
-39
25
-42
48
-21
-30
13
32
-71
100
-255
367
-210
68
-86
74
-47
85
-146
145
-37
-86
70
-11
-3
-6
16
-7
-5
18
-35
34
-15
0
3
-4
-9
18
-13
6
-4
3
-4
0
2
-4
-2
6
-3
1
-1
-4
0
-1
-1
1
1
-5
0
1
-2
6
-1
-3
2
1
-3
4
-4
7
-12
19
-9
-3
4
3
-15
35
-35
19
-5
-6
16
-4
-4
-10
70
-86
-35
146
-147
87
-45
75
-86
70
-209
368
-254
102
-70
35
14
-27
-18
52
-39
27
-35
81
-176
257
-183
45
23
-62
165
-218
222
-178
-54
195
-31
-277
285
44
-182
7
87
-100
159
-158
-50
182
-55
-168
228
12
-225
5
72
54
47
-101
67
-61
-120
299
-167
28
-53
8
14
15
-10
6
3
-18
7
8
-5
5
-5
-2
21
-33
5
14
-3
-8
3
-3
0
0
-4
4
-5
0
0
-1
0
-1
1
-1
0
-1
1
1
-5
6
-3
1
1
-1
4
-6
-3
15
6
-32
23
-2
-4
6
-6
8
7
-18
3
6
-9
16
15
7
-53
30
-167
299
-120
-59
69
-100
48
55
74
6
-224
13
228
-168
-54
185
-46
-154
162
-97
90
11
-179
47
288
-274
-27
203
-48
-170
49
-18
-30
-90
35
116
29
-23
-143
-4
116
-9
-162
58
85
145
-129
-306
-103
582
109
12
-229
-546
252
218
138
-146
-165
-52
141
31
32
-17
-13
3
-9
5
-10
26
-21
1
-1
5
-3
0
4
-4
8
-18
13
-8
1
-3
2
1
-2
-4
2
1
-4
1
0
-1
-3
0
1
1
-4
2
3
-3
-1
1
2
-2
2
-5
14
-18
9
-4
4
0
-3
5
-1
1
-20
26
-11
4
-8
4
-11
-16
32
33
142
-52
-163
-146
140
219
253
-545
-227
13
110
585
-102
-305
-128
148
88
62
-158
-7
119
0
-140
-16
32
118
38
-81
-25
-11
-69
-1
59
-28
-65
59
119
-185
84
-38
-12
-15
-2
-102
131
21
20
-148
95
-168
-126
258
246
-155
-46
24
80
-114
-82
177
-72
-48
-15
10
9
-4
4
-1
-5
16
-6
0
-3
1
1
0
-1
3
-6
4
-6
2
-5
2
2
-3
2
-2
-6
7
-4
1
-1
-2
0
0
-1
0
-3
7
-7
0
3
-3
4
3
-4
2
-5
6
-5
4
0
-1
1
2
-2
2
-6
16
-4
0
4
-4
9
10
-15
-48
-72
179
-82
-113
80
26
-45
-153
248
260
-125
-168
96
-146
21
23
134
-98
1
-12
-10
-35
86
-181
122
63
-62
-20
63
7
-138
94
-82
67
-49
-142
283
-97
-81
36
3
3
-51
55
124
-202
-10
3
24
-193
222
373
-511
147
129
-35
-49
-361
344
-51
113
-37
-73
33
-26
-3
5
-6
-5
11
3
0
-1
-2
-1
-2
3
-1
11
-14
1
-4
3
1
-2
0
-3
-1
0
-2
2
-1
-1
-1
1
-1
0
0
2
-1
0
0
-2
2
-1
2
3
-2
1
-13
12
-1
4
-2
0
0
-2
-1
4
12
-4
-6
5
-2
-26
33
-73
-37
114
-50
345
-359
-49
-34
130
150
-510
374
224
-191
25
3
-9
-198
127
58
-48
6
8
39
-78
-94
286
-138
-46
76
-76
103
-101
94
-9
-38
57
-359
281
-16
87
-63
-13
14
-2
143
-372
178
-121
82
-78
703
-473
-273
-132
28
698
-280
-47
-282
-18
186
116
-118
34
-38
35
-31
14
-4
-1
-15
26
-8
-3
2
-1
-2
6
7
0
-22
6
7
-6
-2
1
-2
0
-2
-2
2
-1
-2
-1
-1
0
-1
0
-1
-1
3
-3
-1
1
1
3
0
-5
9
8
-22
1
6
5
0
-2
0
-4
-8
27
-16
-1
-4
15
-30
36
-37
34
-116
117
187
-17
-280
-47
-280
700
30
-131
-272
-473
704
-76
83
-120
181
-369
147
2
19
-10
-61
88
-12
285
-356
60
-30
-3
103
8
-2
-82
76
186
-534
396
57
-209
63
-4
49
67
-472
793
-594
-15
185
153
-261
355
-292
-406
683
-74
-485
109
509
-556
467
-298
35
74
-69
31
-4
3
-1
-14
13
1
0
-2
-1
0
6
-8
2
10
-20
10
-2
-2
-1
-1
0
1
-2
-1
1
-1
-2
-1
-1
0
-1
-1
0
0
1
-2
-1
2
1
0
1
-2
-1
11
-19
11
3
-6
5
-1
-1
-2
1
1
13
-12
0
3
-4
31
-68
74
36
-297
469
-556
511
109
-485
-73
687
-406
-291
356
-260
155
186
-14
-590
795
-469
71
52
-1
65
-207
62
400
-531
189
83
-76
6
90
-147
189
-238
400
-521
428
-369
294
-176
71
-1
-97
215
-100
-103
-15
146
-298
546
-139
-730
1126
-1336
1454
-1122
635
-570
582
-222
-54
95
-107
62
-8
-7
2
5
-2
-7
13
-3
-1
-1
2
1
-2
0
2
0
0
-6
3
-2
2
-2
-2
1
-4
2
-2
0
-1
0
-1
1
-1
1
-1
3
-4
3
-1
-1
3
-2
3
-6
2
1
3
0
-3
2
2
-2
2
-6
15
-7
-2
4
3
-5
-9
63
-107
95
-54
-223
583
-570
636
-1123
1458
-1335
1129
-729
-138
549
-297
148
-14
-98
-97
219
-94
2
73
-173
295
-366
433
-518
403
-229
193
-138
62
-1
-131
18
298
-203
-304
336
-21
-103
23
69
-132
45
144
-90
-114
33
430
-468
-501
366
695
-296
-501
229
584
-361
-518
340
-16
66
12
-44
12
4
-4
-2
6
-11
17
-11
0
3
-1
-2
0
2
-2
-6
5
-3
1
0
-2
-1
-2
0
0
-5
1
-1
0
0
1
-1
2
-1
2
-3
0
3
-1
1
0
1
2
-2
6
-4
-1
2
2
-2
-1
3
1
-11
16
-9
7
-2
-3
4
14
-42
12
66
-14
342
-518
-360
586
229
-500
-296
698
369
-501
-466
431
34
-113
-89
148
47
-128
72
27
-99
-18
339
-299
-201
302
25
-125
8
22
-60
47
-7
43
-182
133
19
-70
28
2
-25
24
-98
92
84
-68
-128
-17
175
49
-9
-55
-104
69
-97
617
-890
248
186
-164
51
18
19
-21
3
7
1
-2
-7
2
8
-2
-2
0
0
0
1
-1
-2
2
-4
3
-4
0
0
0
-2
0
-3
0
-1
0
-2
0
-2
0
1
1
-1
0
-1
1
0
1
-3
3
-3
2
-1
0
1
0
1
0
-1
-2
7
3
-6
-3
1
8
5
-20
20
18
52
-163
188
249
-889
618
-96
71
-103
-53
-8
51
176
-15
-128
-67
87
95
-95
27
-23
5
32
-67
24
138
-178
47
2
52
-51
-57
23
-21
15
8
-9
-32
37
-10
-36
29
-39
-8
-99
299
-230
131
-89
-242
575
123
-754
286
73
-205
-72
914
-1608
1154
-336
221
-110
13
-35
2
-1
1
1
-1
2
-13
3
12
-8
4
-3
2
2
0
-2
-1
1
0
-2
1
-1
-2
0
0
-2
-1
0
-1
0
-1
1
-1
-1
-1
2
0
1
-2
0
2
-1
0
2
0
-1
1
0
2
-2
5
-10
13
5
-14
3
-1
2
2
-1
1
-34
13
-109
223
-336
1156
-1608
916
-71
-204
75
287
-755
125
577
-241
-89
132
-228
302
-96
-5
-35
32
-33
-8
40
-28
-5
11
23
-16
31
10
-45
4
133
-294
319
-276
204
-94
-8
42
-19
-99
381
-785
708
-167
-316
507
-1019
2008
-1853
747
-26
-371
417
32
-147
-957
1696
-1224
660
-318
111
-29
11
-1
-12
9
6
-19
12
1
-4
5
-1
-1
1
-3
4
-7
5
-4
-2
2
-2
-4
3
-4
6
-6
-1
-1
-1
-1
0
0
0
-6
6
-3
4
-4
0
4
-2
-2
5
-5
4
-2
2
1
-1
7
-7
2
12
-20
9
10
-11
0
15
-31
111
-318
662
-1226
1701
-956
-146
33
418
-370
-24
751
-1854
2011
-1017
508
-314
-166
711
-780
382
-94
-13
45
-5
-92
209
-273
324
-292
139
8
-36
2
59
-92
-55
66
18
-1
-6
-73
45
32
-41
-57
43
97
8
-282
171
-44
85
131
-118
-164
167
-39
9
-6
-155
204
-16
-61
84
-104
23
6
-2
4
-2
3
-14
12
2
-6
1
2
-1
0
1
-1
-1
0
-1
-1
-2
0
0
-1
-1
-2
-3
1
0
-1
0
-1
0
0
0
2
0
0
0
-1
1
0
-1
0
1
0
0
0
1
0
-2
3
1
-5
4
12
-13
3
-1
5
-1
7
23
-104
85
-60
-17
206
-154
-4
11
-38
170
-163
-116
131
86
-43
173
-281
13
102
47
-54
-38
34
47
-72
-3
3
22
68
-47
-87
67
7
-32
-21
118
-134
68
-30
-24
28
-4
-13
-16
8
87
-129
18
55
-94
64
14
-69
23
39
-17
-15
-20
23
-125
391
-350
208
-125
-10
8
8
-2
-1
4
-1
0
-1
2
0
0
0
1
1
-1
0
0
-1
-1
-1
1
0
-2
-1
0
-1
0
-1
-1
1
-1
-1
-1
1
-1
-1
3
-1
-1
0
0
1
1
-1
0
-1
1
1
0
1
1
0
0
1
3
-1
1
0
4
-1
-2
9
8
-10
-124
210
-349
393
-124
24
-19
-13
-16
40
26
-68
16
65
-93
56
21
-125
90
12
-11
-11
-2
29
-21
-27
71
-131
125
-16
-24
-17
-6
17
-38
-19
82
-60
18
-38
26
-17
5
-18
37
37
-106
26
-7
-11
170
-239
99
-34
16
46
-89
68
36
-153
135
-44
7
-15
8
2
-1
-1
1
0
-1
1
1
-1
1
0
0
0
-1
-1
-1
-1
-1
-1
0
-1
-1
-1
-2
1
-2
0
0
-2
-1
0
0
-2
0
1
-1
2
0
0
1
1
1
-1
1
0
0
0
0
0
2
0
1
0
0
1
1
0
1
-1
1
2
8
-15
8
-42
135
-152
36
70
-87
46
17
-32
102
-238
171
-10
-5
27
-103
40
40
-15
9
-14
29
-36
23
-57
86
-16
-30
20
1
28
-30
-1
-16
-23
74
-34
-32
19
-7
-3
3
21
-14
-103
112
-30
29
-13
14
-255
348
-88
-74
60
-54
40
-65
82
-46
-18
15
8
-2
0
-2
-1
0
-1
2
1
-1
0
0
1
-1
1
-1
-1
-1
0
-1
0
0
-2
1
-3
0
-1
0
0
0
0
-1
0
1
0
0
1
2
0
1
-1
2
-1
0
1
0
0
-1
0
0
1
0
0
1
0
-1
0
1
0
0
0
-1
0
0
8
17
-17
-44
83
-63
42
-53
61
-72
-86
350
-255
14
-11
30
-29
115
-100
-10
23
5
0
-4
21
-28
-30
77
-19
-8
3
-22
32
-32
2
-1
-43
54
-26
-2
10
-22
6
11
-8
-85
264
-337
215
-79
-11
2
-1
32
-7
-4
-17
31
-21
-21
-15
48
-14
-1
-8
3
0
1
-2
1
-3
2
-2
3
-1
0
0
1
-1
0
0
-1
0
-1
-1
0
-1
-1
-2
0
0
-1
-1
-1
0
1
1
0
0
-1
0
-1
1
-1
-1
0
1
1
0
0
-1
1
1
0
1
0
0
2
-1
4
-2
4
-1
0
-1
2
1
3
-8
0
-13
49
-14
-19
-21
32
-16
-2
-6
33
0
3
-10
-78
216
-335
267
-82
-6
14
7
-18
12
1
-23
58
-39
6
7
-23
18
-37
21
-15
-1
1
-14
13
-14
2
1
-13
9
39
-111
43
35
-43
21
-9
25
-95
116
-29
-26
19
35
-72
35
-32
19
0
0
1
-3
0
0
-1
-1
3
0
0
0
0
0
-1
0
0
-2
0
-1
-2
0
0
-1
-1
0
-1
1
-2
-1
-3
-1
-1
0
0
0
-1
-1
-1
1
-1
1
1
-1
1
1
-1
1
0
-1
1
0
0
1
0
2
-1
0
3
0
0
0
2
-1
3
0
-1
20
-32
35
-72
36
21
-25
-27
118
-93
25
-9
23
-41
36
47
-107
42
12
-11
5
6
-12
17
-10
4
2
-7
27
-30
-2
-15
18
-48
51
-36
-7
13
-1
-11
-2
9
-17
-16
11
45
-33
-9
6
-26
-17
55
-14
-26
6
-5
39
-1
3
-64
20
4
3
1
0
-2
0
-1
0
0
-1
0
0
0
0
0
0
-1
-1
0
-1
0
-1
0
-1
0
-1
0
-2
0
-1
-1
0
0
0
0
0
0
0
1
0
1
0
1
-1
1
0
1
-2
0
0
-1
0
0
1
0
0
1
-1
-1
1
0
0
0
0
3
3
5
21
-64
5
1
40
-5
8
-24
-12
57
-17
-24
8
-7
-32
49
14
-13
-14
11
0
-7
1
16
-4
-32
54
-40
23
-8
-16
-6
8
3
-12
-12
2
6
-2
-8
-2
1
-8
-11
-2
10
7
-4
-7
1
5
-4
-11
-5
10
15
1
-19
-23
-5
15
14
-2
-11
-2
7
3
-5
-2
4
2
-4
-1
3
2
-2
-3
2
2
-3
-4
1
1
-2
-4
0
2
-2
-4
-1
2
-1
-4
0
3
0
-2
0
2
1
-4
-1
3
2
-2
-2
2
2
-3
-2
3
2
-3
-2
3
4
-3
-4
2
4
-3
-5
3
7
-1
-10
-2
15
17
-4
-22
-18
3
16
11
-3
-9
-2
6
3
-4
-3
8
12
2
-8
-4
3
1
-5
0
9
6
-9
-8
8
13
-2
