-7
16
-54
26
-1
18
11
138
-522
425
-222
151
93
-103
-156
115
23
17
118
-204
-11
54
91
-141
239
-244
29
20
6
14
7
-31
11
1
5
2
-7
1
1
-1
-1
1
0
8
-11
2
5
-2
2
-1
-1
-1
-1
0
-1
1
-1
-1
-1
-3
4
-3
-1
-1
0
0
1
-2
4
-3
-1
2
0
0
0
0
0
0
-2
-1
3
-2
4
2
-11
7
0
1
0
2
1
1
-7
2
6
2
11
-29
9
16
7
22
30
-244
241
-140
91
55
-10
-203
119
19
24
119
-152
-99
96
154
-219
427
-519
140
15
22
3
33
-50
25
-8
7
-28
-12
22
60
-112
111
-51
-57
-51
41
60
165
-214
-457
700
-247
15
156
-126
-253
35
473
-456
457
-173
-312
98
79
6
113
-39
-103
-22
40
1
30
-9
-2
0
1
3
11
-40
23
7
-2
-1
-2
0
0
0
0
-2
-9
2
27
-29
16
-16
0
2
0
-1
1
3
0
-15
19
-28
27
3
-7
-1
0
1
1
-1
-1
0
-3
6
24
-41
10
4
2
0
-2
-9
31
1
39
-23
-103
-39
114
7
80
99
-312
-173
458
-456
476
37
-251
-125
157
16
-245
701
-454
-210
168
63
44
-49
-56
-49
115
-110
62
26
-5
-24
16
-8
-15
7
21
-9
-54
65
88
68
-550
316
113
-151
-22
189
-417
558
-365
35
236
-224
42
281
-637
836
-753
447
-126
-148
208
-141
-60
194
-313
508
-472
196
-36
12
2
2
-1
-5
66
-96
41
-9
3
1
-1
-2
1
1
-3
2
8
-37
64
-59
35
-27
13
-3
-2
0
0
-2
14
-27
34
-60
65
-36
9
2
-2
2
1
-2
0
2
3
-7
42
-96
66
-5
-2
3
1
13
-35
196
-470
508
-312
194
-58
-142
211
-148
-124
449
-750
838
-635
282
42
-224
238
36
-363
559
-415
192
-19
-147
116
319
-545
70
92
69
-50
-7
30
12
-6
-8
-20
28
-56
46
-63
23
-225
1261
-1565
492
13
11
-89
167
77
-337
369
-364
328
-253
303
-363
639
-1330
1287
-656
310
-163
171
-150
36
99
-260
512
-516
140
33
0
1
3
-4
-1
28
-29
-2
10
-4
0
3
-2
0
-3
7
-11
9
7
-59
79
-66
31
-2
-3
0
-1
2
-3
-1
32
-66
81
-59
6
13
-11
7
-1
0
-1
4
1
-2
11
-1
-29
30
-2
-1
2
1
-1
32
141
-514
511
-260
99
38
-150
172
-162
313
-655
1290
-1330
639
-362
305
-254
329
-363
371
-336
80
169
-87
14
16
494
-1559
1262
-220
27
-59
49
-50
32
-12
-8
-5
-6
14
-10
-17
145
208
-1290
945
217
-194
-131
304
23
-472
-46
423
-229
-49
239
-182
-168
862
-256
-896
51
716
-220
-237
341
367
-709
-114
-12
698
-346
-32
6
-4
0
4
-27
60
-41
1
4
2
-3
2
-2
-17
20
0
-30
45
30
-69
-33
46
24
-18
-5
1
1
2
-5
-17
24
46
-33
-67
32
45
-30
-1
21
-15
-1
3
-2
2
5
1
-40
59
-26
4
-1
-3
6
-31
-346
696
-11
-111
-709
369
342
-237
-219
718
53
-894
-255
865
-167
-181
241
-48
-229
425
-45
-468
26
308
-129
-191
219
945
-1287
212
149
-13
-7
22
-2
4
-9
-5
-16
24
4
-16
-115
87
178
-228
65
-85
-46
107
198
-541
750
-383
-175
289
74
-396
-24
707
-1166
789
37
-514
355
140
-405
262
219
-760
1146
-752
161
4
-36
3
2
0
-11
13
-1
9
-9
0
-2
6
-11
-12
22
-3
-14
3
56
-95
66
-25
-6
11
-10
3
0
3
-8
11
-6
-24
67
-95
56
4
-12
-2
23
-11
-10
8
-1
0
-9
9
-1
11
-11
2
1
5
-36
3
162
-750
1144
-760
219
264
-407
142
357
-513
38
791
-1165
710
-23
-394
75
291
-174
-381
751
-537
202
111
-43
-81
67
-225
180
91
-111
-12
8
30
-12
4
-7
-8
-3
-16
27
-53
35
-6
-250
609
-534
231
-73
-156
423
-798
898
-445
50
60
-97
166
-399
745
-598
-88
720
-987
783
-614
504
-212
-197
337
18
-214
121
-68
26
-6
1
-4
-2
0
25
-21
7
-5
8
-15
16
-17
13
-7
4
5
-45
63
-45
-1
26
-12
-1
0
-1
0
0
-12
26
1
-45
65
-44
6
6
-6
13
-16
17
-13
9
-6
8
-21
26
1
-2
-4
1
-5
26
-68
122
-215
19
336
-197
-211
508
-614
785
-986
722
-85
-598
748
-399
168
-96
60
51
-443
899
-794
425
-153
-70
234
-531
610
-248
-2
39
-49
30
-8
3
-1
-9
2
-3
-35
15
9
-29
49
-171
-72
352
70
-249
-76
-273
614
42
-126
-365
-59
235
306
-3
-501
-630
1089
278
-345
-385
-96
109
638
-325
-430
622
-436
47
37
32
-7
-5
13
-32
58
-50
22
-2
-3
-3
10
-1
-10
-11
7
23
10
-36
-27
41
-18
1
16
-7
-5
0
-5
-6
17
2
-17
41
-26
-35
11
23
8
-10
-9
1
10
-2
-2
-2
23
-49
58
-32
12
-6
-5
34
38
46
-434
621
-427
-325
641
109
-94
-385
-343
278
1092
-629
-500
-1
307
236
-58
-362
-125
43
617
-270
-73
-246
72
353
-68
-169
55
-25
12
19
-29
3
11
-11
-11
-8
18
-29
-30
78
-374
1088
-1188
603
-231
-39
377
-691
634
-276
-51
327
-434
228
95
-434
669
-956
1314
-1083
374
168
-493
418
-324
470
-150
-248
-12
148
13
-31
7
-1
7
-7
39
-53
17
2
-2
-7
23
-26
9
10
-27
28
-15
-15
38
-60
57
-37
17
-9
3
-1
3
-9
19
-37
57
-58
36
-14
-11
30
-25
11
9
-25
24
-6
-2
2
18
-52
40
-8
11
-2
6
-31
13
149
-13
-247
-149
470
-323
420
-493
169
376
-1084
1316
-956
670
-432
97
229
-435
328
-50
-275
638
-688
381
-36
-228
605
-1183
1089
-369
81
-26
-27
25
-3
-2
-5
-11
15
-34
59
-91
179
-68
-764
1073
-443
109
-39
198
-228
-465
772
-571
475
-339
410
-617
718
-587
173
377
-886
785
-422
342
-237
-42
373
-366
-428
805
-299
40
-27
4
0
3
-17
11
-6
9
-3
-2
5
-5
-14
29
-40
36
-33
48
-52
15
20
-57
41
-1
-5
0
-1
1
-4
0
41
-57
22
17
-51
49
-30
37
-39
30
-14
-4
6
-2
-2
8
-4
9
-15
1
0
5
-26
40
-299
804
-427
-366
373
-40
-235
344
-422
786
-885
379
173
-588
721
-617
411
-338
476
-570
773
-461
-223
199
-36
114
-440
1075
-761
-65
183
-87
62
-26
19
-4
-9
0
-19
33
-39
28
88
-232
-691
1473
-556
-180
127
126
-421
-435
1244
-661
4
303
-235
-92
435
-843
-226
1210
163
-888
150
295
-679
-38
905
564
-1596
366
336
-59
-24
-1
-3
2
-4
13
-4
-7
1
2
-5
1
4
-28
18
26
-47
62
-18
-35
-31
65
3
-26
1
1
0
3
2
-25
4
66
-31
-35
-16
58
-46
26
19
-26
5
1
-4
1
3
-7
-4
14
-2
-1
-2
-1
-23
-59
336
365
-1593
564
905
-38
-676
295
151
-888
164
1213
-225
-840
437
-91
-234
305
4
-659
1245
-432
-417
129
129
-176
-552
1475
-688
-227
93
31
-35
42
-12
7
-10
10
-20
-41
39
26
4
-127
-275
596
-77
-204
-89
101
215
-327
242
-90
-125
112
-60
43
8
-221
-299
1384
-596
-656
136
302
364
-540
21
238
-712
662
-19
-48
-43
11
0
1
-7
5
7
-8
0
3
6
-6
-13
1
23
0
-30
-13
33
29
-45
-5
16
-14
8
-1
-2
1
8
-13
17
-3
-45
30
34
-14
-28
2
24
3
-13
-5
7
2
-1
-8
7
6
-6
1
1
11
-44
-48
-18
661
-709
238
21
-541
367
302
137
-655
-596
1386
-298
-220
10
44
-60
114
-124
-88
243
-324
218
104
-85
-202
-74
599
-273
-122
7
30
41
-34
-15
17
-10
-4
-14
34
-32
-64
-30
82
211
-211
-145
203
21
-66
-63
160
-360
381
-229
-124
268
-73
-320
1035
-1222
1005
-513
-80
262
-158
-379
650
-279
-454
431
379
-444
69
38
-18
-2
-2
9
-16
9
1
-1
-3
-5
5
-8
-1
15
-14
1
27
-43
11
11
-32
26
-10
6
-3
2
-2
7
-10
26
-29
12
11
-42
27
2
-15
15
1
-6
4
-4
-1
-1
0
11
-16
9
1
-3
-18
39
70
-443
379
430
-451
-279
652
-379
-158
264
-79
-512
1007
-1222
1039
-320
-71
270
-123
-229
381
-359
162
-60
-62
23
206
-142
-209
214
85
-26
-61
-30
41
-9
6
-8
-23
18
-14
-31
80
-236
470
-282
-72
-95
274
-145
-40
314
-368
-120
303
35
-251
328
-421
546
-1037
1199
-769
581
-524
380
-210
-40
359
-552
293
476
-775
419
-198
72
-13
12
-4
25
-81
93
-34
2
0
-11
25
-26
14
-22
21
-3
-21
41
-60
60
-43
7
4
-6
2
-1
4
-5
5
8
-42
62
-60
42
-20
-2
22
-21
15
-24
27
-10
0
3
-35
93
-82
26
-7
13
-13
72
-197
420
-773
475
294
-552
359
-40
-209
381
-523
584
-770
1202
-1038
548
-420
329
-250
36
305
-119
-365
317
-36
-142
278
-92
-66
-280
473
-232
80
-28
-5
23
-16
-4
-28
45
-71
91
-148
303
-601
376
215
-317
198
-218
265
-541
468
129
-271
109
-36
-54
-129
432
-791
892
-352
31
-94
-12
6
90
92
-420
475
373
-1078
579
-156
79
9
-4
0
3
3
-23
18
13
-14
1
-5
14
-14
3
-5
19
-22
23
-45
39
-21
10
7
-9
-1
-1
0
-9
9
11
-20
40
-44
24
-20
20
-6
4
-14
16
-4
2
-14
12
20
-22
1
5
-3
-3
8
79
-156
579
-1074
373
474
-420
92
91
9
-12
-94
32
-351
894
-791
434
-127
-53
-34
110
-270
130
472
-537
269
-215
201
-314
218
377
-595
306
-144
95
-61
51
-20
-9
-24
20
7
-72
184
-128
-110
165
-153
102
-33
-91
182
-129
103
-36
-53
55
-78
44
40
-230
219
33
-106
95
-43
-49
68
-115
149
-216
-94
541
-179
-195
58
-9
6
8
-2
18
-3
-27
7
8
4
-3
-2
-1
-1
-5
2
4
-7
-2
15
2
-29
14
-2
0
-1
0
0
1
-3
15
-27
3
14
-2
-5
5
5
-4
0
0
0
-2
4
8
7
-26
-3
19
-1
8
7
-9
59
-194
-178
541
-92
-216
151
-115
69
-47
-41
96
-106
35
221
-228
41
45
-76
55
-52
-35
106
-125
184
-88
-31
105
-151
166
-107
-125
189
-69
15
23
-15
-12
5
-6
2
-16
-10
-44
22
132
-152
59
-60
5
35
-73
191
-207
121
-105
10
36
65
-93
311
-391
-58
189
-55
59
-37
85
-67
-206
161
284
-363
110
10
-21
14
-4
3
2
-1
-10
8
0
0
-1
-2
0
-2
2
-4
2
1
-3
-1
1
-6
3
-1
-1
0
0
0
0
-1
3
-5
1
-2
-2
3
2
-4
2
-1
0
-1
0
1
0
9
-9
-1
4
4
-4
15
-21
10
110
-361
285
162
-206
-66
86
-36
60
-55
190
-56
-391
312
-91
66
37
12
-104
121
-206
195
-69
38
8
-56
63
-150
134
27
-39
-6
-13
9
-3
13
-8
8
-26
-11
16
1
11
-94
67
75
-128
55
-78
-16
437
-453
35
36
21
-9
-2
18
5
-45
141
-253
128
22
19
-9
-145
38
184
128
-306
64
-69
72
16
-14
4
1
5
-13
10
-2
0
0
-1
-1
0
-3
1
0
1
-3
4
-13
7
-4
1
-1
0
-1
1
-1
0
0
1
-3
8
-12
6
-3
1
0
1
-2
1
0
0
1
2
0
11
-13
5
1
4
-15
16
73
-68
64
-305
129
184
39
-143
-8
19
23
130
-251
143
-45
7
20
-1
-8
21
37
36
-450
441
-14
-74
59
-125
80
69
-89
15
4
18
-3
-21
16
-9
-1
-13
4
-8
-7
-15
42
-129
207
-147
45
29
-22
-58
-77
134
-52
24
35
-71
92
-146
48
72
-1
-80
69
-43
-23
48
50
-96
-66
-2
212
-141
33
-10
0
0
-1
8
-10
3
4
-1
-1
-2
-1
-2
-1
-1
1
-1
1
-5
11
-16
4
1
-1
-2
0
-1
1
-1
0
1
5
-16
12
-4
1
-1
1
0
0
0
1
-1
-1
-1
3
4
-11
7
-1
1
0
-10
33
-139
212
-3
-65
-96
51
50
-22
-42
71
-79
0
73
49
-145
94
-70
36
25
-51
135
-73
-55
-17
32
48
-143
210
-126
46
-11
-4
-5
10
-8
7
-9
-7
-3
-4
-5
-5
-21
58
-80
70
-15
-39
54
-95
-3
141
-93
-6
-5
33
-30
27
-83
41
71
-57
-6
-25
62
-38
33
-14
14
-32
-106
144
-17
-18
10
-8
2
0
1
0
1
-2
0
0
-1
-1
-1
-1
-1
1
-2
1
-1
2
-2
-1
1
-2
-1
0
0
-1
0
-1
1
0
-2
2
-1
1
-1
2
-1
0
-1
0
0
-1
0
-2
0
0
1
2
3
-9
9
-16
-18
144
-105
-32
14
-14
33
-36
63
-24
-4
-56
72
42
-82
28
-29
34
-4
-4
-92
146
0
-92
58
-35
-12
72
-79
61
-16
-2
-2
3
2
1
-9
-7
0
-14
6
4
4
-73
66
-25
25
-43
32
-25
38
26
-138
72
-20
41
-47
43
-11
-50
101
-105
33
34
-9
-21
7
-16
62
-87
48
-32
9
21
-9
-2
1
-1
-1
2
-2
1
-1
-1
0
-1
0
-2
1
-2
-1
-1
2
-5
1
2
-2
-2
0
0
0
0
-1
-1
-2
3
2
-4
2
0
0
1
1
0
0
-1
1
0
0
2
-1
3
-1
0
1
0
-8
22
8
-32
48
-87
62
-14
7
-20
-9
35
33
-105
102
-49
-10
44
-46
43
-19
73
-137
30
42
-22
34
-40
28
-22
67
-69
9
8
9
-7
4
2
-10
-7
-4
1
-10
3
28
-109
70
24
-34
-4
-3
-8
22
45
-156
96
24
-9
-56
10
71
-34
-120
172
-69
-13
19
-37
13
51
-44
-51
168
-171
34
20
4
-5
1
0
0
-1
2
-2
1
-1
-1
-2
-1
0
-1
0
0
1
-3
2
0
-3
1
0
-1
0
-1
0
0
0
1
-2
1
2
-2
0
0
1
0
0
1
0
0
0
1
-2
3
0
0
0
1
-4
5
19
34
-170
169
-50
-44
50
14
-36
19
-11
-69
175
-119
-32
74
12
-56
-8
25
97
-155
48
24
-6
0
-1
-30
26
72
-105
34
7
-7
8
1
2
-9
-6
-3
-8
-2
-6
-28
72
-68
11
13
-6
-16
47
-178
210
-51
-68
33
4
20
6
-74
-28
105
-6
-13
-47
14
27
-24
-19
27
-22
160
-261
133
-17
2
0
0
-1
1
1
0
-1
0
-1
-1
-1
-2
-1
0
-1
-2
-1
-2
-1
1
-2
0
0
-1
-1
0
0
0
-1
0
0
0
0
0
0
-1
2
0
1
-2
0
0
0
1
0
1
0
0
-1
0
0
2
-15
134
-260
160
-20
27
-18
-22
29
15
-46
-12
-4
105
-25
-72
6
20
6
34
-65
-50
213
-175
49
-13
-3
16
14
-66
76
-25
-2
2
0
2
2
-8
-4
-7
-8
2
1
-34
48
-63
64
-37
10
-22
7
42
-109
105
-42
4
-14
19
19
-85
79
-105
128
-41
-15
24
-42
8
27
-51
73
-106
78
-3
-4
-9
1
-1
1
0
0
0
1
-1
1
-1
-1
-1
-2
0
-1
-1
1
-1
-1
0
0
-1
0
-1
-1
0
0
-1
0
-1
-1
0
0
0
0
1
0
1
1
0
0
0
2
0
0
1
1
1
1
-1
2
-8
-3
-3
79
-106
75
-51
28
9
-41
25
-14
-39
129
-104
80
-83
21
20
-13
4
-41
106
-107
45
8
-19
13
-34
67
-61
52
-29
6
6
-1
-3
4
-9
-5
-4
-1
-9
-6
3
-11
2
-2
4
-6
6
-10
-8
10
3
-29
17
-7
-2
-17
54
-76
29
55
-53
13
-12
-8
24
-9
-33
62
-136
155
-38
-23
7
0
0
1
0
3
0
-1
0
0
-1
-1
-2
-1
0
-1
0
0
-1
0
0
-2
0
-2
-1
0
0
1
0
0
1
-1
1
0
0
0
1
0
0
0
-1
0
0
0
1
-1
-1
3
1
0
0
-1
7
-24
-38
154
-134
62
-33
-8
25
-8
-12
15
-52
55
31
-74
55
-16
-1
-5
17
-28
4
14
-3
-8
10
-3
6
0
5
-7
7
-2
-6
7
1
3
-9
-6
-3
-8
-3
4
-5
-24
1
40
-33
5
3
-42
44
-19
11
-13
4
-1
-25
-1
51
-55
-2
57
-44
0
1
28
-41
-37
107
-36
-88
110
-40
-4
2
1
-1
1
0
0
0
1
0
0
-1
-1
0
-1
-1
0
-2
0
-2
0
-1
0
-1
-1
-1
0
0
1
0
-1
0
-1
0
0
-1
1
-1
2
-1
1
1
0
0
1
0
1
0
0
0
1
-1
0
2
-4
-39
110
-88
-36
107
-37
-40
29
2
1
-44
58
-1
-53
53
0
-23
2
5
-12
12
-16
47
-39
7
8
-31
43
3
-19
-3
8
1
-1
3
2
-8
-7
-2
-7
0
-8
1
-8
-16
30
-11
-10
12
-23
-7
5
7
-15
30
-25
-2
-5
13
-36
53
-27
-12
10
2
2
-16
28
-72
128
-128
103
-84
40
-8
-1
1
1
-1
1
-1
0
-1
0
-1
-1
-1
0
0
-1
0
-1
-1
-2
-1
-2
-2
-2
-1
0
0
0
0
0
-1
1
0
-1
0
0
1
1
0
1
0
0
0
0
0
0
0
2
1
1
1
1
-6
40
-84
103
-127
128
-72
29
-14
2
2
10
-10
-25
54
-34
14
-4
-1
-24
31
-12
8
8
-4
-21
15
-7
-8
33
-13
-4
5
-2
2
1
3
1
-8
-7
-3
-5
-5
3
-14
12
-11
-5
-1
-6
4
9
-18
-1
15
-51
60
-35
12
-17
12
1
10
-24
5
-4
19
-20
12
-16
-6
-5
64
-54
-7
22
-7
0
0
0
1
2
1
0
-1
0
-2
-1
-1
0
0
0
-2
1
-1
-3
1
-1
-1
-2
-1
-1
0
0
0
-1
0
-1
1
-2
0
1
0
1
-1
1
0
0
-1
1
0
-1
1
1
0
0
1
2
-6
22
-7
-52
65
-5
-6
-15
13
-20
20
-2
6
-23
11
3
13
-17
12
-33
61
-50
16
3
-15
11
7
-2
2
-1
-9
15
-10
6
-2
1
1
2
-8
-5
-4
-5
-3
-5
5
-22
8
9
-5
-15
-11
45
-53
21
-5
-18
23
-2
-22
22
-35
35
-7
-7
9
-11
-3
-2
-9
8
12
18
-37
-15
34
-9
-1
0
0
1
-1
0
0
-2
0
0
-2
-1
0
-1
-1
-1
1
-2
-1
-2
-1
-2
-1
0
0
-1
0
0
0
-1
0
0
-1
0
0
-1
1
0
0
-1
-1
0
-1
1
1
0
1
0
0
1
1
0
0
-9
35
-15
-36
18
12
8
-8
-1
-1
-10
9
-4
-6
37
-35
23
-21
-1
25
-17
-4
26
-50
48
-7
-12
-2
12
10
-18
10
0
0
1
1
2
-8
-5
-3
-5
-1
-1
-2
-16
2
16
-9
-7
-15
17
11
-36
12
7
-5
3
-9
-2
7
-8
-7
5
5
3
-30
28
-20
27
-26
-36
96
-64
5
10
-3
0
1
0
0
1
0
1
-1
0
0
-1
0
-1
-1
0
-1
-1
-1
-2
-1
-2
0
0
-1
0
0
0
0
-1
1
1
0
0
0
0
1
0
0
0
0
0
1
1
1
0
0
1
-1
0
1
0
-2
11
5
-62
96
-36
-26
28
-19
28
-29
5
7
6
-6
-6
10
-1
-7
5
-5
9
13
-34
14
20
-12
-3
-6
19
3
-12
3
2
1
1
2
2
-8
-6
-4
-4
-2
-6
-14
29
-24
10
-10
-6
3
-3
0
-27
26
-8
-4
3
4
-17
32
-36
32
-39
20
-4
1
-6
5
-3
-5
-11
30
-13
5
-4
-2
1
0
1
0
1
1
0
0
0
-1
-1
-1
-1
-1
-1
0
0
-2
0
-1
-1
0
-2
0
-1
0
0
-1
0
0
0
0
1
-1
0
1
0
0
0
1
0
0
1
1
1
2
1
0
1
0
1
-2
-4
6
-11
31
-11
-5
-2
6
-5
3
-3
22
-38
34
-35
35
-16
4
4
-4
-8
27
-24
3
1
6
-3
-6
14
-22
32
-9
-4
1
2
0
2
-4
-4
-3
-1
-2
-6
-4
1
4
-3
-8
-4
4
3
-8
-11
-2
5
2
-5
-4
0
3
1
-2
-3
-1
0
0
-2
-4
-1
5
4
-2
-6
-2
5
3
-1
-3
1
3
-1
-3
0
2
0
-2
-1
1
-1
-2
-1
0
-1
-2
-1
1
0
-3
0
1
0
-2
-1
0
0
-1
0
1
1
-1
1
1
0
-1
-1
1
0
-1
-1
2
1
-2
-2
3
2
-3
-1
4
5
-2
-7
-3
5
5
0
-3
-1
1
1
0
-2
-1
1
3
1
-4
-3
3
5
-1
-7
-5
5
7
-1
-5
0
6
4
-1
-2
1
3
1
0
