0
5
-2
-1
0
0
-7
8
-9
3
9
-8
-4
-2
28
-44
38
-18
-12
3
21
15
-68
47
9
-16
-3
4
0
-7
13
-14
8
-3
0
6
-10
10
-9
1
12
-11
-2
-3
10
-4
-1
-4
1
4
-1
-5
3
-2
2
1
-4
0
1
-1
0
0
0
-1
0
0
0
0
0
0
-2
1
2
-2
-2
2
-4
4
0
-4
-1
3
0
2
-11
0
2
10
-13
-1
9
-10
9
-5
-1
3
-9
14
-14
6
0
-4
2
15
-10
-48
67
-16
-22
-3
12
18
-38
43
-28
1
3
6
-8
-6
8
-9
6
-2
-2
-2
1
-9
0
-7
3
-2
0
2
-3
2
-2
4
-7
5
-12
-8
61
-64
17
6
3
-13
15
-26
41
-37
33
-35
24
-5
-4
-4
13
-13
24
-27
1
6
1
0
-4
-2
3
2
1
-5
-4
12
-6
-5
10
-17
14
-5
-1
-1
8
-10
6
-3
-1
0
0
0
0
0
0
0
1
0
-1
0
0
1
-7
9
-8
0
1
4
-16
16
-10
4
5
-12
3
6
-2
-4
-4
1
3
0
-2
-7
-2
26
-25
12
-14
4
3
4
-25
34
-34
37
-42
27
-16
13
-2
-7
-17
64
-63
6
10
-8
5
-6
1
-3
2
-2
-2
-1
-4
3
0
4
-2
-3
-1
-1
2
6
-5
-12
17
-21
12
17
-2
-89
103
-30
7
-14
19
-15
-19
28
4
-18
10
-1
-1
2
0
-8
10
-10
2
5
-5
5
-9
7
-4
0
7
-8
-8
22
-19
14
-17
13
-3
-4
-2
4
3
-6
2
-1
1
-1
0
0
-1
0
0
-1
-1
-2
1
1
-1
0
-3
6
-3
-5
2
4
3
-13
16
-14
18
-24
8
8
-8
-2
3
-9
7
-6
5
-6
-4
9
-11
8
-1
-3
1
1
-10
18
-5
-27
18
16
-18
13
-8
27
-104
88
1
-18
-13
19
-19
9
4
-6
-2
0
0
0
-1
-7
0
-5
1
0
-1
-2
1
5
-8
7
-8
14
-16
3
-17
87
-149
112
-46
26
7
-50
43
-29
14
0
-3
2
6
-14
9
-1
-2
-3
0
2
-1
3
-5
-2
3
5
-8
8
-2
-2
8
-6
-8
11
-3
-10
12
-13
7
-3
1
0
-1
0
0
-2
1
0
0
0
-2
-1
-1
-1
1
0
-1
2
-8
11
-14
9
2
-12
7
6
-9
2
1
-7
7
-5
-3
1
5
-3
0
-2
-1
1
1
1
-10
14
-7
-3
3
-1
-14
27
-43
50
-7
-26
45
-112
148
-87
16
-4
14
-17
5
-8
8
-4
-2
0
-1
-2
-2
0
0
2
-4
0
1
-1
-2
2
-5
18
-19
2
7
-9
6
-9
15
-25
19
-6
11
-24
22
-1
-17
16
-6
-1
0
1
0
-2
-3
9
-4
1
-3
-1
-3
1
-3
8
-7
6
-7
-4
2
7
2
-15
8
-7
3
2
-3
3
-1
3
-4
1
-1
-1
1
0
0
1
-2
0
0
-2
4
-1
1
-3
3
-2
-4
6
-9
14
-3
-7
-2
4
7
-6
5
-9
2
-2
1
-1
2
-2
2
-8
2
2
-1
0
-1
2
5
-16
16
0
-22
23
-12
6
-20
25
-16
8
-8
8
-9
-3
18
-20
4
-3
1
1
-3
-3
2
-7
0
10
-17
-4
7
4
3
-9
6
-4
0
-1
3
2
-7
-2
6
2
-11
-12
45
-36
7
5
-12
9
-3
-5
6
2
-7
3
-3
7
-4
-2
0
3
-2
2
-4
8
-3
-5
10
-18
15
-9
4
2
0
-9
13
-11
4
-2
-2
3
1
-3
3
-1
-1
-1
0
0
0
1
-3
3
-1
-2
1
2
-6
11
-13
9
-1
-3
-4
9
-14
17
-11
4
3
-8
4
-3
1
-3
-1
0
2
-8
2
-2
7
-2
-6
5
2
-10
11
-6
-7
36
-45
11
11
-2
-6
1
6
-4
-5
-1
0
1
-6
8
-4
-6
-7
2
16
-14
0
30
-50
-42
94
109
-217
149
-164
-52
149
46
-18
144
-331
226
-167
-129
282
47
-183
308
-370
101
52
-73
54
30
-38
-19
29
-23
18
5
-4
-11
9
-4
5
2
-12
3
4
8
-7
4
0
-1
-15
-6
27
-8
-9
7
-5
3
-3
3
-2
1
0
1
0
-1
0
0
-1
-1
-1
-1
2
-3
2
-4
4
-9
8
7
-27
5
14
1
-1
-4
6
-7
-6
-4
11
-2
-4
5
-10
9
3
-6
-18
24
-29
18
37
-30
-54
71
-54
-103
370
-308
183
-48
-282
129
166
-227
329
-146
15
-49
-151
49
163
-149
216
-111
-95
40
48
-35
0
-12
-8
62
13
-182
387
-602
739
-566
124
168
-420
762
-926
788
-514
213
144
-480
679
-720
524
-254
102
5
-61
82
-74
34
2
-31
44
-34
17
-8
3
1
-2
-2
-3
1
3
3
-2
-17
30
-33
30
-27
16
0
-1
0
-4
2
1
-2
0
-1
-1
0
-1
-1
0
0
0
0
0
0
0
0
-4
-1
2
1
0
-1
-17
26
-30
32
-30
15
3
-4
-3
-4
2
1
1
-2
-4
6
-17
33
-45
32
-1
-36
74
-83
60
-6
-103
253
-525
720
-679
480
-144
-215
514
-789
925
-763
418
-169
-126
563
-739
600
-388
181
-15
-65
7
7
0
-17
39
-70
116
-86
-97
384
-509
152
254
-373
466
-114
-1188
1509
-410
-262
508
-701
37
1076
-881
137
156
-292
286
-225
71
149
-315
251
71
-203
93
-50
26
13
-25
28
-61
85
-72
-39
168
-190
10
205
-98
-96
118
-88
36
4
-22
22
-19
12
-3
-4
5
-1
-2
-2
0
0
-1
2
-5
4
3
-14
19
-23
21
-4
-37
88
-119
94
98
-207
-10
187
-168
40
69
-85
60
-29
23
-13
-26
50
-95
202
-71
-251
316
-150
-71
225
-288
293
-156
-138
883
-1077
-37
701
-509
261
410
-1509
1186
113
-466
370
-254
-153
508
-385
96
86
-116
67
-41
14
0
20
19
-57
-68
-51
405
-481
143
305
-59
-178
-163
688
-507
-604
539
214
-314
-370
939
-189
-441
282
181
-206
-150
2
183
-68
-280
408
-119
-30
14
10
29
-64
-5
-27
62
30
-20
-100
175
49
-324
228
-36
-84
33
47
-14
-20
14
18
-4
-16
-2
10
-5
0
0
-2
0
0
-1
0
4
-11
2
16
2
-19
-14
22
13
-48
-33
84
35
-228
323
-49
-173
98
18
-30
-63
27
4
62
-30
-11
-16
29
118
-408
279
69
-183
-1
148
207
-182
-282
443
188
-940
369
314
-215
-540
603
506
-689
161
177
58
-308
-143
479
-406
50
68
55
-20
-24
0
-23
49
-92
132
-241
406
-491
122
432
-529
445
-496
614
231
-1453
1270
-671
450
-335
-433
1345
-856
110
55
-138
166
-221
303
-377
276
170
-359
146
-69
80
-76
35
1
17
-34
44
-24
-46
121
-118
28
151
-343
265
-77
-1
42
-51
40
-28
17
-13
5
0
-5
3
-2
0
0
-1
1
-4
3
-1
-6
12
-19
27
-39
50
-43
-1
77
-265
343
-151
-29
115
-122
49
21
-45
33
-18
-2
-35
76
-81
67
-147
358
-171
-277
377
-304
221
-167
138
-56
-109
857
-1346
433
334
-451
671
-1270
1452
-233
-615
493
-448
528
-432
-123
489
-407
240
-134
89
-51
18
0
20
26
-42
-77
-60
286
-165
-285
476
3
-175
-217
518
422
-1261
295
396
-39
-364
-439
1412
-931
-8
299
109
-145
-106
43
179
-20
-544
562
-213
50
-6
-39
91
-19
-21
-48
42
34
-61
-76
93
129
-208
19
168
-80
-62
53
26
-33
-29
5
16
-2
-8
7
4
0
-5
0
4
0
-5
-8
8
1
-16
-5
27
33
-28
-54
60
79
-167
-20
207
-130
-93
75
65
-36
-42
47
19
18
-93
40
7
-51
211
-562
545
19
-180
-43
106
143
-109
-300
9
932
-1415
440
366
39
-396
-296
1261
-423
-519
215
173
-3
-476
284
165
-287
60
75
39
-27
-24
0
-24
46
-91
136
-298
316
160
-524
493
-307
180
185
-1027
1051
-358
-67
333
-565
825
-910
475
349
-680
463
-236
69
61
-199
386
-326
-170
320
-69
-14
-23
69
-85
65
-28
-23
79
-136
170
-148
21
172
-369
400
-158
-73
125
-111
74
-27
-33
72
-76
50
-16
-12
22
-20
13
0
-12
20
-23
11
14
-50
75
-73
32
25
-73
110
-125
71
158
-400
367
-175
-21
146
-170
135
-81
22
27
-66
83
-70
20
13
67
-321
170
325
-386
198
-61
-70
236
-464
680
-349
-476
911
-827
564
-334
67
357
-1053
1025
-187
-182
305
-493
522
-161
-317
297
-139
88
-46
18
0
22
19
-39
-66
-90
439
-564
142
298
-82
-162
-267
1368
-1238
-28
357
146
-261
-585
604
490
-937
286
299
-56
-131
-25
171
80
-570
751
-511
112
47
-78
28
71
4
-97
36
118
-112
-153
155
168
-323
-75
473
-207
-124
88
85
-54
-71
64
25
-71
-12
46
-2
-18
2
13
0
-14
-1
17
1
-45
10
69
-26
-66
71
53
-86
-88
126
206
-474
75
321
-171
-155
152
109
-118
-36
97
-3
-71
-28
79
-50
-112
511
-753
570
-80
-172
25
130
57
-299
-288
938
-491
-604
584
261
-147
-358
26
1236
-1369
266
159
81
-299
-142
563
-441
88
65
37
-21
-27
0
-30
54
-94
119
-321
513
-169
-203
296
-316
490
-501
-581
1260
-739
339
-156
-56
352
-838
1141
-464
-364
454
-377
355
-341
316
-138
-183
313
-217
15
24
84
-66
10
33
-83
127
-174
199
-186
74
132
-311
319
-41
-230
287
-233
133
-46
-39
94
-108
86
-48
5
20
-28
21
-11
0
11
-22
28
-20
-7
47
-88
108
-95
39
44
-133
234
-290
230
40
-320
311
-132
-75
189
-203
172
-128
82
-34
-11
67
-86
-26
-15
216
-315
183
137
-317
340
-356
378
-455
364
463
-1143
839
-351
56
155
-340
739
-1261
577
499
-492
315
-297
202
170
-513
321
-120
91
-55
26
0
34
-1
-63
-29
-161
429
344
-853
320
223
-152
-391
-211
937
-677
128
160
290
190
-1167
860
-36
-288
-88
127
188
72
-110
-239
217
103
-426
345
-125
80
33
-95
20
6
45
-27
-59
-2
193
-12
-336
166
248
-382
85
125
-1
-46
-30
53
17
-45
-11
23
5
-13
-2
7
0
-9
0
12
-4
-24
10
45
-17
-54
29
46
1
-124
-86
382
-249
-168
336
10
-195
3
58
26
-46
-7
-20
94
-34
-81
125
-346
426
-103
-217
239
110
-73
-189
-129
87
288
35
-863
1168
-190
-290
-162
-129
676
-938
210
390
148
-224
-321
852
-345
-429
160
27
60
0
-39
0
-44
63
-64
35
-59
412
-1229
1413
-777
375
-433
478
443
-1122
722
-596
678
-611
714
-496
-272
421
-153
205
-289
323
-275
247
-297
418
-189
-397
384
-66
31
-61
70
-44
15
3
7
-33
35
-21
21
-53
89
-101
77
-40
-29
76
-66
35
-16
9
-10
8
-2
-1
-2
2
-1
0
0
-2
0
1
2
-8
8
-12
17
-35
67
-78
28
41
-78
101
-90
53
-21
19
-37
33
-11
-4
-15
44
-70
60
-32
65
-385
397
188
-419
297
-248
274
-324
292
-206
153
-421
271
497
-716
611
-677
596
-723
1121
-445
-480
430
-376
773
-1412
1227
-412
57
-36
61
-65
40
0
40
-34
-5
94
-94
-362
722
-292
-16
-76
-335
564
13
-341
49
-38
168
80
67
-547
356
55
30
-74
-83
25
-8
82
74
-58
-256
319
-128
2
20
-11
-15
23
-16
12
-2
8
-2
-53
55
12
-6
-78
54
27
-23
-6
-2
14
-8
1
-1
-1
0
0
-2
-1
0
0
-1
-1
0
-1
-1
0
0
-1
9
-14
2
4
23
-28
-55
77
5
-12
-55
52
1
-9
1
-12
15
-24
16
12
-21
-3
127
-320
256
58
-75
-83
8
-26
83
73
-30
-55
-357
548
-67
-81
-168
37
-50
340
-13
-565
333
73
16
291
-722
360
93
-96
3
32
-46
0
-7
3
-2
2
16
-46
35
-3
-2
-2
20
-5
-92
90
-3
-38
40
-2
-46
64
-52
16
26
-46
31
-11
-1
16
-23
12
-17
25
-5
-7
0
2
-3
2
1
-3
1
-1
3
-7
7
-8
7
-2
-15
8
2
0
1
-2
0
0
1
0
-2
0
-1
0
-2
0
0
0
0
-1
1
0
-1
0
0
2
-2
0
-2
-10
15
1
-10
6
-8
6
-4
0
-1
2
-1
-3
2
-3
-2
5
4
-26
17
-13
23
-17
0
11
-30
46
-26
-17
51
-65
46
2
-41
37
2
-92
91
4
-22
1
-1
3
-37
45
-17
-4
1
-4
2
0
7
-2
-3
1
1
-9
23
-19
-2
1
14
-34
37
-14
-14
-7
32
-3
-37
41
-20
13
5
-21
17
-29
11
38
-62
65
-14
-33
12
2
-5
6
-5
2
3
-5
4
-7
4
-5
6
-1
5
-10
4
-2
-3
2
-1
0
0
1
-2
0
0
0
0
0
0
0
0
0
-1
-1
-2
0
1
-2
0
-1
2
-3
1
2
-5
10
-6
0
-6
4
-4
6
-4
3
-3
-3
4
-8
4
-2
-13
32
14
-66
61
-38
-11
28
-17
20
-5
-12
21
-41
36
2
-33
7
12
12
-39
32
-15
-4
0
18
-23
9
-3
-3
-1
1
-11
0
-10
3
0
-2
2
5
-13
9
1
-8
11
-10
-5
-9
14
-14
15
0
9
-33
27
-25
26
-21
16
-2
-6
-8
14
-11
8
-2
0
2
-5
1
-2
2
-3
2
2
-7
6
-1
-2
2
1
2
-7
3
-3
4
-1
-6
5
-3
1
-1
0
0
-1
-1
0
0
0
0
0
-1
-1
-1
0
2
-6
5
0
-5
1
-4
7
-2
-1
-3
2
0
-6
6
-3
-3
2
-2
0
-1
3
-3
-1
1
-8
10
-14
7
6
3
-17
20
-27
25
-27
33
-9
-2
-17
14
-16
8
3
8
-13
6
-2
-9
12
-6
-3
-1
-3
-4
7
0
6
-1
-3
0
2
-2
-3
7
-10
9
-2
-11
30
-47
35
-21
8
19
-2
-24
-1
27
-25
15
-7
1
0
1
9
-4
-42
47
-9
0
-2
-2
5
-8
8
-5
1
-2
1
2
3
-12
9
-6
10
-11
1
3
-3
3
-1
1
-1
-1
-1
1
0
0
1
0
0
-1
0
-1
0
-1
0
-2
1
-3
3
-3
-1
9
-10
6
-9
12
-4
-3
-1
0
-1
4
-8
7
-5
2
1
0
9
-47
42
3
-9
-1
0
-2
5
-16
24
-27
1
24
2
-19
-8
21
-36
45
-30
10
1
-11
9
-8
3
1
-2
-1
0
-1
-10
0
-9
2
0
0
5
-11
20
-19
7
-1
-1
-5
-10
25
0
-27
25
-20
17
-27
44
-32
8
-6
15
-10
4
5
-11
-8
8
10
-1
-8
3
-2
5
-8
2
0
-2
4
-5
4
-5
7
-12
7
0
-3
2
2
-5
2
-1
0
-2
0
0
-1
0
-1
0
0
0
0
-1
1
-1
-1
0
-1
0
-2
4
-3
-3
2
0
-8
11
-8
5
-5
4
-4
0
-1
-2
7
-5
2
-5
7
0
-10
-8
6
10
-6
-4
9
-16
6
-10
31
-44
29
-18
20
-27
26
-2
-26
7
3
-2
-1
-8
18
-20
8
-5
-1
-2
-3
5
0
4
-2
-1
1
2
-5
-8
15
-7
1
-11
22
-9
3
-17
19
-10
-1
-9
6
18
-3
-11
4
0
-12
26
-13
-12
32
-25
17
-20
14
-8
2
-1
1
-3
1
-1
3
-5
5
-1
-6
8
1
-8
3
0
-1
-1
-1
0
0
0
0
0
0
-1
0
-1
0
0
-1
0
0
0
-1
-1
0
1
0
1
1
-1
-3
8
-2
-8
4
0
-6
4
-4
1
-3
2
-2
-1
-2
7
-13
19
-18
25
-32
12
13
-25
11
0
-5
11
2
-18
-6
9
1
10
-20
15
-4
8
-22
11
-4
5
-16
7
5
-3
-2
-3
1
-9
0
-9
3
-1
0
1
-9
15
-8
-5
7
-5
-3
10
-16
13
1
-15
13
-14
-4
39
-39
25
-21
9
2
-11
3
6
6
-25
26
-11
2
-8
8
-3
3
-1
-2
1
0
2
-6
6
-7
-1
10
-7
3
-3
0
-1
0
1
-1
0
-1
-2
0
0
-1
0
0
0
-1
0
-1
0
-1
-1
1
-1
0
0
-1
3
-5
7
-10
1
6
-6
5
-2
-1
-2
1
1
-4
3
-9
8
-4
10
-27
24
-8
-6
-3
11
-2
-12
21
-27
39
-40
4
13
-13
14
-1
-14
15
-10
3
2
-9
3
8
-14
7
-2
-1
0
-5
5
0
4
-2
-2
0
0
0
-1
2
-4
-6
17
-6
-34
28
2
5
-9
-13
27
-26
24
-19
14
-9
3
-6
2
-1
6
-4
-4
4
3
-3
-2
2
-2
2
0
-2
-1
-1
2
-7
8
-8
7
1
-2
-3
3
-3
1
-1
-2
1
-2
1
-1
0
-1
-1
0
0
-1
0
1
0
0
-2
1
-2
0
0
-2
2
-4
1
1
-2
-8
7
-8
7
-3
-1
0
1
-1
-4
2
-3
1
1
-4
-4
5
4
-7
1
-3
4
-3
9
-15
18
-23
26
-27
12
9
-6
-3
-29
33
4
-20
4
1
-3
1
0
-1
-1
-2
1
-11
0
-8
3
-1
0
0
-1
2
2
-1
-10
7
2
9
-26
14
-2
2
-3
4
-9
-4
13
2
-12
10
-6
3
-6
14
-11
-9
18
-9
-1
0
1
-5
3
1
-1
-1
0
0
0
-4
6
-6
4
-3
1
0
1
-3
1
-2
-1
2
-2
-1
0
0
-1
-1
0
-1
0
0
0
0
0
-2
-1
2
-2
2
-1
-1
-2
2
-4
6
-6
3
0
-1
-1
1
0
-2
-4
3
-1
0
-1
7
-19
9
9
-13
6
-3
6
-10
12
-3
-13
2
9
-4
3
-2
2
-15
24
-11
-4
-8
8
-1
-4
-2
0
-1
-1
-1
-5
2
0
3
-1
-1
4
-1
-2
-11
10
3
9
-5
-12
-20
1
23
-8
27
-24
7
-11
2
-2
6
-8
0
2
6
4
-5
-19
9
-2
11
3
-1
-14
-7
3
6
8
0
-8
-6
-1
2
11
2
-16
3
-2
10
1
-3
-8
-2
4
4
1
-4
-3
0
0
0
0
-1
-1
-1
2
3
-2
-4
-4
0
9
2
-3
-10
1
-3
15
-4
-12
-2
1
6
6
-1
-9
-7
-4
6
13
0
-4
-13
1
-11
19
3
-4
-7
-3
-1
7
-6
1
-2
10
-7
24
-27
7
-23
-2
19
10
2
-10
-5
-10
10
1
0
-5
-3
1
-8
0
-5
0
0
1
3
-9
19
-18
2
4
-3
-7
7
1
3
-19
21
-12
-11
18
-6
6
-6
3
-5
4
-1
2
2
-11
0
23
-15
5
-5
-1
1
4
-7
1
0
1
-2
0
2
-2
0
1
-1
-2
0
1
-1
1
2
-2
0
0
0
0
0
-1
0
0
0
-1
0
0
-1
-1
-1
1
-2
-1
2
-1
0
1
0
-1
-1
0
-1
0
0
-1
0
-2
6
-5
-1
1
4
-5
14
-23
0
11
-2
-2
1
-4
5
-3
7
-6
5
-19
9
12
-22
19
-6
-3
-8
5
1
-6
-4
17
-20
8
-3
-2
-3
-1
0
0
-12
40
-36
23
-12
0
-13
10
-4
-3
1
5
-15
7
-1
1
39
-30
-2
1
-14
14
14
-6
-3
-2
-1
-3
10
-16
22
-15
15
-25
7
4
-4
6
-13
1
10
-5
-1
-3
4
0
5
-9
6
-10
14
-7
1
1
-3
2
0
-3
0
0
1
-1
-1
0
-1
0
-2
0
-2
1
-1
-2
1
-1
-1
7
-13
10
-8
8
-5
-1
-4
3
-1
4
-12
-2
12
-7
4
-4
-9
24
-17
15
-21
16
-9
4
1
2
2
6
-14
-16
13
-1
2
31
-39
-2
0
-9
14
-8
-3
2
3
-10
14
-1
11
-25
33
-40
6
0
-13
14
7
-28
21
-4
5
-3
-14
13
-8
-2
32
-37
27
-44
104
-96
-138
353
-181
-379
339
334
-431
174
9
-177
230
-95
-165
278
-136
-131
153
47
-71
21
-11
-37
75
-52
15
-3
1
0
-7
9
-9
-4
18
-7
-8
9
-10
5
1
-7
5
0
-2
2
0
0
-1
-1
0
0
-5
6
-2
-6
10
-11
8
8
-19
3
9
-10
6
-2
-1
3
-16
51
-74
36
10
-21
70
-47
-153
130
134
-278
165
94
-230
177
-8
-174
431
-335
-339
379
180
-354
139
96
-104
43
-28
36
-33
1
7
-15
13
1
-7
1
-22
27
-10
-14
10
0
-1
-3
0
4
5
0
-6
-3
4
5
-4
-8
0
5
-1
-5
6
17
2
-26
-27
6
32
20
-10
-17
-1
4
-4
-3
9
10
-7
-16
-1
16
7
-8
-10
0
3
-2
0
6
2
-6
-4
5
5
-5
-6
2
5
-1
-6
0
4
-1
-5
0
4
-1
-5
0
4
0
-5
-1
3
1
-5
-2
4
0
-8
-3
6
5
-5
-5
3
5
-2
-7
-2
0
-3
-2
10
8
-9
-16
0
16
6
-10
-10
3
3
-5
1
17
10
-21
-33
-5
28
26
-2
-16
-6
5
0
-5
0
5
3
-6
-6
2
5
-2
-6
-6
-1
1
0
