-3
-23
35
-58
71
-44
-109
128
-57
55
-94
98
21
-267
559
-384
-226
460
-381
200
-59
18
16
-87
123
-2
-110
108
12
-126
-50
98
82
-65
-29
41
-17
-22
19
1
-6
18
-24
9
3
0
-1
1
-2
-1
1
-1
-1
-1
0
-1
-1
0
0
-1
-1
-1
-1
1
0
0
0
1
0
0
1
1
1
-1
2
0
0
-1
2
0
-1
1
-1
1
4
11
-24
18
-6
1
20
-24
-17
42
-27
-64
82
100
-49
-125
13
110
-110
-1
124
-86
17
19
-58
201
-380
462
-225
-380
562
-262
24
102
-90
56
-55
131
-106
-38
74
-49
41
-14
8
-52
92
-144
125
-171
346
-246
-105
278
-238
81
-156
400
-633
756
-738
603
-369
105
-20
70
-25
37
-151
21
166
-163
141
-148
160
-141
61
-49
71
-58
37
-22
12
1
-10
26
-31
15
-3
3
0
-1
-1
0
-2
0
-1
0
-1
0
-1
1
-1
-1
0
1
0
-1
-1
0
1
0
0
1
0
0
0
0
1
0
0
1
-1
0
0
0
-1
4
-3
15
-30
24
-10
-1
12
-21
39
-58
71
-47
61
-139
161
-147
143
-163
167
24
-150
39
-23
71
-19
106
-368
603
-737
761
-631
403
-153
83
-235
282
-103
-242
349
-167
128
-135
96
-43
-32
81
-114
44
30
48
-420
507
-231
-136
296
-200
-278
625
69
-284
-366
194
217
-146
-2
95
-132
160
-267
154
81
17
-128
63
18
-52
-84
92
30
-18
-14
7
-6
-3
16
-3
-19
12
0
-1
0
0
-1
-1
-1
-1
-1
-1
-1
-1
-1
-1
-1
-1
-1
-1
-1
2
0
0
0
-1
-1
-1
0
0
0
1
-1
1
0
1
0
1
0
1
0
0
0
13
-20
-3
16
-2
-5
6
-14
-18
30
92
-84
-51
20
64
-127
19
83
154
-266
161
-131
97
-2
-146
218
196
-365
-280
72
629
-275
-198
298
-132
-229
510
-416
53
34
51
-109
90
10
-92
52
101
-113
-76
429
-419
-40
109
-98
344
-572
555
-49
-396
380
-392
349
-173
87
-112
115
-156
338
-289
12
136
-167
47
104
-176
142
-35
-42
31
8
-3
0
-2
0
2
4
-10
5
0
1
1
-1
-1
-1
-2
-1
1
0
-1
-1
-2
0
-1
0
1
0
0
-1
1
0
-1
0
-1
0
1
0
1
2
1
0
0
0
0
0
1
2
0
6
-10
3
1
1
-2
1
-4
8
32
-41
-36
142
-176
105
47
-166
137
12
-287
339
-156
115
-111
88
-171
350
-391
381
-394
-46
558
-568
347
-94
113
-38
-414
433
-72
-110
107
57
-84
-17
27
-11
-79
77
26
-295
364
-122
55
35
-385
617
-636
97
583
-914
622
4
-33
-122
94
-43
-8
2
14
-131
231
-246
275
-283
154
-36
6
12
-27
37
-26
8
0
-4
-1
5
-9
6
-3
0
1
-2
-1
0
-1
1
-1
-1
-1
-1
0
-2
1
0
-1
0
-1
0
0
0
0
1
0
0
1
0
0
1
0
0
-1
0
0
-1
1
0
-1
6
-9
5
0
-4
2
9
-26
37
-28
13
8
-36
154
-282
277
-245
233
-130
16
3
-6
-40
94
-122
-32
5
624
-913
587
100
-633
618
-381
39
58
-120
369
-291
29
81
-71
-6
34
-14
46
-56
-54
61
41
-205
180
-10
-134
176
34
39
-510
450
-257
388
-259
44
-55
5
82
-155
232
-155
-110
127
21
123
-108
-190
90
106
-8
-46
18
-12
-1
4
0
-1
-11
29
-17
0
1
0
0
0
0
0
-1
-1
-1
-1
-1
-1
-1
-1
-1
0
-1
-1
0
0
0
0
0
0
0
0
0
-1
0
0
0
-1
0
0
1
1
1
0
0
1
-16
29
-11
-1
1
4
-2
-11
19
-45
-7
106
90
-190
-109
124
22
128
-109
-154
233
-153
83
6
-54
46
-258
389
-254
453
-509
42
38
180
-129
-8
184
-202
45
63
-48
-51
53
5
-64
19
103
-178
25
525
-707
252
-160
217
-14
-262
462
-185
-354
449
-233
28
40
-3
-48
46
-10
0
10
-81
85
14
-136
170
-84
-14
25
-5
-8
23
-14
1
-3
4
-4
3
3
-2
0
-1
1
-1
0
-1
0
0
0
-1
-2
-1
-2
0
-2
-1
-1
0
-2
0
0
0
0
0
0
0
1
0
0
1
1
0
1
0
0
0
0
-1
0
-2
2
4
-4
4
-2
2
-13
23
-8
-4
24
-14
-85
170
-137
15
87
-80
12
1
-8
49
-46
-3
42
30
-231
450
-350
-182
465
-260
-11
219
-157
253
-701
529
31
-175
110
24
-56
-20
33
-46
-4
-7
115
-411
443
-161
7
17
67
-157
126
80
-293
186
-79
46
11
-27
15
-22
-5
45
-27
-9
6
-17
-6
55
-43
17
-17
6
2
-3
0
2
2
-6
7
-1
3
-1
-1
1
0
0
-2
1
-1
0
-1
0
0
-1
-1
-1
-1
0
-1
-1
-1
0
-1
0
0
-1
0
0
1
1
1
1
0
1
0
0
0
1
-1
0
-1
-1
3
-1
5
-6
2
2
0
-3
2
8
-18
17
-42
56
-5
-16
8
-8
-27
46
-3
-21
17
-26
12
47
-78
187
-290
84
130
-154
70
20
12
-159
447
-406
118
-4
2
-40
42
-6
-16
-2
-1
2
-77
235
-229
55
4
14
-85
160
-279
322
-207
-14
85
2
-60
61
-39
54
-77
20
16
0
-5
2
-3
-11
30
-36
9
5
1
-6
1
2
-3
8
-10
10
-2
-2
2
-1
0
-1
-1
0
-1
-1
0
0
-1
-1
-1
0
-2
0
-1
0
0
-1
1
0
0
0
0
1
0
0
0
0
1
0
-1
1
-1
0
0
0
1
-1
-2
11
-11
8
-2
4
3
-6
1
6
9
-36
31
-10
-3
4
-3
-1
18
21
-76
56
-40
61
-59
3
86
-13
-203
326
-276
162
-81
17
7
58
-224
238
-73
5
6
3
-8
-4
-17
15
-13
10
3
-130
167
-71
-13
8
34
-13
-4
-75
62
20
-59
25
4
-7
-11
24
-17
-11
15
1
-8
-10
11
-1
-9
-1
7
4
-3
-2
2
1
-2
0
4
-8
7
0
-1
-2
1
-1
0
0
-1
-1
-1
0
-1
-1
0
-1
-1
-1
0
0
-1
0
0
0
0
0
0
0
0
0
0
0
-1
0
0
0
0
0
0
0
0
-1
7
-8
4
0
-1
2
2
-2
-3
5
7
-1
-8
-2
11
-9
-6
2
17
-9
-17
25
-7
-7
6
26
-58
21
66
-73
-2
-10
38
11
-9
-69
171
-127
8
13
-8
20
-10
-12
7
-19
1
-17
5
5
-1
2
-9
12
-74
67
-19
24
-5
-37
12
-20
11
12
-6
-9
5
-6
10
-7
-2
-1
-3
13
-22
16
-12
5
2
-4
2
-3
1
3
0
-3
2
0
1
0
-1
0
-1
-2
0
0
-1
-1
-1
-1
0
-1
-1
0
0
-1
-1
0
0
0
0
0
1
-1
1
0
0
0
0
0
0
-1
0
1
0
0
1
0
2
-3
1
2
1
-3
2
-3
2
7
-11
16
-21
14
-2
-1
-2
-6
12
-5
5
-8
-6
13
14
-19
15
-36
-2
26
-16
70
-71
14
-5
4
4
8
8
-15
9
-14
15
-9
-10
1
-3
-3
-1
-27
12
24
-23
-10
44
-31
-66
60
-8
-18
24
-7
-3
-5
-5
11
-7
1
-4
-7
10
-4
-13
13
5
-14
8
-3
-1
1
2
-2
3
-4
0
2
-1
1
0
-1
2
-1
0
-1
-1
0
-1
0
-1
-1
-1
-1
-1
-2
0
-1
1
0
-1
0
0
-1
1
0
0
0
1
1
-1
-1
0
0
0
0
1
-1
0
1
-1
2
1
-3
3
-1
2
2
-1
-3
8
-14
6
13
-12
-3
12
-6
-3
2
-5
12
-5
-5
-2
-7
26
-17
-5
64
-62
-28
45
-8
-19
26
15
-24
2
0
4
6
-2
-7
-8
-3
-6
10
-27
3
5
-6
-1
8
-19
-5
30
-24
-23
34
-24
4
9
-13
3
2
-11
9
-4
-1
-1
-3
3
-2
-7
10
-6
4
-2
-2
2
-2
0
0
-1
4
-2
2
-1
1
1
-2
0
-1
-2
-1
-1
-1
0
-1
-1
-1
-2
0
-1
0
-1
0
-1
1
0
1
-1
0
-1
0
0
0
1
0
0
0
0
-1
1
1
-1
3
-2
3
-1
0
1
-2
1
-1
-1
4
-6
10
-6
-1
4
-2
-1
-1
-3
11
-9
4
5
-12
10
5
-21
35
-19
-20
32
-2
-15
10
3
-4
10
8
-22
13
2
0
1
-6
-12
2
-12
8
-15
13
-17
-3
7
-2
-14
12
-16
11
-10
-12
16
-5
-13
15
-14
7
0
-6
4
-10
8
-2
0
-5
2
-3
3
0
-2
1
-1
1
-1
3
-3
2
1
0
0
2
-1
0
-1
0
-1
-1
0
-1
0
-1
-1
0
0
-1
-2
-1
0
0
-1
0
0
0
1
0
1
1
0
0
0
0
1
2
-1
1
-1
2
1
0
0
3
-2
3
0
1
-1
2
-2
0
4
-3
4
-5
0
-2
8
-9
6
-5
1
9
-13
17
-11
-3
17
-11
-7
14
-12
15
-10
-1
9
-1
-14
16
-11
10
-4
8
-2
-12
-1
-8
-4
-4
1
-12
5
-7
-1
4
-8
15
-52
60
-50
14
9
-14
3
1
-6
4
3
-12
8
-7
4
0
-4
-2
-6
8
-7
3
-2
-1
2
0
1
-2
1
0
2
0
-2
1
0
-1
-2
0
-1
0
-1
-1
-1
-1
-1
-2
0
-1
-1
0
1
-1
1
0
-1
0
0
0
0
0
1
0
1
0
0
0
-2
0
0
0
-1
0
2
-1
1
-2
1
0
2
-1
-2
5
-7
8
-4
-1
-2
0
5
-6
9
-11
4
6
-5
1
4
-12
10
15
-44
63
-49
19
-4
7
1
-5
9
-8
4
-1
3
-4
7
-11
-3
-5
-5
-8
3
1
-7
2
-11
9
-10
7
5
-28
16
-19
18
-5
-9
4
-3
5
-6
2
-3
-5
0
-3
5
-4
0
0
-3
2
-2
0
0
0
-1
0
-2
3
-2
1
1
0
0
-1
0
0
-1
1
-1
-1
-1
-1
-1
-1
-1
0
-1
-1
0
0
0
0
0
1
-1
0
0
0
2
1
0
1
0
-1
1
0
0
0
1
1
-1
3
-1
1
2
1
-1
1
-2
4
-2
0
0
-2
4
-2
2
-4
-2
3
-6
6
-1
5
-6
-3
19
-18
20
-24
9
10
-8
12
-8
3
-5
5
6
-5
2
-1
7
-7
-7
-5
-4
-4
-2
-3
-6
3
-3
-4
-4
-1
-12
11
-2
-8
0
-1
3
-8
3
-3
4
-7
0
-3
2
-4
0
0
-4
-1
4
-4
2
-1
1
-1
0
-1
3
-2
1
1
-4
2
0
-2
0
0
-2
0
-1
-1
-1
-2
-1
-1
0
-1
0
-1
0
0
0
0
1
0
1
0
0
0
1
0
1
2
-3
1
0
-1
0
1
-2
2
0
-2
4
-1
0
0
1
-1
3
-3
5
-1
-3
1
0
-3
5
-3
3
-6
5
-2
4
-7
3
1
0
-7
2
14
-10
3
-1
0
0
6
-2
-1
2
-1
3
1
2
-8
-7
-5
-5
-4
1
-10
3
-4
-5
2
-1
-1
-15
0
6
-5
5
-3
-1
-3
0
-1
-2
-2
2
-5
0
0
-6
8
-8
3
-2
2
-2
1
-2
0
0
1
0
1
0
0
1
-1
0
-1
-2
-1
-1
-1
1
-1
-1
0
0
-1
-1
1
0
-1
-1
0
-1
0
0
0
1
1
0
0
-1
0
0
-1
0
0
0
0
1
-1
1
0
1
0
0
1
0
0
-1
1
-1
2
-2
3
-7
8
-5
1
1
-3
3
-1
-1
-1
2
-1
1
-2
6
-4
7
2
-12
2
2
5
-1
-2
7
-8
4
-1
2
0
2
-9
-5
-2
-5
-2
-3
-4
1
-6
0
-3
-3
-7
12
-15
1
2
-2
-2
-1
-1
0
-5
1
-1
1
-5
2
-4
-1
1
-2
-1
1
-2
-1
1
-1
0
-1
-1
1
1
0
0
0
0
0
-1
-1
-1
-1
-1
-1
-2
0
-1
-1
-1
-1
0
0
-1
0
0
0
0
0
0
-1
-1
0
-1
1
0
0
1
0
-1
0
0
0
0
1
0
0
0
2
-1
1
0
-1
2
0
-2
1
-1
-1
2
0
-4
3
-3
2
1
2
-4
1
0
1
-1
0
3
4
-13
14
-5
0
-1
3
-4
5
-1
1
0
2
2
1
-8
-6
-4
-7
-3
-1
-5
-2
0
-3
-3
-1
-4
10
-20
9
-3
-1
-2
3
-4
0
-1
4
-6
2
-1
-1
-2
2
-5
2
2
-3
2
-2
1
1
-1
-1
0
1
-1
1
0
1
-1
0
0
-2
1
-1
-2
0
-1
1
-1
-1
-1
0
0
0
0
-1
0
0
0
0
0
0
-1
0
0
1
0
0
0
1
1
0
1
0
-1
2
0
2
-1
0
0
0
-1
1
1
-1
1
-2
2
1
-3
2
-1
0
-2
1
-4
5
0
1
-3
3
-1
1
-2
13
-17
13
-2
0
0
0
1
2
-2
3
0
0
0
3
-6
-8
-2
-4
-4
-1
-3
-4
0
-3
-1
-1
-5
2
-7
0
-2
-3
1
-3
0
-2
-1
0
0
-2
-2
0
-1
1
-2
-1
-1
0
-1
1
-1
0
1
-1
1
0
-1
0
1
-1
0
-1
-2
0
-1
-1
-2
0
-2
0
-1
0
-1
0
-1
-1
0
-1
0
-1
0
-1
0
-1
0
0
0
0
-1
1
-1
0
0
0
-1
-1
1
-1
0
0
-2
0
1
-1
2
0
-1
0
0
0
-1
0
-2
1
1
1
-1
0
2
1
1
-1
2
-2
2
-2
-1
4
-4
4
-2
1
1
-1
2
0
0
2
-1
3
2
1
-8
-6
-2
-6
0
-5
-2
-3
-3
0
-5
2
-6
-7
0
2
-1
-6
2
-1
-2
2
-3
0
0
-4
0
-1
-1
1
-4
3
-2
0
1
0
0
0
0
-1
1
1
-1
0
1
0
0
0
0
-1
-1
0
-1
-1
-1
-2
-1
0
-1
-1
0
0
0
0
0
-1
-1
1
0
-1
0
0
0
0
1
0
-1
1
1
1
1
-1
0
-1
1
1
-2
1
1
0
1
-1
0
0
3
1
-2
4
-4
1
0
-1
0
-1
1
2
-2
2
-1
-1
3
-5
0
5
3
-3
-3
5
-1
2
0
1
1
-1
2
0
2
2
-10
-4
-4
-6
-1
-5
-1
-4
1
-6
-1
-2
-3
-4
-2
-2
-1
-2
1
-5
2
-3
-1
-1
-1
-1
-1
-2
1
-2
0
-2
1
-1
1
-1
1
-1
0
-1
1
-1
0
1
-2
2
-1
-1
0
-1
0
-1
-1
-1
-1
-1
-1
-1
0
-1
-1
-1
-1
-2
1
0
0
-1
0
0
0
-1
0
0
0
0
0
0
0
0
1
-1
1
1
-1
1
2
-1
1
-1
1
-2
2
0
2
-1
1
-2
1
-2
1
0
-1
0
0
0
1
0
3
-3
3
0
0
2
1
-3
0
1
2
-3
4
-1
2
-3
2
1
1
3
-7
-7
-1
-8
1
-5
-3
-1
-4
3
-5
0
-5
4
-9
-1
3
-7
-1
1
0
-2
-2
-1
-2
-1
1
-5
3
-1
-4
2
-1
0
-1
-1
0
0
1
0
0
0
0
0
-1
1
0
-1
-1
0
-1
-1
-1
-2
0
0
-1
-1
-2
-1
0
-1
0
-1
0
-1
0
0
1
0
-1
0
0
0
0
0
0
1
-2
1
0
0
1
1
0
0
1
1
-1
-1
1
-1
1
1
-1
2
-1
2
-2
-1
4
-3
2
0
-1
1
0
0
0
2
1
-4
4
1
-6
9
-2
3
-3
7
-2
2
0
-1
4
0
4
0
-7
-6
-4
-5
4
-7
-3
-2
0
-4
0
-1
-5
1
-4
-1
-2
1
-4
-1
0
-1
-2
-1
-1
0
0
-3
-2
1
-3
1
-1
2
-1
-1
1
-2
0
0
1
-2
2
-3
0
0
0
0
0
-1
0
0
-1
1
-1
-1
0
-2
0
-1
0
-1
0
-2
0
0
0
0
0
0
0
-1
0
0
0
1
0
0
0
0
1
0
0
-1
1
-3
3
-1
1
-1
-1
0
2
0
0
1
-1
2
-3
3
-1
-1
-1
1
-1
0
-1
-1
1
1
-2
2
-1
2
-1
3
-2
2
2
-3
2
1
0
-4
8
2
1
1
-7
3
-14
-67
93
-36
-2
-4
-3
0
-4
0
-4
-4
3
-3
-23
34
-20
-1
1
-1
-1
-2
0
-3
3
-4
-1
3
-3
0
-1
-1
0
-1
0
1
-1
0
2
-4
5
1
0
-2
1
0
-1
-1
0
-1
-1
0
-1
-2
0
0
-1
-2
0
-2
0
-2
0
-1
0
-1
0
-1
-1
-1
0
0
1
0
-1
0
-1
0
0
0
2
-2
0
0
5
-4
2
1
0
2
0
-1
1
1
-1
1
-2
2
0
-3
4
-3
2
-1
0
1
2
1
-19
36
-22
-1
5
0
-1
3
-2
3
-1
1
2
-32
96
-60
-9
13
-16
22
-111
245
-228
42
3
1
-1
-1
-3
1
-7
0
-5
-4
10
-16
14
-14
5
-1
-3
-1
3
-22
19
-8
-1
3
-5
-3
3
4
-5
-1
1
-1
-1
1
4
-4
-13
18
-4
-1
0
0
-1
-1
-1
-1
-1
0
0
-1
-1
0
0
-2
-1
0
-1
0
-1
0
-1
0
0
0
0
-1
0
0
0
1
0
0
-1
-1
0
0
-1
-1
-4
18
-12
-3
4
1
-1
1
2
-1
-4
4
3
-1
-5
5
0
-5
21
-20
5
1
0
1
5
-13
15
-14
11
0
-1
3
-3
4
0
1
0
4
7
45
-225
253
-105
32
-16
117
-82
-420
511
-125
-12
-8
-7
1
-6
-2
1
-7
-3
2
-9
-16
34
-15
-3
0
-1
1
1
2
-21
14
5
-11
-4
8
0
-18
25
-6
-4
0
0
2
-1
1
-9
11
-2
0
-1
1
-1
0
-2
-1
0
-2
-1
-1
-1
-1
-1
-1
0
-1
0
-1
1
0
-1
0
0
-1
-1
0
0
1
0
1
1
0
-1
1
0
2
0
1
-1
11
-9
2
-1
2
0
0
-3
-6
25
-17
0
9
-3
-10
6
15
-19
4
2
1
-1
1
-2
-15
35
-15
-8
5
0
-3
3
2
-2
4
-4
-4
-7
-123
512
-413
-76
125
-19
12
-159
507
-505
117
1
1
4
-5
0
0
-6
0
-4
-5
-7
21
-25
23
-53
52
-11
-11
19
-52
59
-17
-15
-4
12
-3
-11
27
-21
-4
5
0
-1
1
-8
-6
48
-39
7
0
0
1
-1
-1
-1
-2
-1
-1
-1
0
-1
-1
-1
-1
-2
1
-2
-1
0
1
0
1
0
0
-1
-1
0
1
1
0
0
0
-1
0
0
2
-1
0
6
-38
48
-6
-8
1
0
2
6
-3
-20
27
-11
-2
13
-4
-14
-16
61
-51
20
-9
-11
54
-53
24
-24
22
-6
-1
0
4
-4
3
4
-2
6
5
4
120
-502
513
-154
20
14
-47
193
-525
438
-59
-27
-9
0
-5
-2
-1
-7
-1
-5
-2
1
7
-20
24
-62
89
-57
14
-17
-39
107
-55
-37
62
-43
10
17
-46
52
-49
38
-13
-1
-2
-13
19
3
0
-6
-2
1
0
-1
1
-1
0
-1
0
-1
-1
-1
-2
-1
-2
-1
-2
-1
0
0
0
0
0
-1
1
0
0
0
0
1
1
0
0
1
0
0
-1
1
-1
-6
-1
2
20
-13
-1
0
-13
39
-48
52
-45
17
13
-42
63
-36
-55
109
-37
-15
15
-55
90
-61
25
-18
7
2
2
-2
2
-3
4
1
-3
2
-5
-22
-55
440
-516
198
-38
-25
-3
-129
412
-342
22
19
-1
0
-1
-1
1
-3
-6
2
-4
5
-7
-10
5
17
27
-83
39
-15
41
-65
48
-27
8
29
-38
19
-43
50
6
-44
27
-6
4
-16
7
20
-18
9
-4
0
0
-1
-1
0
-1
0
0
-1
-2
0
-1
0
-1
-1
0
-1
-1
-1
0
0
0
0
0
1
-1
0
1
1
1
0
1
0
0
0
1
0
-5
9
-18
21
8
-16
4
-6
28
-43
6
49
-43
19
-38
31
9
-26
51
-65
44
-14
40
-81
30
18
5
-9
-6
5
-1
6
-3
-1
3
1
2
1
2
22
26
-339
420
-124
4
-17
-22
-16
12
35
14
-23
-27
3
15
0
-14
-5
7
2
-9
-5
1
-3
-6
5
14
2
-19
-16
7
16
1
-18
-12
6
16
7
-9
-16
-7
8
13
5
-7
-9
0
4
2
0
1
0
-1
-2
1
0
-2
-2
1
2
-2
-3
1
1
-2
-3
0
1
-2
-2
0
2
0
-3
-1
3
1
-2
0
3
1
-2
-2
2
1
-1
-1
0
0
0
2
4
-1
-9
-6
5
13
8
-6
-16
-9
7
18
9
-12
-17
1
17
7
-15
-17
3
16
7
-4
-3
2
-4
-5
6
11
-2
-13
1
18
5
-25
-20
18
38
17
-11
-17
