0
-2
1
-1
1
-3
-2
-2
7
-3
0
-2
0
-4
4
-11
8
17
-32
29
-15
-11
25
-17
8
-6
4
-3
3
0
-2
0
4
-5
0
-3
2
0
1
0
0
1
0
1
0
-1
0
1
0
-1
-1
0
0
-1
-1
-2
1
-1
1
0
-1
-1
-1
0
0
0
0
0
0
0
-2
0
-1
1
0
0
-1
0
1
-1
0
0
-1
0
-1
0
-1
-1
-1
0
-1
1
-2
1
-2
4
-4
-2
1
-1
-3
3
-4
5
-8
17
-26
11
15
-30
30
-17
-8
10
-5
2
-2
1
-1
2
-8
-1
1
2
-2
-1
-2
-2
0
-2
1
-2
-1
-1
1
-4
16
-15
2
-1
-1
2
-2
1
-16
36
-50
38
1
-25
17
-3
-2
-1
3
-3
6
-6
-3
3
3
-1
-1
1
0
0
0
-1
0
0
-1
0
-1
-1
-1
0
0
-2
0
0
-1
-1
0
0
-1
-1
1
0
-1
-1
0
0
0
0
0
0
0
-1
-1
0
0
-1
-1
0
0
-1
-1
1
0
-1
0
0
-1
-1
0
-1
-1
0
0
-1
-1
-2
1
0
-4
-3
3
4
-6
2
-2
-2
2
1
-17
24
-2
-37
48
-36
16
-3
0
-3
0
0
-3
15
-16
4
-4
0
-1
-1
-3
-2
0
-2
2
-1
-1
3
-8
5
-2
4
-4
0
0
0
-4
6
-2
-18
30
-25
24
-27
39
-40
16
2
-5
2
-3
2
5
-4
-1
-1
-1
1
-1
1
-2
0
0
0
-1
0
-1
-1
-1
0
0
-2
-1
0
-2
0
0
0
0
-1
-1
0
0
0
-1
1
0
-1
0
0
-1
-2
0
0
-1
0
0
-1
1
-1
1
0
-1
0
0
-1
0
-2
1
-2
-1
1
1
-1
0
-1
-1
-1
0
3
-6
-2
3
-3
4
-2
-18
40
-40
26
-25
24
-31
17
1
-8
3
0
-1
-1
2
-6
1
-6
7
-4
-2
-2
-5
-2
0
-2
1
-3
-1
11
-19
8
2
-3
3
-4
2
-5
4
-7
-2
17
1
-9
3
-20
28
-8
0
-5
5
-3
4
-2
1
0
0
0
0
1
-1
3
-1
-1
-1
0
0
0
0
-1
0
-1
0
1
1
0
-1
0
0
0
1
-1
-1
1
-2
-1
0
1
0
-1
-1
-1
1
-4
1
0
-2
0
1
-1
0
0
0
-1
0
-1
-2
1
-2
0
0
-1
0
0
0
-3
0
-1
1
-1
-1
0
-1
4
-4
2
-5
3
0
7
-28
20
-3
9
-1
-18
2
6
-5
3
-4
1
-4
1
-2
-9
18
-13
-2
-1
-3
-2
0
6
2
-16
11
-3
-15
34
-20
-2
2
-1
-2
2
-2
10
-5
0
-5
3
6
-14
15
-17
7
-1
2
-4
-1
3
0
-2
3
-1
-2
0
-1
2
-1
-1
-1
-2
2
-2
-1
0
-1
1
-1
0
-1
0
1
-1
-1
-1
0
-1
0
0
-4
2
-2
0
0
0
0
-2
3
0
-1
0
0
1
0
0
-1
-1
0
-1
0
-2
-1
-1
0
-2
-2
1
0
-1
0
-1
0
-2
1
0
-3
1
0
-4
1
3
-3
0
-7
17
-16
13
-7
-5
4
0
4
-10
1
-3
0
0
-3
0
20
-34
15
2
-12
13
-3
-11
0
28
-82
64
-38
29
-163
361
-311
143
-44
16
-8
29
-9
-61
67
-51
-17
33
20
-63
93
-47
13
-7
7
-17
13
-8
-1
1
-4
2
2
1
-2
1
-1
1
0
2
-7
5
-2
1
0
0
-1
0
-2
0
0
-1
-1
-2
1
-3
4
-3
-3
3
0
-2
0
0
0
-3
2
1
-4
3
-2
1
0
-1
-1
-1
0
0
0
-2
0
-2
1
-5
7
-2
-1
-2
1
-1
2
-1
-2
-2
3
-1
0
7
-13
16
-7
7
-14
48
-93
63
-20
-33
17
50
-68
61
8
-30
6
-16
42
-144
310
-361
161
-31
35
-64
81
-31
0
14
-43
2
83
-58
16
-19
28
-81
19
65
-21
-18
16
-43
4
76
-56
16
-19
-33
88
-48
5
9
-31
19
1
-5
12
-19
2
11
-10
2
-1
0
-1
2
-4
15
-15
0
2
0
0
0
-1
1
0
-1
0
-1
0
-1
1
-3
1
0
-2
3
-2
-1
0
-2
2
-3
2
-2
-1
2
-2
1
-1
0
-1
0
-1
-1
1
-1
-1
-1
-3
0
14
-15
3
-2
-1
-2
-1
-3
9
-11
-3
17
-13
4
-2
-20
30
-9
-6
47
-88
33
18
-16
55
-76
-4
42
-16
16
19
-68
-21
79
-29
18
-18
57
-85
-4
41
-17
0
-27
65
-15
-82
48
21
-96
423
-484
71
94
44
-138
16
134
-112
91
-57
-32
25
15
2
-34
28
-3
-2
-12
25
-4
-26
12
25
-26
-1
5
1
-3
0
1
2
-1
0
-8
6
1
-1
0
-1
1
-1
-2
2
-1
-1
-1
0
-1
-2
5
-7
2
-1
0
0
0
0
-3
7
-7
1
0
-2
2
-1
0
-3
1
0
-1
0
-1
0
-2
-7
7
0
0
-3
-2
-1
3
-2
-5
1
26
-26
-13
26
4
-25
13
1
4
-29
33
-3
-16
-25
32
56
-91
111
-136
-17
136
-44
-96
-72
482
-423
95
-23
-49
80
12
-67
22
0
-43
108
-52
-45
16
147
-9
-658
719
-87
-135
118
-126
-11
74
50
-148
36
119
-33
-130
95
13
-33
21
-14
0
12
2
-25
16
0
-3
1
4
-4
-2
6
-2
-4
0
9
-14
4
2
1
-1
0
-2
2
-1
0
0
1
-2
3
-5
0
2
-1
1
-1
-1
0
-1
-1
-2
1
-1
-1
3
-3
0
-1
0
-1
1
-3
2
0
0
0
-2
-4
13
-9
-1
3
1
-7
1
4
-4
-1
3
-1
-17
24
-2
-12
-1
12
-22
33
-12
-95
130
33
-119
-37
150
-50
-75
9
125
-119
133
84
-719
657
9
-148
-18
44
48
-109
40
0
-31
64
-77
125
82
-557
172
888
-818
95
93
-208
236
11
-123
56
-39
-65
147
-30
-36
33
-44
7
17
-13
11
-8
11
-11
-21
37
4
-33
21
-10
-2
10
-12
11
15
-39
12
12
-7
0
1
0
-1
0
-2
2
0
-1
1
-1
-4
8
-9
4
-2
-2
1
0
-1
0
1
-4
8
-8
3
0
-1
0
-1
-2
1
0
0
0
-2
0
6
-13
-12
37
-17
-12
12
-9
1
9
-22
32
-6
-37
20
11
-12
7
-12
13
-17
-8
44
-34
36
30
-146
63
40
-56
122
-12
-238
207
-96
-97
814
-887
-173
556
-82
-126
75
-65
25
0
-16
24
-57
106
-157
257
59
-651
475
49
-168
246
-247
94
14
-199
263
-75
-61
159
-183
19
72
-59
52
-27
11
-10
15
-12
-1
19
-33
23
-11
-1
13
-11
11
-13
6
0
-23
24
1
-9
3
-1
1
-1
0
2
-3
1
2
-4
0
5
-11
6
0
-2
-1
0
-1
1
0
-8
11
-5
-1
3
-4
-1
3
-3
0
0
-1
0
-2
8
-1
-26
22
1
-6
12
-12
8
-13
0
12
-24
32
-20
0
11
-15
9
-9
26
-51
58
-73
-20
182
-159
60
75
-262
198
-14
-95
246
-247
166
-52
-476
649
-60
-258
157
-108
54
-26
11
0
1
-8
-27
56
-322
743
-22
-1072
802
-315
245
-179
16
207
-250
307
-228
25
51
-175
199
-97
33
37
-50
19
-19
11
-6
10
-19
33
-26
3
2
-12
15
-13
21
-27
24
11
-51
28
-2
2
-1
-2
1
-2
2
-2
0
0
-2
6
-8
0
7
-7
1
-1
0
0
-2
-1
-1
8
-7
-1
7
-5
1
0
-2
3
-3
0
-1
2
0
-3
2
-29
49
-13
-24
26
-22
12
-18
10
-4
-2
25
-33
19
-11
6
-11
19
-21
48
-38
-34
96
-200
175
-50
-24
227
-307
249
-208
-19
178
-246
312
-802
1070
20
-744
321
-57
23
5
-6
0
4
-13
-17
43
-403
802
-23
-820
575
-341
354
-374
265
-75
-95
217
-271
358
-229
27
178
-362
238
-83
55
-31
14
-3
-4
7
-9
11
-13
7
-4
13
-14
7
-4
6
7
-30
31
-30
16
0
-4
1
-1
1
-2
3
-5
2
1
-6
5
-9
7
5
-10
1
0
0
-1
-3
8
-5
-9
8
-4
7
-3
-3
2
-2
1
-1
1
-1
4
-1
-17
29
-31
28
-8
-7
4
-9
14
-13
5
-8
12
-12
10
-9
4
3
-13
29
-56
83
-239
362
-178
-27
229
-359
270
-217
94
73
-267
373
-356
339
-577
819
21
-802
401
-44
13
11
-7
0
-5
5
-35
69
-510
858
237
-1124
630
-274
287
-281
107
84
-233
335
-383
414
-220
33
270
-470
199
-14
-5
30
-21
19
-35
48
-44
40
-35
24
-9
1
-6
2
13
-25
33
-29
5
3
-10
10
-3
-1
-1
-1
0
1
-2
-1
6
-9
9
-2
-17
13
1
-2
-1
0
0
2
-2
-13
15
2
-10
9
-7
0
1
-2
0
-1
1
0
1
-11
7
-3
-3
27
-32
24
-13
-4
5
-3
8
-24
33
-40
43
-48
34
-19
21
-32
6
12
-200
470
-271
-35
219
-415
382
-336
232
-85
-108
280
-288
274
-631
1122
-237
-858
509
-70
31
-6
1
0
-12
31
-82
142
-582
784
529
-1384
644
-143
85
62
-567
807
-342
-24
207
-259
270
-218
-36
110
-86
82
-33
9
13
-31
38
-39
36
-33
20
-1
-15
15
-9
4
-2
1
1
-23
46
-23
-9
6
-1
1
0
-2
1
-1
0
-1
2
-8
10
8
-21
1
11
-3
-2
0
2
3
-12
-2
21
-9
-11
8
-4
0
0
1
-2
-1
0
-2
1
-7
9
22
-46
22
-2
-2
2
-5
9
-15
13
1
-21
32
-36
39
-39
31
-13
-11
31
-82
86
-111
35
217
-270
258
-208
23
341
-809
565
-63
-86
141
-643
1382
-529
-785
580
-143
78
-32
7
0
-32
65
-125
173
-102
67
-195
273
-298
279
-213
151
6
-164
294
-166
-228
359
-368
115
422
-403
84
13
-42
37
-49
53
-26
-14
59
-79
70
-20
-16
12
-8
0
0
-1
3
-27
33
5
-23
9
-2
-1
0
-1
1
0
-2
1
-7
14
-7
-6
-4
17
-7
-3
1
0
-2
3
7
-18
5
4
7
-14
8
-3
1
0
-1
0
0
0
0
-10
23
-5
-31
26
-4
1
-3
-1
6
-14
15
18
-70
78
-59
13
26
-53
48
-37
42
-14
-85
405
-422
-116
366
-359
227
165
-295
163
-8
-153
211
-281
297
-273
193
-67
101
-174
122
-66
28
0
-46
75
-103
1
791
-1010
-150
552
61
-254
151
-67
-83
59
102
-295
562
-307
-195
178
-64
8
58
18
-82
57
-19
-22
34
-39
16
107
-120
1
32
-16
7
1
-2
-1
6
-3
-13
13
-7
6
-3
0
0
-1
1
0
-4
1
4
-6
2
-4
8
-3
-9
8
-2
0
1
-8
9
2
-8
3
-2
5
-6
-1
3
-1
-2
0
0
-1
4
-7
5
-13
11
2
-5
0
1
-1
-9
16
-32
-2
118
-107
-16
39
-34
21
18
-56
81
-17
-58
-8
64
-178
194
306
-563
294
-102
-61
82
66
-152
252
-64
-552
151
1009
-791
-1
101
-76
41
0
-40
64
63
-98
-380
483
290
-496
-8
141
-66
-55
291
35
-675
420
131
-82
1
-174
193
2
-69
48
-42
-27
49
-14
-10
38
5
-117
98
-5
-8
-5
6
-2
0
0
4
-13
9
-1
3
-7
3
-1
1
1
-2
1
-1
1
-1
-4
5
-1
-8
6
-4
0
1
0
-2
-1
3
-7
7
-1
-6
3
-1
-2
2
-2
1
-1
-1
1
-4
6
-3
-1
-9
14
-6
-1
-1
1
-4
5
7
5
-98
117
-5
-39
9
13
-49
25
41
-49
68
-1
-194
174
-2
81
-132
-420
673
-36
-292
53
63
-143
6
495
-290
-483
379
96
-66
-66
35
0
-28
22
98
-249
98
239
-321
141
83
-72
-39
-103
303
-205
96
-104
-123
303
-135
-233
316
-35
-68
-6
10
17
0
-26
7
12
19
-43
13
4
-4
2
0
0
-1
-3
10
-14
9
-3
0
-2
0
0
-2
-1
0
-1
-1
-1
-1
-3
5
-2
-6
6
-4
0
-1
0
0
-2
5
-7
6
1
-6
2
0
-1
0
0
0
0
0
0
-1
1
-2
2
-9
13
-10
2
1
-1
0
-3
3
-5
-14
42
-19
-14
-8
26
0
-18
-9
5
68
34
-316
233
134
-303
122
104
-97
204
-304
100
38
70
-86
-141
319
-239
-98
247
-100
-24
23
0
41
-76
47
14
-16
-32
-34
126
-68
-5
13
-28
-21
-6
123
-46
-62
19
22
1
-46
58
-28
9
-6
-1
7
-5
-1
-2
12
-17
2
6
-2
0
0
-1
0
0
-3
2
0
-2
1
-1
-1
0
0
1
-1
0
-1
1
-1
0
1
0
-3
-1
1
-1
-1
0
-1
1
-1
0
1
0
-1
-1
1
-1
0
-1
0
0
0
-1
-1
1
-1
1
-1
-3
3
-1
-2
1
0
-2
2
-7
-3
17
-13
2
1
4
-9
1
6
-10
28
-59
47
-2
-22
-20
62
45
-124
5
21
27
-16
4
66
-126
33
31
14
-15
-50
75
-44
0
31
-49
5
30
-17
-15
6
27
-34
22
-7
15
-33
34
-34
-32
78
-63
92
-68
23
-17
4
-9
9
0
-3
0
-1
3
1
-7
2
1
1
-1
0
0
0
-2
2
0
-3
3
-1
1
-1
0
0
0
1
-2
-2
1
-1
1
-1
1
-1
0
0
0
1
0
0
-1
0
-1
0
-1
0
-1
0
-1
0
1
-1
-1
0
-1
-1
-2
2
-3
3
-2
-3
2
-2
0
0
0
-2
0
-3
7
-2
-2
0
-2
3
-1
-9
9
-7
15
-23
68
-92
63
-78
31
35
-36
33
-18
5
-25
32
-28
-7
13
15
-31
-8
47
-35
0
-15
13
-19
4
37
-23
-14
17
-10
5
-10
-29
102
-118
103
-79
28
-8
7
-9
13
-5
3
-3
1
1
-3
3
-6
2
3
-5
1
0
1
-1
0
0
-2
0
0
1
0
-2
0
0
-1
0
-1
-1
0
-1
0
-1
0
0
-2
0
1
0
0
-1
-1
0
0
-1
0
0
-1
0
0
0
0
0
-1
-1
0
-2
0
0
1
0
-2
2
-2
-2
0
-1
1
0
-1
0
-1
-1
-2
4
-3
-3
4
-3
3
-2
-2
3
-3
5
-12
9
-6
8
-29
79
-105
116
-102
28
11
-8
8
-17
12
22
-40
-5
16
-14
10
0
-8
17
-19
26
-67
68
-38
44
-28
-7
26
-39
35
-4
-37
33
-20
31
-34
38
-34
6
8
-1
-4
3
-3
2
0
2
2
-9
3
1
1
-1
1
-1
-1
0
-2
-1
-1
-1
-1
-1
-1
-1
1
-2
1
-2
-1
0
-1
0
0
0
0
0
-1
0
-1
0
0
-1
0
0
0
0
-1
-1
0
-1
0
1
-1
0
0
0
0
0
-1
-1
-1
-1
0
-1
0
0
-1
-1
-1
-3
-3
9
-4
-2
-1
-1
2
-2
3
0
-9
-7
34
-39
33
-33
21
-34
36
4
-35
37
-30
6
26
-44
37
-69
67
-27
16
-20
4
0
-12
10
17
-36
42
-42
19
-4
7
-5
-30
41
-48
69
-61
23
-12
7
13
1
-18
3
7
-4
1
1
0
0
2
-1
4
-6
1
0
0
0
-1
-1
1
-1
0
0
-1
-2
1
-1
-1
0
0
0
-1
0
-1
0
0
0
0
-1
0
-2
0
-1
1
0
-1
-1
0
1
0
0
0
-1
0
0
0
-1
0
-1
-1
0
-1
0
-2
1
-1
-1
0
0
-1
0
-1
-2
-1
-2
-3
5
-4
1
-1
1
0
-2
0
3
-8
-3
18
-1
-14
-8
11
-23
59
-71
46
-42
27
3
-10
3
-20
40
-42
34
-19
-13
6
0
-4
7
3
-16
-27
61
-8
-38
16
-3
10
-14
7
8
-4
-18
15
-8
0
12
-9
-2
2
2
-1
-1
2
-2
0
2
-2
1
1
-3
0
-1
-1
0
0
0
-1
1
0
0
-1
0
-1
-1
0
-1
0
0
0
0
0
0
0
0
0
0
-1
0
0
0
1
-1
0
0
0
0
0
0
-1
0
0
0
0
0
-1
0
1
-1
-1
-1
1
-2
1
0
-1
-1
-1
0
-2
1
0
-1
1
-1
-1
1
-2
1
1
-2
-3
1
9
-12
0
6
-15
17
3
-10
-9
13
-12
0
-18
38
8
-61
24
13
-4
-10
2
0
1
1
-5
-5
14
0
5
-20
20
-15
-6
6
-12
16
-4
-2
1
-6
10
-11
3
4
-3
2
0
-1
-1
0
0
0
-3
4
-2
0
1
-1
0
-1
1
0
0
0
-1
-2
1
0
-2
0
1
-1
0
-1
1
0
0
1
0
0
-1
0
-1
-1
-1
0
0
0
0
0
0
-1
0
-1
-1
0
0
1
-1
0
-2
0
2
-1
-1
1
-1
-1
0
-1
-1
-1
-1
0
-2
-1
2
-4
3
-1
0
-1
-1
0
0
-2
2
-4
-4
11
-11
5
-2
2
3
-18
12
-8
5
12
-23
20
-5
-2
-15
5
3
-2
-6
0
-2
-3
6
-8
10
-5
-6
2
2
-2
6
-4
-30
28
-10
5
-1
-2
8
-15
22
-15
0
2
0
-2
2
-2
1
0
-1
0
1
-1
1
-2
1
0
0
1
-1
0
0
-1
0
0
-1
0
-1
0
-1
-1
0
-1
0
0
0
-1
0
-1
0
-1
-2
0
-1
0
0
0
-1
1
-1
-1
-1
0
-1
0
0
-1
-1
0
-1
0
0
-1
-1
-1
-1
-1
-2
1
-2
0
-2
1
-1
-1
1
0
-1
1
-3
2
-2
-1
-1
15
-22
14
-7
1
0
-5
9
-29
28
3
-9
0
-5
-4
7
5
-12
8
-9
2
-3
0
-2
3
-4
6
-22
21
4
-14
5
0
-7
5
15
-33
30
-16
-6
5
2
0
-1
0
1
1
-1
1
-2
1
-1
0
0
0
-1
-1
2
-2
0
0
0
0
-1
-1
1
1
0
-2
0
0
-1
0
-1
-1
0
0
-1
-1
-1
0
-2
1
-1
0
0
0
0
0
0
0
1
-1
0
1
-1
0
-1
0
-1
-1
0
0
0
0
-1
0
-2
0
0
0
-2
-1
-2
1
-3
-2
0
0
0
-1
1
-1
0
-1
1
-1
-2
0
1
-1
-2
-6
6
16
-32
30
-16
-7
6
-2
-6
13
-5
-23
20
-7
0
-3
-2
0
-3
1
-2
-1
4
-8
16
-18
4
0
-3
-5
18
-16
4
0
-2
-7
12
-6
3
-4
2
0
0
0
-2
1
1
0
0
0
1
-2
1
1
-1
-1
0
0
0
0
-1
0
1
-1
0
0
-1
0
0
0
0
-1
0
0
-1
0
-1
0
-1
0
0
0
1
-1
0
0
0
-2
0
-1
0
1
0
0
-1
-1
0
0
-1
0
0
-1
0
0
1
-1
0
0
-1
-1
-2
1
-2
0
0
1
-1
-1
2
-1
-1
0
-3
4
-4
6
-13
7
0
0
-4
15
-20
4
1
-1
-6
16
-18
7
-5
-1
0
-5
-2
0
-3
2
-1
5
-7
9
-33
37
-5
-3
-6
3
0
8
-29
20
-3
1
1
-5
7
-1
1
-1
0
0
0
-1
1
0
1
-2
1
0
0
1
0
-1
-1
-1
-1
1
0
0
0
0
-1
0
1
-3
2
-1
1
-1
0
0
-1
0
1
0
0
-1
0
0
0
0
0
-1
-1
0
0
-1
0
1
0
1
-2
2
-1
-1
-1
-1
0
-1
0
-1
0
0
-1
-1
0
-1
-1
-1
-2
2
0
0
-1
1
0
-1
-1
1
-1
0
-6
4
0
-2
2
-21
29
-10
-2
-5
4
2
3
-38
32
-10
7
-6
-1
-4
-1
0
-9
-25
2
42
12
-24
-13
5
6
-4
2
-8
-1
10
-4
-42
34
44
9
-38
-20
-34
22
31
-1
-10
-6
0
10
8
-11
-7
-2
5
3
0
-4
1
1
-2
0
-2
2
0
0
0
0
-1
0
-1
-1
0
0
-1
0
0
0
0
1
0
1
0
-1
0
0
0
-1
0
0
0
0
-1
0
1
-1
-1
-1
-1
-1
0
1
0
0
0
-1
0
-2
1
-1
-1
4
0
-3
-6
0
7
10
-9
-10
-1
5
10
0
-32
-22
33
19
38
-9
-46
-34
41
3
-11
-1
6
-3
2
-8
-6
12
22
-13
-43
-5
24
5
0
3
11
8
-7
-5
14
6
-26
-22
27
36
-23
-52
12
65
8
-73
-39
56
57
-28
-47
21
45
-23
-53
13
59
0
-57
-14
50
23
-41
-25
33
27
-29
-28
23
29
-18
-28
14
26
-12
-26
10
24
-8
-23
7
23
-6
-23
4
22
-4
-22
2
21
-1
-22
0
21
1
-22
-3
21
3
-21
-4
22
5
-23
-7
22
7
-24
-10
24
11
-26
-15
27
18
-29
-23
27
28
-26
-34
25
40
-23
-50
14
56
-1
-58
-13
53
23
-45
-22
48
28
-57
-56
39
72
-8
-65
-13
51
22
-37
-30
19
26
-6
-14
4
6
-10
-12
-4
