0
-1
-2
4
-6
8
-12
17
-19
15
-3
-2
-8
11
-13
14
-7
2
-1
1
-2
-6
7
0
3
-8
1
1
-3
6
3
-5
4
0
-7
3
0
2
0
-4
2
1
-5
1
7
-4
-2
0
2
0
-4
1
-3
-1
1
0
1
-4
2
0
0
-1
1
0
0
1
-1
0
-1
0
-2
3
-2
-1
-2
0
2
-3
3
-1
-2
0
1
3
-8
-1
5
0
-2
3
-2
-2
-2
-3
6
-1
-4
6
-4
-6
3
-1
-3
8
-4
0
-8
5
2
-1
-1
-3
7
-15
12
-12
6
0
1
-16
19
-17
12
-8
4
-6
0
-3
0
-6
9
-3
-31
67
9
-103
14
74
-27
5
-5
-46
39
49
-80
22
44
-46
-10
47
-18
-26
16
28
-30
1
18
-22
6
1
2
-8
12
-10
-4
8
3
-12
15
-12
-7
19
8
-42
32
-3
-8
6
-3
-2
1
5
-7
8
-5
-1
-1
0
0
-1
1
-1
0
0
1
0
-1
0
-1
1
4
-8
7
-5
-3
2
2
-6
7
3
-32
42
-8
-17
5
11
-15
10
-3
-9
3
9
-13
5
-3
-1
-6
21
-19
-2
28
-28
-16
26
18
-48
9
46
-45
-22
79
-49
-41
45
3
-6
25
-76
-15
104
-10
-67
30
-1
-10
1
0
0
-3
5
-7
31
57
-240
101
110
-54
17
-93
34
178
-102
-103
16
68
-19
12
-8
7
-63
58
-11
9
-15
-2
29
-19
-10
-4
23
-9
-12
7
0
0
0
-10
19
-2
-17
8
6
-12
6
3
-4
-1
2
-3
-3
2
1
-2
1
-2
-2
1
-1
-1
0
0
0
0
0
-2
1
0
-2
1
0
-4
4
2
-4
1
2
-4
-7
11
-7
-10
15
1
-19
8
0
-1
0
-7
11
7
-24
4
9
20
-31
2
14
-10
11
-59
63
-8
9
-13
18
-69
-16
102
101
-178
-37
91
-19
51
-112
-101
239
-58
-32
6
-8
3
-5
0
5
-4
-18
42
-105
56
81
-125
156
-115
42
13
42
-298
389
-331
116
133
-158
120
9
-94
86
-67
5
19
-25
1
34
-35
22
6
-1
-27
32
-27
-2
17
-4
-9
11
14
-39
34
-31
28
-16
7
-4
2
-3
4
-8
6
-7
5
-2
1
-1
-1
0
0
-1
0
-1
0
0
0
0
-1
2
-5
6
-8
7
-5
2
-2
3
-7
15
-29
29
-35
39
-16
-11
9
4
-18
2
27
-33
25
-1
-7
-23
35
-36
-2
26
-21
-5
67
-84
93
-10
-121
157
-133
-118
331
-391
295
-43
-15
-44
112
-158
124
-82
-57
104
-43
15
3
-9
0
-2
-6
16
-71
166
-343
561
-486
274
-90
-92
188
-290
440
-310
-46
-35
301
-326
303
-301
252
-171
134
-113
77
-34
-23
48
-27
20
-27
34
-46
37
-34
26
-9
-1
6
-14
17
-16
23
-34
24
-9
2
-4
6
-2
-1
-5
3
-1
-1
2
-1
-1
-1
0
-1
1
0
-1
0
0
-1
1
1
-3
2
0
-4
4
1
2
-8
3
-2
8
-26
33
-23
16
-19
13
-6
-1
9
-26
33
-38
45
-36
27
-20
26
-49
22
35
-78
113
-134
171
-253
301
-304
325
-301
34
46
309
-442
290
-189
89
88
-275
485
-562
342
-168
69
-18
5
-2
0
-5
12
-14
70
-231
218
-62
-158
331
-81
-81
-228
374
-297
-6
435
-512
408
-224
-19
294
-362
153
-29
-14
35
-42
34
-34
62
-74
54
-23
0
18
-35
34
-31
32
-40
53
-40
-2
54
-81
47
-13
1
14
-28
28
-20
13
-5
-7
13
-13
9
-2
-1
1
-2
0
0
-1
2
-2
1
2
-10
13
-13
6
4
-12
20
-30
28
-16
-1
10
-47
80
-54
0
38
-51
39
-33
28
-35
34
-19
-1
21
-54
73
-63
34
-34
42
-36
12
29
-154
362
-294
19
223
-409
511
-435
4
296
-376
227
80
80
-332
157
62
-219
230
-72
11
-14
0
0
-2
2
1
-56
228
28
-621
341
244
-178
-17
221
-205
-253
106
477
-492
353
-1
-316
-91
307
-23
-88
98
-57
-32
63
-93
30
36
-9
3
8
-26
4
11
-18
-3
13
7
-8
37
-31
-36
17
29
-23
14
4
-19
-7
16
-1
-5
13
-5
-10
1
3
0
-2
0
0
1
0
0
-4
-1
8
4
-14
4
2
-15
6
19
-5
-15
22
-30
-17
37
30
-38
7
-8
-14
4
17
-13
-5
24
-9
-3
9
-37
-31
93
-64
31
56
-97
88
23
-307
91
315
0
-353
491
-478
-107
251
204
-223
14
175
-247
-341
621
-29
-230
55
-3
-5
-2
0
3
-4
3
31
-114
248
-427
160
284
-291
163
-155
-89
716
-716
142
-127
312
-61
-191
263
-219
-44
88
54
-22
-37
-11
43
2
-34
-9
32
-3
-5
-23
-6
55
-19
-3
-79
52
102
-71
-39
10
13
26
-36
31
-26
-14
23
-4
16
-36
8
19
-6
-1
0
1
0
0
0
-1
2
1
5
-20
-8
36
-16
4
-26
13
25
-33
36
-26
-13
-9
38
70
-103
-53
81
2
18
-56
5
22
4
1
-33
9
33
-3
-44
10
37
21
-54
-89
44
216
-265
191
62
-313
127
-142
714
-716
86
153
-165
290
-287
-161
425
-249
113
-32
-6
3
-9
0
2
-1
1
10
-51
-128
415
-480
406
-234
107
-38
273
-744
882
-704
220
232
-378
362
-317
152
40
-68
62
2
-23
-42
94
-90
20
8
-23
11
38
-45
30
9
-34
2
62
-135
159
-138
77
-24
-3
-2
47
-69
65
-38
-2
20
-20
-1
16
-22
17
-6
-1
2
-2
0
0
-2
1
7
-18
21
-15
2
18
-21
2
37
-66
68
-49
1
1
24
-77
139
-161
134
-61
-3
32
-10
-31
44
-38
-13
23
-9
-20
89
-95
42
22
-2
-65
68
-40
-152
317
-363
379
-234
-222
703
-883
743
-275
37
-107
231
-407
479
-415
126
51
-12
-3
0
-5
0
-5
-1
6
-89
228
-382
452
-145
-135
221
-87
-318
608
-639
203
59
133
-189
128
-50
-47
125
-126
36
21
-33
35
-14
61
-160
150
-106
96
-58
27
-22
20
-22
27
-18
28
-55
79
-102
94
-64
34
-27
33
-26
11
-10
20
-24
19
-21
16
-11
6
-5
2
-1
0
0
0
1
-3
4
-8
9
-16
21
-20
22
-21
10
-11
27
-34
27
-34
64
-96
101
-81
56
-29
17
-27
21
-20
21
-26
58
-96
105
-150
159
-61
13
-36
33
-22
-37
126
-125
46
50
-128
188
-135
-59
-205
638
-609
316
86
-223
132
145
-452
381
-228
86
-9
-2
2
0
1
4
-10
-45
100
-33
-44
67
-7
-132
255
-169
-184
-1
338
-96
-19
130
-327
246
57
-258
47
137
-105
48
22
-90
29
127
-156
81
-5
-26
19
-5
-18
33
-43
5
46
-62
-16
86
-16
-30
36
-20
-28
28
-3
-34
44
-6
-24
23
2
-14
4
0
-2
1
0
0
-1
-2
2
0
-6
14
-3
-24
23
6
-45
35
2
-28
29
19
-38
30
16
-87
17
61
-47
-5
44
-33
18
4
-20
25
4
-82
155
-129
-30
89
-21
-49
104
-138
-47
258
-58
-246
327
-129
18
95
-340
0
182
168
-256
130
5
-67
42
32
-101
45
7
-5
-6
0
-3
-1
-14
-70
107
234
-624
461
-35
-37
17
-293
647
-817
587
-2
-34
-384
309
-104
-111
215
11
-12
-94
19
37
-33
-54
107
24
-73
-31
54
-18
-3
3
6
5
-9
-38
57
-12
-13
-11
27
-9
-11
5
4
2
-10
5
0
0
-6
10
-5
-1
1
0
0
0
0
-2
0
-1
-1
0
4
-11
5
-1
-1
-5
10
-3
-3
-5
10
7
-28
10
12
10
-56
36
8
-5
-7
-5
3
16
-55
31
72
-23
-107
52
33
-37
-19
95
11
-11
-216
111
105
-311
384
33
1
-589
816
-648
292
-18
34
32
-462
622
-236
-108
69
13
-2
-1
0
-13
3
27
-110
218
-285
91
231
-259
179
-63
-241
596
-938
618
69
121
-547
432
-289
372
-345
212
-170
100
-23
-20
4
68
-123
102
-26
-28
13
32
-66
56
-18
-29
61
-53
-7
52
-24
-21
44
-45
19
13
-35
21
4
-10
-1
10
-13
6
-1
-1
0
-1
-2
1
0
-1
1
-1
-1
0
1
-7
11
-11
0
9
-4
-22
34
-14
-20
42
-45
20
21
-52
5
53
-62
28
18
-56
64
-33
-14
27
25
-104
123
-69
-4
19
22
-99
169
-212
345
-373
289
-432
547
-122
-70
-619
936
-597
239
61
-181
257
-231
-90
284
-219
108
-28
-3
8
0
6
-11
12
-104
76
302
-194
-285
75
181
-84
-206
265
613
-829
-17
265
-74
5
-111
108
133
-158
-5
29
16
21
-48
-25
70
-28
-17
34
2
-15
-24
-9
38
3
-40
30
20
-20
-13
-4
17
-4
-14
11
14
-20
-7
25
-11
-3
3
-2
-2
1
1
0
0
0
0
0
0
-1
-2
-2
2
1
-3
3
10
-26
7
20
-15
-10
14
2
-19
3
12
20
-21
-31
40
-2
-38
8
23
16
-2
-36
17
28
-72
25
48
-21
-17
-29
4
156
-135
-109
111
-6
72
-265
17
828
-614
-266
203
84
-183
-77
285
193
-302
-77
102
-15
11
-11
0
0
-1
0
59
-60
-121
199
-148
208
-174
2
49
99
-315
318
-223
123
-23
-28
109
-78
-86
144
-112
65
1
-7
-49
99
-128
71
22
-56
42
-6
-8
7
-1
-3
-6
23
-19
9
-6
-1
2
-4
3
2
-4
-2
3
3
-7
5
-4
-1
2
-1
1
-1
0
-1
0
0
0
0
-1
0
-2
-1
3
-7
7
-4
-5
2
4
-4
-4
3
-2
0
6
-11
18
-22
6
4
1
-6
7
5
-42
54
-22
-72
127
-100
49
6
-1
-66
112
-144
86
78
-109
27
22
-122
222
-318
314
-100
-51
-3
171
-211
147
-199
119
59
-61
-3
1
-4
0
-9
16
-44
159
-97
-189
71
189
-116
0
62
57
-106
-165
220
-78
74
3
-182
225
-118
-9
56
-69
84
-63
15
23
-30
20
-5
9
-1
-18
6
4
-2
2
-8
13
-20
14
-9
7
-4
3
-3
3
-2
-2
-3
8
-2
-6
6
-6
4
-1
0
-2
-1
-1
0
0
-1
0
-1
0
-1
0
-5
6
-6
6
2
-9
3
1
1
-3
1
-4
2
-7
9
-16
20
-14
7
-3
2
-5
-6
18
-1
-9
5
-20
29
-24
-15
62
-86
68
-57
9
119
-226
183
-4
-75
78
-220
163
105
-59
-61
-1
115
-190
-72
188
96
-159
42
-18
4
0
4
6
14
-100
114
11
-155
150
16
-107
100
-129
78
38
-89
80
-87
137
-69
-131
173
-29
-40
-6
18
15
-15
4
-40
78
-52
3
11
-7
2
3
-5
2
-3
3
-4
2
-5
3
3
-4
3
-5
6
-6
2
0
-1
-3
2
-1
1
-1
0
0
0
-1
-1
0
0
-1
0
0
0
2
-1
0
-2
1
0
1
-2
5
-7
5
-4
2
-2
-4
4
-3
3
-4
2
-2
3
-3
-2
7
-11
-3
52
-78
39
-5
14
-15
-19
5
40
29
-174
130
68
-139
86
-80
88
-38
-79
128
-102
106
-19
-151
155
-12
-115
99
-16
-7
-9
0
-7
-2
15
-57
54
-3
18
-23
22
-71
110
-127
86
40
-205
241
-123
26
-16
24
-6
-20
16
-2
3
-4
11
-17
22
-31
29
-14
-1
1
2
-2
0
-3
1
0
0
0
2
-1
2
-2
-1
1
2
-6
4
-1
-2
0
0
0
-1
0
-1
0
0
-1
-1
0
-1
-1
0
0
0
-1
-1
0
1
-1
0
0
-5
6
-3
-1
0
1
-3
0
-1
-1
1
0
-1
2
-2
1
-4
-1
0
13
-30
31
-23
16
-12
4
-2
1
-16
20
6
-25
14
-27
123
-241
203
-40
-86
125
-112
69
-26
22
-19
2
-56
55
-17
2
2
0
-7
4
0
-27
40
-29
62
-67
10
1
-13
65
-99
110
-141
109
-36
11
-25
47
-44
31
-23
16
-5
2
-8
-1
15
-7
2
-4
3
-3
3
-4
3
-1
-2
3
-2
2
-5
4
-4
1
2
-1
-3
5
-5
2
1
-3
1
0
-1
0
-1
0
1
0
0
0
-1
-1
0
0
1
0
0
-1
-1
2
-3
-3
5
-6
3
1
-3
-1
3
-6
5
-3
2
-4
2
0
-3
3
-3
3
-5
3
-3
7
-14
1
8
-3
4
-17
24
-30
43
-47
24
-10
35
-109
140
-112
98
-67
10
-4
-13
66
-63
29
-41
25
-3
-6
3
0
-1
3
-9
14
5
-38
10
12
-9
7
24
-52
63
-49
-36
108
-57
-20
32
-41
46
-27
5
2
0
4
-9
10
-5
-3
0
12
-7
-2
0
-2
1
1
0
-1
-1
0
-1
-1
-1
-1
1
1
-3
-1
0
1
-1
-2
0
1
-2
0
0
0
0
-1
0
0
-1
0
-1
0
0
-2
1
-2
0
0
0
-1
-1
1
2
-2
0
-2
0
-1
-1
0
0
-1
0
0
-1
1
0
1
7
-12
1
3
6
-10
8
-5
0
-3
-5
27
-48
41
-32
18
57
-109
35
48
-64
51
-26
-10
6
-13
-12
36
-7
-15
7
-4
-4
0
0
0
-3
14
-45
103
-146
134
-67
7
8
-36
40
-6
-8
-11
18
-19
7
27
-33
9
-6
14
-9
1
0
-6
8
-13
7
8
-7
0
0
0
-1
0
0
0
0
-1
-2
0
1
-1
0
-1
-1
2
-4
1
-1
-1
0
0
0
-2
0
0
0
0
1
0
0
0
0
1
-1
1
-1
0
0
0
1
-1
3
-3
-1
0
0
-2
-2
-1
0
1
0
-2
0
-1
0
-1
0
-2
5
-9
-8
12
-9
6
-1
-3
8
-15
6
-9
32
-27
-8
18
-18
10
7
6
-42
36
-10
-8
64
-135
145
-104
45
-15
1
-2
-4
0
1
1
0
0
5
4
-30
6
-20
40
-20
46
-58
20
14
-30
6
1
28
-19
-10
9
-1
1
-3
7
-8
9
-11
3
7
-5
-2
0
3
-1
-3
1
0
0
-1
0
-3
2
-1
0
0
0
0
1
-1
1
0
-2
-2
0
-1
0
-1
0
0
-1
-1
0
1
0
0
-1
0
-1
0
-2
0
0
0
-2
1
-1
0
-1
0
0
0
-3
1
-1
0
-1
0
-1
1
0
-4
-1
0
4
-7
-4
11
-9
7
-7
2
-2
1
-10
9
18
-28
-1
-6
29
-14
-21
58
-47
18
-42
16
-7
29
-6
-6
-2
-2
-2
-4
0
-2
0
0
-14
35
-27
-18
50
-38
-1
25
-16
-10
-1
29
-41
24
-8
11
-5
3
-14
19
-9
-2
4
-4
10
-14
15
-12
4
-2
-1
1
-1
0
0
-1
0
1
-1
0
1
0
0
-1
1
0
1
-2
1
1
-2
0
0
-1
0
0
-1
0
0
0
0
-1
0
-1
0
0
0
0
-1
0
1
0
-1
1
-2
1
-1
0
-1
0
-1
0
0
-1
0
0
-2
-1
0
-1
1
1
-4
12
-16
15
-11
3
-4
2
9
-18
14
-4
5
-10
8
-24
41
-30
0
8
15
-26
-2
36
-50
18
27
-36
13
-3
-1
-1
0
-3
1
-3
-1
4
5
6
-6
-24
15
6
-16
18
-23
41
-40
4
21
-27
21
-12
10
-10
4
0
-3
6
-3
-1
-5
3
2
-4
2
0
-1
0
-1
-1
1
-2
0
0
0
-1
1
0
-2
-1
0
-1
0
-2
0
0
0
-1
0
0
0
-1
-1
0
0
0
0
1
-1
0
-1
-1
-1
0
0
1
-2
0
1
1
1
-1
-1
2
-1
-1
0
2
-1
0
0
-1
0
-2
-2
2
-3
-3
4
-1
2
-6
4
0
-5
10
-11
12
-22
27
-22
-5
39
-42
22
-18
14
-7
-18
22
6
-8
-7
-5
0
1
-2
-1
0
-1
-1
-1
1
-2
-20
39
-28
28
-29
5
5
-6
-8
23
-30
6
19
-6
-8
4
-2
5
-2
-2
4
1
0
-1
-1
2
0
-1
0
0
0
0
0
0
0
1
0
0
0
-2
0
-1
0
-1
0
-1
1
0
-2
0
-1
0
0
0
0
0
-1
-1
0
0
0
0
-1
-1
0
0
0
0
2
-1
-2
-1
-1
-1
0
0
-1
-1
0
1
-1
-1
0
-1
-1
-1
0
0
-1
0
0
-2
1
-1
0
-1
-4
1
2
-5
2
-4
8
5
-18
-7
30
-24
7
4
-6
-6
26
-30
28
-40
19
0
-2
-2
-1
-4
0
-6
1
0
0
-4
7
-11
13
-19
19
-9
1
-15
19
0
-22
13
6
-12
10
-6
-1
5
-1
-1
-4
7
-5
1
1
-4
1
0
-1
0
0
-1
-1
0
-1
0
0
-1
0
-1
1
-1
0
-1
0
0
1
-2
-1
-1
0
-1
0
-1
0
-1
1
-2
0
0
-1
0
0
0
0
1
-2
1
0
1
-1
-1
-1
0
-1
2
-1
0
0
-1
-1
-1
0
-2
1
0
0
0
-1
-2
-2
4
-2
-2
6
-7
4
0
0
-6
1
5
-11
11
-6
-13
21
-2
-22
13
-2
7
-20
17
-14
10
-7
2
-1
-2
-2
2
0
-1
1
-2
2
-3
-1
-4
2
10
-11
-7
15
-5
-6
5
-13
12
1
-4
5
-13
12
-9
9
-8
2
0
1
-2
-1
3
0
-3
1
1
-1
-1
0
-1
-1
-1
1
-1
0
1
-1
0
0
-2
0
0
0
0
0
-1
0
0
-1
0
-1
0
0
0
0
-1
0
-1
-1
-1
0
-1
0
0
0
1
0
0
-1
-1
0
0
0
-3
-1
-1
-1
-1
-1
0
-2
0
1
-2
-2
1
0
-3
1
0
-1
-1
-3
7
-10
8
-12
12
-5
3
-2
-13
13
-5
5
6
-16
6
9
-12
-3
3
-1
1
-3
-1
-1
-3
0
0
1
-1
0
-3
10
-13
6
6
-12
7
-5
4
-3
4
-10
-4
8
3
1
-3
-2
6
-4
3
-1
-1
2
0
-4
6
-2
-1
0
0
0
-1
-1
0
-1
-1
1
-1
1
-1
-1
1
-1
1
-2
-1
1
-2
1
0
-1
0
0
-1
0
-1
0
0
0
0
0
0
-1
-1
0
-1
1
0
-1
0
-2
1
0
-1
1
0
-1
0
-2
0
-3
0
1
-1
0
0
0
0
-1
0
2
-6
5
-1
-2
2
0
-3
4
-6
3
2
-1
-3
-8
2
10
-4
1
-6
4
-8
10
-8
-6
13
-11
3
-2
-2
-2
-4
0
1
-5
-1
14
-13
-7
9
16
-27
15
0
-2
-19
16
25
-43
15
7
-14
21
-15
-1
8
-4
-2
3
-2
1
-3
8
-10
13
-18
15
-4
-6
8
-8
6
-12
16
-9
2
-1
1
-3
3
1
-4
2
-1
3
-3
-4
7
-8
3
-1
0
0
-1
0
-1
0
0
-1
-1
0
-1
1
-5
6
-9
3
2
-3
0
-3
3
-1
-3
2
-1
0
-3
8
-15
11
-7
9
-8
5
3
-15
18
-13
11
-8
2
-2
2
-4
0
3
-9
2
15
-22
13
-8
-15
43
-27
-17
18
1
-1
-16
24
-17
-11
6
12
-16
-2
2
-5
0
-7
5
6
-13
2
8
-10
12
-4
-4
5
1
-13
-1
21
-31
17
-4
1
1
7
-15
4
11
-11
4
-1
-5
9
-8
2
2
0
-5
3
0
-4
3
0
-2
0
1
-1
1
-2
1
-1
3
-3
1
-1
-2
0
2
0
-2
-1
-1
0
0
0
-1
0
0
-1
-1
0
0
1
-1
-1
0
0
-3
0
1
-1
-2
1
-3
0
-2
1
-2
2
-3
1
1
-1
-3
4
-1
-4
2
0
-3
-2
7
-9
5
1
-5
10
-12
-4
14
-8
-2
-1
4
-18
31
-22
-1
12
-2
-7
2
2
-13
11
-8
-2
12
-9
-7
0
0
1
-24
56
-62
41
-32
23
-4
-6
-6
16
-12
3
-5
18
-30
30
-49
50
-23
10
-8
8
1
-9
7
-2
-2
-2
8
-2
0
-1
2
-2
2
-1
1
-2
4
-4
1
1
1
-2
1
1
-2
2
-3
2
-2
0
1
0
0
0
0
-1
1
0
-1
-1
0
0
0
0
-2
0
0
-1
0
-2
0
0
1
-2
2
-3
2
-1
-1
2
-1
0
-1
3
-5
0
-1
1
-3
2
-2
0
0
3
-9
2
3
4
-7
8
-2
-8
8
-11
24
-50
48
-29
30
-20
2
-4
12
-16
3
4
3
-25
32
-40
61
-61
23
-6
0
18
6
-17
-13
11
16
-4
-14
0
12
-1
-14
0
18
7
-20
-21
12
28
2
-26
-17
15
23
-3
-19
-7
11
7
-5
-7
1
2
-1
-1
2
0
-3
-1
2
2
-3
-3
1
2
-2
-1
2
2
-2
-3
1
2
0
-4
0
2
-2
-3
0
2
0
-2
0
1
0
-2
0
2
0
-3
-1
2
1
-3
-1
1
1
-3
-3
1
1
-2
-3
1
2
-3
-3
2
2
-1
-4
0
0
-4
-1
6
4
-9
-11
6
19
3
-23
-16
16
26
-3
-29
-12
20
19
-10
-21
-1
13
0
-13
-1
13
3
-16
-12
12
16
-7
-19
