0
-3
1
-2
1
0
0
0
-5
6
-4
1
3
-1
-4
2
1
-4
6
-4
3
-1
-1
0
2
-2
1
-1
0
2
-3
1
-2
0
0
-2
4
-3
0
0
-1
1
1
1
0
1
0
-2
1
-2
0
-1
-1
1
0
-1
2
-1
0
0
-1
0
0
0
0
-1
-1
-1
0
0
0
0
-3
1
0
-2
0
0
-1
0
-1
1
-1
-2
0
0
-1
-1
1
-1
0
2
-4
1
-2
-2
1
-2
3
-5
0
0
-1
1
-2
0
0
1
-3
5
-6
3
-1
-2
2
-1
-4
-1
2
-7
5
-1
-1
-1
-2
-1
-2
-3
0
-2
0
-1
-2
3
-7
6
-2
2
-2
3
-19
13
2
-4
1
-1
5
-4
-1
-3
1
3
0
-3
0
2
-1
-2
4
-2
2
0
-1
-7
8
-5
1
2
-2
1
-1
-1
0
-1
1
0
-2
2
-3
1
2
-1
0
0
1
-2
0
0
-1
0
-1
-1
0
-1
-1
-1
0
0
0
1
-2
0
0
1
-2
-1
3
-3
2
0
-2
1
-2
-1
1
-1
1
-2
-2
3
-9
7
0
-1
-3
2
-3
1
0
-3
0
2
-1
-3
-1
1
0
4
-5
1
-1
3
-4
-14
18
-4
0
-5
1
-8
7
-4
-1
-1
-1
-3
0
-2
1
-2
0
-4
11
-2
-7
-1
-7
6
10
-9
2
-1
-8
25
-20
-13
21
-4
-9
6
14
-18
6
2
-5
1
8
-10
8
-14
12
-3
-15
19
-7
2
-4
0
-2
0
0
1
0
-2
-3
5
-2
0
-1
2
-3
2
0
0
-1
1
0
-1
-1
0
0
0
0
-1
0
-1
1
-2
0
-3
3
-3
1
0
2
-5
2
1
-1
-1
-1
-1
1
-1
4
-4
5
-21
14
3
-12
13
-8
8
-9
-2
6
-2
-9
18
-15
-6
9
3
-22
12
20
-24
7
0
-3
9
-11
-7
4
0
6
2
-13
3
-1
0
-3
-3
0
0
0
-2
-2
4
-6
6
-3
-3
-3
3
39
-47
-16
29
-22
22
-8
37
-77
51
8
-37
16
-9
21
-16
17
-12
-4
1
4
-10
34
-53
46
-27
16
-13
9
-6
4
-8
0
9
-2
-6
5
1
-2
0
1
1
-3
3
-2
0
-2
1
-1
0
0
-1
0
0
-1
-1
1
-3
2
-1
2
-3
2
-2
-2
-1
2
-2
-6
5
2
-9
-1
7
-6
5
-9
12
-18
26
-47
52
-35
9
-4
-1
3
12
-17
15
-22
8
-17
37
-9
-50
77
-38
7
-23
21
-32
15
45
-40
-5
1
0
2
-6
5
-5
0
-2
-1
-3
0
-2
3
0
0
-13
17
-10
7
-17
21
-21
63
-57
1
2
-38
67
17
-97
38
41
-35
36
-40
0
11
12
-2
-21
18
3
-16
43
-61
16
17
-26
28
-16
6
4
-16
7
7
-14
16
-7
6
-2
-8
2
1
2
-1
3
-2
-3
0
2
-3
0
0
-1
0
0
0
0
2
-3
0
2
1
-3
0
-2
0
-3
8
2
-6
7
-16
13
-8
-6
15
-3
-7
15
-29
25
-19
-17
60
-44
16
-4
-19
22
1
-12
-11
0
40
-37
37
-42
-39
95
-17
-67
38
-3
-2
56
-65
19
-23
16
-8
9
-19
13
-2
-2
-4
-1
0
-1
0
0
4
-18
15
6
-3
-23
42
1
-62
70
-39
-25
78
-79
-50
105
-21
38
-5
-100
54
39
-47
-22
87
-37
-22
6
-21
49
-1
-73
111
-100
45
8
-25
8
3
-10
3
9
0
-4
-18
18
4
-11
6
0
1
-14
14
-11
3
-1
1
-2
1
-1
0
0
-1
1
-1
1
-4
11
-14
12
-3
-1
-7
11
-4
-20
18
4
0
-10
-4
8
-4
-10
25
-9
-45
97
-111
72
1
-50
20
-6
21
37
-87
21
47
-40
-54
101
5
-39
20
-106
51
78
-78
23
38
-72
61
-4
-44
20
2
-6
-16
17
-5
-2
-1
-4
0
-2
1
-1
1
2
-18
35
-39
15
11
11
26
-195
205
-60
3
-49
73
-83
87
-93
129
-94
100
-92
17
-21
75
-53
-19
29
-8
-16
-7
39
-63
99
-58
20
-18
-4
21
-27
24
-7
-2
10
-23
9
10
-13
22
-24
4
-1
5
-2
-1
0
0
-2
-1
-1
0
0
0
1
-1
-1
0
2
-6
0
-5
23
-22
11
-10
-10
23
-12
2
6
-26
25
-21
3
18
-21
57
-99
63
-40
6
16
7
-30
19
53
-76
21
-17
91
-100
93
-129
94
-88
82
-73
48
-3
58
-207
195
-28
-13
-13
-16
39
-37
17
-4
-3
-1
-3
-4
0
-4
0
-1
-5
7
-17
25
35
-63
-39
124
-122
72
-78
-5
-99
476
-419
73
-88
284
-171
-75
51
85
-128
56
51
-18
-24
-61
182
-195
142
-191
165
-16
-68
41
-3
-10
11
-3
-6
7
-6
1
-5
9
-17
31
-20
7
-11
8
-5
-1
2
-2
1
0
-1
0
0
-1
0
-1
-2
1
-4
0
5
-9
11
-8
19
-31
19
-11
4
-1
5
-9
5
2
-13
8
2
-43
68
16
-166
190
-143
194
-183
61
24
16
-52
-56
128
-86
-51
76
170
-285
87
-74
417
-477
98
4
77
-74
121
-127
37
61
-36
-26
15
-7
3
-2
-2
-1
0
-2
-2
2
4
-17
24
1
-20
3
-59
184
-214
224
-222
218
-361
203
90
-67
74
-47
98
-144
-119
194
17
-42
-32
-45
62
48
-359
533
-12
-405
212
-88
45
20
4
-5
-15
1
15
-22
21
-12
0
14
-22
9
8
-13
0
5
-2
0
-7
8
-3
-2
0
0
0
-1
0
3
2
-7
6
-2
1
-7
0
10
-9
-9
21
-16
-1
12
-21
20
-16
-2
15
4
-6
-21
-47
87
-212
403
11
-533
358
-50
-63
45
31
42
-17
-195
118
144
-98
48
-74
67
-91
-202
360
-220
220
-226
213
-186
58
-4
19
-3
-25
15
-5
-5
1
-3
0
-1
1
0
0
12
-46
64
-30
-5
-47
1
147
-149
25
44
-115
366
-258
-146
75
203
-364
460
-267
-101
134
6
-5
-36
131
-279
213
2
77
-94
-158
129
16
-21
22
12
-34
-14
50
-34
3
-3
-12
57
-64
-5
61
-38
1
-2
3
2
-1
0
-2
0
-1
0
0
0
0
0
0
-1
0
-1
-4
0
-2
37
-62
5
63
-57
12
2
-4
34
-50
13
33
-11
-24
20
-17
-129
157
93
-78
-2
-213
278
-133
36
4
-6
-133
99
266
-462
364
-204
-75
145
258
-368
115
-46
-26
149
-149
-4
45
3
29
-64
45
-12
-2
-4
-2
-3
0
-3
3
-4
8
13
-49
52
-28
-11
92
-220
206
-143
169
-225
-10
553
-591
248
-101
52
-110
182
-196
258
-193
-43
240
-212
76
-92
98
-16
-103
94
135
-245
200
-121
14
44
-53
47
-19
-14
17
-7
-11
25
-6
-31
41
-19
0
-7
20
-7
-8
-4
11
-12
6
-2
0
0
-6
12
-12
3
7
5
-20
6
0
19
-41
31
5
-26
11
8
-19
14
18
-47
52
-45
-15
122
-200
244
-135
-95
103
15
-98
92
-77
210
-240
41
193
-258
196
-183
110
-53
102
-248
592
-554
10
224
-170
142
-207
217
-93
9
27
-52
47
-15
-9
1
-4
-2
0
-1
0
-4
4
8
5
-7
19
-102
69
29
-32
65
-113
86
-218
338
-96
-30
-197
240
-257
338
-172
131
-87
-46
-23
95
-232
445
-403
85
59
166
-195
2
-18
39
-18
28
-14
-12
47
-51
17
-4
12
-22
0
13
12
-22
8
3
1
-7
0
3
-1
-1
0
-2
0
0
-1
0
0
-3
0
8
-2
-2
-10
22
-13
-14
-2
21
-12
4
-17
49
-48
12
14
-30
17
-41
17
-2
195
-168
-60
-85
402
-445
232
-97
23
46
86
-131
172
-339
258
-240
196
31
96
-340
218
-87
110
-66
30
-31
-70
99
-18
6
-5
-9
-5
1
-1
-4
0
-3
11
-13
6
10
-9
-52
65
-1
-16
28
-27
-27
2
84
-24
-104
114
-36
-48
20
-21
132
-161
-2
99
-21
16
-43
37
-55
78
-161
237
-209
186
-164
59
1
-6
18
-17
-1
13
1
-15
1
-1
-2
41
-51
-2
27
-32
54
-58
33
-7
-3
-3
3
-1
-1
0
0
-1
-3
3
2
7
-32
57
-55
30
-28
0
50
-42
3
0
-1
13
-2
-13
0
14
-17
5
-2
-60
163
-187
208
-237
159
-79
56
-38
44
-17
21
-99
3
161
-133
20
-21
47
36
-115
103
23
-86
-4
26
26
-30
15
-3
-66
50
9
-11
-7
12
-12
-2
0
26
-73
50
-60
193
-113
60
-347
443
-482
406
-108
73
-70
191
-352
243
-226
75
167
-168
149
-124
97
-97
50
-18
2
-2
-11
44
-21
9
-26
16
-27
30
-2
-4
-7
6
2
-6
1
0
-4
0
16
-16
13
-58
65
-12
4
-14
21
-37
17
-2
2
-1
0
-2
0
1
1
0
-2
1
-17
36
-21
12
-2
11
-66
57
-15
15
-17
0
3
-2
-1
6
-3
-7
6
2
1
-30
27
-16
25
-9
20
-45
10
2
-2
17
-49
96
-98
124
-151
168
-166
-75
225
-243
351
-193
67
-74
106
-407
480
-446
346
-60
111
-193
59
-52
71
-30
0
45
-110
88
-65
21
-25
73
516
-800
-100
313
829
-1261
319
-86
354
-60
-74
-53
68
74
8
-187
7
219
-143
5
-4
35
-24
13
-34
116
-214
146
34
-76
2
16
3
-6
-4
9
-5
6
-14
9
-5
-5
15
10
-40
5
20
37
-59
8
9
10
-15
2
3
-2
0
1
-4
-3
13
-9
-9
-9
57
-35
-22
-5
38
-8
-16
6
4
-9
13
-7
6
-9
2
4
-3
-15
-3
75
-34
-147
213
-118
33
-15
25
-36
2
-6
142
-220
-7
187
-9
-75
-69
53
73
60
-355
85
-321
1260
-830
-314
98
798
-516
-73
24
-22
64
-91
108
-49
0
29
-59
106
-206
-1
454
-137
-799
383
975
-770
-509
565
843
-1158
-359
907
-223
-180
499
-574
12
313
13
-231
106
14
-34
22
62
-150
4
245
-132
-168
84
163
-98
-114
113
65
-111
-32
86
39
-111
8
80
-14
-78
48
27
-43
21
6
-26
12
22
-21
-14
21
4
-19
0
18
-5
-22
14
21
-22
-13
25
-7
-22
44
-27
-49
76
15
-80
-8
110
-41
-86
28
111
-66
-113
114
98
-164
-84
167
132
-246
-4
150
-62
-22
34
-15
-107
230
-14
-313
-12
574
-499
179
223
-907
359
1159
-844
-566
508
767
-975
-384
797
137
-454
1
204
-110
57
-34
0
8
-22
38
-64
248
-748
-262
2530
-1866
-408
426
693
-828
191
75
121
-194
130
-123
-119
301
-64
-152
86
-32
147
-171
-57
286
-158
-150
178
-15
-145
266
-111
-228
240
104
-230
3
119
-72
38
69
-163
-21
244
-78
-177
80
61
-14
18
-36
-51
56
30
-40
-4
9
-3
0
0
0
1
-11
2
41
-31
-57
48
39
-18
13
-62
-81
176
77
-245
20
162
-69
-40
72
-121
-6
229
-104
-240
227
110
-266
143
13
-179
150
158
-286
57
170
-147
33
-87
152
64
-302
119
123
-131
193
-122
-76
-191
826
-693
-427
405
1861
-2528
263
747
-248
62
-41
20
-11
0
-17
34
-53
84
199
-608
369
19
70
-76
312
-1049
962
-835
910
-34
-341
-216
439
-486
437
82
-338
35
168
-52
-67
-98
209
-49
-2
139
-388
90
273
-167
113
5
-249
132
56
-66
153
-94
-150
143
-13
-7
99
-92
-102
125
-36
-23
121
-119
14
36
-34
16
-4
-4
11
0
-12
3
3
-16
33
-38
-15
118
-122
23
35
-125
101
92
-100
7
12
-142
149
94
-152
65
-56
-133
248
-5
-114
166
-273
-90
387
-139
2
48
-211
99
66
52
-168
-35
338
-83
-437
487
-439
215
340
34
-912
833
-963
1046
-313
73
-71
-20
-371
606
-201
-87
50
-36
13
0
-42
88
-133
200
-134
73
961
-2407
1398
228
-554
915
-529
-332
187
-44
101
219
-338
348
-308
205
-179
9
99
-70
33
-21
29
96
-140
101
-119
-132
289
-105
37
45
-136
71
-73
-12
129
-75
54
21
-153
109
-52
-21
141
-96
-6
66
-134
84
-8
-8
28
-26
2
1
-4
0
3
-1
-3
24
-29
6
6
-83
130
-67
7
95
-142
20
50
-109
153
-22
-54
75
-130
11
75
-72
135
-47
-38
104
-290
130
117
-102
140
-98
-31
21
-34
70
-101
-9
181
-206
308
-348
338
-220
-101
44
-188
330
529
-915
553
-230
-1398
2404
-961
-74
134
-200
129
-90
38
0
-57
118
-166
230
-334
376
807
-1971
1122
-261
-96
499
-831
1316
-574
-471
437
-381
363
-292
136
151
-208
213
-144
-15
45
-51
55
-41
26
-5
-5
23
8
-43
6
5
5
-4
-2
5
-3
2
0
-5
-2
8
0
2
-15
6
9
-21
21
-10
0
3
-2
1
1
0
-1
0
0
-1
0
-1
1
-2
-2
12
-23
21
-8
-6
14
-4
0
-9
2
4
0
-3
2
-5
2
3
-5
-7
-5
42
-10
-24
3
5
-26
41
-57
50
-45
13
143
-214
210
-152
-135
293
-363
380
-437
470
572
-1317
829
-500
94
259
-1122
1968
-808
-377
333
-231
165
-118
53
0
-31
54
-75
-16
136
137
-169
-127
46
64
-110
-79
-26
313
19
-122
45
-98
45
5
-82
20
-3
83
-28
-8
-15
18
-13
16
-25
19
31
-77
11
27
10
-17
9
-8
2
2
-8
10
-10
7
-3
3
0
0
-1
-5
-1
1
0
4
-5
1
-2
0
0
-1
-1
0
0
-1
-1
0
1
-3
4
-5
0
-1
0
4
0
-2
-1
-3
2
-8
11
-11
6
-3
-3
8
-10
15
-12
-27
-12
76
-31
-19
23
-16
13
-18
13
6
27
-83
1
-20
83
-5
-45
96
-44
122
-22
-315
25
77
107
-67
-49
126
169
-138
-138
14
71
-56
27
0
-4
1
5
-7
-5
7
17
-33
18
-44
50
-27
16
51
-62
-1
11
-14
26
-33
23
15
-19
-21
29
-3
-6
1
-2
2
-3
2
0
-8
16
-10
3
-3
4
-3
0
2
-1
-1
0
0
-2
1
1
-3
-1
5
-3
0
2
-2
-1
-1
1
-1
0
0
-1
0
0
0
-1
0
-1
0
-1
1
-3
1
1
-6
0
3
-1
-1
0
-1
-1
0
1
-2
0
2
-4
2
-4
10
-15
7
0
-2
2
-2
0
-1
6
2
-29
20
19
-15
-23
33
-26
14
-13
1
61
-51
-18
26
-51
43
-19
34
-18
-9
4
6
-8
-1
0
0
-3
4
-6
6
-9
8
6
-12
-6
32
-45
44
7
-88
68
-20
13
11
-15
-6
10
-16
20
-23
18
-3
-3
-2
5
-2
-1
1
0
-8
16
-12
1
3
-2
0
-1
1
-2
1
0
-1
1
-1
0
-3
1
-1
1
-1
-3
3
-2
-1
0
0
0
0
0
0
-1
-1
-1
0
-1
-1
1
-4
2
0
-1
0
-1
1
-1
0
-1
0
-1
-1
1
-2
0
-1
1
-2
-3
12
-18
7
-1
-2
2
2
-5
2
3
3
-19
23
-19
14
-10
5
13
-12
-14
19
-69
86
-8
-46
44
-35
5
12
-6
-9
8
-6
3
-5
-1
0
-3
3
-3
0
-4
14
-30
41
-30
14
4
-46
29
34
-32
3
1
-14
17
-1
-11
25
-17
-7
7
-1
3
-3
1
-3
3
-3
2
-1
-1
1
-1
-1
1
-1
0
-2
0
1
-1
-1
1
-1
1
-2
-3
3
-2
1
-3
0
-1
-1
0
0
0
0
0
0
0
0
0
0
-1
1
0
-2
3
-2
1
-4
2
3
-2
0
-2
0
-2
-1
-1
2
-1
0
-1
0
0
-1
1
1
-3
2
-3
4
-2
2
-4
1
-8
6
16
-25
11
1
-17
14
-2
-4
31
-36
-30
44
-4
-16
27
-41
29
-15
3
-2
0
-4
0
0
-2
0
-3
7
-5
2
-19
21
10
-33
13
2
11
-17
9
-16
11
0
4
-13
12
-7
4
11
-16
-2
8
1
-3
2
-2
2
-3
0
6
-4
-1
1
0
-1
1
-3
2
0
0
-1
0
-1
1
-1
0
0
0
-1
0
1
-2
-1
0
-1
0
0
0
0
1
-1
0
0
-1
0
0
-1
0
1
0
-1
-1
0
-1
0
-1
-1
0
-1
-2
2
-2
1
0
0
0
3
-8
1
3
-3
2
-2
4
-2
-7
2
14
-11
-4
7
-12
12
-4
-1
-12
15
-10
16
-12
-4
-15
31
-13
-22
19
-3
4
-8
1
-2
-3
0
-1
-1
-4
6
1
-15
11
2
-2
-7
5
-8
26
-45
28
3
-12
8
-8
9
-6
-2
5
-8
5
2
-2
1
0
3
-4
2
0
-1
-2
-1
-3
2
0
-2
1
-2
2
0
-3
1
0
1
-2
-1
1
0
-1
1
-3
3
-2
-2
0
-1
1
-1
0
0
0
0
0
-1
-1
0
0
-3
3
-2
1
-1
-1
1
0
-1
-1
-1
1
-1
-1
1
-1
2
-1
-2
0
0
0
-1
0
-2
3
-3
0
-2
1
-2
-4
7
-6
1
6
-11
7
-9
12
-3
-31
43
-26
6
-6
6
-2
-3
-11
13
-4
-8
1
0
-4
0
-3
3
-2
0
1
-1
6
-9
-3
6
-7
20
-25
11
-5
3
-1
-6
5
-6
10
-6
5
1
-4
2
-2
2
-2
-1
0
0
-1
3
-4
1
0
-1
0
0
0
-3
2
-2
1
1
-1
-1
0
-3
0
-1
0
-1
0
1
-2
-1
0
0
0
-1
1
0
0
0
-1
0
-1
-1
0
-2
-1
0
-1
1
-2
2
-1
0
0
-1
-1
1
-4
2
0
-1
-1
0
-2
-2
4
-4
1
-1
-1
0
1
-2
1
-3
4
-2
-4
7
-9
6
-5
5
0
-4
3
-14
24
-21
6
-7
2
7
-7
0
-2
0
-1
-2
-2
0
-3
2
0
-3
5
-8
14
-26
17
-2
9
-29
20
0
-3
-1
3
0
-3
-1
3
-2
3
0
0
-1
1
0
-1
-1
1
-1
0
2
-3
1
-1
1
1
-1
1
-2
-1
1
-4
0
1
-1
-1
0
-2
1
-1
1
-3
1
1
0
0
0
-1
0
-1
0
0
-1
0
0
0
1
-1
-2
1
-1
-1
-1
0
-1
0
1
-2
-2
2
-1
-1
0
-2
0
-1
-1
1
-1
3
-4
0
0
-1
-1
1
-1
-1
0
0
0
-3
2
-4
1
2
-1
-5
1
3
-1
-23
27
-10
2
-19
25
-15
7
-8
2
-2
-2
-1
0
-1
0
0
-4
7
-7
6
-2
-3
-1
1
-2
-1
9
-1
-9
2
2
-1
1
0
-6
1
4
-2
1
-2
3
-2
1
-1
1
0
-1
0
-1
1
-2
0
0
1
0
0
1
0
0
0
-2
0
-1
0
-1
2
-2
0
0
-1
0
0
1
0
0
-2
0
0
0
-1
-1
0
0
0
-1
-1
1
-2
1
-1
1
-1
1
0
-2
0
-1
-1
-1
0
0
0
1
-2
0
-1
0
-1
-1
2
-1
1
-3
2
-2
2
-4
-2
6
-3
-2
0
-2
-2
8
0
-10
0
1
-3
-1
1
1
-5
7
-6
3
-3
-2
-3
0
-1
1
-1
-1
0
0
-6
16
-10
-3
-2
10
-4
-1
-9
13
-8
1
1
0
0
4
-6
-1
3
-1
0
-1
1
0
1
-1
-1
2
-2
0
0
0
0
0
0
-1
1
-1
-2
1
0
0
0
0
0
0
0
1
-2
1
-1
0
-1
0
-1
0
-1
0
0
0
0
0
0
-1
1
-2
0
-1
-1
1
-1
0
-1
0
-1
-2
0
1
-2
1
-2
0
-1
-1
0
-1
1
-2
-1
0
0
0
0
1
0
0
-3
1
6
-3
0
0
-3
-1
9
-13
8
-1
4
-11
0
2
8
-17
6
-2
-1
0
-2
-2
-3
0
-1
1
-2
1
1
-3
2
4
-4
1
-3
0
10
-23
18
-16
13
-4
1
1
-3
4
-5
4
0
-1
-2
1
0
2
-1
1
-1
-1
0
1
-2
1
0
-2
1
0
-2
1
0
-2
-1
0
1
-1
0
-1
1
-1
-1
0
-1
-1
0
0
0
-1
-1
0
-1
0
0
0
-1
0
0
-1
-1
0
-3
1
-2
1
-1
0
0
0
-2
-2
2
-1
-2
1
0
-2
2
-1
-1
-1
0
-1
1
-2
0
-1
2
0
0
-4
5
-4
3
-1
-1
3
-14
16
-20
23
-11
-1
2
-3
2
-4
-2
2
-2
-2
0
-2
-3
0
0
0
0
1
1
0
-2
-1
0
0
-2
-2
0
1
1
-1
-2
0
1
1
0
-1
1
0
-1
0
0
0
0
-1
-1
0
0
0
0
-1
0
0
0
0
0
0
0
0
-1
0
1
0
-1
-1
1
0
0
-1
0
0
0
-1
0
0
-1
-1
0
0
0
0
0
0
0
-1
-1
0
1
0
0
0
-1
0
0
0
-1
-2
0
0
0
-1
-1
0
0
-1
-1
0
-1
0
-1
0
1
-1
0
0
0
1
0
-1
-1
-1
0
0
-1
0
1
1
-2
-4
-2
1
0
-2
-2
1
1
-1
-2
-3
-1
-1
-1
