0
18
-9
0
-8
3
11
-10
14
-9
-3
0
-5
8
-25
67
-96
74
-37
8
0
36
-56
24
-1
7
-6
-12
31
-15
-16
4
10
3
-4
-5
-14
25
-4
-10
27
-30
8
-3
2
7
-11
4
-11
19
0
-34
29
-3
11
-29
31
-14
-7
11
-8
4
1
-3
0
2
-1
-5
8
-13
7
15
-32
31
-12
3
-30
34
-1
-20
11
-5
10
-8
-2
2
-9
30
-28
9
3
-26
15
4
4
-3
-10
-4
15
14
-32
10
5
-8
1
-24
56
-37
0
-8
35
-74
96
-69
23
-10
3
-2
1
7
-14
9
-11
-5
6
-3
8
-22
0
42
-28
-2
20
-43
77
-65
13
6
0
-2
-1
5
-26
40
-35
58
-57
-8
41
-58
90
-60
16
-9
9
-21
32
-20
9
-8
-5
7
-2
-7
42
-67
40
-1
-3
-7
-2
5
2
0
-5
8
-23
37
-25
3
0
-6
18
-19
5
12
-18
15
-9
3
-2
-4
0
4
1
-4
8
-15
18
-11
-6
18
-18
7
-1
-3
23
-38
23
-8
4
-1
-3
-5
1
6
3
1
-40
66
-43
6
1
-8
4
7
-11
20
-33
21
-9
8
-16
59
-90
57
-41
8
57
-59
35
-41
25
-6
0
1
-1
-7
-13
64
-78
42
-22
-1
26
-47
0
42
-7
-18
-14
116
-194
123
-23
1
-24
28
-8
-2
-55
173
-240
194
-115
73
-108
116
-57
41
-12
-4
-25
31
-25
14
-9
20
-19
9
-5
19
-83
128
-89
48
-27
-17
21
9
-10
4
-14
14
16
-60
54
-27
14
10
-43
57
-43
4
28
-38
31
-14
8
-12
0
11
-9
12
-33
36
-28
-5
42
-58
42
-10
-14
29
-54
58
-16
-14
12
-4
8
-9
-23
16
26
-50
88
-128
82
-19
3
-11
19
-21
10
-14
24
-32
25
4
12
-41
57
-116
107
-74
114
-195
240
-174
54
1
6
-30
22
-3
22
-123
192
-118
12
13
6
-45
0
66
-35
-47
163
-150
-1
120
-165
69
102
-146
50
-24
118
-274
333
-224
155
-100
-106
238
-108
-21
24
15
-76
97
-66
-9
60
-44
18
-20
45
-91
159
-161
63
-16
-4
27
-10
0
3
-13
7
-8
31
-58
93
-99
41
17
-61
72
-33
-15
41
-52
54
-45
28
-15
0
14
-28
45
-55
52
-42
15
33
-74
60
-18
-42
98
-95
57
-31
9
-8
13
-3
-1
9
-28
4
15
-63
159
-159
91
-46
19
-19
44
-61
8
66
-99
75
-18
-25
20
108
-238
106
99
-155
224
-333
272
-119
23
-52
143
-104
-71
165
-120
0
150
-165
44
34
-70
0
122
-172
85
27
-91
121
-201
283
-230
90
-24
2
28
73
-37
-178
-17
351
-314
247
-321
312
-182
25
47
-75
61
25
-66
88
-145
172
-101
-47
184
-269
235
-105
18
2
-5
-12
16
-9
9
-24
48
2
-137
140
-25
-24
7
44
-88
85
-65
46
-38
33
-29
14
2
0
-4
-14
27
-33
37
-47
63
-86
88
-46
-7
23
25
-141
137
-3
-49
24
-10
8
-17
12
3
-3
-21
105
-236
268
-185
47
100
-172
145
-88
65
-24
-62
74
-47
-26
181
-312
322
-248
312
-351
16
177
36
-74
-30
-3
22
-91
228
-282
199
-121
90
-28
-88
170
-127
0
108
-192
229
-394
461
-279
138
-94
146
-209
138
8
20
-365
738
-742
446
-297
317
-480
697
-616
304
-125
111
-111
125
-180
214
-195
201
-209
160
-96
86
-190
228
-123
57
-37
14
-8
2
-1
-23
49
-50
58
-12
-113
163
-127
88
-67
66
-53
26
-19
16
-7
2
0
-4
0
4
-1
-3
8
-15
19
-27
52
-68
68
-88
127
-165
113
11
-59
49
-50
23
0
-2
5
-14
36
-58
123
-229
189
-87
94
-161
209
-202
196
-216
180
-126
109
-111
124
-305
617
-700
480
-317
296
-447
741
-740
362
-22
-10
-140
206
-147
93
-138
278
-461
393
-230
189
-113
0
30
-32
-20
228
-445
309
20
-219
299
-329
246
-75
261
-660
187
691
-774
322
-99
95
80
-245
212
-145
103
7
-112
164
-178
83
9
-54
72
-94
205
-258
145
-14
-60
50
-3
-8
-3
-3
-9
39
-28
-45
204
-215
4
68
-18
7
27
-56
36
-5
-16
2
12
-3
-9
0
8
1
-12
-3
15
5
-37
56
-28
-7
16
-67
-4
215
-204
44
28
-39
8
2
2
7
2
-51
60
13
-146
257
-205
93
-72
53
-9
-83
176
-164
113
-7
-104
145
-211
244
-83
-95
97
-322
773
-692
-189
658
-262
74
-247
328
-301
217
-21
-309
443
-229
16
30
-35
0
-68
159
-225
147
237
-485
122
296
-297
23
220
-251
340
-138
-445
198
666
-733
88
348
-438
218
175
-245
181
-183
-42
163
66
-162
28
60
-61
39
-47
4
62
-78
53
2
-14
-9
11
-12
15
-20
11
59
-71
-68
103
-4
-55
49
4
-25
-7
23
-5
-14
7
-3
2
0
-4
2
-7
14
4
-24
7
24
-4
-49
55
5
-102
67
71
-60
-10
19
-17
11
-14
9
14
-3
-53
76
-62
-4
46
-40
58
-61
-29
162
-68
-163
40
183
-181
245
-175
-220
438
-349
-88
732
-668
-199
443
136
-341
250
-220
-24
294
-296
-122
484
-238
-147
222
-160
64
0
-115
167
42
-389
181
288
-206
16
-193
204
45
-231
246
522
-826
43
-158
599
-116
-541
408
181
-209
-63
197
-139
-160
99
135
18
-141
53
-5
42
-54
-5
107
-120
13
43
-32
9
3
-2
-1
1
11
18
-66
26
20
20
-33
-36
57
1
-8
-24
15
-13
11
2
1
0
0
-3
-12
14
-17
23
7
-3
-57
35
32
-21
-20
-26
66
-18
-12
-1
1
1
-3
-10
31
-44
-14
119
-107
4
53
-42
5
-54
140
-17
-135
-100
161
140
-198
62
208
-182
-408
541
115
-600
157
-43
825
-523
-247
228
-48
-206
190
-17
206
-289
-183
386
-46
-168
109
0
-75
0
69
316
-449
78
-112
66
308
-296
85
-208
315
208
-331
-1
-257
275
-55
187
-55
-264
191
17
130
-297
87
52
-78
165
-33
-88
40
14
-56
94
-74
-6
16
17
-17
7
-5
0
-1
1
-7
-2
3
73
-57
-24
-26
39
5
27
-38
-2
8
0
-2
-8
13
0
-13
7
1
-2
-10
1
37
-28
-7
-39
26
24
56
-74
-3
2
6
-2
0
0
2
-7
15
-17
-16
4
73
-94
54
-15
-39
87
33
-166
79
-52
-86
297
-130
-18
-192
265
56
-188
53
-274
256
1
330
-209
-315
206
-87
294
-310
-66
111
-78
448
-316
-72
-1
70
0
29
-95
23
-165
319
-197
213
-124
123
-188
-125
198
-242
111
250
-178
224
-157
86
-161
-101
110
-33
79
15
-10
-23
-5
76
-85
-40
44
28
-35
-36
65
-69
113
-81
33
-22
8
1
-2
0
4
4
-35
25
-83
119
-59
42
-51
59
-43
18
8
-25
10
-5
-1
5
0
-6
2
4
-10
24
-9
-19
43
-58
50
-43
57
-119
82
-26
35
-4
-4
-1
0
-2
-9
19
-34
80
-113
68
-65
35
33
-29
-45
39
85
-77
4
23
10
-15
-80
32
-109
100
161
-87
157
-224
178
-252
-113
240
-200
123
185
-126
122
-213
197
-321
163
-25
93
-32
0
52
-52
-3
-19
-68
105
136
-62
-190
186
-231
38
-177
492
-171
-19
-39
106
-147
-32
171
15
-128
18
-7
31
-43
-29
58
-9
9
-2
-5
8
5
-1
-38
38
-8
-5
11
-7
-2
-2
-7
2
13
-27
53
10
-64
43
-31
-4
18
-2
-2
2
2
-13
1
5
2
0
-3
-5
-1
12
-2
-3
2
0
-18
3
32
-44
62
-11
-53
27
-14
-2
6
2
3
7
-12
4
9
-38
38
0
-7
-9
5
2
-9
9
-61
28
42
-32
6
-19
127
-15
-171
31
147
-106
37
19
169
-492
175
-40
229
-188
189
62
-135
-105
66
17
0
50
-56
0
14
-47
53
134
-46
-330
150
54
58
100
-337
-264
1063
-707
157
-203
333
-394
222
44
-93
-62
78
80
-174
268
-53
-115
-235
298
-86
60
-72
77
-13
-40
15
-21
26
-12
-5
10
-3
-2
1
5
-15
-7
-40
112
-17
-29
-13
-10
27
0
-10
-18
10
-3
9
-1
-4
0
5
0
-10
2
-12
18
8
0
-29
8
13
28
15
-113
39
6
14
-5
-2
1
1
-11
4
11
-26
21
-17
39
13
-77
70
-60
86
-300
235
115
53
-267
173
-80
-77
63
93
-44
-221
394
-335
202
-158
705
-1065
262
335
-101
-61
-55
-150
329
45
-136
-55
45
-19
0
-41
40
-11
-196
28
663
-505
-22
170
-77
-318
357
-306
290
-171
277
-51
-305
124
287
-354
-37
198
-76
43
-241
437
77
-546
284
-83
71
2
-48
13
21
3
-7
-10
6
-9
17
-1
2
6
-10
-18
-37
9
109
-31
-76
35
1
-21
22
10
-6
-13
13
-20
20
-9
0
8
-22
20
-13
12
4
-9
-23
19
-2
-35
75
31
-110
-10
37
18
9
-6
-1
-2
-18
8
-7
11
6
-4
-21
-15
47
-2
-71
82
-286
546
-77
-438
239
-43
75
-198
36
355
-287
-125
305
50
-277
170
-291
303
-359
317
75
-172
21
505
-665
-29
193
9
-41
35
0
-55
110
-72
309
-382
-271
560
-127
77
-160
-131
307
-244
132
-1
-258
76
373
-154
79
-432
300
7
-7
32
-43
-458
908
-514
-40
102
-4
-24
70
-58
-15
-9
36
-11
5
-4
-3
-3
-4
-8
33
24
-46
-90
174
-16
-154
78
7
55
-80
4
45
-24
-8
8
-2
1
0
-1
3
-8
7
23
-44
-6
79
-57
-9
-78
152
16
-176
89
46
-24
-34
8
4
1
1
2
-7
10
-37
10
15
56
-69
22
3
-103
41
515
-910
457
42
-32
7
-7
-301
433
-79
154
-375
-76
258
0
-133
243
-307
129
158
-76
126
-561
270
380
-310
69
-111
51
0
11
88
-14
-390
398
89
-432
260
214
-123
-268
-140
860
-626
-206
525
-445
423
-271
244
-448
321
-56
18
-34
-93
402
-924
1147
-581
-40
125
-64
76
-44
-42
69
-22
-19
16
-2
-3
1
-3
8
0
-27
1
109
-187
130
5
-77
26
51
-59
15
27
-44
28
-6
-3
4
0
-5
4
5
-30
44
-28
-15
58
-51
-27
77
-4
-131
187
-109
-2
27
0
-10
3
-3
4
1
-17
16
22
-70
41
45
-79
65
-126
40
581
-1150
925
-403
93
34
-18
57
-322
448
-245
270
-425
444
-526
204
624
-860
138
268
120
-215
-260
431
-91
-398
388
12
-90
-15
0
92
-104
-123
402
-641
890
-588
-138
468
-219
-91
-99
113
126
95
-311
296
-265
131
111
-340
325
-148
1
122
-247
335
-345
245
-28
-100
40
28
-61
63
-22
-10
27
-21
3
6
-4
-10
14
-5
-25
63
-82
48
34
-79
75
-57
33
-24
18
-13
10
-10
6
1
-4
-2
0
2
5
-3
-8
10
-11
12
-19
23
-33
57
-76
79
-36
-48
82
-63
25
4
-14
7
4
-7
-4
21
-28
10
22
-64
61
-30
-40
99
28
-246
345
-334
246
-122
-1
149
-326
340
-113
-132
265
-297
311
-96
-127
-115
96
89
218
-471
137
586
-891
639
-403
121
102
-95
0
96
-216
227
-232
591
-1101
954
-416
62
85
-1
-149
293
-206
-96
231
-184
3
127
-35
-121
47
84
-61
-1
96
-222
381
-372
132
26
-23
15
-53
61
-37
40
-46
31
-17
10
-4
2
2
-12
12
2
-14
-49
130
-140
138
-109
57
-47
52
-30
9
0
-14
25
-18
4
0
-4
18
-26
14
-1
-9
30
-53
48
-58
108
-139
138
-130
49
13
-2
-12
10
-3
-1
2
-10
16
-33
47
-40
36
-61
53
-16
23
-25
-134
373
-382
222
-96
0
61
-83
-47
122
35
-129
-3
183
-232
95
205
-294
147
-1
-87
-64
414
-953
1098
-592
230
-229
214
-99
0
14
-9
9
90
-398
524
-352
211
-177
-228
739
-677
656
-614
190
4
-132
309
-129
-35
-26
-12
32
10
-27
26
-1
-4
-60
104
-37
-12
13
-11
-4
12
-1
-4
5
-15
17
-11
8
-5
9
-34
53
-46
-5
46
-49
36
7
-38
35
-16
-21
30
-6
-11
8
-2
-1
0
0
1
-8
10
4
-30
22
15
-35
37
-9
-37
48
-47
3
46
-54
33
-11
4
-9
10
-18
14
-5
3
0
-13
4
11
-14
12
38
-104
61
4
-1
-27
28
-10
-32
11
26
34
128
-309
132
-4
-191
611
-657
675
-740
226
175
-211
351
-524
397
-92
-12
6
-17
0
-115
222
-307
177
300
-364
-121
393
-323
-147
627
-644
377
-19
-159
52
163
-206
146
-114
-14
73
-12
-4
32
-99
-28
260
-197
16
20
-9
-4
31
-31
-10
21
-11
10
1
-11
8
-6
4
0
-7
10
3
-29
31
-3
-8
-17
34
-15
-22
20
-2
3
-5
1
0
0
0
-1
0
0
5
-4
1
-20
22
14
-35
16
9
4
-32
28
-3
-11
6
0
-4
7
-9
11
-2
-10
10
-22
10
29
-32
2
8
-21
-17
198
-260
28
99
-31
3
13
-74
14
113
-145
205
-164
-52
157
18
-379
641
-625
144
321
-393
121
362
-301
-179
305
-223
112
0
-16
-15
8
-96
204
18
-192
69
-46
-156
387
-7
-194
50
-74
79
23
-151
152
-86
7
23
-14
-14
68
-78
25
-64
171
-100
10
-12
12
-18
17
-1
-15
18
-14
8
-1
-5
-3
6
-11
11
8
-23
16
-15
27
-26
19
-21
8
9
-10
3
-2
0
-2
0
-1
0
-1
0
1
0
-1
-4
8
-11
-9
22
-20
25
-26
15
-17
23
-9
-12
11
-7
2
4
-1
-9
16
-18
13
0
-18
18
-13
12
-9
100
-172
64
-26
78
-67
13
14
-24
-6
86
-153
150
-24
-79
75
-51
193
6
-389
154
44
-70
192
-18
-206
95
-10
13
11
0
-31
6
-10
149
-171
-103
201
-39
-41
-32
164
-378
497
-221
-26
8
70
-113
-33
126
-38
-13
8
3
6
-32
-46
76
49
-26
-52
14
8
-21
18
-1
-3
2
-4
3
-5
3
0
1
-2
1
2
-11
11
4
-11
10
-6
-6
3
8
-10
3
-2
2
0
0
-2
0
1
0
-1
-2
3
-4
9
-9
-4
5
5
-9
10
-5
-11
10
-3
-1
1
-1
-1
-4
5
-4
2
-2
1
0
-17
21
-10
-15
52
27
-49
-77
46
32
-7
-4
-8
12
37
-126
31
114
-71
-9
26
219
-498
376
-165
29
39
39
-200
100
170
-150
7
-7
26
0
-7
7
-88
193
-116
-6
46
-32
-16
9
-45
-35
142
34
-124
33
-35
104
-87
31
-30
30
-31
25
-19
41
27
-97
-25
95
-26
0
0
-4
5
-6
1
0
0
-1
3
-4
1
2
0
-2
-2
4
-6
6
0
-9
6
-7
6
-6
3
0
-1
1
-1
0
-1
0
2
-1
1
-2
0
0
-4
5
-6
7
-7
7
0
-7
6
-5
1
0
-1
-2
0
2
-4
0
-1
-1
-1
6
-6
3
-1
-1
24
-96
23
96
-28
-41
20
-26
31
-31
30
-32
85
-105
34
-34
123
-36
-142
33
44
-11
15
31
-48
6
117
-194
86
-8
2
0
3
-4
10
-47
-6
82
-35
-27
27
-3
-76
166
-126
47
-31
33
-46
8
6
36
-31
8
3
-6
-2
13
-9
-4
-12
29
-16
7
-3
-2
5
-5
-1
-2
3
0
1
-1
-1
-1
1
-2
1
-3
6
-7
1
-1
0
3
-3
1
0
-1
-1
0
0
0
0
0
0
0
0
-1
0
0
-1
-1
2
-4
0
2
-2
5
-8
2
-2
0
-1
1
0
0
-2
0
-4
2
-1
5
-7
0
2
-7
15
-29
12
3
9
-13
1
6
-2
-7
32
-37
-6
-9
46
-34
28
-49
125
-167
75
0
-28
27
33
-84
4
47
-14
3
-8
0
2
-7
-6
30
-35
69
-86
39
-6
3
-21
52
-56
-12
69
-63
67
-83
62
-1
-30
16
1
-8
5
-8
1
25
-2
-19
5
-3
4
-4
6
-3
1
-3
2
-1
0
0
0
-1
1
-2
0
0
-1
0
-1
-1
1
-1
-1
0
-1
0
-1
0
0
-1
0
0
0
0
0
0
0
-1
0
-1
-1
0
-1
0
1
-1
0
0
-1
0
-1
0
-1
-1
-1
0
-1
2
-4
3
-8
2
-5
3
-5
19
2
-26
-1
7
-5
8
-1
-17
29
1
-62
82
-67
63
-70
10
57
-54
20
-5
4
-40
85
-69
34
-32
4
6
-6
0
8
-4
7
-41
21
20
-20
25
-21
1
1
-64
101
-27
6
-25
-7
21
-22
30
-16
5
-3
-2
3
-2
10
-37
33
1
-9
1
2
-6
5
-1
2
-2
0
0
-2
0
-1
0
1
0
0
-1
0
-1
0
0
1
-1
-1
1
0
0
-1
0
0
0
0
0
0
0
0
0
0
0
0
-1
0
0
-1
0
0
0
-1
0
-1
-1
-1
1
0
-2
0
-1
0
1
-1
0
-4
5
-2
-1
10
-2
-33
36
-11
2
-5
2
3
-5
16
-31
22
-23
6
24
-7
27
-102
62
-2
-3
19
-26
19
-21
-23
39
-10
2
-12
0
5
-5
-7
76
-66
-55
54
18
-27
2
22
-32
38
-37
10
0
1
6
-25
25
-11
10
-10
8
-6
0
10
-29
18
0
-1
1
-3
1
0
-3
4
-4
0
0
0
-1
0
0
-1
0
0
0
-1
1
0
-1
-1
-1
-1
0
0
-1
0
0
-1
0
-1
0
0
-1
-1
0
0
0
0
-1
1
-2
1
0
-1
-1
0
0
-1
0
0
-1
-2
0
-1
-1
-2
2
-6
2
1
-3
2
-2
2
-1
-20
28
-12
0
5
-8
9
-11
10
-25
25
-6
-2
0
-13
36
-39
31
-24
-4
26
-19
-56
54
64
-76
3
4
-8
0
-4
11
11
-56
26
17
9
-19
1
-8
15
10
-56
64
-38
-2
20
-14
9
-1
-5
4
0
-3
1
2
-6
10
3
-17
8
1
2
-4
1
3
-3
-1
0
0
-1
-1
-1
0
-1
0
-1
-1
0
0
1
-1
-1
-1
0
1
0
-1
0
0
-2
0
-1
0
-1
-1
-1
0
-1
0
1
-1
-1
0
-1
0
-1
1
-1
0
1
-2
-1
-1
-1
0
0
-1
-1
0
1
-3
-1
3
-3
-1
-8
17
-4
-10
4
-2
-2
2
0
-5
5
1
-9
14
-20
1
37
-65
54
-11
-16
6
-2
18
-9
-18
-28
55
-13
-14
-1
0
1
5
-12
16
2
-20
8
3
-2
-2
-1
5
4
1
-24
30
-24
3
-1
10
-9
4
1
-3
2
-1
0
-2
5
-5
0
4
-4
2
0
0
0
0
0
0
-1
-1
-1
0
-1
-1
0
0
0
0
1
-1
-1
-1
0
1
0
0
0
-1
0
0
0
0
0
0
-1
0
0
-1
0
-1
0
1
1
1
-1
0
-1
-1
-1
0
0
-2
0
-1
-1
0
0
-2
-1
-1
0
-3
3
-5
0
5
-5
2
0
1
-3
2
-1
-5
9
-11
0
-3
23
-31
22
-3
-6
-7
0
1
2
-4
-9
19
-3
-17
10
-6
-6
0
2
-6
2
29
-58
44
-24
10
0
-11
5
18
-9
-33
34
-18
13
-2
4
-10
-3
6
0
1
-1
3
-6
9
-9
3
-2
2
-1
-2
3
0
0
0
-1
-1
-1
1
-1
-1
-1
0
-2
0
-1
-1
0
0
-1
0
0
-1
0
-1
1
0
-1
-1
-1
0
-1
0
-1
0
-1
0
0
0
0
-1
0
0
-1
1
0
-1
1
0
-1
1
-1
-1
0
0
0
0
0
0
-5
1
-1
-3
1
-4
9
-9
5
-3
1
-1
-1
-6
3
9
-4
0
-13
17
-36
31
8
-20
-6
9
0
-11
23
-45
57
-30
-5
6
-6
0
1
-3
-2
-11
32
-22
-5
7
2
-12
12
-17
16
6
-10
0
-3
7
-3
-1
-7
9
-3
0
0
-3
6
4
-14
8
1
1
0
-3
3
0
-1
0
0
0
1
0
0
0
0
-1
0
0
-1
0
-1
0
0
0
0
-1
-1
1
-1
0
0
-1
1
0
0
0
-1
0
1
-1
0
0
-1
0
0
-1
0
0
0
0
-2
0
-1
0
-1
0
0
0
0
-2
0
0
-2
3
0
-2
-1
-8
13
-4
-6
3
-1
-1
2
-10
7
1
3
-8
1
0
8
-8
-18
15
-14
10
-3
-8
5
20
-34
10
-2
1
-6
0
-1
2
3
-1
-4
-1
2
0
-5
-2
5
6
-2
-6
-4
2
1
-1
0
3
0
-2
-2
1
0
-1
-1
2
2
-2
-2
0
1
-1
-1
0
0
-1
-1
0
1
-1
-1
0
0
0
-1
1
0
-1
-1
0
1
0
-1
0
1
-1
-1
0
-1
0
-1
0
0
-1
-1
-1
0
0
-1
-2
0
1
-1
0
0
0
-1
-1
0
0
-1
-1
0
1
-1
-2
0
1
-1
0
0
1
-1
-1
1
0
-2
-1
0
1
-2
-2
1
1
-1
-2
-1
0
-2
-2
2
5
0
-8
-6
1
3
-1
-4
-1
3
0
-4
-4
-2
