45
-33
-2
-6
-1
-9
1
-3
1
-2
-2
-7
9
-7
-14
20
-14
-21
-1
64
-55
-3
20
-14
5
1
-8
3
-1
-4
-1
2
-2
0
-1
0
0
1
0
-2
0
2
-1
1
-1
-1
1
2
-1
-1
0
0
-1
-2
4
-2
1
-3
0
-1
-1
0
-1
0
0
0
-1
-1
0
-1
0
-2
1
-3
5
-1
-1
1
1
0
0
2
1
0
-1
0
0
2
-1
-1
1
1
0
0
0
0
-2
2
0
-2
0
6
-5
2
6
-14
21
-2
-55
62
-1
-20
-13
23
-10
-4
11
-4
1
-1
2
0
4
-6
2
0
1
-23
68
-40
-7
-3
-3
1
-8
-2
-7
5
-11
11
-15
-8
11
-16
27
-15
-39
51
-16
-24
19
-4
-1
0
-4
9
-5
-15
9
0
-4
2
-2
1
0
-3
0
2
-2
1
3
-2
-3
4
0
-1
1
-4
2
-2
0
0
-3
1
-2
-1
0
-1
-1
-1
-1
-1
0
1
0
0
0
0
0
0
-1
2
-2
0
0
-1
3
-3
2
-1
1
4
-4
-1
2
1
-2
2
1
-2
1
2
-2
3
-4
1
10
-15
-4
10
-3
2
0
-3
21
-23
-15
51
-37
-13
28
-13
15
-4
-11
14
-8
9
-5
2
-4
6
0
4
-2
-32
97
-61
-2
-6
-1
1
-8
-2
-2
-1
3
-15
3
-5
-7
56
-81
9
48
-39
-17
25
1
-16
12
-3
-11
15
-15
3
0
-1
-1
0
1
-1
-1
2
-2
2
1
-4
3
1
-2
-2
3
4
-6
-2
2
-2
-1
-1
-2
0
-1
0
-1
-1
-1
0
-2
0
0
0
0
1
0
1
-1
1
-1
1
-1
1
0
-2
2
-1
-5
4
3
-1
-2
2
4
-5
1
3
-3
3
-1
0
2
2
-1
0
0
4
-15
17
-9
-2
13
-16
2
26
-16
-36
49
11
-80
60
-2
-1
6
-12
6
1
-1
1
-4
4
2
2
3
-54
2
-10
-5
-4
-3
-6
0
-9
11
-6
-4
-9
-10
-28
102
-103
50
-8
-24
-6
39
-28
1
2
-1
-2
-5
9
-14
5
-3
4
-3
-1
-2
3
-3
2
0
-1
2
-1
3
0
1
-5
1
0
1
-5
5
-4
-1
-2
0
-2
-1
0
-2
0
-1
-1
-1
-1
-1
0
0
1
-1
1
-1
1
0
-1
1
-1
0
-4
7
-4
2
1
2
-4
1
1
3
-2
2
-1
0
2
-2
3
-2
0
-3
6
-2
6
-13
10
-5
1
1
4
3
-28
39
-5
-23
-7
51
-100
105
-25
-7
-6
-1
-3
13
-5
3
-2
1
3
0
-1
-3
-8
-4
-5
-8
4
-5
-5
4
-11
11
-14
-4
-26
84
-96
49
-24
28
-66
71
-34
2
2
-2
0
-9
9
0
-12
6
2
-6
4
-2
2
-3
5
-7
4
-1
-1
0
2
4
-3
-1
0
3
-1
3
-5
2
-3
1
-1
-1
0
-2
-2
0
-1
0
-1
-1
1
-1
0
1
-1
1
1
0
-1
3
-1
2
-4
3
-1
4
-1
-1
-2
4
2
0
-2
-1
5
-6
5
-3
1
-2
4
-6
2
7
-11
0
11
-8
2
-1
2
5
-33
72
-65
28
-22
50
-91
87
-23
-1
-11
16
-8
6
-2
-2
9
-5
2
1
0
-33
6
-4
-5
-7
6
-15
4
1
-4
6
-18
25
18
-108
58
16
-60
32
35
-22
-11
9
-20
17
-12
6
-2
-5
-3
8
-7
4
-5
3
-3
1
0
2
-5
5
6
-11
8
-1
0
1
1
-3
5
-7
2
-2
-2
0
-2
0
-2
0
0
-1
-1
-1
-1
-1
1
0
-1
0
0
1
0
1
-1
2
-1
-1
4
-6
4
-2
-1
1
0
0
8
-10
5
5
-3
3
0
1
0
3
-4
4
-7
10
-2
-3
-2
7
-12
19
-18
9
-8
-22
37
33
-58
17
63
-105
21
27
-15
9
-1
3
6
-12
8
-3
3
1
15
-48
14
-3
-7
0
-10
9
-9
-1
-3
-5
-7
31
0
-69
42
-26
-28
67
-4
-33
12
-7
6
-6
-3
-2
3
-6
6
-7
4
-2
0
2
-4
3
3
-2
-3
7
-12
17
-15
8
1
-3
2
-2
1
-2
-2
-1
1
0
0
-1
0
-1
-1
-1
0
-1
-1
0
0
-1
1
-1
1
0
1
0
0
1
0
0
0
-2
2
-1
4
-2
1
8
-15
17
-12
7
-1
-2
2
4
-3
2
0
-2
4
-6
6
-5
6
-1
-2
-5
8
-6
14
-32
-3
70
-26
-25
46
-66
4
35
-2
-2
0
1
-5
12
-6
3
0
2
22
-51
15
-4
-6
-5
-3
6
-15
8
-13
21
-25
-9
53
-67
14
14
-29
8
52
-58
10
-3
3
-2
-4
3
14
-35
18
-1
-6
3
-2
1
-1
0
-2
3
-2
-1
7
-11
8
-4
4
-1
-1
-1
1
1
-5
3
-5
1
-1
-2
-1
-1
-1
0
-1
-1
-1
-1
0
0
-1
1
0
0
1
-1
2
3
-4
4
-4
3
1
0
-1
-1
4
-4
9
-11
7
-1
-1
4
-2
1
0
2
-1
3
-5
1
19
-34
16
4
-2
-1
4
-2
12
-58
54
10
-27
15
17
-63
55
-6
-22
23
-9
9
-12
9
1
-3
2
0
24
-33
8
-4
-5
-6
1
-4
-6
3
-7
7
-13
9
-27
56
-65
21
-1
-10
10
-1
6
-8
-6
5
-5
9
-26
19
-10
3
-2
1
-3
2
-2
2
1
-3
1
1
-2
-2
2
4
-1
-3
2
-2
1
-1
-2
-1
2
-2
-1
0
-2
-1
-2
-1
-1
-2
0
0
1
1
0
0
0
0
-1
0
1
-1
3
-2
-2
0
1
-1
3
-2
-2
4
2
-2
-1
2
0
-2
2
3
-2
3
-2
1
-1
3
-7
20
-23
10
-2
6
-4
-7
7
0
12
-10
-1
22
-62
58
-24
12
-8
11
-4
5
-1
-1
5
-2
2
1
15
1
-10
-4
-5
-3
1
-8
-2
-3
0
-1
-2
-11
31
-49
23
5
-22
27
-24
3
2
1
-1
-3
1
-12
9
-3
0
2
-3
-2
2
-2
2
-2
1
-4
3
2
-1
3
-3
-5
7
-3
0
1
-1
0
-1
-2
0
2
-2
-1
0
0
-2
0
0
-1
-1
0
0
0
0
1
-1
0
0
0
-1
3
-1
-1
-1
1
0
2
-1
-1
9
-4
-4
3
-1
2
3
-3
1
-1
3
-2
3
-2
-3
3
1
-2
10
-11
3
-2
1
2
3
4
-22
28
-20
6
27
-46
34
-8
1
2
3
-1
1
-4
5
1
3
1
-3
-33
6
-4
-5
-2
-4
-2
-7
5
-6
0
-6
8
-46
42
-18
25
-32
-16
28
-9
4
-6
0
-1
-3
1
0
-5
2
-3
2
0
-2
1
-3
1
2
-4
-1
6
-1
-5
8
-2
-5
6
0
-2
0
1
-5
2
-1
0
-1
0
0
1
-1
0
-2
1
0
-1
0
1
-1
1
0
-1
1
0
0
0
0
3
-4
1
-1
-1
0
7
-3
-2
9
-6
-1
6
-2
-4
3
2
-1
1
0
0
3
-3
3
-5
1
4
-2
0
2
-5
6
-8
30
-14
-31
26
-15
46
-42
11
-2
3
-3
7
-4
3
0
1
3
0
14
-44
10
-3
-5
-5
3
-12
3
-3
-4
-1
1
-16
14
3
-7
-8
-16
20
3
-13
3
-3
2
-2
0
6
-18
11
-2
-1
-2
-1
1
0
-2
0
2
-3
0
1
0
-2
4
1
-1
-2
0
2
-1
0
-2
0
-1
-3
1
-2
0
-1
-1
-1
-1
-1
0
0
0
-1
-1
0
0
-1
0
-1
1
0
0
1
-3
1
-2
3
0
-1
-1
1
5
-2
0
1
-1
-2
3
1
-1
0
1
-1
-1
0
-2
11
-17
7
1
-1
4
-1
5
-13
4
21
-14
-7
-4
6
16
-14
5
2
-1
-2
8
-9
7
-2
4
2
18
-3
-23
9
-5
4
-12
-4
6
-7
-1
-2
-8
13
-33
27
-12
-11
12
4
-13
5
-2
0
1
-5
1
0
-7
3
-2
-4
1
1
-2
1
-4
2
0
-2
2
-2
-1
2
-8
7
9
-15
2
11
-13
3
4
-6
-1
-1
1
-1
-2
1
-2
-2
2
-1
-1
0
-1
0
2
-2
0
3
0
0
1
1
-1
-4
6
4
-12
12
1
-14
10
7
-8
1
-1
-1
3
-2
2
2
-3
3
-1
1
3
-3
-2
5
-7
1
3
-4
3
1
-1
5
-12
5
12
-10
-9
30
-30
17
-4
1
2
-6
10
-1
-9
7
3
14
-15
4
-20
8
-7
24
-50
-19
23
12
-4
-5
31
38
-166
44
35
3
104
-118
-19
16
13
3
0
-11
16
2
-25
-3
11
-1
0
-2
0
2
-2
0
0
0
-5
4
-3
4
-5
4
-1
0
-1
-3
1
2
-4
-1
1
-2
0
0
-1
-1
-1
1
0
0
0
0
1
-1
0
1
0
1
0
0
0
0
2
1
-3
2
2
-2
-2
0
-2
5
-5
4
-2
4
-3
1
1
0
1
1
0
-2
1
0
12
-2
-25
4
18
-9
1
4
15
17
-19
-116
105
4
38
48
-163
41
36
-4
-1
13
28
-16
-47
26
1
13
-12
-18
-9
8
-6
7
-65
47
10
-6
-7
0
0
-80
91
-3
-14
-6
-51
40
11
-8
-8
0
-2
3
-10
22
-17
0
-1
3
-3
1
0
-1
0
-1
0
-1
3
-2
4
-1
1
-3
0
2
-1
1
-2
0
-2
2
-4
1
0
-1
-1
-1
-1
-1
-1
0
-1
0
0
0
-1
0
0
-1
0
-1
1
2
-2
2
-2
2
-3
2
-2
3
0
-3
1
-2
5
-2
4
-1
1
-1
1
-1
0
1
-2
3
-1
0
-16
23
-11
4
0
0
-6
-7
13
41
-49
-5
-11
-1
95
-76
2
3
-4
-4
14
52
-62
10
1
13
0
-33
-1
7
-6
16
-73
27
27
-2
-3
6
25
-153
73
45
5
11
-46
-35
41
5
-2
-7
-3
11
-24
1
20
-5
-8
-1
-1
1
-2
1
-1
-1
2
0
-1
2
-5
0
2
2
-1
3
-3
3
-6
0
3
-2
1
-3
2
-2
1
-1
2
-2
-1
-1
-1
-1
0
0
-1
0
0
-1
2
-1
2
-2
3
-1
5
0
-5
4
-3
4
-2
3
2
-1
-4
2
0
1
2
1
0
2
-1
1
0
1
-6
-4
20
3
-23
12
-2
-6
-1
6
43
-34
-44
12
8
49
76
-150
29
9
-1
0
31
31
-68
19
1
12
8
-36
0
6
-6
17
-72
27
24
-2
-4
13
17
-152
93
25
8
14
-58
-18
30
5
3
-8
-5
15
-33
4
22
-8
-5
-1
-1
1
0
0
-2
1
1
2
-2
1
-2
0
1
2
-1
1
0
1
-4
-1
-1
1
2
-1
-1
-2
2
-2
0
-1
-1
-1
-1
0
0
0
1
0
1
-2
2
-2
0
-1
3
1
0
0
-3
1
-1
1
-1
2
1
0
-2
2
-2
2
0
1
0
2
2
1
-1
-2
-4
-7
23
6
-32
17
-4
-6
4
6
31
-17
-57
15
12
28
96
-150
21
17
-2
0
27
31
-68
20
2
11
8
-22
-6
6
-7
25
-68
3
30
4
-7
12
36
-113
15
28
3
32
-2
-56
7
11
6
-3
-7
0
22
-43
16
2
3
-3
-3
0
0
0
0
0
-1
0
2
-1
3
-5
2
-1
4
-3
1
0
3
-4
-3
-2
0
-1
-2
1
-1
-2
-1
-1
0
0
0
0
0
-1
1
-1
0
-2
-1
2
0
2
2
-1
-2
-3
3
1
2
-2
3
-1
1
-4
4
-1
4
0
0
0
0
1
0
0
-2
-2
3
2
18
-42
23
1
-5
-2
7
12
10
-55
0
33
7
31
18
-110
39
15
-5
6
34
6
-64
28
0
10
1
0
-18
6
-7
20
-71
28
11
5
-6
12
36
-152
82
8
7
28
-46
-25
23
6
-1
-1
-10
17
-29
11
2
8
-7
-2
-3
1
0
-1
2
0
-1
0
1
1
-6
4
0
3
-1
-1
-1
1
0
-3
-1
-3
1
-2
0
-1
0
-2
-2
-1
-1
-1
-1
-1
0
0
0
-1
1
-1
1
-1
1
1
2
-3
1
-3
1
2
0
0
-1
4
0
5
-5
1
2
1
0
-1
2
-1
0
1
-1
0
-5
8
4
11
-28
18
-9
1
2
7
24
-23
-44
29
10
11
84
-149
38
15
-4
7
15
33
-68
23
1
11
-9
11
-22
6
-7
20
-84
52
0
5
-7
11
35
-149
82
14
-3
25
-50
-4
14
6
-2
-3
-6
12
-22
7
7
-1
-6
0
-2
-1
3
-1
-1
0
2
1
3
-4
-2
2
2
3
-2
-1
0
-1
3
-4
0
-2
3
0
-1
-1
0
-1
0
-1
0
0
0
0
0
0
0
0
1
1
1
-1
-2
1
3
-1
0
-4
3
0
0
-1
-2
3
2
2
-3
-4
2
0
3
0
0
-1
4
-1
0
1
-6
0
8
8
-23
13
-3
0
-2
6
16
-3
-49
26
-1
18
85
-146
39
14
-4
7
4
55
-80
23
2
11
-14
9
-21
6
-4
12
-88
87
-20
2
-3
13
-2
-122
110
-3
-4
0
-56
45
0
-3
-6
-5
2
3
-20
20
0
-8
1
-1
1
0
0
0
0
2
-1
1
-5
1
2
3
-4
3
-1
-1
-2
0
1
-1
-3
-1
1
-2
0
0
0
-1
-1
0
-1
-1
0
0
-1
0
0
0
0
0
-1
1
1
1
2
0
-2
-1
3
1
-1
-1
1
3
-3
2
1
2
-5
2
-1
2
0
0
0
0
1
0
2
-8
1
20
-19
5
4
-3
-5
-2
1
45
-55
1
-2
-1
112
-119
3
15
0
3
-17
91
-85
16
3
11
-13
2
-17
6
-6
18
-96
84
-19
0
-2
15
33
-149
83
6
5
20
-39
-14
16
3
0
-3
-3
7
-20
2
17
-10
3
-4
1
0
-1
0
1
-2
0
3
1
-4
-4
4
1
1
-1
2
-1
1
-4
2
-1
0
0
-2
0
-2
0
0
-1
-1
-1
0
0
0
0
1
0
0
0
1
1
-1
2
-1
2
1
-1
4
-4
2
-2
3
-2
1
1
5
-4
-4
1
4
1
-1
1
1
0
0
1
-3
2
-9
17
3
-19
8
-2
-1
1
4
18
-12
-37
21
7
9
86
-145
35
18
1
1
-15
87
-92
21
0
9
-9
-3
-14
6
-5
13
-107
108
-28
-1
-3
7
-10
-48
45
-4
0
1
-68
64
-6
-3
-5
-2
-3
5
-18
12
2
-5
-2
1
-1
-1
3
-1
0
0
1
-3
0
1
2
-3
3
-3
2
-3
2
-2
-1
0
0
-2
0
-1
-2
-1
-2
-1
-1
-1
0
-1
1
-1
1
-1
0
0
1
1
0
0
0
0
2
-2
0
0
1
-1
2
-2
2
-3
3
-3
2
1
1
-2
1
1
1
0
2
-1
0
1
-2
-4
5
13
-16
7
-2
0
-4
-3
-6
65
-66
2
3
0
49
-45
-6
10
-1
1
-25
112
-102
16
3
10
-6
-4
-13
6
-4
-9
-45
63
-18
0
-2
5
-66
49
9
-8
-10
-15
9
13
-14
-1
-3
0
1
-2
-1
10
-16
4
3
-3
0
-2
-1
0
0
0
-1
1
0
0
4
0
-3
0
1
-2
4
-2
-4
-1
3
0
0
-2
-1
-2
0
-1
-1
-1
0
-2
-1
-1
0
0
0
0
0
0
0
-1
0
0
1
1
3
0
-1
-1
3
-2
1
1
-3
0
3
1
1
1
0
1
1
1
1
-2
1
-2
4
5
-16
11
0
-1
3
1
-2
-1
-13
14
12
-14
-6
-5
12
52
-62
7
0
0
-14
66
-42
-6
3
12
-6
0
-17
7
-1
-55
51
-6
-8
1
-3
-14
-49
91
-38
-2
-19
-13
45
-20
-7
1
-2
2
-1
-2
11
-21
6
2
-3
-2
1
-1
1
0
0
0
1
-1
0
2
-2
4
-1
1
-1
1
-2
0
3
-6
-1
1
-1
-1
0
0
-2
0
0
0
-1
0
-1
0
0
0
0
1
1
0
0
0
1
0
0
1
0
-4
4
1
-1
2
0
0
1
3
-3
2
0
-2
1
2
0
0
2
-1
3
-1
-2
4
7
-19
14
-1
-1
4
0
2
-6
-20
46
-12
-15
1
-35
94
-46
-11
1
2
-5
-2
54
-51
7
11
-8
-14
-11
8
-15
-30
49
-18
-8
-7
-11
-4
50
-44
-10
-1
2
22
-36
9
5
-1
-1
-5
0
0
-13
25
-20
2
1
-1
-2
1
-1
1
-1
0
-1
0
-2
1
2
1
-2
1
-2
0
1
0
-2
-3
0
1
-1
-1
-1
-1
-2
-1
-1
-1
0
0
0
0
1
0
0
0
0
0
0
0
0
-1
0
1
1
-2
-1
1
2
-1
-1
2
-2
2
1
1
-1
1
2
0
1
0
0
1
-2
0
2
3
-19
25
-11
1
1
-3
0
0
6
10
-34
23
5
3
-6
-41
52
-1
-8
-5
-4
-15
53
-27
-7
14
-2
-68
24
-10
-1
-1
-2
-6
-3
1
2
-5
-10
9
-8
-3
-1
-1
0
-2
0
0
0
-1
0
-2
0
1
-3
-1
2
-2
0
0
1
-2
1
-1
0
1
-2
0
1
2
-1
0
-1
1
-3
1
-1
-1
0
1
-1
-2
-1
0
0
-2
-1
-1
0
0
-1
0
-1
0
1
0
1
-1
0
0
1
0
0
1
0
1
0
2
-3
2
0
0
-1
1
2
0
0
1
0
-1
2
-2
3
0
1
-1
1
-1
-2
2
0
-1
1
0
0
1
1
-1
1
0
2
1
-4
12
-6
-2
4
3
0
-3
2
2
6
-5
31
-44
11
-3
-6
-3
-4
-1
-4
-1
-2
-2
-5
0
-2
-3
-4
0
0
0
-1
0
-1
-2
0
-2
0
0
-2
-1
-1
0
-1
1
-1
0
-1
1
0
-1
1
2
-2
0
1
0
0
-2
2
-2
1
-3
2
-1
-2
0
0
1
-2
1
-2
0
-1
-1
0
-1
-1
0
0
0
0
1
-1
1
0
0
0
-1
1
-3
1
-1
2
-1
-1
0
1
0
0
1
1
0
1
1
-1
0
1
1
0
1
-1
0
0
2
0
-1
0
0
0
0
0
0
0
0
-1
-1
1
3
0
1
1
1
-1
3
1
0
0
1
17
-41
9
-4
-5
-3
-5
0
-4
0
-3
-1
-3
-3
-1
-1
-7
2
-2
-2
-2
1
-1
-3
2
-2
-2
0
-2
0
-3
0
-2
-1
1
-1
1
-2
2
0
-1
0
2
-1
1
0
-2
1
0
0
0
-2
0
1
-2
-1
1
-1
0
-1
-1
-1
-1
-1
-1
-1
0
0
0
-1
-1
0
0
-1
1
0
-1
1
1
-1
0
1
0
1
-2
1
2
-1
1
0
-1
0
1
-1
2
0
1
-1
-1
1
-1
0
-1
1
-1
-1
3
-1
1
1
-1
0
0
2
-2
1
3
-1
1
1
0
1
0
1
-1
-1
2
0
17
-39
8
-3
-5
-2
-3
-2
-3
0
-1
-1
-3
-2
-1
-2
-3
1
-3
-1
1
-2
-1
-2
1
-1
0
-1
-1
0
0
-2
1
-2
2
0
-1
-1
0
1
0
0
1
-1
2
0
-1
0
0
0
-1
-1
-1
-2
1
-1
-1
-1
1
-1
0
-1
-1
-2
0
0
0
0
0
0
1
-1
1
0
1
-1
1
-2
0
1
1
1
1
1
-1
0
0
-1
0
0
0
1
1
0
0
-1
3
-2
2
-2
1
0
-1
-1
1
-1
1
0
1
-1
0
0
-1
1
0
1
1
0
1
0
-1
2
0
1
-1
1
0
1
16
-35
7
-3
-6
-2
-5
-1
-1
-1
-2
-3
-1
-3
0
-4
-1
-2
0
-1
-1
-1
-1
-1
0
-2
0
-1
0
0
-2
-2
-2
0
0
0
0
-2
1
0
0
0
0
0
1
-2
0
0
0
-1
0
1
-2
-1
-1
0
0
0
-1
-1
0
0
-1
0
-1
0
0
0
-1
0
-1
0
0
0
0
0
1
0
0
0
0
0
0
1
1
-1
1
0
1
0
0
0
0
-1
1
0
0
0
-1
0
-1
0
0
0
1
0
0
0
0
0
0
1
1
-2
1
-2
3
0
3
0
1
0
0
1
-1
1
1
0
14
-5
-4
-4
-3
-1
-2
-3
-2
0
-1
-1
-1
-1
-1
-3
-2
0
0
0
-1
-1
0
0
-1
0
0
0
0
0
0
-1
0
0
0
0
0
-1
-1
0
0
0
0
0
0
-1
-1
0
0
-1
0
0
0
-1
0
0
0
0
0
0
-1
0
-1
-1
-1
0
0
0
0
0
-1
-1
0
0
0
0
0
-1
0
0
0
0
0
0
0
0
0
0
0
0
0
0
0
0
0
0
0
0
-1
-1
-1
-1
0
0
-1
0
0
0
1
-1
-1
0
1
0
0
0
0
0
0
0
1
0
0
0
0
0
0
1
0
