0
24
-44
28
31
15
-118
85
-33
4
69
-100
21
94
-94
-17
45
-75
167
-140
80
-80
53
-12
-5
21
-21
10
-18
20
-29
21
-2
12
-26
33
-34
8
28
-21
-15
46
-53
18
18
-16
-67
103
-27
0
-36
17
86
-67
-61
37
8
14
-5
-12
8
-3
-1
2
0
-3
1
2
-8
10
4
-15
-9
-37
60
65
-87
-17
35
0
27
-103
65
15
-19
-20
52
-47
14
20
-29
-9
32
-32
24
-14
2
-22
29
-20
17
-11
20
-23
4
11
-53
82
-81
138
-169
73
-45
16
93
-96
-23
97
-72
-7
32
-84
118
-16
-33
-31
42
-28
0
30
-55
49
-3
-25
27
-29
14
-14
-25
70
40
-200
125
9
-19
9
68
-130
94
-35
5
-19
43
-51
40
-2
-31
15
21
-20
7
-26
0
64
-47
2
11
-19
5
2
9
-17
35
-38
-22
58
-26
3
49
-116
140
-106
3
62
-63
22
11
-2
-9
5
-4
2
0
-1
3
-6
9
0
-12
-24
62
-63
-4
106
-140
117
-50
-2
26
-58
22
38
-35
17
-10
-4
-5
17
-13
-2
46
-65
0
26
-7
20
-21
-15
31
0
-41
51
-43
18
-4
35
-94
129
-68
-9
19
-11
-128
198
-42
-72
23
13
-14
28
-27
24
3
-51
53
-34
0
20
-22
8
9
-16
39
-57
38
-25
31
1
-88
114
-30
-9
-58
42
-70
188
-123
-18
28
16
-25
10
4
-9
-23
30
-19
21
2
5
-15
-4
-22
46
-17
-28
46
-46
24
-17
45
-5
-74
61
-14
0
1
10
-19
31
-36
-3
31
-32
25
-5
-10
14
-9
1
0
-2
9
-14
11
4
-27
32
-32
2
35
-31
19
-11
-2
-1
14
-61
74
4
-46
16
-25
45
-47
27
16
-47
21
4
15
-6
-3
-21
19
-31
24
9
-5
-12
25
-16
-27
18
123
-190
69
-42
58
7
27
-115
87
-3
-34
22
-39
56
-40
15
-11
-12
20
-25
0
-37
38
-8
-36
74
-107
93
-40
11
-1
-32
103
-175
102
4
-16
12
-8
41
-57
27
-20
16
-21
27
-15
-2
10
36
-96
68
-22
16
-6
15
-26
9
5
-4
-22
39
-17
-7
-21
56
-38
-2
25
-23
2
-20
30
7
-12
10
-24
9
6
-15
9
0
-3
0
0
-1
2
0
-11
14
-7
-10
23
-10
13
-8
-31
19
-3
22
-26
-1
37
-56
20
6
15
-39
21
3
-6
-10
25
-16
5
-17
21
-69
96
-36
-11
1
14
-27
20
-16
21
-26
55
-42
8
-12
15
-5
-103
175
-104
31
-2
-13
40
-94
107
-75
34
7
-39
31
0
-100
113
8
116
-320
-113
229
52
-3
114
-166
272
-301
-123
-43
199
-302
630
-141
-50
-100
-20
-85
61
15
35
-58
59
12
-20
-58
59
-12
-17
30
-7
-21
21
-23
18
-16
22
-3
-15
-7
49
-39
-5
19
-11
11
18
-38
-15
3
21
6
5
0
-3
-11
1
0
0
0
-3
10
2
1
-5
-7
-21
-2
13
38
-19
-12
11
-20
4
38
-50
7
14
2
-22
16
-19
22
-21
21
6
-32
16
13
-59
58
20
-13
-59
61
-35
-14
-62
85
19
100
50
141
-631
302
-200
41
122
300
-272
164
-116
1
-53
-231
112
319
-117
-10
-114
97
0
115
-144
125
27
-356
453
-166
-69
149
-270
203
568
-1048
172
729
-847
137
756
-540
-155
363
-210
14
72
-80
31
53
-100
59
8
-36
41
-22
-26
38
-6
-15
26
-21
1
1
8
-13
33
-32
-25
31
22
-33
17
-7
10
-5
-19
28
-12
-23
21
13
-34
19
-1
-3
0
3
0
-21
34
-13
-23
22
11
-30
19
2
-11
7
-17
31
-23
-32
25
32
-33
14
-10
-1
-2
20
-26
14
6
-38
25
21
-42
37
-9
-60
99
-53
-32
78
-73
-13
211
-363
155
541
-756
-138
846
-730
-172
1045
-569
-205
269
-151
69
166
-455
354
-28
-127
142
-119
0
84
-22
-66
-60
90
348
-301
-141
223
-228
-85
728
-958
771
-860
1128
-1615
1891
-1393
892
-580
258
-60
-37
123
-151
125
-110
67
-43
16
47
-51
14
-19
38
-38
15
19
-19
7
-1
-6
-26
65
-83
90
-55
7
7
8
-42
67
-74
57
-34
27
-19
-2
12
-5
1
-1
0
1
-1
5
-13
3
19
-27
33
-58
74
-66
40
-8
-8
-8
55
-91
84
-66
26
4
0
-8
19
-19
-16
37
-40
18
-16
51
-47
-15
43
-68
110
-126
151
-123
36
59
-257
581
-893
1393
-1892
1615
-1128
857
-771
957
-729
84
225
-224
140
300
-350
-90
59
65
21
-89
0
-75
6
-20
-90
875
-1609
917
59
-189
240
75
-946
876
232
-421
-275
-4
907
-662
-221
275
165
-169
-33
-44
95
58
-72
-56
39
27
0
-30
7
25
-33
6
8
14
-20
3
12
-21
11
7
-36
23
19
-16
-24
44
-21
-25
20
19
-6
-37
10
17
9
-18
1
1
0
-2
-4
18
-10
-19
-11
37
4
-19
-21
23
22
-45
23
16
-20
-23
36
-8
-13
22
-14
-3
19
-16
-8
-6
32
-26
-9
30
0
-28
-40
54
72
-58
-94
42
33
168
-166
-275
221
661
-908
3
274
420
-233
-877
943
-76
-242
188
-59
-917
1607
-875
87
17
-7
69
0
-66
95
-127
-238
297
956
-1198
248
-95
317
-424
-340
657
124
262
-681
-2
95
314
94
-260
-167
6
147
62
-204
119
-14
44
-31
-28
-6
37
12
-31
-2
12
-8
15
-27
27
-21
31
-20
-7
-2
22
-29
22
-16
11
-2
-20
18
13
-10
-3
-15
19
5
-9
-7
2
0
-2
6
7
-5
-20
13
2
9
-14
-18
19
2
-12
16
-23
29
-23
1
7
19
-32
20
-27
26
-15
6
-14
1
30
-14
-37
6
28
30
-44
13
-119
203
-61
-149
-7
166
259
-94
-314
-98
1
681
-263
-126
-659
338
420
-318
93
-249
1196
-958
-298
237
124
-96
61
0
132
-169
143
-208
514
-979
957
-388
51
-258
433
-109
-509
976
-1113
991
-326
-640
1161
-1068
583
-124
-81
123
-176
205
-173
179
-156
49
21
-9
-4
-11
10
-13
25
-11
-25
47
-49
39
-22
1
25
-60
83
-64
38
-29
10
0
11
-17
1
8
-15
26
-37
36
-19
3
0
0
0
-3
18
-35
35
-26
14
-8
-2
17
-13
0
-10
27
-39
64
-84
59
-26
-2
24
-40
49
-48
23
10
-27
13
-12
11
2
8
-23
-50
156
-179
172
-205
175
-124
82
123
-584
1070
-1162
640
326
-991
1111
-978
508
108
-434
255
-53
387
-958
977
-514
206
-145
168
-137
0
-9
43
36
-96
92
-274
90
365
-216
-193
-124
1080
-1653
1342
-445
-657
1567
-1681
868
68
-489
481
-251
-54
207
-99
-114
190
-67
-49
39
15
-45
31
-11
20
-45
53
-26
-16
26
-14
35
-62
54
-39
21
-1
4
0
-35
56
-49
14
35
-65
49
7
-55
54
-20
-11
15
0
-16
12
20
-55
54
-7
-50
63
-34
-17
49
-58
36
-3
-5
1
-20
36
-55
63
-35
14
-28
16
24
-55
45
-20
9
-30
43
-15
-41
48
66
-191
113
99
-207
53
251
-482
489
-68
-870
1681
-1568
657
444
-1344
1653
-1080
122
191
215
-366
-90
274
-92
95
-38
-43
3
0
-122
84
-27
111
-747
1623
-1120
270
-215
70
91
-519
157
321
253
53
-139
-655
459
110
130
-118
-199
59
-77
89
-83
110
35
-46
-6
23
-46
11
10
-13
9
-2
6
13
-9
-2
4
12
-20
-2
-17
35
-22
1
-17
22
-1
10
-16
8
-8
8
8
-2
-18
-3
-1
0
2
2
17
1
-10
-9
7
-9
14
-10
-1
-23
17
-1
21
-36
17
1
20
-13
-4
2
7
-13
-6
0
-9
12
-11
-11
45
-23
6
47
-34
-110
83
-92
77
-59
199
118
-131
-111
-460
654
140
-54
-255
-323
-157
518
-93
-71
211
-270
1117
-1623
744
-113
25
-85
118
0
-12
87
-198
511
-245
-1120
1211
-201
-139
79
238
-309
-109
129
575
-650
-489
661
400
-431
-240
291
45
-136
-25
135
-89
-78
162
-42
-56
7
38
-9
-25
16
-22
16
-1
12
-10
-20
17
23
-44
-23
68
4
-40
0
14
-22
29
2
-29
12
11
-8
-12
8
12
-9
-1
0
1
9
-12
-9
13
9
-12
-13
30
-3
-30
22
-15
-1
40
-4
-70
23
43
-25
-18
19
9
-12
0
-16
22
-18
24
8
-38
-8
56
43
-162
77
89
-134
24
136
-45
-292
241
430
-400
-662
488
650
-578
-130
109
307
-239
-80
137
201
-1211
1119
243
-512
195
-87
8
0
78
-39
-64
365
-634
342
-133
66
-73
473
-815
1111
-902
289
-294
442
-91
-526
820
-663
581
-575
376
-156
72
-4
-6
-12
-37
13
-28
110
-110
85
-102
124
-120
114
-130
116
-73
46
-16
-26
36
1
-56
67
-24
-16
31
-56
74
-85
102
-111
93
-78
73
-57
34
-19
7
0
-9
19
-36
56
-72
79
-93
110
-103
82
-74
54
-31
15
23
-68
56
-1
-37
25
16
-47
72
-117
131
-114
119
-124
99
-85
109
-111
27
-14
36
11
8
3
-73
156
-378
576
-583
664
-820
525
90
-443
292
-291
901
-1110
813
-473
71
-66
132
-344
635
-366
61
37
-83
0
-66
39
37
205
-1052
1641
-821
-215
99
193
312
-969
764
185
-701
-78
1167
-1133
175
535
-452
-39
321
-219
27
22
28
-28
-22
29
-29
60
-36
-71
92
45
-131
55
65
-101
29
70
-71
-48
135
-116
39
-3
39
-54
-12
84
-62
-42
98
-28
-76
69
16
-59
29
15
-23
0
22
-15
-29
59
-16
-69
77
27
-99
41
61
-84
11
53
-38
3
-38
114
-135
48
69
-70
-32
100
-66
-57
129
-46
-90
72
34
-60
30
-29
21
28
-29
-24
-27
218
-322
40
452
-535
-176
1133
-1168
78
698
-187
-767
966
-313
-193
-100
213
818
-1640
1050
-207
-38
-41
61
0
-117
86
115
0
122
-1197
1150
-175
232
-460
-72
-215
737
-53
234
-307
78
-323
-427
375
137
123
-21
-123
42
-38
64
-18
52
-83
-22
56
-42
51
-27
-18
12
17
-14
4
-10
-1
22
-27
15
-8
-15
28
-4
24
-39
1
9
-15
17
-11
11
-7
13
-2
-9
-3
0
0
-1
3
7
2
-14
8
-13
11
-16
16
-9
-1
38
-25
4
-29
16
7
-16
27
-23
0
11
-5
14
-18
-15
17
27
-51
40
-57
21
84
-51
18
-64
39
-44
123
21
-123
-137
-376
426
321
-79
306
-235
52
-738
213
71
457
-234
174
-1151
1196
-123
0
-117
-87
112
0
37
-83
134
-324
263
612
-1052
473
-28
23
182
-915
1117
-217
-710
1103
-797
-104
674
-584
205
141
-308
270
-102
-41
95
-108
93
-33
-32
45
-22
8
-7
-8
19
-9
0
-6
11
-23
44
-52
55
-38
-20
46
-6
-29
15
-4
0
-3
9
-8
-3
16
-24
12
0
-6
4
0
-5
7
0
-12
22
-18
3
7
-9
2
-2
5
-17
28
5
-47
20
37
-56
51
-43
23
-12
5
0
8
-20
7
7
-10
22
-46
31
32
-93
107
-95
40
102
-270
308
-142
-206
584
-674
102
797
-1104
708
218
-1117
912
-184
-24
27
-473
1051
-613
-265
322
-136
82
-43
0
5
102
-132
-344
878
-776
437
-220
-25
230
-14
-360
542
-734
836
-332
-775
1343
-943
568
-417
110
106
-145
109
-28
-60
98
-135
162
-110
0
49
0
-14
1
8
-17
4
9
-16
10
8
-13
-32
104
-149
141
-112
70
-18
-22
36
-21
-3
-5
28
-36
25
-15
8
-2
-1
0
1
1
-8
15
-26
36
-29
4
2
20
-37
22
18
-70
110
-141
148
-103
29
12
-10
-9
15
-11
-3
17
-10
-1
14
-2
-48
0
111
-161
135
-98
59
27
-110
145
-106
-110
417
-569
943
-1345
774
332
-837
734
-543
358
13
-233
23
218
-437
774
-878
343
128
-104
-8
0
-64
55
-72
-191
514
-313
115
-220
360
-495
120
445
-190
-56
-286
90
-190
950
-618
-74
53
-53
79
-36
108
-63
-3
-68
32
78
-55
3
-11
-18
33
-11
19
-23
4
18
-32
21
-3
9
-2
-48
47
9
-24
6
-2
-2
1
-3
4
-4
8
0
-5
-2
5
-3
0
0
0
2
-6
1
5
-1
-7
3
-5
4
-1
0
1
-7
23
-10
-48
46
1
-9
2
-23
31
-19
-4
23
-20
11
-34
17
9
-4
54
-79
-32
67
2
63
-109
36
-79
53
-53
73
618
-952
188
-91
285
56
187
-446
-121
493
-360
219
-115
312
-516
189
69
-56
59
0
-5
-11
0
-99
197
-76
-64
5
116
-105
44
10
-23
-66
71
18
-170
299
-183
25
-8
-34
97
-38
-35
10
3
11
-5
-7
17
-8
-2
8
-29
29
-15
-9
21
-14
21
-26
10
-3
4
-2
-7
8
-5
5
-2
-2
4
0
-15
14
-3
3
-2
0
-1
-1
0
0
-1
0
0
0
3
-3
4
-15
16
-1
-6
1
1
-5
6
-9
6
0
-5
3
-12
24
-20
13
-21
7
13
-29
27
-9
2
8
-18
7
4
-11
-4
-10
35
38
-96
34
9
-25
183
-299
167
-19
-72
65
23
-11
-46
103
-118
-5
63
75
-198
98
-3
9
0
0
10
-28
3
-31
121
-104
44
-58
50
26
-118
117
-19
-7
3
-75
0
166
-129
63
-76
41
2
5
-12
-6
-2
12
22
-60
67
-56
52
-30
-3
7
-1
-12
31
-28
16
-18
8
-8
9
-17
26
-17
7
-6
-6
19
-16
1
8
-7
-2
4
0
-2
1
0
-1
0
0
-1
-1
1
0
-4
2
6
-9
-1
15
-20
5
6
-7
17
-28
16
-10
7
-9
17
-17
27
-33
11
0
-8
2
30
-53
55
-66
60
-22
-12
2
5
11
-5
-2
-41
75
-65
129
-166
0
75
-5
7
19
-119
117
-28
-51
57
-45
103
-123
29
-6
26
-15
0
-11
0
34
-89
101
-42
39
-68
35
9
-6
-19
15
-25
23
26
-49
0
53
-63
53
-48
46
-41
17
20
-29
15
-17
13
-3
-2
-1
8
2
-21
4
11
-16
14
-14
14
-7
3
-2
-2
-4
7
-2
-9
22
-26
21
-20
16
-6
-4
8
-6
3
-2
-1
1
0
-1
1
1
-3
5
-9
3
6
-16
20
-20
26
-23
8
3
-7
3
1
1
-4
6
-15
14
-15
14
-13
-5
20
-3
-9
-1
2
3
-14
18
-16
27
-22
-18
40
-47
48
-55
62
-53
-1
47
-26
-25
23
-16
18
5
-12
-37
67
-40
41
-101
87
-36
-2
6
0
8
-24
15
27
-56
48
-47
24
29
-10
-87
134
-65
-1
-55
133
-150
104
-58
65
-63
60
-44
2
-5
6
16
-14
25
-22
-16
26
-6
-9
14
-19
-2
21
-1
-29
46
-35
11
-2
-2
6
-8
12
-8
2
-3
7
-5
-10
12
0
-3
-2
3
0
2
-2
0
0
-1
1
-2
0
-4
1
3
-1
-13
10
4
-7
3
-3
8
-12
7
-8
2
2
-12
35
-47
28
1
-22
1
20
-16
7
6
-26
15
22
-27
14
-17
-5
5
-3
44
-60
62
-65
58
-104
150
-133
55
0
65
-135
85
9
-30
-25
46
-49
54
-28
-18
23
-13
0
22
25
-62
71
-80
31
-4
41
-67
44
10
-5
-29
-21
53
-34
-15
89
-79
32
-22
23
-35
42
-44
37
-10
-6
-23
47
-27
30
-30
0
4
3
-7
-8
30
-20
-10
12
6
-18
3
20
-30
25
-8
-5
7
1
-7
-2
7
-5
-7
12
-2
-3
1
0
0
0
-1
-1
-2
2
3
-13
7
4
-7
1
7
-2
-8
5
9
-25
30
-21
-4
17
-7
-13
8
18
-30
7
6
-3
-5
0
29
-31
26
-48
24
7
9
-38
45
-42
34
-23
22
-32
80
-90
16
34
-54
20
26
4
-10
-46
66
-41
3
-32
79
-72
59
-25
-27
0
18
-17
26
-43
-6
46
-35
39
-20
3
-46
32
22
-14
-10
17
-54
90
-47
-8
2
-16
31
-14
26
-51
13
49
-45
23
-6
-41
47
-28
26
4
-42
27
11
-19
-3
19
-19
6
-15
23
-5
-5
0
3
-11
9
-8
8
-5
-4
9
-7
3
-1
-1
0
1
0
-1
0
0
0
-3
6
-10
3
4
-8
6
-10
10
-4
-1
4
4
-23
14
-8
18
-20
2
18
-13
-27
41
-6
-28
27
-49
41
5
-23
46
-50
-14
51
-27
13
-33
15
-3
7
47
-90
54
-18
7
12
-23
-33
44
-5
18
-39
35
-47
4
42
-29
15
-23
0
-12
55
-46
-14
55
-56
29
-41
60
-54
56
-78
113
-117
65
-29
-13
33
28
-70
40
-13
11
-25
32
-26
35
-20
-9
-2
5
26
-26
2
-9
1
25
-21
-6
5
11
-7
11
-18
17
-3
-17
11
-8
6
18
-24
6
-4
10
-16
12
-5
3
-4
0
1
-1
0
1
-1
-1
4
-3
5
-12
15
-11
4
-8
24
-18
-7
7
-11
16
2
-17
18
-10
8
-11
-6
6
21
-25
-2
8
-4
28
-26
-5
1
9
19
-35
25
-33
25
-12
13
-41
70
-28
-34
11
29
-67
116
-114
78
-59
53
-60
40
-31
55
-57
12
42
-54
9
0
29
-19
-5
-8
30
-1
-30
7
10
23
-17
-31
-7
53
-20
-40
33
16
12
-36
5
-2
6
12
-22
30
-44
32
-17
7
1
-7
7
-1
-2
23
-41
25
-1
1
-12
4
2
-6
4
13
-12
7
-19
10
1
-8
5
7
-9
11
-12
1
4
-3
0
-2
1
0
-1
1
0
2
-4
-2
12
-12
8
-8
-5
7
-1
-12
18
-7
11
-14
-4
4
-2
-4
11
-3
1
-24
41
-24
2
0
-8
6
-2
-8
17
-33
45
-30
22
-13
-6
2
-4
35
-13
-16
-34
40
19
-55
6
30
16
-25
-12
-8
29
1
-31
7
4
17
-33
0
4
8
-19
-27
51
5
-25
-12
2
42
-75
42
-7
39
-43
1
5
8
19
-54
77
-63
51
-44
-1
24
3
-27
32
-23
6
-18
20
-5
-3
-4
39
-49
31
-20
-5
22
-12
-6
3
5
2
-1
-11
0
17
-14
-2
4
4
0
-8
7
-5
2
-1
-1
0
0
0
0
0
-2
3
-6
8
-1
-4
-4
1
14
-16
-1
9
1
-1
-5
-4
6
11
-23
4
19
-32
48
-38
3
3
4
-21
17
-7
22
-32
26
-2
-24
0
43
-51
64
-77
54
-19
-7
-4
-1
43
-40
5
-43
73
-44
-3
11
24
-6
-51
26
15
-9
-8
0
34
-51
51
-12
3
2
-44
40
-30
30
26
-63
57
-59
17
23
-25
-3
10
-8
4
10
-8
5
-13
43
-47
-15
37
-6
2
-13
17
-14
2
-5
12
-4
-1
2
7
-37
45
-28
9
4
-12
5
5
-19
25
-17
8
-3
0
-2
2
-7
6
-2
-4
3
-1
0
1
-3
3
1
-8
6
-4
1
-1
2
-9
17
-26
19
-5
-5
11
-5
-10
26
-47
35
-9
-2
2
3
-13
5
-2
12
-18
12
-1
6
-38
15
47
-44
14
-5
7
-10
-5
8
-11
2
24
-23
-19
58
-59
62
-28
-33
29
-40
43
-4
-4
10
-55
50
-39
0
39
-63
74
-50
17
-14
8
20
-70
77
-20
-42
83
-52
-17
36
-56
50
3
-18
24
-41
2
34
-7
-37
58
-64
52
-12
-4
-29
32
1
-23
27
-33
6
46
-40
-16
23
-4
3
-3
-5
17
-12
10
-17
0
6
-4
10
-14
8
-3
2
0
0
-1
-1
0
0
-1
1
-1
0
-1
-2
2
-8
14
-9
4
-7
-2
16
-10
12
-19
6
2
-3
3
-24
15
39
-47
-6
32
-27
21
-3
-33
29
3
10
-53
64
-60
37
5
-34
-2
39
-25
18
-4
-51
56
-36
15
49
-85
40
20
-78
68
-20
-8
13
-19
48
-77
61
-41
0
42
10
-9
-64
26
59
-66
44
-4
-42
21
0
71
-111
0
47
-31
99
-149
117
-47
-18
22
-4
29
-47
25
7
-43
35
-21
13
6
-11
14
-12
12
-26
16
10
-23
11
14
-16
0
17
-14
4
-16
27
-14
-2
1
-5
5
6
-15
6
-4
3
-1
0
0
0
-1
1
0
-4
2
-6
14
-7
-6
5
-3
1
12
-29
16
-4
14
-17
0
16
-14
-12
24
-11
-16
25
-13
11
-16
9
-8
-14
20
-37
42
-8
-26
47
-29
3
-22
18
46
-118
148
-101
29
-47
-2
110
-73
-2
-23
40
1
-45
65
-60
-26
62
6
-12
-46
0
12
8
-10
-16
0
20
15
-8
-24
-6
20
21
-7
-27
-12
12
17
1
-9
-1
9
3
-9
-8
4
9
2
-6
-5
4
5
-2
-6
-3
2
3
2
1
2
-1
-5
-5
2
6
1
-7
-7
1
7
3
-4
-4
2
5
0
-5
-4
2
3
-1
-2
0
2
0
-3
-1
3
0
-4
-2
3
5
-1
-5
-3
4
3
-4
-6
-1
5
5
-2
-6
-3
4
4
0
-3
-1
-2
-4
-3
1
5
1
-6
-5
4
7
-2
-10
-4
8
8
-5
-10
0
9
-2
-18
-12
12
25
5
-23
-22
5
21
7
-16
-20
-1
14
9
-7
-13
