-9
-5
-4
-5
-3
0
-5
-2
-3
0
-1
-9
5
-8
-4
6
-9
0
-2
2
1
-3
-2
-1
1
-1
-6
-1
10
0
-10
3
-1
0
-2
2
0
-2
5
-6
3
-1
2
-1
-1
3
-7
11
-6
-2
-1
2
-1
0
0
1
-2
-3
4
-2
0
-1
-2
2
-3
3
-1
0
0
-2
4
-2
-1
1
1
1
-2
2
-1
-1
-5
11
-7
2
0
1
1
-1
3
-6
5
-1
1
4
-3
1
-1
4
-9
0
12
0
-5
-1
2
0
0
-2
3
3
-1
1
-8
9
1
-5
8
-6
2
3
-1
2
-2
3
1
1
1
1
-8
-6
-4
-3
-17
19
-14
-2
-2
-4
6
-13
8
-1
-14
2
3
-1
-3
4
-8
16
-31
26
-29
-1
39
19
-64
14
5
-2
1
-4
9
-3
3
3
-16
5
1
0
3
-3
4
-3
-9
19
-13
2
-6
8
-10
1
0
-3
5
-3
2
-3
2
0
-3
-1
2
0
-1
-1
3
-3
2
-2
5
-1
0
2
-9
9
-4
2
-12
19
-9
-2
4
-2
3
1
2
4
-15
4
3
-2
9
-4
1
-1
8
14
-63
21
40
0
-28
28
-30
17
-7
5
-3
1
4
5
-10
2
11
-10
8
0
0
2
-10
23
-14
5
1
2
-9
-6
-4
-3
3
-27
16
-5
1
-9
3
-6
5
-3
-4
-8
-12
16
-10
11
2
-28
28
-22
26
-35
81
-179
106
27
-20
1
-12
24
-25
-11
24
-15
18
-13
-2
3
5
-3
-1
7
-7
0
9
-13
1
3
3
-2
-2
-4
0
6
-9
-1
7
-5
0
-1
1
0
0
-5
7
1
-8
7
1
-3
-1
0
3
4
2
-11
10
0
-8
6
0
-3
5
3
-1
-12
19
-14
25
-10
-25
26
-12
1
-21
27
107
-178
81
-35
27
-20
30
-26
4
12
-9
18
-11
-5
-1
0
8
-3
6
-6
3
-1
19
-24
6
4
2
3
-7
-6
-3
-9
-2
10
-12
-15
11
-15
28
5
-67
17
35
-22
15
-19
-1
11
-3
-3
-41
34
-28
69
-35
48
-122
78
-25
31
-32
-12
31
-14
20
0
-12
-18
8
10
-9
6
3
-10
3
9
-21
21
-19
7
7
-6
-20
29
-6
-11
-1
5
-2
-9
7
-2
-1
0
7
-8
-1
6
-1
-9
-6
30
-19
-6
8
7
-17
21
-20
9
5
-9
4
6
-10
9
8
-17
-12
1
20
-12
31
-11
-32
31
-25
78
-121
50
-34
70
-26
35
-40
-2
-2
13
0
-19
16
-20
37
19
-63
8
32
-12
13
-10
-7
14
1
-2
3
1
-9
-5
-4
-3
-7
-19
33
-32
14
-22
56
-90
35
46
-26
-60
23
40
-65
70
-52
15
-17
-2
-28
33
181
-264
90
-11
15
-13
-15
31
19
-16
-61
44
16
-52
73
-31
-12
4
20
3
-6
-34
11
22
-8
-10
7
0
-36
72
-72
53
-34
6
2
-18
13
14
-28
14
14
-18
3
10
-34
53
-70
73
-35
2
7
-10
-7
22
12
-33
-6
3
19
4
-13
-31
73
-52
17
46
-61
-17
19
31
-15
-13
16
-10
91
-264
183
36
-27
-2
-15
17
-52
71
-64
42
24
-57
-22
50
39
-88
59
-19
16
-28
37
-14
-4
5
2
3
-9
-5
-5
-8
-4
18
-42
17
8
-18
36
-56
54
-110
115
-69
96
-147
87
5
25
-77
73
-53
-30
121
-122
6
-52
110
-18
-7
9
-81
133
-56
-52
91
-90
43
4
-3
-6
23
-55
40
-9
10
-7
-18
18
16
-28
-21
77
-47
-25
37
-28
14
-6
19
-28
36
-46
37
-29
20
-6
14
-29
37
-24
-47
78
-20
-28
18
19
-15
-6
11
-9
42
-55
22
-6
-3
5
44
-89
92
-53
-55
134
-80
9
-7
-19
110
-51
5
-121
122
-29
-52
74
-75
26
7
88
-147
97
-67
118
-108
56
-51
40
-15
10
21
-38
23
0
-1
0
3
-7
-7
0
-12
-6
10
-11
-3
0
-4
70
-121
82
-96
37
-2
70
-54
-15
109
-219
173
-92
25
70
-181
139
-23
92
-136
72
-52
27
14
-3
-68
-44
227
-143
28
-41
4
18
17
9
-11
-36
13
6
25
-22
34
-17
-55
19
19
-3
10
-1
-20
5
-10
19
2
-22
3
20
-8
7
-19
-1
12
-2
21
22
-55
-17
34
-22
26
7
13
-35
-12
8
17
17
4
-41
29
-141
227
-43
-68
-2
14
27
-53
74
-135
93
-22
140
-178
71
25
-90
174
-219
111
-13
-53
71
3
40
-93
85
-117
74
-1
2
0
-7
15
-3
-3
4
1
-4
-9
-7
-9
41
-68
25
28
-34
8
-24
-4
10
65
-171
127
-65
32
61
93
-354
262
-36
-32
-68
-76
349
-470
639
-464
107
10
-46
-25
65
-49
63
-42
62
-117
23
64
-38
39
-58
57
-23
6
-95
159
-87
21
-36
13
79
-127
50
-5
9
0
-5
3
11
-12
-1
-12
12
4
-4
1
10
-3
51
-125
81
15
-36
21
-85
161
-94
6
-24
58
-58
40
-37
64
24
-116
63
-43
64
-48
66
-25
-46
11
107
-464
640
-469
351
-75
-67
-31
-34
265
-353
94
62
33
-64
130
-168
69
13
0
-21
11
-32
32
28
-64
45
-1
-3
-1
4
-12
-7
-7
38
-91
45
-7
12
-14
58
-84
-51
50
106
-70
-90
57
86
-24
-130
11
132
-109
-8
181
-137
-265
337
6
-74
13
-56
59
-10
-79
108
-69
12
124
-185
36
36
34
-74
90
-126
132
-92
36
-9
19
-56
101
-130
123
-55
-36
43
-16
-6
31
-40
9
7
9
-41
32
-5
-14
44
-35
-54
124
-129
103
-56
18
-8
38
-91
133
-125
92
-73
36
37
36
-184
125
12
-68
108
-78
-9
59
-56
14
-73
7
339
-263
-136
182
-7
-107
134
12
-129
-22
87
57
-89
-67
110
52
-47
-80
61
-11
14
-2
50
-86
41
1
-2
-4
40
-46
0
24
-68
67
23
-106
78
-37
28
-29
-194
400
-195
-61
84
11
-101
105
-282
378
-229
127
-14
-102
58
-124
255
-175
32
13
3
-45
35
3
-91
155
28
-238
149
3
-55
20
147
-160
70
-101
83
-25
7
15
-38
33
-48
98
-91
25
23
-39
-7
31
0
-30
38
-30
0
31
-7
-37
25
27
-90
99
-47
34
-37
15
8
-26
84
-100
70
-159
148
20
-55
3
150
-239
30
155
-91
3
36
-45
3
14
33
-175
256
-123
59
-101
-13
128
-228
381
-281
107
-100
12
85
-58
-192
403
-191
-27
31
-34
80
-102
26
72
-65
31
5
-38
67
-80
24
1
38
-75
40
-7
-4
-29
85
-231
223
42
-189
114
-95
170
-250
258
-156
-22
135
-57
-61
110
-130
297
-540
394
-103
1
-6
34
9
-170
332
-380
170
231
-262
6
26
106
-224
255
-176
81
-57
99
-97
89
-144
136
-92
51
11
-54
61
-44
9
-13
45
-57
49
-56
45
-12
10
-43
61
-53
13
52
-92
138
-144
90
-96
100
-56
82
-176
255
-224
106
26
5
-261
231
170
-379
332
-168
8
35
-6
2
-101
397
-539
298
-129
111
-59
-56
137
-22
-155
261
-249
171
-94
117
-186
45
227
-229
87
-25
-2
-4
44
-71
41
8
28
-72
75
-116
78
-31
33
15
-102
100
-64
10
-12
97
-244
271
-208
160
-101
7
117
-187
142
-49
-68
25
77
-4
-126
125
-38
-80
109
-41
-23
21
-11
123
-120
-140
146
85
-71
-73
72
-1
-4
-11
-32
77
-52
-4
-9
26
37
-73
-17
183
-271
173
-47
14
-13
-5
12
-16
16
-15
13
-5
-13
16
-47
172
-271
184
-16
-71
37
26
-8
-2
-51
76
-31
-12
-4
-2
71
-72
-71
84
146
-139
-119
124
-11
22
-23
-41
110
-79
-37
126
-124
-3
79
26
-67
-47
143
-186
118
7
-100
163
-204
274
-240
100
-9
13
-62
104
-98
19
36
-24
82
-108
56
-72
25
-22
113
-194
120
36
-98
34
-57
88
63
-240
94
123
-113
-20
9
296
-528
332
-92
0
34
-44
72
-222
404
-280
72
-54
49
0
12
-79
-89
228
-126
219
-347
235
-92
-16
99
-64
-89
199
-126
0
8
-8
59
-86
-55
197
-124
61
-78
42
-6
-10
7
12
-25
13
8
-10
-7
42
-77
62
-124
199
-53
-85
60
-6
9
1
-125
199
-88
-63
99
-15
-92
235
-346
218
-126
227
-89
-80
11
1
49
-51
73
-279
406
-222
72
-43
35
1
-90
334
-527
297
10
-18
-112
126
98
-237
66
89
-54
37
-96
40
124
-189
116
-15
28
-65
-81
109
-81
39
-64
-100
69
71
14
-70
-39
135
-39
-57
-25
46
-28
16
8
-25
-7
-8
45
-28
-16
41
3
-20
-77
47
9
54
-87
80
-38
-34
191
-368
249
-240
243
100
-139
4
-28
35
116
-226
-11
169
-54
-31
49
-10
-8
31
-57
-22
32
-23
45
-29
6
23
-50
24
8
-28
46
-20
34
-21
-56
32
-8
-7
51
-31
-52
169
-10
-226
117
34
-28
4
-139
100
242
-240
250
-368
191
-33
-37
80
-87
55
10
49
-77
-18
4
43
-15
-25
46
-6
-7
-24
9
18
-27
50
-22
-53
-36
138
-36
-66
15
74
73
-95
-60
47
-76
117
-46
40
-9
-32
-75
219
-230
66
19
17
-154
233
-63
-74
-84
136
-41
10
-7
-131
268
-91
-179
129
4
46
-108
-38
126
-30
-16
1
-1
-2
-3
17
-45
23
-18
184
-189
-4
67
-45
1
52
-1
-109
153
-122
100
-106
71
-80
89
-50
0
46
-49
1
43
-58
49
-41
37
-40
49
-58
44
0
-47
46
1
-48
91
-80
72
-104
101
-122
154
-109
-1
53
2
-46
65
-4
-189
185
-19
24
-45
17
-3
-2
-1
2
-15
-30
128
-37
-107
46
5
131
-177
-89
270
-129
-7
12
-40
139
-81
-71
-60
237
-150
19
21
71
-226
223
-72
-24
-3
48
12
-64
-1
80
23
-236
273
-75
-57
-4
-14
255
-537
386
-76
-45
57
-30
7
61
-74
-6
27
-43
47
20
-70
-45
193
-128
2
6
-2
4
10
10
-19
-134
283
-245
146
-167
193
-103
80
-82
-45
155
-111
46
-42
12
18
37
-75
4
55
-82
69
-41
37
-12
-19
-10
32
-10
-18
-12
38
-40
71
-82
56
5
-72
39
19
13
-41
48
-110
155
-44
-80
81
-102
193
-166
146
-245
283
-134
-19
11
10
5
-2
7
3
-128
194
-44
-70
21
48
-42
26
-4
-73
62
9
-30
58
-42
-73
390
-534
256
-11
-3
-55
-71
276
-232
25
86
4
-55
-85
132
-190
86
40
-20
-37
-7
-12
-27
23
187
-114
-140
-21
140
-45
-27
69
-16
-161
146
26
-47
-10
15
-48
23
95
-115
62
-33
15
-24
-6
76
49
-172
-69
180
34
-118
14
38
-22
70
-64
-48
15
44
57
-83
30
-80
163
-174
99
-21
-9
6
-3
-7
0
5
-4
7
1
-7
-3
7
-8
-20
99
-172
163
-79
30
-82
58
47
16
-48
-63
69
-22
37
13
-118
34
182
-69
-172
49
77
-5
-24
15
-32
63
-116
97
22
-48
16
-8
-47
27
148
-160
-15
69
-25
-44
143
-17
-137
-111
191
25
-24
-10
-2
-35
-15
43
92
-185
140
9
-66
77
-36
-90
292
-339
133
7
-40
106
-228
268
-268
209
-100
-15
81
-114
57
-25
40
19
-52
30
-33
20
-98
207
-163
66
-21
-15
37
-18
-53
56
-106
177
-145
291
-310
57
29
4
-71
30
183
-237
136
-39
-51
54
15
-98
83
6
-11
-26
25
-54
67
-25
-18
23
-16
-25
68
-54
25
-24
-9
7
84
-97
17
54
-50
-38
137
-236
184
30
-71
5
28
56
-310
291
-143
177
-106
56
-53
-18
37
-15
-21
67
-162
208
-97
22
-32
31
-50
20
42
-24
57
-113
82
-14
-96
212
-266
272
-224
109
-37
9
137
-333
295
-86
-27
82
-57
-10
7
60
-65
-40
-228
312
-20
-14
10
-27
-153
38
195
-101
-28
10
-7
-8
-95
103
119
-114
5
3
-65
7
59
-39
80
-74
15
-8
10
6
-39
-83
138
90
-192
110
-110
166
-121
33
56
-76
-14
-74
202
-196
210
-70
-16
-193
209
-87
67
-35
17
-19
-17
8
3
11
4
8
-16
-19
18
-35
69
-86
209
-191
-14
-70
211
-195
204
-73
-14
-75
57
33
-121
167
-111
109
-193
90
139
-82
-37
6
11
-8
16
-73
80
-37
60
6
-65
4
7
-113
121
104
-94
-6
-6
11
-25
-98
198
40
-150
-24
13
-12
-16
316
-224
-37
-57
64
14
-8
7
8
-68
-5
221
-315
181
-103
82
-129
171
-93
-40
82
-51
10
-33
59
-30
-93
155
-55
-31
17
0
36
-169
228
-129
28
-2
2
-5
0
33
-55
-5
53
-114
167
-70
-7
8
-28
24
64
-163
119
-33
20
-58
88
-47
-67
149
-121
84
-70
16
4
-8
12
-6
1
-6
14
-8
5
17
-70
84
-120
148
-66
-44
89
-57
21
-32
120
-163
64
24
-27
10
-7
-70
167
-113
53
-6
-54
33
1
-5
2
-2
30
-128
229
-168
37
1
19
-29
-53
156
-92
-29
60
-32
11
-47
85
-36
-90
173
-126
85
-101
184
-311
225
-2
-60
12
15
64
-126
58
4
58
-14
-152
151
-24
-12
-103
240
-200
61
-19
-22
35
-37
-3
26
-42
73
-42
0
8
-40
-1
120
-148
49
13
-12
4
-12
1
17
1
55
-242
333
-157
-81
143
-68
18
-39
60
43
-185
168
-43
-36
12
24
35
-159
159
-51
-19
30
-16
-2
2
2
-7
3
2
-1
-16
31
-18
-49
160
-158
37
25
13
-36
-42
167
-184
43
59
-39
19
-67
142
-80
-156
332
-241
55
1
18
2
-11
4
-12
14
48
-147
122
0
-39
9
0
-41
75
-40
28
-2
-35
36
-18
-15
64
-196
244
-100
-9
-22
155
-147
-10
60
11
63
-118
-60
105
-165
87
51
-217
222
-59
-38
-2
12
19
-91
64
30
-52
20
3
-40
42
-53
48
-3
-26
21
-29
41
34
-127
48
46
-28
-10
18
-16
13
21
-107
34
130
-122
92
-48
-37
61
-41
29
-7
-23
-29
80
-44
-7
0
51
-112
94
-7
-31
14
2
-2
-10
2
4
3
-10
-2
3
14
-29
-6
96
-110
51
2
-7
-44
78
-28
-22
-7
28
-42
61
-36
-48
92
-122
129
35
-106
21
13
-16
18
-10
-28
46
49
-126
36
42
-27
22
-24
-2
49
-51
43
-38
6
21
-49
33
67
-88
23
16
3
-36
-57
226
-213
54
93
-160
113
7
-54
75
-53
-13
111
-115
11
-50
85
-41
-33
29
29
-12
-40
9
20
17
-77
42
18
-21
-1
16
-50
54
-86
131
-74
-2
10
-19
20
-8
6
-9
-3
3
26
-57
37
32
-41
-22
94
-97
40
-30
39
-49
50
-30
26
-21
0
7
-30
33
-14
3
1
-3
1
-3
2
-3
2
4
-12
32
-29
8
1
-20
28
-30
51
-48
39
-29
41
-95
95
-22
-40
31
36
-57
26
4
-3
-8
6
-7
20
-19
11
-1
-74
131
-85
56
-48
17
0
-19
19
43
-75
19
23
10
-36
-9
34
32
-31
-39
88
-49
15
-109
114
-10
-45
80
-45
7
-22
12
-19
16
-91
97
-65
76
-32
-40
39
-31
18
-32
26
-27
12
24
-39
22
-11
8
-17
22
-35
27
-24
15
9
-14
6
-10
0
7
-11
22
-28
15
-21
35
-19
-6
15
-4
-11
9
13
-18
9
-11
7
-6
24
-30
-12
28
-20
2
10
-7
-1
0
-2
2
-2
0
1
-6
11
2
-20
29
-11
-28
24
-5
7
-9
11
-17
13
11
-12
-3
15
-6
-18
35
-20
15
-28
23
-11
8
0
-10
7
-13
9
16
-22
28
-34
23
-17
9
-9
22
-38
25
13
-26
30
-29
21
-28
43
-37
-31
78
-61
101
-88
20
-13
17
-13
3
-30
11
-10
-8
59
-47
-16
-10
6
-14
59
-47
2
-10
5
2
-17
24
-32
31
-25
17
-20
11
-7
0
0
16
-19
1
0
-3
7
-8
3
-1
-12
27
-43
58
-37
20
-11
-7
18
-18
5
-7
14
-10
-2
0
3
2
-24
24
-3
-11
2
1
-1
-6
3
0
2
-5
-2
2
4
-9
-2
25
-24
3
4
1
-1
-8
15
-6
5
-17
18
-7
-9
20
-38
58
-44
28
-13
0
5
-6
7
-3
1
2
-19
17
0
2
-6
13
-19
18
-23
32
-30
25
-15
3
8
-7
5
-43
62
-12
8
-8
-14
-42
63
-5
-3
16
-22
-16
16
-26
-6
17
-28
-6
11
18
-30
1
15
-28
21
-17
-3
3
7
-20
9
1
7
-2
-6
-3
3
-7
12
-14
3
-3
2
-2
2
-3
-1
10
-20
17
-12
6
5
-14
11
5
-10
0
5
-1
-5
4
-3
-1
-2
9
-16
5
1
1
-8
6
-1
-1
0
1
0
-1
-1
6
-8
1
3
6
-16
10
-1
0
-2
4
-5
0
5
1
-10
5
11
-14
5
6
-11
18
-20
11
-1
-2
3
-2
3
-2
4
-14
13
-5
4
-3
-4
-1
10
1
11
-19
7
4
0
-15
25
-24
19
2
-28
20
15
-2
-23
19
0
-22
24
-2
-25
24
-25
19
-19
-8
15
-42
44
2
-52
35
-15
7
-9
0
3
-16
-9
45
-37
13
-10
0
0
3
-9
-2
4
0
-4
2
2
-4
2
-6
9
-8
15
-7
-5
0
8
-9
7
-12
23
-17
5
-4
-1
1
-3
3
-6
2
-3
-1
-1
1
-2
-4
1
-2
2
-2
-1
2
0
0
-2
2
-5
4
-2
2
0
-5
6
-16
23
-12
8
-8
8
1
-4
-7
15
-8
8
-6
3
-3
4
2
-4
1
4
-2
-7
5
1
2
-7
15
-36
46
-7
-16
5
1
-4
10
-12
38
-49
5
47
-40
20
-4
-16
21
-16
29
-18
-13
-1
-9
-4
-4
9
-12
-6
9
-9
-6
-5
-4
12
-17
-6
13
-9
5
-10
7
12
-16
-3
3
-6
5
-8
11
-10
2
-1
7
-13
7
-1
-7
11
0
-11
8
1
6
-14
6
5
-10
4
4
-7
2
0
-5
1
6
-12
5
-1
-2
-2
-1
0
-2
0
1
1
-2
0
0
0
0
0
6
-11
8
2
-4
2
2
-6
5
3
-10
5
7
-12
6
1
8
-10
0
11
-7
-1
7
-11
7
-1
3
-11
11
-7
8
-5
5
-2
-14
13
8
-9
5
-7
14
-2
-14
15
-1
-2
-3
-5
10
0
-9
14
-1
2
-5
6
-16
3
-8
0
-16
-2
16
-5
-25
9
9
0
-9
-12
8
-2
-7
3
3
-12
11
-6
-3
1
-1
-2
-2
-4
10
-11
2
1
-7
8
-2
-1
2
3
-4
-1
5
-2
-7
12
-6
3
-2
-2
2
-3
1
-2
5
-5
5
-6
2
0
-5
3
1
-3
0
0
-1
0
1
-2
1
5
-4
0
3
-5
6
-5
5
-2
2
-3
3
-1
-1
3
-6
11
-7
-2
5
-1
-4
3
2
-1
-2
8
-7
2
3
-10
11
-3
-1
-1
1
1
-2
-4
11
-12
4
4
-6
0
12
-9
-6
2
12
12
-23
-2
19
2
-14
8
-3
12
-12
3
-14
3
-17
27
-30
9
2
-18
15
-19
34
-36
4
-3
3
-6
6
-8
9
-12
6
-4
-1
-3
4
-1
-3
1
-4
0
1
-3
2
-4
6
-3
0
1
-1
4
-9
8
3
-6
0
1
0
1
-4
-1
2
-3
-3
1
0
-2
1
-5
1
0
-1
1
-1
1
0
-1
1
-3
2
0
1
3
-2
-3
3
1
-2
3
1
2
-1
-4
3
7
-8
5
-1
3
0
-5
7
-4
0
-1
1
2
-2
1
-2
-1
6
-2
0
-4
7
-9
10
-7
7
-4
4
0
7
-32
38
-16
16
-15
4
13
-26
31
-13
9
-9
11
-12
0
-9
-8
12
-41
18
17
-22
10
-9
-2
-7
6
-5
-5
1
-2
-4
1
2
0
-4
1
-3
-2
-4
13
-21
7
-2
0
-2
1
-1
0
7
-14
8
1
3
-10
6
2
2
-5
5
-4
3
-4
1
-1
-1
-1
0
-2
1
-3
2
-5
1
-1
-1
0
0
0
-1
-1
2
-4
2
-2
1
-1
0
-1
-1
0
2
-4
4
-4
6
-5
2
3
6
-10
3
1
8
-15
7
0
0
3
-2
1
-1
8
-20
15
-1
0
-1
4
-3
1
3
2
-2
0
1
-2
-2
9
-4
2
-6
13
-20
21
22
-37
16
1
-3
7
-3
-4
-4
-1
2
-3
-5
-4
3
0
-5
-6
-3
1
-1
-3
-1
-1
0
-1
0
0
-2
-2
-1
0
-1
-3
-3
1
0
-1
-1
0
0
0
0
0
0
-1
-1
1
1
1
0
0
1
-1
-1
0
0
-1
-1
-1
0
-1
-1
0
0
-1
-2
0
0
0
-1
0
0
0
-1
-1
0
0
0
0
0
0
-1
0
0
0
0
-1
0
0
0
2
1
0
-1
-1
0
0
0
0
1
1
-1
0
2
1
-1
-1
1
2
0
-2
0
2
1
0
0
0
0
0
2
3
0
-4
-2
3
5
0
-2
1
4
3
0
0
