0
10
-3
-1
-2
10
15
-59
24
-9
15
6
16
-74
113
-83
-15
29
54
-77
32
25
-180
325
-270
137
-18
-32
-6
44
-28
-2
-8
3
6
6
-4
-7
-3
12
-7
0
7
-18
15
-8
4
-4
-1
7
-3
1
-4
2
-3
2
-1
-3
2
1
0
-1
0
0
0
-1
-1
0
0
-1
-2
3
1
-3
2
-2
2
-1
2
-8
1
3
-4
7
-16
18
-8
0
6
-14
2
6
4
-7
-6
-4
7
3
28
-45
5
32
19
-138
270
-326
181
-25
-33
77
-55
-30
15
81
-115
74
-18
-7
-15
6
-25
58
-17
-12
0
-2
2
-14
0
-16
7
0
-1
6
-13
56
-91
43
10
-9
4
8
-26
34
-76
54
-8
15
13
-83
163
-170
89
-106
178
-122
60
-55
35
-33
71
-65
11
28
-49
34
6
-21
7
-2
5
-7
0
-2
2
2
-3
3
6
-16
6
2
-1
0
2
-2
0
0
-1
0
-1
0
0
-1
1
-1
1
-1
0
1
-3
0
1
-2
-5
15
-6
-4
3
-3
-3
1
-1
5
-7
2
-8
22
-8
-34
48
-29
-12
64
-71
33
-36
56
-61
121
-178
105
-89
170
-164
83
-13
-15
8
-55
76
-36
24
-7
-6
8
-13
-46
92
-57
13
-8
0
-2
-7
10
0
4
1
-1
-5
4
-55
126
-55
-45
45
-30
31
-12
-43
-27
166
-194
138
15
-125
2
2
372
-456
165
-54
56
-87
113
-89
83
-73
21
-33
65
-22
-5
15
-32
25
8
-39
39
-31
24
-15
9
2
-3
-9
2
-1
7
-7
4
-2
-2
1
1
0
-1
0
-1
0
0
0
0
0
-1
-2
1
2
-5
6
-8
0
-2
8
4
-3
-10
14
-24
31
-40
38
-8
-27
32
-15
5
21
-66
33
-21
72
-83
87
-115
87
-58
54
-167
455
-373
-3
-2
124
-16
-138
193
-167
26
42
11
-33
29
-47
42
54
-127
54
-5
4
-1
-2
-8
0
-10
11
-1
-9
17
14
-53
-12
68
-41
23
-21
10
-43
65
-87
190
-196
69
38
-4
-141
129
62
-148
128
-59
-46
54
-41
45
-18
5
3
-20
19
1
-15
15
-18
6
13
-14
4
8
-21
19
-9
-3
6
-5
0
1
-3
7
-6
0
-1
0
0
0
0
0
0
-1
0
0
-1
0
-1
-2
5
-7
2
-2
0
5
-7
2
8
-19
18
-9
-5
13
-13
-8
16
-15
15
-2
-20
19
-5
-6
18
-46
42
-54
46
58
-129
147
-62
-129
141
5
-39
-70
195
-190
86
-66
41
-11
19
-25
39
-69
11
52
-15
-19
7
-2
-11
4
0
-2
11
-2
-11
-12
88
-159
135
-58
11
6
-21
0
17
-39
105
-201
215
-60
-99
211
-307
264
-164
128
-85
40
2
-26
-46
86
-76
67
9
-28
-24
39
-15
-7
-11
27
-12
3
-3
-10
17
0
-10
1
-1
6
-6
-2
5
-5
3
-1
-1
0
-1
0
0
-1
0
1
0
0
0
0
0
1
-4
5
-6
1
4
-6
-1
-1
10
0
-17
9
2
-3
13
-28
9
9
16
-39
24
28
-10
-67
76
-86
46
26
-3
-40
84
-128
164
-265
308
-211
99
59
-216
199
-105
39
-18
-3
19
-8
-13
56
-136
159
-89
11
8
0
-12
-3
0
0
0
-1
3
-18
30
-57
68
-72
62
-19
15
-70
14
155
-86
-91
-16
181
-4
-247
4
444
-461
132
40
-23
49
-44
-16
-12
39
24
-60
59
-15
-29
29
-15
-8
-3
18
-13
16
-19
2
11
-7
3
1
-5
4
-4
7
-6
0
-1
3
-4
1
-1
0
0
0
-1
0
0
-2
4
-4
0
-1
6
-7
4
-3
4
-3
-4
7
-12
-4
18
-16
12
-19
2
7
14
-29
30
15
-59
59
-23
-39
12
17
42
-48
23
-40
-132
461
-445
-4
246
4
-181
15
91
86
-156
-14
69
-16
18
-64
69
-68
57
-30
19
-4
-3
-1
-4
0
76
-162
66
20
-29
49
-60
85
-76
24
-13
10
21
-50
71
-227
367
-365
303
-11
-45
64
-292
-6
182
-10
44
-71
36
24
-13
-63
-37
129
-44
-49
45
-7
-27
41
-8
-8
-7
4
-8
19
-18
2
9
-11
-8
18
-7
2
-3
2
-5
2
-1
-1
-1
-1
-2
0
0
-1
-1
1
0
-4
3
-3
3
-3
6
-18
7
9
-8
-3
17
-22
6
-4
6
6
7
-42
25
6
-47
48
43
-129
34
63
12
-24
-37
71
-44
9
-182
5
292
-64
44
11
-303
365
-368
226
-73
48
-23
-11
11
-25
75
-86
60
-50
26
-21
-69
159
-80
0
165
-494
554
-584
890
148
-1494
413
536
-6
-214
152
-317
230
613
-605
-866
1183
167
-1239
643
1188
-1186
-478
676
234
-638
293
-137
305
-118
98
-157
59
-88
-112
389
-29
-562
518
66
-499
275
345
-537
-91
655
-176
-531
373
171
-353
96
193
-140
-40
83
-34
-42
36
11
-18
10
0
-11
17
-13
-36
41
34
-84
39
138
-195
-97
353
-171
-373
530
176
-656
90
536
-347
-274
500
-68
-519
561
29
-390
112
86
-59
156
-98
118
-306
137
-293
636
-236
-678
477
1188
-1187
-645
1240
-166
-1184
864
605
-615
-231
315
-153
212
3
-538
-414
1492
-147
-891
582
-557
492
-168
0
-203
536
-475
582
-819
3454
-5402
1295
2225
-1540
1170
-945
-64
299
474
-934
983
-1239
1051
-997
759
321
-908
1217
-1282
475
137
-329
997
-1138
-713
1996
-1142
773
-940
689
-55
-979
1185
-905
817
-352
-179
109
873
-1128
100
239
-199
349
-284
311
-210
-21
0
214
-290
239
-396
365
-274
293
-58
0
57
-294
273
-367
396
-239
286
-217
-4
23
207
-311
285
-351
199
-239
-100
1126
-871
-111
181
352
-818
905
-1182
976
55
-690
939
-773
1139
-1996
716
1139
-998
329
-136
-477
1285
-1218
909
-322
-760
999
-1050
1239
-984
934
-475
-301
63
943
-1173
1537
-2225
-1295
5395
-3451
818
-584
470
-537
199
0
-273
683
-100
-778
864
-998
1153
-2472
2946
-925
-26
537
-1100
1201
-1054
942
-2483
2496
-1082
336
793
-1685
111
1816
-767
-590
574
339
-687
1190
-1373
-24
737
-212
-429
919
-847
331
-205
63
208
-754
929
-1194
2013
-2310
2475
-2499
1939
-1391
1579
-1596
1096
-826
580
-421
230
-178
235
-51
10
31
-72
0
72
-34
-10
52
-237
177
-233
424
-586
828
-1099
1597
-1581
1391
-1943
2498
-2477
2311
-2012
1191
-929
746
-205
-62
203
-332
846
-918
426
211
-737
24
1376
-1194
688
-341
-574
589
765
-1819
-110
1689
-797
-333
1080
-2496
2481
-943
1051
-1202
1099
-539
27
921
-2941
2468
-1154
994
-864
776
98
-683
270
0
-127
165
0
-304
-687
2170
-2449
3316
-2656
645
-381
437
-740
1462
-1521
2836
-3348
1302
-192
-1058
2056
-3733
5353
-3710
1751
-235
-542
849
-1319
171
1592
-1562
782
-433
-307
631
-327
193
104
-202
46
265
-1075
1329
-1556
1507
-1278
1226
-224
-466
1015
-1086
434
-336
44
256
13
-318
570
-758
736
-607
295
0
-294
606
-737
759
-570
316
-9
-260
-44
337
-436
1085
-1014
462
224
-1226
1274
-1507
1556
-1331
1075
-271
-41
196
-101
-197
327
-631
303
431
-778
1562
-1597
-170
1321
-851
544
230
-1746
3713
-5363
3740
-2059
1058
192
-1305
3349
-2836
1518
-1463
740
-438
377
-642
2644
-3313
2450
-2172
687
301
-2
-166
122
0
-33
6
126
-120
-447
1042
-3535
5557
-2287
-618
-8
672
-1463
1919
-360
-595
108
-152
1069
-1900
1414
-723
-5
497
-947
1641
-1080
327
-31
-353
429
-562
1149
-1151
262
191
182
-366
-178
573
-479
184
804
-1596
2302
-2530
1715
-1054
-305
1114
-1371
1778
-1553
1215
-339
-305
444
-419
-62
319
-329
354
-215
0
215
-357
329
-320
59
420
-444
299
342
-1216
1555
-1782
1371
-1115
304
1054
-1716
2528
-2301
1592
-800
-188
473
-573
181
365
-183
-189
-263
1148
-1148
561
-431
353
32
-330
1082
-1644
952
-498
4
721
-1417
1904
-1072
154
-110
595
359
-1919
1460
-671
3
619
2279
-5552
3531
-1041
444
118
-127
-7
30
0
-66
74
229
-259
-632
1552
-4070
5178
-1609
-516
521
-430
-919
1621
-1074
877
-1324
1297
-1459
208
3432
-4744
4005
-2719
1036
-515
549
-236
-244
588
-494
123
40
-76
-422
1151
-1346
589
402
-1024
1089
-634
-5
853
-1466
2036
-2281
1876
-997
146
732
-1606
1668
-1271
666
-194
-119
314
-248
113
-19
6
60
0
-60
-7
18
-114
249
-316
119
188
-666
1275
-1675
1607
-732
-147
999
-1877
2278
-2036
1466
-852
10
625
-1083
1018
-399
-592
1345
-1152
420
75
-42
-124
494
-588
243
236
-547
510
-1030
2722
-4015
4753
-3439
-210
1460
-1298
1324
-878
1071
-1621
918
426
-523
517
1602
-5174
4068
-1555
634
256
-233
-73
60
0
-53
105
218
-355
-687
1411
-741
356
-567
346
669
-1248
1250
-1381
950
-209
371
-590
149
714
-3241
4279
-3842
3672
-1625
-44
57
-153
104
250
102
-506
957
-917
120
183
-599
802
-870
922
-222
154
-691
1333
-2328
2786
-2574
2020
-1151
493
-343
-18
374
-602
602
-466
633
-541
206
119
-281
288
-261
0
260
-289
281
-119
-206
539
-635
465
-599
600
-374
19
344
-494
1151
-2021
2572
-2786
2327
-1331
683
-145
212
-918
870
-803
597
-184
-120
915
-955
505
-105
-248
-105
153
-59
45
1624
-3677
3848
-4284
3246
-716
-148
587
-370
208
-951
1380
-1252
1245
-666
-351
568
-356
739
-1411
684
354
-221
-106
48
0
-103
144
117
-340
-141
-60
4219
-5966
1413
986
-730
468
521
-651
94
361
-1265
1267
-608
-914
3342
-2861
967
-532
609
-426
82
306
-602
280
-53
-66
315
-19
-344
725
-913
808
-571
-244
519
-174
205
-511
780
-1125
1160
-999
485
207
-489
875
-599
-129
131
96
31
-231
246
-160
166
-174
37
0
-36
172
-166
159
-247
227
-32
-91
-135
130
598
-877
488
-207
-486
998
-1161
1126
-779
508
-199
167
-515
242
568
-808
912
-723
342
18
-316
66
51
-282
604
-309
-79
424
-614
532
-970
2865
-3348
916
607
-1267
1263
-362
-95
650
-522
-467
721
-983
-1412
5959
-4215
56
143
338
-118
-146
100
0
-138
202
-54
-149
554
-868
1198
-1270
944
-690
184
241
-789
716
88
-681
1259
-1632
1829
-1704
1375
-2391
3692
-2168
425
-23
-344
777
-1114
259
654
-1364
1620
-854
47
1115
-1066
-786
963
132
-328
214
-566
1336
-1678
1633
-1030
272
-394
738
-1156
1516
-659
-147
7
31
85
-107
-94
206
-383
470
-193
0
192
-473
383
-208
93
107
-86
-30
-12
150
659
-1519
1157
-739
392
-273
1029
-1635
1680
-1338
567
-219
335
-135
-964
785
1062
-1112
-51
852
-1616
1363
-657
-259
1115
-780
345
21
-426
2170
-3697
2394
-1378
1705
-1828
1631
-1259
680
-89
-717
787
-239
-188
689
-947
1268
-1196
866
-555
148
51
-201
133
0
-108
218
-169
116
521
-306
-4514
6726
-2444
25
332
-773
1058
-900
23
420
-572
853
-1072
1749
-3423
1790
1968
-1509
-81
317
-550
947
-1341
614
139
-591
1138
-1086
763
-1479
1966
-416
-380
71
-138
144
112
-899
1243
-1464
1572
-787
290
-389
506
-293
155
-54
-134
62
25
-108
98
-86
-71
433
-340
0
342
-436
71
85
-101
108
-24
-70
138
52
-153
293
-508
390
-291
787
-1572
1465
-1245
900
-118
-141
137
-74
383
416
-1966
1478
-763
1082
-1136
590
-142
-616
1342
-945
548
-316
87
1511
-1972
-1793
3428
-1749
1071
-852
571
-420
-25
899
-1060
771
-328
-30
2434
-6719
4512
306
-527
-118
168
-219
104
0
-120
245
-344
375
-480
333
1210
-1748
288
386
-530
744
-919
619
354
-51
-1089
1532
-1697
1745
-2029
507
1554
-880
-3
250
-535
929
-1119
-112
799
416
-1345
1533
-1726
2439
-1947
-415
942
-16
-242
380
-505
562
258
-1585
1040
189
-616
987
-1785
2202
-792
-396
227
-93
35
99
-132
-176
622
-529
112
0
-112
528
-621
174
132
-101
-36
94
-228
395
796
-2207
1787
-989
617
-189
-1040
1585
-257
-561
499
-377
245
14
-942
414
1945
-2434
1721
-1531
1343
-416
-798
109
1124
-933
535
-250
2
880
-1555
-508
2032
-1746
1696
-1531
1089
51
-355
-619
916
-741
526
-389
-289
1745
-1210
-334
479
-375
341
-247
117
0
-97
181
-255
285
-843
500
3627
-5448
2394
-834
956
-812
547
-171
-382
254
647
-842
584
-805
857
-234
-429
338
171
-168
24
-480
798
-402
275
-130
35
-602
976
-2008
1924
333
-994
141
354
-777
158
1578
-1454
52
335
-520
715
-554
-866
2208
-1284
240
-161
164
-280
280
195
-451
-77
271
63
0
-64
-273
77
449
-197
-282
279
-159
156
-241
1283
-2209
867
554
-716
519
-336
-53
1453
-1576
-156
774
-350
-141
989
-333
-1923
2006
-974
600
-37
129
-276
402
-801
483
-22
167
-176
-339
431
234
-855
803
-584
842
-647
-255
382
168
-548
812
-958
831
-2390
5441
-3625
-500
840
-286
250
-181
92
0
-27
56
25
-19
274
177
-3895
5425
-2574
1270
-1475
1174
-558
82
289
-163
-540
110
1009
-2640
4730
-2174
-1807
961
549
-845
1080
-1441
1539
-202
-691
-35
341
406
-892
1021
-604
-530
562
515
-1081
1189
-457
-980
344
1636
-1296
-11
905
-1791
467
1083
-579
472
-351
-365
668
-607
-72
594
-347
118
-54
0
54
-119
344
-595
74
605
-668
358
357
-472
578
-1086
-467
1790
-904
10
1293
-1637
-343
976
465
-1190
1072
-515
-559
528
604
-1020
892
-407
-341
35
691
203
-1540
1439
-1078
843
-545
-963
1809
2174
-4737
2644
-1008
-112
540
162
-291
-84
556
-1173
1466
-1266
2568
-5419
3890
-178
-270
19
-28
-57
22
0
103
-221
360
-581
1444
-1620
-599
1643
-162
-815
1621
-1922
1216
-527
-468
211
1192
-620
-1065
197
1953
-1220
-610
887
-689
-440
1473
-1208
713
562
-1138
-516
1258
-469
-39
926
-1189
582
-482
364
189
-1134
748
1080
-694
-1327
868
832
-928
464
-155
31
-519
629
-83
-43
248
-541
-55
452
120
-449
146
0
-146
449
-121
-451
54
540
-248
41
82
-628
512
-30
154
-463
927
-832
-868
1326
691
-1078
-741
1128
-191
-363
481
-582
1187
-928
41
469
-1258
515
1139
-563
-715
1209
-1475
440
689
-889
609
1224
-1956
-199
1065
620
-1195
-211
466
526
-1217
1918
-1622
813
160
-1641
596
1617
-1441
580
-362
218
-107
0
222
-436
551
-580
-99
-134
3189
-3764
753
602
-1225
1022
327
-384
-211
-756
2506
-1527
-384
788
-898
311
191
-168
89
423
-984
1695
-1372
-544
207
2286
-2063
312
398
-649
1175
-1806
59
1818
293
-2159
-215
1913
320
-1522
-553
1026
1168
-1359
-275
439
128
-261
282
4
-473
147
453
-48
-503
165
235
0
-238
-163
504
47
-456
-145
472
0
-286
255
-125
-442
271
1360
-1168
-1026
555
1520
-322
-1910
210
2156
-292
-1817
-62
1805
-1174
649
-401
-314
2057
-2286
-206
543
1375
-1696
983
-423
-94
166
-193
-310
900
-791
383
1528
-2506
756
213
381
-330
-1021
1223
-604
-751
3759
-3188
133
96
580
-554
434
-228
0
331
-545
319
189
-1770
2711
-2808
2449
-1024
252
515
-329
-1330
1192
161
1264
-4110
2449
876
826
-3753
1580
1470
-641
-630
971
-1061
523
118
-1628
2457
-1762
995
113
-500
157
-461
1108
-38
-1868
1002
663
-248
-321
515
-884
42
791
443
-1357
139
618
-7
-226
-235
574
-434
38
51
64
83
-102
-75
0
75
102
-84
-65
-54
-39
433
-579
237
225
9
-619
-138
1357
-444
-792
-46
884
-514
321
238
-658
-1002
1863
38
-1109
461
-157
498
-116
-988
1762
-2464
1631
-119
-524
1062
-975
633
643
-1475
-1583
3759
-827
-876
-2450
4111
-1265
-162
-1195
1330
329
-512
-254
1017
-2446
2806
-2711
1766
-190
-323
542
-335
0
250
-361
-525
886
796
-1724
1206
-859
819
-702
109
-560
1946
-1257
-384
2512
-4841
2281
969
1028
-3018
2397
-1433
-759
2172
-877
-445
287
-211
1526
-2187
2133
-1816
940
-950
1389
-1210
950
491
-1767
1108
-428
-973
1294
1184
-1696
191
295
-852
732
377
-149
-797
565
125
61
-383
135
-47
-53
228
-76
-17
0
19
73
-228
52
47
-135
383
-61
-127
-567
799
149
-379
-732
850
-295
-195
1696
-1184
-1292
965
430
-1110
1764
-492
-948
1208
-1389
947
-938
1811
-2134
2195
-1531
214
-288
441
879
-2175
762
1435
-2401
3024
-1030
-970
-2281
4839
-2512
377
1257
-1946
559
-110
696
-818
858
-1205
1721
-797
-886
521
358
-255
0
-102
134
-681
775
621
-953
228
44
-664
818
-324
-408
1056
-555
-245
526
-405
-662
1415
48
-1276
1760
-2205
490
790
-196
310
-1133
970
-384
292
-232
82
178
-125
-55
54
-186
936
-1457
1400
-859
-862
1649
-1454
741
1118
-1421
490
-159
-32
-59
554
-495
41
162
-524
407
70
-229
350
-313
118
0
-118
314
-353
228
-71
-407
522
-163
-38
492
-557
60
32
159
-492
1420
-1118
-742
1454
-1647
856
861
-1403
1455
-937
186
-55
52
125
-180
-83
232
-293
384
-972
1135
-311
198
-791
-489
2206
-1762
1278
-50
-1414
660
403
-527
242
553
-1057
406
324
-821
667
-44
-232
953
-622
-774
677
-135
98
0
-174
274
-79
830
-3680
3619
-510
30
-408
69
136
-812
1087
-372
202
-953
1051
-762
974
-678
-191
820
-1029
752
138
-794
605
-501
-144
745
-409
51
167
-215
255
157
-900
991
-1334
1071
239
-649
610
-533
325
-135
112
-523
861
-1222
1129
-62
-611
622
-575
567
-460
151
-103
284
-440
418
-239
0
237
-420
439
-285
104
-153
459
-568
576
-624
611
63
-1130
1222
-861
522
-111
133
-325
531
-612
651
-242
-1070
1331
-993
901
-158
-256
215
-170
-52
408
-746
143
501
-602
792
-140
-755
1028
-820
189
679
-974
761
-1051
952
-203
370
-1087
810
-139
-68
407
-30
511
-3618
3679
-831
76
-273
168
0
-8
195
81
256
180
-1142
666
113
-236
-183
-335
1356
-1081
193
526
-314
7
-900
1285
-461
-588
428
232
450
-920
411
70
-140
-105
-85
291
-342
433
-154
60
-110
0
242
-481
311
-188
146
41
-102
212
-285
262
-118
-71
-24
12
135
-149
99
-47
58
-39
-5
17
-73
91
-50
9
0
-10
49
-92
73
-19
6
36
-60
48
-101
150
-138
-12
24
71
117
-265
283
-211
102
-42
-146
187
-312
480
-242
-1
110
-62
153
-431
341
-293
86
106
139
-70
-411
919
-452
-232
-430
589
461
-1285
900
-7
313
-526
-195
1080
-1356
332
179
233
-114
-667
1139
-182
-256
-85
-195
4
0
-136
48
-27
48
-83
31
23
-21
136
-183
145
-83
-44
78
-124
123
-28
37
-65
68
-44
-311
511
-122
-125
60
-37
48
-41
70
-66
-34
53
-66
35
108
-76
-45
18
28
-17
4
0
-7
3
0
6
-13
15
-11
7
-13
13
-7
5
-6
3
-1
0
-1
0
-1
0
0
0
0
-1
0
-1
0
-4
5
-6
7
-13
13
-9
10
-17
13
-5
-2
-5
7
1
-6
17
-29
-17
44
74
-109
-35
66
-53
34
65
-71
42
-49
37
-62
126
122
-512
310
43
-69
62
-38
28
-123
123
-80
42
81
-146
181
-137
20
-23
-31
81
-49
23
-50
132
0
-48
-36
75
-30
-65
59
103
-140
-68
157
-97
29
71
-32
-19
-104
96
81
-201
227
-211
27
205
-102
-52
31
-23
36
-9
-41
23
50
-30
10
-64
32
26
-12
-6
5
-1
-9
5
2
-2
1
-3
3
-4
1
-4
5
-4
0
-1
0
0
-1
-2
0
-1
0
-1
0
0
0
0
-1
0
-1
-1
-1
0
0
4
-6
4
-2
3
-4
1
-2
0
-2
-5
9
1
-6
5
11
-27
-33
63
-11
29
-51
-24
40
9
-36
22
-32
53
101
-206
-27
212
-227
200
-81
-97
103
17
31
-72
-31
95
-158
65
139
-102
-61
63
27
-78
34
43
0
-37
5
16
-4
-22
47
-106
90
33
-74
58
-64
69
-25
-62
25
96
-149
150
-24
-154
160
-60
3
-4
13
-18
-21
40
5
-24
7
6
-15
24
-21
4
9
-16
12
-3
-2
0
1
5
-9
4
0
0
-1
-1
1
-2
2
-1
-2
2
-3
1
1
-1
0
-1
0
0
0
0
0
-2
3
-4
1
0
-3
1
-2
0
0
0
-1
-5
8
-5
0
-1
2
3
-14
16
-9
-4
20
-24
15
-7
-7
23
-6
-41
20
18
-13
5
-4
60
-161
154
24
-150
149
-97
-26
62
25
-70
62
-60
73
-34
-90
105
-48
21
3
-18
-5
33
0
-44
16
-13
1
64
-78
51
-35
6
10
-19
46
-80
107
-118
84
-54
-53
180
-66
-64
-68
154
-54
-4
-5
-3
30
-39
18
4
-37
41
-8
-6
1
-1
2
-1
-1
-1
-3
3
-1
-5
0
3
-2
0
-3
2
-5
1
3
-1
0
0
0
-2
1
0
-1
0
0
-1
0
-1
0
1
-2
-2
0
0
-3
-2
4
-4
2
-1
2
-3
-2
4
0
-6
0
2
0
0
-3
-1
-1
6
6
-43
36
-5
-19
38
-30
3
5
3
54
-154
67
64
65
-180
50
54
-84
116
-108
78
-47
18
-12
-8
34
-51
78
-65
-2
11
-17
38
0
13
10
-3
-6
2
3
-5
-8
2
8
3
-4
1
8
-2
-18
-17
5
17
5
-10
-3
12
12
-5
-13
-3
6
3
-3
0
3
0
-5
-1
5
2
-3
-3
1
1
-1
-2
1
0
-3
-3
2
2
-1
-3
0
2
0
-2
0
2
-1
-2
0
0
-1
-2
0
2
0
-2
0
0
0
-1
-1
1
0
-3
-1
2
0
-4
-3
2
1
-2
-2
0
1
-3
-2
2
2
-3
-6
-1
4
-2
-3
1
2
-3
-7
3
14
5
-12
-13
3
10
-6
-18
-6
16
17
2
-8
-2
2
-5
-10
-2
7
5
-3
-2
5
2
-12
-15
