-9
-8
1
-11
-14
40
-24
-20
3
-6
14
-21
17
-9
7
-19
-16
25
-14
32
-63
32
-18
-8
110
-124
31
-10
20
-7
-10
1
-5
18
-3
-13
5
3
-1
-7
14
-6
-2
3
-1
-6
9
-2
-4
-1
4
-4
0
-2
-4
2
1
-2
0
-1
-1
-1
-1
0
-1
-1
0
-1
0
1
-1
0
1
4
-3
-2
2
-3
4
1
-3
-2
8
-5
0
5
-2
-6
14
-6
0
2
6
-11
-1
17
-5
2
-9
-7
21
-9
33
-123
111
-6
-18
34
-62
34
-13
27
-15
-16
10
-5
20
-18
17
-2
5
-17
-21
45
-12
-4
5
1
-10
-3
-6
-11
29
-27
-47
44
24
-42
-13
21
2
-21
46
-84
25
8
40
-77
99
-84
81
-34
-139
126
7
-27
10
-30
42
-13
-15
0
18
-13
-2
2
5
-6
2
2
-8
6
5
-2
-8
4
2
-4
0
4
-6
2
0
1
-4
3
1
-2
0
0
0
0
-1
1
1
1
0
-2
1
3
-3
0
1
3
-6
4
1
-2
3
5
-8
-2
5
6
-8
3
2
-7
5
2
-2
-12
20
1
-15
-11
43
-30
12
-25
7
127
-138
-32
82
-84
100
-77
42
9
26
-80
49
-17
5
23
-10
-39
25
47
-42
-24
33
-4
-2
4
-11
0
-11
-3
0
7
-16
-4
9
-14
-23
34
-16
20
-15
-63
75
3
-49
-36
99
4
-134
90
50
-43
-67
80
-41
5
-26
48
-25
16
-25
21
-14
11
-15
9
-2
7
-5
2
-7
8
1
-2
-4
4
0
5
-19
18
-15
9
-1
-6
1
0
0
-1
-1
0
0
0
-1
0
0
0
1
-5
0
11
-14
17
-18
7
2
5
-3
-2
1
8
-7
2
-5
8
-2
9
-14
11
-12
21
-24
16
-25
48
-26
6
-40
82
-66
-40
51
92
-134
4
101
-35
-48
4
76
-61
-11
22
-12
38
-20
-10
10
-1
-13
12
3
4
-7
8
-9
-5
-6
-5
11
-28
23
-18
-10
18
-18
-3
7
7
-22
67
-124
75
5
-88
60
75
-102
7
-6
93
-103
35
-2
15
-20
3
-7
13
-27
30
-22
19
-12
4
8
-6
0
2
-5
-1
1
2
2
-6
8
-7
12
-12
1
1
-3
-3
1
-2
2
-1
-2
0
0
0
-1
1
3
-1
2
-1
-2
2
3
-13
12
-6
9
-6
3
1
1
-2
-4
2
0
-6
8
4
-13
18
-22
30
-28
13
-7
4
-19
18
-1
36
-103
95
-5
9
-101
77
61
-86
6
76
-123
71
-19
12
10
1
-15
20
-7
-15
27
-25
14
2
-2
3
-7
-6
-5
-8
1
-21
26
-1
-47
32
-10
4
14
-18
-26
65
-41
-50
24
100
-163
174
-188
55
129
-148
47
7
0
-50
101
-83
25
4
-13
5
-6
17
-16
11
-15
10
2
-3
-3
8
-3
1
-8
1
9
-12
-1
15
-17
-2
10
-5
2
-7
3
-2
-1
-2
0
-1
0
-1
4
-5
2
-4
11
-1
-16
15
-1
-10
9
2
-7
1
-2
8
-3
-4
2
11
-14
11
-14
17
-6
6
-13
5
25
-82
102
-49
1
8
48
-148
130
57
-186
175
-162
101
25
-48
-40
68
-23
-15
17
8
-7
35
-45
4
31
-17
4
0
1
1
-9
-6
2
-10
-19
6
23
-28
-16
47
-27
-10
-16
-4
89
-138
36
46
-28
-5
-11
48
-9
-92
85
-44
60
-86
39
25
-30
-13
30
-8
-12
7
0
2
2
-1
-6
4
-4
-1
9
-4
-9
13
-15
6
2
-1
-3
4
-13
5
2
-3
2
-5
1
0
0
0
0
0
0
0
2
-5
4
-1
2
7
-12
5
-3
-1
3
7
-14
13
-8
-4
10
-2
-3
6
-5
0
3
1
1
8
-13
-8
30
-12
-29
25
40
-84
61
-43
87
-90
-8
51
-10
-4
-27
48
37
-134
93
-2
-12
-6
-24
50
-14
-24
27
10
-17
-3
7
2
-8
-5
-7
-5
9
-34
33
-22
4
-9
-1
18
-25
-14
12
16
-20
5
8
-24
26
-47
57
-70
137
-121
4
4
30
-51
79
-67
16
5
2
-4
-6
9
-4
2
-2
1
1
5
-12
8
-3
4
-4
6
-6
-2
9
-15
7
-1
-11
10
-1
-7
3
-2
-1
-1
0
1
0
-1
3
-6
0
11
-10
1
9
-13
10
-1
-6
8
-3
3
-1
8
-11
5
2
1
-1
2
-3
9
-5
-4
4
5
16
-67
80
-50
31
5
6
-119
138
-69
58
-47
27
-23
10
6
-19
19
15
-11
-22
22
1
-7
6
-18
37
-28
12
2
-2
3
-1
7
-62
62
-96
107
-18
-59
79
-152
120
-47
15
-52
85
-24
-32
5
-1
-1
42
-36
10
-58
61
-17
13
-21
28
-37
33
-34
21
-13
16
-23
26
-18
1
8
-2
-2
-1
6
-1
-3
2
-2
4
-3
-3
-1
3
-6
7
-9
9
-8
2
-6
3
-1
-1
-1
0
0
0
0
3
-5
3
-6
10
-8
9
-5
4
0
-3
-4
5
-4
3
-3
-1
5
-1
-1
-2
9
1
-18
27
-21
16
-13
21
-32
34
-37
29
-21
13
-17
62
-58
11
-35
43
0
1
6
-31
-22
88
-48
19
-44
122
-148
82
-54
-14
110
-93
69
-56
16
-10
8
-36
-34
68
-39
-28
-1
163
-108
-99
86
44
-212
361
-221
11
-2
13
-181
252
-191
189
-234
228
-154
98
-74
46
-21
77
-124
79
-45
36
-23
5
-7
4
-1
10
-20
20
-5
-8
8
-5
8
-9
11
-16
1
8
-7
-1
7
-8
2
-4
0
0
-2
-1
0
0
0
1
-3
1
2
-4
4
-8
8
0
-5
9
1
-16
12
-8
8
-4
8
-8
-5
22
-20
10
1
4
-6
5
-21
37
-44
79
-122
78
-20
47
-72
101
-154
230
-233
189
-191
253
-179
14
1
12
-218
364
-210
48
88
-96
-105
164
3
-24
-36
71
-27
-31
16
-10
-26
32
-114
174
-473
923
-568
-84
98
103
-56
-48
210
-680
593
-250
76
122
-187
289
-318
402
-422
334
-244
8
98
-131
90
-121
181
-50
-44
20
7
14
-24
-18
44
-14
-15
12
-10
11
5
-10
2
-4
1
-1
0
0
-1
-7
5
-4
6
-14
10
-8
4
-2
-2
0
-1
-2
6
-8
12
-14
8
-4
6
-6
1
1
2
0
3
-3
2
-9
5
12
-11
13
-17
-13
43
-17
-22
15
8
20
-43
-50
182
-121
91
-130
100
7
-243
336
-420
403
-317
290
-186
122
75
-249
596
-677
213
-44
-54
107
102
-82
-563
926
-469
177
-106
36
-18
-10
-30
54
-131
183
-496
820
-323
-233
3
217
106
-386
356
-344
387
-339
105
0
-384
722
-298
-93
42
-35
147
-149
141
-148
28
50
-22
-11
-64
136
-92
40
-21
9
18
-16
-8
1
-20
37
4
-34
18
-6
13
-19
7
-5
8
-8
0
-4
8
-5
-3
-2
0
-2
-1
0
0
-1
1
-2
-1
-4
9
-3
1
-8
9
-3
9
-17
13
-5
19
-35
5
38
-20
0
-8
-16
19
9
-21
41
-91
135
-63
-11
-21
52
28
-147
141
-149
149
-34
43
-91
-297
724
-381
0
106
-338
391
-341
358
-383
108
219
5
-230
-320
822
-491
186
-122
59
-22
-9
-25
50
-137
189
-552
894
-385
-177
-56
299
114
-530
749
-836
552
-309
164
-105
-280
715
-586
244
-193
296
-179
-59
191
-187
182
-94
-34
52
-97
123
-103
84
-66
48
43
-145
89
-3
-27
53
-31
-2
8
-15
7
-4
5
1
-4
-1
4
-8
10
-20
19
-8
-2
0
0
-1
0
0
-1
-7
21
-20
10
-7
4
-1
-4
2
5
-2
7
-14
10
-1
-31
54
-29
-1
89
-145
43
50
-64
84
-102
124
-96
52
-34
-94
183
-186
192
-59
-178
298
-193
246
-585
717
-279
-104
165
-308
555
-833
752
-525
119
301
-52
-175
-380
897
-547
191
-129
54
-17
-7
-10
26
-113
195
-604
874
-399
69
-384
492
-230
30
435
-760
34
475
-182
-65
489
-741
369
-40
23
-8
8
41
-234
223
-152
241
-340
218
-82
39
6
-9
-20
36
-29
-15
78
-46
-34
50
3
-26
4
-1
-2
-1
2
3
-8
10
-10
3
0
-12
16
-10
3
-2
0
0
0
-2
2
-9
16
-9
0
3
-7
10
-6
3
2
1
0
0
4
-26
4
50
-34
-45
79
-15
-30
37
-20
-9
7
40
-81
218
-339
243
-152
223
-233
41
8
-6
22
-37
372
-740
490
-63
-180
476
38
-758
438
33
-228
495
-381
71
-394
878
-601
199
-104
31
-1
-8
17
-47
-6
44
-140
157
-51
-108
613
-736
273
-65
-447
292
882
-954
380
7
-581
450
11
81
-308
160
75
86
-314
237
-183
339
-397
230
-147
127
-100
123
-89
-10
17
34
-39
48
-29
-13
10
-3
7
-12
13
-14
5
4
-6
9
-18
14
-1
-9
-2
8
-4
-3
0
0
0
-1
-3
9
-2
-9
1
15
-18
11
-5
5
7
-13
13
-11
9
-1
12
-11
-29
49
-41
34
17
-11
-89
124
-100
129
-146
230
-396
340
-181
238
-311
87
77
162
-307
82
13
451
-580
8
381
-953
886
296
-442
-62
274
-731
616
-105
-48
161
-136
47
2
-42
26
-11
29
-75
83
-151
476
-606
107
161
-138
94
146
-406
803
-112
-1573
1440
-554
346
-132
157
-316
443
-587
450
-216
153
-117
91
-86
-4
63
16
-56
-42
70
-48
58
-46
36
-33
20
4
4
-31
5
29
-15
7
-9
-3
4
-2
-1
4
-18
13
2
-6
-2
3
-1
-2
0
-1
0
0
-1
4
-2
-5
3
14
-18
7
1
-2
4
-2
-6
8
-16
30
6
-32
4
4
18
-32
37
-46
59
-47
70
-41
-56
16
64
-2
-86
91
-117
156
-216
452
-587
444
-316
158
-131
348
-554
1441
-1570
-110
807
-402
149
98
-134
163
111
-602
480
-148
92
-71
37
-12
50
-122
162
-183
86
-24
-79
90
97
-225
351
-380
158
180
-485
454
-326
230
-41
0
-74
-179
374
-352
286
-201
167
-69
-68
207
-210
67
31
-36
22
-26
3
23
21
-56
-40
71
6
-19
-3
35
-55
35
-16
8
-2
2
-2
6
-11
-9
19
-17
9
-4
-2
-1
0
-1
0
0
-2
-3
10
-15
18
-8
-11
8
-2
3
-1
8
-16
36
-54
36
-4
-19
5
71
-39
-56
20
23
3
-25
22
-34
31
67
-210
208
-68
-69
169
-201
288
-351
376
-178
-73
1
-39
231
-326
455
-482
182
161
-377
353
-223
101
92
-75
-21
90
-180
171
-116
58
-11
62
-112
49
58
-349
351
-23
244
-745
733
-643
398
-20
-277
501
-160
-291
229
75
-537
672
-303
2
238
-274
45
69
-88
19
36
-74
45
45
-54
38
-49
58
-66
35
-32
85
-46
-29
56
-70
66
-40
6
6
-6
3
4
-5
-4
-3
6
-5
3
3
-10
4
-2
-1
1
1
-2
4
-9
3
4
-4
7
0
-5
-3
5
4
-5
7
7
-40
66
-70
54
-29
-46
85
-32
35
-65
58
-49
39
-53
46
45
-72
38
20
-87
70
47
-272
239
3
-301
674
-537
75
229
-290
-159
505
-274
-16
401
-640
736
-739
246
-19
354
-345
62
56
-105
70
-12
22
-54
-91
28
568
-689
-26
-4
730
-429
-313
196
86
191
-489
164
141
-185
-56
543
-371
-244
254
-37
24
-2
62
-138
-15
111
-8
-31
0
-26
35
21
-61
30
40
-84
42
24
-19
17
-18
5
-7
5
-11
7
-7
8
0
-7
-8
11
1
2
-7
0
2
-1
-1
0
-1
0
1
0
-7
3
1
12
-8
-5
1
8
-7
8
-9
6
-7
6
-18
18
-17
26
41
-84
39
30
-59
21
36
-25
0
-31
-8
111
-14
-136
62
0
27
-36
256
-242
-370
545
-54
-185
143
165
-486
194
90
199
-310
-425
732
-2
-21
-684
572
32
-83
-49
30
-6
-32
54
49
56
-645
692
-266
-161
479
-182
-172
127
-208
932
-1218
401
-38
184
37
-374
234
19
-58
77
7
-104
19
108
-87
31
-117
105
17
21
-77
25
7
1
1
-52
71
-8
-16
-22
36
-8
-9
15
-35
28
-6
-6
2
-9
19
3
-26
13
-13
11
-2
-2
0
0
0
-2
-2
12
-11
14
-25
4
19
-8
5
-6
-6
27
-31
16
-8
-7
35
-22
-16
-9
70
-51
1
2
7
25
-76
22
17
105
-116
32
-86
109
21
-103
9
78
-56
20
235
-375
39
186
-37
402
-1214
935
-206
130
-169
-179
482
-159
-262
695
-642
60
56
60
-25
-5
-72
79
-50
-158
759
-927
515
-182
-46
-68
324
-401
445
-770
820
-350
42
25
18
-137
114
-74
-54
131
-37
10
-9
-8
2
25
-97
108
-38
-4
27
-47
2
18
-13
22
18
-53
45
-26
-6
37
-41
26
-16
5
0
-3
13
-34
37
-1
-30
12
3
1
-5
0
0
0
0
-1
-4
1
4
14
-30
0
37
-33
13
-3
1
6
-15
27
-41
37
-6
-25
45
-53
18
21
-13
19
2
-46
29
-4
-37
108
-98
26
2
-7
-8
11
-37
132
-52
-72
117
-136
20
26
43
-349
823
-768
447
-397
328
-64
-42
-180
518
-921
763
-156
-43
83
-62
-2
-30
78
-127
299
-726
640
-179
211
-394
229
19
-113
-37
-163
619
-468
177
-136
20
130
-219
127
40
-12
-54
19
-14
24
-104
112
-4
-6
-66
88
-63
32
-5
-21
35
-84
103
-27
-21
-8
13
31
-45
-4
35
-27
19
-8
2
-21
23
-5
-7
6
-6
3
-2
-1
-1
0
0
0
-1
3
-5
7
-6
-4
25
-21
4
-7
19
-27
36
-3
-44
31
12
-8
-20
-26
104
-84
36
-20
-5
32
-63
88
-64
-6
-3
112
-103
26
-14
19
-53
-10
39
130
-218
132
20
-134
177
-467
622
-159
-33
-109
21
232
-391
214
-177
644
-722
302
-119
83
-21
-17
5
-29
57
-93
206
-227
4
114
-132
92
-114
53
128
-148
22
104
-163
145
-126
-72
222
-115
35
-54
74
-52
24
-26
1
9
-43
60
-20
-15
30
-35
17
-11
16
1
-32
37
-14
-1
11
-16
13
-4
-9
10
-3
-6
-3
10
-6
-2
4
-11
12
-5
-1
0
-1
0
1
1
-2
-5
13
-10
5
-1
-6
11
-2
-5
-1
10
-8
-3
13
-15
11
-1
-12
36
-30
1
17
-11
18
-35
31
-14
-19
60
-43
10
3
-25
25
-51
75
-53
36
-113
223
-71
-125
147
-161
105
26
-144
131
56
-111
95
-127
116
8
-223
210
-89
64
-23
14
-2
-19
7
7
-12
-1
-44
65
-22
-39
-31
102
-89
80
-146
222
-120
-39
56
-51
-90
260
-143
-47
60
-10
-10
-25
18
12
-4
7
-23
11
-11
21
-15
-5
5
23
-61
47
-5
1
1
-3
-5
4
-7
7
-2
-2
-6
13
-18
13
-8
6
-10
7
-5
0
0
-1
-1
1
1
0
-4
6
-8
8
-7
15
-17
14
-6
1
-1
8
-6
5
-5
-3
2
2
-5
49
-61
24
6
-4
-14
22
-11
13
-23
8
-4
12
20
-24
-9
-9
61
-47
-141
263
-90
-51
58
-37
-119
226
-142
82
-86
104
-29
-36
-19
70
-39
3
-9
14
11
-11
-9
5
-30
30
10
-133
150
-115
68
10
-15
-9
-70
118
-116
151
-41
-109
15
32
3
-16
32
-11
-20
31
-7
-31
47
-54
16
-30
66
-50
36
-22
6
-5
-19
41
-33
25
-15
-5
13
-11
12
-11
5
-4
-3
10
-17
14
-6
1
-4
-4
8
-7
-1
0
-1
-1
0
0
-2
0
1
-5
9
-3
-3
1
-4
13
-15
12
-2
-4
6
-11
12
-12
13
-5
-15
25
-33
40
-18
-5
7
-22
36
-49
66
-30
16
-53
48
-30
-6
33
-19
-9
33
-17
4
33
15
-108
-40
154
-113
122
-67
-7
-13
12
69
-111
154
-129
13
36
-26
13
-13
5
-17
-17
-38
186
-187
31
4
26
13
-50
-103
97
117
-143
106
-140
117
-111
73
-76
116
-91
48
-25
-15
3
54
-81
39
-6
8
-8
12
-34
28
-9
15
-18
-1
14
2
-17
8
5
-4
1
-6
15
-19
7
2
0
-3
3
-4
-1
-2
2
-3
-1
0
0
0
0
0
1
-2
4
-1
2
-4
3
-2
1
3
7
-19
14
-5
2
-5
4
9
-17
2
13
-1
-17
15
-8
28
-34
12
-7
8
-4
41
-81
55
4
-13
-23
49
-88
117
-75
74
-108
118
-140
107
-140
120
100
-100
-46
15
29
6
37
-184
191
-35
-9
-12
14
-3
-21
21
-30
28
-66
33
42
-60
34
10
-103
15
225
-315
210
-81
42
-30
-37
21
23
-65
77
-24
-4
1
-34
43
-47
78
-73
24
14
-14
-4
3
4
-6
5
6
-7
-7
9
5
-2
-5
13
-10
1
-5
1
1
2
-7
4
-4
-3
2
0
-1
-2
-1
-1
0
0
-1
-1
0
1
2
-2
-2
4
-6
4
1
2
-4
2
-9
13
-6
-2
4
9
-8
-6
7
4
-6
6
3
-4
-14
14
24
-73
78
-46
44
-33
2
-2
-23
78
-64
23
22
-35
-29
42
-80
214
-312
230
19
-100
14
37
-58
46
37
-63
31
-21
25
-13
-11
-3
-2
-6
-34
96
-42
-168
182
-58
-33
131
-118
22
-67
54
28
-61
90
-92
23
46
-9
-42
25
-34
29
-8
3
-5
-21
4
18
8
-23
17
-10
-6
23
-24
17
-3
-12
9
8
-3
-3
1
5
-3
-9
6
-4
-3
1
-2
-1
-2
-2
0
2
-3
-1
-1
0
0
1
-2
3
0
-2
0
0
0
2
-1
-2
6
-8
-3
6
2
-2
-3
8
8
-13
-5
17
-22
24
-7
-9
17
-22
8
18
5
-21
-3
4
-5
30
-33
27
-41
-8
48
24
-90
91
-60
29
56
-63
26
-114
136
-30
-55
183
-165
-37
100
-31
1
2
6
-11
5
-23
10
-6
-14
-12
26
11
-63
48
-52
14
55
-16
-58
70
-56
40
-70
88
-105
74
-27
6
10
-6
10
-23
15
-1
2
-14
9
3
-21
18
0
-15
27
-49
47
-17
5
-16
20
-2
-8
0
1
2
-7
1
5
-12
6
-1
-5
4
-2
0
-1
0
-1
0
0
0
-1
1
-1
4
-4
0
7
-10
8
1
-5
3
1
1
-7
-1
21
-16
6
-16
47
-49
28
-12
0
19
-20
4
10
-14
3
-2
16
-23
11
-5
10
7
-26
75
-104
89
-69
41
-55
71
-56
-12
60
16
-48
51
-60
13
30
-8
-10
-3
17
-19
14
-8
-4
-10
6
-35
86
-108
59
-32
40
-22
-51
2
85
-82
17
24
-55
51
-14
-2
-37
87
-114
76
-22
13
-27
19
-10
11
-9
5
-8
10
-11
9
-13
25
-16
-5
3
6
3
-8
6
-11
12
-9
7
-12
8
-5
0
-3
0
5
-8
2
0
-2
-1
-1
0
0
1
0
0
-1
0
3
-7
6
2
-2
1
-5
9
-11
9
-8
12
-10
7
-7
3
6
2
-5
-16
24
-12
10
-11
10
-8
5
-7
11
-10
19
-27
14
-23
77
-113
89
-36
-1
-12
52
-54
25
20
-79
88
5
-48
-19
44
-29
61
-104
90
-32
13
-5
4
-10
5
-17
-9
29
-98
98
-51
34
-23
19
-40
11
1
-37
65
-18
-2
-12
-6
-26
49
-34
0
12
2
14
-41
25
-25
31
-20
8
-7
7
-7
11
-18
5
12
-22
21
-6
0
3
-6
-1
6
-7
14
-17
7
-5
5
-3
-6
6
-2
0
-3
0
-1
-1
0
0
-1
0
-1
2
-2
-1
-1
7
-4
-2
6
-5
7
-16
15
-6
6
-2
-6
3
1
-5
21
-21
12
5
-17
12
-7
8
-7
8
-20
32
-24
25
-40
15
4
14
3
-33
50
-25
-4
-11
-1
-17
70
-35
4
15
-36
21
-21
36
-48
101
-94
32
0
-13
14
-7
-8
0
-14
-13
59
-63
27
-11
-24
21
-8
-37
64
-39
0
-14
27
-3
-21
7
15
-17
-10
16
-21
27
-28
10
6
-17
22
-22
18
-11
0
5
-11
10
-3
-1
-3
8
-8
13
-8
1
1
4
-7
6
-8
11
-13
2
1
0
-2
1
-3
0
-1
-2
0
0
0
-1
0
1
-1
2
-2
0
1
4
-12
11
-7
6
-7
5
0
1
-9
13
-9
8
-3
-1
-2
10
-11
6
1
-9
18
-22
22
-16
7
10
-26
28
-21
17
-7
-15
17
7
-20
-4
29
-13
4
-36
67
-33
-5
24
-22
-9
30
-59
63
-11
-7
5
0
-12
-5
5
2
-10
-14
-4
6
5
-6
-9
-2
7
7
-3
-13
-12
1
10
6
-7
-11
-4
3
2
-1
-1
1
-1
-3
-1
3
2
-2
-3
2
3
0
-2
0
2
1
0
0
1
1
0
0
-1
-1
0
0
-1
-2
-2
-1
0
0
-1
-2
-1
-1
0
-2
-1
0
0
0
0
-2
0
1
1
0
-1
0
1
1
-1
0
0
0
0
1
1
0
0
2
2
-1
-2
0
3
2
-2
-1
2
2
-1
-3
0
1
1
0
4
5
-3
-11
-6
7
11
1
-11
-10
0
10
9
0
-7
-4
6
8
0
-9
-7
7
9
0
