-8
-5
-4
-6
-2
-7
0
0
-5
-2
-2
-2
-1
-1
-6
-3
0
6
-15
3
4
-6
5
-8
6
-3
-3
1
-3
-2
-1
0
0
-1
0
1
-1
-1
1
-1
0
0
0
1
1
0
-1
0
-2
1
-3
0
-2
0
0
-2
-1
0
0
1
0
-1
-1
0
0
0
0
0
0
0
0
0
-1
0
1
0
-1
1
-3
2
-2
1
0
0
1
0
0
1
0
-1
3
0
-1
0
1
-1
0
2
0
0
-2
3
-2
-2
6
-8
5
-5
5
2
-13
7
1
1
-4
3
2
1
0
2
-3
3
4
-2
1
1
1
2
-10
-1
-10
-6
-3
2
-6
-5
-1
-1
0
-4
0
-3
-9
6
-3
1
-6
-6
4
11
-8
-6
0
-1
0
-3
-1
-1
2
-1
-1
0
-1
2
-1
0
0
1
0
1
0
1
-1
-1
-1
4
-5
1
-1
-2
1
-1
0
0
-1
0
-1
0
-2
0
-2
-1
-1
-1
0
-1
-1
1
-1
1
0
0
1
1
1
-1
-1
2
-4
3
-1
0
-1
2
0
0
0
0
1
0
0
2
0
0
-1
-1
4
-1
0
-1
1
1
1
-4
-7
13
5
-5
-4
2
-2
11
-6
0
3
0
2
1
1
-2
-1
8
0
1
-5
7
-9
-12
3
-1
-6
-10
36
-59
24
-6
-1
-2
-6
-5
1
1
14
-12
-1
-19
52
-62
32
-10
-2
0
-10
5
-1
-4
4
-6
3
2
-1
0
-1
-1
1
0
0
0
0
4
0
-1
-2
-1
1
-1
-2
1
-1
0
-1
0
-1
-1
-1
0
0
0
0
-1
0
0
1
-1
1
0
-1
0
0
1
1
1
-1
2
-1
0
2
0
-1
0
0
3
-1
1
0
0
1
1
0
1
-1
1
3
-6
5
-4
-1
6
-7
3
-1
-7
34
-62
53
-18
1
-11
15
4
4
-1
-3
1
2
-2
26
-55
39
-7
-3
6
8
-3
-4
-25
27
-33
20
-31
81
-122
49
-4
3
-27
49
-56
44
-39
13
-10
5
5
-30
61
-98
106
-70
33
-19
7
-11
16
-14
13
-13
6
-1
0
-1
-1
0
1
-1
1
-2
3
-1
0
-2
5
-5
2
-1
-1
0
0
-1
0
-1
0
-1
0
-1
-1
0
0
0
0
0
0
0
0
0
0
0
0
0
1
1
-1
-1
3
-4
4
0
2
-1
3
-2
3
-1
3
-1
1
-1
1
0
6
-13
12
-13
16
-11
9
-18
35
-70
107
-96
63
-29
5
6
-9
14
-35
48
-54
52
-25
7
-1
52
-118
86
-27
23
-24
32
-16
-11
10
-36
30
-35
13
71
-141
31
43
-29
-2
42
-39
-36
116
-115
43
-1
-39
-81
209
-57
-83
33
5
-19
18
-10
-2
6
-4
-4
6
-3
-1
0
1
1
0
1
2
-2
1
-1
3
0
-6
7
-8
6
-6
0
0
-1
0
-1
-1
0
-1
-2
1
-1
0
0
0
0
0
-1
1
0
0
0
1
-1
2
1
-4
7
-8
8
-7
0
4
-1
1
-3
2
1
-1
1
1
1
1
-3
6
-4
-3
8
-1
-10
20
-19
6
34
-81
-56
210
-80
-38
1
44
-114
119
-33
-36
45
2
-27
46
32
-136
74
17
-32
36
-31
18
-12
17
-30
-22
4
34
22
-90
58
-34
3
12
-19
103
-117
-122
174
-34
27
-44
-66
146
-133
67
23
-25
-26
14
0
6
-15
2
6
-2
-1
0
-1
1
0
1
-1
-1
4
0
1
-3
6
2
-5
0
-2
1
1
-1
0
-1
-1
0
-1
-1
-2
0
-1
-1
0
-1
0
0
-1
0
0
0
0
1
0
-1
1
2
-1
1
-4
1
6
-4
1
-1
4
-1
0
0
1
1
-1
1
0
-1
6
2
-15
8
0
15
-24
-23
24
69
-131
147
-65
-44
28
-32
175
-118
-113
105
-16
15
7
-31
59
-86
26
37
7
-15
-24
24
-2
-36
32
3
-32
22
-23
6
-10
-3
22
2
-75
106
-165
280
-214
-7
65
-53
90
-128
94
-45
24
3
-25
8
0
-8
11
-14
10
-6
1
0
2
-1
2
-2
1
2
-5
5
-5
4
2
-10
3
4
-4
0
-2
1
-1
-1
-1
-1
0
-1
0
0
-1
0
-1
1
0
1
1
1
1
0
0
1
0
1
-1
1
-3
4
4
-8
3
4
-4
4
-5
2
1
-1
2
-1
1
0
3
-6
10
-15
12
-6
1
9
-24
5
26
-44
96
-127
91
-53
65
-5
-213
283
-162
110
-72
5
24
1
-7
9
-19
26
-29
9
36
-28
-6
-18
17
-15
7
-8
-97
157
-85
25
-16
43
-40
-181
263
-103
17
-15
18
-14
-43
46
-8
-20
34
-25
14
-23
23
-20
10
-5
-1
6
-4
0
1
-2
0
1
-2
1
0
0
2
-4
4
-2
-2
4
-4
-1
-2
1
0
-2
0
0
0
-1
0
-1
0
-1
-1
0
0
0
0
1
-1
0
1
-1
0
1
-1
0
-3
5
-1
-2
4
-2
2
1
0
1
-2
1
0
-2
1
0
-1
6
-1
-5
10
-20
24
-21
15
-24
35
-19
-7
48
-42
-13
19
-14
18
-100
266
-178
-35
46
-14
28
-83
161
-93
-5
10
-7
20
-10
-18
32
-50
-4
32
-42
-104
174
-12
-54
-31
19
-20
171
-76
-312
251
-17
-37
20
85
-93
0
-15
39
-6
-11
6
0
-4
-11
7
3
-2
-3
2
-2
0
-2
4
-2
-2
7
-4
-2
-1
1
2
-3
2
-1
-4
3
0
-1
-1
-1
0
0
-1
-1
-1
-1
-1
0
-1
-1
0
-1
0
0
-1
0
0
2
0
3
-4
-1
2
-2
1
2
0
-1
-3
8
-2
-1
4
-1
0
-2
3
-2
-2
3
8
-10
-1
1
7
-12
-8
41
-15
0
-92
87
20
-35
-15
252
-310
-72
175
-16
22
-28
-50
-10
177
-100
-37
35
4
-45
40
-7
-17
4
20
-9
-46
50
-31
-49
74
-34
-66
154
-199
173
-71
-19
23
17
6
-104
96
-48
26
-5
-12
1
14
-10
-2
5
-12
3
1
-1
0
-1
2
-2
3
0
-1
1
2
-2
2
0
-2
0
-3
4
-6
2
1
-2
-1
0
-1
0
-1
-1
0
-1
-1
0
-1
0
0
0
0
0
-1
1
2
-1
0
2
-5
4
-3
1
-3
0
3
-2
0
1
-1
0
3
-1
2
-1
1
-1
2
3
-9
7
-1
-9
15
1
-10
-4
29
-46
96
-103
7
18
24
-18
-68
177
-196
158
-62
-31
77
-47
-28
53
-42
-4
27
8
-8
-3
-31
41
-52
39
-55
151
-217
128
-56
40
-164
158
119
-289
257
-122
5
-9
13
-22
26
-30
28
-23
16
-13
5
-3
0
-4
1
0
0
-1
0
1
-1
-2
3
1
1
-4
3
-1
1
-4
3
-2
-1
1
-2
0
-1
-1
0
-1
0
-1
-1
-1
-1
-1
-1
0
0
0
0
0
0
0
-1
0
0
1
0
0
-2
1
-1
-1
3
-3
2
0
3
-4
1
2
4
-2
1
1
1
0
0
0
0
-3
2
-3
7
-12
18
-23
30
-30
27
-22
14
-9
6
-121
260
-286
123
160
-160
43
-53
130
-213
155
-52
43
-45
45
-23
-18
31
-58
26
-3
-29
16
-12
23
-48
58
-13
17
-188
133
82
-67
-16
0
-14
43
-32
-1
-5
9
-3
-4
2
-3
0
1
-3
-4
2
1
0
0
1
-2
-1
2
-2
1
1
2
-3
-2
5
5
-13
12
-9
1
0
-2
0
-2
-2
0
0
0
0
-1
0
0
0
0
-1
0
-1
1
0
-1
1
-1
1
2
-8
13
-11
6
6
-3
-4
3
2
-1
0
2
0
-1
2
0
0
1
2
-4
0
2
1
-2
4
-4
-2
11
-4
0
-30
44
-12
1
-15
-66
86
137
-185
20
-9
60
-45
25
-9
19
-24
0
34
-53
39
-10
-1
-12
6
4
-14
-99
182
-182
84
18
87
-235
268
-216
75
-16
9
-3
-14
27
-24
8
-1
-5
-3
3
0
-1
-4
-2
3
-4
2
-1
1
1
-3
9
-11
5
-1
3
0
2
-1
2
7
-10
-10
9
0
0
0
-1
-1
-1
0
0
0
-1
0
0
-1
0
0
0
0
0
1
0
-1
0
0
1
1
0
-1
10
-10
-9
8
3
-2
2
0
3
-1
5
-11
9
-3
0
2
-1
1
-4
3
0
-2
0
2
4
-2
-4
1
10
-23
28
-13
-1
10
-15
79
-211
270
-231
92
20
87
-180
184
-95
-11
8
13
-7
8
1
-44
59
-58
29
-17
2
-54
146
-123
30
-13
53
-195
192
-87
35
8
-49
45
-26
11
-5
-1
-1
0
-4
3
-1
-2
-5
3
-2
1
0
-1
3
-5
9
-8
5
-1
5
-3
3
2
-8
-3
16
-19
8
1
-2
0
-1
-1
-1
-1
-1
-2
-1
0
-1
0
0
0
0
0
0
-1
0
1
0
0
-1
1
-2
4
8
-18
17
-5
-8
2
4
-4
4
-1
5
-8
8
-5
3
-1
0
2
-2
3
-4
0
-1
4
-2
1
0
1
-3
14
-25
47
-48
9
36
-84
196
-192
56
-9
33
-120
148
-49
6
-13
32
-50
64
-37
-14
14
-43
44
-41
-6
100
-137
19
60
-50
-68
109
31
-85
10
-7
4
36
-42
6
3
0
-1
-2
1
-3
2
-5
2
-2
2
-2
-1
1
-1
-3
7
-10
2
3
-9
11
-3
-5
4
-2
7
-9
11
-16
7
-5
-1
3
-4
0
-1
-2
0
-1
-1
-1
-3
1
-1
0
0
0
1
-2
0
1
-3
4
1
-4
8
-15
11
-8
7
-1
4
-6
-1
11
-10
3
5
-9
8
-3
0
0
0
-2
2
-1
2
-4
3
-1
2
-1
0
2
4
6
-40
37
5
-6
14
-81
34
112
-64
-47
61
21
-133
103
-3
-38
50
-39
22
-10
8
-27
-5
10
-10
11
-14
2
-12
-9
21
-20
13
-16
-1
1
-3
-2
1
-1
-1
-2
0
-1
-1
0
-2
-1
-1
1
-1
1
-1
1
-1
1
-2
0
-1
2
0
1
1
3
-1
1
-11
-4
11
-1
-2
-4
2
-1
0
0
0
-1
0
-1
-2
-2
-1
-1
0
0
0
0
0
1
0
0
1
0
2
-4
-1
0
12
-3
-9
1
-1
3
1
1
-1
3
-1
1
-2
1
0
2
-1
1
-1
1
-1
0
0
0
0
0
1
-1
1
0
2
-1
-2
2
2
-12
16
-17
24
-5
-9
4
-10
16
-7
14
3
-22
16
-11
-4
2
-9
-17
17
-6
-9
-4
-4
7
-7
1
-13
6
-1
-3
0
-2
-2
-1
-1
-2
-1
-1
-1
-1
-1
0
0
-1
1
-1
0
0
0
0
0
-1
0
0
0
1
-1
0
-1
6
-2
-15
9
6
-9
0
1
0
-1
0
0
-1
0
0
-1
0
0
0
0
0
0
0
0
0
0
0
0
1
1
1
-7
6
10
-14
-1
6
0
-1
1
1
-1
1
0
0
-1
0
0
0
1
-1
1
-1
0
0
0
0
1
0
2
0
2
0
1
0
0
-2
0
8
-10
5
-5
10
0
-2
-4
-3
21
-14
-3
7
3
-6
-17
11
-7
-5
-5
-10
6
11
-19
5
-5
-2
-2
-2
-6
-1
2
-2
-4
3
-3
-2
-1
-2
-1
-1
-1
-1
-2
0
-1
0
-1
1
0
0
1
0
-2
0
1
0
0
-1
0
6
-12
13
-20
0
11
-4
-2
-4
0
0
-1
-1
-2
-1
0
0
-1
-1
0
0
0
0
-1
-1
0
1
0
-1
-1
-4
13
1
-18
14
-11
8
0
0
1
0
2
1
-2
0
0
0
0
1
0
0
-1
1
-1
0
0
1
0
-1
0
0
-2
5
-1
-1
3
0
-3
1
3
1
-2
8
-16
12
10
-6
-1
-2
1
16
-9
-11
0
-10
-6
-5
7
-5
-5
-16
13
-3
-2
-3
0
-8
-1
0
-2
1
-3
-2
0
-2
0
-3
0
-2
-1
0
0
-1
-1
0
0
0
-1
0
-1
0
-1
1
-1
1
0
0
3
-8
17
-24
18
-12
4
-1
-2
0
-1
-1
-2
-1
-1
-1
-2
0
-1
0
0
0
-1
0
0
0
0
0
0
1
-1
0
5
-11
19
-23
17
-7
3
0
0
1
-1
1
-1
2
-2
0
0
0
1
0
0
-1
0
0
0
-1
1
-1
2
-1
2
-1
-2
2
-2
1
1
-4
4
0
2
0
16
-14
-1
-1
12
-2
1
-6
8
-10
-2
-10
-2
-10
9
1
-21
13
-10
-1
-1
0
-13
7
-6
2
-4
0
-1
-1
1
-2
-2
-1
-2
-1
-2
0
-2
-1
-2
0
-2
-1
0
0
0
0
2
-1
1
-1
1
1
-2
6
-10
24
-29
8
2
-1
0
0
-2
-1
-1
0
-1
-1
-1
-1
-1
0
-1
0
0
0
0
0
0
0
0
1
0
1
1
9
-27
25
-11
6
-2
1
1
-1
1
-1
2
1
1
0
0
1
0
0
-1
-1
0
0
0
1
1
1
1
0
1
0
0
2
-4
3
-2
10
-10
3
2
2
-7
15
-18
3
12
-5
4
-4
7
-8
-8
0
-5
-5
-4
6
-13
3
-3
-2
-4
-2
7
-11
-2
-1
-2
-2
0
-1
0
-1
-2
-1
0
-1
-1
0
0
-2
0
-1
0
0
-1
1
0
1
1
1
0
1
0
0
0
1
-3
0
14
-16
6
-2
-1
-1
0
-1
-1
0
-2
0
-1
-1
-1
1
0
0
-1
0
0
0
0
0
1
0
0
-1
7
-15
14
1
-4
0
-2
0
1
1
0
0
-1
0
-1
-1
0
-1
1
-1
1
0
-1
1
-1
1
1
0
0
0
2
0
0
0
0
0
1
-7
11
0
0
0
0
5
-9
10
-1
-2
2
5
0
-8
-3
-6
-6
-2
-8
6
-9
-2
0
0
-3
0
-10
3
-2
-2
-1
-1
-1
0
-1
-2
0
-1
0
-1
0
-1
-1
-1
0
0
0
0
-1
0
0
1
0
-1
0
0
0
0
3
-15
20
-12
13
-12
0
0
-1
0
0
-1
-1
-1
-2
-1
0
-1
-1
0
-1
-1
0
0
1
0
0
0
0
1
1
1
1
-11
16
-11
20
-15
4
1
-1
0
1
-1
0
1
1
1
0
0
1
0
0
0
0
-1
0
0
1
-1
-1
-1
1
0
0
0
0
-1
1
6
-7
2
0
2
3
0
-6
10
-3
0
1
-1
4
-9
-5
-5
-4
-2
-5
-6
2
-2
-4
1
-1
-5
1
-5
-3
0
-3
-1
-1
0
0
0
-1
-1
-1
-1
-1
-1
-1
0
-1
0
0
-1
0
0
0
0
-2
1
0
0
1
-1
0
0
-1
-5
14
-8
-3
2
0
-2
0
0
-1
-2
-1
-1
0
-2
1
-1
0
-1
0
0
-1
0
1
0
1
1
1
3
-3
-7
13
-4
0
1
0
0
1
0
0
0
0
0
-1
1
0
0
0
0
0
0
1
0
0
-1
0
0
1
0
0
0
0
0
-1
1
0
-3
5
-3
1
3
0
0
5
-2
-1
0
2
-1
3
-8
-9
2
-9
-1
-5
0
-4
-2
-1
-3
0
-2
-4
-1
-3
-1
-2
-1
-1
0
0
-1
-1
0
0
-1
0
0
-1
-2
0
0
0
0
0
0
0
0
0
0
0
2
0
0
-1
2
2
-13
18
-7
-6
2
-2
0
-2
0
-1
-1
-2
-1
-1
0
0
-1
1
0
-1
-1
1
-1
1
0
0
0
0
3
-4
-7
18
-12
3
3
0
1
1
1
0
0
0
0
-1
0
-1
0
1
0
0
0
-1
1
0
0
1
0
0
1
1
1
0
0
-1
0
1
2
-1
0
3
-1
2
0
0
2
0
1
0
7
-1
-8
-7
-3
-5
2
-10
1
-3
0
-2
-3
-3
-1
-4
-1
-4
0
-1
-2
-1
-2
-1
-2
0
0
-1
-1
-1
-1
-1
0
-1
0
0
0
0
1
0
1
0
0
0
-1
1
0
2
-3
-9
7
4
-6
2
-1
-2
-1
-1
0
-1
-1
-1
0
-1
0
0
0
0
0
0
1
-1
-1
0
0
0
0
-1
-1
3
-4
6
8
-7
-3
3
1
0
1
0
1
0
0
0
1
1
0
0
0
0
0
0
0
1
0
-1
0
0
0
2
-2
1
-1
1
1
-1
2
-1
2
0
-1
1
1
0
5
-7
4
3
2
1
-10
-1
-10
-4
0
-6
-3
1
-2
-1
-3
-1
-2
-2
-4
-3
-1
-1
-1
0
-1
1
-2
-1
0
-1
-1
0
0
0
0
0
0
1
-1
-1
-1
2
0
0
0
0
0
1
-1
2
-3
14
-32
20
-5
-1
-1
-3
-1
-1
0
-2
-1
-2
0
0
-1
0
-1
0
-1
-1
2
0
0
-1
0
-1
1
1
0
-1
-5
21
-31
17
-2
4
0
0
0
1
0
0
0
0
0
0
1
0
0
1
0
0
0
0
-1
-1
1
0
-1
1
0
1
0
0
0
1
0
0
1
1
-1
1
-1
2
0
-3
1
3
-5
6
-7
-7
1
-10
0
-3
-2
-4
-1
-2
-1
-2
-2
-1
-5
-2
0
-2
0
-1
-1
0
-1
-2
-2
0
0
-1
0
-1
-1
-1
0
1
0
1
0
-1
-1
-1
0
-1
0
1
0
3
-5
-2
9
-4
-10
6
-2
0
0
-2
0
0
-1
0
0
-1
0
-1
0
-1
1
0
0
0
0
-1
0
-1
2
0
-1
7
-9
-3
10
0
-5
2
1
1
0
0
0
0
0
0
0
0
0
1
0
-1
0
0
0
0
0
0
0
-1
0
2
0
0
0
-2
1
2
-2
2
1
0
0
-1
1
0
1
0
4
-3
5
0
-5
-17
13
-9
-7
2
-5
-3
-2
-2
-2
-1
-2
-3
-3
-2
-1
0
0
-3
3
-5
0
0
0
-1
-1
-1
-1
-1
-1
-1
-2
2
-1
0
0
0
1
0
0
0
0
1
2
-4
3
2
-6
5
-11
9
-5
0
0
-1
-1
0
0
-1
-2
0
0
-2
0
0
0
1
-1
0
0
0
0
0
0
1
-3
10
-10
7
-5
3
4
-4
1
1
0
0
0
-1
-1
-1
0
0
-1
2
-2
1
1
0
0
-1
1
0
1
-1
1
-4
3
-3
2
0
0
2
0
1
0
0
1
1
-1
1
-1
5
-3
-1
17
-10
-21
16
3
-52
24
-6
-3
-3
-2
-3
-3
-3
-3
-2
-4
-1
-1
-7
5
-1
25
-57
34
-10
0
-2
1
-2
-2
-6
4
2
3
-3
0
-1
0
0
0
0
1
-1
1
1
2
-2
-1
4
-15
13
-8
9
-6
-1
0
0
-1
-1
-1
0
-1
-1
-1
-1
0
-1
1
-1
0
0
1
0
0
1
0
0
-5
9
-7
13
-14
4
0
-2
2
0
0
1
1
0
1
0
0
0
1
-3
3
3
4
-6
-1
-1
3
-1
1
-8
37
-55
27
0
7
-6
0
2
0
0
1
0
1
1
0
0
1
-2
27
-47
7
25
2
-26
17
-8
-5
-4
1
-6
-1
-1
-3
-2
-2
-5
-1
-4
0
-4
6
-10
1
12
-29
28
-15
4
-4
0
-5
11
-11
0
1
-2
3
-2
0
1
0
0
0
0
1
-1
1
-1
-4
13
-15
6
-11
12
-4
-1
-1
0
-1
0
-1
-2
-1
0
-1
-1
0
0
0
1
0
0
1
-1
-1
-1
0
0
-4
11
-11
7
-14
13
-3
-1
1
0
1
1
0
2
0
1
1
-1
4
-2
1
2
-11
13
-5
1
-2
4
-14
30
-29
13
3
-8
7
-2
1
-1
2
-2
1
2
1
2
1
-3
5
-1
-1
0
22
-19
-4
-5
-30
29
-13
-4
-5
0
-2
-2
-2
-2
-3
-1
-4
-2
-3
0
0
-11
30
-44
24
0
-14
4
1
-5
0
0
1
-5
6
-4
-1
1
-1
1
0
0
-1
1
1
0
1
-1
0
1
-6
2
2
-2
-3
0
-1
-1
0
0
-1
-1
0
0
-1
1
-1
1
-1
0
1
1
0
0
0
1
1
0
-1
-2
3
2
-5
2
0
-1
1
0
1
1
-1
0
0
0
-2
2
-1
-3
6
-5
2
1
1
-3
0
6
-13
2
26
-42
31
-10
0
1
-2
3
-1
1
0
3
0
1
0
2
-2
0
-9
36
-26
3
5
0
-8
-8
-3
0
-2
-4
-2
-2
-2
-3
-2
-2
-3
-2
1
-1
-4
-3
3
4
-1
-8
-6
1
2
-2
-4
-1
2
-1
-3
-2
1
1
-1
-1
0
1
-1
0
1
2
0
-1
1
1
0
-2
-2
0
0
0
-1
-1
0
-1
-2
0
-1
-1
-1
-1
0
-1
0
0
0
0
-1
0
0
0
0
0
0
1
-1
-1
0
2
1
-1
0
1
1
0
-1
0
0
-1
0
2
2
-1
-3
0
3
1
-2
0
3
2
-5
-6
0
6
4
-1
-3
-1
2
1
0
0
1
2
0
1
-1
0
2
4
0
-4
-3
4
