-12
4
-18
12
-25
20
-14
-17
25
-29
18
-7
-24
31
-20
-3
13
-28
20
-1
-15
15
-12
7
-5
-5
11
-15
5
1
-8
8
-4
-5
2
1
-2
2
-1
0
-2
6
-3
2
1
-3
2
-2
1
-2
-1
-1
0
0
-2
0
-2
1
-1
-1
-1
-1
0
0
-2
1
0
0
0
0
0
2
-1
1
-1
0
0
0
0
-1
2
-2
1
-1
2
0
-3
6
-2
0
-1
2
-1
2
2
-2
-4
9
-8
2
5
-14
12
-4
-4
9
-10
16
-14
1
22
-26
14
0
-17
33
-21
-2
20
-26
26
-13
-11
25
-21
19
-13
11
0
-21
4
8
-19
-18
55
-81
57
-14
-34
35
-2
-55
49
-7
-25
29
-28
8
10
-20
9
1
-7
-2
15
-22
10
9
-28
27
-18
6
-1
0
0
0
0
1
-6
11
-8
4
0
1
-6
7
-8
4
-1
-3
-1
1
-3
0
-1
-2
0
-2
-1
-1
0
-1
0
-1
1
-1
0
-1
2
0
-1
2
-1
2
0
-2
1
5
-7
9
-5
0
0
3
-7
12
-6
0
1
0
0
1
-1
5
-18
29
-27
10
11
-23
15
-2
-5
4
11
-18
10
10
-27
30
-24
-5
52
-51
1
38
-30
-12
59
-77
58
-14
-16
17
8
-12
-15
2
-2
-25
-9
53
26
-89
-20
-7
41
34
-33
1
-61
55
52
-31
-49
-20
31
27
-23
-13
-19
35
5
2
-18
-22
24
0
0
-10
3
2
-1
-2
3
2
0
-9
2
2
3
2
-10
1
4
2
1
-11
0
3
4
-5
-6
1
0
0
-4
0
0
0
-1
1
0
1
-3
2
1
3
-5
-3
6
4
1
-11
3
3
5
2
-9
2
4
3
2
-9
0
4
4
-2
0
2
3
-10
0
1
26
-20
-17
4
6
37
-17
-10
-21
28
32
-19
-47
-30
53
57
-58
5
-30
36
44
-5
-18
-87
29
57
-6
-17
3
10
-12
1
2
-35
64
-124
102
8
-130
145
-149
202
-240
228
-182
146
-192
156
-70
-1
43
-45
41
-49
76
-125
177
-209
142
-40
-31
58
-41
20
-16
6
2
-5
10
-18
31
-25
-2
15
-15
10
-2
8
-27
33
-35
26
-29
33
-32
20
-6
-2
-1
3
-9
6
-3
1
0
1
-2
6
-9
4
-1
0
-5
19
-31
34
-27
27
-34
35
-26
9
-1
10
-14
14
-1
-24
31
-17
10
-6
2
8
-14
23
-41
59
-31
-40
143
-209
178
-125
77
-47
43
-43
44
0
-68
157
-191
149
-178
232
-237
206
-146
149
-128
11
107
-120
67
-28
6
10
10
-41
2
-10
24
90
-229
148
55
-97
-129
255
-10
-261
147
42
92
-276
120
143
-143
-39
83
6
0
-116
70
138
-231
105
51
-86
12
28
-9
-6
4
-3
-6
10
11
-40
33
1
-16
14
-20
31
-16
-18
16
7
-14
-2
7
2
-11
5
1
-4
3
-3
0
-1
-2
1
0
-3
4
-5
1
6
-10
4
8
-1
-14
8
17
-18
-15
31
-20
12
-16
0
34
-41
11
10
-6
-2
5
-5
-10
29
12
-85
53
106
-230
140
71
-115
1
7
86
-39
-142
145
121
-276
93
45
150
-257
-7
257
-126
-94
56
153
-226
95
27
-3
7
-33
-34
47
-76
30
86
-271
-13
339
64
-404
59
410
-344
-95
264
-54
-294
141
243
-112
-142
131
24
-187
121
177
-309
-96
255
93
-138
-23
43
4
-21
2
-1
-1
8
-10
-8
21
6
-37
17
7
-34
36
30
-44
-9
15
7
-27
4
21
-12
-11
9
-15
10
4
-7
1
0
2
-6
3
10
-14
10
-10
-11
23
6
-26
9
17
-9
-43
31
36
-33
8
18
-38
6
21
-8
-10
10
0
0
3
-20
5
43
-23
-137
93
256
-95
-308
177
123
-186
26
131
-140
-110
245
144
-293
-49
268
-92
-341
412
62
-401
66
342
-10
-266
89
37
-71
55
9
-37
55
-73
-30
249
-520
616
-499
428
-692
981
-963
803
-554
149
185
-258
249
-308
269
-317
330
-168
70
3
-117
129
-48
-7
-9
24
-43
45
-23
5
5
-6
-1
23
-44
38
-29
26
-10
0
-18
44
-31
7
13
-42
69
-88
67
-47
37
-15
-2
3
-11
16
-17
11
-10
12
-17
17
-11
4
0
-14
38
-47
70
-91
70
-41
14
8
-30
44
-18
0
-10
26
-28
39
-44
24
-1
-5
5
7
-23
44
-43
25
-8
-7
-47
130
-116
4
72
-166
331
-318
269
-307
251
-256
186
152
-550
806
-958
983
-688
431
-496
619
-515
252
-27
-66
59
-28
11
-55
82
-7
-31
-131
300
35
-698
275
-240
920
-390
-312
283
-114
281
-32
-278
-201
133
81
61
53
-152
51
-97
528
-406
-158
119
35
7
-60
29
10
5
-1
-12
0
31
-36
-18
46
10
-22
46
-35
-46
20
36
-51
56
-81
56
18
-7
-22
-10
34
-38
8
17
-9
-3
-9
17
9
-38
35
-10
-21
-6
19
57
-83
58
-49
38
21
-45
-34
47
-22
11
44
-18
-36
31
0
-12
0
5
9
30
-59
7
36
120
-157
-406
530
-97
52
-151
54
64
83
134
-200
-277
-32
282
-111
286
-309
-387
923
-235
279
-695
38
303
-128
-29
-1
87
-46
-80
134
-210
213
-241
49
591
-630
-339
798
-877
356
759
-660
-20
374
-715
413
395
-738
308
190
-344
329
-155
-215
469
-257
-318
409
28
-240
141
-9
-26
37
-70
62
-5
-41
71
-11
-114
117
-14
-17
-15
-34
76
-49
-2
28
-13
10
-23
0
14
8
-48
60
-30
-25
38
-4
-24
-3
39
-24
-29
61
-48
11
15
2
-21
10
-13
30
-2
-48
77
-33
-15
-18
-13
117
-113
-12
71
-41
-3
62
-69
38
-26
-9
141
-239
29
410
-316
-255
467
-213
-155
332
-344
192
310
-737
397
415
-714
378
-16
-658
761
357
-873
799
-336
-626
594
53
-237
219
-204
142
34
-111
112
36
-351
704
-790
562
-177
-467
1224
-1706
1479
-693
-3
371
-592
532
-133
-197
151
-137
85
332
-762
663
-426
477
-342
-82
375
-366
175
6
-146
214
-163
43
90
-170
152
-89
37
23
-103
130
-62
-37
101
-108
51
9
-50
94
-90
44
-37
39
-4
-34
24
-27
25
-4
-6
-4
26
-27
25
-34
-3
39
-36
46
-90
97
-52
9
53
-108
102
-37
-61
130
-103
24
36
-87
151
-170
89
44
-162
213
-144
7
175
-367
376
-82
-340
478
-424
665
-762
334
86
-136
152
-195
-132
533
-591
375
0
-689
1481
-1700
1224
-462
-174
566
-785
707
-347
42
117
-103
1
-33
143
-19
-31
-566
81
363
442
-224
529
-1305
587
-317
346
-235
595
-412
99
-230
132
-131
110
-4
246
-114
-96
-281
312
19
-53
-95
47
32
-2
-6
-22
28
-10
38
14
-37
-43
0
40
19
-69
97
-37
3
-41
16
-56
80
-36
61
-38
-18
-13
60
-63
16
8
-4
-5
-4
9
17
-62
60
-12
-18
-37
63
-35
84
-56
17
-40
4
-36
96
-68
18
41
0
-43
-38
14
38
-9
28
-21
-5
-2
32
47
-95
-52
20
315
-279
-96
-112
248
-4
112
-130
134
-228
101
-411
596
-231
349
-314
589
-1299
532
-221
444
367
84
-563
-28
-12
147
-25
-97
149
-224
235
-503
765
-101
-983
1150
-487
-330
757
-695
345
22
-433
652
-416
-62
299
-215
151
-65
-125
294
-327
147
216
-476
268
104
-234
144
-62
26
27
-45
35
-68
109
-25
-131
143
-56
12
9
-38
73
-59
-28
76
-58
8
63
-82
21
23
-36
23
-11
2
-7
4
0
-1
1
4
-7
2
-9
24
-35
23
23
-80
62
10
-57
77
-26
-58
73
-37
9
11
-56
144
-133
-24
109
-68
37
-45
29
27
-62
144
-234
105
270
-476
217
147
-325
295
-123
-65
153
-215
301
-62
-415
653
-431
25
348
-692
761
-328
-483
1150
-979
-96
767
-499
241
-218
158
79
-144
70
185
-304
0
442
-750
938
-775
-155
1049
-1022
502
-90
-168
301
-254
33
190
-240
88
76
-97
-51
243
-463
615
-507
199
95
-216
160
-54
-31
44
0
-34
5
50
-77
92
-97
63
5
-24
7
-3
-44
92
-49
-38
65
-30
-17
34
-19
5
-12
18
-15
8
-3
1
-2
1
-3
7
-15
17
-11
5
-19
37
-17
-31
66
-38
-48
94
-43
-3
7
-23
5
61
-96
93
-77
49
6
-33
0
44
-30
-52
160
-215
96
201
-507
617
-462
245
-50
-96
78
89
-240
192
34
-253
302
-165
-86
505
-1018
1050
-152
-771
939
-746
445
4
-301
193
75
-136
-14
-22
126
31
-30
-261
-525
732
-71
196
173
-423
-150
182
-52
-57
188
-102
109
-123
57
-70
13
-43
102
-38
53
26
-89
-41
14
22
16
7
-15
16
-10
-6
21
-22
3
-99
104
24
1
-26
16
-45
5
17
15
-3
-2
12
-23
-1
-2
2
7
-11
4
1
-1
-1
0
0
-1
2
4
-11
9
3
-1
-2
-22
13
-1
-2
15
18
6
-45
16
-26
1
24
104
-98
3
-21
21
-6
-9
17
-14
8
16
23
16
-42
-88
27
54
-35
103
-40
14
-70
58
-122
111
-100
189
-54
-49
185
-147
-420
176
201
-70
735
-521
-257
-27
38
131
-13
-96
149
-227
273
-220
-176
638
-532
-27
272
-139
-134
148
-45
52
-54
-27
172
-161
27
37
-31
-27
51
-62
37
-10
22
-17
26
-48
6
34
-20
6
-10
-25
21
-1
20
1
-55
65
-17
-8
15
3
-27
35
-35
-10
67
-51
-17
22
-20
10
10
-1
-6
6
-7
4
-3
-3
-2
5
-7
7
-5
-1
11
12
-20
22
-15
-51
67
-9
-33
36
-26
4
15
-7
-18
65
-56
1
19
1
21
-25
-9
7
-19
34
7
-47
26
-16
23
-9
39
-61
53
-26
-29
38
28
-160
173
-26
-49
55
-42
151
-131
-136
275
-25
-528
642
-171
-216
279
-224
157
24
-71
65
-57
33
-3
8
45
-131
79
32
-74
35
-65
64
10
-64
-33
115
-61
12
-9
20
-13
-21
20
-9
-24
40
-11
3
-30
12
21
-7
-9
-19
27
-16
12
2
3
1
-7
-12
9
4
10
-26
17
-8
6
-2
22
-31
13
-16
-3
14
-5
-5
4
-3
1
0
2
-3
4
-4
-5
15
-3
-15
13
-30
24
-1
7
-6
18
-25
10
5
9
-10
-6
1
4
2
12
-17
26
-19
-8
-7
22
12
-30
4
-11
40
-23
-8
21
-19
-11
20
-7
13
-59
116
-31
-63
14
66
-62
38
-71
35
82
-129
49
12
2
36
-50
70
-62
-10
1
-17
1
9
-8
-33
59
-89
57
-23
38
-68
71
-43
-6
-30
81
-59
7
-2
4
0
-2
-3
20
-81
86
-4
-40
12
-1
2
-7
17
-7
-8
7
-8
7
8
-8
-5
4
-3
8
-8
9
-10
6
-5
9
-12
3
7
-4
-5
3
1
-7
3
-2
-1
-1
0
0
1
-1
4
-5
1
4
-4
-4
8
3
-12
10
-4
6
-9
8
-8
6
-2
6
-5
-8
8
8
-7
8
-9
-7
18
-7
2
0
12
-39
-3
87
-80
20
-2
-1
2
4
-1
9
-57
81
-29
-1
-40
74
-65
41
-20
61
-87
63
-30
-4
12
10
-12
9
-8
-7
2
-21
-3
21
9
-29
-15
-9
6
64
-104
47
-18
23
-4
-34
32
-27
27
-23
15
-2
-11
25
-60
64
-38
17
-4
-8
0
7
-5
2
-1
3
-5
2
8
4
-20
10
1
-6
12
-8
-2
0
2
0
-7
7
-2
-5
-2
3
-3
0
-4
4
-1
-1
1
0
-1
4
-4
0
-2
3
-1
-4
0
10
-6
2
3
0
-1
-7
12
-5
2
10
-19
4
8
2
-4
3
-1
4
-5
8
0
-8
-3
18
-37
67
-60
26
-10
-1
16
-22
27
-24
32
-31
-3
25
-15
50
-101
68
9
-6
-12
-26
13
25
1
-14
8
1
-10
-6
-6
-4
-1
8
-3
-35
27
-31
14
31
-54
-1
21
-8
5
-17
15
-18
13
-6
-3
8
-10
-11
32
-23
-10
17
-6
-6
4
1
4
-8
5
-2
1
-3
6
-7
1
5
-2
8
-8
-2
14
-21
9
2
1
-5
-5
8
-5
-2
6
-6
0
2
0
-2
0
0
0
2
1
-5
6
0
-5
9
-5
-3
1
4
9
-21
15
-1
-8
7
-1
5
1
-7
6
-1
1
-2
5
-7
4
2
4
-5
-5
18
-10
-22
33
-10
-9
10
-1
-4
14
-15
17
-17
6
-3
24
1
-51
34
17
-27
29
-32
1
12
2
3
0
1
-9
-6
-7
-5
29
-41
-37
30
49
-15
-32
-1
1
15
-19
-10
2
9
-5
-3
-5
4
-3
6
-5
0
13
-50
52
-22
7
-15
8
-1
0
1
-2
3
-6
9
0
-14
14
-4
0
-3
10
-7
1
-5
1
7
-8
9
-10
0
4
-6
8
-8
2
0
-1
-1
-1
1
-1
0
2
-7
9
-5
5
1
-8
10
-8
7
3
-5
2
-7
10
-3
-1
-4
15
-13
-1
9
-6
3
-1
0
1
-2
8
-14
9
-20
52
-50
14
1
-4
7
-3
4
-4
-2
-4
10
3
-6
-17
18
5
2
-30
-12
50
34
-34
-37
31
3
-2
2
-9
-9
3
-18
17
-8
-20
-2
16
14
-49
33
-18
13
-19
8
-3
-23
38
-34
20
-15
6
-7
3
3
-30
39
-10
-14
3
-5
8
-3
-2
2
-1
0
2
-6
4
4
1
-5
3
2
-6
2
3
-3
-3
7
-4
-3
-4
2
0
-1
-1
-2
0
0
0
-2
0
0
-1
0
0
0
-3
0
1
3
-3
-3
-4
7
-2
-3
4
3
-7
2
4
-6
0
3
4
-6
1
1
-2
2
-1
-2
8
-4
4
-12
-9
41
-28
4
4
-6
8
-13
22
-32
39
-22
-2
11
-16
16
-16
37
-46
17
17
3
-15
-5
20
-11
7
0
3
-15
-2
-10
12
-19
9
-7
2
-22
-22
49
-4
-13
0
3
-48
47
-16
-5
8
-6
4
-2
6
-6
-5
-5
-6
10
-2
-3
-1
2
-3
4
-3
1
3
3
-10
9
-7
7
-2
-2
3
3
-8
7
-7
5
-3
1
-2
3
-5
4
-2
1
-2
0
-1
0
0
0
0
1
-1
2
-2
5
-4
3
-2
1
-3
5
-7
7
-7
3
3
-1
-2
8
-7
9
-10
4
2
1
-3
6
-3
2
-1
-1
-1
11
-5
-4
-4
-5
7
0
5
-5
9
-4
-15
47
-47
6
3
-11
-1
52
-19
-18
4
-4
14
-16
15
-4
3
-6
-8
-7
-6
-5
3
-8
5
6
-46
51
-22
-6
7
-31
27
-13
19
-4
-25
10
-2
1
2
3
-12
-4
21
-11
1
-5
1
3
-5
5
-3
2
-2
1
2
-2
1
3
-5
2
1
2
-3
2
-5
0
-1
-3
4
-4
-2
0
0
-1
0
-1
-2
1
-2
-2
0
0
0
1
-1
-1
2
0
1
1
-1
-1
4
-1
1
1
-4
1
-2
2
1
3
-4
3
2
-2
3
1
-1
3
-3
6
-5
3
1
-4
1
-10
20
-4
-11
3
4
1
-2
11
-23
-3
20
-10
29
-28
10
-3
-20
54
-44
10
8
-3
6
2
-1
2
-4
-9
-4
-10
-4
12
9
-4
-55
24
20
-33
25
-2
-25
4
2
-2
-11
25
-20
7
-4
-9
5
-2
-9
12
-2
-6
2
-4
3
-2
2
0
-3
4
-4
0
-3
6
0
0
-1
3
-2
1
-2
-1
2
-5
2
5
-7
4
0
0
-2
-1
1
-2
-1
-1
-1
0
0
0
2
-1
-1
0
1
5
-6
5
2
-3
3
0
-1
2
-1
2
-1
0
0
6
-3
1
-3
5
-2
1
1
-2
3
-2
3
-5
-1
13
-9
0
6
-7
-2
10
-19
27
-10
0
3
7
-21
1
29
-30
23
27
-53
1
12
16
-1
-2
0
0
-8
-8
-2
-10
2
-2
-20
30
-39
25
-3
-26
24
-24
5
-3
6
-11
2
9
-6
-6
-2
4
-9
5
-3
0
-4
2
-3
-1
-4
4
-3
3
-2
0
2
-2
2
-2
1
0
-2
5
-2
-5
9
-6
0
1
-7
5
-3
-1
0
0
-2
-1
-1
-1
0
0
0
0
0
0
0
0
0
-1
1
-1
-1
5
-6
3
2
-5
10
-5
-2
4
-1
0
2
-3
2
-3
3
1
-2
4
-3
5
-4
1
-1
2
-3
2
-2
6
-7
6
-1
-5
-6
10
5
-10
7
1
8
-20
28
-22
1
28
-37
32
-17
3
6
-3
5
1
-7
-6
-7
-6
2
5
-14
-2
15
-41
38
-28
8
2
-6
-7
7
-20
14
6
-16
9
-2
0
-5
10
-18
15
-11
3
-1
1
-1
-3
3
1
-3
1
2
-5
2
-3
8
-5
0
2
-1
-1
-1
4
-4
-1
0
0
0
-3
1
-1
-1
1
-2
0
0
-1
0
0
-1
0
-1
1
-1
-1
1
-1
2
1
1
1
-4
3
0
-2
1
2
1
-4
9
-3
2
-5
2
2
-2
0
4
-3
-1
1
0
4
-11
16
-17
11
-5
0
0
9
-16
6
15
-18
8
-3
-3
6
11
-25
40
-38
16
2
-11
8
5
0
-2
3
-13
-3
-3
-9
2
-5
2
-15
5
20
-26
-4
5
-2
-12
5
-7
13
-7
-9
6
-2
-4
1
1
-5
-5
11
-8
-3
-1
3
-2
-2
2
0
0
1
-2
0
0
-2
4
-3
2
-1
0
-1
-1
0
0
-2
-2
2
0
-1
0
-2
-1
-1
-1
0
-1
-1
1
0
0
-1
0
0
1
0
0
0
1
2
-1
-1
1
2
0
-2
1
-1
3
-2
3
-1
0
1
-2
2
1
0
2
-2
-2
4
-1
-2
-7
13
-5
-3
2
3
-2
-1
7
-7
-6
14
-6
10
-9
1
7
-1
-22
22
7
-12
5
-3
5
0
2
4
-5
-7
-3
-5
0
-4
-13
3
3
-11
-4
25
-38
8
-1
5
-4
-1
-6
-2
2
-2
1
-3
1
1
-5
3
-2
1
-8
6
-2
-1
0
2
-2
0
0
1
-2
1
-4
7
-2
0
-2
5
-6
1
0
-2
1
-1
-2
1
-2
0
-3
-2
0
-1
-1
0
-1
1
-1
0
0
1
-2
3
-1
2
0
0
1
-1
2
1
-5
6
-2
0
-2
7
-5
2
-2
2
0
0
-1
3
-1
0
-2
7
-7
2
-1
3
-3
2
2
-3
2
-2
3
0
-4
1
-3
7
2
11
-34
28
-1
-9
6
6
-10
1
3
2
2
-1
0
-9
-11
0
8
-34
44
-38
6
-8
28
-39
-6
54
-97
98
-65
-28
96
-62
-20
62
-60
-3
92
-102
23
21
-41
54
-13
-69
88
-51
20
2
-16
1
19
-17
6
31
-72
23
77
-58
-39
64
-27
-10
41
-38
-56
128
-68
-53
102
-64
6
17
-17
4
3
-3
-1
-1
3
5
-16
17
7
-63
103
-50
-68
128
-55
-36
43
-9
-26
65
-39
-56
77
24
-71
31
7
-17
19
1
-16
3
19
-51
88
-68
-12
54
-41
22
25
-101
93
-2
-59
66
-19
-61
97
-27
-64
101
-93
57
-2
-37
31
-5
9
-34
48
-31
11
7
-6
0
-14
1
-6
-16
5
10
-31
14
-2
-7
0
6
-13
-10
25
-39
31
-5
-17
6
-3
4
1
1
-20
22
-11
12
-13
-3
1
2
-2
-4
1
10
-7
-3
3
4
0
0
1
-2
2
-4
4
2
-5
-1
0
-2
2
-1
-2
3
-5
-2
6
-7
1
1
-1
-2
0
1
0
1
1
-5
7
0
-4
5
1
-1
3
-1
1
-2
-4
3
3
-4
4
-2
2
-1
0
3
4
-6
-7
10
2
-3
-2
3
2
-2
-12
13
-11
23
-18
2
1
5
-1
8
-16
-3
32
-36
27
-6
-10
8
4
-4
-1
18
-27
13
7
-8
-1
9
46
-113
220
-211
78
-56
39
-13
-8
18
-24
-3
25
-61
74
-91
189
-262
181
-90
78
-77
2
97
-233
335
-356
277
-157
110
-95
72
-44
2
22
-59
75
-57
38
-4
-7
12
-27
24
-19
18
-3
-2
-1
-2
-1
6
-20
34
-28
21
-45
51
-34
12
-3
-2
2
-3
1
-2
2
-2
-2
12
-33
51
-44
20
-27
34
-18
7
0
-2
0
-1
-2
18
-19
24
-28
12
-7
-4
37
-57
76
-59
23
2
-44
73
-93
110
-157
278
-355
337
-233
98
3
-77
78
-88
181
-260
190
-89
77
-59
28
1
-21
22
-6
-8
43
-50
81
-203
225
-105
-10
-9
-5
-1
3
2
-3
-8
-5
3
4
-4
-8
0
7
-2
-15
-13
5
14
2
-12
-10
3
10
7
1
-3
-6
-6
-1
3
3
-2
-2
1
2
-1
-1
1
1
-1
-2
1
2
0
-2
-1
1
0
-2
-1
0
-1
0
1
-1
-2
-3
0
2
-1
-3
0
2
1
-1
1
2
1
-2
-2
0
2
2
1
0
-1
-1
1
2
0
-2
0
2
1
-1
-1
1
1
-1
0
2
2
-2
-1
3
3
-1
-6
-5
-3
2
6
11
3
-9
-11
3
15
5
-13
-14
0
9
3
-4
-2
6
5
-3
-4
0
6
7
4
1
-4
