0
21
-39
12
22
-30
132
-298
166
36
-63
56
-46
-60
196
-138
85
-120
11
163
-124
-9
18
-14
-2
8
63
-57
-19
-48
165
-89
-38
52
-52
57
-37
6
6
-7
-6
1
10
-4
-1
-1
2
0
-1
1
-2
3
-2
1
0
-2
0
-1
-1
0
-1
0
0
1
0
-1
0
-1
0
-1
0
0
-1
0
0
-1
1
-3
1
-2
1
0
-2
0
0
4
-11
-1
6
6
-8
-7
36
-58
51
-53
37
89
-166
47
18
57
-62
-9
1
14
-19
9
124
-163
-12
120
-85
138
-198
59
45
-57
61
-38
-166
296
-133
27
-23
-15
37
-26
0
-18
22
-8
22
-51
115
-166
46
9
87
-153
179
-184
175
-225
215
-27
-50
-26
118
-172
188
-159
-28
176
-144
76
-62
-51
181
-167
99
-37
17
-7
-15
25
-14
8
-12
3
5
-1
-4
-1
2
0
-3
3
-1
-1
1
1
0
-1
0
0
0
-3
1
0
0
1
0
0
0
0
-1
1
-1
0
-1
1
0
-1
-2
1
1
-3
2
0
-3
0
3
-2
-5
-3
11
-7
14
-25
14
7
-18
35
-99
168
-181
51
62
-78
142
-176
27
157
-189
172
-118
26
50
27
-216
224
-175
180
-179
153
-87
-12
-47
164
-117
50
-23
5
-24
13
0
-27
32
-7
-37
78
32
-154
115
-37
-70
100
-54
-42
110
42
-123
-46
175
-202
192
-175
126
-59
46
-7
-56
68
-74
80
-69
63
-43
-7
-2
30
-1
-22
16
1
-12
-4
17
-11
2
-2
1
-2
2
-2
1
-1
1
-2
0
0
0
-1
-1
0
0
0
0
0
0
0
0
0
-1
-1
0
0
-2
1
-1
0
-1
1
-1
1
-2
2
-3
0
-2
11
-18
3
11
-1
-16
21
0
-30
1
5
42
-62
68
-80
75
-69
55
8
-47
59
-127
177
-193
202
-176
46
123
-45
-112
41
53
-101
67
36
-115
152
-34
-79
36
5
-33
23
0
20
-33
0
-6
46
85
-226
116
-20
58
-31
-84
49
83
-92
55
12
-46
-22
48
-22
-63
97
2
-35
3
3
6
-25
2
41
-5
-44
16
11
-17
14
-5
-1
-3
9
-11
4
0
2
-2
-2
1
0
-2
1
1
-3
1
-1
-1
1
-1
2
-2
0
2
0
0
0
-1
0
1
-2
0
-2
0
1
-2
3
-1
-1
0
0
-2
1
2
-2
0
-5
11
-10
2
0
3
-14
16
-13
-17
43
4
-41
-2
25
-6
-3
-4
34
-2
-98
63
23
-48
22
44
-11
-56
91
-84
-51
83
29
-60
18
-117
227
-86
-47
4
-3
32
-24
0
40
-53
25
20
-50
121
-198
70
62
-74
68
-41
-39
96
-41
37
-100
35
63
-10
-57
38
-5
-8
-44
79
-36
35
-103
124
-83
24
20
-20
19
-32
13
4
1
-2
-3
-2
3
0
-4
0
1
-2
2
0
-2
0
-1
0
-2
1
-1
0
-1
2
1
-2
0
0
0
0
0
-1
1
-1
0
-2
1
-2
-1
0
2
-2
-1
1
-2
-1
3
0
-3
0
2
1
-3
-4
-14
31
-20
19
-21
-25
83
-125
103
-36
35
-81
42
8
4
-38
56
11
-64
-36
99
-38
40
-97
37
39
-70
72
-64
-71
196
-122
50
-21
-26
51
-44
0
-28
44
-18
36
-121
223
-238
110
-16
-4
2
16
-68
87
-4
-37
17
-38
73
-87
67
-19
-9
-6
27
-5
-47
36
43
-38
-25
31
-22
20
-11
4
-4
-1
-3
12
-6
-2
-1
4
-4
2
-1
-1
1
-2
3
-3
2
-2
0
0
-1
0
-1
0
0
-1
0
0
-1
0
0
-1
0
0
-1
0
0
3
-3
2
-3
2
-2
1
-1
-3
5
-5
1
1
5
-12
2
1
3
-5
10
-20
20
-31
25
38
-43
-37
45
4
-26
6
8
20
-67
87
-73
37
-18
37
3
-88
66
-17
-3
2
15
-110
237
-224
119
-38
15
-44
24
0
-47
60
-16
-30
54
94
-262
156
-34
22
-28
52
-62
55
-73
78
-35
-49
132
-124
54
0
-43
67
-63
34
18
-35
-35
60
-11
20
-51
28
-12
14
-6
5
-12
13
-10
7
-4
-2
0
1
2
-2
2
-2
1
-2
0
0
0
1
-1
0
0
0
0
0
0
0
0
-1
1
0
-1
-1
0
-2
0
-1
0
1
-2
1
-2
1
-1
-1
0
1
3
-9
9
-14
10
-5
6
-14
10
-29
51
-21
12
-62
35
36
-18
-35
63
-69
41
-1
-53
124
-132
47
34
-79
71
-57
61
-52
27
-23
33
-157
260
-93
-55
29
14
-60
42
0
24
-35
2
-37
120
55
-249
93
50
-56
33
22
-26
43
-123
131
-99
43
34
-27
27
-36
13
-85
83
53
-24
-92
149
-147
51
29
-40
13
18
-28
5
15
0
-12
11
-14
8
-6
7
-1
-1
-3
2
-1
-1
1
-2
-2
0
2
-2
-1
-1
0
0
0
0
0
-1
0
-1
0
-1
1
0
-3
-1
1
-1
-1
0
1
-3
2
-2
1
-7
7
-8
14
-11
11
0
-17
-7
28
-20
-13
40
-30
-51
147
-150
93
23
-54
-82
84
-14
34
-27
27
-35
-44
99
-132
122
-44
25
-23
-35
54
-53
-94
248
-55
-121
36
-4
34
-30
0
39
-53
16
4
-7
110
-196
100
-31
38
3
-59
49
-7
42
-100
48
33
-57
38
-4
-16
-1
2
-30
80
-27
3
-87
123
-93
32
7
-5
7
-4
6
-12
-6
11
0
-1
-7
2
1
-2
-1
-1
2
-2
-1
0
-3
5
-4
0
0
-1
0
0
0
0
-1
0
0
0
-1
-1
0
-1
-1
-2
2
-4
2
-2
0
2
-2
0
0
0
-3
-3
6
0
0
-13
5
11
-5
3
-8
5
-7
-33
94
-125
86
-3
25
-80
31
-3
1
16
4
-39
55
-34
-50
99
-44
5
-50
58
-4
-40
26
-101
195
-110
4
-6
-19
52
-43
0
-38
49
-17
45
-126
166
-154
90
-23
-30
53
-58
83
-72
-71
126
-20
-6
-22
14
4
-19
6
12
-10
17
-41
25
50
-47
-46
95
-77
21
9
-10
14
-13
-3
10
-4
-2
1
1
-2
2
-2
1
-1
0
0
0
-2
0
-2
0
0
-1
-1
0
1
-1
-1
0
0
0
-1
-1
1
0
-1
-2
1
-1
0
-1
1
0
0
-2
1
-3
1
-2
-3
2
3
-11
1
12
-14
9
-10
-24
74
-96
47
46
-50
-25
41
-17
10
-13
-6
20
-5
-15
22
6
19
-127
70
71
-85
56
-55
28
22
-91
152
-167
125
-47
14
-50
33
0
-33
39
-9
21
-65
61
-41
-44
95
-29
12
-15
-65
39
120
-114
-1
14
1
7
-21
33
-34
26
-3
-9
8
-6
-4
17
-33
45
-46
28
-11
-6
20
-21
12
-6
-3
1
3
0
-1
-1
-2
2
-4
0
0
0
-1
-1
-2
2
-3
1
0
0
1
0
-1
0
0
-1
-1
0
0
-2
2
-2
0
0
1
-1
0
-2
3
-3
-1
2
0
-1
-4
-2
2
5
-13
21
-20
5
8
-28
44
-45
33
-18
3
5
-10
10
1
-26
33
-33
20
-8
-1
-15
1
113
-120
-41
64
13
-13
27
-96
44
39
-61
64
-23
6
-41
29
0
45
-57
12
-12
60
-144
166
-32
-48
27
-2
-28
18
37
-122
121
-48
2
8
13
-14
1
-4
-9
4
38
-59
25
28
-2
-15
-13
-1
0
18
-23
4
15
-14
5
-1
-2
-1
0
-1
4
-3
1
-2
-1
1
-2
-1
0
0
-2
0
0
-1
-1
0
0
-1
0
0
-1
0
0
0
0
-1
1
-1
-2
0
0
-1
-1
0
-2
2
-4
1
0
0
-1
1
-6
12
-15
-4
21
-19
-1
0
13
15
3
-28
-25
58
-39
-4
8
3
-2
14
-14
-8
-3
48
-122
121
-39
-20
26
-1
-27
46
31
-166
144
-62
10
-15
55
-49
0
14
-15
5
-30
83
-130
110
-29
-7
5
-9
-7
46
-96
135
-87
-11
22
5
2
-5
-16
1
43
-54
44
-16
10
-17
-24
8
37
-15
-5
2
1
-1
-4
5
0
-1
4
-5
0
-1
3
-2
2
-1
-1
-1
1
0
-2
0
2
-2
0
1
-1
-2
0
0
0
0
-1
0
0
-1
1
2
-2
-1
3
-1
-1
1
-1
0
-2
1
-3
0
-1
5
-5
-1
0
-6
3
1
-1
-3
4
13
-37
-8
24
17
-9
15
-44
55
-43
0
16
4
-2
-5
-23
10
87
-137
95
-47
5
9
-7
4
28
-110
129
-83
29
-9
13
-19
0
-43
59
-32
13
-38
92
-67
-9
15
-5
-14
33
-54
43
-26
42
-22
-9
10
0
0
-11
7
-11
13
-4
-6
5
2
-5
-7
24
-30
23
-10
-2
7
-4
-5
6
1
-10
7
3
-3
0
0
-1
1
-4
2
0
-1
0
0
-3
1
0
-1
0
1
0
0
0
0
0
-2
0
-1
-1
0
1
-1
-1
1
-1
-2
3
-2
1
-2
-1
2
-3
-7
9
-1
-8
5
3
-8
1
8
-24
31
-25
7
4
-3
-5
5
3
-14
10
-8
9
1
0
-13
8
22
-42
25
-43
52
-34
12
4
-18
8
66
-93
37
-14
28
-60
39
0
10
5
-15
28
-49
1
36
-13
6
-10
-2
7
3
-23
56
-56
13
6
-2
-11
17
-1
-6
-2
6
-2
1
-12
8
3
1
5
-14
8
-7
4
-6
6
4
-12
5
1
-1
-3
3
-1
0
0
1
-2
1
0
-3
2
-1
-2
2
0
0
-1
0
-1
0
0
0
0
0
0
0
-1
-2
2
0
-2
1
0
-2
2
-1
-1
1
0
-4
3
0
-1
-6
10
-4
-8
7
-5
6
-9
13
-5
-3
-3
-9
11
-2
2
-6
2
5
2
-16
10
2
-7
-13
55
-57
23
-6
-8
-1
8
-10
13
-37
-1
48
-30
13
-5
-14
0
-6
-1
11
-13
6
-39
64
-10
-26
12
-4
-4
-4
9
-9
-7
19
-6
-3
-5
7
-10
15
-3
-11
18
-6
-9
7
-21
33
-16
3
-6
2
3
-3
0
0
1
-6
1
0
0
1
-1
0
0
-2
-1
0
-1
1
-1
-1
1
-2
0
1
-1
-1
0
-1
0
-1
-1
-1
0
-1
-1
2
-2
0
0
-2
0
-2
-1
0
-1
-2
0
0
-1
-2
-2
5
-3
-1
-2
3
-4
-3
6
-2
16
-35
20
-8
8
6
-19
11
2
-14
10
-7
4
2
4
-20
6
9
-11
0
2
3
-14
25
10
-66
38
-8
10
-14
-1
1
0
5
-4
-6
3
14
-38
50
-35
21
-14
8
4
0
-8
3
-8
4
8
-4
-2
3
0
-7
2
8
-3
-4
9
-7
3
-17
23
-13
4
-2
3
2
-4
-1
6
-8
3
0
-2
0
1
-2
2
0
0
0
-4
3
-2
1
-2
2
-1
-1
0
-1
0
-1
0
0
0
0
-1
0
0
-2
1
-1
1
-3
2
-1
-1
0
-2
1
-2
0
1
-1
-4
7
-6
1
5
-2
-4
3
-4
11
-24
17
-4
6
-10
5
2
-8
-2
7
-2
-5
2
3
-8
-5
8
-3
7
0
-5
-9
12
-23
35
-49
37
-15
-5
3
3
-10
0
-6
-4
12
-9
-1
-15
38
-20
-9
15
-15
4
7
-22
35
-41
27
-16
11
-7
2
-1
5
0
-4
6
-10
14
-12
-1
12
-4
-7
2
-1
4
-4
2
-1
-1
-1
-1
1
0
-1
0
1
-1
0
-2
1
-2
0
-1
-1
-1
-1
0
0
0
0
0
1
0
-1
0
-1
-1
-1
-1
0
1
-1
0
-1
0
-2
1
-1
0
-2
-1
0
0
-2
0
1
0
0
-2
4
-5
0
-2
6
4
-13
1
10
-16
11
-7
5
-1
-3
1
-3
7
-11
13
-29
40
-36
20
-9
-5
13
-15
6
20
-38
13
0
7
-15
3
3
0
2
-4
-4
11
-9
-8
14
16
-29
1
8
8
-15
12
-35
41
-20
2
1
4
-7
5
0
-3
-1
2
3
-8
7
-9
9
-4
0
1
-2
-2
3
0
-6
3
-2
0
0
0
-2
1
0
-1
-1
1
0
0
0
0
0
0
-1
0
-1
0
-1
0
-1
0
-1
-1
0
-1
-1
-1
0
-1
0
0
-1
1
-1
-1
2
0
-2
-1
1
-2
0
-1
0
-4
6
-2
-4
2
2
-3
-2
4
-9
8
-7
8
-2
-2
0
1
-1
-6
6
-4
-1
-3
18
-42
34
-14
13
-9
-11
-1
27
-16
-15
7
7
-12
2
2
-7
0
-6
10
2
0
-22
21
-4
-6
7
-5
-7
16
-4
-13
-5
26
-27
17
-10
5
-6
10
-5
-6
6
-2
8
-14
9
-7
9
-3
-4
6
-6
2
-1
-1
1
-1
-1
-2
1
-3
1
-1
2
-1
-2
1
-1
0
0
-1
2
-1
-1
1
0
0
0
-1
0
0
0
0
-1
-1
-1
-1
0
0
-1
1
-1
1
0
-2
1
0
-3
2
-2
1
-2
1
-1
1
-2
0
1
-3
5
-7
4
2
-10
7
-9
13
-7
0
-5
6
6
-11
6
-5
10
-18
26
-27
2
11
3
-18
6
3
-8
5
3
-22
21
-2
-4
-10
3
0
-6
6
-8
-2
17
-9
-5
-3
8
-3
-8
8
0
-9
16
-21
19
-11
3
2
-1
-10
12
1
-4
1
1
0
1
-11
5
9
-10
2
0
-1
0
4
-2
-3
3
-1
-2
2
-1
1
-1
1
-2
2
-1
0
1
0
0
-1
0
1
-1
0
-1
1
-1
0
0
-1
0
-1
1
-1
0
-1
-2
1
0
0
1
-2
1
-2
1
-2
1
-2
1
0
-4
3
2
-5
-1
0
0
-3
9
-10
-4
10
-2
0
-2
-1
2
-2
-12
11
1
-2
-4
11
-19
20
-18
7
-2
-8
8
2
-10
2
4
7
-16
1
4
-6
1
0
13
-19
10
-11
15
-5
-18
16
-3
0
-1
-5
6
-5
-1
4
-2
-1
2
0
-3
1
4
-7
6
1
-4
3
-2
-4
8
-5
2
-3
5
-1
-3
0
2
-1
-1
-1
2
-3
-1
1
-1
-1
0
-2
-1
-1
1
-2
-2
1
0
0
0
0
1
0
0
0
-1
0
0
0
-1
-1
-1
-1
0
0
-2
1
-1
1
-1
0
0
-2
0
0
-3
1
-1
0
-3
-1
3
-1
-6
2
-2
5
-7
3
1
-3
4
-1
-5
7
-5
-2
2
0
-3
1
1
-5
0
5
-7
4
0
-2
3
-17
16
3
-17
9
-12
18
-16
0
-12
13
-8
9
-17
23
-16
-4
11
-3
-1
0
-2
3
-6
8
-5
0
3
-2
1
-6
6
-3
-1
0
-1
0
0
8
-12
11
-5
0
1
1
-2
2
-2
-2
3
-2
0
1
-2
1
-2
0
1
-2
0
0
0
1
0
-1
-2
1
-1
-1
0
0
-1
0
0
0
-1
0
0
-1
0
1
0
-2
1
-1
0
0
-2
0
0
-1
2
-1
0
1
-3
2
1
-2
1
-1
-2
-1
6
-11
12
-8
0
1
0
-2
0
3
-7
6
-3
1
-3
-1
4
-8
5
-4
1
-1
0
0
-13
4
16
-24
16
-10
6
-13
6
0
-7
13
-4
7
-23
23
-22
26
-17
-1
9
-14
6
-6
18
-20
13
-10
7
-3
1
-1
3
-4
3
-3
-3
3
3
0
0
2
-5
0
-1
1
2
-5
3
-2
0
-1
1
-1
0
-1
-1
-2
1
-1
-1
0
-2
1
0
-1
0
0
0
0
-1
-1
-1
0
0
0
0
0
0
0
-1
-1
0
-3
1
-1
-1
0
-2
1
-1
-1
-1
0
-2
1
0
0
-4
3
-3
-1
-1
-1
3
-3
1
0
-4
-2
3
1
-4
4
-5
0
-1
3
-8
8
-13
19
-19
6
-8
13
-12
0
14
-27
22
-25
23
-9
1
-14
2
0
-6
0
-3
3
-1
6
-12
2
3
-3
-1
4
-1
-3
-8
11
-7
4
3
-6
6
-1
-3
2
-6
6
-2
-4
9
-4
-5
7
-5
2
-6
7
-4
3
-1
0
0
0
-3
2
0
0
-1
1
-1
-3
2
-1
-1
-1
0
-1
-1
0
0
-1
-1
1
-1
0
-1
0
0
0
-1
0
0
0
-2
0
0
1
-3
2
0
-2
1
-1
0
-2
1
-1
0
-1
0
-4
4
-7
5
-4
3
-8
6
3
-10
3
1
-7
5
-2
3
1
-6
4
-4
-4
6
-12
7
2
-2
-4
-1
0
-5
-2
10
-8
-1
-3
1
-2
0
0
8
-10
1
-7
18
-5
-12
7
-1
0
-2
1
9
-19
1
11
-3
-7
8
-5
2
-4
5
5
-14
13
-7
4
-6
2
2
1
1
-1
-3
2
2
-5
1
-2
0
0
0
0
0
0
0
-1
-1
0
-1
1
0
1
-2
-2
1
-2
1
-1
0
-2
-1
0
-1
1
-1
1
-1
1
-2
1
1
-2
0
-1
1
-1
-1
1
-1
0
0
0
-1
-1
-2
1
-1
3
-3
-2
3
0
-2
-2
-3
-2
6
-4
5
-14
15
-5
-5
3
-4
5
-8
7
2
-11
-3
17
-11
-2
0
-2
-1
-7
11
4
-20
6
-4
9
-13
0
-15
19
-7
0
2
6
-15
9
-4
3
-7
2
-3
5
-4
-3
7
-6
1
1
-2
-2
5
-5
3
-1
-2
5
-6
2
2
-1
-3
0
-2
4
-2
-2
3
-1
0
-1
1
0
0
-1
1
0
0
0
0
-1
1
0
-2
2
-2
-1
1
0
-1
0
-1
0
0
-1
0
0
-2
0
2
-2
1
1
-3
0
0
0
0
-1
-1
0
0
0
-1
1
-1
1
-4
2
2
-4
1
-2
1
1
-1
-4
5
-5
1
1
-4
4
-6
1
2
-2
-2
6
-8
2
3
-7
2
-4
3
-5
1
-10
14
-6
-3
-1
4
-19
10
0
-9
14
-1
-15
13
-5
0
0
5
-8
7
-10
9
11
-20
9
-11
9
0
-3
-1
1
5
-4
-2
6
-6
4
-12
21
-11
-1
-3
4
-3
0
2
0
0
-1
0
0
0
2
0
0
-1
0
0
-3
0
1
0
-1
-1
-1
0
-1
0
-1
0
0
0
0
-1
0
-1
0
-1
1
-1
1
-1
0
1
-1
-1
2
-1
-1
-1
-2
1
-3
2
-1
0
0
0
-1
-2
0
2
-5
3
1
10
-21
10
-5
5
-7
0
3
-6
-1
0
3
0
-10
11
-10
19
-12
-10
9
-10
8
-7
0
-1
4
-14
13
-1
-15
5
0
34
-20
-29
20
-14
17
0
-6
5
-3
-8
19
15
-72
70
-40
21
-18
0
9
18
-26
14
-8
5
-1
-8
6
9
-21
12
1
-4
5
-8
8
-5
2
1
-3
1
-1
1
0
-1
-1
-1
2
-5
4
-4
1
-2
2
-1
-2
1
-1
0
-1
0
0
-1
0
0
0
0
-1
-1
0
-1
1
0
-2
1
-2
3
-4
3
-2
0
0
0
-1
-1
-1
-1
1
-2
-2
4
-9
6
-5
3
-1
-13
21
-10
-7
7
0
-5
7
-14
25
-18
-10
0
17
-21
40
-71
71
-18
-21
5
2
-6
5
0
-17
13
-21
26
19
-37
0
-27
55
-52
4
5
4
11
-5
-7
7
-17
20
-13
-22
0
48
10
-64
45
-19
-17
41
-29
13
-9
3
4
-9
13
-7
-7
6
0
0
-1
-3
2
1
0
-1
0
-1
0
-1
-1
-1
0
0
-1
1
0
-1
0
-2
1
-1
-2
1
-1
0
-2
-1
1
0
0
-1
0
0
1
-1
1
0
-3
0
-1
2
-2
-1
0
-1
-1
1
-2
1
-3
0
-2
1
-1
-2
-2
2
-1
-2
1
-6
7
7
-13
9
-4
-4
8
-13
29
-41
17
18
-46
64
-11
-49
1
20
12
-21
14
-9
5
5
-12
-4
-6
-5
49
-56
23
0
2
-15
31
-41
35
-15
7
-6
2
4
-11
1
20
-21
-1
-44
124
-112
49
4
-47
51
-11
-27
19
6
-12
6
5
-22
21
-10
2
1
1
-3
0
0
0
-1
0
1
-2
1
-1
1
0
1
0
-1
0
0
-3
0
-1
-2
1
-1
0
0
0
0
0
0
0
0
-1
-1
-1
1
-2
1
-1
-2
2
0
-1
0
0
-1
0
-2
1
-2
1
-2
0
0
0
0
-2
3
-1
-2
-4
9
-22
21
-4
-7
11
-6
-21
26
10
-52
47
-5
-49
112
-125
44
1
19
-21
-2
10
-7
-3
6
-8
15
-35
40
-35
13
-7
0
8
8
2
-2
-2
0
-1
0
2
1
-2
-5
-1
6
1
-8
-8
5
14
9
-3
-9
-5
0
0
0
1
1
-2
-1
3
3
-3
-4
0
3
1
-2
-1
2
1
-2
-1
2
1
-2
-1
1
1
-1
-1
1
2
-1
-2
-1
0
-1
-2
0
1
-1
-2
0
2
0
-2
-1
1
-1
-2
-1
2
0
-2
-1
1
0
-2
-2
1
1
-2
-3
0
1
-1
-3
0
3
-2
-4
0
3
2
-3
-4
0
1
0
-1
-1
-1
0
5
8
3
-10
-15
-5
7
7
-1
-6
-1
4
2
-4
-3
-1
0
-1
2
0
-3
-8
-8
