-9
-5
-6
-4
-1
-6
2
-9
13
-24
15
-2
-4
-18
0
16
-4
-9
-8
42
-68
58
-33
14
-6
-7
12
-16
4
11
-6
-8
1
4
0
-1
0
10
-31
32
-19
7
8
-6
1
-5
4
-2
-11
17
2
-16
3
0
0
-2
0
-1
-1
-2
0
0
-1
0
0
-1
0
0
0
-1
1
-1
1
-2
2
0
4
-15
3
19
-10
-2
5
-4
1
-3
8
8
-19
32
-31
12
0
-1
0
4
1
-6
-5
12
6
-14
13
-7
-5
15
-31
58
-67
42
-7
-8
-3
19
2
-14
-1
1
17
-23
16
-6
5
-3
2
3
-2
2
-8
-4
-7
-3
-1
-7
6
-21
17
6
-22
0
67
-262
256
-32
-56
13
-21
53
1
-64
26
1
2
-12
22
-3
-27
4
12
6
-12
6
-2
-1
-2
-8
-3
41
-27
-2
6
-19
26
-11
5
-9
14
-17
7
2
0
-2
-2
3
-4
-1
0
-1
-1
-1
-1
-1
0
0
0
0
0
0
0
1
-3
3
0
-1
0
4
7
-17
15
-10
5
-11
27
-18
6
-2
-27
42
-4
-8
-1
0
-1
6
-12
6
12
4
-27
-2
22
-11
3
2
28
-63
1
55
-18
13
-55
-30
260
-260
70
3
-18
9
18
-17
11
-1
2
3
-2
2
-8
-6
-2
-5
-11
2
18
-29
-9
9
-1
15
-56
70
-57
17
-6
31
-67
55
-19
-9
14
-13
5
-4
1
10
-1
-15
-15
21
-9
6
0
-2
-8
21
-28
29
-25
17
1
-20
23
-7
2
-19
-2
46
-22
-21
11
-1
-3
0
1
0
-1
-1
0
0
-2
-1
0
0
0
0
0
0
0
0
2
1
-1
0
12
-20
-20
46
-1
-18
3
-5
23
-18
0
17
-25
28
-27
21
-8
-1
1
8
-9
23
-14
-15
-1
12
3
-3
6
-11
15
-8
-18
57
-66
33
-6
21
-53
73
-53
18
2
12
-7
-24
21
5
-8
2
3
3
-8
-6
-3
-7
5
-11
9
-35
17
16
-14
-15
-17
170
-210
3
70
13
-61
54
-40
42
-32
4
-5
-7
14
-1
-14
42
-71
34
-10
12
-3
-2
6
-24
19
28
-44
36
-31
13
7
-17
7
0
-6
-2
13
-11
7
-4
-3
7
-4
-6
1
0
-2
1
0
-1
1
0
0
0
0
1
2
-4
-3
9
-2
-3
7
-10
14
-1
-5
0
6
-17
7
14
-31
36
-43
29
19
-23
6
-1
-2
13
-10
33
-71
42
-13
1
16
-8
-3
4
-30
42
-39
54
-60
14
71
6
-207
172
-14
-12
-10
19
18
-30
13
-8
9
-2
1
2
-9
-6
-2
-6
-7
2
-28
58
-75
45
-27
0
138
-300
264
-166
74
-19
13
11
2
-82
91
-62
18
15
-62
87
5
-50
4
-20
14
7
-6
3
3
10
-58
6
120
-94
17
2
-35
41
2
-28
30
-32
24
-12
5
-1
-6
2
-6
3
-1
-1
0
0
-1
0
0
0
0
0
1
-1
0
4
-4
2
-5
1
5
-12
25
-32
31
-27
1
41
-35
2
16
-95
120
6
-58
12
4
4
-5
8
14
-20
5
-47
6
89
-61
17
19
-60
94
-80
3
13
15
-17
75
-163
268
-297
140
3
-23
47
-73
62
-24
6
-4
2
2
2
-7
-6
-6
-4
4
-13
7
-29
44
-105
82
48
-57
-13
17
-47
70
-109
82
-15
-12
9
25
-59
35
16
-24
-30
66
-81
35
13
-16
9
-8
18
-15
-39
63
-75
112
-47
-4
1
-35
35
1
-10
7
3
-23
17
-4
-5
5
0
-9
3
0
-2
1
0
0
0
0
0
0
0
1
-2
0
4
-8
3
7
-4
-4
19
-22
5
8
-10
2
35
-35
1
-4
-47
112
-76
64
-38
-15
18
-7
10
-16
14
36
-80
67
-28
-24
17
35
-57
27
10
-11
-14
83
-108
71
-44
20
-10
-53
52
85
-102
45
-24
11
-9
8
3
0
3
-8
-7
-7
-6
32
-54
13
-1
55
-89
36
-37
-76
178
-103
129
-131
41
-12
-89
135
-175
202
-72
-22
6
-4
4
-22
14
36
-56
41
-26
5
10
-6
25
-96
139
-109
34
22
-29
40
-31
3
3
-6
10
-23
11
8
-7
-2
0
-2
2
-3
-1
0
0
-1
-1
0
0
0
1
0
1
-2
3
-1
1
1
-6
8
13
-22
10
-5
3
4
-30
42
-28
22
34
-109
139
-94
24
-5
11
6
-26
41
-54
36
13
-21
5
-3
8
-21
-70
203
-173
136
-87
-11
42
-130
131
-100
181
-73
-34
39
-85
57
5
16
-51
35
2
-2
2
-8
-6
-3
1
-22
4
-48
101
-39
-33
50
-86
4
47
-30
55
-44
31
-7
-89
48
83
-76
11
-12
0
6
9
-26
33
-22
11
-10
8
-13
5
12
-35
42
10
-41
11
13
-13
-8
20
-3
-18
11
12
-22
5
5
-2
-7
13
-9
2
-1
0
-1
-2
0
0
0
0
1
0
-1
0
0
3
-8
13
-6
-3
6
6
-21
14
12
-17
-3
20
-7
-12
11
12
-40
11
42
-36
12
7
-12
9
-10
11
-21
34
-24
9
8
2
-11
12
-75
84
49
-87
-6
33
-43
58
-27
50
7
-83
54
-30
-37
103
-44
8
-19
7
2
2
-8
-8
-1
-7
13
-21
-65
110
-82
82
-66
14
-116
243
-135
20
-44
-41
128
-173
183
-69
-12
-18
23
-18
-14
37
22
-91
73
-36
18
-17
9
9
-16
38
-36
-128
213
-79
-22
51
-43
18
-17
9
-4
2
-3
9
-11
-1
8
-11
0
9
-4
-3
0
-1
-1
-1
0
-1
0
0
0
-2
-5
10
0
-11
10
0
-10
10
-2
3
-3
11
-16
19
-43
49
-22
-78
212
-127
-35
40
-15
10
9
-16
18
-35
74
-90
23
37
-12
-17
24
-16
-10
-68
185
-172
129
-39
-43
21
-132
247
-113
18
-63
85
-80
113
-62
-17
15
0
3
0
6
-24
5
-7
10
-14
-7
-43
90
-66
-9
47
-87
106
-66
-17
63
-75
39
-11
36
-33
-17
24
-33
23
9
-61
61
-5
10
-38
32
-27
11
1
-4
16
-26
12
34
-47
10
5
3
8
-18
13
-11
5
1
-6
1
-1
-3
10
-19
11
-3
-2
0
-1
-1
0
0
0
0
0
0
-1
-3
10
-18
11
-3
0
1
-4
1
6
-10
13
-17
8
3
6
10
-47
34
12
-26
16
-4
1
12
-28
32
-38
11
-5
62
-59
11
23
-32
26
-15
-30
37
-11
42
-73
64
-14
-62
109
-83
50
-5
-63
93
-39
-3
-10
13
1
10
-15
12
-31
4
27
-90
111
-82
87
-91
-1
78
-147
194
-367
400
-152
-17
65
-98
150
-306
332
-131
-11
15
11
-106
173
-135
119
-129
61
1
0
-11
3
-4
20
11
-45
-15
57
-9
-8
-27
36
-9
-13
8
7
-10
-1
3
-4
3
-3
-2
-4
4
-2
-2
1
-1
0
0
0
-1
0
-1
-1
4
-2
0
-1
4
-2
4
0
-10
9
9
-12
-8
35
-27
-7
-10
57
-16
-44
12
20
-4
3
-10
0
1
62
-129
120
-135
174
-105
12
16
-8
-129
333
-305
151
-97
65
-16
-148
403
-363
197
-144
81
3
-89
92
-79
115
-86
35
8
-23
-18
14
-24
-24
11
73
-51
-83
64
75
-103
-191
384
-151
-157
217
-62
-27
-179
174
249
-470
245
-2
-8
-12
-172
295
17
-492
496
-146
-47
38
-13
9
-19
33
-72
71
20
-82
52
2
-25
16
-1
2
-10
5
4
-8
2
0
-8
10
-3
-5
2
-2
1
0
-2
-1
0
0
0
-1
1
-2
3
-4
-1
11
-7
1
2
-7
6
5
-9
2
-1
17
-24
0
54
-81
20
71
-71
34
-19
10
-10
38
-47
-146
498
-492
18
297
-171
-11
-8
0
247
-469
250
176
-177
-26
-61
220
-153
-149
387
-188
-101
80
66
-79
-46
76
14
-16
-20
22
-41
15
13
-24
23
-51
8
-44
25
83
-51
86
30
-506
348
125
-61
-6
4
11
-242
128
111
-68
3
42
32
-106
-123
211
9
-79
-13
7
19
-6
0
-3
-18
2
64
-45
9
-14
3
3
5
-2
1
-5
1
-2
1
-2
1
-4
6
0
-3
-2
0
0
-1
1
0
0
0
0
1
-1
-3
0
7
-3
2
-1
1
0
2
-6
2
-1
6
3
3
-13
9
-46
64
2
-18
-3
0
-6
19
6
-13
-77
10
213
-122
-105
33
44
4
-67
113
128
-241
10
6
-5
-60
129
351
-504
34
88
-48
86
27
-39
11
-48
25
-16
17
23
-34
12
-2
14
-29
2
-198
316
-195
36
-66
34
179
-3
-199
161
-143
97
28
32
-116
-144
147
-18
20
-6
-3
-27
-227
245
39
34
-66
8
-12
-7
16
-20
-1
-6
44
-24
-1
-10
9
-5
6
-1
-7
-1
2
-2
-2
2
-8
4
2
-3
-1
-2
-1
-1
-1
0
-1
0
0
-1
0
-1
1
-2
3
6
-7
4
0
-1
3
-1
-6
-1
7
-5
10
-10
-1
-22
44
-5
0
-21
16
-6
-12
9
-66
35
40
246
-226
-26
-1
-4
21
-17
149
-143
-115
34
29
99
-142
164
-196
0
182
37
-62
40
-192
320
-194
6
-25
22
3
21
-18
16
-12
-32
-20
-27
75
105
-87
-11
-178
3
-156
591
-152
-112
58
-146
8
-18
-17
-32
214
-98
-14
-57
-19
134
-2
-68
39
-22
-30
16
-9
-3
15
-1
-22
31
-11
7
-14
-2
27
-17
-2
6
-5
0
3
-4
-1
0
-2
5
-5
-2
2
-1
-1
-1
-1
0
0
0
0
0
1
0
2
-1
-3
5
0
1
-1
-2
4
0
-4
6
-2
-15
27
-2
-15
7
-11
31
-21
-2
15
-2
-8
16
-30
-22
40
-68
-2
136
-17
-56
-13
-96
216
-31
-16
-17
10
-144
59
-110
-148
593
-153
6
-174
-8
-85
108
78
-23
-17
-25
-7
24
-13
23
-57
-28
101
70
-274
-18
225
40
-146
-206
-75
744
-229
-191
-209
119
224
-56
-193
-23
95
72
-46
-102
-8
150
93
-129
-60
-6
27
8
4
-12
5
18
-32
3
48
-39
-1
13
-10
4
2
-6
4
-5
3
-4
1
4
-6
2
-3
-1
2
-1
-2
-1
-2
-1
0
-1
0
0
-1
-1
2
0
-2
2
-5
6
1
-3
4
-4
5
-5
2
6
-9
13
-2
-39
48
4
-31
19
5
-10
5
8
27
-5
-59
-129
95
152
-6
-101
-45
74
98
-21
-191
-54
224
121
-208
-188
-226
746
-71
-204
-144
43
227
-14
-270
73
104
-21
-51
32
1
-7
-44
96
-83
-156
270
123
-427
110
258
-302
-328
741
50
-542
111
262
-303
-65
482
-219
-219
145
43
-202
160
193
-212
-166
131
84
-34
-17
10
-3
-4
9
-5
-34
70
-50
19
-9
6
-2
3
-6
6
-2
-2
-2
1
-3
0
0
3
-5
-1
-2
-1
-1
-1
-1
1
-1
-1
0
0
-1
0
-5
5
0
1
-2
3
-3
-2
-1
7
-6
3
0
7
-9
17
-49
70
-33
-4
8
-3
-1
10
-17
-34
85
132
-166
-211
196
161
-200
44
146
-218
-218
483
-64
-303
264
112
-538
54
743
-325
-297
261
113
-425
127
273
-150
-80
104
-38
1
7
-34
21
29
-134
238
-132
-302
436
-198
0
374
-827
465
323
-411
32
212
-400
439
-106
-305
286
-76
-14
93
-181
47
277
-211
-142
126
23
-33
12
-1
-3
12
-18
11
10
-22
16
-7
1
3
0
-2
1
-1
-2
2
-3
-4
6
0
-8
5
-2
-2
0
0
-1
-1
-1
1
-1
0
1
-1
0
5
-7
1
7
-3
-1
2
-2
0
2
-1
1
3
1
-9
15
-21
10
11
-17
12
-2
0
11
-32
23
127
-141
-209
278
48
-179
94
-13
-74
288
-304
-104
441
-400
213
33
-408
327
468
-822
378
2
-193
438
-297
-127
244
-131
37
26
-26
9
-49
66
-87
50
45
-147
245
-229
57
94
-603
1258
-1039
263
188
-381
459
-525
361
143
-450
214
-6
57
-94
41
224
-470
237
96
-133
61
-19
9
-12
12
-12
3
29
-56
37
-6
-11
15
-11
6
-3
-1
-6
8
-6
-1
6
-15
12
-5
-1
1
-1
0
-1
-2
-1
0
0
0
0
2
-4
2
0
-4
14
-16
8
-1
-3
9
-4
0
-2
7
-10
15
-11
-5
38
-55
29
3
-12
14
-11
9
-18
61
-132
97
237
-469
225
41
-93
58
-5
216
-450
143
363
-525
460
-380
192
265
-1035
1260
-598
96
60
-227
250
-144
48
53
-79
71
-40
13
-49
74
-127
212
-296
170
107
-274
259
-296
651
-1133
1013
-505
145
74
-177
307
-696
999
-669
112
-9
95
-146
173
-31
-330
449
-129
-95
65
-31
11
-2
1
16
-26
5
35
-47
31
-14
11
-7
-4
11
-15
14
-14
7
0
-8
4
6
-13
8
-5
1
0
-1
-1
0
-1
1
0
-1
-1
3
-4
10
-12
8
5
-9
1
9
-13
15
-14
13
-3
-6
13
-14
30
-47
35
6
-25
16
1
-1
11
-31
65
-94
-128
450
-329
-30
173
-144
96
-8
114
-668
1001
-696
309
-175
75
147
-501
1015
-1128
655
-293
261
-272
112
175
-291
215
-119
78
-39
19
-46
66
-94
175
-296
230
-224
345
-391
438
-858
1431
-1307
700
-450
383
-328
425
-419
-100
528
-386
148
17
-138
159
-112
-223
619
-490
143
-31
12
-13
20
-19
9
2
-19
13
19
-35
27
-20
8
1
0
-12
16
-13
0
6
-15
11
-8
3
-3
0
-2
0
-1
-1
-1
0
0
0
1
1
0
-1
-2
4
-6
12
-12
5
2
-12
18
-11
1
2
8
-19
29
-35
20
14
-17
3
9
-17
21
-13
13
-31
146
-490
622
-222
-110
161
-138
19
149
-385
532
-100
-419
426
-327
384
-446
704
-1304
1432
-854
441
-388
346
-221
232
-293
178
-87
72
-38
24
-48
48
-25
-22
4
37
-193
207
9
-278
756
-1142
888
-497
438
-473
448
-574
878
-926
639
-395
189
-12
-128
244
-360
167
440
-670
398
-174
66
-5
-29
38
-34
20
-3
-6
0
8
-3
-1
0
1
5
-11
7
-5
1
7
-24
29
-26
15
-7
0
0
-2
-1
0
0
-1
0
0
-1
-1
0
1
-6
16
-25
30
-24
9
1
-3
8
-10
5
1
0
-2
-2
8
-1
-6
-2
21
-34
38
-26
-6
67
-174
398
-670
441
167
-358
243
-128
-11
190
-394
643
-926
879
-573
450
-472
442
-495
890
-1137
757
-273
12
208
-189
42
7
-18
-17
53
-39
21
-41
23
16
-135
162
-110
198
-341
386
-291
-28
190
-11
-72
-136
260
-295
463
-737
898
-747
338
-43
-67
167
-324
599
-977
981
-541
209
-91
43
-12
-20
33
-34
16
5
-8
-2
2
14
-17
4
-5
12
-11
-3
3
0
-9
13
-16
13
-13
6
-3
-1
1
-1
0
-1
0
-1
0
1
1
0
-2
7
-12
15
-15
13
-8
2
4
0
-10
13
-5
5
-16
13
3
-2
-8
7
16
-34
33
-18
-12
44
-91
210
-541
985
-977
600
-323
168
-67
-42
340
-746
899
-737
464
-294
261
-132
-68
-9
193
-24
-288
390
-338
201
-107
168
-133
22
29
-33
16
-30
2
53
-193
238
-184
234
-225
-20
323
-636
722
-539
327
-167
20
90
-271
370
-316
305
-247
53
91
-135
142
-286
607
-677
378
-139
50
-10
-4
5
5
-12
6
-3
3
-2
-2
9
-11
6
3
-10
9
-8
2
-3
1
3
-3
-3
4
-3
0
-3
-1
-1
-1
1
-1
1
0
-1
1
-2
0
-2
5
-3
-3
5
1
-2
3
-7
10
-10
3
5
-11
11
-2
-1
4
-4
6
-11
7
4
-2
-10
50
-139
379
-678
609
-286
143
-135
93
55
-247
307
-315
371
-270
92
21
-163
331
-536
725
-631
325
-16
-223
237
-181
242
-189
60
7
-23
11
-33
36
-37
-7
61
-125
100
-102
135
-66
67
-195
115
21
-2
-89
125
-69
13
-129
205
-103
32
-9
-29
51
-53
20
-32
22
14
-16
1
4
-1
-9
13
-8
6
-4
3
0
-4
6
-2
-1
-1
1
0
-3
-1
1
-1
-3
1
0
1
-2
-1
-1
0
0
-1
1
0
-1
0
-1
0
-1
1
1
2
-3
1
1
1
-2
0
2
0
-1
-2
6
-5
1
2
-4
6
-8
13
-9
0
4
2
-16
15
23
-31
21
-52
52
-27
-8
33
-102
206
-128
13
-67
125
-88
3
25
117
-191
70
-63
137
-100
102
-121
65
-5
-29
41
-24
3
-15
3
-3
-22
4
41
-63
39
-57
92
-117
55
30
-19
-43
61
-54
11
-3
66
-117
73
-40
14
14
12
-14
-13
-2
-1
7
-7
2
2
-2
-1
6
-5
-1
-2
2
1
-4
3
0
1
0
-1
-1
-1
-2
0
-1
-1
0
-1
-1
-1
-1
-1
-1
-1
0
0
0
0
0
0
-1
-1
0
0
2
0
0
1
-1
1
-1
0
0
1
1
4
-3
2
3
-1
0
-4
7
0
-1
3
3
-7
7
0
-2
-13
-13
13
14
15
-39
76
-116
66
-3
12
-51
62
-39
-16
32
58
-113
95
-53
41
-59
46
7
-19
4
7
-7
-1
-8
-7
-3
-4
6
-34
22
6
-65
65
31
-10
-47
-52
72
-33
18
-15
-13
19
14
0
-29
3
17
-32
56
-38
-43
57
-23
6
-1
-2
-1
0
-1
2
0
1
-6
5
-1
-1
3
-3
1
0
-4
2
-2
0
-2
0
-1
-2
0
0
-1
-1
-1
0
0
-1
0
0
0
-1
0
0
1
-1
1
1
-1
1
-1
3
-4
1
1
-3
3
-1
-1
4
-6
2
1
2
2
0
0
-1
0
6
-22
58
-42
-37
58
-31
19
4
-29
0
16
19
-13
-13
20
-32
75
-48
-42
-7
33
68
-61
8
25
-30
10
0
4
-2
-1
6
-16
1
-4
-12
13
20
-82
50
30
-44
-57
92
-64
45
-48
36
-36
4
59
-27
-70
67
-9
-22
21
-8
-19
21
6
-17
3
4
-4
0
-2
3
1
-3
2
-1
1
-1
3
-3
1
-1
0
0
0
-1
0
-3
2
-2
0
0
-1
-1
-1
-1
-1
-1
0
0
0
0
-1
0
1
0
0
1
-1
-2
3
-2
0
0
0
1
0
0
2
-3
4
-1
2
-1
3
-3
0
3
0
0
-5
4
5
-15
6
22
-20
-6
22
-21
-8
67
-69
-26
60
4
-35
37
-45
49
-60
95
-54
-42
34
52
-78
24
17
-9
2
5
-8
8
-18
-3
-3
-4
-15
42
-42
17
-43
18
0
9
53
-100
55
-18
-8
4
1
-26
62
-62
11
21
-9
-6
-6
-15
17
12
-23
16
-8
2
-3
2
-1
2
3
-6
3
-2
-2
1
-1
0
1
-2
-2
2
0
-2
0
-1
-1
-1
-2
-1
-1
-2
-1
0
-1
-1
-1
0
-1
0
1
-2
0
0
0
1
0
-1
1
2
-1
-1
1
0
-1
2
0
-1
2
-5
4
2
-2
2
-3
2
-6
16
-22
14
17
-14
-3
-5
-7
22
11
-61
64
-24
3
5
-7
-17
59
-96
55
13
3
21
-41
18
-38
45
-11
-1
5
2
-10
2
-18
5
-8
1
-23
31
-20
10
-18
-24
86
-83
-10
46
-44
16
15
-38
20
38
-61
15
1
9
-11
-5
1
22
-10
-13
1
4
-1
0
1
-4
6
-1
-4
6
-3
0
2
3
-2
1
0
0
-1
-2
-1
0
2
-1
0
0
-1
-1
-2
-1
0
-1
-1
-1
-1
0
-1
0
0
2
0
0
1
0
2
1
0
-1
0
1
-1
1
-3
3
1
-1
-1
6
-3
0
5
-3
1
0
0
4
2
-14
-8
22
2
-3
-11
11
2
16
-60
38
21
-37
16
17
-40
49
-6
-80
89
-20
-15
12
-15
34
-19
3
-1
9
-9
-4
-12
2
-9
12
-34
0
50
-55
11
33
-128
133
-22
-47
35
-39
15
22
9
-92
81
0
-28
11
-21
21
4
-42
33
1
-10
1
-1
0
2
1
-3
2
0
0
-1
4
-2
0
2
-1
0
0
0
-1
-3
1
-2
0
-1
-1
-1
0
-2
-1
0
-1
-1
0
-1
0
0
0
1
1
-1
1
0
1
-1
1
-3
0
0
1
0
-1
1
1
0
4
-1
-1
1
3
-2
1
2
1
-1
1
-9
2
34
-39
5
21
-20
12
-27
2
82
-92
12
22
16
-38
39
-43
-19
136
-126
36
14
-53
55
4
-29
15
-1
7
-3
-2
-5
-5
-1
2
-3
-9
-6
4
3
-4
-8
-4
0
1
-2
-2
-6
-7
-3
6
9
0
-8
-7
-1
2
0
-2
0
0
-2
-2
0
2
0
-2
0
2
0
-1
0
1
0
-2
0
0
0
-1
-1
-1
-2
-1
-1
0
-1
-2
-1
0
0
-1
-1
0
0
-1
0
-1
-1
0
0
1
-1
-1
-1
1
0
-1
-1
0
0
0
0
1
1
-1
1
1
1
-1
-1
2
1
-1
0
1
2
-2
-2
1
2
-1
1
4
1
-6
-6
2
11
8
-2
-6
-3
-1
2
4
3
-1
-6
-3
6
6
-2
-5
1
6
4
-1
0
