-6
-15
7
-5
-8
-11
6
2
-10
0
-1
-3
-4
-4
2
-11
-2
6
-1
-10
1
3
-2
-3
1
-1
-2
-1
1
-2
-1
-1
0
0
-1
-2
4
-2
-3
3
0
-1
0
1
-1
0
0
1
-1
-2
1
-1
0
-2
0
0
0
-1
-1
0
-1
1
-1
-1
0
-1
0
0
0
0
0
0
1
1
1
-1
1
0
1
-1
0
1
1
0
0
0
1
0
1
4
-3
-3
5
-1
0
1
0
0
0
-1
2
1
-3
0
2
-2
0
4
2
-8
-1
7
-2
-8
6
-1
0
0
2
3
-8
6
10
-7
-5
3
12
-5
-10
0
-14
3
7
-26
4
-3
4
-4
-4
0
-2
6
-23
25
-27
13
1
-21
35
-32
10
-6
9
-15
12
-6
-8
8
-7
0
1
-3
1
-1
-3
9
-13
10
-5
2
-1
0
1
-1
0
0
-1
-4
5
-12
11
-5
0
0
-1
0
-1
-1
0
0
-1
-1
0
0
0
0
1
0
0
0
0
0
1
-5
11
-12
6
-2
0
2
0
-1
2
1
0
2
-5
10
-12
9
-3
1
1
-1
1
1
-6
9
-7
-4
13
-14
10
-3
11
-32
36
-19
2
15
-26
28
-20
10
0
2
-1
-1
5
0
9
-20
10
10
-10
9
-8
-7
-2
-9
18
-17
-29
23
0
-15
8
-4
8
-8
-14
-27
38
14
-50
35
10
-28
1
-1
10
-15
1
12
-13
-1
3
-2
-3
2
2
-8
10
-6
2
3
-4
1
1
0
0
1
-2
4
-11
12
2
-9
-10
11
-3
0
-1
0
0
-2
-1
0
-2
0
-1
0
0
0
0
-1
-1
2
0
0
-2
12
-9
-9
2
13
-10
4
-2
1
0
2
0
2
-4
2
3
-7
10
-8
2
3
-3
-2
5
0
-12
13
3
-14
12
1
2
-28
11
35
-49
15
39
-23
-11
-5
12
-1
11
-11
2
27
-25
-12
20
-3
3
1
-7
-10
4
-16
-31
50
10
-42
5
12
-20
5
21
-53
24
-57
125
-79
0
18
18
-76
43
-12
20
-1
-26
1
12
-3
1
-3
1
-9
8
17
-22
1
14
-16
3
5
0
-1
0
2
3
-5
-8
-1
10
-11
15
-4
-8
0
0
-1
-1
-1
-2
0
-1
0
0
0
-1
0
-1
1
1
1
1
0
-5
-2
16
-10
11
-1
-7
-4
4
1
1
0
1
4
3
-16
14
2
-21
18
9
-8
1
-2
2
-3
13
3
-26
1
21
-9
44
-76
19
19
1
-78
126
-54
27
-49
25
9
-17
15
6
-39
13
55
-28
-10
10
-1
-12
6
-16
1
-62
115
-116
67
-20
17
-31
10
24
-55
-9
-11
110
-103
55
-64
97
-118
47
18
-35
32
-30
38
-34
15
-7
4
-3
-8
16
-21
25
-23
21
-20
12
-5
5
0
-5
1
10
-17
24
-41
56
-65
48
-12
-5
-5
1
0
-2
1
-1
-2
0
-1
-1
0
0
0
-1
1
-1
1
2
-2
-4
-11
49
-63
57
-40
25
-17
11
1
-4
0
5
-4
11
-21
21
-22
25
-19
17
-7
-3
5
-6
16
-34
39
-29
33
-34
18
48
-116
98
-61
56
-102
111
-7
-5
-52
27
14
-27
20
-19
69
-113
119
-59
9
-9
13
-5
-21
10
4
-64
71
40
-88
14
-23
40
-19
30
-72
71
-17
-130
107
23
-19
8
-60
44
5
17
-31
-25
31
-5
-11
6
-2
4
-4
-16
14
15
-5
-11
-7
12
-3
-1
3
5
-6
1
16
-15
-10
4
-1
21
-21
4
-1
0
1
-1
-1
-2
0
-1
-1
0
0
0
0
0
0
0
0
0
-1
5
-21
22
1
4
-10
-14
15
1
-7
6
3
0
-3
13
-7
-10
-5
17
14
-15
-3
4
-1
7
-11
-4
33
-24
-28
18
7
46
-59
9
-19
24
108
-129
-13
75
-67
32
-16
43
-20
16
-84
44
75
-61
11
15
-14
-10
0
-8
-13
-31
91
-171
153
-47
-25
41
-24
-6
-16
53
-107
176
-140
-15
91
-106
76
-44
28
2
-29
26
-2
-32
21
4
-11
7
-2
-5
13
-26
20
-2
-7
11
-3
-1
1
-1
-1
3
10
-23
11
15
-40
40
-26
9
2
-2
-1
-1
-1
-1
0
-1
0
0
0
0
0
0
0
0
-1
-1
1
9
-25
41
-39
15
12
-22
10
3
-1
0
2
-2
-4
11
-7
-1
21
-26
13
-3
-1
7
-10
5
22
-31
-1
27
-28
2
30
-42
77
-105
94
-14
-139
177
-103
55
-14
-3
-21
44
-21
-45
155
-167
96
-27
-6
-3
8
-10
4
-16
-7
-32
53
32
-82
27
-26
32
-21
-22
68
-26
-14
-112
157
-75
102
-149
64
1
-14
6
2
-4
-1
-14
13
-8
10
-12
3
11
-14
6
-5
11
-8
-1
-1
5
-5
5
-1
-2
4
-4
5
-22
43
-43
15
-4
4
-3
0
0
-2
0
-1
-1
-1
0
0
1
0
1
0
1
-1
-2
4
-3
16
-42
45
-20
6
-3
4
-2
0
4
-5
5
-1
0
-8
12
-5
6
-14
11
4
-12
11
-7
15
-13
1
-3
5
7
-12
4
66
-149
103
-74
158
-111
-10
-24
72
-20
-18
35
-23
29
-80
34
56
-28
0
-11
11
-6
-21
10
3
-56
71
42
-118
29
-2
19
5
-27
-7
31
-59
31
-13
74
-41
-92
59
27
-23
15
-12
-17
25
0
-19
10
-7
2
5
-4
-10
18
-6
-14
10
1
-4
1
1
4
-8
0
8
-1
-3
1
0
-22
22
-8
-3
1
-1
0
-1
-1
-1
-1
-1
0
0
0
-1
0
0
0
0
2
-2
-8
24
-21
2
1
-1
0
7
0
-7
5
1
2
-5
1
11
-13
-7
18
-10
-4
6
2
-5
10
-18
0
26
-18
-10
16
-23
27
60
-91
-39
74
-11
32
-57
35
-4
-24
9
21
2
31
-113
46
75
-53
10
16
-14
-8
-5
-1
-21
-40
125
-196
192
-84
-1
1
22
-61
53
-55
36
-16
3
9
-51
133
-130
20
-18
51
0
-34
-4
15
-13
0
17
-14
5
-6
-11
31
-12
-12
7
-1
-2
3
4
-7
6
2
4
-4
18
-36
5
11
-9
8
-4
-1
0
-2
-1
-1
0
-2
-2
0
-1
0
0
0
0
0
1
0
-2
11
-8
12
7
-35
16
-3
4
2
7
-7
2
2
-2
-2
7
-11
-12
31
-11
-5
6
-14
17
2
-13
17
-3
-34
2
52
-17
21
-129
134
-50
10
5
-15
40
-51
56
-57
25
3
1
-82
195
-192
129
-37
-14
3
3
-13
13
-33
7
-43
106
-258
336
-147
4
-42
59
-72
2
75
-99
78
-35
60
-117
68
-3
-26
30
-39
54
-63
68
-59
20
-9
14
-9
3
-20
35
-31
20
-17
4
12
-6
-7
15
-22
28
-24
9
8
-38
51
-37
8
-1
2
-1
-1
0
-2
-1
0
-2
0
0
0
0
0
-1
0
0
-1
1
1
0
4
0
9
-37
53
-37
9
9
-22
30
-21
14
-7
-5
12
4
-17
21
-31
35
-19
5
-9
16
-9
22
-58
69
-62
54
-38
30
-24
0
69
-115
60
-34
79
-96
78
6
-70
62
-38
6
-144
339
-254
110
-40
15
-28
21
-7
-14
11
-13
23
-74
-118
316
-153
-32
62
-41
-30
-32
98
45
-151
30
108
-209
70
133
-62
-23
-18
46
-68
56
-40
31
-15
-9
7
7
4
-25
27
-22
19
-24
23
3
-30
3
29
-27
10
11
-55
88
-32
-26
35
-36
13
-5
4
-3
1
-2
0
-2
0
0
1
-1
0
-1
2
-1
3
-3
5
-4
15
-34
35
-24
-31
89
-55
11
10
-28
30
3
-30
4
24
-23
20
-22
27
-24
5
8
7
-8
-14
32
-39
59
-67
48
-17
-21
-61
134
71
-208
109
32
-150
49
102
-28
-27
-39
65
-28
-150
320
-115
-70
27
-6
16
-5
-4
-28
30
-11
26
-110
-83
334
-209
40
-63
21
62
-107
105
-60
10
-2
-23
37
-99
149
-70
-14
3
-3
22
-6
-40
-21
91
-43
-8
10
-15
11
5
-20
3
13
16
-17
-18
3
29
4
-29
-26
30
64
-54
-49
35
18
-16
5
-3
-1
-1
-1
-1
0
0
0
0
0
0
-1
-1
-2
0
-1
-2
7
-14
18
36
-49
-53
66
31
-26
-29
3
29
4
-19
-17
16
14
2
-20
5
12
-14
10
-8
-41
92
-20
-39
-6
25
-3
5
-12
-67
151
-98
37
-20
-1
11
-57
108
-103
65
23
-59
45
-207
339
-79
-107
29
-3
34
-20
-11
4
-20
-5
-29
86
-258
396
-207
-14
52
-47
-12
-43
125
-157
135
-25
-68
106
-94
27
6
-25
57
-70
30
-5
8
-91
139
-62
7
-14
-5
39
-23
-2
-26
45
-44
25
7
-23
30
-15
-17
59
-20
-81
92
-52
6
17
-5
-1
-7
2
1
0
-2
-1
-1
1
-1
0
-1
0
-1
1
3
1
-5
1
-4
17
7
-51
91
-81
-19
59
-17
-15
31
-23
6
26
-44
45
-26
-1
-23
39
-3
-13
7
-61
141
-91
10
-4
32
-70
58
-24
8
28
-94
107
-67
-24
136
-154
129
-41
-10
-43
55
-10
-205
399
-254
90
-24
2
-15
12
-14
19
-42
7
-24
60
-248
406
-186
-16
-44
86
-110
-11
128
-91
38
-15
71
-166
76
13
-2
7
-45
52
-45
13
7
24
-35
16
-15
11
-26
34
-19
-9
42
-56
46
-27
15
-5
-7
2
21
-50
61
-69
65
-54
39
-24
2
5
-7
4
-3
0
0
-1
-2
0
0
0
-1
0
0
1
-2
6
-6
6
4
-23
40
-54
65
-68
62
-49
22
4
-7
-3
14
-28
46
-55
43
-8
-18
34
-25
12
-15
17
-35
24
8
13
-44
54
-43
11
1
15
77
-163
72
-14
39
-88
131
-7
-106
90
-40
-13
-184
410
-244
63
-22
14
-36
27
-5
-18
14
-8
27
-87
-163
427
-221
-16
59
-89
59
-102
135
-8
-68
17
51
-139
99
-44
25
-16
51
-43
-5
-12
8
86
-108
15
15
-1
-12
24
-17
22
-45
21
26
-22
10
4
-12
13
-3
-30
59
-60
6
25
-31
20
-3
2
-7
2
-1
-2
0
0
-1
1
-1
-1
0
-1
0
-1
2
2
-6
1
-2
21
-31
28
7
-57
60
-29
-2
13
-12
4
9
-23
26
20
-46
23
-16
24
-12
-1
15
17
-108
88
10
-11
-4
-43
52
-15
26
-44
100
-137
52
18
-67
-5
138
-99
63
-85
61
-12
-218
430
-160
-83
30
-2
18
-8
-3
-30
33
-17
39
-98
-200
464
-227
41
-88
-7
145
-215
224
-169
57
42
-16
-41
-78
133
-40
-13
8
3
-17
34
-21
-74
74
-2
-14
5
5
-10
5
26
-56
5
41
-10
-9
-4
4
7
12
-25
-21
22
30
-33
6
-5
0
-1
-1
1
0
-1
0
1
0
0
-1
1
-1
0
1
-1
1
3
0
-1
1
-5
7
-32
31
22
-20
-23
12
8
4
-3
-11
-10
41
6
-56
26
5
-9
5
6
-14
-1
74
-72
-20
36
-16
5
9
-12
-38
135
-77
-40
-14
44
58
-165
229
-213
149
-3
-87
44
-225
467
-196
-94
42
-10
39
-21
-11
8
-24
7
-9
3
-221
395
-183
-15
21
-82
142
-119
52
16
-38
-37
57
-37
-39
88
-39
10
-41
33
-15
9
-40
99
-86
25
-10
3
5
-9
8
13
-45
34
0
-15
15
-6
-2
8
-7
-1
30
-38
5
23
-35
15
-4
1
2
-2
1
-1
-1
1
-1
-1
0
0
0
1
0
-1
1
-2
3
2
-3
16
-35
24
6
-38
31
-2
-6
9
-2
-5
15
-15
0
34
-44
12
8
-8
5
4
-10
25
-85
100
-39
10
-13
33
-40
11
-37
90
-38
-35
59
-35
-37
20
57
-115
146
-78
25
-11
-181
398
-218
6
-6
14
-20
17
-13
15
-29
-10
-40
118
-172
159
-51
-42
54
-102
103
42
-116
-10
56
-44
61
-100
146
-118
26
16
-31
35
-32
14
-34
47
-18
3
2
-13
5
-3
-4
23
-22
12
-21
21
-7
-7
21
-20
14
-22
31
-30
23
-23
15
-11
2
2
-3
2
-1
-1
-1
-2
-1
-1
0
-1
0
-1
0
-1
1
2
-2
4
3
-9
15
-22
24
-28
32
-23
14
-20
21
-7
-7
21
-22
14
-22
21
-3
-2
7
-13
2
4
-17
48
-34
15
-31
36
-30
17
27
-116
148
-100
61
-42
57
-7
-113
47
107
-99
56
-40
-50
162
-168
122
-37
-3
-26
23
-5
-25
16
3
-90
134
119
-300
87
61
-105
28
78
-72
23
20
-16
-35
71
-53
-66
93
-23
2
-9
-13
24
-21
-17
53
-29
5
-7
3
1
-3
6
-24
19
20
-21
7
3
-6
2
-5
11
-11
4
16
-28
7
6
-8
6
-4
1
0
-3
0
-1
-1
0
0
-1
0
-1
0
0
1
-3
2
2
-3
8
-9
6
8
-27
18
5
-10
11
-4
2
-6
2
7
-22
19
19
-24
6
-2
2
2
-7
6
-30
53
-17
-20
24
-11
-8
7
-22
95
-65
-51
72
-33
-15
24
27
-69
80
31
-103
64
89
-296
124
137
-87
10
21
-18
-7
-15
17
-31
-60
127
48
-207
106
-9
-31
-5
41
-27
-4
-8
17
0
-40
51
-29
5
-12
5
-2
4
-4
-4
-6
23
-25
8
0
3
-5
5
-3
4
-9
12
-7
-3
4
1
-4
4
0
1
-9
2
3
-3
0
-2
-1
1
-1
-2
1
-1
-1
-1
-1
0
0
1
0
-1
-1
0
0
-1
-1
3
0
-1
0
-2
4
3
-8
2
0
3
-4
2
4
-2
-7
13
-8
4
-3
4
-5
4
0
8
-23
24
-5
-3
-3
7
-1
6
-12
9
-28
53
-38
1
18
-4
0
-23
45
-3
-28
-5
107
-204
52
130
-57
-24
22
-6
-11
2
-6
-9
-14
33
-70
47
-12
12
-8
19
-43
26
-39
29
-22
11
5
-1
-12
11
-12
3
0
-1
0
-2
-5
13
-10
-3
1
1
1
0
1
-2
1
0
0
-1
2
0
1
0
0
-3
2
-1
-2
-1
2
-5
0
1
-1
-1
0
-1
1
-1
-1
-1
1
-1
0
0
1
-1
1
1
0
1
1
-3
2
0
-1
1
3
-2
1
0
2
-1
2
-1
0
0
2
-3
1
1
0
1
1
-1
-9
14
-4
-1
1
-1
2
4
-11
12
-10
0
5
14
-22
32
-37
30
-39
23
-6
15
-10
50
-67
37
-12
-2
-2
11
-7
-5
-10
-1
-1
-4
16
-37
11
-1
-4
8
-13
-2
-6
4
-1
5
-13
5
0
0
-4
0
-3
3
-3
2
-5
2
0
-3
2
-2
1
-1
0
0
-1
2
1
1
-1
2
0
-1
0
1
-2
0
-2
-1
-2
1
-1
0
-2
-1
-1
-1
0
0
-2
0
0
0
-1
0
0
1
0
0
0
1
-1
2
0
1
-2
0
-1
1
2
-2
1
3
-1
0
0
1
0
1
1
1
1
-2
2
-3
1
2
-4
2
-2
3
-2
2
-4
3
1
7
-12
7
0
8
-3
2
-10
11
-2
3
13
-33
19
-1
1
7
-5
3
-9
-8
1
-8
-3
-7
35
-65
26
4
-13
-3
7
-2
-11
1
3
-14
7
4
-9
7
-4
0
-3
-2
0
-2
0
-5
2
0
1
-2
1
-1
1
-1
0
1
-1
1
0
0
0
-1
-1
2
-1
1
-1
-2
-1
0
-1
0
0
-2
-2
-2
-1
-1
0
-2
1
-1
0
0
0
0
0
0
1
1
0
1
0
0
0
1
0
2
-1
-1
1
2
0
1
-1
0
1
-2
0
0
1
-3
1
1
3
-3
1
0
1
0
-1
1
-3
7
-8
4
8
-11
4
5
-8
-1
9
0
-11
7
28
-62
40
-4
-1
1
6
0
-9
-7
1
-9
-2
1
10
-35
11
-2
4
0
-14
9
-13
0
1
4
-2
-5
-6
7
-5
0
-2
1
-2
-3
0
1
-2
1
0
0
1
-1
0
1
-1
1
0
1
0
2
-1
0
-1
0
0
-1
-1
0
-1
0
-1
-1
-1
-1
0
-1
-1
-1
-1
0
0
0
0
0
0
-1
1
0
0
1
0
1
0
0
0
-2
1
0
-1
0
0
1
0
-1
0
1
-1
1
0
-1
1
0
0
2
-2
1
1
-1
-1
1
-1
1
-2
10
-6
-5
-1
5
2
2
-10
12
-11
5
7
2
13
-32
15
6
0
-2
6
1
-9
-2
-8
-3
-4
-1
-3
-6
7
-11
-4
1
-1
3
-12
-1
0
1
4
-9
2
0
0
-5
3
-3
-2
-1
0
2
-4
-2
2
0
0
0
1
0
-1
0
0
1
-1
1
1
-1
0
-1
0
-1
-1
-2
0
-1
0
-1
-1
-1
-1
-1
0
0
-1
0
0
-1
-1
0
0
-1
0
0
0
1
0
0
0
0
0
0
0
0
0
1
0
1
0
0
0
-1
0
0
0
0
1
1
2
-2
-3
3
1
0
-1
-2
3
-1
2
2
3
-7
4
1
1
2
-9
5
3
5
-1
-7
9
-2
0
4
-1
4
-4
5
-10
-5
-4
-4
-4
2
-8
1
-2
-1
-3
-8
7
-5
-8
-1
-1
3
-4
1
-3
1
-2
0
-2
-1
-1
-2
-1
-1
-1
-1
-2
1
0
0
1
-1
0
0
0
1
1
1
0
0
0
0
-1
-2
-1
-1
0
0
-2
-1
-1
0
-1
-1
0
-1
0
0
-1
0
0
0
1
1
-1
0
0
0
1
0
0
0
0
-1
0
0
0
0
0
1
0
1
0
1
0
-1
0
1
1
1
-2
1
1
0
0
1
-1
1
0
0
0
2
-2
1
-3
4
0
2
-5
0
9
-4
0
2
-1
4
-5
4
-2
2
0
3
-8
-6
-2
-6
-4
0
-2
-4
-3
1
-5
-5
7
-3
-9
4
-5
0
0
1
-4
1
-1
-1
-1
-1
0
-1
0
-3
1
-3
0
0
0
0
0
0
0
0
0
0
0
0
0
-1
0
1
-1
0
0
-1
0
0
0
-3
-1
-1
-1
0
-1
0
-1
-1
0
1
0
0
0
-1
0
1
0
2
0
1
1
1
0
0
0
1
-1
1
1
1
0
0
0
1
0
0
0
1
0
1
0
-1
2
-1
-1
0
-1
0
0
0
-1
2
-2
1
1
2
-4
8
-7
1
10
-3
-2
4
-1
0
1
3
-1
1
3
1
-9
-5
-4
-5
-1
-8
-4
3
-3
-2
-7
-1
5
-9
-3
2
-4
-2
0
0
-2
1
-2
-1
-1
-1
-2
0
-1
0
-1
-1
0
0
0
-1
0
-1
-1
-1
0
1
-1
0
0
0
0
0
-1
-1
-2
-1
1
0
-1
-1
0
0
0
-1
-1
0
-1
-1
0
-1
0
-1
0
-1
-1
0
1
0
0
1
0
0
-1
0
0
1
0
1
1
-1
-1
0
0
1
0
0
0
0
1
0
0
0
0
1
0
1
0
0
-1
2
-1
1
-1
1
1
0
-3
5
0
-7
7
1
-4
1
-1
6
1
-4
2
2
1
3
-8
-6
-2
-6
2
-11
-4
10
-10
-2
-1
-2
-3
2
-7
-1
1
-4
0
-1
-2
0
0
-1
-1
-1
0
0
0
-1
-1
0
-1
0
0
-1
1
0
0
0
0
-1
0
1
-1
0
0
-1
-1
0
-1
-1
-1
-2
-1
0
-1
-1
-1
-2
0
0
-1
-1
0
0
0
0
0
0
-1
1
0
0
1
0
-1
0
-1
0
0
1
0
0
0
0
1
1
1
0
0
0
0
0
0
0
-1
0
-1
0
0
0
0
-1
0
-1
1
1
-1
1
0
-2
1
3
-4
5
-1
1
2
2
-7
13
-2
-7
5
0
1
2
-8
-5
-3
-4
-1
-5
-5
5
-4
-5
1
-2
-6
-1
-1
-6
3
-3
-2
3
-3
-1
0
-1
-2
0
-1
0
0
-2
-1
-1
-1
0
-1
-1
0
0
-1
1
0
1
1
0
0
0
-1
0
-1
0
-1
0
-1
-1
-1
-1
-1
-1
-1
-1
0
0
-1
0
-1
1
0
0
-1
0
-1
1
0
1
0
0
0
0
0
1
0
0
-1
1
0
1
0
1
0
0
0
0
-1
1
0
0
-1
0
-1
0
0
0
0
0
-1
0
1
1
-3
3
-1
-1
4
-3
2
2
-3
1
3
-2
-3
9
-3
-2
2
2
0
3
-4
-4
-2
-1
-1
-2
-1
-1
-2
-3
-2
0
-1
-2
-1
-1
-1
-2
-1
0
0
-2
-2
-1
0
-1
0
0
0
-2
-1
-2
0
0
0
0
0
0
-1
-1
0
0
0
0
0
0
-1
0
-1
-1
-1
0
0
-1
-1
-1
0
0
0
0
-1
-1
0
0
0
-1
-1
-1
-1
0
0
0
0
0
0
0
0
0
0
0
0
0
0
0
0
0
0
1
0
-1
0
0
0
0
0
0
0
0
0
0
0
0
0
0
0
0
0
0
0
1
0
0
-1
1
2
0
0
-1
0
0
0
0
0
0
0
1
3
1
