-9
-6
-3
-9
3
-7
6
-4
-17
7
-9
4
-8
6
-2
-10
7
-19
15
0
-34
113
-182
104
-1
-15
18
-31
10
9
-12
-7
20
-34
41
-47
62
-12
-45
35
-10
0
3
-3
1
5
-5
5
-12
14
-14
11
-10
0
9
-9
2
-4
0
1
0
0
-2
-1
0
0
-2
0
1
2
1
-4
3
-8
8
2
-9
13
-13
15
-11
5
-4
6
2
-3
3
1
-10
34
-44
-12
63
-45
41
-32
20
-6
-10
8
11
-30
19
-14
0
106
-182
115
-33
2
16
-18
8
-7
1
9
-4
8
-6
10
-15
1
9
-3
6
-2
1
2
-9
-7
5
-14
1
6
-37
53
-44
-1
3
7
-5
-5
-9
-11
97
-153
83
-39
12
123
-246
160
-20
-43
38
-3
-12
-8
12
-10
17
-17
24
-30
16
-32
32
-7
0
1
4
-7
13
-3
-14
13
1
-6
1
-5
4
0
-6
6
-7
2
-1
2
-2
0
-2
-1
0
0
0
1
-2
3
0
1
-5
7
-5
2
5
-4
1
-6
2
14
-13
-2
13
-9
3
0
0
-7
32
-31
16
-30
24
-15
17
-9
12
-7
-10
-2
40
-41
-19
161
-245
124
13
-39
84
-152
98
-8
-6
0
-1
11
6
2
-42
57
-32
9
5
-6
9
0
-9
-7
0
-5
-4
-11
12
-17
10
-16
3
0
2
-13
13
15
-38
-20
11
55
-101
104
-81
56
-22
-1
1
-14
10
-11
8
3
5
-38
64
-88
103
-72
3
18
-8
-8
14
-2
2
-9
2
0
2
0
-2
-11
8
2
-2
-7
3
8
-11
3
-3
2
-1
-1
0
0
-1
3
-2
5
-8
9
4
-7
-1
1
9
-10
-1
2
3
0
3
-7
2
-2
13
-9
-7
19
5
-71
104
-86
65
-38
5
4
9
-11
11
-13
2
-1
-21
58
-80
104
-100
56
13
-18
-37
18
17
-10
6
2
5
-12
12
-13
16
-7
0
2
5
1
-12
-22
41
-28
1
-1
-9
6
-47
18
-1
9
-6
0
0
-14
41
-64
31
-41
70
-25
-4
-21
-6
27
-31
18
0
-12
14
-2
-16
20
-53
73
-52
45
-38
20
-12
10
-3
-6
7
1
-6
5
-2
-7
6
0
-1
-4
-3
5
-7
6
-3
-2
-1
-1
-1
0
0
0
0
1
-1
-1
-1
7
-5
7
-1
-3
0
0
6
-7
-1
6
-5
1
8
-5
-3
11
-12
20
-37
45
-52
74
-52
21
-16
-2
16
-11
2
19
-28
29
-4
-20
-3
-23
71
-40
31
-62
42
-11
2
3
-3
13
1
21
-45
10
-5
4
4
-21
46
-13
-8
-8
-8
62
-98
160
-291
212
-144
12
122
-34
-25
5
-27
29
16
-31
-5
-4
-10
24
-15
10
-2
0
-3
-3
4
-8
-6
8
-1
4
-7
0
18
-22
8
-6
-6
17
-7
6
-1
-10
10
-3
-3
5
-2
0
-5
-3
8
0
-7
4
-3
-1
-2
0
1
0
-1
0
0
-1
0
0
-1
5
-7
1
8
-3
-5
2
-1
6
-2
-3
10
-10
-1
6
-7
16
-5
-5
9
-22
18
0
-7
5
-1
8
-5
-7
5
-2
-1
1
-1
12
-15
26
-9
-3
-4
-30
17
31
-25
9
-23
-31
126
15
-142
215
-286
163
-94
71
-3
0
-7
-15
4
52
-107
231
-345
316
-310
7
219
-85
-14
56
-44
-139
143
12
-38
53
-10
-105
74
-45
37
8
-14
-1
0
-6
-5
10
2
-1
15
-63
40
13
-18
13
-1
-8
2
5
-2
-2
-1
2
-3
2
-4
4
-11
6
8
-12
2
2
-3
-1
1
-1
-2
0
-1
1
-1
0
2
-1
-2
3
4
-12
8
8
-10
4
-3
4
-2
4
0
-2
-2
5
2
-8
-1
14
-17
13
40
-62
14
-1
2
11
-4
-6
1
0
-11
8
39
-44
77
-103
-9
53
-37
14
144
-136
-40
58
-11
-80
221
11
-308
320
-342
234
-105
60
9
-7
-9
-23
17
-14
-56
261
-402
493
-507
254
-75
31
27
-148
50
126
-161
121
-59
8
68
-135
140
-113
84
-77
22
12
-20
12
2
-1
-14
27
-42
51
-37
13
-7
-1
13
-14
14
-15
18
-14
7
-1
-8
7
-3
0
1
-2
-2
2
0
-6
5
-4
1
-1
-1
-1
0
0
-1
-1
2
-2
6
-4
1
2
-2
-3
2
1
-2
7
-7
0
7
-13
17
-14
14
-14
14
0
-6
13
-36
51
-42
27
-14
1
3
13
-19
13
23
-76
85
-112
142
-132
69
11
-58
123
-160
128
53
-143
30
34
-72
258
-504
496
-398
264
-51
-7
21
-15
-5
-31
50
-47
76
-174
220
-441
445
-110
-15
-1
55
-56
-53
-56
145
-52
-6
18
19
-157
201
-118
59
-35
0
23
-26
18
-18
12
-2
-37
72
-51
1
12
-5
-7
15
-19
16
-6
7
-7
2
7
-10
-1
2
1
-3
-7
13
-17
17
-17
10
-8
4
-4
-1
-1
0
-1
0
-3
5
-7
10
-16
18
-17
14
-6
-3
1
3
0
-9
9
2
-8
7
-6
16
-19
14
-6
-3
12
2
-50
73
-36
-2
14
-18
20
-25
24
1
-32
60
-115
202
-156
20
19
-5
-51
146
-52
-50
-53
58
2
-13
-108
446
-436
223
-171
80
-40
55
-21
-8
-24
23
14
-89
212
-149
-197
324
-250
118
-14
-34
18
87
10
-230
219
-121
85
-117
-37
277
-242
114
-55
3
6
-13
-1
16
-19
9
0
-40
66
-21
-20
27
-31
28
-19
13
-7
4
-6
7
-3
-4
3
-8
7
-1
1
-4
1
-5
10
-9
-2
0
-2
1
-2
0
-1
1
-1
0
0
-8
11
-4
2
-5
3
0
7
-6
5
-3
-2
7
-5
5
-6
14
-20
29
-30
28
-18
-21
67
-40
2
9
-18
16
0
-12
9
3
-54
116
-241
279
-36
-116
87
-120
221
-229
13
90
21
-31
-12
121
-247
325
-194
-146
217
-85
20
29
-15
-8
2
-14
-13
49
-212
99
406
-344
-175
182
12
-141
203
-74
-92
105
-14
-1
10
-183
-9
391
-280
40
40
-71
29
-14
16
0
-18
13
8
-30
32
11
-27
-2
13
-18
21
-4
-4
-1
4
-4
3
1
-2
-1
2
-6
2
-2
4
-4
-6
5
-4
2
-2
0
-2
0
-1
2
-2
2
-3
6
-5
-3
5
-1
3
-5
2
1
-2
2
2
-3
3
0
-3
-3
20
-19
14
-2
-26
12
33
-29
9
13
-18
-1
16
-14
31
-71
42
41
-279
393
-9
-182
12
0
-13
106
-89
-72
206
-137
16
183
-172
-342
410
103
-208
51
-5
-9
11
-10
24
-51
-22
20
142
-67
-321
323
-91
19
-6
-100
182
-44
-85
-12
59
-16
-17
58
-182
261
-111
-24
14
-25
10
10
-8
1
-7
23
-40
25
4
15
-34
10
6
1
-2
-10
7
9
-5
0
-5
7
-7
1
-3
0
2
2
-11
11
-5
-7
3
0
-1
-1
0
0
-1
0
-1
1
4
-7
-3
12
-11
4
2
1
-4
3
-5
8
-5
0
-5
9
6
-10
-2
1
6
11
-34
16
5
24
-39
23
-6
1
-8
11
12
-23
15
-23
-109
263
-182
59
-16
-15
60
-11
-82
-41
185
-96
-3
22
-87
325
-317
-64
145
23
-16
-46
32
-11
26
-61
60
-24
-105
115
-63
-33
164
-108
-25
-7
51
4
-41
-17
39
-33
-15
59
-105
144
-40
-53
-23
54
-3
-15
-3
-4
19
-12
-5
-5
16
-11
2
10
-4
-12
11
9
-20
25
-18
4
-9
14
-8
2
-1
1
-5
0
8
-9
5
-6
2
-1
-1
-1
-1
-1
0
1
-1
1
4
-7
7
-8
8
1
-4
2
0
3
-8
15
-9
4
-17
25
-19
9
10
-12
-5
11
2
-11
17
-5
-5
-12
20
-4
-3
-14
-1
56
-20
-52
-38
146
-103
60
-14
-32
39
-16
-38
9
55
-4
-22
-106
168
-32
-61
118
-101
-21
67
-57
33
-9
-2
-14
-8
-30
108
-214
369
-333
146
-75
-16
92
-101
67
-91
84
-46
52
-21
-81
41
50
4
-72
30
14
-19
9
4
-9
2
5
-14
-5
17
-10
22
-21
5
6
-9
3
-1
-5
7
-3
4
-7
4
3
-7
4
-1
2
-2
1
-7
2
2
-1
-2
-1
0
1
-1
0
0
0
2
3
-6
2
-1
3
-1
4
-6
2
3
-6
5
-2
6
-5
2
4
-8
6
5
-22
24
-10
16
-5
-15
5
4
-8
5
9
-16
16
32
-71
6
51
43
-79
-21
54
-46
85
-87
71
-97
94
-14
-71
149
-331
372
-210
112
-27
-1
-9
6
-6
-22
32
-36
42
-77
195
-473
450
-209
111
-71
47
-47
55
-75
-16
66
-25
-4
32
-95
86
-5
-23
-7
2
8
-6
4
-6
-5
12
-17
-1
38
-42
18
-3
3
-3
-7
18
-20
17
-9
5
-5
-2
8
-12
1
3
-7
5
3
-10
8
-9
4
-1
-1
1
-1
-1
-1
0
0
1
6
-8
8
-10
5
6
-6
4
2
-11
10
-1
-4
6
-9
17
-20
18
-9
-3
2
-3
18
-41
39
0
-16
12
-4
-4
4
-6
9
3
-5
-22
-5
87
-94
34
-2
-24
68
-15
-72
59
-43
50
-68
114
-207
451
-468
199
-72
46
-29
36
-13
-6
-36
43
-11
-34
45
-148
338
-269
24
31
-57
145
-215
48
122
-74
-15
14
-24
115
-172
154
-110
41
-9
4
-11
7
-7
6
-8
24
-37
18
6
-15
10
-1
4
-7
3
-3
7
0
2
-13
10
-2
1
-10
3
3
-9
7
4
-12
8
-2
-1
-1
-3
0
0
0
-1
0
-2
1
1
-3
8
-11
4
8
-9
4
4
-9
0
-1
10
-11
2
1
6
-2
2
-7
4
-1
10
-14
8
20
-36
24
-7
7
-7
7
-9
7
-8
42
-108
156
-171
117
-23
15
-14
-73
125
51
-211
147
-54
33
27
-266
341
-145
48
-31
-5
48
-28
-5
-24
21
-2
-32
66
-11
-166
131
29
-47
4
13
-40
-33
66
19
-69
60
-9
-109
76
33
-42
26
-18
5
-8
2
-9
12
-13
10
-3
-17
3
13
-9
6
-1
-4
7
-6
4
-1
2
-2
-3
6
-10
4
-1
5
-4
-4
1
0
-5
2
-1
-1
0
-1
-1
0
-1
0
0
0
0
4
-4
0
3
-3
-5
6
0
4
-9
7
-2
-1
3
-1
6
-5
7
-4
-1
7
-8
13
3
-15
-2
10
-12
13
-8
4
-7
7
-17
28
-41
35
77
-108
-7
60
-68
20
69
-29
-37
16
7
-45
31
133
-161
-9
70
-28
3
25
-16
-9
8
-18
-3
27
-134
117
20
-39
-30
1
43
-29
1
-2
-7
1
-18
28
-40
79
-56
-41
56
-10
-24
25
-17
10
-8
-1
1
7
-7
-5
4
-3
6
-5
5
-11
12
-6
7
-4
-3
-3
8
-5
4
-8
12
-13
5
-4
0
-1
0
-3
2
-3
1
-1
0
0
1
0
1
-3
3
-1
-2
0
3
-3
6
-11
13
-8
5
-4
8
-2
-2
-4
7
-7
12
-11
5
-4
5
-3
5
-5
-5
7
1
1
-7
11
-16
26
-23
-9
57
-41
-54
80
-38
29
-17
2
-3
2
3
-26
47
4
-27
-37
25
121
-129
30
6
-12
15
-12
25
-60
-2
-11
192
-276
174
-99
34
-28
23
-22
32
49
-134
91
-37
-29
39
5
-25
39
-41
18
-13
5
-4
8
-4
-4
10
-19
16
-13
12
-8
0
-1
2
4
1
-8
7
3
-4
7
-8
5
-3
-1
-2
2
0
-3
-1
0
-3
1
-4
1
-1
0
-2
-1
0
0
0
1
-3
2
-2
1
1
-1
2
1
0
-1
-1
6
-8
8
-5
3
6
-9
0
4
4
-1
1
-8
13
-12
16
-19
9
-2
-3
9
-1
6
-13
19
-39
41
-23
6
40
-29
-36
92
-130
51
35
-21
24
-24
38
-96
177
-272
195
-8
5
-55
32
-10
34
-66
12
36
-121
195
-300
237
-22
-36
11
-27
9
51
-102
55
-35
40
-27
-4
11
23
-39
-5
15
0
-2
-7
0
1
-5
6
12
-34
20
-8
4
5
0
-6
3
-8
21
-27
21
-20
16
-5
2
-9
8
-4
-1
2
-5
0
-2
3
-5
2
-3
-1
0
-1
0
0
-1
3
-4
3
0
1
-4
3
-1
-3
10
-7
3
-4
15
-19
21
-27
22
-7
3
-6
-1
5
4
-8
21
-34
13
6
-4
4
2
-6
1
1
17
-3
-36
25
12
-4
-25
42
-34
56
-97
54
13
-25
16
-33
-20
239
-296
200
-118
39
20
-61
43
-11
12
-40
28
-26
-36
-58
337
-291
6
48
-23
18
-33
15
-2
-2
-1
11
-32
46
-41
3
9
-1
2
-3
-1
1
-5
8
-11
6
-1
-13
16
-1
-4
-4
9
-7
9
-10
5
6
-12
12
-4
1
-3
-4
5
1
-7
3
-1
0
-2
3
-6
2
0
-2
0
-2
1
0
-1
3
-5
2
-1
1
-1
4
-6
2
5
-4
-2
2
-4
13
-11
6
4
-10
9
-7
8
-5
-4
-1
17
-12
0
6
-10
8
-4
1
-1
-1
2
-1
11
4
-38
47
-31
12
-1
-1
0
18
-31
21
-20
50
10
-288
340
-54
-33
-23
35
-35
21
-8
-8
5
-8
2
46
-84
-59
83
1
8
-43
38
-50
49
-43
21
-18
14
10
-43
38
-13
-2
2
1
-6
0
-1
-9
10
2
-9
-1
5
-6
1
10
-11
10
-9
3
-9
21
-9
-3
0
11
-4
-10
3
-2
5
2
-7
0
1
4
-9
4
-1
-1
0
-1
0
0
1
-1
-1
5
-8
5
2
1
-7
2
4
-1
4
-9
-3
10
-1
-3
-9
22
-9
4
-9
10
-9
10
1
-6
5
0
-9
3
10
-8
1
1
-5
1
3
0
-12
39
-42
11
15
-17
22
-39
53
-46
41
-40
10
3
86
-56
-80
50
5
0
10
-1
-5
-26
30
-16
-5
-25
30
-39
25
1
11
-52
47
-39
25
-28
10
-2
-9
27
-35
28
-3
-9
-12
7
5
-7
-1
1
-2
6
-15
12
-7
0
-1
1
-2
1
6
-6
-3
13
-8
-2
7
-8
6
-4
5
-7
-1
-2
5
-4
-7
8
-5
1
-3
1
-2
0
0
0
-1
1
-1
2
-5
7
-5
-3
6
0
0
-5
5
-3
7
-8
8
-2
-8
14
-3
-6
6
2
-1
2
0
2
-6
12
-15
8
-2
3
0
-6
5
9
-10
-7
-1
28
-34
29
-7
-1
11
-26
28
-35
50
-49
14
5
27
-35
34
-21
-1
-9
36
-19
-8
-21
23
-14
-6
-5
-24
62
-39
-23
21
-9
24
-56
46
-50
23
9
-16
24
-39
34
-26
8
2
1
-13
7
-3
5
-9
7
-6
2
-4
4
-1
-3
7
-1
1
-2
-1
1
-3
4
-1
-5
9
-2
-9
5
0
-6
3
-3
-2
-2
-1
1
-1
0
0
-1
-1
0
-1
-1
1
2
0
-1
0
-1
5
-5
1
7
-8
-1
10
-5
-1
4
-2
2
-1
-1
1
-2
8
-4
0
5
-4
4
-6
7
-8
6
-3
8
-11
2
3
10
-24
37
-39
23
-15
9
24
-47
48
-52
27
-6
22
-20
-37
67
-21
-2
-3
-7
27
-13
-9
-18
19
-14
-16
41
-39
-26
42
-35
7
12
2
-18
5
-27
18
5
-13
8
-13
18
-17
1
4
-7
5
-5
2
-2
1
3
-3
3
-10
12
-4
-7
10
3
-2
-10
10
-8
12
-14
18
-15
9
-7
5
-7
9
-10
4
0
1
-6
1
1
-2
-1
-1
-1
0
0
1
-1
-1
2
3
-6
1
2
5
-10
10
-8
6
-7
10
-15
17
-15
13
-9
9
-8
-1
3
10
-6
-4
12
-8
4
-3
2
2
-2
3
-5
7
-5
5
2
-15
21
-12
9
-12
6
19
-24
9
-14
5
17
11
-31
44
-22
-35
46
-13
-5
23
-10
-10
-4
-5
1
-7
-28
29
-6
-12
2
-7
16
-15
-4
15
-32
15
-12
17
-17
15
-7
-6
-3
2
2
-7
2
4
-11
3
8
-9
-2
4
-2
9
-11
6
2
-8
14
-12
3
6
-10
13
-13
10
-7
1
0
-4
5
1
-7
5
-4
3
-2
-2
-1
-1
-1
-1
0
0
0
-2
0
4
-5
7
-7
2
7
-3
-2
2
-7
11
-12
13
-9
6
3
-11
14
-9
1
7
-11
10
-3
3
-2
-9
9
4
-10
5
4
-6
2
3
-2
-5
-6
16
-16
18
-11
16
-30
18
0
-13
19
-4
4
-10
-2
32
-25
-4
10
1
5
-9
1
-16
-10
10
10
-32
25
-34
42
-38
12
-16
26
-15
-12
-4
8
-7
7
-12
6
-1
0
-4
0
0
-2
-1
0
-6
5
-13
22
-18
10
-7
1
7
-5
1
4
-2
1
-8
7
-4
8
-6
-2
2
-4
-3
3
-1
-3
-1
-2
2
-4
0
0
-1
-1
0
0
0
1
0
-3
2
-2
1
-1
0
4
-2
-3
3
-2
-5
9
-3
7
-6
2
-3
3
1
-6
8
1
-6
9
-16
22
-13
6
-5
0
-1
0
2
1
-2
2
0
8
-11
8
-5
10
-3
-9
-12
29
-13
17
-36
46
-32
29
-28
14
12
-2
-11
9
-8
-3
-9
-8
3
-3
5
-36
30
-17
3
8
-13
9
-25
21
-8
-2
-7
10
-13
8
-2
-3
-4
1
4
-3
-6
6
-8
4
-9
12
-8
2
0
-7
12
-11
0
7
-5
2
0
3
-8
-1
7
-4
-1
-1
0
-1
0
7
-14
7
-1
-2
-2
2
-3
0
0
1
-2
2
-1
0
0
8
-13
8
2
-1
0
0
-1
-4
8
-1
-6
4
0
2
-4
8
0
-10
13
-5
0
3
-8
14
-9
4
-6
6
-5
-1
5
3
-3
-1
0
10
-12
11
-6
0
-7
25
-23
12
-9
10
5
-14
31
-33
9
0
7
1
-3
5
-10
-1
-15
9
-15
0
-13
31
-26
-8
0
6
-2
-11
-14
24
-14
4
-3
-7
8
-16
12
-5
2
-5
2
-1
-3
1
-10
13
-7
-1
4
-1
-4
0
-3
9
-7
6
-6
8
-7
4
-3
0
-5
1
4
-3
-2
2
2
-6
-2
2
0
-4
1
0
-1
-1
0
0
-1
0
1
-3
0
3
-1
-4
2
3
-1
-2
4
1
-4
1
-2
4
-6
8
-6
7
-7
10
-3
1
-4
0
4
-1
-7
14
-10
2
-2
-1
4
-3
2
-4
15
-14
9
-5
-1
4
-13
26
-10
-8
1
9
3
-5
-23
35
-9
3
-12
16
-10
8
-9
-6
-3
-2
-13
2
8
-45
37
-8
-1
-10
12
-25
14
-14
8
3
-4
-5
7
-12
6
1
-7
-1
0
2
-4
1
-3
-4
9
-8
-1
5
-1
1
-1
-3
4
-2
4
1
-1
-5
10
-2
-7
1
1
1
-1
-1
-1
-4
4
0
-2
-2
1
-1
-1
-1
-1
0
-1
-2
1
-3
-1
1
4
-3
0
0
-1
3
2
2
-6
-3
11
-4
0
0
4
-3
4
-3
0
2
-1
6
-1
-7
9
-3
-3
1
-3
3
0
0
-6
2
8
-10
7
-3
-2
3
9
-12
17
-21
14
-7
3
-4
39
-41
12
6
-10
7
1
3
-9
-6
-3
-9
-2
5
-18
27
-33
16
-9
-1
-4
-6
11
-19
6
-1
3
-8
-1
2
-4
4
-3
-7
6
-9
6
-4
-2
1
-5
4
-4
5
-1
0
0
-6
10
-7
10
-14
9
-7
9
-11
10
-6
-2
4
-11
8
2
-11
8
-6
2
-2
-1
-2
-1
-1
0
0
1
0
1
-2
2
-5
9
-10
4
9
-10
5
-2
-4
10
-11
10
-7
9
-14
11
-7
11
-5
0
-1
-1
5
-3
4
-5
1
-1
-2
8
-8
7
-5
-2
6
-3
3
0
-6
4
0
7
-17
15
-2
-1
2
-6
19
-31
31
-14
8
1
-3
2
2
-8
-9
1
-12
4
-10
5
-19
12
-3
-1
-6
-3
0
3
-13
4
0
-7
9
-5
-5
5
2
-8
1
3
-4
-3
0
3
-2
-4
3
1
-2
3
-2
-1
4
-1
-11
18
-9
1
4
-2
-2
4
-7
-3
9
-4
2
-11
11
-5
-3
1
0
-2
1
-1
-2
1
0
0
0
-2
0
3
-3
-4
12
-9
2
-3
10
-3
-6
5
-2
-2
4
1
-9
18
-12
-1
5
0
-2
3
-2
1
3
-4
-1
4
1
-2
-3
5
1
-7
3
6
-4
-5
11
-6
3
5
-10
6
3
0
-2
2
0
14
-17
9
-4
6
-4
6
-1
-3
-4
-3
-3
-1
-3
-2
-3
-3
-3
-1
0
-1
-3
-3
-2
1
0
-2
-2
-1
-1
-2
-1
0
-2
-4
-2
1
0
-3
-4
1
3
0
-2
-1
1
0
-2
0
3
2
-1
-2
1
2
-1
-3
-1
1
1
-1
-2
0
0
-2
-2
-1
1
0
-1
0
0
1
0
-1
-1
1
1
0
-1
-1
1
1
-1
-1
1
2
-1
-2
0
3
1
-2
-1
2
3
0
-2
1
2
0
-2
0
2
1
-2
-1
0
2
0
-3
-1
1
0
-1
1
1
0
-1
1
2
1
-1
0
2
3
1
-1
-1
0
1
1
1
2
0
1
