0
-2
1
-1
2
22
-59
33
1
-4
0
-1
1
-5
4
-2
0
-1
1
0
-2
2
0
-1
0
1
-1
0
-1
1
0
-1
0
-1
0
0
0
0
-1
1
-1
1
-1
0
1
-1
-1
0
0
1
-2
1
0
0
-1
-1
0
-1
1
0
-1
0
-1
0
0
0
0
0
0
0
-1
0
-1
-1
-1
-1
0
-1
0
-1
0
0
0
-1
0
-1
0
0
1
-1
-1
-1
0
0
-1
-1
0
-1
0
0
0
-2
0
-1
0
1
-2
-1
1
-1
-2
0
0
1
-6
4
-2
0
-2
2
-2
-34
58
-25
-3
-2
-2
-2
0
-1
-3
2
-19
84
-116
45
8
-6
1
3
-3
-42
75
-42
9
-4
0
-1
3
-1
-3
8
-9
4
-1
-2
0
1
0
0
1
0
-1
0
1
-1
-1
0
-2
2
-3
2
0
0
1
-1
-1
0
-1
0
-1
0
-4
2
-1
-3
6
-6
-1
1
0
-1
0
-1
-1
-2
0
5
-7
2
0
-2
4
-2
-1
0
-1
-1
1
0
-1
1
-1
-1
1
-3
1
-1
0
0
0
0
0
0
-2
0
-1
0
-1
2
-1
-5
9
-8
2
2
-4
2
0
3
-9
40
-77
41
1
-5
-3
5
-9
-45
115
-85
17
-4
1
-4
0
29
-50
27
-18
-66
149
-44
-59
35
7
-11
-14
-46
111
-45
-19
7
-9
11
-2
-7
13
-1
-8
6
-5
-7
11
15
-27
15
-8
-21
40
6
-32
30
-45
24
8
-19
20
-9
-1
3
-2
1
0
0
1
-2
2
2
-2
-4
3
-5
1
3
0
-4
1
4
0
-5
-2
4
0
-4
-2
3
-4
4
0
-3
-2
1
0
1
0
-1
1
-3
-1
10
-20
18
-8
-25
45
-31
31
-8
-41
22
8
-16
27
-16
-11
8
5
-5
8
0
-14
7
1
-10
8
-7
19
44
-112
44
12
9
-8
-36
58
43
-149
66
16
-30
50
-33
0
-81
54
-25
37
-92
121
-30
3
-10
-19
-31
26
17
53
-153
142
-12
-6
-31
5
-25
30
-11
14
-4
-5
5
-16
8
-8
18
11
-43
21
11
-16
8
19
-25
-14
21
8
-23
11
-5
1
1
-2
0
0
0
-4
4
1
-1
-1
-4
10
-11
11
-13
1
6
0
-6
-1
11
-12
12
-11
3
1
0
-3
-4
3
-1
-1
-1
1
-1
-3
5
-11
21
-9
-22
14
24
-20
-10
14
-12
-22
41
-11
-17
9
-7
15
-5
6
4
-15
10
-30
25
-6
31
5
12
-143
150
-55
-19
-28
29
17
9
-3
29
-122
91
-39
21
-55
75
0
37
-12
-52
9
10
237
-302
72
69
-85
-15
36
-144
334
-139
-24
-1
16
-95
63
14
47
-70
1
1
18
-22
54
-59
-14
42
-14
-16
75
-59
1
-9
32
-14
-18
27
-35
15
9
0
0
-6
7
-3
-2
2
-2
6
-4
-1
-1
0
2
-7
12
-3
-2
-2
0
2
1
2
-12
6
-3
0
0
0
3
-7
2
-3
1
4
-8
6
-1
0
-9
-15
35
-28
18
15
-33
9
-1
57
-76
15
14
-42
14
59
-54
22
-20
-2
-1
70
-48
-15
-63
95
-17
1
23
140
-335
145
-37
16
83
-70
-73
302
-238
-10
-11
48
12
-42
0
-98
121
21
-181
93
210
-391
356
-242
71
154
-219
17
125
-219
217
35
-182
96
140
-272
149
-46
16
12
-18
-1
25
-15
-14
48
-41
7
-13
13
11
-20
7
-19
26
20
-49
21
-7
7
0
4
-8
10
-11
5
6
-10
32
-51
24
-2
0
-2
-2
5
-10
11
0
-11
9
-4
2
0
-1
1
-26
50
-33
8
-6
-5
12
-9
8
-4
-1
-7
6
-22
48
-22
-27
18
-8
20
-12
-13
12
-8
40
-48
15
13
-25
1
18
-13
-17
46
-149
272
-140
-95
181
-36
-217
218
-127
-19
217
-156
-72
239
-357
391
-210
-93
179
-23
-120
94
0
-13
123
-230
66
-109
493
-193
-162
-152
170
95
8
-176
-12
85
49
22
-18
-155
-6
162
-14
13
-69
20
27
-29
26
-55
50
-25
6
16
0
-15
21
-55
30
24
-27
-5
16
7
-12
3
3
-5
4
-2
-9
11
1
-4
-36
57
-25
1
-2
-2
10
-18
10
-7
0
7
-12
18
-11
-1
-1
0
24
-58
36
4
-2
-11
8
1
-5
3
-4
-3
12
-6
-15
3
25
-24
-33
53
-22
14
-2
-16
-6
24
-51
54
-26
29
-27
-19
68
-14
14
-162
6
155
18
-21
-50
-87
11
174
-9
-97
-171
149
161
192
-494
108
-68
227
-124
9
0
45
-40
21
-29
145
-434
458
-156
-30
4
93
-71
55
-227
316
-159
-102
196
-116
128
-85
-57
59
-19
27
-39
1
62
-67
48
-25
-8
14
4
-31
48
-33
-2
-9
17
44
-68
14
8
-2
5
-4
0
2
-10
2
-3
5
6
0
-6
-2
2
-1
1
2
-1
-6
0
6
1
-2
-3
0
-2
2
6
-1
-6
-6
3
-2
9
-4
0
2
-7
2
-8
-15
66
-44
-18
8
1
32
-49
30
-5
-16
8
25
-48
67
-62
-3
39
-27
19
-60
57
84
-128
116
-197
101
159
-318
225
-56
69
-95
-6
27
155
-457
433
-146
27
-22
38
-49
0
-48
-79
132
124
14
-906
1063
-112
-494
272
129
-44
-441
560
-119
-144
-7
101
-60
2
-16
49
6
-37
3
19
-60
93
-33
-49
67
-32
5
-7
12
-12
6
4
-1
0
-14
-4
20
-9
4
-5
-3
4
-1
2
-16
25
12
-100
134
-83
18
14
-11
-11
21
-20
12
0
-15
20
-22
10
11
-15
-19
83
-133
99
-14
-25
14
-3
2
-4
3
3
-6
8
-20
3
13
-1
-1
-5
-6
12
-14
7
-6
31
-65
50
32
-94
59
-20
-5
36
-7
-51
15
-3
60
-101
7
144
119
-561
440
44
-132
-275
491
112
-1063
904
-15
-125
-135
78
43
0
0
38
-74
-86
300
-122
141
-222
-232
313
11
-21
-79
-134
306
-133
-35
13
20
17
-81
101
-28
-9
-37
31
30
-11
47
-145
22
93
-27
2
-20
-7
28
-19
3
3
8
-8
-10
2
7
-9
12
-5
0
-4
12
-18
-16
24
-5
21
-16
-8
7
-5
1
-4
2
0
-3
3
-3
4
-7
7
15
-21
4
-25
15
16
-12
4
-1
4
-11
8
-7
-2
9
8
-10
-4
-3
18
-29
6
19
-2
27
-93
-22
144
-48
11
-30
-32
37
9
27
-101
81
-18
-21
-15
35
132
-309
132
77
20
-13
-313
229
221
-140
122
-301
84
72
-40
-4
0
82
38
-47
-270
607
-630
447
-327
130
-111
247
-122
-14
144
-258
136
40
-90
91
-72
-18
71
-23
-10
-23
54
-63
84
-66
13
-9
8
9
-7
7
-8
4
1
17
-47
45
-20
25
-26
10
-4
-1
2
2
-2
3
-13
9
0
1
-15
17
-2
-3
-3
4
-2
-2
0
1
1
-4
3
2
2
-18
15
-2
0
-10
12
-3
0
-1
-3
1
4
-11
26
-24
18
-45
47
-18
-1
-5
8
-7
6
-9
-8
9
-13
66
-84
62
-54
23
10
23
-72
19
73
-91
90
-40
-137
259
-145
13
120
-247
107
-130
326
-448
629
-609
269
44
-40
-88
0
-101
106
142
-235
-97
332
-658
1133
-972
345
126
-262
109
20
-37
42
26
-42
-73
114
-89
13
58
-60
59
15
-90
68
-3
-63
87
-61
18
9
-10
10
-25
13
3
7
-12
1
-11
15
12
-29
16
-2
-5
2
4
6
-26
30
-18
15
-22
6
3
0
-1
-1
1
0
-1
-1
-1
0
-4
-6
21
-17
19
-31
26
-5
-4
-2
3
1
-15
28
-13
-16
10
-1
10
-8
-4
-15
25
-11
9
-10
-19
61
-88
63
3
-68
90
-16
-57
59
-58
-14
89
-114
73
42
-28
-43
36
-22
-110
261
-128
-346
968
-1132
656
-332
94
234
-143
-106
98
0
-175
166
2
-63
-91
223
104
-203
-132
230
-171
187
-181
89
-100
133
-63
1
-19
-8
161
-181
29
39
-41
23
-10
18
-20
-3
8
14
2
-22
17
-5
-8
-8
33
-26
15
31
-72
30
-11
6
8
-3
-1
-1
4
-6
1
2
5
-13
1
10
-5
-1
0
-1
2
0
-2
0
0
0
3
-10
-1
12
-6
-2
-2
7
-4
1
1
3
-8
-6
9
-31
70
-31
-16
24
-34
7
7
5
-17
20
-2
-14
-9
2
20
-18
10
-25
40
-39
-30
179
-160
7
20
-2
64
-133
99
-90
179
-188
168
-231
132
202
-107
-224
89
62
-5
-167
170
0
15
17
32
4
55
-725
897
-370
144
-98
138
-173
100
-90
107
-30
17
-48
-15
13
-13
36
-11
-12
15
-28
38
-26
20
-29
22
1
-3
-8
-1
11
-22
37
-31
-14
-24
89
-37
-17
6
-6
10
-8
1
-1
-8
19
-22
1
15
-26
36
-13
-5
-5
4
0
1
0
0
-1
-4
3
3
13
-37
25
-16
-2
21
-20
7
0
-2
7
-11
5
-6
15
37
-90
23
12
31
-39
21
-11
1
7
2
-1
-23
28
-20
26
-40
28
-16
11
11
-38
14
-14
13
47
-18
29
-108
89
-102
171
-139
95
-144
368
-896
723
-57
-5
-35
-18
-19
0
212
-242
302
-219
-86
144
-33
-180
317
-189
-29
208
-111
1
18
-110
118
118
-523
409
43
-166
61
58
-113
101
-25
-63
91
-43
2
-4
13
-10
19
-48
47
-52
46
-50
107
-70
-34
19
17
-3
7
-8
0
3
-1
-2
-4
10
-16
43
-73
60
-35
8
-1
4
-7
0
5
-5
-1
-9
35
-61
72
-45
14
-11
3
0
1
-3
-1
7
-8
4
-18
-19
34
68
-107
49
-45
51
-49
47
-19
10
-14
3
-2
42
-91
62
25
-101
114
-59
-61
166
-43
-410
523
-119
-120
109
-19
-3
108
-208
27
187
-319
179
31
-146
85
217
-305
240
-215
0
57
-53
-98
254
46
-367
245
-141
128
-34
-12
84
-226
153
43
-167
199
-74
42
-106
79
-90
78
-27
15
-7
12
-18
6
-1
-11
23
-19
-6
22
-28
26
-6
-13
23
-27
-9
51
-47
26
-14
-6
2
4
3
-5
0
6
-8
10
5
-33
18
0
-1
0
3
-6
0
5
-2
-1
0
0
-19
32
-5
-10
7
-6
0
4
-5
-5
-2
5
13
-27
46
-51
7
27
-23
12
6
-27
27
-25
5
18
-24
10
0
-7
16
-13
6
-16
27
-78
90
-79
105
-42
72
-198
167
-43
-155
225
-85
9
32
-130
140
-246
365
-46
-256
94
51
-61
0
-191
221
-77
-274
585
-621
355
33
-198
147
9
-174
252
-244
125
36
-120
237
-479
462
-144
-55
58
-13
11
-33
53
-107
116
-55
16
3
-19
2
25
-56
70
-28
28
-76
66
-27
-14
20
5
-21
24
-16
5
3
-5
-4
4
1
-4
-14
15
17
-26
11
0
-4
0
0
-1
1
1
-11
25
-17
-15
13
4
-3
-4
3
3
-3
-5
15
-26
20
-7
-19
12
26
-66
74
-28
27
-70
56
-25
-4
19
-3
-17
56
-117
107
-54
33
-11
12
-58
55
145
-462
478
-238
120
-37
-127
243
-253
172
-9
-149
198
-34
-355
619
-586
272
75
-221
186
0
-104
135
-189
224
-452
517
-137
12
-76
17
-22
51
22
-27
-111
132
-59
-22
80
-59
31
-37
30
-6
2
14
-61
70
-37
20
-9
-1
-1
-5
12
-17
22
-27
-6
58
-41
-7
16
-11
-6
-14
45
-20
-2
-4
1
-3
6
-1
-5
8
-28
36
-19
2
-2
1
0
0
-1
-2
1
-2
16
-38
28
-9
4
1
-5
2
-3
2
3
20
-45
14
4
11
-17
6
41
-59
6
26
-23
16
-14
4
0
1
9
-20
36
-71
61
-15
-2
5
-29
36
-31
59
-81
21
58
-132
109
25
-24
-51
22
-18
73
-13
136
-516
451
-225
186
-134
100
0
-93
31
-59
317
-475
259
130
-114
-47
-87
141
-44
75
-138
8
85
-19
-20
50
-70
12
14
0
9
0
-31
56
-52
16
0
1
0
-4
2
-4
27
-10
-89
115
-55
15
10
-15
10
-14
7
7
-5
-3
-1
2
0
-4
1
5
-17
26
-15
5
-7
4
-3
0
0
-2
3
-4
6
-5
14
-27
16
-6
-1
3
-1
-3
0
2
5
-9
-7
14
-11
15
-11
-16
54
-116
88
9
-28
4
-4
3
-1
-2
0
-17
51
-57
29
-1
-9
0
-14
-12
70
-49
20
18
-85
-9
136
-76
42
-144
86
45
114
-131
-260
473
-319
57
-32
88
0
-33
18
42
-44
-33
27
-1
37
-57
39
2
-13
-11
0
-12
49
-40
12
12
-36
18
-2
15
-6
-7
16
-13
5
-3
3
1
-7
9
-9
7
-8
2
48
-86
42
3
-10
12
-7
-4
3
-2
-2
6
-4
-2
4
-5
2
-1
3
-10
2
4
1
-3
0
1
0
-1
0
2
-1
-5
-3
8
-4
-1
-3
5
-6
1
4
-7
1
0
-3
3
6
-11
8
-1
-44
85
-49
-3
7
-8
8
-9
6
-1
-3
3
-6
14
-16
7
5
-15
1
-18
36
-12
-12
40
-50
11
-2
11
11
-5
-40
54
-38
-1
-28
32
42
-45
-20
28
0
-10
-16
17
-31
-20
57
-12
7
-3
0
-9
-22
44
-56
35
-10
18
-32
65
-91
59
-9
-6
-4
6
-1
-1
-2
3
0
0
-2
1
7
-15
9
2
-14
23
-16
-10
12
-2
-2
2
-3
0
-2
2
-1
-2
0
0
0
-2
2
-5
2
1
0
-1
0
0
0
-1
-1
1
0
-2
-3
2
-4
2
0
-1
0
2
0
-3
1
-1
1
-3
1
2
-14
9
15
-22
13
-2
-9
13
-7
-1
1
1
-1
-4
2
1
1
-6
3
6
9
-60
91
-65
32
-20
9
-37
54
-46
21
6
-2
2
-8
13
-58
19
29
-20
15
6
0
-61
42
-18
-32
117
-96
66
-77
35
-22
35
-1
-34
41
-31
2
22
-18
-12
33
-30
20
-6
-1
-1
2
-1
0
-2
0
0
-2
2
-1
-4
5
-2
-1
5
-4
1
3
-5
1
0
1
-1
1
0
0
-1
0
0
0
0
-1
0
-1
0
-1
-1
0
-1
0
0
-1
0
1
-2
0
1
0
-1
0
-1
0
1
0
-1
-1
1
-2
-2
-2
4
-2
-1
3
-6
1
1
-5
3
0
-2
1
-1
-1
1
-1
1
-1
0
1
5
-21
29
-33
12
18
-22
-2
31
-41
32
0
-35
19
-37
77
-66
95
-118
31
17
-42
56
0
35
-36
9
7
-20
17
-20
5
25
-21
7
-13
10
4
-2
-9
14
-14
-7
14
-1
-3
2
-1
1
-1
3
0
0
1
-1
2
-1
0
0
-1
-2
11
-11
7
-6
0
2
-2
1
1
0
-1
-1
1
1
-1
-2
0
-1
-1
1
-1
0
0
0
-1
-1
0
0
0
-1
-1
-1
0
-2
1
-1
-1
0
0
-1
-1
0
0
0
-2
-1
1
-3
-1
5
-7
11
-12
2
0
0
-1
0
-2
1
-2
1
0
-2
2
0
1
-2
3
0
-15
5
12
-14
8
1
-6
-10
11
-9
19
-25
-6
19
-18
18
-9
-13
35
-39
0
12
9
1
-73
100
-77
65
-51
36
-30
15
10
-12
-23
28
-14
2
3
-9
13
-7
2
-1
-2
2
1
-2
1
1
0
0
1
0
0
0
0
-2
4
-4
2
0
0
-3
3
-2
1
0
-1
1
-1
1
0
0
0
-1
-2
0
-1
0
-1
0
-1
0
0
0
-1
-2
1
-1
1
-2
0
0
0
0
-1
-1
1
0
0
0
-3
2
-3
1
-1
-1
-3
2
-4
1
0
0
0
0
-1
0
1
-1
-1
1
-1
-2
2
0
-2
6
-13
10
-3
-3
13
-29
22
10
-11
-18
27
-37
50
-66
76
-100
72
-4
-11
-16
0
21
-7
-2
22
-53
26
6
-18
30
-31
20
2
-17
6
-3
1
1
0
-3
4
-5
4
-4
0
2
-1
1
-1
1
-2
0
0
0
0
-1
0
0
0
1
-1
-2
0
-1
1
-2
1
0
-1
0
0
0
0
0
-1
0
0
0
-1
0
-1
-1
0
-1
0
0
0
0
0
-2
0
-1
0
-1
0
-1
-1
1
-1
0
0
0
-1
1
-1
0
-2
1
1
-2
-1
0
-1
-1
0
0
-1
0
1
-1
0
0
0
-2
-1
2
-5
4
-4
2
-1
-3
-2
3
-7
16
-3
-22
29
-31
17
-7
-26
52
-23
0
7
-24
0
24
-18
-4
51
-85
7
47
-6
-9
-2
-3
4
-6
3
1
-2
3
-5
1
1
0
-1
0
1
-1
1
0
0
-1
0
0
1
-1
-1
1
-1
0
-5
3
-2
0
-1
-1
0
-2
3
0
-1
2
-2
1
-2
-1
0
-2
0
-1
0
-1
-1
-1
0
-1
0
0
-1
0
-1
0
0
1
-1
-1
0
0
0
-1
1
-2
0
0
-3
2
-1
-2
0
-1
0
-3
3
-1
0
-1
1
-2
-1
-2
-1
0
-1
0
-1
-1
-1
-1
0
-1
-1
-1
5
-5
1
-3
-5
6
-5
1
0
8
5
-49
-8
83
-53
2
16
-29
0
4
1
-5
-9
3
24
-16
-8
7
-2
2
-7
10
-8
2
-2
2
-2
3
-2
1
1
0
0
1
0
0
0
1
1
-2
0
0
0
0
1
0
1
-1
0
0
-1
0
0
-1
-1
-1
-1
1
-1
-1
0
1
-2
0
0
0
0
-1
-1
-1
0
-1
0
0
-1
0
0
-2
0
0
0
-1
2
-1
1
0
-1
-2
0
1
0
-1
-1
1
-1
-1
0
1
-3
0
-1
0
-1
-1
-1
1
-2
1
1
0
0
0
0
0
-1
0
2
-3
2
-3
1
-3
6
-11
6
-4
0
-9
7
15
-24
-5
8
2
-3
-9
0
-3
3
-4
-11
60
-104
68
-8
-6
-1
0
1
-12
10
-3
0
1
-1
-2
3
-2
2
0
0
0
0
-1
1
-1
1
1
0
-1
-1
0
0
-2
2
-1
0
0
-2
1
0
-2
1
0
-1
-2
1
0
-1
-1
0
0
0
-1
-1
0
-1
-2
-1
-1
0
-1
0
0
0
-1
-1
0
-1
-1
-1
0
0
0
-1
0
1
0
-2
1
-1
-1
0
0
-1
1
-1
0
0
0
0
-1
0
-1
0
1
-1
0
0
-1
0
0
-3
1
-3
3
-1
-1
0
2
-11
10
-2
-3
-1
5
7
-68
102
-60
10
-1
-5
-3
0
1
-2
-1
-10
44
-48
15
5
-8
4
-2
-1
1
-2
-2
2
0
-3
2
0
0
-1
2
-1
0
1
-1
1
0
1
-1
0
0
0
1
-1
0
-2
3
-2
0
-1
1
0
-2
1
0
0
-1
0
-1
0
-1
0
-1
2
0
-1
1
0
0
-1
-1
0
-1
0
0
0
-1
1
0
-2
0
-1
0
0
-1
-1
0
0
1
-3
1
-1
-2
0
0
1
-4
1
-1
1
-1
0
0
-1
2
-2
2
-1
-1
0
-1
0
-1
0
-1
-1
-1
2
1
-2
-1
0
-3
-1
1
-6
6
-5
-15
48
-46
9
-1
1
-6
0
18
-15
6
-7
-5
25
-18
5
-4
0
1
-5
2
-13
13
3
-5
-6
12
-2
-11
7
1
1
-1
1
0
-1
1
1
1
0
1
-1
1
0
0
1
-1
0
0
1
-1
1
0
-1
1
-1
0
0
-1
0
-2
0
-2
3
-1
-4
2
0
0
-1
0
0
0
0
-1
0
-1
3
-1
-4
1
-2
0
0
-1
-2
1
0
-1
0
-1
-1
1
-1
-1
0
0
-2
0
0
0
-1
-1
0
1
-1
-2
1
1
-2
0
-2
0
-7
11
1
-12
5
6
-4
-15
11
-4
4
-2
-3
2
-7
17
-26
4
6
-8
13
-22
0
47
-221
287
-118
0
-1
-2
7
-6
2
-6
12
-30
85
-131
25
109
-161
155
-48
-25
13
-5
5
-3
10
-21
4
9
-7
6
-3
2
-1
-2
6
-2
0
0
0
0
-1
0
0
0
-3
-1
0
-1
-1
-1
-1
-4
5
2
-27
43
-19
-6
2
-1
-1
-2
0
1
0
0
-4
5
17
-42
26
-2
-6
3
-1
-1
0
1
-1
-1
0
-1
-2
-1
0
0
-1
-1
-2
1
-6
2
0
-2
2
-6
7
-9
-5
20
-12
1
-6
5
-12
26
48
-154
161
-111
-26
130
-87
28
-13
5
-5
3
-8
1
0
0
116
-289
218
-51
0
-6
13
30
13
-21
-25
-1
15
1
-12
-5
7
4
-1
5
4
-10
-20
-6
15
15
-1
-10
0
8
4
-4
-5
-2
-1
-1
1
2
1
-1
0
0
-2
-2
1
0
-2
-2
0
1
0
-2
-1
2
1
-3
-1
0
1
-1
-2
-2
-1
0
2
1
-2
-3
0
2
1
-3
-2
-2
1
1
1
0
-2
-1
1
2
-1
-2
0
1
0
-3
-2
1
0
-3
-2
-1
1
0
-1
0
1
-3
-2
0
0
1
5
5
-3
-8
0
9
1
-15
-15
5
19
8
-5
-6
-1
-5
-8
2
9
-4
-15
-1
23
20
-14
-30
-14
4
