0
-2
1
-3
1
-3
4
-1
0
-1
-1
0
-1
-1
2
0
-3
6
-7
1
4
-2
1
-1
-7
11
-7
5
-2
0
1
-1
-1
1
1
1
-3
-1
1
0
0
-1
-2
-1
0
0
-2
1
-2
2
-1
0
1
-1
-1
0
-1
-2
0
-1
1
0
0
-2
0
-1
-1
0
0
0
-1
0
0
-1
0
0
-1
-1
2
-4
2
-2
2
-2
-1
0
1
0
0
0
-1
-1
1
-2
-1
-1
1
1
-1
-2
2
-6
6
-11
6
0
-1
1
-5
-2
6
-7
3
-2
-2
0
0
-2
-2
0
-1
0
-5
3
-3
-1
-2
-2
0
-3
1
-1
0
1
-1
0
2
2
-8
6
-3
-4
2
-2
11
-24
15
-3
5
-10
13
-16
9
-2
4
-4
2
2
5
-6
-4
6
2
-8
4
-1
-1
2
-1
0
-2
2
-1
-1
-2
3
-3
3
-4
2
-2
2
0
0
1
-1
0
0
0
0
0
0
0
-1
-1
1
-1
-1
0
1
-2
1
0
-3
1
-3
2
-3
2
-3
0
0
0
-2
2
-2
-1
-2
0
0
-5
7
-3
-7
3
5
-5
-1
-2
4
-4
1
-10
16
-13
10
-5
3
-16
22
-12
0
-3
3
1
-7
5
-3
-2
-1
1
-1
-1
-1
-3
-1
0
-1
0
-1
-3
2
0
-2
2
-6
5
-5
-3
-3
5
-3
16
-26
13
0
1
-1
7
-22
25
-6
-12
-1
10
-3
-5
5
5
-17
12
1
-8
9
-9
8
-8
3
-1
0
0
-3
-1
5
-4
-2
3
-3
-2
0
1
-2
-2
0
-1
0
0
0
0
0
0
0
0
0
-1
0
0
-2
0
1
-3
0
1
2
-3
2
3
-6
-1
2
-2
0
0
-5
7
-8
8
-10
7
-2
-14
17
-5
-6
5
3
-12
1
11
5
-26
22
-8
1
-2
0
-13
26
-17
3
-6
0
1
3
-7
3
-3
1
-1
-5
1
-2
-1
-3
0
-1
1
0
-2
1
-3
4
-2
2
-3
3
3
-6
2
-18
43
-47
18
4
2
-8
17
-30
22
16
-32
5
5
8
-14
21
-9
-6
5
-7
4
1
-5
5
4
-8
1
-5
1
1
0
-1
2
0
-2
1
-1
-4
5
-2
-1
0
-1
0
0
-1
-1
-1
0
0
-1
0
0
-1
0
-2
1
3
-5
4
0
-2
1
1
-3
0
-2
-1
-2
3
-2
7
-5
-4
4
-1
-6
7
-4
5
9
-20
13
-7
-5
-6
31
-16
-22
30
-18
7
-3
-5
-19
45
-44
18
-4
5
-4
-3
2
-4
2
-5
2
-3
0
-1
-3
-2
0
-1
1
-3
2
1
-4
-1
11
-18
8
9
-10
2
-22
20
-3
-7
35
-58
44
-24
22
-9
-14
18
-8
-10
38
-46
37
-21
3
-5
12
-8
-10
7
12
-18
3
9
-11
-2
6
-4
3
-3
3
1
-8
2
4
-3
-1
-1
1
-2
0
-1
0
0
-1
0
0
-1
-1
0
0
0
-1
2
-2
0
0
2
-6
-1
7
-3
-3
2
-4
2
-6
1
9
-11
-4
17
-13
-8
10
6
-13
4
-4
21
-39
45
-38
10
8
-19
14
9
-23
26
-44
56
-35
7
3
-22
20
-3
9
-13
-10
16
-11
-1
2
-2
-3
1
-2
-2
0
-1
-1
-1
-1
1
-3
0
5
0
-12
10
11
-28
7
-5
20
-17
5
-30
32
-15
49
-22
-43
11
48
-48
24
-8
-5
-2
31
-44
9
12
-1
-1
4
-15
4
2
3
-1
3
-6
4
-5
0
3
-6
3
0
3
-4
-3
2
-2
2
-1
0
1
0
0
0
0
0
-1
0
0
-3
2
-3
1
2
-3
0
-3
5
-4
-1
3
-5
4
-4
0
-3
-2
-5
13
-3
1
1
-14
-10
42
-32
-1
4
6
-24
48
-47
-11
42
22
-50
15
-32
29
-7
16
-21
2
-8
25
-12
-11
10
-1
-5
0
0
-2
-1
-3
-1
-3
0
-3
3
-2
-2
1
1
3
-11
7
-1
9
-25
4
44
-62
16
27
-39
40
-26
-19
45
-19
-26
52
-38
10
-12
9
-10
26
-20
-1
9
-7
-3
11
-11
8
-11
14
-13
3
3
-10
10
10
-17
1
3
-1
-3
5
-3
-3
2
-1
0
0
0
-2
-1
0
0
-1
0
0
0
0
-1
1
-3
1
2
-6
2
1
-4
-1
16
-10
-11
9
-3
-5
13
-15
9
-7
10
-13
2
7
-10
-1
20
-27
10
-10
12
-11
38
-52
25
18
-45
18
26
-41
39
-28
-17
60
-46
-5
24
-11
-2
-9
10
-4
-2
-2
1
-1
-4
-2
0
0
-3
-1
3
-5
3
-2
-15
32
-31
19
-14
10
-18
21
-9
6
-11
6
3
0
-37
30
11
12
-37
17
6
-16
8
2
-1
1
-14
3
20
-18
13
-7
-5
4
1
2
-5
-3
10
-5
-1
0
0
-1
1
-2
0
-2
2
-3
0
0
0
0
0
-1
0
0
0
0
0
-1
-2
3
-3
-1
0
1
-1
0
-1
-1
0
4
-9
2
4
-2
-2
-5
5
5
-13
18
-21
-4
12
-2
1
-2
-9
16
-7
-17
36
-12
-11
-30
38
-1
-4
-8
11
-8
8
-22
17
-12
13
-19
29
-35
15
0
-4
3
-4
-2
1
-5
0
-2
-13
13
-2
-3
2
-3
8
-5
-4
11
-15
15
1
-29
8
24
-17
0
16
-18
13
-5
-6
22
-31
4
7
12
-3
-7
-1
-10
16
-3
-10
18
-17
1
8
0
-1
1
-3
-1
-7
7
0
-2
-3
2
-1
0
0
-1
-1
0
0
1
0
-1
0
-1
0
0
-1
0
1
-2
-1
0
0
-1
0
0
1
-3
2
1
-1
-9
6
-1
3
-1
-1
1
-8
-2
17
-17
10
2
-16
10
1
6
2
-12
-8
-4
29
-23
6
4
-14
17
-16
-1
16
-24
-9
26
-3
-15
14
-13
2
5
-9
4
-3
2
1
-16
10
-2
0
-26
121
-123
133
-258
278
-247
243
-15
-260
307
-296
283
-278
125
272
-526
406
-270
205
-116
31
127
-320
343
-196
71
-46
27
34
-90
116
-110
104
-113
49
89
-167
146
-96
51
5
-63
76
-40
5
6
-5
1
2
-3
2
-4
3
-2
-2
1
-2
1
-1
0
-1
0
0
-1
0
0
1
-2
2
-3
1
1
-4
3
-3
1
-3
-2
5
-7
-4
39
-75
62
-7
-52
94
-145
165
-89
-50
112
-105
109
-117
89
-35
-27
46
-72
196
-344
320
-127
-31
117
-206
269
-407
526
-272
-127
276
-284
294
-309
258
13
-244
247
-279
257
-133
120
-122
22
0
8
-26
32
-72
48
-2
-56
292
-292
242
-345
325
-417
339
-181
142
-181
159
210
-334
299
-375
261
-315
283
-93
-18
250
-260
223
-249
58
13
-88
150
-107
187
-205
266
-274
212
-195
120
-93
38
-8
16
5
-6
-3
1
0
4
3
-7
7
-9
5
-3
2
-1
0
0
0
0
-1
0
-2
4
-7
8
-7
8
-4
-3
-1
-1
2
4
-5
-16
9
-38
92
-120
194
-212
273
-268
204
-188
108
-153
87
-13
-58
249
-224
259
-251
18
93
-284
315
-261
375
-300
334
-210
-160
180
-142
181
-340
416
-326
344
-244
289
-292
56
0
-49
70
-34
25
-13
0
18
-44
16
15
-147
381
-363
139
-88
115
160
-615
537
48
-622
892
-601
361
-428
227
211
-549
623
-431
262
-110
-164
278
-221
37
186
-292
348
-252
1
182
-301
365
-344
260
-164
68
48
-94
74
-48
15
-2
5
-8
2
3
-11
14
-13
8
-1
-4
2
-2
1
-1
0
0
0
0
-1
2
-4
1
2
-9
13
-14
10
-4
-3
7
-5
1
-16
47
-75
93
-48
-70
163
-262
344
-366
301
-183
-1
250
-348
292
-186
-39
222
-280
164
109
-262
430
-624
549
-212
-228
428
-360
600
-893
621
-49
-538
613
-163
-115
85
-140
363
-382
147
-16
-18
43
-22
0
24
-64
16
70
48
-329
238
2
-61
317
-290
-379
532
43
-284
531
-743
135
394
-165
-144
207
-389
263
335
-405
-3
134
-60
12
112
-187
-56
280
-158
56
9
-186
139
6
-21
61
-76
3
26
-10
10
-8
0
3
-5
5
0
-4
-1
1
0
-1
0
0
-1
0
0
0
0
0
1
0
-1
-1
0
-2
0
3
-2
-5
4
-3
-2
7
-11
9
-26
-3
75
-61
20
-7
-138
184
-10
-58
158
-280
55
187
-113
-14
61
-134
2
404
-337
-263
389
-207
145
165
-394
-136
742
-532
283
-44
-533
377
288
-319
60
-3
-239
328
-50
-73
-17
64
-29
0
3
-6
38
-129
33
294
-203
-580
796
26
-315
-354
590
256
-857
166
450
-51
-396
171
227
-112
-331
265
318
-380
-29
106
49
-37
-40
-61
119
39
-173
88
111
-156
-4
113
-46
-52
37
14
-31
19
-3
-5
2
0
2
-2
-2
4
-1
-10
4
5
-4
-1
1
0
-1
0
-1
0
0
0
4
-6
-4
9
-2
-5
1
2
-2
-1
-1
4
2
-20
30
-15
-39
52
45
-114
3
154
-112
-90
173
-40
-120
60
39
36
-49
-106
30
380
-319
-267
331
113
-227
-172
395
50
-450
-167
855
-259
-592
352
313
-28
-797
579
202
-294
-34
127
-40
5
-8
0
-25
57
-52
72
23
-275
187
190
-151
36
13
-500
548
-30
116
-322
69
-166
295
-83
57
128
-412
0
402
-109
-27
3
-168
121
-68
76
148
-138
-124
28
83
102
-62
-146
71
33
42
-40
-40
30
4
1
-2
-3
1
-3
9
-3
-9
6
-2
3
-1
-1
0
0
-1
0
-1
-1
0
1
0
-4
3
-8
8
4
-10
4
-2
2
1
-2
-3
-30
39
39
-41
-34
-72
145
62
-103
-84
-29
124
138
-150
-76
68
-121
169
-4
27
109
-403
-1
415
-127
-57
82
-295
165
-69
321
-119
29
-551
498
-16
-37
150
-191
-188
274
-25
-73
50
-59
21
0
-27
65
-52
13
-55
172
-259
701
-864
274
59
-170
230
-448
778
-447
6
63
-36
7
-67
106
-260
351
-203
190
-135
45
-63
75
-58
9
23
-123
146
-127
182
-102
19
-6
-32
26
-28
39
-26
15
-7
3
-3
-1
-1
4
-5
5
-5
1
0
-1
-2
1
-1
0
-1
0
0
0
0
-1
1
0
0
-3
6
-7
4
-4
0
0
1
-4
6
-16
26
-40
28
-25
30
6
-19
101
-182
125
-146
122
-24
-10
59
-75
63
-46
134
-191
204
-352
261
-106
67
-7
36
-63
-6
446
-780
447
-230
169
-60
-276
862
-701
258
-172
54
-15
50
-66
22
0
2
4
17
-115
155
-199
256
-430
527
-391
516
-619
487
-430
500
-536
374
-257
136
-45
-28
146
-158
152
-101
175
-205
80
-78
54
-72
63
13
-16
9
59
-21
-25
16
-38
18
-28
27
-9
8
-9
4
1
-1
-1
-3
6
-5
2
-1
0
-2
4
-1
0
0
-1
-2
0
0
0
-2
0
1
-3
1
0
-1
-3
3
-6
3
-1
1
-1
-5
8
-8
8
-27
28
-18
37
-17
24
19
-59
-9
14
-13
-64
72
-54
78
-79
204
-177
99
-153
157
-147
29
44
-136
256
-376
536
-502
429
-487
618
-518
388
-528
429
-257
198
-158
113
-20
-7
-6
0
27
-72
15
73
-122
291
-181
-261
278
-400
747
-802
658
-20
-293
125
-324
341
-122
-19
278
-343
60
117
-261
342
-219
178
-58
-144
169
-103
-32
236
-382
434
-328
147
-54
-79
176
-144
135
-125
63
-21
-4
5
7
-11
4
0
-1
-4
10
-11
8
-6
4
1
-2
0
0
0
0
0
1
0
-3
6
-8
11
-11
5
-1
0
-4
10
-8
-6
3
20
-64
124
-134
142
-177
78
51
-149
327
-434
381
-237
31
102
-169
144
58
-179
219
-343
260
-117
-61
343
-278
20
121
-342
324
-126
290
18
-659
801
-748
398
-281
260
182
-292
121
-74
-16
71
-32
0
33
-76
5
79
45
-198
175
-158
-82
449
-254
30
147
-821
807
-248
71
99
-90
-123
98
127
-164
95
-93
-42
127
-34
-18
22
-23
-49
104
66
-219
175
-140
-12
164
-76
-11
43
-94
63
-11
9
-5
-1
1
0
-1
2
-5
-2
6
-5
-1
5
-4
0
1
-1
1
0
1
0
-1
-1
5
-5
1
5
-7
-1
6
-3
0
-1
-2
1
4
-10
10
-63
93
-42
11
75
-165
10
139
-176
219
-68
-105
49
24
-22
20
33
-124
41
92
-96
165
-126
-98
123
88
-101
-72
248
-808
819
-149
-31
251
-451
81
158
-175
196
-44
-80
-8
75
-35
0
25
-63
15
44
53
-240
-71
704
-551
16
102
-219
120
516
-592
25
97
44
-33
-41
39
21
-46
216
-319
8
162
38
-103
-19
76
17
-83
49
11
-148
206
-24
-117
44
30
-31
81
-60
-31
28
6
-4
-6
4
2
-2
-3
0
5
-8
1
4
-2
-1
-2
1
-1
0
0
-1
0
0
1
-4
-1
6
-5
-1
0
2
-2
-6
5
4
-6
-30
29
60
-81
31
-32
-45
117
24
-206
147
-12
-48
84
-17
-76
20
104
-38
-163
-8
320
-216
48
-21
-39
41
32
-46
-96
-25
589
-517
-121
217
-104
-18
549
-704
69
237
-55
-46
-17
61
-30
0
13
-39
48
-62
13
79
26
-133
-29
-58
214
120
-279
-229
517
-157
-127
24
149
-97
-74
90
108
-175
-101
201
5
-101
20
57
-22
-42
24
58
-11
-100
14
93
-42
-33
20
9
13
-20
-15
25
-2
-12
5
0
-4
17
-10
-21
34
-22
9
-3
-3
3
-1
-1
1
0
-1
0
1
-3
2
2
-8
21
-35
20
11
-17
4
-1
-7
12
0
-27
15
20
-13
-10
-19
31
41
-95
-15
100
10
-60
-25
41
22
-57
-19
102
-5
-202
100
174
-109
-91
74
97
-149
-25
127
157
-518
228
277
-122
-215
55
27
132
-27
-80
-14
60
-51
37
-18
0
16
-32
27
-45
10
65
108
-257
159
-44
-107
33
61
73
-157
155
-40
-44
-49
97
-18
-46
-26
133
-13
-140
57
27
-5
-2
-24
6
17
7
-23
51
-43
-31
29
20
-16
-28
23
23
-31
-6
15
5
-8
5
-10
-8
21
-4
-9
5
-3
2
-1
-2
0
-1
0
0
0
0
-1
0
0
-2
2
-5
10
3
-22
7
9
-6
8
-5
-16
6
31
-24
-24
26
14
-21
-29
30
43
-51
21
-7
-18
-6
24
1
4
-27
-56
140
13
-134
26
45
18
-98
48
44
40
-155
156
-75
-62
-33
105
42
-160
256
-110
-66
-12
43
-30
31
-20
0
28
-48
8
7
45
-41
-39
29
59
-36
-63
69
-38
-14
115
-64
-60
31
17
17
-34
-39
79
-3
-52
20
2
2
2
-8
5
6
-16
9
8
-22
1
25
-11
-9
3
7
-4
-5
3
4
-6
-2
2
3
-4
2
-1
-2
-2
1
-1
-1
-1
0
0
-1
-1
0
0
0
-1
-1
2
0
0
-2
1
1
0
-2
2
-3
-3
1
6
-4
-4
5
3
-10
-3
8
10
-26
-1
22
-10
-9
14
-6
-6
7
-3
-2
-3
-19
51
3
-80
38
33
-16
-19
-31
59
63
-116
13
37
-70
62
34
-62
-29
40
39
-44
-8
-12
49
-32
0
35
-57
12
34
-43
14
6
3
11
13
-41
15
28
-135
157
-39
-25
15
-6
8
-2
2
-8
9
-8
-13
18
1
-3
-5
5
-2
4
-6
16
-22
4
5
-6
7
-10
13
-6
-9
20
-20
10
-1
0
-1
-2
0
4
-7
0
2
2
-2
-2
1
-1
0
0
0
0
-1
0
-1
1
1
-1
-3
0
5
-5
0
0
0
0
1
-10
19
-20
8
6
-13
8
-8
5
-5
-4
22
-18
4
-5
2
-4
5
3
-2
-18
12
8
-10
7
-3
0
-7
6
-16
24
39
-158
133
-29
-17
39
-14
-13
-3
-7
-15
43
-35
-13
57
-40
0
-5
-7
-2
17
-15
11
-15
-8
27
-21
17
-3
-18
-10
15
20
-26
8
13
-21
11
-6
14
-15
11
1
-3
-4
5
-2
4
-7
13
-17
11
-3
-2
0
9
-13
9
-4
2
-1
-2
2
-1
-2
3
1
-2
1
0
-1
0
-1
-1
0
0
0
-1
0
-1
0
0
-1
0
-1
-1
1
1
0
-1
1
-1
-1
1
-2
-3
1
2
-5
3
1
-2
4
-10
12
-10
-1
3
3
-10
17
-12
7
-3
1
-5
3
3
-1
-11
14
-13
6
-9
20
-13
-9
27
-21
-15
10
15
1
-19
19
-28
7
14
-12
12
-19
-1
5
0
0
-3
1
-3
0
-2
5
-19
36
-26
3
2
-14
3
25
-24
1
8
-5
0
4
-4
0
4
0
-3
-1
2
-1
1
-1
1
0
5
-9
9
-6
3
-3
3
-1
-1
-1
1
-2
-2
2
-1
0
1
-3
2
-1
0
-2
2
-1
-1
0
0
-1
-1
0
0
0
0
-1
0
1
0
0
0
0
-2
2
0
1
-4
2
-2
0
2
-3
1
1
-2
-1
2
0
-4
3
-3
5
-8
8
-5
0
0
2
-2
1
-2
2
2
0
-5
0
4
-4
-2
4
-9
-1
23
-26
-4
12
-2
-7
23
-35
18
-7
2
-2
1
-3
0
0
-5
7
-4
-1
-1
-3
-7
30
-21
-5
-4
19
-12
-19
17
7
-11
1
10
-10
7
-2
0
0
2
-3
1
-1
-2
1
-1
2
-3
-1
2
2
-4
1
-2
1
1
-3
3
1
-3
-1
3
-2
-2
3
-5
5
-3
1
-1
0
0
-1
1
-1
0
0
0
0
-1
0
0
-1
-1
-1
0
-1
0
-1
3
-6
5
-4
1
2
-3
1
1
-1
-3
2
-1
-2
1
-1
3
-3
-4
-1
2
-2
1
-3
1
1
-2
2
-3
-1
-1
3
-5
9
-10
-3
11
-7
-18
18
10
-20
2
3
20
-30
6
2
0
0
0
-8
0
0
-7
9
-2
-4
1
2
1
-13
19
-12
4
-4
-1
2
-3
3
0
4
-6
-1
2
-2
2
0
0
2
-1
1
1
-2
3
-9
10
-3
-6
7
-5
7
-8
3
-2
2
1
-1
-2
-1
4
-6
4
-2
-1
0
0
-1
1
1
-1
-1
-1
-2
0
0
0
0
0
0
0
1
-1
0
0
-1
-1
1
-2
-1
1
1
-4
5
-5
0
1
1
-2
-2
2
-5
8
-8
3
-7
5
2
-10
8
-3
1
-1
-1
2
-2
1
0
-1
2
-3
1
5
-5
-1
-4
0
-2
-1
3
-6
8
-21
13
-3
-2
-2
2
0
-10
2
0
-5
7
-3
-2
2
1
-1
-9
7
5
-8
4
-10
9
-1
-14
14
-11
6
-1
3
-5
-1
4
0
2
-3
0
3
-7
5
-3
2
4
-8
4
0
0
0
-2
3
-3
0
1
-5
4
-4
3
-2
1
-1
-2
1
-2
1
-2
2
-2
-1
-1
0
-1
-1
0
0
0
0
0
0
0
-2
1
-3
1
-2
1
-1
-1
2
-4
3
-4
2
-1
-1
2
-4
1
1
-2
1
-5
8
-5
-3
2
-6
7
-2
-1
3
-3
-1
-4
0
5
-2
0
-6
9
-14
13
0
-11
8
-5
6
-6
-8
8
1
-3
-4
1
1
-8
0
0
-4
4
-3
0
-2
0
-2
8
-4
-8
6
1
-2
-9
13
-1
-7
4
-2
0
1
-1
4
-3
-1
4
-1
0
-3
4
-3
-1
0
-1
2
-1
-1
-2
3
-1
-1
1
-2
4
0
-2
2
-3
-1
2
-1
-1
0
-2
2
-1
1
-1
0
0
-1
0
0
0
-1
0
0
-1
0
0
0
0
-3
0
1
0
1
-4
0
3
-3
2
-1
-4
0
-2
3
0
-4
1
-1
0
-3
0
0
0
2
-4
3
-1
0
-4
1
2
-4
1
-1
0
2
-5
6
1
-15
8
2
-3
-7
6
3
-8
0
-1
1
-1
-1
-5
0
0
-5
5
-3
0
1
-3
2
0
-1
3
-5
1
-2
2
-2
-2
3
-3
1
1
0
-2
1
0
-3
2
0
-1
1
-2
2
-3
4
-3
-2
6
-8
4
-3
0
2
-3
2
-3
4
-4
0
-1
3
-3
1
1
0
-1
0
0
0
0
1
0
0
1
-1
0
0
-1
0
0
-1
-1
-1
-1
0
0
0
-1
-1
3
-4
0
-2
4
-5
2
-4
3
-2
-2
1
-6
7
-7
1
2
-5
3
-2
2
0
-1
1
-3
2
0
-2
1
2
-1
-1
2
-4
1
1
-3
1
-2
3
-4
-2
-2
-3
3
-2
-1
1
-6
1
0
-8
-5
3
5
0
-5
-3
1
1
0
-2
-1
-1
-2
0
2
0
-1
0
1
0
-1
-1
0
1
0
0
0
-1
-1
0
0
0
-1
0
1
0
-1
0
0
1
0
-1
0
0
-1
-1
1
0
-1
-1
0
0
0
-1
-1
1
0
-1
0
0
-1
0
0
0
0
0
0
0
-1
-1
0
1
0
-1
-1
0
0
0
-1
-1
0
-1
0
0
-1
-2
-1
1
0
-1
-1
-1
1
0
-1
0
-1
0
0
0
0
-1
0
1
0
-1
-2
0
1
0
-2
-2
0
0
0
0
-1
-3
-2
1
3
0
-6
-5
4
5
