122
-72
-2
-7
-3
1
-5
-3
-1
-1
0
-5
1
-6
1
-2
0
-5
4
-6
1
0
-3
0
-3
1
-3
-3
0
1
-2
-4
1
1
0
-2
2
-3
1
-1
0
0
3
-2
1
-1
1
-1
0
-1
0
0
-1
-2
1
0
-1
-1
0
-2
-1
0
-1
-1
0
0
0
0
0
0
0
0
-1
0
1
-1
0
0
1
0
1
-1
1
-1
2
-2
3
-1
0
0
3
-3
3
-1
2
2
1
-2
0
1
1
0
-2
2
-2
2
-2
0
3
-3
5
-3
1
1
3
-4
4
-3
4
1
0
1
-1
2
-1
2
3
-63
123
-71
-3
-5
-1
-4
-2
-4
1
-5
2
-2
-10
5
-2
-1
-8
1
1
2
-14
16
-17
10
-6
4
-10
1
1
-2
-3
0
3
-2
-1
-1
3
-3
1
-1
1
0
1
-1
1
-2
1
-1
-2
-3
4
-4
-1
0
0
-1
1
-1
-1
-2
0
-1
-1
0
0
0
0
0
1
1
1
-1
2
-1
1
0
0
-3
4
-2
-1
0
2
-1
1
0
0
2
0
0
2
-3
4
-1
-1
-1
3
0
-3
-1
2
3
-8
6
-5
11
-17
18
-13
3
3
2
-7
2
1
9
-8
1
5
-3
4
-1
2
-2
2
2
2
-63
124
-73
-1
-7
-2
-2
-5
-1
-1
1
-13
13
-16
6
0
-10
-4
9
-8
-9
11
-8
0
4
-4
-6
5
-8
9
-13
5
4
-6
-3
14
-9
-4
1
3
1
-5
1
4
1
-2
-2
1
0
-2
3
-2
-3
2
-2
1
-2
-1
-2
-2
-1
-1
-1
-1
0
0
0
0
-1
0
0
-1
2
-1
0
2
-2
2
-3
0
3
-1
1
2
-1
0
1
3
-1
-4
2
5
1
-2
-10
14
-2
-6
4
4
-12
10
-5
5
-5
-3
6
2
-6
12
-7
-7
11
-3
-6
3
10
-13
17
-9
4
1
3
-2
2
2
1
4
-63
124
-71
-4
-5
-1
-5
0
-2
-4
2
-6
7
-10
5
-15
13
3
-31
21
-3
-4
3
-1
-7
-2
11
-17
12
1
-2
-12
8
4
-18
7
18
-17
-6
19
-12
1
-2
1
-3
6
0
-3
0
0
1
-7
4
2
-2
1
-3
0
0
-1
-1
0
-2
-1
-2
0
1
0
-1
0
0
0
1
0
-2
3
-1
2
5
-6
1
1
0
-3
-2
6
-2
2
-2
1
-11
19
-6
-16
19
8
-16
4
9
-11
0
1
12
-16
12
0
-7
1
4
-3
-2
22
-31
4
15
-11
10
-7
9
-4
3
-2
1
4
-3
1
4
1
-63
124
-72
-1
-6
-5
-2
0
-5
-1
-7
7
-13
6
1
-17
-1
20
-8
-26
28
-27
33
-23
-11
16
-20
29
-18
-2
-9
23
-33
31
-10
-14
22
-23
15
-8
10
0
-11
9
-3
1
5
-2
-3
3
-4
-4
2
2
-1
-4
3
-3
0
0
-3
0
0
0
0
-1
0
0
-1
1
-1
0
0
-2
3
-3
1
2
3
-3
-3
4
-1
-1
6
1
-4
8
-11
0
11
-8
16
-24
23
-13
-12
31
-32
24
-9
-1
-18
31
-19
17
-9
-21
34
-25
30
-25
-6
21
3
-14
3
9
-11
11
-4
1
-3
4
2
-2
1
3
-64
122
-71
-5
-2
-3
-8
7
-12
1
-2
1
-5
-9
20
-39
25
-27
33
-20
5
4
-7
-33
45
-16
3
-19
17
-2
7
-26
8
9
-4
-1
-12
16
-8
-7
20
-7
-10
3
9
-5
0
-5
-10
23
-9
-1
-9
8
-1
-5
2
-4
0
-2
0
0
-1
-1
0
-1
0
0
0
0
1
0
0
-3
4
-4
-1
8
-7
-2
-8
24
-9
-4
1
-4
8
3
-11
-6
21
-6
-8
17
-11
-1
-2
9
9
-26
8
-1
17
-19
2
-15
45
-31
-4
6
7
-19
35
-26
28
-35
23
-6
-1
5
1
3
-8
10
-5
0
5
-1
-63
123
-70
-7
-1
-7
-1
3
-8
-5
9
-8
-11
9
0
-11
-25
-6
77
-74
38
-46
33
3
-15
19
-17
-9
16
-41
36
-6
-4
-4
6
-14
6
12
-22
14
4
-10
5
-7
2
8
-1
-16
24
-11
-6
3
-3
0
-2
2
-2
-2
1
-3
0
-1
0
-1
-1
-1
0
0
0
0
1
-2
2
-1
-1
4
-2
0
-3
4
-5
-10
26
-16
-1
9
1
-7
5
-10
4
15
-21
13
6
-14
5
-4
-2
-7
36
-40
17
-8
-14
20
-13
4
35
-45
40
-74
77
-5
-21
-8
3
13
-8
-5
12
-4
-4
5
3
-4
5
-3
-61
123
-72
-5
-3
-3
-8
-1
0
-5
0
-6
7
-8
6
0
-28
44
-45
-14
75
-72
3
53
-50
12
-15
20
-1
-16
20
-17
11
-12
5
8
-31
25
-9
5
-3
2
-5
8
-4
1
0
-12
12
-4
4
-6
2
-1
-2
-1
-1
0
-1
-2
0
-2
0
-1
0
-1
-1
0
-2
0
1
-2
1
1
0
1
0
1
3
-5
5
-3
13
-12
1
1
-3
8
-5
2
-2
6
-8
25
-30
9
7
-12
13
-17
20
-16
1
20
-14
14
-48
55
4
-72
76
-11
-44
45
-24
3
9
-5
9
-2
2
-3
3
3
-3
0
6
0
-64
122
-78
5
-5
-7
0
-7
0
-2
-3
-1
-4
-12
21
-11
-17
42
-48
-6
16
15
-12
-3
-1
-6
-4
16
-7
12
-26
9
0
-13
18
-1
-17
12
-9
3
6
-1
-2
-1
-2
7
-14
18
-5
-6
0
1
0
-2
2
-5
2
-1
-2
-1
1
-1
0
0
-1
0
0
-1
0
-1
0
1
0
0
3
-4
4
-1
1
2
2
-5
-3
17
-15
8
-1
-1
-3
0
6
4
-8
13
-16
0
19
-13
2
11
-26
13
-6
16
-3
-5
0
-1
-11
15
18
-5
-47
43
-16
-7
23
-9
-3
3
0
1
4
-4
4
-4
3
10
-70
125
-63
-15
21
-66
64
-20
-141
353
-394
224
-163
56
119
-253
481
-566
217
105
-184
233
-274
290
-285
158
48
-138
125
-134
134
-119
82
-42
18
71
-185
200
-134
71
-19
-53
93
-80
52
-6
-37
37
-19
10
-10
3
-3
1
-3
0
-3
1
-2
0
-2
1
0
-1
-1
0
0
0
-1
1
-1
1
-1
1
-2
2
-1
2
-2
3
-9
11
-20
39
-37
-5
52
-78
92
-52
-18
71
-133
200
-185
72
19
-42
83
-118
136
-134
126
-137
49
159
-285
292
-274
233
-183
106
218
-565
486
-249
124
59
-160
227
-390
355
-136
-17
68
-63
30
-10
-55
124
-45
-88
4
115
-150
271
-389
691
-824
284
-93
15
200
-442
934
-811
566
-539
304
-236
-20
192
-361
598
-423
360
-292
133
-107
-82
142
-195
284
-285
386
-310
240
-169
31
-15
-61
77
-84
104
-54
39
-22
3
-3
-2
-2
8
-14
16
-21
14
-10
4
-1
0
0
-2
-1
0
-1
0
1
1
1
5
-9
14
-19
16
-11
8
0
0
-4
4
-21
39
-54
104
-83
77
-62
-14
30
-169
240
-309
386
-284
284
-195
142
-82
-106
134
-292
362
-423
600
-361
195
-18
-234
304
-538
567
-810
938
-439
203
18
-90
287
-819
693
-385
275
-147
118
11
-83
-36
124
-54
-45
-5
86
-93
14
368
-850
720
-476
258
102
-449
884
-1270
1146
-605
110
258
-431
377
-146
-276
585
-629
513
-275
9
185
-273
267
-128
-181
444
-632
606
-388
192
19
-161
230
-231
170
-116
49
-7
-6
10
-5
0
-3
5
-6
-2
11
-19
14
-7
2
-1
0
0
-1
0
0
0
0
0
2
-6
14
-16
10
-1
-4
6
-1
0
-3
11
-6
-6
49
-115
170
-231
228
-160
19
193
-388
606
-629
444
-179
-128
269
-274
187
9
-273
514
-630
587
-275
-146
380
-431
261
112
-605
1147
-1267
887
-445
105
260
-473
721
-847
372
19
-91
89
3
-40
-45
122
-79
18
-1
-72
47
-42
-73
584
-713
215
-1
-141
263
277
-850
658
-427
117
371
-221
-323
253
260
-393
321
-235
-88
222
41
-198
23
100
-57
62
83
-306
186
-21
-4
104
-119
1
38
-26
19
1
-5
-1
0
1
-1
-2
-2
4
-10
2
5
-5
-1
-1
-1
0
-2
0
0
0
0
0
0
-4
5
3
-9
5
0
-1
-1
1
0
0
-5
3
19
-25
38
1
-117
103
-2
-20
187
-304
83
62
-58
100
25
-198
42
224
-87
-235
322
-392
262
255
-322
-220
371
117
-425
659
-847
280
267
-138
2
217
-707
586
-68
-40
51
-68
7
24
-71
120
-98
66
-46
-1
6
-64
98
-204
150
172
-214
66
-53
-24
163
-476
593
-229
-19
40
-174
99
309
-413
-18
281
-50
-152
-3
169
-25
-150
1
210
-55
-282
250
49
-138
6
76
-6
-56
34
-5
1
-6
5
-4
2
-3
1
-5
5
-2
-5
3
-2
-1
0
0
-2
1
-1
0
-1
0
1
1
-2
3
-4
-1
5
-2
0
-1
3
-4
6
-5
0
-5
34
-56
-5
77
6
-139
49
249
-282
-55
210
3
-150
-25
170
-5
-151
-49
283
-17
-413
310
101
-174
40
-19
-228
594
-475
167
-21
-49
69
-212
175
152
-202
101
-61
11
2
-39
71
-90
119
-88
35
-62
91
-78
117
-2
-758
882
103
-423
162
-58
-661
899
212
-668
160
-38
-50
174
-12
35
-4
-308
176
138
-54
-22
16
-166
110
-22
100
177
-420
51
189
5
-41
-44
-37
61
33
-30
-14
4
1
1
0
-8
5
-2
1
7
-7
-4
3
-2
-1
-1
0
0
-1
0
0
-1
1
-2
4
-3
-5
8
1
0
6
-9
2
2
2
4
-14
-30
34
62
-36
-45
-41
4
190
49
-418
178
101
-20
110
-166
18
-21
-53
140
176
-307
-3
37
-11
176
-49
-36
162
-667
213
902
-658
-54
164
-419
107
884
-756
2
122
-72
95
-55
39
-78
125
-53
-41
57
-126
136
-205
154
147
-281
446
-620
497
-478
220
115
-234
357
-301
208
-200
205
-199
250
-343
69
173
-158
163
-140
134
-122
115
-108
102
-140
27
62
-69
115
-82
53
-48
23
-14
-11
23
-12
4
-3
0
-3
-1
0
-5
5
1
-3
2
-3
-1
0
-1
-2
0
-1
1
0
1
-2
2
-1
1
6
-6
3
-1
-2
2
-2
5
-11
24
-12
-13
24
-48
54
-82
115
-68
63
27
-139
103
-108
115
-121
135
-140
163
-156
175
70
-342
251
-197
206
-200
209
-301
359
-233
118
224
-476
500
-615
448
-278
149
157
-201
141
-123
65
-35
-45
125
-43
-93
29
32
-33
135
-248
628
-630
199
-246
295
-363
475
-556
143
164
68
-182
228
-112
133
-229
226
-353
219
-75
28
4
7
75
-63
84
-100
73
-134
130
-129
85
-41
36
-30
60
-41
25
-5
-2
-7
-2
12
-15
4
2
-2
1
-5
5
-8
4
-1
-1
-1
-1
0
0
-1
0
0
4
-7
5
-5
3
-2
2
4
-13
12
-2
-6
-3
-5
24
-41
61
-29
37
-41
85
-128
129
-133
73
-99
84
-63
76
8
4
29
-74
221
-352
227
-228
136
-109
230
-179
70
165
144
-553
478
-361
298
-241
202
-626
630
-244
138
-29
36
37
-87
-35
125
-53
-50
2
99
-44
-129
325
-840
873
-550
389
257
-762
1228
-1611
991
-406
78
262
-208
9
146
-433
624
-539
326
-75
-132
185
-125
-35
210
-231
196
-46
-187
189
-204
249
-170
101
-6
-58
58
-72
49
-6
1
-6
-1
-1
3
5
-12
1
2
-3
1
-5
2
-1
0
-1
0
0
0
-2
2
-3
3
-1
4
2
-9
6
4
0
-1
-3
2
-7
49
-72
59
-57
-5
100
-169
251
-203
189
-188
-46
196
-231
210
-32
-124
186
-132
-74
327
-538
626
-434
147
10
-208
264
79
-405
992
-1607
1232
-758
260
392
-548
876
-837
327
-125
-40
103
9
-45
-45
122
-76
6
-8
-11
91
-255
-127
753
-710
525
-41
-775
491
256
-407
445
-300
-119
155
18
-52
101
-16
-303
305
-113
82
52
-134
-40
114
21
-84
94
-98
-103
197
-83
58
23
-134
57
20
-20
44
-27
-4
-5
8
-1
-1
-4
0
6
-12
5
-6
2
-2
-2
-1
0
0
0
0
0
-1
-1
1
4
-5
5
-10
6
1
-3
-2
0
8
-4
-3
-28
45
-20
21
58
-133
23
59
-83
196
-104
-97
94
-84
21
116
-40
-134
53
83
-110
306
-302
-15
103
-50
19
157
-117
-299
446
-403
258
495
-771
-38
527
-707
754
-122
-251
96
-8
0
10
-68
120
-91
44
-3
-76
-19
154
-65
-157
341
-539
209
490
-386
-291
460
-327
149
114
-127
-79
87
104
-93
-162
160
-26
33
-1
-55
-9
80
-1
-112
-21
196
-106
8
24
-91
23
111
-45
-91
76
-27
22
-2
-5
-7
4
-2
1
-2
3
-5
2
-2
0
-1
0
-1
0
-1
0
0
1
0
0
0
0
0
3
-5
5
-1
1
-1
5
-6
-4
-2
22
-27
76
-91
-44
109
23
-92
24
7
-106
196
-20
-112
-1
81
-9
-55
0
34
-26
161
-161
-91
106
91
-79
-125
116
151
-326
464
-287
-383
494
211
-535
343
-154
-60
157
-14
-73
4
48
-82
121
-102
75
-26
-97
37
201
-56
-555
534
41
-189
-169
239
180
-194
-55
-55
91
-14
-46
87
5
-129
66
-9
70
-46
-25
27
-19
-12
31
26
-57
-28
20
70
-27
-29
-14
40
10
-30
-34
51
-2
-23
29
-33
32
-39
50
-78
79
-47
16
-7
4
-3
1
-1
0
0
0
0
0
0
1
-2
4
-6
18
-47
81
-76
50
-37
32
-33
30
-22
-2
50
-33
-28
11
40
-14
-29
-26
70
20
-25
-56
27
31
-12
-20
27
-23
-45
72
-9
68
-128
6
87
-45
-12
92
-55
-54
-190
184
242
-165
-185
45
536
-552
-53
205
42
-94
-19
78
-95
121
-101
60
-13
-59
-57
137
74
-272
121
119
25
-278
39
216
-207
100
-5
-1
24
-55
-39
96
89
-310
209
14
-50
-11
25
1
-20
-3
-8
35
-3
-42
26
9
0
-26
-4
29
4
-10
-34
31
12
-17
0
-1
-10
22
-4
-16
3
2
-3
1
-2
-2
0
0
-2
-1
0
0
0
-1
0
2
-2
4
5
-14
-2
23
-8
-2
0
-16
13
31
-32
-10
3
30
-3
-26
1
10
26
-41
-1
36
-8
-3
-20
1
25
-11
-48
14
210
-308
89
98
-37
-54
26
0
-3
101
-204
219
42
-275
28
122
124
-269
78
141
-53
-57
-6
64
-94
126
-96
35
2
-44
-52
76
119
-253
186
-94
-27
5
105
18
-203
94
38
-38
-11
15
27
11
-98
99
-49
-6
15
11
-10
-10
-3
13
17
-39
11
-4
18
-15
10
-6
1
-1
9
-13
6
6
-2
-6
2
0
-2
-2
3
-4
3
-4
0
-2
1
0
-1
-1
0
0
0
-1
-1
0
0
0
1
-3
5
-3
4
-2
-1
1
4
-5
-2
7
6
-13
10
0
0
-6
11
-14
18
-3
12
-39
18
13
-1
-9
-10
12
15
-4
-47
101
-97
14
26
16
-10
-37
40
95
-200
20
107
8
-24
-92
189
-250
123
80
-48
-40
9
41
-87
122
-64
-9
-19
-10
52
-36
-21
0
5
24
-15
-34
31
77
-203
124
-7
-15
-2
23
-19
-8
7
7
-29
18
1
-1
-6
3
-3
1
7
-31
49
-37
6
8
-4
10
-12
0
11
-18
14
-4
-6
5
-2
0
0
0
-8
0
4
-1
-5
1
-2
-1
0
0
-1
0
0
0
0
0
0
1
-3
-1
6
2
-7
2
1
1
-3
6
-6
-3
14
-17
13
-1
-11
10
-4
8
7
-36
49
-30
7
1
-2
3
-5
0
2
19
-27
8
9
-6
-17
23
-2
-13
-5
125
-198
80
35
-31
-11
27
9
2
-18
-34
55
-7
-11
-5
-57
110
-46
-33
3
-3
-2
-2
8
-26
28
-28
17
-17
16
-27
10
-23
30
-18
9
-8
-1
-1
0
-12
16
-16
10
-3
-2
-2
2
-7
9
-12
13
-3
-6
5
-7
6
-3
4
-1
0
1
-2
2
-3
4
-5
3
-1
1
-2
-1
-2
0
0
-1
-1
1
-1
-1
0
0
-1
1
-1
1
1
0
-1
2
0
0
-2
3
-4
4
-2
2
-1
1
0
-2
5
-4
7
-7
6
-6
-2
13
-11
10
-7
2
-2
-1
-3
10
-15
17
-10
1
2
1
-6
10
-18
32
-22
14
-24
21
-15
21
-24
31
-24
11
2
3
0
11
-28
-38
120
-67
-7
-2
-8
3
-8
-6
-6
13
4
-20
5
-3
1
-12
4
0
-2
-3
0
2
-7
-1
5
-4
2
-4
0
-6
6
-6
3
0
-3
2
-3
3
-3
2
2
-2
0
2
-2
0
2
-1
0
-1
-4
3
-4
3
-2
-2
0
-1
-2
-2
-1
-2
-1
0
0
0
0
-1
-1
0
-1
-1
1
-1
-1
3
-3
3
-3
0
1
-2
2
0
-1
2
0
-3
1
3
-2
3
-2
3
-3
0
3
-5
7
-5
2
-1
2
-3
6
0
-5
4
1
-1
-1
1
5
-7
5
1
7
-17
9
15
-4
0
-5
6
-4
6
-2
-58
122
-68
-8
-4
-3
3
-10
2
-2
-3
2
-14
0
4
-3
6
-16
2
-1
-2
3
-4
0
1
0
-6
3
0
-5
2
-2
-7
6
4
-4
-1
2
0
-3
2
2
0
-4
2
-1
2
-1
-1
-2
0
-2
1
-3
1
-2
0
0
-2
-1
-1
0
-1
0
-1
0
0
0
-1
0
1
-1
-1
0
1
-2
2
-2
3
-1
0
-1
0
-1
3
-2
2
-4
0
2
3
-3
0
3
0
-4
2
6
-6
-1
3
-4
2
5
-5
1
3
0
-3
4
-1
0
3
-15
8
1
8
4
-12
4
-1
0
6
-6
6
0
5
-2
-59
123
-71
-7
-3
-4
-2
-1
-1
-9
4
1
-7
-5
3
-5
-3
8
-9
-5
3
-2
0
-2
-1
-3
4
-8
1
-2
-2
1
0
0
-3
3
-7
6
-1
0
-2
2
0
-1
1
-3
2
0
-1
-1
1
-3
-1
0
-2
1
0
-1
-1
0
-2
-1
-1
-2
-2
0
0
-1
-2
0
-1
2
0
0
-1
3
-1
1
0
-1
2
0
-2
1
2
-2
2
0
-1
2
-2
2
-3
6
-6
3
-1
0
2
2
-1
-1
3
-8
7
-2
2
-2
1
-2
4
-3
-6
9
3
-2
5
-2
-4
2
6
-7
3
2
1
-1
5
-2
-62
123
-70
-5
-5
0
-5
-4
1
-8
8
-10
5
-2
-6
2
-8
-5
2
0
0
-2
-4
2
-4
2
-3
0
-1
0
-1
-5
2
1
-3
-1
0
3
-2
0
2
1
-1
-3
3
0
-1
-1
1
0
-2
-2
0
-1
2
-2
0
-1
-2
1
-2
0
-1
-2
-2
0
0
0
-1
1
0
1
0
0
1
0
1
-1
1
-1
-2
1
1
-1
-2
0
4
-3
-1
1
2
0
-1
3
0
-1
-2
1
2
-4
-1
1
0
1
-1
3
-3
3
-3
-1
2
1
4
-4
-4
6
-3
2
8
-6
10
-5
3
0
-1
3
4
-1
-61
127
-72
-5
-4
-1
-5
-1
-6
6
-4
-5
0
1
-2
-7
-5
6
-5
0
-3
-1
-1
1
-1
1
-6
2
-2
1
-1
-3
1
0
-5
3
2
-1
-4
2
-3
4
1
0
-1
2
-2
0
3
-3
-1
0
-4
1
0
-2
0
1
-2
1
-2
0
-1
-1
1
0
0
0
-1
-1
0
1
-2
1
1
-1
1
1
-2
0
1
-2
5
0
-2
3
0
0
0
4
-3
1
-2
-1
3
3
-4
0
2
-3
-1
2
0
2
-3
2
0
2
0
-1
-1
1
-4
7
-1
-4
1
3
3
-2
-1
8
-3
3
-3
2
3
0
-63
126
-71
-4
-5
-3
0
-3
-3
-4
-2
0
1
-9
5
-5
-6
2
0
-2
3
-6
3
-3
1
-5
0
1
-3
-1
-1
-1
-2
2
-4
2
-2
0
0
-2
3
-3
1
1
-1
-2
3
-2
1
-1
-2
1
-2
-1
-1
-1
-2
-1
-1
-1
0
-1
-1
-1
1
0
1
-1
1
0
1
0
0
0
0
0
1
-1
0
1
0
0
1
-3
3
-1
-1
2
0
-3
4
-1
0
1
-1
3
-3
2
-1
0
-1
0
-2
2
2
-4
2
-2
4
-6
4
-1
1
2
-2
-1
8
-6
3
2
0
-2
2
0
3
-1
4
0
-63
7
0
-9
-8
-2
0
-2
-5
-3
-1
-1
-2
-3
-2
-4
-4
-1
0
-1
-2
-1
0
0
-1
-2
-1
0
-1
-1
-1
-2
-1
0
1
0
-1
0
0
0
-1
0
0
1
0
-1
0
0
-1
-1
0
0
-2
-2
0
0
-1
-2
-1
0
-1
-1
-1
0
-1
0
0
-1
0
-1
0
1
0
-1
1
1
0
-1
0
0
1
0
-1
0
1
0
0
0
0
-1
-1
0
0
0
-1
0
1
0
-1
1
0
-1
0
0
-1
-1
0
1
1
-1
-1
0
1
0
-1
0
1
0
1
2
1
-1
-1
1
4
1
-5
-4
4
