0
2
-6
7
-9
9
0
-3
1
-1
2
-2
7
-17
7
0
-1
0
3
0
-8
9
0
1
-3
-1
5
-2
-1
0
-1
2
1
-3
3
-8
0
4
-2
0
-1
0
1
-1
0
1
-2
0
0
0
-1
0
-2
-1
0
-1
0
-1
-1
0
0
-1
0
-1
0
-1
0
0
0
0
0
-1
-1
1
-1
0
1
-1
1
-1
-1
0
0
-2
0
1
-1
0
-1
-1
0
-5
0
7
-5
2
-2
-3
1
-1
1
0
-5
1
2
0
0
-9
9
1
-3
0
0
-3
-9
17
-9
0
-4
-1
-2
3
1
-10
9
-9
4
-6
0
5
-6
1
18
-61
48
-7
-1
5
-4
10
-5
-26
11
14
-12
12
-4
-6
0
-2
14
-9
4
-10
4
0
2
1
-1
0
4
8
-22
24
-25
10
-2
2
1
0
2
-6
5
-2
0
-1
1
-1
-2
0
1
0
0
1
-1
0
-1
0
0
0
-1
-1
0
0
-1
-1
0
-1
-1
-2
0
-2
-1
0
-2
-1
1
-1
-1
0
-1
0
-5
5
-1
-1
-2
-2
1
-11
24
-24
21
-9
-4
1
0
-2
-1
1
-4
9
-5
9
-14
2
0
5
3
-12
12
-17
-11
26
4
-12
3
-6
0
5
-49
59
-19
-4
5
-9
0
24
-41
40
-104
98
-4
-9
2
-9
-14
-5
88
-77
-8
24
-11
0
1
38
-59
2
28
-18
25
-49
27
-3
16
-4
1
-1
6
4
-28
15
24
-38
20
-17
21
-16
8
-5
-1
2
0
-1
0
1
-2
-1
0
0
-1
1
-1
0
0
0
-1
0
-1
0
0
0
0
-1
1
-1
0
-1
0
0
1
0
-1
-1
1
-1
-1
0
-1
-1
1
4
-9
16
-22
18
-22
36
-24
-17
27
-5
-6
1
-1
5
-15
3
-28
48
-25
18
-28
-2
58
-39
-2
-1
10
-24
6
76
-89
3
12
8
-2
8
2
-99
103
-42
41
-28
0
6
-29
-3
144
-186
40
20
23
-19
35
-17
-175
224
-24
-41
-11
10
-58
20
164
-169
16
7
6
28
16
-54
17
-20
25
26
-43
16
39
-72
4
49
-26
-1
10
-6
-8
9
0
-2
-4
2
2
-3
0
3
-2
0
-1
-2
1
-1
-2
1
-2
1
0
-1
0
0
-1
0
2
-3
0
0
-1
1
0
0
2
-5
0
2
-2
-2
3
1
-1
-10
8
4
-11
0
25
-49
-6
72
-40
-18
43
-26
-24
20
-17
54
-18
-29
-7
-6
-16
170
-165
-22
57
-10
11
40
23
-226
173
15
-38
17
-23
-22
-40
186
-146
-1
27
-11
0
-35
68
-67
56
-39
-32
80
-50
-16
49
56
-291
347
-174
36
24
-30
-15
53
-56
-3
66
-46
-26
46
-21
10
10
-16
-2
-13
37
-34
18
10
-27
-11
46
-16
-4
-3
-9
16
-2
-6
1
1
1
-5
4
-1
-1
-1
-4
2
-2
2
-2
-1
1
-1
0
-1
0
0
0
0
-2
0
1
-1
2
-1
2
-1
1
-1
-5
4
-1
-1
-2
6
1
-17
8
2
4
15
-46
11
25
-10
-18
35
-37
14
1
16
-11
-11
21
-48
26
46
-67
1
54
-53
15
30
-24
-36
172
-349
289
-58
-50
14
50
-80
31
37
-58
64
-70
30
0
10
-42
97
-111
-20
139
-136
99
-83
84
-131
171
-74
-34
26
-16
18
-15
-23
76
-47
-24
41
-16
8
-21
37
-18
-9
-4
25
-45
46
-43
40
-15
12
-14
-18
23
1
-16
8
7
-7
0
-1
0
-3
5
-6
4
-3
0
-1
0
1
0
-1
1
-1
0
-1
0
0
0
0
0
0
0
1
0
1
-2
3
-4
6
-5
2
-1
-1
-1
6
-8
-9
16
-2
-23
16
13
-13
15
-41
43
-47
45
-26
4
7
18
-38
20
-8
16
-41
24
47
-76
24
14
-19
15
-28
34
73
-171
130
-85
81
-99
136
-140
18
110
-101
40
-15
0
7
1
38
-21
-56
-34
80
28
-70
5
49
-31
31
-29
-20
41
-25
-15
1
106
-133
38
28
-1
-42
20
9
12
-35
-7
44
-9
-4
-36
40
0
-5
-23
8
9
1
-17
10
5
-6
2
1
-1
-3
3
0
0
-1
-1
0
1
-1
-1
-1
0
-1
-1
-1
0
0
-2
0
-1
0
0
-1
-2
0
-1
0
0
-1
-2
2
1
-1
-4
5
-6
-11
17
-1
-10
-9
22
4
-1
-42
35
3
9
-44
6
35
-14
-9
-20
42
1
-27
-38
132
-107
-1
14
26
-41
19
26
-34
29
-50
-6
69
-28
-80
33
56
19
-42
-2
-12
0
-20
24
-2
27
-59
34
-15
6
1
2
24
-77
46
16
-21
-2
4
-1
-9
-16
31
5
8
-10
-21
13
-9
12
-8
-3
3
19
-7
-23
5
2
16
-17
11
-2
0
-7
2
-1
3
-5
1
2
-2
-2
3
0
-2
1
-2
1
0
1
-1
0
-2
0
-1
0
0
0
1
-1
-1
-1
1
-2
1
-3
1
-1
-3
2
1
-3
-2
4
-3
1
-2
5
-1
1
-12
17
-17
-3
-5
23
5
-20
-5
3
8
-13
10
-14
20
10
-8
-6
-33
16
10
1
-5
1
20
-17
-47
75
-25
-3
-4
-7
14
-35
58
-29
0
-27
15
0
19
-20
24
-15
-55
22
35
-17
24
-9
0
-50
30
1
8
-8
-3
11
-20
67
-45
-12
4
6
-6
19
-26
-12
23
15
-9
-35
35
-10
12
-42
44
-13
-8
10
-7
4
0
-11
8
-4
0
3
-1
-2
1
-1
0
-1
-1
0
-1
-1
-1
0
-2
-1
-1
0
0
-1
1
0
1
0
1
-1
0
0
-1
1
-3
1
1
-3
0
4
-10
11
0
-6
5
-10
7
11
-45
41
-13
8
-36
34
10
-15
-22
12
26
-20
6
-7
-5
11
45
-68
19
-10
1
8
-10
-2
-32
49
-1
7
-26
16
-37
-23
54
14
-27
20
-25
0
-22
52
-5
-152
240
-152
19
28
-6
-1
9
-52
36
-13
9
-3
10
8
-135
215
-55
-41
-44
47
17
-61
65
-43
59
-69
31
-7
5
-3
0
-20
49
-31
2
3
-3
-2
-1
2
0
-1
0
0
-2
1
-7
4
1
-2
0
-2
1
-1
0
1
-1
0
0
0
0
-1
1
-2
0
-1
-2
0
-2
1
-2
-4
7
-2
1
0
-2
0
0
-2
1
0
3
-4
-2
31
-50
19
0
3
-5
6
-30
68
-60
43
-66
60
-18
-48
44
41
55
-217
136
-10
-11
3
-10
11
-38
50
-10
-2
3
-28
-20
150
-241
150
2
-53
18
0
3
-21
16
51
-96
44
7
-12
15
-7
-41
85
-33
-56
66
-56
68
-79
27
40
-60
71
-66
51
-49
2
32
1
-7
-18
28
-36
38
-37
43
-33
4
7
-5
9
-10
6
-8
4
2
-3
2
-2
2
-4
1
-2
0
1
-1
0
0
-2
-1
0
0
0
0
0
-1
-1
1
0
-1
1
-1
0
0
-2
0
2
-3
3
-3
1
-4
2
-3
-4
5
-6
9
-10
4
-8
-4
32
-43
35
-39
36
-27
17
8
-1
-35
-3
48
-52
66
-72
61
-41
-27
78
-69
55
-68
53
31
-85
39
5
-17
12
-7
-45
95
-53
-18
20
-8
0
6
-14
5
26
-71
42
8
-12
10
-11
18
-36
8
23
-14
10
-17
31
-27
13
-9
7
-14
27
-27
-3
21
-8
2
-3
3
-2
1
-6
-19
23
21
-18
-1
0
-2
2
3
-8
2
0
-2
1
-1
1
0
-3
2
-1
-1
0
-1
-2
1
0
0
-1
0
0
-1
0
1
-1
-2
0
-1
-2
0
1
-2
3
-1
-1
1
-1
0
-1
-2
7
-4
-2
2
-1
1
18
-21
-24
19
6
-2
1
-3
4
-3
9
-21
2
26
-28
14
-9
9
-14
27
-30
16
-10
13
-24
-10
35
-20
9
-12
11
-8
-44
70
-27
-8
13
-11
0
-3
14
-3
-8
4
-17
12
-1
-2
24
-20
-16
7
2
0
-4
-3
-11
53
-37
3
5
-4
-2
6
-7
12
-10
-1
2
-6
7
1
0
-2
-3
5
-1
-1
-3
2
-2
-5
6
-4
2
0
-2
1
0
-1
-2
0
-2
1
0
-1
-1
0
0
-1
0
0
0
0
0
0
0
-1
1
-2
0
-1
1
-2
2
1
-2
-1
1
1
-1
3
-7
5
1
-4
2
-1
0
-5
2
2
0
-3
-7
5
-3
1
9
-13
7
-6
1
6
-5
-3
37
-53
11
3
3
-1
-5
-9
15
19
-26
0
1
-13
16
-5
6
-1
-14
-2
0
1
-4
-3
0
5
-6
2
0
-2
4
-5
-3
4
-4
2
-1
0
-2
0
5
-2
0
0
-6
8
-3
0
0
-1
-1
-1
1
-1
1
-4
2
-2
4
-6
3
-1
0
0
-1
2
-3
1
1
0
-2
0
-1
1
-1
0
-1
0
-1
0
-1
1
-2
-1
0
-1
0
-1
1
-1
1
-1
1
-2
1
0
0
-1
1
-1
-1
-1
2
-3
1
0
1
0
-4
5
-5
1
-2
4
-2
0
-2
0
0
0
-2
0
2
-9
6
-1
0
1
-5
-1
0
0
1
-3
3
-6
1
4
-6
0
-1
-3
4
-8
-2
-1
2
-6
0
0
-1
0
-2
1
0
0
-2
-2
0
2
-3
-1
0
-1
-1
-1
-1
2
1
-2
-1
-1
2
-2
0
0
-1
1
-1
-1
1
-1
0
-1
-1
0
0
-1
-1
0
-2
1
0
-1
0
0
0
-1
0
1
0
-2
0
-1
-1
0
0
-1
1
0
0
0
0
0
0
0
0
-1
-1
-1
0
-1
-2
2
0
-1
0
1
0
-1
-1
1
-1
-1
1
0
-1
2
-2
0
0
-2
0
0
-2
1
1
-2
1
-1
-1
0
-3
0
0
1
-1
-2
0
-1
1
0
-1
-1
1
-4
-1
-2
1
0
-2
-2
1
-2
1
-3
0
-2
0
-1
0
-1
1
0
0
-1
0
-2
0
0
0
-1
1
-1
1
-1
2
-1
0
1
-1
-1
0
-1
1
2
-1
0
-1
-2
1
0
-2
2
-1
-1
1
-1
-1
0
0
0
0
-1
1
0
0
-1
1
-2
0
0
0
0
0
-1
-1
-1
0
0
0
0
-1
0
0
0
0
0
-1
1
-2
1
-1
1
-1
-1
-2
0
-2
1
-2
0
-1
0
-1
0
0
-2
2
0
-2
0
0
-1
1
-1
0
0
-3
0
0
-2
-1
-1
-2
2
-1
-1
-2
1
-1
-1
-1
-1
-2
-1
0
-1
-1
-1
-1
-1
-2
-2
0
-1
0
-2
0
-1
1
-1
1
-1
0
0
0
-1
1
0
-1
1
1
-2
1
0
0
-1
-1
2
0
0
1
-1
1
0
0
-1
1
0
0
-1
-1
0
-3
2
-1
-1
0
1
1
-1
-1
1
0
0
-1
0
1
-1
-1
0
-1
0
0
-1
0
-1
0
0
-1
0
-1
0
0
-2
0
0
-1
0
1
0
-1
0
0
0
-1
0
-1
0
0
-1
1
-1
1
0
0
0
-1
0
0
0
-1
0
-1
-1
0
-2
0
0
-1
-1
-1
2
-1
-2
0
-1
-2
-1
-1
0
-1
0
-2
0
-1
0
-1
-1
-1
-3
0
-2
-1
-2
0
0
0
0
-1
0
0
0
-1
0
0
0
0
-1
-1
-1
2
0
-1
0
0
0
-1
-1
1
0
-1
0
0
0
-1
0
-1
0
-1
1
-2
1
0
0
-1
3
-2
-1
0
-2
-1
-1
0
1
0
-1
0
-1
-1
0
0
-1
0
-1
0
0
-1
0
-1
-1
0
0
0
0
0
-1
0
1
0
0
-1
-1
2
-2
0
0
-1
-1
0
-2
0
0
0
-1
0
0
0
0
-1
0
-1
0
0
-1
0
-1
0
1
-3
1
-1
0
-1
-1
-1
-1
0
-1
-1
-1
-1
0
0
-1
-1
-2
-2
-2
0
-2
1
-2
0
-1
0
0
0
0
-1
0
-1
0
-1
1
-1
1
0
0
0
1
0
1
0
-1
2
-1
0
1
-2
-1
-1
0
-1
1
-1
2
-2
1
-1
1
-1
0
0
0
-1
1
0
0
-1
1
1
0
1
-1
0
0
-1
-1
0
0
0
-2
0
0
0
0
-1
1
0
0
-1
-1
0
0
-2
0
0
0
-1
-2
0
-2
0
0
1
-1
-1
-2
1
-1
1
-1
0
-2
0
0
0
-1
-1
1
-2
1
-1
-2
0
-1
-1
-1
-1
0
0
-2
0
-2
-1
-2
0
-1
-1
0
-1
-1
-2
0
-3
-2
0
-2
0
-1
0
1
-1
1
0
0
-1
-1
0
-1
-1
1
1
-2
0
2
-1
-1
1
1
-2
-1
2
0
-3
2
1
-1
-1
2
-1
-3
0
1
-2
-1
0
0
-1
1
0
-1
0
0
1
-2
1
0
-2
-2
-1
0
0
0
-1
-1
0
-1
-1
0
0
-1
0
0
0
0
-1
0
-1
-1
1
-1
0
-1
-1
0
-1
1
-1
0
0
-1
1
-1
0
-1
1
-1
-1
2
1
-3
1
1
-1
-2
1
0
-2
-1
2
-2
-1
2
1
-1
-1
3
-1
-2
1
0
-2
-1
0
-1
-1
0
-1
-1
-1
-1
-1
-3
0
-2
0
-1
0
0
-1
1
-1
-1
-1
0
0
-1
1
-2
2
-1
1
0
0
0
1
0
0
-1
2
-1
0
1
-1
1
-2
0
-1
-1
-1
0
-1
1
-2
0
0
0
1
-1
2
-1
1
-1
0
-1
1
-1
0
-1
0
-1
-1
-1
-1
0
0
0
0
0
-1
0
0
-1
-1
0
-2
0
-1
0
-1
0
-1
1
-2
1
-2
1
-1
-2
1
-1
1
-1
1
-1
0
0
0
-2
2
-2
0
-1
-1
2
0
0
-1
-1
-1
0
-1
0
-1
-1
-3
1
-2
-1
-1
-3
0
-1
0
0
-1
-1
-1
-1
-1
-2
0
-1
0
0
0
-1
1
-1
0
0
-2
0
-1
-1
0
-2
0
0
0
0
-2
1
1
0
-2
1
-1
0
-1
0
1
-1
0
0
-2
2
-2
-1
1
-1
1
-1
0
-1
0
-2
1
-1
0
-1
0
0
0
-1
0
1
-1
1
-1
-1
-1
-1
-1
-2
0
1
0
0
0
0
0
-1
0
1
0
0
0
-1
0
0
0
1
-1
0
-1
-1
0
1
-2
1
-1
0
1
-2
2
-1
-1
2
-1
-1
0
0
0
-1
1
0
0
-1
1
-2
0
-1
0
-1
-1
0
-1
-1
0
-2
-1
-1
-1
-2
-1
-3
-1
-3
0
-1
1
0
0
0
0
0
-1
-1
-2
-1
0
0
-2
1
-1
0
0
0
-1
1
0
-1
0
0
-1
0
-1
0
0
-1
0
-1
0
0
-1
1
-1
1
-1
0
0
0
-2
0
0
0
-1
1
-1
-1
0
0
-1
-1
0
-1
-1
-1
-1
1
1
-1
0
0
0
0
0
-1
0
0
-1
0
-1
-1
-1
0
-1
0
0
-2
-1
-1
1
0
-1
-1
0
-1
-1
-2
1
-1
-2
-1
0
0
-1
-1
-1
-1
0
-2
-1
2
0
-1
0
0
-1
-1
0
-2
1
-2
0
1
-1
-1
0
-1
-1
-1
-1
0
-2
-2
0
-1
0
-1
-1
0
0
0
0
0
0
-1
0
-1
1
0
0
0
-2
2
-1
1
0
0
1
1
0
0
0
-1
0
-1
-1
1
-1
0
0
0
0
-1
-1
-1
0
0
0
-1
0
1
-1
0
1
-1
0
0
0
-1
-1
0
0
0
0
-2
0
-1
0
-1
-1
-1
0
0
-1
0
1
0
0
0
0
0
-1
0
1
-1
0
0
-2
1
0
0
0
0
-1
0
0
-1
-1
-3
0
0
-2
-1
0
0
-1
-1
0
0
0
-1
1
-3
0
-1
0
0
-2
0
0
0
0
-2
-1
0
-1
-1
0
-2
-1
-3
0
-2
0
-1
0
0
0
0
0
0
0
0
0
-1
1
-2
1
0
-1
2
-1
-2
1
-1
-1
0
0
0
0
0
1
0
-1
1
0
-1
1
-1
0
0
-2
2
-1
0
-1
0
-1
-1
0
0
0
-1
0
-1
0
-2
0
0
-1
-1
-1
0
0
1
0
1
0
0
0
1
0
0
-1
1
-1
0
-1
1
0
1
0
1
-1
1
0
0
0
-2
2
-1
-1
0
0
1
-1
-1
0
-1
-1
-1
0
-1
0
-1
0
0
0
0
1
-3
1
-1
-1
2
-2
0
0
-1
-2
-1
0
-1
-1
-1
-1
-1
0
-3
0
-3
2
-2
-1
-2
1
0
0
-2
-1
-1
0
-2
-1
-2
0
0
-3
2
3
-2
-2
-1
2
0
0
1
1
0
0
-2
2
-1
-2
-1
2
-1
-1
0
-1
-1
0
1
-2
0
1
0
0
-1
1
-2
-1
-1
-1
1
-1
-1
0
0
0
1
1
0
0
0
-1
-1
-1
0
0
0
1
-2
1
-1
-1
1
-1
0
-1
-1
-1
0
1
-1
0
-1
0
-2
1
0
-3
0
0
2
-3
1
-1
0
-1
-1
0
1
-3
-1
1
1
-4
-3
2
0
-1
1
-2
0
-1
-1
-2
-1
-1
-1
-1
0
-1
-1
-3
-2
0
-6
-12
23
-1
-4
-8
0
7
0
-9
3
7
-2
-19
-9
20
26
0
-25
-23
10
25
2
-20
-5
10
30
-23
-9
-8
11
5
-1
-13
-1
12
1
-3
-3
-3
5
-2
0
-2
-2
1
1
0
1
1
-2
-2
0
0
-1
0
0
-1
-1
0
-1
-1
0
0
-2
0
0
0
-1
1
0
0
0
-2
0
1
0
-1
-1
0
-1
-3
1
1
-2
2
-6
3
2
2
-1
-13
0
11
1
-5
-12
7
10
22
-31
-11
4
20
-1
-26
-10
22
24
0
-27
-20
8
18
1
-9
-5
6
-1
-7
0
6
3
0
-26
11
1
0
-14
13
14
-13
-4
3
2
-4
0
-1
1
-5
-5
8
-39
79
-53
4
44
-66
41
-20
-2
13
2
-17
3
11
-6
8
-12
8
8
-20
3
26
-34
23
-15
3
14
-29
32
-22
6
0
-1
0
0
1
-5
4
-3
0
-1
0
-1
-1
0
0
0
1
-1
0
0
0
0
0
-1
0
0
0
0
-1
2
-3
3
-1
-1
0
0
-1
-6
20
-32
27
-15
-4
15
-23
34
-27
-4
18
-8
-9
12
-8
6
-11
-2
17
-3
-13
2
20
-43
67
-44
-4
53
-79
36
-9
2
3
-3
0
-2
3
-2
-5
4
12
-17
-14
10
0
20
-52
34
-2
-2
1
-3
0
-1
-1
-2
1
2
-5
-8
22
-1
-12
0
-48
66
-18
7
-9
-4
-1
7
-8
13
-12
11
-14
12
-11
11
-7
-16
30
-16
5
-5
12
-13
3
1
-1
3
-2
0
-2
4
-3
0
2
-2
0
0
1
-1
-1
1
0
1
0
0
-1
-2
0
0
-1
-1
-1
1
-3
-1
4
-4
1
-1
2
-3
0
-1
-4
11
-12
5
-6
16
-30
15
7
-12
9
-12
14
-10
11
-13
8
-7
-1
3
8
-8
19
-66
47
0
11
1
-22
7
4
-3
-2
-1
-3
-2
0
2
-3
1
1
-37
52
-25
0
-24
61
-70
38
-5
-10
2
6
-4
-1
-4
4
5
-6
-42
117
-101
10
-7
85
-119
54
20
-25
-1
-1
42
-47
2
11
7
-8
-5
2
5
-18
45
-33
4
-6
9
4
-14
4
2
1
-4
3
-3
0
-4
4
-2
-1
1
0
-1
-2
1
0
0
0
0
0
0
-1
0
-1
-1
-1
-1
0
-1
0
1
-4
2
-1
2
-4
2
-1
-2
-4
12
-5
-10
4
-5
34
-46
18
-5
-3
5
8
-8
-12
-2
48
-44
1
3
25
-22
-54
118
-85
7
-12
100
-118
40
5
-6
-5
4
0
1
-6
-3
8
4
-39
66
-61
19
0
3
20
-47
26
-1
-7
6
-5
5
-8
6
-6
7
-11
34
-66
39
12
-28
29
-28
17
0
-6
9
-29
33
4
-22
-1
-4
35
-24
-14
33
-46
47
-33
25
-16
8
-6
2
-1
-2
7
-6
4
-3
-4
4
-2
0
-1
0
-1
0
-1
0
0
0
0
-1
0
0
-1
-1
-1
-1
-1
-1
0
-2
0
-1
1
-5
3
3
-4
5
-7
1
0
-2
5
-10
15
-25
32
-48
45
-33
12
23
-36
3
0
21
-5
-33
29
-10
6
1
-17
27
-30
28
-13
-39
66
-35
10
-9
5
-7
6
-6
4
-8
5
-2
-28
44
-20
-8
0
-7
-3
3
3
-1
-1
2
0
-3
-1
1
-2
-3
1
7
1
-11
-7
5
8
-2
-5
3
5
-4
-10
-1
7
5
-2
1
4
-3
-9
-3
10
10
-4
-11
-3
6
4
-2
-3
-1
0
0
2
1
-2
-3
0
2
0
-3
0
2
-1
-2
0
2
-1
-3
0
2
0
-3
-1
2
0
-2
-2
1
-1
-3
-1
3
1
-1
-2
-1
-2
-1
2
2
-4
-6
2
9
3
-11
-11
1
9
2
-5
-1
2
-5
-8
1
9
2
-6
-3
5
1
-8
-6
7
10
-1
-8
-3
2
0
-5
-1
1
-1
-2
-1
0
-4
-3
3
5
