0
-23
18
-26
27
-58
60
32
-21
-57
29
4
29
-68
26
11
-9
44
-69
37
13
6
-20
-26
65
-64
34
8
-8
-3
-18
15
8
1
-6
-1
-12
33
-27
-13
28
0
-10
-12
9
2
2
7
-24
15
0
-17
17
-10
2
-4
2
2
0
-4
0
1
-1
0
0
-1
0
-2
0
3
0
-2
-2
3
-4
8
-19
15
0
-17
24
-9
-3
-2
-10
11
10
-2
-29
12
27
-33
11
2
6
-2
-9
-16
19
3
8
-9
-34
64
-65
27
20
-6
-14
-37
70
-44
9
-12
-28
67
-30
-5
-31
55
21
-32
-62
57
-29
23
-20
18
0
-18
15
-18
-11
149
-182
-72
179
122
-350
258
-90
-47
70
37
-114
-53
182
-62
2
-39
32
75
-212
246
-122
-13
45
-38
7
-29
55
29
-95
72
-3
-34
2
-16
43
-7
-25
2
31
-22
-12
41
-45
16
4
-3
-7
11
-10
7
-5
-2
2
-1
-2
1
0
0
0
0
-1
-1
1
-1
-3
1
4
-6
9
-11
6
3
-5
-17
44
-42
12
22
-32
-3
24
6
-44
16
-2
33
2
-73
94
-29
-55
29
-7
38
-45
14
122
-245
212
-77
-32
38
-4
62
-183
52
113
-39
-72
46
89
-258
347
-124
-180
70
182
-151
10
15
-16
14
0
23
-33
9
32
-56
-22
232
-279
91
-86
168
-113
25
115
-89
-86
7
135
-95
-14
71
-88
86
25
-152
87
27
-22
7
-32
47
-33
10
34
-51
35
-8
-40
11
24
1
-62
104
-72
13
11
1
-31
36
-23
3
4
-5
6
-11
11
-6
0
0
0
1
2
-2
0
0
-2
-1
1
0
1
5
-11
10
-6
3
-4
-3
21
-36
31
-2
-12
-14
72
-106
60
-1
-25
-11
38
6
-36
51
-35
-11
32
-46
33
-8
21
-28
-88
151
-26
-85
87
-71
15
95
-136
-8
86
89
-116
-26
111
-170
85
-92
278
-232
22
53
-33
-11
31
-27
0
4
0
13
4
-36
93
-256
301
-237
310
-269
76
5
-97
66
78
-103
19
130
-135
33
-18
88
-350
480
-193
-3
59
-163
125
-3
-86
82
-36
52
28
-190
159
-84
109
-127
122
-68
-3
14
-7
27
-62
29
12
11
-28
16
-14
10
9
-12
-4
6
-7
4
0
-1
0
0
-2
-4
7
-6
2
11
-10
-10
12
-16
28
-11
-12
-30
62
-27
6
-16
1
67
-122
124
-110
82
-160
188
-30
-52
36
-83
86
3
-126
163
-60
1
193
-480
350
-89
18
-34
135
-130
-20
104
-78
-68
97
-6
-77
268
-313
235
-301
255
-95
36
-5
-15
-1
-9
0
-3
11
-9
-5
39
-52
154
-275
7
404
-373
64
107
-172
78
64
43
-154
132
-47
-33
181
-507
543
-297
188
-254
158
199
-219
0
58
-80
81
-43
65
-122
21
122
-69
-30
75
-96
29
36
-25
-21
59
-54
23
-12
12
-11
-4
15
-23
18
-6
1
2
-3
0
0
0
0
-1
3
-2
-2
5
-19
22
-15
2
10
-13
11
-23
53
-60
21
24
-37
-30
96
-74
27
68
-123
-23
122
-65
43
-82
79
-58
1
219
-199
-159
254
-188
295
-545
507
-180
33
46
-132
153
-45
-65
-80
172
-109
-65
370
-406
-6
274
-155
50
-40
5
6
-11
-1
0
18
-16
-8
36
-76
137
-87
-95
159
-165
224
-54
12
-200
142
-324
550
-200
-207
278
-205
-33
275
-396
643
-448
-46
64
-18
107
-176
197
-149
109
-49
7
-97
130
110
-241
42
65
43
-103
46
-23
2
6
26
-33
23
-2
-20
27
-30
27
-16
5
1
-5
3
0
-1
0
0
-1
-4
4
0
-5
15
-28
28
-28
20
1
-24
33
-26
-6
-4
23
-46
103
-43
-67
-43
239
-111
-131
96
-8
49
-109
147
-197
176
-108
18
-66
45
448
-644
396
-275
33
204
-279
205
200
-552
324
-143
199
-14
53
-226
163
-164
94
87
-139
75
-37
4
14
-23
0
11
-15
5
16
-25
-64
38
83
-22
-98
248
-254
-56
336
-508
510
-335
379
-313
-201
508
-224
-556
674
-24
-57
-122
266
-395
191
48
-59
-5
38
-48
-18
-4
117
-83
-60
125
-76
41
-16
-4
-11
1
-36
43
22
-32
3
13
-14
0
-13
13
5
0
-9
5
-2
-1
0
0
2
-5
8
-1
-6
-14
12
-1
12
-14
-3
32
-23
-43
35
-2
12
4
15
-41
74
-127
60
84
-117
5
17
47
-38
3
59
-49
-191
395
-267
122
56
23
-675
557
223
-510
201
313
-379
335
-511
505
-337
55
253
-252
96
21
-83
-41
62
24
-18
-8
13
-15
0
-9
22
-33
35
-85
137
-98
93
7
-207
169
-164
13
39
447
-432
-196
471
-59
-392
137
140
24
-175
169
139
-332
111
52
-126
167
-126
142
-209
95
-12
166
-171
79
-98
-7
179
-185
48
42
-42
50
-51
8
33
-36
28
-20
0
3
11
-18
12
-3
-2
3
-1
0
0
-2
0
-3
1
2
-12
18
-11
-3
-1
20
-28
35
-34
-8
51
-49
41
-43
-49
185
-179
7
97
-80
170
-167
10
-96
206
-143
126
-167
126
-53
-112
331
-139
-169
175
-25
-140
-138
392
58
-471
195
432
-449
-39
-15
162
-169
205
-10
-93
100
-138
82
-37
31
-24
5
0
-26
70
-2
45
-186
64
60
33
-9
36
-330
647
-951
710
-280
508
-796
763
-574
332
-176
-26
282
-553
754
-424
-129
230
-145
107
-59
79
-141
161
-65
-124
330
-215
-52
-41
181
-116
7
11
-1
15
-15
34
-41
-2
21
-27
18
6
-15
5
2
0
0
-1
-1
-2
0
0
-1
0
2
-1
-1
-1
-2
-5
13
-7
-18
26
-21
1
40
-35
13
-16
2
-11
-9
115
-180
40
52
214
-330
122
63
-162
140
-80
60
-107
144
-230
128
424
-756
553
-284
27
176
-333
573
-763
796
-509
278
-710
948
-648
328
-38
9
-33
-59
-66
184
-46
-1
-72
22
0
-3
-187
257
-88
26
-30
-28
39
-78
123
-122
176
54
-209
-144
393
-438
459
-161
-102
185
-109
-899
1671
-808
-252
304
39
-131
12
-72
234
-235
110
-168
302
-140
-127
211
-134
95
-76
8
-6
33
-23
-26
81
-111
117
-63
3
8
-11
5
0
5
-6
3
2
-3
-2
0
0
-2
1
2
-2
-3
4
-6
0
-4
10
-8
-4
62
-117
111
-81
26
22
-33
4
-10
76
-98
135
-211
126
139
-302
167
-112
233
-235
72
-14
131
-41
-305
251
807
-1673
901
107
-187
102
160
-459
438
-393
141
208
-55
-176
120
-126
77
-39
26
27
-27
87
-258
185
-2
0
-41
273
-289
42
120
-75
-2
115
35
-985
1009
507
-1128
621
-955
1302
-375
-316
207
-84
-137
18
388
47
-140
-312
212
20
-146
55
65
-23
16
2
-16
-12
-59
48
-26
56
-109
90
1
13
12
-63
66
-57
93
-114
51
-4
1
-2
-5
4
3
-7
7
-4
-1
0
0
0
0
0
-1
4
-7
7
-4
-4
3
5
-5
3
-51
112
-93
57
-66
62
-12
-15
-1
-92
110
-57
25
-49
58
11
14
-4
-17
23
-67
-56
144
-21
-213
311
138
-47
-388
-18
138
83
-207
315
375
-1302
954
-622
1127
-508
-1010
982
-37
-115
2
74
-120
-43
286
-273
36
0
36
-95
69
80
-157
59
-105
160
-432
1386
-1179
1054
-2280
1987
-1201
793
-214
315
-511
141
462
-234
-1425
2261
-1195
232
-24
189
-358
306
-172
65
-145
277
-151
-148
326
-213
-75
159
-161
168
-49
-16
16
-30
19
-16
14
-17
6
13
-3
0
-11
7
-1
2
-4
1
0
0
0
0
-1
-1
1
-3
3
-3
1
-9
11
-3
4
-16
-4
15
-13
16
-18
29
-16
15
47
-168
157
-158
74
212
-325
147
148
-277
142
-65
172
-308
358
-190
25
-235
1193
-2264
1427
235
-463
-142
511
-316
214
-793
1198
-1987
2277
-1054
1174
-1386
429
-160
103
-60
157
-81
-73
95
-41
0
16
-16
50
17
-158
118
-165
375
6
-772
756
876
-2580
1458
945
-1265
136
369
-315
126
-182
-23
1002
-954
595
-711
310
-242
353
-25
-303
208
279
-445
222
-223
256
133
-412
167
113
-159
27
109
-61
15
-50
29
27
-34
2
9
0
-11
12
-9
6
-4
-3
1
-1
-1
1
0
0
0
0
-2
0
2
-5
8
-13
12
-1
-10
-2
32
-27
-29
49
-16
61
-110
-27
157
-112
-168
414
-134
-257
223
-223
443
-280
-208
303
26
-354
243
-311
712
-594
954
-1005
22
182
-126
315
-370
-138
1265
-946
-1459
2579
-876
-756
769
-9
-374
166
-121
156
-18
-53
15
-20
0
33
70
-104
25
-34
100
-91
-21
181
-233
160
1243
-2821
1911
-1870
2323
-846
106
-31
19
-111
75
-714
1027
-182
-364
127
291
-369
88
41
-24
206
-393
153
172
-143
78
-184
126
40
-73
11
41
-8
-7
-17
4
-7
30
-25
9
-5
-1
0
3
-3
-1
1
-1
0
0
-1
0
0
-1
0
-1
0
0
2
-4
-1
0
4
-11
25
-31
8
-5
15
5
9
-42
-13
72
-42
-125
183
-79
143
-171
-155
393
-207
24
-43
-87
370
-292
-128
364
181
-1029
715
-74
112
-19
32
-108
845
-2324
1868
-1912
2818
-1243
-162
230
-183
20
90
-99
32
-25
100
-71
-39
0
24
-183
175
-98
136
-140
192
-262
-382
1265
-1002
1385
-1983
-216
2768
-1958
59
293
-267
509
-490
599
-1279
841
512
-733
301
-180
53
34
76
-32
-24
-95
100
-2
-24
8
9
24
-65
18
7
17
-7
-9
17
-18
4
28
-46
31
-19
9
2
-4
-2
3
-5
2
1
-2
0
0
0
1
-1
-3
5
-5
1
4
-1
-12
21
-32
47
-29
-7
17
-18
8
7
-17
-11
-16
62
-23
-10
-9
24
1
-102
93
24
31
-76
-35
-54
180
-301
733
-513
-842
1281
-600
491
-511
265
-294
-60
1957
-2769
215
1981
-1384
999
-1266
380
262
-193
140
-136
98
-179
180
-27
0
-55
184
-187
-45
191
-46
-152
109
641
-1457
862
85
-270
791
-1533
1122
-221
-65
87
147
-574
239
747
-309
-793
422
219
-191
31
27
-85
132
-40
-13
-12
3
-140
171
-120
346
-313
92
-105
79
1
-33
5
37
-21
-9
8
-16
24
-13
0
-1
-1
0
1
1
-2
0
-1
0
-1
-1
1
-1
-1
1
-2
0
-3
15
-25
15
-9
8
21
-38
-6
32
-3
-79
103
-96
314
-347
120
-171
139
-5
11
12
38
-132
84
-27
-31
190
-220
-422
794
308
-747
-241
576
-148
-86
66
222
-1123
1530
-792
269
-87
-861
1454
-642
-110
151
45
-193
44
185
-184
49
0
9
-137
144
-139
219
-114
213
-531
999
-1146
365
-133
98
1227
-1990
739
207
-100
241
-428
392
-422
182
865
-1364
667
-239
251
-147
41
48
-186
148
179
-439
295
-21
94
-241
41
152
-84
-20
54
-31
-9
23
-24
-4
12
-4
11
-10
7
-8
5
-3
0
0
3
-2
0
-1
0
0
-1
1
-3
-1
0
2
-6
6
-6
9
-11
3
-12
5
24
-24
8
29
-55
19
80
-151
-41
239
-94
20
-296
437
-180
-148
186
-49
-41
148
-252
239
-667
1364
-867
-183
421
-393
428
-242
100
-208
-739
1988
-1227
-99
132
-366
1143
-1000
529
-214
113
-221
138
-146
137
-15
0
-30
130
-148
-35
149
25
-368
495
79
-363
-195
62
569
-704
1257
-1539
713
-231
-7
328
-144
-73
-553
1639
-1499
495
-271
339
12
-228
-5
232
-211
214
25
-194
77
-82
-204
143
144
-32
11
28
-63
15
-2
43
-87
34
31
-24
-1
-14
19
-6
1
0
0
-2
-1
-1
0
0
-1
0
0
2
1
-2
-2
5
-18
13
0
22
-32
-35
86
-44
1
-15
64
-28
-13
31
-146
-142
203
81
-78
193
-25
-216
211
-233
6
229
-13
-340
270
-496
1499
-1642
553
73
143
-329
7
231
-714
1538
-1257
702
-570
-63
193
362
-79
-495
366
-26
-150
34
144
-131
27
0
8
-85
81
-134
180
-98
219
-432
93
382
-408
225
23
88
-419
299
0
74
-116
34
28
368
-191
-2196
2825
-751
-54
10
-313
420
-310
303
-251
-24
147
63
-339
663
-704
148
228
-180
102
-46
6
-2
19
-12
-26
26
-14
8
0
-9
9
-3
-2
3
-2
0
-1
0
0
0
0
0
0
0
2
-4
2
3
-10
6
0
-8
13
-28
25
11
-20
1
-8
44
-102
181
-230
-151
702
-663
338
-63
-148
24
248
-303
309
-422
312
-11
54
750
-2829
2197
191
-368
-28
-35
116
-74
0
-300
418
-90
-25
-227
405
-383
-94
431
-217
96
-180
132
-84
83
-12
0
-16
47
-36
-43
23
34
2
-26
367
-690
450
-1012
1017
260
-276
266
-559
310
-298
105
297
-472
833
-406
-554
220
126
95
-73
16
-157
203
-45
255
-525
367
-476
577
-586
655
-221
-26
-47
-20
24
7
-4
24
-34
3
18
-21
10
2
-4
-1
2
-1
0
1
-1
0
0
0
0
0
0
-1
0
1
-3
0
3
-2
-13
22
-20
-4
34
-25
3
-7
-25
19
48
23
222
-656
585
-578
475
-368
524
-257
43
-204
157
-17
73
-97
-125
-220
554
405
-835
471
-297
-104
298
-310
558
-267
274
-261
-1020
1009
-452
689
-371
26
-2
-33
-23
41
35
-48
13
0
-32
66
-66
85
-50
-54
-72
416
-452
16
62
695
-883
-325
683
265
-528
356
-151
-119
102
-253
1514
-2513
1433
-151
40
-152
-86
250
-70
-127
90
120
-131
-30
-61
509
-777
237
530
-548
192
-21
-39
33
-32
35
0
-30
-1
19
2
-18
15
-12
8
-3
0
-2
0
-1
0
0
0
-1
-2
0
0
1
-7
12
-16
15
-2
-20
0
30
-2
-36
30
-34
39
20
-192
546
-529
-241
776
-508
60
30
128
-121
-90
127
68
-250
85
151
-39
150
-1434
2515
-1517
254
-102
119
151
-356
526
-266
-684
324
882
-696
-62
-19
447
-417
75
51
50
-87
63
-67
29
0
39
-129
98
-81
98
-90
47
-28
-126
472
-227
-269
87
-320
1516
-1367
-12
304
-134
134
23
-299
444
293
-784
181
183
-197
182
-33
22
-71
-61
139
112
-375
32
544
-282
-253
200
-129
155
-16
-78
40
30
-43
-17
33
-3
0
-4
3
-6
1
2
-3
2
-4
0
-1
-1
0
0
-1
-3
3
-2
3
-4
-2
4
-4
3
1
3
-34
15
43
-31
-39
78
17
-156
128
-198
251
281
-544
-35
374
-112
-139
59
71
-24
33
-182
198
-185
-181
784
-294
-445
301
-23
-134
134
-306
11
1367
-1517
319
-87
267
225
-475
122
28
-47
88
-97
80
-102
128
-41
0
-46
143
-141
113
-83
-228
553
-619
530
-63
-538
508
-481
560
-312
440
-363
154
-187
126
-330
444
-530
525
64
-393
229
-220
211
-23
-72
73
-112
133
-60
-13
101
-468
547
-320
190
-40
53
-76
39
-16
-58
98
-79
45
-25
20
-11
-1
5
-5
-4
4
-5
3
-1
0
0
0
0
-1
1
-3
5
-4
2
5
-7
2
12
-22
24
-47
79
-99
57
15
-38
76
-55
40
-190
319
-546
468
-101
12
58
-133
111
-73
72
23
-212
221
-231
394
-66
-526
530
-446
329
-125
187
-154
361
-441
312
-562
479
-509
538
60
-531
618
-553
229
83
-114
138
-144
41
0
-33
102
-73
52
-3
-322
391
-104
-118
122
159
-188
167
-151
-910
1722
-717
-285
137
45
13
-176
692
-559
-305
281
248
-255
25
73
10
-58
40
-111
141
-185
284
-52
-155
-6
-58
314
-180
-114
113
-39
23
-1
16
-9
-18
11
2
-7
6
-3
-1
0
-1
-1
0
0
0
0
1
0
1
0
0
-1
0
2
-8
7
-4
-11
18
8
-16
1
-24
37
-114
114
180
-315
60
5
154
51
-284
184
-141
111
-41
57
-10
-73
-27
256
-249
-281
307
560
-693
175
-13
-45
-137
284
716
-1722
908
149
-169
186
-161
-121
116
104
-393
321
3
-54
70
-102
29
0
48
-160
167
-284
229
464
-642
81
-96
323
-409
777
-658
-106
489
-623
646
-307
-29
155
57
214
-1456
1478
-154
-439
349
-245
127
31
-55
44
-126
54
194
-296
69
285
-232
-190
305
-85
-47
64
-33
5
-116
170
-44
-38
23
-5
4
-3
-3
5
-4
1
0
-2
-1
0
-1
0
0
-1
-1
1
0
-3
3
-7
3
2
-3
4
-24
38
44
-170
116
-6
33
-64
45
84
-308
191
231
-286
-69
295
-195
-55
126
-44
55
-32
-129
246
-349
438
152
-1480
1458
-214
-58
-156
29
306
-646
623
-491
104
655
-777
407
-324
94
-81
641
-464
-229
283
-169
158
-53
0
0
20
-151
525
-548
482
-501
-43
340
-177
381
-534
703
-721
672
-972
551
107
-212
-107
367
-208
361
-498
38
107
137
-191
174
-134
87
-104
90
-101
163
-55
30
-20
-104
4
8
42
18
-35
78
-47
-39
9
31
-13
11
-5
-4
2
-4
3
-5
4
-5
-1
1
0
-2
0
0
0
-2
0
4
-4
4
-4
1
-1
2
5
-12
13
-32
-10
38
47
-79
34
-19
-43
-10
-6
103
18
-31
54
-162
100
-90
103
-87
134
-176
191
-137
-107
-38
498
-361
208
-368
106
213
-108
-553
971
-671
719
-704
531
-383
176
-342
42
498
-482
548
-526
148
-22
-4
0
13
-50
41
-25
23
-13
36
37
-139
106
22
70
-157
-98
72
65
95
-341
279
-81
139
-309
579
-406
-13
57
1
-33
-1
19
6
26
-43
-8
12
44
-38
44
-64
5
17
18
-23
0
3
-8
14
-2
-2
2
-7
3
1
-4
5
2
-7
4
-1
0
-2
0
0
0
0
-1
0
-1
1
-5
6
-3
-5
3
-2
-4
8
-4
1
2
-15
7
-2
-2
22
-20
-17
-6
64
-44
39
-43
-14
7
42
-26
-7
-19
1
32
-1
-59
12
406
-581
309
-138
80
-280
339
-97
-65
-72
96
156
-71
-23
-109
136
-37
-36
12
-25
23
-43
49
-17
0
65
-57
8
-39
63
-239
355
-28
-159
-12
78
20
96
-375
172
181
-168
109
-60
-126
215
-15
-181
108
-66
112
-50
3
-11
21
-16
1
10
-17
5
34
-69
49
-62
76
-45
32
-11
6
-24
21
-39
45
-23
13
-14
7
-10
8
-3
4
-4
-2
3
-2
0
-1
-2
0
1
-1
-1
1
-5
2
4
-5
3
-9
9
-8
12
-13
21
-46
38
-21
24
-8
11
-33
44
-77
61
-49
68
-36
-5
17
-11
-2
15
-22
11
-3
51
-112
65
-109
179
15
-216
125
58
-109
169
-182
-173
372
-97
-21
-80
9
157
28
-356
239
-64
37
-10
56
-69
0
-7
26
-30
79
-77
-104
194
-53
-16
-82
81
26
-43
-18
-46
95
-23
54
-76
60
-135
323
-418
222
-45
20
-17
-1
13
-5
4
-9
-14
24
1
-23
41
-45
25
-22
10
12
5
-11
0
-15
29
-17
-8
17
-15
4
1
-8
10
-8
6
-2
0
1
0
0
0
0
0
-1
-1
-1
0
2
-7
7
-9
8
-1
-4
14
-19
7
16
-29
13
-1
11
-5
-12
-12
21
-25
44
-41
22
-1
-25
13
9
-5
4
-13
1
17
-22
44
-223
416
-324
137
-61
75
-53
23
-96
46
16
40
-27
-82
82
15
52
-194
105
76
-80
27
-28
1
0
-48
69
-30
-45
61
-17
20
-110
194
-119
-21
9
42
-33
39
-9
-23
-47
80
-45
-9
71
61
-202
97
-5
3
0
-22
38
-12
-6
6
-22
34
-29
17
-2
-9
9
-16
11
3
-2
3
-10
14
-14
-1
4
-5
2
3
-2
-1
3
-2
-2
1
-1
0
0
0
0
-1
-1
-1
1
-1
2
1
-3
0
2
-4
-2
3
-5
-1
14
-16
9
-4
1
-4
-12
15
-11
10
2
-19
28
-34
22
-7
6
12
-37
21
0
-4
5
-99
202
-61
-72
9
44
-80
47
22
9
-40
30
-44
-9
20
118
-196
109
-20
16
-62
44
26
-70
43
0
-24
38
-28
10
-18
94
-77
-26
46
-2
-47
101
-230
208
18
-79
12
30
-29
2
-65
48
51
28
-97
41
-9
-5
17
-5
-2
1
-5
-14
37
-32
22
-16
16
-11
-5
4
-4
11
-5
-7
9
-7
-3
10
-7
7
-4
-4
8
1
-3
-4
4
-2
0
0
-1
0
1
-1
0
2
-4
3
2
-3
-7
4
5
-7
6
-11
4
6
-9
6
5
-12
3
-5
3
11
-18
15
-21
31
-38
13
3
-2
1
4
-17
5
8
-41
97
-29
-51
-48
66
-2
29
-29
-13
78
-20
-210
228
-102
46
1
-48
25
74
-95
16
-10
26
-39
19
0
-4
3
12
8
-9
-17
-6
10
10
-3
-9
-1
4
0
-7
-2
9
10
-5
-17
-9
11
22
8
-11
-17
-6
8
7
-1
-5
-1
2
0
-3
0
4
1
-3
-4
0
4
-1
-6
-4
2
3
-1
-3
-1
2
0
-1
0
0
-1
-2
1
1
-1
-1
0
2
0
-2
-1
1
0
-1
0
2
0
0
0
0
-1
-2
0
2
1
-4
-4
3
5
0
-4
-2
2
2
-4
-5
0
1
-2
-5
0
4
1
-7
-8
3
16
11
-9
-21
-13
9
16
5
-11
-10
2
6
-1
-6
0
7
0
-12
-10
6
17
9
-10
-14
-4
3
