-9
-4
-5
-4
-4
-2
-5
3
-24
20
-3
-18
10
16
-25
3
-7
6
-13
26
17
-114
82
-14
-10
58
-42
-12
-6
6
107
-236
71
165
-175
119
-5
-171
200
-85
3
20
-25
27
-23
33
-37
17
-25
29
-9
-1
-1
1
-4
-1
0
-1
0
0
-1
0
0
-1
0
0
-1
-1
0
1
-1
0
1
1
-3
2
-1
0
-9
29
-24
17
-36
33
-23
27
-26
20
4
-83
200
-172
-4
119
-175
165
71
-236
108
8
-5
-9
-41
61
-9
-12
84
-112
18
26
-11
8
-6
7
-22
20
13
-15
0
24
-22
7
-2
1
-1
3
0
3
-12
-3
-6
-4
-3
-3
0
-25
31
-16
1
-8
-10
25
2
-85
38
53
-99
73
175
-467
323
24
-130
104
-67
17
-1
-53
137
-55
-48
-19
25
-56
178
-310
275
-62
-24
-21
103
-85
-37
77
-39
8
-8
10
-6
-3
4
-4
-2
2
-2
0
-1
-1
-2
1
-2
-1
-1
-1
0
0
0
-1
0
0
-1
2
1
-3
6
0
-5
12
-7
7
-39
79
-36
-84
105
-21
-24
-62
275
-310
179
-56
25
-18
-48
-54
139
-52
1
19
-65
106
-130
25
325
-465
177
75
-97
55
39
-82
5
28
-7
-5
4
-12
34
-21
5
0
0
3
-2
5
-9
-4
-7
-3
-3
-5
2
-22
24
-13
-26
38
-21
16
-37
87
-144
81
-9
30
13
-116
56
6
41
-20
-75
55
-16
-18
-5
192
-239
227
-244
88
-226
522
-342
18
75
-17
-42
41
-50
4
54
-38
19
-20
5
2
-5
-3
0
3
-2
0
0
0
-1
0
-1
0
0
0
0
0
0
0
0
0
-1
3
1
-2
-4
4
6
-17
20
-39
55
5
-49
41
-42
-16
75
18
-342
522
-224
88
-243
229
-239
192
-5
-17
-15
57
-74
-20
42
8
58
-117
14
32
-7
82
-143
89
-33
18
-18
42
-25
-10
25
-18
6
0
0
4
-1
4
-11
-5
-3
-8
1
-5
0
-4
-3
-12
23
-31
9
-26
60
21
-112
-73
205
-98
307
-488
29
207
-23
-108
136
-60
-28
-13
104
-128
87
17
-127
152
-30
-7
28
-79
8
-162
355
-180
-8
-47
98
-41
15
-24
6
1
8
-2
-16
15
-15
9
-5
0
0
-1
-1
1
1
0
-1
0
0
0
-3
10
-13
16
-15
-2
8
2
7
-23
16
-41
98
-47
-7
-181
354
-161
8
-79
29
-7
-28
153
-126
16
87
-128
106
-11
-27
-59
137
-106
-22
209
30
-487
309
-96
206
-72
-111
24
63
-23
11
-28
26
-9
-1
-1
5
0
4
-2
2
4
-10
-4
-5
-6
-1
-3
3
-21
23
-17
-13
49
-84
51
-66
150
-163
90
-35
-110
263
-106
-71
-40
35
10
105
-126
61
-5
33
-78
-30
-56
155
-140
161
-91
50
5
-135
153
-6
-28
-53
11
79
-64
11
1
4
-9
6
7
-22
7
-2
-5
4
-1
-1
-1
1
-1
0
0
0
-1
0
-1
4
-4
-1
9
-20
8
8
-6
4
1
12
-65
80
10
-51
-28
-5
153
-135
5
51
-91
161
-140
155
-55
-30
-77
34
-3
62
-125
106
11
36
-39
-70
-105
264
-108
-34
92
-162
153
-63
54
-80
51
-10
-14
24
-16
7
0
1
0
0
5
-10
-5
-2
-8
-1
-7
4
-18
16
-16
2
59
-86
9
39
-57
9
49
-54
-25
221
-650
592
245
-432
85
-126
86
28
-33
80
-174
326
-297
-83
-34
576
-653
467
-272
102
-73
150
-206
153
37
-168
99
14
-35
11
9
-21
-14
23
0
-4
7
-7
-1
-1
-2
-1
-1
-1
0
0
-1
0
-1
-6
8
-3
1
24
-15
-20
11
12
-35
15
99
-168
37
152
-208
150
-72
101
-273
468
-653
575
-32
-82
-296
326
-172
81
-32
29
88
-125
88
-431
248
594
-649
222
-24
-53
50
10
-54
43
12
-81
62
5
-14
18
-14
6
-4
2
0
3
3
-9
-4
-5
-5
-2
-2
-3
4
-23
22
-69
166
-173
53
-17
104
-222
41
208
-234
293
-415
594
-540
119
-25
152
-70
18
35
-367
446
-239
-127
830
-1056
929
-738
410
-192
-87
226
71
-319
189
-92
109
-98
43
-4
2
5
24
-81
58
3
-24
9
-1
-2
0
-1
0
0
0
0
-1
0
0
0
0
10
-23
5
59
-82
26
6
4
-4
44
-95
109
-90
190
-320
73
227
-87
-192
410
-737
928
-1054
830
-124
-239
448
-368
37
19
-69
153
-25
120
-541
595
-412
293
-232
208
42
-221
108
-14
57
-170
169
-66
26
-21
7
1
0
1
3
-1
4
-8
-8
-4
-4
-5
-1
-7
-5
11
1
-41
-67
222
-186
99
-141
224
-153
152
-251
149
-70
162
-204
-91
265
-121
39
-33
-123
299
189
-771
320
113
5
-122
212
-226
207
-236
330
-183
79
-275
252
10
-111
57
-3
-12
20
-41
-3
29
-6
-6
3
-4
-1
-1
-1
-1
0
0
0
0
0
0
0
-1
4
-5
-6
31
-1
-42
22
-10
-2
58
-111
11
253
-275
78
-182
328
-236
207
-226
212
-122
4
114
321
-771
190
299
-124
-32
40
-121
266
-90
-203
164
-69
150
-250
153
-150
225
-141
103
-183
225
-65
-38
5
13
-1
-4
3
-2
3
2
0
-8
-6
-3
-6
-4
1
-2
-12
-11
36
-133
232
-156
50
-107
187
-180
19
-30
86
104
101
-264
-34
-27
143
-41
-24
27
-3
-30
420
-686
140
369
-207
125
-157
-222
291
-183
130
57
18
-31
-72
11
19
5
3
-11
6
41
-64
5
21
-9
7
-5
-2
0
0
-1
-1
1
0
0
1
0
0
-4
8
-9
23
7
-65
42
6
-9
3
6
20
11
-74
-30
16
55
129
-182
291
-221
-157
125
-206
369
142
-686
422
-31
-2
28
-22
-42
144
-25
-32
-263
102
105
88
-29
20
-179
190
-104
52
-152
234
-129
40
-10
-7
2
5
-2
2
1
2
-7
-5
-9
0
-3
-6
-1
-10
33
-73
55
-3
-17
26
26
-248
385
-272
71
25
233
-574
254
-99
300
-107
-39
13
5
-44
-80
355
-349
444
-716
303
154
39
-352
233
-34
141
-184
28
39
52
-69
28
12
-26
7
-11
9
-11
12
10
-24
11
-6
2
-1
0
-2
-1
0
0
0
1
0
2
-5
12
-23
11
12
-9
10
-11
8
-26
13
27
-68
53
39
28
-184
141
-34
232
-351
39
153
303
-714
445
-349
355
-79
-43
6
13
-36
-106
302
-97
258
-573
234
25
72
-270
386
-245
30
29
-15
1
57
-70
34
-6
2
-2
1
8
-4
3
-7
-9
1
-8
-6
-1
0
-15
8
-8
3
-56
125
-99
25
26
8
-41
-104
234
-378
372
-8
-276
165
-27
54
-68
14
14
87
-36
-307
561
-450
120
-203
464
-320
72
-31
277
-515
250
170
-216
48
44
-30
12
-7
-15
24
5
-28
10
3
-4
0
-2
-1
0
0
-1
1
-1
0
1
0
-1
0
-3
4
11
-28
7
25
-15
-7
13
-29
43
48
-216
169
251
-515
276
-31
72
-320
465
-202
120
-448
561
-307
-37
89
17
15
-66
55
-25
166
-276
-4
373
-378
235
-103
-40
9
29
29
-95
128
-53
7
-5
10
-11
4
4
-3
-2
7
-1
-7
-7
-6
-5
-4
-5
-7
0
9
-3
14
-25
2
-62
144
-144
94
-26
-40
21
60
-250
333
-190
81
-45
-1
-12
16
-51
104
-121
-17
229
-191
43
36
-97
111
-39
19
11
-107
44
77
-68
34
-31
9
-6
4
11
-16
7
-3
-11
10
-1
-1
-2
-1
0
0
-1
0
0
0
-1
0
-1
1
1
11
-11
-1
8
-16
13
4
-5
10
-32
33
-68
77
43
-105
10
20
-38
111
-96
37
44
-189
230
-17
-121
106
-51
17
-10
0
-45
83
-188
334
-249
62
23
-38
-26
95
-140
147
-58
5
-23
17
0
10
4
-3
0
0
3
-1
0
-6
-11
1
-12
-13
75
-85
-34
40
118
-104
-79
22
27
135
-111
-35
-41
111
-49
-73
-329
716
-297
35
-167
132
-21
-32
55
97
-136
-350
392
-267
499
-199
57
-253
207
-159
-236
617
-714
738
-202
-132
-64
60
8
-16
-7
73
-40
-41
23
-4
6
-5
-1
1
-1
-1
-1
0
-1
0
-1
1
-1
-3
8
-3
24
-39
-39
73
-5
-15
9
61
-65
-132
-202
737
-714
617
-235
-159
207
-252
58
-198
498
-266
390
-350
-136
99
57
-31
-20
134
-167
37
-295
717
-326
-72
-48
112
-39
-34
-108
139
31
26
-74
-102
120
42
-30
-81
79
-9
-6
6
-2
-6
2
-13
-11
84
-169
153
52
-689
742
18
-297
56
32
108
-227
171
-53
-75
-106
811
-1019
456
-207
171
-35
-14
12
-26
8
109
-180
181
-467
576
-14
-410
449
-546
243
45
110
-550
901
-406
-45
17
-31
10
28
-34
-31
97
-94
45
-4
-9
6
-3
0
1
0
-1
-1
0
0
0
0
0
1
-1
7
-8
-4
47
-93
97
-30
-33
29
11
-30
17
-45
-404
898
-549
108
46
242
-544
448
-409
-14
577
-465
181
-179
110
9
-23
13
-13
-33
172
-207
459
-1022
814
-105
-74
-52
172
-224
112
35
59
-293
21
746
-687
56
157
-166
87
-4
-9
9
-9
-13
-22
74
8
-190
81
-349
1223
-1165
338
724
-870
-559
472
404
-343
293
-218
342
-387
-396
781
-315
205
-215
69
-57
53
6
148
-761
997
-206
-653
747
196
-707
74
-60
348
-205
-333
1052
-849
-8
380
-284
150
-98
55
-23
52
-105
97
-48
14
-6
-1
0
-1
-1
-2
0
-1
1
0
0
-1
2
0
-6
13
-43
98
-106
54
-22
56
-98
151
-282
381
-9
-848
1051
-331
-203
349
-60
73
-706
197
745
-651
-206
997
-761
150
6
53
-55
69
-214
206
-315
784
-396
-387
341
-217
294
-342
407
475
-556
-866
725
338
-1161
1223
-344
85
-187
10
82
-16
-5
-3
-12
38
-111
180
-193
130
155
-680
383
238
-281
232
-162
-191
510
-333
-376
905
-619
-402
1852
-1876
676
-285
191
-6
-36
48
-39
-198
220
61
335
-1073
944
-697
1271
-1293
349
269
-458
53
319
-54
79
-196
52
-25
50
-18
28
-36
43
-57
20
-3
7
-7
1
-2
-2
0
-1
0
-1
-1
-1
-1
1
-5
8
-1
20
-58
47
-36
30
-18
50
-24
53
-196
79
-54
322
49
-457
268
349
-1290
1270
-695
943
-1070
334
61
223
-198
-40
50
-32
-7
192
-285
679
-1875
1854
-401
-618
906
-376
-332
512
-187
-160
234
-279
241
385
-677
157
133
-187
184
-104
44
-2
-6
-5
0
-7
92
-157
66
493
-1194
172
885
-416
-337
820
679
-1658
-153
295
798
473
-616
-1646
1223
417
-106
-320
263
-192
74
50
-270
364
201
-207
-740
660
321
-609
119
310
-494
317
-118
403
-367
11
30
-29
71
-15
-50
3
65
-61
18
6
-13
6
0
-1
-1
-1
-1
0
-1
0
0
-1
-1
1
1
7
-10
8
18
-60
67
3
-51
-12
72
-30
32
10
-366
399
-115
317
-493
310
119
-609
321
659
-737
-207
201
367
-268
49
75
-191
265
-319
-105
419
1226
-1648
-615
475
800
297
-152
-1653
683
824
-334
-411
886
175
-1191
494
69
-153
94
0
4
3
-8
-11
-38
97
-30
-88
53
18
29
-312
478
-425
-556
1752
-1209
115
617
-1232
1349
-1527
2263
-2904
1831
-68
-372
136
69
-15
-170
-92
-84
1049
-1607
1165
266
-1250
995
-20
-583
219
-57
-41
224
-318
389
-174
-17
96
-89
53
-54
42
-40
12
17
-20
11
-7
0
-1
0
-2
0
-2
0
-1
0
-1
0
-1
1
-7
12
-19
18
13
-39
42
-53
56
-88
96
-15
-173
390
-322
227
-41
-57
218
-582
-18
995
-1247
265
1166
-1607
1050
-84
-89
-170
-14
70
137
-372
-66
1835
-2906
2265
-1527
1351
-1232
618
116
-1207
1756
-552
-418
477
-308
31
24
55
-83
-28
104
-34
-4
-8
-9
14
-58
27
-12
7
-273
423
353
-1007
973
-1444
1863
-1319
491
2
-693
843
213
-1161
1391
-582
-279
403
-295
68
-5
0
190
-519
774
-574
-791
1649
-1075
805
-738
232
-64
453
-788
664
79
-506
321
-222
171
-53
-8
8
-37
35
9
-16
-7
0
1
-3
-2
-1
-1
-1
-1
0
-1
0
0
-1
1
-2
3
1
-8
-12
10
37
-39
11
-8
-52
170
-221
323
-507
81
663
-786
454
-62
233
-738
804
-1071
1646
-790
-574
778
-521
190
-1
-2
68
-296
404
-276
-583
1395
-1160
214
844
-691
3
494
-1315
1866
-1439
974
-1002
355
424
-269
11
-9
31
-49
17
0
-7
-3
19
-61
-31
109
-89
-369
967
-948
646
-306
-364
617
161
-499
-8
250
144
-902
795
-166
-235
302
-22
-180
135
-1
-19
-121
442
147
-819
-582
1032
460
-132
-775
83
358
-118
57
169
-555
380
-69
176
-181
55
-20
-10
45
-49
20
-24
27
-11
0
-2
-1
0
-1
-2
-1
1
0
0
0
-1
0
-1
1
-12
31
-25
21
-48
46
-9
-18
56
-179
176
-71
381
-554
167
58
-117
356
83
-775
-132
461
1032
-580
-819
149
442
-120
-17
0
136
-178
-21
304
-233
-163
797
-901
145
251
-7
-495
163
620
-361
-302
647
-943
968
-364
-86
113
-28
-52
23
5
-8
-8
-4
14
-89
110
-31
-526
1123
-948
838
-1109
1209
-1041
463
150
-512
736
-341
-479
929
-1139
864
-247
-113
188
-140
70
-7
101
-525
1090
-1292
1298
-1135
350
514
-870
661
-227
-276
897
-973
506
-292
239
-58
-76
82
-33
3
5
4
-42
51
-25
4
1
-2
0
-1
0
-1
-1
0
1
-1
0
0
1
-2
3
4
-22
49
-38
4
7
2
-31
83
-74
-57
238
-291
504
-970
895
-275
-228
661
-868
515
349
-1133
1297
-1292
1092
-524
101
-6
70
-140
190
-112
-250
869
-1142
931
-478
-340
737
-511
153
466
-1037
1210
-1104
839
-945
1123
-521
-27
113
-87
20
0
0
-11
-8
-24
49
-52
6
-8
-611
1199
-320
-760
1021
-123
-1005
907
-127
-636
132
279
590
-337
-531
279
17
-44
214
-280
124
-27
-5
94
-425
694
365
-1388
928
-50
-556
293
-21
423
-224
-215
-73
170
38
21
-69
-6
52
-25
0
-6
28
-28
3
4
-3
1
0
-1
0
0
0
-1
1
-1
0
0
1
1
-2
4
4
-25
26
-5
2
-26
53
-5
-69
23
38
171
-75
-213
-224
423
-21
293
-555
-50
928
-1385
364
694
-425
98
-6
-27
126
-279
216
-43
17
281
-529
-337
590
279
132
-635
-123
909
-1002
-121
1023
-756
-315
1200
-607
-4
8
-49
55
-18
1
-8
-7
-14
19
51
-106
-4
-641
1316
-429
-432
253
458
-726
-209
786
-519
-189
743
-737
652
-470
58
95
86
-77
-34
-17
34
-48
254
-443
395
233
-701
151
171
26
-154
169
-58
124
-39
-359
359
-131
37
3
41
-34
-9
-1
22
-35
23
-5
-3
1
-3
-1
-1
0
-1
0
1
-1
0
-1
0
0
-3
1
-3
-4
25
-35
22
1
-8
-33
42
2
38
-132
360
-359
-37
124
-58
170
-153
26
171
150
-699
233
395
-443
257
-47
34
-15
-34
-76
87
97
60
-469
653
-735
745
-188
-518
791
-205
-723
461
255
-428
-428
1316
-636
-1
-102
54
25
-8
1
-9
-4
16
-70
122
-176
221
-633
985
-757
562
-576
621
-771
819
-519
105
-49
62
102
165
-697
534
-203
111
-51
30
42
-81
70
-108
251
-610
955
-801
437
-477
502
-206
116
-327
355
-251
387
-382
140
-73
74
-23
7
-4
-11
22
-15
-2
0
1
0
-2
-1
1
0
-2
-1
0
0
-1
0
2
0
-1
0
0
2
-1
-13
21
-9
-4
8
-22
72
-72
139
-381
385
-250
353
-326
116
-207
501
-475
437
-798
954
-610
251
-107
71
-80
41
32
-51
113
-203
538
-698
167
103
62
-48
106
-516
822
-767
623
-571
564
-753
985
-627
224
-170
125
-64
22
4
-9
-3
13
-50
20
71
-263
45
325
-97
-49
-109
16
86
-324
506
-288
-49
-43
449
10
-658
281
38
50
-68
36
-15
15
-35
191
9
-490
-87
645
-163
-67
119
-282
96
117
-382
608
-325
54
-38
30
-13
-6
6
4
-9
-2
2
1
-5
3
-2
-1
0
0
-1
-2
0
0
0
-1
0
0
0
1
-1
3
-4
3
2
-1
-7
7
6
-5
-12
31
-37
54
-326
607
-382
118
97
-282
118
-67
-163
645
-86
-490
10
191
-35
16
-14
38
-66
51
39
283
-657
12
450
-42
-48
-287
509
-321
91
20
-106
-46
-92
326
50
-259
75
23
-41
19
5
-11
-5
-17
42
-86
1
159
-182
113
-30
2
-41
-160
335
-169
46
-126
40
-60
257
-243
132
-118
39
27
33
-74
23
28
-43
-61
202
-176
170
-195
61
48
-103
177
-128
-122
141
30
29
-20
-60
28
-11
4
-5
7
-11
5
2
6
-12
3
-1
0
-1
0
-1
-1
0
0
1
0
-1
0
1
1
-1
4
-10
7
2
5
-9
7
-3
5
-9
29
-59
-20
31
30
141
-123
-126
177
-102
48
62
-194
170
-176
202
-60
-42
28
24
-73
36
28
41
-117
133
-242
259
-59
41
-125
49
-166
337
-156
-37
4
-27
115
-178
162
3
-83
50
-12
2
-11
-3
-13
8
-15
23
-49
12
1
56
-16
-107
170
-74
-327
366
-35
4
-94
26
139
-210
113
-49
6
23
-10
-40
42
-12
30
-21
25
-36
-24
-8
-1
37
29
-33
-12
-47
147
-139
75
2
-40
24
0
-14
9
-3
-1
2
-10
6
-2
0
-1
0
-1
-1
-2
-1
0
0
0
0
0
0
-1
0
-1
7
-8
2
-1
-2
10
-13
1
24
-39
1
75
-140
147
-47
-12
-33
30
35
0
-6
-24
-36
25
-20
31
-11
44
-39
-9
23
7
-48
114
-209
140
29
-92
5
-34
369
-324
-70
174
-104
-14
60
2
15
-45
28
-11
15
-9
6
-11
-4
-6
-8
12
-15
15
-41
26
-145
184
25
-87
-155
499
-467
169
-148
88
46
169
-413
209
-6
0
-25
38
-16
-18
36
-13
-65
61
161
-287
95
29
2
-46
67
-14
-10
-3
3
1
10
-9
-1
1
-3
8
-12
9
-7
-1
2
-3
0
-1
-1
-1
-2
0
0
0
-1
0
-1
0
0
0
0
-2
3
0
-7
10
-12
8
-2
2
0
-8
8
1
1
-3
-8
-14
67
-45
2
29
95
-286
161
61
-65
-12
35
-17
-13
39
-23
1
-6
212
-412
170
48
89
-146
170
-464
501
-151
-84
28
187
-143
28
-37
17
-11
16
0
-2
5
-10
-4
-8
12
-35
9
22
7
-59
40
42
-128
148
-50
-339
379
-12
7
-141
65
178
-344
168
7
-7
-33
58
-38
1
-8
-17
58
-37
81
-93
-32
83
-53
28
-24
18
-72
142
-69
-14
-4
29
-16
-5
7
-1
0
-5
6
-5
-1
-1
0
-1
-1
-1
-1
0
-1
0
0
1
0
0
0
0
1
0
-1
-3
6
-4
1
-1
8
-4
-16
29
-4
-13
-69
143
-71
17
-23
29
-53
83
-32
-93
81
-37
58
-16
-8
2
-36
59
-33
-6
9
168
-343
179
66
-139
8
-11
382
-335
-47
151
-125
43
43
-57
11
26
12
-32
21
-4
4
-10
-5
-7
-13
20
-30
26
-10
-41
74
-47
-77
146
-263
453
-397
107
87
-126
41
24
-74
69
-9
-19
9
1
-1
-11
34
-25
37
-123
67
100
-145
60
17
-15
-33
93
-91
46
-19
16
-18
5
5
-9
8
-4
-2
2
-7
5
-2
-1
-1
-2
-2
0
-1
0
0
0
0
0
0
0
-1
-1
0
0
-3
6
-7
3
-2
-3
10
-8
5
6
-19
16
-19
46
-91
93
-34
-14
17
60
-143
100
69
-123
38
-24
36
-10
1
1
9
-18
-6
70
-72
24
42
-125
89
108
-392
456
-260
150
-73
-44
79
-39
-5
28
-25
23
-6
-1
5
-9
-5
-1
-7
12
-22
-30
43
-5
-62
19
107
-9
-141
24
31
20
-64
71
11
-33
-2
-34
39
-16
18
-21
15
-16
3
33
-60
2
12
38
7
-54
35
-29
13
-10
42
-25
-15
16
3
-8
-3
0
3
-2
1
-4
5
-5
1
-2
0
-1
-1
0
0
-1
-1
0
1
0
1
1
1
0
0
-1
3
-4
5
-3
1
-2
5
1
-2
-7
3
17
-14
-26
42
-10
13
-27
35
-53
8
39
13
2
-59
34
4
-16
17
-20
18
-15
41
-33
-1
-32
11
72
-63
21
34
26
-137
-5
109
21
-60
-4
47
-28
-19
14
0
2
4
-18
-5
11
-3
-21
-6
21
13
-16
-23
1
9
-9
-17
3
18
8
-9
-9
-4
-4
-3
6
6
-5
-11
-2
5
-1
-4
7
9
-9
-22
-4
20
16
-8
-14
2
8
-2
-6
4
7
-3
-7
1
4
-3
-5
2
5
-3
-6
1
5
-2
-6
0
4
-2
-5
-1
5
0
-6
-1
5
1
-5
-1
5
2
-5
-1
6
2
-4
-2
5
1
-6
-1
7
4
-6
-2
8
1
-14
-8
16
21
-4
-20
-9
9
7
-4
-1
6
-1
-10
-4
8
7
0
-2
-2
-8
-8
9
21
6
-14
-6
12
4
-20
-15
16
25
-3
-18
2
16
0
