0
-4
-3
8
-13
5
3
4
-1
-7
5
-5
1
0
-1
1
0
-1
0
-1
0
0
0
1
0
-1
-1
0
0
0
1
-1
0
0
-1
0
0
0
0
1
-1
-1
0
-1
0
0
0
-1
0
0
-1
0
-1
1
-1
0
-1
0
-1
1
0
-1
0
-1
0
0
0
-1
0
-1
-1
0
0
-1
0
0
0
-1
-1
1
0
0
0
-1
-1
-1
0
0
-1
-1
0
0
0
-1
0
0
-1
0
-1
0
1
-1
1
0
-1
-1
0
0
-1
0
0
0
0
-2
1
-2
-2
4
-8
5
0
-3
-4
-6
12
-11
2
0
0
-15
26
-44
123
-140
132
-123
-66
168
-108
95
-8
-49
-16
34
-20
3
0
-2
9
-10
10
-6
2
0
-2
1
0
-1
-3
2
-3
3
-3
3
-1
-1
1
-1
0
0
0
-1
0
1
0
-1
0
-1
-1
-2
0
-1
0
-1
0
-1
0
0
-1
1
0
0
0
-2
-1
-1
-1
0
0
0
-1
0
-1
0
-1
1
-1
0
0
-2
0
-1
0
0
0
-1
-1
-1
-1
0
0
-4
2
-4
2
-4
2
0
0
-2
2
-1
-2
4
-11
10
-9
2
-1
-4
20
-36
13
47
7
-97
107
-170
66
123
-132
139
-125
41
-27
10
0
-15
44
22
-158
159
-155
122
7
-31
-115
201
46
-252
118
-27
28
-3
3
-12
12
-2
-4
1
3
-1
-3
4
-4
2
-1
0
2
-2
-3
6
-8
7
-2
-2
1
0
-1
1
0
-1
0
-1
0
1
-2
1
-1
0
0
0
-1
-1
0
-1
1
-2
0
-1
0
0
-1
0
-1
0
0
0
0
0
-1
0
0
-1
2
-2
0
0
-1
1
-1
1
0
0
-1
1
1
-8
6
-7
1
2
-3
0
0
-2
4
-3
3
-1
-4
0
3
2
-12
11
-4
3
-28
26
-119
251
-49
-202
113
28
-8
-124
154
-160
157
-25
-46
10
0
-4
2
-7
1
-36
163
-193
233
-227
-34
146
95
-261
159
-98
59
0
-8
9
-11
33
-36
5
4
3
-6
1
0
-4
10
-5
-4
2
1
-4
0
0
0
-2
0
0
-1
0
0
1
-1
-2
3
-3
-1
1
-2
0
0
-1
-1
0
0
-1
0
0
-1
0
0
-1
0
0
0
-1
-1
-2
0
-1
-1
0
1
-2
-1
3
-4
0
1
-1
0
0
0
0
-1
1
-1
-3
1
2
-2
-4
3
5
-10
2
-1
-2
4
-2
-4
-6
35
-33
11
-9
7
-1
-60
97
-161
258
-96
-148
33
224
-233
193
-164
36
-2
5
-2
-1
0
9
-32
-47
205
-95
-174
225
-296
252
91
-203
74
-60
98
-92
28
13
-21
51
-13
-70
55
1
-8
2
1
4
-6
-9
17
-10
6
-7
3
-2
0
-1
-2
2
-1
-1
0
-1
0
2
1
-5
0
7
-8
1
-1
0
1
-1
0
-1
0
1
-1
-1
0
-1
0
0
-1
0
0
1
-1
0
0
0
-1
1
0
-3
8
-9
0
4
-2
-1
0
-1
-1
0
0
-2
1
-1
-2
0
-3
6
-7
8
-17
8
6
-5
0
-3
8
-1
-55
69
11
-51
21
-13
-28
91
-99
58
-76
201
-93
-253
295
-225
173
92
-207
45
30
-15
0
14
-35
39
-66
20
65
-132
293
-246
6
57
-139
149
-9
-13
-18
11
-8
3
43
-111
71
-5
-2
1
-2
4
-4
4
-2
-2
4
-1
-3
-1
4
-3
0
0
0
-1
0
0
1
-1
-2
1
-2
0
3
-4
0
-1
0
1
-1
-1
-1
-1
0
0
0
-1
0
0
1
0
0
0
-1
0
0
-1
0
0
-1
4
-4
-1
2
-3
1
-1
-2
-1
-1
-1
-1
0
1
1
-4
-1
2
0
-4
2
3
-4
5
-4
3
0
1
4
-72
110
-43
-4
7
-12
18
10
8
-149
137
-57
-9
243
-293
131
-67
-22
64
-42
34
-18
0
13
-29
87
-192
63
171
-50
-239
183
35
-76
108
-63
-209
261
-69
3
-24
31
27
-92
52
-8
5
-3
-8
21
-10
-11
13
-6
2
-6
4
3
-3
1
0
0
0
0
-1
0
0
-2
0
3
-6
5
-4
1
0
-1
-1
-1
0
0
0
-1
0
-1
0
-2
0
0
0
0
-1
1
0
1
0
1
-1
0
0
-2
4
-6
5
-4
-1
0
0
-1
0
-1
0
-1
-1
0
2
-3
-5
5
-3
5
-13
11
9
-22
8
2
-5
9
-54
93
-28
-32
22
-5
68
-262
208
61
-110
73
-36
-185
239
50
-171
-64
191
-89
27
-19
0
7
-16
56
-108
95
-72
84
-123
153
-217
173
-65
-94
450
-441
103
-5
-13
-1
196
-265
75
21
-3
2
-8
17
-10
0
9
-13
10
-12
12
-11
5
-1
1
0
-1
0
-1
0
0
1
-1
-2
5
-7
3
-1
-1
0
1
-1
0
-1
0
0
0
-1
0
-1
0
0
0
0
0
0
-1
0
-1
0
-2
1
0
-1
-3
7
-5
1
-1
-2
0
-2
-1
0
0
0
-1
0
-6
9
-11
11
-11
13
-10
-1
10
-17
7
-3
2
-20
-75
264
-196
0
12
5
-103
439
-451
92
64
-172
214
-155
122
-85
70
-96
107
-59
15
-12
0
5
-12
15
-22
113
-241
-30
411
-309
133
-64
3
267
-661
437
-42
0
7
40
-177
145
-10
-12
4
-4
-4
-8
48
-49
6
2
16
-17
-1
6
-6
6
-2
1
-2
0
0
-1
-1
-1
-2
2
-2
-2
4
-5
1
-2
0
0
-1
0
1
0
0
0
0
-1
0
-1
-1
0
-1
-1
-1
1
-1
0
-2
1
-2
5
-5
0
2
-3
2
-2
-1
0
0
-1
0
0
3
-7
6
-8
-1
17
-17
-1
-7
49
-49
8
5
3
-5
12
10
-146
177
-40
-8
-1
42
-439
659
-268
-5
63
-135
306
-411
30
240
-113
20
-17
12
-9
0
4
-12
-9
33
105
-265
-25
342
-260
192
-101
26
353
-922
594
-58
-3
6
-36
80
-25
-63
47
-11
7
-11
16
-22
10
10
-8
-6
3
3
-5
8
-8
3
-2
0
-1
0
-1
0
-2
3
-3
0
-1
-1
2
-1
-1
0
0
0
0
0
0
-1
0
0
0
0
0
-1
-1
0
1
-1
-1
0
0
-2
-1
0
-3
1
1
-1
1
-3
1
-1
0
0
-1
-1
3
-5
7
-8
3
-5
-4
6
7
-11
-10
23
-16
10
-8
11
-47
63
26
-80
34
-8
2
57
-594
920
-354
-28
101
-194
258
-342
25
266
-106
-34
6
10
-7
0
4
-11
-10
24
115
-231
-80
359
-276
184
-51
-91
417
-658
293
-20
13
10
-45
75
16
-82
39
-9
6
-4
20
-39
9
16
0
-15
9
1
-11
17
-7
1
-3
1
-1
1
-1
1
-2
2
-2
1
-3
3
-1
-1
0
-2
2
-2
1
0
1
-1
-1
-1
0
0
0
0
-1
0
0
-1
-2
1
-2
1
0
0
0
-3
2
-2
1
-2
0
-1
0
0
-1
-1
1
-2
7
-17
11
-1
-8
15
-1
-17
-11
39
-21
3
-7
8
-39
82
-16
-75
46
-11
-14
19
-295
656
-418
88
50
-185
274
-360
78
230
-116
-26
7
10
-9
0
6
-19
25
-44
174
-235
-79
272
-129
20
65
-195
672
-889
329
1
7
-1
38
-31
-10
21
-19
17
-3
3
-13
7
4
-2
4
-6
3
-4
8
-6
1
-1
1
-1
-1
0
0
-1
-1
0
-1
1
-1
2
-8
6
-4
3
-5
2
0
-1
0
-1
0
0
0
0
-1
0
0
0
0
0
0
-3
4
-4
3
-7
7
-2
1
-2
0
0
-1
0
0
-2
0
1
-1
1
-2
6
-9
3
-3
6
-4
1
-4
-7
13
-3
3
-18
19
-21
9
31
-36
1
-9
-2
-330
887
-672
193
-66
-22
126
-273
78
235
-176
42
-26
17
-11
0
11
-29
94
-132
30
20
35
-31
101
-119
-71
263
-476
354
-37
-8
-3
10
-50
6
66
-48
14
-10
0
-3
8
3
-18
8
-3
6
-4
-1
3
-6
6
-3
0
-1
1
-1
0
-1
0
0
0
0
-1
-2
2
-2
0
-2
1
-1
-1
0
0
0
0
-2
0
0
0
0
-2
-1
0
-1
0
-1
-3
1
-1
1
-2
-1
0
-1
0
0
0
0
0
0
0
-1
-1
4
-7
5
-4
1
3
-7
1
-9
18
-3
-9
1
0
9
-14
48
-67
-8
49
-11
1
7
36
-355
475
-264
69
117
-103
30
-36
-21
-31
130
-97
27
-14
0
14
-19
45
-88
-9
111
-26
-35
-26
-43
184
-159
146
-128
23
-2
5
4
9
-40
39
-6
0
0
-3
0
4
-7
3
1
1
-3
2
0
-1
-1
0
-1
0
-1
0
-1
0
-1
-1
-1
0
0
-1
0
0
-2
0
-2
1
-1
0
0
-1
0
-1
0
0
0
0
0
0
-1
-1
0
0
0
-1
0
-1
0
-1
-2
-1
0
-1
0
0
-1
1
0
0
0
0
0
-1
0
0
-2
-3
2
0
-2
-3
7
-3
-1
2
-1
1
6
-39
40
-8
-5
-6
2
-25
126
-148
157
-185
41
23
35
25
-113
7
86
-46
18
-18
0
-8
6
8
-15
3
9
-7
4
-3
-12
44
-54
18
-9
4
5
-1
-1
0
1
-3
3
0
0
-1
0
0
-2
2
-1
1
-1
-1
1
0
0
0
0
0
-1
0
-1
0
0
-1
0
0
0
0
-1
-1
0
-1
-1
0
0
1
0
0
0
0
0
0
0
0
-1
0
-1
-1
0
-1
-1
-1
-1
0
0
-1
0
0
0
0
-1
0
-1
-1
0
-1
0
-1
-1
0
0
0
-1
-1
1
-2
0
-2
1
-1
0
0
0
1
-2
2
-2
-1
1
0
-5
-5
7
-19
53
-46
9
-1
-5
8
-11
-4
13
-11
-6
5
0
-3
4
4
-12
2
9
-8
0
-2
8
-13
-5
25
-28
13
0
-2
1
0
-1
3
-2
0
0
-1
1
1
-1
1
0
1
0
0
0
0
1
0
1
0
-1
-1
0
-1
0
-1
0
0
0
-1
0
0
-1
0
-1
-1
0
-1
0
-1
0
0
-1
0
0
-1
0
0
-1
1
-1
0
-2
0
-1
0
0
-1
-1
0
0
-1
0
-1
0
1
0
-1
-1
0
0
0
-1
-2
-2
0
-1
0
-1
-1
1
-2
0
0
-1
-1
1
-2
1
-1
-1
1
0
-13
27
-26
4
14
-10
0
-1
7
-11
-4
10
-6
-5
1
0
0
-1
0
7
-16
8
9
-19
9
-1
8
-18
13
-1
-13
6
1
-1
2
-2
2
-1
0
1
-1
0
0
0
-1
1
-1
0
0
0
-1
0
0
-1
0
-1
0
0
-1
1
-1
0
0
0
-1
-1
0
0
0
0
-1
0
0
1
-1
0
-1
0
0
0
0
-1
0
0
0
-2
0
-1
-1
-1
-2
0
-1
0
-1
0
-2
-1
-1
0
0
-1
0
0
0
-1
0
0
0
-1
0
0
0
-1
0
0
0
-1
0
-1
0
1
-3
2
-2
1
-1
-6
12
-1
-15
16
-10
-1
-10
18
-11
-9
15
-9
-2
-1
-3
0
-2
0
1
-6
13
-17
9
-7
6
-6
0
-2
9
-12
0
2
-2
1
-1
0
1
0
1
0
-1
-1
-1
0
0
1
0
0
0
-1
1
0
0
0
-1
-1
-1
0
0
0
0
0
0
-1
-2
0
0
0
-1
-1
-1
0
-1
0
0
0
-1
-1
0
0
0
-1
-1
-1
0
0
-1
-1
-1
0
-1
-1
-1
-1
0
0
0
-1
1
0
-1
-1
-1
0
0
0
-1
1
-1
0
1
0
-1
-1
1
0
-1
-1
0
-1
0
1
-1
-1
1
-2
0
-3
-2
11
-10
1
-2
4
-7
7
-10
16
-15
4
-3
-1
-1
0
0
0
3
-4
3
-3
-3
6
-5
1
1
-5
16
-23
9
-1
-1
-1
0
1
-2
1
1
-1
0
0
-2
0
0
-1
0
-1
-1
0
-1
0
0
-1
0
-1
1
-1
0
-1
-1
-1
-1
0
0
-1
-1
-1
0
0
0
0
-1
-1
0
0
-1
-1
0
0
0
0
0
0
-1
-1
0
-1
-1
0
-1
0
0
0
-1
-1
0
-1
0
0
-1
-1
0
0
-1
0
-1
-1
0
0
-2
0
0
0
-1
-1
0
-1
0
0
-1
-1
2
-1
0
-1
-1
0
-9
22
-18
4
-2
-2
2
-6
0
2
-5
3
-5
-1
-2
0
-1
0
0
-1
4
-5
-1
3
-4
-1
1
0
-2
-1
0
-1
0
-1
1
0
0
1
-1
1
0
0
0
0
0
0
0
0
1
0
0
0
0
0
0
-1
-1
0
0
0
-1
-1
1
-1
0
0
0
-1
0
0
0
-1
0
0
0
-1
0
0
1
0
-1
0
0
0
-1
0
-1
0
-1
0
0
0
0
-1
-1
0
-1
1
0
0
0
-1
0
0
0
-1
0
0
-2
-1
-2
0
1
-1
0
-1
0
-1
0
-1
0
0
0
1
-1
0
-1
0
-2
0
3
-2
-2
-2
3
-5
-1
4
-4
0
-2
-1
-3
0
-1
1
-1
-1
3
-4
3
-2
-1
1
-2
-1
1
-4
0
0
-1
0
-1
-1
1
0
1
0
1
-1
1
0
0
-1
0
-1
-1
-1
0
-1
0
-1
0
0
-2
1
-1
0
0
0
1
0
-1
-1
0
-1
-1
0
-1
0
0
0
0
-1
-1
0
0
0
-1
0
0
-1
0
0
-1
0
0
-1
0
-1
0
0
-1
0
1
0
0
-1
0
-1
-1
-1
0
0
0
0
0
-1
0
0
0
0
1
-1
0
1
1
0
-1
0
0
0
0
-1
0
0
-2
3
-4
-1
1
-3
-2
2
-4
3
-3
-1
-1
-3
-1
0
-2
-1
-1
1
3
-3
2
-2
0
-1
-1
1
-2
-1
-1
0
-1
0
-1
0
0
0
0
0
0
0
0
0
-1
-1
0
0
-1
0
-1
-1
-1
1
-1
0
0
-1
1
1
-1
-1
-1
-1
0
0
0
0
0
0
0
0
1
0
0
0
-1
-1
-1
0
0
-1
0
-1
-1
0
0
0
0
0
0
-1
0
-1
0
0
0
0
-1
-2
1
-1
-1
0
0
0
0
-1
0
0
0
0
-1
0
-1
-1
-1
0
0
0
0
-1
0
0
-1
-1
-1
-1
0
0
0
-3
0
0
-1
2
-1
2
-4
-2
0
-1
-2
0
-2
-1
-3
1
1
-3
2
-2
-1
0
0
-1
-1
0
-1
0
1
0
0
0
0
-1
0
0
0
0
0
0
0
1
0
0
1
-1
0
0
0
0
1
-1
0
0
0
0
0
0
0
0
1
-1
1
-1
0
-1
-1
0
-1
0
-1
0
0
0
0
0
0
-1
-1
0
0
-1
0
0
-1
0
0
0
0
0
0
0
0
-1
0
-1
0
-1
-1
1
-2
1
0
-1
0
0
-1
0
0
-1
1
0
-1
-1
-1
0
-1
0
0
0
0
0
-2
0
-2
-1
-1
-2
-2
0
0
1
0
1
0
-4
0
-1
-2
0
-1
0
-2
0
0
0
1
-3
0
1
-1
-1
0
-2
0
0
1
0
0
1
0
0
0
-1
-1
0
0
1
1
0
-1
0
0
0
0
0
0
0
0
0
0
0
-1
0
0
0
0
0
0
-1
0
0
-1
-1
0
0
-1
0
0
0
0
-1
0
0
0
0
-1
0
0
-1
0
-1
0
0
0
0
0
-1
-1
0
0
-1
-1
0
1
-1
0
-1
-1
-1
-1
0
0
0
-1
0
-1
0
-1
0
0
-1
0
-1
0
0
-1
0
0
0
0
0
-2
1
-2
-1
0
-2
-2
3
-2
-1
-1
-1
-1
-2
-2
0
13
-39
9
31
-14
-4
1
0
-2
0
1
-2
3
-3
-3
1
-1
1
-2
0
1
0
-1
0
1
-1
1
1
0
1
0
0
0
0
1
0
-1
0
1
0
-1
-1
0
0
0
0
0
0
0
-1
0
0
0
-1
0
0
-1
-1
-1
-1
0
0
0
0
0
-1
0
0
0
0
0
0
0
0
0
0
-1
0
0
0
-1
-1
-1
0
-1
-1
-1
0
-1
0
0
-1
0
-1
-1
0
0
-1
1
0
-2
0
-1
0
0
-1
-2
0
2
-1
-1
-1
1
2
-5
1
-2
-2
0
0
-2
3
14
-32
-12
38
-16
0
-13
-18
51
-35
20
-8
-1
1
-1
-2
-1
-2
5
-15
12
-2
0
0
-6
15
-16
5
1
-1
-1
3
-3
2
-1
0
0
-1
0
0
0
1
-1
0
0
0
0
0
0
0
0
-1
-1
0
-1
1
-1
-1
-1
-1
0
0
-2
0
-1
-1
-1
-1
-1
0
0
0
-1
0
0
0
0
0
-1
1
0
0
-1
-1
0
-1
0
0
0
0
-1
-1
-1
-1
-1
-1
0
-1
0
-1
0
0
0
0
0
-2
1
-3
1
0
-1
-5
14
-14
7
-1
0
1
-15
14
-6
1
0
0
-1
-2
1
8
-21
34
-53
17
7
0
3
-65
116
-34
-25
4
1
0
2
-2
-2
-2
4
5
-11
6
-1
2
-9
17
-9
-5
5
-1
-1
2
-2
1
-2
-1
0
0
0
-1
2
0
-2
1
-1
-1
-2
1
-1
-1
0
0
-1
0
-1
-1
0
-2
1
-1
-1
-1
0
0
0
0
0
0
-1
0
0
0
1
0
-1
-1
0
-1
0
0
-1
0
0
0
0
0
0
-1
0
1
0
-1
1
-1
-2
-2
1
0
-3
1
-1
-1
-1
0
1
-1
1
-2
1
0
-6
6
8
-17
8
-2
1
-6
10
-6
-4
1
0
0
-4
-1
0
-5
24
33
-118
64
-8
0
-2
-8
18
-18
15
-24
28
-24
18
-15
7
-1
-10
12
-14
15
-15
7
1
-5
-6
14
-16
9
2
-10
14
-17
19
-20
17
-15
10
-3
-4
5
-8
14
-16
17
-17
16
-14
8
-4
-1
4
-10
12
-15
15
-15
12
-11
6
-3
-1
2
-2
1
-2
1
1
0
-1
-1
1
-2
2
-2
1
2
-8
10
-13
14
-17
14
-13
9
-6
-1
4
-8
12
-16
17
-17
16
-14
8
-6
3
2
-11
14
-19
19
-20
16
-14
10
-2
-10
15
-15
6
4
-3
-9
14
-16
14
-13
8
-1
-9
13
-20
22
-27
23
-16
16
-21
6
-2
0
10
21
-53
6
17
-1
0
0
0
-2
-1
-1
-1
-1
-1
0
0
1
-4
0
10
-6
-3
1
0
0
-1
1
0
0
-1
0
0
0
2
-1
-3
1
0
0
-1
0
-1
-1
1
0
0
-1
1
-1
0
0
-1
-1
0
-1
1
-1
-1
-1
0
0
-1
0
1
0
-1
1
0
0
-1
1
0
0
-1
-1
0
0
-2
0
-1
0
-1
0
0
-2
1
0
-1
-2
3
0
-3
-1
-1
-1
1
-1
0
-1
0
1
-2
-1
3
5
-10
1
4
-2
0
-1
-1
-1
-1
-1
0
-1
0
-1
-1
-1
-18
-7
50
-22
-15
0
-6
29
-57
28
0
-1
-1
0
0
0
-1
-1
0
-1
0
0
0
0
-1
-1
7
-9
3
0
-2
0
1
1
1
0
0
0
-1
1
0
1
1
-1
-1
0
0
0
-1
0
0
-1
0
0
-1
0
-1
-1
0
0
0
0
-1
0
0
-1
0
-1
0
0
-1
0
0
0
-1
0
-1
0
0
-1
0
0
0
0
-1
0
-1
0
-1
-1
0
-1
0
0
1
0
-1
-1
2
-1
0
0
-1
0
-1
-1
1
-2
-1
0
-3
8
-9
1
1
-1
-1
0
-1
0
-1
-1
-1
-1
0
0
-1
1
-3
-30
53
-29
0
0
4
43
-83
38
-1
-1
0
1
-2
0
1
-1
-1
1
-1
0
0
1
-3
-6
8
-2
0
-1
0
-1
0
0
-1
1
-1
0
0
0
-1
-1
3
-2
-1
0
-1
0
-1
-1
0
0
0
0
0
0
-1
-1
0
-1
0
0
0
-1
0
-1
0
-1
0
0
-1
-1
-1
0
0
-1
0
0
-1
0
0
0
-1
0
0
-1
0
0
0
-1
0
-1
0
0
1
1
-5
-1
2
-1
-1
-1
0
-1
0
-1
1
0
-1
1
0
2
-9
5
2
-2
-2
-1
0
-1
0
0
-2
-1
1
-2
0
-1
-1
-40
79
-44
-9
0
-3
-3
0
3
3
0
-1
-1
0
1
-1
-1
-1
0
-1
-1
0
0
0
0
-1
-1
0
0
-1
-1
1
-1
0
-1
1
0
-1
-1
0
1
0
0
-1
-1
0
-1
0
1
0
-1
0
0
0
1
0
-1
-1
-1
0
0
-1
-1
-2
0
-1
0
-1
0
0
0
0
1
0
-1
0
0
0
0
-1
0
0
0
-1
-1
0
-1
-1
0
-1
0
-1
0
0
0
-1
-2
-1
1
0
0
-1
-1
0
0
-1
0
-1
-1
-1
0
0
0
-1
0
0
0
0
-1
0
0
-1
-1
-1
0
0
-2
-3
-4
-1
3
1
