-10
-6
1
-6
-6
4
-6
-10
1
4
-6
0
-9
4
-4
-3
-1
-1
-1
-1
1
-2
-1
0
-1
-1
0
-1
0
-1
-1
0
0
0
0
-1
-1
0
0
0
0
1
-1
1
0
-1
0
-2
0
-1
0
-1
-1
-1
-1
-1
-2
-1
-1
0
-1
-1
-1
0
-1
0
-1
0
-1
1
-1
-1
-1
0
0
1
0
0
0
0
1
0
-1
-1
0
1
-1
1
0
-1
1
-1
0
0
0
1
0
0
-1
0
0
0
0
0
1
1
0
0
1
0
0
0
0
-1
-1
7
-4
2
-4
8
3
-6
-2
8
-3
1
5
0
-9
-13
15
1
-55
41
-21
29
-25
-4
34
-51
82
-193
134
-20
4
-3
-3
13
-23
5
6
-4
-2
-1
-1
1
-7
5
-1
-3
2
-1
-1
0
2
-2
0
-1
1
0
-1
1
1
-1
1
0
-1
1
-5
1
0
-2
-1
-1
1
-2
-1
-1
-1
0
0
0
0
0
0
0
0
0
0
-1
1
-2
1
0
1
4
-5
3
0
0
1
0
0
1
0
1
1
0
0
-2
3
0
0
1
2
-2
0
5
-6
2
0
0
0
-4
6
8
-22
13
-2
-2
5
-18
137
-190
85
-50
36
0
-23
32
-17
44
-51
8
21
-4
-7
4
-20
25
-82
61
6
12
-215
269
-57
-48
108
-218
144
-69
37
-3
1
-31
32
-26
25
-9
-3
-4
1
-7
8
-9
5
-5
0
2
-2
1
0
0
-2
2
-1
0
0
1
0
0
-1
1
0
-1
-3
1
-1
-1
-1
1
0
0
-1
0
-1
-1
0
0
0
0
1
-1
0
1
-1
1
0
1
1
-1
0
2
-2
1
1
0
-1
0
1
1
1
0
-1
2
-1
1
0
2
-1
3
0
-5
5
-7
9
-5
1
-2
-2
-7
26
-26
32
-29
3
-2
38
-66
148
-215
111
-43
-54
271
-213
17
9
65
-79
32
-16
12
-9
9
-54
-38
199
-168
18
-22
151
-174
-71
185
52
-246
123
-8
-3
-1
-13
49
-51
31
-27
0
9
-2
-1
-12
18
-6
-7
-1
6
-5
3
-1
-1
1
2
-3
0
1
0
1
0
0
2
0
-3
2
-2
-2
0
0
-2
-1
0
0
-1
-1
0
-1
-1
0
0
0
-1
0
0
0
0
0
1
0
-1
0
1
-2
-1
3
-2
-1
2
-1
2
0
1
1
0
-4
2
2
-1
-2
3
-4
6
0
-5
-6
20
-10
0
-2
9
1
-25
33
-50
51
-12
-1
-2
-4
126
-243
54
188
-67
-172
152
-19
21
-162
202
-30
-48
17
-6
5
-28
34
-74
73
-85
70
-53
54
-137
145
112
-250
72
17
-4
-6
20
-42
31
-37
34
-1
-8
5
-7
-16
24
-12
0
0
0
3
-6
2
3
-1
-2
1
-1
0
0
0
0
1
0
0
1
-7
6
-4
0
-1
-1
0
-2
0
-1
-1
0
-1
0
0
-1
0
0
0
0
1
-1
1
0
2
0
-1
1
-3
6
-7
2
1
1
2
0
0
0
0
0
1
-1
-1
4
3
-6
4
0
0
1
-11
26
-15
-5
6
-7
0
36
-36
32
-42
22
-5
-3
21
77
-247
115
148
-133
56
-51
74
-82
76
-70
41
-22
14
-8
-4
-4
62
-203
70
187
-190
100
-114
199
-197
10
35
111
-171
58
-10
39
-65
-30
136
-74
-11
9
-7
-3
21
-20
-11
16
-7
-1
7
-9
0
4
-2
1
0
0
1
1
0
1
-1
1
2
-9
9
-7
-1
0
-2
0
-4
0
-1
0
-1
-1
-1
-1
-1
0
-1
0
-1
0
-1
0
0
1
-1
1
-1
0
2
-6
10
-8
2
2
-1
1
0
0
1
0
0
0
0
4
0
-8
7
-1
-5
17
-11
-18
22
-1
-6
11
-8
-73
137
-29
-64
40
-8
59
-167
114
38
13
-194
203
-110
102
-185
192
74
-199
69
1
6
-8
-14
17
-15
2
39
-116
164
-290
292
-238
182
-147
155
-142
126
-66
15
8
-22
-113
206
-81
-24
11
-7
8
-13
-1
18
-14
-4
4
-7
8
-7
3
2
-2
1
0
1
0
0
0
-1
1
-1
-1
0
-6
5
-2
0
-1
-1
-1
-1
-1
-1
0
0
-1
-1
-1
1
0
-1
0
0
0
0
1
1
1
1
-1
7
-6
0
0
0
1
1
0
1
1
1
0
1
-1
0
3
-6
10
-5
4
-2
-13
20
0
-12
9
-6
13
-23
-80
208
-114
-20
10
16
-65
129
-138
159
-144
186
-236
295
-288
167
-112
44
5
-6
22
-6
-11
-18
20
-76
133
-18
-196
-24
444
-398
177
-109
28
50
-126
77
-15
12
-32
41
-45
34
4
-27
8
-1
6
-14
-19
45
-20
-5
-4
11
-3
-8
8
-7
6
-1
1
0
0
1
0
-1
-1
4
-6
7
-8
-1
0
-1
-1
-2
-1
0
0
-2
-1
-1
-1
-1
0
-1
0
0
0
0
0
-1
-1
0
1
1
2
1
-7
8
-5
4
0
0
1
-1
0
0
1
-1
5
-5
9
-8
0
11
-4
-4
-19
46
-18
-12
7
-1
9
-25
7
35
-45
44
-30
14
-14
79
-124
52
31
-105
180
-394
445
-18
-192
-16
136
-69
24
-10
-9
-21
26
-99
171
-76
-75
-18
145
-154
173
-119
64
87
-465
378
-61
-3
6
-30
101
-107
-5
33
-4
0
-12
10
-1
-4
7
-12
4
-4
5
-8
7
-3
1
0
0
1
0
0
0
0
-3
4
-8
10
-9
3
-2
0
0
-1
-1
0
-1
-1
0
0
1
-1
0
-1
0
0
0
0
0
0
0
0
1
2
-2
4
-9
9
-7
4
-3
0
1
0
-1
0
0
0
1
-3
7
-7
6
-3
4
-10
8
-3
0
11
-9
1
-4
34
-3
-107
103
-28
7
-3
-60
383
-462
90
68
-117
177
-151
147
-14
-72
-72
174
-93
29
-13
-9
-21
25
-108
179
-130
73
-27
-56
2
71
-57
6
-255
605
-395
40
-5
9
-68
152
-96
3
8
-12
5
8
7
-43
32
-13
11
-17
15
-8
2
1
1
-1
0
1
0
0
1
0
1
0
-3
6
-7
6
-8
3
-3
1
-1
0
-2
0
-1
0
-1
0
-1
-1
-1
1
-1
0
0
0
-1
1
0
2
-2
4
-7
6
-6
7
-3
0
1
1
1
0
0
0
1
0
0
1
3
-6
15
-17
11
-11
34
-42
9
9
6
-11
10
4
-95
154
-67
11
-4
41
-392
607
-252
10
-53
73
5
-54
-23
78
-125
181
-101
30
-12
-6
-26
37
-122
185
-122
45
1
-59
-11
87
-95
95
-410
670
-320
-6
0
2
-51
73
-22
-6
5
-16
3
4
11
-28
19
-12
8
-6
6
-7
7
-9
4
1
0
0
0
0
0
0
0
1
-1
1
-6
6
-5
3
-3
2
-3
1
-2
-1
0
-1
-2
0
-1
0
0
1
0
-1
0
-1
-1
2
-1
2
-2
3
-4
5
-4
2
0
0
0
1
0
0
-1
0
0
2
4
-8
7
-5
8
-6
10
-12
20
-27
13
5
4
-14
6
-5
-21
75
-49
4
2
-5
-316
673
-406
98
-91
91
-7
-57
5
47
-117
188
-114
43
-18
-7
-27
39
-132
193
-31
-105
-70
193
-203
174
-85
39
65
-146
53
-17
4
6
-41
40
52
-81
24
-7
3
-3
13
-14
-10
14
-6
3
-7
8
-12
7
2
-1
-1
1
0
1
0
0
-1
-1
3
-5
5
-6
3
-3
0
-1
1
-1
-1
0
-2
0
1
-2
0
-1
0
0
0
0
-1
1
0
0
1
-1
2
-3
4
-5
5
-4
3
-1
0
1
0
0
1
1
-1
-1
2
7
-11
9
-7
3
-6
15
-9
-13
14
-2
4
-6
25
-79
54
42
-42
8
5
-16
58
-143
69
42
-82
176
-200
194
-65
-102
-26
197
-125
45
-19
-9
-22
33
-97
94
175
-301
-74
252
-95
-10
56
-97
196
-208
21
29
-3
-2
13
0
-34
19
5
-7
2
-5
3
8
-17
9
-10
19
-22
12
-2
-3
3
-1
0
0
1
0
0
1
0
1
0
-1
-1
2
-4
2
-1
0
-1
-1
-1
-1
-2
-1
0
-1
-1
0
-1
-1
0
-1
0
1
0
0
0
1
-1
2
-3
3
0
0
0
0
1
0
0
1
1
0
1
-2
4
-2
-1
12
-22
19
-9
9
-16
8
3
-4
3
-6
7
22
-32
1
14
0
-1
30
24
-205
199
-94
60
-7
-93
254
-68
-296
179
97
-89
38
-15
-11
-9
-7
41
19
-166
87
64
-61
-5
7
-74
47
54
-21
-13
-14
-2
-2
15
-11
-18
12
1
-2
0
-1
0
0
-2
-2
1
2
-4
3
1
0
0
1
0
0
0
0
0
0
1
-1
0
-1
-1
-1
1
-1
-2
0
-3
0
-1
-2
-2
1
0
-1
0
0
-1
-1
-1
1
-1
-1
0
1
-2
2
-1
0
1
1
-1
0
0
0
2
0
0
0
1
0
1
1
1
-1
1
3
-3
2
2
-2
-2
1
2
0
0
-1
3
13
-17
-11
16
-1
0
-13
-9
-17
59
50
-69
11
-1
-58
68
91
-162
23
49
-3
-2
-8
0
-22
10
-4
-5
1
0
-15
4
-5
-14
10
27
-48
13
3
-4
0
0
-4
2
-2
-1
-1
-2
-1
-1
-1
-1
0
-2
1
-1
-1
-1
0
-1
1
0
-1
0
0
1
0
0
0
0
-1
0
-1
0
0
0
-1
-1
0
0
-1
0
0
0
-1
0
0
1
-1
0
1
0
-1
0
0
1
0
0
0
1
-1
1
0
1
0
0
0
0
1
0
-1
0
0
-1
1
1
0
0
1
-1
0
-1
0
1
0
0
0
0
-1
5
-4
1
1
-2
4
17
-45
30
13
-11
-3
8
-13
3
4
0
-1
17
-17
7
-7
-10
2
-8
5
-17
9
-5
-8
12
-24
22
-15
-21
37
-24
0
0
1
-1
-3
0
-4
0
-1
-2
-1
0
0
-3
-1
-1
1
-1
0
1
0
1
0
1
0
0
1
1
0
0
0
0
0
-2
1
-1
-1
0
-1
0
-1
-1
0
-2
0
0
1
-1
0
0
1
-1
-1
-1
0
1
0
0
-1
1
0
-1
2
-1
0
-1
0
0
0
0
0
1
0
1
0
1
0
0
1
0
1
-1
0
-1
1
0
0
-1
0
2
-2
2
-1
0
1
1
0
-22
40
-17
-12
26
-20
15
-6
-1
13
-13
8
0
6
-2
-9
-6
-3
-9
0
-1
-8
-1
0
-3
-3
0
-7
-8
17
-10
-2
-3
1
-3
-1
2
-2
-1
0
-1
0
-1
0
-1
-2
-1
0
0
1
0
0
0
0
0
1
0
1
1
0
0
1
1
-1
-2
-1
-1
-1
-1
-1
0
-2
-1
0
0
0
-1
-2
-1
-1
0
0
0
0
1
0
1
0
-1
0
0
0
-1
0
-1
0
0
1
0
1
0
0
-1
1
0
-1
-1
0
0
0
0
0
0
-1
0
1
0
0
-1
1
0
-1
3
0
-2
2
-1
-1
-7
21
-6
-3
3
0
1
2
2
-4
2
3
-2
3
2
-8
-5
-5
-5
-2
-5
0
-1
-7
5
-9
2
-7
-7
8
-7
0
-1
-2
-2
2
-2
-1
-1
0
-1
0
0
-1
-1
0
-2
0
-1
-1
0
-1
0
0
0
1
1
0
1
0
-1
1
0
-1
-1
-1
0
-1
0
-1
-1
0
-2
-1
-1
0
0
-1
0
0
0
-1
1
0
0
-1
0
1
2
0
1
0
0
0
-1
0
-1
0
0
0
0
0
1
0
0
1
0
0
0
-1
1
0
-1
0
0
0
1
-1
0
1
0
2
-2
3
-1
0
0
1
-5
11
-4
-4
5
-6
9
-6
3
3
-2
0
2
-1
3
-9
-5
-4
-4
-3
-4
2
-4
-1
-1
-10
1
2
3
-19
6
-1
0
-2
-1
0
0
-1
-1
0
0
-1
-1
0
-2
-1
-2
0
0
0
0
0
1
0
0
1
0
1
0
0
1
1
-2
0
-1
-1
-1
0
-1
-1
0
-1
-1
0
-2
-1
-2
-1
0
0
0
0
0
0
0
0
0
0
1
0
1
0
0
-1
0
1
-1
0
-1
1
1
1
0
1
1
-1
0
-1
0
0
0
0
0
0
-1
0
1
0
1
0
0
0
0
1
1
0
0
0
9
-16
6
5
3
-7
3
1
0
5
-1
0
2
0
3
-8
-5
-3
-4
-1
-6
2
-6
2
-3
-2
-1
-1
-2
-3
-1
-1
0
-2
0
-1
0
-1
-1
-1
0
0
-1
0
-1
-1
-2
0
0
0
1
0
0
0
0
1
1
0
0
0
-1
-1
-1
-1
-1
-1
-1
0
-1
0
0
-1
-1
0
-1
-1
-1
0
-2
0
-1
0
0
0
0
1
0
0
0
2
1
0
0
0
1
0
-1
2
-1
1
0
1
0
0
0
1
-1
0
1
0
0
0
0
0
-1
1
1
1
0
0
0
1
-1
0
1
-1
0
0
1
-1
0
1
2
0
-1
5
-4
5
-1
1
2
0
3
-8
-5
-4
-4
0
-1
-4
-5
6
-7
1
-3
-2
0
-5
-1
0
-2
0
-1
0
0
-1
0
-1
-1
-1
-1
0
0
-2
0
0
0
0
0
0
-1
-2
-1
0
1
0
0
0
-1
-1
0
0
-1
-1
-1
0
-1
-1
-1
0
-1
0
-2
0
-1
-2
0
-1
0
-1
1
0
-1
0
0
0
0
0
0
0
0
0
0
0
0
0
0
0
1
0
0
0
0
0
0
0
0
0
0
0
0
-1
1
0
0
0
-1
0
0
0
2
0
0
1
1
0
1
-4
3
0
-1
4
-4
8
-3
-1
1
1
3
1
2
-8
-4
-3
-6
1
-5
-3
-3
2
-1
-2
-1
-5
0
-1
-2
0
-1
-2
0
-1
-1
-1
-1
-2
-1
-1
0
-1
-1
0
0
0
0
0
-1
0
-1
-1
-2
0
0
1
0
0
0
-1
-1
0
-1
-1
-1
-1
1
-1
-1
-1
-1
-1
-1
0
0
0
-1
0
0
1
0
-1
-1
0
0
0
1
0
0
0
0
-1
0
0
0
0
0
1
0
0
0
0
-1
-1
0
0
0
1
0
0
0
0
0
0
-1
0
0
0
0
0
-1
0
0
-1
0
0
0
1
3
-3
2
1
0
3
-1
1
-1
4
0
1
1
-8
-3
-4
-5
2
-3
-4
-3
1
-1
-2
-1
-2
-2
1
-2
0
-1
-1
0
-1
0
-1
-3
-1
-2
-1
-1
0
-1
-1
-1
0
0
0
0
1
1
0
-1
0
0
0
0
-1
0
0
-1
0
0
-1
0
0
0
-1
0
-1
0
-1
-1
-1
0
-1
-1
0
0
0
0
0
0
-1
-1
0
0
0
1
0
0
-1
0
0
0
0
0
0
0
-1
0
0
0
0
-1
1
-1
0
0
0
0
0
0
0
0
0
-1
0
0
0
0
0
-1
0
0
0
-2
5
-1
1
-1
-1
0
2
0
-1
-1
5
0
2
3
-8
-5
-2
-11
8
-6
-3
-3
-1
-2
-1
-2
-2
-4
-2
0
-1
-1
0
-1
-1
1
-1
0
-1
0
-1
-1
-1
-1
0
0
0
1
0
0
0
0
0
0
0
0
0
0
1
1
0
0
0
-2
0
-1
1
0
-1
0
0
-2
0
-1
0
-1
0
-1
0
0
0
0
0
0
0
-1
0
0
1
0
0
0
0
0
1
0
-1
0
0
0
0
0
-1
0
0
0
0
0
0
0
0
0
0
-1
0
0
-1
1
0
0
-1
1
0
-1
1
1
0
2
-1
1
1
0
0
0
1
0
0
-4
11
-4
2
2
-9
-2
-27
21
10
-28
1
-2
-2
-1
0
-6
1
-3
-6
-1
-1
0
-2
-2
2
-3
-3
0
-1
-2
-1
-1
-2
0
-2
-1
-1
0
0
0
0
-1
0
0
0
1
0
1
1
0
0
0
-1
-2
-1
-2
0
0
-1
0
-1
-1
0
-1
-1
-1
-1
0
-1
0
0
-1
0
-1
1
0
0
0
0
0
1
1
-1
0
0
0
0
-1
0
1
0
0
-1
0
0
0
0
0
0
2
-1
-1
0
1
-1
1
0
-1
0
1
-2
0
3
0
-1
1
0
3
-3
-1
5
-2
4
1
-1
1
6
-24
14
27
-23
6
-11
-2
-67
134
-96
16
-7
-1
-5
-1
1
-8
1
-4
0
-5
1
-1
1
-6
0
-1
-1
1
0
-2
-2
1
-4
0
-1
-1
0
-1
0
1
-2
0
0
1
0
1
1
0
0
1
0
0
-1
0
-1
-1
0
0
-1
-1
-2
-1
-1
0
-1
-1
-1
-1
0
0
1
0
1
0
0
0
-1
0
2
0
1
-1
0
0
0
-1
1
0
1
0
1
1
0
0
0
0
-1
1
0
-1
0
0
0
1
-3
2
0
0
1
1
0
-1
2
-5
2
0
1
-2
4
0
4
-5
4
2
-3
2
-3
22
-92
141
-61
7
-4
-13
-39
58
-17
-16
0
-4
-2
-2
0
0
-5
-4
1
-3
-2
0
-4
-1
27
-36
6
3
-4
3
-4
-3
4
-4
-2
0
0
-1
0
0
1
-1
0
0
0
0
-1
1
0
0
0
-1
-1
-2
0
-1
0
-1
-1
1
-1
-1
-1
-1
0
1
0
-1
-1
0
0
-1
0
1
1
0
-1
0
1
1
-1
0
-1
-1
0
1
1
0
1
1
0
1
0
0
0
0
1
1
0
-1
0
0
-1
-3
5
-1
-3
5
-3
4
9
-36
28
0
-3
0
-1
1
5
-1
-2
2
1
0
-1
-1
4
-11
-13
67
-34
-4
-31
30
-34
-63
113
-61
12
-8
-6
9
-18
16
-20
16
-21
8
-4
-4
11
-12
2
-12
18
-23
25
-27
21
-16
7
-3
-5
9
-14
17
-19
14
-13
14
-11
7
-2
-3
8
-11
15
-16
16
-15
13
-10
6
-2
-3
6
-10
9
-11
8
-7
3
-3
1
-1
-1
0
-1
0
1
-2
5
-6
8
-9
11
-9
6
-2
-1
7
-10
14
-15
17
-15
15
-12
8
-2
-1
7
-11
14
-12
15
-17
19
-14
8
-4
-3
9
-15
21
-26
26
-19
19
-9
2
-11
12
-2
-3
12
-16
19
-17
19
-14
13
-4
-4
15
-57
116
-58
-28
36
-11
7
-22
-2
2
-3
-4
-2
-1
-3
-2
-3
-2
-4
-2
-2
-1
0
-2
-4
12
-12
-4
0
0
0
-3
-1
-1
-1
-3
0
0
0
0
1
-3
-1
1
0
1
-1
0
1
1
-1
0
0
-1
-1
-1
0
-1
0
-1
0
-1
0
-1
-1
-1
-1
-1
-1
0
0
-1
0
0
0
0
0
0
1
1
0
0
1
0
0
-1
1
1
-1
2
0
0
0
1
-1
1
1
-2
2
2
0
0
1
-1
1
0
0
-2
1
2
1
-2
-11
13
-2
-1
1
-1
1
0
0
1
1
1
0
0
-1
-1
2
5
3
-17
15
-6
-14
7
3
-24
6
-4
-3
0
-4
-2
-2
-2
-4
-1
-4
0
0
0
1
-8
7
-9
3
-2
-2
0
-2
-1
0
-1
-2
0
0
0
2
-3
2
1
0
0
1
0
1
0
1
-1
2
0
0
0
0
-1
-1
0
-1
-1
0
-1
0
0
0
-1
0
0
0
0
0
0
0
1
1
0
-1
2
0
-1
1
1
1
0
1
0
1
0
0
1
0
0
1
0
2
-3
3
0
0
0
-1
1
-1
-1
1
0
0
0
5
-7
8
-7
1
0
1
0
1
1
0
1
1
0
0
1
1
-1
11
-21
11
13
-6
-12
-2
19
-41
-2
7
-2
-2
-1
0
-3
-2
-3
-2
-3
-2
-1
0
-1
-3
-2
-2
3
-1
-2
-1
-1
0
-1
-1
-2
0
0
-1
-1
2
-2
2
-2
0
0
0
0
0
0
-1
1
0
0
0
-1
0
0
-1
0
-1
-1
-1
0
-1
-1
0
-1
-1
-1
0
0
0
0
-1
0
0
0
1
-1
0
1
0
-1
0
0
0
0
0
1
0
0
-1
1
0
-1
1
-2
2
0
0
0
0
-1
0
0
1
0
0
-1
-1
4
-1
-1
-1
0
-1
0
0
0
0
0
3
0
1
1
0
1
12
0
-35
24
6
2
-2
-4
-7
-5
-3
0
0
-1
-2
-1
-1
-2
-3
-1
-1
0
-2
-1
-1
0
-1
-1
-1
0
-1
-1
-1
-1
-2
-2
0
0
1
-1
-1
0
1
1
-1
-1
-1
0
1
0
1
0
-1
-1
-1
-1
0
0
0
0
-1
0
0
0
-1
-1
-2
-1
0
0
0
0
-1
0
0
0
0
1
1
0
1
1
0
0
-1
0
0
0
0
0
1
0
0
0
0
2
1
0
-1
0
1
0
0
0
-1
0
0
0
0
0
-1
-1
1
1
0
0
-1
0
1
1
0
1
2
1
-1
0
1
3
1
-3
-2
0
3
