0
1
9
-10
9
-14
9
0
2
-2
-10
14
-1
17
-58
38
-9
6
-23
57
-99
78
-10
-6
-12
9
13
-8
-18
21
-2
-14
10
6
-25
15
5
-11
13
-6
-6
2
2
-2
-2
4
1
-7
-6
9
-8
6
16
-23
7
-7
13
-13
4
-3
1
0
-1
0
0
-1
1
-1
-2
3
-6
12
-13
6
-8
22
-17
-7
8
-10
5
5
-2
-5
1
1
-2
-2
5
4
-14
11
-6
-17
24
-8
-10
12
2
-21
18
8
-14
-11
11
5
9
-78
99
-58
23
-8
8
-40
57
-18
-1
-15
10
0
-3
0
-10
14
-12
8
-11
-6
0
30
-25
6
-5
14
-16
5
3
-2
-9
13
19
29
-186
154
-13
-10
-44
93
-107
60
3
11
-23
-4
-12
26
8
-12
-6
-7
25
-15
-20
29
-5
-22
20
-6
5
-8
1
5
-7
6
-8
-2
23
-21
-2
28
-47
29
-9
-1
14
-14
-1
3
1
-1
-1
0
0
-1
-1
1
-1
-3
-1
13
-16
0
10
-29
47
-30
1
20
-23
2
8
-7
7
-5
-3
6
-6
4
-20
22
4
-29
19
13
-25
4
6
13
-9
-27
12
4
22
-10
-3
-60
107
-93
44
11
13
-157
183
-31
-21
-15
8
0
-4
-5
15
-15
3
-8
24
-34
0
20
-20
6
-2
-8
-3
13
4
-15
14
6
-7
-38
-24
82
-21
-29
56
-35
28
-101
101
-20
-29
34
0
-23
-3
22
-13
-7
17
-31
57
-46
20
-12
-5
2
13
-15
3
-2
2
-2
4
-10
5
17
-15
-14
4
19
-27
46
-52
13
5
7
-10
2
0
0
0
-1
-1
-3
9
-8
-5
-14
52
-46
25
-21
-4
14
15
-17
-5
9
-6
0
-3
1
-4
13
-14
-2
4
9
-21
44
-57
30
-18
5
12
-22
3
22
0
-34
28
20
-101
101
-28
35
-56
30
21
-84
22
36
4
-7
-16
15
-5
-13
2
7
-1
-9
18
-25
0
-17
28
-8
9
-31
18
3
-11
4
1
-11
6
116
-213
102
-9
21
-19
82
-139
58
-4
-3
37
-60
58
-16
-42
62
-54
37
-14
12
-40
38
-7
-14
20
-9
-10
5
4
-10
13
-7
-8
6
-1
-1
5
0
-34
73
-65
30
-14
5
-2
-2
1
-2
0
-1
0
-1
-1
2
-2
1
1
-7
14
-31
64
-74
33
-1
-4
1
0
-6
8
5
-15
8
-4
-6
9
9
-21
13
6
-39
39
-12
13
-37
55
-63
41
15
-60
60
-38
3
4
-59
138
-82
19
-22
8
-103
212
-117
-8
10
-3
-6
11
-4
-20
29
-11
6
-30
13
0
-4
-25
32
-27
29
-11
-4
-15
23
-8
-17
17
13
24
-38
-22
10
26
-17
43
-72
-2
19
1
83
-124
46
12
-21
0
17
11
-14
0
-11
8
-7
25
-16
4
-16
24
-27
18
-2
0
-8
4
-5
8
-19
1
21
-5
-16
17
-10
1
2
-1
0
-2
1
0
-3
2
-1
0
-2
-3
10
-18
15
4
-20
-2
17
-9
3
-5
7
-1
0
-18
25
-24
15
-5
15
-26
6
-9
11
-2
12
-12
-17
-1
22
-11
-46
124
-83
-1
-19
2
72
-43
16
-27
-12
21
36
-26
-14
-18
15
6
-25
15
2
9
-30
25
-35
24
-1
0
16
-22
40
23
-87
22
14
19
-27
5
42
-30
-142
145
39
-39
-11
-7
-1
27
-1
-44
-9
40
-33
59
-15
29
-70
-5
44
-6
-9
5
-3
-17
16
7
-8
2
-12
19
-20
9
-4
3
-9
-11
34
-19
-13
-10
73
-57
10
1
-10
4
-1
0
1
0
0
0
0
-1
-1
0
0
-4
9
-2
-11
57
-73
10
13
18
-35
11
7
-5
2
-9
17
-20
9
-3
8
-9
-17
15
1
-5
8
6
-45
4
71
-29
15
-60
33
-41
10
44
1
-27
-1
6
11
39
-38
-147
140
28
-44
-6
27
-20
-15
-22
86
-25
-42
20
-19
0
9
3
-26
45
-44
15
-3
-8
15
-18
11
-60
126
-33
-51
30
-19
19
-55
-11
92
-67
47
-50
39
23
-67
37
14
-55
52
-28
11
10
-25
10
25
-45
28
-9
-1
6
2
-12
14
-9
-1
10
-21
23
-23
3
21
-15
19
-22
-1
8
-3
-1
1
-1
0
0
0
0
-1
1
2
-8
-1
21
-20
15
-22
-4
23
-23
21
-10
0
8
-15
12
-4
-8
1
8
-29
44
-27
-11
25
-11
-11
28
-53
55
-14
-37
66
-24
-40
50
-46
67
-93
11
54
-21
18
-30
51
31
-127
59
-12
15
-17
8
3
-16
42
-46
23
-5
-14
0
-42
71
-44
0
-12
38
-20
1
0
5
-24
-6
67
-58
31
-40
4
43
-29
-16
26
4
-9
6
-2
-20
12
-30
61
-29
11
-13
-5
27
-41
32
-13
-2
8
-9
1
-4
-1
15
-18
4
3
-10
19
-11
-5
-1
28
-28
0
2
-10
15
-12
1
0
-1
0
0
-1
-1
-1
-2
10
-16
9
-4
-2
28
-29
1
5
11
-21
10
-4
-4
16
-14
-2
2
-3
8
-10
1
13
-33
41
-27
5
12
-11
28
-61
30
-12
18
1
-6
8
-4
-26
16
29
-44
-5
40
-33
57
-69
5
23
-5
-3
-1
19
-39
11
-2
41
-73
38
0
-10
39
-43
97
-128
33
26
-9
5
-17
23
-86
153
-79
-12
23
-30
10
14
7
-60
84
-55
23
-11
12
30
-67
26
13
-6
-2
-3
-6
7
5
0
-19
15
-6
6
1
-1
-7
2
2
-1
-20
24
-2
-10
7
-4
7
-16
8
-2
1
0
-1
-1
1
0
0
0
-2
1
1
-1
-2
3
-9
15
-8
3
-7
9
2
-26
19
-1
-3
-4
5
-1
0
-7
5
-16
18
0
-6
-8
6
2
1
5
-14
-27
66
-31
-12
10
-22
57
-85
59
-7
-14
-11
30
-24
12
78
-155
84
-25
16
-7
9
-26
-35
127
-98
40
-40
5
0
12
-28
29
-12
-35
24
10
22
-52
55
-84
120
-118
95
-102
101
-45
29
-71
156
-283
235
-89
65
-45
4
8
-46
61
-16
-17
19
-20
35
-23
-10
21
-30
25
-1
-10
11
-14
8
2
-11
11
3
-13
7
6
-16
8
1
-16
20
-5
-4
-1
3
-1
-1
2
0
-2
1
1
-4
1
3
5
-20
16
-3
-9
15
-6
-8
13
-3
-12
11
-2
-9
14
-10
10
0
-27
29
-22
9
22
-36
19
-20
16
17
-62
45
-6
-4
46
-66
89
-237
284
-157
71
-29
44
-101
100
-96
117
-122
82
-56
50
-23
-9
-25
34
11
-33
27
-17
0
-7
7
-6
-13
54
-73
40
-15
3
3
10
-123
217
-117
23
-7
-7
41
-170
264
-259
165
-17
-40
46
-63
59
-39
15
-11
9
8
3
-28
36
-23
-12
33
-18
6
-11
7
2
-6
10
-10
-6
12
1
-12
2
22
-23
1
4
8
-10
-1
1
2
-3
1
-1
0
0
-2
1
-2
-2
1
9
-10
-4
-2
23
-22
-4
13
-1
-13
6
9
-10
6
-4
-8
10
-7
18
-34
13
23
-37
28
-3
-9
-8
10
-15
40
-59
64
-45
39
17
-165
258
-264
169
-43
6
6
-24
115
-218
121
-10
-6
-6
14
-41
71
-56
12
3
-8
3
0
33
-7
-18
-6
46
-31
-4
-13
39
-27
-39
147
-186
89
-8
-6
7
1
13
-45
45
-16
-5
-41
62
-18
8
10
-18
-16
25
-5
1
-18
20
1
-8
-8
9
0
-5
10
-11
2
-1
-4
-5
16
-10
6
-18
20
-8
12
-20
9
0
-2
-1
1
-2
-1
0
0
-1
0
2
-2
1
1
-1
-9
19
-13
8
-21
18
-6
10
-16
3
2
0
-4
9
-11
3
0
-9
7
5
-2
-19
16
-2
5
-25
16
18
-11
-9
18
-63
40
4
15
-45
45
-14
-2
-8
6
7
-91
184
-149
38
26
-40
13
4
30
-47
3
16
6
-37
0
5
-36
36
-69
126
-90
26
3
-38
57
-25
-23
58
-86
52
-29
34
18
-24
-86
134
-75
57
-86
67
-17
9
32
-79
46
-25
28
-14
13
-27
27
-7
-10
-1
3
3
-4
-3
3
8
-6
-10
8
6
0
-10
-6
17
-12
11
-15
7
3
-5
-2
2
-1
0
0
0
1
-2
1
4
-4
-7
14
-12
12
-18
6
9
1
-7
-9
11
5
-9
-4
2
4
-4
-5
0
9
7
-27
27
-13
13
-29
24
-46
79
-33
-9
16
-68
86
-59
75
-133
86
24
-19
-35
28
-52
85
-60
22
24
-59
36
-4
-26
89
-127
67
-39
36
-10
0
-17
-16
15
-5
-30
90
-73
16
-11
-24
35
10
28
-51
21
-9
-3
-19
-14
59
-14
-14
2
17
-2
-47
13
28
-18
3
10
12
-20
-14
30
-14
-8
3
12
-17
7
2
1
-12
2
13
-14
5
5
5
-34
35
-18
-2
18
-14
4
-2
-4
3
2
-3
-1
0
0
2
-4
-3
4
1
-5
13
-19
1
18
-35
33
-6
-6
-6
12
-14
-2
11
-2
-3
-8
17
-14
-5
7
13
-31
13
19
-13
-10
-3
17
-28
-14
46
2
-17
-1
14
15
-60
13
19
3
8
-22
49
-30
-10
-37
22
8
-17
72
-91
30
5
-17
14
13
0
87
-66
4
86
-224
161
-15
19
-20
-12
-28
130
-188
138
-61
26
-17
-2
-13
52
-32
11
-16
0
5
23
-24
11
-10
-4
11
-9
4
7
-10
4
-9
13
1
-13
10
1
-11
5
6
-8
-3
13
-2
-13
15
-25
28
-14
2
0
-2
1
-3
2
0
0
-1
0
0
0
0
-3
3
-1
1
-1
-2
12
-30
24
-15
12
2
-13
3
7
-6
-5
11
-2
-11
12
-2
-13
8
-4
9
-7
-6
9
-12
4
9
-12
25
-23
-6
-1
15
-11
31
-52
11
0
18
-26
61
-140
187
-133
26
11
18
-20
14
-161
223
-87
-7
65
-91
0
36
-73
48
-122
255
-180
33
-7
19
18
-46
5
-10
37
1
-45
30
-8
-38
104
-99
45
18
-45
30
-56
72
-22
-2
-5
0
13
-16
3
0
2
-15
30
-13
-10
8
-4
15
-34
27
-3
-10
0
5
2
-7
8
0
-10
3
10
-9
2
-3
1
0
0
0
0
0
0
0
-1
1
-2
8
-11
-3
10
0
-9
8
-2
-6
0
10
1
-27
33
-15
4
-8
9
13
-31
15
-2
-1
-5
16
-13
1
5
2
22
-73
55
-30
44
-20
-45
99
-103
39
8
-29
45
-2
-38
8
-7
44
-20
-21
6
-34
179
-257
121
-50
72
-40
0
6
-50
15
44
-64
41
8
-5
-16
15
-81
92
-31
17
-2
-11
10
1
-24
29
-26
11
14
-12
0
22
-37
13
5
0
-2
-2
3
-4
3
-3
5
-12
20
-17
-7
12
-1
-3
10
-14
8
-1
-4
16
-30
22
-12
-4
10
-8
5
3
-3
1
-2
1
0
0
-1
-1
1
-1
2
-3
-4
8
-12
3
12
-23
30
-16
3
1
-8
14
-11
2
0
-14
6
16
-20
12
-7
3
-4
4
-4
2
3
0
-5
-13
36
-23
0
11
-15
-12
25
-28
24
-1
-11
11
0
-18
30
-93
79
-17
14
4
-9
-41
63
-45
-17
49
-10
0
45
-69
49
-24
5
-14
15
-5
-4
24
-11
-6
-16
12
3
1
-10
16
-19
12
3
-9
17
-21
9
-2
10
0
-14
11
-6
9
-6
0
-2
-13
18
0
-1
-6
0
-4
5
-10
8
-4
-3
10
4
-18
15
-14
6
-4
11
-15
13
-10
2
1
-2
0
-1
0
0
-1
1
-1
-3
9
-16
14
-11
4
-7
14
-16
18
-5
-10
2
3
-9
9
-5
3
-2
5
0
-2
-19
13
0
-1
6
-10
6
-11
14
0
-10
1
-10
20
-16
7
-3
-12
19
-17
10
-1
-5
-13
15
4
11
-26
3
4
-16
12
-7
23
-53
66
-50
0
-5
-10
-2
17
-26
23
-11
15
-14
-7
0
10
4
-15
8
1
-11
14
-4
-7
9
-4
0
-8
6
-2
11
-5
-2
-1
-3
5
4
-12
9
-3
-15
25
-8
-8
7
-5
-1
3
3
-8
4
6
-14
22
-18
14
-19
13
-4
-5
6
1
-1
-3
1
1
-1
0
-1
-1
0
2
1
-2
-6
4
3
-14
19
-15
17
-23
14
-6
-4
8
-2
-4
-1
5
-8
7
7
-26
14
3
-10
11
-5
-5
3
1
1
5
-10
2
-7
8
-2
3
-9
6
3
-13
9
-1
-9
14
-7
-12
-3
5
11
-17
9
-24
25
-20
0
8
1
0
5
-2
-12
22
-9
10
-18
3
6
-4
-2
-5
12
-9
2
-3
-2
1
3
2
-7
1
6
-5
-5
6
-9
21
-17
1
4
-5
9
8
-21
5
9
-9
8
-10
1
5
-5
6
-7
6
-8
13
-17
3
16
-19
5
8
-8
5
-4
-4
1
2
-2
0
1
0
0
-1
3
-2
-2
2
2
-6
8
-8
-6
18
-16
-4
17
-14
6
-6
5
-5
4
-6
-2
9
-9
8
-10
-5
20
-9
-10
5
-4
-1
17
-22
9
-6
6
5
-5
-3
6
-4
-5
-2
1
2
-4
8
-13
4
2
1
-8
-4
17
-11
7
-23
10
0
-9
0
0
-1
3
-8
10
-6
4
-3
-4
4
1
-13
17
-14
6
-4
3
-1
-1
1
3
-5
4
-1
2
-1
5
-1
-3
4
-7
11
-2
-2
-15
25
-19
13
-12
4
3
-14
15
-10
4
1
-3
0
-9
10
0
-17
18
3
-22
12
2
0
-1
2
-4
1
1
0
0
-1
2
-2
0
0
-1
-12
20
-4
-18
16
0
-11
7
0
2
-2
-6
9
-15
13
-3
-5
11
-13
18
-26
14
1
2
-12
8
-4
3
0
-4
1
-2
0
-3
5
-2
-1
0
1
-3
4
-8
13
-19
11
-3
-6
2
3
-5
3
-13
7
-6
0
-4
0
-30
13
1
14
-27
13
3
-4
4
-9
19
-16
-12
19
-9
-1
9
-4
-1
-2
8
-15
18
-11
1
8
-8
0
-6
19
-16
12
-10
10
-11
7
-5
2
6
-14
8
2
3
-5
-3
2
-5
-1
7
-8
13
-5
-11
13
-9
2
-3
0
1
1
-2
1
0
0
-1
-1
1
-2
-1
-1
3
-3
8
-15
12
4
-14
8
-7
1
4
-3
1
4
-3
-2
-9
13
-7
-2
4
-7
12
-11
9
-12
16
-19
6
0
7
-8
-1
11
-18
14
-8
1
1
4
-10
1
9
-20
10
15
-20
8
-4
3
-3
-15
26
-16
-2
-13
26
0
-38
18
5
-12
16
-11
-1
11
-9
1
0
-11
16
-10
-4
8
-1
-6
6
0
-8
8
-3
-5
9
5
-3
-15
9
1
4
-8
12
-11
1
1
1
1
-6
9
-9
-2
10
-6
-4
13
-17
16
-8
-8
11
-6
8
-15
6
-5
10
-8
3
-2
-1
0
1
0
-1
-1
0
2
-3
7
-11
5
-7
13
-9
5
-10
7
7
-16
18
-14
3
6
-11
1
8
-9
5
-2
-2
-2
-2
11
-13
8
-5
-1
-11
14
2
-5
-10
5
3
-8
7
0
-7
5
0
-8
3
9
-18
10
-2
-4
6
-11
1
11
-17
10
-8
-20
34
0
0
-3
2
-5
1
2
-1
-4
2
0
15
-28
5
7
-5
1
1
-1
-7
6
-1
1
7
-10
-1
9
-10
8
-7
0
3
-4
4
-1
0
-3
6
2
-11
4
3
-3
-3
1
-1
-4
6
-3
-5
13
-11
-7
13
-4
-11
9
-3
3
-3
-1
0
-1
0
0
0
-1
1
0
3
-4
2
-10
12
3
-15
6
10
-13
5
2
-8
4
0
-1
2
2
-4
-5
10
-2
-7
1
0
0
-4
3
-4
0
7
-8
9
-9
0
9
-8
-1
1
-7
7
-1
-2
-2
3
-9
-7
25
-16
-2
-3
4
1
-3
-2
3
-6
2
-4
0
-9
9
1
0
-11
12
-7
8
-2
-4
-8
17
-7
0
-6
9
-13
8
-7
15
-8
-2
1
3
-2
-9
16
-8
-3
0
5
5
-11
10
-13
10
-5
3
-4
5
-11
14
-19
13
-1
-1
-6
3
11
-17
8
-5
-1
14
-19
4
2
-2
4
-4
0
0
1
0
0
0
0
3
-4
1
-4
-4
19
-15
-1
4
-9
16
-10
-4
4
1
0
-13
18
-16
9
-6
3
-6
5
-11
12
-11
11
-6
-5
0
2
8
-16
8
3
-3
-1
2
8
-15
5
-8
13
-10
6
-3
7
-19
6
4
0
-8
7
-13
11
-1
-3
-10
6
0
-13
13
-12
14
-17
11
1
-5
-3
1
-2
5
-10
11
-10
9
-8
3
6
-4
-6
6
3
-4
0
4
-5
5
-1
-4
6
-3
-1
-5
18
-35
24
-5
11
-4
-14
6
2
-2
6
-3
-4
3
-3
6
-12
3
-2
8
-10
7
1
-4
2
0
-2
0
-1
0
1
-1
0
0
-2
3
-1
-8
10
-8
1
-4
12
-6
2
-3
3
3
-7
1
-2
-5
14
3
-11
4
-24
35
-19
4
0
2
-6
4
1
-6
6
-5
0
4
-3
-6
6
4
-7
-3
7
-9
10
-12
9
-6
1
-3
0
4
-2
-12
17
-14
9
-13
8
0
-57
43
-10
7
-5
4
-5
1
1
-8
8
-4
1
3
4
-13
8
0
-2
-4
12
-9
2
-5
1
14
-14
-2
12
-23
22
-9
-9
12
5
-13
2
4
-6
5
-3
-3
-2
10
-14
7
-2
4
-6
1
-1
4
-4
2
4
-7
1
-4
3
-3
1
-1
0
0
-1
0
-1
2
-5
3
-3
6
-4
-3
3
-5
0
-1
5
-5
0
-8
14
-11
1
2
1
-6
7
-6
-3
12
-5
-14
9
8
-23
22
-14
3
14
-15
-2
4
-3
8
-11
4
1
0
-8
12
-5
-5
-2
3
-10
4
-3
-1
5
-5
4
-8
10
-44
53
0
-2
0
1
-8
20
-21
9
-2
7
-15
2
7
-5
4
-4
-2
5
-2
2
3
-12
8
6
-11
4
-1
2
4
2
-7
0
8
-14
7
0
11
-12
4
-4
-19
27
-5
-3
0
2
-8
14
-8
-17
12
0
12
2
-11
-6
9
-4
2
-2
1
-2
0
0
0
0
-1
2
-1
1
-3
3
-10
5
11
-1
-13
0
-12
18
7
-15
8
-2
-1
1
4
-28
18
4
-4
11
-12
-1
-8
13
-9
0
6
-1
-4
-2
1
-4
11
-5
-9
12
-3
-1
2
-4
1
3
-5
4
-8
-4
14
-9
2
-11
20
-21
7
-3
-1
-4
0
3
-3
5
-8
0
3
-7
8
-2
0
0
2
-7
-13
25
-17
7
0
-3
12
-12
-1
5
-7
11
1
-8
4
0
-13
16
-4
-8
10
-14
10
-13
18
-10
10
-4
-15
16
-5
-4
-3
7
4
-11
15
-19
-1
18
-15
-4
13
-6
-2
4
-4
3
-2
0
0
-1
0
-2
4
-4
1
6
-14
4
14
-18
0
19
-17
10
-4
-7
2
3
4
-16
14
3
-11
11
-18
13
-11
14
-12
6
3
-16
12
1
-4
6
-1
-11
6
-6
1
12
-12
2
0
-8
17
-25
12
6
-4
-1
-2
0
-10
6
-5
-1
6
-7
3
-8
0
21
-13
7
2
-6
3
-4
2
0
-4
-9
13
-6
9
-12
-1
-8
13
-2
-3
4
3
-4
-9
9
-1
4
-11
8
-4
2
5
-2
1
-13
23
-15
-6
11
-16
15
6
-23
16
-1
-11
6
2
-4
-2
25
-24
-4
5
6
-1
-4
-4
7
-1
-2
-1
-2
0
1
0
0
0
-6
3
5
0
-6
-6
4
23
-25
1
5
-3
-7
10
0
-17
21
-6
-16
15
-12
5
14
-24
13
-2
1
-6
-1
4
-7
10
-6
0
-8
8
3
-3
-4
3
3
-14
8
0
10
-11
3
-15
7
2
-1
-3
2
-4
6
-3
-10
11
-25
0
-50
127
-127
34
8
-6
16
-17
1
1
-5
-4
-76
258
-211
43
-32
19
16
2
-29
42
-8
-102
105
-31
20
-8
12
-21
7
-3
-7
-1
13
0
0
-10
8
1
-11
6
0
-3
-7
12
-5
3
-34
53
-18
-13
-9
16
11
-26
12
-2
-1
-5
10
-2
-1
0
1
1
-10
5
0
2
-13
25
-11
-17
8
13
18
-54
33
-4
4
-13
4
3
-1
-7
11
-3
-8
9
-2
1
-13
1
6
2
-8
20
-13
8
-19
30
-107
101
7
-42
30
-2
-17
-21
32
-44
210
-259
74
3
2
-2
-3
15
-17
4
-10
-36
124
-128
45
0
0
-3
-5
-2
1
4
2
-1
-6
-1
6
9
-1
-16
-18
-1
17
16
-2
-13
-6
9
12
1
-10
-11
-2
5
5
-1
-4
2
7
2
-8
-9
0
7
3
-5
-4
3
4
-2
-5
1
5
0
-6
-5
3
4
0
-4
-3
0
0
2
0
0
-2
-1
-1
0
0
0
0
0
-2
-1
-1
-1
2
4
-1
-5
-4
4
6
0
-6
-3
4
2
-6
-5
3
3
-3
-8
-1
9
7
-3
-7
-2
2
0
-6
-5
2
11
10
-1
-13
-11
6
14
2
-18
-17
1
17
16
-1
-10
-8
0
2
1
-4
-6
-3
1
3
1
-2
