-9
-6
-3
-6
-1
-4
-2
-3
2
-4
-3
0
-2
-4
-2
-1
1
-4
2
1
-3
8
-12
0
0
-2
3
-5
2
-2
-1
1
-1
0
-1
0
0
0
-1
2
0
1
1
1
0
0
0
1
-2
0
-2
0
-1
0
-2
0
-1
-1
-1
-1
0
-2
-1
0
0
0
0
0
0
1
-1
1
0
1
-1
0
0
1
-2
1
-1
1
0
0
0
0
1
0
0
0
-2
1
0
1
-1
-1
-1
1
-1
-1
2
-4
3
0
2
2
-11
9
-3
2
2
-3
2
0
2
-3
1
4
0
-1
3
0
0
0
2
1
1
3
-8
-6
-3
-6
-1
-2
-7
0
-1
0
-3
-7
8
-9
-3
-1
-3
9
-11
8
-12
-2
0
2
0
-2
-2
0
-2
-1
-2
-1
1
-4
4
-3
0
0
0
1
-1
0
0
1
0
1
-1
1
0
-3
1
-1
-1
1
0
-2
-1
-1
0
0
0
0
-1
0
0
0
0
0
1
1
0
0
0
0
1
1
-1
-2
2
-1
1
1
0
1
1
1
0
0
0
2
1
1
1
-1
5
-3
1
1
-2
-1
-2
3
0
-1
1
2
1
1
-10
9
-10
11
-2
1
-1
-5
11
-5
-1
3
0
3
-4
2
2
1
1
2
-8
-6
-6
-4
-4
-4
0
-1
-6
1
-6
-8
21
-17
-8
-1
9
-2
-7
10
0
-17
9
-5
5
-3
-4
4
-3
-4
-4
0
-2
1
1
-2
1
0
0
0
-1
1
0
0
1
-2
1
0
-1
-1
-1
-2
1
-1
0
-1
-1
-1
-1
1
0
-2
0
-1
0
0
1
-1
0
-1
0
0
0
0
1
-1
3
-1
1
0
0
0
1
-1
1
-1
1
0
0
0
0
1
0
-1
2
2
-2
1
-3
-3
-3
5
-3
-2
6
-5
10
-17
0
11
-6
-2
10
1
-5
-15
24
-4
-4
4
-4
3
3
-1
0
3
-1
2
-9
2
-15
-4
7
-51
78
-85
78
-75
27
26
-50
43
-56
54
-48
34
20
-81
92
-87
72
-48
36
-17
-35
43
-40
59
-55
23
-20
20
-17
4
9
-15
18
-11
-1
5
-5
3
-4
5
3
-1
-1
-14
23
-22
11
-6
1
0
0
-1
-1
-2
-1
0
-1
-1
0
0
0
1
0
-2
-1
1
1
0
2
-6
11
-20
24
-14
0
-1
3
6
-4
2
-6
5
0
-10
19
-14
9
4
-16
20
-20
24
-54
61
-39
44
-34
-15
37
-45
73
-88
93
-80
21
36
-47
58
-52
45
-47
28
30
-71
80
-81
80
-46
10
5
-10
9
-8
-1
-15
6
-7
-29
41
-44
45
-2
-34
-50
86
-82
92
-106
87
-89
145
-199
165
-138
161
-179
154
-81
32
-53
46
-14
-9
38
-55
15
13
6
-20
31
-37
39
-42
35
-17
-3
5
2
-7
12
-2
-23
26
-1
-13
3
0
-3
1
-1
0
-1
-1
0
0
0
-1
-1
0
0
0
-1
1
0
1
-2
2
4
-12
0
25
-23
-1
11
-6
1
6
-3
-16
33
-41
40
-37
31
-21
6
14
15
-55
40
-9
-13
47
-51
33
-79
156
-179
162
-137
165
-197
147
-87
88
-103
95
-78
90
-46
-31
2
47
-40
46
-25
-4
14
-11
8
-10
4
-23
14
-20
27
-51
58
-88
118
-140
165
-194
140
-105
81
-94
148
-144
125
-165
180
-160
142
-133
70
-37
57
-76
89
-84
60
-65
86
-78
41
-21
10
-22
47
-43
34
-27
7
3
6
-18
26
-13
-12
11
5
-16
17
-15
2
2
-4
0
-1
0
-1
0
-1
0
-1
1
0
1
0
0
-3
3
5
-14
17
-15
5
13
-12
-12
26
-17
7
3
5
-29
34
-43
48
-22
10
-22
43
-77
86
-65
61
-83
88
-76
57
-35
71
-133
144
-159
180
-163
126
-142
150
-93
84
-102
144
-190
170
-135
121
-87
61
-46
32
-17
22
-18
12
-8
5
-25
17
-28
80
-139
123
-144
178
-178
243
-326
239
-179
198
-214
221
-246
190
-115
132
-171
148
-152
210
-215
128
-69
72
-98
125
-117
42
-8
18
-16
42
-68
77
-87
64
-40
47
-50
33
-17
13
-6
9
-19
17
-20
17
-7
3
-4
1
-2
2
-2
-1
0
0
-1
0
1
0
-2
3
-1
2
-3
4
-5
16
-18
18
-19
8
-5
11
-17
34
-50
48
-40
64
-87
78
-67
42
-15
20
-7
44
-117
126
-98
73
-68
128
-215
211
-151
149
-170
134
-114
192
-246
222
-213
202
-176
243
-323
246
-174
182
-142
127
-135
83
-25
24
-21
13
-9
8
-31
18
-22
66
-128
94
-59
104
-172
253
-347
246
-166
222
-241
162
-156
239
-245
226
-271
235
-210
200
-170
131
-82
86
-94
93
-147
119
-36
13
4
3
-14
29
-75
80
-46
13
8
-18
37
-25
-3
0
-4
16
-26
9
2
-2
-2
-1
0
-4
0
-1
1
-1
-1
-1
0
-1
1
-3
2
-1
-1
0
4
9
-25
16
-4
1
-2
-24
37
-17
8
14
-45
80
-75
29
-14
3
4
13
-35
120
-147
94
-94
86
-82
132
-168
203
-209
237
-270
230
-244
241
-154
162
-240
226
-163
249
-344
256
-168
107
-56
98
-124
70
-19
26
-26
16
-9
8
-33
13
-15
4
-1
-93
222
-131
-49
81
-74
-33
196
-206
136
-139
186
-231
223
-180
125
-147
194
-186
136
-94
16
24
-55
48
53
-81
23
15
-20
36
-85
108
-64
38
-60
47
-5
7
-41
47
-19
5
-7
-9
9
1
1
-3
1
-3
-1
-3
0
-1
-1
1
-1
0
-1
0
0
-2
2
0
1
-2
3
1
9
-8
-6
6
-18
47
-40
6
-4
46
-59
38
-64
109
-84
36
-19
15
23
-80
53
50
-54
24
17
-94
138
-186
196
-146
128
-179
225
-229
187
-140
137
-204
199
-28
-70
84
-47
-129
224
-89
3
7
-12
21
-27
16
-8
1
-22
1
-2
-34
112
-160
179
-161
106
-104
113
-71
-135
287
-354
263
-17
-34
-28
9
55
-124
88
-79
146
-179
60
51
-58
111
-97
19
-14
3
6
-32
48
-69
77
-36
31
-15
-21
25
-24
8
-11
24
-30
22
-10
0
2
-7
3
-1
-2
2
-1
0
0
0
0
0
0
0
0
5
-2
0
4
-7
2
3
-8
23
-29
24
-10
8
-23
26
-20
-14
31
-35
77
-69
48
-31
7
2
-14
22
-97
113
-57
52
62
-178
147
-77
89
-123
57
10
-27
-32
-16
265
-353
291
-132
-67
116
-100
109
-157
181
-156
115
-31
1
10
-19
8
-10
-7
2
-9
9
33
-151
178
-278
224
53
-124
132
-161
91
-92
14
120
-182
172
-26
-106
30
55
-32
3
-8
47
-66
-59
123
-107
116
-76
16
23
-32
-22
77
-71
53
-35
-12
27
-19
5
41
-37
-1
-7
6
0
-1
10
-19
7
1
-2
-1
1
-1
-1
0
0
-1
0
0
0
0
1
0
-1
1
6
-17
13
0
1
6
-8
0
-37
41
5
-18
28
-12
-36
53
-70
76
-21
-31
24
17
-75
116
-106
124
-57
-65
47
-7
4
-31
58
30
-105
-26
173
-182
120
15
-88
93
-157
135
-121
56
227
-276
181
-148
37
12
-1
8
1
-10
-24
40
-31
-20
-22
136
-163
171
-200
27
90
16
-107
111
-151
64
117
-170
20
75
62
-158
-19
106
-44
62
-5
-98
16
149
-178
57
31
-30
15
1
-26
23
10
5
-43
49
-20
3
-23
15
-4
10
21
-34
3
5
4
-7
0
-1
-1
-2
-1
1
-2
0
-1
0
1
0
-1
2
1
-1
1
0
1
-6
5
5
3
-33
21
11
-4
14
-22
3
-19
49
-43
5
8
24
-26
1
15
-29
31
57
-178
151
18
-97
-5
62
-42
107
-18
-157
64
76
22
-170
119
65
-147
114
-104
19
94
29
-197
172
-158
141
-18
-17
-24
44
-17
-12
-21
42
-29
-3
53
-231
164
226
-319
10
170
-93
-71
43
31
33
-94
27
96
-104
-4
41
7
-53
21
4
3
27
-37
-49
84
-26
-6
-21
30
-16
10
-13
17
-2
-10
19
-40
32
3
-19
14
6
-6
-16
9
0
0
3
-5
0
-1
-1
-1
-1
-1
-1
1
0
0
-1
0
0
0
0
0
1
-3
5
0
0
10
-16
-6
7
15
-19
3
32
-38
19
-9
-2
17
-12
11
-16
31
-21
-6
-26
85
-48
-36
28
4
4
21
-52
8
44
-1
-103
97
28
-93
33
34
46
-67
-89
173
13
-316
228
166
-227
56
0
-22
47
-13
-7
2
-23
13
-35
8
143
-191
-138
304
-141
117
-76
-112
177
-178
115
-6
-29
25
-67
-19
147
-191
203
-118
17
8
-34
11
-11
77
-68
-28
48
-11
-7
1
9
-2
-11
10
-15
6
16
-29
16
12
-27
21
-9
-3
-1
-4
9
-6
1
-1
0
0
-2
-1
0
-2
0
-1
1
-1
-1
1
-1
-1
3
-6
10
-3
0
-2
-8
23
-26
12
16
-28
16
7
-14
11
-10
-1
11
2
-7
-11
48
-28
-68
78
-10
13
-34
9
18
-118
205
-190
149
-18
-66
26
-27
-5
116
-174
180
-109
-74
122
-138
306
-136
-187
146
11
-32
22
-17
9
-5
22
-81
34
35
-32
-42
52
-165
308
-243
141
-83
57
-108
151
-141
82
-66
48
-50
18
-8
62
-95
62
-47
69
-52
32
-47
54
-21
-17
-11
32
-23
15
-4
-1
-18
27
-9
8
-13
3
-13
27
-16
11
-14
5
-5
-1
3
-1
0
-1
-1
-1
0
-1
0
0
0
0
0
-1
0
0
-1
0
0
-1
4
0
-4
7
-13
12
-15
27
-13
4
-13
7
-8
25
-17
0
-4
15
-22
32
-12
-16
-21
55
-46
34
-51
71
-46
63
-94
63
-6
19
-49
50
-66
84
-140
155
-105
61
-79
145
-240
311
-164
56
-38
-27
38
41
-76
31
-7
0
-14
3
-13
50
-221
239
-117
147
-74
-122
122
-38
-52
141
-162
72
3
-49
76
-53
-11
43
-36
28
-29
32
-48
46
-36
32
-41
16
15
-14
0
9
-26
36
-19
9
-8
8
2
-4
-16
25
-18
6
1
-4
-3
6
-6
1
-1
0
0
-2
-1
1
-1
-2
0
-1
0
0
0
0
1
1
0
2
-5
8
-3
-1
2
6
-17
25
-14
-4
1
8
-9
9
-19
35
-26
10
1
-15
15
18
-41
33
-35
47
-48
34
-28
28
-35
45
-10
-52
76
-48
4
74
-161
144
-47
-34
125
-119
-71
151
-115
243
-216
54
-11
11
-10
9
-11
-20
42
-40
1
6
-51
55
-109
160
-59
18
-64
-32
87
-34
-12
-26
62
-33
-19
26
-4
-26
7
29
-23
-4
18
-27
39
-21
-42
30
23
-30
10
-2
8
-7
-2
8
-12
22
-19
-6
21
-14
5
-1
-1
0
-3
1
-4
2
-1
-2
-1
-2
-2
1
-1
-1
0
0
0
0
0
0
0
0
0
1
-3
3
-2
2
-1
-1
6
-15
22
-5
-18
23
-12
8
-2
-6
8
-1
11
-29
24
32
-42
-21
39
-26
18
-3
-21
30
9
-23
-2
26
-18
-32
62
-24
-11
-29
90
-28
-61
21
-56
163
-108
59
-48
10
4
-33
48
-12
-7
-4
-16
-1
13
-12
23
-59
-4
55
-14
-35
0
15
4
19
-53
-2
39
0
-27
-21
46
-10
-39
34
9
-40
28
-10
-14
32
-48
28
-1
-3
0
4
2
-5
-2
0
4
-4
6
-2
-6
10
-5
-4
-1
0
2
-2
1
-2
0
0
0
-3
0
0
0
0
0
-1
0
0
1
0
1
0
0
0
2
0
3
0
0
-4
-4
11
-5
-2
6
-2
6
0
-2
-5
2
4
2
-2
1
28
-48
33
-13
-9
29
-38
10
35
-37
-9
47
-19
-26
2
40
0
-52
22
7
19
4
-31
-12
58
-2
-56
27
-9
16
5
-11
3
-6
-1
-19
5
-18
7
25
-27
-7
-9
-5
27
-55
51
-25
18
-32
28
-38
32
-9
-21
28
-30
50
-42
5
-6
7
15
-41
31
-12
3
3
1
-8
2
3
5
1
-11
11
-8
13
-11
5
0
0
-3
2
-5
-1
1
0
-2
-1
0
-2
0
-1
-1
0
-1
0
0
0
0
0
-1
0
1
0
0
1
1
0
-3
3
-2
1
0
4
-12
13
-8
11
-11
1
5
2
2
-8
2
3
5
-12
30
-41
16
8
-4
5
-42
51
-28
29
-18
-8
34
-37
30
-31
20
-21
55
-52
31
-2
-6
-5
-22
30
12
-16
14
-13
6
-8
-3
-10
-6
14
-13
-27
19
46
-77
2
38
-11
-18
14
-53
36
25
-60
41
3
-31
-15
75
-75
25
10
-16
8
5
-15
1
10
-8
0
0
-2
-2
5
0
-6
-2
7
-4
1
3
1
-4
-2
4
-3
1
-2
0
-1
0
-1
-1
0
0
-1
1
0
-1
1
0
0
0
0
1
0
0
0
0
-1
1
-1
2
-2
4
-1
-4
1
3
1
-3
8
-1
-6
1
5
-2
-1
1
1
-7
10
2
-15
6
9
-15
11
26
-74
77
-14
-29
4
42
-59
26
37
-50
17
-14
-7
42
6
-74
48
23
-23
-9
17
2
-5
3
-9
-4
-11
2
-10
1
9
-21
3
-2
7
-32
35
-3
-29
0
11
-12
7
-5
-4
-3
38
-37
10
-18
9
10
-11
-12
4
18
-15
-10
16
-9
6
-2
-3
2
1
2
-3
0
-1
5
-3
-4
0
3
-2
-2
-1
0
-1
-1
-1
0
-1
0
-1
1
0
-1
0
-1
0
-1
0
0
0
1
0
1
0
2
0
0
-1
4
1
-4
-3
7
0
0
-3
3
0
4
-3
-1
7
-10
17
-10
-15
19
5
-11
-10
12
10
-17
11
-35
39
-3
-3
-3
8
-12
12
4
-26
0
39
-29
10
1
5
-16
13
6
-8
9
-6
5
-8
-8
0
-8
-8
6
-9
14
-64
63
-4
-18
0
-18
0
32
-39
11
8
-22
16
-7
8
-25
30
-21
11
-11
7
-6
-9
5
4
-5
-1
4
-2
4
-2
2
-1
7
-4
-2
4
2
1
-5
5
-2
0
0
0
-1
-1
-1
-1
0
-1
-1
-1
-1
-1
0
1
-1
0
0
1
1
0
1
0
1
0
0
0
0
0
-2
6
-5
1
1
5
-3
-5
7
-1
2
-1
2
-1
4
-1
-6
4
6
-7
-5
8
-9
12
-19
31
-23
10
-5
16
-20
9
12
-38
36
2
-14
3
-15
-1
66
-63
18
-6
9
-5
-1
5
1
-8
-9
3
-15
19
-19
6
-5
-35
43
-3
-22
-4
15
3
-24
8
-12
19
-22
17
-5
-19
25
3
-16
-6
13
-2
-22
31
-15
-11
14
6
-15
14
-12
2
2
2
-2
2
-1
-5
11
-12
-1
6
-2
-2
-1
-2
-1
-1
0
-1
-1
-1
0
-1
-1
1
0
-1
0
0
-1
0
0
0
0
1
0
1
1
-1
1
-1
-1
7
0
-11
13
-4
-1
3
-2
2
1
3
-10
14
-14
6
13
-11
-15
32
-23
-2
16
-6
-15
3
27
-18
-4
17
-21
19
-10
9
-20
6
18
-1
-19
0
45
-33
0
9
-15
21
-9
8
0
-7
-3
-10
2
-15
10
-14
7
-19
15
7
-17
2
2
-15
-1
-5
9
-1
-12
19
-25
14
-21
24
-12
4
-3
-4
-2
5
3
-4
-10
7
-4
1
3
-5
3
-3
1
-1
-1
2
-3
0
1
0
-2
-2
0
-1
-1
-1
0
-1
-2
0
-1
-1
-1
0
-1
0
0
0
-1
0
-1
0
-1
1
0
1
0
0
1
-2
0
1
2
2
-2
3
0
-1
1
-3
4
-6
3
2
-4
7
-9
-4
4
6
-3
-3
-1
5
-11
24
-19
16
-25
21
-9
-1
10
-4
3
-11
5
6
-15
10
19
-17
10
-11
14
-12
9
-5
5
-9
-5
-6
-8
10
-17
-8
14
-14
6
-7
5
-2
-32
24
-3
-6
4
1
-4
-14
22
-23
6
-4
14
-10
3
-4
10
-20
17
-1
-18
18
-10
2
0
2
1
-2
1
0
3
-2
2
1
-8
6
-1
-1
-1
1
-1
0
-1
0
-1
-1
0
0
-1
-1
1
0
0
0
-1
0
0
-1
1
1
1
1
-1
2
0
0
-1
7
-7
2
4
-2
3
0
1
-2
0
2
2
1
-10
20
-17
-1
17
-19
10
-3
3
-9
15
-3
7
-22
23
-13
-3
1
6
-5
1
27
-29
2
7
-2
10
-12
17
-5
-13
14
1
-1
3
-9
-8
5
-10
-11
3
3
-2
-18
24
-8
-16
10
-11
5
-5
-15
14
-8
8
-9
-3
8
-13
11
-4
0
1
-12
0
-3
18
-19
7
-1
-1
0
-1
0
-1
1
0
2
1
0
0
4
-3
-2
0
-1
-1
-1
1
0
-1
-1
-1
-1
0
0
-1
0
-2
0
0
0
-1
0
0
-1
0
0
0
0
2
-1
-1
0
2
-1
-4
5
-1
0
1
1
-2
1
0
1
1
1
-1
-1
7
-19
19
-3
1
-10
2
2
-4
13
-12
10
-2
-8
10
-6
15
-14
-2
8
-6
14
-13
-6
27
-17
2
7
6
-8
-2
9
1
-9
-7
-1
-9
5
-6
-20
24
-39
37
-22
-2
6
0
-28
28
-11
-2
-10
8
-6
6
1
-18
22
-14
6
-6
-1
2
-4
4
-11
8
0
-3
2
1
-1
0
0
1
1
0
-1
-1
2
-3
-2
1
-1
0
0
0
-2
0
-2
0
0
-3
0
0
-1
0
0
1
0
0
-1
1
0
1
-1
1
-1
2
-1
1
-1
1
-1
-2
4
-1
0
1
0
1
0
1
-2
2
2
-3
1
8
-11
3
-3
2
0
-4
7
-14
23
-18
3
8
-4
8
-9
-1
-10
31
-24
2
9
1
-20
41
-37
27
-18
-2
8
-2
3
1
-9
-5
-6
-2
-8
3
-3
-2
2
-15
-1
6
-1
-12
-2
1
3
4
-9
5
-4
-3
-7
-4
22
-18
3
1
-5
-5
7
7
-17
8
-4
4
-3
0
1
1
-2
-1
3
-2
2
-1
1
0
-3
0
0
-1
-1
0
-1
-1
-1
-1
-1
-1
0
-1
-1
-2
-1
0
0
0
0
0
-1
0
0
1
0
1
-1
-1
0
2
-2
0
2
1
1
-2
4
-1
-1
2
1
1
-3
5
-4
9
-17
8
8
-5
-4
2
3
-17
23
-2
-6
-2
-3
6
-8
5
4
3
1
-7
2
8
1
-12
4
2
1
7
-5
5
-1
3
-9
-6
-2
-8
4
-14
14
-18
14
-22
-2
13
-4
-19
16
-15
15
-19
8
-4
-2
1
5
-11
9
-9
7
-8
-3
2
4
-2
-9
6
0
1
1
-1
1
0
0
0
2
-3
0
-1
2
-1
0
-1
-1
-1
0
-1
-1
0
-1
0
-1
-1
1
-2
-2
-1
0
0
0
1
0
0
0
0
-1
1
0
1
0
1
-1
1
1
0
3
-1
1
-2
1
1
-1
0
0
-1
0
1
-1
6
-9
-1
5
2
-2
-6
9
-8
10
-10
6
3
-1
-3
10
-19
16
-13
21
-17
-2
15
1
-19
16
-14
16
-11
7
-1
4
2
-9
-8
-1
-9
-5
2
-14
13
-29
23
-7
2
-10
-6
12
-16
-5
12
-12
2
8
-12
4
7
-11
0
-4
6
-3
2
-4
6
-13
6
-1
1
-2
2
-2
2
-2
1
2
-1
-1
1
0
-1
0
0
-2
1
-2
-1
-1
-1
-1
-1
-1
0
-1
-1
0
-1
0
0
-1
0
-1
1
-1
0
0
-1
0
0
-1
2
0
1
1
-1
1
2
-1
-1
3
1
-2
1
-1
2
-1
2
-1
6
-13
8
-4
3
-2
5
-2
1
-10
8
5
-11
9
3
-11
14
-4
-13
16
-4
-6
6
-5
27
-27
16
-11
6
-2
-2
4
2
-8
-4
-8
-2
-6
-6
12
-15
-7
13
-11
-1
-3
-2
2
-20
19
-9
1
-8
11
-12
6
1
-9
-1
3
-3
-1
1
-3
1
-3
0
2
-2
1
0
-2
1
0
2
-1
1
1
-1
2
-1
0
-2
1
-3
0
0
-2
-1
-1
-1
-1
-1
-1
-1
-1
-1
0
-1
0
-1
0
0
1
0
0
0
0
0
1
-1
2
-2
1
-2
1
-1
2
1
0
0
1
0
-2
1
2
-1
3
0
-3
1
-3
2
-1
-2
4
0
-8
2
7
-11
12
-7
4
-7
20
-16
5
0
1
3
-8
17
-5
-12
16
-1
-3
5
-4
4
-3
-5
-5
-2
0
-3
-6
-5
1
1
-2
-5
-4
-1
-1
-2
-2
-3
-4
-2
1
1
-1
-3
-3
0
0
-2
-1
2
1
-1
-3
-2
0
2
0
-1
0
1
-1
-1
1
1
0
0
0
0
-1
-1
-1
0
0
-1
-1
0
0
0
0
1
0
-1
-1
0
0
0
0
0
0
-1
-1
0
0
1
0
-1
0
0
0
-1
0
1
0
0
0
1
0
-1
-1
1
0
-1
0
2
1
-2
-3
0
2
2
-1
-1
1
1
-2
-2
0
3
2
0
-1
-2
-1
1
3
2
-1
-1
0
4
2
-2
-1
1
3
2
2
-1
