0
-7
3
2
-5
1
0
-10
11
-6
4
-5
-2
-9
34
-44
30
-5
-1
-15
15
-1
-5
5
-3
3
-5
-1
5
2
15
-38
13
6
22
-30
-3
-1
26
-25
24
-36
21
8
-27
26
14
-35
6
13
-47
89
-61
-13
44
-23
2
12
-20
2
5
-1
0
-1
0
0
-1
0
-6
-4
18
-12
-3
22
-44
13
60
-89
47
-14
-6
36
-15
-26
26
-8
-21
35
-26
23
-26
-1
2
29
-25
-7
-13
37
-15
-1
-6
0
5
-3
2
-5
5
2
-15
13
-1
5
-30
44
-35
7
1
5
-6
2
-12
8
-2
-4
3
-5
-3
2
0
-6
2
-5
3
-1
4
-2
1
-7
13
-16
0
10
-24
29
-19
5
2
-5
4
3
-6
-4
5
1
-2
-4
6
6
-7
-26
30
-5
12
-27
-4
22
2
-15
1
-8
36
-46
21
9
-12
4
-28
30
-9
24
-33
-2
27
-9
-16
2
-15
34
-20
3
1
-1
0
1
-2
-3
20
-34
15
-3
15
9
-27
0
32
-26
7
-32
27
-6
12
-9
-21
47
-36
7
-2
14
-2
-22
2
27
-15
4
-31
24
8
-8
-6
4
1
-2
-6
2
6
-3
-4
4
-2
-6
18
-30
22
-11
-1
15
-14
5
-2
2
-6
0
-4
2
-4
1
0
-3
0
0
0
0
-5
6
-5
13
-31
23
0
-22
33
-15
0
-9
-4
16
-5
-4
3
-2
-4
7
-7
4
-2
3
-11
8
7
1
-2
-15
18
-23
11
3
-12
16
-16
-3
30
-21
31
-65
52
-35
25
-15
17
4
-23
15
-9
-2
4
-6
8
-2
-2
2
0
-2
1
2
-9
6
-4
1
8
-16
22
-4
-18
14
-25
34
-52
63
-31
21
-32
2
14
-16
11
-3
-12
22
-19
14
1
-2
-8
-8
11
-4
2
-5
6
-9
3
2
-5
4
4
-18
3
9
0
14
-33
21
-1
-24
29
-15
3
-5
4
0
-2
-2
0
-1
0
7
-4
0
-3
-4
10
-15
2
-7
38
-19
-23
24
-24
40
-46
29
-6
-12
15
-2
-9
8
-4
-1
3
-2
2
-1
0
-12
12
-2
3
-15
10
3
9
-32
34
-24
5
-9
21
-1
-21
2
36
-48
21
19
-32
32
-20
-7
10
-4
5
-8
3
0
0
-1
0
-1
0
-2
-4
8
-6
5
-11
6
19
-32
31
-19
-22
47
-37
-1
20
0
-22
8
-6
23
-35
31
-9
-3
-10
12
-5
1
-13
12
0
0
-2
2
-4
2
3
-9
8
2
-16
11
5
-29
45
-40
22
-26
21
18
-39
5
-3
14
-10
3
0
-3
2
-11
0
-4
3
-3
2
-1
5
-13
12
-27
30
-15
-3
10
16
-27
-19
28
-5
5
-8
0
1
4
0
-3
-1
1
-2
1
5
-12
13
0
-13
11
-13
18
-7
-8
4
1
-13
14
9
-28
45
-55
37
-8
10
-25
13
-11
17
-13
8
-6
3
-1
-1
1
0
-1
0
-1
-1
-1
1
0
-4
4
-9
14
-18
13
-13
24
-11
9
-38
54
-47
28
-10
-14
12
-2
-5
7
6
-19
13
-13
11
0
-13
11
-5
-2
2
-2
1
2
0
-5
-1
-2
8
-5
4
-28
18
26
-17
-12
1
14
-32
25
-13
13
-6
0
-3
0
-5
-2
0
-15
1
5
5
6
-14
4
-4
3
-10
19
-11
7
5
-19
8
10
-17
-1
15
-9
3
-3
0
1
0
2
-4
4
2
4
-20
12
8
-14
6
-1
1
-4
1
9
-12
3
-15
30
7
-38
29
-10
-25
17
-14
44
-36
19
-6
0
-4
1
-1
1
0
-1
0
0
0
-2
1
-2
4
1
6
-20
35
-44
14
-19
24
8
-29
39
-7
-30
14
-4
12
-10
-2
3
-3
1
-6
13
-9
-14
19
-4
-2
-4
4
-2
0
-2
0
2
-3
8
-15
0
16
-10
-8
18
-7
-8
10
-20
10
-5
4
-6
13
-7
-7
-6
-2
11
0
27
-61
65
-42
17
0
-12
13
-5
10
-31
41
-25
-36
73
-57
35
-29
17
-8
4
-1
1
0
-1
-1
-4
6
-8
13
-19
21
-16
10
-4
-1
-2
2
3
-10
20
-35
24
-1
2
14
-50
64
-45
23
-40
41
-33
49
-40
18
-14
7
-3
1
-1
0
0
0
0
-1
1
-1
3
-8
13
-18
39
-51
32
-43
38
-24
46
-64
50
-14
-2
-1
-25
34
-21
9
-4
-2
1
0
4
-11
16
-21
20
-13
7
-6
3
-1
-1
-1
0
1
-5
7
-18
29
-36
57
-74
34
23
-42
29
-11
3
-14
12
0
-16
41
-68
59
-31
0
-46
30
37
-42
-13
47
15
-30
-55
11
27
44
24
-80
-58
77
9
22
-35
-10
12
1
-1
-2
2
3
-1
-3
2
-3
-1
0
3
1
-3
-3
7
-5
-6
3
-11
25
-5
5
-14
-21
4
32
1
-4
-32
12
12
7
-11
-3
3
-4
2
-2
-2
0
-1
0
0
-1
-1
1
-4
3
-5
2
10
-8
-11
-13
32
2
-1
-32
-5
21
13
-6
3
-26
11
-4
5
5
-8
3
0
-1
-3
-1
0
3
-3
3
0
-4
-2
2
-1
-1
-12
9
33
-24
-9
-77
56
77
-25
-44
-28
-12
54
30
-15
-48
12
39
-40
-32
40
0
57
-60
10
37
-59
52
-50
45
-12
-36
65
-96
123
-84
20
-7
12
-27
20
11
-14
9
-6
2
2
-2
-1
4
-5
6
-9
10
-6
1
0
7
-15
11
3
-12
11
9
-58
74
-32
-12
30
9
-46
15
10
-20
31
-22
-4
15
-13
6
-3
0
1
-1
0
0
-1
0
-2
-1
2
-7
13
-16
4
22
-32
19
-10
-17
46
-9
-30
11
32
-74
58
-10
-12
10
-2
-11
14
-7
-1
-1
6
-10
10
-7
5
-4
1
1
-2
-3
7
-9
14
-11
-21
29
-13
7
-21
84
-125
94
-66
34
10
-46
49
-52
56
-38
-12
58
-61
0
-55
76
-54
7
58
-84
-88
193
-21
-43
-50
122
-85
-12
-44
63
22
-24
-16
21
-6
-7
11
-7
-2
11
-9
-2
15
-7
-23
24
4
-9
-2
10
-9
1
4
1
3
-10
45
-31
-48
-4
70
-24
-13
7
14
-19
-12
40
-20
-7
4
2
-3
0
0
-1
0
0
-1
0
0
-1
2
-3
-5
7
18
-41
12
19
-13
-8
12
24
-70
4
47
31
-46
10
-4
-1
-5
-3
9
-10
3
9
-4
-24
25
8
-15
2
8
-11
2
7
-12
7
5
-20
16
24
-24
-63
44
11
83
-123
48
40
19
-193
88
82
-59
-8
51
-78
50
0
50
-30
-42
31
58
-170
262
-237
94
29
-108
156
-159
67
68
-121
110
-86
35
2
-11
0
12
-9
-1
6
-5
0
9
-16
25
-25
7
5
-4
-4
9
-10
2
11
-32
30
53
-180
205
-161
128
-82
8
28
-3
-26
25
-14
5
7
-12
1
3
-1
0
0
0
0
-1
0
-1
0
-2
-1
10
-7
-5
12
-26
25
3
-29
-8
82
-128
161
-207
179
-55
-31
31
-12
-2
8
-10
2
4
-6
-9
25
-25
16
-8
0
4
-7
1
8
-13
0
9
-3
-35
85
-112
121
-70
-68
157
-157
106
-32
-96
237
-263
170
-59
-32
40
29
-55
0
-55
80
-60
15
90
-62
-204
185
44
-81
-32
77
78
-161
63
43
-25
-35
4
15
-6
8
0
-9
5
5
-11
5
9
4
-30
14
6
-6
0
9
-12
-3
14
-9
-17
19
8
-49
56
-15
21
-28
-5
8
5
-18
17
4
-15
3
4
2
-8
3
0
-1
1
0
1
1
0
-3
6
-2
-4
-4
15
-4
-16
17
-7
-9
4
27
-21
15
-57
49
-9
-20
16
8
-14
2
12
-10
-1
4
-8
-15
30
-4
-9
-6
11
-5
-6
8
0
-7
5
-14
-5
35
26
-44
-64
159
-80
-78
31
78
-44
-185
203
61
-90
-15
56
-80
50
0
54
-40
-31
54
-5
-69
120
-116
80
-48
-37
123
-138
117
-106
78
-21
-37
54
-36
12
9
-13
6
4
-9
5
4
-15
38
-51
32
-9
-3
2
2
-7
11
-8
-7
25
-26
10
-11
36
-25
-31
41
-11
2
-1
-7
3
-10
19
-14
7
-4
0
0
-1
-1
0
0
0
-1
1
-1
-2
3
-7
13
-20
10
-5
6
0
-3
10
-42
31
25
-37
11
-10
26
-26
6
7
-11
7
-4
-3
2
8
-33
51
-38
15
-4
-6
9
-3
-7
13
-8
-11
35
-54
37
20
-79
104
-119
136
-124
36
45
-81
114
-119
67
3
-56
29
39
-58
0
-55
46
19
-46
-60
67
89
-70
-30
24
32
-24
-38
-25
51
2
4
0
-19
2
9
-6
2
2
-1
-3
2
1
-1
-11
18
-8
-1
-4
4
-2
4
-6
-1
1
4
-2
-18
-32
67
0
11
-51
3
18
-9
10
-22
18
5
-7
-2
1
1
0
-1
-1
0
0
-1
0
0
0
0
-1
3
7
-5
-19
21
-10
7
-19
-4
50
-11
-2
-68
31
18
1
-5
-1
-1
4
-6
1
-3
2
0
7
-20
11
0
-1
-4
3
-1
-3
-1
5
-10
-2
20
0
-5
-3
-53
25
36
22
-33
-26
28
70
-89
-69
59
45
-23
-46
51
0
42
-60
43
-17
11
-2
-8
8
-12
15
-10
3
-11
7
2
-6
7
-9
6
-3
1
0
1
-2
0
0
-1
2
-3
1
-2
1
-2
2
0
-2
-2
5
-5
2
3
-11
8
8
-5
-6
-6
1
3
2
-4
5
-2
-1
3
-3
-1
0
0
-1
1
0
0
0
-1
0
-1
1
0
-1
0
2
-5
0
2
-4
4
-2
-4
-2
5
5
5
-9
-8
11
-3
-3
3
-6
1
2
-1
-3
2
-2
2
-2
1
-2
0
0
-1
1
-1
1
-1
2
-6
8
-8
5
-3
-9
10
-4
8
-17
9
-10
6
3
-12
16
-46
59
-47
0
-8
8
-5
2
-1
4
-8
7
0
-4
0
-2
3
-3
-1
4
-3
4
0
-1
0
0
0
-1
0
0
1
-1
0
0
2
-2
0
-1
0
-1
1
-1
2
-2
-2
3
-2
-3
5
-5
3
-2
0
-3
0
2
-3
2
-3
3
-2
-1
-1
1
-1
0
0
0
0
0
2
-2
1
-1
1
-4
3
-1
1
-3
-2
3
-1
2
-4
5
-6
2
0
-4
2
2
-3
0
0
0
-2
0
0
2
-2
0
0
0
-1
-1
-1
0
0
0
0
0
1
-4
3
-4
0
2
-2
0
-1
1
0
-7
8
-5
0
-3
3
-9
4
0
-7
3
-3
2
-4
3
5
-6
4
-4
1
-2
-1
2
-5
1
1
-1
0
0
-1
1
-1
0
0
0
0
0
1
-1
0
0
1
-2
-2
1
0
-1
0
-1
2
-1
-3
8
-6
-2
4
-3
-1
2
-1
2
-2
0
1
-2
0
0
0
1
-1
0
-1
0
0
0
1
-1
0
0
0
1
-2
0
2
-3
1
-3
-1
3
-5
1
5
-9
3
1
-1
0
-1
0
-1
-2
0
-1
-2
-1
-1
1
-1
0
-1
-1
1
-1
-1
-1
-1
0
-1
0
-1
-1
3
-3
1
2
-2
2
-4
5
-5
-3
2
-3
1
-4
2
0
-5
1
-1
0
0
-2
3
-1
-1
-2
-1
2
-3
0
-1
0
1
-2
3
-1
0
-1
-1
1
-1
0
1
0
-1
1
0
-1
0
-2
2
-1
-3
6
-2
-3
1
0
0
1
-3
-1
3
-6
5
-2
0
1
-1
-1
2
-1
0
-1
0
-1
-1
1
0
0
0
-1
-1
0
-1
1
0
1
-1
0
1
-2
0
1
-6
5
-4
0
2
-2
0
-1
-2
2
1
-6
3
-1
-2
1
-2
1
-1
-2
0
1
-1
-1
1
-2
0
-1
0
1
-3
1
-1
-1
0
-2
2
-4
-1
0
-1
1
-5
1
-1
-1
-2
-4
1
0
-5
1
-1
-1
2
-3
-1
2
-1
-1
-2
-1
1
-1
0
0
0
1
1
0
0
0
1
-1
1
-1
0
1
1
0
-2
1
-1
-1
0
0
-2
3
-4
3
-1
-2
3
-5
3
0
0
-1
0
1
-2
-1
2
-3
0
-1
1
1
-2
2
0
-1
0
0
0
0
1
-2
1
-1
-3
0
-1
2
-2
0
1
-1
-1
1
0
0
-3
4
-4
1
0
-5
6
-4
1
0
-2
0
0
-1
-1
-1
0
-1
-1
0
-1
0
1
0
0
0
-1
-1
1
0
-2
0
-3
-1
0
-2
0
-3
-1
1
-2
-1
-1
-2
1
0
1
0
-1
-1
0
0
3
-2
0
-2
1
-1
-1
-1
0
0
0
0
-1
1
-1
0
0
-2
1
0
-1
1
1
-2
2
-1
1
0
-1
0
1
-1
1
1
-2
1
-1
0
0
4
-6
1
2
-3
0
2
-5
3
-1
-2
0
1
0
-1
0
0
-1
0
1
0
-1
0
1
-1
0
1
1
-4
3
-3
0
2
-2
-2
5
-5
-1
-1
0
-2
1
-1
-1
0
0
0
1
-2
-1
0
-1
2
0
-1
0
0
-2
1
0
0
0
0
0
-1
-1
-1
0
0
-1
-1
-1
-1
-1
1
-2
0
-2
0
-2
-2
-5
0
-7
1
-1
0
0
-2
2
-1
0
-1
-1
-3
2
-2
-2
2
-1
1
-2
0
-1
1
0
2
0
0
0
0
0
1
3
-2
0
0
1
-1
-1
1
1
-1
-5
3
-1
-1
2
2
-7
5
-2
1
-1
1
-1
2
-5
1
-1
-2
1
-1
-1
0
-1
0
0
-1
-1
0
-1
1
-1
-2
4
-3
1
-1
1
-1
1
-6
6
-3
-2
0
-1
-4
4
0
-2
-2
1
0
0
-1
0
1
-2
1
0
-1
0
-1
0
-2
0
0
0
-1
2
-2
0
-3
2
1
-5
2
-1
-1
-1
0
-2
0
-1
-1
-2
-3
1
0
1
1
-3
0
0
0
-1
1
-2
-2
2
-1
0
-2
0
-1
0
0
0
0
-1
1
0
1
-1
0
2
-1
1
-1
1
0
-1
2
-1
-1
1
-2
3
-5
3
-1
-3
4
-2
-5
6
-3
1
-1
2
0
-5
2
-1
0
-2
0
-1
-1
0
-1
0
0
-2
1
-1
0
0
0
1
-1
2
-3
4
-1
-1
-1
-1
2
-6
3
1
-6
2
0
-4
3
-4
0
-2
0
1
-1
0
-1
-1
0
-1
0
-2
-1
0
-1
-1
-1
-1
0
-1
-1
0
0
-2
1
0
0
-4
0
0
-3
0
0
0
-1
0
-2
-7
0
-6
2
0
-1
0
0
-1
1
0
-1
0
-1
-1
-1
-1
0
-2
1
0
1
1
-1
1
-1
0
0
1
-1
1
-1
0
-1
2
-1
0
0
-1
0
0
2
-3
1
3
-5
6
-1
-2
0
1
-5
3
0
-1
1
-2
1
-3
3
-2
0
1
0
-1
0
0
-1
-1
-1
2
-3
2
-2
2
-2
1
-1
-3
2
-2
-1
2
2
-5
4
-4
-1
2
-3
0
-2
2
0
-1
0
-2
0
-1
1
-1
0
-1
0
-1
1
-2
1
0
0
-1
-1
1
-1
0
-1
-1
0
0
-2
0
0
0
-2
-2
0
-2
-3
1
0
-9
6
-2
0
-1
1
0
-1
-2
-1
-1
0
-4
1
-2
0
-2
2
-1
0
-1
0
-1
0
1
-2
1
-1
1
1
-1
1
1
-5
2
1
-5
6
0
-5
-1
-1
6
0
-8
1
2
0
-3
-2
1
1
-1
-4
7
0
-4
0
0
0
0
0
0
0
0
-1
1
-1
0
-2
2
-1
-7
4
1
-2
-2
-1
2
-1
-2
-3
6
-1
-5
1
0
4
0
-6
3
-1
-2
2
-2
-2
2
-1
0
2
-2
2
-1
-1
0
-1
-1
0
0
-2
0
-1
1
-3
2
-1
-1
-2
0
-1
0
-2
1
0
-1
-6
6
0
19
-11
1
1
-4
5
-3
-1
0
2
-2
-8
21
-3
-28
13
11
-7
1
0
-1
6
-7
2
5
-6
4
-4
7
0
-9
11
-3
-2
1
4
2
-6
-9
9
13
-20
4
7
-6
10
-14
10
-1
3
-4
-9
10
11
-21
8
2
-6
4
1
-1
2
-1
0
-1
-3
2
-2
-3
5
-3
-9
20
-12
-10
8
4
-3
1
-10
14
-12
6
-7
-5
18
-14
-10
8
6
-1
-4
-2
2
2
-11
10
-1
-6
4
-4
5
-4
-2
6
-6
0
0
-3
6
-12
-13
27
2
-22
8
0
-4
-2
0
3
-7
2
-2
-3
9
-23
0
-59
27
38
-23
-7
1
3
0
-4
5
-3
-6
6
0
9
-21
8
-5
10
2
-5
0
-1
4
-4
2
-3
6
-8
2
-6
7
-1
1
-8
8
-6
21
-30
7
4
6
-11
8
-7
4
2
-12
8
-6
15
-18
7
-2
6
-11
11
-10
5
-2
-1
-2
-1
0
-1
0
1
1
-5
8
-11
11
-7
2
-8
18
-15
5
-10
11
-3
-6
6
-8
10
-7
-6
-7
31
-22
6
-9
8
-3
1
-7
6
-3
6
-7
2
-2
2
-4
3
-1
5
-2
-10
5
-9
20
-9
-2
-6
4
1
-6
3
-1
-2
-3
6
21
-41
-28
54
0
7
-35
-9
71
-44
14
-10
6
-7
6
-8
7
-8
7
-14
18
-29
32
-2
-34
39
-35
29
-11
3
-8
9
-8
-6
22
-35
22
-5
0
2
-12
24
-34
27
-12
8
-10
10
-9
3
1
-11
31
-40
26
-11
2
5
-7
-2
7
-5
2
-1
0
-1
-1
0
0
0
0
0
-2
1
-3
6
-7
2
6
-5
-3
11
-27
39
-32
11
-1
-5
9
-11
9
-8
12
-28
34
-23
11
-3
-2
4
-23
35
-24
6
7
-11
8
-5
11
-30
35
-40
33
1
-33
29
-19
12
-9
7
-9
6
-8
5
-7
8
-15
43
-73
7
35
-11
0
44
-20
25
-44
3
10
2
-5
0
3
-4
-2
4
-4
-4
9
-12
-2
20
-27
32
-52
56
-21
-11
19
-8
-12
39
-68
75
-48
2
22
-18
8
9
-25
28
-18
0
13
-13
1
10
-10
-6
22
-25
15
-14
20
-11
-3
7
-7
6
-3
-2
1
-1
-1
-1
0
0
0
-1
-1
1
2
-7
7
-8
2
10
-20
15
-16
25
-22
6
10
-9
-2
12
-14
-1
17
-29
24
-10
-8
18
-22
-2
47
-76
67
-39
12
9
-19
12
21
-57
52
-32
27
-21
1
11
-9
2
3
-5
1
2
-5
-2
4
-2
-13
-6
43
-28
17
-49
0
29
8
-36
16
-2
4
1
-1
-1
-2
-2
-4
6
-2
2
-3
-5
0
26
-29
-12
23
21
-30
0
-1
8
4
9
-46
37
8
-12
-10
-5
20
3
-25
11
2
10
-10
2
-8
8
-6
47
-81
43
4
-10
-13
11
0
12
-16
1
4
-1
-1
-1
-1
0
0
0
0
-1
-1
0
-5
-1
16
-13
0
-13
12
10
-5
-44
80
-49
5
-7
8
-2
8
-10
-3
-10
24
-4
-21
5
9
11
-9
-37
47
-10
-5
-8
0
0
30
-21
-23
11
29
-26
-2
4
2
-2
0
-6
1
1
-1
-1
0
-2
-5
1
-17
33
-10
-32
0
15
-76
152
-95
9
-1
-1
-1
2
-2
0
-2
0
-1
-2
2
-4
3
7
14
-29
-11
15
9
-5
7
-6
6
-2
-20
-1
20
0
2
3
-7
-12
2
3
-2
5
1
-2
1
1
7
-24
7
8
7
-6
-4
7
-8
-9
9
3
-4
0
0
0
0
-1
0
0
-2
0
0
0
4
-5
-10
7
8
-8
4
5
-8
-9
-7
23
-7
-2
-2
1
-2
-5
1
-5
-2
11
7
-3
-2
-1
-20
1
19
2
-6
5
-9
6
-9
-15
10
27
-14
-8
-3
3
-2
2
0
-2
1
-3
2
-5
0
-1
0
-10
94
-154
75
-20
0
29
-67
73
-24
-4
-1
0
0
-2
0
-1
-2
1
-1
-1
0
-1
1
-13
21
11
-22
12
-7
-6
3
9
-12
11
-20
-3
23
-7
-2
1
8
3
-16
6
6
-10
4
1
1
4
12
-66
49
-1
3
-8
1
-5
4
7
-5
-6
2
-1
0
0
-1
0
0
0
1
-1
-1
1
-4
6
4
-9
-5
4
-2
7
-5
1
-49
65
-13
-4
-1
-1
-4
8
-6
-7
15
-3
-8
-3
2
6
-23
3
20
-13
12
-9
-4
7
7
-12
20
-11
-20
11
-2
1
0
0
0
-2
0
-2
-1
0
-1
-1
0
3
23
-76
65
-33
0
-12
-8
6
12
3
-6
-4
3
2
-3
-4
1
3
-1
-4
1
5
1
-7
-6
1
6
1
-1
1
1
-3
-4
2
8
4
-6
-6
2
5
-3
-9
-2
6
4
-3
-3
3
2
-5
-9
1
10
7
-4
-9
-3
5
5
0
-2
-3
-3
-1
1
0
-1
-2
0
1
0
-2
-1
0
2
3
1
-2
-7
-6
2
8
4
-8
-11
-1
9
6
-3
-3
2
3
-6
-6
1
8
2
-5
-3
4
5
-5
-9
-2
4
2
-3
-1
1
-2
-7
-3
5
7
-1
-5
-2
3
0
-4
-3
3
2
-4
-4
4
6
-4
-14
-8
7
10
