-11
-4
-4
-8
0
-5
0
-10
6
0
-23
22
-4
-16
-10
20
-9
1
4
-22
7
2
2
-6
-3
2
-2
1
-4
-2
1
10
-31
36
-15
7
-1
-17
21
-20
22
-12
17
-47
42
-14
24
-12
-40
58
-39
13
7
-35
30
-19
17
2
-14
5
-4
3
-2
-1
-1
-1
-1
3
-3
6
-13
2
18
-19
29
-32
6
13
-37
60
-39
-12
24
-15
42
-47
16
-12
22
-20
21
-17
-1
7
-15
37
-31
9
1
-1
-4
2
-1
4
-2
-4
3
3
8
-20
5
4
-8
21
-7
-11
-1
25
-19
4
9
-6
4
-1
2
-1
1
4
-15
-2
-3
-7
-3
-5
0
-4
0
0
-8
6
-6
-7
-20
9
15
-13
14
-19
6
-6
9
-12
12
-15
7
-4
4
-3
-1
-20
33
-14
7
-18
20
-28
28
-13
13
6
-35
-3
25
8
8
-23
-16
22
-1
39
-64
30
-26
12
14
-16
-11
11
3
-5
1
-2
0
-1
1
-4
3
11
-11
-15
15
12
-26
31
-63
40
0
23
-15
-24
8
9
25
-2
-35
7
13
-12
29
-28
20
-18
7
-14
33
-19
-1
-2
5
-3
9
-14
13
-10
11
-5
7
-18
15
-12
16
12
-16
-4
-2
9
-5
4
2
0
4
-1
1
2
2
6
-41
12
-4
-6
-1
-3
-7
8
-9
-5
-4
8
-7
1
-18
28
-37
29
-13
-11
9
2
-7
-4
3
-4
-3
-2
8
-10
0
-1
-7
20
-26
13
4
-4
0
2
-6
-2
-7
41
-44
27
-38
25
16
-5
3
-13
-28
52
-54
34
-21
17
-28
32
-16
1
1
-1
0
-1
1
1
-15
33
-28
18
-20
35
-53
53
-27
-12
4
-4
17
25
-38
28
-44
40
-6
-2
-6
2
0
-2
5
13
-26
21
-7
-1
1
-9
9
0
-1
-1
5
-3
-4
4
10
-9
-12
30
-36
30
-15
5
-4
10
-1
-2
-8
12
-4
2
2
2
0
20
5
-14
-2
-8
-3
-2
-7
-3
2
5
12
-56
35
-10
24
-38
3
9
5
-19
16
-8
2
-4
0
3
-7
5
-1
5
-16
23
-14
-17
26
-13
-3
6
2
-5
9
-5
16
-24
-13
37
-34
8
17
-13
-19
37
-19
15
-15
-10
7
-3
0
4
-6
1
1
0
0
0
1
1
-5
5
0
-3
7
-8
-13
15
-18
38
-18
-11
18
7
-33
37
-11
-24
15
-3
9
-5
1
6
-3
-12
27
-16
-14
23
-16
5
0
4
-6
5
0
-2
3
-7
17
-18
6
11
4
-35
26
-7
38
-53
14
8
4
1
-3
1
1
0
4
-4
-6
-5
-5
-8
-2
-1
-7
-1
3
-11
9
-13
15
-25
36
-50
18
13
-26
14
-3
-5
-1
1
-1
3
-8
3
-1
8
-11
-2
-5
6
16
-21
3
1
3
6
-17
5
10
-10
17
-32
47
-59
12
29
-2
-30
23
-11
-8
6
2
1
-5
0
-2
0
-1
0
0
2
-1
1
-1
1
-3
3
3
7
-7
-9
24
-28
-1
31
13
-59
48
-31
17
-9
10
5
-16
9
5
1
4
-20
15
6
-5
-1
-10
7
0
4
-8
3
0
2
0
-4
-3
16
-24
15
19
-47
39
-23
17
-8
13
-8
5
2
-4
2
1
-1
0
3
23
-48
30
0
-11
-12
-1
-9
16
-7
-12
6
9
-20
-4
-8
13
-14
5
3
3
-8
1
-1
-4
0
0
-2
-2
5
-10
3
-1
3
-4
7
-4
-5
4
-6
4
9
-16
12
2
-4
1
11
-35
4
14
12
-21
16
-4
-7
4
0
-4
-2
2
0
0
0
0
0
0
0
3
-1
-4
-1
5
-6
-1
17
-21
12
15
4
-34
11
1
-4
2
13
-16
10
4
-6
3
-5
-4
8
-3
3
-1
2
-9
6
-2
-1
2
3
-2
0
3
-7
5
4
6
-14
14
-4
0
-17
13
10
-10
-5
18
-6
3
-8
-8
9
34
-40
-22
36
-53
6
13
-33
37
-58
74
-93
92
-87
95
-139
147
-119
50
-15
4
1
2
-8
6
-6
3
-6
2
-4
1
2
-12
9
-9
9
-10
10
-8
10
-4
-3
-6
17
-24
38
-46
40
-39
50
-20
-7
-14
7
8
1
-1
5
-16
6
6
-8
2
-2
-1
-1
0
0
0
-1
2
-8
6
6
-15
5
0
2
9
7
-14
-7
-19
48
-39
40
-45
39
-23
16
-6
-3
-3
9
-7
10
-10
10
-9
12
-12
4
1
-2
2
-4
5
-5
7
-7
2
1
5
-13
51
-116
151
-136
99
-83
93
-90
76
-54
41
-29
16
13
-48
44
-5
-33
45
-41
-16
20
23
1
-35
-22
20
19
-57
54
-3
-60
30
19
9
-28
-3
8
0
-8
2
1
-2
-2
3
2
1
-16
3
5
2
-4
3
1
0
0
-3
-1
-18
22
41
-56
1
3
28
-22
-6
4
18
-26
-2
12
-2
1
-4
0
0
0
0
0
0
0
-1
1
0
1
-2
1
-2
12
-2
-24
19
5
-6
-21
29
5
2
-56
41
23
-17
0
-4
0
0
1
3
-4
3
6
3
-15
3
2
4
0
-2
2
3
-6
1
8
-2
-28
11
20
31
-57
1
57
-54
20
23
-19
-33
5
26
24
-13
-34
50
-25
-21
11
14
-72
36
31
-114
174
-207
160
-61
-19
29
-38
37
-53
62
-86
88
-61
23
0
-12
7
-8
-2
8
-13
10
-9
-3
17
-28
18
-4
-3
6
-12
19
-6
-22
36
-37
15
31
-36
-12
51
-47
25
-7
-13
32
-39
12
5
-5
1
0
2
-4
1
-2
0
-1
1
0
1
-3
1
0
3
-4
6
13
-39
32
-13
-6
26
-46
50
-12
-35
32
14
-37
35
-22
-6
19
-12
7
-1
-4
18
-28
18
-2
-7
12
-11
10
-1
-7
8
-11
2
24
-59
89
-83
63
-50
40
-34
32
-14
-58
163
-204
179
-110
35
40
-64
19
17
4
-7
14
-64
74
-18
-92
2
117
-69
-39
50
74
-121
4
54
1
-89
32
43
-12
-16
9
-3
-9
9
-4
-8
10
-5
-7
2
8
-5
1
3
-5
-2
11
-9
-6
4
17
-7
22
-43
-1
61
-73
25
13
-11
-23
26
10
-29
11
7
-9
-1
2
-2
-1
0
0
0
1
-1
2
1
-8
8
11
-28
12
28
-23
-11
14
26
-72
61
0
-42
22
-6
18
4
-5
-10
12
-2
-4
3
1
-7
8
3
-7
-3
11
-8
-2
10
-8
-1
11
-15
-11
45
33
-87
2
58
9
-118
77
54
-36
-66
119
5
-88
-15
78
-57
18
2
16
-24
25
-30
-38
63
-21
-75
123
-124
107
-27
-121
170
-143
99
-49
-21
63
-73
47
-15
-9
5
4
-9
0
5
-9
0
9
-21
22
-16
2
11
-15
3
16
-26
13
34
-77
91
-108
131
-68
-48
73
-35
-10
35
-27
-4
14
-12
1
2
-2
0
0
0
0
0
0
0
0
0
0
0
-2
2
2
-11
17
-3
-26
36
-9
-33
74
-47
-68
131
-108
91
-76
34
13
-26
16
4
-15
11
3
-15
22
-21
10
2
-8
7
1
-8
5
7
-8
-13
47
-71
64
-20
-48
103
-138
173
-118
-23
110
-121
125
-71
-19
68
-35
-22
30
-17
-23
7
2
-46
66
-28
-56
63
-3
-34
-54
127
-94
-32
5
58
13
-51
3
45
-32
-15
19
-9
-4
6
-5
-3
8
-15
4
12
-3
-10
2
6
-7
2
-1
2
0
5
-5
5
-53
64
-10
13
-18
7
-9
-7
8
0
-3
-5
5
-1
-4
-1
0
-2
0
-1
0
1
0
-1
1
1
-2
-1
6
-3
-2
2
9
-5
-9
9
-17
13
-11
64
-52
4
-5
5
-1
3
-2
4
-7
7
2
-10
-3
14
5
-14
9
-2
-3
6
-3
-8
20
-15
-31
47
4
-50
14
62
8
-28
-90
130
-51
-32
-1
68
-51
-25
70
-38
7
14
-25
5
18
-40
-34
114
-218
269
-166
8
69
-89
77
-94
32
50
-79
89
-88
56
-30
4
4
-3
-5
5
-3
-4
5
1
-19
26
-18
11
-11
2
5
-5
4
5
-17
18
2
-42
99
-113
72
-42
46
-39
3
21
-29
30
-23
-2
5
1
1
-5
2
-1
-1
0
0
1
-1
-1
2
-3
2
2
6
0
-23
30
-29
22
4
-39
47
-41
72
-113
99
-42
3
16
-17
6
5
-6
5
3
-11
13
-18
27
-18
2
6
-4
-2
6
-4
-2
6
6
-30
57
-86
90
-78
52
36
-90
80
-87
72
12
-163
271
-214
118
-30
-33
23
14
-35
-10
47
-47
-15
22
-43
46
-19
-11
28
-4
2
-37
1
-7
29
-33
7
15
-7
-5
-2
0
2
-5
-2
3
0
-9
2
-16
24
-7
-4
3
-1
0
-4
5
5
-6
1
4
-43
53
-13
22
-48
29
4
-18
-1
6
2
-9
2
1
-1
0
-1
-2
0
0
0
-1
0
-1
0
0
0
2
3
-8
3
8
0
-16
5
29
-47
22
-13
54
-42
6
1
-5
5
5
-3
1
0
3
-3
-6
24
-15
2
-6
1
4
0
-3
4
-1
0
-3
-7
18
7
-31
30
-3
3
-35
5
-3
32
-8
-17
50
-39
26
-12
-40
51
-1
-43
40
-48
23
-22
1
7
-17
9
-15
15
-13
12
-23
6
-3
-1
-1
0
-4
3
-3
0
-3
0
-2
-2
1
-1
-1
0
-1
-1
-1
-1
0
0
-1
2
-4
3
-2
3
-2
-2
8
6
-12
0
-6
6
-6
3
-5
5
-3
-3
2
-3
0
-2
-1
-1
-1
0
0
0
0
0
1
-2
3
-2
-3
5
-4
4
-4
6
-5
1
-11
6
9
-1
-2
3
-3
3
-3
2
-1
1
1
0
-1
-1
0
1
0
0
2
-1
0
1
-1
2
-2
3
-3
1
0
0
1
9
-20
14
-9
17
-11
10
-13
12
6
-19
30
-42
48
27
-24
-2
-6
-2
1
-7
-2
-1
-1
-1
-2
-2
1
-7
1
-2
1
-2
-1
-1
0
-1
-1
-1
-2
-1
-1
0
-2
0
0
0
-2
2
-2
1
-3
4
-3
2
0
0
0
3
-3
0
-1
-1
2
-4
0
0
0
-1
-1
1
-4
2
0
-2
-1
-3
-1
1
0
-1
0
-1
-1
3
-3
1
1
0
0
1
1
-2
3
0
0
1
-3
2
0
-1
1
2
-3
5
-2
1
-2
2
-2
0
0
0
-1
-1
-1
1
0
1
-1
1
1
0
0
-2
3
-2
3
-3
3
-1
-1
1
0
1
2
-2
5
0
1
2
-15
28
-24
-1
-7
-1
-3
-4
3
-7
0
2
-4
-2
-4
-1
-4
-1
-2
1
-4
1
-2
-2
-1
0
-1
-1
-1
-1
-1
1
0
0
0
0
1
1
-1
1
-2
0
0
4
-6
7
-3
0
-1
2
-4
2
0
-5
1
-1
1
-4
1
0
-1
-1
0
-2
-1
-1
0
0
0
0
0
0
0
-3
3
0
2
-4
1
3
-5
3
0
-1
-3
8
-6
4
-1
0
0
1
0
1
0
1
0
0
-1
1
-1
0
-1
0
1
1
0
0
-1
2
-3
1
-1
0
0
3
-2
1
-3
5
2
-5
6
-1
-1
1
0
3
-16
-4
-6
-4
-6
-2
-3
0
-4
0
-4
-1
-2
-3
-1
-3
-3
2
-3
-1
-2
-1
-1
0
-1
-1
-1
-1
-2
0
-2
-1
-1
-2
1
-3
3
-3
0
0
1
0
-4
3
-3
3
0
-3
1
-2
0
0
-2
-1
1
-3
0
0
-3
1
-2
0
-1
0
0
0
1
0
0
0
-1
1
-1
1
1
-2
2
1
-1
1
1
-1
2
-3
-1
2
-1
4
-2
0
1
-1
0
-3
3
-1
3
-2
0
1
-1
1
-1
1
0
0
0
1
-1
1
-1
0
-2
3
1
0
1
0
1
2
-2
2
-2
3
1
1
1
1
1
-10
-6
-3
-5
-4
-3
-2
-6
2
-3
-2
-2
-4
1
-4
-1
-3
1
-1
-1
-1
-1
-1
-2
-1
-2
-1
-1
-1
0
-1
-1
1
-1
0
2
-2
0
1
-1
-2
2
0
0
6
-6
0
0
-1
-2
-1
2
-3
0
0
-2
-2
0
-1
-2
1
-1
0
0
0
0
-1
1
1
0
-1
3
-1
-1
0
1
-1
3
-1
0
0
1
2
-7
5
1
0
1
-1
-1
2
0
-2
3
-1
1
1
0
-1
2
-1
-1
1
-1
0
0
1
0
1
0
0
3
-2
2
-2
4
-1
-1
1
-1
4
-2
1
0
-1
2
2
2
-44
15
-7
-4
-2
-3
-2
-3
-2
-2
0
-2
-4
-3
0
-5
0
0
-2
0
-2
0
-1
0
-1
-1
-1
-1
-1
-3
1
-4
1
2
-2
2
-1
2
-1
-1
1
1
-2
1
1
0
-1
1
1
-6
4
-5
0
1
-3
-1
1
-2
0
0
-1
-1
-1
0
-1
1
-1
1
-1
0
1
-2
2
0
-1
3
0
-3
5
-4
2
1
-1
0
2
1
-3
1
2
-1
-1
4
-2
3
-3
1
1
-2
2
-2
0
1
0
0
0
0
0
1
-1
1
0
1
1
-2
3
0
-1
1
1
0
0
2
0
0
1
3
-3
24
-9
-4
-5
-5
0
-4
-3
-2
-3
-4
-1
-1
-2
-3
-5
0
-1
1
-2
-1
-1
-1
-1
-1
0
-1
-2
-1
-1
0
-2
-1
-2
1
1
-2
0
-1
1
-3
4
0
0
3
-2
-1
1
1
0
-2
-2
1
-1
2
-5
4
-6
1
-1
-1
0
-2
-1
-1
0
0
0
0
0
-1
-1
3
-4
5
-4
2
0
1
-1
-1
1
0
2
-1
-1
5
0
-1
4
-3
0
0
1
0
0
2
-2
0
-1
0
0
0
0
-2
1
0
0
-1
0
0
0
2
0
3
-2
1
0
2
2
0
-1
2
1
-1
2
1
0
2
-17
1
-4
-7
-2
-4
-3
-4
-2
-3
0
-3
-3
-2
-2
-4
2
-2
-1
-1
-2
1
-3
-1
-1
-1
-1
-1
-1
0
-2
0
0
0
1
-4
4
-3
-1
8
-8
2
0
0
-1
3
0
-4
4
-4
2
-3
0
-1
4
-6
1
0
-2
-2
-1
1
-1
0
0
1
0
1
-1
-1
-2
1
2
-5
4
-1
1
-3
2
-2
5
-2
0
2
0
0
0
3
-7
8
-1
-1
4
-2
0
1
0
1
-1
0
0
1
-1
0
0
0
-1
0
-1
0
1
-1
2
-1
1
1
0
0
2
1
0
-1
0
1
0
1
0
9
19
-19
-3
-4
-3
-1
-4
0
-1
-1
-2
0
-3
-3
-2
-3
-1
-1
0
-1
-2
-1
-1
-4
0
-2
0
-1
0
-2
-3
2
-1
-1
0
1
1
-3
2
-2
2
2
-3
2
-3
2
-3
1
3
-2
0
2
-2
2
-6
3
-2
-1
-1
-2
0
0
-1
-1
0
0
-1
-1
1
1
0
1
-2
4
-4
3
-2
2
0
-2
4
1
-3
2
-3
2
-3
3
2
-2
4
-2
1
2
0
0
-1
1
-1
0
1
-1
1
-1
1
-2
0
1
-1
0
0
0
0
0
2
-1
-1
1
1
1
0
2
0
2
0
3
2
-11
-41
12
-6
-2
-4
-3
-2
-2
-2
-2
-3
-2
-2
-3
-2
-1
-3
2
-3
0
-2
0
0
-1
-1
-2
-3
0
-2
-1
0
-2
0
0
1
1
0
-1
0
0
1
-4
7
-4
-2
3
-2
-1
3
-4
-1
-2
-3
5
-4
3
-5
3
-3
-2
-1
-1
-1
-2
0
-1
0
0
1
0
-2
5
-4
3
-5
5
-2
-1
1
-3
4
0
-2
5
-3
-4
7
-4
1
1
1
-2
0
2
1
1
0
-1
0
0
-1
2
-1
0
1
-1
2
0
-2
1
-2
3
-2
1
0
0
0
1
0
2
0
0
1
0
-1
4
-1
18
0
-16
3
-6
-6
1
-4
-7
0
2
-4
-7
7
4
-32
7
20
-11
-4
5
-8
6
-7
0
4
-8
3
-1
-1
5
-12
7
1
-7
5
3
-5
0
-14
23
1
-10
2
-3
3
5
-6
-4
14
-17
6
-2
-4
13
-15
-6
16
-8
-7
4
-3
0
0
-1
0
-1
0
1
-2
5
-5
-6
17
-5
-14
15
-4
-1
6
-15
15
-2
-5
6
3
-2
1
-11
2
23
-13
0
-5
4
6
-8
1
9
-11
6
-2
1
4
-7
5
0
-4
9
-7
6
-2
-11
21
9
-29
8
11
-5
0
5
2
-3
0
3
-4
2
9
-7
-35
-8
57
-51
-5
-8
9
-5
-4
2
-4
-4
-4
2
-7
7
-12
-1
5
-1
-6
-3
3
-5
5
-7
3
-1
-5
-2
-1
3
4
-6
-1
0
2
-8
19
-20
8
5
-7
7
-11
9
-7
3
-11
21
-18
1
1
-6
8
-8
3
-5
1
-3
-1
-1
0
-1
-1
-1
1
-1
0
0
2
-3
5
-7
9
-4
2
1
-18
22
-10
4
-6
9
-10
8
-8
6
8
-22
19
-8
2
0
0
-6
4
4
0
-3
-4
2
4
-6
7
-4
4
-2
-5
0
6
0
-11
10
-4
4
-1
0
0
5
-1
-2
12
-3
-2
-45
62
-2
-17
55
-135
98
-25
-3
-10
0
-3
0
-4
1
-8
2
-6
-3
0
-19
59
-77
45
-12
-9
28
-36
21
-18
19
-28
34
-25
-4
21
-19
18
-28
32
-35
22
10
-20
8
-4
6
-8
3
1
-2
7
-15
18
-28
36
-35
17
-5
3
-4
-2
1
-1
-1
-1
0
0
-1
-1
0
0
2
-2
-2
4
-4
19
-33
36
-26
18
-15
8
-1
2
2
-8
6
-3
9
-19
10
22
-35
31
-25
19
-17
21
-4
-25
35
-27
20
-17
22
-35
27
-8
-11
46
-76
61
-17
1
1
-3
6
-5
4
-2
4
-1
3
-7
1
-22
105
-129
63
-51
14
65
-153
105
-24
-14
3
-3
-5
-2
2
-8
1
0
-12
5
10
-36
47
-50
34
-5
-31
38
-26
-1
19
-21
7
2
-18
30
-28
8
11
-23
28
-29
17
1
-16
15
0
-8
7
0
-24
51
-51
29
-11
-5
9
-6
3
-4
0
1
-2
-2
1
-1
-1
0
0
0
0
-1
-2
2
1
-2
4
-5
11
-4
-10
29
-51
52
-24
0
6
-7
2
15
-16
2
18
-28
29
-23
12
10
-27
30
-16
2
7
-20
20
-1
-24
39
-30
-2
36
-50
50
-34
11
6
-8
3
4
-4
4
2
0
-1
8
-11
-20
108
-146
69
23
32
-39
-53
142
-108
12
-4
1
0
-4
1
-4
-3
-3
-5
4
-4
4
-15
-3
40
-34
-21
26
8
-11
-9
-5
3
17
-6
-30
29
4
-5
-13
-5
19
2
-15
0
2
12
1
-7
-1
-5
13
8
-30
12
14
-12
-2
-12
12
10
-17
2
-2
0
0
-2
-1
-1
0
0
-1
1
-1
3
-16
12
13
-10
-1
-12
15
13
-29
9
14
-4
-2
-7
0
12
1
1
-15
2
19
-4
-11
-5
4
29
-29
-5
18
4
-3
-9
-11
9
28
-20
-34
41
-1
-14
5
-3
7
-2
0
0
0
3
0
2
4
-1
16
-104
150
-49
-31
16
-23
-9
-9
16
-8
-4
0
-5
-1
-2
-2
-2
-4
-1
-6
2
-6
0
-17
37
-21
5
-20
2
8
-2
-2
4
0
20
-44
11
4
0
4
12
2
-23
16
-12
0
6
1
-2
2
-4
49
-84
34
-1
10
-10
5
3
-10
-3
6
-2
-2
0
-3
0
0
0
0
0
-2
1
1
-1
7
-2
-11
3
7
-9
11
-1
35
-83
49
-4
2
-1
1
6
0
-12
16
-23
3
13
5
0
4
11
-43
22
0
5
-1
-2
10
3
-17
6
-19
38
-15
1
-4
3
-2
2
0
1
1
1
2
-2
4
0
-4
18
-1
-3
-15
34
-34
40
-107
67
-7
-3
-6
1
-2
-2
-1
-3
-3
-1
-6
1
0
-1
-8
-5
9
-7
17
-12
-1
6
-13
6
-2
7
-19
8
-4
7
-11
8
-2
14
-15
5
-1
11
-11
5
1
-6
40
-69
31
-5
5
1
-7
-3
8
1
-3
-3
0
0
0
0
0
0
0
0
-1
1
1
-3
-1
2
10
-2
-7
2
6
-5
31
-68
40
-5
3
5
-11
13
-1
5
-16
14
-1
8
-10
7
-4
8
-19
9
-1
7
-11
7
-1
-11
18
-6
12
-5
-7
0
2
2
-2
2
-1
0
2
-2
2
3
-2
0
-4
71
-100
46
-25
10
0
-14
-15
-2
7
2
-7
-6
0
1
-4
-6
-2
0
-3
-4
1
6
1
-7
-8
-1
3
0
-3
1
2
-4
-8
-2
6
6
-3
-5
3
6
-1
-8
-4
5
4
-2
-2
5
6
-4
-11
-5
7
8
-1
-9
-5
2
4
2
-1
-2
-3
-2
0
0
0
-1
-1
1
0
-1
-2
-1
0
3
5
3
-4
-7
0
8
7
-4
-11
-4
6
6
-2
-1
5
5
-4
-7
-1
8
3
-3
-2
6
8
-1
-7
-3
2
2
-1
1
4
0
-8
-6
3
7
1
-3
-1
4
2
-3
-1
3
4
-4
-4
5
10
1
-10
-10
4
