0
2
-8
6
-8
1
9
-16
16
-7
1
0
0
0
-2
1
-9
17
-16
11
-1
-8
13
-3
-6
0
6
-4
1
0
1
-3
2
-1
-2
-1
-1
0
0
-1
-1
0
-1
0
0
1
-1
0
-1
-1
0
-1
0
-2
0
0
0
0
-1
-1
0
0
1
-1
0
0
0
-1
0
-1
0
0
0
0
-1
1
-1
-1
-1
-1
0
0
0
-1
0
-1
1
0
0
-1
-1
-1
0
-2
0
-1
-2
3
-2
0
-1
5
-8
1
6
3
-13
9
1
-11
16
-18
8
-3
0
-2
0
-2
-3
4
-16
15
-10
-3
6
-10
7
-7
0
6
-12
14
-20
32
-40
5
33
-27
9
-9
6
-14
19
-8
-11
43
-42
2
4
6
-11
20
-11
5
3
-8
5
-1
0
0
0
-4
6
-1
0
-1
0
0
-1
0
-2
2
-1
0
0
1
0
1
-2
2
-1
0
-1
0
0
-1
0
-1
0
-1
0
0
0
1
-1
1
0
0
0
1
-1
-2
0
0
0
-1
2
-1
-1
-1
-1
0
0
0
0
-2
0
-2
0
0
0
1
-8
4
-1
1
-1
1
-4
9
-3
-5
11
-19
11
-7
-3
-3
42
-43
10
8
-19
13
-7
7
-10
25
-34
-6
38
-32
19
-16
11
-10
0
4
-11
22
-29
10
29
-117
119
-21
-20
31
-32
24
-12
-12
52
-89
-19
132
-113
62
28
-89
59
-19
7
-6
4
0
-9
11
0
-8
2
2
-1
1
-3
2
-1
0
1
-2
2
-1
1
-1
-1
0
-2
1
-2
0
0
-1
0
0
-1
0
0
-1
0
0
0
0
-1
-1
0
-1
0
-1
-1
2
0
-1
1
-3
2
-2
1
-1
-1
1
-2
1
-1
-1
0
-2
2
-1
0
-2
-3
7
-1
-11
9
0
-5
7
-9
20
-59
89
-28
-63
113
-133
17
89
-52
11
11
-26
30
-32
17
20
-120
117
-30
-11
28
-24
10
-8
0
-1
0
-10
17
-47
3
170
-164
5
16
15
-19
15
-17
-19
193
-238
-2
71
87
-77
-82
71
48
-40
-9
-6
18
-2
-10
3
-1
16
-22
4
3
-1
2
0
-2
0
0
-1
1
-1
0
0
-1
0
2
-4
1
-1
-2
1
-1
-2
-1
-1
-1
0
-1
-1
0
0
-1
-1
1
-1
-1
1
0
-2
0
-1
-1
3
-3
0
0
-1
-1
1
-2
1
0
-1
1
-1
-2
1
-4
-5
21
-17
0
-3
9
2
-17
5
8
38
-48
-72
83
77
-88
-71
1
237
-194
18
14
-14
18
-16
-18
-7
163
-171
-4
46
-19
9
-1
-3
0
-8
14
-25
16
42
-21
-104
113
-50
30
-10
-31
51
76
-100
-251
327
25
-69
-124
62
81
-130
141
-46
-29
21
-20
4
-4
29
3
-65
32
11
-3
-2
-2
3
0
-1
-2
0
0
-1
1
-1
1
0
-1
2
-1
0
0
3
-2
0
-1
0
-1
0
-1
-1
0
-1
0
0
0
-1
-1
-1
1
-3
0
0
1
-3
0
1
-1
1
-1
1
-1
-1
1
-1
-1
-4
1
2
3
-12
-34
63
-4
-31
3
-5
20
-21
28
45
-142
128
-83
-62
125
68
-26
-327
251
100
-77
-53
30
9
-31
47
-114
105
20
-43
-18
22
-15
4
0
-10
10
22
-22
-30
45
-42
-17
84
-38
-7
-36
29
20
-131
305
-186
-41
139
-150
-54
183
-181
154
-67
24
-3
-20
12
25
-46
78
-88
25
4
-3
2
-1
2
-3
3
-2
0
0
0
0
0
1
-2
1
-2
1
-1
1
1
0
-1
-3
0
0
0
0
0
0
0
-1
0
-1
-1
1
0
-1
0
-1
0
-2
3
-1
0
-1
-1
-1
0
-1
-1
1
-3
2
-2
-2
-3
2
-6
-25
86
-79
48
-27
-11
18
4
-25
66
-154
181
-183
55
149
-140
41
185
-305
130
-20
-29
35
4
34
-85
16
42
-45
28
20
-24
-12
6
0
-1
3
-22
25
-16
-17
53
-62
70
-98
84
-20
-65
129
-168
243
-351
335
-218
135
-43
11
-25
25
-46
47
-40
43
-20
9
-22
26
-48
59
-43
20
1
-3
3
-3
0
1
-1
-1
0
-3
0
0
0
2
-3
-1
3
-1
-1
1
0
-1
-1
1
-1
0
0
0
0
0
0
-1
0
0
-1
-2
0
1
-3
0
3
-2
0
-1
-1
2
-1
1
0
-1
0
3
-4
3
0
-20
42
-59
46
-27
21
-9
20
-43
40
-48
47
-26
27
-11
43
-135
218
-336
351
-244
165
-131
63
19
-85
96
-72
61
-55
16
14
-27
19
-4
-4
0
6
-16
21
-35
48
-63
51
62
-143
97
-60
44
-68
135
-254
179
151
-269
202
-157
90
100
-198
39
33
-11
-11
41
-32
29
-57
4
95
-70
7
-2
2
-2
0
2
-3
0
0
-2
-2
1
-2
1
-2
5
-9
2
2
-3
3
-1
1
-1
1
-1
0
0
-1
0
0
0
-1
0
-1
0
0
1
-2
3
-2
-3
8
-6
1
-1
1
-2
1
1
0
-1
1
-3
0
1
-4
1
-9
68
-97
-5
57
-29
32
-42
10
9
-36
-40
198
-101
-89
156
-203
268
-153
-179
253
-136
67
-44
58
-99
140
-62
-51
62
-49
33
-24
14
-10
0
0
4
-24
20
4
-43
52
75
-125
-12
45
-5
-77
131
99
-155
-181
198
44
-70
28
-21
-13
50
-17
-31
-10
43
-3
-19
16
-59
99
-44
-17
9
3
-5
4
-1
-1
-1
-1
1
1
-3
1
-1
1
-4
1
2
-1
-2
1
0
-1
0
0
0
0
0
-1
0
0
0
-1
0
-1
-1
0
0
-2
1
2
-2
-2
3
-2
1
-3
3
-2
-2
0
-1
-1
1
-4
5
-3
-9
17
42
-99
58
-16
18
2
-42
10
31
16
-50
12
20
-27
69
-45
-198
181
155
-100
-131
76
5
-46
10
124
-76
-54
43
-5
-22
21
-5
-5
0
-9
3
23
-8
-35
14
57
-172
164
-10
-17
-19
-65
125
-107
3
134
-134
41
89
-113
-59
159
-110
56
-37
27
-12
-6
-13
48
-72
72
-10
-23
6
-4
7
-4
-1
1
0
1
-2
-3
4
-3
1
0
1
-7
8
-5
2
-1
0
0
0
0
0
-2
-1
0
0
-1
-1
0
0
-1
0
-1
0
0
-2
4
-9
4
-2
0
-2
2
-6
2
0
-3
0
-1
0
5
-8
3
-7
23
9
-72
71
-47
14
5
11
-29
36
-57
110
-160
59
113
-90
-41
133
-135
-4
105
-126
63
18
15
9
-167
170
-58
-15
34
6
-25
-4
3
0
1
2
-23
32
-35
44
-53
52
-39
23
9
-51
48
-57
105
-155
168
-127
85
-38
-4
-16
65
-102
69
-35
26
-13
-7
-12
50
-36
16
-10
2
1
-1
2
-3
0
-2
2
0
-2
4
-3
0
-2
1
-2
4
-7
2
-1
0
-1
-2
0
-1
0
-1
0
0
0
0
-1
-1
0
-1
-1
1
0
-1
-1
-3
7
-5
0
-2
1
0
2
-5
1
0
-3
0
-1
2
-3
0
-1
-2
10
-16
35
-51
12
6
14
-26
35
-70
101
-67
15
2
38
-85
127
-168
154
-107
55
-50
49
-11
-26
37
-52
53
-45
34
-34
20
-5
-5
0
3
-10
17
-13
-10
63
-98
88
-42
-61
81
-38
53
-10
-151
83
120
-144
102
-46
-33
104
-29
-94
44
5
7
-8
5
2
1
0
-13
2
6
-1
5
-5
0
0
0
-1
1
0
0
-2
5
-5
2
-2
1
1
-2
1
-1
-1
0
0
1
-1
-1
0
-1
0
-1
-1
-1
0
0
-1
0
0
0
-1
1
-2
0
0
-3
4
-4
2
1
-1
-2
1
-1
-1
0
4
-5
0
-6
-3
12
0
-1
-2
-5
7
-6
-7
-44
93
28
-105
31
46
-102
143
-121
-84
150
8
-54
35
-83
57
40
-89
96
-65
8
11
-19
9
-8
0
-6
7
-9
2
2
36
-42
-69
106
-22
-28
54
-97
63
-18
-24
45
38
-27
-36
-48
83
28
-68
20
9
-8
-3
-3
13
-17
12
5
-8
-2
3
-5
4
-2
1
-1
-3
2
0
-3
4
0
-2
0
0
1
-1
-1
0
-2
-1
-1
0
-1
0
0
-1
0
0
-1
-1
-1
-1
0
-1
-1
0
1
0
1
1
-2
0
-1
2
-1
-5
2
-1
-2
1
0
-2
1
-5
4
-4
0
8
-7
-13
17
-14
3
3
6
-10
-20
68
-27
-83
49
36
25
-38
-45
24
18
-65
95
-56
26
20
-109
68
42
-37
-5
-3
6
-7
1
0
-4
6
-10
2
17
-48
51
1
-19
3
-49
58
12
-65
110
-152
149
-103
45
-15
-1
17
-36
35
-15
6
-5
-1
5
0
-6
6
-6
2
1
-2
4
-5
0
0
1
-2
1
-2
3
-2
-2
3
-4
4
-5
1
-2
0
0
0
-1
0
0
0
0
-1
-1
0
0
-1
-1
-1
0
-1
1
-2
0
-1
1
-2
3
-5
3
-3
1
2
-3
3
-2
1
-1
-1
-2
4
-4
2
-2
-2
4
-7
5
0
-6
1
6
-8
16
-36
35
-18
1
15
-45
102
-150
152
-111
63
-15
-59
45
-4
18
-2
-50
46
-18
-4
7
-8
-1
0
2
-8
12
-19
22
-17
-4
38
-27
-8
7
14
-53
-1
68
16
-68
48
-46
34
9
-47
43
-14
-12
6
1
0
8
-7
0
6
-11
7
1
-1
-1
1
2
-4
2
-2
-1
0
-1
1
-1
-1
-1
-5
3
0
0
-1
-1
0
-1
0
-1
0
0
0
0
0
0
0
-1
0
0
0
0
0
0
0
0
0
-3
3
0
0
-2
-2
0
-1
0
-1
-3
3
-3
-2
-1
1
-1
-7
10
-7
-1
7
-7
1
-1
-8
11
14
-43
46
-10
-33
44
-49
68
-17
-69
0
52
-15
-10
6
25
-38
4
17
-23
17
-14
7
-6
0
-5
4
-4
-7
9
28
-37
-2
6
8
-1
-5
-4
-57
112
-45
-15
-4
3
15
8
-27
10
5
-8
7
-10
11
-5
9
-9
5
-6
3
-3
1
1
-2
0
-1
1
-1
-1
0
-3
3
-3
1
0
0
0
-1
0
0
-2
1
-2
-1
0
0
-1
-1
-1
0
-1
0
0
-1
0
-1
0
-3
1
-1
0
0
0
-1
0
-1
3
-4
1
0
-1
0
-1
-1
-1
0
-1
-2
1
-5
4
-6
9
-9
5
-11
10
-7
8
-6
-9
27
-9
-16
-4
5
15
45
-112
55
2
3
0
-11
-9
1
36
-28
-9
5
2
-5
0
0
-1
4
-9
1
15
-26
46
-68
41
-5
-5
4
12
-40
56
-40
19
-15
14
-12
-7
14
-4
10
-8
-3
5
-4
-1
1
3
-12
8
0
-2
2
-1
0
2
-1
-1
0
1
0
-1
0
-1
2
-3
-1
1
-3
2
-2
2
-1
-2
0
0
0
1
0
0
0
0
0
0
-1
0
0
0
1
-1
1
-3
1
-2
-1
2
-3
0
-1
0
-1
-2
0
-1
0
-3
-2
2
-3
2
-1
-7
12
-3
-2
0
3
-6
3
7
-10
3
-13
6
11
-13
16
-20
39
-56
38
-13
-5
3
3
-42
67
-46
25
-17
-2
6
-6
-3
0
2
-7
12
-20
22
-11
-10
41
-49
36
-29
21
-25
-8
71
-50
-2
14
-17
5
2
7
-5
3
-1
0
-1
1
-3
7
-4
-5
8
-4
2
-1
-1
2
-1
-1
2
-2
1
0
0
-2
1
-2
2
-2
0
2
-3
0
0
0
-1
0
1
-1
-1
-1
-1
0
-1
-1
0
0
0
-1
0
-1
-1
0
3
-3
0
1
-2
2
-2
0
0
-1
-1
1
-2
0
0
-2
-1
0
-2
4
-9
5
5
-8
4
-1
1
0
1
-3
6
-9
-1
-5
17
-15
2
50
-72
7
25
-23
27
-38
47
-41
9
10
-23
19
-15
5
-7
0
-3
6
-14
-7
25
19
-50
33
-19
16
-17
3
11
-23
27
-14
6
-1
-6
4
-5
15
-10
2
0
0
1
-3
3
-2
-1
1
0
-2
0
-1
3
-4
2
-2
-1
-1
0
-1
1
1
-2
1
-1
0
0
0
0
-1
0
-1
-1
-1
0
0
-1
0
-1
0
0
0
-1
0
-1
-1
-1
0
0
0
-1
0
0
-1
0
-2
1
0
0
0
0
0
-1
0
-3
2
-3
0
0
1
-2
-2
0
0
-3
3
-2
0
0
-2
10
-16
6
-4
6
1
-6
13
-28
23
-12
-5
14
-18
15
-33
50
-21
-26
6
10
-8
-1
0
-2
3
-5
-2
5
0
2
-11
12
-8
20
-26
5
-1
-1
8
-4
-4
4
-4
3
-4
-1
6
-3
-1
-1
2
2
-6
6
-4
3
-2
0
1
0
0
0
0
0
-1
0
-1
-1
0
1
-2
2
1
-2
4
-5
1
-1
-1
0
0
-1
0
0
1
-3
0
0
-1
0
-1
0
0
0
1
-1
-1
2
-4
2
0
-3
2
-1
-1
1
0
-1
-1
0
-1
-1
0
0
-1
-1
3
-4
4
-6
6
-2
-3
0
-1
2
-7
1
3
-4
3
-4
3
3
-8
-1
-1
-7
25
-22
7
-14
11
-2
0
-7
1
1
-4
-3
0
-3
3
-2
-1
3
-4
3
-6
2
-3
3
-5
1
-4
4
-3
4
-1
-2
4
-5
3
0
0
-5
4
-1
1
-2
1
1
-4
4
0
-2
1
0
-1
0
-2
1
-1
0
0
0
-1
-2
1
-2
-1
2
-2
1
-1
1
-1
-1
0
0
0
-1
-1
0
0
0
0
1
-1
0
0
0
0
0
0
-2
1
-2
-1
0
-2
0
1
-1
0
-1
1
-2
1
-2
1
-1
-1
0
-1
-4
3
-2
-1
1
-1
0
-3
6
0
-2
-1
4
-4
2
1
-3
2
-5
2
-5
4
-4
1
-4
5
-4
2
-4
-1
-1
-3
-1
0
-2
1
-2
-1
3
0
-3
9
-6
1
-4
0
7
-9
0
2
-1
-4
3
0
0
0
-2
0
2
-2
1
-1
-1
0
-1
2
-2
-1
0
-1
1
0
1
0
0
-1
-1
0
0
1
0
0
0
-1
2
-3
2
0
-1
0
-1
1
0
-1
0
0
-1
0
0
0
0
0
-1
-1
1
0
0
0
-2
1
-1
0
0
0
0
-2
0
0
-1
0
1
-1
0
0
-1
0
0
0
1
-2
0
-1
-1
0
-1
2
-2
-1
2
-1
-1
0
-3
3
0
-2
-1
8
-9
-1
2
-3
4
-10
3
0
-2
0
0
-2
-2
0
-2
1
-2
0
-2
0
0
0
-2
-1
-2
4
-7
6
-5
4
-1
0
-2
5
-2
1
-1
1
-1
0
2
1
-2
0
0
1
-2
2
-1
0
0
-1
1
-1
1
-1
2
0
0
0
-1
-2
1
-2
1
-2
-1
0
0
0
1
-1
0
-1
0
-1
0
0
0
-1
0
0
-1
0
-1
0
-1
0
-1
1
-2
1
-3
1
0
-2
0
0
-3
-1
-1
1
-2
1
-1
-1
1
-3
1
-2
0
-1
1
0
0
0
1
-1
1
-1
4
-4
1
-1
1
-5
4
-7
7
-6
0
-1
0
0
-1
-1
-2
-1
-1
-2
-2
0
-2
0
0
0
-1
0
0
-4
3
-1
0
-3
0
-1
-2
1
-1
-1
0
0
0
0
0
2
-4
1
0
1
0
-1
0
1
-1
0
-1
0
0
0
0
0
0
0
0
0
0
0
1
0
-1
-1
1
0
-2
0
0
0
-1
-1
0
0
0
-1
0
0
-1
0
0
0
0
-1
0
0
0
0
0
-2
-1
0
1
-1
0
-2
2
0
-1
1
-1
0
0
-1
0
0
0
-1
0
-1
0
0
0
-1
-1
0
2
-2
0
-1
1
0
-2
1
0
-2
2
-1
-3
2
-3
1
-4
3
-1
-2
0
-1
-2
-2
-3
0
-2
0
-3
1
0
1
0
-1
-1
0
-1
-1
0
1
-3
0
0
0
2
-1
-1
-1
4
-5
2
1
-1
1
0
1
-1
0
-1
0
0
-1
-2
1
-1
-1
-2
2
-1
-1
-1
-1
1
-2
0
-2
0
0
0
-2
1
-1
1
-1
-1
-1
-1
-1
0
0
-1
-1
-1
0
-1
0
0
1
-1
-1
-1
0
-1
-1
-2
1
-2
-1
0
0
0
-3
0
1
0
-2
0
0
-1
-1
-1
-1
-1
0
-1
-1
0
0
-2
4
-4
0
0
1
-1
-1
-1
-1
0
-2
-1
-1
0
-2
0
1
-1
-1
0
-2
-1
-1
-1
0
-2
0
-1
0
0
-1
0
5
-5
2
-4
2
-1
1
-1
0
2
-1
1
-1
0
1
0
2
0
-1
0
0
1
-2
0
1
-1
1
-1
0
-2
0
1
-1
-1
0
-1
-1
0
0
1
-1
-1
-1
0
0
-1
1
-1
-1
0
-1
-1
-1
-1
0
0
0
-1
1
-1
0
0
0
0
0
1
0
0
-1
0
0
-1
1
-2
1
-1
0
0
-2
0
0
-1
0
1
-2
1
-2
2
-1
-1
1
-1
0
-1
0
0
-3
1
0
1
0
-1
1
-1
0
0
-2
0
-3
1
-4
3
-5
-2
0
-1
-1
-1
-1
-3
0
-2
1
-1
-1
-1
-2
2
0
-2
1
-1
0
1
-1
-4
3
0
0
-1
0
0
-1
-1
1
0
0
0
1
-2
1
1
0
-1
1
-1
0
0
-2
1
1
-2
1
0
-1
0
-1
0
1
-2
1
-1
-1
0
-1
-1
0
-1
0
0
0
-1
-1
0
0
0
0
0
0
0
0
0
-1
0
1
-1
0
1
-2
1
-1
-1
0
-1
1
-1
-2
0
-1
-2
0
-2
0
0
-1
0
0
-2
-1
1
-1
0
-1
-1
-1
0
0
-1
-1
1
-2
-2
-3
4
-2
-2
0
-1
-3
0
0
-3
0
-1
-1
-1
-2
-3
0
-1
0
-1
0
-1
1
1
-4
1
-1
-1
-1
0
-1
2
0
-1
-1
-1
0
-2
1
1
-4
3
-1
-1
1
-2
1
0
-1
0
-1
2
-1
0
1
0
0
0
-1
0
1
-1
0
-1
1
0
-1
2
0
-1
0
0
0
0
0
0
0
-1
0
-1
0
0
0
0
0
1
0
0
0
0
-1
0
-1
0
0
0
-1
1
-1
0
-1
0
0
-1
-1
0
-1
0
0
-2
0
-1
0
0
-1
1
-1
0
0
-3
3
-1
-1
0
0
-1
-1
-1
0
-3
0
0
0
-1
-1
-1
4
-2
-2
-2
0
-1
-2
-1
0
-1
0
-1
0
1
-1
0
-1
-2
-2
1
-1
-1
-2
0
1
0
-1
2
-1
-1
1
0
0
1
-1
-1
-1
0
0
0
1
-2
1
-1
0
1
-1
0
0
0
0
-2
0
1
-1
-1
1
-1
-1
0
0
-2
-1
0
0
-1
0
0
-1
0
0
-1
0
0
-1
0
0
0
-1
0
-1
-1
-1
0
-1
-1
0
-1
-1
0
1
-2
0
0
-1
-1
-1
-1
0
-1
0
0
-2
0
-1
0
-1
0
-1
-2
-1
-1
0
0
-1
1
-1
-2
0
-1
-1
-3
0
-1
0
-3
1
-1
-1
-1
0
-2
-1
0
-1
-3
0
-2
1
-1
-1
-1
0
0
2
-2
-1
0
-1
-2
0
-1
0
0
-1
1
0
-1
0
-1
2
-3
1
0
0
-1
1
0
-1
0
-1
0
0
0
0
-1
-1
-1
0
0
0
0
0
0
-1
0
-2
0
0
-1
-1
0
-1
0
0
-1
0
-1
-1
0
0
0
0
0
0
-1
0
1
-1
0
0
0
0
-2
-1
0
0
0
-1
1
-1
0
0
0
0
0
-1
0
-1
0
-1
-1
1
0
-1
0
0
-1
0
1
-4
1
-1
0
0
-1
-1
0
-1
0
-2
0
-1
-1
-1
-1
-3
0
0
-1
-1
-1
-1
-1
0
-1
1
-2
0
-2
0
-1
0
-1
0
0
-1
0
-1
-1
0
-1
-1
0
0
0
-1
-2
1
0
1
-2
0
0
0
-2
-2
1
0
0
0
0
1
-1
1
0
-1
-1
1
-2
-1
0
-2
0
-1
0
0
-1
-2
-1
0
0
-1
-1
-1
0
-1
-1
0
-1
-1
0
-1
0
0
0
-1
-1
1
0
-1
0
-1
-1
1
-2
1
1
-2
0
0
-1
-2
0
-1
-1
0
0
0
-1
1
-2
0
-1
0
-1
-2
0
-2
0
0
-2
0
-1
0
0
-1
-1
-1
-2
-1
-1
0
-2
0
-1
-1
0
-2
0
-2
-3
0
-1
-1
0
2
0
0
1
0
0
-1
0
1
1
-1
-1
0
0
0
0
-1
1
1
-1
0
0
0
1
0
0
1
2
0
-1
0
0
0
-1
-1
-1
-1
0
0
0
1
0
0
0
0
0
0
0
0
0
0
-1
-1
-1
0
-1
0
0
0
0
0
0
-1
-1
0
0
0
-1
-1
0
-1
0
0
0
-1
0
-1
-1
0
0
-1
-1
-1
-1
0
-1
-1
0
-1
0
0
0
0
-1
-1
0
0
-1
-1
0
0
0
-1
0
0
0
-1
-2
-1
0
0
-2
-1
0
0
-1
-1
-1
0
-1
-2
-3
-1
0
