0
0
0
2
-5
3
-3
-1
1
-2
-1
1
-2
0
-1
-4
6
-5
1
0
-1
4
-5
2
-1
0
0
-1
1
-2
-1
-1
0
-1
1
-1
0
0
0
0
-1
0
-1
-1
1
1
-1
0
-1
0
-1
-1
-1
-1
0
-1
1
-2
0
-1
0
-1
0
-1
0
-1
0
0
0
-1
0
0
-1
0
0
0
-1
0
-1
-1
1
-1
0
-1
0
0
0
-1
0
0
-1
-1
-1
-1
-1
0
0
0
-1
0
-1
1
-1
0
1
-3
5
-5
1
1
-2
4
-6
2
-1
-1
1
-2
-1
0
-2
0
2
-5
4
-3
-1
-3
0
-8
12
-32
69
-102
76
3
-33
12
-2
-7
26
-24
-17
70
-112
91
-29
-26
81
-103
81
-31
-1
5
-7
11
-8
7
-6
3
-3
0
1
0
-1
-1
3
-3
2
-4
2
-1
-1
0
0
0
1
-1
0
1
-1
0
-1
1
0
-1
-1
0
-1
-1
0
0
0
0
-1
0
0
-1
0
0
-1
-1
0
-1
0
-2
-1
0
-1
0
-1
-1
0
0
-3
3
-3
3
-3
1
1
-2
-2
-2
2
-4
5
-8
8
-10
8
-4
0
31
-82
103
-81
26
27
-91
112
-71
15
22
-28
7
1
-14
31
-4
-79
100
-70
30
-13
4
0
-3
-12
52
-23
-39
-17
59
3
-31
10
-33
24
58
9
-131
-62
187
15
-41
-127
59
88
-36
-21
20
-3
-21
-2
22
-11
-2
6
2
-8
2
4
-8
-3
11
-3
-2
-1
1
-1
0
0
0
-1
0
-1
-1
0
1
0
1
-1
0
0
0
-1
-1
-1
0
0
-1
-1
0
0
-1
0
-1
1
-1
0
-1
-1
0
0
-2
0
0
0
-1
-1
-1
-1
2
2
-12
2
9
-5
-3
7
-3
-7
1
11
-22
1
20
3
-23
21
35
-88
-58
127
42
-16
-188
61
129
-9
-58
-25
31
-14
27
-5
-62
16
37
22
-54
11
-2
0
-1
18
-58
71
-39
-29
49
-20
3
-6
15
-72
109
-12
-157
322
-338
179
18
-150
166
-93
2
38
-23
-21
23
5
-18
14
0
-7
10
-7
4
-3
2
-3
2
-1
-2
0
0
-1
0
0
0
-1
-1
0
-1
-1
0
-1
1
-1
-1
-1
0
0
-1
-1
-1
0
-1
-1
-1
-1
-1
0
0
0
-1
0
-1
0
0
0
0
0
-2
-1
0
-1
0
-2
1
-1
-3
2
-4
2
-4
6
-10
7
0
-14
17
-6
-23
22
23
-39
-3
93
-166
150
-19
-179
337
-323
155
11
-111
70
-17
5
-5
19
-49
29
38
-72
54
-20
-3
0
-5
16
-41
89
-129
108
-31
-43
32
6
-7
-61
148
-182
139
-24
-116
196
-184
90
8
-41
53
-44
29
-19
7
3
-9
5
-2
1
0
-1
0
0
2
-3
0
0
0
1
0
-1
-1
0
-1
0
-2
-1
0
-1
0
-1
-1
0
0
-1
0
0
1
-1
0
0
-1
0
1
-1
0
-1
-1
-1
2
-1
-1
0
-1
0
0
-1
-1
0
-1
0
0
-1
0
-1
-1
2
-3
0
0
0
0
-1
3
-5
9
-4
-8
18
-28
43
-53
42
-9
-92
183
-197
115
23
-141
183
-148
59
4
-8
-34
42
31
-111
129
-91
38
-18
1
0
7
-29
56
5
-60
-13
87
-93
39
2
5
-114
157
49
14
-288
190
-32
48
-80
78
9
-38
-7
8
-5
7
-1
0
-1
0
0
0
-1
1
0
0
0
0
-1
-2
2
-1
1
-1
0
-1
1
1
-2
-2
1
0
1
-3
1
-2
1
0
-2
-1
0
-1
0
0
0
0
1
-1
-1
0
-2
4
-2
-1
-2
1
1
-1
-2
0
0
1
-1
1
-1
0
0
-1
-1
0
0
0
0
-3
-1
0
0
1
0
-7
4
-9
7
38
-9
-79
81
-48
31
-191
287
-14
-51
-158
113
-6
-4
-41
92
-87
12
58
-7
-59
27
-12
0
-10
-5
42
-59
51
-4
29
-117
71
1
4
-83
148
-106
154
-274
214
-123
124
-187
207
-111
26
0
-4
5
-7
0
3
-2
2
-2
2
-3
0
3
-7
8
-7
3
0
0
-1
0
0
0
0
2
-3
1
-2
1
-2
1
-2
0
1
0
-1
0
-1
0
0
0
0
0
-1
-1
0
0
-1
0
0
-3
0
-2
1
-1
2
-2
0
0
0
-1
1
-1
1
-3
6
-8
6
-3
-1
2
-2
1
-1
2
-3
-1
6
-7
3
0
-26
111
-209
186
-125
122
-214
274
-156
104
-151
82
-6
-2
-73
117
-29
4
-53
57
-45
4
6
0
-2
3
3
-43
55
-17
31
-61
33
-8
-11
87
-56
-96
-25
149
29
-123
43
93
-120
9
20
1
-1
1
0
-1
1
-1
-1
1
0
0
0
-3
-2
6
3
-9
0
2
-2
-2
1
1
-1
0
-1
-1
0
0
0
0
0
0
-1
0
-1
0
0
0
1
0
0
0
0
0
0
-1
0
-1
-1
1
1
0
-1
1
-1
-1
0
-1
-2
1
0
-4
-1
7
-5
-7
3
2
-2
-2
-1
-2
0
1
-2
1
-1
-1
1
-2
-20
-10
120
-93
-44
122
-30
-150
25
95
53
-87
9
6
-34
60
-31
16
-57
43
-6
-3
-4
0
-4
21
-52
71
-92
108
-67
16
-13
19
7
-82
129
-88
6
63
-119
82
23
-91
114
-87
31
0
-2
1
-2
3
-1
-2
1
1
-4
2
2
-3
2
3
-11
6
-1
-3
5
-5
1
-1
1
-3
1
0
-3
2
-1
0
-1
-1
0
0
-1
0
-1
-1
0
0
1
0
-1
0
-1
-1
1
0
0
0
0
-2
1
0
-2
2
-2
0
-2
3
-6
2
1
-7
11
-3
-2
2
-2
-3
5
-1
-1
1
1
-3
2
-4
2
0
-31
86
-116
91
-23
-82
119
-64
-6
86
-130
79
-9
-20
11
-17
67
-110
90
-73
49
-22
-3
0
-7
30
-67
83
-53
-7
-21
59
-7
-18
-22
72
-48
-61
189
-159
-31
100
-11
-109
99
-25
7
-1
1
-1
0
2
-3
3
-2
0
2
0
-2
-1
1
5
-9
7
-1
-5
2
0
-1
1
-1
1
-1
-2
0
-1
2
0
0
1
1
-1
-1
-1
0
0
0
0
0
0
-1
0
0
0
-1
-1
1
0
-2
1
-2
1
0
-2
0
-1
0
-1
-4
3
1
-7
8
-5
0
1
0
-2
-3
0
2
-3
2
-2
0
1
-2
1
-7
25
-98
109
11
-99
29
158
-189
59
47
-72
19
17
4
-59
20
5
53
-83
65
-32
3
0
0
13
-19
-36
125
-182
81
33
-24
14
10
-80
112
-41
-168
187
10
-39
-77
145
-100
21
4
-5
2
1
-1
1
0
0
-2
-2
6
-10
7
-5
8
1
-8
0
3
-3
-2
4
-1
0
-1
-1
0
-1
-1
0
2
-2
0
0
-1
-1
0
0
-1
0
0
0
0
-1
-1
-1
0
-1
0
-1
0
1
-2
0
-1
0
-2
1
1
0
0
-4
1
2
-3
-1
7
-2
-8
4
-7
9
-7
1
2
0
0
-2
1
-2
-2
5
-3
-21
100
-146
76
39
-11
-187
166
40
-112
78
-12
-17
23
-34
-82
181
-128
34
16
-15
-5
0
-7
3
1
19
-45
15
99
-136
38
3
-20
46
53
-196
212
-119
19
23
-96
156
-77
0
4
-5
6
0
-2
3
-3
3
-1
2
5
-12
5
-2
7
-12
10
-8
8
-9
1
4
-4
2
0
0
-2
2
-3
3
-2
-1
2
-1
0
-1
0
-1
-2
-1
-1
0
0
0
0
0
0
0
-2
0
-2
2
1
-3
1
-2
1
-1
0
-3
3
-5
-3
8
-9
8
-11
10
-8
1
-5
10
-6
-2
1
-3
2
-3
1
1
-6
5
-4
-1
78
-156
96
-25
-20
118
-213
195
-54
-47
17
-6
-39
136
-100
-16
43
-20
-3
-5
3
0
17
-24
13
-11
-120
292
-184
6
29
-34
-18
84
-7
-121
199
-116
-46
23
-30
84
-45
15
-2
1
-4
-2
2
0
0
-1
1
1
-2
0
-2
-1
4
1
-4
1
1
1
-3
-3
4
-2
0
1
-1
0
1
-1
0
-1
1
-2
1
0
-1
-1
0
-1
-1
0
0
0
0
-1
0
0
-1
2
-2
1
1
-1
-1
-1
1
-1
-1
0
-3
2
2
-1
-2
-1
3
-2
-5
1
2
-2
1
-1
-1
0
0
-1
-2
2
4
-1
1
-17
45
-85
29
-24
46
116
-201
118
6
-85
16
32
-31
-7
183
-294
120
10
-16
23
-21
0
-15
-2
34
-49
-119
356
-276
78
12
1
15
-104
-5
246
-383
268
-76
24
-20
3
36
-44
27
-24
18
-11
5
-3
4
-2
0
-2
0
0
0
-2
3
-4
3
-3
0
1
-1
3
-3
-1
1
0
-1
0
0
0
-1
2
0
-1
-1
0
-1
0
0
0
0
0
-1
0
0
-1
1
-1
0
0
1
-3
-1
1
0
-1
1
-1
-1
0
2
-3
1
-1
0
2
-3
3
-4
1
0
-2
-1
1
0
1
-2
4
-6
10
-18
24
-28
43
-36
-4
20
-24
75
-269
383
-248
4
103
-16
-5
-14
-78
275
-356
118
47
-36
1
10
0
18
-53
56
34
-182
240
-70
-62
17
12
-5
-39
-60
174
10
-107
-11
-2
-12
129
-103
15
2
-3
4
1
3
-8
2
1
1
1
-1
-1
0
-2
2
1
-2
-1
-1
1
1
-1
-2
0
1
0
-1
-1
0
-1
0
0
-2
1
0
-1
0
0
-1
-1
0
0
-1
-1
0
-1
0
0
0
-1
1
-1
0
0
0
0
-1
0
-1
-1
1
0
-2
-1
0
0
3
-2
-3
1
0
0
0
-1
-1
-1
-2
7
-3
-1
-4
2
-2
-15
103
-130
11
1
10
107
-10
-175
59
37
4
-15
-18
61
69
-241
180
-36
-58
52
-22
0
-16
-14
73
-125
91
7
2
-37
-2
6
-46
181
-238
158
-49
-8
4
6
-60
126
-87
27
-17
13
-8
1
4
-8
6
-2
2
-5
3
-2
-1
2
-4
4
-2
0
0
-1
0
1
-1
1
0
-1
0
-1
0
-1
-1
-1
-1
1
-1
0
-1
0
0
0
0
0
-1
-1
0
-1
0
-1
1
-1
1
-1
-1
0
-1
0
-2
0
-1
-1
2
-2
-2
0
-1
-2
1
-4
4
-3
1
0
-4
5
-4
1
-6
8
-5
-2
8
-13
17
-27
87
-126
59
-7
-4
7
48
-160
236
-182
44
-7
1
37
-2
-7
-91
123
-76
13
10
0
19
-29
26
-15
41
-115
83
4
-14
-1
-1
15
-40
70
-122
108
-41
30
-28
8
-1
0
-1
0
-1
0
0
1
0
-1
1
-2
0
-1
0
0
0
0
0
0
0
0
-2
1
0
1
-2
-1
-1
0
-1
0
-1
-1
-1
-1
-1
-1
1
-1
0
-1
-1
0
0
0
0
0
0
0
-1
0
0
-2
0
-1
-1
-1
0
0
0
-2
0
-2
1
-1
-1
-1
-1
0
0
-1
-1
0
-2
1
-2
-1
0
-2
0
0
0
0
0
-1
0
-9
27
-30
40
-109
120
-71
39
-16
-2
-1
13
-4
-85
112
-43
13
-28
28
-23
0
-24
21
-11
16
33
-118
62
17
-8
6
-2
-26
-3
24
26
-20
-12
-9
16
-7
2
-1
1
0
-1
0
1
0
0
0
0
-1
0
-1
-1
1
0
-2
1
-1
0
0
0
-1
-1
-1
0
0
-1
-1
0
-1
0
-1
0
0
0
-1
-1
-1
0
0
2
0
-2
-1
0
0
0
0
-1
0
-1
0
0
-1
1
-1
0
-1
-1
-1
1
-1
-1
-1
-2
1
-2
1
0
-2
0
-1
0
1
-1
0
0
0
-1
-1
-1
0
-1
1
-3
6
-17
8
10
19
-25
-25
2
25
1
-8
5
-18
-62
117
-35
-19
8
-22
20
0
-2
-2
-1
-6
27
-28
28
-33
6
4
-3
8
-4
-11
0
20
-21
13
-7
2
2
-1
0
1
1
-1
0
-1
0
0
0
1
-2
1
-2
1
-2
1
-1
0
0
-1
1
-1
0
0
-2
0
-1
-2
0
0
0
-1
1
0
-1
-1
-1
0
0
-1
0
0
0
0
0
0
0
0
0
0
0
1
-1
-1
-2
0
-1
-1
0
-1
0
-1
-2
0
-1
-1
-1
-2
0
-2
1
-2
1
-1
1
-1
0
0
-1
-1
0
-1
0
-1
-2
-1
6
-15
21
-21
-2
10
3
-9
2
-5
-10
32
-28
26
-28
5
-2
2
-1
0
-2
4
-7
4
-11
26
-16
-7
3
0
4
-3
8
-3
-28
28
-3
-9
5
3
-2
1
0
1
0
0
1
0
2
-1
-1
0
-1
0
-1
0
0
-1
-1
-1
0
-1
-1
0
-1
0
0
0
-1
-1
-1
0
0
-1
0
0
0
-1
-2
0
-1
0
-1
0
-1
-1
0
0
0
0
-1
0
0
0
-1
0
0
0
-1
-1
0
-1
0
-1
0
0
-1
0
0
0
-1
0
-1
-1
0
-1
0
0
-1
0
-1
0
0
-1
1
-2
1
-2
-6
8
4
-29
27
1
-9
2
-5
-1
-5
7
14
-28
10
-5
3
-6
-3
0
-2
2
-4
3
-5
9
-17
17
-1
-8
4
-2
4
-19
38
-31
9
2
-4
3
-1
0
-1
0
-1
1
-1
1
-1
0
0
0
0
0
-1
-2
1
-1
-1
-1
0
0
1
-1
-1
-1
0
0
0
0
0
1
-2
0
0
-1
-1
0
0
1
0
-1
0
0
-1
0
0
0
0
0
0
0
0
-1
-1
0
0
-2
2
0
0
0
0
0
-2
-1
-1
0
-1
1
-3
1
-1
0
-1
0
0
0
-1
-1
0
-1
0
-1
-1
-1
1
-4
3
-2
-9
31
-39
19
-5
1
-5
5
0
-17
18
-10
4
-5
1
-4
-3
0
-5
5
1
-10
1
19
-2
-17
4
0
1
0
-1
0
-11
16
-9
-1
2
3
0
-2
-1
1
0
0
1
0
0
-1
0
0
-1
1
-1
0
-1
-1
0
-1
1
-1
1
0
1
-1
0
0
0
-1
0
0
-1
-1
0
-1
0
-1
-1
-1
0
0
0
0
0
0
0
0
-1
1
-1
0
-1
-1
-1
0
0
0
1
-1
0
-1
0
-1
-1
0
-1
0
0
0
0
-1
0
-3
0
-1
0
-1
0
0
0
-1
0
-2
0
0
1
-3
-2
0
8
-17
11
-1
-2
-2
-1
-3
-6
16
2
-21
-2
9
-3
-6
1
0
-3
2
-2
2
-10
14
-6
-2
0
-1
-1
-4
5
-1
-10
12
-8
4
-3
0
2
-2
0
0
-1
0
1
-1
-1
1
0
0
-1
0
-2
0
-2
0
-1
0
0
-1
0
0
1
0
0
0
0
-1
0
-1
-1
-1
-1
0
0
0
0
0
-1
0
0
0
-1
-1
-1
0
0
0
0
-1
-1
-1
-1
0
0
0
-2
-1
0
0
0
0
-1
0
-1
-2
-1
0
0
0
2
-2
-1
-1
0
-2
-1
-1
0
0
-1
0
-1
1
-2
-1
2
-4
7
-13
9
0
-7
3
-2
-1
-1
0
5
-15
9
-2
-1
-2
-1
0
-3
-1
2
-4
0
12
-12
7
-3
1
-3
9
-18
10
8
-11
3
1
-1
-1
0
-1
0
0
0
0
0
0
1
0
1
0
-1
0
0
0
0
0
0
-1
0
-1
0
0
0
0
0
0
-1
-1
1
-2
1
-1
-1
-1
0
0
-1
-1
0
-1
0
0
-1
0
0
-1
0
0
0
0
-1
0
-1
1
-1
0
1
0
-1
0
0
0
-1
0
0
0
-1
-1
0
-1
-1
0
-1
-1
-1
0
0
-1
0
-1
0
-1
-1
0
0
0
2
-2
-3
11
-10
-12
16
-11
1
-3
2
-7
13
-12
-1
3
-4
-1
-3
0
0
-2
1
0
0
-7
3
1
0
-1
0
2
-4
4
-11
7
-1
-2
4
-2
0
0
-1
0
0
0
0
0
0
0
-2
0
0
0
0
0
0
0
1
0
-1
0
0
1
1
0
0
0
-1
0
0
0
0
0
0
0
1
0
-1
0
0
0
0
0
0
0
0
0
-1
0
-1
0
0
0
-1
0
0
0
-1
0
-1
0
0
-1
-1
-1
0
0
-1
0
-1
-1
-1
-1
-1
0
-1
0
0
1
-1
0
0
0
0
-2
0
2
-3
0
1
-7
9
-4
2
-3
-2
0
-1
-2
-4
5
-2
-3
-3
2
-5
0
-2
0
0
0
1
-3
3
-1
-2
0
0
-5
2
3
-8
5
-1
2
-3
1
-1
-1
0
0
0
0
0
0
-2
0
0
0
0
-1
-1
1
-1
-1
0
-1
0
0
-1
0
0
0
0
0
0
0
-1
-1
-1
-1
0
-1
-1
0
1
0
0
-1
1
0
0
0
0
0
-1
0
0
-1
0
-1
0
0
-1
0
0
0
0
-1
0
0
-1
0
-1
0
-2
0
-2
-1
-1
-1
0
0
0
0
0
-1
-1
-1
0
0
-1
1
-1
-1
1
-2
1
-5
7
-5
-4
5
-3
-2
-1
0
-5
3
-2
-1
-2
0
-3
0
-1
0
-2
-1
2
-4
6
-3
-3
3
-4
1
0
-1
3
-4
1
-1
-2
2
-1
0
-1
-1
1
0
0
0
0
0
0
0
-1
0
1
0
0
0
-1
-1
0
0
0
1
-1
0
-1
0
0
1
-1
0
0
-1
0
0
0
-1
0
0
-1
-1
-1
0
0
-1
0
0
0
-1
1
-1
-1
0
-1
-1
1
-1
0
0
0
-1
1
-1
0
-1
-1
-1
0
-1
0
-1
-1
0
-1
-1
0
0
0
-1
-1
-1
-1
0
-1
-1
0
-2
0
0
-2
4
-5
1
0
-4
3
-4
1
3
-7
3
-4
-2
0
-1
-3
0
-4
-2
14
-16
0
6
-5
4
-3
4
-3
-10
11
-6
3
-12
8
4
-5
0
2
-6
9
-2
-4
1
1
-2
-1
0
-2
2
-2
1
0
-2
2
-4
4
-1
-4
1
0
-1
0
0
0
0
0
0
-1
-1
1
-1
1
0
0
-2
0
-1
-1
0
-1
0
-1
-1
-1
0
-1
0
-1
0
-1
0
-1
0
0
-1
0
0
-1
-1
-1
0
0
-3
2
0
-5
3
-1
1
-1
-1
1
-3
1
-1
0
1
-1
-2
4
0
-9
5
-3
-1
5
-5
-9
12
-3
4
-13
8
0
-6
0
-5
4
-6
0
15
-17
0
0
0
15
25
-156
152
-39
2
3
-4
0
-6
6
0
-13
4
17
9
-23
-35
16
4
8
14
26
-26
-8
-6
0
6
2
-3
-3
1
-6
5
-1
1
-2
-3
-1
3
0
-2
0
0
-1
0
-1
-1
0
-2
0
-1
2
-2
0
-1
0
0
0
-1
0
0
-1
0
0
0
0
0
0
0
-1
0
-1
0
-2
0
-1
0
-1
0
0
-1
1
0
-1
1
-2
-5
1
1
0
-1
0
-5
4
-1
2
2
-3
-8
0
4
8
26
-27
-15
-9
-5
-17
35
23
-10
-17
-6
11
-1
-6
4
-2
4
-5
-2
37
-154
153
-28
-18
0
-21
56
-54
11
20
-23
9
-5
3
-3
1
6
-11
10
-12
4
4
4
-99
227
-158
-88
252
-192
81
-48
30
-23
27
-23
19
-4
-17
7
8
-10
6
-4
-6
35
-41
15
0
-2
1
-1
-1
1
-2
1
-2
-2
1
-2
-1
0
0
-1
-1
-1
0
-1
-1
0
0
-1
0
-1
-1
-1
0
0
1
1
-3
1
1
-2
1
-2
0
0
-3
2
1
-16
42
-36
4
3
-5
11
-10
-8
15
4
-19
23
-27
23
-30
47
-80
192
-251
89
158
-228
99
-6
-3
-5
11
-10
9
-7
-2
2
-6
5
-11
23
-22
-12
51
-57
16
0
31
59
-169
154
-56
-20
12
3
-1
0
-3
3
2
-7
1
-15
18
32
12
-255
372
-79
-219
258
-101
-47
18
-8
19
4
-12
-14
48
-37
21
6
-27
-18
60
-7
-89
76
-15
-7
5
1
0
-3
3
11
-29
24
-10
1
0
0
-1
-1
0
-1
1
-1
-1
0
1
0
-1
0
-1
-1
-1
-1
-1
-2
9
-24
29
-11
-4
2
0
-2
-6
6
14
-77
88
6
-61
16
26
-6
-23
35
-48
13
14
-4
-21
8
-18
47
100
-260
220
79
-372
254
-13
-32
-21
14
-2
6
-2
-4
2
-1
-1
-4
-13
19
54
-155
166
-60
-36
0
9
-4
-19
-5
17
14
-7
-10
3
5
-4
-5
4
4
-6
-5
11
15
-6
-23
-19
-3
2
5
15
17
2
-13
-9
3
6
-3
-2
7
2
-8
-5
10
12
-6
-18
-9
6
8
-1
-2
1
2
-1
-2
0
-1
-1
1
2
0
-3
-1
2
0
-2
1
1
0
-2
0
1
0
-2
-1
0
0
-3
-2
0
1
-1
1
0
-3
-2
1
-1
-8
-7
9
17
5
-13
-12
5
8
-3
-6
0
2
-6
-5
8
13
-4
-18
-15
-6
-2
3
19
24
6
-16
-13
4
6
-6
-6
4
3
-8
-4
9
5
-14
-18
4
17
3
-10
