-8
-5
-4
-5
-2
-4
-2
-11
20
-15
-1
-2
-3
-1
-4
-3
1
-4
1
-2
-2
0
-4
7
-6
-3
-2
-1
0
-1
-1
-1
0
-1
1
1
0
1
-2
1
0
0
-1
0
0
-2
1
-1
-2
0
0
0
-1
0
-1
-1
-1
-1
0
0
0
0
0
0
0
1
-1
0
0
0
0
-1
0
-1
0
0
-1
-1
0
0
-1
0
1
-2
1
0
0
0
0
1
-2
1
1
2
1
0
0
0
0
0
1
-1
-1
-1
-5
10
-3
0
0
-1
1
-2
2
1
-1
3
-1
2
1
-12
22
-8
2
0
1
2
0
3
-8
-4
-5
-5
-3
-2
-5
7
-6
-14
8
-5
0
-5
-1
-2
6
-13
3
4
-6
-3
8
-2
-16
11
-3
1
-7
11
-9
0
-1
2
-1
2
-5
7
-3
1
0
0
0
1
-1
0
0
-1
1
-2
0
-1
0
0
-1
-1
-1
-1
0
-1
0
1
0
0
0
0
0
0
1
1
0
0
0
1
-1
0
0
0
1
-1
2
-1
1
1
-1
0
0
0
0
0
-3
7
-5
1
-1
3
-1
1
-7
12
-6
1
0
11
-15
0
9
-2
-5
5
3
-12
7
0
2
-1
3
-2
11
-11
-4
10
-1
1
0
2
1
2
-9
-5
-3
-5
-2
-2
5
9
-91
87
-21
-4
-3
-5
6
-18
38
-43
9
3
-9
7
13
-28
19
5
-25
11
-2
-10
6
-1
1
1
-6
-2
11
-3
-1
-3
1
-1
2
2
0
-1
-1
0
-2
0
-1
-1
0
0
-2
1
-1
-1
-1
-1
-1
0
-1
-1
-1
0
0
0
0
0
0
0
0
0
-1
1
1
0
0
1
-1
0
0
-1
1
1
1
0
1
-2
-1
-3
11
-2
-6
1
1
0
7
-10
-1
12
-24
5
21
-26
15
8
-8
3
10
-40
39
-14
7
-2
0
0
-17
89
-89
13
9
4
0
2
2
3
-9
-5
-4
-7
0
-9
8
-78
150
-80
-11
5
-2
-4
-2
-5
-10
15
0
-6
-7
10
-29
71
-55
-10
12
3
2
-9
2
-3
5
-4
-2
4
-1
-1
0
0
0
2
-2
0
1
-1
-1
1
0
-2
1
-1
-2
0
0
-3
-1
0
-1
-1
0
-1
0
0
0
-1
0
0
1
0
-1
1
0
1
1
0
0
-1
2
-2
1
2
0
-1
2
0
-1
1
1
0
1
-1
-1
4
-1
-2
5
-4
3
-7
2
5
13
-9
-54
73
-29
11
-6
-4
0
16
-9
-1
1
1
1
8
-8
-77
152
-74
10
-4
2
0
2
3
-9
-7
-3
-6
-2
-5
-3
-131
304
-196
20
-12
14
-12
-6
-9
35
-26
-13
29
12
-59
34
-23
16
-8
13
-6
-29
33
-8
-2
-3
-4
5
2
-15
25
-24
12
-2
-3
1
1
0
0
0
-1
0
-3
1
-2
-1
1
-1
-1
-1
-2
-1
-1
0
-1
-1
1
-1
-1
0
0
1
-1
0
0
0
1
1
0
-1
-1
1
-2
1
-1
1
1
0
1
0
-1
-1
13
-24
24
-15
3
5
-3
-3
-1
-7
35
-28
-3
15
-6
17
-22
35
-58
13
30
-12
-26
36
-5
-3
-9
18
-8
21
-192
306
-128
-1
-1
0
2
2
1
-8
-6
-5
0
-5
-1
-15
16
-45
50
-24
-15
20
-13
7
17
-68
49
-7
17
-69
38
-1
-35
90
-81
73
-82
69
-69
40
-9
-6
-3
13
-8
-1
22
-48
33
-6
3
-1
-1
0
1
0
1
-1
-2
0
-1
-2
1
-1
0
-1
-1
-1
-1
-1
0
0
-1
1
0
0
0
1
0
0
-1
0
1
0
1
-1
-1
1
-1
0
0
0
1
1
0
-1
3
-6
35
-48
23
0
-6
13
-3
-6
-7
41
-70
70
-80
74
-80
91
-33
1
39
-69
19
-4
52
-67
21
9
-8
23
-13
-21
53
-43
21
-11
3
-2
7
0
2
-18
9
-12
-2
-11
7
-15
63
-168
124
-27
-3
10
-35
26
-2
-2
-22
24
-29
65
-57
-57
132
-101
32
6
19
-60
66
-65
29
-2
8
-4
0
-6
4
1
-6
3
-4
6
-3
0
0
0
1
0
-3
-1
0
1
-2
-1
-1
-1
0
-2
0
0
0
-1
0
0
0
-1
1
0
0
-1
1
0
1
1
-1
1
0
1
-2
1
1
1
0
1
-3
5
-2
3
-4
1
5
-6
1
-2
8
-2
29
-64
67
-59
19
7
32
-99
133
-56
-57
65
-28
25
-20
-1
1
29
-30
13
-1
-24
128
-166
66
-10
10
-7
6
-6
17
-2
-36
49
-73
76
-78
126
-132
25
-8
25
-13
10
-43
6
30
-92
155
-49
-60
-43
173
-265
266
-79
-7
-84
29
81
-124
139
-79
5
-17
-4
17
21
8
-31
30
-50
32
3
-24
21
-5
2
-5
3
-20
46
-28
0
2
-4
2
-3
1
-1
0
-1
0
0
-1
0
-1
0
-1
0
1
0
1
-2
3
-4
3
0
-28
46
-20
4
-5
2
-4
21
-22
4
32
-50
30
-31
7
22
19
-3
-16
5
-79
141
-123
83
31
-83
-5
-78
268
-264
174
-41
-60
-48
157
-91
33
11
-40
13
-8
29
-5
27
-129
129
-75
78
-65
53
-29
-4
-40
56
-68
54
-52
-50
281
-269
51
8
-49
115
-117
-18
87
-102
95
-27
-50
79
-50
178
-243
64
71
-132
106
-130
98
9
-7
-19
8
-12
67
-103
83
-48
5
16
-15
9
11
-15
12
-24
48
-49
30
-52
61
-25
2
10
-14
-1
4
-6
2
-1
0
-1
0
-1
0
-1
1
0
3
-5
4
1
-12
10
3
-24
63
-51
31
-48
49
-24
13
-14
10
9
-16
16
5
-49
83
-102
69
-11
7
-19
-6
11
98
-128
108
-131
72
65
-243
180
-49
80
-48
-26
96
-101
91
-15
-113
118
-45
10
55
-266
286
-46
-49
58
-62
60
-32
-8
-16
6
62
-126
154
-94
-170
180
-10
-29
9
49
-142
111
-26
40
-72
26
49
-138
328
-637
456
84
-98
-113
104
-130
-8
210
-118
-12
19
-7
-26
39
-53
67
-8
-42
21
5
-17
-8
42
-19
-13
15
2
25
-95
81
-17
-10
2
4
-3
1
1
-4
1
0
-1
0
1
0
1
-3
1
1
-2
4
4
-10
-14
82
-94
25
2
16
-12
-20
43
-8
-15
3
21
-41
-7
68
-52
38
-24
-7
19
-12
-119
212
-7
-130
105
-111
-96
86
459
-637
330
-138
50
27
-70
41
-22
113
-139
52
12
-25
-7
182
-167
-89
158
-122
69
10
-7
-10
1
-22
60
-80
-126
79
473
-544
57
73
30
-101
52
43
-1
-49
-39
88
-6
-162
135
84
-128
42
-130
268
-205
106
-182
242
-122
5
36
-58
-6
71
-40
-29
-19
84
-47
0
27
-21
8
-6
17
-34
39
-29
5
13
-10
-7
1
1
-1
-1
1
-3
0
-1
-1
0
0
0
1
-2
3
0
0
3
1
-5
-9
13
5
-27
40
-33
17
-6
9
-21
27
0
-47
84
-19
-29
-39
70
-6
-57
35
5
-122
244
-181
107
-204
269
-129
43
-127
86
136
-161
-4
90
-38
-48
1
45
56
-97
32
76
60
-541
474
84
-122
-76
67
-18
10
-8
18
-31
-34
76
3
121
-906
1019
-187
-65
-156
20
268
-114
-127
-4
55
-2
14
-121
154
27
-213
333
-272
19
53
26
39
-250
199
2
14
-101
90
-79
102
-66
-16
38
-10
6
-12
27
-29
10
-9
11
14
-29
-38
77
-30
-3
2
-2
-3
2
-4
1
0
-1
-2
0
0
0
0
1
-4
4
-2
-2
4
-3
-30
78
-36
-29
15
12
-7
11
-29
27
-11
6
-11
38
-17
-66
102
-79
91
-100
16
2
201
-251
40
27
54
19
-269
335
-212
29
157
-120
16
-1
57
-3
-124
-110
272
23
-153
-61
-184
1020
-901
124
7
79
-26
-25
25
-13
15
-40
-83
83
145
-473
1243
-1265
203
45
193
-67
-94
251
-384
187
-46
28
-22
231
-178
-443
569
-190
54
76
-55
-117
107
-21
-25
4
31
-26
-69
80
55
-69
21
-13
-25
28
10
-23
11
0
8
-5
-16
-6
60
-61
7
11
2
-6
-2
-1
0
1
-2
-2
-1
0
0
0
0
1
0
0
0
-4
3
12
8
-60
60
-6
-15
-4
8
0
12
-22
9
28
-25
-14
23
-68
55
79
-68
-25
31
4
-25
-20
108
-116
-53
78
54
-190
572
-442
-177
232
-21
29
-44
188
-380
254
-90
-63
196
48
207
-1261
1245
-468
150
86
-76
-34
22
-7
10
-26
25
36
-182
483
-1443
1438
-216
-178
140
80
-480
510
-470
313
-133
-29
20
170
-386
667
-516
248
-179
-89
95
11
-16
145
-161
62
12
-70
91
-59
-17
52
-126
119
33
-18
-77
94
-78
33
-16
15
-24
34
-30
25
6
-37
17
0
0
-3
1
-3
-1
-2
-1
0
0
-1
0
-1
0
-3
2
-1
19
-35
6
25
-30
34
-21
16
-15
34
-79
95
-78
-16
31
119
-126
52
-17
-58
90
-70
13
62
-160
146
-16
12
97
-88
-177
249
-517
670
-385
171
22
-28
-132
314
-466
512
-476
82
144
-176
-213
1439
-1438
487
-179
40
33
-20
18
-12
-11
-15
70
-130
-21
-169
1195
-1226
96
329
-346
493
-653
950
-1198
814
-312
165
-28
-170
354
-650
618
-439
399
-283
78
98
-89
34
-18
22
-67
57
27
-95
110
-149
247
-198
24
90
-153
184
-173
118
-58
24
14
-48
51
-44
20
1
-6
-4
3
-2
-1
2
-2
-2
-1
0
0
-1
-1
3
0
-1
4
-1
-4
1
21
-45
54
-48
15
25
-58
119
-173
184
-151
88
25
-198
249
-150
110
-94
27
58
-65
22
-17
35
-87
99
78
-281
400
-438
620
-649
354
-168
-27
167
-311
815
-1196
954
-650
495
-342
333
99
-1223
1198
-166
-17
-126
78
-10
-4
-2
-25
39
-40
23
159
268
-1678
1629
-443
332
-611
778
-879
473
-10
-313
412
-301
121
252
-205
-190
472
-637
475
-311
223
-174
268
-249
81
-51
86
-123
238
-286
225
-148
101
-46
34
-57
37
-10
-5
3
0
13
8
-52
45
-18
-9
15
-9
0
1
-3
6
-4
0
-1
-1
0
-1
0
1
-3
5
-3
2
-1
-6
16
-7
-18
47
-51
9
14
0
3
-5
-10
37
-57
34
-47
101
-146
225
-285
239
-123
88
-51
80
-248
268
-173
222
-310
478
-637
475
-187
-206
252
122
-300
413
-312
-7
477
-875
780
-608
335
-441
1628
-1672
271
164
27
-32
43
-16
-4
-35
40
-60
35
-106
-380
1377
-1171
361
168
-376
-107
547
-917
470
459
-436
181
-246
106
639
-806
59
217
-211
149
-3
-212
331
-175
59
-49
12
71
-72
56
25
-110
30
30
-49
85
-111
42
61
-49
17
-8
14
-28
-12
46
-34
12
-2
-14
13
1
-4
-5
2
0
-1
-1
1
-1
3
-4
-2
2
12
-11
-1
12
-33
47
-12
-27
15
-7
18
-49
61
42
-108
83
-50
31
29
-110
25
55
-70
70
12
-49
60
-175
333
-211
-2
152
-212
219
61
-804
640
108
-245
181
-435
460
473
-913
551
-104
-374
174
363
-1167
1380
-375
-102
39
-52
45
-26
-12
-7
-14
55
-86
14
-270
616
-451
296
-130
-26
-237
71
404
-366
136
-122
141
-93
-92
375
-359
169
-163
122
40
-151
-70
207
61
-184
73
42
-142
-15
177
-7
-100
-28
66
-13
-26
67
13
-101
55
-2
-5
-6
41
10
-120
85
-7
-1
-3
-2
0
-4
0
-1
0
-1
0
0
0
1
1
-2
0
0
-2
-1
-6
86
-120
10
40
-5
-4
-1
55
-102
12
68
-26
-11
66
-27
-100
-6
177
-14
-141
43
73
-183
63
208
-69
-149
42
122
-162
170
-358
376
-91
-91
142
-123
137
-363
407
74
-233
-22
-126
299
-448
620
-267
17
-82
61
-9
1
-12
20
-26
-47
59
-16
301
-789
385
343
-605
336
441
-1092
1244
-489
-230
69
15
159
-61
-396
705
-543
83
110
20
-87
18
122
-281
184
16
29
-49
-93
98
15
-90
106
-20
-28
7
-44
115
-106
21
20
-8
-35
15
61
-41
-9
-12
14
0
0
-4
1
-1
0
0
0
0
-1
0
0
0
3
-4
0
0
12
-10
-10
-40
63
15
-33
-7
21
23
-105
115
-43
9
-29
-20
105
-89
14
98
-94
-47
29
16
185
-282
124
19
-86
21
112
84
-543
708
-394
-60
160
16
70
-229
-485
1247
-1088
443
340
-601
346
387
-784
305
-12
62
-39
-20
29
-12
9
-30
39
-47
54
420
-1038
338
442
-87
-81
-223
647
-1122
812
-236
184
-101
-68
144
-294
463
-571
378
-69
-116
158
-102
-2
136
-145
62
-11
-30
75
-84
89
-66
0
28
-49
35
5
-27
27
-23
29
-1
-88
92
-54
72
-47
13
-13
3
-2
1
-2
-1
0
-2
-1
-2
0
-1
0
0
-1
2
0
4
-13
15
-46
73
-54
94
-87
0
29
-23
27
-26
4
36
-51
29
2
-64
91
-84
76
-30
-9
62
-143
136
-2
-101
159
-115
-67
379
-570
464
-293
145
-65
-98
185
-235
814
-1118
650
-219
-78
-86
443
340
-1034
423
56
-44
46
-27
18
-4
-27
37
-37
22
15
384
-1139
754
41
157
-433
345
-77
-443
502
-246
165
-159
93
-116
528
-516
14
-14
177
-160
143
-187
187
-64
20
-61
29
-10
15
-16
11
34
-46
9
13
0
-12
37
-39
12
-16
9
-25
136
-196
139
-60
9
-8
7
-2
-5
4
-2
-1
0
-1
-1
1
0
0
-2
4
-4
-1
7
-6
11
-58
139
-196
137
-25
10
-15
13
-39
36
-11
-2
10
9
-46
35
10
-16
15
-9
30
-61
20
-64
187
-186
145
-159
180
-14
15
-517
530
-115
94
-158
166
-245
506
-439
-72
348
-428
161
44
756
-1133
388
18
26
-27
41
-18
-4
-33
43
-36
7
36
66
-350
297
-13
-175
189
-306
124
718
-700
-10
91
-34
157
-156
-301
452
46
-257
133
-67
25
38
-73
-27
76
-57
44
-42
54
-14
-21
17
2
-11
-2
-13
54
-63
35
-5
-15
-8
47
-33
38
-79
71
-41
12
-5
3
0
-1
-1
0
-1
0
-1
1
-1
-1
0
1
0
3
-4
13
-39
73
-77
39
-33
48
-7
-16
-5
35
-63
52
-13
-2
-12
3
18
-21
-14
54
-42
43
-57
76
-27
-71
38
28
-64
135
-256
47
455
-300
-156
160
-32
93
-9
-697
722
126
-303
192
-174
-11
298
-345
70
40
11
-29
50
-25
-13
5
-28
35
-71
-8
107
-13
-34
-52
-39
120
171
-368
-87
349
-118
-1
-12
-35
-10
106
-82
16
7
-19
36
-16
-15
-54
96
-54
19
-4
-23
32
-16
13
-18
8
7
-16
-1
28
-26
15
-6
-6
21
-33
12
2
3
-8
2
-10
7
-3
0
1
-1
0
0
0
-1
-1
0
0
0
0
0
-2
8
-8
4
-5
4
3
13
-32
22
-4
-6
16
-26
28
-1
-16
8
9
-18
14
-16
32
-24
-3
19
-54
98
-53
-15
-15
36
-17
8
17
-81
108
-9
-32
-12
-2
-117
351
-84
-366
173
125
-37
-49
-33
-9
110
-5
-67
42
-23
14
-19
19
-37
-15
-6
55
10
-101
54
48
-88
49
-64
89
-68
-2
18
6
-35
12
18
5
-27
-5
16
-3
-3
9
-18
27
-33
12
-1
6
-10
1
8
-5
2
1
1
-2
3
-3
3
-2
0
7
-5
-10
3
3
0
-1
2
-5
1
-2
0
-1
0
0
-1
-1
0
0
-1
-1
0
0
0
-1
2
-5
3
0
0
6
3
-8
-4
6
0
-3
4
-3
3
-1
1
1
1
-5
9
2
-8
7
-1
12
-32
28
-17
10
-2
-1
18
-4
-26
6
19
12
-34
8
19
1
-64
92
-61
54
-84
50
56
-96
13
57
-3
-7
-33
28
-6
-17
5
-2
-5
6
39
-139
72
31
-15
-23
21
-49
83
-70
21
-10
5
-12
17
10
-37
8
3
8
-15
7
11
-31
28
-22
10
-2
0
-2
2
-2
1
0
-1
-2
4
0
-1
-1
-1
5
-3
-6
7
-5
5
-7
0
0
-1
-1
1
-1
-1
-1
0
-1
0
0
-1
-1
0
0
-1
1
-1
1
1
-4
6
-3
8
-6
-2
5
-1
0
-1
0
4
-1
-1
1
1
-1
3
-2
1
-2
10
-22
28
-28
12
9
-14
10
4
10
-34
11
17
-10
6
-7
22
-66
86
-47
24
-20
-12
33
74
-137
43
9
-2
6
10
-10
-8
-3
-7
-5
0
-17
-6
38
-13
-25
23
-31
17
7
-41
23
-9
14
-17
25
-17
-8
1
-12
16
-3
-1
-4
4
-7
0
7
-3
-3
3
0
-1
1
-1
-1
0
-1
2
1
-1
2
-1
0
-1
1
-2
-1
0
-1
1
-1
-1
-1
-1
-1
-1
-1
0
0
0
0
0
0
0
-1
0
0
1
0
1
-1
1
0
-1
1
0
1
0
1
0
0
1
0
1
0
0
0
0
1
4
-2
-3
7
1
-6
4
-3
0
-2
17
-10
3
-6
-16
26
-16
14
-8
27
-38
11
21
-28
26
-22
-11
41
-2
-14
3
2
-2
5
-7
-10
0
-6
-17
23
-39
67
-36
-26
6
0
15
-10
-32
33
-19
7
-4
7
-8
-4
-4
-2
7
3
-5
-3
1
-1
-2
-4
0
1
-1
0
-1
1
1
1
0
-1
0
-1
1
0
0
2
-2
-2
-1
-1
0
0
-1
-1
-2
0
-1
0
-1
0
-1
0
-1
0
0
0
0
-1
-1
1
0
0
1
0
1
0
-1
0
-1
2
1
-1
1
-1
0
0
0
0
0
2
-1
0
0
2
0
-2
0
0
2
-3
-3
4
7
-1
-4
-3
-7
8
-2
7
-18
36
-29
-6
18
2
8
-22
-34
72
-37
27
-13
0
3
-1
-7
-8
-2
-6
-4
3
-13
3
4
-13
12
-24
11
-7
9
-15
-2
4
-4
0
-5
-1
5
-4
-2
0
0
-1
-1
0
-2
-1
0
1
0
0
0
-1
5
-4
2
-2
1
0
0
1
1
0
-1
0
-1
-1
0
-1
-1
-1
0
-2
-1
-1
0
0
0
-1
0
-1
1
-1
0
-1
0
0
0
0
0
-1
1
1
0
-1
0
1
0
0
0
1
1
0
2
-4
5
-1
0
0
0
-1
0
1
0
0
0
0
1
0
-1
-2
7
2
-5
3
-2
4
-1
-11
13
-5
15
-21
15
-9
6
7
-9
6
-1
0
3
1
-10
-4
-6
-4
-1
-7
6
-15
6
-8
4
-7
-2
1
-10
3
-1
-4
-1
-2
0
-1
-1
-1
0
-2
0
0
-2
-1
-2
-1
0
-1
1
0
0
-1
0
0
-1
1
1
1
0
0
0
0
-1
-1
0
-1
-1
0
1
-2
0
-1
-1
-1
0
-1
-1
-2
1
-1
-1
-1
0
-1
1
0
0
-1
2
0
0
-1
1
-1
0
1
0
-1
0
0
1
0
0
2
0
0
0
0
1
-1
0
0
0
-1
0
0
0
-1
1
0
0
-1
3
-1
0
-2
0
6
-7
5
1
-5
7
-5
8
-11
9
-4
3
3
-2
4
-9
-4
-6
-5
-4
2
2
-30
18
-7
0
-1
-3
-2
-2
-2
-1
0
-1
-2
1
-1
-3
1
-1
-1
-1
-2
0
-1
0
-1
0
1
-1
0
0
1
-1
0
0
1
0
0
-1
0
2
-6
3
-1
0
-1
1
0
-1
-1
-1
0
-1
-1
-1
-1
-1
-1
0
0
0
0
0
-1
-1
0
-1
1
0
0
0
1
-1
-2
4
-6
3
0
-1
1
-1
0
-1
1
0
1
0
1
0
1
0
-1
1
-1
0
-1
0
0
0
3
-1
1
2
-1
-1
1
0
1
-1
0
-1
3
3
-4
20
-27
6
5
-1
3
-2
3
-8
-7
-2
-6
-1
-3
1
-14
6
-4
0
-4
-1
-1
-4
-2
0
-1
-1
-1
0
0
-1
-1
-1
0
-2
0
-1
-2
-1
0
-1
-1
1
-1
0
-1
0
-1
0
1
1
0
1
-1
0
0
-1
0
-2
-1
0
-1
-1
0
-1
-1
0
1
-1
0
0
0
0
0
0
0
-1
0
0
0
0
1
1
0
0
-1
-1
1
0
0
0
-1
1
-1
1
1
0
0
0
0
0
-1
1
0
-1
0
-1
-1
-1
1
0
0
0
0
0
1
0
0
0
0
1
0
0
1
1
-1
2
0
8
-11
6
1
0
1
1
0
-3
-3
-2
-1
0
-1
-1
-1
-2
-3
-2
-1
-2
-2
-2
-2
0
-1
-1
-1
0
-1
-1
-1
-1
-1
0
-1
-1
-1
-1
-1
0
1
0
0
0
0
0
0
0
0
0
0
0
0
0
0
0
-1
-1
0
0
-1
0
-1
-1
-1
0
0
0
-1
0
0
0
0
0
0
0
0
0
1
0
0
1
0
-1
0
0
0
0
0
0
0
0
0
0
1
0
0
0
0
-1
0
-1
0
0
0
-1
0
0
0
0
-1
0
0
0
0
0
0
0
0
0
1
1
0
0
0
0
0
-1
-1
0
0
1
1
1
1
