0
-3
2
-1
-2
-2
5
-3
7
42
-87
26
35
-34
-16
-46
91
107
-269
141
-29
95
-46
-96
89
25
-63
-23
71
22
-152
183
-42
-34
-231
297
57
-252
162
11
-31
4
-127
120
17
1
-63
24
40
-90
71
-12
-2
-18
3
19
-19
10
3
-13
8
2
-5
-1
0
1
4
-3
-9
13
-3
-11
17
-20
-4
17
1
11
-72
89
-41
-24
61
0
-18
-120
127
-3
31
-12
-163
251
-58
-298
229
34
42
-185
152
-22
-71
24
62
-25
-90
96
46
-96
29
-141
268
-108
-92
44
14
32
-36
-30
84
-44
-8
3
-7
1
0
-1
-2
-2
0
-2
1
-2
1
-1
-9
19
5
-10
-14
0
-4
27
-39
63
-79
-7
49
11
-21
22
50
-170
215
-130
-54
82
-58
129
-177
93
100
-388
499
-147
18
-141
-2
39
76
-112
103
-126
113
-28
-29
47
-80
90
-39
-15
43
-41
2
9
9
4
-10
-4
-8
5
4
-2
0
1
-5
-6
7
4
10
-5
-9
-10
-3
40
-43
14
38
-91
79
-48
28
29
-114
123
-102
110
-76
-42
2
139
-19
145
-499
387
-100
-94
178
-130
58
-81
52
129
-216
170
-51
-22
20
-12
-50
6
78
-64
39
-30
3
-1
12
7
-6
-21
8
1
-3
-1
-1
-3
0
-1
1
0
0
-1
6
-10
15
-69
99
-11
-68
26
-18
60
-63
36
117
-242
187
-173
222
-10
-273
81
205
-127
20
-28
-10
66
4
-103
9
7
30
65
-22
-72
72
-103
150
-119
69
-76
81
-86
89
5
-148
133
-14
-41
33
-28
30
-30
6
20
-17
1
5
-2
0
2
-4
-1
17
-21
-6
28
-31
30
-34
41
14
-135
147
-6
-90
85
-81
74
-70
117
-151
101
-73
71
21
-65
-30
-7
-10
103
-5
-65
9
28
-20
126
-204
-81
272
10
-223
174
-188
242
-117
-36
62
-62
18
-27
67
8
-100
67
-16
10
-6
-1
-1
-1
-2
-4
0
-4
3
-2
-2
1
6
-4
-2
26
-50
53
-78
50
34
-119
161
-114
54
27
-70
212
-316
-5
392
-458
-20
467
-340
51
48
87
1
-166
38
65
-72
108
-172
159
-45
-55
112
-16
-127
126
-119
55
100
-155
94
-58
45
-20
-20
52
-53
40
-18
2
-5
1
0
1
0
0
0
-3
4
-3
17
-40
53
-54
21
19
-46
57
-95
153
-101
-55
118
-128
127
14
-114
55
44
-160
171
-108
71
-64
-39
165
-1
-86
-50
-51
340
-467
19
459
-393
5
316
-212
70
-28
-55
114
-162
117
-35
-50
75
-53
48
-27
1
3
-6
-3
0
-1
-4
-1
0
1
1
-1
0
-4
12
-12
25
-59
37
-8
47
-46
-18
-19
85
-64
-12
30
64
-110
7
68
-5
149
-171
-132
67
130
-71
-36
106
37
-300
310
-128
-2
12
-6
70
-133
90
54
-72
-1
16
-32
4
4
32
-23
3
6
-2
-14
4
30
-56
29
2
-1
-1
0
0
-1
-1
1
-3
-31
54
-32
-5
14
2
-5
-4
22
-32
-5
-5
31
-18
0
71
-54
-91
133
-72
6
-12
1
127
-309
300
-37
-107
36
72
-131
-68
132
170
-148
5
-69
-7
109
-64
-31
11
65
-86
17
17
44
-49
7
-38
56
-25
11
-13
2
-2
-1
-3
-5
0
-6
1
-3
2
-5
8
-6
-21
84
-99
90
-122
101
-60
15
27
-20
-37
51
119
-258
148
132
-231
-25
92
-53
192
-170
123
-140
197
-278
23
366
-321
29
-21
165
-148
59
-58
98
-92
9
73
-11
-82
27
61
-42
6
-10
15
-48
52
-11
-17
8
7
-9
-1
4
0
-3
0
9
-7
-8
17
9
-53
47
-17
8
-7
42
-62
-27
82
9
-75
-10
92
-98
56
-59
147
-166
22
-30
320
-367
-24
278
-198
139
-123
170
-191
53
-92
25
230
-133
-149
259
-119
-50
35
21
-27
-17
58
-102
120
-90
97
-87
21
6
-10
3
-4
0
-3
0
0
3
-1
-1
-1
3
-11
23
-76
135
-66
-43
25
29
-30
24
-72
146
-110
-56
170
-138
80
-56
70
-142
48
20
84
-35
-17
12
15
-130
174
-169
182
-135
19
75
-27
-82
9
59
-14
-20
7
49
-76
44
4
-15
1
-9
17
-11
1
-18
23
5
-12
-3
0
1
0
-1
-2
2
11
-6
-25
18
-1
10
-18
8
-2
14
-5
-44
76
-50
-6
21
14
-59
-10
82
27
-77
-20
134
-184
168
-174
128
-15
-12
16
35
-84
-20
-48
141
-71
55
-81
137
-171
55
110
-148
72
-25
29
-31
-26
41
63
-136
75
-24
10
-4
-2
-1
0
-7
0
-7
-1
3
-1
-5
13
-20
24
-60
75
-54
60
-29
-63
110
-100
115
-159
105
-18
22
-98
33
305
-382
117
60
-86
-4
-25
140
-95
6
22
-11
3
-47
25
-3
92
-118
37
-11
50
-42
5
16
-19
3
2
2
18
-12
-13
10
-11
6
1
-6
1
1
0
-1
0
0
-1
-1
-2
4
-2
-7
10
-11
12
12
-18
-2
-3
-4
19
-17
-5
41
-50
11
-38
117
-93
3
-26
47
-2
10
-23
-6
95
-142
24
4
85
-60
-118
382
-306
-33
97
-22
18
-106
158
-115
100
-112
61
28
-62
53
-77
56
-25
20
-13
2
0
-6
0
2
0
4
-4
1
-7
17
-16
-1
40
-61
16
22
-29
50
-93
101
37
-230
195
-28
22
-103
120
-79
-13
37
-114
254
-126
-67
37
57
-54
23
-3
-114
152
33
-92
-80
148
-80
65
-95
51
44
-60
53
-87
88
-62
20
7
-11
10
-13
10
-5
4
-3
-2
1
0
1
0
0
-1
-2
1
3
-4
3
-10
13
-10
9
-8
-20
61
-88
87
-54
59
-45
-52
94
-65
78
-148
79
90
-34
-153
112
1
-25
54
-57
-37
68
125
-254
113
-38
13
79
-120
104
-23
26
-195
230
-37
-103
91
-51
28
-23
-18
59
-41
1
15
-17
5
-4
2
-8
0
-9
-11
21
-7
-7
9
-22
45
-36
-8
16
7
-34
33
-18
67
-98
68
-39
63
-126
50
23
21
92
-180
-14
134
-7
-78
14
27
-36
35
-40
13
53
-47
-16
9
50
-13
-43
8
-14
53
-51
27
3
-9
1
-4
-3
10
-9
3
-2
2
-1
0
-1
0
-1
0
0
-1
1
0
0
-3
2
-4
8
-10
3
3
-2
7
-3
-27
51
-54
13
-8
41
13
-52
-10
15
46
-53
-14
39
-36
35
-27
-16
77
8
-133
12
179
-93
-23
-23
-49
125
-63
39
-68
98
-67
17
-34
31
-8
-17
5
35
-46
21
-9
6
5
-23
8
5
0
-14
48
-37
14
17
-119
115
140
-316
166
-8
16
-14
39
-191
295
-248
122
-69
104
-114
26
-55
142
14
-128
90
-53
43
-87
83
-29
38
-59
-14
81
-53
-33
84
19
-86
-56
123
-37
-17
25
-19
16
-5
-23
19
4
-15
14
-8
2
-4
4
-4
1
-1
-1
0
0
0
0
0
-2
4
-5
2
-2
7
-14
14
-4
-20
22
6
-17
18
-25
16
36
-124
56
83
-20
-84
32
52
-81
14
59
-39
29
-84
87
-43
52
-91
128
-14
-144
55
-26
113
-104
67
-122
247
-296
189
-41
13
-18
6
-168
312
-141
-115
117
-18
-16
34
-49
9
0
-40
69
-59
54
-64
84
-53
-4
8
-19
35
-58
41
-51
64
41
-78
22
0
-34
33
-7
51
-131
115
-9
-54
101
-131
79
-11
-1
-6
-7
79
-106
73
-42
30
-111
71
75
-87
81
-70
4
40
-79
68
-25
20
-18
-5
16
-13
4
3
-8
3
-2
1
0
0
0
0
-1
0
1
-5
8
-4
-5
12
-16
4
17
-20
25
-69
79
-41
-5
67
-81
85
-75
-72
109
-31
40
-72
105
-80
6
6
0
12
-80
131
-101
53
10
-115
131
-50
5
-33
34
0
-22
77
-41
-65
49
-42
56
-36
17
-10
3
54
-84
63
-57
56
-70
35
0
-23
62
-47
22
-45
71
-116
260
-248
75
-42
59
-136
227
-42
-156
130
-173
169
-88
148
-280
292
-189
159
-156
97
22
-109
76
-70
97
-87
59
-19
-24
11
18
-29
69
-77
-32
142
-83
6
-40
56
-53
39
-13
4
-9
9
-2
0
-6
1
4
-7
1
-1
0
-1
0
0
-1
0
-3
5
-6
-1
5
-1
1
-9
7
-4
13
-40
52
-56
40
-8
82
-141
31
75
-69
28
-19
-12
24
19
-60
86
-98
69
-77
109
-22
-97
155
-159
189
-292
280
-149
88
-168
172
-129
155
41
-228
135
-61
40
-76
245
-261
116
-72
42
-24
45
-63
18
0
-34
54
-13
-29
54
-88
110
-153
85
49
-61
12
23
-22
-15
-59
47
102
-80
-24
12
87
-76
151
-269
84
15
95
-103
16
-2
-4
29
-14
54
-58
3
-2
29
-10
-14
-5
-46
115
-63
-59
74
0
-39
38
-14
1
0
-1
7
-12
6
-5
3
-2
-1
0
-1
0
-1
-1
0
2
-4
5
-7
12
-9
0
1
-1
14
-39
39
0
-75
59
62
-116
45
4
14
9
-29
1
-5
57
-55
13
-30
3
2
-17
102
-96
-15
-85
269
-152
75
-86
-12
23
79
-103
-46
59
13
20
-23
-14
61
-51
-87
153
-111
86
-55
27
11
-56
30
0
-8
33
16
-72
111
-161
255
-408
274
-62
60
-109
82
-12
-20
89
-134
117
-59
-26
-8
145
-40
-81
-124
231
-111
40
-83
98
-31
-36
52
-107
140
-51
-13
-26
54
-85
152
-164
111
-54
11
19
14
-81
68
-9
0
-10
3
1
-7
10
-13
9
-5
2
-2
1
0
0
0
-1
2
-2
5
-10
12
-10
7
-2
-4
10
0
8
-68
81
-14
-20
-12
53
-112
163
-152
85
-53
25
14
51
-140
105
-53
35
31
-100
84
-39
109
-232
123
81
39
-145
7
26
59
-118
134
-89
20
11
-84
107
-62
60
-276
408
-255
160
-112
70
-19
-35
2
0
-19
22
30
-91
92
-89
139
-219
172
-75
14
42
-120
202
-279
363
-220
-14
54
13
12
-191
177
87
-159
-93
219
-76
1
-9
14
44
-113
175
-224
213
-197
129
-75
19
38
-55
23
18
40
-89
41
33
-32
-19
21
-2
-4
-2
-5
12
-10
5
-5
3
-2
-1
0
0
0
0
0
-3
4
-6
9
-12
4
2
4
2
-22
18
31
-34
-42
87
-40
-20
-24
54
-37
-19
74
-130
195
-213
223
-175
112
-44
-13
9
-1
76
-222
92
160
-87
-178
190
-12
-13
-54
13
220
-364
278
-202
117
-43
-16
73
-173
218
-140
88
-92
90
-33
-23
14
0
8
-6
29
-70
-1
86
-203
358
-236
61
-73
98
-57
-24
110
-242
227
-52
7
-41
-17
58
-51
162
-257
201
-136
111
-35
-126
170
-35
-67
159
-200
120
-64
65
-51
-34
54
18
-63
21
46
-30
28
-58
58
-44
15
3
-4
-1
8
-12
11
-9
5
-3
1
-2
-1
0
-2
0
-1
3
-6
8
-12
11
-8
1
4
-3
-15
43
-60
57
-29
30
-47
-22
63
-19
-54
33
52
-66
63
-120
198
-158
66
35
-169
126
36
-112
135
-202
257
-162
52
-59
17
41
-7
52
-227
241
-111
22
56
-99
71
-63
233
-358
202
-86
1
69
-33
3
-14
0
-2
-17
20
-34
-75
205
-332
518
-334
56
-7
-52
67
-95
95
25
-82
39
-9
48
-69
-46
175
-275
229
-56
-28
54
-23
1
0
-56
66
-103
129
-45
-22
52
-46
-20
67
-53
18
-14
-20
51
21
-72
27
24
-22
-8
-2
4
8
-6
6
-8
0
-1
-1
-1
-1
0
-1
0
-1
0
-2
7
-6
5
-8
-6
1
7
21
-25
-27
72
-22
-51
19
13
-20
54
-67
19
46
-53
22
44
-130
101
-67
55
0
-2
23
-55
28
55
-229
274
-176
46
67
-49
9
-39
80
-25
-97
93
-68
51
6
-58
331
-518
332
-205
73
32
-24
15
-4
0
24
-40
9
13
-95
201
-203
206
-109
-40
49
-60
40
39
-63
64
-32
-18
9
-16
-28
104
-120
242
-267
11
111
-70
51
13
-59
43
-30
-131
285
-199
92
-23
-37
56
-52
37
-68
65
-22
-35
66
40
-110
51
-18
2
10
-3
-1
5
-11
8
-8
7
-3
-1
0
0
-1
-1
2
-7
7
-10
9
-6
1
2
-11
-2
17
-52
109
-40
-68
34
21
-66
68
-38
52
-56
37
21
-93
198
-285
131
29
-44
59
-15
-53
70
-111
-12
267
-243
120
-104
27
14
-10
17
30
-64
61
-41
-42
59
-51
39
106
-207
202
-200
92
-15
-12
38
-29
0
12
-43
2
50
-89
146
-86
-33
61
-63
21
47
-49
28
100
-290
166
49
-48
54
-33
-48
69
-87
58
-9
4
40
-49
-21
48
-36
13
78
-134
89
-21
-31
42
-42
58
-17
-68
62
-16
-32
43
-3
7
-28
22
-8
-12
13
-7
6
-7
5
-4
2
-2
0
0
0
0
0
0
-3
4
-5
5
-7
6
-14
11
7
-23
26
-7
3
-44
32
16
-62
68
17
-60
40
-44
30
19
-90
132
-79
-14
35
-48
21
49
-40
-5
8
-57
86
-69
47
32
-53
48
-49
-166
290
-102
-28
48
-48
-24
61
-62
32
85
-147
89
-51
-4
42
-17
0
29
-56
-3
72
-53
40
51
-212
152
-28
-9
63
-59
-11
83
-119
28
36
13
-26
10
-17
-56
139
-74
15
2
-48
36
31
-47
8
13
-101
141
-40
-12
27
-47
3
70
-118
102
-16
-69
100
-105
34
35
-18
2
-6
-3
9
-3
-4
-1
2
-4
3
-3
1
-1
0
-1
-1
2
-4
3
-4
1
2
2
-10
1
6
-3
18
-36
-34
106
-101
68
14
-103
117
-71
-4
46
-28
11
39
-140
100
-15
-9
47
-31
-37
48
-2
-15
74
-140
55
18
-11
25
-13
-37
-29
119
-83
9
59
-65
7
26
-154
211
-51
-42
52
-74
0
55
-34
0
20
-57
-5
83
-8
-75
130
-224
117
33
-10
-17
11
-36
32
-9
11
-9
-16
13
-15
94
-58
-68
54
-55
61
21
-41
-14
22
64
-108
67
-18
-52
67
-23
-3
10
-8
-12
59
-54
18
20
-98
118
-63
5
15
-5
-4
2
4
-4
-5
7
-9
8
-4
0
-1
0
-1
-1
3
-9
9
-7
3
4
-5
-3
4
5
-16
-6
64
-118
98
-21
-19
54
-59
11
7
-11
4
22
-68
52
17
-69
106
-64
-22
13
40
-21
-62
55
-55
67
59
-96
14
-14
16
8
-12
9
-33
34
-13
16
9
-35
-120
223
-131
74
8
-84
2
55
-24
0
29
-59
-4
75
26
-148
143
-128
49
47
-15
-50
3
79
-37
-48
45
-15
-26
63
-40
-15
66
-107
69
-2
1
-31
5
47
-28
-54
93
-46
-8
21
-34
22
6
4
-27
-2
12
-13
40
-1
-59
60
-31
-1
12
-4
-6
-1
5
-1
-6
3
2
-3
0
-1
0
0
-1
0
-1
2
-1
-4
5
0
-6
0
5
3
-12
0
31
-60
58
0
-41
13
-14
1
28
-5
-7
-24
32
-23
8
46
-94
54
27
-47
-5
31
-2
2
-70
106
-67
14
40
-64
25
14
-46
48
36
-80
-4
48
14
-49
-51
128
-144
148
-27
-77
2
58
-35
0
11
-30
0
28
7
-56
49
-10
-20
20
1
-1
-32
55
-34
-6
13
4
-15
-7
42
-41
-35
113
-79
14
7
-1
-8
-3
12
16
-55
54
-40
25
-11
6
-11
10
-5
3
4
-15
17
-17
12
3
-13
6
-3
1
-1
2
-4
1
-1
2
-3
1
-1
-1
0
0
0
-1
1
-2
1
-2
-1
-1
3
-3
0
-1
4
-8
12
-4
-11
16
-17
14
-5
-5
3
-11
9
-7
10
-25
40
-55
53
-16
-12
2
9
2
-8
-15
79
-114
35
41
-43
9
14
-5
-13
5
32
-56
31
0
-4
-22
18
10
-49
55
-8
-30
-1
28
-16
0
1
-4
2
-2
1
-3
2
-2
0
-1
1
-3
0
3
-2
-4
5
-2
-1
-1
3
-6
8
-2
-5
4
2
2
-4
0
3
3
-10
5
-10
9
1
-9
7
-5
1
-2
2
-7
7
-7
4
0
-2
-1
1
-3
1
-1
0
-1
-2
0
-2
0
0
-1
0
0
-1
1
-2
0
1
-1
2
0
-2
0
0
3
-2
0
1
-1
-4
7
-8
6
-4
1
-2
4
-9
9
-2
-10
10
-6
9
-4
-4
0
4
-3
0
-3
6
0
-9
6
-4
0
0
2
-6
3
0
-4
-1
2
-4
-1
-2
1
-3
2
-2
0
-5
3
-7
0
-2
-1
0
-1
0
0
0
-3
1
-4
0
-2
2
-1
-2
0
2
-3
0
3
2
-4
3
-9
5
7
-10
4
-3
2
4
-6
1
5
0
-4
6
-7
7
-6
1
1
1
-5
3
1
-1
1
-3
2
0
1
-2
-1
1
0
0
-1
1
0
-1
-1
-2
0
-1
-1
1
-1
0
0
0
0
-1
1
1
-2
1
-2
2
-2
1
-1
-3
5
-3
-1
-2
6
-7
6
-8
5
-1
-5
0
6
-3
-3
3
-5
9
-8
-6
8
-4
3
-2
-3
0
3
-2
-1
1
0
-3
0
-2
0
-3
2
-2
-1
-2
0
-2
0
-3
0
-1
1
-3
1
-2
1
0
-3
0
-1
0
-1
0
-2
1
2
-3
1
-4
4
-2
1
0
-1
0
0
-2
2
-3
9
-10
8
-7
-2
7
-5
0
-1
2
-3
1
-5
-1
3
-5
3
-1
-3
3
-2
-1
-2
1
-1
0
-1
0
-2
0
-1
-1
-1
0
0
0
0
0
0
-2
2
-3
0
0
0
-3
1
0
1
-4
3
-1
-4
3
-4
0
3
-2
2
-3
0
-3
4
-9
1
7
-8
10
-9
2
-2
0
0
-1
-1
-2
-2
2
-6
4
-2
2
-2
-2
1
-1
0
-2
-1
-2
2
-1
-4
1
-2
-1
-3
-3
0
-1
1
-2
0
-1
2
-1
0
-1
0
-2
1
-1
-4
3
-2
-1
0
-1
2
-3
2
-1
1
5
-5
4
-8
4
-2
-1
7
-10
6
-1
-2
3
-2
2
-1
1
-5
3
-1
-2
1
-2
-3
6
-7
5
-2
-1
1
1
-3
1
-1
0
0
-1
-1
0
0
-1
0
-1
0
1
0
-2
3
-2
-2
1
1
-6
6
-7
2
1
-2
1
0
-4
4
-1
0
-3
2
-3
1
2
-7
9
-7
1
1
-3
8
-5
4
-5
-1
2
-2
3
-2
-1
-1
-1
1
-4
2
-1
-3
1
-1
-2
-1
1
-4
0
-2
-2
-2
-3
0
-4
1
0
-1
1
-1
0
2
-4
1
-1
0
-1
-2
0
-2
0
1
-1
1
-1
-2
5
-3
-4
5
0
-3
-1
5
-6
4
-5
4
-4
11
-12
7
-1
-5
5
-6
4
-2
2
-1
3
-1
-1
-1
1
-1
1
-3
1
0
-2
0
1
1
-1
1
-1
0
1
-1
0
-1
0
-1
0
-1
-2
3
-1
0
-2
-1
0
0
-3
1
-2
2
-6
5
-4
4
0
-9
11
-11
2
-4
5
-5
6
-5
0
2
-2
-5
3
2
-6
2
0
-2
0
-1
0
1
-3
1
-2
-2
-1
-2
2
-3
-1
0
-1
-1
-1
-2
0
0
1
0
-2
0
0
-1
0
3
-2
0
0
-1
-2
-1
3
-2
-2
0
0
1
0
-1
-1
-2
-2
5
0
1
-6
1
-3
6
-4
2
3
-1
-1
-2
1
0
-1
1
0
-2
1
3
-6
1
3
-3
2
0
-2
0
-3
1
-2
0
0
-2
1
-1
0
0
1
1
0
0
0
0
1
-2
1
-2
0
-1
-2
2
-3
-2
5
-4
-2
2
-1
-1
-1
-1
-2
1
1
1
-3
-1
4
-6
3
-3
6
-2
-1
-5
1
1
1
0
-1
-2
0
-1
1
1
-4
0
1
-1
-1
-1
1
-4
0
0
-1
-2
-1
-1
-5
0
-5
1
0
-1
-1
0
-2
2
-1
-1
-1
-1
0
0
-1
-1
0
1
0
0
-1
1
-1
3
-7
3
5
-6
1
0
3
-3
3
-1
-4
6
-3
-1
-4
4
-3
2
-1
1
-2
2
-1
-2
-1
0
1
-2
-1
1
-1
-3
1
-1
0
0
-1
1
0
0
0
-1
-1
0
0
-1
0
2
0
-1
0
0
-2
-1
2
1
-1
-2
1
-1
0
-2
1
-4
3
0
2
-7
3
0
-4
2
-3
0
0
6
-5
-4
5
-4
0
-2
1
-1
1
-1
0
0
0
-1
-3
0
-1
0
-1
-3
1
-1
1
-1
-2
-2
0
0
0
0
-1
-1
0
0
-1
-1
0
0
0
0
-1
-1
-1
0
1
0
0
1
0
0
0
0
0
0
1
1
0
0
0
0
1
0
0
0
1
0
-2
-1
0
1
0
-1
-2
0
0
0
0
0
0
-1
-1
0
0
0
0
0
0
0
0
0
-1
0
0
0
0
-1
-1
0
0
-1
0
0
-1
-1
-1
0
-1
-1
0
0
1
0
-1
-1
-1
0
0
-1
-1
0
0
-1
-1
0
0
0
0
-1
-1
-1
-1
-1
-1
0
-1
-1
0
0
0
-1
-1
0
0
-1
-2
-1
-1
0
-1
0
0
-1
-2
-2
-2
