0
-2
1
-5
3
0
-2
4
-5
-2
6
-10
1
7
9
-20
-6
12
-1
1
-3
2
1
-5
7
-7
3
3
-3
0
3
-2
1
0
-1
-1
0
1
0
0
0
0
-1
1
-1
1
0
0
-1
0
-1
0
-1
0
0
-1
0
0
-1
-1
-1
0
-1
0
0
-1
-1
0
0
0
0
0
-1
0
-1
-1
0
-1
0
-1
0
0
-1
-1
1
0
-1
-1
0
0
0
-1
-1
0
0
0
-1
2
-5
2
3
-3
-3
6
-8
6
-1
-2
4
-2
0
-13
5
19
-10
-9
-2
8
-8
-1
4
-6
2
-2
-5
2
-2
-2
0
-1
0
1
-3
2
0
-3
0
8
-15
3
21
-17
-15
12
-20
19
21
-33
3
26
-20
5
-11
16
-11
12
3
-22
2
16
-1
1
-2
-5
2
0
-3
4
1
-3
0
0
-1
4
-1
-4
2
2
1
-3
-1
1
1
-1
-1
1
0
1
-1
0
-1
0
0
0
-1
-1
0
1
0
-1
0
0
-1
-1
0
1
0
-2
-2
2
2
-4
1
0
-2
2
-2
-4
2
-2
-4
5
2
-2
0
-14
-3
22
-4
-12
10
-16
10
-7
20
-26
-3
32
-21
-20
20
-12
14
14
-23
-3
12
-10
0
1
-1
-3
2
-5
-1
-3
0
-1
0
0
-3
-9
15
5
-14
5
1
-8
10
18
-58
40
-18
17
25
-48
32
-33
34
-13
-6
7
-11
-6
43
-13
-71
75
-10
-4
-15
-10
14
4
3
-2
-2
-10
20
-14
-3
3
10
-14
0
11
-7
-2
1
1
0
2
-4
1
1
-1
1
-2
0
-1
0
0
0
-1
-1
0
-2
-1
3
-3
0
0
-1
0
7
-10
-1
12
-11
-3
3
13
-20
9
0
-1
-3
-3
-16
11
15
4
10
-75
70
12
-44
5
11
-7
5
14
-36
32
-32
47
-25
-16
17
-40
57
-20
-12
7
-3
-6
12
-6
-16
7
1
-3
-1
-3
0
-3
0
-6
3
-4
17
-34
33
-13
5
-29
22
51
-59
-12
13
-6
-2
41
-30
-6
6
-4
5
5
-5
-6
65
-88
17
8
17
-14
43
-72
28
33
-42
12
-3
-5
9
3
-10
12
-7
6
-18
6
15
-20
5
1
2
6
-12
3
1
0
0
0
1
0
0
0
-1
0
0
0
-2
-2
11
-6
-4
-4
-6
19
-17
-6
18
-7
5
-13
10
-3
-10
5
2
-12
42
-34
-29
71
-45
14
-17
-8
-17
88
-65
7
5
-5
-5
5
-7
6
29
-43
1
6
-13
12
58
-52
-24
27
-7
11
-32
32
-18
2
-5
1
-3
-2
0
-12
14
-9
-11
28
37
-134
105
-46
44
-43
27
37
-91
65
-38
-12
68
-60
20
7
-3
-12
0
15
-19
16
-3
12
-53
53
-15
2
9
-31
9
28
-51
42
-23
16
-5
-7
7
-8
13
-32
46
-27
15
-25
20
-17
8
-6
12
-7
2
-3
2
-1
0
0
0
0
0
0
-2
2
-2
6
-13
6
-8
17
-20
24
-16
26
-46
31
-13
7
-8
9
4
-17
22
-41
49
-29
-9
30
-10
-4
15
-53
52
-13
3
-17
18
-16
0
12
2
-7
-20
60
-69
11
38
-67
90
-38
-28
41
-45
44
-106
134
-39
-29
9
6
-15
7
0
18
-26
13
60
-313
744
-903
582
-178
-79
67
219
-393
254
-86
0
73
-52
-50
81
-31
-5
10
-9
6
0
-8
11
-52
84
-48
8
-7
21
-40
43
-18
-10
7
-10
9
-2
2
-8
10
-6
-11
44
-47
23
-41
47
-13
-12
20
-12
-2
1
0
-1
0
-1
-1
0
-1
0
0
0
-1
-2
0
11
-19
11
12
-48
42
-24
46
-45
11
5
-11
7
-2
2
-12
9
-7
9
17
-44
38
-21
5
-8
48
-84
51
-13
7
-3
-7
8
-11
5
31
-81
50
51
-74
-1
84
-255
393
-221
-68
77
175
-583
903
-744
311
-61
-17
24
-22
0
24
-34
16
-23
257
-656
556
-30
-146
-27
110
-17
-75
111
-79
-43
42
117
-189
73
39
-12
-29
12
-3
28
-32
-19
35
-4
0
-29
35
-4
-13
13
-21
15
-3
-1
-3
6
-8
2
-17
36
-20
-7
0
-1
4
10
-4
-13
1
7
-3
-1
0
-1
0
0
-1
0
0
-1
0
1
-1
1
2
-8
-2
13
2
-11
-4
0
-1
7
19
-37
16
-3
9
-8
1
1
2
-15
20
-15
12
3
-36
29
-1
3
-36
18
32
-29
0
-13
29
12
-39
-73
187
-117
-42
43
78
-114
74
15
-112
26
144
30
-556
654
-259
21
-18
33
-29
0
19
-24
13
-21
-150
429
-301
6
46
11
-93
126
-56
-70
63
34
-36
-6
8
21
-36
30
-18
-12
18
-7
-24
17
61
-72
18
-31
55
28
-85
19
33
-16
-6
8
-4
-7
16
22
-80
39
47
-33
-31
25
19
-25
-3
8
6
-9
-2
2
0
0
0
-1
0
0
0
0
-1
-1
-1
-3
2
8
-8
-9
3
24
-21
-25
31
32
-48
-40
80
-24
-16
7
2
-8
5
15
-33
-19
85
-29
-56
31
-18
72
-62
-18
24
6
-19
12
17
-30
35
-21
-8
5
34
-35
-64
70
55
-128
91
-14
-48
-6
300
-431
150
19
-16
22
-24
0
23
-25
16
-26
-176
543
-425
27
43
68
-67
-75
86
55
-31
-57
29
-43
78
-58
30
-25
0
47
-46
-4
31
34
-84
41
7
-73
83
35
-93
10
46
-20
-8
8
-3
-1
-12
30
16
-57
-4
19
28
2
-36
2
5
9
-11
6
3
-2
0
-1
-2
2
-2
0
0
-2
1
1
0
2
-1
-7
9
-9
-6
-3
36
-3
-28
-19
2
56
-17
-32
12
2
1
-10
8
18
-46
-11
91
-36
-83
73
-9
-41
83
-35
-31
3
46
-47
0
25
-30
58
-80
43
-30
57
31
-56
-87
73
65
-70
-45
-28
425
-544
175
25
-18
23
-27
0
18
-13
7
-12
-152
359
-106
-270
214
-50
53
-111
180
-172
7
139
-118
-163
340
-86
-92
47
-17
-21
54
-46
43
-104
149
-112
48
25
-93
59
50
-53
-12
18
-2
-1
5
-9
22
-28
-37
56
15
-20
-16
6
10
3
-2
1
-19
16
-2
-5
-2
1
-2
0
0
0
-1
-1
0
-1
1
2
0
-17
17
-2
2
-3
-11
-6
16
20
-15
-57
38
27
-23
8
-6
0
2
-18
13
52
-52
-60
93
-25
-49
111
-149
105
-42
45
-55
21
16
-47
92
86
-341
162
119
-139
-7
171
-183
109
-54
48
-215
269
107
-359
150
11
-9
12
-22
0
24
-14
7
22
-254
334
-5
-175
75
-16
126
-299
214
11
-18
-33
39
-244
306
-13
-84
1
8
-38
29
28
22
-160
155
-9
-51
34
48
-148
75
30
-10
-39
31
-10
-4
12
-13
46
-63
36
-33
37
-15
-31
39
14
-35
11
0
-1
5
-3
-3
1
0
-1
0
0
-1
0
-1
-1
2
2
-6
-1
0
-11
33
-14
-40
30
15
-38
33
-36
64
-46
12
-11
1
9
-32
38
10
-31
-76
147
-49
-34
49
8
-155
160
-21
-28
-30
37
-8
-1
82
13
-305
244
-39
32
17
-13
-216
297
-126
14
-76
174
5
-334
252
-23
-9
13
-29
0
17
1
-10
-86
254
-202
-89
209
-93
-24
76
9
6
-117
12
68
5
-11
-111
123
1
-23
1
-5
-33
44
56
-150
115
-31
4
-18
12
8
-18
-4
20
3
-13
0
2
-10
10
23
-24
-41
39
23
-22
-22
24
13
-21
-1
3
8
-7
0
3
-1
0
-1
1
0
-1
1
0
0
-3
1
7
-9
-3
1
20
-14
-24
21
22
-24
-39
40
23
-23
-10
8
-1
-1
13
-5
-21
3
17
-10
-12
18
-4
31
-117
150
-56
-43
34
4
-1
23
-2
-124
112
11
-6
-69
-14
117
-6
-10
-79
23
91
-209
89
201
-255
85
6
-2
-21
0
8
24
-15
29
-131
139
-44
6
16
-20
-57
113
-69
-7
53
-58
3
30
2
-15
8
-8
-9
3
20
-8
-23
17
-18
17
-5
17
-32
35
-7
-22
5
0
6
-4
-1
6
2
-27
28
-20
17
-7
-6
12
-10
-4
1
9
-9
2
-1
0
0
0
0
-1
0
0
0
-1
0
-1
0
-1
0
-2
9
-11
-2
4
10
-14
5
6
-19
18
-29
26
-4
-7
-1
2
-6
-1
-6
21
5
-37
30
-18
5
-17
17
-18
23
6
-21
-3
8
8
-9
14
-2
-31
-3
57
-55
6
67
-116
56
17
-17
-6
45
-140
130
-30
12
-25
-13
0
3
31
-30
-12
43
-43
24
2
-27
27
-15
-19
25
-10
0
26
-43
60
-71
24
10
-8
6
3
1
-23
29
-20
15
-5
-1
3
-18
19
-10
0
1
-2
0
-2
4
-6
-2
5
12
-11
-5
13
-17
13
-7
0
0
0
-2
0
0
0
-1
-1
0
-2
0
0
-1
-1
0
0
-1
-1
0
-1
1
-2
-1
0
5
-13
16
-14
5
11
-13
-6
1
5
-4
1
-2
1
-2
0
8
-20
16
-4
1
4
-16
21
-29
23
-2
-3
-7
8
-10
-25
71
-61
44
-27
-2
10
-27
18
13
-29
24
-2
-26
43
-43
10
27
-33
-7
0
-21
47
-27
5
24
-82
62
6
-17
-24
45
-5
-28
4
7
-15
2
49
-70
18
22
-6
-7
5
-11
12
-10
12
-12
10
-1
-4
1
-3
7
-7
5
-1
-1
-2
0
-3
5
-6
0
-1
4
-3
2
-6
5
0
-2
-1
0
-1
1
0
-1
-1
-1
-1
-1
0
1
0
0
0
0
-1
-2
0
0
1
0
-2
-5
4
-2
2
-4
1
-1
5
-5
2
-1
0
0
2
-6
7
-8
3
-2
4
2
-10
11
-12
11
-13
10
-6
6
4
-21
-18
71
-50
-3
14
-10
-5
26
3
-47
22
15
-8
-62
80
-26
-6
25
-48
16
0
-29
55
-32
3
-24
51
-18
-19
9
3
-8
12
-21
-3
13
3
-3
-13
16
2
-5
-1
2
-3
2
-1
4
1
-8
2
0
0
-3
1
0
-1
0
0
-2
1
0
0
0
-1
3
-4
-2
3
-5
2
-2
3
-2
-1
0
0
-2
0
-1
0
-1
-2
0
0
0
0
0
0
-1
-1
0
-1
0
-1
1
-3
2
-3
3
-3
0
3
-2
0
-1
0
0
-2
2
-1
0
1
-2
-2
2
-1
0
-3
7
-1
-7
1
-3
3
-1
1
4
-2
-16
12
2
-3
-14
1
20
-13
7
-6
-10
19
19
-53
22
-4
29
-58
25
0
-18
34
-18
6
-13
-3
14
-7
12
-19
12
-3
2
-12
8
-5
-7
35
-47
32
-12
-4
5
2
-4
5
-9
6
-1
4
-3
3
-3
2
-4
1
1
-3
3
-1
1
-2
1
0
0
1
-1
-2
1
-1
0
-2
1
-1
-1
-1
-2
0
0
0
0
0
-1
0
0
-1
-1
0
-1
-1
1
0
-1
1
-2
1
0
0
-2
1
0
-2
0
-1
-2
0
0
0
-2
2
-1
-2
3
-3
2
-3
4
-4
-1
-6
8
-6
4
-3
-6
4
12
-33
46
-37
5
4
-8
11
-3
1
-15
15
-15
6
-16
2
12
-8
16
-36
13
0
-9
17
-6
-11
15
-12
4
-1
-5
6
-6
11
-30
29
-12
7
-10
2
6
3
-7
0
3
0
-3
4
-1
0
0
-2
4
-1
-2
1
-2
-1
2
-1
-1
0
-1
0
-2
5
-6
0
4
-2
-2
2
-2
2
-2
1
1
0
1
-1
0
-1
-1
0
-1
0
0
-1
-1
0
0
0
-1
0
-1
0
1
-2
0
-2
0
1
-4
0
5
-6
0
-2
0
-1
1
0
-1
1
0
-3
2
0
-3
2
-1
1
0
-5
2
-1
-4
0
7
-4
-7
-2
9
-8
12
-31
27
-12
4
-8
2
0
-5
11
-16
9
4
-19
4
0
-9
7
-6
5
3
-14
11
-1
-2
1
-7
-6
30
-37
16
-7
4
9
-14
3
1
-2
2
1
0
-3
-4
15
-9
1
1
-1
-1
0
1
-2
1
0
0
0
0
-1
1
-1
1
0
1
-1
1
-2
1
-2
0
0
0
-1
0
-1
0
0
0
0
-1
0
1
-1
0
-1
1
0
-1
0
0
0
-1
1
-3
0
-1
0
-2
0
-2
0
-1
-1
-1
-1
0
-1
-1
1
-3
-1
0
1
-1
-1
9
-16
4
3
1
-1
-2
2
-2
-4
14
-10
-4
6
-19
36
-31
4
6
-3
0
1
-13
13
-4
-7
2
-9
3
0
7
-12
1
5
10
-32
21
1
-3
0
0
-12
20
-19
7
4
-4
-2
7
-7
0
-3
2
0
3
-3
-4
5
-2
1
-1
2
-1
-4
4
-1
2
-2
-3
2
-1
-1
2
0
-1
0
-3
1
0
0
0
0
1
0
0
-1
-1
1
0
-1
1
0
0
0
1
0
-1
1
0
0
0
1
-1
0
-1
0
-1
0
-1
-1
2
-1
0
-1
-2
-1
0
-3
3
-1
-4
1
-5
3
1
-2
1
0
2
-5
3
1
-3
-1
-2
2
0
7
-8
0
2
-4
-7
18
-20
10
-2
-1
1
-1
-23
32
-12
-7
-2
11
-11
0
7
-25
20
-10
-4
22
-19
5
-3
-16
14
1
-12
31
-15
-2
4
-15
21
-2
-2
-11
-3
-6
4
13
-1
-2
0
-6
11
-8
10
-4
-5
-2
-3
4
1
0
-1
-1
-3
4
0
2
0
-3
-7
3
-2
5
-1
-2
-1
-1
0
-1
-1
-1
-1
-1
0
0
-1
-1
1
0
-1
0
-1
0
1
1
0
-5
0
-3
5
3
-2
-3
-1
-5
2
0
0
-1
-1
-6
3
1
5
4
-10
7
-11
6
-1
2
1
-13
-6
5
2
10
3
3
-22
15
-5
2
15
-33
11
-2
-15
14
2
-6
19
-24
2
8
-23
22
-11
0
12
-29
13
6
-1
-17
22
-5
-14
4
54
-88
59
-32
23
-6
-8
-7
6
7
-1
0
-5
-5
24
-16
-4
9
0
-4
6
-2
-10
7
1
-1
-3
6
-4
-2
6
-7
4
0
-4
3
0
-5
5
-1
-3
-1
1
-1
-2
2
-2
0
0
0
-1
0
0
0
0
0
0
-1
-2
0
2
-3
1
0
-1
1
3
0
-6
4
1
-3
3
-1
-5
7
-7
2
4
-7
3
1
-2
-8
9
2
-7
4
-1
-9
2
16
-25
4
6
-1
1
-7
-6
6
7
5
-23
30
-59
87
-56
-5
13
4
-21
16
0
-7
-16
27
-15
0
10
-22
3
7
4
-1
-4
0
-1
6
-7
16
-26
10
1
5
-16
7
13
-4
-8
5
3
3
-15
7
6
-7
2
0
-2
0
0
0
-2
1
1
-4
2
-1
1
-1
2
-2
1
0
-2
1
-2
3
-6
3
-2
-1
-1
0
-1
1
0
-1
-1
0
-2
0
0
-1
0
0
0
-2
0
-1
0
0
0
-2
5
-5
0
-2
2
-1
-1
2
-3
0
-1
0
-2
2
-2
-2
2
-1
-1
-1
1
-1
-3
7
-7
-7
14
-3
-2
-7
8
4
-12
-7
16
-6
-3
-12
26
-17
5
-7
0
0
4
1
-5
-8
-7
21
-14
0
8
-17
15
-10
-5
4
9
-7
0
4
-9
-2
8
-8
12
-9
1
-3
9
-9
7
0
-3
7
-7
1
-1
-1
4
-6
3
-3
1
1
-1
-5
4
-3
1
0
-2
0
-3
0
3
-2
1
-1
-2
1
0
-1
1
-2
1
-1
-2
0
0
0
0
0
-1
0
-1
0
-1
-1
0
-1
0
0
-1
0
0
0
-1
0
1
1
-2
1
-2
0
0
-2
0
-1
-2
2
-5
3
1
-2
-1
3
-4
5
-5
0
0
-1
6
-7
4
0
-7
9
-10
2
-1
9
-13
7
-9
0
9
-5
-2
6
-11
-5
4
9
-18
16
-12
0
11
-27
34
-27
6
4
-4
-2
4
-5
-6
10
13
-62
80
-68
15
70
-83
37
-11
-3
0
19
-16
-18
47
-45
20
-2
-4
6
-7
3
0
0
0
-1
-1
1
-2
1
-1
-1
-1
0
-3
-1
1
-2
-1
1
-2
0
0
0
0
0
0
0
-1
0
0
0
-1
0
0
-1
0
-1
0
-1
-1
-1
1
-1
1
1
-1
1
0
-2
0
1
0
-2
0
-1
-1
0
0
0
0
-5
5
-6
4
1
-20
45
-48
18
14
-19
0
3
10
-37
82
-70
-17
68
-81
60
-14
-11
3
3
-5
2
4
-5
-8
25
-38
26
-16
0
-6
10
-19
20
-3
-7
6
-6
3
0
2
-10
-19
14
88
-104
-8
-27
113
-40
-20
8
-4
-2
-7
6
42
-49
7
-9
5
9
4
-8
0
0
-6
7
0
-4
2
-1
-1
0
0
0
1
-2
3
-3
-1
1
0
-1
-1
-1
-1
0
0
-1
0
0
0
0
1
0
0
0
-1
1
0
-1
0
0
-1
-2
1
2
-2
1
-2
0
-2
-1
1
-1
-1
3
-1
-7
4
-2
-1
8
-4
-10
-6
10
-8
48
-42
-7
7
1
5
-8
20
39
-114
27
6
103
-88
-15
17
9
-3
-1
-4
6
-6
7
1
-22
17
-11
3
0
1
0
-2
-2
0
0
3
1
-2
0
-12
19
-1
8
-18
7
-28
16
-8
7
17
7
-12
-11
-6
0
16
2
5
-6
-9
4
-6
4
2
1
-1
-2
0
-1
1
-1
1
-3
2
-1
0
1
0
-1
0
1
-1
0
-1
0
-1
-1
0
-1
-1
0
0
0
0
0
0
0
-1
0
0
-1
1
0
-1
-1
-1
1
-1
-1
0
0
-4
2
-1
1
-3
0
0
2
-1
-2
-2
-6
6
-5
9
6
-6
-3
-17
-1
6
10
11
-8
-16
-8
9
-16
28
-7
16
-10
-2
-20
10
-2
1
0
-5
0
0
1
-1
0
-5
0
-9
16
-9
-6
-4
17
-12
5
-5
-2
7
-18
12
19
-20
-29
20
-13
41
-14
-15
5
1
1
-3
-9
9
12
-7
-6
1
1
1
-1
-1
1
0
0
-2
1
0
0
-1
-1
2
-1
0
-1
2
-3
0
1
-1
0
-1
0
-1
0
0
-1
0
0
0
0
0
0
-1
0
0
0
0
-1
0
-2
0
-1
-1
2
-2
0
0
1
-1
1
-1
-1
-1
-2
1
-1
0
-1
1
-1
-1
-2
-1
4
8
-12
-9
9
1
-1
-2
-6
14
14
-41
12
-20
28
20
-22
-13
16
-9
1
2
-5
11
-18
2
4
6
-17
4
0
-14
22
-5
-4
-5
4
4
1
-2
-5
4
6
-18
29
-61
56
6
-33
33
-32
14
-5
13
-22
14
2
-12
8
2
1
-8
3
2
-4
2
-3
1
1
-2
0
0
1
-1
1
0
-1
1
0
0
-2
2
1
-1
0
0
-1
-1
-1
-2
0
-2
0
1
0
0
0
0
0
0
0
-1
0
-1
0
0
-1
-2
1
-2
0
-2
0
0
-2
1
-2
-1
-1
0
-2
-1
1
-3
3
-4
-4
7
-1
-3
-8
11
-1
-16
20
-13
5
-15
31
-34
33
-6
-56
60
-29
16
-8
-5
3
0
-2
-5
-5
3
3
3
-23
10
0
-8
16
-17
9
-5
6
-4
0
-1
0
2
-11
4
19
-23
-8
-4
46
-9
-35
-1
27
-2
-25
22
12
-33
-16
36
16
-30
6
4
4
-11
3
4
-3
-5
1
4
-2
0
0
-1
1
2
-1
-3
0
1
-2
-1
1
-1
-2
0
1
-1
0
0
-2
-1
0
0
0
-1
-1
-1
-1
-1
1
0
-2
0
2
0
-3
2
0
-3
-1
0
-1
-1
1
-4
-3
4
3
-4
-4
10
-5
-5
-6
30
-16
-37
15
33
-13
-22
24
1
-28
0
35
9
-46
3
7
22
-20
-6
10
-3
-2
-1
-2
2
-7
3
-11
14
-18
4
0
-6
9
-8
5
-6
0
8
-4
-2
0
-2
1
-1
1
-15
57
-56
7
13
-12
6
0
-1
5
-6
12
-20
18
-9
0
-1
3
-5
3
1
-3
-2
6
-8
2
-1
1
0
-2
0
-1
1
-2
-1
1
1
-1
-1
-1
2
-2
1
0
0
0
0
0
-1
0
0
0
-1
0
0
1
-1
1
-3
0
1
0
0
-1
-1
2
-3
-1
0
1
-1
-2
-1
-3
7
-7
2
2
-3
-5
4
-3
2
0
9
-19
19
-13
5
-6
2
1
-6
10
-14
-8
55
-57
14
-1
1
-1
-1
-1
0
3
-9
-2
5
-7
6
-11
1
0
1
2
1
-1
0
0
1
1
-2
0
0
-1
0
0
1
-2
-3
2
5
1
-6
-5
3
6
0
-4
-1
3
2
-1
-1
2
2
-1
-1
1
1
-1
-2
0
1
0
0
1
0
-1
-1
0
1
-1
-1
0
1
-1
-2
0
2
1
-2
0
0
-1
-1
0
0
0
-1
0
0
0
-1
-1
1
0
-2
-1
1
1
0
-1
0
1
0
-1
0
0
-1
-1
1
1
-3
-2
1
0
-2
-2
2
3
-1
-3
0
4
-1
-6
-3
4
6
0
-6
-2
2
1
-1
-3
-1
-1
-2
-2
-1
-1
-2
-2
0
0
-2
-2
-2
