-8
-16
18
-19
21
-52
50
18
-179
162
24
-131
84
0
-21
-9
-38
34
14
-15
4
12
22
-105
52
34
-22
-3
2
-14
22
-23
1
11
-10
4
2
-6
7
-3
-4
6
-1
0
1
0
-1
0
-1
-1
-1
0
-1
-1
0
0
0
-1
0
0
-1
0
0
-1
1
0
0
0
-1
1
0
0
1
0
0
0
0
0
0
0
0
0
0
1
0
0
-1
5
-4
-4
7
-5
2
5
-9
12
1
-22
22
-13
3
-2
-20
35
54
-103
24
14
5
-13
15
35
-37
-5
-18
4
87
-128
28
165
-178
23
54
-49
23
-11
23
-8
-25
-36
69
-66
29
36
-93
185
-296
177
-40
132
-224
65
92
-98
55
-76
83
-34
-5
-6
50
-65
0
51
-42
6
2
0
0
-4
3
-4
-1
3
0
-1
2
-1
-2
3
0
1
-1
1
-1
0
0
-1
0
0
-2
0
-1
0
-1
-1
-1
-1
0
-1
0
0
0
0
0
-1
0
0
0
-1
0
0
1
1
-1
1
0
0
1
-1
0
0
-1
1
1
2
-3
-1
3
0
0
2
-2
-3
3
-3
1
1
4
7
-41
52
1
-63
53
-4
-4
-33
84
-74
56
-95
95
67
-220
134
-37
180
-294
188
-89
40
32
-59
74
-28
-26
-59
113
-93
66
-46
3
64
-96
65
-62
-72
174
-111
26
-6
-32
79
-35
-36
30
-19
8
-21
35
-28
10
-6
1
0
-4
0
0
-2
1
1
-2
5
-6
0
-1
1
0
2
0
-1
0
0
-1
1
-1
-3
0
-1
-2
-1
0
-1
-2
-1
-1
0
0
0
0
0
1
0
-1
-1
0
0
1
1
0
0
1
-1
-1
1
0
1
0
1
1
1
1
0
0
0
-5
5
-2
1
2
-1
0
1
-2
2
2
-6
11
-27
37
-20
9
-17
32
-35
-35
79
-31
-1
29
-107
178
-69
-60
68
-94
67
6
-43
69
-88
117
-50
-20
-49
90
-83
48
-47
32
-129
256
-75
-56
-191
306
-176
61
-22
3
-120
183
-85
43
-61
7
27
46
-109
61
-10
-2
-1
-2
-2
4
2
-4
1
1
0
-2
5
-4
0
1
1
-1
1
1
0
0
0
-1
-2
2
-1
-1
0
-1
-1
-1
-2
-1
0
0
-1
0
0
0
0
0
0
-1
1
0
1
0
-1
1
0
-1
0
1
-1
2
0
0
1
0
1
-4
5
-1
-1
2
1
-5
3
4
-3
-1
-1
-1
-9
62
-106
48
28
8
-61
45
-83
184
-119
4
-18
64
-173
308
-188
-53
-70
257
-126
35
-43
52
-76
96
-40
12
-31
24
29
-44
-132
281
-345
252
-232
140
390
-456
-37
23
121
-21
-19
9
31
-79
44
-48
129
-188
120
-8
-20
3
3
-6
-11
13
0
0
-3
1
4
-2
-10
13
-5
2
-1
1
-1
0
1
-1
0
-1
0
-5
3
-1
-1
0
0
-1
-1
1
-1
-1
0
0
-1
-1
-1
1
1
-1
0
0
0
-1
4
-3
1
-1
1
0
1
0
1
1
-2
2
-5
14
-10
-2
3
2
-1
-1
0
13
-10
-6
4
4
-19
-8
122
-187
132
-46
46
-78
31
10
-18
-20
123
26
-34
-453
393
144
-229
254
-342
284
-128
-42
36
29
-23
7
24
-84
70
-94
170
-231
66
206
-161
274
-528
464
-480
85
195
52
-126
142
-149
11
14
51
-43
25
-3
-3
-8
-11
7
-6
16
-10
-9
4
2
-2
5
-1
-5
6
-5
2
1
-1
0
0
0
0
-4
1
-3
-1
1
-1
-2
0
0
0
-2
-1
0
0
-1
-1
0
0
0
0
0
1
-1
0
-1
-1
3
0
-2
1
-2
1
0
1
0
0
2
2
-5
6
-5
-2
4
-1
2
4
-8
-10
16
-5
8
-9
-8
-1
-1
25
-42
53
14
12
-150
143
-125
53
198
88
-476
466
-524
276
-158
207
69
-227
173
-91
77
-79
32
-32
77
-111
-20
74
-105
-50
298
-389
385
366
-1225
1298
-1187
1239
-1004
164
357
-498
278
56
-139
137
-68
34
-3
-11
17
-9
-11
4
-2
-5
12
-14
4
0
2
-9
8
-8
14
-9
4
-1
2
-2
3
1
-8
8
-6
6
-4
1
0
-1
0
-1
0
-1
0
-1
0
0
0
0
1
0
0
0
-1
1
0
1
-2
6
-5
7
-7
2
3
-2
1
0
5
-9
14
-8
8
-9
1
1
3
-14
13
-5
-2
5
-10
-8
18
-10
-2
35
-67
140
-138
57
280
-497
358
165
-1001
1243
-1182
1299
-1219
369
388
-386
303
-46
-101
78
-13
-105
83
-17
22
-60
75
-135
204
28
-72
-836
1244
-547
203
-475
284
200
-359
194
157
-185
-87
123
-63
54
-140
351
-384
241
-130
44
-38
55
-61
22
19
-26
16
3
-2
-8
22
-31
24
-14
7
-2
1
1
0
-1
-3
5
-3
-2
-1
-1
1
0
-2
0
-2
0
-1
-1
-1
0
0
0
0
0
0
0
-1
2
-1
0
0
0
-5
5
-2
0
-1
1
1
-1
8
-14
23
-31
23
-7
-1
2
17
-25
19
22
-60
55
-37
45
-128
242
-382
352
-139
56
-61
124
-85
-184
158
195
-354
204
288
-471
207
-542
1245
-833
-69
33
208
-131
83
-56
31
-5
-4
-13
-5
-91
180
-274
-80
937
-646
-173
-215
288
515
-46
-1053
936
-253
-327
456
-294
-136
156
383
-219
-145
67
-5
-2
37
-49
-19
60
-19
-11
3
6
-16
-10
43
-5
-28
6
6
-1
1
-1
-1
6
-9
-2
6
0
-1
-3
-1
-1
0
0
-2
-1
0
-1
0
0
0
0
0
0
0
0
0
-2
2
-1
-1
0
7
-2
-7
7
-1
-2
2
-1
7
6
-25
-5
42
-10
-15
7
3
-10
-19
60
-18
-49
37
0
-5
68
-144
-217
383
157
-135
-292
457
-325
-252
937
-1049
-43
518
292
-211
-170
-643
938
-78
-271
182
-88
3
-9
4
0
13
-47
16
-91
123
-4
-727
1568
-746
-405
514
37
-1012
1549
-1458
656
-140
236
-181
-21
226
-122
-192
305
-259
82
28
-9
21
-53
56
-22
-15
10
4
-10
15
-25
31
-10
-7
6
-4
0
1
-2
3
1
-8
6
-3
-3
2
-2
-3
2
-2
-1
-1
-1
0
0
0
0
0
0
1
0
0
-1
-1
1
0
0
2
-2
-1
6
-5
2
4
-1
1
1
-3
7
-8
-10
31
-24
16
-10
4
11
-16
-22
58
-52
22
-8
31
82
-258
306
-190
-121
226
-20
-179
236
-138
657
-1455
1552
-1009
39
516
-401
-741
1567
-723
0
125
-87
22
-42
21
-4
-5
1
-32
-37
146
-20
883
-2461
1854
-442
199
-46
-190
631
-1114
590
-80
242
-205
87
-135
228
-360
373
-253
140
-69
20
-14
38
-56
38
-6
-15
13
0
-7
6
2
-16
18
-8
5
-2
0
0
0
2
-4
4
-7
2
-3
0
3
-2
-2
0
-1
0
0
0
-2
0
-1
0
1
1
-1
0
1
1
-1
2
-2
3
-6
5
-3
3
0
2
-1
-2
4
-8
16
-15
2
7
-7
0
13
-13
-7
38
-55
39
-15
22
-68
142
-252
374
-359
228
-133
87
-204
242
-78
591
-1111
635
-187
-42
203
-440
1855
-2456
886
-19
149
-34
-25
6
3
-2
-21
7
-7
-76
185
-204
-71
418
-164
-169
-228
-15
936
-362
-633
515
-131
-269
240
-28
96
-230
246
26
-147
-64
113
-23
-40
29
48
-41
-2
-13
12
-3
0
8
-8
-3
9
3
-6
1
0
-1
1
0
-2
-4
5
-1
-1
0
-1
-2
-2
-1
-1
-1
-1
0
-1
0
1
0
0
-1
1
1
0
-1
1
2
0
-1
4
-3
-1
1
0
0
1
1
-5
2
9
-4
-6
7
1
-3
14
-13
0
-41
49
30
-40
-21
114
-63
-146
27
247
-229
99
-27
241
-268
-129
516
-631
-359
939
-13
-224
-165
-162
420
-68
-200
188
-72
1
11
-13
-14
18
-45
23
-98
114
8
-654
1320
-869
235
231
-840
1194
-1057
418
-148
268
-253
132
-102
-107
288
-155
24
68
-84
36
-9
0
-34
53
-11
-28
8
3
4
-13
10
2
-10
15
-10
4
2
-1
0
-2
-1
4
-8
6
-4
-1
1
-2
0
0
-1
0
-1
-1
-1
1
0
0
0
1
-1
1
-1
-1
0
0
1
0
-3
5
-6
5
0
1
-1
1
1
5
-10
16
-10
2
11
-12
3
5
8
-28
-11
54
-34
0
-8
38
-83
70
25
-156
291
-106
-102
134
-251
268
-147
421
-1054
1197
-836
234
238
-865
1320
-649
12
118
-94
31
-41
26
-8
-5
9
-51
-10
76
-195
-93
875
-976
625
-558
422
-196
-534
953
-162
-117
-362
337
-208
317
-482
429
-77
-136
118
-76
29
-17
16
-31
22
-1
-10
13
-6
7
-18
30
-25
5
9
-6
3
1
-1
0
-3
7
-7
3
-1
-2
2
-4
0
-2
0
-1
-1
0
-1
-1
-1
0
0
0
1
0
1
0
0
1
1
0
0
4
-6
6
-2
0
-1
1
2
-5
7
6
-25
31
-17
7
-5
14
-10
0
22
-31
17
-16
30
-76
120
-136
-75
431
-480
319
-207
338
-361
-115
-161
954
-531
-192
425
-554
628
-972
877
-89
-191
80
-7
-44
14
3
7
-33
4
25
-8
-42
120
-484
722
-239
-44
-99
-523
451
546
-476
115
-151
1
117
-38
-64
60
-71
53
70
-84
-10
12
5
-9
1
9
-5
-8
2
-1
5
1
-1
-5
-1
6
2
-2
-1
0
-1
-1
-3
0
3
-3
-2
-1
-1
-1
-1
-2
-1
0
-1
-1
0
0
1
-1
0
1
0
0
0
-1
0
1
-1
-2
4
0
-1
0
-1
1
1
-2
1
5
-2
-5
-1
3
5
0
2
-6
-5
9
2
-7
5
13
-10
-83
73
55
-69
61
-64
-37
118
4
-149
116
-473
549
454
-519
-95
-42
-235
724
-480
124
-38
-5
33
9
-23
-1
-8
-1
-10
31
16
-73
-672
1110
-376
-131
331
-447
343
-196
69
-76
131
-154
98
-19
-67
143
-216
225
-167
103
-50
10
4
-8
-1
1
-2
2
-4
-1
8
-12
14
-14
11
-4
1
0
0
-2
3
-2
-2
4
-4
1
-1
0
0
-1
0
0
1
-1
-1
-1
-1
0
0
0
1
0
1
-1
0
-1
1
2
-1
2
-4
5
-2
-1
1
-1
1
1
1
-3
11
-13
13
-11
9
0
-1
1
0
1
-1
-7
6
11
-49
104
-166
226
-215
144
-65
-18
97
-154
132
-75
73
-193
347
-443
334
-128
-374
1110
-668
-71
20
34
-3
3
0
-25
-13
25
-20
-69
73
34
-568
1084
-756
192
156
-269
222
-130
-148
278
-101
-106
3
156
-68
-135
131
35
-102
45
-3
-3
-9
17
-19
5
12
-14
6
0
-3
2
9
-9
-4
9
-1
0
0
1
-2
0
2
-1
-2
-1
2
-2
-3
0
0
-1
-2
0
-1
-1
0
1
0
-1
0
1
0
0
-1
-1
1
-1
2
0
-1
-1
3
1
0
0
0
0
-1
8
-3
-9
9
2
-4
1
8
-14
11
5
-18
18
-10
-3
-3
47
-101
37
132
-131
-67
157
5
-105
-100
279
-145
-126
226
-265
160
195
-752
1085
-563
38
77
-66
-12
30
-6
-11
-13
6
-10
-45
140
-133
-193
394
-138
44
-292
324
-70
-211
250
-159
126
-110
64
-40
-21
66
-37
28
-35
16
-10
-5
2
6
-3
-5
3
6
-10
3
2
-2
0
-4
5
-2
3
0
0
-1
-1
-1
2
-2
-3
2
-3
-1
-1
-1
1
-1
-1
0
-1
-2
-1
1
1
0
0
0
0
0
1
-1
1
0
-3
2
-2
-2
2
0
0
0
1
0
3
-2
4
-3
-1
-2
2
3
-8
6
5
-5
-2
7
3
-4
-9
17
-32
30
-35
68
-20
-38
64
-110
127
-158
254
-208
-67
327
-287
45
-134
396
-188
-129
144
-42
-2
11
-6
-2
11
-51
44
-74
44
77
-220
282
-242
133
-44
89
-134
-225
387
-5
-118
-25
62
-122
118
-81
70
-45
6
13
-3
-2
-2
-11
9
-2
-4
12
-8
2
0
-3
2
-1
1
2
-1
1
0
1
0
-1
3
-3
-1
0
0
0
-2
-1
-1
0
-1
0
-1
0
-1
-1
1
0
0
-1
0
0
0
0
0
0
0
1
0
-1
3
0
0
-1
0
1
0
3
1
0
1
-3
0
3
-9
13
-4
-2
10
-10
0
-1
-2
12
8
-44
71
-79
118
-121
63
-25
-117
-4
390
-222
-131
91
-42
135
-236
283
-216
81
47
-71
50
-46
20
16
-4
-30
13
-40
89
-99
-24
176
-231
193
-158
53
-19
-19
98
-51
-22
27
7
-46
31
-16
16
-20
15
-18
6
1
-5
7
-4
1
-8
7
-3
1
-3
1
0
-1
1
-2
1
0
0
1
-1
0
-1
0
-2
1
-2
-1
-1
-1
-1
-1
0
-1
0
-1
0
0
0
0
0
-1
0
-1
0
0
0
1
0
1
-1
1
-1
1
0
0
-1
0
2
-1
0
-1
0
2
-2
2
-3
8
-7
1
-3
8
-5
2
8
-16
14
-19
19
-15
31
-45
7
29
-21
-50
103
-15
-15
56
-154
197
-226
178
-20
-95
93
-37
20
-26
4
-6
0
-5
-35
27
22
-4
-171
89
112
-89
126
-234
190
-89
57
-70
25
1
-17
42
-63
66
-75
47
-10
-2
5
-6
-4
6
-11
6
-4
6
-5
2
-2
1
0
-2
3
-1
2
-1
0
-1
0
-1
-2
0
-1
-2
0
-2
0
-1
-1
-1
-2
-1
0
-2
0
0
0
1
0
0
0
0
1
0
1
1
0
-1
1
1
-2
0
0
0
0
0
0
-1
4
-2
1
1
-1
2
-5
6
-2
6
-10
7
-2
-6
6
-2
-9
48
-73
67
-61
42
-15
2
27
-69
61
-86
194
-230
129
-86
114
91
-166
0
27
31
-27
0
8
-16
7
-17
-6
30
-54
29
-272
540
-323
28
48
-94
140
-167
65
86
-86
-15
-12
50
-16
-10
15
-10
-8
4
0
1
-9
9
-4
0
-1
1
-1
0
2
-2
1
0
1
2
-1
1
-1
0
-1
-1
-1
-2
2
-1
-1
-1
-1
0
0
-1
-1
0
0
-1
0
0
1
0
-1
0
0
0
0
1
0
0
1
-1
0
-2
0
0
-1
0
0
1
1
2
1
0
1
-2
1
1
-1
1
-1
0
-4
9
-9
2
1
7
-7
-9
16
-9
-15
51
-11
-13
-84
87
66
-163
144
-91
49
30
-320
542
-271
32
-50
32
2
-13
16
-23
8
-17
3
7
-20
-29
-114
337
-211
51
-23
-13
-87
73
6
-28
51
-44
12
8
-26
25
3
-25
12
-2
-6
2
-3
-1
3
-2
-1
3
-2
1
0
2
-2
2
1
-2
3
0
0
1
0
-2
0
0
-1
0
-1
-1
0
0
-1
0
-1
-1
-1
0
-1
0
-2
0
-1
0
-1
0
0
1
1
0
0
1
0
-1
1
-1
1
1
1
1
2
-2
1
2
-1
2
0
1
-1
3
-1
-2
3
0
-1
3
-4
0
12
-24
4
27
-24
10
14
-43
52
-27
8
77
-84
-10
-21
53
-207
338
-110
-24
-16
10
11
-13
16
-4
-15
9
-17
-2
11
-17
-52
132
-97
43
-74
96
-127
-16
121
-36
3
-3
-17
7
-6
-18
25
-20
10
1
-7
0
5
-8
2
4
-8
7
-4
1
0
0
-1
2
0
2
0
0
0
0
0
-2
1
0
-2
1
-2
-1
0
-1
-1
-1
-1
-1
-1
0
0
0
0
0
-1
0
-1
0
0
0
1
0
-1
1
-1
1
1
-1
0
0
1
0
0
2
-1
2
-2
0
1
1
-4
6
-7
4
2
-7
6
0
-6
2
10
-19
27
-16
-4
8
-17
-1
5
-35
125
-12
-124
100
-70
46
-92
134
-48
-14
15
2
-10
14
-8
0
-15
2
11
-36
18
-36
36
-15
-30
16
66
-65
-22
-36
140
-49
-69
41
4
-36
6
27
-12
-8
8
-8
0
-2
3
-4
1
-2
4
-4
1
0
1
0
0
0
-1
2
1
-1
0
-1
0
-2
-1
-1
0
-1
0
-1
-1
0
-2
0
-1
-1
-1
-2
-1
1
1
-1
0
0
1
0
1
1
1
1
1
-1
1
1
0
-1
0
0
0
1
1
0
-1
0
0
0
1
0
3
-3
5
-2
1
-3
5
-1
1
-7
9
-7
-11
29
7
-35
6
42
-67
-48
143
-33
-19
-62
69
19
-26
-13
40
-32
22
-33
18
8
-6
-3
-10
1
-16
2
-4
26
-66
41
43
-48
-44
-38
103
-34
32
-37
-21
31
-14
-17
25
13
-50
26
0
-9
5
-1
-8
7
-4
2
-3
-2
4
0
1
2
0
0
2
0
0
0
0
-1
-1
-1
0
-1
-1
-1
-1
-1
-1
-1
-1
-1
-1
-2
1
-1
-1
0
-1
0
1
-1
1
-1
-1
0
0
-1
0
-1
1
0
-1
0
0
-1
1
0
0
0
1
-1
1
1
0
1
5
-3
-3
2
-3
9
-7
0
6
-8
2
26
-48
16
26
-17
-11
32
-19
-36
35
-31
106
-35
-41
-44
45
43
-62
30
-1
5
-8
6
-2
-17
-9
10
-14
-7
19
-60
24
91
-108
-23
105
-61
0
-131
176
-59
17
-37
3
24
3
-16
-14
15
0
-1
-1
0
-4
-1
1
0
-3
3
0
0
-1
0
1
0
0
1
1
0
1
0
0
-1
-1
-1
1
0
-1
1
-1
0
0
-1
-2
0
0
-2
0
-1
0
0
0
0
1
-1
0
0
0
0
1
1
2
0
0
0
1
0
1
0
1
0
1
0
2
1
0
0
0
3
-2
0
2
1
-4
1
1
-1
1
16
-14
-16
4
25
4
-35
19
-58
180
-129
3
-57
108
-21
-102
93
27
-55
23
-4
-6
16
-1
-29
6
-5
-5
4
-24
67
-130
87
-32
0
20
29
-99
87
-61
11
38
-42
-4
25
-25
33
-21
-7
5
-1
-4
2
-3
1
-4
0
1
0
0
0
0
1
0
1
1
-1
1
-1
-1
-1
-1
0
-2
0
-1
0
-1
0
0
-1
1
-1
-1
0
1
0
-1
-1
0
0
0
0
-1
0
0
0
0
1
1
0
0
0
-1
1
0
1
1
0
0
-1
1
0
-1
1
-1
1
0
1
2
0
-3
1
-2
3
-2
1
5
-6
-19
35
-24
26
-3
-42
38
12
-59
91
-96
32
23
3
-29
88
-126
72
-20
7
3
0
14
-3
-9
-1
-6
-2
-4
-29
90
-167
133
-63
39
2
-61
40
-16
26
-39
19
-8
-4
18
-19
-10
23
-17
4
2
-1
-2
2
-1
-2
1
0
0
0
0
0
-1
-1
2
0
-1
0
0
0
0
0
0
0
-1
0
0
-2
-2
0
-2
-1
-1
-1
0
-1
-1
0
-1
0
-1
0
1
0
1
1
0
0
1
1
0
0
0
1
0
0
0
1
0
1
1
0
1
0
1
0
1
-2
0
-2
0
4
-3
0
4
5
-17
24
-9
-17
21
-4
-6
22
-38
27
-12
44
-56
5
43
-60
135
-165
93
-26
1
0
1
5
-1
4
-13
-2
-11
11
-17
14
-23
68
-89
-17
71
-61
56
-11
-42
-15
50
-22
-5
24
-27
-10
26
-17
2
7
-9
2
-3
2
-2
0
-1
-1
2
-2
1
0
-3
2
-1
1
1
0
0
0
0
-1
-2
0
-1
0
-2
-1
-1
-1
0
-1
-1
-1
-1
0
0
1
-1
0
-1
-1
0
0
0
-1
1
0
0
0
0
1
0
0
0
0
-1
0
0
0
0
2
-2
0
1
-2
2
-1
0
0
-3
2
-2
3
-8
8
3
-17
28
-9
-25
24
-3
-21
51
-14
-38
-7
60
-58
75
-13
-85
70
-20
17
-13
14
-4
4
-4
-17
2
-8
-2
2
-9
-22
-4
30
18
-24
-81
61
36
-1
-85
82
-42
-15
21
7
-15
11
-4
-17
15
-8
3
-5
-1
2
-5
1
1
-1
0
1
-1
0
-1
1
1
0
1
0
0
0
0
0
-2
-1
-1
-1
-1
-1
-1
0
-2
-1
-1
-2
-1
-1
0
0
-1
0
-1
-1
1
-1
0
0
0
1
0
0
0
-1
-1
1
-1
0
0
1
1
0
2
1
-1
1
-2
1
1
-2
0
1
-4
3
0
-4
4
-7
16
-16
-2
12
-13
8
23
-13
-41
83
-83
3
39
63
-78
-22
21
32
-1
-17
-6
6
5
-5
10
-5
-4
-1
-4
-6
-3
0
0
-1
-3
-1
-3
-8
-7
0
3
1
-3
-3
0
0
-2
-2
-2
-2
-2
0
1
-2
-3
-2
1
1
-1
-1
1
1
-1
-1
1
1
0
0
1
1
-1
-1
2
0
-1
-2
0
0
-2
-3
-1
0
0
-2
-1
1
0
-1
-1
1
0
-1
0
1
0
-1
0
1
0
-2
0
1
1
-1
0
1
1
-1
0
1
1
-1
0
1
1
0
-1
1
2
0
0
1
2
0
-2
-1
2
1
0
-1
0
0
-1
1
2
-2
-1
2
5
2
-5
-5
-3
2
0
0
4
4
-1
-4
1
4
2
