-3
-10
-2
-7
-2
-5
2
-6
-7
2
4
-12
1
-3
-2
-4
-3
-2
8
-1
-9
3
-4
-2
9
-22
20
-17
11
-1
-6
-2
4
2
-2
-4
1
2
-7
6
-4
1
-1
4
-2
-1
1
0
1
-2
-1
1
0
-3
-1
-1
-2
-1
-2
0
0
0
-1
0
0
-1
-1
0
0
0
0
0
-1
2
1
-2
1
2
0
-2
1
0
1
-1
-2
4
-2
1
-4
6
-7
3
2
-2
0
1
4
0
-5
-1
11
-16
21
-20
10
0
-2
5
-7
0
9
-2
-2
0
0
2
5
-8
7
5
-5
-3
5
0
1
1
2
0
-5
-7
-2
-8
-3
0
-10
7
-2
-11
3
-4
-2
-2
-2
-6
6
-4
4
-2
-24
40
-39
31
-13
-7
-12
18
-8
10
-21
-3
24
-9
1
-14
16
-17
12
-3
4
-6
5
0
0
2
-2
0
-2
1
-3
-3
1
-1
0
-1
-1
0
-1
0
-1
-1
0
0
0
0
0
-1
0
1
0
-1
0
0
1
0
1
-2
-1
2
-1
1
-1
1
0
1
4
-7
4
-2
12
-16
17
-13
2
-9
24
-2
-20
11
-8
19
-11
-5
-12
33
-38
41
-23
-1
4
-2
7
-4
1
1
1
0
6
-8
-1
10
-6
4
-1
-1
3
1
-8
-6
-4
-5
-3
-8
6
-12
13
-21
4
11
-21
5
-5
-3
10
-16
7
-14
10
-3
11
-34
23
-1
-4
12
-29
2
14
25
-44
-12
62
-26
-9
-3
-10
13
-2
5
-1
-2
2
-3
1
0
-2
5
-8
2
-1
3
-2
-2
-1
-1
0
-1
0
0
-1
0
0
1
0
0
0
0
0
0
0
-1
0
3
-1
3
-7
4
-1
0
2
-1
2
-2
-2
4
-1
14
-10
-3
-9
-25
62
-12
-44
26
15
1
-29
14
-3
-1
24
-33
12
-1
11
-12
9
-14
11
0
-3
9
-18
15
6
-18
15
-7
9
-6
0
2
1
2
-8
-7
-4
-5
1
-12
2
-2
3
-12
-18
23
-10
-4
0
-7
1
0
15
-29
17
1
-17
-48
101
-38
-46
45
-22
27
19
-71
57
-58
44
-46
44
4
-20
5
-3
1
4
2
-2
1
-2
0
1
-3
-1
-2
8
-15
7
0
-1
-2
0
-1
0
-2
-1
-2
0
-1
0
-1
1
0
-1
-2
0
1
8
-16
9
0
-1
-2
1
0
-1
1
-2
1
4
2
-3
5
-21
4
45
-45
44
-57
57
-72
20
28
-21
48
-47
-37
102
-46
-14
1
17
-29
17
0
2
-4
3
-1
-7
27
-14
-8
5
4
7
-7
4
1
0
2
-8
-5
-4
-6
0
7
-18
-12
9
19
-28
-3
8
-3
-8
4
-21
42
-51
42
-24
-13
-52
105
-7
-54
-37
105
-68
39
-51
20
23
-29
27
-57
18
35
-19
4
-8
4
4
0
-2
-1
3
-2
-3
9
-18
20
-2
-24
14
0
-2
-4
0
0
-1
-1
-1
0
0
1
0
-1
0
2
2
-3
0
1
16
-23
-1
20
-18
9
-2
-3
3
-2
-1
0
4
4
-8
5
-19
35
19
-55
27
-29
23
20
-51
40
-67
107
-37
-54
-6
108
-52
-11
-22
43
-49
43
-20
8
-5
1
12
-1
-25
23
11
-8
-15
10
3
2
0
2
-9
-7
-3
-6
-6
15
-15
-17
2
16
-2
-22
3
8
-10
-2
7
-23
31
7
-30
42
-101
45
6
-10
99
-103
-18
35
-2
14
53
-170
161
-60
-16
27
-22
8
10
-8
3
-3
2
7
-8
2
-4
-4
5
11
-24
14
-7
2
-6
4
-3
0
0
-1
-2
-1
0
-1
-1
0
0
0
-3
6
-5
4
-6
16
-23
12
6
-3
-3
2
-7
5
3
-2
3
-9
11
8
-21
26
-15
-59
161
-169
53
15
-2
36
-18
-102
99
-10
8
46
-100
45
-29
9
32
-22
8
1
-6
12
5
-19
1
20
4
-13
-12
18
-3
2
1
2
-9
-6
-1
-9
-1
-11
14
-18
17
-37
22
-8
8
-11
4
9
-49
26
9
11
6
-46
8
-31
5
26
53
-45
-30
55
-56
99
-161
123
-108
213
-256
164
-78
34
-22
34
-27
5
1
3
-4
6
-9
7
-18
30
-27
9
5
-12
6
-1
-2
-1
0
-1
0
0
0
-1
-1
-1
1
-1
-1
-1
7
-12
6
10
-26
30
-18
8
-8
5
-3
4
1
6
-27
35
-23
33
-78
165
-256
212
-107
125
-161
101
-56
56
-29
-44
54
28
6
-31
11
-45
7
12
10
28
-48
13
8
-8
10
-4
25
-33
19
-13
17
-7
2
-1
3
3
-9
-6
-4
-3
-8
6
-19
18
-8
-15
3
-8
22
-15
-33
47
-52
54
-3
-68
6
132
-59
-162
178
-78
3
18
-16
8
-22
106
-113
53
-12
-65
8
69
-43
17
4
-5
-8
16
-10
-2
3
-3
-2
-5
26
-27
-11
36
-22
-3
8
-5
1
-2
-1
-2
-2
0
0
-1
0
-1
0
0
3
-4
8
-2
-22
37
-10
-27
27
-2
-1
-2
4
-2
-10
17
-9
-6
4
17
-41
70
8
-66
-12
54
-113
109
-20
10
-15
21
4
-77
180
-161
-58
133
7
-66
-2
55
-51
50
-29
-11
26
-6
6
-12
-7
22
-14
10
-5
4
0
3
-8
-7
-1
-8
-3
-13
10
-5
6
-15
6
8
-32
16
-20
21
-50
64
37
-65
-195
337
-220
226
-251
128
5
-80
6
-6
37
46
-27
-61
81
-41
-22
30
5
-25
6
9
-5
0
-9
25
-16
0
3
-27
59
-41
2
1
5
-8
2
-3
-1
-1
-1
0
-1
0
0
0
0
0
0
1
0
-2
3
-8
6
4
2
-40
59
-26
4
1
-16
25
-9
1
-6
9
6
-25
6
29
-22
-40
81
-60
-27
46
39
-6
7
-81
6
129
-251
228
-219
340
-194
-64
38
66
-49
25
-17
20
-29
12
10
-12
8
-2
14
-10
0
0
3
3
-8
-7
-3
-8
-5
3
-8
-1
0
13
-37
25
-6
-18
-7
61
-89
79
-138
125
-98
72
118
-200
52
62
-79
78
-96
20
79
-93
102
-118
1
11
140
-112
13
1
14
-4
-16
12
-14
14
-7
2
-4
8
-10
12
-15
0
5
-1
-3
-1
2
-2
0
0
-1
0
-1
-1
0
0
1
-1
1
0
-2
1
6
0
-14
12
-10
8
-3
2
-6
15
-14
12
-15
-4
14
1
13
-111
140
11
2
-117
102
-92
80
22
-96
78
-77
64
54
-198
121
72
-98
127
-138
81
-88
66
-2
-14
-2
27
-34
16
1
3
-4
7
-2
0
3
1
-6
-8
-4
-6
-1
1
-29
35
-18
-19
28
-33
9
19
-28
25
-76
79
-49
45
10
-77
18
78
-83
46
-53
30
19
-39
24
6
-40
12
130
-188
78
-25
24
1
-16
3
15
-2
-4
-3
6
-3
2
-11
19
-7
-9
0
2
0
0
-3
-2
1
-1
-1
-1
-2
0
0
0
0
0
0
-1
-2
0
1
4
0
-9
-6
20
-10
3
-3
6
-4
-4
-1
16
3
-15
2
25
-25
78
-187
131
12
-40
7
24
-38
20
32
-52
47
-82
80
21
-76
10
46
-47
80
-75
29
-24
22
12
-30
32
-15
-16
38
-25
7
3
2
2
2
-8
-12
4
-9
0
2
-20
4
5
-5
-8
5
-8
4
-6
23
-60
21
2
27
-42
5
52
-74
28
33
-21
-11
-5
6
25
-61
56
-35
-13
38
-13
-18
24
-18
12
3
-3
-5
7
-2
-3
2
3
-11
3
8
-12
2
3
-5
0
1
-2
0
-1
-1
-1
0
-1
1
0
0
-1
1
-2
1
2
-5
4
3
-10
9
3
-10
4
3
-2
-2
6
-4
-2
3
12
-18
25
-18
-13
39
-12
-34
56
-60
27
7
-3
-9
-19
34
29
-73
54
7
-41
29
2
21
-59
26
-3
6
-4
8
-6
-2
7
9
-16
7
4
-2
10
-3
-3
-28
18
0
-15
1
-11
2
-3
9
-11
-5
-1
-8
7
-21
21
-23
46
-60
-10
79
-44
-38
56
-42
0
46
-73
55
2
-27
4
-12
23
-5
-3
-8
3
-1
10
-3
-16
7
3
6
-8
0
10
-22
5
11
-11
3
-1
-3
3
-4
0
0
-1
-1
0
0
-1
-1
0
0
-1
-1
0
-3
4
-1
0
4
-11
11
6
-20
11
0
-7
6
3
8
-15
-3
10
1
4
-6
-4
-5
25
-12
4
-26
4
57
-72
48
0
-40
58
-38
-43
82
-9
-57
47
-23
22
-19
11
-5
2
0
-8
13
-1
7
-8
4
-12
7
22
-20
-7
-38
70
-40
-29
61
-112
15
155
-120
-48
39
65
-58
-88
131
0
-73
-10
44
0
-30
-14
35
-10
-1
8
-25
8
18
-22
8
-11
-4
25
-14
12
-20
12
-3
4
0
-7
5
8
-6
-5
5
4
-3
-11
13
-8
2
-1
-2
2
-1
-2
-1
0
-1
-1
-2
0
-1
-1
-1
0
1
-2
1
2
-1
1
3
-8
13
-11
-3
5
5
-5
-6
8
5
-7
0
4
-3
12
-20
12
-13
26
-3
-11
9
-21
19
10
-23
9
1
-9
36
-11
-27
2
45
-9
-73
1
134
-85
-54
69
42
-45
-118
157
19
-109
64
-25
-33
75
-30
-5
-20
18
22
-68
0
85
-3
-208
32
262
-80
-246
139
222
-152
-274
134
267
-149
-162
85
224
-189
-108
78
137
-123
-78
130
38
-108
-42
93
72
-100
-39
22
39
-13
-18
10
-1
10
6
-13
5
-21
17
5
5
-34
17
0
-2
0
1
-3
-2
-1
-1
0
0
-1
0
-1
-1
-1
0
1
-2
-2
2
1
-1
2
18
-34
6
6
18
-21
6
-12
6
11
0
10
-18
-13
40
22
-39
-98
74
94
-42
-106
39
132
-78
-121
138
78
-107
-188
225
86
-162
-146
268
136
-273
-150
226
142
-242
-77
262
36
-206
2
89
3
-65
29
23
-13
0
-5
-23
46
-77
-19
152
-15
-208
-1
157
87
-166
-124
115
235
-100
-264
43
256
-85
-205
93
151
-23
-115
-35
126
16
-156
-14
145
27
-94
-66
56
75
-23
-43
6
22
-3
-12
7
-7
-6
0
17
9
-29
-3
8
9
-11
4
4
-6
-3
1
1
-1
-2
0
-1
0
0
1
-2
-1
2
2
-2
-5
4
5
-10
10
9
-1
-28
10
18
1
-5
-6
7
-11
-1
22
6
-41
-22
75
56
-66
-94
27
146
-13
-154
18
128
-34
-113
-22
152
95
-204
-84
257
43
-262
-99
239
118
-120
-164
90
160
1
-206
-12
156
-16
-74
52
-18
4
-9
33
-76
5
32
-16
71
-16
-137
185
-233
58
-25
97
89
-167
183
-110
-19
-28
-67
106
-57
71
17
-20
3
-51
17
-12
-66
63
-4
73
-80
78
-42
-13
-8
-10
12
5
8
-9
5
-14
19
-9
-6
12
2
-13
3
-5
1
-1
1
-1
0
-2
-2
0
0
0
1
0
0
0
-1
0
1
-1
2
0
2
-2
4
-13
3
13
-5
-8
20
-13
5
-9
7
4
13
-9
-7
-11
-41
79
-80
74
-4
64
-66
-11
18
-50
3
-19
19
74
-56
108
-66
-26
-18
-109
184
-164
91
101
-21
61
-229
188
-135
-12
74
-14
35
13
-72
42
-4
-35
49
-45
35
-18
-40
43
3
-36
-50
109
-70
-60
131
-101
41
18
-33
10
-4
-23
36
-52
63
-58
66
-74
33
37
-67
53
-43
43
-47
-3
32
-15
9
-9
13
-8
1
-4
4
7
8
-23
2
11
-12
3
-2
-1
0
-2
-1
-2
2
-5
1
0
-1
-1
0
0
0
1
1
-2
3
0
0
-2
1
1
-1
4
-11
13
3
-23
9
8
5
-3
1
-9
13
-9
10
-14
31
-3
-46
43
-43
54
-66
39
34
-73
67
-58
64
-50
39
-22
-3
12
-32
18
42
-97
136
-57
-66
113
-47
-34
4
47
-35
-13
38
-38
53
-27
-9
1
-36
14
34
-57
-62
102
61
5
-37
-89
-50
-123
100
246
-54
-82
-2
-27
10
19
-14
-137
61
90
8
4
-25
22
-19
-124
41
53
35
13
-22
-44
20
17
-26
4
11
8
2
-32
6
20
0
12
-12
-12
1
3
1
-1
-5
2
2
-1
-1
-1
-1
0
0
0
1
-1
0
-2
3
3
-4
-1
1
3
2
-10
-11
11
1
20
6
-33
3
8
11
4
-26
18
20
-45
-23
15
35
53
41
-122
-18
24
-24
7
9
92
62
-135
-13
21
12
-26
0
-80
-53
249
103
-119
-46
-86
-32
7
63
106
-59
-53
37
22
-32
9
-16
15
-39
-10
45
16
-196
376
-417
240
25
-244
232
4
-170
182
-210
131
31
-105
49
48
-129
143
-130
49
85
-145
61
127
-314
377
-280
81
60
-107
104
-58
9
11
-5
-9
20
-16
10
-7
15
-22
19
-23
14
-1
-5
-1
6
-5
-5
8
-9
6
-2
0
0
-1
0
0
1
0
-2
5
-8
8
-3
-5
7
-1
-4
1
15
-24
20
-21
15
-5
11
-16
19
-8
-5
12
9
-58
104
-107
60
81
-280
377
-313
128
62
-145
87
51
-129
144
-128
49
51
-102
33
133
-209
185
-166
6
235
-240
27
244
-414
381
-192
19
48
-3
-33
24
5
-50
74
-91
96
-138
171
-167
-61
308
-302
217
-133
-61
277
-276
81
22
-56
62
-61
79
-107
72
12
-117
131
-75
14
91
-200
186
-16
-121
128
-89
23
17
-21
20
-23
14
7
-8
-5
15
-4
-13
16
-16
4
5
-5
2
-7
6
-8
3
3
-5
0
0
0
1
1
-1
0
0
2
-4
3
2
-7
7
-5
3
-4
6
5
-14
17
-13
-3
15
-5
-9
7
13
-22
20
-19
18
23
-89
127
-120
-16
188
-199
91
15
-74
132
-116
13
75
-105
81
-61
64
-56
23
82
-274
281
-58
-129
220
-298
309
-59
-162
174
-135
99
-85
79
-42
-8
0
-24
48
-45
-116
75
263
-235
-119
67
178
-41
-242
96
88
12
-73
-24
60
15
-40
-30
-13
151
-80
-100
39
91
9
-95
-122
185
25
-68
-20
24
9
-8
-8
-1
15
-3
-3
5
-7
-3
-3
9
2
-9
0
2
1
-5
-1
4
1
-4
-2
0
0
-1
0
0
0
0
0
0
-1
-2
2
6
0
-5
1
2
1
-9
3
10
-2
-3
-6
6
-4
-3
16
0
-8
-8
10
24
-19
-68
26
185
-121
-94
10
92
41
-99
-80
153
-12
-29
-41
16
62
-22
-71
13
92
99
-238
-37
181
69
-114
-232
267
78
-114
-42
57
-17
8
-14
49
-77
-37
46
36
-156
276
-199
26
45
-66
-46
214
-254
106
10
-38
31
9
-45
-12
80
-149
177
-85
-34
88
-15
-112
145
-112
56
-21
-25
44
-14
-3
5
1
-12
19
-31
36
-26
21
-11
1
6
-11
3
2
-3
-1
3
-3
-6
9
-11
6
-2
-2
0
-1
0
0
1
-1
-2
6
-10
11
-5
-3
5
0
-2
3
3
-9
7
3
-12
20
-26
35
-31
17
-11
1
5
-3
-13
43
-26
-21
56
-111
147
-111
-14
88
-33
-84
178
-148
81
-10
-44
10
33
-37
11
108
-252
217
-44
-62
49
29
-197
279
-152
38
49
-28
-73
57
34
-21
-34
49
-70
52
-81
89
-23
-12
17
-42
47
-51
39
-38
20
-10
-5
13
-23
26
-37
22
5
16
-30
11
-2
-4
6
-2
-21
8
10
-6
4
-5
4
-3
-1
-1
7
-10
5
-3
1
1
2
-3
1
-2
-1
-1
-2
1
0
-1
-3
0
-1
0
-1
0
0
1
0
0
0
1
-3
0
1
3
-1
0
0
0
2
-3
3
1
2
-2
5
-9
6
0
0
-1
4
-5
4
-5
10
10
-21
-1
7
-3
-1
11
-28
18
6
23
-36
27
-23
15
-5
-8
21
-36
42
-48
50
-38
19
-8
-21
92
-78
54
-66
57
-29
-13
-17
0
1
-15
-7
3
-2
-5
4
-13
5
-8
7
-7
-4
0
-3
0
3
-5
2
-3
3
-3
3
-6
3
-2
0
-2
6
-10
8
-5
3
0
-2
2
-3
0
1
0
0
-1
1
0
0
2
-2
-1
-3
-1
-1
-1
1
-2
-1
-1
-1
0
-1
0
-1
-1
0
-1
1
0
0
0
0
-1
0
-1
1
0
0
-1
-2
2
-1
1
0
-1
1
-1
1
1
1
2
-3
2
-2
1
4
-5
8
-10
6
-2
-1
-1
4
-5
5
-2
4
-1
3
-5
5
1
-2
3
0
-5
10
-6
7
-8
5
-2
1
6
-3
-7
7
9
-11
-5
-2
-6
-2
-3
-3
0
-3
-3
-3
1
-5
-1
-6
1
-3
-2
2
-5
-1
1
-2
0
2
-4
1
-2
0
1
-5
1
-3
3
-3
1
1
0
-1
1
0
0
1
0
2
-2
0
1
-1
-1
-2
-2
-1
-1
-1
0
-1
0
0
-1
0
0
-1
0
-1
0
-1
1
-1
1
-1
0
0
1
-1
1
0
-1
0
-1
0
0
1
-2
2
1
1
1
0
0
0
0
1
0
-2
4
-3
3
-3
2
0
-2
1
-3
2
3
0
1
-1
-2
2
0
-2
4
-4
3
-3
4
0
0
-2
3
0
0
1
0
2
3
-9
-6
-4
-3
-3
-2
-6
2
-4
-2
-1
-2
0
-6
0
-3
-1
0
-2
-1
0
-1
-1
-1
1
-3
0
-1
-1
0
-2
1
-1
0
-1
0
0
0
0
1
0
-1
1
1
0
-1
0
1
-1
-1
-1
-1
-1
-1
-1
-1
-1
0
-1
-1
-1
0
-1
-1
0
-1
0
-1
0
0
0
0
0
0
0
0
0
0
0
0
0
1
1
1
0
1
-1
1
0
1
0
0
1
1
-1
1
-1
2
-2
1
0
0
1
-1
2
1
0
0
0
0
-1
1
0
1
4
-4
3
1
1
0
-3
5
-3
2
0
3
1
2
-9
-6
0
-5
-2
-3
-5
1
-4
-1
-3
-2
-3
0
-5
-2
1
-2
0
-2
-1
0
-2
-1
0
-3
-1
-2
-1
0
-3
0
-2
0
1
-1
0
-1
0
0
0
0
0
0
0
0
0
0
0
-1
0
0
0
0
0
-1
0
-1
-1
-1
0
0
0
0
0
0
0
-1
1
0
0
0
0
1
-1
0
1
0
0
0
0
0
1
0
0
0
0
1
0
1
-1
1
1
-1
1
1
-2
1
-1
0
0
-1
1
-1
0
1
-1
0
0
0
0
0
2
0
-3
4
-1
1
-1
2
-2
5
-2
1
0
1
4
1
-7
-6
-4
-3
-3
-3
-1
-2
0
-3
-2
-2
0
-5
-2
-1
-1
-1
-2
0
-1
-1
-1
-1
0
1
-2
-1
-1
-2
0
-1
0
-1
-1
1
0
0
0
0
1
-1
0
1
1
0
0
0
-1
0
0
-1
0
0
0
-1
0
-1
0
0
-1
-1
-1
-1
-1
0
0
0
0
-1
0
1
1
-1
0
0
0
0
-1
-1
0
0
0
0
1
1
0
0
1
1
1
1
0
0
0
-1
0
0
0
0
1
0
0
0
0
-1
0
0
0
1
0
0
-1
3
1
-3
2
0
0
0
1
1
0
0
0
1
0
1
-4
-3
-2
-1
-1
-2
-2
-1
0
-2
-1
-1
-2
-2
-2
-1
0
-2
-1
-1
0
-1
-1
0
0
-1
0
0
-1
0
0
-1
0
0
0
0
0
-1
0
0
0
0
0
0
1
-1
0
0
-1
0
-2
0
-1
-1
-1
0
0
-1
0
0
0
-1
-1
0
-1
0
0
-1
1
1
-1
-1
0
0
-1
-1
0
1
0
-1
0
0
-1
-1
0
0
0
0
0
0
0
0
-1
0
0
-1
0
0
0
0
-1
-1
0
0
0
0
0
0
0
0
0
0
0
1
0
0
0
1
0
0
0
1
0
0
1
1
1
0
-2
-2
-1
-1
0
-1
-2
-1
0
-1
0
0
0
0
-1
-1
-1
-1
-1
-1
0
-1
-1
-1
0
-1
0
0
0
0
-1
-1
0
0
-1
-1
0
0
0
0
0
-1
0
0
0
0
0
-1
-1
-1
-1
-1
0
0
-1
0
0
0
0
0
0
0
0
-1
0
-1
-1
0
0
0
0
0
0
-1
0
0
0
0
0
0
0
0
-1
1
0
0
0
0
0
-1
0
0
0
0
-1
1
0
0
-1
0
0
0
0
0
0
-1
0
0
0
0
0
0
0
-1
-1
0
0
0
0
0
0
0
0
0
0
0
1
0
-1
-1
-1
-1
0
-1
-1
-1
0
0
0
0
-1
-1
-1
-1
0
0
-1
-1
0
0
0
0
0
0
0
0
0
0
0
0
-1
-1
-1
-1
0
-1
-1
-1
0
0
0
0
0
-1
-1
-1
-1
-1
-1
-1
0
0
0
0
0
0
0
0
-1
-1
-1
0
0
0
0
-1
0
-1
-1
-1
0
0
0
0
0
0
0
-1
0
0
-1
-1
0
0
0
0
0
0
0
0
0
0
0
0
-1
-1
-1
-1
0
-1
-1
-1
0
0
0
0
0
-1
-1
-1
0
0
0
-1
0
0
0
0
0
0
0
0
0
0
0
0
