0
-1
2
0
-10
10
2
-9
8
-6
1
-1
-9
17
9
-36
9
3
3
10
-11
-7
23
-21
7
-1
2
-7
20
-22
3
3
-2
7
-16
15
-5
-2
-2
2
0
-1
2
4
-9
7
-23
23
-9
16
-19
-16
29
25
-101
84
-29
31
-9
7
-51
38
-2
-6
0
6
2
-39
50
-7
8
-31
28
-85
101
-25
-30
16
19
-18
9
-24
23
-9
9
-4
-3
0
-2
-1
2
1
5
-16
16
-9
2
-4
-4
21
-20
6
-3
0
-7
21
-24
8
11
-11
-3
-3
-9
34
-11
-18
8
-1
-3
5
-9
8
-3
-11
9
-3
-2
-4
0
-27
18
3
-39
50
-19
0
-8
-1
-4
12
-8
12
-32
21
22
-50
41
-10
-24
21
-1
6
-15
10
-13
23
-7
-22
15
-4
20
-20
-4
3
5
19
-34
23
-21
6
29
-20
2
-8
-1
-9
42
-19
-59
81
-20
-100
103
21
-36
-27
40
-8
-6
-6
-2
10
0
-11
0
6
5
8
-40
26
35
-21
-105
100
19
-82
59
19
-43
7
1
7
-4
21
-30
-6
20
-23
34
-21
-5
-4
3
19
-20
4
-15
20
7
-23
13
-12
15
-6
1
-20
23
9
-40
47
-23
-21
31
-14
6
-14
2
0
7
0
17
-52
37
-6
-19
23
0
-8
-5
-7
-25
70
-151
153
-9
-59
30
-3
9
-71
86
-29
-8
-30
57
5
-72
68
-8
-1
-31
26
-44
26
48
-48
-19
43
-7
-16
-18
36
-24
29
-37
3
32
7
-58
30
-2
0
13
-35
26
8
-180
261
-8
-199
310
36
-417
64
130
-26
12
36
-61
43
0
-46
61
-37
-12
25
-131
-64
416
-35
-311
199
7
-261
178
-8
-27
35
-13
-2
2
-31
55
-8
-34
-3
35
-30
24
-37
17
14
7
-44
20
47
-49
-27
43
-26
30
1
7
-69
73
-6
-58
30
7
27
-87
69
-11
2
-31
56
8
-152
149
-70
24
3
3
3
0
-36
-65
11
530
-1245
1232
-462
-86
129
-53
9
4
195
-605
610
-207
-48
92
57
-211
95
93
-106
0
51
-57
120
-162
49
127
-107
-70
119
-33
-37
8
14
49
-52
-27
38
10
5
-53
10
57
-50
6
-131
341
-394
73
588
-403
-437
470
8
-253
144
23
-3
-46
12
0
-14
44
2
-23
-145
252
-8
-471
436
403
-589
-73
394
-342
131
-7
50
-57
-10
51
-6
-10
-37
25
52
-52
-13
-9
37
32
-120
69
107
-127
-48
161
-119
54
-51
-1
106
-93
-97
211
-59
-91
47
206
-610
604
-196
-4
-10
51
-132
85
460
-1232
1244
-531
-13
62
32
0
-28
137
-325
840
-1162
440
274
-253
104
-19
-18
-48
51
235
-389
232
-161
185
-254
344
-347
208
-96
81
-49
-56
165
-156
95
-85
117
-221
250
-68
-22
-40
59
-78
81
-58
52
-56
43
-4
-23
13
-35
117
-227
454
-599
457
-379
304
-109
-72
237
-242
73
93
-134
59
-11
0
11
-61
134
-95
-73
242
-239
71
107
-306
378
-459
598
-455
226
-118
35
-13
21
5
-47
56
-51
57
-82
76
-58
40
21
67
-249
221
-117
84
-95
157
-164
56
48
-82
94
-210
345
-345
254
-187
158
-233
386
-236
-53
48
15
17
-106
252
-275
-440
1160
-840
322
-138
23
0
132
-188
262
-533
518
366
-833
302
80
-60
-10
44
262
-830
652
20
-304
342
-254
-106
412
-303
81
27
-27
-6
-124
235
-147
46
112
-390
347
11
-124
68
-76
56
-34
23
26
-35
7
-43
48
-20
56
95
-573
812
-592
104
427
-292
-387
668
-477
185
34
-58
-1
-8
17
0
-17
7
0
58
-34
-186
476
-671
387
292
-428
-104
591
-813
572
-96
-56
20
-50
42
-7
35
-25
-24
35
-57
74
-68
123
-11
-347
389
-112
-46
148
-235
123
6
27
-28
-80
303
-413
106
253
-341
303
-21
-655
829
-263
-45
10
57
-83
-302
830
-368
-518
532
-264
187
-135
0
110
-23
-261
-314
939
-58
-366
116
-187
85
-32
-103
322
48
-274
-86
38
155
7
-23
-145
63
70
-30
-77
16
245
-118
-190
59
79
120
-110
-136
113
-26
-8
54
-52
-4
76
-59
3
22
-4
-144
236
61
-51
-439
285
158
-230
202
105
-461
277
89
-127
-10
49
-12
-3
0
2
12
-49
9
126
-91
-276
461
-105
-204
229
-159
-285
439
51
-62
-237
144
3
-24
-4
57
-76
3
52
-54
7
25
-114
135
110
-121
-79
-60
189
117
-246
-16
77
28
-70
-62
145
22
-8
-155
-39
85
273
-50
-321
101
31
-87
184
-117
366
56
-938
311
257
22
-114
0
-60
52
107
-409
316
323
-301
6
-56
40
-6
-35
-197
218
44
-8
91
-150
30
50
-87
57
11
-88
26
5
27
-43
70
-32
55
-20
-5
-80
44
-1
8
17
-72
71
9
-57
60
-38
6
48
-85
188
-288
65
137
-214
259
-299
101
222
-104
-40
19
54
-78
8
2
0
-3
-9
77
-54
-19
39
104
-223
-101
298
-260
214
-139
-65
288
-189
85
-50
-7
37
-60
57
-10
-73
72
-18
-8
0
-44
78
6
20
-55
32
-71
43
-28
-6
-26
87
-11
-58
85
-51
-30
149
-91
7
-45
-220
195
33
5
-42
54
-6
300
-323
-317
407
-110
-54
54
0
-63
29
3
231
-969
907
-98
-131
84
-39
11
-91
-185
553
-303
9
-56
88
-67
-40
71
6
21
-36
12
-119
161
43
-138
108
-62
-44
-73
107
44
-23
-26
17
8
-3
-34
19
-16
13
22
-56
4
115
-81
-6
-22
82
-130
131
7
-86
-131
212
-45
-40
33
-12
-6
0
6
12
-34
39
45
-213
130
85
-7
-133
129
-83
21
5
81
-116
-5
54
-24
-15
14
-18
33
2
-9
-17
26
22
-45
-106
72
43
62
-108
139
-43
-160
119
-13
35
-21
-7
-72
39
66
-89
55
-10
301
-553
184
89
-13
38
-86
129
97
-907
967
-232
-4
-30
58
0
-52
11
131
486
-1675
1202
-6
-66
-89
1
35
-177
273
-16
-77
55
-170
111
-148
131
81
-62
-1
-49
4
133
-113
-14
60
-7
-155
-19
282
-70
-109
33
-8
77
-29
-124
70
17
8
6
23
-29
-27
-140
245
-36
-64
136
-96
-227
100
187
-130
123
-70
-24
10
-13
4
0
-5
12
-11
23
70
-125
131
-187
-101
226
95
-136
63
35
-246
140
26
27
-25
-6
-10
-17
-70
124
28
-78
8
-33
107
68
-282
18
154
8
-59
14
114
-135
-5
49
1
62
-82
-132
146
-111
171
-55
76
14
-275
175
-37
-4
88
66
5
-1203
1673
-487
-132
-12
47
0
-7
-17
-143
232
-63
-180
299
-184
11
87
-82
-225
839
-955
329
-30
230
-93
-309
326
-68
-93
43
27
-38
254
-349
20
85
147
-105
-318
625
-429
89
7
-7
89
-112
-18
69
-20
-8
30
39
-194
100
264
-529
314
145
-81
-221
32
364
-359
11
79
54
-23
-32
1
2
0
-2
-2
31
22
-54
-80
-12
358
-367
-34
220
80
-146
-314
529
-265
-100
193
-41
-30
7
19
-69
17
111
-91
7
-8
-89
427
-625
318
104
-149
-84
-20
348
-254
37
-28
-45
94
67
-328
308
93
-231
29
-330
955
-841
224
80
-89
-14
183
-299
179
61
-233
140
15
4
0
-33
80
56
-718
1271
-715
76
5
-3
14
-66
-74
286
-248
195
-329
375
-289
249
-229
101
27
-35
27
-14
-91
194
-242
212
1
-298
536
-551
331
-105
-46
101
-61
31
-36
-11
39
30
-39
-27
90
-284
474
-465
416
-352
106
80
-112
444
-814
554
-126
39
-47
15
22
-35
0
34
-23
-16
48
-39
125
-556
814
-445
111
-80
-105
351
-418
464
-475
284
-91
26
37
-32
-40
10
35
-30
60
-103
46
104
-331
549
-537
298
-3
-212
242
-197
91
14
-27
35
-28
-103
229
-250
288
-375
328
-197
246
-289
73
66
-16
3
-6
-77
712
-1271
716
-59
-81
27
0
97
-43
-163
-328
1402
-1145
214
105
-109
61
-66
-102
81
240
-367
389
-431
490
-451
116
121
-88
72
-66
-21
-53
288
-388
337
-234
181
8
-326
315
-96
-22
41
27
-76
33
8
-38
53
-22
-8
-18
79
-121
214
-284
133
-187
406
-131
-333
330
6
-125
57
-100
106
-36
11
0
-10
35
-105
98
-57
124
-6
-331
335
130
-407
188
-133
283
-214
121
-80
17
6
21
-54
37
-9
-34
73
-27
-41
21
97
-315
325
-9
-181
234
-338
388
-290
53
20
64
-73
88
-122
-116
450
-492
432
-389
367
-241
-82
100
65
-64
107
-105
-214
1142
-1401
326
160
41
-101
0
144
-193
101
96
-28
-128
-9
84
-26
29
22
-55
-142
320
-201
-76
198
53
-282
81
68
12
-35
28
-44
-145
340
-71
-199
-39
251
54
-349
182
-4
9
43
-74
-20
42
41
-69
-2
98
-122
53
39
-17
-244
395
16
-386
62
132
248
-319
-50
202
-105
69
-92
44
-5
0
4
-45
92
-70
104
-203
48
318
-249
-133
-63
386
-15
-396
244
16
-39
-53
122
-99
0
68
-42
-43
21
73
-44
-10
4
-182
348
-55
-251
38
199
70
-340
144
42
-29
35
-11
-70
-81
283
-55
-198
75
199
-322
140
53
-24
-31
24
-85
8
128
26
-98
-104
191
-148
0
22
83
117
148
-1044
946
-438
201
6
-77
131
-13
-189
116
38
-86
194
-96
-93
83
-78
46
-3
10
3
-47
47
-32
-13
8
89
-74
19
-7
1
2
-5
3
-49
99
-51
-60
141
-127
18
97
-135
15
-17
111
62
-165
144
-108
-86
210
-133
42
-20
41
-104
77
0
0
-2
-79
104
-42
19
-42
133
-211
85
107
-145
164
-63
-111
18
-15
136
-98
-19
126
-142
60
50
-100
49
-3
4
-3
-2
5
-21
74
-90
-7
13
32
-46
44
-3
-10
1
-46
77
-84
93
95
-195
86
-39
-117
187
11
-133
75
-8
-202
437
-946
1042
-149
-120
-85
-26
0
-105
98
121
2
-760
743
-186
20
12
9
-21
38
-67
100
-135
72
-16
-151
240
-59
-14
-23
32
-39
15
25
-59
45
60
-36
-96
57
20
6
-44
50
-26
-3
37
-93
115
-58
-27
20
42
-60
-21
14
128
-132
-21
191
-222
141
-163
160
-150
154
-39
-10
-21
9
10
0
-10
-9
21
9
40
-154
148
-161
162
-143
221
-193
19
130
-129
-15
19
59
-42
-21
27
58
-116
92
-38
2
25
-51
43
-7
-22
-57
96
37
-60
-46
60
-26
-14
38
-33
22
13
60
-241
151
16
-73
134
-102
65
-40
18
-10
-15
-20
186
-744
758
-4
-124
-100
101
0
-81
75
21
-25
-227
242
-54
5
0
43
-169
196
-82
-3
35
20
-115
154
-90
-1
3
-10
21
-7
-17
29
-53
97
-78
2
27
-30
50
-26
0
12
-48
27
74
-109
55
8
-84
72
-18
-9
13
-54
60
64
-119
25
55
12
-87
17
79
-151
157
-104
87
-90
35
0
-38
89
-88
104
-157
151
-80
-17
87
-12
-56
-25
118
-65
-62
53
-14
8
17
-74
82
-9
-56
108
-75
-29
47
-13
-2
24
-50
30
-26
-2
78
-98
53
-30
16
6
-22
8
-5
1
91
-156
114
-21
-36
2
82
-198
167
-44
-3
-5
52
-243
226
23
-22
-75
76
0
-93
56
24
-33
54
-47
-10
23
-15
13
-25
15
-19
48
-23
-32
58
-37
-13
28
0
-9
7
-18
-12
47
-50
36
-9
-5
58
-117
57
27
-65
90
-87
38
30
-78
62
-70
170
-155
27
-12
84
-98
30
21
-101
202
-160
36
29
-49
-4
44
37
-7
-70
24
-26
0
25
-25
69
6
-38
-45
4
49
-30
-35
159
-203
100
-22
-32
98
-84
12
-28
154
-170
69
-62
78
-31
-40
86
-91
66
-27
-57
117
-58
5
7
-36
49
-48
12
17
-7
8
-3
-28
13
36
-58
32
21
-49
17
-16
25
-15
13
-23
8
46
-55
31
-28
-56
89
0
137
-108
31
-25
54
-48
8
8
4
-9
-26
-31
150
-169
90
-37
46
3
-71
61
-11
-35
51
-52
31
-7
-28
33
-5
9
-24
68
-86
4
61
-35
5
-13
-24
98
-114
53
3
-29
60
-58
-15
-18
179
-182
-67
203
-34
-130
102
0
-78
172
-221
94
43
-78
51
0
-51
78
-44
-95
220
-173
77
-1
-103
130
33
-204
66
181
-180
18
13
57
-61
27
-3
-53
113
-99
23
12
-6
34
-62
-5
84
-68
25
-9
5
-34
26
6
-33
51
-51
36
11
-62
71
-4
-47
37
-92
166
-152
29
25
7
-5
-9
-8
45
-57
23
-34
107
-140
0
17
52
-43
5
-20
45
-42
19
4
-36
26
-26
140
-199
88
11
-45
15
15
2
-12
-11
14
64
-80
21
-11
21
-13
-7
5
6
-1
12
-25
34
-21
-9
-12
23
11
-3
4
14
-85
25
52
58
-137
7
69
39
-62
-38
62
-22
72
-204
193
-91
46
-47
59
0
-60
45
-47
90
-194
203
-72
21
-63
39
60
-40
-69
-6
136
-59
-54
-26
84
-15
-4
4
-11
-24
10
7
20
-35
24
-12
1
-7
-5
8
13
-22
12
-21
80
-66
-13
10
12
-1
-14
-16
44
-12
-90
198
-141
24
-27
35
-7
-19
40
-46
18
-6
40
-53
-21
0
9
-19
2
8
19
-3
-25
14
-14
17
15
-28
10
6
-48
49
-17
-1
11
-3
-6
27
-84
104
-45
-4
21
-23
25
-30
0
30
-17
2
12
-10
6
27
-89
58
21
-49
12
7
-1
-44
145
-180
131
-63
-16
66
-77
118
-111
-8
60
3
-54
70
-41
-15
-5
0
4
15
40
-71
53
-4
-61
7
110
-119
77
-66
16
62
-131
180
-148
43
0
-8
-13
48
-20
-59
89
-27
-8
9
-12
-4
16
-30
-1
30
-25
23
-21
2
46
-105
85
-28
6
2
-12
0
17
-49
47
-7
-11
26
-16
-19
12
-15
25
1
-18
-9
-5
18
-13
0
-23
19
-47
0
107
-102
27
7
7
-28
11
7
-43
30
40
-13
-51
50
-5
-41
31
-1
-3
-20
20
-1
5
7
0
-48
45
24
-53
2
25
25
-35
-5
19
-44
54
-8
-58
33
43
-20
-2
17
-23
-72
8
131
-57
-64
80
-81
130
-110
30
-32
63
-86
79
0
-80
86
-64
32
-31
110
-130
81
-80
63
54
-131
-10
72
23
-17
1
19
-43
-33
58
7
-54
43
-19
5
33
-25
-25
-2
53
-24
-45
48
0
-7
-6
1
-19
19
3
1
-30
41
4
-51
50
13
-41
-30
42
-8
-13
25
-9
-8
-28
101
-108
-1
43
-20
17
0
-33
30
-8
-38
78
-53
23
-9
1
8
-48
50
-27
13
-17
33
-6
-38
37
-15
13
-28
43
-36
2
1
19
-19
9
7
-4
-40
52
-18
-10
28
20
-106
58
27
-71
87
-16
-34
-28
100
-126
52
63
-62
2
20
-51
75
3
-99
97
-16
-96
128
-88
10
45
0
-46
-10
88
-129
96
15
-97
98
-4
-75
50
-19
-4
61
-64
-53
125
-101
27
33
13
-88
70
-28
-58
106
-21
-28
9
17
-54
39
5
-8
-10
19
-20
-2
-1
35
-42
27
-13
14
-38
37
5
-34
16
-14
26
-51
48
-10
-2
9
-24
52
-80
37
5
-32
28
0
-7
3
13
-60
72
-18
-11
13
-30
43
-56
14
42
-4
-36
16
5
-14
2
-3
8
4
-7
2
2
-4
9
-22
20
13
8
-42
-13
48
-30
47
-46
-3
18
-37
60
-37
-11
-14
84
-65
76
-148
125
-43
-7
-27
55
-89
53
121
-117
9
-41
72
-32
-18
13
0
-14
18
31
-73
41
-9
117
-122
-53
89
-56
26
7
42
-126
147
-74
64
-85
14
11
37
-62
36
-19
2
46
-47
29
-49
13
41
-8
-12
-20
21
-11
5
-2
-4
7
-3
-7
2
-2
14
-6
-17
35
3
-43
-15
54
-46
29
-14
11
17
-74
58
-17
-5
3
0
12
-13
3
-29
25
42
-56
20
0
-4
2
-39
73
-45
11
-14
13
-11
23
-9
-31
41
-11
-4
-2
-4
-9
31
-27
21
-29
27
16
-51
34
-2
-39
47
0
-42
26
2
-18
53
-96
69
-23
43
-83
93
-30
-40
20
54
-57
-35
79
-46
36
-44
-5
17
-2
0
1
-18
4
43
-37
45
-80
34
56
-55
-21
39
30
-94
82
-44
22
-71
95
-54
16
-2
-27
41
-1
-47
37
1
-33
51
-16
-28
27
-21
26
-32
8
4
1
3
11
-42
30
9
-24
10
-12
13
-11
43
-75
37
-3
1
-1
-20
57
-44
-25
27
-5
11
-16
0
2
-33
27
-12
0
18
-8
1
-16
11
-1
16
-19
10
-22
19
-2
-18
27
-10
3
-11
17
-21
13
-2
-4
12
-4
-26
39
0
-60
68
-43
36
-43
28
-2
8
-5
-10
-31
88
-131
100
-38
47
-54
-5
19
37
-81
105
-82
59
-79
42
50
-105
17
74
-61
0
61
-76
-18
104
-50
-43
77
-59
81
-107
80
-39
-19
5
52
-48
38
-101
130
-88
29
9
5
-9
1
-30
43
-36
41
-68
60
0
-41
26
2
-13
3
2
-13
22
-17
11
-3
10
-28
17
0
-20
21
-12
19
-17
-2
-12
13
-1
8
-19
-3
10
-31
31
-7
0
10
-10
11
-45
73
-32
-10
2
4
-2
-3
16
-45
44
-14
-5
-3
30
-45
31
-17
12
-17
17
2
-29
29
-5
-1
-1
-30
52
-2
-48
13
36
-31
-2
28
-46
24
-3
14
-2
-10
1
-6
11
-4
-11
28
-28
-4
-5
26
-12
0
-10
7
-18
33
2
-29
0
29
-3
-34
18
-8
8
-1
11
-27
4
3
28
-28
11
3
-12
4
-2
9
1
-15
2
-26
45
-29
1
29
-37
-13
47
0
-53
30
0
1
6
-32
29
-3
-17
17
-13
17
-32
45
-30
3
4
13
-45
44
-17
0
-1
-5
-2
9
31
-74
43
-13
8
-14
0
-1
34
-46
6
15
2
-11
-3
9
4
-14
2
-17
42
-52
29
-1
-25
41
-32
18
-16
21
-12
1
-13
36
-29
4
10
-7
-12
-3
25
-28
34
-21
2
-14
29
-33
10
-1
23
-20
-49
87
17
-123
127
-82
45
-25
-3
-3
50
-59
-8
72
-74
36
-19
7
0
-7
18
-38
73
-73
7
59
-50
1
3
26
-46
81
-129
121
-18
-88
48
20
-24
0
-11
34
-30
14
-3
20
-35
27
-25
2
11
7
-11
-5
28
-37
12
-1
11
-20
17
-18
32
-42
24
0
-30
49
-43
15
-3
11
-6
-11
2
8
-4
-16
-6
43
-35
-3
0
-3
6
-1
-25
57
-44
8
6
-11
10
-9
-9
22
-9
-7
-9
8
33
-63
68
-65
31
-6
12
-25
21
-2
0
-6
-22
96
-127
82
-62
60
-26
-23
40
-17
-24
57
-35
-15
-13
57
-47
50
-49
64
-102
36
97
-151
65
25
-13
-17
15
5
-37
82
-94
33
0
-32
94
-82
37
-6
-15
15
13
-26
-66
150
-97
-37
101
-65
48
-51
45
-58
12
12
32
-57
23
16
-40
23
25
-61
62
-82
127
-97
22
5
0
1
-21
24
-13
5
-31
64
-68
62
-34
-8
8
4
8
-24
9
7
-13
9
-7
-8
43
-59
24
-1
-8
-1
0
-2
-17
10
-8
26
-13
1
1
-9
2
0
11
-8
-2
-21
39
-46
33
-8
23
-26
10
1
-10
12
-4
-22
23
-2
-4
-16
10
24
-20
23
-43
21
13
-5
-5
-21
36
-35
-9
75
-86
59
-7
-5
-54
23
87
-117
62
-1
-4
32
-123
99
-6
-2
-20
5
0
-5
19
1
6
-99
122
-33
3
0
-63
117
-87
-25
53
6
7
-60
84
-76
8
34
-36
20
5
5
-15
-21
43
-23
18
-25
-11
17
3
3
-24
21
4
-12
9
-1
-10
25
-22
8
-33
45
-39
19
2
6
-12
-1
-4
6
-1
-2
12
-27
7
-12
16
-2
0
-10
-10
27
-48
51
-10
-9
2
-6
0
3
-3
1
-2
-4
13
-16
9
-1
-6
-7
14
-6
-3
10
-16
39
-40
11
20
-44
28
-5
-28
53
-37
22
-3
-37
62
-41
-8
5
-2
51
-37
-34
28
19
-57
82
-40
-49
66
16
-48
-46
84
-17
-41
34
-27
25
0
-26
25
-36
40
18
-85
45
47
-15
-67
48
39
-82
55
-18
-29
34
36
-52
1
-6
7
39
-63
36
2
-23
37
-54
27
4
-29
44
-20
-11
39
-39
15
-10
2
5
-14
6
6
1
-10
16
-14
3
1
-2
2
-4
-2
4
-4
8
8
-50
45
-29
8
8
0
14
-14
-39
-8
40
33
-18
-31
3
22
-3
-20
2
23
0
-27
-14
19
21
-3
-15
-2
2
-7
-5
9
12
-3
-13
-2
8
3
-3
0
2
-6
-6
7
14
0
-19
-14
7
16
4
-5
-3
-5
-15
-12
13
32
18
-19
-36
-16
16
24
3
-13
-10
9
13
0
-15
-10
8
14
-5
-24
-17
15
36
18
-19
-33
-13
11
14
4
3
4
-5
-16
-9
13
17
-1
-15
-8
6
6
-3
-1
3
-3
-8
2
11
3
-12
-10
5
6
-3
1
14
3
-23
-21
13
26
-2
-24
-5
19
3
-23
-4
30
16
-34
-42
6
38
13
-14
