-4
-9
-5
-6
0
-2
2
-12
0
3
-8
6
-10
8
-33
34
-4
-20
8
-13
14
-6
-4
-6
11
-5
-8
12
-26
27
-14
5
5
-20
23
-7
-1
6
-19
15
6
-6
-9
7
4
-1
-2
-2
1
-8
-7
17
5
-22
-72
214
-92
-118
103
-55
31
-12
3
-2
6
-2
3
-10
31
-54
103
-116
-91
215
-70
-22
6
18
-7
-8
2
-1
0
0
4
7
-10
-5
6
15
-18
6
-1
-7
23
-21
5
5
-13
26
-25
13
-7
-3
12
-3
-3
-5
15
-12
10
-18
-3
38
-29
11
-6
10
-6
7
2
-9
5
3
3
1
-1
0
-1
-6
-31
43
-54
47
-22
-17
-6
21
-5
-3
-2
-16
19
-17
-13
12
1
6
-14
-17
36
-26
1
24
-42
13
19
-21
1
9
-14
1
17
-17
15
-14
8
2
-21
35
-17
-7
12
-12
-1
24
3
-51
33
10
-8
-89
103
45
-49
-68
66
-11
11
-26
6
13
-21
12
6
-26
12
-9
67
-66
-48
47
103
-89
-7
11
34
-49
4
23
-1
-11
12
-7
-17
34
-20
1
7
-13
15
-17
17
2
-14
9
3
-20
19
14
-41
26
2
-25
38
-15
-13
6
2
12
-12
-13
23
-13
2
-2
-2
25
-4
-13
-19
51
-52
50
-25
1
-12
-4
13
-9
-134
194
-68
8
-33
-9
10
0
-10
17
-117
188
-117
9
36
-50
62
-89
71
-24
-2
-22
36
-49
71
-50
4
11
-20
-23
50
-22
9
12
-31
23
1
-36
27
1
7
-6
1
-24
-7
61
27
-105
4
160
-173
-114
-40
391
-146
-32
-33
35
-27
23
-32
24
-27
34
-33
-32
-146
393
-39
-113
-171
161
5
-103
28
63
-6
-24
2
-5
8
0
28
-35
1
23
-31
13
9
-21
50
-22
-20
13
6
-48
72
-49
37
-20
0
-22
72
-87
63
-50
37
11
-116
192
-114
21
-7
3
14
-6
-31
13
-63
198
-131
-2
17
5
-1
67
-78
-99
-247
871
-872
491
-146
-55
41
-12
-57
244
-429
256
127
-172
-38
102
60
-316
279
-21
-70
24
-19
-15
134
-216
156
-36
5
-152
204
-69
12
-26
16
21
-52
-5
49
-7
-15
-21
-27
104
52
-241
90
414
-761
305
498
-502
-263
476
-32
-100
-16
41
0
-54
56
-53
0
42
-14
-98
-31
476
-262
-503
500
306
-761
415
91
-241
53
104
-27
-21
-14
-7
48
-4
-51
23
16
-24
13
-68
203
-151
5
-34
157
-214
135
-14
-16
25
-69
-20
281
-315
60
104
-38
-171
128
258
-425
248
-56
-7
44
-53
-144
494
-867
874
-244
-91
-74
76
68
-157
147
57
-341
-11
762
-678
209
-85
30
-6
-73
282
-442
331
-174
146
-139
159
-223
170
-82
57
-45
8
-51
232
-345
308
-269
216
-238
323
-262
99
-46
85
-130
96
-16
-17
5
-5
63
-72
36
-80
207
-525
942
-1168
1188
-991
777
-703
529
-407
354
-213
130
-99
39
-14
16
-14
39
-98
130
-212
354
-407
529
-703
778
-992
1190
-1167
942
-524
208
-80
37
-72
62
-4
4
-16
-15
95
-129
87
-47
100
-261
326
-238
216
-268
310
-345
234
-52
11
-44
58
-78
171
-222
161
-138
147
-173
334
-438
284
-69
-5
34
-82
211
-673
764
-6
-337
65
150
-148
7
-85
161
-374
34
929
-473
-549
300
57
-58
-3
92
-232
91
309
-460
283
43
-348
417
-223
-80
196
-106
17
-107
179
-12
-197
268
-249
181
64
-267
153
-38
79
-83
-1
8
31
-28
36
-53
60
-39
105
-307
211
366
-665
36
735
-828
688
-393
-83
214
-107
-24
121
-82
-6
34
-6
-82
124
-23
-108
217
-82
-393
691
-828
737
35
-665
366
212
-306
107
-39
60
-53
34
-28
30
9
-1
-82
81
-37
153
-267
64
181
-249
272
-197
-11
179
-105
20
-105
198
-80
-222
419
-347
44
283
-459
313
95
-230
95
2
-57
62
301
-544
-469
933
36
-366
165
-76
-107
146
-252
172
233
-430
365
-393
90
73
29
-56
-8
347
-304
-278
237
134
23
-140
-226
191
185
-119
-83
52
66
18
-192
1
210
42
-169
-118
89
97
-31
-17
-46
45
46
-27
-37
33
-17
-9
61
78
-160
-179
106
270
-140
-35
253
-648
501
-80
80
-178
87
5
-17
0
2
1
-16
6
88
-178
81
-80
502
-647
254
-34
-140
271
107
-179
-159
79
62
-8
-17
34
-37
-27
46
47
-46
-18
-31
99
90
-117
-169
42
210
1
-192
20
67
53
-81
-117
186
192
-225
-138
24
135
238
-275
-301
350
-5
-52
32
75
93
-389
369
-425
236
181
-247
153
-115
105
13
-35
404
-1159
819
-243
201
-106
3
7
72
168
-550
450
-122
-74
102
-87
74
-34
-83
101
-67
49
-51
136
-103
72
-93
69
-52
28
-50
-27
47
4
-15
32
-31
56
-38
15
-56
62
-6
-56
-28
56
-7
56
-10
-50
-34
194
28
-197
39
-90
87
-3
-9
3
1
3
-7
-4
88
-89
38
-197
29
196
-34
-50
-9
58
-5
56
-27
-56
-6
62
-55
13
-39
58
-32
33
-14
5
48
-26
-49
28
-52
71
-93
73
-102
139
-51
51
-66
101
-82
-33
75
-86
103
-72
-121
453
-546
170
75
10
7
-103
204
-239
822
-1154
406
-27
17
115
-25
-16
23
11
365
-675
120
106
41
0
7
29
4
-192
206
-114
108
-120
132
-150
145
-101
14
8
18
46
-194
152
-20
-13
33
0
46
-129
2
47
3
-1
10
-28
19
31
-32
3
20
-15
-22
-21
34
35
-14
-51
1
126
-123
-104
91
112
-61
-21
22
-15
0
-10
6
-9
0
-16
23
-19
-60
115
93
-103
-121
127
2
-50
-13
37
35
-21
-20
-15
20
2
-32
30
20
-27
10
-1
3
48
3
-128
46
2
35
-12
-19
153
-192
46
19
10
16
-101
146
-149
134
-119
109
-111
209
-189
8
33
10
5
44
110
122
-671
368
18
28
-8
2
-33
-5
13
-58
603
-947
356
1
85
-29
-21
40
-669
1087
-419
-64
141
-92
-164
8
101
65
-58
17
-7
-283
445
-31
-138
7
35
-74
-207
305
-53
-23
-26
10
37
31
-87
21
56
-61
45
32
-23
-82
-232
266
245
-102
-61
-124
12
-154
240
-56
-6
39
-30
3
-2
3
-3
3
-29
39
-7
-55
242
-154
12
-122
-61
-102
246
267
-231
-81
-23
32
43
-61
58
20
-87
32
37
10
-24
-22
-53
306
-206
-74
36
8
-137
-30
447
-281
-6
18
-57
66
102
8
-163
-91
144
-63
-415
1090
-664
43
-18
-27
88
3
361
-944
607
-54
20
0
-25
46
-16
1
-114
-553
1813
-1629
435
67
-113
52
-6
53
-288
480
-308
-81
155
88
-154
-19
118
-61
-14
38
-29
-103
283
-302
89
-21
271
-306
-2
169
-96
10
-19
20
65
-114
70
-34
22
-3
15
53
-252
259
57
-224
-13
230
25
-411
205
296
-294
-75
105
103
-153
61
9
-16
9
61
-153
104
106
-74
-294
297
207
-410
25
231
-13
-223
59
260
-253
54
16
-3
25
-35
70
-114
66
18
-17
10
-95
169
-1
-306
271
-20
90
-302
282
-100
-28
40
-12
-61
120
-18
-152
88
156
-80
-304
483
-285
57
-2
54
-111
68
438
-1623
1816
-549
-107
5
-7
75
-64
-88
218
-584
1358
-1359
494
-95
80
-89
93
-200
573
-766
424
-55
-144
344
-537
539
-285
21
21
-19
-7
176
-291
268
-212
83
112
-116
-116
181
-113
70
-32
83
-154
161
-134
84
-72
60
23
-54
-118
322
-374
397
-263
-164
695
-964
748
-411
222
-103
70
-92
-12
67
14
-62
15
68
-11
-90
72
-103
223
-410
750
-964
696
-164
-262
398
-373
323
-117
-54
22
61
-72
84
-134
161
-153
83
-32
72
-112
181
-115
-116
115
84
-211
270
-292
177
-6
-18
22
21
-284
541
-536
344
-143
-54
428
-763
576
-197
97
-88
87
-93
497
-1353
1362
-581
226
-84
-56
26
-79
216
-406
730
-617
-365
634
-152
-30
88
-80
-191
488
-431
237
-172
144
-38
-279
374
-156
23
-4
-8
11
67
-207
150
53
-163
307
-472
221
120
-81
-49
78
-5
-116
128
-55
31
-38
28
-13
-46
43
351
-739
580
-302
96
105
-298
390
-291
46
128
-79
13
29
-69
20
21
22
-69
30
14
-78
129
46
-291
391
-298
105
97
-302
581
-738
352
45
-45
-12
29
-37
30
-55
128
-115
-5
76
-49
-79
120
221
-472
308
-162
53
151
-205
68
12
-6
-3
24
-155
376
-279
-37
146
-171
240
-427
491
-187
-76
91
-26
-150
636
-361
-613
733
-397
220
-72
-49
49
-138
461
176
-1277
215
803
-226
-77
-35
34
-286
614
-343
-100
170
53
-162
-113
200
-1
-74
23
16
-34
18
24
-58
-55
125
122
-352
117
131
-88
0
43
0
-70
41
17
-22
73
-119
46
88
-244
209
147
-290
86
-104
286
-94
-259
259
-148
114
-86
56
1
-34
-28
80
-27
-34
0
55
-86
115
-147
261
-259
-93
288
-103
87
-289
149
210
-244
88
45
-118
73
-22
16
41
-69
0
44
1
-86
132
117
-352
125
127
-53
-56
27
19
-33
17
24
-72
0
202
-111
-160
55
171
-96
-339
616
-283
38
-31
-73
-223
806
220
-1271
179
469
-133
55
-95
127
-11
-170
626
-1148
398
322
-174
40
42
-42
-115
126
-64
178
-155
-38
249
-264
-13
70
18
-8
-3
-10
-42
48
-51
128
-104
113
-129
32
-26
39
-26
30
-11
-27
51
-15
-18
-3
50
-62
22
-98
147
32
-147
98
29
-60
-28
-93
111
74
-80
-6
34
-25
2
-27
59
-26
3
-24
34
-5
-79
74
113
-92
-28
-60
30
99
-146
34
148
-98
23
-62
50
-2
-18
-15
51
-26
-10
29
-26
39
-25
33
-129
114
-102
128
-50
51
-41
-8
-1
-6
20
69
-11
-264
251
-36
-154
182
-61
129
-111
-39
45
43
-171
326
402
-1144
628
-161
-6
135
-75
27
-53
73
396
-684
226
17
-4
-1
28
79
-265
176
-37
64
-28
21
-225
238
-91
54
-28
-6
4
-9
-34
115
-97
-25
114
-94
-16
123
-164
98
-23
-4
33
-45
-3
80
-60
-34
16
58
-101
154
-148
3
74
-34
35
18
-49
44
-38
-71
96
-35
-2
5
14
23
-65
23
14
5
-2
-34
97
-70
-37
45
-48
19
37
-33
74
3
-147
154
-101
58
17
-35
-61
80
-3
-46
35
-5
-23
98
-163
124
-16
-92
115
-24
-96
118
-34
-7
6
-6
-26
56
-91
238
-223
22
-27
67
-34
180
-262
82
32
2
-2
21
230
-680
400
80
-49
36
26
-39
-23
79
-108
191
-208
85
-77
106
-97
80
-72
61
-58
9
-30
19
97
-116
68
-51
27
-32
44
-47
57
-83
68
-24
-27
37
-32
-24
63
-13
-19
9
-15
14
40
-79
70
-11
-10
-69
81
29
-70
-18
82
-53
-10
42
-46
-67
181
-83
-67
55
52
-109
115
-121
116
-121
115
-109
54
56
-65
-81
182
-65
-43
45
-9
-52
83
-18
-69
28
81
-69
-9
-10
70
-79
41
15
-15
9
-18
-12
63
-24
-32
37
-25
-24
68
-81
60
-46
46
-30
27
-48
69
-115
97
20
-29
12
-56
64
-69
84
-94
109
-75
88
-205
194
-105
86
-18
-32
137
-183
173
-87
-93
173
-57
-47
26
27
-66
18
11
-83
142
-89
3
76
-122
19
54
-12
-2
-13
-4
-12
61
-35
-33
5
61
-79
36
22
-41
10
13
-2
-10
30
12
-86
-4
82
-40
16
13
4
-50
80
-135
106
-59
89
-185
299
-259
141
-47
-21
-62
129
-79
15
9
16
-79
129
-61
-21
-45
143
-259
300
-184
89
-58
107
-134
81
-49
4
13
16
-40
82
-4
-86
12
31
-8
-1
14
10
-41
22
36
-78
62
5
-32
-34
62
-10
-2
-11
0
-10
56
19
-121
77
4
-87
145
-82
15
22
-64
31
27
-43
-53
175
-90
-79
179
-174
59
-37
-43
37
-58
99
-41
-42
33
0
-15
19
-41
-61
139
-118
65
-15
54
-92
39
-24
9
24
4
-18
11
-30
24
-23
-12
25
8
2
-36
50
-56
51
-36
86
-152
80
-11
76
-61
-77
124
-34
-41
6
-19
66
32
-131
160
-180
103
32
12
-127
88
-43
-41
104
-95
106
-40
-41
89
-126
14
33
104
-179
162
-131
32
66
-19
8
-40
-34
124
-78
-61
76
-11
80
-151
86
-36
50
-55
50
-36
3
8
24
-10
-23
26
-29
13
-17
5
25
10
-23
40
-91
56
-14
66
-115
143
-57
-38
22
-13
3
36
-38
-37
103
-55
44
-38
-29
-89
101
-76
-31
8
41
-5
-31
-4
13
-16
-4
57
-97
29
49
-47
15
-12
-7
-4
17
4
-51
29
16
9
-11
-46
52
-29
41
-60
24
38
-75
54
-27
38
-63
38
26
-37
57
-53
7
-77
180
-126
35
31
-144
179
-106
31
0
-3
-47
105
-26
-105
143
-115
96
-106
97
-114
143
-104
-26
105
-47
-3
-1
31
-104
180
-144
32
35
-125
180
-77
6
-53
57
-37
26
37
-62
41
-26
54
-75
38
25
-60
41
-29
53
-45
-11
10
17
30
-49
4
19
-3
-6
-10
18
-46
52
32
-94
60
-1
-12
17
-2
-25
-1
45
12
-23
-71
108
-87
19
29
-35
-58
124
-32
-59
32
-27
35
-43
20
77
-148
30
31
-16
39
-33
-7
0
14
1
-51
46
-47
38
10
-35
29
-59
102
-72
14
-8
16
-32
55
-68
80
-78
1
104
-58
-66
57
27
-63
98
-90
48
-74
64
-2
6
16
-84
-15
74
-6
-1
-38
-23
107
-23
-37
-2
-5
75
-13
-84
17
7
0
65
-73
48
-90
98
-62
27
57
-66
-58
103
1
-77
80
-68
54
-33
18
-8
15
-71
102
-57
30
-34
11
40
-44
48
-49
4
17
2
-6
-32
41
-14
32
34
-144
79
24
-39
39
-23
33
-55
-27
128
-55
-27
33
29
-56
56
-36
-21
-21
35
23
-38
-13
21
-20
-37
106
-106
61
-37
1
7
-42
62
-36
5
2
-8
12
-28
31
-13
3
-18
13
23
-51
7
45
-61
27
40
-46
30
-59
89
-47
20
-52
33
21
-84
98
-88
143
-157
152
-139
2
59
83
-88
-85
38
122
-58
-67
53
-26
54
-66
-58
123
38
-85
-86
84
62
3
-139
152
-157
144
-89
99
-85
21
34
-52
20
-46
91
-59
31
-47
41
27
-61
45
7
-51
24
14
-16
5
-12
32
-27
13
-6
4
7
-36
66
-41
9
2
-34
65
-103
109
-33
-17
24
-10
-34
26
38
-17
-14
-31
63
-24
11
8
-47
49
-86
57
5
-29
15
21
-59
71
-106
91
-57
15
15
-20
11
-20
24
-25
24
-6
-8
-9
-18
35
14
-33
25
-48
41
-6
-24
1
52
-72
58
-6
-25
-27
77
-80
48
-4
32
-122
148
-79
43
-67
55
-23
31
-117
153
-71
30
-11
-43
8
-8
49
-8
10
-41
-10
32
-69
154
-117
32
-21
56
-67
44
-78
148
-121
32
-3
49
-80
78
-27
-25
-6
58
-72
52
2
-24
-5
43
-48
26
-32
14
36
-16
-8
-8
-5
26
-24
25
-19
13
-18
15
16
-53
95
-103
74
-56
24
18
-27
10
59
-82
52
-40
12
19
-17
-16
24
-9
1
-69
73
-18
-16
2
7
16
-32
-47
71
-20
-3
-19
48
-57
41
-40
16
-6
9
-17
31
-17
1
-40
65
-51
14
25
-41
24
6
-50
96
-80
29
6
-14
-9
1
-7
17
18
5
-41
25
6
-71
43
54
-73
16
60
-119
111
-100
44
47
-47
12
-47
48
45
-99
112
-119
62
17
-73
55
44
-70
7
26
-40
6
18
18
-6
2
-9
-13
7
29
-80
97
-50
6
23
-39
26
14
-50
66
-40
1
-17
31
-16
10
-5
18
-37
43
-56
49
-18
-2
-17
75
-44
-29
18
11
5
-15
-14
77
-64
4
-1
28
-9
-12
-24
43
-43
4
3
-9
1
-7
18
-37
31
-46
43
-22
9
-15
-8
34
-22
-4
1
-7
5
2
3
-19
29
-32
4
5
-13
18
4
1
4
-34
2
36
-36
36
-48
43
24
-33
-37
13
30
-30
53
-46
-6
-10
11
57
-50
41
-75
-16
133
-156
92
-26
-6
19
-5
-25
93
-156
134
-14
-74
42
-47
59
11
-10
-5
-45
54
-29
31
14
-36
-33
24
42
-47
37
-36
36
3
-34
4
1
4
18
-11
6
5
-30
30
-17
4
4
6
-6
1
-3
-22
36
-7
-14
11
-18
45
-43
35
-34
20
-6
5
-4
8
7
-36
48
-16
-8
-1
-10
-3
-2
-24
48
-41
-4
18
-6
-6
-42
81
-59
4
13
-13
-6
13
-11
1
6
-7
2
-5
17
-34
25
-6
6
-51
40
3
1
-22
45
-36
5
-10
55
-50
-1
8
-26
50
-31
23
-35
68
-111
115
-11
-134
130
-52
18
-16
-42
117
-69
-10
3
41
-66
40
4
-10
-69
118
-42
-14
20
-52
131
-132
-10
116
-110
68
-34
23
-31
50
-25
9
-2
-51
54
-11
5
-35
45
-21
2
4
40
-50
8
-5
25
-34
18
-5
3
-5
7
3
-11
14
-4
-11
14
7
-56
85
-39
-3
-3
21
-2
-37
51
-20
0
6
-6
7
-1
-12
-8
13
-22
5
9
-18
10
-8
-15
12
-17
7
-5
14
-15
-3
8
-6
-14
25
1
-26
8
-7
11
-9
5
-12
35
-38
43
-51
41
-39
-11
53
-5
-39
16
-11
17
-38
45
3
36
-85
93
-33
-108
111
-51
65
-103
43
54
-41
-3
-11
37
-56
60
-63
56
-62
62
-55
38
-10
-2
-39
55
43
-101
67
-51
112
-106
-31
94
-84
36
4
46
-37
17
-11
16
-38
-5
53
-9
-38
41
-50
43
-36
36
-12
6
-8
11
-6
9
-26
3
26
-13
-6
9
-2
-14
18
-2
11
-14
15
-13
-4
12
-16
12
10
-20
20
-4
-2
2
-23
20
-18
-1
-15
19
-7
-15
9
4
-12
4
-20
0
15
0
-19
13
-12
-13
39
-28
-1
-4
9
-8
18
-17
1
7
-47
49
-5
-1
-12
16
-28
13
-13
46
-39
15
8
-25
7
8
3
-30
48
-54
46
-44
24
13
-14
-39
54
-7
-57
68
-1
-48
31
-15
31
-48
-1
69
-57
-7
54
-39
-12
15
25
-43
46
-53
50
-29
4
8
7
-25
9
15
-38
46
-14
14
-28
17
-12
0
-4
49
-45
7
2
-17
20
-8
9
-3
1
-26
40
-13
-9
15
-18
1
20
4
-17
6
-10
6
12
-13
-3
23
-13
1
-12
24
-15
-9
-8
-3
-6
0
7
-23
2
6
-8
2
-4
9
-32
17
2
-11
27
-38
16
8
-41
39
-16
7
-11
11
-9
-5
12
-11
19
-20
4
-67
90
-18
-6
6
-29
29
3
-13
-21
29
0
21
-19
-41
81
-96
37
8
-46
89
-22
-32
-34
43
-24
59
-94
88
-54
33
-53
89
-93
60
-23
44
-33
-31
-20
90
-45
10
37
-96
82
-40
-18
22
1
30
-20
-14
5
30
-30
6
-6
-18
91
-65
5
-20
21
-11
13
-4
-9
11
-10
8
-14
41
-40
9
17
-37
27
-10
5
20
-27
12
-2
5
-5
8
5
-19
10
2
1
2
0
-10
-4
-10
-1
8
-27
20
-15
-2
7
-17
-4
27
-15
-39
48
-19
-16
20
-19
28
-46
38
-24
26
-32
30
-27
8
-1
15
-46
35
-8
-2
11
-8
-27
58
-39
27
-39
40
-18
4
-26
33
-38
22
31
-73
97
-56
32
-90
63
7
6
-43
41
-90
59
30
-61
75
-61
31
59
-89
41
-43
8
8
65
-89
34
-56
98
-72
32
23
-36
33
-27
5
-18
40
-37
27
-39
59
-28
-8
12
-1
-7
35
-45
16
0
8
-24
31
-31
27
-22
39
-45
28
-19
20
-15
-18
51
-35
-12
29
-2
-14
10
0
-12
22
-23
11
7
-5
4
-11
-7
-13
8
15
-49
35
-13
-3
-4
4
-6
4
-11
-4
16
-23
6
4
-2
-20
50
-50
1
13
-4
-6
18
-17
-4
9
-2
-13
19
-3
-11
19
-53
71
-29
-37
44
14
-29
40
-93
97
-67
34
-33
27
12
-13
-27
-8
105
-106
19
-29
49
-2
-45
48
-21
-4
-20
49
-44
-1
50
-29
20
-105
106
-6
-25
-12
13
27
-32
35
-68
97
-91
41
-29
15
42
-37
-28
72
-52
20
-11
-2
20
-13
-1
10
-4
-17
18
-4
-3
14
3
-49
52
-18
-2
4
7
-22
19
-1
-8
7
-4
8
-1
0
-9
39
-46
18
14
-9
2
-11
8
23
-10
-48
-26
27
32
-10
-28
0
18
-6
-23
1
24
6
-25
-19
11
18
0
-8
0
1
-11
-10
6
12
-2
-11
-4
5
2
-2
3
3
-8
-10
5
18
6
-14
-16
1
11
5
2
6
-1
-19
-25
-2
30
31
-1
-30
-24
4
18
6
-11
-12
5
15
5
-11
-11
7
18
4
-23
-30
0
33
31
-1
-26
-19
0
7
2
6
11
1
-16
-13
7
19
5
-11
-6
3
4
-2
1
5
-3
-10
0
13
7
-9
-10
2
3
-6
2
20
12
-19
-24
7
26
3
-21
-3
21
3
-25
-8
36
30
-23
-45
-5
28
12
