0
33
4
-28
4
-9
26
-29
10
3
5
-1
-20
4
16
-17
11
-11
21
-19
9
-8
4
-4
2
6
2
-20
20
-13
8
-3
5
-6
9
-11
4
-9
12
-5
3
-14
14
4
-6
-5
4
4
-7
4
-5
8
-12
8
2
-5
3
-7
4
-1
-1
0
0
-1
0
0
-1
1
-1
-1
-4
6
-4
5
-4
-9
11
-7
5
-4
7
-5
-5
4
6
-6
-15
13
-4
6
-14
8
-5
9
-10
7
-6
3
-8
14
-21
20
-2
-7
-1
3
-4
8
-10
18
-21
10
-11
15
-17
-6
18
0
-6
-5
-10
28
-27
7
-6
25
-5
-37
0
10
6
22
12
-34
14
-27
16
1
-2
-19
20
-1
-3
4
-1
-32
39
-12
0
8
-16
16
-15
3
-2
19
-29
25
-4
-8
6
-7
13
-27
26
-8
-7
15
-6
-11
16
-8
-5
5
0
-7
7
1
-9
7
-16
22
-13
0
1
-4
3
-1
-1
-1
0
-1
0
0
-1
0
0
1
-6
2
-1
-1
12
-22
14
-8
8
-1
-8
5
-2
-6
5
7
-17
10
6
-15
7
7
-25
28
-13
6
-6
8
4
-25
28
-20
2
-3
15
-18
16
-8
0
12
-40
31
0
-5
2
1
-22
17
0
-4
-16
25
-15
32
-13
-25
-7
-15
0
-68
-33
-11
80
-30
28
-16
-6
9
-14
13
2
-22
0
23
-23
16
1
-13
6
3
-3
-2
7
-13
5
13
-15
-5
15
-8
5
-6
8
-12
7
5
-8
-3
4
-4
4
-2
-14
15
-4
4
-8
1
7
-6
7
-15
17
-16
11
-8
4
-3
-1
0
0
0
0
0
0
-1
1
1
-4
6
-12
15
-17
15
-7
7
-8
-2
7
-5
4
-16
13
0
-4
4
-5
1
7
-6
-7
11
-9
6
-6
7
-16
4
15
-14
-5
11
-7
3
1
-3
-6
12
-2
-17
22
-24
-2
21
-3
-13
11
-12
5
16
-29
30
-82
9
32
64
0
33
9
8
-15
-4
-66
37
17
25
-6
11
-27
-35
28
-6
19
-13
16
-19
6
-1
-1
3
5
-14
8
1
-2
9
-4
-5
-1
1
6
1
0
-7
6
-8
-1
11
-1
2
-13
9
-2
3
-4
0
12
-17
-14
14
15
-15
11
-7
-4
5
-3
0
0
-2
0
0
-1
0
2
-6
3
6
-11
14
-16
-15
13
18
-12
-1
3
-6
2
-10
14
-1
0
-10
1
8
-6
6
0
-1
-6
0
0
7
2
-9
2
-2
-7
13
-5
-3
1
1
-6
18
-16
13
-20
5
-30
34
26
-13
5
-26
-17
-37
65
3
14
-11
-11
-37
0
95
-63
27
78
-222
125
100
-192
164
-47
-169
249
-91
-59
97
-84
-27
107
-52
3
0
3
4
-20
27
-16
-38
68
-25
-20
36
-31
11
5
-23
19
35
-58
14
13
-13
12
-20
17
7
-29
29
-11
-31
56
-58
-4
81
-45
-13
11
-1
-6
2
0
-2
-1
0
0
0
0
0
-1
-2
6
0
-12
14
44
-82
3
56
-57
31
11
-30
29
-7
-18
19
-14
12
-15
-13
57
-34
-19
23
-5
-12
31
-37
20
26
-69
37
16
-28
19
-6
-3
1
-4
51
-107
26
84
-99
58
89
-251
168
46
-166
190
-101
-126
222
-80
-29
62
-99
0
-42
-58
89
6
-93
84
-32
-1
39
-88
76
13
-70
54
-21
-16
41
-13
-25
21
-6
3
-2
-5
1
5
-4
-8
8
10
-17
13
5
-26
17
6
-10
-7
16
-14
7
1
-1
-6
3
3
0
-9
19
-27
11
-9
35
-20
1
-5
4
-3
3
-1
-1
-1
-1
0
0
-1
0
1
-2
3
-4
4
0
20
-36
10
-10
26
-19
9
1
-5
-3
6
1
-1
-7
14
-18
5
10
-7
-19
26
-5
-14
18
-10
-9
9
5
-6
-3
4
2
-4
6
-22
25
13
-41
16
19
-56
70
-14
-79
85
-39
0
33
-84
93
-7
-92
56
38
0
128
-9
-88
96
-5
-148
200
-150
102
-137
209
-208
167
-107
53
-99
147
-85
29
-28
20
-5
-14
29
-33
22
0
-30
38
-32
31
-30
30
-24
14
-21
58
-71
39
-14
-1
7
-8
10
-16
25
-30
43
-53
43
-29
0
58
-69
24
-7
5
0
3
-3
1
0
0
0
-1
-1
-2
2
-2
0
-5
7
-25
68
-59
-1
28
-44
53
-43
32
-25
16
-10
7
-7
-2
12
-39
70
-59
21
-14
23
-31
29
-31
33
-39
30
-1
-23
32
-30
14
5
-20
28
-30
85
-148
99
-55
105
-167
207
-211
134
-104
149
-201
147
3
-98
86
9
-131
0
-224
55
-92
367
-431
246
-109
130
-189
213
-162
76
-31
33
-57
47
12
-59
49
-12
-13
13
1
-19
31
-47
61
-61
29
-3
10
-32
48
-51
64
-114
123
-48
-1
-6
5
5
-10
18
-43
62
-63
53
-39
35
-79
86
11
-72
44
-8
-6
3
-1
0
1
-1
0
0
0
0
0
0
2
-3
3
7
-44
71
-11
-86
77
-36
39
-54
62
-62
43
-18
9
-6
-5
5
2
47
-124
114
-65
51
-50
31
-10
2
-31
61
-60
46
-33
18
-1
-13
14
11
-50
58
-12
-48
55
-34
28
-76
160
-215
186
-130
109
-248
429
-368
90
-56
220
0
33
18
-149
348
-541
499
-289
183
-158
175
-212
161
-103
110
-74
67
-180
187
-81
27
-9
-6
6
-1
7
-2
-26
45
-36
14
-30
73
-88
84
-89
119
-166
130
-43
9
-7
1
14
-28
33
-36
22
-4
-1
13
-79
87
11
-56
34
-12
-2
2
-4
2
-1
0
-1
0
-1
-1
1
-3
3
-4
3
12
-37
55
-11
-88
78
-13
0
4
-22
34
-34
29
-17
-2
7
-10
43
-132
166
-120
86
-84
89
-74
30
-15
36
-45
26
2
-7
0
-7
6
8
-27
80
-188
179
-67
73
-111
102
-162
211
-176
156
-184
287
-500
540
-349
145
-20
-37
0
21
35
-110
205
-434
511
-284
89
12
-51
-18
35
14
-29
56
-146
185
-124
61
-24
-3
10
-6
11
-13
-7
26
-56
94
-102
93
-91
76
-32
-22
57
-33
-14
17
0
-5
1
8
-22
27
-24
-2
38
-56
60
-104
140
-81
12
-6
8
-7
3
1
-2
0
-1
-1
0
0
0
-1
2
-1
-4
6
-9
4
-12
81
-141
104
-60
54
-38
0
23
-29
22
-9
-1
3
-1
-18
13
33
-59
21
33
-76
91
-92
102
-94
55
-25
6
12
-11
5
-9
2
24
-63
122
-185
146
-58
30
-15
-36
15
51
-15
-90
283
-512
432
-206
107
-37
-27
0
107
-29
-38
101
-336
430
-211
40
73
-167
106
-36
60
-89
71
-108
198
-181
88
-21
-6
-2
14
-33
51
-74
99
-97
70
-35
-8
44
-61
63
-67
81
-94
81
-35
-2
9
0
-4
9
-28
30
-17
5
-3
5
16
-31
14
-3
0
-3
2
1
-1
-3
1
0
-1
0
0
0
-1
1
0
-3
-2
3
0
3
-17
29
-18
-5
2
-5
17
-31
28
-10
3
0
-9
2
35
-81
92
-81
66
-64
60
-45
8
36
-71
96
-100
73
-52
33
-14
1
5
20
-89
181
-198
108
-73
87
-60
34
-107
164
-76
-41
212
-431
335
-103
35
28
-111
0
-2
41
-118
260
-538
592
-293
80
29
-124
90
-21
42
-72
70
-144
197
-112
38
-15
-10
17
-14
1
19
-74
122
-89
42
-36
36
-22
5
8
-27
59
-75
40
-5
-3
-2
-4
15
-16
-4
18
-23
37
-59
56
-4
-29
1
17
-5
-5
9
-10
3
-2
-1
-1
1
0
0
0
0
1
-4
9
-10
4
5
-16
-1
29
3
-57
59
-38
22
-19
3
15
-17
2
0
1
3
-41
72
-60
27
-8
-7
21
-37
37
-44
89
-122
72
-19
-2
14
-19
9
15
-39
113
-197
143
-69
71
-44
20
-91
123
-30
-80
291
-592
537
-261
114
-42
-2
0
119
-26
-152
397
-640
592
-345
208
-165
165
-189
160
-93
36
11
-52
41
-11
10
-16
15
-2
-15
32
-57
94
-135
136
-100
69
-49
30
-7
-21
39
-63
73
-39
3
1
1
-6
4
3
-8
2
9
-24
28
-28
42
-56
35
-15
12
-7
1
-1
-1
1
0
1
-1
0
1
0
0
-1
0
0
-1
6
-12
15
-35
56
-43
27
-30
23
-10
-4
7
-4
-6
5
-2
-2
-2
37
-71
62
-41
20
6
-31
48
-70
99
-136
135
-96
56
-33
14
1
-14
16
-11
11
-41
51
-13
-37
92
-160
188
-166
163
-209
344
-591
638
-398
149
25
-121
0
69
-33
-121
280
-179
1
-11
50
-45
5
77
-111
58
-21
5
-18
45
-43
31
-20
13
-7
-8
20
-21
37
-48
30
-17
17
-14
14
-20
8
12
-28
24
-4
1
-8
2
2
-1
-5
8
-5
0
9
-9
2
-19
35
-10
-16
7
5
-8
5
-3
-1
1
0
1
0
0
0
-1
-1
0
-5
8
-6
-9
15
8
-34
20
-2
8
-10
0
5
-9
4
1
-2
-4
7
-2
5
-24
27
-13
-9
18
-15
12
-17
17
-30
47
-37
21
-20
8
6
-13
19
-31
42
-47
17
-5
19
-59
110
-81
-6
43
-50
11
-3
180
-280
119
31
-72
0
66
-81
-41
34
230
-350
210
-137
156
-165
97
-21
3
-4
0
40
-66
49
-31
13
1
-1
4
-22
40
-23
-9
8
-4
4
14
-27
19
-18
25
-24
12
3
-3
-2
3
-11
12
-8
9
-16
18
-25
31
-27
15
-22
31
-11
-3
-1
5
-4
-1
1
-1
-1
0
0
-1
0
0
-2
1
3
-6
1
2
11
-31
22
-14
25
-30
24
-20
16
-10
7
-11
10
-4
1
2
-4
-12
23
-25
18
-20
26
-14
-4
3
-8
9
22
-41
21
-4
0
-1
-13
31
-48
65
-41
0
2
-4
21
-99
162
-156
136
-212
348
-231
-35
38
79
-70
0
122
-105
122
-196
220
-157
43
19
-64
121
-135
99
-46
27
-27
-30
73
-41
3
-4
17
-20
7
-2
38
-56
23
-13
16
-7
1
1
2
-1
-20
29
-23
9
-1
0
-4
10
-8
-2
2
3
-5
10
-15
6
4
-4
3
-1
-2
-3
5
-1
-2
1
-2
0
0
0
0
0
0
-2
2
1
-6
2
2
0
-3
3
-5
-7
14
-10
4
-4
-2
2
8
-11
3
-1
0
-9
21
-29
20
0
-3
-1
-2
5
-16
13
-25
54
-38
1
-6
19
-17
3
-4
40
-74
30
27
-29
45
-101
133
-123
60
-20
-44
155
-220
194
-125
103
-125
0
9
1
-18
48
-64
26
-4
-9
47
-47
2
21
-29
32
-27
2
29
-29
12
-6
7
-24
25
-4
-7
0
9
-12
-1
10
-8
4
-10
10
-4
6
-9
6
-6
-4
17
-15
-1
1
4
-6
7
-10
18
-16
-4
13
-6
-9
4
2
-2
-1
2
-3
0
0
-1
0
1
-1
0
1
-3
1
0
-2
-6
8
5
-14
3
15
-19
9
-7
6
-4
-1
0
13
-17
3
5
-8
9
-7
3
-10
8
-5
7
-10
-1
11
-8
-2
5
4
-26
22
-7
6
-14
29
-30
-3
27
-34
26
-23
-5
44
-48
9
4
-26
63
-50
15
-2
-14
0
67
-37
-1
15
-42
29
8
-12
-3
0
11
-20
13
-1
0
-14
20
-6
2
-5
-11
18
-2
-12
5
4
-5
6
-12
10
-2
-2
6
-7
-1
11
-9
4
-5
6
-7
5
5
-11
3
-1
0
6
-6
-4
9
-8
2
5
-8
2
3
-2
-1
-2
0
0
0
0
0
0
-1
2
-1
3
-4
-2
7
-5
-2
8
-12
3
5
-7
-1
0
-3
10
-6
-6
6
-6
3
-4
8
-12
0
7
-7
2
2
-9
10
-6
5
-5
-6
11
1
-17
9
5
-1
6
-20
13
-1
1
-15
20
-13
-2
0
12
-9
-30
41
-16
1
35
-72
0
-64
18
13
0
-4
7
-1
0
-5
5
-8
8
-1
-9
5
-8
10
5
-18
11
-3
2
-8
8
0
-4
7
-5
3
2
-4
4
-7
6
7
-15
8
0
-16
19
-12
-2
12
-10
0
3
2
-9
17
-23
13
3
-10
1
6
-5
2
0
-2
2
-1
0
0
0
-1
0
0
-2
3
-2
-2
5
-7
-3
11
-3
-12
21
-16
9
-2
-4
-1
10
-13
1
10
-20
14
-1
-9
14
-9
-6
7
-5
4
-2
-2
4
-7
4
-1
-8
8
-3
3
-12
17
-6
-10
8
-6
8
0
-10
5
-6
3
-1
1
-8
3
-1
-15
-18
60
0
-164
92
-11
-9
10
-2
1
-6
7
-4
-10
10
-1
0
-9
12
-9
3
0
3
-10
13
-7
1
1
-5
6
-5
9
-5
-6
13
-17
13
-8
9
-11
7
-11
13
-11
10
-15
9
-1
0
-4
-4
9
-8
2
-4
5
-6
1
-5
5
-3
0
-2
0
0
0
0
0
-1
-1
2
-2
2
-6
3
-4
5
-7
3
-1
7
-10
3
3
-1
0
-9
13
-11
11
-15
11
-8
11
-10
8
-13
15
-14
5
5
-11
4
-5
5
-2
-2
7
-12
10
-3
0
-5
8
-13
8
-1
-1
-10
8
2
-9
5
-4
0
-12
8
9
-92
159
0
-65
30
1
1
-1
0
3
-9
17
-16
9
-10
10
-5
-3
5
6
-8
0
-2
-4
18
-11
-1
3
-9
9
-3
0
0
-1
-2
3
1
0
-9
7
1
-2
-2
0
5
-3
-7
2
7
-9
2
7
-8
14
-18
3
5
0
-5
1
1
-3
2
-1
-1
-1
0
-1
0
0
-3
2
-1
-2
4
-1
-6
-3
18
-15
7
-6
-3
8
-6
-3
6
0
-6
-1
1
0
-2
-8
9
-1
-2
-3
1
1
0
0
3
-11
8
-4
0
11
-19
4
1
-1
7
-7
-6
2
3
-11
9
-9
15
-19
8
-3
0
1
-3
-3
-31
60
0
72
-54
15
3
-5
0
9
-7
0
-3
7
-6
0
5
-5
-2
2
-7
15
-15
2
12
-8
-2
2
-5
11
-11
3
-6
2
9
-9
6
2
-8
3
-6
5
-4
2
0
-2
5
0
-3
-5
5
2
-5
1
1
-7
13
-9
9
-9
3
-1
-1
1
-1
0
0
0
0
0
-1
1
-4
9
-10
9
-12
6
-2
-1
5
-3
-6
5
1
-1
-6
2
0
-2
3
-6
5
-5
8
-2
-7
9
-9
-3
4
-3
10
-11
4
-4
1
9
-13
-2
15
-15
7
-3
1
2
-5
-1
4
-8
2
-1
6
-8
-1
4
-5
-17
52
-77
0
10
9
-12
1
3
-11
10
-3
-3
-7
23
-17
7
-10
3
0
1
-6
3
5
0
0
-3
-1
-2
10
-12
8
-7
1
6
-4
-5
6
-9
14
-12
4
4
-4
-1
4
1
-1
-1
-6
14
-10
0
4
-8
15
-12
-3
11
-8
0
0
1
-2
0
0
-1
0
0
0
0
2
-2
0
-1
8
-13
3
11
-16
6
-3
1
9
-14
6
1
1
-1
-6
1
3
-4
-5
11
-13
7
-6
5
3
-6
-2
7
-9
11
-10
1
0
2
-1
-1
-6
-2
5
-1
-1
-4
8
-8
15
-25
5
-1
3
-11
11
-6
-2
8
-11
-14
0
3
-23
10
-1
6
-11
8
-3
-2
11
-9
-4
-5
13
-6
-2
3
1
-6
2
9
-14
4
3
-1
-2
8
-8
2
-1
-4
8
-7
6
-6
-4
5
2
-4
-2
6
-7
3
-4
1
3
1
-4
-2
2
-7
9
-5
-1
-1
5
-4
-1
1
-2
0
0
2
0
0
-1
0
1
-1
0
4
-5
1
0
5
-10
6
-4
1
3
-2
-3
-2
2
-3
7
-7
2
4
-3
-6
2
5
-7
6
-9
3
1
-2
8
-9
1
1
-3
-3
14
-9
-3
7
-1
-3
1
5
-14
3
4
7
-12
0
2
-9
9
-6
-1
-12
22
-7
0
-3
5
0
-8
2
4
-2
-5
10
-4
-10
12
-5
-4
3
-9
12
-8
6
-1
-5
7
-7
8
-9
7
-6
10
-2
-6
9
-12
5
4
-3
0
-2
-1
4
-6
9
-12
4
0
3
-5
5
-11
5
9
-13
12
-10
9
-11
5
-2
0
0
-4
1
-1
0
0
0
0
-3
3
-1
-2
0
-6
10
-9
9
-13
12
-11
-4
10
-6
4
-3
0
-5
10
-9
5
-4
0
2
-1
2
-4
-6
12
-9
5
3
-11
6
-7
8
-9
6
-8
5
1
-6
8
-12
8
-4
2
3
-13
8
3
-11
4
1
-6
-3
7
-4
-6
-2
0
-11
12
-3
1
-5
3
4
-4
-3
-8
9
-11
12
-3
-5
7
-7
6
-1
-5
9
-4
-2
3
1
-5
-6
11
-5
-3
10
-7
-3
8
-1
-8
6
-5
4
-1
-3
9
-12
9
-9
4
3
-2
-8
14
-9
3
-3
-1
0
-1
-3
3
-5
2
-2
0
-1
0
0
-1
1
-3
3
-4
0
0
-1
0
1
-4
9
-15
6
2
-3
-5
9
-10
11
-10
2
0
-4
5
-7
7
-1
-9
3
6
-11
3
5
-13
4
5
-1
-2
1
3
-8
5
1
-6
7
-7
4
1
-12
9
-11
6
1
3
-6
-4
3
-2
0
-13
8
0
-12
-18
16
-3
-3
5
-11
11
-1
1
-15
0
9
-3
1
-2
-1
0
2
2
-7
3
4
-5
0
-3
4
2
-6
-6
12
-8
4
6
-19
14
-1
-8
3
2
-3
4
-4
-3
-2
4
-4
2
-9
16
-16
15
-11
4
-2
0
1
-2
-2
2
-1
-1
-1
0
0
0
0
-2
1
1
-2
-1
2
-5
11
-15
15
-17
8
-2
3
-5
0
3
1
-5
1
-3
-5
7
-1
-14
18
-7
-5
7
-13
5
5
-1
-5
2
-1
4
-5
-3
6
-2
-2
0
0
2
0
2
-11
-2
13
-3
0
-12
9
-6
1
2
-20
17
9
0
44
-17
2
-1
-2
0
-2
-1
3
-9
15
-7
-4
5
-3
-2
6
-9
4
-7
10
0
-5
-2
-1
7
-7
9
-7
-1
6
-10
7
-5
3
-6
9
-12
3
4
0
-2
-3
4
-1
1
-12
14
-8
6
-12
14
-11
0
5
1
0
-6
2
0
1
0
0
0
0
-1
-1
0
-3
5
-1
-1
-6
0
10
-15
11
-7
7
-15
11
-1
-1
-5
3
1
-1
-5
-3
11
-10
4
-5
3
-8
10
-8
1
6
-9
7
-8
0
2
5
-1
-10
7
-5
8
-6
1
2
-7
4
5
-15
8
-4
1
0
-1
-1
0
-4
15
-48
0
-55
20
-17
19
-8
-3
3
4
-2
-3
-3
3
-2
1
-4
2
2
3
-13
10
-3
5
-11
-1
10
-2
-11
5
1
3
-9
7
-7
9
-8
-1
3
-1
-4
8
-6
-3
3
-8
11
-6
0
-5
12
-9
-1
3
-2
-2
4
-5
-1
2
-2
-2
1
-1
-1
0
-1
0
-2
1
1
-4
0
4
-5
0
2
-3
-1
8
-13
5
0
6
-12
8
-4
3
4
-9
2
1
-4
1
7
-9
6
-8
8
-4
-2
-5
12
1
-9
0
8
-7
3
-10
12
-5
-3
-2
3
-3
0
-5
-1
2
1
-5
-4
1
7
-21
14
-22
51
0
47
-17
9
-11
5
-3
0
-3
2
-3
6
-12
3
4
-6
6
-12
15
-15
6
6
-8
0
1
-4
5
5
-6
3
-3
0
1
0
0
3
-5
0
5
1
-7
2
3
2
-2
-1
-5
5
0
-1
-3
4
-3
0
0
0
5
-7
-1
0
1
-3
0
-1
0
0
-1
1
-2
0
0
5
-6
0
0
-1
3
-5
3
1
-1
-6
4
0
1
-2
-6
-3
6
-2
-5
-1
5
-4
-1
-1
-1
1
4
-3
5
-5
-4
3
-2
-1
7
-8
-7
15
-16
11
-7
4
-5
-6
11
-7
2
-4
3
0
2
-7
9
-13
16
-51
0
-62
37
-3
-6
4
-3
1
6
-13
16
-13
6
-7
9
-5
5
-10
0
5
5
-9
10
-6
2
-2
-18
27
-3
-10
9
-7
3
-10
8
1
-6
9
-3
-9
12
-12
4
2
7
-17
19
-16
2
8
-8
6
-3
-9
8
6
-11
4
1
-1
-2
0
-2
0
0
-2
1
0
0
0
-2
-4
10
-5
-10
9
2
-7
6
-9
-2
15
-20
17
-7
-2
-4
11
-14
8
2
-11
6
-1
-9
9
-4
7
-9
9
3
-28
18
0
-3
5
-9
8
-5
-6
-1
9
-5
5
-9
6
-8
11
-17
11
-6
-1
2
-5
4
0
-40
58
0
-4
-3
2
3
1
-2
-2
1
1
1
0
-3
-3
1
1
1
-1
-1
1
1
-2
-2
-1
1
0
-1
2
0
-3
-3
0
3
1
-2
-1
1
1
-2
-2
2
2
-1
-3
0
2
1
-2
-2
1
1
-2
0
0
0
-1
0
0
0
-1
-1
1
-1
0
0
0
0
0
1
0
-1
-1
0
1
0
0
0
-1
-1
-1
1
1
-2
-4
0
2
1
-3
-2
2
2
-1
-2
-1
1
-2
-4
-1
4
3
-1
-2
0
-1
-1
-1
1
1
-2
-2
1
0
-2
-4
-2
1
1
-1
-3
-3
-1
1
1
-1
-5
-2
2
3
