0
1
-1
0
0
0
-2
1
0
-2
0
-2
2
0
12
-25
3
-3
23
35
-121
80
17
-36
18
-12
18
-9
-1
1
-10
16
-13
5
3
-15
18
-10
6
-3
-5
6
-2
-2
5
-5
0
0
-1
1
1
-4
3
-3
5
-4
0
-1
0
-1
-1
0
0
0
0
0
0
0
-1
0
-1
-1
-1
3
-5
2
-3
3
-2
-1
0
0
-1
4
-6
2
0
-8
3
3
-6
10
-20
15
-5
-6
12
-16
9
-1
1
9
-19
12
-19
37
-18
-79
120
-35
-23
3
-4
24
-13
-1
-3
1
-2
2
-1
-3
0
-2
-1
-2
0
-5
0
-2
-1
-2
4
-7
1
5
-3
-2
0
0
-2
2
3
0
1
-55
22
132
-216
190
-100
27
-9
17
-10
-17
24
2
1
-20
15
-4
-16
36
-17
-29
42
-14
-8
2
6
-4
0
5
-6
0
4
-6
3
-2
3
-1
-3
3
-4
2
0
-1
1
0
-1
0
0
0
0
-1
0
-1
-1
-2
4
-3
2
0
-4
2
-4
6
-5
0
5
-7
-1
4
-5
-3
7
13
-43
29
17
-36
15
3
-15
20
0
-2
-25
17
9
-17
9
-26
100
-189
216
-131
-22
54
-2
-2
-4
-4
1
-2
-1
1
3
-7
-2
5
-6
0
-1
-3
0
-1
1
0
-1
2
-3
2
0
-4
2
2
-7
-12
48
-70
67
-36
21
-50
-23
148
-112
34
-38
39
8
-50
30
-17
15
-6
20
-28
35
-40
2
20
2
-14
11
-11
7
-5
0
1
2
-6
7
-4
-3
3
-5
4
1
-4
0
-3
3
1
-1
-1
0
-1
0
1
0
-1
2
0
-4
3
-1
3
-2
-4
5
-3
2
3
-8
5
-4
-1
-1
4
-8
10
-12
14
-2
-21
-3
38
-36
27
-20
6
-15
18
-30
49
-8
-40
38
-35
112
-149
23
49
-20
36
-68
68
-51
11
6
-3
-4
2
0
-2
1
-2
0
-2
-1
-2
0
-1
-1
2
-7
8
-5
3
-7
12
-15
6
5
6
70
-270
201
2
29
-37
-97
158
-19
-69
6
59
-137
152
-127
74
34
-65
28
-1
-10
25
-17
-8
-7
17
-6
-8
12
0
-10
3
6
-11
6
-7
10
-5
0
-1
6
-10
2
3
1
-5
2
-2
0
-2
0
0
-2
0
-3
4
-1
-4
-2
9
-6
1
0
4
-12
8
-6
10
-6
-4
8
0
-12
8
6
-18
5
9
16
-24
8
1
-29
65
-35
-74
126
-153
137
-58
-7
69
17
-157
97
37
-31
-3
-201
269
-72
-7
-7
-8
13
-14
6
-4
2
-9
5
-2
0
-3
0
-4
3
-4
5
-8
11
-21
17
-6
-8
6
1
27
-116
186
-101
-56
101
42
-191
179
-126
103
-81
0
99
-34
-64
3
22
15
20
-37
57
-82
59
-26
-9
-16
29
14
-15
-1
5
-14
7
5
-13
16
-11
0
-7
25
-23
8
0
0
-6
1
0
0
-1
0
0
-1
-1
-2
0
-3
4
-1
-2
-8
23
-25
8
-2
11
-17
13
-6
-8
12
-6
1
12
-15
-30
16
9
25
-60
82
-58
35
-20
-16
-22
-2
64
34
-100
1
81
-102
125
-180
192
-41
-101
56
101
-186
114
-28
-2
-8
5
4
-17
19
-11
5
-7
0
-5
-1
0
-2
2
-1
-2
-1
5
-8
4
-1
13
-19
17
16
-115
127
-72
119
-223
274
-182
145
-90
3
-117
40
83
-25
55
-82
-22
81
-19
-8
-3
0
12
12
-100
154
-124
60
-10
-3
5
-18
25
-15
-1
6
-2
-3
9
-17
25
-45
39
-9
3
-6
-5
4
-1
0
0
-1
0
-3
5
5
-5
7
-40
45
-26
16
-9
3
0
-7
0
15
-25
18
-6
3
9
-59
123
-153
99
-11
-12
-3
2
7
18
-80
21
83
-56
25
-83
-40
117
-2
90
-146
182
-273
223
-119
71
-128
113
-17
-18
17
-13
0
-4
8
-7
-1
0
-1
-3
-3
0
-4
3
-2
0
-2
-6
7
2
-6
-3
9
14
-24
85
-227
203
-96
-50
419
-446
-52
247
-91
34
-94
76
35
-17
-33
-3
49
-75
35
8
44
-95
99
-119
100
-51
-11
38
-1
-22
8
12
-15
7
-2
3
-12
9
-23
26
-10
4
9
-16
9
-4
-1
-1
0
0
0
-1
-1
4
-10
17
-10
-5
9
-26
22
-10
12
-3
1
-7
14
-14
-8
21
0
-39
10
50
-101
119
-99
96
-46
-10
-36
74
-49
3
31
16
-34
-75
95
-35
93
-247
53
446
-420
49
97
-203
227
-87
22
-15
-12
2
4
-2
-6
5
0
-2
0
-4
-1
0
-1
-1
-2
7
-9
8
-24
29
-14
25
-23
-18
68
-54
61
-166
42
141
-19
-37
-358
468
-90
-4
-133
144
-29
31
-82
21
21
31
-72
40
51
-69
33
-50
46
-55
44
-2
-2
-25
47
-35
13
-5
-9
20
-15
4
16
-43
39
-9
5
-6
2
-6
3
0
-1
0
0
-1
-2
6
-4
6
-6
8
-39
43
-15
-3
15
-20
8
4
-14
33
-47
24
1
3
-44
54
-48
49
-34
69
-52
-41
72
-31
-21
-22
83
-30
28
-144
134
4
90
-470
359
36
18
-142
-44
165
-62
53
-68
16
21
-26
12
-30
24
-9
7
-9
-1
0
-3
0
-1
-1
1
-2
-4
-5
37
-41
15
1
-7
27
-51
25
-32
-28
254
-504
534
-343
295
-181
-58
75
-35
55
-95
90
-8
-61
84
-69
45
-23
-13
63
-83
61
-49
-6
26
20
-48
51
-23
-14
10
4
2
-5
-2
23
-60
87
-71
30
-8
-1
6
-2
-1
0
-1
0
1
-1
0
2
-6
0
7
-29
71
-86
59
-24
2
4
-3
-5
-11
13
24
-52
48
-22
-28
5
47
-62
82
-63
11
23
-45
68
-85
60
7
-90
95
-56
34
-75
57
181
-294
343
-535
504
-255
27
30
-28
50
-27
4
-2
-16
40
-36
3
2
1
-3
0
-3
0
-1
2
-5
3
5
-6
-12
13
4
-20
11
6
-1
-35
44
44
161
-458
295
-246
230
-79
158
-212
102
-61
95
15
-83
54
-42
23
4
-22
-42
85
-19
-38
-10
33
1
-13
9
11
-14
-2
3
-2
2
-5
-7
31
-75
88
-30
-7
-2
-7
15
-8
0
-1
0
0
0
-1
0
7
-15
8
1
6
29
-88
74
-32
7
5
-2
1
-3
0
12
-11
-9
12
-2
-35
9
37
19
-86
40
21
-6
-24
42
-54
83
-17
-94
62
-103
211
-156
77
-231
245
-295
458
-161
-45
-46
33
0
-7
-12
18
-7
-13
11
7
-6
-5
2
-3
-3
0
-2
2
0
-15
21
-20
30
-19
-2
8
9
-16
-97
153
3
12
-236
244
-28
-119
31
95
-116
62
-45
130
-68
-103
21
114
-56
-4
-9
19
-3
-11
-15
38
18
-40
2
-13
20
7
-22
8
9
-17
7
4
-14
12
-8
9
7
-7
-1
0
0
-2
0
-1
-1
0
-1
0
-1
2
0
0
1
7
-7
-10
8
-12
14
-4
-8
17
-9
-10
21
-8
-21
13
-3
39
-17
-39
14
10
2
-20
8
4
56
-114
-20
104
67
-131
43
-63
116
-96
-32
120
27
-244
235
-12
-3
-153
98
14
-12
-10
1
18
-32
19
-22
13
-3
-3
-2
0
-1
3
-4
-6
15
-21
4
14
1
-27
34
-1
-97
150
-73
64
-128
183
255
-931
545
57
-48
-14
30
-26
15
22
-59
7
49
-33
13
11
-54
51
-53
133
-129
20
3
18
-11
-3
7
-8
21
-28
11
1
4
0
-9
4
-11
23
-17
1
0
-1
-1
1
-1
0
0
-1
0
0
-3
-3
16
-24
10
-5
7
-1
-4
-1
-11
27
-21
7
-6
2
12
-19
-4
-21
127
-133
53
-52
53
-13
-12
32
-49
-8
58
-23
-14
26
-31
13
47
-57
-546
932
-256
-183
126
-65
72
-151
95
-1
-36
25
-3
-15
-5
20
-17
4
1
-5
-4
0
-2
-3
3
3
-10
-13
56
-45
1
11
-11
-27
114
-95
-1
-71
157
-70
34
-152
188
-108
60
-30
49
-115
151
-146
78
-36
38
-14
-17
16
18
-50
55
-37
17
-5
4
-16
32
-28
14
-13
16
-20
16
-13
14
-5
-8
-9
26
-16
1
4
-6
3
-2
0
-1
0
1
0
2
-4
5
-7
-2
15
-26
9
8
4
-15
12
-17
19
-16
12
-15
27
-32
14
-4
3
-16
36
-57
49
-19
-17
16
13
-37
35
-79
146
-151
114
-49
29
-61
107
-188
152
-34
69
-158
70
0
94
-115
25
9
-12
-3
44
-56
11
8
-5
-6
2
-4
0
2
-3
1
-1
3
-13
10
5
0
-3
-4
53
-64
-47
24
33
25
-48
42
-59
176
-168
11
-11
43
33
-110
111
-87
43
-9
-6
7
7
-14
8
5
-16
2
12
12
-29
5
11
-3
-2
-7
16
-6
-3
-2
11
-7
-12
12
4
-4
0
-4
4
-1
-1
0
0
0
0
1
-4
4
0
3
-5
-14
11
6
-10
3
3
6
-16
7
2
4
-12
-5
28
-13
-13
-2
16
-6
-9
13
-8
-8
6
7
-43
86
-112
110
-35
-43
11
-11
167
-178
59
-42
46
-26
-33
-25
46
64
-54
2
1
-3
-6
-12
14
-5
1
-4
2
-5
0
1
3
-5
-11
14
-9
1
16
-28
5
11
12
-20
15
-51
58
41
-218
289
-195
96
-56
19
3
-19
3
77
-96
26
13
-11
1
6
-8
2
-1
0
5
-1
-13
28
-19
1
7
-7
0
9
-18
18
-14
7
-1
-4
3
4
-12
7
-1
-4
2
0
-1
0
0
-1
0
-2
-3
3
0
-8
12
-5
-4
4
-1
-8
13
-19
17
-10
0
7
-8
-2
19
-28
13
3
-5
-1
0
-2
7
-6
-1
10
-13
-27
96
-77
-3
19
-3
-19
56
-97
195
-290
218
-42
-59
52
-15
17
-14
-11
-6
27
-16
-3
7
-16
9
2
-4
-6
0
13
-3
-7
5
0
-6
-7
21
1
-37
24
-58
207
-254
140
-37
33
-47
-96
179
-18
-114
77
-19
-15
53
-69
39
5
-14
3
-5
1
16
-20
7
-1
4
1
-16
15
-4
9
-17
13
-5
-1
-2
3
1
-4
-1
7
-7
0
6
-7
7
-8
4
-2
0
-1
0
-1
0
2
-5
8
-9
6
-6
-2
7
-8
1
3
-2
-2
1
0
4
-15
17
-10
1
-15
16
-1
-4
1
-8
19
-18
-2
5
-3
14
-6
-39
69
-54
14
18
-77
113
18
-180
96
46
-34
36
-142
252
-207
56
-26
35
-2
-22
5
5
-3
-7
2
2
-17
0
26
-21
7
18
-44
31
3
14
-81
112
-26
-90
-83
284
-113
-87
144
-251
376
-226
-180
291
-76
-80
47
103
-108
-108
99
137
-115
-46
37
29
-22
0
-1
2
1
-13
23
-15
6
-5
-1
5
-3
-7
8
-3
-3
5
-3
1
-5
9
-7
-4
8
-3
-1
1
0
0
0
0
-1
3
-7
4
5
-10
5
-2
3
-5
2
1
-8
7
3
-6
2
5
-8
16
-24
12
-2
-2
1
0
21
-30
-37
45
114
-139
-100
108
106
-103
-48
78
76
-293
180
227
-376
250
-144
87
112
-286
80
88
25
-114
79
-15
-3
-31
42
-19
-10
21
-30
0
17
-8
-15
19
7
-34
11
-8
37
-7
-66
-87
272
-88
-47
-7
-48
44
286
-415
99
-17
103
-55
48
-105
98
-9
1
-27
-7
16
4
-22
20
-6
-1
-2
5
-14
18
-6
-1
-3
4
-6
8
-6
2
-3
3
1
-4
4
-7
6
-3
1
-2
1
-1
-1
0
0
0
-1
-1
-2
1
-3
2
-7
7
-6
5
-2
-4
3
-2
5
-10
5
-4
2
0
5
-17
12
-5
0
0
5
-19
22
-4
-16
6
26
-1
8
-98
104
-48
54
-103
16
-99
415
-285
-43
48
6
45
87
-274
85
65
6
-40
8
-12
32
-9
-21
12
8
-21
0
-10
23
-5
-25
-3
18
-4
29
-65
75
4
-125
184
-121
27
-4
-51
-41
127
13
-39
-34
39
-32
40
-31
-58
82
-37
37
-20
-2
2
-4
-2
0
2
-3
3
4
-14
9
-1
-2
6
-7
-6
16
-6
-2
0
1
2
-4
1
-1
-2
2
-3
0
0
0
-1
0
-1
-1
0
1
1
-3
1
0
-1
3
-4
-1
0
2
5
-17
6
5
-7
2
0
-10
12
-4
-3
4
-3
-1
1
3
-3
1
19
-38
36
-82
57
31
-41
32
-38
34
39
-13
-127
40
51
3
-27
119
-186
123
-5
-77
64
-30
4
-19
2
24
2
-24
6
0
-23
4
1
18
-15
-5
11
36
-46
3
13
-39
14
67
-69
-4
-63
172
-119
57
0
-42
-30
69
-16
18
-4
-40
16
-19
17
7
-4
8
-12
4
-5
7
-3
11
-18
4
6
-2
-2
-2
0
-1
1
4
3
-6
-2
-1
5
-2
-2
-3
0
0
1
-2
0
0
0
0
-1
-1
-1
0
1
1
-6
0
2
5
-3
-4
0
1
-1
1
0
3
-7
-5
16
-11
4
-8
5
-4
11
-9
3
-7
-18
20
-18
40
3
-17
17
-70
29
42
-2
-57
118
-174
62
4
68
-68
-16
37
-15
-5
45
-36
-11
4
15
-18
-5
-5
19
0
-24
7
3
-12
6
-34
102
-113
56
-18
4
-85
184
-108
15
-29
-9
62
164
-273
123
-82
26
38
-28
14
25
-128
113
-67
42
10
2
-7
-6
5
1
-8
9
-2
-7
4
-2
2
1
-2
1
-1
0
1
-4
2
0
-3
-1
-2
5
-6
3
-2
-1
0
-1
0
0
-1
-1
0
-3
6
-6
1
-1
2
0
-2
3
-2
-1
0
-1
1
-2
-4
1
-6
6
1
-11
7
-2
-5
5
6
-3
-10
-43
66
-113
128
-24
-14
27
-39
-27
83
-125
272
-165
-62
7
28
-15
107
-186
84
-6
17
-58
112
-103
34
-7
10
-6
-8
19
0
-13
5
-3
16
7
-73
52
-41
47
7
108
-145
-66
86
-54
100
-188
364
-289
33
-23
87
-78
99
-100
76
-61
82
-123
121
-64
12
3
-11
9
-7
7
-6
1
0
1
-6
4
-2
2
-4
-1
4
-2
-1
-1
2
-3
0
-2
2
-1
0
0
-1
0
0
0
0
-1
0
0
0
-1
-1
2
-3
1
-1
1
-2
0
0
1
-4
0
3
-3
2
-4
4
-3
-2
-1
6
-9
6
-12
11
-5
-12
61
-122
122
-81
61
-75
98
-100
77
-88
23
-34
289
-366
188
-100
52
-88
64
144
-108
-10
-49
40
-53
72
-8
-17
0
-5
8
0
-3
-9
-2
-25
85
-14
-70
-24
120
-93
-149
366
-135
-76
-52
82
9
-48
32
100
-113
-52
20
80
-6
-47
-62
127
-70
-16
63
-37
4
-5
2
6
-14
20
-16
10
-4
-2
-3
2
-3
4
-3
-1
4
-6
5
0
1
-1
-1
0
3
-4
0
1
-1
-1
0
0
0
0
1
-2
0
3
-4
-2
1
1
0
0
-3
6
-4
0
2
-5
2
-2
1
1
4
-10
15
-20
13
-6
-3
4
-6
37
-64
16
70
-128
61
46
6
-81
-22
51
113
-101
-33
49
-10
-83
52
75
133
-367
147
91
-122
23
69
13
-86
24
0
7
1
0
-5
1
22
11
-121
226
-190
11
114
-126
105
-227
251
0
-112
-27
181
-253
187
-53
41
-34
-33
51
-11
-39
79
-143
172
-112
51
-28
15
-5
-2
5
-8
5
3
-6
-1
2
0
-1
-2
4
-7
2
-1
-2
6
-3
2
-7
4
0
-2
2
0
0
0
0
0
0
0
0
0
-1
0
-2
1
-1
-4
7
-3
2
-5
2
-1
-2
6
-6
1
1
0
-3
-1
6
-4
-7
6
-5
3
4
-16
28
-52
113
-173
144
-79
39
11
-51
33
35
-42
53
-188
254
-181
27
110
-1
-253
225
-107
124
-118
-11
190
-227
120
-12
-23
-3
1
0
10
27
-50
35
-47
103
-112
0
55
38
-129
201
-239
143
-7
-96
276
-425
301
-120
49
16
-48
38
-20
-17
43
27
-98
62
-18
5
-4
5
-5
3
-4
6
-8
-1
-1
3
-1
-1
2
-2
3
-3
0
-1
2
-6
2
-5
3
-3
5
-9
8
-5
1
0
-1
0
0
0
-3
4
-8
8
-6
2
-5
3
-3
5
-4
0
-2
3
-3
2
-1
0
0
-5
1
0
7
-7
2
-3
4
-6
3
-5
17
-62
98
-28
-44
16
19
-39
48
-16
-49
120
-302
425
-276
96
5
-144
239
-202
128
-40
-57
-1
110
-103
46
-36
46
-27
-14
0
40
-40
43
-100
175
-128
-4
45
-37
24
37
-85
69
-15
-24
21
-172
316
-95
-163
162
-82
44
-11
-23
25
15
-70
63
-20
-4
17
-13
4
-1
-4
-2
7
-3
3
-3
0
-1
-1
0
1
0
-1
1
0
-1
-1
-1
3
-4
4
-4
4
-3
1
-1
-1
-1
0
0
0
0
-2
2
-4
3
-4
4
-3
0
0
0
0
1
1
0
-1
1
0
0
-2
2
-3
3
-7
1
4
-1
-5
11
-18
5
19
-64
70
-16
-25
24
10
-45
80
-161
163
95
-317
171
-21
23
12
-70
84
-39
-25
35
-45
4
128
-176
99
-47
39
-44
0
23
-30
7
21
-18
0
0
2
-16
35
-41
1
57
-64
-21
111
-100
-13
97
-28
-30
-23
71
-49
-14
46
-24
-32
57
-26
-14
19
-1
-11
8
1
-8
0
12
-11
-4
13
-11
-2
9
-7
-3
6
-2
-5
3
2
-6
0
5
-7
0
3
-2
-2
0
-1
-1
0
0
-1
-1
2
0
-4
-1
7
-6
-1
5
-3
-3
5
0
-7
2
5
-10
2
8
-14
3
10
-12
-2
7
-2
-9
9
0
-19
15
25
-58
32
24
-45
12
49
-71
23
30
28
-97
12
99
-112
21
63
-56
-2
39
-37
14
-2
-1
-3
15
-24
-9
30
-28
0
4
-2
-3
-2
-1
4
-2
2
-6
-3
12
-12
7
-3
-5
5
-17
30
-32
26
-15
5
-2
0
3
-6
4
2
-8
5
1
-1
-1
1
1
-1
-1
1
-4
-1
2
0
-1
-1
0
-1
0
-1
-1
2
-2
0
0
-2
2
-1
-1
-1
0
0
1
-1
0
0
0
-1
0
0
-1
0
-1
0
-3
2
-2
-1
1
-2
0
1
-2
0
-2
1
-1
0
-3
0
3
-3
1
-1
-1
-3
-2
0
0
-6
8
-3
-5
4
-3
-1
2
-7
14
-27
31
-31
16
-5
2
1
-8
11
-13
1
4
-4
1
-5
0
0
0
1
-7
0
-1
1
-3
3
-4
0
5
-2
-4
1
-2
-1
-1
2
-5
6
-6
-8
24
-9
-7
4
-3
2
1
-2
3
0
-2
0
-1
1
-2
2
-1
1
-2
1
1
-1
0
-1
1
-1
2
-1
-1
1
-1
1
-1
1
-3
0
0
-1
-1
-2
1
-1
-1
0
0
0
0
0
0
0
-1
0
0
0
-1
-1
2
-2
1
-2
1
-1
0
0
-3
1
-2
1
-1
0
0
-3
1
-2
0
-3
0
-2
0
0
2
0
-2
1
-2
-1
3
-5
6
9
-24
6
6
-6
5
-3
-1
0
0
-4
1
2
-7
-1
2
-5
0
-1
-3
0
-1
1
0
-5
3
0
0
2
-4
1
-6
9
-10
5
-1
2
-6
11
-14
2
5
-4
2
0
-3
-2
3
2
-3
3
-3
1
-1
2
-2
-1
2
-2
0
2
-3
1
-1
2
-1
0
-2
2
-3
0
0
-2
2
-1
0
-2
1
-1
1
-1
1
-1
0
0
0
0
-1
0
-1
1
-1
1
-1
1
-3
2
-2
0
1
-3
1
-1
0
-3
1
-3
2
-3
0
0
-3
0
0
-3
1
-1
4
-3
2
-2
-2
0
0
-1
0
2
-5
-3
14
-11
3
-3
-2
-6
9
-10
4
-4
2
-3
-1
-1
-4
2
-2
-2
-2
0
-4
1
-1
4
-4
2
0
-1
1
-4
4
-10
9
-2
-5
6
-4
-10
16
-7
-2
2
0
-1
1
-1
2
-5
5
-5
3
-3
2
-3
1
-1
-1
2
0
0
0
-1
0
2
-2
1
-1
-2
2
-2
1
2
-1
0
0
0
-1
0
-1
0
-1
0
0
0
-1
0
0
0
0
-1
0
-1
-1
0
1
-2
-2
2
-3
1
-1
-1
2
-2
-3
1
0
-1
-1
-3
-1
0
-3
1
-1
2
-5
3
-5
4
-3
1
-2
0
-1
-3
1
7
-16
10
3
-7
5
0
-10
8
-5
2
-2
0
-2
-3
4
-5
-2
-2
-1
0
1
0
-1
0
1
0
0
0
-1
0
0
0
-1
-1
0
-1
-1
0
1
0
-2
-1
0
1
0
-1
0
-1
0
0
0
0
0
0
0
0
0
0
-2
-1
0
0
0
-1
-1
-1
-1
-1
0
-1
0
0
-1
-1
-1
0
-1
-1
0
0
-1
0
0
0
0
0
0
0
-1
-1
0
0
0
0
0
0
-1
-1
0
0
0
0
0
0
-1
0
-1
0
0
0
0
0
-1
-1
-1
0
1
0
0
0
0
0
-1
-2
0
0
1
-1
-1
-1
0
0
0
-1
0
-1
-2
-1
-1
0
-1
-2
-1
0
-1
-2
-2
