0
4
-3
-3
-4
6
8
-6
-11
11
-6
1
-3
1
1
-2
1
0
1
-1
3
-2
2
-1
0
0
3
-2
0
2
0
0
-1
0
1
0
-1
2
-1
0
-2
2
0
-1
0
-1
0
0
0
-1
-2
0
0
-2
2
-2
1
0
-1
0
0
0
0
-1
0
-1
-1
-1
0
-1
0
0
-2
1
-2
1
-1
-1
1
0
-1
-1
-1
0
-1
1
-1
-3
1
-1
0
-2
1
-1
-3
-1
1
0
0
-2
0
2
-3
0
-1
2
-2
3
-2
1
-1
0
-2
2
-4
-2
2
-3
3
-13
10
6
-11
-9
2
1
1
-8
0
0
41
36
-22
-213
87
255
-204
19
11
3
-10
8
-7
6
-1
0
-2
2
0
-2
1
-1
1
0
-4
2
-1
1
0
-2
3
-6
1
2
0
-3
3
-4
1
-1
0
-1
0
1
-1
-1
0
-1
0
0
2
-8
13
-10
2
0
-1
0
0
1
-1
0
0
-1
1
-2
0
-1
-1
1
-2
9
-13
8
-2
0
0
-1
0
-1
0
-1
-1
-2
0
-1
-1
3
-3
1
-1
-2
-1
4
-4
1
-1
-1
0
-2
4
-3
-2
1
-2
1
-1
-3
1
-1
1
-6
6
-8
10
-5
-13
-21
204
-256
-89
212
21
-38
-42
-5
0
66
34
57
-326
-98
671
-371
-54
45
4
-3
56
-67
9
0
2
1
-2
8
-7
3
-3
7
-4
2
-4
3
-3
4
-2
0
1
-3
3
0
-2
2
-4
5
0
-4
1
-1
0
-1
1
0
0
-1
1
-1
-1
-2
3
-6
9
-6
-1
0
2
-2
0
0
0
0
-1
0
-1
-1
0
5
-9
5
-3
2
2
1
-1
0
0
-1
-1
1
-1
0
-1
3
-1
-5
3
-4
2
0
-3
2
-2
0
3
-4
2
-3
3
-3
3
-7
3
-4
8
-7
2
-1
-2
-1
-11
65
-57
1
-6
-46
53
371
-670
98
324
-61
-36
-69
0
88
12
-55
-451
906
-419
-180
69
93
0
61
-263
175
6
-6
-2
-2
-2
-2
6
-4
-1
-3
4
-2
0
-1
-3
4
-3
0
-4
6
-4
0
0
-1
1
0
-1
2
-1
-1
0
0
0
-1
0
0
-1
1
-1
-3
5
0
-5
2
2
0
-3
1
-1
0
0
-1
1
-3
3
-1
-3
-2
4
0
-5
1
1
-1
-1
0
0
0
-1
-1
-1
0
-1
-4
-1
0
-2
-1
0
-2
1
-7
4
0
2
-4
3
-1
1
1
-4
2
0
4
-5
1
2
0
2
5
-7
-178
261
-62
-2
-94
-70
179
418
-906
449
52
-12
-92
0
116
-65
-209
251
487
-1193
784
-30
-90
-126
-48
530
-504
91
38
4
-11
10
-24
17
6
-6
-3
-3
4
12
-9
-7
6
4
-3
-7
6
0
-2
-1
3
-3
3
0
-2
-1
0
-1
0
1
-1
0
0
0
-1
-1
5
-7
3
0
3
-2
-7
11
-5
0
-2
0
-1
0
6
-11
6
2
-3
-1
-4
8
-6
0
1
0
-1
-1
0
-1
-1
0
0
-1
2
-1
-3
3
-2
1
2
-1
-5
6
4
-6
-7
6
10
-11
-5
3
3
5
-6
-18
24
-11
10
-5
-40
-93
502
-530
45
123
89
29
-785
1191
-489
-251
205
65
-121
0
108
-163
-82
865
-1656
1420
-310
-360
144
207
-61
-453
630
-295
23
6
-2
22
-32
6
25
-16
-11
-6
61
-69
14
21
-6
-11
2
10
-5
-3
2
-1
1
-4
4
-4
-1
3
-2
0
0
0
1
-1
0
-1
-1
1
-3
2
3
-9
6
-6
8
-13
5
2
-3
0
2
-3
-6
13
-8
5
-8
8
-5
-2
2
-2
1
0
0
1
-1
1
0
0
2
-3
1
3
-4
2
-1
0
-2
2
4
-10
-3
10
4
-22
-13
66
-60
6
12
15
-27
-7
33
-22
0
-6
-25
293
-632
452
60
-208
-146
359
310
-1419
1654
-865
80
161
-113
0
48
-115
229
-336
449
-423
7
393
-344
-149
723
-784
410
-110
19
-10
-5
-4
-5
67
-114
68
11
-35
-36
181
-212
85
-8
10
-10
9
-10
5
1
-3
1
2
-3
2
-2
0
1
-1
1
2
-3
0
-1
0
-1
-1
0
1
2
-11
5
1
-15
22
-12
-2
4
0
-5
2
10
-22
14
-3
-8
9
-2
-1
-2
1
-2
0
0
-1
2
-2
-1
0
-1
-1
1
-3
3
-1
-2
3
-2
-6
8
-10
11
-10
7
-86
212
-181
36
34
-11
-68
114
-67
4
4
4
9
-20
108
-411
782
-724
145
342
-394
-7
422
-450
333
-231
113
-53
0
-28
86
18
-361
365
182
-312
-51
241
-389
424
-322
427
-429
167
-11
-21
-10
93
-172
175
-109
46
-15
-3
53
-105
58
-4
12
-24
31
-20
-1
5
-1
1
-5
2
-2
-1
2
-3
-1
0
-2
0
-2
-1
0
1
-3
2
3
-11
10
-4
0
-3
3
1
-3
0
0
-1
2
-1
-3
3
-1
2
-11
9
-3
-3
3
-2
-1
1
1
-1
0
-1
-1
1
-3
1
1
-4
3
-3
0
-6
0
19
-32
24
-12
4
-59
104
-54
3
14
-46
108
-176
171
-93
8
19
10
-169
427
-428
320
-426
386
-244
50
310
-182
-366
360
-19
-87
25
0
-117
264
-410
487
9
-910
1123
-611
246
-312
491
-490
216
92
-139
37
19
-23
11
-12
27
-4
-27
28
-39
92
-123
61
-1
-6
-2
12
-10
1
0
4
-6
5
-2
-1
-2
4
-3
-1
0
-1
-1
1
-1
-1
1
1
-3
3
-4
5
-2
-6
16
-25
16
-9
5
0
-5
8
-17
24
-16
6
2
-5
3
-3
2
-1
0
0
0
-1
0
1
-1
0
2
-6
2
1
1
-5
5
-5
0
-1
10
-13
1
6
1
-61
122
-91
36
-29
28
3
-27
12
-11
21
-19
-37
138
-94
-217
488
-492
309
-246
610
-1122
908
-10
-489
407
-265
115
0
-45
-128
402
-238
-73
-121
160
-125
222
31
-483
531
-62
-126
5
8
-3
15
-82
118
-36
-28
28
-20
26
-7
-48
47
-20
4
26
-22
11
-12
9
-10
7
-4
8
-10
2
4
-4
2
0
-2
2
0
-2
2
-5
1
0
-1
2
-5
3
-1
-4
6
1
-4
2
0
-2
3
-2
-6
4
-1
-3
5
-2
0
0
-2
5
-2
1
0
-1
2
-2
-3
5
-5
-1
9
-8
2
-7
10
-11
11
-11
21
-26
-3
20
-47
47
8
-26
20
-29
29
34
-119
82
-14
2
-8
-6
125
61
-531
479
-34
-223
124
-161
121
72
236
-403
127
40
0
12
10
34
-2
-270
161
21
2
80
-114
5
-22
117
-36
-1
-21
6
-15
47
-49
-10
25
-11
20
1
-11
-32
37
-7
-4
5
-3
-10
12
-3
0
-9
12
-9
3
2
-4
2
-3
2
-1
0
-3
3
-4
4
-3
0
-2
-2
3
0
0
0
-6
2
-1
1
0
-2
-1
-1
5
-2
-1
0
-4
1
2
-1
2
-4
3
-4
2
-1
0
-2
2
-4
3
-2
-4
9
-11
7
-1
2
-13
10
2
-6
4
5
-38
33
9
-2
-20
11
-26
10
49
-48
14
-8
20
0
36
-118
21
-8
112
-82
-3
-20
-162
269
0
-38
-11
-17
0
-62
11
27
-103
366
-407
131
0
17
-47
-27
164
-152
45
4
-7
-7
15
-6
4
2
-7
2
-6
18
-20
0
6
-3
8
-13
1
9
4
-14
2
-2
17
-12
-1
1
1
-4
0
2
2
-4
1
-1
-1
5
-3
-1
-1
1
-3
5
0
-4
-1
3
-2
1
0
-2
1
-3
-1
3
0
-5
2
-1
0
1
2
-4
1
1
-2
3
-2
-4
-1
4
-2
-2
0
11
-18
3
-2
12
-4
-10
-1
12
-10
3
-7
-1
20
-18
4
-3
7
-3
-4
6
-15
6
6
-4
-46
151
-166
24
45
-19
-1
-131
407
-365
101
-29
-12
57
0
-4
-23
36
0
-52
37
-28
63
-52
-17
81
-23
-50
11
8
-2
2
2
-14
25
-25
13
6
-8
3
-7
-2
14
-7
-2
-6
13
-10
6
-1
-4
7
-15
9
0
-2
-1
3
-4
1
-3
4
-2
0
-4
1
1
-1
-1
0
-1
0
-1
-2
-1
2
-1
-2
0
0
0
-3
0
1
0
-1
0
0
0
0
-2
-2
2
-1
1
-4
2
-1
2
-5
0
0
0
-10
13
-9
3
0
-6
9
-14
7
2
8
-15
0
5
-3
7
-7
-13
26
-25
14
-2
-4
1
-9
-12
47
21
-84
15
52
-63
27
-38
51
-2
-39
20
-1
0
-12
8
15
-91
99
-23
-10
1
-16
17
-19
18
26
-17
-13
2
0
0
17
-27
16
-5
-1
2
8
-8
0
-4
8
-6
-2
9
-3
-4
2
-6
5
0
-1
0
0
0
2
-3
1
0
0
0
1
-5
4
-3
1
0
-2
3
-2
0
-4
4
-2
0
0
0
-1
-1
1
-4
3
-1
-1
-3
1
-1
-1
2
-5
4
-1
0
-1
-1
-2
3
-3
1
0
-1
1
-1
-6
6
-4
2
1
-9
3
6
-8
4
-1
9
-10
-2
1
6
-17
27
-15
-1
0
-2
11
16
-27
-19
17
-18
15
-1
10
22
-100
90
-18
-9
8
0
-45
37
-10
-10
115
-151
29
31
-20
13
4
-93
115
-14
-16
-5
-5
11
-21
21
-14
14
-6
1
2
-8
5
7
-1
-6
5
1
-2
0
6
-12
8
0
-6
3
1
-3
3
-2
1
-1
-3
4
-4
-2
6
-5
0
1
0
2
-4
1
0
0
-1
1
-1
0
1
-2
1
-1
0
-2
3
-2
-1
0
-1
5
-7
2
4
-5
3
0
-3
2
-2
0
-1
-4
5
-1
-10
12
-6
-2
2
-2
-4
6
1
-6
-5
8
-3
-1
7
-15
15
-21
20
-13
4
4
14
14
-117
91
-7
-16
17
-31
-30
149
-115
9
7
-38
40
0
-27
20
0
34
-64
7
34
-7
-25
30
-22
46
-53
21
-7
3
3
-6
-4
3
2
1
-1
6
-11
13
-5
-3
1
-5
4
3
3
-11
5
-4
5
-4
3
-4
1
1
-1
-1
-2
-1
3
-2
-1
-1
1
-4
0
0
0
-3
5
-6
3
0
-1
0
-2
0
1
-1
1
0
-5
6
-5
2
-1
-1
-1
4
-2
0
-1
2
-3
-1
0
1
-2
-2
-1
3
-3
2
-7
4
-5
10
-3
-3
-5
5
-3
2
4
-14
11
-6
1
-1
-3
-3
3
5
-5
-3
7
-22
51
-47
20
-32
24
7
-35
-7
64
-35
-2
-21
23
0
-5
-4
-5
6
45
-40
-19
10
-5
15
-34
43
-25
14
-11
1
6
-2
-8
4
-1
2
0
2
-4
0
1
5
-8
11
-9
-5
14
-5
-9
10
-1
-4
0
0
1
0
-1
-2
4
-4
-2
6
-4
0
0
-2
0
0
2
-1
-4
5
-7
5
-2
0
0
0
0
-1
2
-6
6
-6
2
0
-3
0
-1
1
-1
0
3
-6
1
3
-3
2
1
0
-2
-1
-1
4
-1
-11
8
4
-14
4
9
-11
8
-5
-2
0
4
-3
0
-2
0
-5
8
2
-7
-1
10
-17
24
-45
32
-17
4
-11
18
38
-46
-8
2
2
0
0
-4
14
-6
-48
101
-109
25
42
-17
-16
21
6
-31
23
-11
3
-3
6
-9
-2
12
-7
2
0
-6
7
-10
9
-10
13
-11
10
-4
-2
-6
18
-12
-1
-2
5
1
-1
0
-3
-1
1
0
1
1
2
-5
0
1
0
-1
-2
5
1
-4
0
0
-1
2
0
-2
0
0
0
3
-1
-4
1
1
0
-2
-1
4
-2
-1
-1
0
-1
0
2
-1
0
0
-5
2
-1
11
-18
6
1
4
-11
10
-13
12
-10
8
-7
5
-1
-1
6
-13
2
9
-6
2
-3
10
-25
30
-7
-22
14
14
-42
-26
109
-103
46
3
-16
-1
0
-1
-5
-8
74
-131
94
-24
-6
4
7
-31
36
-14
2
-4
-5
12
-7
0
-4
-1
9
-5
1
3
-10
9
0
-1
-1
-6
20
-16
2
-3
14
-17
7
-4
2
-1
-1
-4
5
-5
5
-2
0
0
-2
3
-4
-1
-2
7
-5
-1
-1
4
-7
2
0
-1
0
0
0
-3
6
-4
0
-2
4
-7
2
0
3
-3
0
0
-1
1
-5
6
-6
4
-1
-2
-3
4
-9
17
-15
2
-3
15
-21
8
2
0
-1
-9
10
-2
-2
5
-9
2
3
-1
7
-12
4
2
-4
14
-38
30
-9
-5
5
25
-95
130
-75
5
3
-4
0
-5
4
-11
11
43
-79
28
2
-6
9
-23
20
-3
-1
2
-1
-1
-6
4
3
-5
2
-1
4
-8
12
-3
-10
11
-10
1
8
-7
2
-3
3
-3
1
1
-2
0
-1
2
-3
0
0
0
-2
2
-3
5
-3
2
-5
2
2
-2
-1
-4
3
-1
-1
0
0
1
0
1
-4
2
0
1
-1
-4
4
-3
3
-5
1
-3
1
-1
-1
-2
3
-3
0
-1
1
-1
-1
1
-3
2
-2
6
-9
-3
10
-11
10
2
-11
6
-4
2
-2
5
-3
-6
5
1
0
-3
-1
2
-21
20
-12
3
-3
-28
77
-44
-12
7
-6
0
0
-6
8
9
-61
56
6
-19
7
-2
-4
-1
3
-10
10
-12
4
14
-17
11
-7
-3
4
1
-3
6
-1
0
-3
4
-6
7
-7
3
0
4
-15
13
-4
-2
0
1
1
-2
2
-6
7
0
-5
2
-2
-1
3
-2
-3
1
-2
3
-6
2
-1
-2
0
-1
0
1
-1
0
1
-3
5
-3
1
-3
2
2
-4
2
1
-4
4
0
-7
5
-3
1
-1
-1
0
1
3
-13
13
-5
-2
-3
6
-6
5
-4
2
0
1
-6
3
-1
-4
3
6
-11
17
-14
-5
12
-11
6
-5
-2
1
-1
-7
18
-7
-57
60
-12
-9
1
0
1
-6
4
16
-25
7
3
0
3
-12
21
-29
17
-9
9
0
-12
7
13
-20
4
5
-7
4
3
-2
1
-15
19
-14
10
-2
2
-11
13
-7
0
0
1
-5
2
-1
-3
2
0
0
-1
0
0
-2
-1
3
-5
-1
2
-2
0
-2
-4
4
-2
-1
1
0
-1
0
2
-5
2
1
-1
1
-3
-1
3
-4
1
1
-1
0
0
-1
-1
-2
2
0
-3
4
-2
-2
-1
6
-14
10
-2
2
-11
13
-20
14
-3
1
-3
-4
7
-6
-4
20
-13
-7
11
0
-10
7
-18
28
-22
10
-5
0
-5
-7
24
-17
-6
4
-3
0
-4
24
-44
7
67
-85
31
-1
10
21
-20
-5
-25
-30
58
-10
-6
7
5
-12
1
12
-6
-3
9
-9
0
11
-5
-11
10
2
-2
8
-14
5
-7
-1
6
3
-2
2
-1
-8
6
-4
3
2
-3
-1
0
0
2
0
-1
-5
4
-2
-2
-1
0
2
0
0
0
-1
0
0
1
1
-4
4
1
-2
-2
-1
-1
0
2
-2
-3
3
-6
7
-1
-3
2
-3
-5
0
6
-6
14
-8
3
-3
-10
10
5
-11
-1
8
-9
3
6
-12
0
11
-6
-8
6
10
-59
30
24
4
19
-23
-12
0
-31
84
-69
-10
43
-27
0
0
-22
10
-14
14
7
1
-13
7
3
4
12
116
-355
270
-77
13
17
-15
1
11
-15
7
1
-6
5
1
1
-2
1
9
-10
0
-5
15
-20
10
-3
4
-9
8
-5
2
-1
0
0
0
-4
-2
4
-7
3
-1
-4
6
-4
2
1
-1
1
0
-2
1
0
0
0
-1
1
-2
-1
1
-1
-2
3
-7
3
0
-5
6
-5
1
2
-3
-1
-1
0
-2
3
-9
9
-4
0
-10
19
-15
3
-1
9
-9
0
2
-3
-3
-5
6
-1
-7
15
-11
-1
15
-19
-14
75
-271
352
-116
-15
-5
-5
-8
13
-2
-7
-15
12
-11
19
0
127
-228
107
16
14
-29
7
0
6
-25
-4
52
-16
-43
43
-25
-4
17
-4
1
-6
3
0
-1
6
-5
-3
4
-5
-1
3
0
-6
16
-9
5
-7
-7
2
4
0
-2
3
1
-6
4
0
-1
-3
-3
9
-3
-4
2
-2
0
5
-8
4
-1
0
-1
1
0
-1
2
-3
1
-5
7
-5
-1
1
-3
2
3
-9
3
2
0
-1
-4
6
-1
-4
0
0
-5
-3
6
7
-6
8
-17
6
0
-2
0
4
-5
3
3
-5
1
-1
-6
6
-1
5
-18
4
24
-45
41
14
-53
2
23
-8
-1
-9
28
-16
-16
-111
227
-132
0
167
-399
417
-215
46
19
-11
-8
3
9
-21
59
-142
136
-39
-2
6
-8
-6
17
-18
7
5
-4
-16
24
-10
12
-16
9
-22
23
-6
-1
6
-6
7
-10
4
0
2
-4
-1
5
-3
-3
1
-1
0
2
-6
9
-6
-3
3
1
-2
1
-2
-2
4
-1
0
0
0
1
-5
3
1
-1
1
-2
-3
2
5
-9
6
-3
-1
1
-1
1
2
-5
0
2
-3
-2
-4
10
-9
5
-7
1
4
-23
21
-9
16
-13
8
-24
15
3
-5
-7
17
-17
6
8
-7
2
38
-137
142
-60
20
-9
-6
7
11
-20
-49
214
-419
398
-170
0
54
-92
80
-81
51
-4
-1
0
-5
-2
-13
33
-16
-21
32
-31
29
-17
-8
23
-19
4
-1
8
-8
18
-31
26
-16
-1
17
-16
5
-3
2
2
-10
10
-2
1
-4
1
-3
5
-6
7
-4
2
-4
6
-3
1
0
-4
7
2
-30
36
-13
-6
13
-6
-1
0
1
6
-13
5
13
-37
29
-3
-6
3
0
-1
2
-7
4
-2
3
-8
5
-5
2
-2
1
-2
1
-10
9
-2
-3
3
-6
15
-16
0
16
-26
30
-19
8
-8
1
-3
19
-23
7
15
-30
31
-33
19
14
-34
11
-1
3
0
2
2
-53
80
-83
90
-59
0
-68
267
-337
183
-62
5
5
6
2
-4
-1
29
-58
27
15
-15
-9
9
-10
24
-17
12
-5
-19
46
-62
51
-7
-25
19
-9
6
4
-12
6
-6
8
-1
-2
-3
6
-1
-5
8
-8
6
-3
0
-2
1
1
-6
0
27
-66
88
-80
39
-4
-8
5
-1
0
0
-2
1
-5
7
3
-39
80
-89
65
-27
-3
4
-1
-2
0
0
3
-6
8
-9
5
0
-6
2
3
0
-8
5
-6
11
-5
-7
8
-18
25
6
-51
62
-47
17
5
-11
17
-25
11
-9
8
15
-17
-28
56
-31
-1
3
-3
-7
-6
-5
61
-184
333
-267
63
0
-173
380
-345
174
-107
65
-17
2
3
0
-1
-31
38
-12
-9
1
11
-1
-10
18
-20
11
-4
22
-53
54
-19
6
-41
47
-24
17
-12
3
1
-7
8
-3
-1
-1
0
4
-5
3
-1
2
-2
3
-4
2
-1
1
10
-29
22
-31
87
-143
126
-58
9
3
-2
0
2
-5
-9
57
-125
143
-87
29
-23
28
-11
-2
0
-3
4
-3
1
-2
3
-4
5
-5
2
0
0
2
-9
7
-2
-3
12
-18
24
-47
40
-7
18
-55
52
-24
4
-10
20
-20
10
2
-10
-1
9
9
-40
29
0
-2
-5
-3
17
-65
107
-176
341
-380
168
0
-160
91
132
-176
136
-93
41
-18
4
-4
4
8
-14
-1
-5
12
4
-17
12
-20
28
-24
23
-22
29
-22
8
0
-35
55
-51
39
-25
14
-11
13
-12
0
4
-2
3
0
-7
4
0
0
-2
0
1
-1
-4
7
-11
8
-5
29
-78
85
-41
3
0
2
-3
0
1
-2
-1
-3
39
-86
79
-30
3
-9
11
-7
2
1
-1
-1
0
0
-1
-5
6
-1
-3
0
-4
-1
12
-14
9
-16
23
-39
51
-56
34
-1
-9
21
-30
22
-22
24
-29
20
-13
16
-5
-13
4
-1
12
-10
-5
2
-6
18
-41
92
-137
174
-135
-92
155
0
-96
-107
312
-145
-15
13
-13
9
-3
0
5
-6
-6
4
-9
19
-9
-10
12
4
-9
8
-14
5
11
-20
19
-15
8
15
-27
4
17
-7
-7
-1
3
1
-1
4
-9
9
-10
5
-2
6
-9
6
-3
1
-5
12
-11
6
2
-33
56
-16
-34
19
2
-2
0
0
-1
1
-3
-19
34
15
-56
32
-2
-7
11
-12
6
-2
3
-7
8
-6
1
-5
8
-10
7
-5
1
-2
-2
2
6
5
-17
-5
27
-15
-8
15
-22
18
-11
-6
14
-8
9
-5
-12
11
9
-20
8
-5
4
6
-8
-2
2
-10
12
-12
14
144
-315
107
91
0
19
17
-4
-18
-13
4
9
2
-5
-3
3
2
-4
-4
0
2
-1
-2
1
1
-2
-1
2
3
-1
0
3
2
-3
-6
-2
4
4
0
-1
-1
-1
-1
-1
1
0
-1
-1
0
1
0
0
0
-1
-1
2
2
-2
-4
0
5
3
-4
-7
0
3
0
-3
0
2
-1
-5
0
5
3
-5
-7
0
4
1
-3
-3
0
0
0
-1
0
0
0
0
1
-1
-2
0
1
0
0
0
-1
-4
-5
2
5
3
-2
-3
0
0
-3
-2
2
3
-1
-1
1
0
-2
-1
2
2
-4
-5
0
3
-3
-10
-5
11
17
3
-18
-21
