-5
-6
-3
-7
-1
2
-12
-7
8
-9
-2
-4
-1
0
-5
-2
0
-1
-3
1
-1
-2
-1
-1
-1
0
-2
0
-1
-2
0
-1
-1
-1
0
3
-2
2
-1
-1
0
1
0
0
0
0
0
0
-1
-2
0
0
1
-1
-1
1
-1
0
0
0
-1
-1
-1
-2
-1
0
0
-1
0
0
0
-1
-1
1
0
0
1
0
0
0
0
0
1
0
1
1
0
1
0
-1
1
0
-2
3
1
-2
-1
0
0
-1
0
1
-1
1
-1
1
0
0
0
2
-2
0
1
1
-2
3
1
0
1
-4
10
-4
-9
7
2
0
1
1
31
-82
64
-69
254
-183
-193
112
81
-20
-5
-12
13
-20
1
-2
2
-3
-1
-1
0
2
-3
1
-5
4
-9
4
-4
1
-1
-3
1
4
-6
4
-1
0
3
-3
3
-5
3
0
0
1
0
0
0
-1
0
-1
1
-4
-1
0
3
-3
-1
-1
-1
0
-2
1
0
1
0
0
0
0
0
-3
4
0
-1
-2
2
0
1
0
1
2
1
0
1
0
2
-3
3
-3
4
-1
0
4
-4
3
1
-1
0
2
-3
6
-7
5
-3
3
-1
3
0
-1
-1
-1
2
0
4
-17
15
-9
-3
-17
83
115
-189
-179
256
-61
69
-74
-4
-78
78
67
142
-566
235
251
-106
-69
12
7
-45
16
8
-3
-1
1
-3
0
-3
1
-5
1
-2
-4
6
-7
0
0
-3
-2
2
-2
3
-4
0
0
-2
3
0
-1
2
1
0
-2
0
0
0
0
0
-3
0
2
0
-4
0
-2
1
-2
1
-2
-1
-1
1
-1
0
-1
2
-1
0
-1
1
-2
0
2
1
-2
1
0
1
-1
0
-1
1
0
1
-1
1
3
-1
0
1
-4
4
-2
2
-2
-2
1
1
-5
7
-3
-1
3
-3
2
-2
0
-2
2
0
1
12
19
-42
9
15
-66
-104
253
238
-560
145
75
83
-70
-29
-46
109
124
-320
-379
993
-429
-201
75
50
42
41
-169
81
-3
2
-5
0
-1
-7
1
1
0
0
-7
-1
4
-1
-2
-2
-2
2
-3
4
-6
2
-1
2
-2
1
2
-1
1
0
0
-1
-1
-1
0
-1
-2
2
-4
-5
13
-9
0
-1
-3
-1
1
-1
1
-1
0
-1
0
-1
-1
1
2
-8
13
-3
-5
2
0
1
0
0
-1
-1
0
0
1
-1
1
1
-3
3
0
2
-4
4
-3
2
-2
-1
0
0
4
0
-6
0
3
2
5
-6
0
0
-3
3
1
85
-167
44
45
54
79
-198
-423
995
-375
-317
132
114
-39
-43
-7
117
-23
-663
1243
-755
-249
412
39
-24
-300
106
240
-169
-7
3
7
-7
7
-11
1
4
-5
9
-16
6
-1
1
-5
8
-9
4
-4
0
-1
1
3
-2
1
-5
11
-4
2
0
0
-1
0
-1
0
-2
0
-2
-1
1
-4
4
0
-1
-8
6
-1
-1
-1
0
-1
-1
-2
8
-8
-1
1
5
-2
2
0
-1
0
-1
0
0
0
0
0
0
3
-5
10
-5
1
-3
2
1
-1
1
-3
4
-7
9
-4
1
-2
7
-14
10
-5
6
2
-10
9
-6
9
4
-2
-165
243
109
-295
-21
42
413
-246
-752
1246
-660
-17
122
2
-62
64
16
-235
116
582
-1222
1090
-399
-196
69
465
-635
292
24
-49
-7
5
-12
40
-49
6
23
-3
-20
-17
58
-63
20
12
-17
8
-5
7
-2
-3
1
2
-3
1
-5
14
-10
4
-1
2
0
1
-1
-1
-1
-2
-1
1
0
-1
1
-3
-4
7
-5
-4
3
-2
2
-2
3
-3
-5
8
-2
-2
3
-3
1
0
0
-1
0
0
0
0
1
2
-1
5
-10
15
-5
2
-3
4
1
-2
0
8
-5
9
-16
13
21
-62
60
-17
-19
-1
25
7
-48
41
-11
6
-6
-46
27
295
-632
468
72
-192
-397
1093
-1217
585
119
-227
22
72
-61
94
-126
-132
914
-1912
1989
-1201
408
140
-289
-33
483
-558
296
-113
13
-5
42
-56
1
69
-61
4
19
-63
85
-46
1
0
1
-4
8
-3
-5
3
2
-3
3
0
-4
8
-4
1
0
-1
2
0
-1
0
0
-3
3
-3
-2
4
-2
-6
-2
13
-17
10
-6
-1
4
-1
-5
10
-17
15
-2
-4
-2
5
-1
-2
3
-3
0
0
0
0
2
-2
2
0
-4
6
-3
0
5
-4
3
4
-5
-2
8
-2
2
0
2
-42
85
-59
20
6
-60
72
3
-55
44
-3
14
-109
300
-555
486
-31
-284
142
409
-1196
1991
-1908
916
-125
-121
102
-79
104
-215
431
-1048
1764
-1707
1193
-850
470
-122
-176
278
-266
265
-158
34
-5
-38
107
-112
25
27
-9
14
-104
185
-188
105
-20
-16
23
-18
16
-13
2
2
-5
12
-8
4
-2
0
1
-1
1
-3
3
-3
0
-1
-1
-1
-2
-1
-3
11
-17
9
-6
3
-6
3
-5
4
-4
6
-6
6
-5
10
-16
14
-3
0
-1
0
-1
-1
1
-2
5
-2
1
-1
3
-1
-2
4
-7
11
-4
3
2
-12
16
-18
23
-17
-19
106
-189
189
-104
16
-8
28
26
-112
108
-37
-5
35
-156
268
-264
280
-170
-120
474
-847
1195
-1703
1765
-1044
438
-209
112
-78
37
58
-260
847
-1215
518
10
-63
178
-133
237
-541
473
-228
104
-20
-11
-13
60
-142
119
-30
4
-36
103
-130
30
28
-11
-1
-8
12
-10
10
-4
-3
-5
13
-14
9
-5
2
0
-2
2
1
-2
-1
-1
1
-1
0
-1
0
-4
8
-15
13
-14
11
-6
-2
1
-3
2
-1
-5
12
-13
14
-14
9
-4
2
-1
2
-2
2
0
0
-2
3
2
-2
2
2
-5
9
-13
15
-4
-4
-2
10
-10
12
-8
0
-11
28
32
-129
103
-35
6
-29
121
-141
62
-13
-9
-19
108
-226
477
-537
240
-130
180
-61
13
521
-1210
849
-253
64
45
-56
-52
188
21
-564
259
620
-506
-211
421
-396
223
267
-321
-70
125
-41
13
-18
-12
57
-52
32
-19
5
15
-26
-25
49
-38
33
-21
13
-18
10
1
-6
4
3
-2
0
1
1
0
2
0
-1
1
0
-1
-3
1
2
-4
1
1
-6
3
-4
0
4
-5
-4
2
-1
3
-3
-4
5
1
-4
4
-5
2
3
-3
2
1
-2
-1
1
1
-1
0
2
-1
1
0
0
-1
3
4
-6
1
10
-16
13
-19
33
-37
50
-23
-25
17
6
-17
32
-51
59
-11
-17
15
-40
129
-66
-317
270
227
-392
424
-209
-501
624
262
-560
29
193
-44
-16
16
-55
-79
46
48
64
156
-224
-73
45
96
-174
148
-57
-2
5
-6
28
-42
21
1
-13
4
13
-40
46
-27
29
-41
13
1
-2
7
-1
-9
4
0
9
-9
1
2
-2
0
2
-1
1
-1
-1
2
0
-4
5
-5
0
0
0
-5
1
-3
-1
2
-1
-2
-1
0
-1
1
0
0
1
-3
1
2
1
-4
6
-2
0
2
0
1
1
-1
2
1
-1
1
1
-8
10
0
5
-8
0
8
-2
3
14
-40
29
-26
47
-38
13
3
-12
2
22
-40
28
-4
6
1
-54
152
-171
99
48
-70
-222
159
69
52
49
-72
-49
24
17
-14
-35
-44
102
-10
23
-31
-96
86
-57
81
-106
87
-31
-13
-2
7
-10
12
-14
2
-1
-4
1
5
-3
4
-12
3
-8
10
-13
8
9
-7
-10
8
5
-7
0
2
-1
0
1
-2
-2
1
0
0
-2
1
-4
2
-1
-1
-2
1
-5
5
-3
-1
2
-3
1
-1
3
-1
-3
5
-4
1
-1
0
1
2
-4
3
0
1
1
1
-1
-2
1
0
0
2
1
-6
5
9
-10
-6
10
9
-13
10
-7
5
-10
5
-2
7
2
-2
0
4
-13
14
-8
8
-1
-11
-27
91
-103
83
-55
89
-94
-29
26
-6
105
-35
-30
-7
0
5
-41
5
5
118
-257
154
-26
-6
48
-111
113
-87
36
-5
-4
2
-6
-16
20
-4
-5
3
-7
5
2
-9
2
3
0
-5
3
-7
7
-4
9
-11
8
-5
1
2
-1
1
3
-4
4
-3
-4
4
-2
2
-2
-2
0
-1
3
-1
-2
2
-4
1
-3
1
1
0
-1
2
-4
1
-1
0
3
-1
2
0
-2
4
-3
5
-3
-2
4
-3
3
2
0
1
1
-4
8
-10
9
-4
6
-6
3
-3
0
3
3
-8
3
6
-6
4
-4
-4
22
-14
-5
4
-3
-1
40
-84
116
-109
50
-1
-25
156
-253
123
9
12
-36
12
-11
14
-52
8
48
-70
53
-12
-19
-11
1
13
-23
24
-13
-3
-1
-4
7
-2
-4
0
-4
3
-1
2
-3
3
-8
-1
6
0
-1
-12
14
-3
-3
4
-6
4
0
-1
0
1
1
-2
0
-1
2
-2
-2
-4
2
-2
0
-1
0
1
-2
-3
3
-2
0
-1
1
0
0
-2
2
-2
-2
1
1
0
-1
0
3
-2
0
-1
3
-1
0
-1
2
1
0
0
0
5
-6
5
-2
-3
14
-11
-1
1
7
-1
-6
4
-2
3
0
2
-4
1
-3
-1
7
-3
0
0
-9
27
-20
15
4
-8
-18
-10
58
-65
51
16
-47
23
-4
-12
-1
-28
9
94
-168
131
-67
-3
22
4
-73
75
-29
-1
-1
-8
4
1
-3
-8
0
12
-14
0
1
6
-12
-4
13
-15
19
-24
19
-17
16
-6
1
-1
1
-1
0
4
-2
1
1
0
-1
-1
-1
-2
2
-1
-2
0
-4
3
-5
1
-2
0
-1
-2
-1
0
1
1
-1
3
-4
4
-3
1
0
0
2
-2
-1
0
-1
0
1
1
-2
4
0
-1
1
-1
2
-5
17
-17
19
-24
19
-14
14
-2
-11
7
2
-1
-12
14
1
-5
-2
3
5
-6
0
1
-25
79
-70
8
25
-1
-65
135
-165
98
11
-20
4
-3
6
-28
15
3
-21
27
-59
35
-30
24
14
-18
-42
55
-33
15
-10
-6
7
8
-16
-6
19
-17
8
-6
6
-12
12
-4
-9
-1
13
-13
-4
9
1
-4
1
1
1
0
3
2
-2
2
-1
5
-6
3
-4
6
-8
3
-1
-1
1
-3
-2
-1
2
-2
-2
-1
0
0
-1
-1
3
0
-1
-1
2
0
0
4
-6
6
-5
3
-5
4
-2
2
-2
0
2
-1
1
2
1
-4
1
10
-4
-12
13
1
-7
-4
13
-11
8
-6
10
-16
20
-5
-16
9
8
-5
-9
17
-29
57
-39
-15
17
27
-27
38
-55
30
-17
11
20
-20
3
-25
14
5
-12
-11
-10
-9
25
-3
-19
15
-6
2
-24
7
-1
-8
13
-10
4
1
-6
8
-7
-4
-3
8
-14
16
-8
-6
3
1
-2
1
1
-4
4
-2
2
-3
2
-2
1
3
-8
9
-9
3
1
-9
6
-2
-1
-3
1
0
-3
-4
6
-4
1
-3
2
-2
2
-4
7
-2
-4
1
2
-2
1
-2
7
-8
2
4
-8
11
-8
5
2
-1
2
-2
2
-1
3
-4
2
0
-1
1
3
-6
-7
16
-13
11
-2
-3
-6
9
-5
3
5
-9
14
-7
0
9
-20
7
-3
18
-17
1
27
-6
-6
-7
-9
12
19
-17
-5
-12
-17
16
-22
92
-133
64
-23
6
-16
28
-38
9
5
-7
2
-11
9
-3
-3
-4
3
-5
0
4
0
-9
10
-9
5
-5
-3
-5
3
8
-8
5
-3
-3
5
-2
1
-1
2
-6
4
3
-7
2
-3
0
0
-1
-1
-1
0
-2
0
-5
4
-2
0
0
0
0
0
-2
4
-4
1
-1
1
0
1
-1
1
1
-2
3
-6
2
4
-6
3
-1
2
-1
5
-2
-4
4
-7
9
3
-4
-3
-3
7
-8
10
-7
1
4
0
-4
3
-2
-1
-1
11
-11
3
-5
10
13
-35
30
-13
8
-22
69
-130
95
-20
23
-11
-3
-8
-1
-15
-4
23
-68
62
-55
46
-16
-4
7
-18
-2
2
-7
4
1
-6
-7
17
-13
3
-7
4
-5
3
1
-12
2
8
-6
6
-8
2
-7
5
8
-9
5
-3
1
0
-1
1
7
-12
8
-5
0
-3
4
-4
-3
2
0
-2
-2
2
-5
3
-2
-2
0
-1
1
-1
-3
4
-4
3
-1
-2
0
4
-3
-2
4
-2
1
-4
8
-12
7
1
-2
-1
2
-2
6
-10
7
5
-5
2
-7
6
-5
9
2
-11
3
5
-5
5
-6
3
-12
18
-4
-6
2
5
-4
5
1
-14
10
-1
-14
48
-52
68
-65
27
5
-9
7
-10
-2
-8
5
-43
55
-39
0
12
-10
-7
12
-21
1
11
-11
1
-11
9
-9
15
-15
5
2
-8
8
-9
2
-1
-3
9
-7
1
-8
2
5
-3
2
-3
2
3
-2
0
3
1
-3
0
4
-6
1
0
-3
5
-5
2
-1
-1
-5
4
-1
-6
2
0
-3
1
-2
0
1
-4
0
5
-3
0
0
2
-3
5
-3
0
2
-5
5
0
-3
1
3
-1
-2
3
1
-4
2
-2
6
3
-8
1
-6
10
-3
0
3
-8
9
-6
4
7
-15
16
-7
10
-11
2
-8
16
4
-17
14
-4
-6
14
3
-36
59
-39
11
-3
7
-7
-7
-6
8
-35
27
3
-34
17
-13
15
-25
16
-6
-7
1
-7
10
-11
-4
7
-7
0
-4
1
4
-5
-6
15
-15
-3
7
-4
3
-3
-2
4
1
-3
5
-10
8
0
0
-3
5
-5
5
-4
-1
-2
6
-10
4
-1
2
-4
2
-4
2
-2
0
-2
1
0
0
-1
0
-2
4
-4
2
-4
3
0
4
-10
7
-3
1
-3
6
-5
6
-3
-1
1
8
-10
5
-3
1
5
-2
-3
3
-4
8
-2
-13
16
-4
-4
5
2
-1
2
-5
8
-1
-10
13
-6
5
-5
-3
18
-22
19
-10
19
-29
7
31
-33
16
-1
1
-7
-6
-6
-9
4
-21
36
-33
10
-10
2
-10
11
-8
-8
-5
14
-12
-7
4
4
-8
4
5
-11
3
-1
-2
-1
1
3
-6
-3
5
-4
1
6
-8
6
-1
3
-6
2
1
2
1
1
-1
-1
0
-2
4
-4
0
-3
-1
0
-2
2
-3
-3
2
-2
-1
-1
1
-2
4
-3
-2
3
-3
1
1
-3
1
-3
3
-1
1
0
0
1
0
2
0
3
-5
3
0
5
-8
6
2
-3
6
-3
-5
4
3
-1
-1
0
3
-10
6
3
-7
5
5
-5
-11
15
-2
-5
-5
13
-5
4
-8
12
-29
41
-17
6
0
-1
1
-3
-5
-14
-21
50
-53
16
13
-8
8
-30
-28
12
-17
52
-17
0
-3
-12
0
3
2
-15
8
3
-10
0
7
-17
9
1
-1
-3
-2
4
-14
5
4
1
-1
3
-3
-4
4
-1
1
-2
-1
-1
-1
-1
1
0
-3
0
-3
3
-4
0
-2
1
0
-1
-2
-2
-1
0
0
2
-1
1
-4
4
-2
2
-1
1
1
0
0
0
0
-2
1
0
4
-4
-4
3
0
1
5
6
-14
4
0
-3
0
3
10
-16
8
1
-10
4
10
-13
4
5
1
-10
-1
1
-13
56
-13
16
-24
-27
10
-6
17
20
-51
52
-15
-8
4
-26
-4
27
-36
4
2
-16
3
-3
-3
-26
-9
98
91
-240
55
17
-4
7
-12
9
0
-2
-3
6
-16
3
5
2
-2
-12
9
-5
3
-3
2
9
-14
3
4
-2
-1
2
0
-5
6
-3
4
-4
-1
-3
2
1
-2
1
-4
-1
-1
-1
1
0
0
-5
3
-3
4
-3
0
0
2
-1
-1
1
-3
3
-1
1
2
-1
0
-3
3
-3
6
-5
1
1
-1
-1
4
4
-14
10
2
-2
4
-5
9
-12
-1
3
6
5
-14
7
-3
1
1
9
-10
9
-2
18
58
-237
95
100
-7
-24
-1
-1
7
-12
3
7
-28
31
4
-45
79
-229
276
-140
15
-8
-2
-7
4
-15
60
-208
297
-198
58
-18
1
7
-16
5
8
-9
1
-2
-5
4
0
-20
27
-9
-16
11
0
0
-1
-1
-3
1
-5
8
-4
0
3
-3
0
0
2
0
-4
6
-4
-3
-2
4
-3
-5
6
-7
-1
3
-5
0
0
-1
1
1
-5
4
1
-6
5
-4
-1
5
-1
-2
-4
6
-4
1
2
0
0
-3
2
0
-3
8
-4
3
-2
0
0
1
1
11
-14
-8
27
-18
2
5
-3
-1
3
-6
9
6
-15
8
3
-17
62
-194
299
-205
64
-13
7
-5
2
-3
19
-136
284
-224
87
-64
116
-320
373
-114
-85
34
-2
-4
-7
-6
30
-19
-14
-18
35
-25
5
10
-11
-3
8
-7
-4
9
-9
0
2
-15
24
-14
0
-1
12
-26
14
7
-14
11
-8
7
-1
1
-4
5
-4
3
-1
1
-6
0
7
-6
0
-4
0
0
6
-14
4
0
1
0
-1
0
-1
0
1
1
6
-14
7
1
0
-3
2
-5
9
1
-5
2
-2
3
-3
5
-4
0
-2
7
-9
10
-13
8
15
-26
12
-1
1
-14
26
-15
3
-1
-8
11
-3
-6
10
-3
-10
12
5
-24
38
-15
-11
-17
32
-2
-3
-2
3
37
-81
-112
380
-315
123
-76
188
-470
484
-218
44
-8
-15
1
7
-14
1
-35
72
-59
21
-13
-6
6
5
-7
10
-15
4
12
-31
20
7
-10
-4
-3
1
9
-12
4
-2
7
-2
-6
3
0
2
-3
5
-2
0
3
-2
-3
2
0
-3
0
1
0
-5
-3
17
-28
22
-17
4
6
-7
5
-7
9
4
-16
24
-27
17
-2
-4
0
1
1
-1
1
5
-2
-2
3
0
-1
5
-3
2
0
4
-8
-1
8
-1
5
-12
9
1
-2
-3
-9
8
21
-31
13
5
-12
10
-6
6
7
-4
-12
25
-55
76
-33
4
-11
11
3
-11
-4
48
-215
490
-464
195
-96
179
-301
242
-146
74
-47
24
-10
-9
-2
14
-7
-19
20
-19
21
-39
24
-11
8
3
-13
6
-16
36
-43
25
-5
-22
30
-14
-7
2
22
-17
-2
0
1
-1
5
-3
-1
1
-1
2
3
-4
-1
-1
0
2
-3
-8
23
-14
-25
48
-55
46
-18
-4
7
-5
3
-5
7
-5
-18
47
-54
47
-24
-14
24
-6
-2
2
1
0
0
-3
3
1
-1
1
-1
-1
5
-1
1
0
-1
-17
22
2
-7
-14
30
-21
-4
25
-41
36
-14
8
-12
5
8
-9
24
-37
22
-16
23
-17
-4
17
0
-5
-8
28
-43
79
-142
250
-295
188
-71
73
55
-235
187
-102
19
8
-4
1
0
-8
-11
17
-4
-29
29
-19
4
-13
24
-18
8
-11
2
-16
48
-48
5
4
9
-5
4
-10
-3
10
-8
2
2
-2
6
-7
5
-7
4
1
-3
3
-4
7
-8
2
4
-15
29
-43
39
-26
1
13
-8
-1
-4
5
-8
5
-3
0
-7
14
1
-25
39
-41
30
-15
4
2
-8
7
-3
3
-3
2
4
-5
6
-7
6
-1
2
2
-8
11
-3
-9
4
-5
10
6
5
-46
48
-14
3
-9
9
-17
25
-13
6
-16
30
-24
0
21
-8
-5
2
4
-3
12
23
-98
190
-227
59
81
-66
-33
303
-417
166
-20
14
-7
-5
-6
3
10
-37
21
5
-21
17
-18
22
-31
28
-25
11
8
-24
23
-24
20
-17
16
-14
5
4
-14
18
-18
15
-9
2
-3
4
-4
4
-9
5
0
0
4
-5
0
-1
-5
6
-1
-10
16
-50
93
-81
12
23
-13
-1
-1
4
-1
1
-12
24
13
-81
95
-49
17
-9
0
7
-4
1
2
-4
4
1
0
5
-7
4
-4
4
-2
3
-8
15
-18
19
-13
4
5
-13
17
-16
20
-23
25
-24
9
13
-22
30
-30
24
-18
18
-19
9
23
-33
15
6
-3
-3
-4
18
-16
170
-410
307
-25
-21
-120
207
-79
-51
32
13
-22
2
-7
2
-2
0
-8
0
-11
11
-12
5
6
-20
4
1
-3
30
-43
16
12
-29
35
-23
-21
33
-19
14
0
-13
11
-5
5
-2
-4
4
2
-3
-1
1
1
-2
-4
4
0
-6
-1
3
-27
37
2
-34
15
3
-9
3
0
0
0
3
-8
3
15
-34
4
38
-26
5
-1
-6
2
5
-3
-1
1
3
-1
-3
3
5
-4
-2
5
-6
11
-12
1
13
-19
33
-20
-22
37
-29
12
17
-42
31
-1
1
6
-19
7
5
-9
12
-9
4
-5
4
2
5
-3
4
-18
16
35
-48
-70
212
-111
-24
-13
10
17
3
-14
-16
-4
5
-1
-6
-4
1
0
-5
-5
1
0
-2
-3
-1
1
-3
-3
-1
0
-2
-2
2
3
-2
-6
-4
1
3
1
0
0
0
-1
-1
1
0
-1
0
0
0
0
0
-1
-2
-2
2
3
-1
-7
-2
5
5
-3
-6
-1
3
0
-3
1
3
-1
-6
-2
5
5
-1
-5
-1
4
2
-2
-2
-1
1
0
0
0
0
-1
1
0
0
-1
1
1
0
2
3
2
-4
-6
-1
4
4
0
-1
1
0
-2
-1
1
1
-1
0
2
2
-1
-1
4
4
0
-3
2
6
0
-12
-11
7
23
15
-8
