1
-12
-2
-7
1
-1
-11
-4
9
-12
1
-3
-6
0
-2
-4
-4
7
1
-14
6
-2
-4
3
-3
-2
2
-1
1
-2
-1
0
3
-5
2
-3
1
-1
0
2
-4
-1
1
2
-1
0
-2
-1
3
0
-10
11
-10
7
-8
1
0
-3
0
-2
-2
-1
-1
0
-1
0
0
0
0
-1
1
-1
1
3
-8
8
-9
12
-9
1
4
-1
-1
2
-1
2
1
0
-5
4
0
-1
2
-1
1
-5
3
0
0
-2
1
-1
2
-3
-2
6
-2
-1
7
-12
1
9
-3
-1
1
3
-2
1
4
-8
11
1
-7
3
4
-1
3
-5
-21
8
-6
-30
12
30
-36
-8
5
-3
-14
10
4
-5
-25
19
-23
27
-13
-1
0
-6
0
0
3
-6
2
-3
3
-1
-2
-1
2
-1
-1
0
1
4
-2
-2
-1
3
0
-1
-6
11
-7
0
-1
5
-10
6
-7
6
-6
3
-2
0
-1
-1
-1
-1
0
0
-1
0
0
0
0
1
0
1
-2
3
-5
7
-7
6
-9
6
0
1
-6
12
-6
-1
0
3
-1
-1
-1
3
1
2
-1
0
2
0
-1
0
4
-4
2
-5
5
-1
1
-3
2
0
-11
27
-22
23
-23
-1
8
13
-11
2
7
-2
-32
34
16
-22
-1
17
-3
-15
39
-55
130
-286
266
-180
53
-2
7
-10
22
-21
18
47
-117
73
-42
41
-39
19
-7
2
-5
5
-1
-1
-3
0
0
0
1
-2
0
-1
4
-2
3
-7
5
-5
8
-1
-1
8
-14
10
-17
13
-5
-3
-2
3
-2
1
0
0
-3
0
-2
0
-1
-1
0
-1
0
1
-1
1
-3
1
1
1
-1
4
-1
-2
-4
14
-16
11
-13
8
-1
-3
9
-5
6
-7
3
-2
3
-1
0
-2
1
0
1
-1
-3
1
1
6
-4
3
-5
21
-39
41
-41
76
-116
51
21
-19
25
-7
11
2
55
-175
269
-282
134
-48
42
-7
-20
6
-33
15
185
-345
57
192
-131
149
-186
44
91
-76
-141
174
6
-68
8
25
-16
0
10
-24
17
-9
2
-1
-2
0
-1
-3
4
-8
14
-15
18
-7
-12
19
-6
-19
17
24
-37
5
12
7
2
-30
0
38
-28
-4
11
-3
-7
4
-1
-4
0
-1
-1
-1
0
0
0
-1
2
-2
-1
6
-6
-2
14
-3
-28
40
2
-29
3
7
11
5
-38
25
16
-19
-7
19
-11
-7
19
-15
13
-7
4
-2
-1
1
-1
-1
2
-8
18
-23
11
1
-15
27
9
-67
7
177
-138
-74
95
48
-183
152
-129
196
59
-342
188
23
-27
13
-10
-5
-14
-18
118
-204
-334
1009
-632
20
7
26
-37
-124
414
-354
101
-48
17
47
-67
61
-52
39
-29
8
-4
-2
3
-1
-4
0
-1
4
-15
14
4
-19
14
0
-3
-6
36
-41
0
30
-41
61
-53
17
-5
4
-2
-8
9
-6
4
-7
2
-3
1
-1
-1
0
-1
1
-1
-1
2
-3
4
-6
6
-5
11
-6
-1
6
-4
18
-52
61
-40
30
0
-42
36
-6
-3
0
14
-19
4
15
-13
4
-1
0
-4
-1
3
0
-3
9
-28
41
-51
63
-66
47
18
-45
102
-351
418
-121
-34
29
10
24
-629
1012
-331
-199
121
-12
-9
4
-18
-15
48
-26
-162
185
-414
793
-462
106
-74
-188
247
-237
352
-142
-45
-13
-64
96
-40
39
-25
-32
33
-11
-4
2
0
3
-11
5
-1
1
-19
30
0
-25
13
7
-14
-2
3
-14
52
-50
32
-27
35
-50
24
3
-7
7
-3
-7
5
-5
5
-8
3
-1
-1
1
0
1
0
-1
4
-8
7
-3
6
-6
-4
8
-8
4
23
-49
36
-26
32
-49
53
-14
3
-2
-14
8
14
-23
-1
31
-17
2
-1
4
-10
4
1
2
-3
-10
35
-32
-23
40
-39
96
-62
-12
-44
-138
355
-235
250
-185
-72
110
-459
796
-410
189
-158
-18
52
-8
-9
5
-40
19
45
-56
-472
946
-407
-280
207
145
-202
-144
431
-126
-397
299
86
-158
8
76
-27
-37
28
-2
-5
-3
5
-8
9
-11
7
-3
-9
23
-11
-18
25
-10
-9
28
5
-71
61
17
-30
-26
21
2
18
-29
11
6
-8
5
-4
-8
8
-1
-3
2
-1
-1
0
-1
-1
1
-3
1
8
-7
-3
6
-7
6
11
-28
19
2
22
-25
-30
17
61
-70
5
29
-9
-10
24
-16
-10
22
-8
-3
7
-11
10
-8
6
-1
-4
-2
29
-37
-26
78
8
-157
88
298
-396
-123
435
-140
-198
148
208
-275
-404
949
-468
-53
48
26
-35
14
-10
6
-32
17
74
-70
-703
1175
-354
-257
260
-270
224
-471
532
154
-571
326
-220
156
6
-37
35
-61
39
-17
5
1
-3
-7
5
-2
1
-9
2
15
-13
5
10
-20
24
-52
46
18
-28
2
-8
-27
56
-24
8
-6
-2
5
-9
4
-7
13
-10
1
-4
1
0
-1
0
-1
0
1
-3
3
-9
14
-6
5
-8
6
-1
-6
8
-25
57
-26
-8
3
-27
19
45
-53
25
-19
10
4
-12
16
1
-9
1
-1
6
-5
-2
0
7
-16
40
-59
36
-37
8
159
-218
327
-570
157
534
-469
227
-268
262
-252
-351
1177
-699
-65
78
25
-28
15
-15
-14
38
-16
-91
175
-504
679
-301
4
-139
214
-259
625
-754
645
-512
218
-142
145
-156
101
-3
-5
-6
3
8
-10
0
6
-6
0
-2
6
-2
-24
36
-2
-28
26
-19
18
-50
40
-2
16
-51
79
-55
32
-26
21
-30
12
-2
-11
11
-5
2
-2
0
-3
0
0
1
-1
1
-3
2
0
2
-4
12
-11
0
12
-29
22
-25
33
-54
79
-52
18
-2
42
-50
18
-18
28
-29
-1
36
-22
-2
6
-2
1
-6
7
0
-10
9
2
-4
-5
-2
102
-155
147
-141
220
-511
649
-752
628
-256
216
-136
8
-298
682
-500
178
-88
-8
42
-6
-7
-26
28
-36
-10
-146
864
-1042
513
-332
-28
288
4
-228
356
-700
541
-70
-21
75
-126
26
23
-3
5
-15
0
0
-3
3
-4
2
1
-14
10
-3
12
0
-16
3
2
7
-8
-23
75
-75
44
2
-95
116
-76
48
-5
-21
6
1
1
-3
0
-7
5
-2
0
0
0
0
0
-2
6
-5
0
0
1
2
7
-21
-4
49
-75
118
-94
3
45
-74
75
-24
-8
7
3
3
-15
1
12
-3
11
-14
1
4
-3
4
-2
1
1
-13
6
-3
25
27
-126
76
-20
-69
542
-696
358
-224
7
292
-25
-328
515
-1039
868
-141
-7
-30
33
-19
-20
8
-18
-24
126
39
-609
487
228
-340
-53
226
267
-785
386
127
-150
57
-22
25
-36
25
-17
-14
27
-12
4
-6
4
-7
-1
-2
0
8
-24
27
-9
-1
-7
18
-28
41
-26
17
-21
-26
-3
120
-100
-57
121
-35
-26
-2
17
-3
-11
3
8
-5
-4
4
-2
0
0
0
-1
4
-4
-5
8
3
-10
-2
17
-3
-26
-35
122
-56
-99
120
-2
-27
-21
17
-26
42
-28
20
-8
-2
-8
27
-23
9
0
0
1
-5
5
-4
6
-12
27
-12
-16
27
-36
27
-21
58
-149
130
389
-780
270
229
-51
-336
229
491
-605
43
129
-17
-13
17
-1
9
-56
69
-191
-8
651
-529
-405
603
-116
-93
248
-397
11
328
-129
-168
87
122
-106
12
9
-24
24
-8
-2
-5
6
-5
-3
0
7
-27
57
-60
25
5
-5
0
-14
34
-29
39
-98
95
5
-58
-24
122
-81
-8
4
13
-15
16
-13
-1
8
-7
-1
1
0
0
-1
-1
0
1
-1
-6
8
1
-11
16
-13
14
4
-8
-79
123
-23
-57
5
95
-99
39
-28
34
-14
1
-3
5
25
-60
57
-27
7
1
-2
-4
7
-3
-1
-6
25
-22
11
13
-105
123
89
-165
-128
330
14
-395
252
-90
-113
604
-403
-527
654
-4
-187
76
-50
18
-13
18
-43
42
-37
196
-771
719
183
-434
93
21
-438
802
-222
-363
274
-186
97
26
-3
0
-25
-1
1
-1
7
-7
2
-6
5
-4
9
-23
39
-38
10
2
-5
14
-9
4
16
-48
67
-68
-1
85
-56
12
5
-47
36
-11
5
1
-8
5
-9
-1
9
-5
-1
0
0
0
-1
-5
10
1
-8
6
-8
4
7
-10
38
-47
7
14
-55
86
0
-66
66
-47
16
3
-8
15
-4
2
11
-37
39
-22
9
-4
6
-4
2
-6
8
1
2
-1
-22
0
-3
27
98
-184
275
-359
-219
805
-435
24
95
-430
185
721
-767
198
-34
49
-37
26
0
-2
-23
-22
85
-53
-34
138
-335
295
-146
61
-1
-94
355
-346
43
16
-35
66
-54
56
-38
33
-25
0
2
-4
-4
6
-2
-2
-1
-14
13
2
2
0
-9
3
7
-4
-10
13
-27
11
22
-29
41
-5
-56
55
-40
21
-14
10
-4
1
-1
-1
4
-6
1
-1
1
0
1
-5
5
0
-1
2
-4
13
-14
22
-39
55
-55
-4
42
-30
23
12
-26
14
-8
-3
8
3
-8
1
2
2
13
-14
-1
0
-1
7
-2
-3
3
0
-24
35
-36
55
-53
67
-33
18
44
-342
358
-90
2
64
-142
298
-333
142
-30
-49
88
-15
-19
5
-18
-9
2
-58
90
-321
807
-592
-95
188
-76
57
27
5
-446
598
-297
185
-207
182
-49
-35
-9
14
-6
0
0
0
-1
-4
3
-3
-8
33
-34
9
15
-12
-8
1
6
8
-6
-17
43
-69
64
-48
80
-79
26
-6
-11
18
-10
1
2
-3
-2
2
-4
2
-3
-1
0
0
-1
3
-3
3
-1
-2
3
2
-11
19
-11
-4
27
-77
81
-46
64
-68
43
-17
-7
7
6
1
-6
-11
15
10
-34
34
-8
-4
3
-4
0
1
-1
2
-4
15
-8
-35
-48
184
-206
185
-296
601
-444
7
30
60
-73
192
-93
-588
810
-318
93
-51
7
-1
0
-34
36
-48
35
-144
315
-435
482
-360
295
-298
155
-197
421
-397
206
-159
125
-132
162
-132
47
-19
15
-2
-5
6
-3
-2
0
-1
8
-23
3
12
7
-6
-5
2
2
-3
2
-4
2
-4
1
11
-21
3
9
23
-27
1
-3
-2
9
-11
5
-9
6
-4
0
-1
0
0
0
-3
8
-8
8
-11
9
0
-2
3
-27
23
9
4
-20
11
1
-4
3
-3
3
-5
3
3
-4
-5
8
11
4
-22
8
-1
1
-2
-2
7
-5
0
17
-18
48
-132
162
-130
126
-157
207
-392
424
-194
157
-295
297
-355
483
-431
318
-142
39
-41
41
-25
-18
-26
66
0
-81
329
-803
537
82
9
-422
484
-487
444
-355
282
-87
-13
38
-44
-21
27
6
-23
15
-9
-2
6
-3
0
-2
0
-2
12
-26
28
-12
1
0
0
1
5
-3
6
-25
26
-11
5
-16
24
-8
-4
-12
10
1
-6
2
-6
-1
0
0
-2
-1
0
0
0
0
-1
1
2
0
-5
3
-4
4
11
-11
-3
-6
24
-15
5
-10
26
-25
6
-3
5
1
-1
1
-1
-13
30
-26
13
-2
1
-1
1
-3
6
-1
-9
16
-21
6
29
-20
-43
39
-12
-86
285
-352
446
-483
487
-420
13
85
540
-798
333
-77
8
70
-18
3
-36
41
21
-128
224
-251
161
-218
155
90
-212
230
-160
103
-92
-16
69
-96
90
-30
6
-8
3
-10
6
-5
1
-2
-1
3
-2
-2
5
1
-7
2
2
-1
0
1
1
1
-1
-3
4
-4
6
-6
-3
10
-11
9
-9
-1
3
-3
-2
1
-2
-1
0
-1
-1
0
-1
1
0
1
-1
2
1
-2
3
0
-7
9
-10
11
-3
-5
6
-3
4
-4
-1
1
1
2
0
-2
3
3
-5
2
5
-2
-2
2
-1
-1
2
-4
8
-9
5
-5
7
-29
92
-96
71
-15
-89
106
-156
233
-210
92
158
-216
165
-247
226
-125
28
46
-26
-13
-21
28
-18
-6
-28
47
-28
14
-25
0
17
-39
26
-14
8
-9
6
1
-12
14
-14
2
-3
2
-1
-2
-3
-1
1
-3
0
-5
12
-7
-5
7
-2
-2
2
1
-4
7
-5
-1
5
-4
-2
4
-2
-5
1
1
-2
-1
0
0
-2
-1
-2
-1
-1
-1
-1
0
0
-1
0
0
0
-1
0
1
-1
0
-2
2
2
-5
-1
5
1
-4
4
0
-4
6
-3
1
2
-1
-1
7
-6
-6
13
-5
0
-1
1
0
-2
-1
1
3
0
4
-13
15
-11
2
6
-8
12
-11
29
-36
18
4
-22
16
-24
52
-24
-3
-11
34
-13
-7
-8
4
-11
-8
-6
19
-33
24
-17
9
-16
20
-27
-1
20
-28
15
-2
-4
-1
-6
3
-3
3
-2
0
-2
0
-2
0
-1
2
-6
4
-2
-1
0
1
-1
-1
-1
0
1
2
-5
-1
7
-9
2
-3
1
1
-1
-2
0
-1
-2
-1
-1
-1
-1
-1
-1
1
0
-1
0
1
1
0
0
0
1
-1
-1
2
1
-2
2
-8
8
-1
-5
3
2
0
0
-1
0
2
1
0
-1
5
-6
2
-1
1
-1
1
-1
1
-1
3
-3
6
-5
-1
-3
-1
17
-27
24
2
-24
23
-14
11
-13
26
-30
23
-2
-5
-3
9
-2
-12
-2
-3
-6
-8
28
-74
51
-25
16
-16
-1
17
-22
14
-16
5
-7
-3
4
5
-9
-1
3
-2
1
-3
2
-2
1
-2
-1
-2
-2
4
-2
1
-1
-1
0
3
-1
1
-1
2
-2
4
-5
2
-2
3
-1
0
-2
1
-1
-1
0
-1
0
-2
0
-1
-2
0
0
0
1
-1
1
0
0
0
-1
3
-2
1
-1
2
-3
3
-4
4
-1
2
1
0
-1
3
-1
-1
0
2
-2
5
-1
-2
1
-1
2
-2
2
-2
3
-1
4
0
-7
5
5
-2
-6
6
-13
18
-19
20
1
-13
20
-23
54
-71
31
-4
1
2
5
-7
-9
-4
0
-15
13
-8
-10
7
-9
2
5
-31
24
-27
30
-15
-1
-3
4
-3
-7
5
0
-5
2
-1
-5
4
-2
0
0
-6
5
-3
0
2
0
-1
2
0
3
-3
0
3
-2
1
0
-3
1
-2
-1
-1
-1
-1
0
0
-1
-2
0
-1
-1
-2
0
0
-1
0
1
-1
1
0
0
1
1
0
0
0
1
-2
4
-2
1
0
0
3
1
-3
2
1
1
0
0
2
0
-3
6
-6
1
0
-1
5
-4
1
2
-4
3
6
-6
-3
6
-3
-1
-14
33
-25
27
-28
9
4
-5
9
-8
-5
16
-12
7
0
0
-6
-5
-6
-3
-12
1
8
-12
1
-2
1
-8
-2
3
-5
-4
-3
-1
4
-6
0
-3
3
-1
-3
-1
1
-2
-2
1
-1
-2
2
-2
1
0
1
-1
1
1
-1
2
0
0
2
-2
0
2
-1
-1
-3
2
-4
-2
1
-1
-1
-1
-1
-1
-1
-1
-1
-2
-1
0
0
0
-1
0
0
0
0
1
2
0
-3
2
-1
0
0
2
1
-2
3
0
2
1
-1
2
1
-1
1
1
2
-1
2
-2
0
0
-1
-1
2
1
-2
-1
4
-2
1
-4
5
0
-2
0
-2
6
1
-4
3
1
2
-9
12
4
-9
5
-1
2
-15
-1
-9
0
-11
-2
14
-21
5
-3
-6
0
4
-7
-7
2
-3
3
-3
1
-6
7
-5
-3
2
0
-2
-2
-2
2
-5
2
0
-6
4
-1
-1
2
-1
-1
2
-3
5
0
0
-1
-1
2
-3
0
0
-1
-2
-1
0
-1
-1
-1
0
-2
-1
-2
-1
-1
0
0
0
0
0
0
1
0
0
-1
1
0
-1
1
0
1
-2
2
0
1
1
0
4
-4
2
-2
-2
2
-1
-1
5
-5
0
3
-5
3
0
0
-1
-1
2
-1
-3
9
-6
2
-2
4
-2
4
-4
-5
7
3
-3
0
7
-17
19
2
-8
7
-3
7
0
-10
-4
-5
0
7
-38
21
-1
-4
-4
3
-13
4
-12
8
-2
-5
2
-2
-4
4
-5
-2
-1
-1
1
-4
-1
0
-2
-2
-2
3
-2
1
-3
3
1
-3
3
-3
2
0
0
1
0
-1
-1
-2
1
-1
1
-1
0
0
0
-1
-2
1
-1
-1
-1
-1
0
0
0
1
-1
1
0
0
0
1
0
-1
1
-1
1
-1
0
0
0
0
0
0
2
-2
3
-2
1
1
-2
2
-2
3
-2
1
-1
1
0
-2
2
1
0
-1
-2
5
-4
-1
3
-4
-1
10
-8
8
-11
6
-1
0
1
23
-35
11
2
2
0
-2
-17
-2
-3
-5
-5
10
-28
8
-5
-1
0
-9
11
-14
7
-7
1
-4
-1
1
-2
0
0
-2
-2
0
-3
1
-4
0
0
-1
-2
2
0
-2
0
2
-3
1
-1
3
-5
3
0
1
-3
2
-3
-1
0
-1
-1
-1
-1
-1
0
-1
-2
-2
-1
0
-1
-2
0
1
-1
0
0
0
-1
0
1
0
-1
2
-1
-1
2
0
-2
3
-2
1
1
3
-5
5
-1
2
-2
2
1
-1
1
2
-2
0
1
0
-3
2
-2
3
0
0
0
1
-2
3
0
-3
2
-4
11
-12
14
-5
4
3
-3
12
-24
14
-1
2
1
5
1
-12
0
-10
-1
2
-16
6
-3
-6
2
0
-10
4
-10
4
-4
0
-2
1
-1
0
-7
7
-6
-1
0
-1
-2
-2
-1
-1
0
2
-2
1
1
-1
1
-2
1
-1
2
0
2
0
-1
3
-2
0
-2
0
-2
0
0
-1
-2
1
0
-1
-1
-1
-1
0
0
0
0
0
-1
0
0
2
-1
0
1
1
0
0
-2
1
-1
4
-1
0
3
0
1
1
1
-1
1
-1
1
2
-1
3
0
0
0
-1
0
1
1
-1
-5
10
-6
1
0
2
0
0
-3
7
-8
7
-6
3
5
-3
-1
10
-12
6
2
-3
5
-4
-14
-5
-3
-1
-6
-3
5
-11
-2
-1
-2
1
-5
-4
0
-5
1
-4
3
-4
-1
0
-1
-3
1
-2
-2
0
-3
0
1
-2
-2
-1
-1
1
1
-2
0
1
0
0
0
1
-2
3
-2
0
0
-2
-2
1
-2
2
1
-3
-1
-1
-1
0
-1
-1
-1
-1
0
0
-1
0
1
0
1
0
1
-1
0
2
-2
1
0
-1
1
1
-3
2
-3
0
0
0
1
2
0
-1
1
2
-1
0
-2
-2
2
0
-2
1
0
-1
2
-3
0
3
0
-3
3
-2
1
-2
3
-2
-1
4
1
1
0
-9
9
1
-4
7
2
3
-1
-9
-7
1
-6
-1
-5
-3
0
-2
-2
-2
1
-3
-7
2
1
-4
1
-3
0
-2
4
-6
0
-2
1
-3
1
-2
-3
2
-4
3
-3
1
-3
3
-1
-1
1
0
-1
0
2
-2
-1
0
-1
0
0
-1
0
-1
-1
-1
0
-2
-1
-1
0
-1
-1
0
0
0
-1
0
0
0
1
-1
1
0
1
1
0
0
1
-1
0
-1
0
0
2
0
-1
1
1
0
0
2
-2
3
-2
4
-4
4
-1
-2
2
0
3
-1
0
-5
6
1
0
-1
2
-2
1
6
-5
1
4
-1
1
0
2
2
-2
2
-3
8
-2
-1
-18
1
-6
-3
-1
-8
-1
-5
4
-4
-2
-2
-3
-3
1
-6
0
1
-2
-1
1
-3
4
-6
-2
-1
0
-1
0
-3
1
-1
-1
0
2
-1
-1
3
-3
2
-1
-2
2
-1
-1
-1
0
-1
0
-1
-2
2
-5
1
-1
-1
0
-1
-1
0
-1
1
-1
0
0
0
0
0
0
0
-1
0
1
0
2
0
-3
3
-1
0
1
-1
1
-1
-1
0
4
-1
0
2
-3
3
-1
0
2
0
-1
-1
1
-2
1
2
0
0
-1
-3
5
-2
3
-1
-2
2
1
-3
4
1
0
-1
0
-2
5
-2
2
-3
2
2
-3
9
3
-13
0
-8
-2
-4
2
-7
-2
0
-1
-7
7
-11
-1
0
-4
1
-3
3
-2
-2
-3
6
-7
1
0
-5
4
-5
3
-3
-1
2
-1
0
0
-1
2
0
0
0
3
-2
3
-2
1
2
-3
0
0
-2
1
-2
1
0
-2
-1
-1
0
0
-1
0
-1
0
-1
0
0
0
0
0
0
-1
1
3
-2
2
-2
0
0
-2
1
1
-3
3
-2
2
-1
1
0
3
0
0
1
0
3
-1
-2
3
-5
5
-3
1
2
-6
7
-1
-1
-2
3
-3
2
-3
3
2
-7
11
-4
3
3
0
-3
5
0
0
-2
5
-4
-4
-4
-4
-2
-1
-1
-2
-4
-2
-2
-1
-1
-3
-3
-2
-1
-1
-1
-1
0
-1
-2
-2
0
-1
-2
-1
-1
0
0
-1
-1
-1
-1
0
0
0
-1
-1
-1
0
0
1
0
-1
0
0
0
-1
0
-1
0
-1
-1
-1
0
0
-1
0
0
0
-1
-2
-1
0
0
-1
0
0
1
0
0
0
0
1
0
0
-1
-1
0
0
0
0
0
0
1
0
1
0
0
0
0
0
0
0
-1
-1
0
0
0
0
1
0
-1
0
0
1
-1
-1
0
0
0
-1
1
1
-1
-1
0
1
2
0
-1
1
2
2
1
1
1
