-9
-5
-4
-6
-2
-3
-2
-6
3
-7
8
-14
-1
-4
0
-16
35
-44
33
-18
5
-2
11
-48
38
7
-31
27
-14
-1
-1
2
6
-11
0
5
0
-2
0
-1
4
-4
8
-5
-3
4
0
-1
-1
-2
3
-2
-2
-2
3
-6
2
-3
1
-1
0
0
0
0
-1
0
1
0
0
0
1
-3
3
-4
6
-1
-1
-3
3
-1
0
-1
1
5
-2
-6
8
-5
4
-1
1
-1
1
5
0
-11
6
3
-1
-1
-12
28
-29
9
39
-47
14
-1
6
-17
33
-43
36
-13
4
-1
2
-10
12
-4
5
-3
2
-1
2
1
1
4
-9
-6
-3
-7
-3
-13
20
-25
8
8
-34
17
-5
13
-15
-17
48
-46
14
33
-61
36
-68
87
-41
8
5
-5
-8
11
-13
2
5
-4
1
0
1
0
-2
3
-3
2
3
-3
-4
10
-8
5
-4
1
-1
-1
-2
3
-7
2
-2
2
-3
0
0
-1
-1
-1
-1
0
-1
0
0
0
-1
3
-1
2
-5
5
-2
1
-1
3
-3
5
-8
11
-4
-4
4
2
-3
3
-3
0
1
1
1
-3
5
2
-12
12
-7
-4
5
9
-40
89
-66
37
-60
34
15
-45
49
-14
-12
16
-2
20
-31
12
10
-22
23
-7
1
2
2
2
-9
-6
-4
-4
-7
8
-9
-24
35
-16
-17
8
5
-14
13
-40
49
-45
40
-16
-28
31
-2
-4
7
-30
66
-77
27
-16
11
6
-6
-2
5
-6
5
-2
-1
5
-2
-2
4
-3
3
-5
5
-7
5
-1
-5
3
-5
2
1
-4
0
0
-2
0
-2
0
0
-1
0
-1
0
0
-1
0
-1
1
0
-2
1
2
-4
5
-4
0
6
-6
6
-5
4
-3
4
-2
-2
5
0
-3
5
-6
6
-2
-6
5
10
-13
28
-76
67
-29
8
-1
1
32
-27
-15
41
-44
50
-37
16
-12
8
12
-14
-13
37
-20
-6
12
-4
3
0
2
-10
-4
-4
-6
-5
2
-4
-10
10
-12
8
-24
18
-9
-7
-13
24
-18
14
-8
3
-6
-24
40
18
-92
90
-43
4
-1
5
0
-3
0
6
-10
3
2
-2
-2
3
-2
0
1
-3
1
-1
-1
1
1
-3
-1
-2
-1
0
2
0
-2
-1
-1
-1
0
0
-1
-1
0
0
0
0
0
0
-2
0
3
0
1
-1
1
-2
1
2
-1
-1
1
-2
2
1
-2
3
-1
-1
3
4
-10
7
0
-3
-1
6
-1
4
-44
92
-91
19
41
-24
-4
4
-7
15
-16
25
-10
-3
-8
20
-19
11
-9
12
-6
0
6
-1
2
1
3
-10
-16
25
-14
-37
5
24
6
6
-42
-8
39
-30
1
-12
38
-20
-23
11
28
11
-122
83
20
-29
12
-18
21
-15
-2
-1
4
-1
2
-2
-3
5
-1
0
0
0
0
0
-1
2
2
-3
0
0
-2
2
-2
-1
0
2
-5
1
0
-3
-1
-1
-1
0
-2
-1
0
0
1
1
1
-1
2
2
-3
3
0
-1
-2
3
-2
1
0
-2
2
3
-2
1
1
0
0
1
-2
4
-3
-1
3
-1
6
0
-1
-13
21
-16
13
-28
20
84
-120
11
29
11
-22
-19
41
-9
4
-27
41
-5
-40
8
9
29
9
-34
-8
29
-8
-7
-24
10
21
-11
-105
219
-168
-16
77
-40
-16
3
15
45
-82
31
-3
18
13
-133
105
9
-41
42
16
-40
6
-8
12
-29
18
1
-6
9
-8
1
-1
4
-5
1
-1
-1
4
1
-4
0
2
0
-6
-2
4
-2
0
-4
3
-3
-2
-2
0
-1
-2
0
-1
-1
0
0
0
0
0
-1
-1
-2
5
-2
1
-1
5
0
-4
1
3
0
-3
1
3
0
0
1
-5
3
0
1
-6
10
-5
1
17
-28
13
-7
7
-39
16
43
-40
9
107
-132
15
18
-3
32
-79
47
19
6
-14
-37
79
-14
-165
223
-102
-7
28
15
-17
-6
2
12
-62
9
164
-431
494
-377
199
-5
-162
231
-166
-17
161
-263
218
-49
-119
293
-384
280
-140
70
-5
-5
-9
-21
32
-12
12
-23
11
12
-6
-1
-4
5
-1
-2
1
-2
4
3
-9
4
1
-4
5
-3
-4
3
-1
-3
2
-3
-1
-2
0
1
-1
0
0
0
0
0
0
1
0
-2
1
-1
2
-1
0
3
-3
-4
6
-3
1
5
-9
4
4
-3
0
-1
0
4
-5
0
-7
12
12
-23
13
-11
34
-20
-9
-4
-6
71
-140
282
-384
294
-117
-49
221
-262
165
-13
-161
234
-159
-2
203
-374
497
-427
168
12
-55
17
11
-18
15
-58
76
-154
272
-215
-5
201
-317
276
-327
439
-531
527
-270
3
41
-98
237
-656
1166
-848
167
156
-323
352
-330
257
-182
103
-44
14
2
-7
11
-13
6
0
0
2
0
-2
-2
2
7
-5
0
1
-2
-2
1
1
-3
1
-2
0
-1
1
-2
-1
-1
-1
0
-1
0
0
0
1
-1
1
0
0
0
1
0
1
3
-1
-2
2
1
-6
6
1
0
-5
0
2
1
1
8
-12
12
-7
2
14
-43
103
-184
259
-329
353
-322
157
169
-847
1168
-656
239
-96
42
4
-266
530
-528
441
-324
280
-313
203
-1
-210
274
-150
82
-53
24
-5
-16
30
-78
6
91
221
-426
-85
376
-254
-47
322
-37
-250
86
41
-96
-201
278
526
-456
-537
325
254
-169
52
105
-83
-150
49
78
-8
-37
35
-11
-13
9
-2
0
-2
-1
6
-5
2
0
2
-4
2
0
-3
-1
0
1
-2
1
-2
-2
-1
0
-1
-1
0
0
-1
0
0
-1
0
0
0
-1
-1
2
-2
1
0
0
-2
0
3
-5
3
1
3
-6
7
0
-1
1
0
10
-12
-10
35
-36
-8
80
51
-149
-83
105
53
-167
255
328
-538
-454
528
279
-200
-93
42
89
-246
-33
325
-42
-251
379
-84
-422
224
96
9
-71
34
-10
-6
-24
9
11
-36
-34
385
-636
520
-235
-148
23
217
-50
-201
405
-256
-101
288
-105
-433
637
-430
-122
432
-200
-47
179
-115
-6
48
-27
-48
36
10
-27
17
1
-1
-6
4
1
2
-5
4
0
-2
-1
3
-3
-3
2
0
-6
0
0
-3
0
-1
-1
-1
-1
0
-1
0
-1
0
0
0
0
0
0
-3
2
3
-4
1
3
-2
-1
4
-1
-1
1
3
-5
0
1
5
-6
1
2
17
-25
10
36
-48
-26
49
-5
-114
180
-47
-200
434
-120
-429
640
-433
-104
289
-100
-255
408
-198
-46
220
26
-144
-232
521
-632
389
-31
-32
19
14
-15
-12
19
-44
27
56
-162
28
191
-353
271
1
-164
260
-362
338
-320
272
-167
257
-422
426
-217
-40
22
50
-27
36
-28
-33
28
-1
14
-26
-4
23
5
-18
5
-3
4
-4
7
0
0
-3
-7
10
0
-7
0
3
-4
0
-2
0
-2
-1
-1
0
-1
0
-1
0
-1
0
0
-1
0
1
-1
0
1
1
-1
1
1
0
-2
4
2
-6
-1
11
-5
-2
0
-1
7
-4
5
-2
5
-18
6
24
-5
-26
15
0
29
-31
-29
37
-25
51
24
-37
-218
428
-421
257
-166
273
-317
341
-359
263
-162
6
275
-351
194
32
-158
59
33
-38
28
-8
-3
17
-66
149
-171
-413
652
29
-353
216
-18
-169
218
-25
-355
171
207
-446
374
143
-129
-171
326
-345
-68
248
-119
-62
188
-43
-105
120
-46
-33
22
-5
3
0
2
-2
3
3
-5
0
4
-9
9
-3
-2
0
1
-1
-3
1
1
-3
3
-3
-1
0
-1
-1
0
0
0
-1
-1
1
0
-3
3
-2
2
1
-1
0
1
1
-2
-2
9
-9
4
1
-5
3
4
-3
2
0
3
-5
23
-33
-46
120
-104
-42
191
-62
-118
249
-67
-344
329
-170
-128
145
376
-445
210
172
-351
-23
221
-165
-15
217
-349
32
654
-409
-167
152
-57
22
6
-4
-35
18
58
50
-290
378
-333
-16
102
163
31
-306
-20
311
-263
11
224
64
-154
-471
629
-176
-169
207
39
-130
-109
139
73
-162
63
76
-61
-10
4
10
-4
3
-4
0
2
5
0
-7
2
1
4
-1
-5
1
3
-3
-2
2
-2
2
-1
-2
-1
0
-1
0
-1
0
-1
0
0
0
1
1
0
3
-4
2
1
-2
4
2
-5
0
3
2
2
-7
0
5
2
1
-3
4
-3
10
3
-11
-61
76
64
-162
74
139
-107
-131
40
208
-167
-175
630
-470
-153
65
226
12
-259
314
-18
-303
32
166
105
-14
-328
381
-286
53
65
22
-28
-14
14
-19
-57
163
-380
856
-985
440
-129
41
144
-310
365
-417
425
-356
224
-6
-157
231
-297
300
-320
252
-77
23
-37
10
-4
-20
55
-69
53
-33
12
0
-1
2
1
-1
-2
6
4
-3
-9
6
-1
1
0
-5
2
-2
5
-5
0
-1
-1
1
-1
0
-2
0
-1
0
-1
0
0
0
0
1
0
-1
3
-3
5
-1
3
-4
0
2
0
6
-8
-3
3
6
-4
0
1
3
-1
-1
14
-32
54
-69
57
-19
-3
11
-35
22
-76
254
-320
302
-297
232
-155
-5
226
-355
428
-412
367
-306
147
44
-125
442
-980
859
-375
165
-49
-12
23
-11
12
-19
8
156
-213
-341
553
-221
109
-102
40
9
-87
43
56
-153
221
-192
-1
224
-215
99
0
-19
-43
21
5
29
-39
-7
18
-15
-8
12
0
8
-4
1
-2
-1
-1
5
2
-3
-9
8
-2
-1
0
2
-1
-3
5
-6
0
-1
0
0
-3
1
0
-1
0
-1
1
0
0
1
-1
1
1
0
3
-5
6
-2
-2
2
1
0
-2
9
-9
-2
1
5
1
-1
-1
2
-4
9
0
12
-7
-15
19
-8
-39
30
7
22
-43
-17
1
101
-214
226
0
-191
223
-152
60
46
-83
11
43
-99
111
-218
558
-337
-210
158
13
-15
19
1
-29
8
-13
130
-274
171
48
-37
-48
9
-47
92
-67
-8
-43
67
21
-1
-85
62
42
-89
43
-29
4
32
-20
-18
-4
43
-24
-9
-2
12
-3
-5
3
0
-1
3
2
-1
2
-5
0
4
-2
2
-2
-2
3
-1
-4
3
-4
1
-2
-1
-2
-1
-2
-1
0
0
0
0
0
0
1
1
-1
2
-3
4
-3
-1
4
-1
-1
3
-2
5
1
-6
3
-2
1
4
0
1
3
-4
-3
12
-2
-9
-23
44
-3
-17
-19
34
6
-28
44
-87
43
63
-83
1
22
68
-40
-5
-65
96
-43
13
-44
-35
52
175
-270
132
-5
12
-21
-11
11
-29
7
6
-17
-24
40
-58
31
20
-18
0
-16
19
-28
-9
55
-52
22
-32
32
26
-33
-20
14
14
-23
-5
21
-6
2
-18
21
-20
14
-7
7
-7
5
-2
1
2
-2
-1
1
2
0
-5
5
-3
-1
0
-1
-1
0
-2
0
-2
0
0
1
-1
-1
-1
0
0
0
0
0
-2
2
-1
2
1
0
2
-1
-3
6
-4
0
1
1
-1
-2
2
2
-3
4
-7
8
-7
14
-19
21
-18
4
-6
22
-5
-22
15
15
-19
-33
26
33
-31
23
-51
56
-8
-25
22
-13
3
-15
22
33
-57
44
-20
-14
9
15
-25
19
-5
-10
0
-21
15
-24
92
-136
75
-49
22
10
-28
26
-67
124
-96
26
-23
26
-8
-16
3
-6
26
-32
18
-6
-4
9
-7
-9
10
-7
8
-5
0
3
-3
2
-1
-2
1
4
-8
6
1
-4
3
-2
-6
3
-3
1
-2
0
-1
1
-1
0
-1
0
-1
0
0
0
-1
1
-1
-1
0
0
0
0
-1
2
-2
4
-4
1
4
-4
1
6
-7
5
0
-2
0
2
-1
3
0
-5
9
-8
10
-9
-6
10
-2
-6
19
-31
27
-5
5
-14
-6
27
-22
27
-95
126
-63
28
-24
12
25
-46
77
-133
95
-19
18
-14
4
0
-9
-7
-2
2
-21
24
-34
26
-31
18
9
-25
27
-50
21
-3
15
-10
-14
-2
46
-64
35
-8
-4
-15
23
-9
-21
24
-9
0
4
-5
-1
0
2
-1
2
-3
0
2
0
1
1
-2
0
2
-3
-1
-1
1
-6
3
-4
0
1
-3
1
-3
-2
-1
-1
0
-1
1
0
-1
-1
-1
2
-2
2
2
-2
5
-5
1
0
-1
-2
3
0
-1
2
0
0
2
1
-3
3
-1
3
0
-1
-5
4
0
-10
26
-19
-6
24
-14
-3
-7
37
-63
48
0
-14
-10
16
0
25
-46
30
-21
12
20
-28
31
-31
27
-18
8
2
1
-7
-3
-9
-2
-25
45
-89
89
-26
4
-24
-21
31
26
-39
-47
34
-7
41
-49
41
-32
-7
6
38
-67
54
-37
13
10
-25
17
-2
-3
-1
2
0
0
-1
-2
2
0
0
-3
4
-3
5
-3
1
2
-5
3
-5
4
-5
-2
1
-1
-1
-2
-1
0
0
-1
0
0
0
0
1
0
-1
0
2
-1
-4
5
-5
4
-5
3
2
-3
4
-3
4
-3
0
1
3
-1
-2
1
1
1
0
-4
-2
19
-23
12
13
-35
56
-66
39
7
-6
-30
41
-48
42
-6
35
-44
-35
31
33
-16
-22
9
-25
93
-84
49
-22
6
-4
6
-7
-7
-3
-2
-20
20
13
-29
-10
34
-57
22
34
-77
46
5
-12
10
-28
30
-49
33
-4
7
-28
27
-6
-9
1
2
-9
5
1
3
-6
1
1
1
-1
-3
1
1
-4
6
-10
9
-2
3
-3
1
-1
-1
-2
2
-2
-1
-1
-1
0
-1
-1
1
-1
0
0
0
-1
1
0
1
0
0
0
1
0
2
-2
0
0
1
-2
3
-3
10
-10
7
-4
1
2
-2
-1
2
1
3
-6
3
1
5
-7
2
3
-7
-5
28
-27
7
-4
35
-47
30
-27
12
-11
9
50
-72
38
24
-54
36
-7
-25
16
23
-16
4
2
1
-7
-7
-1
-9
-10
10
6
-16
5
-14
-5
18
-39
57
-61
57
-43
0
14
-2
-39
37
-8
-13
4
13
-21
20
-21
13
-2
-3
-1
1
-1
1
2
-1
-2
-1
1
-1
3
-2
-1
-1
5
-4
0
1
-5
2
-2
-1
-1
2
-4
0
0
-1
0
0
-1
0
0
1
0
1
0
1
1
1
-2
2
1
1
-2
3
-4
3
1
-4
6
0
-1
-1
2
0
1
0
-1
0
3
1
-1
2
-1
-2
-1
12
-20
21
-20
14
6
-11
-7
37
-37
-1
14
2
-42
61
-57
60
-35
22
-2
-12
7
-13
10
16
-8
-2
5
0
-8
-6
-2
-6
-5
11
-49
56
-23
-23
39
-1
-32
-40
69
-31
9
-24
22
-4
4
5
-28
5
10
-7
1
10
-9
-15
13
-1
-4
6
-6
-3
6
-2
-1
1
-1
2
-3
0
4
-4
5
-3
0
0
-1
1
-5
4
-4
0
-2
-1
-2
-1
-1
-1
0
-1
0
0
1
0
-1
1
-1
0
0
1
-3
4
-3
3
0
0
1
-4
5
-4
5
0
-1
2
-1
2
1
-2
6
-2
-4
8
-4
-1
12
-15
-8
10
2
-7
11
7
-27
6
4
-3
24
-22
10
-29
72
-39
-29
1
41
-20
-21
61
-46
14
-2
0
3
1
-8
-6
-5
-1
-10
5
-27
32
-21
-18
36
-10
-33
17
12
-51
40
-18
-11
39
-23
-26
17
15
-9
7
-12
-19
28
-23
21
-16
4
-5
9
-5
3
-5
4
1
-1
-4
2
1
1
1
-5
1
-1
2
-2
-2
0
0
0
-2
-1
-1
0
-3
0
0
-1
0
0
1
0
0
2
-2
2
-1
0
0
1
0
1
-1
-2
3
0
1
-5
2
2
2
2
-2
-1
1
5
-5
5
-5
9
-4
4
-15
22
-23
30
-17
-10
8
-8
16
18
-25
-22
40
-11
-16
41
-48
14
20
-30
-7
38
-13
-19
35
-23
9
-6
6
-1
2
-9
-6
-3
-6
-4
-2
5
-22
11
-13
1
18
-24
-10
11
-3
0
-15
19
4
-61
82
-60
35
-16
-7
14
-24
10
4
-1
-7
-1
4
-1
1
-4
4
-4
5
-2
-2
3
1
-3
1
-2
1
1
-4
-1
4
-6
4
0
-2
-1
-1
0
-1
-1
1
-1
-1
0
-1
0
0
1
1
0
-1
0
0
1
4
-6
4
-1
-2
2
1
-2
1
-2
2
3
-2
-1
5
-4
3
-3
2
-1
5
-1
-6
-1
4
10
-24
16
-5
-15
36
-58
85
-61
5
20
-14
1
0
15
-6
-21
21
3
-11
13
-17
11
3
0
1
1
3
-9
-7
-4
-4
-8
-7
42
-58
13
-1
-3
-1
-6
20
-38
38
-19
-13
0
6
10
-21
-5
7
24
-47
12
26
-19
0
2
1
-1
-3
1
-1
2
-1
0
-3
4
-2
-2
8
-6
3
1
-1
-1
0
-1
0
-3
0
-1
-1
1
-2
0
-2
0
-1
-1
0
0
0
-1
-1
-1
-1
0
-2
2
0
0
0
-2
2
-1
0
0
0
2
3
-6
7
-1
-1
4
-2
-1
0
2
-2
0
-2
-1
0
3
0
-18
26
13
-47
25
9
-3
-19
11
7
1
-11
-18
43
-35
23
-2
2
0
2
15
-53
46
-3
-5
4
1
3
-7
-6
-4
-5
-4
-4
-1
-3
0
-1
-8
-6
4
-4
-5
15
-11
-12
19
-11
-4
10
-12
9
-2
-14
13
1
-11
0
5
-11
5
1
1
-2
-2
1
2
-2
-2
4
-2
1
1
-4
3
1
-2
-5
5
0
-3
-5
4
-2
-1
-1
-1
-1
0
-2
-2
-1
-1
0
0
0
0
0
-1
0
0
-1
6
-4
-1
1
5
-4
-1
1
3
-4
1
1
-1
4
-2
-3
3
2
-2
-1
2
0
5
-9
6
0
-9
2
14
-13
-1
9
-11
11
-2
-10
21
-10
-11
18
-2
-2
6
-4
-5
2
2
1
2
0
0
4
1
2
-5
-24
12
-35
71
-43
-14
8
-10
15
-4
-27
21
-7
17
-48
-32
1
-30
91
81
-50
63
-94
-49
-19
3
53
23
-43
18
-12
-5
10
-1
3
-7
2
0
4
-4
-2
4
-2
2
-2
0
3
-4
2
0
-3
-1
0
0
-1
0
-1
-2
0
0
-2
0
-2
0
1
0
0
0
0
-1
0
1
-1
1
0
0
-2
2
3
-3
2
-1
-1
3
-1
4
-2
-4
5
0
3
-8
4
0
10
-5
-12
19
-42
24
53
4
-20
-48
-90
62
-50
82
93
-29
2
-31
-44
19
-4
23
-26
-1
19
-9
12
-10
-41
74
-29
16
-16
-16
13
-68
59
19
-61
25
-13
0
5
-20
9
9
-5
-25
25
-52
36
162
-668
755
48
-602
497
-322
164
-19
-67
84
-69
42
-31
32
-61
72
-24
-7
-1
9
-5
0
0
-2
9
-5
0
0
3
-4
-1
-1
2
-2
-4
3
0
-3
-1
-1
-1
1
-3
0
-1
0
0
0
-1
1
0
1
0
-2
1
3
-2
-1
3
0
1
-3
3
0
0
-3
10
-3
0
0
-5
10
-1
-6
-25
73
-60
32
-31
43
-70
85
-65
-19
166
-322
499
-602
49
756
-666
162
38
-51
29
-22
-2
12
11
-15
9
2
-7
29
-58
22
66
-64
20
-9
-20
67
-107
39
21
-21
-14
6
-1
-6
1
-1
-11
11
14
-10
-113
135
232
-814
1222
-1118
372
251
-240
15
87
-67
-1
23
-19
21
-45
39
0
-12
0
1
5
-1
-7
5
1
-4
3
1
-4
-1
1
-5
3
0
-6
4
-3
-1
1
-1
-2
0
-1
0
-1
0
0
0
0
0
0
-1
2
0
0
3
-4
1
4
-3
1
0
-2
2
4
-4
4
2
-5
0
5
2
1
-13
2
39
-45
21
-18
25
0
-66
89
16
-240
252
373
-1118
1225
-813
233
137
-111
-9
17
14
-8
2
3
-2
2
8
-12
-16
24
43
-99
72
-11
-8
-6
-1
-12
-5
-1
9
-20
1
1
4
-17
3
16
-31
-11
39
-17
-17
101
-154
157
-172
149
-141
-53
64
91
22
-63
-2
-3
13
-43
28
36
-30
-2
1
1
-1
-5
3
7
-6
1
1
-3
3
-5
2
-1
0
-2
-1
0
-1
-2
-1
0
0
-1
-1
0
-1
1
-1
-2
0
0
-1
0
1
2
1
-2
1
-1
2
-4
4
-3
2
3
-6
7
3
-4
0
2
3
-2
-29
35
28
-43
13
-2
-1
-63
24
92
65
-51
-140
150
-170
160
-153
102
-16
-15
40
-7
-28
19
6
-14
8
4
3
-16
13
4
-1
-5
3
1
-23
-8
12
4
-13
-8
7
1
-11
-3
9
-1
-18
-4
16
3
-27
-16
32
36
-24
-64
-18
49
48
-9
-37
-9
17
4
-14
-7
7
3
-6
-2
6
2
-5
-3
3
2
-2
-1
3
1
-3
-3
2
0
-3
-3
2
0
-3
-2
0
1
-1
-2
-1
-1
-2
0
1
0
-1
1
0
-1
-1
2
1
-2
-1
2
2
-1
-2
2
3
-2
-3
2
4
-1
-2
2
4
-4
-5
2
7
-2
-6
4
7
-6
-12
5
17
-8
-35
-9
50
51
-18
-63
-23
37
32
-15
-26
6
20
-3
-16
2
12
-1
-8
4
10
-4
-10
9
18
-4
