-5
-9
-2
-7
0
-6
-2
-5
-2
3
-3
-5
0
-3
-1
-2
-6
5
-12
27
-26
-7
12
4
-27
47
-50
25
-5
-8
4
4
-5
1
-4
7
-1
-12
21
-28
24
-13
3
7
-6
5
-8
8
-5
0
-2
3
-3
0
0
1
0
-3
0
0
-2
-1
-2
-1
0
-1
0
0
-1
1
0
-4
1
2
3
0
-2
3
-2
1
-4
8
-9
5
-4
7
3
-13
25
-28
21
-12
-2
7
-3
2
-5
6
4
-6
-4
27
-48
48
-26
6
11
-5
-25
27
-11
6
-5
0
2
0
2
-2
1
5
-1
-2
2
-2
3
0
3
-2
-10
-4
-5
-3
-3
-6
1
0
-18
13
-5
-5
3
8
-19
-2
-4
-7
28
-35
42
-36
10
-23
23
8
-17
0
8
-21
-2
23
6
-17
-8
3
15
-19
10
21
-36
0
13
-5
8
1
-9
5
-4
6
-2
-7
8
-5
-3
1
-3
1
-2
-1
2
-3
-1
-2
-1
-1
0
-2
3
1
-3
2
-2
2
-2
-4
9
-6
-1
6
-3
4
-9
2
8
-6
14
-1
-37
22
10
-18
16
5
-7
-17
6
23
-2
-20
9
1
-15
9
24
-22
12
-33
42
-34
30
-6
-3
2
-14
10
5
0
-3
16
-16
4
4
-1
0
4
0
4
-7
-6
-5
-7
1
-8
-4
18
-33
3
9
-14
7
2
-3
-12
4
3
-18
8
-20
27
-41
75
-37
-10
3
1
-8
-18
20
-8
16
-30
-1
16
33
-50
18
0
-31
58
-24
-20
20
-5
3
2
-6
5
-10
7
-4
-6
1
0
1
-4
1
-3
2
-2
0
0
0
0
1
-2
3
-3
1
-3
2
-1
3
-4
-3
9
-10
6
-5
2
5
-6
20
-19
-23
58
-31
0
18
-50
33
17
0
-28
16
-8
21
-18
-6
3
3
-10
-35
77
-39
28
-20
8
-17
4
5
-8
0
5
10
-11
11
7
-31
21
0
-5
5
0
0
2
-12
-5
-3
-8
0
1
-8
12
-33
17
4
-11
-2
8
-17
-3
2
5
34
-96
80
-30
16
-84
207
-174
0
21
37
-53
51
-53
22
34
-38
-6
-52
116
-23
-25
-1
-17
33
-24
2
-23
49
-40
33
-23
15
-22
9
6
-3
-2
-7
8
-6
0
-2
1
-1
-2
1
-1
0
1
-1
1
-5
9
-6
-1
-2
7
9
-20
16
-22
34
-38
50
-23
4
-23
31
-17
0
-24
-22
117
-51
-5
-37
35
22
-52
53
-52
38
22
0
-173
208
-84
17
-28
82
-97
35
6
3
2
-14
11
0
-9
6
20
-31
15
-5
5
3
1
2
3
-8
-7
-1
-9
-2
12
-25
7
-34
59
-37
4
6
-17
4
-4
35
-6
-108
68
-2
-31
93
-126
132
-52
-20
13
2
-82
101
-44
128
-270
171
16
-13
-48
42
-14
8
17
-58
46
-10
22
-60
40
11
-25
12
-9
1
7
-6
6
-17
10
0
-1
1
0
-1
0
0
-1
1
-1
1
-1
0
11
-16
7
-4
8
3
-8
12
-23
12
39
-59
22
-10
47
-58
16
9
-14
43
-47
-13
17
171
-268
128
-44
101
-82
3
13
-19
-52
133
-124
95
-29
-1
69
-107
-6
36
-1
7
-13
9
7
-34
62
-32
12
-21
14
1
-3
4
1
-10
-5
-4
-5
-5
2
-1
-26
18
8
-22
20
-28
11
-11
2
81
-137
-24
110
-78
160
-154
135
-148
17
42
-32
94
-112
31
-15
103
-118
-53
142
-134
176
-154
99
-92
106
-131
120
-36
-19
10
9
-2
-8
-1
11
-18
21
-25
12
3
-8
3
-2
-4
6
-5
2
-1
2
-4
7
-4
0
3
-9
4
14
-23
21
-18
12
-1
-8
-1
10
10
-19
-36
120
-132
105
-92
98
-153
175
-133
142
-52
-119
103
-14
32
-110
96
-31
43
19
-147
138
-152
161
-77
110
-22
-136
82
5
-9
13
-25
23
-19
10
21
-22
2
6
-2
3
1
2
-8
-6
-4
-7
4
-20
-1
5
51
-86
48
-54
46
-11
-26
30
62
-200
76
214
-63
-222
58
74
-118
114
-36
85
-173
265
-148
-124
64
49
-5
90
-258
270
-82
19
-211
266
-110
-25
74
-102
102
-4
-43
7
6
-8
12
-29
30
-15
7
-10
5
-3
0
-2
-2
2
-3
2
-1
0
1
-3
7
-9
7
-14
31
-28
13
-8
6
9
-42
-3
102
-101
73
-25
-109
266
-210
20
-81
269
-257
89
-4
49
64
-123
-147
266
-172
85
-36
115
-116
75
60
-221
-62
217
78
-200
63
33
-24
-8
50
-51
50
-82
52
10
3
-15
7
0
0
2
-10
-4
-6
-4
-1
0
-21
71
-134
70
-7
7
-44
46
8
-91
5
147
-38
-90
10
0
290
-381
-11
163
-40
20
-71
1
44
93
-159
46
60
-66
2
65
-57
39
-110
104
-35
29
-4
-31
65
-68
13
9
4
-4
1
-6
-7
24
-33
17
2
-12
8
-3
-3
1
0
2
-2
-3
9
-11
4
17
-32
25
-5
-4
1
-3
5
10
14
-68
66
-30
-4
30
-35
103
-109
40
-56
65
4
-64
61
46
-159
93
45
1
-70
21
-39
163
-9
-381
291
2
11
-88
-37
148
6
-88
12
50
-40
11
-5
73
-132
75
-17
4
3
3
-2
4
-8
-7
-5
-5
-2
-3
-21
90
-105
3
8
22
-92
139
-69
-25
-104
245
-103
29
-62
-26
-10
-2
75
8
-54
35
-119
217
-249
195
-23
-72
7
6
-4
39
-61
81
-69
15
39
-25
-12
7
-5
11
6
-25
11
-1
-1
-17
17
-1
-7
3
-6
5
-3
0
-1
0
0
1
0
0
-3
7
-6
4
-6
0
18
-17
0
-1
12
-24
7
13
-5
7
-11
-25
39
15
-69
84
-60
39
-4
7
7
-70
-23
197
-249
218
-117
36
-53
10
76
-1
-9
-24
-61
30
-101
246
-103
-22
-65
142
-89
25
11
5
-102
95
-18
3
0
3
0
1
-5
-5
-6
-3
-3
-8
33
-39
-94
134
-29
-43
139
-176
-10
258
-406
416
-390
177
65
-64
-35
-13
172
-189
9
18
102
-28
-72
53
-61
74
-83
25
40
-32
46
-66
37
3
-28
37
-6
-21
-6
26
-9
-3
7
-25
16
30
-39
1
1
1
-3
0
2
-2
-2
0
-1
1
0
-3
3
0
-1
3
3
2
-37
32
16
-24
8
-2
-8
28
-5
-21
-7
37
-28
2
38
-66
46
-33
41
26
-83
74
-61
53
-71
-26
103
20
10
-188
174
-11
-33
-62
66
177
-389
416
-405
262
-7
-172
143
-40
-26
137
-92
-36
36
-5
0
5
-3
3
-22
17
-38
36
-55
34
-20
132
-278
155
-4
2
-68
169
-126
-68
139
-181
87
57
-4
-115
176
-117
-11
5
29
31
-23
-34
-41
34
29
-6
24
-68
17
25
37
-122
140
-77
12
6
12
-36
4
42
-41
26
-22
20
-34
58
-48
19
-13
5
-2
1
-1
-1
-3
2
1
0
-1
-1
0
2
-1
6
-12
19
-46
58
-33
19
-21
27
-40
43
4
-34
13
8
12
-77
139
-121
37
27
18
-67
25
-6
29
35
-40
-33
-22
33
30
5
-10
-114
178
-114
-3
59
88
-180
140
-66
-121
173
-65
7
-2
159
-276
135
-15
38
-52
44
-35
25
5
-55
68
-48
-29
91
-20
-81
-14
132
-132
107
-54
-172
213
132
-207
-54
59
107
-228
37
275
-230
21
50
-22
18
15
-80
-11
66
12
20
-105
94
-76
51
2
-41
28
12
0
-42
13
80
-90
59
-23
-41
-3
51
21
-39
-27
33
-7
-3
-1
1
0
-1
0
-1
0
1
1
0
0
1
1
-2
-6
32
-25
-39
21
52
-3
-40
-22
58
-89
81
14
-43
1
9
28
-41
3
51
-76
94
-103
20
12
67
-11
-79
16
19
-22
53
22
-228
277
39
-227
108
60
-53
-206
134
217
-169
-51
110
-129
135
-12
-77
-15
97
-26
-40
72
-46
-13
5
-16
-11
-9
28
145
-314
233
-87
-86
4
100
152
-74
-370
335
-164
33
77
-30
82
-33
-80
33
-96
133
13
-52
-24
50
-49
-11
38
-14
31
-16
-46
91
-81
-67
139
13
-110
87
-20
-53
36
-2
10
9
-8
2
-11
-27
34
-12
2
-3
-1
1
-1
0
0
0
0
1
-1
2
0
-2
4
-11
36
-26
-11
2
-8
9
11
-1
36
-52
-19
86
-108
14
138
-67
-81
92
-46
-15
32
-13
37
-11
-49
51
-23
-51
13
134
-94
35
-79
-32
84
-30
77
34
-164
336
-367
-70
154
104
7
-84
-82
234
-309
148
31
-6
-4
-11
13
-15
30
-66
56
-13
-80
219
-274
78
-22
140
-225
295
-300
284
-309
190
-100
69
53
-178
184
-154
165
-142
91
-87
72
-66
73
-27
-26
27
-25
-1
31
-95
189
-231
209
-144
102
-110
77
-15
9
-9
-25
37
-43
47
-34
37
-41
27
-24
17
-4
-7
3
0
-1
-2
1
1
0
0
0
0
3
-5
-4
18
-24
29
-40
37
-33
48
-42
38
-25
-9
9
-15
79
-112
103
-144
209
-229
189
-95
32
0
-25
27
-25
-26
74
-65
73
-86
92
-141
166
-153
185
-178
55
71
-97
191
-305
288
-297
297
-222
143
-19
79
-269
223
-76
-10
63
-62
37
-2
-34
58
-87
121
-162
18
160
-196
-1
250
-336
260
-115
-175
614
-509
5
210
-225
155
-47
-91
193
-256
143
25
-90
77
-40
-26
52
3
-23
12
10
26
-188
126
109
-83
-53
117
-89
1
51
-27
7
-29
11
-9
2
7
10
-22
15
-7
2
-1
-2
0
-2
-1
0
0
0
0
0
1
-1
-1
3
-7
16
-21
11
7
3
-8
11
-28
7
-26
52
2
-88
116
-51
-83
109
127
-187
27
9
13
-22
3
52
-26
-40
78
-89
26
144
-255
195
-90
-45
156
-224
211
7
-508
618
-171
-112
263
-333
253
3
-194
164
22
-158
125
-79
64
-26
-4
-21
-2
55
27
-127
-195
448
-358
110
121
-50
-15
-169
-176
743
-338
-200
-55
130
87
35
-135
5
-7
50
-28
16
-21
11
-5
-25
46
-24
-27
75
54
-200
0
188
-146
111
-80
38
-7
-66
92
14
-28
-31
-78
88
67
-86
29
-15
5
-11
8
-4
-1
-1
0
-1
0
0
1
1
-1
-3
9
-9
6
-15
30
-85
68
89
-77
-29
-27
14
93
-65
-7
37
-79
111
-146
187
2
-200
54
76
-26
-23
46
-23
-3
12
-19
16
-27
51
-5
6
-135
38
87
131
-54
-198
-337
746
-173
-166
-12
-46
123
113
-356
450
-192
-123
31
62
4
-12
-24
37
-61
10
66
-212
329
-559
856
-643
133
152
-368
469
-559
525
-281
72
46
-96
82
-96
68
-7
22
-42
-27
61
-42
14
0
-28
31
5
-32
41
-39
27
-6
24
-85
99
-18
-34
0
12
-4
19
-44
39
3
-24
6
-6
14
-14
9
-11
3
1
-1
-1
-1
0
0
0
0
0
-1
1
4
-10
9
-12
15
-4
7
-23
5
40
-43
19
-3
12
1
-35
-17
99
-85
24
-5
27
-39
42
-33
6
31
-28
-1
14
-41
64
-26
-40
24
-7
68
-95
83
-95
47
73
-280
529
-557
473
-364
155
136
-641
856
-555
332
-207
70
18
-57
43
4
-39
65
-92
143
-144
-42
300
-467
124
293
-369
197
144
-352
244
58
-158
39
-34
7
91
-140
112
9
-112
129
-89
14
29
-35
6
-5
9
-2
-18
61
-25
-23
15
-81
67
43
-49
-11
72
-95
57
9
-62
74
-14
-38
-15
30
-2
-8
0
2
0
0
-1
-1
-1
-1
0
-1
0
0
0
2
1
-7
-2
31
-12
-37
-13
75
-61
10
58
-94
73
-10
-49
42
70
-81
17
-24
-25
61
-17
-1
9
-5
8
-35
30
15
-89
130
-111
10
113
-139
93
8
-32
41
-157
59
247
-349
147
200
-364
296
127
-464
302
-38
-141
147
-85
69
-31
-13
-1
-17
12
28
-83
116
414
-1108
551
59
62
-179
89
304
-340
-19
9
28
111
-151
87
-41
53
-72
-6
51
0
-2
-39
27
-5
-11
13
-8
-5
-17
57
-83
42
99
-96
-45
92
10
-145
70
69
-16
-68
65
7
-107
106
-29
-18
14
-9
-1
2
0
0
-1
0
0
0
-1
0
0
2
-1
-8
17
-18
-29
107
-105
9
66
-66
-15
70
71
-145
11
92
-45
-96
99
41
-83
57
-17
-5
-7
13
-11
-4
29
-37
-2
1
52
-5
-71
55
-39
87
-151
113
28
10
-18
-338
308
93
-176
66
64
554
-1105
418
121
-79
30
19
-11
8
-16
22
-65
89
-106
132
-216
650
-1129
833
-423
340
-373
424
-456
424
-322
135
64
-138
69
11
23
-27
-49
38
4
-21
36
-64
58
-19
-18
28
-24
16
-29
38
-7
-15
2
38
-54
8
-7
83
-64
5
-22
30
-38
46
-25
-1
-1
18
-23
13
-9
3
-1
-1
-2
1
0
1
0
0
0
3
-9
15
-21
18
2
-2
-25
47
-37
31
-21
7
-65
83
-7
7
-53
38
1
-14
-7
38
-28
15
-24
29
-18
-18
59
-63
37
-19
5
37
-48
-25
25
13
70
-137
66
138
-321
427
-452
429
-369
343
-420
836
-1126
654
-213
134
-103
96
-61
31
2
-51
43
6
-128
19
325
271
-924
207
282
-71
-299
197
432
-272
-140
-23
162
-110
-103
142
23
-58
-22
71
8
-82
25
33
-60
42
-16
21
-26
7
16
20
-37
44
-82
32
-75
147
-19
-17
-93
92
-30
22
-5
-50
14
14
27
-4
-28
-3
7
2
-3
-2
-1
-1
0
1
-1
-1
-2
3
7
-2
-26
-4
27
15
16
-49
-5
23
-29
94
-92
-16
-19
147
-75
32
-82
44
-36
21
17
7
-26
22
-16
42
-59
33
26
-81
7
72
-21
-55
25
144
-102
-110
163
-22
-139
-269
435
199
-295
-67
285
211
-921
274
328
23
-124
13
47
-43
-22
45
-40
-53
74
45
-322
640
-758
429
-33
-228
401
-390
177
41
-193
150
26
-122
188
-193
64
37
-52
-8
77
-86
-18
116
-154
162
-97
6
8
15
-27
27
-22
34
-32
-24
40
6
4
-52
41
20
-42
18
-58
99
-65
19
2
-14
10
-6
2
3
-4
1
-1
-1
0
-1
-1
1
-4
4
2
-6
12
-14
4
21
-65
100
-57
18
-41
20
42
-52
4
7
40
-24
-31
34
-23
28
-26
17
8
8
-97
162
-153
117
-17
-86
79
-8
-51
40
67
-191
188
-121
26
151
-192
46
179
-387
403
-223
-31
432
-756
644
-317
48
77
-45
-34
53
4
-43
77
-112
165
-84
-158
175
-52
-92
210
-219
157
65
-340
191
47
-79
83
-7
-91
30
45
-15
-5
-10
19
-33
20
55
-119
37
41
-34
12
-4
2
-24
60
-61
15
23
27
-84
49
17
-78
68
74
-139
-9
87
-46
11
0
1
0
1
-6
-5
1
1
-1
-1
0
0
0
1
1
-4
-6
3
1
3
1
13
-46
88
-8
-138
75
68
-78
18
50
-83
28
21
16
-61
60
-25
2
-2
12
-31
41
38
-118
55
22
-31
20
-8
-4
-13
45
31
-91
-5
85
-78
48
194
-337
66
159
-217
211
-89
-50
179
-154
-81
168
-104
81
-36
-11
18
-10
-25
-99
44
232
-340
179
60
-43
-86
-50
330
-451
169
50
-15
-27
-18
79
-71
37
-1
-16
-11
-3
-2
34
-17
-6
8
-12
2
-5
2
-4
14
16
-55
67
-33
-34
53
-16
-42
49
25
-100
90
-6
-44
41
-30
-8
28
-20
2
6
-7
2
-2
-1
-1
0
0
-1
-2
4
-7
7
2
-19
29
-8
-29
42
-45
-6
92
-99
26
49
-43
-16
53
-33
-33
67
-54
17
14
-4
1
-6
2
-12
10
-5
-17
34
-1
-2
-9
-15
1
37
-70
80
-16
-27
-14
51
172
-448
334
-47
-83
-40
63
181
-335
235
47
-96
-17
-7
27
-19
-16
9
18
-30
-14
9
4
5
-3
-8
-2
-17
30
-36
3
-4
1
11
-5
-9
3
-3
5
2
-10
0
-9
-1
28
-21
-2
1
7
-13
3
7
0
-21
15
16
-7
-15
-4
14
5
-3
-8
3
4
-5
1
-5
-8
7
8
-1
-10
0
5
-3
0
-2
0
0
0
-1
-1
-1
5
0
-9
-1
7
8
-7
-5
2
-3
4
4
-7
-2
6
14
-4
-15
-6
15
17
-22
0
8
3
-12
8
1
-2
-19
28
-1
-6
1
-7
3
7
-1
5
-7
-5
11
3
-3
6
-33
34
-13
0
-6
0
7
8
13
-10
-27
27
16
-6
-2
-8
-7
-2
-3
-4
-2
-2
-9
8
-8
1
-15
5
18
-27
0
2
4
-13
12
-7
-3
-1
3
-5
-2
5
-1
-7
2
5
-9
-2
4
0
-9
18
-18
8
-1
1
2
-2
2
-6
6
-10
5
2
-4
2
-2
3
-3
-3
3
-1
-1
-2
0
0
0
-2
0
0
0
1
1
-1
0
0
4
-3
-2
5
-1
2
-4
1
6
-10
7
-4
2
0
2
2
-1
9
-18
18
-7
0
4
-1
-9
6
4
-6
0
5
-1
-4
3
1
-2
-6
14
-11
5
3
1
-24
21
9
-11
5
-5
13
-7
1
3
1
0
5
-3
-1
-13
-2
-5
-6
-3
0
-9
0
6
-10
-3
-6
24
-31
-2
12
-6
-5
-1
0
8
-5
-5
4
-6
0
-5
7
-3
-3
-2
3
-7
5
-1
-5
7
-8
4
6
-13
12
-3
2
-1
-5
7
-7
7
-5
-2
-1
-3
6
-3
-3
1
-4
1
-1
-2
-1
-1
-1
-1
1
0
0
-1
1
1
-2
2
-2
-2
8
-3
0
-1
-4
8
-4
8
-4
0
2
-4
11
-13
6
5
-7
8
-3
0
5
-7
4
-1
0
-2
9
-4
3
-5
6
-4
-4
8
2
0
-4
-5
16
1
-26
27
-5
0
-7
8
4
-5
3
0
3
0
6
-6
-7
-3
-5
-3
-4
-1
-3
0
-8
3
-6
15
-21
-4
4
-1
-3
1
-1
-4
4
-5
4
-6
5
-8
4
-5
-5
5
1
-7
7
-1
-10
16
-4
-8
6
-5
6
-3
2
0
2
-1
1
-3
2
-8
11
-4
-4
-1
1
-1
-1
0
-2
1
-1
-1
-1
0
0
0
0
1
0
1
0
0
1
0
-3
-3
11
-8
3
-2
1
0
2
0
1
-4
5
-5
6
-7
-4
16
-8
-3
5
-7
2
6
-4
-4
6
-6
7
-5
5
-4
5
-3
-1
3
-2
0
8
-2
-17
19
-3
5
-5
2
0
2
-1
1
2
1
1
-10
-6
-4
-6
-1
-3
-2
-6
-1
0
2
-7
-14
21
-24
8
-6
5
-5
0
-3
-5
9
-8
2
-3
-4
6
-6
0
-1
-2
5
-2
-4
0
3
-5
2
-2
4
3
-8
7
0
-2
4
-10
8
-8
4
-1
-3
0
1
-3
2
-2
0
-1
0
0
-2
-1
-1
0
0
-1
0
-1
0
-2
3
-3
2
0
-2
-1
4
-6
9
-9
4
-1
0
6
-8
3
4
-1
4
-5
4
0
-3
-1
5
-2
-2
1
-5
6
-2
-1
4
-8
11
-3
-2
2
-3
6
-5
12
-21
24
-11
-3
5
2
1
-2
2
0
1
3
1
3
-8
-5
-4
-5
-2
-3
-5
-3
0
0
-3
-1
-6
3
-9
0
4
-6
1
1
-3
0
1
-1
-4
4
-5
1
-3
7
-5
-10
10
-1
-4
-1
3
10
-12
3
3
-1
-4
4
1
-2
3
-7
4
0
0
0
-6
1
1
-2
-1
0
-1
-1
0
-1
-1
-1
0
0
0
0
0
-2
-1
2
0
-1
2
2
-5
1
1
1
5
-6
4
-2
2
4
-5
0
2
4
-11
8
3
1
-5
0
10
-8
-5
7
-2
4
-6
4
-3
0
3
0
-2
3
2
-6
5
3
-6
7
-4
3
0
4
2
1
-1
3
2
1
2
2
-10
-5
-3
-7
-2
-5
3
-7
-1
-2
-3
1
1
-11
4
-6
8
-12
3
-4
2
0
-4
-1
-2
0
-1
-2
1
0
-6
4
-1
1
-5
2
-1
3
-2
-3
7
-8
9
-5
1
3
-4
2
-1
0
-2
-3
0
0
2
-1
-3
0
-1
0
0
0
0
0
-1
0
1
-1
1
0
0
2
-3
1
3
1
0
-3
-1
0
0
3
-4
3
1
-5
10
-9
8
-1
-3
3
-1
3
-5
1
-1
3
-4
0
2
-1
-1
1
-1
1
-2
1
3
-3
5
-10
9
-3
7
-9
4
5
0
1
1
-4
7
-1
2
1
2
3
-4
-4
-3
-2
-2
-3
-2
-2
-1
-1
-1
-2
-4
-2
-1
0
0
-3
-1
0
0
-1
-2
0
0
-2
-1
0
1
-1
-2
-1
1
-1
-1
0
2
1
-1
-1
1
1
0
-1
0
0
1
0
-2
-2
-1
-1
-1
0
0
-1
-1
0
0
0
-1
0
-1
-1
-1
0
0
-1
0
0
0
0
-1
-1
0
0
0
0
0
-1
-1
0
3
1
0
-1
1
2
1
-2
-1
1
1
0
-1
1
1
0
-1
-2
2
1
-1
-1
1
2
0
0
0
1
0
0
1
4
2
1
-2
-1
1
1
0
0
0
0
-1
1
3
0
