-9
-6
-4
-5
-2
-4
-2
-1
-5
-1
-2
-10
23
-2
-53
35
-9
4
-3
-5
3
-3
0
-4
1
0
-8
4
0
-5
1
2
-5
3
-1
1
1
-1
1
0
0
1
0
1
1
0
-1
1
-2
-1
-1
1
-2
0
0
-1
-1
-1
1
-1
1
-1
0
-2
-1
-1
0
0
1
-1
1
0
-1
1
1
1
-1
2
1
-1
-1
2
-1
0
1
1
-1
2
-1
0
0
-1
1
1
0
5
-5
4
1
-4
1
7
-7
2
2
-2
2
-1
4
-5
-2
5
-8
40
-50
2
26
-7
2
2
-4
3
2
-1
1
1
1
2
-9
-5
-5
-5
-3
-2
-7
1
-8
1
-6
23
-58
44
-24
19
-11
-7
1
3
-5
1
3
-10
2
2
-11
19
-25
24
-24
6
1
-1
1
1
-1
0
-2
2
-2
-1
2
1
-1
2
0
0
0
-2
0
-2
0
1
-1
-1
0
-3
0
0
0
1
-1
-1
0
1
-1
0
0
0
1
-2
1
0
0
0
0
-1
1
-1
1
0
0
2
-1
-1
1
-1
-2
3
-1
-1
-1
2
1
-1
1
7
-22
26
-24
21
-10
3
3
-8
5
3
-4
4
1
-5
-10
23
-22
46
-55
26
-2
4
-6
5
-2
3
-2
2
0
2
-8
-6
-3
-6
-1
-7
1
0
-4
-6
8
-18
-8
44
-55
28
-13
11
-35
44
-22
-4
12
-15
6
-6
-2
-4
26
-43
63
-65
25
-2
1
-1
0
-3
2
1
-3
0
0
0
-2
3
0
0
-2
-1
0
-1
0
1
0
-2
-1
1
-3
-1
1
0
-3
-1
-1
1
-1
1
1
0
-2
2
0
0
0
1
1
-2
1
0
-1
0
0
4
-1
1
0
1
-3
2
3
-2
1
1
1
0
25
-65
65
-43
26
-3
-2
-5
7
-13
14
-4
-21
46
-33
12
-12
32
-50
47
-5
-15
11
-2
-1
3
3
-4
1
2
2
1
-9
-6
-2
-7
-2
-2
-5
-2
2
-9
-6
12
-1
5
-34
22
-39
32
13
-25
8
-4
-5
8
-12
7
11
-50
82
-100
78
-21
-6
-2
3
-5
2
5
-4
0
0
6
-4
2
1
-2
2
-4
1
-1
-1
0
0
-3
1
-1
0
-8
8
-5
1
-1
-1
1
0
1
0
0
1
-6
10
-7
1
-1
4
-3
1
1
0
0
2
-3
2
-1
2
2
-4
6
0
-1
-3
5
3
-4
4
-1
-6
-20
79
-100
83
-49
11
9
-11
9
-4
-3
8
-23
14
33
-38
27
-31
8
2
16
-3
-6
5
2
-3
2
1
0
2
1
-12
3
-23
13
-4
-15
1
9
-8
-10
-20
100
-202
223
-163
32
40
-2
-50
28
5
-12
9
-12
-2
18
-36
23
17
-33
-4
21
-11
4
-1
-1
-1
6
-3
0
-1
4
-1
0
-1
1
-2
2
0
-1
-2
0
-2
-2
-1
-1
-1
-1
0
-1
-2
0
-1
0
1
1
0
0
-1
0
1
0
0
1
1
-2
0
1
1
-1
1
2
-1
2
0
1
-2
5
-1
1
-3
5
-1
1
1
6
-11
21
-3
-33
17
25
-34
19
0
-10
10
-10
6
30
-49
0
41
35
-160
225
-199
103
-17
-7
-6
13
5
-12
-1
20
-19
11
-17
15
-46
31
-20
59
-152
142
-27
-56
-28
195
-280
234
-181
96
-6
-27
-48
88
-24
-51
58
7
-109
176
-140
-16
145
-159
90
-24
-8
5
1
-4
2
3
0
-4
3
1
-1
0
2
-2
1
2
-2
1
-2
1
-3
2
-2
-2
3
-7
4
-3
0
0
0
-1
0
-1
1
-1
1
-3
5
-7
4
-2
-2
3
-2
2
-2
1
-2
1
0
-1
2
0
-1
1
3
-4
0
2
2
-3
2
4
-8
-24
91
-159
146
-15
-138
178
-108
10
59
-49
-22
89
-47
-26
-5
99
-177
237
-276
198
-26
-54
-25
146
-149
64
-17
39
-41
23
-19
7
-12
-2
33
-186
293
-217
72
15
-103
223
-334
306
-220
108
-6
-18
71
-137
40
54
-63
66
-103
102
-26
-75
122
-109
57
-21
10
-2
-4
5
-3
-1
4
-9
12
-11
9
-4
1
1
-2
0
1
0
-3
-2
0
0
-2
0
-3
4
-5
3
-2
0
0
-1
1
-1
1
0
-2
2
-3
4
-2
2
0
0
1
0
-1
1
2
0
-1
1
1
-3
9
-12
12
-8
3
0
-3
6
-4
-1
10
-21
58
-108
123
-74
-25
105
-103
68
-63
56
41
-136
72
-17
-5
112
-217
308
-331
225
-100
16
73
-213
297
-182
36
5
-8
15
-18
-11
34
-46
-37
134
-107
9
-50
104
-171
271
-205
-34
110
-43
-5
30
-38
-11
24
0
-18
14
-2
-12
22
-28
29
-23
-9
6
9
-7
-1
1
2
-6
7
-6
7
-1
0
0
0
-1
1
0
-2
0
-1
0
-2
-1
2
-3
-1
3
-8
5
-2
0
0
-1
0
-1
0
0
-2
6
-7
5
0
-2
3
0
0
0
0
1
-1
0
0
1
0
0
0
-2
7
-6
7
-6
2
2
0
-6
9
8
-9
-21
30
-27
23
-10
-1
15
-17
0
24
-9
-36
31
-4
-40
113
-31
-202
274
-167
107
-48
13
-104
139
-34
-38
39
-2
-16
-6
1
-4
45
-29
-181
256
-168
145
-146
2
126
-30
-129
62
43
22
-75
-3
34
-37
11
53
-101
80
-20
-27
57
-49
3
4
-2
2
-4
2
-1
-2
4
-4
1
1
0
1
0
0
0
0
0
-1
-2
-1
1
-1
1
-1
-7
7
2
-8
-1
1
-1
1
0
1
-1
1
0
-6
4
8
-6
-1
3
-1
2
0
-1
-1
1
0
-1
0
1
-1
0
2
1
-4
5
-1
0
2
-3
3
-2
6
5
-46
59
-25
-19
82
-100
54
11
-36
35
-1
-74
23
44
66
-126
-25
129
6
-143
148
-167
257
-178
-26
48
5
6
2
-19
13
-23
2
7
-73
25
105
-79
-73
110
23
-69
-20
40
-185
309
-210
44
-30
65
-39
-7
35
-1
-20
-12
3
1
24
-22
2
0
-2
1
0
-1
1
-1
-2
2
3
-2
0
1
0
-1
0
-1
1
-3
0
-2
0
-3
-5
0
8
-3
-5
-2
-1
-1
-2
0
0
0
1
0
-5
-3
8
0
-2
-1
2
0
1
-2
2
0
0
0
0
2
0
-2
2
2
-1
-3
3
0
2
1
-1
0
2
-22
24
2
5
-10
-20
-1
36
-5
-38
66
-29
45
-209
310
-181
42
-17
-65
25
112
-70
-77
109
29
-68
10
8
-18
21
-23
17
-18
-26
-28
54
27
70
-99
-70
-8
28
17
17
35
-48
-65
46
18
45
-53
8
-26
19
16
-16
-22
37
-59
55
-23
3
1
-1
-1
-1
1
-1
0
1
0
-1
2
-1
1
-3
2
0
-1
0
-3
0
-1
0
0
-3
-1
2
-4
1
-1
-1
-1
-1
0
1
0
1
-1
1
-3
3
0
-1
1
0
0
1
-2
2
0
-1
2
-1
1
0
1
0
-1
0
1
1
1
-1
0
-1
1
4
-23
54
-58
37
-22
-14
17
19
-24
9
-52
46
19
47
-64
-45
39
20
20
31
-5
-67
-97
74
30
57
-26
-20
-13
25
-13
-4
-14
5
-2
-132
154
47
-66
-30
25
-70
107
-63
116
-155
-63
198
-81
-101
87
-1
-17
18
-11
-10
13
-17
22
-19
-7
14
-4
-1
0
0
0
-1
-1
1
-2
2
-2
2
0
0
0
0
0
0
-2
-1
2
-3
-2
3
-3
5
-14
10
-3
0
0
-1
-1
-1
0
0
-2
11
-13
5
-2
3
-1
-1
3
0
-2
1
1
0
1
-1
1
2
-2
3
-2
3
-1
0
0
1
0
0
-4
16
-6
-19
23
-15
15
-9
-9
19
-16
0
88
-100
-80
200
-62
-152
121
-60
110
-67
28
-26
-64
50
158
-128
2
12
-8
5
-9
-23
28
-4
25
-110
-10
96
-34
42
-36
-114
90
57
28
-67
33
-184
195
-63
5
-15
7
0
14
-12
23
-32
-29
25
18
-15
1
1
-1
-1
1
-1
-1
6
-2
1
0
0
1
1
-1
0
0
-2
1
-1
-2
0
-1
-2
0
0
1
-6
1
-1
0
-1
-1
0
1
0
3
-6
1
1
2
-2
1
3
-1
-1
2
-1
1
0
0
0
2
0
0
1
-2
5
-1
-1
2
2
0
2
1
-15
20
26
-28
-31
24
-12
16
1
7
-13
5
-62
196
-182
34
-64
31
60
92
-110
-33
44
-32
100
-7
-105
28
3
32
-15
-9
-4
10
-40
29
53
-203
93
88
-48
126
-175
-136
270
-112
19
-83
152
-113
54
-59
50
-35
-5
-24
60
21
-78
-3
47
-36
21
-7
1
0
0
0
2
5
-7
-5
5
6
-4
-1
1
1
-3
-1
0
-1
-2
0
-5
2
3
-5
-3
-1
2
-3
0
-1
-1
0
0
0
0
-2
3
0
-1
-4
5
2
-4
2
-1
0
0
0
-2
1
1
0
-2
5
4
-5
-7
5
2
0
0
-1
0
-7
23
-35
48
-3
-76
23
63
-23
-2
-33
53
-58
56
-111
154
-82
22
-108
273
-133
-171
130
-45
90
97
-198
57
31
-34
15
4
-8
12
-60
64
-81
176
-287
145
113
-166
-55
272
-319
276
-240
78
94
-29
-187
208
-74
-2
-6
27
-42
16
42
-98
137
-125
57
-18
2
2
-2
1
-1
2
1
-4
2
2
1
0
0
-2
1
4
-7
5
-3
-1
-1
0
0
-4
-2
7
-10
6
-6
2
-1
-2
0
0
0
2
-4
7
-9
6
-2
-2
2
0
0
1
-1
5
-6
3
1
-2
0
1
0
2
2
-5
1
2
0
3
-2
4
2
-18
58
-124
138
-97
44
17
-41
29
-4
0
-73
209
-187
-26
95
82
-236
279
-316
276
-52
-163
115
148
-282
180
-78
71
-55
21
-7
-18
41
-79
19
99
-115
55
-104
115
-40
3
-102
161
-103
115
-114
-22
30
0
8
-5
-8
27
-37
33
-46
61
-77
40
1
-10
3
-3
1
-3
1
-1
0
1
1
0
0
0
0
-1
2
-1
1
-1
-1
0
-1
2
-1
-1
1
-2
1
-1
-1
0
-1
-1
0
0
0
1
0
0
1
-2
2
0
0
2
-1
1
-1
0
2
-1
2
-2
1
1
0
-1
1
2
0
0
2
-2
3
-2
3
-9
3
41
-76
63
-45
35
-36
29
-6
-2
9
2
31
-21
-113
118
-100
165
-99
6
-36
118
-103
58
-111
103
22
-70
46
-10
-4
-20
-6
40
-73
46
28
-69
41
-52
83
-84
-6
46
16
-115
128
-28
-31
0
-13
12
15
-27
6
21
-29
10
-4
4
-3
0
1
0
-1
-2
2
-2
3
0
0
0
0
1
0
1
-1
-1
2
-2
-1
-1
0
-3
0
-2
3
-2
-2
0
0
-1
0
-1
0
-1
0
0
0
1
-1
-2
4
-2
1
-1
1
0
-1
-1
3
-1
-2
1
1
1
0
1
1
0
3
-1
2
-1
0
0
1
-1
-3
4
-4
12
-28
21
8
-25
16
13
-13
2
-30
-26
129
-113
19
49
-3
-81
86
-49
43
-66
31
48
-71
47
-1
-11
-11
-8
12
-6
-37
9
52
-80
44
-9
-30
76
-98
38
-23
71
-125
114
-38
-30
18
6
-13
5
-1
4
-11
0
3
-1
-3
0
0
1
-1
-1
1
0
-2
-1
1
-1
-1
2
0
-2
1
-1
0
-2
-1
0
-2
0
0
0
-1
-1
0
-1
-1
1
-1
0
0
0
-1
1
-1
-1
0
1
-1
0
1
1
-1
0
0
-1
1
0
2
-2
0
0
0
0
1
0
0
1
1
0
0
1
0
1
-3
-1
4
2
-10
5
0
6
-12
9
18
-29
-38
116
-124
76
-20
41
-95
79
-28
-6
46
-76
55
12
-34
1
16
-1
-14
7
-25
5
6
-15
51
-101
53
-24
49
-56
-10
31
-6
-29
51
-53
33
-23
2
13
-7
0
-4
4
-3
0
-4
2
1
-4
0
-1
0
-1
1
0
0
1
0
1
-1
2
0
1
0
1
0
-2
0
-1
0
-1
0
0
-2
-1
-1
-1
-1
-1
-1
0
0
0
0
-1
0
-1
0
1
-1
0
0
0
0
-1
1
-1
1
0
0
0
0
2
-2
1
-1
2
1
0
1
0
1
0
0
-3
1
2
-3
1
-2
4
-3
2
-5
13
3
-22
35
-52
52
-25
-3
34
-7
-52
51
-21
56
-98
56
-12
8
13
-20
14
-11
-3
-4
-11
-2
-8
43
-78
44
-9
12
-23
-23
35
-16
-8
8
9
-15
-2
-2
5
-4
-1
-1
-2
2
-2
-1
-1
-2
-1
0
0
-1
1
0
-1
0
1
1
-1
1
1
-1
1
0
0
-1
-1
-2
2
-2
0
0
0
0
0
-2
-1
0
-1
-1
-1
-1
0
0
-1
1
0
0
1
0
1
1
1
-2
2
-2
-1
0
0
-1
1
-1
1
1
-1
1
0
2
-1
0
2
0
0
0
0
-2
0
1
-1
3
0
0
0
-3
8
-2
-1
-14
11
9
-4
-13
39
-19
-19
15
-6
46
-75
45
-4
1
-2
1
6
-11
-7
1
-6
17
-60
52
-32
15
11
-26
21
-41
22
-12
4
8
-9
-32
44
-15
-3
-1
-2
0
-5
4
-5
5
-4
1
-2
0
0
1
-1
-1
-1
1
-1
1
0
0
1
-1
-1
0
-1
2
-2
0
-1
-1
-2
-1
0
-1
-1
0
-2
-1
-1
0
-1
-1
-1
-1
0
0
0
0
-1
0
1
0
0
0
0
1
-2
3
-2
1
-1
-1
1
1
0
1
-1
2
-1
0
0
1
0
0
-1
2
-4
5
-5
6
-4
1
-1
0
-2
-13
46
-32
-8
9
8
-9
24
-37
25
-23
14
17
-28
55
-57
20
-1
6
1
-10
-6
0
-10
5
-24
8
13
-16
-19
39
-34
8
0
-13
9
-11
14
-24
3
9
0
-5
-1
-2
-4
3
0
-2
0
-1
2
-2
1
-1
1
0
-2
1
0
0
1
1
1
-1
1
-1
1
-1
-1
0
-2
-1
-1
0
-2
1
-1
-1
-1
-1
-1
-1
-1
-1
0
0
0
-1
0
0
0
2
-2
1
0
0
-2
1
0
0
1
-1
1
0
0
1
0
1
-1
2
0
0
2
-1
1
-2
2
0
0
-1
0
3
-3
0
1
-3
2
10
4
-22
15
-10
14
-9
3
11
-31
42
-17
-14
16
12
-20
9
-3
5
3
-10
-2
-6
-6
3
-28
29
-10
-15
13
-20
19
-20
7
-1
-6
-10
13
0
-16
5
9
-6
-4
-1
2
-2
-3
1
-1
-2
1
0
0
-1
0
0
0
1
-2
2
-1
0
2
-1
0
0
1
0
-2
2
-2
1
-2
0
-1
0
-2
0
-2
0
-1
-1
-1
0
1
0
0
0
0
0
1
1
0
3
-2
2
-1
1
-2
1
1
0
0
0
2
1
-1
1
-2
1
0
0
2
0
0
0
1
-1
0
2
-1
-2
2
0
-1
-5
10
6
-15
0
14
-9
-2
2
12
-17
22
-19
15
-13
-7
33
-23
6
2
0
6
-10
-3
-7
-1
-3
-24
26
-5
-5
-21
20
-4
-7
-3
3
-20
15
9
-11
-8
-7
16
-7
-1
-4
1
-2
2
-2
-1
0
0
-1
1
-1
-1
1
1
-1
1
0
-1
1
1
0
2
0
0
-1
0
-2
-1
1
-1
-1
0
-3
1
-2
-1
-1
-1
0
-1
1
-2
0
0
0
0
-1
2
-2
2
0
0
1
-1
0
0
0
0
1
1
0
1
0
0
1
0
-1
-1
2
-1
0
3
-1
1
0
0
-1
3
-1
3
-3
1
-6
16
-6
-7
-10
11
16
-17
5
1
-4
-1
23
-17
-2
-2
30
-19
0
7
-2
6
-8
-8
0
-9
6
-19
4
23
-35
23
-9
-13
2
-4
0
-5
-4
0
17
-17
-1
2
-3
-2
0
-1
-3
0
1
-1
0
-2
0
0
0
0
-1
0
-2
1
-1
0
1
0
1
0
0
-1
-1
0
0
0
0
-1
-1
0
-2
1
-1
-1
0
0
-1
1
-1
0
0
0
0
0
0
2
-1
1
0
-1
1
0
0
1
0
0
0
0
2
1
0
1
-1
1
-1
1
0
1
0
0
0
-1
0
-1
1
0
-2
0
1
-1
-1
2
0
-15
19
0
-3
-2
4
0
4
-11
-5
24
-33
26
7
-15
9
-2
5
0
-8
-5
-6
-5
0
-8
-10
36
-34
-7
20
-15
-5
-6
5
-6
5
-9
11
-15
4
1
-3
0
2
-2
0
-1
-1
-1
0
-2
1
-2
1
0
-1
2
-1
-1
0
2
0
-1
0
0
1
0
0
-1
0
-1
0
-1
-1
0
-1
-1
0
-1
-1
1
-1
0
-1
0
0
0
1
-1
1
0
0
1
0
1
1
0
1
0
1
-2
2
0
0
0
0
2
0
-1
-1
1
0
0
2
-1
1
-2
1
0
0
1
0
-2
3
1
-2
2
5
-12
13
-8
6
-3
8
-2
-1
-11
23
-5
-33
37
-8
-5
3
1
-1
4
-9
-6
-6
-4
-4
-3
-16
28
-21
-4
-11
30
-23
-8
3
-1
-5
0
9
-17
9
-2
0
-3
-1
0
-3
-2
2
-3
-1
-1
1
-2
1
0
-1
1
0
0
1
0
0
1
0
0
1
-1
-1
-1
-1
0
-1
1
-3
0
1
-1
-2
-1
-1
-1
0
-1
0
0
0
-1
-1
0
0
0
1
0
-1
0
-1
0
-1
0
0
-1
1
0
0
1
0
0
1
1
0
1
0
-1
2
-1
1
1
-1
-2
3
-1
0
0
0
-1
2
-1
9
-16
9
1
-4
2
6
-4
-20
32
-7
-1
-19
31
-13
1
-1
3
1
2
-8
-6
-6
-4
2
-12
-2
3
-2
-16
3
-3
7
-8
-2
0
-4
-4
12
-14
2
1
-1
-1
1
-2
-1
-1
0
0
0
-1
1
0
0
-1
1
1
0
1
-1
0
1
-1
1
-1
0
0
0
-2
0
-2
1
-1
-1
-1
-2
0
-1
0
-1
0
-1
0
0
0
-1
0
0
0
-1
0
-1
1
1
-1
3
-2
0
-2
1
1
0
1
0
-1
1
1
0
2
-1
-1
1
0
1
0
1
-2
1
1
0
0
1
-1
2
-1
0
3
3
-13
12
-2
-3
3
1
-5
9
0
6
-12
0
8
4
-9
5
3
0
3
-8
-6
-4
-7
5
-20
13
-16
8
-7
1
-13
7
-1
-8
-1
2
-5
-4
3
-3
0
-1
-1
-2
0
-1
-1
-1
-1
-1
-1
-1
-1
0
-1
2
0
0
1
0
0
1
-1
0
1
-1
-1
1
-2
-1
-1
0
-2
2
-2
-3
2
-2
-1
-2
0
0
-1
-1
0
-1
-1
0
0
-1
3
-2
-2
5
-2
0
1
0
-2
2
-1
1
1
0
-1
2
0
0
-1
0
0
2
-1
-1
1
-1
-1
0
0
-1
1
-1
0
0
0
2
1
-2
4
-3
-4
3
3
-5
3
10
-9
5
-5
10
-11
17
-13
9
1
1
2
-8
-6
-3
-8
-6
7
-22
10
-1
-4
7
-16
5
-7
3
-4
-5
3
-2
-4
11
-20
14
-4
0
-5
3
2
-11
9
-10
3
-1
-1
2
-1
-6
10
-1
-13
12
-3
1
-3
2
0
1
-3
0
2
-4
0
-4
30
-67
70
-38
-4
12
-3
-1
-1
-1
0
1
0
0
0
0
-4
13
-3
-38
70
-65
32
-4
-1
-4
2
1
-3
1
1
3
-3
1
-2
12
-12
-1
9
-6
1
3
-1
-1
5
-8
9
-11
3
4
-5
1
-2
13
-19
12
-4
-2
4
-4
-2
8
-3
8
-12
9
-1
1
14
-19
11
-4
0
2
3
-9
-8
2
-5
-8
6
-15
-9
11
6
-27
14
4
-4
-12
3
-3
-3
8
-6
1
-5
1
4
-10
10
-8
-13
20
-7
-2
-3
1
2
0
-4
3
0
-1
1
1
1
0
-1
1
1
-1
3
-5
1
2
-6
3
-2
-2
-4
5
-4
-1
-1
-1
0
0
-1
0
-1
0
0
0
-2
-1
-2
7
-4
0
-1
3
-6
3
2
-4
4
0
0
1
-1
0
1
1
-1
-1
1
4
-3
1
2
1
-3
0
-7
21
-12
-6
10
-9
5
2
-3
1
-5
8
-3
-2
7
-9
-2
7
16
-23
9
13
-6
-10
10
-5
3
6
0
-4
-6
-4
-1
2
-3
-5
-3
3
0
-4
-4
0
0
-3
-4
1
0
-3
-3
2
2
-3
-5
0
4
1
-4
-3
0
-1
-4
-1
2
1
-2
-1
2
2
-1
-1
2
2
0
-2
0
0
-1
-2
0
1
-1
-2
0
1
-1
-3
0
1
-1
-2
0
1
0
-2
-1
2
1
-2
-1
2
0
-1
-1
2
0
-1
0
2
0
-1
-1
1
1
-1
0
2
2
-1
-1
3
2
-1
-2
2
2
-1
-3
1
2
-1
-3
1
5
1
-4
-2
4
2
-1
-2
1
2
0
-1
2
2
-2
-2
4
5
0
-3
0
5
2
0
-1
