0
-24
37
-22
15
-26
63
-135
117
-53
56
-66
47
-33
-76
203
-175
89
12
-83
114
-106
27
8
-9
6
3
-9
15
-34
47
-9
-30
25
-14
10
-13
7
2
-4
1
-2
0
0
3
-5
4
-1
-5
4
-2
-3
9
-10
6
-6
4
-4
-1
4
-4
0
-1
0
0
-1
-1
-2
3
-4
0
3
-6
6
-7
9
-9
2
1
-4
5
0
-5
3
-4
-1
-1
0
-2
3
-2
-10
12
-10
14
-25
29
10
-48
32
-15
6
-5
-6
8
-9
-29
105
-114
83
-13
-89
175
-204
74
31
-48
65
-58
50
-118
135
-64
26
-16
17
-39
20
0
-15
24
-20
3
31
-64
106
-84
4
61
-103
72
19
-271
363
-74
-93
78
-39
-75
105
-28
-5
3
-5
1
-1
-5
20
-11
-8
10
-14
4
12
-13
8
0
-6
3
-2
-1
-1
3
-3
-2
1
1
-4
3
1
-8
2
3
-7
12
-7
-6
9
-4
0
-1
0
0
-1
1
-2
3
-8
6
8
-12
8
-5
-3
7
-3
-5
4
-2
-2
1
2
-5
0
1
0
-5
4
-1
-9
13
-12
-6
15
-11
8
10
-21
5
1
-2
3
-4
3
27
-105
74
40
-77
91
73
-362
269
-20
-73
101
-62
-4
83
-106
63
-31
-4
16
-26
11
0
-2
1
8
-10
-9
39
-95
69
32
-51
21
46
-129
-77
309
-95
-81
-51
75
57
-85
26
-3
-3
1
3
-11
9
6
-20
1
31
-28
15
-7
-3
-5
7
-6
3
1
-6
4
-3
-3
10
-6
3
-2
2
-3
2
6
-17
15
-11
16
-15
3
1
-2
0
0
0
-1
-1
1
-2
-3
14
-16
10
-16
17
-6
-2
2
-2
1
-3
6
-9
3
2
-6
5
-3
-3
5
-7
4
2
6
-18
27
-31
-1
19
-6
-9
10
-4
-3
2
4
-26
85
-57
-75
51
81
95
-310
76
128
-47
-22
49
-33
-70
95
-39
7
8
-10
-2
-3
0
13
-23
12
-13
32
-59
104
-64
-38
-7
85
18
-126
67
-11
-1
3
47
-33
-57
54
-12
11
-10
3
8
-6
-2
-1
1
16
-29
14
-4
2
0
2
-2
-1
-2
0
1
3
-8
4
0
-1
-4
6
-5
7
-8
2
-2
0
8
-19
8
1
0
-1
-2
-1
0
1
1
0
0
-1
-9
18
-9
-2
1
-2
6
-8
4
-6
3
1
-1
-4
7
-3
-2
-1
2
0
2
-3
0
-3
4
-15
29
-16
-2
-1
1
6
-9
-2
10
-11
11
-53
56
32
-47
-4
0
9
-69
123
-19
-88
5
36
64
-105
59
-33
11
-15
21
-17
0
14
-20
-4
21
-45
25
63
-28
-79
8
84
-12
-78
202
-243
56
69
-69
25
22
-16
-4
5
3
-8
6
-3
1
6
5
-34
25
3
-17
18
-9
0
-1
-2
-3
4
0
-2
2
-6
3
0
3
-2
-2
-6
8
-2
-5
6
-9
3
-1
0
0
-1
0
-1
0
0
-1
-1
-1
0
1
-3
8
-7
5
1
-9
5
1
0
-3
0
-5
4
-2
1
-1
-4
2
0
-1
0
8
-20
16
-4
-25
33
-6
-6
-2
2
-6
7
-4
-7
4
16
-23
-25
69
-70
-56
241
-204
76
11
-85
-8
77
27
-62
-26
42
-22
2
19
-19
0
14
-32
2
6
40
22
-131
87
-5
-68
65
12
-18
107
-180
77
-34
-5
34
-12
26
-16
-10
9
-2
0
2
-2
-5
4
0
2
-1
-6
5
4
-4
0
0
1
-1
-2
2
-7
9
-6
-1
3
-2
-1
0
-2
9
-14
2
-1
12
-12
4
0
-1
-1
0
0
0
-1
-1
0
-4
11
-13
1
-1
13
-10
1
1
1
0
-4
1
5
-9
6
-3
-1
0
-1
0
0
4
-5
-5
6
0
-3
0
-5
5
2
-2
-3
2
-9
10
16
-26
12
-36
5
33
-78
179
-108
15
-15
-68
67
2
-88
131
-24
-41
-8
-7
29
-17
0
7
-16
-10
39
-40
13
22
-22
50
-69
-86
142
-7
-102
109
-16
73
-124
-18
70
-34
4
13
-5
0
0
0
-3
6
-11
22
-31
6
24
-19
2
1
-2
6
-3
0
-4
1
1
6
-10
3
-2
-1
4
-3
0
7
-10
1
-2
0
1
-3
1
-1
-1
0
0
-1
0
0
-2
1
-2
-1
1
-2
8
-8
0
1
-5
1
1
-4
9
-7
-2
-1
3
-1
2
-5
0
0
-1
18
-25
-7
31
-23
10
-7
3
1
1
-2
5
-12
-3
34
-70
17
124
-75
15
-109
101
5
-143
83
68
-52
22
-22
-15
38
-40
8
15
-13
0
-1
2
2
-4
11
13
-147
164
-14
-99
119
-105
190
-303
300
-73
-177
155
-73
93
-123
58
1
0
4
-5
-2
6
0
2
-15
22
1
-25
15
-4
2
-4
-1
3
-1
-1
2
2
-8
6
-1
0
-2
4
-4
1
-1
7
-17
14
-10
6
-4
1
-2
-1
0
0
0
0
0
-1
3
-6
7
-15
16
-8
0
-1
4
-4
0
0
-1
-6
7
-3
-3
0
2
-4
0
3
-3
4
-15
23
-3
-23
14
-3
0
-6
3
4
-5
-1
0
-59
123
-92
72
-156
175
73
-301
301
-191
104
-120
96
12
-164
146
-14
-13
3
-6
-4
-1
0
-19
22
10
-38
21
-84
298
-279
45
-10
76
17
-154
51
45
53
-107
47
-18
84
-108
42
-5
11
-5
2
1
0
-2
-1
11
-23
28
-26
6
9
-1
-1
-4
1
2
-3
-3
1
2
-4
3
-1
0
-2
-1
-3
8
-6
5
-11
19
-17
4
-1
0
-1
0
0
1
0
-1
2
-6
16
-20
11
-7
6
-8
2
1
1
-1
1
-4
3
-3
-1
3
1
-3
-2
3
0
0
-10
-6
25
-28
22
-10
2
2
0
-2
-3
6
-11
6
-42
109
-84
17
-47
107
-53
-46
-54
154
-19
-77
8
-47
279
-299
83
-22
37
-12
-24
13
0
-24
38
-19
13
4
76
-333
324
-61
-1
-55
20
46
-182
218
-66
-23
27
-17
-9
40
-35
13
1
0
-8
6
-5
6
-10
13
-9
-6
25
-28
8
3
-1
-1
-1
4
-5
1
2
0
-2
3
-2
-3
0
-2
1
2
2
-6
11
-20
14
-5
1
0
-2
0
0
-2
1
0
-1
4
-15
20
-13
6
-4
-1
-1
1
0
2
1
-4
1
-1
-2
-1
4
-5
0
0
1
-3
-9
26
-26
5
8
-12
9
-6
4
-7
6
1
-2
-14
35
-41
9
17
-28
22
65
-219
181
-46
-22
54
0
58
-324
332
-77
-4
-14
17
-39
19
0
-9
7
14
-18
-14
104
-119
20
-11
13
-18
42
31
-56
-39
65
-29
13
10
-17
0
13
-16
12
-6
7
-3
-2
3
0
-2
1
8
-22
13
3
-5
3
-4
6
-6
3
-2
2
0
-7
7
-10
9
-6
-1
5
-4
0
-2
3
1
-9
4
1
-1
0
1
0
-1
-1
1
-1
-5
9
-1
-3
1
-1
3
-5
2
5
-11
10
-9
5
0
-3
2
-4
4
-6
4
-3
4
-4
-15
19
-9
-1
1
0
-3
2
4
-8
6
-12
16
-13
0
16
-12
-14
29
-65
36
55
-31
-42
15
-15
9
-21
118
-105
12
17
-16
-8
4
0
12
-14
-13
15
42
-35
-73
81
-44
4
43
-13
10
-11
-36
33
-18
17
-23
22
-12
9
-14
8
-2
-3
5
-3
4
-1
0
-5
1
7
-6
-1
0
-1
4
-9
6
-7
5
5
-13
11
-11
9
-8
8
0
-6
4
-3
3
-5
6
-4
0
0
-2
-1
0
0
-1
-1
1
-1
-2
4
-7
4
-3
3
-3
6
-1
-8
8
-10
11
-11
11
-6
-6
6
-6
7
-5
0
-1
0
5
-7
-4
4
-1
1
-3
3
-6
2
2
-8
11
-8
10
-23
23
-18
18
-34
34
10
-10
11
-44
-5
42
-82
73
35
-43
-17
10
12
-17
0
16
-22
0
-12
54
-45
32
-31
0
12
-15
26
-30
20
-3
-2
-2
2
-7
-1
3
0
1
-2
-4
3
-4
4
-4
0
-3
5
-3
-3
4
-3
1
0
-2
0
2
-2
2
-2
-4
0
7
-6
4
-9
6
-1
-4
0
1
0
-1
1
-4
2
-1
-1
0
0
0
0
0
-3
3
-2
1
-1
-3
-2
3
1
-7
7
-6
5
-7
0
2
2
-3
1
-2
-1
1
-1
-2
3
-4
1
2
-6
2
-1
4
-3
1
-3
2
1
-2
-3
-4
1
6
-3
-1
1
1
-21
29
-27
13
-13
-2
31
-33
45
-54
10
-3
22
-21
0
-3
1
2
-15
27
-19
-7
8
8
5
-8
-20
36
-27
5
6
-14
10
-4
8
-7
6
-4
3
-2
-1
1
-2
5
-3
3
-8
14
-10
1
1
1
-2
1
-2
-2
5
-6
5
1
-5
1
2
-6
6
-1
-1
-2
2
-2
0
2
-2
1
0
0
-1
0
0
0
0
0
0
-1
0
-1
0
1
-2
2
1
0
-7
5
-2
-2
4
-1
-5
6
-6
1
1
-3
1
-2
-1
-2
9
-15
8
-4
2
-4
3
-1
1
1
-5
4
-7
8
-8
4
-11
15
-6
-7
25
-38
18
7
-6
-8
-9
7
20
-29
13
-5
-2
-2
0
1
1
-4
0
2
4
-8
4
-16
28
-20
-13
26
-7
-4
4
-2
-16
18
6
-9
-4
6
-4
0
2
-1
2
0
-1
-3
2
-5
6
-2
3
-3
1
-1
0
-1
1
-3
-1
2
3
-9
2
3
-1
-4
4
-5
2
3
-4
3
-2
-2
-1
0
-1
-1
0
0
0
0
1
1
0
-3
3
-3
-2
4
-5
3
1
-4
-3
8
-4
-2
1
3
-2
-1
-1
0
-2
4
-3
1
-7
5
-3
3
-1
0
-2
0
-2
0
3
-6
5
9
-6
-19
15
1
-5
3
6
-26
12
18
-30
14
-5
7
-5
-2
-2
2
-3
-6
0
0
-5
1
8
-20
12
15
-27
27
-7
-30
34
-11
-24
43
-23
1
2
-2
-1
2
5
-8
9
-3
-2
0
1
1
-4
4
-1
-8
6
3
-5
-1
0
-2
5
-8
3
-6
5
1
-7
6
-2
-6
2
1
-2
1
-4
0
0
0
0
-2
1
-2
0
0
0
0
-1
1
-3
1
-2
0
-1
-2
3
-2
1
-3
-3
5
1
-8
6
-1
-7
4
-4
6
-6
0
0
-2
4
-5
-7
7
1
-6
3
-1
-2
0
2
2
-9
9
-5
-3
2
1
-3
-1
22
-45
22
10
-36
29
5
-27
26
-15
-12
19
-10
-3
3
-5
0
-5
7
-3
-1
-1
7
-13
-5
18
-18
42
-35
-10
9
5
6
-14
5
8
-10
2
4
-1
0
-6
2
1
4
-5
3
1
-2
-1
2
-5
5
-4
3
-4
1
2
-5
2
4
-7
3
4
-4
-3
1
1
2
-2
-1
6
-6
0
0
0
-1
-1
-1
-1
0
0
0
-1
1
-1
-1
0
5
-7
0
2
-2
-1
-1
2
3
-4
-4
6
-3
-2
4
-2
-2
3
-3
1
-6
5
-4
-1
1
0
-3
4
-4
-1
-2
5
-1
0
-4
-1
10
-8
-6
13
-7
-5
-9
10
33
-42
16
-20
4
14
-8
1
1
0
-8
1
0
-4
7
-3
-3
8
-27
40
-35
30
-20
-10
20
-2
-4
-12
7
3
-8
16
-10
0
6
-5
5
-6
-1
1
0
-3
2
-2
1
-2
-2
3
0
-3
3
1
-6
3
-1
0
-4
5
-3
0
1
-1
1
0
1
-4
6
-5
1
-2
0
1
-2
0
-1
-1
0
-1
0
-1
1
-2
-1
2
-2
5
-7
5
-2
1
-2
1
-2
-1
1
-4
3
-1
0
-5
4
-2
-5
2
-1
-4
2
1
-1
1
-2
1
-1
-2
0
5
-6
5
-6
0
10
-17
7
-3
-8
11
3
2
-20
8
18
-31
35
-42
26
-11
1
0
-7
0
0
-5
5
-2
-2
-6
5
9
-11
-6
15
-13
16
-7
3
-28
19
1
-12
16
-6
1
0
0
0
1
-1
3
0
-2
0
-4
7
-3
-1
1
0
-1
2
-2
2
0
-1
-1
-1
4
-6
0
5
0
0
-2
1
-3
1
2
-5
0
2
-2
0
1
1
0
0
0
0
-1
-1
2
-4
-2
5
-3
-3
3
-1
0
0
0
-5
-1
6
-5
1
0
1
-1
-2
2
-3
2
-1
-1
0
3
-8
3
1
1
0
-4
1
-1
0
0
-1
-1
5
-18
11
-2
-19
27
-5
5
-17
11
-17
4
11
-11
-5
5
1
-2
-7
0
0
3
-3
-3
-2
12
-22
22
0
-8
-8
6
2
11
-20
0
10
-7
6
-5
5
-1
3
-1
1
-2
1
-1
-1
-2
2
4
-2
-4
4
2
-4
2
-2
-2
3
-5
5
-6
6
-4
5
-7
2
1
2
1
-8
6
-2
1
-1
1
-1
-1
0
0
-1
0
0
-1
-1
-1
-1
-1
1
-2
0
-1
2
-5
7
-2
-3
-3
-2
6
-5
3
-6
6
-6
5
-4
2
2
-3
4
-1
-5
3
2
-4
-1
2
0
0
-1
2
-1
1
-4
1
-4
5
-7
8
-10
-1
19
-13
-4
-7
7
7
-1
-23
22
-13
2
0
1
-8
0
-1
2
0
-5
2
2
3
1
-7
-4
9
-7
4
-11
9
3
-5
4
-10
7
1
-4
4
-3
0
1
0
1
0
0
-2
2
0
-5
4
1
-5
1
0
-1
-3
4
-2
0
1
-2
-3
3
-4
2
-1
3
-6
2
2
2
-4
2
-1
0
0
-1
0
0
-1
0
0
-1
0
-1
3
-2
-3
-2
6
-4
1
-3
3
-4
3
0
-2
0
1
-4
3
0
-1
-2
3
-2
-4
4
-2
-2
2
0
0
-1
-1
0
0
3
-4
3
-2
-8
8
-5
3
-4
-10
10
-6
5
-10
2
4
-2
-5
-3
-3
2
-2
-3
-4
0
-1
2
-4
3
-10
12
-20
23
-20
12
0
-10
6
3
-9
-1
6
1
-13
9
-1
-1
-2
3
-5
4
-4
0
1
0
-2
4
-4
3
-2
-4
4
0
4
-8
0
4
-1
-4
2
-2
1
-2
0
0
-4
3
-3
1
-1
-2
0
0
1
0
0
-2
0
0
0
0
-1
0
-1
-1
-1
1
2
-1
2
-3
3
-2
-1
2
-2
1
-3
2
1
-5
-1
8
-4
-1
-5
2
2
-3
3
-5
3
-1
0
-1
4
-5
4
-4
0
0
0
-10
12
-1
-6
1
7
-5
-8
8
-2
-14
19
-23
19
-15
9
-5
0
-3
-3
0
0
-2
0
0
-6
0
18
-14
-3
2
-4
4
12
-15
2
-4
7
-3
-1
4
-2
-3
4
-3
2
-2
-2
8
-4
0
0
-3
4
-2
-1
0
4
-5
0
1
-1
-3
-1
5
-2
-3
3
-1
1
-2
4
-5
3
-2
0
2
-4
1
-2
1
0
0
-1
0
0
-1
0
-1
1
-2
4
-2
0
3
-5
4
-5
2
-1
0
-3
2
2
-5
-1
2
0
-2
-3
4
-5
-1
-1
2
-6
3
0
0
5
-9
1
2
-3
2
-5
4
2
-4
-1
1
-7
3
-4
14
-14
-6
2
-3
3
13
-18
-2
5
-2
-2
0
-5
0
4
-15
18
-17
13
-13
19
-15
-2
13
-11
14
-44
71
-81
69
-36
8
1
4
-6
3
-1
0
-2
3
4
-12
21
-20
4
-1
-1
9
-13
4
9
-13
8
-4
1
-1
-3
1
1
-1
3
-2
-2
2
-2
2
-6
5
-3
2
-5
3
-3
0
0
0
0
0
0
-1
0
-1
2
-4
3
-3
2
-6
6
-3
2
-2
2
1
-4
0
-2
-1
2
-1
-2
3
-9
12
-9
-4
12
-11
0
0
-5
20
-22
13
-4
-4
0
-1
0
-3
6
-4
0
-9
36
-70
81
-71
42
-15
9
-14
1
14
-20
13
-15
15
-20
14
-8
0
0
0
-1
-2
1
2
-13
18
-6
0
-12
17
-20
1
25
-20
-4
8
17
-22
4
-3
8
-6
-3
9
-3
-2
0
0
-2
6
-1
-2
2
1
-6
5
-4
0
4
-6
5
2
-9
5
2
-4
0
1
0
2
0
-6
5
-3
0
-1
-1
0
-1
0
0
0
0
0
0
-1
-1
0
-1
2
-6
5
0
-2
-1
0
-1
3
-2
-6
7
-3
-6
5
-4
-1
3
-6
5
0
-3
3
0
-6
1
0
1
1
3
-9
3
5
-8
3
-6
22
-17
-8
3
19
-25
-2
18
-19
9
-2
5
-18
12
-3
-1
0
-2
-2
-5
0
2
-2
-7
8
-3
-2
17
-27
14
-7
-1
0
11
-16
14
-11
3
-14
12
6
1
-5
-4
5
-1
-1
2
-4
-5
22
-17
5
-6
3
3
-6
2
3
-4
-3
7
-4
0
-4
4
1
-5
1
-1
0
-1
-1
0
0
0
-3
1
-1
0
-1
1
-1
0
0
0
0
-1
0
0
0
-1
2
-2
-1
-1
0
1
-1
1
-2
3
-3
-4
3
-1
4
-8
2
3
-3
-2
6
-4
-5
5
-5
16
-22
5
5
-3
0
1
-5
4
4
-2
-6
-12
13
-5
10
-14
14
-12
-1
-1
6
-17
26
-18
0
2
-10
5
1
-5
0
-5
8
7
-17
7
6
-16
10
-2
2
-5
2
-5
4
-4
8
-12
-2
12
13
-22
8
-6
8
-4
0
2
-7
4
10
-11
2
1
-1
-3
1
0
-1
-2
6
-9
5
-3
-2
4
-1
1
-2
-2
4
-1
-1
-1
-2
2
-3
-3
3
0
-1
-1
0
0
0
-1
1
0
0
1
-3
1
1
-3
1
0
-1
0
-5
1
2
-1
1
-4
1
2
-6
8
-7
2
-1
0
-2
1
-1
-2
-2
10
-10
-4
6
-3
-2
3
-8
7
-10
23
-12
-13
2
12
-8
2
-6
3
-3
4
-4
0
-10
17
-5
-8
16
-10
-8
1
0
-1
8
-14
4
3
-6
2
7
2
-12
8
0
-16
14
-4
0
-9
9
-6
18
-14
-11
22
-23
14
-7
7
-5
4
-5
7
-3
-1
-3
3
-3
2
-3
3
-5
1
1
1
0
-6
3
-1
-1
1
1
-5
5
-8
6
-3
-2
0
1
-2
1
-1
0
0
0
0
-1
1
-1
1
-2
-1
1
0
-7
7
-7
4
-2
-3
1
1
-3
4
-1
-3
-4
-2
4
-3
3
-3
1
-4
2
0
2
-9
6
-5
5
-7
6
-14
23
-23
11
14
-18
5
-11
9
0
1
-16
16
-2
-9
9
-3
-7
-1
5
-4
-5
11
-9
-4
0
-3
32
-45
9
8
-9
13
-10
8
-6
1
0
-3
3
-2
-7
1
9
-10
24
-32
16
-17
23
-4
-6
0
4
-9
9
6
-5
-7
6
0
-2
3
-4
3
1
0
-4
4
-3
1
2
0
-4
4
-2
1
-2
-3
2
2
-2
0
0
-1
0
1
-1
-1
0
0
0
-1
0
0
-2
-1
1
-2
-3
3
2
-2
-1
-5
3
-1
-3
-1
2
-4
3
-2
-2
-3
4
-3
1
0
-6
6
5
-8
-10
9
-4
1
6
5
-23
15
-15
32
-24
10
-9
-2
6
1
-4
1
-2
-3
5
-8
10
-15
8
-9
-11
42
-33
-3
0
3
-12
8
-6
-2
7
-1
-1
-5
5
-2
-1
-1
-1
-4
2
4
-3
0
24
-62
56
-14
-5
6
-9
10
-5
-6
7
-6
5
-4
1
-3
5
-2
-5
4
-4
1
2
-2
-1
-3
4
0
1
-1
0
-4
1
3
-2
0
2
-1
-2
1
0
1
0
1
0
-1
0
-1
-1
0
1
1
-2
0
1
-3
-2
3
0
1
-2
-1
-3
2
0
2
-2
-2
3
-5
5
2
-6
2
-2
3
-6
5
-9
7
4
-12
8
-7
4
16
-57
62
-24
-1
3
-3
-3
3
0
-1
-1
1
-7
4
0
0
-7
0
4
-12
11
-7
0
-6
18
-6
-22
22
-12
4
-2
8
-10
0
5
-4
1
-3
0
3
-5
0
28
-33
-6
21
-9
2
0
-5
11
-20
20
9
-27
11
-1
1
1
-1
-2
2
3
-3
-4
3
-4
7
-3
-4
3
-4
6
-4
-2
0
1
-1
2
-2
-3
2
0
-1
0
0
0
0
-1
0
-1
-2
1
1
-3
1
0
-1
1
3
-7
1
-3
3
1
-7
4
-4
4
1
-4
-3
2
0
-2
-1
-1
-12
26
-9
-20
20
-11
5
0
-2
9
-22
6
32
-29
0
3
-4
0
3
-3
3
-5
-1
8
-10
0
-5
10
-22
21
3
-18
2
0
10
6
-3
-4
2
3
-3
-4
1
3
0
-4
-1
1
-1
-2
1
3
1
-3
-4
1
4
-1
-4
-2
3
1
-2
-3
-1
0
2
1
0
-2
-1
0
2
1
0
0
1
0
-1
-1
2
1
0
0
0
0
0
-2
-2
0
0
-1
0
0
0
-1
0
0
0
-1
0
-1
0
0
-1
-1
-1
0
0
-1
-1
-1
-1
-1
-1
-1
1
-1
-1
0
1
-2
-2
-1
1
1
-1
-2
-3
0
2
2
1
-3
-4
0
3
0
-4
-3
3
4
-1
-5
-1
2
0
-3
0
2
-2
-5
-2
3
2
-3
-3
2
1
-7
-11
