17
-18
-4
-6
-1
-4
-4
1
-4
-7
6
1
-13
7
-9
-1
-2
-11
19
-10
-3
3
-3
2
-5
10
-13
-1
6
-4
2
4
-14
9
-1
-2
3
-1
-1
-3
4
-5
2
3
0
0
-1
-1
1
-4
0
2
-3
0
-1
-2
3
-2
-1
-2
0
1
0
0
-1
-1
1
-1
1
0
1
-1
4
-1
1
2
-2
3
1
-3
2
-1
-1
0
1
3
3
-5
5
-2
-1
-2
4
-1
0
9
-14
5
3
-3
6
-2
-13
11
-4
4
-2
4
-2
-11
21
-10
-1
2
-5
11
-10
4
9
-4
-3
4
-1
0
2
0
0
-12
18
-19
-3
-4
-3
3
-17
6
-7
10
-25
12
-4
3
5
-11
-14
5
12
0
-35
21
9
-13
-8
35
-40
5
11
-17
12
-3
-5
12
-13
4
2
-9
6
-7
9
0
0
-5
3
-6
7
-3
5
-8
8
-6
-2
4
-4
-1
1
0
0
-1
0
-1
-1
0
0
0
-1
1
0
-1
1
-1
2
-1
-2
5
-2
-4
9
-8
6
-3
8
-6
3
-3
-1
0
10
-6
6
-8
3
5
-12
15
-5
-2
13
-16
11
6
-39
38
-6
-10
10
22
-34
0
13
7
-13
-7
7
6
-1
16
-22
13
-5
10
-13
6
0
4
1
-10
16
-18
-3
-8
-1
-2
-10
-5
5
30
-52
43
-39
-39
40
-1
-8
79
-146
90
-5
-30
-6
9
54
-88
30
21
-9
-14
-25
73
-73
46
-16
0
0
0
20
-24
9
-1
-6
18
-16
11
-28
29
-18
12
-7
4
-7
7
-4
-1
0
-1
-1
-1
0
-1
-1
0
-1
0
0
-1
0
0
1
0
1
0
-2
8
-6
5
-7
14
-17
30
-27
12
-16
18
-5
-1
9
-24
19
1
0
0
-16
47
-73
73
-24
-14
-9
21
32
-88
55
9
-4
-28
-3
92
-144
80
-7
2
44
-35
-36
45
-49
35
8
0
-5
1
2
0
2
-11
17
-19
-5
-3
-4
-9
3
6
-27
6
22
14
-66
34
-32
-10
167
-173
-139
251
-26
-141
79
-9
99
-108
9
32
-60
39
-22
-11
-9
153
-205
97
-14
-3
10
5
-16
2
-6
6
13
-8
-13
7
2
-6
13
-13
-3
7
-1
1
0
-7
2
-3
-2
1
-1
0
0
0
0
0
-1
-1
4
-6
1
2
0
8
-2
-13
14
-6
3
6
-13
-7
14
6
-6
3
-16
4
12
-2
-13
99
-206
153
-9
-10
-20
40
-59
33
11
-108
100
-8
80
-140
-25
251
-138
-171
168
-6
-28
37
-62
17
25
9
-25
11
7
-5
-1
4
1
-11
18
-20
-3
-2
-5
-1
-23
16
16
-27
-42
85
28
-117
10
89
2
-169
199
-162
65
2
-99
307
-408
288
-164
143
-52
-64
96
-99
37
83
-100
9
-19
24
30
-36
38
-26
6
-2
1
-12
34
-36
27
-11
8
-9
-7
7
-6
7
-10
-1
14
-11
-1
1
-2
-1
0
0
-1
2
0
-9
14
-1
-9
7
-5
7
-7
-9
9
-11
28
-37
33
-12
1
-2
5
-27
37
-37
31
25
-18
10
-99
83
37
-99
96
-62
-51
143
-163
289
-408
308
-98
4
66
-160
201
-167
3
93
13
-115
30
88
-38
-25
18
19
-19
0
-2
6
2
-12
20
-20
-3
-10
5
-15
18
-27
15
-2
-11
70
-176
127
-23
32
47
-214
123
-29
17
22
15
10
-66
-22
158
-195
173
-136
33
-122
294
-168
-8
6
66
-137
84
-6
13
-20
3
12
-11
-1
-5
36
-47
37
-24
11
-31
64
-53
26
-18
13
-21
27
-23
5
0
0
-1
1
0
6
-23
28
-20
13
-18
27
-51
65
-31
11
-23
38
-46
35
-5
-1
-11
12
4
-20
13
-5
84
-135
66
7
-8
-169
294
-121
33
-135
174
-193
159
-21
-65
11
16
24
18
-29
124
-213
48
37
-21
131
-174
73
-9
-1
17
-23
22
-11
9
-2
2
-13
18
-17
-4
-7
4
16
-79
73
-43
-13
62
-26
-53
23
69
-19
-33
-69
69
-50
-67
207
-102
-184
443
-446
302
-212
115
-69
34
12
-15
66
-13
-146
102
-49
70
-12
-26
26
-17
12
-17
30
-35
21
-13
6
-13
21
3
-34
20
-8
6
-5
-17
22
-13
6
-2
0
-1
0
-2
5
-12
24
-17
-5
7
-7
21
-33
4
21
-12
7
-12
23
-33
30
-16
13
-16
26
-25
-15
70
-48
102
-146
-12
66
-15
13
35
-68
116
-211
305
-446
444
-183
-100
208
-67
-47
69
-67
-32
-16
72
27
-50
-21
64
-10
-40
77
-75
19
7
2
-1
-11
16
-16
-9
-1
-10
-6
73
-110
-28
116
-39
3
-11
-52
-16
126
-92
83
-22
-203
278
-305
398
-372
189
-93
52
87
-181
140
-48
-25
31
39
-66
-6
-38
58
41
-39
-14
-12
63
-38
-7
39
-66
28
23
4
-42
12
10
-11
19
-24
17
-4
-18
13
6
-6
0
-1
1
1
0
-5
5
13
-17
-3
19
-25
20
-11
11
13
-41
4
24
28
-64
39
-6
-37
63
-12
-14
-39
41
59
-38
-6
-65
42
31
-25
-47
141
-180
88
53
-91
190
-370
401
-304
281
-202
-21
85
-91
130
-13
-49
-8
7
-36
119
-26
-105
77
-4
-7
6
-4
-8
20
0
-75
31
7
10
15
26
-100
75
-46
1
-20
-34
-16
156
-51
-74
67
-24
8
-34
36
-69
54
20
-96
54
41
-33
7
-13
13
11
-49
37
10
-68
59
6
-17
0
-10
25
-6
-11
4
-13
22
-5
-9
31
-41
13
-14
13
-13
21
-18
-4
10
-5
0
0
0
0
0
-5
11
-3
-17
22
-12
15
-14
14
-40
33
-8
-4
23
-13
6
-10
-5
24
-10
0
-17
4
59
-68
11
39
-48
10
13
-12
9
-33
42
55
-96
21
55
-68
37
-32
9
-23
67
-73
-50
158
-12
-32
-16
4
-43
77
-97
31
18
13
11
39
-69
10
19
-47
74
-26
-191
149
446
-771
668
-966
624
375
-328
-824
1088
551
-1443
741
-446
388
-24
-74
-515
745
9
-449
84
175
-65
-86
58
71
-96
4
47
-4
-10
-63
32
85
-20
-109
40
82
-22
-62
-2
49
37
-81
-11
45
22
-33
10
-20
-12
38
-20
0
6
-2
-10
1
6
1
-9
-1
7
1
-19
39
-13
-17
10
-32
23
46
-11
-82
38
50
-2
-62
-21
81
39
-107
-20
86
33
-63
-10
-5
47
5
-96
72
60
-85
-65
177
85
-447
10
747
-513
-73
-23
389
-445
742
-1442
555
1090
-822
-324
378
626
-962
669
-768
448
153
-188
-19
79
-38
61
-110
153
-130
162
-112
-317
545
19
-649
306
-91
-186
1628
-765
-3102
3608
-804
-341
210
-421
197
640
-285
-958
890
-129
-4
-10
-123
248
-346
91
382
-354
-91
277
-280
228
186
-531
136
451
-366
-64
209
-206
159
133
-342
54
277
-136
-129
107
15
-46
20
-4
-7
8
12
-21
-8
23
-7
-20
12
10
-6
-3
20
-45
17
108
-128
-136
277
55
-339
134
158
-205
209
-65
-365
451
137
-531
186
227
-279
277
-89
-353
381
91
-346
250
-123
-10
-2
-128
890
-956
-286
641
199
-421
210
-340
-803
3609
-3100
-760
1631
-182
-87
307
-644
21
550
-314
-108
165
-121
158
-103
89
-107
126
-63
-120
134
-249
113
1633
-2591
945
-64
335
-747
-445
3832
-3769
1114
-469
324
-184
-95
575
-494
296
-165
-95
141
122
-256
114
-41
-100
267
-330
577
-581
490
-422
-105
396
-508
701
-490
384
-224
-206
325
-409
400
-198
170
-45
-156
169
-168
84
19
-8
-4
-11
15
-6
-27
46
-27
-5
15
-10
-4
-5
18
84
-162
170
-158
-45
172
-196
397
-408
329
-206
-224
384
-489
699
-505
396
-104
-422
490
-580
576
-328
268
-100
-41
116
-257
124
143
-92
-165
296
-494
577
-93
-184
325
-468
1116
-3768
3835
-442
-744
337
-61
946
-2585
1633
117
-246
138
-116
-56
130
-97
105
-31
-99
24
75
-195
666
-748
576
-625
410
-185
666
-1350
1871
-3715
3449
-1231
657
-458
298
-344
265
-598
1471
-1108
205
-41
-125
168
-364
545
-404
315
-163
16
41
-144
152
-154
160
-213
249
-340
476
-462
547
-482
371
-331
280
-284
311
-361
257
-217
97
96
-100
65
-55
39
-37
26
-25
28
-37
40
-54
66
-99
98
97
-215
258
-359
311
-282
279
-327
372
-483
548
-463
476
-341
248
-214
162
-154
153
-142
41
15
-162
314
-404
547
-365
170
-125
-41
207
-1107
1473
-598
267
-344
299
-456
659
-1229
3450
-3712
1875
-1346
669
-182
413
-620
577
-744
669
-191
78
33
-92
-26
104
14
-180
136
11
179
-895
1126
-1709
1923
-456
-312
351
-746
-141
1835
-1689
918
-620
20
172
-416
681
-631
666
-322
-18
-57
167
-119
-191
330
-445
576
-179
-145
305
-673
444
49
-189
558
-635
145
61
-338
653
-442
287
-117
-222
242
-164
138
19
-111
54
-32
12
44
-46
32
-50
50
-41
50
-50
32
-45
45
10
-30
57
-116
20
141
-164
243
-223
-118
288
-440
652
-336
63
145
-634
553
-187
48
443
-672
306
-144
-178
579
-445
330
-190
-117
168
-58
-16
-321
668
-630
685
-416
174
21
-619
920
-1688
1838
-139
-742
353
-308
-454
1924
-1706
1129
-891
181
14
142
-174
22
63
-49
6
8
-167
-126
1089
-1158
433
-178
97
-90
-70
54
-760
2280
-1356
-550
393
294
-183
-461
569
-90
-102
234
-492
387
-252
106
305
-341
-72
237
-118
4
63
-8
-222
424
-78
-542
344
444
-503
-182
438
-88
-137
109
-78
-48
223
-108
-199
206
8
-79
8
30
-19
15
-7
-21
32
-21
-5
15
-18
31
10
-79
9
206
-198
-107
225
-47
-77
108
-136
-87
438
-182
-502
443
343
-544
-78
424
-221
-7
63
6
-116
237
-72
-342
306
106
-251
389
-492
236
-101
-88
570
-462
-182
296
394
-550
-1355
2283
-756
58
-66
-88
99
-174
435
-1152
1092
-121
-164
15
11
-41
29
-87
169
-180
248
174
-1316
1156
121
-408
-303
635
-259
94
854
-2270
1571
-434
273
-279
87
745
-798
-616
1080
-135
-318
170
-46
-58
55
0
20
15
-135
46
175
-129
-103
106
23
34
-24
-176
91
241
-167
-235
227
151
-216
-44
97
15
-9
-10
-44
24
52
-40
-29
33
1
-11
4
-10
1
34
-28
-41
53
24
-43
-9
-8
15
98
-44
-216
154
228
-235
-167
242
91
-173
-26
33
24
108
-103
-128
174
46
-134
15
20
1
58
-58
-46
172
-315
-136
1082
-616
-798
748
88
-278
275
-433
1572
-2266
856
97
-256
637
-300
-404
124
1159
-1310
176
251
-172
175
-81
28
-64
56
-119
123
-24
356
-654
245
-8
12
-133
848
-638
-534
346
227
-99
265
-485
399
-573
123
624
-215
-154
-48
-13
42
16
-7
52
-66
105
-151
53
10
5
-9
21
-8
-6
-12
0
13
10
3
-9
-16
-4
20
-7
12
-14
-16
4
11
10
-13
-3
-3
1
0
0
0
1
0
3
-2
-3
-11
11
12
6
-15
-13
12
-5
22
-2
-15
-9
3
10
14
-1
-12
-5
-8
21
-7
5
11
53
-150
105
-66
52
-6
17
44
-12
-46
-151
-213
626
125
-573
401
-483
267
-99
228
349
-531
-635
850
-129
15
-5
247
-650
359
-21
126
-112
60
-54
19
-41
41
-14
-22
12
-76
89
-29
-6
-10
-1
67
-64
54
-270
250
37
-137
98
-49
11
-16
-17
64
-22
-58
39
0
-6
-12
18
-13
23
-42
40
-14
-6
8
-5
2
1
2
-2
0
2
-1
1
3
-3
-5
1
-3
0
-4
6
-1
-6
0
3
-1
-2
0
-1
-1
-1
0
-1
-1
3
0
-5
0
8
-3
2
-2
3
-3
-2
4
1
-1
2
0
0
1
1
1
-6
8
-5
-14
41
-41
24
-13
20
-11
-6
1
40
-58
-21
65
-16
-15
13
-47
100
-136
38
251
-267
58
-61
70
2
-7
-2
-27
93
-72
15
-18
-8
46
-32
12
-20
9
-23
13
-14
37
-59
4
15
2
-17
7
-29
-92
361
-279
-24
61
-15
5
11
-32
86
-134
69
-13
8
2
-7
-9
9
-11
15
6
-22
2
11
-6
6
-4
1
1
0
-1
0
2
-1
-2
2
-5
4
-5
2
-4
1
-4
0
2
-2
-2
-1
0
0
0
0
-1
-1
0
-2
2
1
-4
5
-1
4
-5
4
-4
2
-1
-1
2
0
-1
0
1
4
-4
6
-7
11
2
-20
7
15
-11
10
-8
-6
3
9
-12
70
-134
88
-32
12
7
-13
64
-22
-278
365
-90
-26
10
-16
4
18
6
-57
41
-11
16
-15
14
-11
18
-20
0
-7
-5
19
-69
58
-52
66
-36
-1
-15
18
-51
40
12
9
-33
12
-16
35
-43
92
-172
88
14
-17
-7
13
8
-23
3
7
-1
-9
3
9
-7
0
2
2
-1
1
1
0
0
0
-2
-2
0
1
0
-3
-1
0
-1
2
-4
0
-2
-1
-1
-1
0
0
0
0
-1
0
-2
1
1
2
0
-3
2
1
0
-1
-1
1
-1
0
1
1
-2
2
2
0
-7
9
3
-8
0
8
3
-22
9
14
-6
-14
15
90
-172
93
-40
37
-16
13
-32
9
13
43
-47
21
-12
1
-33
69
-50
61
-65
24
-2
-1
6
-10
19
-20
-8
1
-13
-5
36
-45
-9
35
-12
-19
25
-33
-23
50
-12
-9
5
-13
5
6
-18
52
-67
16
-4
5
12
-14
-5
7
4
-9
12
-9
-1
6
-4
1
1
2
-1
2
-3
0
0
0
0
-6
5
-3
0
1
1
-4
3
-5
2
-2
-1
0
-1
0
0
-1
-1
0
0
-1
2
-4
4
-3
1
2
0
-3
6
-3
1
1
0
-1
-2
3
-2
0
1
0
-4
7
-1
-8
11
-10
4
9
-5
-14
12
6
-1
18
-66
54
-16
6
6
-11
7
-8
-11
53
-21
-30
28
-17
-9
36
-6
-42
40
0
-9
7
-3
-10
20
-20
-5
-7
7
-2
-29
21
-6
-12
40
-55
27
-33
-16
108
-92
13
-4
3
1
-24
29
-10
2
-4
0
2
-18
15
-9
8
-6
4
1
-9
4
1
-2
-1
-2
1
1
-1
-1
0
1
-3
1
-2
2
-2
-3
2
-1
-2
1
-2
-1
0
-1
-1
-1
-1
0
-1
1
1
0
1
1
-1
1
0
0
3
-2
-2
2
-2
2
-2
2
2
0
0
1
1
-1
0
-1
2
5
-9
2
4
-6
7
-8
17
-17
3
-1
-3
3
-9
30
-24
1
5
-2
13
-91
111
-12
-29
30
-52
43
-10
-4
25
-25
1
10
0
0
-12
19
-19
-2
-7
-2
-1
-7
-2
16
-28
12
-15
-17
43
-14
-46
41
-11
-2
4
-6
-7
19
-34
21
-9
14
-10
3
-9
7
-8
5
-3
-1
-4
2
3
0
0
0
0
1
0
-1
1
0
-1
1
-2
-3
1
2
-2
-2
-1
-1
0
-2
1
-2
-1
-1
0
0
-1
0
-1
-1
1
-1
0
1
1
0
-2
2
2
-3
-1
2
-3
1
1
-1
1
1
-1
0
-1
-1
2
4
-2
0
-2
5
-8
7
-8
4
-9
15
-10
23
-32
20
-5
-6
5
-1
-10
42
-42
-11
46
-13
-11
14
-23
18
3
-4
5
0
0
3
-12
17
-19
-5
-4
-7
-2
6
-16
13
-20
9
-15
3
3
-12
21
-28
16
-10
-5
10
-12
13
-8
4
-4
-9
7
0
-3
-4
-2
2
0
-1
1
-3
2
-2
1
-1
1
-1
0
2
-2
0
1
0
-3
1
-3
-1
0
-2
-2
0
-1
-2
0
0
0
0
0
-1
1
-1
0
-1
1
-2
0
1
-1
0
1
-1
-2
3
-1
1
1
1
-2
2
0
-1
1
0
2
-2
2
-2
2
-1
1
2
-1
-3
-2
1
9
-8
-3
5
-6
15
-12
11
-5
-10
18
-27
25
-8
4
7
-10
12
-16
15
-12
11
2
-4
3
1
-10
17
-18
-4
-6
3
-2
-24
19
-17
9
1
-12
-3
2
1
-20
17
-11
1
12
-16
6
-1
-9
21
-18
1
-2
3
-5
1
-4
5
0
-3
4
1
-2
1
0
-1
0
1
-3
3
-2
1
0
-2
0
-1
-2
0
1
-1
-2
1
-2
-1
-1
-1
-1
-1
-1
0
1
0
-1
0
1
-1
1
2
-1
1
0
1
0
0
1
-1
1
2
-1
3
-2
1
2
0
2
2
-2
2
4
-3
-1
5
-3
1
-3
4
0
2
-18
22
-7
-1
7
-16
13
2
-9
18
-17
3
6
1
-7
5
12
-14
22
-20
3
5
2
0
-11
15
-18
-3
-5
-4
-5
9
-14
0
2
-7
6
-13
3
2
-3
-16
7
-1
9
-17
1
6
-10
14
-10
-2
0
-4
5
-3
-2
2
-2
1
1
-2
2
0
1
-3
3
1
1
0
-2
3
-1
-1
0
-2
0
0
-2
1
-4
2
-1
-1
-1
0
-1
-1
0
-2
0
-1
0
0
0
0
0
3
-2
3
-1
1
0
0
1
-1
-1
3
-2
-1
0
0
2
-3
2
0
2
-1
3
0
-2
2
-1
-2
5
-3
2
-1
-10
15
-9
9
2
-16
9
0
10
-15
0
6
8
-10
10
-5
5
2
-10
12
-3
-1
2
2
-9
15
-17
-4
-4
-5
-2
-7
1
-1
-6
-1
1
0
-19
37
-67
38
2
-6
-5
2
-16
23
-20
19
-13
0
-2
0
-3
1
-3
2
-2
0
-1
1
1
0
0
0
1
0
0
0
-1
3
-2
-2
1
-1
1
-4
1
-3
0
-2
-1
-1
-1
0
0
0
0
0
0
0
-1
-1
0
-1
1
-1
1
0
1
-3
1
0
2
-1
-3
3
-2
1
0
1
0
1
-1
0
0
1
-1
1
-2
2
-1
1
-2
2
0
1
-13
20
-19
25
-16
3
-3
-5
4
39
-64
40
-17
3
6
1
-3
1
5
-4
2
-2
3
1
-8
15
-17
-3
-6
-1
-3
-9
3
-4
-2
-5
4
-2
-12
14
-19
1
5
-1
-7
6
-7
7
0
-14
4
4
-5
0
0
0
-2
2
0
-2
0
3
-4
2
1
-2
0
-1
0
1
-2
0
2
-3
2
-4
0
-1
0
0
-2
0
1
-2
-2
0
0
-2
-1
0
0
0
0
1
0
-1
1
0
-1
1
0
0
1
-2
2
-2
2
0
-2
2
1
0
1
-2
1
3
-3
4
-1
-1
1
2
-1
0
1
0
-4
6
6
-14
2
7
-6
7
-5
0
5
2
-17
17
-9
2
7
-1
0
-2
7
-5
0
2
1
2
-10
15
-18
-4
-4
-1
-3
2
-8
8
-17
1
2
-7
12
-9
8
-10
-7
-4
0
-4
-2
9
0
-4
5
-6
0
-10
-2
-5
2
2
2
5
-3
0
-3
-4
-1
0
2
2
3
0
-1
-1
-3
-3
-1
-1
1
-1
2
-1
-3
1
-4
-1
1
-1
-2
-1
-1
-1
0
0
-1
0
1
1
-3
2
-2
-1
2
1
4
0
0
-2
-2
0
-1
1
3
2
3
0
-1
-4
-4
1
-3
6
4
2
3
-4
1
-10
1
-3
6
-3
0
10
0
-3
0
-3
-6
-9
10
-7
15
-4
6
3
-13
10
-7
7
0
1
3
0
-10
24
-24
-2
-10
5
-1
-15
0
5
-6
-3
-6
-7
20
-21
-15
26
20
-90
78
-30
23
-17
4
4
-51
98
-89
31
2
3
7
-24
-5
41
-45
17
2
-17
25
-5
-5
7
6
-16
12
-16
4
10
-5
-1
2
1
-1
1
-2
-6
0
0
1
0
-1
0
-2
0
-1
0
-1
1
2
0
1
-5
0
2
1
1
1
0
-4
11
6
-16
12
-16
5
7
-5
-4
25
-16
2
18
-44
41
-4
-24
8
4
2
32
-88
99
-49
5
4
-17
24
-29
80
-88
20
27
-13
-18
24
-3
-3
-1
-1
7
5
-11
2
8
-3
3
-16
27
-53
58
-8
-63
23
5
-14
4
7
-12
1
-8
4
-7
5
-15
9
0
-21
9
62
-84
18
-4
25
-7
-43
36
0
-11
-2
13
-27
36
-17
-2
4
-7
14
-15
6
3
-1
-9
14
-9
5
-3
0
-1
2
-2
0
0
-1
-1
-1
-1
-2
1
-1
1
-1
1
-1
1
-1
2
-1
0
1
0
0
1
1
-1
2
-1
2
-2
5
-9
14
-8
0
3
7
-15
14
-7
4
-2
-16
36
-27
13
-1
-9
1
38
-41
-6
26
-3
19
-83
64
10
-19
2
9
-14
7
-4
8
-5
4
-8
10
5
-12
8
26
-59
0
63
-46
21
3
-21
-19
3
7
-4
-9
1
3
-4
-7
-1
2
-4
-8
1
5
-3
-8
-1
7
1
-9
-7
4
7
-1
-7
-5
0
1
2
1
-1
-4
-1
3
3
-2
-3
1
3
0
-2
0
2
-1
-3
-1
2
-1
-2
0
0
-1
-3
0
0
-1
-2
-1
0
0
-2
-1
1
0
-1
1
1
0
-2
-1
1
1
-1
1
2
0
-2
0
3
2
-1
1
2
1
-3
-2
4
4
-1
-2
-1
2
2
1
0
-4
-6
1
8
5
-7
-8
2
9
1
-8
-1
5
2
-5
-1
4
3
-4
-1
6
2
-5
0
12
6
-14
-16
8
