0
0
-3
0
3
-9
6
3
0
-8
2
3
-10
4
3
-28
78
-63
-13
21
20
-11
-34
38
-9
-16
16
2
-11
7
-4
9
-18
8
4
-14
17
-8
2
0
-5
1
4
-4
-2
-1
5
-5
1
1
-3
4
-4
3
-4
1
0
-1
0
0
0
1
0
1
0
0
-1
1
0
0
-2
0
-1
-2
3
-4
3
-4
1
-1
-2
5
-6
0
2
3
-4
-2
4
-2
-2
8
-18
13
-5
-9
17
-10
3
-7
12
-2
-17
15
8
-38
34
12
-19
-21
13
63
-79
27
-4
-6
9
-4
-4
6
0
-4
-7
7
-5
-3
1
-5
0
4
-7
2
-3
-5
11
-10
10
-3
-3
-7
11
-20
28
-42
93
-139
90
-30
4
11
-1
-18
29
-35
21
2
0
-11
6
0
-12
33
-35
18
-5
10
-12
0
1
5
-3
-3
8
-20
22
-8
0
-1
0
-3
1
0
0
-2
-1
2
-3
0
1
-1
0
0
0
0
-1
0
-1
0
1
-1
0
1
0
-1
-1
3
-2
0
-1
7
-23
20
-9
4
2
-6
-2
0
11
-10
4
-19
34
-32
12
0
-6
10
0
-1
-22
36
-30
18
0
-12
-4
29
-89
139
-94
40
-29
18
-12
6
2
-2
-10
9
-11
4
2
-5
5
-10
0
1
0
-1
5
-17
15
2
-15
5
12
-15
-1
2
15
-31
63
-95
31
46
-31
-9
2
5
-12
58
-47
-4
10
-5
4
4
-6
-3
3
-7
-9
21
-5
-3
-1
-3
4
-2
-1
6
-12
8
-7
4
-2
3
-2
0
1
-1
-1
-1
0
0
-1
1
-1
0
0
0
0
-1
-1
0
-1
0
0
0
-2
0
1
-3
2
-6
7
-8
11
-7
1
0
-5
3
0
2
4
-22
9
6
-4
3
6
-4
-5
6
-10
4
45
-58
12
-5
-4
8
31
-47
-32
93
-63
31
-16
-3
0
13
-16
-5
15
-3
-16
14
-7
-2
-1
-5
0
-3
4
-5
12
-20
8
-3
10
-12
2
-4
13
-24
23
-34
83
-81
12
16
-9
7
-7
30
-55
30
-11
4
-5
10
-9
15
-19
3
4
-2
4
-12
2
6
-6
5
-10
18
-31
35
-28
11
1
-1
-3
2
-1
-2
0
1
-1
-2
1
-2
1
-2
-1
0
0
-1
-1
1
-1
1
-2
1
0
-1
-1
1
1
-3
3
0
-2
-12
27
-35
29
-19
10
-7
4
-6
-2
11
-4
0
-6
-4
18
-16
8
-12
4
-5
10
-31
54
-32
6
-8
9
-16
-13
81
-84
31
-24
23
-15
2
-4
11
-12
1
-8
19
-14
2
-6
0
0
-7
9
-7
0
5
-7
3
-9
8
-3
-3
4
-9
10
9
-33
-8
53
-35
6
9
11
-23
-12
5
19
-16
11
-3
1
-3
9
-6
5
-10
14
-7
1
-1
1
-1
-3
1
5
-4
4
0
-4
-1
3
-4
2
0
0
1
-1
0
0
-2
0
0
-1
0
0
-1
0
-2
-1
1
-1
-2
0
0
0
1
-3
3
-6
1
3
-1
-6
6
-5
-2
3
0
-2
1
-2
5
-14
9
-5
5
-9
5
1
2
-10
14
-18
-5
11
21
-12
-9
-6
33
-54
8
32
-10
-11
8
-5
2
1
-9
9
-6
5
-5
-1
4
-11
3
0
-4
5
-5
-2
4
1
-4
2
-10
5
3
-9
4
-6
15
6
-30
10
6
-4
-4
46
-63
19
20
-27
8
-2
6
-8
7
3
-8
2
7
-12
3
4
-5
-3
11
-4
-21
33
-34
28
-16
7
-5
2
0
-1
0
-1
2
-5
3
-5
4
-4
1
0
-1
0
1
0
-2
3
-4
4
-4
3
-2
0
-1
0
-1
-2
4
-7
14
-29
33
-34
20
4
-12
2
4
-5
-5
11
-8
-1
7
-3
-7
7
-8
2
-9
27
-22
-20
63
-46
4
3
-6
-11
29
-6
-17
5
-6
7
-4
-7
8
-3
3
-2
-5
0
1
-6
-1
0
-40
33
-9
3
-1
-4
-1
13
-18
15
-6
-2
-5
7
7
-8
0
-2
-9
15
-5
5
-9
1
5
-3
2
2
-1
3
-12
12
-2
-4
-3
10
-5
3
-2
-5
12
-14
11
-16
17
-5
-2
-2
2
-2
0
2
-1
3
-1
0
1
-2
2
-1
0
0
1
0
-1
0
0
0
-2
2
-1
0
2
-3
2
-2
-1
1
-3
1
1
4
-18
16
-12
12
-11
4
1
-3
5
-10
1
3
1
-13
12
-3
1
-1
-2
3
-6
-1
7
-5
4
-15
9
3
0
7
-10
-9
4
1
4
-17
17
-13
1
4
1
-4
7
-34
36
0
6
-23
1
40
-29
-27
40
14
-40
-3
18
-1
-1
1
-23
17
26
-31
-13
32
-9
10
-41
38
-20
33
-39
28
-17
6
-11
27
-21
1
2
0
2
-4
3
-2
-1
2
6
-7
0
1
-1
2
-3
0
-1
0
-1
-4
4
-3
1
-2
0
0
0
-1
0
0
0
-1
-1
-1
0
2
-1
1
-4
2
1
-1
0
-1
1
-2
0
-2
-1
7
-6
-1
1
0
-4
4
-3
0
-2
-3
20
-27
10
-6
17
-28
38
-33
18
-39
41
-11
10
-31
12
30
-27
-17
22
-2
0
0
-20
1
39
-15
-38
25
28
-41
-5
23
-10
0
44
-14
-6
88
-51
-158
110
-45
45
30
-6
-33
16
-20
-56
-24
215
-107
-9
31
-17
-26
-13
29
-12
13
-3
-8
7
1
-17
7
11
4
-17
14
-5
-2
4
-7
8
-11
5
9
-17
8
2
-3
1
-2
0
1
-2
0
2
-3
-2
1
0
0
1
0
0
0
-1
0
-1
-1
0
-1
1
1
-2
-1
2
-1
0
1
-3
3
-3
-10
17
-11
-6
10
-9
6
-4
1
4
-14
17
-6
-13
-7
16
-2
-7
8
2
-13
12
-29
12
24
17
-32
9
106
-215
24
54
19
-17
32
4
-31
-47
45
-110
157
48
-91
4
14
-49
0
50
-38
3
110
-55
-198
118
102
-84
-22
73
-99
44
93
-108
-28
79
20
-75
-11
84
-34
-17
-27
83
-62
-21
32
19
-26
16
-1
-12
1
1
2
-5
4
-9
13
-5
-8
0
1
10
-14
2
2
1
-2
1
-3
1
-1
-2
1
1
-4
2
0
-2
1
-1
0
0
-1
1
-1
-3
5
-3
-2
1
0
-2
2
-3
1
0
-2
-1
13
-12
-1
0
7
4
-14
9
-3
3
-4
-1
-3
12
1
-16
26
-19
-31
21
60
-84
27
17
34
-86
10
75
-22
-78
28
107
-95
-46
96
-74
21
82
-102
-119
197
52
-111
-5
37
-54
0
2
-8
-9
34
67
-225
210
-166
164
-115
94
-91
66
-185
342
-88
-238
138
-25
58
-66
107
-151
110
-73
83
-48
4
2
7
5
-21
16
-7
-1
3
-1
-4
5
2
-13
12
5
-27
34
-28
14
-7
2
-1
-1
2
-2
1
-2
-2
3
-7
6
-4
2
0
1
0
-1
1
-2
5
-7
6
-4
1
1
-1
2
-2
1
0
-3
7
-16
28
-34
26
-5
-12
12
-3
-6
3
-1
-3
1
5
-16
20
-5
-7
-3
-4
48
-84
74
-110
151
-108
65
-57
24
-139
237
88
-343
184
-67
89
-95
113
-165
166
-210
224
-67
-35
7
6
-6
0
-57
64
-3
-118
225
-216
59
95
-149
117
7
-66
-82
300
-423
428
-350
120
100
-117
19
96
-120
47
-20
28
-4
-28
23
-1
-7
-3
13
-11
-7
13
-5
1
1
1
-7
4
-9
26
-34
17
-1
-3
2
-1
0
0
-2
2
-2
3
-2
-1
3
-4
2
0
0
0
0
-1
-2
3
-4
0
2
-3
1
-2
1
1
0
0
-3
3
0
-17
33
-27
8
-4
5
-2
-1
-1
4
-14
6
9
-14
3
5
0
-24
28
3
-28
18
-48
119
-96
-19
116
-100
-121
350
-428
419
-302
79
65
-8
-118
148
-95
-60
215
-225
117
0
-65
52
0
-33
-1
4
-33
177
-232
40
122
-36
-16
-2
-47
-77
186
37
-244
123
-15
95
-76
18
-92
106
0
-39
-15
13
34
-31
8
-11
5
0
6
-5
-2
2
-3
2
-5
19
-31
14
3
3
-10
3
0
0
1
-3
1
-1
-1
1
0
-1
-1
0
-1
0
-1
0
0
0
0
-1
0
0
1
0
-1
-1
0
1
-2
2
-2
0
0
-4
9
-4
-4
-15
30
-20
4
-4
3
-4
1
4
-7
-1
-6
9
-8
29
-35
-14
14
37
0
-107
91
-19
75
-96
14
-123
244
-39
-186
76
46
1
13
34
-122
-40
230
-178
31
-6
-1
29
0
8
-3
-2
87
18
-173
119
-168
76
-20
124
-95
145
-232
145
18
14
-149
55
87
-76
73
-33
-14
37
-53
-9
23
-5
-3
18
-13
1
11
-11
3
0
0
-2
8
-24
20
-6
-3
11
-10
2
0
-1
1
-2
0
-1
-2
1
-1
-1
1
-1
-3
0
0
-1
0
-1
0
0
2
1
-2
0
0
-2
0
-1
0
2
-1
0
0
-2
9
-12
2
5
-20
25
-9
1
-1
-1
-4
10
-11
-1
13
-18
2
5
-24
9
53
-38
13
33
-74
75
-88
-55
148
-14
-18
-147
230
-146
94
-126
18
-78
167
-119
172
-18
-89
1
1
-13
0
48
-6
-44
13
188
-227
38
-126
184
43
-142
32
179
-182
18
-91
-14
176
-44
-73
27
73
-4
-80
10
60
-27
-21
1
14
16
-23
2
-2
14
-10
2
-3
0
4
-3
8
-10
0
3
-1
-1
2
-3
2
-1
-1
3
-4
-1
1
1
-2
-1
0
0
0
0
0
0
0
-1
0
-1
2
-1
-1
-1
2
-3
1
1
-2
3
-3
0
1
-5
0
8
-8
4
-5
1
3
-3
9
-13
1
-3
22
-15
-14
-1
21
26
-61
-10
81
3
-74
-26
73
42
-176
14
90
-19
180
-181
-33
141
-45
-185
126
-40
226
-189
-14
41
4
-52
0
58
-82
77
-128
126
12
-95
23
93
-156
103
50
-138
218
-298
67
176
-135
82
-30
-100
165
-93
-6
57
-60
11
33
-27
11
-11
7
-1
3
-2
0
-2
-1
1
3
-15
16
-6
-4
5
3
-6
4
-4
2
-1
2
-2
1
0
-5
5
-4
-1
1
-2
-1
-1
0
0
-1
1
-2
0
3
-6
4
-2
-2
2
-2
2
-3
3
-4
4
-3
-5
4
5
-18
14
-5
-1
-1
1
-1
1
-3
0
-7
10
-12
26
-34
-12
60
-57
5
93
-165
101
30
-81
134
-177
-67
297
-220
138
-51
-105
154
-96
-23
92
-14
-128
127
-79
80
-62
0
-16
15
-41
148
-337
317
-132
136
-129
35
-9
14
-262
472
-295
111
-17
7
-83
108
-128
111
-48
45
-73
60
-35
14
0
11
-23
19
-15
14
-9
1
-1
0
0
-8
18
-16
9
-5
-2
6
-4
1
1
-5
2
1
-3
3
-4
5
-5
2
0
-1
0
0
-1
0
0
0
-2
1
-1
-2
4
-5
3
-4
4
-1
-4
3
-3
-1
4
-7
2
6
-9
14
-19
8
0
-2
1
-1
8
-14
14
-20
22
-11
1
-15
36
-61
72
-46
47
-111
128
-109
83
-7
16
-111
294
-474
261
-16
7
-37
127
-136
133
-317
334
-149
38
-15
13
0
-90
102
-14
-117
178
-223
182
38
-171
166
-130
30
206
-414
301
-112
83
-4
-94
61
6
-57
99
-90
35
21
-53
48
-26
-6
29
-20
-4
12
-4
-3
2
-1
-5
13
-20
11
6
-8
2
-1
3
-3
-3
3
-2
0
0
-1
1
-1
0
0
3
-2
-1
-1
0
0
0
0
-1
2
-4
1
0
1
-2
0
0
1
1
-4
1
2
-4
0
-2
8
-8
-11
20
-13
4
1
-2
1
4
-13
3
20
-29
5
25
-48
53
-21
-36
89
-99
57
-6
-62
93
3
-84
111
-300
413
-207
-31
128
-166
169
-38
-182
222
-179
116
12
-103
85
0
-81
34
-11
85
-103
42
62
-64
-94
156
-22
-73
-75
178
-50
-121
184
-82
-22
-33
84
-6
-77
47
27
-25
-26
39
-13
-3
-2
5
5
-16
13
-4
-1
2
-3
-8
13
-7
-9
17
-13
2
1
2
-3
2
0
-1
1
1
-2
0
1
-2
-1
0
0
0
1
0
-1
0
2
-1
0
0
-1
-1
1
-1
-2
0
0
-3
3
-3
-2
-4
13
-18
9
5
-13
8
0
-3
-1
3
-14
14
-5
-5
2
2
14
-39
27
24
-28
-48
78
5
-84
32
21
80
-186
120
48
-180
74
71
21
-158
94
63
-64
-42
101
-88
9
-36
76
0
-20
-21
39
-84
36
119
-104
-10
-40
96
-15
-68
221
-336
131
89
-48
-18
12
-29
-14
67
-28
8
-20
-6
4
20
-9
0
-6
-6
10
-1
0
-1
1
-3
4
0
-9
13
-1
-10
-2
5
-2
2
-4
3
-2
0
-1
0
-2
-1
-2
1
-1
0
-1
0
-1
0
0
-1
-1
0
-2
-2
1
0
0
-1
-1
0
1
-3
3
-2
2
-6
1
9
-1
-15
9
-1
-4
2
-1
1
0
-1
-10
5
6
-1
9
-20
-4
5
20
-8
28
-69
13
29
-12
17
49
-89
-134
335
-222
67
14
-98
38
9
102
-120
-37
82
-41
19
16
0
34
-23
-11
70
-72
-70
120
-77
35
38
-31
-16
35
31
-100
22
29
-8
-7
6
-26
56
-28
-5
16
-17
24
-22
3
6
-11
3
6
-2
4
-4
0
2
-2
-1
2
4
-1
-2
-3
1
1
-1
0
0
-1
1
0
0
-3
3
-1
0
0
-1
0
-1
0
0
-1
0
0
1
-1
-1
0
-3
3
-1
0
-2
2
-1
-1
1
0
-3
1
3
0
-6
-1
1
2
-2
0
2
-3
2
-6
-3
10
-5
-4
22
-24
17
-17
5
28
-56
26
-6
6
8
-29
-22
98
-31
-36
15
27
-41
-36
77
-119
70
70
-71
9
22
-39
0
67
-29
-28
45
-4
-29
22
-32
17
10
-16
-3
10
-3
17
-16
4
-25
30
-8
-7
6
-2
4
-4
-4
11
-6
0
-3
8
-4
-5
3
-2
0
-2
3
-4
3
-4
1
3
-6
5
-4
-1
2
-1
0
-2
1
-2
1
-1
0
2
-2
0
0
-1
1
-1
0
-1
-1
0
-1
-1
1
-2
0
0
-2
2
-2
1
-2
0
-2
1
4
-7
4
-5
-1
3
-3
1
-3
1
0
-1
-4
4
4
-8
3
0
6
-10
4
4
-5
2
-6
7
7
-31
24
-5
16
-18
2
-11
1
15
-12
-19
31
-25
28
2
-47
25
28
-70
0
65
-48
15
-19
25
-30
33
-31
23
-16
16
-14
-45
89
-43
2
-8
9
-19
27
-5
-14
8
2
2
-4
6
-6
4
0
2
-5
3
1
-1
-2
1
1
-1
2
-2
-1
1
1
-1
1
1
-1
-1
1
-2
1
0
-1
0
-1
1
-1
0
1
0
-2
0
0
-1
1
0
-1
-1
1
-3
1
0
0
0
-2
2
-3
0
1
-1
0
0
-2
-1
0
1
-3
1
-2
-2
1
1
-2
-3
4
-2
0
-3
6
-7
4
-1
-2
-8
15
5
-29
17
-9
8
-2
42
-90
44
13
-17
15
-27
30
-34
30
-28
16
-17
47
-70
0
45
-16
-10
7
-17
26
-22
2
3
13
-16
8
0
-7
-1
6
11
-22
11
3
-11
17
-10
-2
4
0
1
-1
-1
1
0
0
0
-2
2
-3
2
-1
-1
0
-1
2
-3
2
-2
-1
0
-1
-2
0
0
-1
1
1
1
-2
1
-2
2
-1
0
-1
-1
0
0
0
0
1
-1
2
-1
2
0
0
-1
0
-1
-2
-1
1
0
-1
1
-3
3
-3
0
-1
-1
0
-3
2
-3
2
-2
0
0
-2
-1
1
-2
0
-3
2
9
-18
12
-4
-12
22
-12
-6
-1
7
0
-9
15
-15
-5
-2
22
-27
15
-8
8
14
-50
0
21
-2
-12
8
3
-13
23
-46
37
-6
-10
-4
14
-5
5
-16
14
-6
-7
12
-8
1
5
-3
-2
-2
4
-1
-1
-1
-1
2
-2
1
-2
1
0
1
-3
1
-1
0
2
-2
0
-1
1
-2
1
0
-1
0
0
0
-1
2
-1
0
0
0
-1
0
-1
0
1
-1
-1
-1
0
-1
1
-2
0
-1
0
1
-1
-1
-2
1
-1
0
0
1
-1
0
0
-1
3
-2
1
-1
1
-2
1
-2
1
0
2
1
-3
1
1
2
-5
-1
8
-12
6
6
-15
15
-6
4
-16
3
9
5
-39
46
-24
12
-4
-10
10
2
-24
0
3
-9
5
1
2
-7
9
-14
6
3
-7
15
-32
42
-38
19
-2
-2
-2
5
-8
5
0
1
-3
4
-1
-1
2
-2
0
1
-2
1
-2
1
-4
3
-1
0
0
0
0
-1
0
0
0
-1
1
-2
1
-2
-1
0
-1
-1
0
-1
-1
-1
0
0
0
0
0
-1
0
0
0
1
-1
0
0
-1
1
0
-3
0
-1
1
-1
-1
0
0
-1
-1
1
-1
0
-5
3
-3
0
-2
0
-2
-1
1
-3
0
-1
-5
4
-2
0
-7
8
-6
1
2
2
-19
36
-43
31
-17
5
-4
-9
13
-10
6
-4
-2
-8
7
-9
0
-11
3
-1
2
-5
5
-13
8
9
-6
0
-1
5
-22
21
-11
1
8
-9
5
-2
-2
2
-2
1
-5
6
-4
0
1
-2
0
1
-2
0
0
0
0
-2
1
0
-2
2
-3
1
-1
0
0
-1
2
0
-1
-1
0
0
-1
0
0
0
-1
0
0
-1
0
-1
0
-1
0
0
0
-1
0
-1
-1
0
-1
0
-2
1
-1
0
0
-3
3
-3
1
-1
-2
1
0
-1
0
-1
0
-2
-1
1
-2
-1
3
-6
3
-2
0
-3
1
1
-7
9
-9
-3
10
-23
21
-7
-1
-1
4
-10
-8
13
-6
3
-3
-3
-5
6
0
-21
14
-3
-1
4
1
-5
-1
14
-14
-2
10
-8
3
-3
-1
5
-3
-2
1
4
-4
0
1
-1
0
1
1
0
-2
2
-1
-1
0
1
0
-1
1
0
0
-1
-2
1
-2
-1
-1
0
0
-1
1
-2
-2
2
0
-2
0
0
-2
-1
0
0
-1
0
0
0
0
-1
-2
-2
1
0
-1
1
-1
-1
1
0
-1
0
0
-1
0
-1
1
-2
1
-1
-1
0
-1
1
-1
-2
-1
1
0
-2
2
0
0
0
0
0
-2
-1
3
-4
-2
0
3
-6
1
2
-5
7
-12
0
12
-15
0
5
-2
-4
-1
0
-14
17
0
-24
19
-4
0
-2
5
-6
2
0
0
2
3
-12
6
1
4
-2
-3
-1
-1
1
0
1
-3
2
-2
0
2
2
-2
1
0
-1
-1
1
-1
-2
1
0
-1
-1
2
-1
-1
0
0
0
-1
0
0
-3
1
0
-1
0
0
-1
0
0
-1
-1
0
0
0
-1
0
-1
-1
0
-1
-1
0
0
0
0
-1
1
-1
-1
0
-1
-1
-1
0
1
-2
0
0
-1
-1
2
0
-1
-1
1
-1
-1
1
-1
-2
0
1
-2
2
-2
0
-3
0
0
1
1
-5
-2
-7
11
-3
-2
-1
0
-2
5
-7
2
0
1
-20
19
0
-9
9
-6
0
0
-4
5
1
1
-4
0
-5
5
-5
4
-7
5
-2
2
-2
0
2
-3
1
-2
1
-2
0
1
0
0
0
-1
-1
1
-1
-2
1
-1
0
-1
-1
0
-1
-1
0
-1
0
0
-3
3
-1
-1
0
-1
0
-1
0
0
0
-1
0
0
0
-1
0
0
-1
-1
-1
0
-1
0
-2
1
1
-3
3
0
-1
-1
-1
-1
0
-1
0
-1
-1
0
-2
2
0
-2
1
0
0
-1
0
-1
0
0
-2
0
-2
1
-2
0
1
-3
1
-7
6
-5
4
-8
2
-2
3
-3
-2
-5
3
1
-3
3
-9
6
0
1
-4
4
-8
8
-3
-5
7
-4
-2
1
-3
-1
-7
11
-9
7
-7
4
1
-5
4
-2
0
2
-4
1
0
-1
1
0
-1
-1
-1
0
-1
0
0
-1
-2
1
-2
-2
-1
-1
1
-1
0
1
-1
0
0
0
0
-1
0
-1
-1
0
-1
-1
-1
-1
0
-1
1
0
0
-1
0
-1
-1
0
-1
-1
-1
-1
0
-2
0
1
-2
0
-1
0
0
-4
1
-1
0
0
0
-1
0
-1
0
-1
-1
2
0
-2
3
-3
-1
1
-4
4
-1
-4
7
-6
9
-13
6
0
2
-2
1
2
-7
3
2
-9
6
-4
4
-6
0
-1
0
-1
-1
-1
0
0
0
-2
-1
0
0
-1
-2
-1
1
1
0
-1
-1
1
0
-1
-1
0
0
-1
0
-1
0
-1
0
0
-1
-1
0
0
0
1
0
0
0
0
0
0
0
0
0
-1
0
-1
0
0
-1
0
0
0
0
0
0
0
0
-1
0
-1
0
-1
0
-1
0
0
0
-1
-1
0
0
0
-1
0
-1
0
0
0
-1
-1
0
0
0
-1
-1
0
0
0
-1
0
-1
0
0
0
-1
-2
-1
0
0
0
-1
-1
-1
0
-1
-1
-2
-1
0
0
-1
-2
0
0
0
-1
-1
1
0
0
-1
-1
