0
-4
1
-2
1
-1
-7
5
29
-28
-3
6
0
2
-29
41
1
-29
16
0
-18
10
15
-28
24
-9
4
-2
-1
0
1
-1
-3
1
2
0
-3
0
0
-2
1
2
-3
1
-1
1
-2
1
1
-3
-1
0
1
-4
1
-1
0
1
0
0
-1
0
-1
-1
0
0
-1
0
0
0
-1
-1
-1
1
-3
0
-2
-1
0
1
-2
-2
0
-1
0
-1
2
-3
-1
1
-2
0
1
-2
-3
-3
2
1
-1
0
0
0
-4
8
-25
27
-15
-10
17
0
-17
29
-2
-43
28
-3
-1
-6
1
27
-30
-6
6
2
-3
-1
-3
-1
0
0
0
-3
1
5
-16
28
-16
-21
17
19
-27
-16
19
15
-53
113
-109
30
11
-2
-6
30
-42
25
-22
9
3
-2
-1
-2
13
-9
-14
18
-6
0
-1
1
-4
4
-1
0
0
2
-1
0
1
-2
-1
0
1
-1
0
0
-1
1
0
0
0
-1
0
0
0
0
-1
-1
0
-1
-1
-1
0
-1
-1
1
-1
-1
0
1
-1
-2
1
-3
0
-1
1
-5
2
-1
0
0
5
-18
13
7
-13
1
-1
2
-3
-10
21
-25
41
-30
6
2
-11
-32
109
-115
53
-15
-21
16
24
-21
-20
19
15
-28
15
-6
-1
0
-2
-4
0
-2
1
-3
0
-6
12
-10
51
-84
42
-42
52
-53
80
-9
-81
112
-136
54
-12
38
-18
8
-54
92
-75
51
-24
-25
78
-82
37
-8
-7
17
-13
3
0
0
-1
-2
-1
4
-3
-1
1
-1
1
-1
0
1
-2
1
-1
2
-2
-1
1
-1
0
-1
0
-1
0
-1
0
0
0
0
0
0
1
-1
-1
-2
2
-1
0
1
-2
0
-2
1
2
-6
0
0
0
-2
-1
-3
13
-18
7
8
-37
82
-78
25
22
-52
74
-92
54
-8
17
-38
11
-55
137
-113
80
8
-82
51
-54
39
-43
82
-52
9
-12
4
-2
0
-2
-3
0
-3
1
-1
0
-7
20
9
-6
-80
28
91
-74
-31
122
-185
237
-147
-47
58
-31
112
-130
119
-103
0
54
-30
23
10
-32
1
13
-13
7
19
-17
0
-2
2
-1
0
1
-6
2
1
-3
3
-2
1
-3
1
-2
3
-3
-1
0
1
-2
1
-2
-1
0
-1
0
-1
-1
-1
1
-1
2
-3
-1
-1
3
-3
1
-2
3
-1
1
-2
2
0
-3
6
-2
-1
0
-1
0
0
16
-18
-8
12
-14
0
31
-10
-24
31
-54
-1
102
-120
131
-113
31
-57
46
147
-238
184
-123
29
72
-92
-29
79
5
-11
-23
6
-1
-2
-3
-1
0
2
0
0
-1
-4
1
40
-81
54
-21
-11
-19
64
-52
40
65
-176
206
-132
-9
-6
39
-4
52
-82
29
7
-19
18
-4
-16
26
-19
30
-28
8
-5
5
-2
-2
5
-10
7
-1
-2
2
-1
0
3
-2
0
1
-2
-2
2
-1
0
-1
1
0
0
-1
0
0
-1
1
0
0
-1
0
-1
0
-2
2
0
-1
-1
2
-3
0
0
-2
1
0
-7
10
-5
1
1
-6
5
-9
28
-30
19
-26
16
3
-19
19
-8
-29
82
-53
4
-39
5
8
131
-206
175
-65
-42
51
-66
17
11
18
-55
79
-41
-2
3
-1
-2
-1
-6
0
-2
1
-2
1
-14
10
57
-77
29
-43
56
9
-30
-98
144
-34
-47
141
-152
45
-57
32
78
-43
-31
29
-20
24
6
-26
-7
47
-56
43
-41
24
-5
6
-8
6
-4
2
-5
5
-3
1
-1
0
-2
1
-2
0
1
-1
-2
2
-2
0
-1
0
0
1
-1
0
0
-1
0
-1
-1
-1
1
-3
2
-1
-2
0
2
-2
0
-1
1
-1
2
-6
5
-4
3
-7
8
-7
4
-24
39
-45
54
-48
6
26
-7
-23
21
-29
30
41
-79
-31
56
-45
153
-142
48
33
-145
96
29
-9
-58
42
-31
76
-59
-10
12
-3
1
-3
-2
0
0
0
0
-1
-9
21
-35
-35
62
51
-70
39
-14
-68
239
-460
391
-163
98
-9
-144
232
-196
14
103
-35
-25
-3
-12
16
47
-60
-11
35
7
-20
6
-4
5
-5
2
2
-5
4
-2
0
-2
0
-2
1
-1
1
0
-2
-1
0
0
0
-2
1
-2
0
0
0
-1
-1
0
-1
1
-1
-1
-1
1
0
-2
-1
2
-2
1
-1
0
-2
2
-5
4
-3
-2
4
-5
4
-7
19
-7
-35
10
59
-47
-17
12
3
23
34
-104
-15
195
-232
143
9
-100
162
-393
459
-237
67
13
-40
67
-55
-63
35
34
-22
8
0
-4
-2
-4
0
2
1
-3
-2
-3
21
-82
54
80
-68
-29
111
-75
-36
22
-68
46
-30
125
-37
-97
100
-117
127
-3
-91
64
16
-58
46
-25
-11
8
18
11
-33
11
-4
4
1
-4
4
0
-4
0
0
1
0
1
-3
3
-3
-1
0
-1
1
0
1
-2
0
-1
0
-1
0
1
-1
0
-1
2
-1
0
-2
0
0
0
2
-3
1
-1
0
-2
-1
-1
4
-1
-3
3
-2
-5
3
-11
33
-11
-20
-8
11
25
-47
59
-16
-64
90
4
-128
117
-101
95
38
-125
29
-47
68
-23
34
75
-113
28
66
-82
-55
80
-22
2
0
0
-1
-6
0
-1
-2
2
-2
-12
20
-24
75
-92
53
-65
77
-72
176
-407
494
-274
-76
115
55
-94
116
-27
53
-231
204
-61
-24
-7
49
-19
1
-37
44
-18
-3
14
-10
0
-2
6
4
-10
1
-2
3
1
-1
0
-3
2
-1
-2
-1
-1
0
0
-1
0
0
0
1
-1
0
0
-1
0
-1
0
0
-1
-1
0
-2
2
-1
-4
0
-1
0
-2
-4
2
-2
9
-3
-7
2
-1
8
-14
2
18
-44
36
-2
19
-51
6
24
61
-204
230
-53
27
-117
94
-55
-113
76
273
-495
406
-178
69
-79
62
-55
91
-75
23
-22
10
1
-5
1
-3
0
5
-7
3
1
0
15
-49
175
-363
244
-66
139
-118
-34
-9
222
-239
89
-45
59
-45
112
-21
-223
148
-42
66
-27
16
-7
-26
39
-5
-1
-16
0
6
-1
0
3
-4
4
6
-9
1
2
0
-1
1
-4
-1
3
1
-3
0
0
-1
-1
1
-2
1
-1
-1
0
0
0
-1
2
-2
0
1
-1
1
2
-2
-3
1
2
-1
0
-1
-2
-2
8
-6
-3
3
-4
0
2
-4
-1
15
-1
4
-40
27
6
-16
26
-66
43
-150
224
20
-111
44
-60
45
-89
239
-223
7
32
117
-139
63
-246
360
-175
49
-18
-2
-2
-6
5
-9
0
-4
8
-7
-1
10
-21
-19
58
11
-74
49
56
-129
85
-25
35
-193
241
-66
-58
5
162
-225
73
72
-34
-38
43
-43
13
19
-52
90
-55
28
-38
13
1
2
3
-8
1
8
-17
10
4
-8
4
1
-3
2
-4
-3
2
-2
2
-1
1
-1
-1
1
0
-1
0
1
-1
0
0
0
-1
0
-3
3
-3
0
3
-4
3
-2
-4
7
-5
-11
17
-8
-1
8
-3
-3
-3
-13
38
-27
53
-91
52
-20
-13
43
-44
38
33
-73
-73
225
-163
-7
57
66
-240
191
-35
24
-86
127
-58
-51
73
-13
-58
19
20
-12
0
4
-10
1
0
-40
52
-13
-6
-4
20
-29
-108
95
194
-262
48
149
-46
-233
248
-98
-24
80
-29
10
-165
302
-157
-15
-1
32
-10
-3
-11
31
-33
32
-29
0
11
6
-2
-11
4
0
-4
11
-1
-11
7
-1
1
0
-1
-4
1
3
-3
-1
1
-1
-1
-2
2
-1
0
-2
0
1
-2
1
-2
2
-1
0
-2
0
1
-2
-1
4
-1
-1
-2
0
-8
12
1
-12
4
1
-5
11
1
-6
-12
-1
28
-33
33
-32
11
3
10
-32
0
14
156
-303
166
-11
29
-80
23
98
-249
232
44
-150
-49
260
-196
-96
107
29
-22
2
5
11
-54
35
0
-57
79
-35
8
17
11
-69
-53
131
9
13
-109
-8
59
15
-25
65
-138
68
104
-158
-16
87
28
-133
175
-74
-7
8
-9
-6
8
14
-41
53
-43
13
12
-10
-2
1
-6
14
-14
7
-2
-1
-1
1
-2
-1
-1
0
-2
1
-2
1
-3
1
-3
2
-1
-1
0
-1
0
-2
2
-3
3
-3
1
0
0
0
1
-1
1
-3
0
0
1
-8
13
-15
5
-1
1
9
-13
-14
42
-54
41
-15
-9
7
9
-8
7
75
-177
132
-28
-87
17
158
-105
-69
138
-65
24
-17
-61
6
109
-16
-10
-133
53
68
-10
-18
-10
32
-80
53
0
-11
2
-42
71
47
-156
102
-23
196
-364
90
143
-153
53
326
-614
621
-478
153
-50
102
78
-116
107
-160
42
25
-11
18
-47
35
11
-29
29
-3
-36
43
-38
18
8
-14
-2
10
-8
11
-6
-7
8
-7
2
1
0
0
0
-2
2
-1
-2
0
-1
0
-1
-1
0
0
1
-2
1
-1
2
-1
-3
1
0
0
0
-1
-2
6
-8
6
3
-11
8
-10
1
13
-9
-19
38
-44
36
2
-30
28
-12
-36
46
-18
10
-25
-42
160
-108
117
-79
-104
50
-154
478
-622
614
-328
-55
152
-144
-92
362
-198
22
-104
156
-46
-73
37
-4
6
0
118
-172
8
99
-150
192
-98
6
-175
303
-60
-50
-82
54
186
-333
129
74
-68
-41
143
-145
51
99
-126
74
-37
15
-19
-13
115
-137
56
-24
17
25
-58
45
-41
43
-20
-14
34
-38
30
-15
2
0
-6
11
-6
-5
4
-3
0
-3
0
-1
-3
4
-3
-1
-2
0
0
-1
1
-4
2
-2
-2
2
0
0
-4
4
5
-12
5
0
-3
14
-31
38
-35
13
20
-44
40
-46
56
-26
-17
23
-57
137
-117
11
19
-15
38
-74
127
-99
-52
146
-143
41
68
-73
-128
333
-186
-54
81
48
58
-304
172
-7
98
-194
150
-101
-12
170
-121
0
120
-203
135
-88
13
24
133
-294
359
-303
122
120
-273
327
-435
438
-360
161
27
130
-259
-22
223
-192
146
-47
12
-23
36
-66
56
-4
-22
6
27
-63
58
-18
4
-5
-18
18
1
-16
25
-14
5
-6
-3
4
2
-4
-1
0
-1
3
-3
0
-1
0
-3
2
0
0
1
-2
1
-1
-1
-1
2
-4
1
0
0
2
-4
-5
4
6
-6
13
-26
15
-2
-19
19
5
-5
17
-58
62
-26
-7
20
4
-58
66
-37
22
-12
48
-148
191
-223
21
259
-130
-28
-161
359
-438
434
-328
271
-121
-122
301
-360
293
-131
-26
-15
86
-140
202
-125
0
61
-116
156
-186
217
-49
-455
360
440
-727
571
-175
-312
478
-371
-11
151
-100
68
68
-276
496
-182
-245
193
-79
32
-21
85
-110
51
10
-32
33
-16
7
-29
33
-28
13
10
-14
-1
11
-17
12
-9
4
1
5
-7
2
1
-1
0
-3
2
-2
2
-2
-2
2
-1
0
2
-4
1
2
-3
2
-3
1
-2
0
-1
-3
7
-6
-3
-5
9
-13
17
-12
0
13
-10
-14
27
-33
28
-8
15
-34
30
-11
-51
109
-86
20
-33
78
-195
244
182
-498
277
-69
-69
100
-151
10
371
-480
312
173
-572
724
-440
-360
453
48
-219
185
-158
115
-65
0
-67
134
-223
218
-98
4
49
29
-77
-45
-65
423
-321
-150
21
368
-153
-140
-156
329
108
-125
-342
242
86
-80
21
-35
18
28
-43
20
5
-18
25
-20
-7
10
24
-36
2
26
-28
6
11
-8
-2
0
1
-2
2
-3
0
-1
-1
2
-2
0
-1
-1
-1
1
0
0
0
-1
1
0
-1
-1
1
-3
0
1
-1
1
-3
1
-2
-1
1
6
-12
-6
26
-28
-4
35
-24
-11
7
19
-25
17
-7
-21
44
-29
-19
35
-21
80
-87
-243
341
125
-109
-331
156
140
152
-369
-22
149
319
-424
62
44
76
-30
-49
-6
97
-220
220
-136
62
0
-110
123
123
-171
-104
-21
409
-371
194
183
-336
-278
467
-192
-70
382
-51
-411
253
6
-211
89
279
-263
166
-135
30
6
-4
66
-92
-1
44
-14
-2
10
-26
14
2
12
-8
-7
-4
20
-15
5
-9
7
-3
-8
11
-3
0
0
-5
7
-6
0
0
0
-2
0
-2
0
0
-2
2
0
0
-1
5
-7
3
-2
0
4
-11
6
2
-8
9
-5
13
-19
4
7
7
-13
-2
-15
25
-10
1
13
-44
0
91
-67
4
-6
-30
135
-166
262
-280
-89
212
-6
-254
411
51
-383
70
190
-468
276
334
-185
-194
370
-410
19
104
170
-126
-124
106
0
25
-17
-139
79
236
-454
775
-1308
1229
-494
186
-111
-326
678
-514
297
-180
41
26
-157
328
-531
641
-406
83
17
0
-31
68
-111
164
-129
-3
22
20
-15
-5
6
-8
14
-11
-1
25
-16
5
-12
10
-9
11
-11
1
1
0
1
-4
-3
6
-2
-2
0
0
0
1
0
-2
0
0
-1
0
2
-7
3
0
0
-2
-2
0
9
-12
9
-11
11
-5
16
-24
-2
13
-15
7
-5
4
15
-22
-23
3
129
-166
110
-68
31
1
-18
-83
405
-641
530
-330
158
-27
-42
180
-297
514
-680
324
110
-187
493
-1229
1306
-775
452
-237
-79
135
16
-30
0
104
-181
148
-20
-232
242
-13
-713
1313
-845
398
-304
281
-329
143
78
-171
195
-45
-7
-172
274
-302
227
-84
15
7
45
-56
-65
140
-180
142
-28
20
-57
50
-32
8
-10
21
-31
41
-11
-9
1
-3
5
-1
-7
3
-4
7
-5
0
-2
2
-2
1
-1
1
-1
0
0
-1
0
-2
1
-1
3
-3
2
-3
6
-9
3
-4
6
1
-5
2
-3
9
10
-41
30
-19
9
-10
31
-51
56
-22
26
-143
179
-142
65
55
-46
-8
-15
82
-228
304
-275
172
7
44
-195
170
-78
-144
327
-283
301
-396
841
-1313
710
13
-244
231
19
-151
179
-107
0
34
-74
88
-89
117
81
-411
-292
1093
-717
251
224
-358
-115
218
-98
-88
291
-302
198
108
-141
-91
81
-33
21
-18
57
-121
149
-107
99
-113
88
-73
47
-2
-31
47
-55
44
-33
32
-27
23
-16
9
-7
6
-7
3
-3
0
1
-3
-2
0
2
-2
0
0
-4
1
0
-3
2
-1
-1
1
-3
-2
1
0
-1
-1
1
-5
6
-6
7
-10
15
-24
26
-33
32
-43
54
-48
30
2
-48
71
-89
112
-99
106
-150
122
-57
16
-21
31
-81
91
141
-110
-199
302
-292
87
98
-219
113
356
-225
-251
715
-1094
292
411
-82
-118
89
-91
73
-38
0
-74
153
-284
313
-132
145
-397
257
36
90
-260
46
105
39
-46
109
-172
-20
-67
355
-140
-351
307
-31
50
-71
31
-7
-53
141
-130
45
-31
3
16
12
-21
12
-20
26
-15
23
-31
16
-6
2
-3
1
6
-16
15
-5
-1
5
-3
0
-1
0
-2
0
-2
1
1
0
-1
-2
0
-1
2
-1
1
-1
2
-5
0
4
-16
16
-6
-1
3
-3
4
-16
32
-22
15
-28
19
-12
21
-11
-16
-3
29
-45
129
-141
52
7
-32
72
-51
31
-307
352
140
-356
67
20
171
-109
44
-40
-107
-46
259
-93
-40
-257
397
-146
131
-314
280
-154
69
0
-174
242
-6
-154
56
-192
684
-538
-29
63
98
-338
437
50
-391
88
96
76
-112
12
-52
36
59
-46
62
-85
48
6
-12
-73
61
24
1
-29
10
2
-1
-7
5
-3
6
-7
-5
4
7
-7
4
-6
9
-9
6
-2
-4
6
-4
3
-4
1
0
2
-4
0
-1
0
0
-3
2
-3
0
-2
5
-3
4
-7
3
1
-6
7
-9
5
-3
6
-7
-4
5
7
-7
3
-5
5
0
-4
-12
28
-2
-24
-61
72
12
-7
-48
85
-64
46
-58
-36
51
-12
112
-77
-96
-89
390
-50
-438
335
-99
-65
28
537
-684
190
-57
152
6
-243
171
0
-79
100
186
-231
-121
362
-555
501
-294
85
196
-315
288
-66
-148
189
-112
-70
167
-149
116
-75
58
-109
129
-50
-15
31
-39
21
6
-32
52
-33
-5
16
-24
33
-22
12
-15
15
-15
1
13
-12
7
-11
5
2
2
1
-5
1
-3
0
-1
-2
2
1
-2
1
-1
0
0
-1
2
0
-3
2
-1
-1
3
-3
3
0
-3
-3
-5
10
-8
11
-14
-2
14
-16
13
-13
22
-35
23
-17
3
32
-52
31
-6
-20
38
-32
14
48
-128
110
-58
75
-116
149
-167
69
111
-190
148
65
-288
313
-197
-86
291
-500
553
-362
119
230
-189
-100
74
0
334
-62
-495
788
-329
-135
107
-186
6
23
526
-619
243
310
17
-931
-183
1434
-1442
1981
-1862
669
198
-1011
1484
-958
330
25
-111
31
-314
537
-283
87
-217
261
-12
-222
203
-53
5
3
-50
89
-355
356
262
-449
96
-297
479
-60
20
-238
93
74
-104
89
-21
-40
7
24
-4
0
3
-25
-7
38
20
-91
104
-74
-93
236
-20
58
-480
297
-96
448
-263
-357
352
-88
45
-1
-7
51
-203
221
13
-264
216
-89
281
-538
315
-32
111
-25
-332
959
-1485
1010
-198
-670
1867
-1984
1442
-1437
182
930
-18
-311
-246
618
-525
-27
-7
185
-107
133
328
-788
493
60
-338
0
46
22
26
18
-99
-43
-40
55
100
-48
-42
213
-655
884
-245
-463
150
505
185
-1045
-70
1593
-1777
835
129
-160
-77
-143
120
142
-68
-166
113
191
-107
-132
94
-29
4
-13
15
54
-7
-31
-48
-35
88
62
-53
-5
-94
84
61
-84
14
-31
25
-1
-15
9
-11
27
-5
0
4
-29
10
-9
14
1
-25
29
-14
83
-62
-86
94
4
52
-63
-89
35
48
28
6
-51
-20
12
-4
30
-95
131
106
-191
-113
166
67
-143
-121
143
76
161
-130
-837
1780
-1596
69
1046
-186
-506
-150
462
242
-885
652
-214
41
44
-100
-56
37
42
97
-20
-29
-23
-51
0
2
-12
14
-12
-10
21
15
-17
-44
65
1
-22
-29
3
46
-36
13
-8
9
-15
-5
15
17
-21
0
3
-10
9
-1
1
-2
-4
3
5
-9
6
-2
0
2
-4
0
-8
9
-2
2
-9
0
5
-4
6
-4
-2
0
3
-3
5
-6
3
1
1
-6
1
1
0
-1
-2
5
-2
-1
-3
6
-5
3
-4
-1
1
4
-6
4
-6
-3
8
-4
1
-10
7
-2
3
-3
-2
1
-6
9
-5
-3
4
1
-1
1
-10
8
-4
-3
21
-19
-14
6
14
-10
7
-14
35
-47
-5
28
21
-4
-67
42
17
-16
-23
9
11
-17
11
-6
0
2
-7
3
0
1
-3
1
6
-7
1
-4
14
-16
2
6
-4
-9
11
10
-19
1
6
1
0
-3
1
-2
5
-3
-2
5
-1
-2
1
-4
1
-4
4
3
-7
2
1
-5
4
0
-5
4
-1
-2
1
1
-2
0
1
2
-5
1
-1
3
-2
-2
1
-1
0
1
-1
1
1
-4
1
-1
3
-2
-2
0
2
0
-2
2
1
-4
4
0
-4
4
-1
-3
6
-2
-5
3
-1
4
-1
1
0
-6
3
3
-5
1
0
3
-1
-1
-7
-1
19
-10
-12
9
4
-7
-3
15
-15
2
-3
5
-7
-3
2
-3
-1
-6
6
-6
0
1
-4
4
-3
0
6
-8
7
-7
6
-9
0
7
-5
5
-7
10
-7
2
-7
9
-5
0
3
0
-1
-1
1
-1
-2
1
1
0
1
-2
-2
0
1
-1
-2
1
-2
3
-2
2
-2
0
2
-2
-3
5
0
-3
1
-1
1
0
-2
0
-2
1
0
0
0
-1
0
-1
1
0
1
0
-1
1
-1
2
0
-5
2
1
-3
-1
1
-2
2
-3
3
-2
1
-1
-1
-1
1
0
0
-1
-2
-2
1
0
-2
-1
1
-1
-3
1
5
-11
6
-2
7
-11
6
-5
5
-8
0
8
-7
4
-7
8
-6
-1
2
-7
4
-5
0
-3
-2
-1
0
1
-6
12
-13
3
-2
3
-7
1
-4
2
-2
5
-8
5
3
-2
1
-3
1
0
-2
3
-1
-1
2
-1
-1
2
-2
3
-2
-1
1
-1
-1
1
-2
2
-1
0
1
-1
0
0
0
1
-2
1
0
-3
0
0
0
-1
0
-1
-2
0
0
-1
0
-1
-1
1
-1
-1
-1
1
-1
-2
0
-1
-1
0
0
0
-2
-1
1
-4
0
-1
0
0
-2
1
1
-4
2
-2
0
1
-2
1
0
-2
0
0
-2
3
-1
2
-4
-5
7
-4
2
-4
2
-4
6
-5
-1
-5
12
-13
4
-3
-2
-4
1
-1
0
2
0
-1
-1
1
0
-1
-2
-1
-1
-2
-3
0
0
-1
-1
1
2
1
0
-1
0
0
-1
0
0
0
-2
0
1
0
-1
-1
0
1
0
0
0
0
-1
-1
-1
0
0
0
1
0
-1
-1
0
0
-1
-1
0
0
0
0
0
0
0
-2
-1
0
0
-1
-1
0
0
0
0
0
-1
-1
-1
0
0
-1
-2
-1
1
0
-1
0
0
1
0
0
0
-2
-1
0
0
-1
-1
0
0
-1
-1
-1
0
-1
-1
-1
0
0
0
0
0
-2
-2
-1
1
-1
-3
-2
1
0
-1
-2
1
1
-1
-1
-2
0
-2
-2
