0
-3
1
-2
0
-4
10
-6
0
0
-1
-1
2
-8
2
3
-7
3
10
-12
2
1
0
1
1
-2
2
-2
1
-1
0
0
0
0
0
-1
0
-1
-1
-1
-1
0
0
-1
0
-1
-1
-1
-1
0
0
0
1
0
-1
-1
0
1
-1
0
0
-1
-1
0
0
-1
0
0
-1
0
0
0
0
-1
-1
0
-1
-1
-1
0
0
0
0
-1
-1
-1
-2
-1
1
0
0
0
-1
1
-1
0
0
-1
-1
0
0
0
-3
1
-1
0
0
-1
-3
12
-10
-4
6
-4
-4
6
-3
-2
-1
-2
0
6
-12
4
0
-2
-2
-2
0
-1
0
-1
2
3
-12
9
-1
-1
-1
3
-8
7
-5
2
8
-6
-15
20
-5
-1
0
1
-1
-6
9
-2
0
0
0
0
-1
0
-1
0
-2
0
0
-1
0
0
0
0
-1
0
-1
-1
0
-1
-1
0
-1
-1
-1
0
-1
0
0
0
-1
0
0
-1
0
-1
0
-1
0
1
-1
0
0
0
1
0
-1
1
0
0
0
0
-1
-1
0
-2
0
0
0
1
0
-1
0
-2
0
-1
0
0
-1
0
-1
2
-10
6
0
-1
-1
1
5
-21
15
5
-8
-2
3
-8
7
-4
-1
0
-1
-10
11
-4
-3
-2
-2
-3
0
-2
2
-2
0
0
0
-1
-1
1
0
4
-16
19
-11
-4
1
4
12
-21
8
-1
1
-1
0
2
3
-4
0
1
0
0
0
-1
0
-1
0
-2
-1
0
0
0
-1
1
0
0
0
0
0
0
0
0
-1
-1
-1
-1
-1
-1
0
-1
-1
0
0
0
0
0
0
-1
1
-1
-1
-1
0
0
0
-1
-1
-1
-1
0
-1
0
-1
-1
0
0
-1
0
-1
-1
-1
0
0
-1
-2
0
0
0
0
1
-1
3
-4
-3
0
1
0
0
-8
21
-12
-6
-2
3
9
-22
14
-4
-1
-3
1
-2
0
0
-2
-1
-4
-2
0
1
-1
0
0
-14
27
-10
-10
7
-2
8
-11
-13
15
14
-35
33
-15
8
-5
-1
1
0
-4
5
0
-3
1
-1
0
0
0
-2
-1
1
3
-3
-1
-1
-1
0
0
0
0
0
-1
0
0
0
0
0
-2
-2
0
-1
0
0
0
-1
-1
0
-2
0
0
0
0
-1
1
-1
-1
0
-1
-2
-1
0
0
-2
0
-1
0
0
-1
0
0
-1
0
0
0
0
-1
0
-3
-2
0
2
-1
-1
-2
1
-1
4
-2
-7
3
0
-2
1
5
-9
14
-33
35
-13
-17
12
10
-10
0
-9
9
10
-28
12
-2
-2
0
-4
0
1
3
-4
1
-8
23
-24
7
2
4
-33
85
-130
146
-157
161
-128
77
-41
4
9
0
-1
-3
9
-9
5
-1
1
-2
0
-1
-2
0
-3
5
-2
0
0
-1
1
-1
0
0
0
0
0
-1
0
0
0
0
-1
0
-1
0
0
0
-1
-1
0
-1
0
0
-1
0
-1
-1
0
0
1
-1
0
0
0
-1
-1
0
0
0
-1
0
-1
-1
0
0
-2
-1
-1
0
1
-5
3
0
0
0
-2
2
-2
0
-4
8
-9
3
0
0
-10
-4
41
-77
127
-162
156
-147
127
-86
32
-4
-3
-8
24
-23
6
-2
2
-4
-5
0
-2
11
-9
18
-54
62
-45
42
-29
14
-31
60
-60
-9
43
-34
31
-17
-6
19
-13
3
6
-25
41
-36
15
0
-2
2
-2
0
0
1
-1
-1
0
1
0
0
0
-1
-2
-1
-1
-1
0
0
-1
-1
0
0
0
-1
1
-1
0
1
0
1
-2
0
0
0
0
-1
0
-1
1
-1
-1
-1
-1
0
-1
-1
-1
0
0
0
-1
-1
0
-1
0
-1
-2
0
0
-2
-1
0
0
-2
-2
0
1
-4
1
-1
-16
36
-42
24
-6
-3
12
-20
5
15
-31
34
-44
7
57
-62
28
-16
27
-44
42
-63
54
-19
7
-12
-2
0
-8
5
-2
-5
48
-91
48
12
-23
17
-18
-5
-2
62
-16
-124
143
-48
18
-51
44
-20
30
-69
81
-50
18
-3
2
0
-1
-3
0
2
-9
8
-3
-1
-2
-1
0
0
0
0
0
-1
-1
0
-1
0
1
0
0
-1
0
1
0
-1
-1
0
-2
-2
0
0
0
0
0
0
-1
0
1
-1
-1
0
-1
0
-2
0
0
0
0
-1
0
0
0
-1
-1
-1
-1
0
2
-9
8
-3
-2
2
0
-1
-2
2
-17
50
-81
68
-30
21
-46
51
-18
47
-144
124
15
-63
1
3
17
-19
21
-14
-49
90
-50
4
-1
-7
3
0
-16
0
8
-3
-32
74
-46
8
-13
14
-16
6
55
-64
-36
45
67
-64
-22
41
-47
55
-72
100
-86
35
-5
1
3
-6
1
5
-4
-5
9
-6
1
0
0
0
-1
0
0
1
0
0
0
0
-1
0
0
-1
-1
0
0
0
0
-2
1
-1
0
0
-1
0
0
0
0
0
-1
0
-1
-1
0
0
0
-1
0
0
0
0
0
0
0
-1
0
-1
0
-1
0
-1
-2
5
-9
3
4
-5
-1
6
-3
-1
4
-37
87
-101
72
-57
47
-41
21
64
-69
-45
34
62
-56
-8
15
-15
11
-8
45
-76
31
2
-11
-1
11
0
-22
18
-1
-24
-1
58
-56
22
-10
11
-13
39
-24
-3
-15
-39
27
3
47
-49
28
30
-66
-3
129
-143
34
10
-2
-1
1
-4
6
3
-5
-2
1
0
0
0
-1
0
-1
0
-1
-1
-1
0
0
0
0
0
-1
0
1
0
-1
0
0
0
0
0
0
0
0
-1
-1
0
1
-1
0
-1
0
0
-1
0
-1
-1
1
-1
0
0
0
-1
-1
-1
-1
-1
0
-1
-2
1
3
-4
-6
3
-2
1
1
-10
-35
142
-130
3
65
-31
-29
50
-48
-5
-27
38
15
2
23
-41
12
-12
8
-22
56
-59
1
24
-2
-19
16
0
-5
6
-14
50
-34
-34
9
36
-10
-10
5
14
-90
70
3
40
-20
-21
-59
57
-39
26
90
1
-162
31
40
16
-7
-3
-2
5
-2
11
-10
1
-1
1
0
0
1
0
0
0
-1
-1
0
0
0
0
-1
1
0
-1
-1
-1
-1
-1
0
0
-1
-1
0
0
-1
0
0
-1
0
0
-1
0
0
0
-1
-1
-1
-1
0
0
-1
-1
-1
0
0
-1
-1
-1
0
-1
0
-2
10
-12
2
-6
3
2
7
-15
-40
-31
163
-2
-90
-26
39
-57
58
21
19
-40
-4
-71
88
-16
-7
7
8
-37
-9
32
33
-52
12
-8
0
0
19
-25
16
29
8
-113
94
-31
4
12
27
-53
-31
104
-111
47
53
-48
-20
-2
34
-16
62
58
-278
113
66
-24
21
-21
7
6
-6
-5
4
2
-3
1
-1
-1
0
0
1
0
0
0
-1
0
-1
0
-1
0
-1
0
-1
-1
-1
-1
0
-1
0
-1
-1
0
0
0
-1
0
-1
-1
0
0
0
-1
1
0
0
-1
-1
-1
0
-1
-1
0
0
-2
0
0
0
-1
2
-3
-5
3
5
-6
-8
21
-22
24
-67
-114
279
-59
-61
16
-33
2
20
47
-53
-48
109
-106
29
51
-30
-14
-6
31
-96
112
-8
-29
-19
24
-24
0
16
5
-13
-43
125
-156
103
-31
0
2
39
-126
175
-161
146
-182
184
-129
58
29
-59
38
55
-68
-131
195
-75
7
10
-13
16
-14
10
-13
6
5
-4
-1
2
-1
-1
-1
0
0
-1
0
-1
0
0
-1
0
0
0
-1
-1
0
-1
0
-1
0
-1
0
-1
0
-1
0
0
0
0
0
0
-1
-1
1
0
0
0
0
0
-1
-1
0
0
-1
1
0
-1
-1
-1
1
2
-6
-7
12
-11
13
-16
13
-9
-7
74
-195
131
67
-55
-39
59
-29
-58
128
-185
181
-145
159
-176
124
-41
-4
-1
29
-104
156
-126
41
12
-6
-19
0
6
-9
7
-70
178
-180
59
29
-20
-16
75
-216
242
-31
-117
41
86
-143
134
-101
79
-66
118
-305
425
-270
64
1
-2
-7
3
7
-10
11
-7
1
1
-2
-2
0
-1
-1
-1
0
0
0
0
0
0
-1
-1
0
-1
0
-1
-1
0
0
-1
1
0
0
-1
0
1
0
0
0
0
0
1
0
1
-1
-1
0
-1
-1
0
0
0
-1
-1
-1
0
-1
-2
-1
1
1
-3
-2
6
-11
9
-7
-3
6
2
-1
-64
269
-425
305
-117
65
-79
101
-133
143
-87
-41
115
29
-243
214
-77
14
18
-29
-59
179
-180
68
-9
7
-10
0
-16
9
6
5
80
-164
61
-17
19
12
60
-180
175
-90
40
23
-10
-83
62
4
-45
35
66
-267
363
-164
-9
11
-4
-2
-3
0
10
-9
4
-1
-4
4
-2
-1
0
-1
0
0
-1
0
1
0
-1
1
0
-1
-2
1
0
0
0
-1
0
-1
-1
0
-1
0
0
-1
-1
1
1
0
0
-1
-1
-1
0
0
1
0
2
0
-1
0
1
-1
-1
-1
0
0
0
-4
2
0
-4
8
-12
-1
3
2
4
-11
8
164
-364
266
-67
-35
44
-5
-63
81
9
-23
-41
89
-177
178
-60
-14
-20
16
-63
162
-81
-6
-8
-11
12
0
-17
16
-32
110
-33
-110
15
52
5
-23
68
-85
16
-31
28
30
11
-52
-17
44
22
-46
47
-47
-31
104
-65
-8
15
4
-10
1
0
2
0
4
-2
-4
3
0
0
-1
-1
0
0
-1
-1
-1
1
-1
0
0
0
-1
0
-1
-1
0
-2
-1
-2
-1
0
0
-1
1
0
0
0
0
0
0
-1
0
-1
-1
0
0
-2
0
-1
0
-1
-1
-1
-1
1
-1
-4
4
2
-5
0
-2
1
-2
9
-5
-15
8
65
-105
29
47
-49
45
-22
-45
17
52
-12
-31
-30
30
-17
84
-71
22
-7
-53
-17
110
32
-111
30
-17
12
0
4
-16
26
-38
38
-26
9
7
-20
24
10
-39
-15
57
-3
-75
38
47
-43
15
-26
27
-16
61
-83
-17
50
12
-26
23
-12
-3
4
1
-9
9
-2
-5
4
-2
-1
-1
0
-1
-1
-1
0
-1
-1
0
0
-1
-1
-1
-1
0
0
-1
-1
0
0
-1
-1
0
0
0
1
-1
-1
0
-1
0
0
0
-1
0
0
0
0
0
1
0
-1
0
-2
1
0
1
-5
3
1
-10
7
-1
-4
2
12
-24
26
-12
-51
16
84
-61
16
-28
25
-16
43
-48
-39
74
1
-59
13
37
-11
-27
19
-8
-9
25
-39
36
-28
14
-8
0
6
11
-10
-65
50
25
17
-65
56
-24
-68
135
-118
66
-53
99
-117
77
-49
32
5
-24
-3
47
-33
-35
43
-4
-9
11
-10
6
-3
1
-4
7
-7
6
-5
1
0
-1
0
0
0
-1
0
-1
0
0
-1
0
-2
0
-1
0
0
-1
0
0
0
-1
-1
0
0
-1
-1
0
-1
0
-1
0
1
-1
1
-1
-1
-1
-1
0
-1
-1
-1
-1
-1
-1
0
-2
5
-7
6
-8
3
-1
2
-7
11
-12
9
4
-44
34
33
-47
2
23
-6
-33
50
-78
116
-100
52
-67
118
-136
66
22
-58
64
-18
-26
-53
64
6
-12
-9
0
3
-3
3
18
-57
61
-15
-18
10
-18
35
-19
-9
5
36
-88
111
-77
11
2
7
-6
-6
26
-13
-26
30
-10
1
-1
1
0
-1
2
-5
6
-3
-1
0
-1
0
-1
0
0
-1
1
1
1
-1
0
1
0
-1
0
0
-1
0
-1
1
-1
0
-1
-1
0
-1
0
0
-1
-1
0
0
0
0
0
1
0
-1
0
1
-1
0
-1
-1
1
-1
0
-1
0
0
0
2
-6
3
-1
0
-1
1
1
-2
10
-31
25
13
-27
6
6
-8
-3
-11
76
-113
88
-36
-7
8
16
-36
15
-12
18
13
-61
56
-20
-5
2
-9
0
-7
14
-15
20
-11
-14
20
-16
6
-2
3
-10
15
-2
-19
9
4
-3
-1
0
1
1
-21
47
-49
33
-17
6
0
1
0
-1
1
0
-2
0
1
1
-1
-1
-1
-1
0
0
0
0
-1
0
0
0
0
0
0
-1
1
-1
0
0
-1
0
0
-1
0
0
0
0
0
-1
0
-1
-1
0
-1
0
-1
-1
1
-1
-1
0
-1
-1
-1
-1
-1
-1
-1
-1
0
-2
0
0
1
-1
-2
1
0
0
0
-7
18
-34
49
-48
22
-2
-1
0
0
2
-5
-9
18
1
-17
8
-4
0
-9
15
-21
12
10
-22
12
-16
3
0
-5
2
1
-2
-15
19
1
-4
-5
-15
30
-18
16
-21
8
8
-18
10
5
-1
-3
-2
-9
26
-24
20
-10
0
0
1
-2
2
-2
2
-2
1
-2
0
0
-1
0
0
0
-1
1
0
1
1
-1
0
-1
0
-1
-1
0
0
-1
0
0
0
0
1
-1
0
0
-1
-1
0
-1
-1
0
0
0
1
1
-1
1
1
-1
-1
0
-1
-1
-1
-1
-1
0
0
-1
0
0
-2
1
-3
2
-2
1
-2
1
-1
8
-20
24
-26
9
1
3
0
-4
-10
19
-8
-10
20
-17
16
-30
12
3
3
0
-22
15
1
-4
-2
0
0
-10
6
-6
10
-38
51
-18
-2
4
3
-33
32
-3
4
-13
-4
19
-24
17
-4
-1
-2
-2
14
-7
-26
26
-5
0
-1
-1
1
-4
1
-1
1
0
-1
0
-1
-1
0
0
0
-1
0
-1
0
-1
0
-1
-1
0
0
0
0
0
-1
-1
0
-1
-1
0
0
-1
0
0
-1
0
1
1
0
0
0
-1
0
0
0
0
-1
1
-1
1
-1
1
-2
-1
0
-1
1
-1
-3
1
-2
2
-2
-1
2
0
4
-27
25
6
-14
1
2
1
3
-19
24
-20
3
12
-3
1
-34
32
-4
-5
2
18
-52
38
-11
2
-7
4
0
-10
4
2
-8
-8
33
-21
5
-8
7
-8
17
-19
10
-7
3
0
2
7
-19
14
-5
-8
12
-9
15
-13
3
1
1
-2
1
-2
1
-1
1
-1
1
0
-1
0
-1
0
0
-1
0
0
-1
0
-1
0
0
-1
0
0
-1
-1
0
-1
0
0
-1
-1
0
0
-1
-1
0
1
-1
-1
0
0
-1
0
0
-1
0
-1
0
0
0
-1
0
0
1
-2
0
0
-2
1
-1
0
-2
3
-2
2
0
-2
-3
12
-15
8
-12
6
4
-16
19
-8
-2
0
-4
5
-12
19
-18
6
-9
7
-6
20
-35
8
7
-5
-5
5
0
-3
2
-2
-1
-3
15
-14
1
3
-3
-5
12
-13
-2
5
2
-6
1
4
4
-6
2
-4
8
1
-1
0
-1
1
0
1
-1
0
-1
0
-1
1
-2
1
0
0
-1
0
-1
0
-1
0
0
-1
-1
0
-1
0
0
-1
0
0
-1
1
-1
-1
0
-1
0
0
0
1
0
0
0
1
-1
0
-1
-1
0
-1
0
0
0
-1
0
0
0
-2
-1
-1
-1
-1
0
-1
0
-2
0
-1
0
0
0
-3
1
-1
1
-1
-9
5
-3
6
-4
-5
-1
5
-2
-6
-1
12
-13
1
1
-5
-3
13
-15
2
0
-1
-3
-2
0
1
-2
-1
6
-12
16
-10
4
-2
-1
-6
8
-11
8
-2
-5
8
-6
0
1
-3
1
-3
8
2
-12
8
-1
-3
1
0
1
-1
1
-3
1
-2
1
-2
0
0
0
-1
0
0
0
0
0
0
0
0
-1
-1
0
0
0
-2
0
0
0
-1
-1
-1
0
0
0
0
0
0
-1
0
0
0
-1
1
0
-1
0
-1
0
0
0
0
-2
0
0
-1
-1
0
-2
2
-3
2
-2
2
-2
0
-2
1
0
-9
13
-2
-8
3
-1
1
0
-1
5
-8
5
0
-9
10
-9
4
-2
-1
-5
9
-16
12
-7
-1
2
-6
0
1
1
-2
2
-12
19
-9
2
-3
-3
8
-10
6
-6
4
-6
6
-1
-6
-1
10
-4
-1
-4
10
-7
-3
0
4
-2
-1
0
-3
2
-4
1
0
1
1
-2
-1
-1
0
0
0
0
0
0
-1
0
1
1
-1
0
-1
0
0
-1
-2
1
-1
0
0
0
1
0
0
-1
-1
0
-1
0
-1
-1
-1
0
0
0
-1
0
-1
-1
0
-1
0
-1
0
0
-2
-2
0
-1
2
-3
1
-1
-1
2
-3
1
2
7
-11
3
-1
3
-10
2
5
0
-6
6
-6
4
-8
8
-10
1
1
-3
9
-20
11
-4
0
-1
-5
0
-1
1
-1
-3
1
7
-4
-1
0
-4
10
-6
-8
10
-13
19
-22
12
4
1
-9
6
-3
3
-9
7
3
-2
-1
1
1
-1
-1
0
2
-2
-1
0
0
2
-1
1
-1
-1
1
-1
1
0
0
-1
0
1
-1
0
0
-1
-1
-2
-1
-1
0
0
0
0
0
-1
0
0
0
0
-1
0
0
-2
0
-1
0
-1
-1
-1
-1
0
0
0
-2
0
1
-2
1
-1
-2
1
-2
0
-1
0
-1
-2
1
2
-3
-7
9
-4
2
-6
10
-2
-3
-13
22
-20
12
-12
8
5
-10
1
-2
-1
3
-8
-1
2
-1
-3
-3
0
-1
-2
-2
-1
4
-7
5
0
-1
-3
-3
6
1
-9
0
-3
13
-10
0
0
3
1
-2
0
1
-2
0
1
0
1
0
0
0
0
0
0
0
-1
0
-1
0
0
0
0
-1
1
-1
-1
0
0
1
-1
1
0
-1
0
-1
0
0
0
-1
0
-1
0
0
-1
1
-1
0
0
0
0
1
-1
0
-1
0
0
-1
0
0
-1
0
-1
-1
-1
-1
0
-2
0
-2
0
0
0
-1
0
1
-1
1
-1
1
2
-2
0
0
1
-4
0
1
8
-14
2
-3
8
-3
-8
1
2
-1
0
-4
6
-5
-1
-1
0
-4
0
3
-3
-3
5
0
-11
10
-2
-1
0
-5
5
0
-4
-3
0
6
-3
-7
5
-1
1
1
-5
2
0
-2
1
0
-1
0
-1
0
0
0
0
0
2
-2
0
0
-1
0
0
0
0
-1
-1
0
-1
0
-2
0
0
-1
-1
0
0
-1
-1
0
-1
-1
0
-1
0
-1
0
1
0
0
0
1
0
0
0
-1
-1
0
0
0
-1
0
0
-1
0
-1
0
2
-3
0
-1
0
0
-1
0
0
0
0
-1
3
-1
-4
4
-3
0
0
-6
4
3
-7
-1
0
2
-3
-7
5
-1
-1
2
-10
13
-3
-7
-1
3
-7
0
-4
2
1
-5
9
-12
7
-2
-2
2
1
-19
31
-18
-13
25
-14
-1
-2
7
-5
1
2
-2
-4
7
-1
-2
1
-1
1
0
-1
1
-3
3
-2
-2
1
-1
-1
-1
0
0
0
0
0
-1
0
-2
0
0
-1
0
0
-1
0
-1
0
-1
0
0
0
0
0
-1
0
-1
-1
0
-1
0
-2
0
0
-1
-1
0
-1
0
-1
-1
0
-1
-1
0
0
0
-2
0
1
-4
3
-2
0
0
-2
0
0
2
1
-7
3
2
-3
-2
4
-7
0
1
14
-26
12
17
-33
17
-1
-3
-1
0
-9
13
-11
4
-3
-4
-1
0
-7
-4
21
-16
6
-9
4
1
1
-4
3
-2
28
-67
26
36
-29
-4
13
-8
5
-4
4
-15
30
-25
7
2
0
0
-1
0
1
1
-4
4
-1
0
0
0
0
0
0
0
-1
1
0
-1
-1
1
0
0
-2
0
0
-1
0
-1
0
-1
1
0
0
0
-1
0
1
0
-1
-1
0
0
-1
-1
-1
0
-1
-1
0
0
0
-1
0
-1
0
0
0
-1
-1
0
1
-5
4
-1
-1
0
0
0
0
0
-7
25
-30
15
-3
4
-6
7
-14
3
29
-37
-29
65
-29
2
-4
2
-3
-1
-4
7
-6
15
-23
4
3
0
-10
-7
30
-16
-1
-5
4
2
-3
1
2
-3
-22
38
0
-55
42
3
-3
-6
-3
6
-6
24
-58
63
-26
4
0
0
2
-1
1
1
-5
5
-2
0
-2
0
0
-1
0
0
1
-1
0
0
0
-1
0
0
0
0
0
0
-1
-1
0
0
0
0
0
0
0
0
0
0
0
0
0
0
0
0
-1
0
0
-1
-1
0
-1
0
-1
0
0
0
0
0
1
0
2
-6
4
-1
-2
0
-2
0
0
-4
25
-63
58
-24
5
-6
2
6
3
-4
-42
55
-1
-40
20
1
-4
-3
1
-3
-5
3
1
16
-32
5
7
0
2
3
2
0
-3
-1
1
1
-2
-1
0
2
-2
-2
1
4
0
-3
-4
1
3
1
-4
-2
1
1
1
-1
-1
0
0
0
0
0
-1
0
-1
-1
0
0
1
0
-1
0
0
-1
-1
0
0
-1
-1
-1
0
0
-1
0
-1
-1
0
0
-1
0
-1
0
0
0
-1
-1
0
0
0
-1
-1
1
0
0
0
0
-1
-1
0
-1
0
0
0
0
0
-1
-1
0
0
-1
-1
0
-1
-1
-1
-1
0
1
-2
-3
-1
0
1
-2
-3
0
3
2
-2
-5
-3
1
0
-3
-2
0
0
-2
-3
0
1
-2
-3
-5
-2
