-11
-5
-4
-5
-2
-3
-11
6
-4
-1
-5
1
-7
-1
-4
-1
2
-8
-2
3
5
-7
0
-2
-1
1
-2
2
-4
-1
2
-5
0
-1
0
1
1
2
-3
2
-4
4
0
-2
2
0
-2
-1
0
-2
1
0
-2
-1
-1
0
-1
0
-2
0
-1
0
-1
0
1
-1
0
0
0
0
0
0
0
1
1
1
-1
1
1
0
1
0
0
-1
3
-1
-1
5
-4
2
-3
2
2
1
1
0
0
-3
3
2
-4
2
0
3
-1
0
1
-6
6
3
-1
-6
3
3
-1
1
-3
4
-2
2
-2
9
-7
1
0
2
1
4
-11
-4
-4
-3
-1
-12
1
-11
13
-10
1
0
0
-15
1
10
-10
-3
4
-5
6
-4
-2
2
-6
0
1
-2
0
-5
5
-10
12
-6
1
-1
0
1
-4
5
-7
4
-1
3
-2
0
4
-2
-3
2
-1
0
0
-2
0
0
-1
-1
0
-1
-1
-1
-1
-1
0
-1
0
0
0
1
1
0
0
-1
1
0
0
0
0
3
-2
0
4
-1
-2
2
-2
4
-7
6
-3
2
1
-1
2
-6
12
-10
7
-4
1
-1
1
2
-5
3
-1
-3
8
-3
4
-3
-9
14
5
-13
2
5
3
-6
14
-7
4
-7
3
2
0
3
-8
-6
-4
-7
2
-2
-19
9
-3
-2
-11
6
-6
-8
22
-33
16
-11
5
-10
3
6
-9
4
-2
-2
-2
-2
3
-5
-2
7
-8
2
-1
5
-10
9
-2
-3
2
-4
12
-8
4
-1
-3
4
-6
3
-2
0
1
0
-1
0
0
-1
-1
0
-1
0
-1
0
-1
-1
0
-1
0
1
0
1
0
1
0
1
1
-1
-1
4
-5
5
-3
-1
5
-7
11
-4
3
-2
-2
9
-8
6
0
3
-8
8
-1
-3
4
-1
-1
-2
-1
7
-8
8
4
-7
7
-10
17
-29
25
-4
-4
10
-8
3
-1
15
-15
2
5
1
1
3
-6
-8
-3
-7
-1
-10
26
-51
26
-8
-4
-5
25
-54
35
-1
-11
-18
32
-29
28
-19
-3
6
-4
5
-3
3
-13
10
-11
5
8
-5
-8
8
-8
5
-1
-1
-2
5
-4
0
4
-3
2
-3
1
-3
-1
-2
0
-1
0
-3
0
0
1
-1
-1
0
0
0
0
0
0
0
1
1
1
0
1
-1
1
-1
1
0
0
-2
2
-2
4
-3
4
-1
-3
5
-2
1
-1
6
-8
8
-7
-4
8
5
-10
11
-12
4
-3
5
-2
7
-1
-20
29
-29
33
-17
-10
2
38
-50
29
-2
0
-5
28
-48
29
-6
3
1
2
-1
-8
-7
-1
-11
2
2
-15
-8
6
7
1
-45
51
-29
-1
-3
-2
21
-23
-1
-12
30
-26
6
-3
3
-6
2
-6
6
-8
12
-15
6
4
-4
1
0
2
-2
0
0
5
-9
10
-2
-9
13
-9
1
-2
0
0
0
0
-2
0
-1
-1
-1
-1
-1
-1
-1
0
-1
1
0
0
1
0
-1
0
0
0
1
0
2
-1
1
-8
13
-8
-1
10
-9
5
-1
0
-1
3
0
1
-4
5
7
-15
12
-7
6
-5
5
-5
6
-1
8
-25
31
-10
1
-22
23
-1
0
2
-25
55
-39
3
11
8
-4
-12
5
5
-2
3
1
-9
-4
-6
-6
-3
-3
10
-36
28
-9
-9
2
6
-19
23
-20
-5
9
8
-17
-15
18
-5
-1
7
-1
-6
0
-1
-5
1
-2
0
0
-2
1
0
6
-10
5
1
-1
-2
6
-3
-4
7
-7
3
-2
0
-1
1
1
-3
1
-2
-1
-1
0
-1
-1
0
-2
0
-1
0
-1
-1
1
0
-1
-1
3
-1
1
1
-2
2
-1
4
-7
8
-3
-2
6
-1
0
1
5
-10
7
0
2
-1
2
0
-1
3
-3
0
1
-5
0
8
0
-4
19
-14
-16
10
11
-4
-17
25
-16
10
4
-6
-6
30
-33
13
0
0
2
-2
5
-8
-10
3
-10
3
-9
-35
68
-40
-1
3
-14
3
13
-38
29
-24
20
-21
26
-22
16
-27
20
-6
-5
2
4
-2
-10
1
12
-10
-2
4
-2
2
2
-2
1
-1
1
3
-4
4
0
-1
-3
1
-1
0
-2
1
-3
1
0
0
-2
0
-2
-1
0
0
-1
1
0
-1
2
0
-1
0
0
1
-1
2
-2
1
0
1
0
2
-2
0
0
4
-4
3
1
-1
1
-1
2
3
-2
4
0
-10
11
2
-10
-1
4
3
-4
-4
19
-25
18
-22
27
-20
21
-23
32
-36
17
7
-12
7
3
-38
74
-32
-5
6
-4
8
-3
-18
10
-25
6
17
-133
167
-19
-74
50
-47
25
26
-103
66
12
-47
48
-57
75
-93
70
-29
-15
29
-12
-10
20
-22
11
-1
-12
15
-12
4
1
-1
-2
1
4
-5
2
0
4
-8
4
5
-8
2
2
-3
-2
1
-1
-1
0
0
-1
0
0
-1
0
0
0
0
0
0
-1
0
0
1
-2
1
0
0
1
2
-1
-2
3
3
-7
5
5
-7
3
1
2
-5
3
0
-1
0
1
5
-10
15
-10
0
13
-21
20
-9
-12
30
-14
-29
72
-92
77
-55
49
-46
15
69
-99
31
28
-43
54
-71
-15
171
-129
20
14
-21
18
-22
18
-37
18
-18
130
-384
374
-147
70
-99
137
-226
204
-95
25
-17
-3
64
-195
282
-251
156
-67
-9
33
-23
16
-21
17
-13
2
3
-5
4
-4
-3
7
-5
1
3
-4
3
-6
9
-8
7
-5
1
-2
0
-1
-1
-1
-1
0
-1
0
-1
-1
0
-1
0
-1
0
0
0
0
0
0
0
1
0
0
1
0
0
0
0
-1
2
-4
7
-7
9
-6
5
-4
3
2
-4
7
-3
-5
4
-3
3
3
-11
18
-20
17
-22
33
-7
-66
158
-249
284
-194
65
-3
-16
28
-92
206
-222
141
-97
73
-145
378
-381
134
-15
26
-32
26
-22
15
-26
-11
64
-197
224
-58
-8
-91
113
-136
212
-229
138
-94
102
-112
132
-183
177
-117
63
-27
-17
36
-21
-3
9
-8
0
1
-3
-3
8
-6
5
-5
0
-1
3
-4
7
-8
7
-2
-2
1
0
-3
0
-2
0
0
0
-1
-1
0
0
0
0
-1
-1
-1
1
-1
1
0
1
-1
0
0
0
0
1
0
0
1
2
-3
1
0
-1
-3
7
-8
6
-4
4
0
2
-5
6
-6
7
-3
-3
2
0
-7
10
-2
-19
35
-16
-25
63
-115
179
-182
131
-111
103
-91
141
-225
215
-133
116
-88
-6
-54
227
-192
67
-4
-20
23
-24
14
-15
-34
73
-217
376
-319
170
-97
9
111
-284
296
-165
69
-62
78
-129
221
-271
236
-178
132
-101
51
-24
17
-17
7
-2
0
-3
1
-2
-3
5
-3
0
2
-3
1
4
-1
2
-1
-1
1
-2
1
-5
0
0
-2
1
-1
-1
-2
-1
-1
0
-1
-1
0
-1
0
0
0
-1
0
0
0
0
0
1
0
1
1
-3
2
-1
0
-2
-1
2
-1
4
1
-3
2
0
-2
5
-1
-1
3
-3
2
-2
9
-17
19
-23
53
-100
134
-177
237
-270
222
-127
79
-61
73
-162
300
-280
114
13
-95
171
-314
379
-212
76
-25
-11
22
-25
9
1
-40
17
81
-104
-19
-51
156
-74
-97
254
-281
172
-134
116
-33
-71
135
-155
122
-125
156
-134
76
-32
12
-12
-15
25
-13
4
-1
3
0
-3
4
0
-1
-4
4
5
-7
-2
6
-1
0
-1
-2
1
-2
-2
0
-1
-1
-1
-1
-2
-1
-2
-1
-2
-1
0
0
0
0
-1
1
-1
0
0
0
0
2
-2
-1
2
-1
0
1
0
7
-2
-6
5
5
-4
-1
0
5
-3
0
4
-1
4
-13
26
-15
-10
14
-31
77
-132
157
-124
122
-154
136
-70
-32
117
-130
175
-278
257
-94
-71
160
-48
-15
-100
84
21
-33
6
17
-26
5
12
-26
-39
250
-485
383
-154
-39
150
-50
-154
188
-134
124
-84
-27
147
-244
291
-276
194
-115
68
-48
9
26
-34
10
18
-31
10
3
-7
12
-3
-2
1
-1
-5
5
-1
1
-4
5
-2
-2
1
-1
1
-3
1
-1
-3
1
0
-1
-2
-2
-1
0
-1
-1
0
0
0
1
-1
1
0
1
0
2
-1
-1
2
-2
2
-1
2
-1
-1
5
-3
2
-1
5
-5
-1
1
-2
-2
14
-7
3
10
-30
18
11
-32
28
10
-48
70
-113
196
-274
292
-243
147
-27
-83
127
-131
192
-149
-46
153
-36
-152
386
-482
254
-36
-19
17
13
-28
1
17
-8
-66
124
-236
203
35
-111
-49
214
-446
528
-205
-148
107
85
-202
190
-58
-111
216
-282
284
-195
74
-3
-30
9
21
-10
-3
-4
-8
16
-2
-9
8
0
-7
3
-2
-2
6
-1
-10
11
-6
-1
-1
0
-2
-1
0
0
-2
0
-1
-1
-1
0
-1
-1
0
0
0
-1
1
0
-1
0
-1
0
1
0
-1
2
0
0
-5
12
-9
2
6
-2
-1
4
-7
0
9
-8
-1
18
-7
-2
-3
-10
23
9
-30
-1
75
-195
285
-280
218
-109
-57
192
-200
87
108
-145
-202
531
-442
216
-46
-107
37
208
-233
127
-63
-1
22
9
-28
-2
18
5
-45
-157
361
-262
103
36
-110
-133
496
-597
287
54
-102
-50
163
-115
-91
266
-254
92
52
-120
111
-45
-20
28
-11
-4
2
7
-8
7
-4
-6
10
-7
4
-6
3
10
-8
2
-4
2
-1
-1
-2
-1
1
-1
0
0
-1
-3
0
-1
0
-1
-1
-1
0
1
0
-1
1
-1
0
-1
0
1
1
1
1
-1
-1
2
0
3
-4
1
-8
10
2
-6
4
-7
11
-4
-4
8
-8
7
2
-4
-10
28
-20
-43
111
-121
53
93
-254
268
-90
-114
164
-49
-101
58
291
-595
499
-132
-107
37
106
-259
365
-155
-43
12
22
6
-27
-5
17
11
-3
-329
644
-414
-2
59
68
-98
-53
183
-165
-2
84
32
-133
-24
369
-492
191
166
-272
151
-2
-29
-26
43
-14
-19
16
3
-15
7
2
0
-1
0
-2
3
-6
4
2
-4
10
-10
1
2
-4
1
0
-2
0
-1
0
-1
0
-1
-1
-1
-2
0
-1
1
0
0
-1
-1
0
-2
1
0
0
0
0
1
-3
3
2
-10
10
-5
3
3
-5
3
-2
-1
1
-2
2
9
-13
5
16
-18
-12
43
-25
-28
-1
152
-271
167
192
-492
371
-22
-131
32
85
2
-163
186
-51
-94
72
61
0
-409
647
-323
0
18
22
4
-26
-5
12
11
29
-344
568
-292
-69
1
108
208
-739
714
-170
-118
-23
67
168
-269
-69
371
-222
-125
223
-25
-186
185
-47
-44
15
37
-32
-3
11
-3
-3
-1
4
2
-4
2
-3
4
-4
0
13
-12
0
4
-6
2
-2
1
-1
0
-1
-1
-1
-1
0
-1
0
0
-1
0
0
-1
0
0
1
0
0
2
-1
2
0
2
-5
3
1
-11
14
-1
-5
5
-4
2
-3
3
4
-2
-3
-4
11
-1
-32
38
16
-45
-47
186
-186
-23
224
-123
-221
373
-68
-268
169
69
-22
-113
-166
716
-734
211
112
4
-67
-288
572
-340
31
20
16
1
-25
-7
10
8
50
-318
439
-162
-91
-36
66
315
-638
383
6
-11
-79
-33
24
279
-505
299
37
-60
-133
141
89
-273
186
0
-59
-3
41
-7
-18
1
6
2
-5
-1
2
4
2
-11
9
1
-13
8
2
-4
0
2
-3
0
-1
-1
-1
-1
0
-2
-1
0
-1
0
0
1
0
0
0
-1
0
0
0
2
1
0
-1
1
0
-3
3
9
-12
2
10
-10
2
5
2
-3
-5
2
6
2
-17
-5
41
-4
-58
0
186
-270
90
142
-131
-59
39
300
-504
281
25
-32
-78
-8
9
386
-634
318
68
-33
-90
-157
443
-315
53
14
15
2
-23
-7
12
0
84
-364
400
-86
-69
-52
8
233
-288
50
74
15
-41
-28
-75
266
-248
-1
108
23
-76
-55
111
19
-142
92
39
-92
26
12
0
-6
2
2
-6
5
0
-1
-1
8
-12
7
4
-7
-2
1
0
0
-1
-2
-2
1
-1
-2
0
-2
0
-1
0
0
0
0
0
0
0
0
0
-2
0
3
0
-1
0
1
1
3
-1
-8
4
6
-12
8
0
0
-1
6
-5
2
2
-4
0
11
26
-90
40
94
-141
21
112
-54
-75
25
110
0
-248
267
-74
-27
-40
17
78
54
-285
236
10
-49
-67
-82
403
-360
87
8
16
2
-27
-4
15
13
33
-255
311
-122
-66
24
129
-87
-113
178
-66
-83
24
60
89
-310
298
-65
-99
24
67
0
-104
19
172
-238
138
0
-68
33
9
-11
-2
4
2
1
-6
1
3
4
-6
2
16
-26
7
12
-12
3
0
-2
-2
0
-1
-1
0
-3
0
-2
-1
-1
0
0
0
0
0
0
1
0
-1
2
-2
0
0
3
-12
13
8
-26
15
3
-5
4
2
1
-5
1
1
4
0
-11
10
34
-68
2
139
-239
174
21
-102
2
69
24
-97
-65
300
-308
91
60
25
-79
-62
182
-110
-84
131
27
-64
-117
314
-252
36
20
19
4
-24
-5
20
33
-208
293
-154
-46
33
69
-39
-140
242
-193
37
47
3
-49
-54
208
-234
107
12
-44
-8
36
26
-111
88
4
-65
73
-40
0
12
-3
-1
-5
5
1
-2
2
-2
6
-6
3
-1
-2
6
-6
3
-1
-1
0
1
-1
-1
-1
-1
-1
-2
-1
0
-1
0
0
1
-1
-1
0
-1
0
0
0
2
0
0
-1
4
-5
7
-2
-1
3
-6
6
-2
2
-1
0
6
-5
0
-2
12
1
-40
74
-65
3
89
-110
26
38
-7
-43
14
109
-233
210
-53
-50
4
50
41
-190
245
-138
-37
73
35
-41
-151
295
-204
41
25
3
-25
4
2
-14
0
-18
13
-5
-5
1
-9
-6
18
-10
-14
2
2
-4
-11
12
-5
6
-8
-3
8
-9
-3
9
-3
-18
22
-13
3
1
0
0
-3
0
1
0
-2
6
-4
-1
4
-2
0
-3
2
-1
-1
-2
2
-3
0
-1
-1
-1
-1
-1
-1
-1
0
-2
-1
1
0
0
0
0
0
-1
0
-1
1
-1
3
-1
0
-1
3
-3
1
-2
4
-1
-4
7
-2
0
1
1
-3
0
1
0
3
-12
23
-16
-2
11
-2
-7
9
-1
-6
7
-3
13
-10
-2
3
5
-10
-7
21
-2
-6
4
-4
-1
18
-14
4
-7
6
11
-5
-7
-1
-7
0
-5
-4
-3
2
-8
0
1
1
-11
-1
2
-4
-4
4
0
-6
-1
2
-2
-6
2
4
-8
-2
3
-3
4
-5
-2
3
0
-1
-1
3
-1
-1
2
-1
0
2
-3
2
-1
-2
0
-2
0
-1
0
-1
-2
0
-1
-1
-1
-1
0
-1
0
0
1
0
0
0
0
0
0
0
-1
1
3
-2
0
-1
2
-1
0
2
-3
2
0
0
1
0
-1
3
-1
-1
0
4
-1
-5
6
-2
5
-1
-7
6
3
-5
0
4
1
-5
2
5
-2
-3
5
1
-8
4
3
2
-5
4
2
-1
0
2
-1
3
0
-3
-9
-1
-5
-4
2
-12
2
-2
-4
1
-2
-8
2
-1
-6
0
-4
2
0
-8
3
1
-1
-3
-1
-1
5
-2
-4
0
0
-4
3
-1
-3
3
-1
0
-1
0
-2
3
-1
0
0
1
-1
0
-2
-2
-1
-1
-1
-1
0
-2
-1
-1
1
-1
-1
-1
1
-1
-1
0
0
-1
1
-1
1
-1
1
1
0
0
2
-1
0
1
-2
1
0
1
0
3
-1
0
2
0
-1
4
-2
0
4
-4
2
2
-4
-2
5
-1
-1
-2
2
2
3
-7
2
3
-2
1
-2
2
6
-5
1
4
0
0
5
-8
5
-1
0
4
-1
-5
-8
-2
-7
-3
-2
-5
-4
4
-7
0
-7
4
-3
-3
-1
-3
1
0
-3
2
-2
-3
1
0
0
-5
0
-2
2
1
-5
2
-2
3
-3
0
-1
0
0
0
-1
1
-1
-1
2
-2
-1
0
-1
-1
-3
0
-1
-1
0
-1
0
-1
0
-1
0
-2
-3
1
-1
0
0
1
0
0
-1
0
0
0
1
2
-3
0
0
0
-1
-2
3
0
-2
1
-1
0
0
0
-1
1
-1
4
-1
2
-4
2
3
-1
1
-4
3
1
0
-2
-1
3
-2
1
1
-2
2
-1
-2
7
-3
4
-4
6
1
-1
1
1
0
3
0
-8
-5
-3
-5
-2
-3
-3
-3
-3
0
-1
-3
-5
2
-7
3
-3
-3
-2
3
-7
0
1
-1
-3
0
-1
-2
0
1
-5
0
0
0
0
-2
0
3
-1
-1
3
-2
3
-3
2
1
-1
0
-1
0
-1
-1
1
-1
1
-1
0
0
-1
-1
-1
-1
-1
-1
0
1
0
0
0
-1
0
0
0
0
1
-1
1
0
0
1
0
0
-1
2
2
-2
1
-2
3
-2
-2
3
0
-1
1
1
0
2
-3
2
-1
0
0
1
-2
0
2
2
-5
4
-1
-1
-2
6
-5
5
-2
-1
2
3
-2
1
0
2
0
2
1
2
-7
-6
-3
-5
-2
-5
1
-3
-3
0
-3
-5
2
-3
-5
-2
-4
0
3
-7
1
1
-1
-2
2
-6
1
-1
-1
3
-5
0
0
-2
2
0
1
-1
-2
1
-2
2
1
0
-1
0
-1
2
0
-2
0
0
-1
0
0
-1
-1
-2
0
0
-1
0
0
0
0
-1
-1
1
0
1
-1
-1
0
0
0
0
0
-1
1
-1
1
1
-1
1
0
1
1
3
-2
1
-1
0
1
-1
2
-1
0
1
-4
3
0
1
2
-5
2
-2
1
1
2
-6
3
1
-3
4
-3
1
6
-1
0
2
-1
1
4
-3
2
0
0
2
-7
-6
-4
-7
-2
-2
-3
-2
-4
1
-1
-3
-4
0
-5
-3
0
-3
2
-2
-3
1
0
-4
0
-2
-3
0
-2
-1
1
-3
-1
3
-1
0
2
-2
1
0
-2
3
-2
2
0
1
-2
1
-2
0
-1
1
-3
1
-1
0
0
1
-1
0
-1
0
0
-1
-1
0
-1
0
0
0
0
1
0
0
1
2
-1
1
-1
2
-1
2
-2
3
0
2
-2
2
-1
0
1
-1
2
-1
-1
3
-1
-2
3
0
-2
1
-2
0
2
-3
2
2
-3
0
2
-1
1
1
-3
4
-1
-1
2
3
-2
1
2
0
0
1
1
1
-7
-6
-2
-6
-3
-1
-4
-5
2
-3
-3
-1
-1
-4
-2
-1
-1
-3
0
0
-3
1
-2
-2
0
1
-2
-3
3
-4
1
-1
-3
3
2
-1
-3
2
0
-1
-1
1
0
1
2
-1
1
-1
1
0
-2
0
-1
-3
0
0
-1
-1
-1
0
-1
-1
-1
0
-1
0
0
-1
-1
1
0
0
0
1
1
-1
0
2
-2
0
2
-1
0
-2
2
0
0
1
0
0
0
3
-3
0
2
3
-3
0
3
-4
4
-1
-2
1
1
1
-1
2
-2
0
1
-1
0
1
1
0
0
2
0
0
5
-1
0
3
1
2
3
1
-9
-6
-3
-5
-2
-3
-3
-4
1
-5
-1
-2
-3
-4
-1
-1
0
1
-4
-1
-2
0
0
0
1
-4
0
0
-4
2
-3
-2
0
-3
3
-4
5
-5
3
-3
1
1
1
-2
2
-2
1
0
0
-2
-1
-2
-1
0
-1
-2
0
0
-1
-1
1
0
0
-1
0
-2
0
0
1
-1
0
0
1
0
0
1
0
-2
0
-1
1
0
1
-3
3
0
2
-2
1
-3
4
-4
6
-3
4
-2
0
1
-4
3
-3
1
0
-2
2
1
1
1
-1
1
-2
1
0
0
2
-2
1
0
2
0
3
0
0
0
0
1
1
2
-6
-9
-1
-7
-3
-6
0
-5
1
-3
-9
3
-13
21
-18
2
-4
1
-2
8
-11
5
-15
16
-10
2
3
-17
17
-10
6
-12
11
-12
11
-16
26
-31
24
-13
5
-1
10
-15
12
-10
8
-7
8
-13
7
-6
7
-7
4
-4
1
0
0
-1
-1
-1
-1
-1
0
-1
0
0
0
0
0
0
2
-3
5
-7
7
-5
7
-11
9
-6
8
-10
14
-15
10
-2
5
-13
23
-30
28
-16
11
-11
11
-11
7
-9
20
-16
5
2
-9
18
-13
7
-10
10
0
3
-3
5
-16
24
-10
7
-5
0
3
-1
4
-3
1
-1
4
-1
-4
-5
-4
-3
-1
-1
-3
-3
-2
-2
-2
-2
-3
-2
-1
0
0
-3
-3
-1
1
0
-2
-3
-1
1
1
-3
-3
-1
0
-1
-1
-2
-1
2
2
0
-1
-1
0
1
1
0
-1
1
1
0
-2
-3
-1
0
1
0
0
-1
-1
-1
0
0
-1
-1
0
-1
0
0
0
0
0
0
0
0
-1
-1
0
2
1
1
-1
-2
-1
0
2
1
0
0
0
1
-1
-1
-1
1
3
2
-1
-1
-1
0
1
0
-1
-2
1
2
0
-1
-1
2
2
0
-3
-2
1
2
2
0
-1
0
0
0
0
-1
0
0
0
1
1
0
