0
-4
1
0
3
-6
-16
19
16
-28
7
2
-2
3
-9
17
-19
-6
28
-43
7
3
30
-2
-15
-11
21
3
-1
-15
-7
17
-9
19
-2
-15
-12
31
-21
25
-24
-8
14
-8
6
-2
-3
5
-6
1
2
-1
-7
1
5
-7
6
-4
2
-2
-3
2
0
-1
0
0
-1
-3
2
1
-2
3
-7
6
-5
-4
6
1
-3
-3
5
-6
2
1
-7
5
-15
6
23
-27
21
-32
11
14
2
-19
9
-16
6
15
1
-3
-22
12
14
2
-30
-4
-7
42
-29
6
18
-19
7
-4
1
-3
-8
26
-17
-18
15
6
-5
-5
-3
1
0
-2
0
-1
3
-3
-33
91
-96
44
-8
5
-31
32
-16
15
-36
259
-370
99
73
-100
99
-31
-5
11
-43
62
-36
9
-21
46
-43
-2
44
6
-73
43
5
-10
-26
46
-19
-2
-7
17
-3
-18
11
6
-10
2
12
-21
11
-6
1
9
-7
-5
9
-6
3
-1
0
0
-3
5
-9
5
7
-10
-1
5
-11
20
-12
-3
11
-8
-12
18
2
-16
6
1
17
-47
26
10
-6
-43
72
-7
-45
2
43
-46
21
-10
35
-64
42
-12
5
29
-100
98
-73
-97
370
-259
35
-16
14
-34
30
-7
5
-46
96
-92
33
3
-5
-3
-1
-2
0
3
0
-8
-14
70
-86
115
-148
66
0
-3
3
12
-23
-16
29
-82
230
-304
255
-111
35
-37
17
-48
22
53
-52
22
-7
8
-21
-2
25
29
-58
63
-108
61
-6
-4
55
-75
26
19
-23
-1
-4
31
-31
19
-11
10
-9
-2
16
-13
10
-12
-4
6
1
-1
0
2
-2
-7
3
12
-11
13
-16
2
8
-10
10
-20
30
-30
4
-1
23
-19
-26
75
-56
4
5
-62
105
-64
57
-28
-26
2
21
-9
6
-22
52
-54
-24
48
-17
37
-35
110
-256
304
-231
83
-29
15
22
-14
-5
2
-2
-67
148
-115
86
-70
13
5
-1
-6
0
8
-7
-3
10
-23
42
-40
41
-50
20
3
21
-39
10
52
-111
-55
212
-181
65
294
-459
177
87
-158
62
49
-32
-12
33
-33
22
-24
20
-39
22
9
36
-72
43
-4
0
-3
5
-36
31
-20
29
-21
3
3
21
-38
17
7
-19
17
-17
10
-3
3
-5
3
0
-5
5
-2
2
-11
16
-20
18
-9
-17
39
-22
-3
-4
19
-29
19
-32
34
-5
2
-1
5
-43
72
-37
-9
-23
38
-21
24
-23
32
-33
10
32
-48
-63
159
-87
-176
460
-296
-65
181
-211
55
111
-54
-12
37
-22
-5
-21
47
-42
40
-43
22
-11
0
6
-12
0
22
-31
2
15
-12
0
2
7
-8
3
0
-19
7
-19
23
86
4
-57
-55
-57
17
160
-152
20
-19
117
-43
-3
-28
-10
24
6
42
-62
-125
302
-233
67
-36
31
93
-175
129
-9
-71
22
15
1
20
-23
-23
54
-57
22
15
-18
-12
31
-14
-4
2
-1
-1
0
0
0
-2
4
14
-32
12
16
-16
-22
57
-55
22
21
-21
-1
-17
-22
71
9
-128
174
-94
-32
35
-67
233
-304
124
60
-42
-6
-24
10
29
3
43
-116
19
-21
151
-161
-18
57
55
57
-5
-86
-24
16
-9
18
-4
-4
6
-8
-3
-2
10
-17
-5
29
-27
0
36
-77
26
62
-80
8
126
-232
143
-12
2
-20
54
-69
78
-69
-207
426
-342
204
-10
-122
13
86
-139
246
-161
-6
16
27
-14
16
-82
56
92
-94
-58
44
68
-64
46
-122
97
50
-93
35
2
-17
7
60
-61
-3
-9
23
1
-10
7
4
-1
-9
1
3
-1
0
1
-5
-1
8
-1
-6
-7
10
-2
-24
11
3
61
-61
-7
17
-4
-35
90
-50
-98
121
-46
64
-70
-43
56
93
-93
-58
81
-17
13
-27
-16
7
159
-245
140
-86
-12
122
10
-204
341
-426
205
69
-81
67
-57
18
-4
11
-144
232
-126
-9
79
-63
-28
76
-41
0
73
-203
176
-197
202
13
-128
66
-41
13
5
-19
59
-59
13
-54
112
-37
-119
438
-525
51
285
-128
-92
107
-47
3
34
-19
-2
-74
147
-37
-117
96
5
96
-377
376
-58
-121
135
-126
118
-148
139
-89
66
-47
-8
58
-29
-29
21
-40
39
35
-48
0
8
-1
-3
0
2
1
-9
0
46
-34
-40
39
-22
26
28
-58
7
46
-67
88
-138
147
-118
125
-136
120
58
-376
377
-97
-4
-97
117
37
-148
74
2
18
-33
-4
45
-107
91
127
-286
-50
526
-439
118
37
-112
53
-15
59
-60
16
-7
-15
39
-66
128
-14
-204
196
-177
200
-77
0
1
17
-49
233
-262
337
-619
357
-58
57
9
-36
-50
97
-247
636
-734
617
-270
-84
-68
130
-9
32
44
-163
103
-15
-11
24
1
-33
67
-158
262
-308
299
-212
57
-65
44
38
-18
133
-140
36
-23
14
-2
-10
-17
-19
57
-6
-47
81
-117
106
-47
24
-16
0
1
0
-2
-1
15
-25
46
-107
117
-82
47
6
-58
19
15
10
2
-14
21
-36
138
-133
18
-38
-45
64
-57
210
-298
307
-263
157
-68
33
0
-24
10
15
-104
163
-43
-32
10
-130
69
84
270
-617
734
-636
245
-98
49
35
-10
-58
56
-357
616
-338
262
-234
47
-18
-5
0
-22
70
-81
192
-196
382
-940
638
63
-123
51
-61
-82
325
-125
-724
938
-261
-76
143
-172
150
-253
226
-87
16
-3
33
-29
-2
10
-31
71
-61
-58
131
116
-348
295
-142
-63
-97
351
-219
43
20
-21
67
-125
4
235
-236
-12
143
-119
59
41
-93
41
4
-7
0
0
0
-1
-1
7
-5
-42
94
-41
-60
118
-143
11
236
-234
-4
127
-67
22
-20
-45
219
-351
97
62
140
-294
347
-117
-132
58
61
-72
31
-10
2
30
-34
2
-17
87
-227
253
-151
170
-144
76
260
-939
724
125
-327
81
59
-52
121
-65
-638
939
-382
195
-194
78
-70
17
0
17
-114
120
-251
329
-511
1037
-669
-68
140
14
-114
134
-298
199
344
-461
172
-272
397
-239
94
38
-68
50
-64
36
-1
5
-4
-6
2
-105
160
7
-110
84
-201
296
-61
-253
255
70
-257
216
-218
181
-138
139
-143
58
51
-47
-16
26
9
-55
92
-44
-16
11
-4
2
0
-2
4
-13
17
43
-93
54
-9
-27
14
46
-51
-60
143
-140
138
-182
218
-217
256
-71
-255
252
60
-297
200
-85
109
-8
-160
103
-2
6
4
-5
1
-37
64
-52
67
-36
-95
240
-398
271
-174
460
-344
-200
298
-135
112
-14
-143
65
668
-1037
512
-331
250
-122
111
-23
0
-47
198
-171
-332
601
-899
1885
-1506
221
57
10
-54
44
238
-450
605
-844
537
66
-157
-279
453
-289
286
-175
-84
128
-44
-3
8
-17
19
-201
449
-416
433
-250
-250
427
-345
150
166
-281
221
-270
173
-22
101
-178
116
-35
108
-108
-20
16
9
5
-13
34
-39
16
-5
2
0
0
3
-18
38
-33
13
-6
-8
-17
17
108
-109
36
-118
178
-102
21
-174
269
-221
280
-166
-149
345
-428
250
250
-433
415
-448
201
-19
15
-9
3
43
-129
84
171
-286
289
-455
279
157
-66
-537
843
-606
448
-242
-45
52
-11
-59
-221
1504
-1885
896
-600
330
169
-199
42
0
31
-161
182
-332
651
238
-2264
2114
-397
-41
-31
26
-114
365
-530
43
488
-309
54
-213
163
158
-112
-136
60
31
29
-42
23
-11
-12
31
145
-626
719
21
-635
520
-392
427
-390
392
-242
4
128
-137
86
-51
-14
132
-154
27
75
-87
50
-9
-48
72
-34
5
-3
-1
2
0
-3
1
2
-5
34
-72
49
5
-50
87
-76
-27
153
-132
13
51
-87
135
-128
-5
241
-392
388
-428
394
-521
633
-21
-718
624
-146
-32
12
12
-25
41
-30
-32
-59
135
112
-160
-164
213
-55
309
-489
-43
528
-366
112
-26
29
39
392
-2112
2262
-240
-651
330
-184
159
-36
0
-29
149
-189
-233
587
-803
2170
-2264
509
96
-28
116
-73
208
-729
698
-238
257
-94
-274
434
-710
611
-134
-60
61
-22
3
0
6
-19
-87
206
-418
721
-504
75
17
-214
313
-168
154
104
-290
88
-44
74
-39
27
-217
478
-416
135
21
-35
37
-13
8
-29
19
-4
-3
2
0
-1
2
5
-19
28
-10
12
-35
31
-22
-136
416
-479
216
-28
39
-75
44
-89
289
-105
-156
169
-314
212
-17
-75
503
-721
416
-207
86
19
-5
-2
-3
23
-60
55
132
-612
710
-435
275
94
-257
238
-698
728
-209
72
-119
25
-99
-510
2260
-2169
801
-589
231
186
-150
24
0
20
-161
165
-199
518
-265
-757
955
-242
-52
13
-202
303
-283
720
-859
253
160
-195
222
-219
-11
376
-369
166
-127
66
-64
64
7
-18
65
-233
297
277
-965
603
-288
431
-103
-258
299
-109
-47
64
-21
-15
95
-180
51
-72
213
-145
16
38
10
-4
-76
93
-60
16
1
0
0
1
0
-18
59
-94
75
4
-11
-40
-16
146
-212
72
-51
179
-96
15
21
-65
47
108
-298
258
102
-430
287
-603
963
-276
-298
232
-66
18
-8
-64
65
-68
126
-164
369
-375
11
219
-223
194
-161
-254
858
-720
281
-304
199
-14
49
239
-954
756
265
-521
197
-168
159
-26
0
-5
69
-59
207
-648
604
-935
1413
-625
4
-79
26
137
-110
-649
1354
-672
-190
161
231
-741
497
139
-116
26
-118
94
-42
22
-18
51
-41
166
-420
11
1098
-1427
594
73
-193
-92
329
39
-362
319
-264
95
95
-100
-41
185
-12
-193
56
60
-24
-8
4
-1
-5
11
-6
1
0
-1
5
-12
5
3
-6
7
21
-60
-57
193
10
-186
41
100
-95
-96
264
-321
361
-42
-327
90
192
-73
-595
1425
-1098
-11
418
-167
40
-51
19
-22
39
-95
117
-25
115
-140
-499
742
-232
-163
189
671
-1354
647
109
-138
-27
76
-5
622
-1413
932
-605
647
-208
56
-68
0
0
-13
139
-211
34
181
-90
-279
532
-329
15
-13
79
26
250
-243
-919
887
95
16
-326
153
-180
406
-166
-33
-20
30
-8
-6
-22
55
112
-237
-276
331
102
-75
516
-839
311
52
141
-225
-104
306
-342
334
-223
-106
531
-573
385
-338
236
-57
9
-13
15
-29
17
-11
6
-3
0
2
-8
11
-18
28
-16
13
-9
58
-236
337
-386
572
-533
105
223
-333
342
-306
102
226
-142
-53
-312
837
-516
74
-103
-331
275
236
-112
-55
22
5
8
-31
21
33
165
-407
181
-153
326
-16
-95
-887
919
241
-251
-28
-81
10
-17
325
-532
279
88
-182
-35
208
-140
8
0
-3
-32
92
53
-781
1139
-218
-952
915
-185
-103
64
-59
117
-116
1724
-3342
1641
453
-658
74
858
-1220
480
66
-39
-28
57
-26
-16
71
-93
270
-634
640
166
-879
424
39
135
-166
112
-140
42
78
40
-57
-290
356
-342
759
-770
212
132
-121
-1
47
-21
-8
17
-11
0
2
0
-2
-1
10
-17
7
20
-48
1
120
-133
-212
771
-760
340
-358
289
54
-40
-79
-45
139
-110
163
-135
-40
-425
878
-167
-641
630
-269
92
-74
17
24
-59
30
37
-66
-481
1224
-858
-75
658
-454
-1641
3344
-1725
113
-118
59
-66
102
184
-915
949
216
-1139
780
-54
-93
30
-2
0
-1
-159
244
-141
650
-945
382
-63
-26
-7
182
-114
203
-790
768
-238
224
-186
676
-1594
855
1182
-2118
1100
-110
53
-34
-1
4
6
-41
-85
218
126
-430
147
428
-403
83
-728
995
-422
241
-51
-62
-239
271
-107
28
106
-582
995
-545
301
-451
138
66
0
-55
75
-53
17
0
0
-1
-17
51
-76
54
0
-67
-139
455
-304
546
-997
582
-106
-31
107
-273
238
62
48
-239
421
-998
727
-85
403
-430
-146
428
-127
-216
85
41
-7
-3
-1
34
-53
109
-1101
2120
-1184
-855
1595
-677
186
-225
238
-769
789
-205
114
-185
4
25
63
-383
945
-649
139
-245
157
-3
0
0
-127
199
-133
840
-1315
592
229
-550
207
-6
28
-286
1177
-1345
178
1195
-1089
912
-1874
1350
289
-1007
555
-34
88
-79
2
20
-20
16
106
-143
-808
1542
-610
-485
319
73
527
-485
-236
144
4
230
-583
388
-178
722
-754
39
523
-464
130
-105
102
-28
0
4
-14
39
-32
5
0
-6
32
-40
14
-6
-1
27
-103
106
-132
463
-524
-40
753
-722
178
-389
580
-231
-6
-142
235
482
-527
-74
-319
483
609
-1541
806
140
-106
-17
21
-22
-3
77
-86
32
-557
1010
-290
-1354
1875
-913
1088
-1196
-178
1345
-1178
284
-30
3
-209
548
-229
-592
1312
-840
130
-201
126
-5
0
3
-83
148
-79
-37
210
-75
-614
782
-251
-32
75
90
-684
818
-7
-1106
1077
-701
1768
-1550
176
62
-36
17
5
12
-12
4
-1
-40
41
200
-897
1207
-462
-261
555
-305
-198
337
-290
660
-914
287
316
-359
378
-904
949
18
-1039
1031
-233
-212
227
-34
-14
-104
69
40
-47
2
0
-1
45
-41
-71
103
14
33
-228
210
233
-1033
1040
-19
-948
903
-378
357
-315
-287
915
-663
289
-336
196
304
-556
261
460
-1206
893
-199
-41
41
2
-6
13
-12
-5
-18
35
-63
-174
1549
-1769
701
-1078
1104
7
-820
684
-92
-78
33
248
-783
613
74
-212
35
77
-150
80
-8
0
1
-71
141
-3
-981
1583
-436
-805
915
-328
84
-108
72
-902
1374
-627
184
10
226
-1785
2119
-507
-402
400
-122
-76
46
-14
-4
-1
34
-97
80
-274
798
-657
359
-583
342
-50
33
103
-71
-351
479
-291
205
-116
-247
837
-598
-323
859
-430
-235
319
-168
93
-124
78
5
-45
24
0
-25
45
-4
-78
125
-94
166
-320
233
431
-862
323
597
-836
246
115
-206
291
-481
347
73
-103
-33
50
-342
580
-358
657
-798
273
-80
97
-35
1
2
14
-45
73
121
-401
404
507
-2123
1787
-227
-10
-185
626
-1375
900
-74
106
-86
326
-916
804
434
-1583
980
0
-143
68
-5
0
2
-49
102
-13
-1234
2181
-1036
-43
175
-116
200
-369
140
961
-1683
734
690
-1151
335
814
-1086
381
428
-586
178
1
32
-1
4
11
-7
63
-54
418
-1278
1048
-229
48
-139
125
159
-271
55
286
-336
-32
297
-236
-116
507
-523
-168
951
-631
-12
141
-103
87
-161
92
18
-48
26
0
-28
48
-20
-93
161
-88
102
-143
12
632
-953
168
522
-509
118
235
-296
30
335
-286
-58
273
-160
-127
138
-50
229
-1048
1274
-418
51
-64
7
-12
-2
0
-31
-2
-178
586
-428
-380
1086
-815
-337
1151
-691
-735
1682
-962
-141
367
-199
113
-176
43
1035
-2181
1232
11
-105
49
-7
0
3
24
-32
86
-1121
1782
-744
234
-364
128
-33
-42
-191
1659
-2125
828
-819
980
-269
157
-201
307
-869
757
-119
-9
-23
-4
6
-24
48
-92
-43
-293
1392
-1236
129
264
-288
55
247
-168
-65
145
-101
-19
-20
159
82
-483
243
62
70
-73
-81
165
-95
93
-108
-22
90
-77
36
0
-35
75
-89
21
108
-94
95
-165
82
72
-70
-62
-245
482
-81
-159
20
18
100
-146
63
169
-248
-55
286
-265
-131
1234
-1391
292
41
92
-50
24
-7
5
22
7
118
-758
869
-308
201
-158
268
-981
818
-828
2123
-1660
190
40
30
-128
363
-234
743
-1782
1120
-88
29
-25
-9
0
-2
86
-137
62
119
-247
109
207
-304
142
-121
216
194
-1826
2180
-657
316
-423
36
83
-75
-231
881
-789
161
16
-22
22
-1
24
73
-271
334
-87
-408
366
19
-20
137
-272
240
-305
150
-77
177
-55
-2
-55
211
-298
159
-296
368
-20
-461
661
-298
103
-150
44
-27
51
-15
0
14
-53
28
-44
149
-104
298
-663
462
19
-369
295
-159
298
-213
55
0
56
-177
76
-149
304
-239
269
-139
20
-20
-366
408
84
-333
271
-76
-24
1
-22
21
-15
-161
789
-883
230
74
-84
-37
423
-318
657
-2180
1824
-195
-217
119
-144
301
-206
-111
247
-120
-64
134
-87
-1
0
-11
138
-336
-198
2226
-2610
728
-135
269
-78
83
-119
-335
810
-202
201
-1121
838
248
-828
530
-456
668
-273
-25
32
-25
-11
26
-26
101
-6
-24
-411
373
-81
296
-326
117
-186
246
-392
588
-321
13
115
-107
-8
42
-155
373
-555
371
317
-504
113
6
-67
189
-196
99
-14
-3
0
2
13
-100
197
-191
67
-7
-113
504
-317
-371
556
-373
155
-42
8
106
-116
-12
319
-586
389
-245
184
-118
326
-298
80
-373
410
23
5
-101
26
-26
10
22
-31
23
273
-668
457
-532
829
-248
-839
1120
-201
200
-811
335
116
-83
76
-271
135
-729
2607
-2225
196
331
-139
5
0
11
137
-411
517
-727
537
-63
17
-32
38
-107
-225
277
791
-940
-77
349
-159
-83
231
-149
-150
307
-73
-49
23
-10
-5
3
-16
-7
-78
486
-664
270
4
128
-221
80
-37
35
-160
542
-482
183
-108
-17
168
-62
-128
123
-189
318
-463
291
103
-126
-58
176
-99
-15
1
7
0
-7
-2
16
98
-178
57
125
-103
-294
463
-318
187
-125
127
62
-168
16
107
-185
481
-543
159
-35
36
-79
220
-129
-5
-270
663
-486
77
5
16
-4
5
9
-25
49
73
-307
151
149
-232
83
158
-350
77
938
-792
-277
223
105
-42
30
-17
62
-537
726
-517
407
-137
-15
0
-17
104
35
-260
89
-2
53
35
-29
-27
20
-23
127
-266
218
35
-126
56
-73
54
27
67
-263
186
-36
19
-2
-8
18
-67
140
-80
-19
141
-329
159
84
18
-127
159
-212
196
-158
92
30
-66
31
-48
60
-6
-118
85
101
-93
-19
55
-31
-3
-9
26
-13
1
-1
0
1
-1
12
-25
9
2
29
-55
19
92
-102
-85
118
6
-60
48
-31
64
-30
-92
157
-197
211
-159
126
-20
-85
-159
327
-143
18
80
-141
67
-17
7
3
-20
36
-186
265
-69
-27
-55
74
-57
126
-35
-219
265
-130
23
-21
26
27
-36
-55
1
-91
259
-37
-105
12
0
4
-61
109
3
-80
40
-59
28
18
21
-90
182
-90
-233
331
-113
-133
158
50
-205
165
-64
19
-7
12
-17
13
-3
2
-4
26
-35
73
-227
325
-232
143
-155
115
-34
-15
113
-222
140
5
-26
-21
48
-5
-53
45
-17
-13
50
-35
-1
-2
-5
14
-3
-7
1
-1
0
0
-3
5
3
-14
4
0
1
35
-50
13
16
-45
52
5
-49
20
27
-6
-140
220
-114
14
34
-117
153
-144
231
-326
226
-75
35
-27
6
-2
4
-13
17
-13
7
-19
64
-165
204
-49
-158
133
112
-333
231
88
-184
89
-22
-20
-28
59
-42
80
-4
-112
60
-9
0
1
-22
16
-24
175
-244
141
-49
5
-12
-7
1
45
-65
37
-25
72
-55
-15
69
-68
-22
65
-20
-8
1
5
-4
5
-10
8
-3
57
-147
139
-61
0
37
-23
-14
39
0
-115
160
-99
40
-15
10
-56
88
-27
4
-63
36
11
-4
-1
0
-6
11
-8
1
-1
0
0
-1
6
-12
4
-1
0
4
-11
-37
62
-5
26
-89
55
-10
13
-41
98
-160
114
-1
-40
14
23
-36
-2
61
-139
146
-57
3
-9
9
-5
4
-5
-1
8
19
-67
21
68
-70
14
55
-74
25
-38
64
-46
-3
7
9
-8
49
-143
242
-177
22
-19
21
-6
0
-2
-7
11
34
-122
87
9
-68
73
-6
-34
2
-73
232
-165
-10
13
22
-14
47
-59
20
29
-48
10
15
-9
7
-9
-3
19
-4
-21
18
-48
55
5
-7
-9
-2
-2
1
7
-10
0
-8
33
-13
-32
55
-44
37
-77
124
-86
-2
12
4
-3
-1
1
3
-2
0
1
-4
0
0
2
-4
-15
1
85
-126
77
-37
43
-56
32
13
-34
7
-1
9
-9
-2
0
1
8
8
-6
-55
47
-18
19
4
-19
2
10
-7
9
-14
-10
48
-30
-20
60
-48
12
-22
-14
10
164
-234
72
-4
32
4
-74
67
-10
-87
121
-36
-15
5
-2
0
2
-12
8
-10
-15
47
1
-51
27
-4
50
-67
62
-222
253
-92
103
-114
33
-35
13
72
-106
57
-12
6
-6
2
5
-3
5
-4
2
-49
80
-47
11
26
-38
7
9
15
-29
12
-5
0
19
-12
26
-68
46
-18
23
-33
22
3
-7
7
-13
11
-5
1
-1
0
0
0
5
-12
12
-6
8
-3
-23
33
-24
17
-47
68
-26
11
-21
-1
3
-13
29
-14
-10
-7
37
-27
-11
46
-81
49
-2
4
-5
3
-5
-2
4
-5
10
-57
105
-72
-13
35
-33
113
-103
91
-255
221
-64
64
-53
2
-29
51
-3
-48
12
8
-11
11
-5
0
11
-3
-15
2
19
8
-11
-6
5
-7
-21
4
38
21
-32
-44
1
34
12
-20
-11
12
9
-8
-7
6
3
-6
-1
9
1
-13
-5
12
10
-10
-13
3
10
-1
-7
1
4
-2
-6
2
4
-1
-3
2
-1
-9
-5
9
14
-2
-13
-4
7
1
-6
-1
5
0
-5
0
5
-2
-7
3
12
1
-14
-10
6
9
-1
-3
2
0
-5
-3
4
2
-5
-2
6
0
-11
-5
11
9
-11
-13
4
12
-1
-9
1
5
-4
-7
7
8
-10
-13
11
19
-12
-34
-2
43
30
-23
-40
-5
19
5
-7
6
11
-9
-20
-2
12
0
-13
