-9
-5
-3
-5
-5
-11
7
11
-26
8
-4
-1
-7
13
-28
13
-5
-20
-66
185
-140
22
32
28
-84
70
-68
46
-36
30
-17
-7
4
21
-15
35
-78
46
-1
-4
-20
41
-16
5
-4
1
-4
-1
-6
12
-10
4
-1
-3
0
3
-3
-5
3
-1
1
0
-1
-1
-1
0
-1
-1
2
1
4
-4
-2
4
0
-1
0
5
-10
12
-5
0
-4
1
-4
6
-15
42
-20
-6
0
45
-78
35
-14
21
4
-5
-17
30
-35
47
-67
72
-83
29
34
23
-138
187
-64
-19
-4
16
-25
17
-3
2
-1
10
-24
15
10
-8
-3
3
2
3
-2
-11
-2
-8
-15
15
22
-44
12
-13
14
-12
0
-10
28
-29
140
-379
266
-43
70
-21
-64
61
-39
3
-18
68
-92
50
-5
-10
-2
42
-76
2
85
-26
-73
45
8
-10
14
-21
12
24
-42
20
3
-11
-2
7
3
-12
1
7
-6
0
-1
-3
2
-3
0
-2
0
-1
1
-2
3
-2
-1
2
-5
8
1
-10
4
8
-1
-10
4
20
-40
24
13
-20
14
-11
8
46
-73
-27
84
4
-75
42
-2
-10
-3
52
-91
70
-17
4
-37
63
-63
-22
71
-43
267
-377
141
-27
32
-7
3
-10
17
-11
13
-39
25
19
-12
0
2
-3
-2
-11
-2
-6
9
-19
8
-22
13
8
-11
7
-53
49
12
-45
-1
41
70
-80
63
-175
41
29
27
0
-20
46
-52
45
-46
23
22
-46
8
-23
75
-68
62
-27
-37
32
12
-1
8
-32
-6
18
19
-25
0
3
14
-23
-1
19
-5
-3
-5
4
-9
6
-1
0
-2
0
-1
7
-9
4
-4
-3
-4
19
1
-22
15
4
0
-23
20
18
-5
-33
8
-1
12
30
-37
-28
63
-67
75
-23
7
-45
22
23
-44
46
-50
46
-19
1
27
30
42
-174
63
-78
71
42
0
-41
15
52
-50
9
-8
10
15
-17
11
-16
12
1
3
-3
-11
-4
-8
-1
-1
-1
8
-75
124
-96
15
8
-6
1
9
-48
238
-571
493
-201
21
244
-304
182
-149
36
54
-15
2
-21
-7
21
-8
31
-37
-28
3
77
-117
100
21
-64
-14
34
-15
30
-26
4
-7
18
-39
56
-40
-10
26
-7
-23
30
-20
9
2
-7
-3
3
-2
4
-3
-6
3
10
-19
30
-22
-6
27
-9
-40
58
-37
19
-6
3
-25
30
-15
34
-14
-66
21
100
-115
77
3
-27
-37
32
-8
22
-5
-19
3
-13
55
36
-148
183
-303
246
22
-200
494
-569
239
-43
12
4
-3
11
18
-93
126
-71
12
3
2
6
-2
4
-11
17
-55
29
-8
34
-42
-21
-15
26
0
6
-8
-23
43
-14
-65
117
-104
-62
288
-404
235
-30
-1
41
-79
50
-18
-2
-7
-10
7
12
-9
-19
27
21
-35
29
-9
-47
21
45
-39
41
-62
61
-61
55
-39
17
-2
-10
24
-39
9
20
-16
3
4
-10
4
-1
1
-1
5
-11
5
4
-15
20
9
-38
26
-9
0
17
-38
56
-60
62
-63
42
-38
43
21
-48
-9
29
-33
20
27
-18
-9
12
7
-8
-6
-1
-16
53
-77
43
0
-29
236
-402
289
-60
-102
117
-64
-11
48
-19
-4
9
4
30
-13
-17
-39
37
-5
37
-50
26
-3
40
-114
95
-81
-41
199
-161
-2
44
-19
5
-13
-12
12
-68
312
-386
196
-77
-67
126
44
-134
-45
120
-45
27
-18
-28
24
16
-8
-80
128
-26
-61
-47
109
13
-32
-49
44
-28
3
43
-13
-25
15
-7
-41
32
65
-88
22
4
-3
11
-23
7
3
1
-3
0
0
1
-3
1
4
8
-24
13
-2
4
23
-86
65
34
-41
-3
16
-23
-13
45
3
-28
43
-49
-31
13
110
-48
-61
-25
129
-79
-8
17
24
-27
-17
28
-43
122
-44
-132
46
129
-66
-76
197
-384
313
-65
16
-10
-10
9
-16
47
1
-156
202
-37
-77
102
-108
48
-3
-1
-30
26
-48
33
-100
127
71
-141
22
1
-13
53
-55
50
-132
120
-19
-164
59
429
-491
91
24
185
-236
63
5
3
3
-3
-27
62
-34
129
-278
115
163
-193
56
-174
368
-243
104
-57
-4
16
-13
43
-58
-11
47
0
-24
33
-94
83
11
-35
-4
9
-2
0
1
0
-1
8
-4
-35
13
83
-94
35
-23
0
48
-11
-56
45
-12
16
-3
-57
104
-242
366
-174
56
-192
162
116
-277
128
-33
63
-27
-1
4
4
7
65
-236
185
25
93
-491
432
59
-163
-17
122
-131
54
-52
57
-11
4
26
-137
72
130
-94
37
-44
32
-25
8
-21
-61
201
-143
-124
183
-314
330
15
-133
31
-30
22
-74
114
88
-168
18
60
57
-439
286
-14
165
-145
145
-169
12
56
-34
15
7
-19
-39
136
-130
142
-180
176
-291
265
-44
-28
75
-140
18
56
-35
93
-118
118
-178
248
-243
184
-125
71
-52
-1
43
-27
11
-3
0
-1
0
-3
11
-27
44
-1
-52
72
-123
185
-243
249
-178
119
-117
94
-35
55
19
-140
76
-28
-43
265
-290
176
-181
142
-130
136
-38
-19
8
16
-34
56
12
-166
145
-144
167
-13
288
-439
59
61
18
-167
91
118
-72
26
-26
34
-130
17
335
-309
186
-121
-136
207
-52
-8
18
-129
76
295
-439
-521
1324
-612
-44
-12
-9
-2
39
1
-2
-196
5
492
-539
298
-38
-28
-229
308
-47
-118
28
29
-21
14
-10
13
1
-67
44
32
98
-285
211
-19
151
-429
237
121
-87
-109
130
-52
23
8
-49
60
-129
126
5
-57
66
-94
54
-8
0
-7
3
0
3
-6
0
-8
55
-94
66
-55
6
126
-128
61
-48
9
24
-51
131
-109
-86
122
237
-429
152
-18
212
-285
98
32
46
-65
2
13
-10
16
-20
31
28
-117
-48
309
-228
-25
-37
300
-537
494
6
-195
3
5
43
1
-7
-10
-39
-610
1326
-517
-434
298
83
-123
26
-16
-54
131
-146
305
-523
-425
1801
-1279
156
-28
3
42
10
-223
452
-1088
1360
-516
-34
56
37
-150
11
197
-207
95
-64
33
-20
-1
10
7
-59
27
44
-34
137
-70
-118
92
-134
108
165
-293
218
-145
18
1
89
-175
186
-56
15
-66
59
-21
-69
80
-11
-9
-6
2
0
0
-1
3
-6
-8
-10
80
-69
-19
61
-66
17
-55
187
-173
89
2
19
-144
219
-291
163
109
-133
93
-116
-69
137
-33
43
27
-57
7
12
1
-19
34
-61
96
-207
198
13
-150
39
58
-34
-514
1361
-1087
456
-220
13
45
6
-25
160
-1276
1803
-420
-520
307
-139
135
-45
2
0
-35
35
57
-34
405
-1420
1140
-191
60
-83
121
-122
-17
170
-997
1742
-970
125
-76
107
-81
-63
35
31
52
-51
-1
-6
17
-40
65
18
-29
-159
-14
224
-26
120
-343
149
-87
294
-202
0
39
-63
65
-89
132
-55
-24
-39
80
-26
31
-78
17
44
-32
9
-4
0
0
0
-3
10
-31
45
19
-78
31
-24
81
-39
-23
-54
133
-89
66
-61
39
0
-202
294
-86
147
-342
120
-26
225
-14
-158
-29
20
65
-39
18
-6
0
-50
52
33
37
-61
-79
106
-75
126
-969
1745
-996
173
-14
-119
124
-80
63
-187
1140
-1416
408
-32
61
44
-30
8
-12
4
-27
22
-87
103
-57
25
82
-143
70
-34
-22
19
187
-301
-265
915
-677
267
-225
83
-12
18
65
-143
106
-51
26
-16
17
-42
61
37
-90
44
-249
232
266
-397
187
-140
68
105
-113
100
-115
29
26
51
-160
158
-103
0
65
-54
22
-15
-1
40
-45
20
-8
3
-1
3
-7
20
-45
40
-1
-14
22
-53
68
2
-103
160
-159
52
27
30
-115
101
-113
105
68
-140
187
-397
268
233
-249
45
-90
40
61
-41
18
-14
26
-49
106
-142
66
19
-10
84
-224
269
-674
918
-264
-297
190
22
-20
-30
73
-140
83
29
-53
107
-84
29
-22
11
-11
1
-19
8
24
-24
-117
125
-22
-15
18
-38
164
-289
146
123
-59
-158
2
114
-33
84
41
-285
165
-63
105
-23
-28
9
-10
-27
67
49
-65
-396
299
223
171
-357
-120
217
-76
103
-91
-153
288
-152
-123
247
-66
-48
34
-77
52
22
-70
81
-17
-56
37
-9
5
-3
0
-2
6
-7
37
-54
-18
84
-69
23
52
-77
35
-47
-65
247
-122
-153
289
-153
-92
105
-75
217
-119
-357
171
224
300
-394
-64
49
67
-27
-10
10
-27
-22
106
-61
167
-285
42
85
-33
115
2
-157
-58
126
150
-286
167
-37
22
-11
-21
129
-114
-20
27
15
-14
9
-11
-16
59
-72
336
-799
570
534
-1132
426
43
-7
175
-266
145
-180
135
145
-231
59
-125
364
-301
127
-115
105
-20
-25
14
-7
24
-17
105
-678
818
-177
-300
397
-172
-88
34
217
-297
539
-717
280
59
3
-143
222
-98
-148
134
-6
83
-95
16
-2
2
-48
66
-25
-3
3
-2
3
-2
-23
66
-46
2
-3
18
-95
83
-5
135
-148
-97
225
-142
3
58
279
-716
539
-298
217
34
-87
-170
396
-299
-177
817
-677
105
-15
25
-6
16
-23
-20
107
-114
129
-299
366
-123
61
-229
146
136
-176
148
-264
178
-5
46
428
-1128
538
573
-794
339
-65
65
-9
6
17
-159
214
199
-783
518
115
-223
68
-1
-17
131
-365
124
1146
-1575
196
357
31
-8
-175
408
-496
234
-54
84
-81
3
21
-24
87
-262
-11
870
-1007
449
-214
309
-320
263
-198
75
-241
370
-192
28
29
91
-290
290
-161
-19
85
66
-100
12
93
-150
49
21
-18
8
-1
1
0
8
-19
22
51
-149
93
13
-98
69
86
-19
-161
291
-290
92
30
27
-191
370
-242
76
-199
264
-319
309
-214
449
-1004
868
-9
-262
89
-24
24
3
-81
85
-54
235
-495
410
-173
-8
33
359
198
-1574
1149
126
-362
134
-14
1
72
-221
119
521
-779
202
221
-154
26
-19
-18
89
-178
-151
1068
-1076
523
-936
757
-2
-174
53
619
-853
901
-2531
2541
-513
-277
124
-542
1138
-632
-43
75
7
-42
33
-12
-2
16
378
-1023
928
-1092
1357
-531
125
-728
747
373
-906
377
-132
324
-53
-469
448
-84
12
-24
-480
701
-385
156
-30
-31
62
-115
65
7
-12
4
1
2
-11
8
67
-116
63
-29
-28
156
-384
704
-479
-25
14
-84
449
-465
-54
325
-132
377
-902
369
747
-727
125
-530
1356
-1089
927
-1019
378
18
-3
-10
33
-42
9
76
-42
-632
1143
-541
125
-276
-510
2545
-2530
907
-848
623
56
-169
0
760
-933
525
-1071
1070
-147
-170
92
-9
-16
-11
173
-265
137
-591
932
-661
708
-572
64
155
-93
524
-1374
818
-188
570
-370
543
-955
556
-629
572
26
-81
-52
25
-21
12
-17
44
23
240
-786
499
-476
1017
-645
568
-817
333
-359
532
-196
510
-767
368
-272
185
-133
345
-278
324
-493
222
45
-76
92
-57
-20
10
9
-2
-1
-1
10
11
-18
-58
93
-76
46
224
-494
326
-277
346
-131
185
-271
370
-767
511
-196
531
-359
335
-815
567
-642
1017
-475
499
-785
242
23
45
-15
11
-20
27
-52
-78
28
574
-629
557
-955
545
-368
570
-187
820
-1371
527
-90
158
67
-568
709
-657
936
-587
141
-256
177
-2
-3
-7
58
-93
90
-793
1170
-67
-1124
1015
-237
-98
16
-185
788
-662
-1013
2598
-1716
375
-856
977
-548
450
-267
127
-99
39
-7
-15
11
7
-4
-286
992
-909
-5
209
-197
380
-302
376
-578
706
-542
393
-696
563
-485
935
-599
369
-791
595
-20
-280
198
-58
42
-36
27
-23
11
0
1
-2
13
-22
28
-35
42
-57
201
-280
-21
600
-792
370
-597
934
-484
565
-696
393
-542
707
-577
376
-302
380
-195
207
-4
-907
990
-284
-4
8
10
-12
-6
41
-100
129
-266
451
-547
980
-855
376
-1714
2598
-1012
-656
790
-180
18
-95
-233
1016
-1121
-63
1173
-788
92
-85
63
3
-3
-10
-55
65
-93
601
-945
435
218
-447
111
232
-163
77
-467
656
-115
-714
596
-417
1319
-1230
158
232
-6
-55
-106
66
0
-21
11
-51
83
28
-298
391
132
-143
-497
164
657
-583
151
-490
688
-331
426
-360
2
274
-482
510
-508
116
293
-413
299
-75
29
12
-52
13
2
2
3
2
2
13
-52
13
32
-74
300
-412
295
116
-508
510
-480
276
3
-358
427
-332
689
-492
150
-581
656
165
-497
-142
133
390
-297
29
83
-52
11
-20
1
65
-103
-53
-5
235
160
-1231
1322
-417
596
-713
-114
659
-464
79
-159
235
114
-444
220
441
-941
606
-90
71
-50
-2
-12
-6
-106
146
-149
1179
-1923
874
253
-581
261
-154
180
-252
1060
-1116
67
546
-555
-136
922
-681
-253
953
-779
248
-175
119
0
-33
28
-82
173
174
-1193
1629
-512
-458
327
-84
223
-401
-36
653
-684
303
-176
278
61
-677
866
-310
-353
564
-475
337
-180
17
-1
-38
84
-61
31
-4
-2
-3
31
-61
84
-38
-1
17
-180
339
-477
567
-353
-308
866
-677
62
279
-175
302
-683
652
-38
-397
221
-83
326
-458
-510
1625
-1190
173
173
-82
31
-34
2
120
-173
250
-779
957
-252
-682
925
-134
-554
547
68
-1113
1065
-248
182
-150
262
-576
254
877
-1915
1181
-146
153
-100
2
-14
-6
-90
165
-107
725
-1252
543
-206
329
-100
-136
195
125
-1262
1763
-569
-881
1115
-213
-354
225
191
-598
445
-40
-32
-27
10
9
7
14
-79
58
231
-982
1062
-301
-290
265
169
-266
87
-162
426
-277
-75
170
-200
302
-211
-223
282
294
-449
84
8
10
7
0
3
11
-29
13
0
13
-29
11
4
1
8
12
9
84
-448
296
283
-223
-209
303
-199
171
-74
-276
424
-159
87
-267
169
266
-288
-301
1061
-979
231
60
-79
14
9
13
9
-25
-29
-39
446
-598
192
228
-355
-212
1117
-880
-568
1766
-1258
129
199
-133
-99
333
-205
546
-1247
726
-103
171
-84
4
-6
-2
-150
255
-159
126
-102
1
-311
590
-258
-22
60
129
-1464
1945
-449
-143
-145
99
-763
1061
-117
-310
24
57
16
-31
-3
-13
-15
-61
300
-371
-45
876
-917
60
490
-462
-99
567
-343
-151
498
-360
95
-225
357
178
-1094
1032
-60
-707
553
-9
-221
194
-102
97
-71
18
-6
5
-5
5
-4
17
-69
96
-102
196
-220
-9
555
-705
-61
1034
-1091
177
358
-225
94
-361
497
-149
-343
566
-99
-461
489
60
-916
875
-46
-369
300
-59
-14
-14
-1
-29
17
58
25
-310
-115
1062
-763
100
-145
-142
-448
1948
-1461
132
63
-21
-253
593
-309
6
-98
130
-156
261
-145
6
-1
-9
-133
255
-101
-864
1519
-733
-155
359
-189
180
-382
-6
1486
-2009
468
766
-870
78
1269
-1401
159
495
-352
77
31
5
-24
35
-11
91
-402
350
-93
91
79
84
-409
163
-10
-120
384
-18
-504
272
239
-367
154
389
-710
275
642
-1209
452
510
-540
215
-98
123
-85
76
-66
4
25
4
-64
76
-84
125
-98
217
-538
511
455
-1210
643
277
-712
391
155
-367
238
271
-502
-21
385
-120
-10
164
-407
85
80
92
-91
348
-402
92
-10
36
-22
7
31
78
-351
498
160
-1403
1272
80
-868
767
469
-2004
1489
-2
-378
181
-185
364
-153
-729
1521
-859
-99
263
-126
-3
-10
12
-110
221
24
-1768
2684
-1056
140
-187
8
-17
0
-49
459
-451
179
-859
1061
-54
-1072
1064
-233
-15
-1
-27
-2
-1
-5
-20
10
-86
359
-285
473
-1272
1110
-136
-266
69
-61
-133
388
125
-445
102
157
-234
198
173
-448
218
453
-1019
681
-113
-11
-46
105
-109
91
-45
-3
4
2
4
-3
-44
92
-108
105
-46
-11
-112
683
-1019
455
219
-447
175
199
-235
158
103
-445
128
388
-133
-61
67
-264
-137
1109
-1269
474
-284
359
-85
10
-17
-6
2
-3
-24
1
-13
-231
1067
-1072
-53
1061
-859
180
-450
462
-46
6
-18
13
-183
142
-1051
2685
-1763
27
228
-105
20
-19
-4
-46
38
-122
750
-975
297
157
-222
80
44
-62
-381
771
-334
142
-160
-172
326
-176
-27
366
-725
412
-66
86
-49
-14
22
-24
116
-390
792
-937
732
-233
-476
597
-271
91
70
-342
597
-302
-149
271
-194
-196
477
-264
-243
572
-422
234
-419
449
-132
-1
-89
149
-77
0
-5
4
-5
1
-79
149
-88
0
-131
450
-418
235
-422
574
-242
-263
477
-195
-193
272
-150
-301
597
-341
70
91
-269
596
-474
-233
731
-934
790
-390
117
-22
22
-12
-47
88
-66
413
-725
369
-27
-175
327
-172
-158
143
-331
774
-379
-59
46
83
-220
159
301
-971
753
-119
45
-41
4
-9
-7
-76
168
323
-190
-1050
883
-126
68
6
-66
157
-4
-668
465
505
-583
155
12
65
-124
-94
209
-116
30
27
-32
-3
9
-24
-58
344
-375
134
-247
377
-187
127
-13
-293
396
-555
483
-46
-53
15
-100
83
94
-170
221
-168
-49
221
-436
352
-86
-6
-46
90
-26
-14
1
0
2
-14
-26
90
-45
-6
-86
354
-436
223
-47
-167
222
-168
94
84
-100
15
-52
-45
482
-555
397
-293
-14
128
-189
377
-246
133
-373
344
-57
-23
10
-2
-30
29
31
-115
210
-90
-124
66
13
157
-584
506
468
-664
-1
160
-64
8
71
-124
886
-1045
-186
326
176
-70
1
-6
-17
-63
211
-169
-30
170
-194
54
-12
21
33
-268
388
35
-349
134
24
-35
26
11
-79
169
-196
94
-20
10
-4
-5
20
-56
26
8
-101
215
-36
-103
24
-14
46
-92
203
-364
359
-166
77
-63
0
10
-26
107
-121
104
-150
82
-15
38
-8
-31
36
-43
26
-6
-2
0
-1
-5
27
-43
37
-30
-7
39
-15
82
-148
105
-120
108
-24
11
1
-63
79
-165
357
-363
202
-91
46
-13
23
-102
-35
214
-100
8
27
-56
21
-4
-4
12
-18
96
-195
171
-79
12
26
-33
24
135
-345
38
391
-264
36
25
-9
57
-190
173
-26
-166
218
-58
-11
-9
2
16
-72
4
-32
134
-46
-55
20
-16
37
0
59
-328
339
-122
21
-5
-21
7
-6
-3
95
-107
28
-11
1
2
-2
-2
-39
64
-35
31
25
-65
34
-41
-7
108
-120
63
-63
71
-11
-13
-25
35
-37
61
-68
95
-159
128
-69
45
-4
-18
7
0
-3
-1
-1
-1
0
-1
-1
0
8
-18
-2
46
-70
129
-158
96
-67
62
-37
36
-24
-12
-11
72
-63
63
-120
108
-5
-41
36
-64
26
32
-34
64
-39
-1
-1
3
2
-9
30
-105
97
-2
-6
7
-20
-4
23
-121
341
-325
63
4
39
-12
24
-54
-43
139
-29
7
-64
20
11
-14
2
9
-53
39
27
-112
84
-2
-22
-15
4
-20
-11
132
-108
-33
54
-28
-21
50
-26
-34
77
-54
10
-5
-3
-1
1
-4
24
-34
17
-3
-72
79
-9
51
-50
-52
25
92
-103
39
12
-59
73
-61
59
-37
30
27
-119
40
48
-11
-16
3
4
-9
2
1
-1
0
0
1
3
-8
6
4
-15
-11
48
42
-119
28
30
-35
59
-60
73
-58
12
39
-102
91
26
-52
-49
52
-10
80
-71
-2
19
-34
24
-4
2
-1
0
-4
11
-53
79
-33
-24
51
-19
-27
55
-32
-105
135
-7
-18
7
-13
-17
0
88
-109
31
42
-45
13
10
-8
-3
2
-30
26
48
-128
73
-34
31
-25
-40
63
-68
154
-143
37
-48
34
21
-33
19
-67
79
-24
-2
1
-1
-2
-2
2
-13
35
-35
10
8
-41
13
38
-53
44
3
23
-80
55
-25
3
30
-33
37
-46
17
39
-48
17
-26
25
-8
-3
8
-10
3
-1
-1
0
1
0
4
-10
10
-3
-6
26
-25
18
-47
39
18
-46
38
-32
29
3
-26
55
-79
23
4
43
-52
38
12
-40
10
11
-35
35
-10
3
-3
-1
1
1
-1
-23
79
-65
21
-32
23
35
-47
38
-139
159
-65
66
-35
-21
34
-32
76
-124
52
29
-23
7
5
-5
-11
2
-7
-41
75
-31
-18
-45
66
-37
40
-48
80
-252
248
-10
-141
92
7
-63
21
67
-89
31
-1
0
-1
-3
2
-3
-12
-11
58
-12
-64
23
33
-30
18
-24
38
1
-77
65
-20
-3
17
8
-2
-34
-18
116
-107
46
-53
38
-6
1
-5
-2
2
1
-2
-1
0
0
2
-2
-4
2
-4
39
-52
46
-106
117
-18
-33
-2
9
17
-3
-19
65
-77
1
39
-23
20
-29
34
23
-62
-11
59
-11
-10
-2
3
-1
0
1
-1
32
-88
68
23
-63
7
95
-138
-9
253
-249
84
-46
43
-33
70
-42
-14
-28
78
-37
2
7
-2
-13
-3
8
-6
-21
-7
14
6
-8
-2
10
-11
-33
-10
37
33
-17
-44
-10
25
11
-16
-11
9
7
-9
-6
5
1
-8
-1
10
2
-14
-8
12
11
-7
-12
1
9
1
-5
2
5
-3
-4
1
4
-2
-1
4
1
-13
-10
6
14
0
-11
-4
4
0
-6
-2
4
-1
-5
1
6
-4
-10
1
15
7
-10
-10
2
6
-1
-1
5
2
-5
-1
5
2
-5
0
9
1
-13
-7
12
12
-7
-13
2
10
-1
-8
3
7
-5
-8
8
10
-10
-15
12
26
-8
-41
-16
37
40
-7
-31
-7
12
1
-6
10
18
-3
-17
-2
13
2
