-8
-4
-5
-4
-3
-4
-5
1
-4
-2
-4
2
-10
12
-7
-7
-14
31
-13
-13
-2
10
-6
5
-6
-2
6
-7
-4
6
-6
1
-3
0
-1
-1
2
1
1
-1
-1
1
1
0
0
0
-2
3
-4
2
-1
-1
-1
-1
-1
-1
0
-1
0
0
-1
0
0
0
-1
0
0
1
0
0
0
1
0
0
0
1
0
0
0
3
-3
3
1
-1
1
0
2
1
-1
0
1
0
2
0
-1
1
-3
1
-5
6
-4
-4
7
-1
-5
6
-5
10
0
-11
-12
34
-13
-3
-4
14
-8
4
0
0
-2
5
-1
0
0
3
0
3
-10
-7
3
-8
-4
-4
-6
-3
-1
-4
-2
-1
-1
7
-16
20
-42
20
13
-11
-12
6
-5
-2
-7
13
-7
3
-5
4
-8
0
-1
1
0
0
-1
-1
1
-1
-1
1
-1
0
0
0
1
-6
4
-3
-1
-2
0
-1
0
-1
0
-1
0
-1
-1
-1
-1
-1
-1
0
-1
0
1
-1
0
0
1
0
0
0
0
1
0
-1
5
-4
2
0
0
1
-2
2
-1
-1
1
-1
0
1
2
3
-1
1
-8
5
-4
4
-6
15
-5
0
-3
8
-11
-10
15
21
-41
22
-14
11
2
1
0
-1
1
2
-3
1
-1
0
7
0
-7
-16
7
-1
-9
7
-19
-1
12
-16
-19
45
-69
75
-84
50
-56
72
-14
-53
77
-55
17
4
-38
69
-75
47
11
-68
67
-49
23
-5
0
2
-5
5
-2
-4
2
5
-3
0
0
0
-1
3
-3
1
-2
-1
0
-1
-1
0
-1
-1
-2
0
0
0
-1
-1
0
0
-1
-1
0
1
-1
0
-1
1
0
0
0
0
-1
0
-2
4
-1
0
0
0
-2
5
3
-4
-2
6
-5
2
1
-4
23
-49
68
-68
12
49
-74
70
-37
6
18
-54
78
-51
-14
72
-55
53
-81
79
-66
47
-15
-12
14
3
-17
11
-5
7
13
-9
-7
-12
9
-20
19
-39
51
-76
31
9
10
-50
60
-121
187
-322
415
-173
-73
98
-113
95
-40
-11
-15
63
-101
94
-85
103
-107
70
-23
4
-7
11
-7
-1
4
-8
3
1
1
0
-1
2
-2
2
-2
0
0
0
-2
0
-1
-1
-1
-2
-1
-1
-1
-1
-1
0
0
-1
1
-1
0
0
0
-1
0
0
0
-1
-1
0
1
1
-1
3
-2
4
-1
0
0
2
3
-7
6
-1
-7
11
-8
5
-23
71
-106
104
-84
95
-100
64
-14
-9
-38
96
-111
99
-72
-172
416
-318
190
-117
64
-45
13
12
33
-72
55
-36
22
-12
14
-4
-11
4
-21
11
-26
30
22
-76
-6
68
-75
77
-67
-177
336
60
-287
-8
167
-144
-17
138
-49
-39
82
-116
67
78
-133
-26
118
-70
1
35
-16
-10
22
-8
-19
17
-4
1
0
1
2
-6
1
5
-3
-1
0
-1
-1
0
-1
0
-1
0
-1
-1
-1
0
-1
0
0
0
0
1
0
-1
1
0
0
1
1
1
-1
0
-1
-1
-2
5
2
-6
2
1
2
1
-4
17
-18
-9
22
-11
-14
35
1
-69
119
-26
-132
80
68
-117
83
-37
-49
138
-15
-143
169
-7
-286
63
341
-174
-63
79
-72
72
-4
-73
26
35
-23
18
-15
13
-9
-6
-3
-9
-21
39
-41
9
36
-46
1
-52
-16
214
120
-650
663
-291
-188
111
186
-144
72
-66
12
49
-171
87
146
-45
-122
138
-90
-22
16
20
14
-22
14
-6
-6
3
1
1
-3
9
-17
8
0
-3
-1
0
-2
-2
-1
0
0
0
0
-1
-1
0
-1
-1
-1
0
-1
0
0
0
1
-1
0
0
0
0
-1
0
0
0
1
8
-16
9
-2
0
1
4
-5
-5
14
-22
15
21
15
-23
-90
138
-121
-44
146
87
-170
48
14
-64
74
-144
187
112
-187
-291
664
-648
123
218
-13
-49
6
-42
38
14
-36
43
-19
-1
3
2
-6
-16
18
-35
0
29
-37
46
-97
110
-94
64
-20
-23
18
218
-690
719
-423
280
-239
182
-29
-230
427
-371
197
-128
121
-170
226
-211
99
-28
43
-57
63
-56
35
-18
5
1
0
0
0
11
-23
18
-13
2
-1
-1
0
-1
-1
0
0
-2
0
-2
-2
0
-1
0
-1
0
0
0
-1
-1
-1
1
0
0
-1
1
0
1
0
3
-12
20
-22
12
1
1
0
1
6
-18
36
-53
63
-56
42
-27
99
-212
226
-169
122
-128
200
-370
428
-230
-26
183
-238
282
-423
721
-689
222
21
-19
-17
68
-91
112
-95
51
-33
33
4
-26
23
-6
-13
8
-22
-1
1
-1
-18
14
11
-41
64
-53
-143
130
24
276
-366
-59
192
-57
-132
169
-15
-201
101
279
-94
-226
86
133
-156
-118
146
61
-47
-29
41
-5
-23
-1
11
-2
0
5
-6
-7
14
2
-9
-1
0
0
-2
0
-1
-1
0
-2
-1
-2
-1
-2
0
0
0
0
0
0
0
0
0
-1
0
0
0
3
-1
-1
0
0
-8
4
14
-6
-5
5
0
-1
11
-1
-23
-4
42
-27
-47
62
146
-117
-156
135
87
-224
-94
281
103
-201
-12
171
-132
-54
193
-57
-365
277
28
133
-140
-50
67
-37
13
18
-15
2
4
7
-17
18
-5
-20
1
20
-12
-35
58
-15
-63
30
65
-112
-38
293
-520
678
-626
160
260
-300
192
-87
6
-206
467
-420
156
128
-251
165
37
-179
178
-109
19
50
-55
20
7
-9
1
3
-2
2
-8
15
-22
25
-17
6
-1
-1
-2
0
-1
-1
0
-2
-1
0
0
-2
-1
0
-1
0
0
-1
0
-1
0
1
1
0
-1
1
-1
0
0
4
-16
25
-21
15
-7
0
-1
1
2
-9
8
20
-55
50
20
-108
178
-179
38
166
-250
130
156
-420
469
-205
7
-86
193
-299
261
161
-625
681
-517
296
-34
-109
68
34
-61
-10
62
-31
-8
27
6
-11
-11
2
-20
17
-15
20
-79
78
-66
81
-45
-92
226
-351
331
293
-804
391
47
-188
198
-135
98
-282
289
243
-476
219
35
-226
295
-90
-155
148
-92
57
-6
-35
47
-26
6
-1
-1
-1
9
0
-19
13
-1
-2
0
-2
-1
0
-2
1
-1
-1
-1
-1
0
-1
-1
-1
1
0
1
1
-1
-1
0
-1
0
0
0
0
0
-1
1
-3
0
14
-18
-1
10
-2
0
-1
6
-25
48
-35
-5
57
-91
148
-155
-90
297
-225
36
221
-475
244
291
-281
99
-133
199
-187
48
392
-803
296
334
-346
229
-89
-42
84
-64
81
-77
23
-12
24
-15
10
-9
-7
2
-12
-7
9
-8
21
-29
-39
101
-49
-76
-192
497
-308
-128
359
-61
-117
-97
116
-66
72
-30
-86
274
-93
-186
19
131
-98
-75
121
23
-20
-21
5
17
-22
2
5
2
-2
-3
23
-48
32
0
-6
0
-1
-1
-1
-1
0
-1
-1
-1
-1
0
-2
0
-1
0
-1
0
0
0
-1
1
0
1
1
1
0
0
0
1
-5
1
31
-47
23
-2
-2
1
5
2
-22
18
5
-21
-21
23
121
-75
-97
132
20
-185
-91
275
-85
-28
73
-65
118
-96
-116
-60
360
-127
-304
499
-190
-73
-45
103
-37
-27
25
-4
13
-4
-5
6
1
-7
-11
10
-35
23
-47
59
1
-48
-1
79
-175
202
-344
232
421
-732
524
-357
266
-189
18
27
211
-510
452
-117
-79
124
-160
213
-227
190
-137
68
-40
14
16
-33
33
-26
13
-3
-1
7
-13
15
3
-18
8
-2
-1
-1
-2
0
-1
-1
0
-2
-1
-1
-1
-2
1
0
1
0
-1
0
0
0
0
0
1
1
0
0
1
-1
8
-17
4
16
-14
8
-2
-2
13
-26
34
-33
17
16
-38
68
-136
190
-226
214
-159
125
-79
-116
452
-509
212
29
19
-188
267
-356
526
-731
425
236
-340
205
-172
82
1
-46
6
63
-43
26
-27
17
-1
-11
3
1
-34
5
-30
87
-75
41
-58
9
-6
67
141
58
-770
470
74
33
-38
-86
89
-56
-136
460
-278
-125
73
-3
64
-85
-17
102
29
-53
-34
-21
23
37
-13
-14
1
3
0
0
-10
19
-8
-5
5
-1
-1
-1
-1
-2
-1
-1
-1
0
-2
-1
-1
-1
-1
0
0
0
-1
0
0
0
0
0
1
-1
1
-1
0
-1
6
-4
-8
19
-9
0
1
2
1
-14
-13
37
24
-20
-34
-53
30
102
-16
-84
66
-3
74
-125
-277
462
-136
-54
89
-86
-36
35
76
471
-765
62
145
71
-3
13
-55
43
-71
91
-27
8
-26
7
12
-4
-18
23
-42
17
-23
47
-40
-20
72
-112
159
-259
389
-390
189
10
-130
107
-40
15
-25
20
61
-307
431
-303
194
-180
195
-213
176
-66
21
-39
37
-43
40
-33
29
-20
9
1
-2
3
-7
18
-22
7
1
-3
1
-2
0
-1
0
-1
0
-1
-1
-2
0
-1
-1
-1
0
0
0
0
0
1
0
0
0
1
-1
-1
1
-3
2
8
-21
19
-6
3
-1
1
8
-21
29
-31
40
-43
38
-37
21
-66
176
-212
196
-180
194
-302
433
-307
63
22
-24
16
-38
107
-128
11
190
-386
393
-256
161
-109
76
-18
-36
50
-19
20
-33
28
-10
-13
7
-5
-31
12
-12
-6
84
-126
50
65
-28
-72
-243
68
613
-340
-106
-48
3
114
-38
-48
91
-34
-93
62
38
-8
-27
27
-124
129
11
-36
-3
-9
6
-7
5
4
1
-1
0
0
6
-3
-9
11
-8
0
-2
-1
0
-1
0
-1
1
-2
-2
0
0
0
0
0
0
0
0
0
0
0
0
0
-1
0
0
0
1
1
-7
12
-8
-2
6
1
0
-1
1
4
4
-6
7
-7
-3
-35
10
129
-124
27
-28
-7
39
62
-91
-33
92
-47
-37
115
5
-47
-105
-339
616
71
-240
-69
-25
67
54
-124
86
-2
-8
15
-25
-1
15
-3
-20
24
-31
5
14
-4
-102
79
62
-114
78
-55
64
-287
555
-455
241
-187
111
-66
74
-60
-67
234
-221
137
-126
102
-94
101
-148
174
-108
50
-29
13
-8
6
-7
6
-1
-1
2
0
-5
7
-7
-2
6
-3
-1
-1
-1
0
0
0
-2
0
-2
-1
0
0
-1
-1
-1
0
-1
0
0
0
0
1
2
1
0
0
-1
-1
6
-1
-5
6
-3
0
2
0
-2
6
-6
6
-7
13
-29
50
-107
174
-148
102
-94
103
-124
138
-223
235
-67
-59
77
-65
112
-186
243
-454
559
-284
67
-51
82
-111
65
81
-97
-1
18
8
-23
29
-11
-14
9
-10
-24
12
-5
-41
119
-138
61
10
-26
-7
10
-193
291
-29
-92
-14
6
3
16
4
-101
148
-37
-20
-25
-5
17
-17
42
-15
-26
8
3
5
-10
7
3
-6
1
0
0
2
-4
0
3
4
-7
0
0
0
-1
0
-1
0
-1
0
-2
-1
0
-1
-2
0
-1
0
0
1
0
-1
-1
1
-1
0
1
0
1
0
-6
5
3
0
-5
2
2
1
1
-5
3
7
-10
6
3
9
-23
-15
42
-16
19
-4
-25
-20
-36
149
-99
6
18
4
7
-13
-91
-28
294
-190
13
-4
-23
14
66
-135
123
-37
-1
16
-18
-5
18
-3
-21
23
-27
6
-29
52
-82
48
10
-22
25
-56
34
-53
104
-95
43
1
-19
12
-14
4
-35
78
-67
32
-16
12
-11
0
-14
16
-9
5
3
-2
2
-3
3
-1
0
0
-1
2
-2
-1
2
-3
1
-2
0
0
-1
-1
-1
0
-2
0
-1
-1
-1
-1
-1
-1
0
0
0
0
1
0
1
0
2
2
0
1
1
-1
1
-2
4
0
-2
3
-1
2
-1
-1
3
-3
1
-2
2
5
-9
16
-14
2
-10
14
-15
33
-66
79
-34
5
-13
13
-18
2
43
-94
109
-50
38
-53
28
-19
12
50
-79
56
-23
9
-18
27
-14
-13
4
-8
-12
-2
-11
21
-13
-6
1
-12
24
-43
43
-29
-8
10
-9
6
-6
8
-14
22
-22
-3
22
-24
6
0
2
-10
9
-3
-2
3
-3
1
0
0
-1
0
1
0
1
0
0
-1
1
0
-1
1
-1
-2
0
0
-1
-1
-2
0
-1
-1
-2
-1
0
0
0
0
-1
0
0
0
0
0
2
-1
1
0
0
0
-1
1
0
0
1
0
0
0
1
1
0
0
1
2
-2
4
-2
-3
10
-9
3
1
6
-23
21
-2
-21
24
-12
9
-4
7
-7
11
-6
-27
47
-40
27
-9
5
-4
-9
25
-8
1
-5
-3
12
-7
-9
-2
-6
-3
-4
3
-4
-6
-7
12
-12
-6
0
6
-11
-2
4
-3
1
-4
1
-1
0
-1
-3
0
-1
1
-1
-2
3
-4
1
2
-1
-1
1
0
0
0
1
0
1
1
1
0
-1
0
0
0
-1
0
-1
-1
0
-1
-1
-1
-1
-1
-1
-1
0
-1
0
0
-1
0
0
1
0
0
1
0
0
0
0
0
0
1
0
0
1
0
0
0
1
0
0
0
2
-1
-1
2
2
-4
4
-1
-2
2
0
1
-2
0
1
1
2
-3
1
-1
5
-1
-8
10
4
-4
-8
15
-4
-3
0
8
-2
-2
1
5
0
-9
-6
-5
-5
-3
-5
3
-5
3
-7
-4
4
-2
-17
13
-5
-2
-3
1
-1
-1
3
-8
4
-3
0
-2
0
-2
-1
-1
-1
0
0
0
-1
0
1
0
-1
0
0
1
0
2
-1
0
1
-1
1
-1
-1
0
1
-1
-1
-2
0
0
0
-1
1
-2
-1
-1
0
1
0
0
0
0
-1
0
1
1
0
0
-1
0
0
0
2
0
-2
1
0
1
1
0
0
0
0
1
0
-1
0
0
-1
0
0
-1
0
-1
2
-2
6
-6
4
0
1
2
-2
-1
-3
15
-14
1
6
-1
-4
5
-4
6
-2
0
3
0
3
-9
-6
-3
-4
-3
-4
2
-2
-1
-7
3
-1
-5
-1
-2
-1
-5
0
-1
0
-2
-2
4
-5
-1
-1
-1
0
-2
-1
-2
-2
1
-1
2
0
0
0
0
0
0
0
0
1
0
-1
0
-1
-1
0
1
-1
-1
0
-1
-1
-1
-1
-1
-2
0
0
-1
-1
-1
0
0
0
0
0
1
-1
0
1
0
1
0
0
2
0
0
-1
1
0
0
1
0
0
0
0
0
0
0
-1
1
-1
1
-1
-1
0
-2
1
1
0
0
-4
5
-2
-1
1
-1
1
-4
2
1
1
-3
1
6
-4
1
2
5
-2
-1
1
1
1
-9
-4
-4
-4
-2
-4
-1
-2
0
-3
-1
0
-4
2
-8
-1
-1
-1
-2
0
0
-1
0
-1
0
-2
-1
0
-1
-1
-1
0
-1
0
-1
0
0
0
0
1
-1
2
-1
1
-1
-1
1
-1
-1
-1
-1
-1
-1
0
-1
-1
-1
-1
0
0
0
-1
0
0
0
0
0
0
1
0
-1
1
0
0
0
1
-1
0
-1
0
0
-1
2
1
0
2
0
1
-2
1
0
0
0
0
0
1
-1
1
-1
-1
0
1
1
0
1
1
1
0
0
1
-2
1
-1
2
-4
6
-1
1
1
-1
1
-1
3
-1
1
2
1
3
-8
-5
-3
-5
-2
-4
0
-7
-1
0
-3
-3
-1
-6
-1
-2
0
0
0
0
-1
-1
-1
-1
-1
-1
-2
-1
-1
-1
-2
0
0
-1
1
-1
1
-1
0
0
0
0
1
0
0
-1
0
0
0
-1
0
-1
0
0
-1
0
-1
-2
-1
-1
-1
-1
-1
-1
0
-1
0
0
0
-1
-1
-2
0
-1
0
0
0
-1
1
-1
0
0
0
-1
0
0
0
0
0
0
-1
0
0
0
1
0
0
0
0
-1
1
0
0
-1
1
-1
1
0
0
-1
2
0
0
-1
3
-2
1
-1
-1
3
0
-3
2
-1
0
3
0
2
-7
-4
-2
-4
-2
-3
-2
0
-4
-1
-1
-2
0
-2
-3
-2
-1
-2
0
-3
0
-1
0
-1
-1
-1
-1
0
-1
-1
-1
-2
0
-1
0
0
0
0
0
0
1
0
0
0
0
-1
0
0
-1
-1
0
0
0
0
0
-1
-1
0
0
-1
-1
-1
0
-2
-1
0
1
0
0
0
0
1
0
1
0
1
0
0
0
0
-1
0
1
-1
0
0
0
1
0
0
0
0
0
1
-1
1
0
0
0
0
0
0
0
0
-1
1
-1
0
0
-1
1
0
-1
0
-1
1
2
0
0
1
-2
1
0
0
0
0
1
1
-7
-3
-3
-3
-2
-2
-2
-3
0
-2
-1
-2
0
-1
-2
-2
-1
-1
-1
-1
-1
-2
-2
-1
-1
-1
-2
-1
-1
0
-1
-2
0
-1
0
-2
1
0
-1
-1
0
0
0
0
0
0
0
-1
-1
-1
0
-1
-1
-1
-1
-1
0
-1
0
-1
-2
0
-1
-2
0
0
-1
0
-1
0
0
0
0
1
0
0
0
0
0
0
0
0
0
0
-1
0
-1
0
-1
0
1
-1
0
0
-1
1
0
-1
0
0
-1
0
0
-2
0
0
1
0
0
0
1
-1
-1
0
0
0
3
-1
0
0
0
0
1
-1
1
0
1
0
-8
-4
-3
-3
-2
-2
-1
-3
-2
-2
-2
-1
-2
-2
-2
-1
-1
0
-2
-1
-1
0
-1
-1
0
0
0
-1
-1
0
-1
-1
0
0
0
0
0
-1
0
0
0
-1
0
0
0
-1
0
-1
0
0
-1
-1
-1
0
0
-1
-1
-2
1
0
0
0
0
-1
0
-1
0
0
0
0
0
0
0
0
0
-1
0
-1
0
1
0
0
1
-1
0
1
-1
0
0
0
0
0
0
0
-1
0
0
0
0
0
0
0
0
1
0
0
0
0
0
0
0
0
0
0
0
0
0
1
1
-1
0
-1
1
1
0
2
1
1
-5
-4
-2
-3
-1
-2
-2
-2
-1
-2
-1
-1
-1
-3
-1
-1
-1
0
-2
-1
-1
-1
0
0
0
0
0
-1
-1
0
-1
-1
0
0
0
0
0
0
-1
-1
0
0
0
-1
0
0
-1
0
-1
0
0
-1
0
0
0
-1
0
0
0
-1
0
1
-1
0
-1
0
0
0
-1
0
0
1
-1
0
1
1
-1
0
1
0
-1
0
0
0
-1
-1
-1
0
0
0
0
0
-1
0
0
0
0
-1
0
0
0
-1
0
-1
0
1
0
0
0
-1
0
0
-1
0
0
-1
0
0
1
0
0
0
0
0
0
1
0
1
-6
-3
-3
-3
-2
-2
-2
-2
-1
-1
-1
-1
0
-2
-1
-1
0
-1
0
-1
-1
-1
-1
-1
-1
0
0
-1
-1
-1
0
-1
0
0
0
1
0
1
0
-1
0
0
0
0
0
-1
0
0
0
-1
-1
0
0
0
0
-1
0
-1
0
0
-1
-1
0
0
0
0
0
0
-1
0
1
-1
1
0
0
1
0
0
0
0
0
0
0
0
0
-1
0
1
0
0
0
0
0
0
1
0
0
0
0
0
0
1
-2
-1
-1
0
0
0
0
0
0
0
0
2
1
0
1
0
0
0
0
0
0
0
0
0
1
1
-4
-3
-2
-3
0
-2
-2
-1
0
-1
-1
-2
-1
-2
-2
-1
0
0
-1
-1
0
-1
-2
-1
-1
-1
-1
-1
0
0
-1
-1
0
0
0
0
0
1
0
0
0
0
0
-1
-1
-1
-1
0
-1
-1
-1
0
0
-1
-1
0
-1
-1
-1
-1
0
-1
-1
0
0
0
0
-1
0
0
-1
0
0
0
0
0
-1
0
0
0
0
0
0
0
0
1
-1
-1
0
-1
-1
0
0
0
-1
-1
0
1
0
0
0
0
0
0
0
0
0
-1
-1
-1
-1
0
0
0
0
1
0
0
0
1
0
1
1
0
0
0
0
1
-5
-3
-2
-2
-2
-3
-3
-1
0
-1
-1
-1
-1
-2
-2
-1
-1
0
-1
0
-2
0
-1
-1
-1
0
-1
0
-1
0
0
-1
0
0
0
1
0
-1
0
0
0
0
0
0
0
0
-1
0
-1
0
-1
0
-2
0
0
0
-1
0
-1
0
-1
-1
-1
-1
-1
0
-1
-1
0
0
-1
-1
0
-1
-1
0
-1
0
0
0
-1
1
-1
0
0
1
0
-1
0
0
0
0
0
1
0
0
0
-2
0
1
0
-1
1
0
-1
0
0
0
0
1
-1
1
-1
0
-1
0
0
0
1
0
0
0
0
0
0
1
0
0
-3
-3
-2
-1
-1
-2
-2
-1
-1
-1
-1
-1
-1
-1
-1
-1
-1
-1
0
0
0
-1
-1
0
0
0
0
0
0
0
0
0
-1
-1
0
0
0
0
0
0
0
0
0
0
0
0
0
0
-1
-1
0
0
0
-1
-1
0
0
0
0
0
0
0
0
0
-1
-1
-1
-1
-1
-1
-1
-1
0
0
0
-1
-1
-1
-1
-1
0
0
0
0
0
0
0
0
0
0
0
0
0
0
0
0
-1
-1
0
0
0
0
0
0
0
0
0
0
0
0
0
0
-1
-1
0
0
0
-1
-1
0
0
0
0
0
0
0
0
0
