0
0
0
-1
-6
19
-35
42
-21
-6
7
6
-7
13
-13
-21
28
-21
12
20
-26
4
1
-8
25
-25
28
-23
-2
0
34
-34
7
2
-14
21
0
-6
3
-16
-8
33
-38
39
-18
-1
-10
27
-22
7
3
-7
2
-4
4
1
-6
5
-2
0
0
-1
0
2
0
-1
-1
-1
-1
-2
3
-7
5
-2
-5
4
-2
7
-5
-9
22
-27
8
2
18
-39
36
-34
7
14
-4
5
1
-22
12
-3
-8
34
-35
-1
1
24
-28
24
-25
7
0
-3
26
-21
-12
22
-28
20
11
-14
6
-6
-8
4
20
-43
34
-19
4
-2
-1
-4
0
4
0
-2
-11
16
6
-15
1
5
-14
20
-16
-12
47
-47
4
29
-18
-1
17
-36
15
12
21
-53
34
-9
-18
39
-26
3
-10
24
-6
-25
47
-52
11
26
11
-32
-31
62
-31
17
-20
-4
23
-9
-12
33
-59
49
-7
-8
5
-5
2
-1
0
0
0
1
0
-1
0
-1
-1
2
-2
4
-5
7
7
-49
58
-33
13
8
-23
5
19
-18
31
-62
29
31
-11
-27
-12
51
-48
26
5
-23
10
-3
24
-39
17
8
-34
52
-21
-12
-16
35
-18
0
18
-29
-4
46
-48
10
14
-22
12
-7
-2
15
-8
-16
10
1
-2
-8
0
-2
-3
5
-4
0
-4
10
-4
8
-3
-51
47
26
-46
18
5
-53
74
-16
17
-71
36
-1
7
-12
4
18
4
-40
15
31
-30
-8
17
14
-14
-20
12
32
-66
46
22
-72
43
10
1
-19
24
-37
4
20
-20
24
-13
-1
2
-1
1
-3
3
-3
-1
0
0
0
-1
1
-3
1
0
1
-3
1
12
-26
20
-21
-5
36
-24
18
-1
-11
-43
72
-24
-45
64
-33
-12
20
14
-14
-17
6
30
-31
-15
40
-4
-21
-5
10
-8
1
-36
71
-17
15
-75
51
-5
-19
44
-27
-48
48
2
-9
3
-11
3
-1
3
-8
2
-1
0
5
-5
1
-5
16
-38
51
-56
50
-34
14
6
24
-93
81
-46
7
12
9
2
53
-127
57
-1
24
-69
120
-128
89
-8
-28
7
14
-22
-8
-2
-1
41
-74
138
-143
29
71
-104
81
-29
5
-20
22
-3
-22
27
0
-15
9
-15
10
-6
0
1
2
-2
-1
0
-1
0
-2
-1
1
4
-10
14
-12
13
-2
-27
23
1
-24
20
-6
27
-83
104
-72
-30
143
-139
74
-42
1
1
8
22
-14
-8
28
7
-90
128
-120
69
-24
1
-56
127
-53
-2
-9
-13
-8
46
-83
90
-27
-8
-15
32
-52
55
-53
35
-17
4
-6
4
-8
0
5
6
-19
-2
27
7
-28
-8
8
24
-73
147
-178
61
24
35
-66
25
-58
93
-38
-31
31
3
9
59
-143
96
-16
-20
-1
23
-18
18
-15
-1
8
-8
-9
88
-111
4
90
-78
18
-12
3
-1
19
-13
8
-50
59
-18
4
-12
14
-13
4
-4
3
-3
0
0
0
2
-4
3
-5
12
-14
11
-5
17
-59
49
-10
12
-22
0
-4
11
-19
77
-92
-5
111
-88
8
7
-8
0
13
-20
19
-23
0
19
15
-96
143
-60
-9
-3
-30
32
39
-94
58
-26
66
-36
-26
-63
175
-149
73
-26
-11
8
27
-9
-28
0
16
-7
-8
0
12
-2
-16
20
-40
21
52
-59
13
-8
4
-61
208
-186
58
-56
35
1
36
-120
172
-84
4
-23
48
-10
-38
21
-12
-1
11
9
-16
-7
20
3
-54
75
-45
-19
1
96
-56
-78
86
-30
7
7
-32
36
-31
72
-80
37
-8
-14
12
-2
5
-7
3
0
-1
0
0
0
-5
7
-4
2
-11
14
8
-38
80
-73
29
-36
32
-7
-8
29
-88
78
55
-97
-1
18
43
-74
54
-3
-21
5
15
-9
-14
1
11
-21
38
8
-48
23
-5
85
-172
121
-37
-2
-35
56
-58
185
-209
60
-7
7
-14
59
-53
-22
40
-22
14
1
-15
0
13
-23
-9
40
-41
24
-32
39
-22
25
-60
35
102
-133
36
-8
30
-39
20
39
-93
55
-9
-7
27
-8
20
-25
-16
19
1
-3
10
-8
-20
28
-8
-28
68
-26
-23
52
-113
61
12
-11
-5
13
13
-27
4
-13
21
1
-10
1
0
-2
2
-3
1
-2
1
0
-1
1
-2
1
-2
2
0
-3
9
-2
-21
12
-5
26
-15
-13
2
9
-12
-62
112
-52
24
25
-67
28
8
-28
20
7
-11
2
-2
-20
17
24
-20
8
-27
7
9
-56
92
-40
-21
38
-32
8
-37
132
-103
-36
59
-27
20
-40
31
-24
40
-41
6
21
-17
0
-160
62
28
5
-52
59
2
5
1
-39
-32
46
66
-95
18
4
-5
5
-16
40
-2
-17
-5
26
-9
-16
-15
31
-5
-9
6
-5
-5
13
6
-5
13
-6
-50
-37
93
2
-28
-16
24
0
-4
-8
12
-26
20
9
-27
16
1
-9
-4
12
-10
0
1
1
-2
0
1
-2
-2
0
10
-13
2
9
-2
-17
26
-10
-21
25
-14
7
3
-1
-25
16
27
-3
-95
36
50
7
-14
4
-8
-14
4
5
-6
9
5
-31
14
15
9
-27
4
16
2
-39
15
-6
4
-5
-18
95
-68
-47
31
37
-3
-6
-2
-60
52
-6
-30
-64
155
0
8
18
-135
253
-48
-381
228
272
-213
-125
179
27
132
-398
140
140
-159
-83
200
256
-484
57
256
-18
-235
84
76
-59
-14
24
-9
17
-9
-10
10
-11
45
-83
-5
160
-100
-78
62
31
-14
-28
23
-14
-7
16
13
-29
-7
18
6
-10
-2
4
-3
-2
1
1
-2
0
1
0
-2
1
3
-5
1
9
-6
-18
6
28
-15
-16
5
14
-23
27
13
-32
-65
76
100
-161
5
82
-46
9
-11
10
9
-17
8
-24
14
58
-77
-84
236
17
-257
-57
484
-256
-199
81
159
-140
-142
396
-134
-27
-181
123
212
-272
-228
381
47
-254
132
-19
-12
0
131
-33
-108
87
-154
422
-623
522
-177
-173
376
-434
298
-26
-72
-47
181
-277
500
-838
697
-324
237
-170
53
-6
58
-91
51
-10
1
-9
11
-18
27
-23
32
-39
-12
29
27
-75
94
-77
45
-19
0
-1
-2
30
-68
111
-128
69
-6
-7
1
-3
11
-11
3
-1
0
0
0
-1
-4
10
-11
2
-2
7
6
-69
127
-111
68
-31
0
1
-1
18
-46
75
-93
72
-28
-30
13
38
-33
23
-28
17
-12
9
-2
10
-51
91
-58
4
-52
170
-239
325
-696
838
-501
276
-181
47
71
25
-298
432
-378
173
174
-522
623
-422
152
-89
106
31
-135
0
-212
145
124
-243
134
389
-814
354
-70
-68
246
331
-628
378
-121
-43
2
-3
-147
157
-37
232
-275
140
-55
57
-41
-85
91
-28
11
-9
5
-4
3
-9
-7
0
8
89
-68
-64
60
-17
10
-15
7
8
-16
17
9
-29
9
1
11
-13
1
8
-7
1
2
-3
0
0
0
1
-3
-1
7
-8
-1
12
-12
-2
-9
28
-9
-18
15
-9
-6
14
-9
16
-60
64
66
-90
-7
-1
5
8
-4
3
-6
8
-10
28
-91
85
41
-58
55
-140
275
-233
37
-157
146
2
-2
42
120
-379
627
-332
-246
66
68
-354
813
-391
-136
242
-127
-146
207
0
183
-249
333
-496
456
320
-1041
561
-106
126
164
-722
368
589
-518
217
-316
285
67
-380
331
-95
-221
360
-218
-26
159
-88
1
9
6
-16
6
4
-4
20
-78
112
-40
-96
173
-109
-49
111
-58
17
-6
14
-19
-18
50
-36
-24
63
-53
26
-4
-7
4
-3
3
-3
0
0
0
2
-5
3
-4
6
4
-27
53
-65
22
35
-51
17
18
-14
4
-17
56
-112
50
108
-176
96
41
-113
77
-22
5
-3
-5
15
-5
-9
0
87
-161
25
219
-360
221
97
-332
381
-67
-286
315
-217
518
-590
-370
719
-165
-126
105
-561
1040
-321
-457
493
-336
248
-188
0
-87
23
61
87
-421
926
-1099
455
58
179
-602
558
-309
225
-47
32
-223
174
242
-535
328
11
-234
278
-142
-102
241
-164
51
-8
1
2
-3
-1
1
29
-76
60
-47
79
-18
-33
-41
83
-49
5
12
-5
7
-14
27
-49
55
-16
-27
14
4
3
-15
12
0
-4
2
0
-1
4
-1
-13
16
-5
-4
-16
26
16
-55
48
-28
14
-9
4
-14
-6
49
-83
41
32
18
-80
47
-61
76
-30
-2
-1
2
-2
-1
7
-53
164
-241
100
143
-279
233
-11
-330
536
-242
-176
223
-33
45
-227
308
-559
601
-180
-59
-455
1098
-927
419
-88
-63
-25
82
0
-2
-2
-97
291
-198
190
-389
237
-76
77
82
43
-194
-186
264
3
-84
64
42
-172
68
-94
227
-50
-81
22
70
-32
-33
15
-5
4
-5
-7
19
-12
25
-44
-4
96
-138
44
78
-75
23
-3
2
-8
5
-10
5
-14
34
-25
5
0
1
-6
6
-6
1
0
0
0
0
1
-2
4
-7
5
-2
-1
-6
24
-36
14
-7
9
-6
8
-3
2
-23
73
-79
-45
137
-97
4
43
-23
11
-20
5
5
-4
4
-15
33
32
-70
-23
81
50
-227
94
-68
171
-42
-66
84
-3
-265
184
191
-44
-83
-80
73
-237
389
-190
196
-292
94
1
-2
0
47
4
19
-332
613
-650
488
-166
-109
224
-237
334
-497
394
-130
-38
116
-122
49
16
-43
55
-52
39
-21
75
-117
68
-17
2
-4
1
-4
9
-5
-9
22
-6
-36
34
10
-17
-19
33
-16
-5
3
-1
9
-1
-29
49
-55
33
0
-8
5
1
-7
5
-2
-1
-1
0
-1
0
0
-5
7
-2
-5
7
0
-34
57
-50
29
-1
-10
1
-4
4
15
-34
18
16
-11
-35
35
5
-24
9
4
-10
3
-1
2
-2
16
-70
116
-75
22
-39
52
-55
45
-17
-48
122
-116
38
129
-395
495
-335
236
-225
107
165
-490
651
-611
331
-22
-5
-52
0
-93
135
-185
247
143
-529
263
-84
148
-77
-103
90
110
-116
77
-95
6
107
-106
5
-61
177
-8
-95
10
-36
9
61
-21
-5
-2
-3
-3
2
1
-5
-8
19
-3
14
-46
-9
57
-18
-12
8
-7
5
-16
21
5
4
-12
-7
-6
8
-7
4
1
0
-3
0
0
0
0
-1
3
-1
-1
-5
6
-9
6
6
13
-5
-6
-22
15
-6
7
-8
12
17
-58
9
45
-16
2
-19
7
5
-3
-3
1
3
1
5
19
-63
-10
37
-11
95
8
-178
61
-5
105
-107
-7
94
-77
114
-110
-91
101
76
-151
83
-263
527
-144
-248
182
-136
89
0
118
-31
-129
81
41
61
-269
94
225
-325
306
-366
590
-541
196
69
-265
478
-672
579
-308
205
-263
306
-219
152
-151
105
-36
-2
1
9
-8
4
0
-8
23
-28
44
-99
108
-66
39
-23
0
12
-11
5
-1
0
8
-18
9
3
-2
-1
-8
14
-5
-2
0
0
-3
0
2
-1
1
2
4
-13
7
0
2
-4
-10
18
-8
0
1
-5
11
-13
-1
23
-40
66
-111
99
-44
27
-24
7
-1
-6
7
-9
-1
1
35
-105
151
-153
218
-306
262
-206
307
-579
672
-479
264
-69
-197
539
-591
363
-307
323
-226
-94
269
-62
-43
-81
126
30
-122
0
-164
249
-48
-274
-314
773
-210
-1
-126
32
116
-199
26
255
-287
45
177
130
-459
185
-75
-3
304
-150
-51
-74
99
-34
4
3
-4
5
1
-2
1
0
4
30
-58
-17
23
49
-23
-23
15
-12
8
0
-3
2
7
-17
13
3
-13
-3
-3
11
3
-7
0
-2
0
0
-2
0
0
7
-4
-13
2
2
11
-4
-14
17
-9
-3
3
-1
-9
10
-16
23
22
-50
-23
15
57
-31
-4
-1
-1
2
-1
-5
3
-4
-4
34
-100
73
52
150
-305
4
75
-186
458
-131
-178
-46
285
-257
-27
199
-118
-35
123
0
210
-774
312
272
44
-248
159
0
149
-158
-63
94
201
-273
144
-55
-7
22
74
-387
485
-235
115
-139
180
-229
125
-13
49
-133
121
29
-48
4
-38
28
-5
4
-1
2
2
-5
7
-10
11
-7
61
-118
58
6
-21
26
-13
4
1
-1
4
1
-6
2
-3
-7
17
-24
22
-15
7
-3
1
-1
-1
0
0
1
-1
2
-8
15
-23
24
-16
6
2
-3
5
-1
-3
0
-1
-4
14
-27
21
-7
-59
117
-61
7
-11
8
-8
5
-2
-3
1
-4
5
-28
38
-3
49
-29
-121
134
-50
13
-125
229
-179
138
-115
233
-487
384
-75
-24
4
55
-145
272
-200
-96
61
157
-154
0
11
14
-6
32
-66
33
5
-15
-2
21
-7
-56
70
-17
1
-22
40
-25
-38
52
-12
-6
11
-5
4
-16
10
1
-1
2
-1
-2
2
-1
-2
1
3
-3
-4
-5
10
-6
1
2
-3
3
-4
1
1
-2
1
-1
-6
3
0
2
-5
2
-1
1
0
1
-1
0
-1
0
0
-1
1
-3
3
-3
0
-3
5
-1
-2
1
-1
-2
3
-4
1
-2
-2
6
-10
4
2
2
-3
-2
1
0
-1
1
0
-2
0
-1
-8
15
-4
4
-13
6
12
-51
38
25
-40
21
-2
16
-70
56
5
-23
1
14
-7
-35
64
-33
3
-16
-15
0
9
-3
-11
4
20
-20
-3
10
1
-3
-4
-26
33
2
0
-7
-5
19
-23
11
1
-5
1
9
-9
2
3
-2
1
1
-1
1
0
-1
-2
2
-2
0
4
-8
3
0
-3
2
-2
-2
0
-3
7
-7
3
-1
0
-2
0
0
0
-2
1
0
-1
0
-1
0
-1
-1
1
0
-1
2
-2
-1
0
0
-1
1
-5
6
-8
2
-1
0
0
-3
2
-2
-3
7
-4
-1
2
-2
1
0
-1
-1
0
-1
-1
3
-4
-2
9
-10
-2
4
-1
-12
25
-19
4
6
-3
-2
-35
26
3
3
-4
-10
2
20
-20
-6
9
2
-14
0
1
-3
-2
6
-3
2
-1
-8
11
-7
-2
-2
16
-11
1
-1
-7
14
-12
1
1
-3
8
-8
6
-6
3
1
-2
-1
0
4
-3
-2
1
1
-2
-1
-1
2
-2
1
-2
-1
2
-1
-1
1
1
-3
5
-5
3
0
-1
-4
5
-3
0
0
-1
0
0
0
-1
0
0
0
-1
2
-3
3
1
0
-3
5
-7
3
-1
-2
1
0
-2
0
1
-2
1
-2
1
-1
1
-2
-3
1
2
-5
-1
0
3
-2
-2
5
-8
8
-8
2
-2
-3
12
-15
5
0
-1
9
-18
1
3
7
-12
8
-1
-2
1
-7
0
2
-5
0
0
-5
-2
8
-7
0
5
-4
-4
6
7
-6
-19
22
-11
1
6
-12
8
-6
7
-11
12
-1
-7
8
-7
3
-1
2
1
-2
1
2
-4
3
-4
4
1
-6
1
3
-2
0
0
1
0
-2
0
-1
3
-6
5
-2
-2
-1
3
-1
-3
1
-1
-1
0
0
-1
0
0
-1
2
0
-4
1
2
2
-7
6
-4
0
-2
2
-1
-2
-1
0
1
-4
-1
5
-1
-6
4
-3
2
-3
-1
2
-1
-2
1
-4
7
-8
8
0
-13
11
-7
5
-9
12
-7
-1
10
-24
18
5
-8
-7
2
3
-6
-1
6
-9
-1
3
-5
0
2
-4
0
1
-6
3
6
-1
-4
1
-14
20
-12
0
1
-2
4
2
-1
-12
6
7
-5
3
-3
0
3
0
-1
0
-1
1
0
-2
-1
0
-1
3
-4
4
-3
-3
6
-2
-4
2
0
2
-3
-1
1
1
-3
4
-2
1
-1
0
-1
-1
-1
0
0
0
0
-1
0
-1
0
-1
1
-2
1
-4
3
-2
-2
-1
2
-3
1
-3
3
1
-7
3
1
-5
4
-3
0
-1
-1
1
-1
-1
1
-1
0
0
-2
-1
3
-3
5
-7
-4
11
0
-3
-5
1
-2
-2
9
-22
12
-3
2
0
-8
-4
4
-3
-2
2
-6
0
-2
-1
-2
3
10
-20
11
-4
2
-6
8
-1
-16
8
1
2
-1
2
-5
6
-5
3
-4
2
1
-2
2
0
1
-4
-1
3
-2
-1
1
1
-5
6
-3
-3
2
1
-2
-1
3
-2
1
-1
2
-1
0
-1
2
-2
-1
-1
2
-2
0
1
-1
-1
0
0
-1
0
-1
-1
-1
1
-3
0
-1
2
-2
1
-1
1
-2
1
-2
1
-3
1
2
-1
-3
2
2
-5
4
0
-2
-1
2
-4
-1
4
-1
0
-1
1
0
-3
4
-4
6
-6
4
-3
1
-2
-3
-9
14
0
-8
4
-2
3
-12
20
-11
-5
-1
0
-3
0
0
0
3
-8
-3
12
-5
4
0
-7
0
12
-13
-3
5
-2
3
-7
8
-3
2
1
-4
6
-5
2
-1
2
0
-2
0
-2
3
-3
2
1
-3
3
-3
4
-4
3
-4
3
-2
1
-2
0
1
-1
-1
0
-2
2
-2
1
-2
0
1
-1
-1
0
-1
0
0
-1
-1
0
-1
0
0
-1
1
-2
0
-1
0
0
-2
0
1
-2
1
-4
3
-4
3
-5
2
-4
3
-3
-3
3
-3
1
-1
2
-1
-3
2
-2
4
-6
5
-2
-1
3
-8
7
-4
2
-6
1
11
-14
-2
6
-1
-5
5
-13
3
7
-6
-1
-4
0
-1
1
-4
7
-8
3
4
-5
4
-4
2
0
0
-3
1
-4
-1
1
7
-5
-3
5
-4
3
2
-3
0
2
0
-1
0
1
-2
2
-3
2
-3
1
0
-1
0
-2
1
1
1
-2
-1
2
-2
1
0
-1
1
-2
1
-1
0
-2
0
0
0
-1
0
0
-1
0
-1
0
0
2
0
0
0
1
-1
0
0
-2
1
-2
0
1
-2
-1
-2
1
1
-1
0
-2
1
-3
2
-3
1
-2
-1
0
1
-2
-1
2
-3
-3
3
-5
3
6
-9
-2
0
4
-2
1
-2
-1
-3
2
-6
4
-5
-4
7
-8
2
-3
-3
0
-3
1
-1
-1
8
-12
6
-3
0
1
-3
-3
6
-6
3
-5
1
2
-2
0
0
2
0
2
-5
4
-1
0
-3
1
0
-1
-1
0
0
-1
1
0
-2
2
-2
-1
1
0
-1
0
1
-1
-1
-3
3
-2
2
-2
1
-3
1
-2
0
-1
-1
0
-1
0
1
-1
-1
0
-1
-1
-2
2
-2
1
-2
3
-3
0
-1
0
-1
-1
0
0
-1
0
1
-3
3
-3
-2
2
-1
-3
1
0
-2
-1
2
-1
2
-5
5
-2
0
-3
0
-1
1
-4
-2
4
-4
4
-8
2
1
-3
-2
2
-7
11
-9
-1
-1
-2
-1
0
-1
1
-3
1
0
-3
4
-1
-5
4
4
-12
11
-3
-3
3
-1
-4
7
-3
-1
3
-3
3
-4
3
1
-1
-1
1
-2
0
3
-2
2
1
0
-1
0
-1
1
-2
2
-2
2
-3
-1
4
-3
0
-1
1
-3
1
-1
-1
0
2
-2
1
-1
0
0
0
-1
-1
0
-1
1
-2
1
1
0
-2
3
-1
-1
-1
2
-4
0
2
-3
3
-5
1
-2
0
-2
-1
0
0
-1
3
-2
0
2
-2
0
1
-1
-4
4
-4
2
-3
0
2
-7
3
1
-3
2
1
-13
10
-4
-6
2
1
-6
2
-2
-2
0
-3
-4
0
15
8
-8
-2
-14
6
4
1
-3
0
1
-5
2
-8
9
6
-3
-7
2
-5
3
7
1
-6
-2
3
3
0
-4
0
2
2
2
-3
-2
1
1
-2
-3
3
2
3
-10
-4
0
10
3
-1
-9
-10
6
9
4
-4
-12
1
6
1
-1
-1
-1
-1
0
0
-1
0
0
1
0
-1
-7
-2
11
2
-5
-9
-7
9
8
1
-6
-10
-1
3
9
-3
-4
-4
3
0
-2
-1
0
3
-3
-3
-2
1
4
0
-5
-3
1
6
-2
-6
-4
4
-1
6
2
-6
-10
6
-3
4
-2
-1
1
-1
-6
-8
12
2
5
-9
-19
0
51
-23
-31
21
2
-3
0
1
1
-3
4
-14
13
0
-14
-7
40
-45
40
-27
-4
14
-9
6
3
-8
4
1
-5
2
6
-4
-1
-1
2
9
-28
18
12
-16
2
-1
3
-8
4
0
1
-1
0
-11
23
-22
13
-10
22
-27
12
-3
-4
1
1
-2
0
0
-1
1
-1
-2
4
1
-13
26
-23
9
-14
22
-24
11
0
0
-1
0
-5
7
-3
0
-2
15
-14
-20
28
-9
-3
0
1
4
-6
-2
6
-1
-5
8
-2
-6
9
-15
5
27
-41
44
-41
6
12
-1
-13
11
-5
0
-2
-2
0
1
-4
-24
29
22
-56
0
18
12
-5
-8
1
4
-3
-5
0
5
-2
-7
-1
6
1
-5
-2
4
4
-4
-8
-1
5
4
-2
-2
1
1
-3
-4
1
7
6
-4
-12
-9
3
12
9
-5
-10
-4
4
6
-2
-5
-2
4
4
0
-5
-4
-1
1
1
0
1
1
1
-2
-2
0
1
0
-2
-1
2
2
0
-2
-2
-1
-2
-1
0
4
3
-1
-5
-5
1
5
0
-6
-6
3
9
4
-10
-14
-5
9
10
2
-7
-7
-2
3
2
-2
-2
2
1
-5
-6
1
8
4
-4
-5
2
4
-4
-8
0
5
0
-6
-3
3
1
-4
-1
7
4
-13
-19
