0
0
0
0
0
-4
-2
7
-4
0
-1
1
-2
6
-9
3
4
-3
3
-4
-1
12
-4
-5
3
3
-6
0
2
3
-3
-1
0
-3
1
3
-2
0
-2
1
-2
-1
1
0
1
-1
-1
-1
1
0
1
-1
1
0
-4
2
1
-1
-2
1
0
0
0
1
0
-1
0
0
-1
-1
2
0
-1
-2
4
0
-1
1
-2
0
-1
0
0
1
-1
-2
-2
0
1
-2
1
0
1
-3
-1
1
0
0
2
-3
-3
-2
5
-3
-3
5
4
-12
0
3
-4
2
-4
-4
8
-6
1
-2
0
-2
3
-8
1
1
-2
-2
-1
-3
0
-2
-1
3
-4
2
3
-7
7
-5
1
0
1
-4
-4
8
-5
-2
-3
3
-8
14
-2
-3
-4
1
2
-3
-4
8
-4
4
-1
-5
4
-3
0
4
-5
7
-8
3
1
1
-4
3
-4
7
-8
1
2
0
-1
-1
1
-1
-2
3
-3
0
-1
-1
0
0
0
0
0
-1
0
-2
2
-2
1
-1
-1
1
1
0
-2
-1
7
-6
1
-2
3
-1
-2
-4
8
-7
3
-4
-1
3
-6
3
1
-4
3
-9
4
3
-2
-1
3
2
2
-15
8
-3
1
2
4
-9
2
2
-2
-1
-4
4
-8
8
-4
-3
2
-6
-1
-3
0
2
-5
6
-3
0
-4
7
-3
-2
0
1
2
-6
26
-46
21
-3
6
2
-23
17
-4
10
-7
-6
16
-19
10
-1
-1
2
-2
0
-3
3
7
-25
15
-1
14
-17
3
1
1
1
-14
24
-22
15
-10
0
1
0
0
-3
1
-1
0
0
0
-1
-1
1
0
1
0
0
0
0
-1
0
-2
1
-1
0
-2
-1
9
-16
21
-25
14
0
0
-2
-3
15
-14
1
-16
24
-8
-5
2
0
2
-3
1
2
-10
17
-17
6
6
-11
3
-19
23
-3
-7
2
-22
45
-28
5
-3
-3
-1
1
2
-7
3
-2
2
-9
3
-6
0
-4
-3
3
0
8
-26
23
-4
-2
-1
3
-2
-3
5
-7
-6
2
17
-26
35
-42
27
-7
-2
-4
8
1
-9
6
1
-2
0
-2
1
-2
-1
10
-3
-19
-3
30
-17
1
1
-3
2
7
-17
13
-9
3
-8
10
-7
-1
2
-2
-1
1
-1
-2
0
-1
0
0
0
1
0
-1
-1
1
-3
0
6
-11
7
-4
7
-14
16
-7
-3
3
-2
-2
17
-30
2
19
2
-11
-1
1
-2
-2
-1
2
-2
-4
9
-2
-9
4
2
6
-27
42
-36
26
-18
-3
5
6
-7
1
0
-5
-2
0
4
-23
24
-9
-1
-6
2
-1
0
-4
-1
3
-4
15
-18
7
-5
2
-1
-2
4
-5
9
-24
28
-16
9
2
-14
-12
21
-3
3
-5
2
-9
9
-5
8
-7
1
0
-7
11
-4
0
-5
4
-5
14
-18
4
2
13
-28
16
-2
1
-7
6
-3
1
-5
0
0
1
-2
0
-2
0
0
0
0
-1
0
-1
0
0
0
0
-1
-2
4
-1
1
-7
6
-2
1
-16
26
-14
-3
-5
17
-15
3
-4
4
0
4
-12
6
-1
-2
7
-9
6
-9
8
-3
4
-4
1
-22
12
13
-2
-10
17
-29
24
-9
3
-6
-1
-1
-4
4
-9
17
-16
3
-6
-1
-1
0
-4
-2
3
1
8
-26
18
1
-4
-1
-4
9
-16
30
-45
37
-23
23
-25
12
-2
1
0
4
-7
8
-8
-5
9
-1
0
0
-4
2
-2
7
-8
12
-18
-5
14
-2
-1
0
11
-25
11
-3
6
-8
6
-5
0
2
-1
0
0
-1
-1
0
0
-1
0
0
-1
0
0
-1
0
0
0
-2
1
-4
0
4
-6
6
-5
3
-13
23
-12
0
1
1
-15
4
17
-13
6
-8
1
-3
2
0
-1
0
-9
5
6
-9
6
-5
-1
-3
3
-12
24
-23
20
-37
45
-31
16
-10
3
-2
2
-2
-20
24
-8
-1
-4
0
0
0
-5
3
-2
-6
11
-7
2
3
-8
6
-5
2
-2
23
-40
16
-5
4
20
-38
9
11
-3
-4
10
-6
-7
14
-12
6
-4
2
-2
-2
4
-6
3
7
-10
3
2
-6
4
-2
1
1
-7
11
-4
0
-6
3
2
-5
5
-3
2
-2
1
-1
-1
-1
-1
0
0
0
-1
1
-1
1
-2
2
-5
4
-3
-4
4
-1
4
-11
5
-2
-1
1
-5
5
-3
-4
11
-7
-4
6
-5
1
0
-2
2
-7
12
-15
7
4
-10
5
4
-13
-11
39
-21
-4
4
-16
38
-25
0
-4
5
-7
6
-3
-3
7
-12
5
-1
-3
1
0
-1
-1
2
-8
5
19
-28
11
-4
1
-1
-6
2
25
-32
8
-5
4
9
-2
-11
2
7
-3
-1
1
-2
5
-4
-1
0
0
2
-1
-2
1
1
-5
12
-17
11
3
-6
-4
-3
3
10
-6
-1
-7
5
-1
-2
0
0
1
-1
-1
1
-1
1
0
0
0
0
-1
-1
0
-2
2
1
-2
-1
0
1
-1
-6
6
0
6
-11
-4
3
2
5
-3
-11
16
-13
5
-2
-2
2
0
-3
-1
-1
2
4
-5
1
0
1
3
-6
-3
10
1
-8
-4
5
-8
30
-26
-4
5
0
-4
2
-12
28
-20
-7
6
-6
-1
-3
0
12
-6
0
0
0
-2
-4
4
-1
0
3
-6
4
-8
-1
5
2
-5
2
11
-16
5
3
-2
1
-3
-3
3
0
0
0
-1
-3
6
-5
-1
6
-1
-2
8
-10
-5
13
-4
1
-9
2
9
-6
1
-3
4
-2
0
0
0
-1
-1
0
0
-1
-1
0
0
-1
0
0
0
-1
0
0
-2
-1
0
1
-4
3
-1
5
-9
-3
8
-3
4
-15
5
9
-9
2
1
-6
1
4
-6
3
0
1
0
0
-4
2
1
-3
1
-3
-5
14
-11
-1
4
-2
-5
0
7
-5
5
-4
-2
-2
-5
4
1
0
-2
-3
5
-17
0
-39
53
-44
83
-157
69
83
-80
39
-38
42
-73
89
10
-122
118
-83
54
5
-84
90
-37
12
-2
-6
5
-5
2
2
-3
0
0
-2
3
-2
-1
4
-2
-12
11
-16
20
-10
6
-7
4
4
-13
10
-6
0
4
-5
5
-7
3
-1
0
-1
1
-1
-1
0
0
0
0
1
-1
0
-1
1
-4
6
-6
4
-4
-1
6
-10
13
-4
-5
6
-6
7
-20
14
-12
12
1
-4
0
2
-4
-1
-1
-1
2
-2
-3
4
-6
6
0
-12
36
-91
84
-4
-54
82
-118
121
-10
-91
72
-43
37
-41
80
-84
-69
156
-85
43
-53
34
0
33
7
-44
-33
164
-185
61
7
0
-7
-13
-32
156
-218
91
69
-28
-37
-15
87
-75
15
15
-9
-6
0
3
-1
-1
0
0
1
-2
0
0
-1
0
4
-10
7
1
0
-6
11
-9
4
1
-7
4
5
-10
7
-2
1
-1
-2
4
-3
0
0
-1
1
-1
0
0
0
0
1
-2
2
-5
2
0
-2
2
-7
9
-5
-4
6
-2
-4
10
-11
5
-1
-2
-8
10
-5
0
1
1
-2
1
-2
0
0
1
1
-6
0
5
9
-15
-16
74
-87
16
36
28
-70
-92
216
-158
31
11
6
-2
-8
-62
183
-166
32
40
-8
-37
0
-24
26
-3
-67
197
-135
-77
84
4
-51
95
-153
-56
339
-118
-165
136
-23
-129
133
42
-76
3
19
-17
5
3
-5
3
1
-2
1
2
-1
-6
5
0
-8
10
4
-24
28
-12
2
-11
13
-16
18
-2
-12
7
-4
2
-1
0
0
0
-1
0
0
0
-1
0
0
0
0
0
0
0
0
2
-1
0
0
-2
4
-9
10
0
-18
17
-13
11
-2
11
-29
23
-5
-12
7
-1
-5
4
-1
-2
-1
2
0
-4
5
-5
-5
16
-19
-4
77
-41
-134
128
23
-136
165
116
-341
54
151
-97
49
-7
-84
76
134
-197
66
1
-28
20
0
10
-53
52
85
-326
409
-240
56
44
-46
-67
191
-384
511
-262
-64
167
-139
39
17
-23
53
-62
26
3
-14
12
-6
1
0
0
-2
0
0
2
-3
-2
12
-12
1
3
-5
9
0
-7
5
-5
-4
5
0
1
-3
-2
4
-2
-2
2
0
1
0
-2
0
1
0
0
-1
1
-1
0
0
-2
1
2
-5
1
3
-3
-2
-6
3
4
-8
7
0
-9
5
-4
-1
13
-12
3
3
-3
-1
0
2
-3
0
-2
6
-11
14
-3
-27
62
-54
22
-17
-42
138
-167
63
260
-512
383
-192
65
44
-44
-57
239
-410
324
-86
-54
51
-14
0
19
-63
29
8
188
-130
-114
-2
88
44
-62
-108
-259
574
-105
-16
-82
-50
30
-80
130
0
-35
-10
5
8
1
-10
2
3
-1
-1
-1
0
2
-3
2
-1
2
-3
-11
12
-1
5
-16
19
-9
8
-11
2
0
-4
7
-2
1
-1
-1
0
-1
0
0
0
-1
0
0
-1
0
0
0
-2
0
-1
-2
2
-7
4
1
-4
11
-9
9
-20
17
-6
1
-12
9
2
-2
1
-3
2
-3
0
1
0
0
-3
-2
10
-1
-9
-5
9
35
0
-130
80
-31
49
81
15
104
-575
257
107
61
-46
-90
1
114
129
-189
-10
-32
60
-24
0
-38
68
-55
65
-235
301
-190
146
-140
133
-202
333
-317
83
117
-177
177
-218
277
-245
110
7
-37
33
-32
26
-22
17
-10
4
-1
-3
2
-4
4
-4
7
-12
4
-12
20
-2
-1
-6
4
-13
18
-6
-10
1
3
2
-1
0
-1
0
-1
-1
1
0
-1
-1
1
0
-1
-1
-1
0
-1
1
0
0
2
-3
1
-4
-2
-2
8
6
-19
12
-6
5
0
2
-22
12
-4
11
-8
3
-5
4
-4
2
0
-5
9
-18
22
-28
31
-34
37
-7
-111
245
-278
218
-179
177
-118
-85
315
-334
199
-133
137
-146
190
-302
234
-66
52
-69
33
0
23
18
-44
-86
305
-383
184
52
-17
-20
-95
-74
607
-743
264
116
-82
-113
101
103
-207
123
8
-38
-4
21
2
-20
12
-1
0
-3
1
-2
3
-4
0
5
-10
2
13
-20
-1
23
-9
-1
0
-4
0
4
-2
0
-1
-1
2
-2
1
0
0
0
-1
0
0
0
0
-1
0
-1
-2
0
0
2
-2
0
0
-1
3
-4
-1
4
0
0
8
-23
1
20
-13
-2
10
-6
0
3
-3
0
-2
3
0
0
-12
20
-3
-21
3
37
-6
-123
207
-103
-102
112
82
-116
-264
742
-608
71
95
17
15
-52
-185
381
-306
84
41
-20
-26
0
8
-52
112
1
-306
152
166
-5
-133
58
130
-147
-368
386
109
-74
-126
-12
74
286
-276
-57
53
31
-27
-11
18
6
-13
1
3
-1
0
1
-2
-1
5
-6
5
-1
-2
6
-15
15
-4
-4
6
-9
13
-12
2
7
-6
0
0
0
0
-2
1
0
-2
0
0
0
1
-1
1
-1
-2
1
0
-1
1
-1
5
-7
-2
12
-13
9
-7
3
5
-15
14
-7
1
1
-6
6
-4
1
0
-2
-1
1
-3
-2
12
-6
-18
11
26
-31
-52
57
275
-286
-74
13
125
74
-111
-388
366
144
-131
-61
131
5
-166
-154
303
-2
-114
52
-13
0
-32
16
33
-152
281
-68
-152
21
92
-152
250
-423
633
-520
252
-201
222
-254
357
-413
232
-36
22
-35
28
-24
25
-23
15
-8
5
-2
0
-2
1
-1
0
-2
-8
17
-6
-7
-2
-4
10
-2
-4
3
5
-7
3
-9
10
-8
3
-3
1
-4
1
0
0
0
1
0
-1
0
-1
1
-1
2
-3
2
-4
7
-11
10
-4
6
-5
-3
4
2
-10
3
3
4
5
-18
7
1
-1
0
-2
0
-1
2
-5
7
-14
23
-25
24
-28
34
-22
35
-233
413
-357
253
-223
201
-253
518
-632
421
-251
150
-94
-21
151
67
-282
151
-34
-17
27
0
26
36
-35
-65
25
183
-194
-17
50
17
71
-181
43
166
-93
-53
-32
57
239
-470
245
31
-30
-28
12
10
13
-24
8
4
-2
1
0
1
-2
6
-6
4
2
-12
7
2
-5
3
-5
-1
8
-14
11
1
-9
8
-5
0
2
-1
0
0
0
0
0
0
0
0
-1
1
0
0
-1
-1
1
0
-3
0
5
-9
8
-3
-12
13
-8
1
5
-4
5
-4
-9
10
-2
-6
4
-6
1
-1
-1
-1
1
-4
-9
24
-13
-10
-13
27
29
-31
-245
471
-237
-57
31
52
92
-167
-45
180
-73
-19
-53
15
193
-184
-26
63
32
-37
-31
0
-3
-28
98
-15
-232
58
253
-170
-10
143
-67
-23
-224
305
-98
-62
86
78
-13
-252
126
62
-26
-19
22
6
-20
9
4
-6
1
2
-2
1
3
-7
2
3
5
-18
14
-2
-7
13
-17
12
-7
-1
7
-8
4
4
-9
3
2
-5
3
-1
-1
1
0
-1
0
0
0
0
0
-2
1
0
-3
3
-2
-3
7
-4
-5
7
-8
0
7
-13
16
-15
6
2
-15
17
-6
-3
-2
6
-4
-2
1
-2
-1
5
-4
-10
20
-5
-24
18
26
-64
-125
251
13
-78
-86
61
97
-306
221
22
66
-145
10
169
-253
-58
230
13
-101
27
-2
0
-27
-8
64
-188
364
-283
122
-144
141
-97
112
-202
266
-230
121
-49
3
69
20
-170
119
-42
18
5
-10
19
-31
38
-30
14
-3
-2
3
-4
4
-4
-2
5
2
-3
1
0
4
-13
3
5
4
0
-7
1
-6
4
5
-4
2
-2
-1
1
0
0
-1
-1
-1
0
-1
-1
1
-1
1
-1
1
2
-2
4
-6
-4
7
-2
6
0
-5
-5
-5
12
-4
0
-3
3
-2
-5
0
4
-5
3
-4
2
4
-13
30
-39
31
-19
10
-5
-17
42
-120
170
-18
-68
-3
49
-123
228
-268
200
-113
94
-143
143
-124
282
-367
186
-67
7
23
0
29
25
-22
-71
21
126
-102
-15
0
-21
230
-290
72
35
21
-7
-22
-68
159
-105
-9
23
11
-4
0
-10
-2
17
-8
-2
0
0
1
-3
2
-1
-1
0
-6
12
-8
-4
0
0
9
-10
1
3
0
-5
3
1
0
-5
4
-2
0
-1
0
0
-1
0
0
0
-1
-1
-1
0
-1
1
-1
1
-4
3
-1
-2
-3
4
0
-4
-2
9
-9
-1
-1
2
7
-13
5
0
1
-1
-2
1
-2
0
-1
1
8
-17
2
11
1
3
-12
-24
9
105
-159
68
21
6
-23
-36
-72
288
-231
18
-2
16
102
-127
-22
70
20
-26
-33
0
3
-6
5
15
-60
32
1
16
-3
-10
1
-24
23
16
-25
12
2
-7
3
-7
11
-6
4
-3
-1
6
-5
0
2
-3
2
0
0
0
1
1
0
1
-1
-2
3
0
-1
3
-5
4
-2
3
-6
4
-1
-2
-1
-1
1
-1
-1
-1
-1
1
-1
0
0
0
-1
-1
-1
-1
0
-1
1
0
-2
1
0
1
1
-4
5
-3
1
-4
4
-4
1
-1
-4
1
0
-1
0
-2
-1
-1
0
-1
-2
3
-3
0
5
-6
1
2
-4
7
-10
6
-4
6
-3
-12
24
-16
-25
24
-4
8
2
-17
-2
-33
58
-17
-9
5
-8
0
-9
4
-2
1
12
-10
-5
7
-1
-2
-2
-2
1
2
-4
1
-6
8
-2
-7
6
-1
0
0
0
-2
-1
2
-1
2
-1
1
-2
1
-1
0
1
0
-1
-1
0
-1
1
-2
1
-1
0
1
-3
-2
2
-1
1
-1
-1
-2
0
-1
0
1
-1
-1
-1
0
-1
-1
1
-1
0
0
-2
0
1
0
-2
2
-3
-1
2
-2
-1
0
-1
1
-1
0
-1
0
1
-1
1
0
0
-1
1
-2
2
-2
2
-2
-1
2
-2
-2
0
1
-8
7
2
-9
5
-2
2
-3
-3
1
1
0
-1
-8
4
9
-12
-2
-1
-4
4
0
1
-3
1
2
-6
2
2
1
1
-2
1
1
-6
5
1
-6
8
-7
7
-7
3
0
0
0
-1
0
-1
2
-1
0
2
-2
1
-2
1
1
-1
-1
2
1
-2
-1
0
1
0
0
-2
2
-3
0
-1
-1
0
1
-1
-1
2
-1
1
-1
1
-1
-1
0
0
0
0
1
-1
0
-1
0
0
-2
0
1
0
-1
1
-2
0
0
0
-2
-1
-1
2
-2
-1
0
2
-2
-1
1
-1
1
-2
0
0
-2
2
-2
1
0
1
-1
-4
7
-9
6
-7
6
-2
-8
6
-3
-1
0
-1
-1
-2
-3
4
-3
-4
4
-5
0
-2
1
-3
0
3
-10
9
-3
-1
2
-10
11
-5
3
1
-3
-2
3
2
-2
-1
0
1
-2
1
1
-3
1
1
-1
-1
1
-3
1
-1
0
1
0
1
-2
0
1
-1
0
0
0
-1
1
0
1
-1
0
-1
1
-2
2
-2
-1
0
-1
-1
0
-1
0
0
0
0
0
-1
0
1
-2
1
-1
1
-1
0
-1
0
-1
1
-1
0
-1
0
-2
-1
1
-1
0
0
-1
0
-2
1
-1
-1
0
-1
-1
2
-1
0
2
-1
-1
1
1
-2
-3
1
3
-1
-4
4
-13
8
-3
-1
2
-9
9
-5
-1
0
-2
-2
0
-2
0
-2
1
0
2
-2
1
-2
1
-5
2
5
-7
3
-1
-3
3
0
-1
0
2
-3
3
-2
1
-1
-2
5
-5
1
0
0
-1
0
-1
-3
2
-2
-2
-1
2
-1
-2
2
-1
0
-3
2
1
-3
0
-2
1
-1
1
-1
-1
0
0
-1
0
-1
0
1
0
-1
0
-1
0
1
-2
2
-2
0
-1
2
-1
-3
3
0
0
-2
1
-1
-2
-1
1
2
-4
2
-1
-1
0
0
-1
-2
4
-5
1
0
-2
2
-4
2
-1
0
1
0
-3
2
1
-4
6
-7
-4
3
-3
-1
-2
1
-2
-2
-2
0
-2
-3
0
-1
1
-2
2
-3
4
-4
3
-3
0
1
0
-9
8
-4
2
-3
-1
6
-6
3
-2
0
2
-2
-2
0
1
-2
2
-2
0
0
1
-2
1
-2
0
-2
1
-1
0
-1
0
-2
1
-1
1
0
-1
-1
1
1
-2
1
0
0
0
-1
0
0
-1
0
0
0
-1
0
-1
0
0
0
-1
0
1
0
-2
1
0
-1
-2
1
-2
1
-1
1
-1
-1
-1
0
-1
0
-3
0
-3
-2
-1
1
-2
1
-2
-2
0
0
-2
-2
1
-4
5
-7
0
4
-3
2
-9
8
-1
-2
-1
1
-3
3
-5
2
-3
-2
-1
-3
0
-1
0
-1
1
1
0
1
0
-1
0
-1
-5
10
-9
1
0
1
1
-2
-1
0
1
-2
0
0
0
1
0
1
-1
-1
0
1
1
-2
2
0
0
-1
-1
0
1
-4
2
0
0
-4
2
-1
0
-3
1
0
0
1
-3
3
-2
1
0
0
0
0
0
-1
0
0
0
0
1
-3
2
-2
0
0
-2
2
-1
0
-3
3
-1
0
-3
3
-2
1
1
-2
0
0
-2
2
-2
-2
0
0
1
-1
1
-1
0
0
-1
1
-2
0
1
1
-2
-2
-1
-2
8
-11
4
-1
-2
-2
-1
0
0
-3
-2
-1
0
-2
0
-1
2
-2
2
-6
4
0
-1
-1
-1
0
-1
-2
0
2
-4
2
1
0
-3
1
0
2
-3
0
1
-1
0
0
0
1
-1
2
-1
-1
0
-2
1
-1
-1
1
0
0
0
-2
-1
0
1
0
0
0
-1
-1
1
0
-1
-1
0
-1
0
0
-1
-1
0
1
1
0
-1
0
-1
0
1
0
-1
0
1
0
-1
0
-1
0
0
1
-1
-2
0
-3
-1
0
-2
1
-1
2
0
-2
1
-1
-1
0
-1
0
0
-1
2
-1
0
-2
2
1
-2
-2
4
-3
-2
1
0
-1
-1
0
-1
-2
-5
6
-4
-1
-3
-3
0
-2
1
-3
-1
1
-4
2
1
-3
0
1
-3
3
-4
0
2
-3
3
-3
1
1
-2
0
0
1
0
0
-1
2
1
1
0
-1
0
1
-2
1
-1
1
-1
1
-1
0
1
-2
1
0
-2
1
0
-1
-1
1
-1
-1
2
-1
-1
0
0
-2
-1
-1
0
0
0
0
-1
-1
0
0
-2
0
-1
-1
-1
1
-1
-1
1
-1
-2
3
-2
-1
-1
0
1
-1
1
-3
1
-1
-1
0
0
0
-1
-1
1
0
0
-1
0
0
0
-2
-1
2
-3
2
-3
-2
2
-3
1
-2
-2
1
-1
-3
4
-3
-2
0
-3
-3
0
0
0
0
0
0
0
0
0
-1
0
-1
-1
-1
-1
0
-1
-1
0
1
0
-2
-2
-1
0
0
0
0
0
-1
-1
-1
0
0
0
0
-1
0
0
0
0
-1
-1
-1
0
-1
-1
0
0
0
-1
-1
-1
0
0
-1
0
0
-1
-1
-1
0
-1
-1
0
0
0
-1
0
0
-1
0
0
0
0
0
0
0
-1
0
-1
0
1
0
0
-2
-2
0
0
0
0
0
0
-1
-1
0
0
-1
0
0
0
0
0
-1
0
0
0
0
-1
-1
0
0
0
0
-1
-1
-1
-1
-1
-1
0
0
-1
-2
-2
-1
-1
-1
