-11
2
-13
-3
-1
-3
-4
-5
1
-4
-1
-5
1
-5
-2
-3
0
-2
-9
6
4
-3
-3
1
-2
-1
-5
4
-6
2
-4
3
-3
-5
9
-6
4
-3
0
-2
3
0
0
1
-4
1
-2
1
-2
0
-1
0
-1
0
3
-3
-2
0
0
1
-2
0
-1
-1
0
-1
1
0
-1
2
1
-1
-1
0
4
-2
0
1
-1
1
-1
1
-1
2
-3
3
1
-1
3
0
1
-3
4
-5
9
-4
-3
4
-1
2
-6
6
-3
0
-1
1
-1
-2
4
7
-8
0
1
1
1
-2
4
-2
2
0
3
-1
0
2
1
2
-8
10
-32
-35
54
-21
-3
-6
5
-5
-2
-1
-2
-4
1
3
-15
4
-6
14
-19
3
22
-27
10
-7
2
-2
1
-8
7
-11
9
-6
1
0
-3
2
0
2
-4
0
2
3
-2
-2
0
6
-6
3
-5
2
-2
3
-2
-1
0
-3
-1
0
1
-2
2
-1
-2
-1
-1
1
-1
0
2
-3
2
0
-1
-1
2
0
-2
3
0
2
-4
3
-6
5
0
-2
-2
2
2
1
-2
1
1
3
-3
2
1
-5
11
-10
8
-6
2
-1
4
-5
12
-25
23
3
-18
15
-5
7
-13
5
3
-1
-1
2
0
-1
7
-2
-1
-15
60
-28
82
-49
-27
13
2
-1
-7
-2
-11
8
-3
-1
-11
-2
15
-27
0
21
-8
1
-48
48
-14
6
-5
0
-3
13
-14
-3
5
-7
1
3
0
-7
2
5
-3
0
2
-1
0
0
4
-7
5
1
-1
1
-7
6
-5
2
2
-3
1
-1
-2
1
-3
2
-1
-2
3
-1
0
3
-3
3
-1
0
2
-4
2
1
-4
8
-8
2
0
1
4
-7
4
1
0
-1
3
1
-3
5
2
-5
1
3
1
-8
7
-2
-13
15
-3
1
-3
8
-12
50
-48
2
-7
22
0
-24
18
3
-8
3
0
12
-9
3
-3
3
4
19
-22
-41
207
-169
37
10
6
-21
3
2
-7
-4
3
-5
-4
20
-30
-15
13
-4
-10
48
-35
0
-1
-1
-3
3
4
-31
30
4
-21
8
-2
3
-3
3
2
-5
1
2
2
-1
-5
6
-4
2
2
-3
-1
9
-15
3
0
1
0
-1
0
0
-2
1
-1
-2
3
-2
-1
-2
3
-1
-1
2
-1
0
1
1
0
1
0
4
-13
12
0
-3
2
3
-4
7
-4
0
1
1
1
-5
3
4
-3
3
-2
9
-21
4
31
-30
5
4
-2
1
0
2
-34
48
-8
-3
14
-11
-27
24
-1
-1
6
0
-6
6
6
-18
9
18
41
-161
7
-41
25
-11
17
-35
17
-3
-6
1
-2
-4
5
-3
-13
1
3
-21
19
-20
31
-16
1
-6
5
-7
1
8
-13
-5
5
1
0
-5
5
-6
2
3
-3
2
-1
1
0
-2
6
-5
1
2
-4
-6
11
-7
-3
2
-1
-3
0
-3
3
0
-1
-2
1
-1
1
-1
1
-2
-1
1
2
-3
0
-1
-1
4
-2
-6
12
-5
-3
3
3
-4
6
-2
0
1
-1
2
-4
3
3
-6
6
-5
0
2
5
-3
-11
9
3
-7
6
-4
2
-16
32
-19
21
-21
4
4
-10
0
8
0
1
4
-4
-2
21
-32
20
-3
30
-32
18
-47
22
-1
-8
-5
3
-5
-8
0
-3
0
4
-17
4
-3
-4
3
-1
9
-7
-12
-6
14
-9
2
-2
8
-14
9
-1
-6
4
-2
2
-6
5
1
-1
3
-3
0
-3
6
-4
8
-7
2
3
-19
16
-4
0
0
-2
-1
1
-2
0
-3
-1
0
-1
0
0
1
-1
1
0
-1
1
-1
2
1
-1
1
1
-4
18
-17
4
3
-6
6
-4
7
-5
0
-2
4
-2
1
5
-5
3
-1
4
-5
0
9
-13
8
-2
2
-8
17
-5
-11
-5
10
0
5
-3
1
6
-15
8
2
1
3
-6
-1
7
-1
-5
6
26
-38
-49
45
-26
-1
-76
95
-42
7
-13
2
-7
-1
-11
35
-41
4
5
-6
6
-16
33
-24
3
0
-6
3
-5
0
1
-8
13
-6
-3
-1
2
0
2
-2
0
0
-3
6
-4
3
4
-3
0
-3
-1
14
-20
7
0
-2
-1
0
1
-3
1
-1
1
-2
1
-3
1
-2
1
-1
2
-1
2
-3
2
1
0
-2
1
7
-18
16
0
-3
0
-3
5
3
-4
5
-3
0
0
-2
2
1
3
-1
-3
-5
16
-9
1
0
-4
3
-4
3
4
-23
34
-14
7
-4
6
8
-38
39
-8
3
-5
4
-11
11
-38
99
-73
4
-21
52
-58
81
-120
45
-64
201
-168
-4
34
-11
-19
46
-1
-56
-9
27
-1
-9
9
-44
37
20
-18
-21
-11
34
-6
-12
-5
7
0
-1
-2
3
-4
2
-2
-1
3
-5
-1
6
-1
-5
8
-7
3
3
-3
-12
9
-4
1
-6
7
-5
-4
3
-4
4
-4
-2
-1
1
-2
2
0
0
-3
5
-4
4
-3
-5
7
-4
1
-2
10
-9
-2
4
3
-7
8
-5
-1
5
0
-4
4
0
-1
2
-4
3
-2
-1
-1
7
-4
-11
-5
36
-9
-19
-17
23
37
-42
11
-8
0
31
-4
-52
0
47
-16
-9
36
0
-164
205
-61
53
-115
89
-39
20
-5
-22
-81
126
-36
-9
-6
1
-2
12
31
-117
42
19
1
-14
1
8
-8
7
-10
-2
5
-10
4
8
3
-18
-1
8
-4
-2
6
-1
-3
3
-3
2
5
-3
-2
2
-1
4
-6
4
-3
0
0
2
-3
3
-4
1
0
-1
-1
-1
-3
1
-2
0
0
-1
-1
3
-3
0
0
0
1
0
-3
4
-3
2
1
2
-2
5
-7
5
-1
2
-3
-2
4
2
-3
4
-3
0
6
-3
-4
10
-1
-17
4
10
5
-8
6
1
-10
8
-7
10
3
-13
2
21
44
-114
35
14
0
3
-4
-4
-32
129
-78
-17
1
28
60
-80
0
75
-37
-15
-28
41
-25
0
14
-7
-11
19
-39
24
-17
7
6
-1
10
-37
16
24
-53
42
-25
33
-34
11
-4
0
-2
9
-11
3
2
-5
3
7
-9
4
0
0
3
-3
2
-1
-7
10
-6
3
-2
0
-4
1
-3
1
1
-4
0
1
-3
-1
2
-1
-2
2
0
-3
3
1
-2
2
-2
2
-2
3
-5
10
-6
0
2
-3
3
1
1
4
-8
7
3
-5
3
4
-10
10
-2
1
-3
12
-33
34
-24
44
-52
25
17
-35
11
0
8
8
-16
27
-37
21
-8
-5
16
3
-23
45
-26
-10
-33
81
4
-71
-5
-12
3
25
-132
146
-38
-35
11
-8
17
-36
43
-12
-34
16
4
-19
25
-25
9
-8
6
11
-23
16
-1
-33
34
-5
-4
-5
2
-2
-5
6
-5
5
-2
-4
9
-5
0
2
1
3
-6
3
-1
2
-3
-4
3
-1
1
-6
4
2
0
-3
1
1
-1
-1
0
1
1
0
2
-3
2
2
5
-5
2
1
3
-4
-2
3
0
5
-6
3
1
2
-1
-4
9
-5
-2
4
-5
8
-3
0
2
-4
-2
-5
35
-33
-1
17
-21
13
8
-7
10
-24
25
-18
5
20
-30
-8
46
-33
19
-4
13
-30
-34
151
-129
32
7
-4
-8
-11
-1
-31
110
-106
-2
11
-1
9
-18
27
-84
41
46
-37
0
-20
8
62
-76
28
-8
-4
27
-47
45
-71
64
-23
2
-6
5
-4
-1
2
0
-1
1
1
-3
7
-6
2
3
-5
2
4
-5
-1
-2
3
-4
-1
2
-4
1
-2
1
-1
-1
-1
-1
1
-2
1
0
-1
-1
0
2
-1
3
-2
3
0
-3
4
0
1
-4
4
2
-4
3
2
-6
7
-2
0
1
-1
1
2
-1
-2
5
-5
3
-21
65
-70
46
-47
28
-2
-7
28
-75
63
9
-19
1
-34
49
44
-80
30
-14
13
1
14
1
-102
114
-24
4
-3
-72
108
-181
13
229
-151
-37
30
-4
-13
-19
106
-35
-151
79
41
-5
-44
-18
42
24
-54
26
18
1
-67
3
73
-43
6
-9
4
-3
2
5
-8
4
-6
6
-1
1
1
-1
-1
-2
11
-10
2
4
-6
2
-4
-1
2
-2
2
-4
-1
0
-3
4
-1
-4
1
0
2
-2
-1
5
-3
0
0
-3
3
-1
3
0
-2
3
-6
5
1
-8
11
-2
0
-1
2
0
-1
5
-5
4
-7
5
4
-3
3
-8
8
-42
74
4
-65
2
19
29
-53
25
44
-16
-42
-4
44
83
-148
-32
109
-17
-10
-3
36
-34
-148
231
20
-176
116
-27
15
-17
-125
216
-88
-9
-4
-9
4
-7
82
-151
37
27
-12
-5
60
-57
-6
16
-13
12
1
-27
44
-65
14
37
-25
3
0
-3
1
1
-4
-1
5
-3
-4
3
1
-2
1
0
1
1
2
-4
3
1
-10
5
0
-3
5
-5
3
-3
0
1
-1
-2
0
1
0
-1
-1
2
0
-3
3
-3
5
-3
2
6
-10
1
4
-3
2
2
1
1
0
-2
1
3
-4
-3
6
-1
-3
3
4
-3
1
5
-24
38
16
-64
45
-26
4
13
-11
18
-4
-55
61
-4
-9
30
40
-147
85
-4
8
-7
-1
-5
-85
219
-117
-11
22
27
-40
15
-2
-6
-6
7
-7
-7
1
1
5
-34
25
-9
-3
13
-31
24
-7
-6
4
-5
13
-20
13
-13
12
-10
3
2
-11
5
2
0
-2
-1
3
0
-4
1
2
2
3
-5
2
0
0
1
-1
-1
-4
1
0
-2
1
-3
0
-2
-2
1
1
-1
1
-1
0
-2
0
2
0
-1
1
-1
1
0
1
1
-2
-1
1
2
-1
1
2
-5
2
2
2
1
-3
1
4
0
-2
1
2
5
-9
4
5
-9
12
-12
13
-19
14
-3
6
-5
-8
25
-30
14
0
-6
27
-31
6
5
4
-5
-3
10
-4
-4
5
20
-32
-52
40
-18
-22
2
-8
10
-8
-3
-2
-1
2
-12
12
-17
6
-13
0
15
-16
1
1
8
-23
18
-3
-11
4
1
2
-6
2
1
-1
-1
2
-1
-7
13
-8
-1
-1
5
-1
-6
7
-1
-5
0
4
-1
-11
4
2
-2
-1
2
-2
-2
1
-3
-1
0
-2
3
-2
1
-1
-2
2
-2
-1
3
-1
-1
3
6
-10
0
5
1
-5
0
9
-5
-1
5
0
0
-8
15
-7
0
2
0
0
1
3
-6
2
1
6
-10
-1
20
-22
10
0
2
-15
16
2
-12
8
-14
16
-9
4
1
1
-1
-5
14
-3
5
-15
-12
46
-312
231
-88
-16
14
-14
10
-12
0
2
-8
7
-9
-5
2
-8
6
-1
2
-9
6
-5
2
1
-6
-1
6
-6
-1
-2
1
-1
1
-4
3
-3
0
6
-14
11
-3
1
3
-6
7
-3
2
-6
4
-1
3
-6
3
-2
-2
0
0
1
-2
0
1
-2
1
-1
-1
-1
3
-2
1
0
-1
1
1
-1
-1
-1
4
-4
3
-1
5
-6
3
-3
8
-7
2
2
-3
11
-12
8
0
-1
4
-3
1
0
1
-1
0
-4
6
1
-5
1
2
-3
8
-7
2
0
7
-4
4
-2
-7
10
-5
5
2
-10
13
-11
17
-9
-83
239
93
-43
-19
-8
3
-2
-4
-3
-1
-3
-2
0
-4
-2
-3
-2
-3
-2
6
-8
0
3
-3
-6
5
-1
-1
-4
2
-2
-1
1
-4
4
-3
1
-3
4
-6
1
2
-3
1
0
1
0
-2
0
0
0
0
-2
-3
-2
6
-5
1
-1
-1
-2
-2
1
-2
0
-1
1
-2
2
-1
-1
-1
0
1
-5
6
-1
-2
-2
1
1
1
0
0
1
1
1
2
-4
3
1
-5
5
-3
2
-3
6
-4
2
0
-2
2
-3
0
-2
6
-3
-2
4
1
-7
7
0
-2
2
0
2
-2
3
1
0
1
3
-1
1
5
-1
-13
-34
16
-24
8
-18
7
-1
-8
-2
-2
-1
-1
-6
0
1
-8
1
-2
-5
5
-6
0
-3
3
-1
-5
5
-7
1
-2
1
-1
-8
9
-5
3
-4
0
5
-2
-3
5
-6
3
1
-1
0
2
-4
2
-2
3
-9
6
-3
0
1
1
-4
1
1
1
-2
-3
2
-3
3
-2
-1
1
0
3
-4
2
1
1
-2
6
-7
4
-1
3
-4
2
-1
0
1
3
-6
5
-3
-2
5
0
-3
3
-4
9
-8
1
2
-2
3
-7
5
-4
0
5
-1
2
-5
6
-4
-1
5
-4
5
2
-2
1
2
0
1
-4
3
9
-11
13
-15
4
-9
-4
-8
-2
-2
-7
4
-5
-1
-4
2
-5
-5
1
-7
4
-2
-3
1
-2
2
-6
1
3
-4
0
-2
-3
0
2
-5
0
2
-1
2
-6
-2
7
-6
5
-1
-1
1
-5
5
-4
3
-3
2
0
-4
6
-6
0
1
-1
-1
-4
2
-3
2
-3
2
-1
2
-3
3
-3
5
-4
0
0
2
2
-6
5
-4
0
2
-2
4
-3
5
-5
2
-1
0
5
-6
7
-1
-5
4
0
1
0
-4
3
2
-3
0
1
-4
4
3
-5
3
-1
2
-1
-2
5
-4
4
-2
-2
6
-1
2
-3
6
-4
1
1
-1
0
-2
-14
-2
-4
-4
-5
0
-6
-1
-2
-3
0
-4
-3
-1
-2
2
-6
-4
2
0
-3
-2
0
1
-2
2
-3
-1
0
-4
0
5
-9
1
-1
-3
1
4
-5
1
1
-3
5
-4
2
-5
2
2
-2
1
0
-5
5
-4
-2
0
0
-1
1
-5
2
0
-3
1
-1
2
-2
1
1
-2
1
0
1
1
-1
-2
5
-5
1
1
-2
4
3
-4
3
-2
6
-2
0
1
-4
5
1
-2
0
3
-9
6
2
-2
1
0
-2
3
-1
0
1
-1
-2
1
3
-2
-5
4
1
1
0
-1
3
-1
0
3
-2
3
-2
2
0
6
-14
-2
-5
-5
-2
-3
-4
-1
-3
-2
-1
-5
1
-3
-3
-2
-2
0
-2
1
0
-11
8
-5
3
-5
2
-2
3
-6
-2
2
-2
-1
1
0
3
-2
2
0
1
-1
3
-1
3
-3
0
2
0
-2
0
3
-9
6
-5
2
-1
-2
2
-3
-1
2
-3
-2
1
0
-2
3
0
-4
2
-1
-1
2
-3
6
-8
4
0
-1
1
2
1
-2
2
-2
4
-2
1
0
2
-2
2
0
1
0
-2
3
-1
-4
3
-1
3
-4
4
-4
9
-9
1
2
0
2
-1
0
0
0
3
-2
1
2
-1
2
0
0
1
1
0
7
-12
-3
-4
-7
0
-6
-1
-5
0
-2
-4
1
-4
-4
1
-4
1
-2
-4
4
0
-8
3
-4
4
-6
2
-3
0
-2
0
-6
3
0
1
1
-3
1
3
-2
2
-2
1
0
0
-1
2
0
-2
1
-3
0
-1
2
-3
1
0
-2
0
0
2
-2
-2
0
0
0
-1
-2
3
-1
0
-2
1
2
-3
3
-1
0
-3
1
-1
0
2
0
0
0
1
-2
2
-3
3
2
-2
1
1
0
3
-4
1
0
1
-2
3
-4
5
-2
4
-8
1
5
-3
0
2
-1
4
0
-2
5
-1
1
2
-2
2
-2
3
0
2
5
-9
-5
-3
-6
-4
-4
-2
-2
-2
-2
-2
-3
-2
-1
-4
1
-5
-1
1
1
-1
-3
2
-3
2
-3
-2
1
-2
-1
0
1
-2
0
1
1
3
-4
1
-3
2
3
-1
1
0
-1
0
0
0
-2
1
-5
1
1
-4
1
-2
0
-1
-2
-1
-2
3
-3
1
-2
3
-1
-1
-1
-2
2
-2
2
-3
0
2
-3
3
-2
1
0
1
-1
0
1
-1
3
2
-2
3
-3
3
1
2
0
-2
2
0
-1
-1
3
-1
-1
3
-3
3
-4
0
1
1
-1
-4
5
-1
1
3
0
1
1
-1
1
1
0
0
1
1
3
-8
-4
-6
-3
-2
-5
-2
-6
1
-4
-2
-3
-2
-4
1
-9
4
-3
0
-2
0
-3
3
-5
5
-3
-2
-2
1
-3
0
2
-2
0
0
4
-7
9
-7
5
-7
8
-3
3
-4
0
3
-2
-5
1
2
-5
0
-1
5
-6
0
-4
7
-7
-2
1
0
0
0
-1
1
1
0
-5
7
-3
1
-4
6
1
0
-2
2
2
-4
-1
3
1
-3
4
-3
7
-6
3
-7
8
-6
5
0
0
-2
3
1
-3
2
-1
-1
0
6
-5
3
-2
2
-1
2
-2
5
-5
4
-1
0
1
1
1
3
-1
0
-1
1
5
-1
3
-10
-5
-3
-7
-2
-3
-4
-2
-3
-1
-2
-1
-6
1
-4
-2
-2
1
-3
0
0
-2
-4
6
-8
1
3
-3
-1
0
-1
-1
-1
4
1
-4
0
-2
6
-5
2
-1
2
-1
1
1
0
0
-2
-2
0
1
2
-4
1
0
-1
-1
3
-1
-4
0
0
-1
1
-1
0
1
-3
-1
4
-1
-1
1
1
-4
1
2
1
0
-1
0
0
0
1
-1
2
0
2
-5
7
-3
1
-2
1
3
-1
0
0
2
-1
-2
3
2
-7
8
-3
0
1
0
-1
1
-1
0
-1
3
-3
3
2
2
-1
3
-1
0
2
2
1
3
-9
-5
-3
-7
-2
-3
-4
0
-4
0
-2
-3
-1
-5
-4
1
-5
2
-2
-1
-2
1
1
-5
-1
1
-3
0
-1
-3
5
-9
4
-2
3
-2
-1
3
-6
3
-1
1
-1
-1
2
0
-4
4
-5
0
0
-3
-1
4
-8
4
-4
3
-2
-2
0
-1
2
-2
0
-2
3
-1
1
-1
-1
3
-3
4
-7
6
-1
-1
1
2
-4
5
-2
1
2
-1
-2
1
-1
4
-6
5
-1
-2
4
-1
4
-8
6
-2
0
2
-2
3
0
-3
3
1
-1
1
-1
3
-4
3
-1
-1
2
0
1
2
-2
2
0
0
1
0
2
3
13
-16
0
-16
13
-8
-4
-9
4
1
-8
3
-1
-9
5
-7
3
-4
4
-5
-1
5
-1
-3
0
-4
5
-5
0
1
-4
2
1
1
-4
0
0
4
0
-3
0
0
-1
6
-4
1
-3
4
-2
-3
-1
1
-2
-4
5
-5
-2
4
-4
0
-1
0
-2
-1
4
-1
-2
1
-1
1
-3
4
-1
-4
7
-3
-1
3
-1
-2
-1
5
-2
2
-3
5
-2
0
0
-2
1
5
0
1
-3
2
1
2
-4
3
0
-5
6
-2
1
-1
0
4
-1
-4
4
-2
4
-4
7
-7
1
5
-5
2
7
-6
-1
-5
16
-9
5
-10
272
-192
45
-78
79
23
-35
-30
-2
11
13
11
5
-35
-18
35
-29
14
4
-4
-5
6
-3
-12
4
4
2
-8
12
-4
-27
26
-12
-6
9
-5
16
-18
11
-4
-3
2
1
3
0
-5
6
-3
1
0
-5
0
2
-4
1
3
-4
-2
2
-3
1
0
-2
1
-2
1
-1
0
2
-3
2
-1
-3
4
1
-1
2
0
-4
0
2
-3
7
-6
0
3
0
1
-3
-5
12
-17
16
-5
10
-5
-12
28
-24
-4
12
-7
5
4
5
-11
-2
7
-4
-3
6
14
-28
39
-15
-33
8
13
16
14
0
-25
-31
26
82
-71
49
-184
-166
-14
196
16
-331
99
341
-396
166
-23
-49
96
-45
-84
90
-12
-27
3
11
-8
0
12
-18
0
6
-8
15
-12
-40
58
-10
-30
2
43
-34
-7
19
-7
-8
9
0
-1
1
0
-1
4
1
-7
2
2
-3
-4
3
1
-3
0
0
-1
-3
2
-1
-2
1
1
-2
0
1
-2
0
2
-1
0
1
2
-2
2
4
-3
-2
2
3
-8
2
5
1
0
1
0
0
8
-7
-5
20
-7
-33
43
2
-29
-9
60
-39
-10
16
-7
8
2
-16
13
2
-7
11
4
-26
-8
92
-82
-42
98
-45
-21
168
-393
344
103
-327
24
201
-7
-139
129
-53
-24
-5
-1
-5
-3
-1
-3
-5
3
-5
-3
-1
-1
-6
-1
10
-11
1
-11
14
-9
3
-2
-3
-3
2
-1
4
-4
0
-1
-9
15
-7
2
3
-5
3
-1
-1
0
4
-2
0
-1
0
0
-2
-2
2
-4
1
3
-4
-1
-1
0
0
0
-1
1
-2
2
-1
0
1
0
0
1
-4
4
2
-4
3
-1
0
1
1
-1
0
-1
4
0
-1
-2
3
-5
3
1
-7
15
-9
0
0
-3
4
-1
3
-2
-2
-2
4
-7
16
-10
2
-8
10
1
-5
2
3
0
-3
7
-2
0
1
0
0
4
-3
-15
-49
136
-3
-5
-5
-2
0
-3
-5
-4
0
-1
-3
-3
-1
0
-4
-5
-2
2
1
-4
-4
0
4
0
-6
-3
2
3
-2
-3
-1
1
0
-2
-1
1
2
-1
-2
0
1
1
0
-1
-1
0
1
1
0
-2
-2
-1
-1
-1
0
-1
-1
0
0
-1
-1
-2
-2
-1
-1
-1
0
0
0
1
0
1
1
0
1
1
1
0
-1
0
1
1
1
1
0
-1
1
1
2
0
-2
-1
2
1
0
-1
0
2
-1
-3
0
5
3
-2
-5
1
6
2
-3
-3
2
4
-1
-3
0
3
2
-1
-1
3
2
-1
-1
1
3
1
0
1
