0
-1
0
0
1
-3
2
-1
1
-1
-1
-3
2
3
-10
5
1
-1
2
0
-2
-1
2
2
-2
3
-2
0
0
-2
0
0
-1
1
0
-1
0
0
-1
0
-1
-1
1
0
0
0
-1
0
1
0
-1
-1
0
0
0
-2
0
0
0
-1
-1
-1
-1
0
0
0
0
0
0
-1
0
-1
0
1
-1
0
0
0
0
0
-1
0
0
-1
0
-1
-1
0
0
-2
0
0
-1
-1
-2
0
1
0
-1
0
-1
-1
2
-4
2
-2
-1
-1
2
0
-2
1
-1
-5
10
-4
-2
3
-1
-1
-2
0
-2
1
-2
-1
-1
-2
0
-2
1
-1
2
-3
-2
7
-3
-1
-2
2
-2
-3
14
-14
2
2
-2
0
3
-2
2
-9
16
-9
-1
2
-4
3
0
0
0
-2
0
0
-1
1
-1
2
-1
1
-1
-1
0
-1
1
0
-1
-1
-1
0
0
1
-1
0
0
1
-1
0
-1
-1
0
-1
0
0
-1
0
0
0
0
0
0
0
1
-1
0
-1
0
0
0
-1
-1
1
-2
0
-1
-2
1
-1
1
-2
1
-1
-1
0
0
0
0
-5
3
-3
0
7
-17
7
-2
3
-3
-1
2
-1
-3
14
-16
2
0
-3
0
-1
3
-7
1
3
-4
-1
-2
-2
0
0
0
-2
2
-2
5
-9
0
4
1
-1
-4
-6
8
2
-2
0
0
7
-15
-23
50
-29
30
-23
9
-15
15
-6
2
-2
4
-1
-1
1
0
-2
1
0
-1
0
-1
-2
0
1
-1
0
-1
-1
0
-1
-1
0
0
0
-1
0
0
-1
-1
-1
-1
-1
0
0
0
0
0
0
0
-1
1
0
0
0
1
-1
0
0
0
-1
0
0
0
-1
0
-1
0
0
-2
1
0
-1
-1
0
-4
2
-2
7
-15
15
-11
22
-31
30
-50
23
14
-7
-1
0
1
-2
-10
5
3
-2
-2
-5
-1
7
-6
0
-3
0
-2
-4
0
-1
-1
-1
5
-16
5
16
-9
-9
4
5
-4
-15
7
16
-10
5
-15
16
-6
-25
39
0
10
-43
26
-24
23
-4
-2
1
0
-1
-1
2
-2
0
-1
0
-1
1
-1
0
0
0
-1
0
-1
0
-2
1
0
-1
-1
0
-1
0
1
-1
-2
-1
0
-1
0
0
-1
-1
0
0
-2
0
0
-2
0
0
0
-1
0
-2
0
-1
0
0
-1
0
-1
-1
0
0
0
-1
1
-2
-1
0
0
-1
2
5
-23
23
-26
44
-9
1
-40
24
6
-17
14
-6
9
-18
-8
14
3
-6
-5
7
8
-17
-7
15
-7
-3
0
-4
0
-2
0
1
-2
10
-12
-16
26
-12
-3
4
-13
38
-50
31
-14
3
9
-13
12
-22
-8
48
10
-51
17
8
-13
6
1
-4
4
-1
0
-1
1
1
-1
0
-1
0
0
0
-1
0
0
0
-1
0
0
0
0
-1
0
-2
1
0
0
-1
0
0
-1
0
0
-1
0
0
-1
0
0
0
-2
1
-2
-1
-1
0
0
0
0
-1
0
-1
-1
-1
0
0
-1
0
-1
0
-2
0
-1
0
-4
4
-3
-6
13
-8
-18
50
-11
-48
8
23
-12
13
-10
-2
13
-32
49
-39
12
-7
1
9
-27
16
11
-11
-1
-3
-1
-4
0
0
2
-5
7
-1
3
-32
31
-10
7
-22
29
-2
-17
-9
18
-6
9
-3
-12
27
-38
26
-41
60
-23
-15
16
-5
-1
4
-4
0
0
2
-2
-1
0
-2
1
0
0
0
0
0
-2
-1
0
-1
-1
1
-1
0
-1
0
0
0
-1
-1
0
1
-1
-1
0
0
0
0
0
-1
0
-1
-1
1
0
-1
1
-1
0
0
-1
0
-1
0
0
-2
-1
-2
-2
1
-1
0
1
-3
-1
-1
4
-3
0
5
-17
13
23
-61
41
-28
38
-28
12
2
-9
5
-19
8
16
1
-30
19
-10
7
-31
31
-3
1
-9
2
-3
-5
0
6
-2
0
-5
5
-8
6
18
-30
14
-15
25
1
-34
21
-1
-3
0
1
-16
27
-2
-29
52
-73
45
-9
6
-4
2
3
-4
2
-1
2
-3
0
0
0
-1
-1
0
1
0
1
0
0
1
0
-1
-1
1
-2
-1
1
-1
0
-2
1
0
0
-1
-1
0
0
-1
0
0
0
1
0
0
-1
0
1
-2
0
0
0
-1
1
-1
-1
0
-1
0
-1
0
-1
-1
-2
2
-2
0
-2
4
-2
-2
5
-5
8
-46
73
-52
28
2
-29
16
-2
-1
4
1
-22
32
-2
-27
14
-17
30
-18
-6
8
-6
3
-2
1
-10
0
61
-25
-2
-43
74
-60
-10
17
-13
5
6
-9
11
-17
17
-1
2
1
-5
0
-4
-2
11
8
-22
6
-2
-4
8
-3
-2
8
-5
0
2
-3
1
0
-1
0
0
1
-1
0
-1
0
-1
0
-1
-1
0
1
-1
-1
0
-1
-1
0
0
-1
0
-1
-1
0
0
-1
0
0
-1
-1
0
-1
-1
0
1
0
-1
0
0
0
0
-1
0
-1
1
-2
0
-1
-1
0
-2
3
-2
-1
4
-8
1
2
-9
5
0
-6
22
-9
-11
1
3
0
6
-2
-3
1
-18
16
-13
8
-10
-8
10
-18
9
60
-76
41
-1
24
-64
0
-29
13
-25
11
17
-82
1
82
-48
119
-4
-177
49
40
22
-21
2
-2
3
2
-25
20
-10
7
2
0
14
-19
0
5
-3
-2
1
-2
5
-2
-1
0
0
-2
0
-2
1
0
-1
0
0
0
-1
0
-1
-1
0
0
-1
-1
0
-1
-1
0
-1
-1
-1
0
0
0
-1
0
0
0
0
-1
1
-1
-2
0
-1
-1
-1
0
-1
1
0
0
-1
0
0
0
-1
0
-1
1
-6
1
0
1
2
-5
-2
18
-16
0
-2
-7
10
-20
26
-2
-3
1
-1
21
-23
-41
-51
174
2
-121
45
-83
-1
83
-18
-14
21
-13
25
0
-25
33
-83
-22
98
-93
166
-118
70
-90
-47
218
-106
-37
-8
17
-5
1
7
4
11
-18
-13
5
3
-3
-1
-2
19
-12
8
-7
-3
3
-3
4
-4
1
-1
2
-1
0
-1
1
0
-1
0
0
0
-1
-1
-1
-1
-1
1
-1
-1
0
1
-1
1
0
-1
0
0
0
-1
0
-2
0
0
0
-1
1
0
0
0
-1
-1
0
1
0
-1
-1
-1
0
1
-3
1
-2
4
-4
2
-3
2
7
-9
12
-20
1
1
3
-4
-6
12
18
-11
-5
-8
-1
5
-17
8
35
104
-220
45
88
-71
117
-167
93
-100
21
81
-34
20
0
-60
62
-46
-35
23
-2
79
-121
122
-179
23
283
-113
-97
1
9
5
3
12
-39
27
16
-17
15
11
-37
34
-14
-11
6
-16
22
-2
5
-4
-7
5
0
-1
0
0
-1
1
-1
0
0
-1
0
-1
0
-1
-1
-1
0
2
0
-1
0
1
-2
-1
0
0
0
0
-1
0
0
-1
-1
0
0
-1
0
-1
0
1
0
0
0
1
-1
-1
0
-1
0
0
-1
0
0
-6
6
3
-6
1
-22
16
-6
10
14
-34
37
-13
-15
17
-16
-28
38
-12
-3
-5
-9
-2
94
112
-284
-25
176
-125
120
-79
2
-23
34
43
-63
58
0
-70
51
8
-29
40
12
38
-252
201
-96
71
6
22
-56
-14
15
24
-3
0
-36
22
15
-3
-7
-14
29
-28
-3
4
-6
15
15
-13
-12
12
3
-10
2
0
-1
-1
0
-1
0
0
-2
0
-1
0
0
-1
0
-1
0
-1
0
-1
0
0
0
0
-1
0
0
-1
-1
0
1
-1
0
0
-1
0
-1
0
0
1
-2
0
0
-2
1
-1
-1
0
-1
0
0
-1
-3
9
-4
-13
11
12
-15
-16
5
-5
3
27
-29
13
5
3
-16
-23
36
0
2
-26
-16
11
53
-22
-6
-73
95
-200
252
-39
-12
-41
28
-10
-51
65
0
-52
42
22
61
-14
-49
-53
-87
65
260
-69
-368
190
34
40
-39
8
-16
15
42
-75
35
-30
14
9
-2
20
-7
-11
-25
20
29
-3
-46
29
2
-6
3
-1
-1
-1
0
-1
1
-1
0
0
0
-1
-1
-2
0
0
-2
0
0
-1
0
0
-1
0
0
0
0
0
0
-1
1
-2
-1
0
-1
0
0
-2
0
1
0
0
-1
-2
-1
-1
-1
2
-1
-1
-1
1
-4
6
-3
-29
46
2
-29
-21
25
11
7
-20
1
-10
-14
29
-37
75
-41
-16
15
-8
38
-41
-36
-190
366
69
-260
-67
87
52
48
12
-62
-24
-44
49
0
-26
4
70
24
-98
-191
183
126
-100
-169
20
344
-161
-50
-7
8
11
7
-28
50
-53
21
-22
2
24
-6
23
-34
-13
24
26
-49
-4
41
-20
0
0
-2
0
-1
1
0
-1
-1
2
0
-1
0
0
0
-1
0
-1
1
-1
-1
-2
-2
-1
0
0
-1
-1
0
0
-1
0
0
-1
0
0
-1
0
-2
2
-1
0
-1
0
-1
0
0
-3
0
-1
0
-1
0
-1
1
-1
-2
21
-42
3
48
-26
-25
14
34
-25
6
-24
-2
21
-22
52
-50
26
-8
-12
-9
6
48
160
-344
-23
168
98
-126
-182
189
97
-26
-74
-4
21
0
5
-48
62
-135
51
226
30
-237
-64
149
-33
-13
54
-54
-50
58
6
0
1
-15
-18
14
29
-15
-17
23
-6
-19
16
-5
43
-54
-10
33
-18
6
-1
4
-3
0
0
-1
0
-2
2
-1
-1
0
-1
-1
0
-1
-1
-1
0
-2
2
-2
0
0
-1
-1
-1
0
0
-1
1
-1
0
1
-2
2
0
-1
1
1
-2
0
0
-1
0
-1
-3
1
0
0
0
0
1
-4
1
-6
18
-34
10
53
-42
5
-17
19
5
-25
18
15
-31
-14
16
15
-1
-1
-7
-59
49
52
-56
12
33
-150
62
236
-30
-226
-52
133
-65
47
-10
0
59
-39
29
11
-64
-51
53
109
-116
88
-155
233
-191
42
23
-13
-7
31
-29
0
-17
19
31
-44
13
8
-1
-10
4
-7
32
-26
-11
17
-11
8
-2
0
-1
0
0
-1
-1
-3
2
1
-1
-1
-1
-1
0
-1
1
-3
0
1
-3
0
0
0
-1
-1
1
0
-1
0
-1
0
0
-2
2
-2
-1
1
0
1
-1
0
0
0
0
-1
-2
2
-2
1
-1
-1
2
-1
1
-9
10
-18
10
26
-32
8
-4
10
2
-9
-13
43
-32
-19
15
0
28
-31
7
12
-24
-45
189
-235
154
-90
115
-109
-54
51
64
-12
-31
38
-63
0
64
-74
13
45
11
-128
179
-115
31
-85
72
26
-41
53
-29
-10
3
5
-7
-32
44
-2
6
-24
21
-5
-11
8
1
-5
4
4
-11
5
-1
0
2
-3
1
-1
0
0
0
-1
0
-1
0
0
-1
-1
0
-1
0
0
1
-3
1
-3
1
-1
-1
-1
0
0
0
0
0
0
-2
1
-1
2
-1
-2
1
-1
0
0
-1
0
0
0
-1
0
-1
-1
-1
-1
-2
2
-3
-2
0
-7
11
-4
-5
4
0
-9
9
6
-20
24
-5
2
-44
32
7
-6
-3
10
27
-55
41
-27
-75
84
-33
114
-180
129
-13
-47
-16
72
-68
0
-6
3
-2
51
-37
-117
222
-159
0
27
-9
45
-33
26
-20
7
-16
30
-30
-21
56
-15
-31
30
-18
18
-22
4
15
-21
17
-2
-9
5
-5
3
-2
1
0
-1
0
0
0
1
-1
-1
1
-1
0
0
-1
-1
-1
-2
0
-1
-1
0
0
0
0
0
-1
0
0
0
-1
-1
0
-1
0
-1
0
0
0
-1
-1
-1
-1
1
-2
-1
0
-1
0
-2
0
0
-1
-2
1
-3
3
-5
9
1
-18
21
-16
-4
22
-19
16
-31
30
14
-56
20
29
-31
16
-7
20
-26
31
-46
7
-29
-1
158
-222
116
35
-54
-1
-5
2
0
10
-19
11
19
-18
-31
-34
76
68
-160
90
-47
23
22
-17
9
-5
-16
-1
59
-71
22
20
-24
7
-11
-9
50
-38
5
-8
13
-7
1
-3
2
-1
-1
1
-2
1
-2
1
0
-1
1
0
-2
0
0
0
-1
0
-1
-1
0
-2
1
-1
0
1
-1
-1
0
-1
0
-1
-1
0
1
0
-1
-1
0
-1
0
0
0
-1
1
0
-2
0
0
-2
1
-1
0
-1
-1
0
-2
1
-2
4
-13
8
-6
37
-51
9
11
-8
23
-19
-23
70
-60
0
15
6
-10
16
-23
-25
47
-91
159
-71
-78
34
30
16
-20
-14
18
-14
0
-8
-25
6
95
-210
176
-26
27
-60
18
-19
3
14
4
-4
-13
7
9
-9
3
1
-9
7
-9
19
-14
10
-2
-11
23
-32
27
-11
0
1
0
1
-2
1
-2
0
-1
1
-1
0
-1
1
-2
0
0
0
0
0
0
0
0
-1
0
0
0
0
0
0
0
0
-1
0
-1
0
-1
0
-1
0
-1
0
0
-1
1
0
1
-1
-1
1
1
-1
0
-1
1
-1
2
0
-1
-1
0
11
-28
32
-24
11
2
-11
14
-20
8
-7
9
0
-4
10
-10
-8
12
5
-5
-14
-4
18
-19
59
-28
27
-176
207
-96
-9
24
4
0
-7
7
-6
-29
49
-83
115
-104
62
-12
17
-49
37
-8
4
-5
-6
-1
13
-10
-5
7
-11
17
-12
-6
24
-26
1
18
-17
9
-6
3
-1
3
-1
0
0
0
-1
-1
1
-1
1
-1
0
-2
1
-2
0
0
-1
0
0
0
0
0
-1
0
-1
-1
-1
0
0
-1
0
0
0
-1
1
0
-1
0
0
0
0
0
-1
1
-1
1
-1
0
-3
-1
0
-1
-1
0
1
-3
0
-4
5
-10
18
-19
-2
26
-24
5
10
-18
11
-8
5
10
-15
-1
4
4
-5
7
-39
48
-19
11
-65
103
-116
82
-49
28
4
-8
2
0
-2
1
-17
21
-6
26
-63
35
-4
3
26
-16
-31
19
-9
7
0
2
-2
5
-11
9
-2
0
4
-10
2
11
-12
14
-13
5
0
-1
0
-1
1
-2
0
-1
0
-1
-1
0
-1
0
-1
-1
0
0
-1
1
-1
0
-1
0
0
-1
0
0
0
0
-2
0
-1
-1
0
-1
0
0
0
-1
0
-1
1
-1
0
0
-1
0
1
-1
0
-1
-1
0
0
-1
0
1
-1
0
-1
0
-1
-5
13
-15
12
-11
-3
10
-4
-1
1
-9
11
-6
3
-3
0
-8
8
-22
30
14
-26
-5
3
-36
61
-26
6
-23
15
-1
-2
0
6
-5
9
-9
-3
-32
62
-25
11
3
-50
20
12
-12
16
-7
-1
-3
2
0
5
-7
1
1
-2
2
-2
3
-1
3
-7
1
2
-2
0
-1
0
-2
0
1
-1
0
0
0
-1
0
0
-1
1
-1
1
-1
-2
0
-2
0
0
0
-1
-2
1
-1
-1
0
0
0
0
0
-1
0
-1
-1
0
-1
0
0
-1
0
-1
1
-1
0
-1
0
0
0
1
-1
-1
1
-2
1
-2
2
-4
-2
5
-3
1
-4
1
-1
1
-1
-2
6
-5
0
-2
2
-1
7
-18
10
-13
-21
48
-5
-12
25
-63
31
1
7
-12
3
-10
0
2
0
-13
11
25
-38
-39
93
-73
24
22
-27
1
-1
4
-3
3
-4
2
2
-2
-1
1
0
2
2
-5
2
0
-1
-1
2
-1
0
0
1
-1
-1
0
-1
1
-1
0
0
0
0
0
-2
0
-1
0
1
0
-1
0
-1
0
-1
-1
0
1
0
-1
0
-1
-1
0
0
0
0
-1
0
-1
1
-1
-1
0
-1
-2
1
-2
-1
0
-1
0
-1
0
0
0
0
0
-1
-2
-1
1
-2
1
0
-1
-2
5
-2
-2
0
-1
1
2
-2
-2
4
-4
2
-7
0
-3
26
-23
-26
71
-94
38
37
-28
-11
10
-1
-5
0
5
-2
2
-1
-4
-4
36
-55
28
0
-20
20
-8
3
-1
0
0
1
0
3
-7
4
-2
1
2
-5
3
-3
3
2
-6
6
-3
0
-1
0
0
0
-1
1
0
0
0
-1
0
-1
0
-1
-1
-1
0
-1
-1
0
0
0
-1
-1
0
-1
1
0
-1
0
0
0
-1
0
-1
0
1
-1
1
0
0
0
-1
0
1
0
0
-1
-1
0
1
-1
-1
-1
1
-2
0
-2
0
-1
4
-6
6
-2
-3
2
-4
5
-3
-2
0
-5
8
-4
0
-1
0
-1
-1
-4
7
-22
20
-2
-30
55
-35
3
2
0
-3
0
-10
0
-2
1
3
4
-24
36
-54
63
-34
-11
44
-17
-25
8
2
-1
2
-2
3
1
-5
3
0
-2
0
1
1
-5
7
-6
2
0
-1
-1
-1
-1
0
0
0
-1
-1
-1
1
-2
1
-1
1
0
0
-1
0
0
-1
0
0
0
0
1
1
0
0
0
-2
0
0
0
-1
0
0
-1
0
-1
0
0
0
-1
0
0
0
-1
-1
1
-1
1
-2
1
0
0
-1
-1
-1
0
0
0
-1
0
-3
6
-7
4
-3
-1
-1
1
0
-3
4
-2
-2
0
-2
0
-4
-9
24
15
-46
10
31
-63
54
-36
23
-6
-7
-2
-2
0
-9
9
-5
-4
11
-13
5
-1
1
10
-26
30
-34
21
-6
1
0
1
-1
1
1
0
0
1
-2
3
-3
1
2
-1
0
0
-1
-1
0
-1
-1
1
-2
1
-1
0
-1
-1
0
0
-1
-1
0
0
0
-1
0
0
-1
1
-1
0
-1
0
0
-1
-1
0
-1
0
-1
0
2
-2
1
-1
0
-1
0
0
0
0
-1
0
-1
0
-2
0
-1
-1
0
-2
0
-2
0
-1
0
0
0
-1
0
0
-2
0
2
-4
1
-2
-1
1
0
-1
-1
-2
0
-2
5
-21
32
-31
22
-12
-1
1
-6
12
-14
4
2
-10
3
0
-6
9
-2
-12
6
-1
9
-8
4
-2
7
-14
-5
8
-1
2
-1
0
0
-3
3
-1
1
0
1
-1
-2
3
-1
1
-1
2
0
-2
0
0
0
0
0
0
0
0
0
-1
1
0
0
0
-1
-1
-1
0
0
0
0
0
-1
0
0
1
-1
-1
0
0
0
0
0
-1
1
0
1
-1
0
0
0
-1
0
0
0
0
-1
0
-2
1
-1
0
0
-1
0
0
0
0
-2
0
0
-2
1
-2
1
-2
1
0
0
0
0
0
-3
2
-1
0
0
-2
1
-9
3
13
-9
-1
-5
8
-10
-1
-6
10
-2
-10
0
0
-5
8
-10
0
3
22
-38
15
0
13
-16
1
1
-5
2
-1
1
1
-1
0
0
0
1
-1
0
1
0
-1
1
-2
2
-1
0
-1
0
0
-1
1
-1
-1
3
-2
1
-1
0
0
-1
1
-1
1
0
0
1
-1
-2
0
-1
-1
0
-1
1
-2
-1
0
0
0
-1
0
-1
0
1
-2
0
-1
-2
0
-1
0
0
-2
1
0
-1
0
0
2
-2
-1
-1
-1
0
-1
0
-1
0
0
-2
2
-1
1
0
-2
0
0
-1
-1
-1
-1
1
-2
0
0
-4
4
-3
-2
15
-14
-2
-16
39
-24
-4
-2
5
-9
0
0
-7
7
1
7
-15
-3
18
-19
13
-5
-15
34
-25
0
8
-4
-1
5
-6
4
-7
9
-6
3
-2
0
2
-2
0
0
2
-1
-1
0
0
-2
2
-2
0
-1
0
-1
0
-1
-1
1
-2
2
-1
0
-1
0
-1
-2
2
1
-1
-1
-1
-1
0
-1
-1
0
0
-1
0
0
1
-1
0
-1
-2
1
1
-1
0
0
0
-2
2
-2
0
0
-1
0
-2
1
-1
1
-3
1
-1
0
-1
0
-2
0
-1
1
-3
0
0
-4
5
-8
5
-4
5
-5
-1
4
-10
0
23
-35
13
2
-14
19
-18
2
14
-8
-5
-7
3
0
-4
-1
-3
13
-22
42
-43
5
17
-9
-12
21
-9
-1
-4
3
0
1
0
-3
3
-2
1
-2
1
-1
1
-2
0
0
2
-2
1
-2
1
-1
0
0
-1
2
-1
0
1
0
0
0
-1
1
-1
1
0
-2
1
0
-1
0
0
-2
1
-1
0
1
0
0
0
-1
0
0
-2
0
0
-1
0
0
-1
1
0
-2
1
-1
0
-1
-1
0
-1
-2
0
-3
1
-2
0
1
-3
0
-2
2
-2
-1
-1
1
-1
0
-2
1
-2
0
-3
2
-1
-2
0
-3
3
0
6
-23
9
7
-18
-5
41
-43
20
-14
0
0
-1
0
1
1
0
-1
0
1
1
-1
-2
-1
0
0
-2
-2
-1
0
0
0
-1
1
0
-1
0
0
1
0
0
0
0
0
1
0
0
-1
0
0
0
0
0
-1
-1
0
-1
0
-1
-1
0
-1
0
0
0
0
-1
-1
0
0
-1
-1
0
0
0
0
0
0
0
0
0
-1
0
-1
-1
-1
-1
-1
-1
0
0
-1
-1
0
0
0
-1
0
1
0
-1
-1
0
1
0
-1
0
-1
-1
0
0
0
0
0
-1
-1
0
-1
0
1
0
0
0
0
-1
-1
1
2
1
-1
-3
-1
0
0
-1
-1
0
-1
-2
-3
-3
