0
-2
1
-2
0
1
-3
-1
2
0
-1
1
-3
3
2
-8
-1
5
-3
1
-7
9
-4
1
0
1
-1
-1
2
-1
0
-2
0
1
-4
3
0
-4
2
-3
0
0
-2
2
-2
1
0
0
-2
0
0
-1
0
0
-1
-3
2
-1
0
-1
1
0
-1
1
0
-1
0
1
-1
0
0
1
-3
1
0
-1
-1
1
-1
-1
2
-1
0
-1
1
-3
1
-1
-2
1
-3
3
-1
-4
4
-2
-1
2
-1
1
-2
1
0
-2
-1
0
2
-9
7
-1
2
-7
1
7
-4
-5
2
-2
0
-1
-3
0
1
-2
-1
0
-3
-2
0
-2
1
0
-1
0
0
-4
4
-3
1
-4
-3
26
-20
-14
19
-7
-3
0
18
-16
-4
8
-2
0
-1
-1
1
-4
3
0
3
-4
3
-4
3
-2
0
-2
8
-10
4
1
-2
1
0
-1
0
0
-1
2
-3
0
-1
0
2
0
-1
-1
0
2
-1
-1
0
-1
0
-1
0
1
0
0
-2
0
0
-2
2
-3
1
0
0
0
0
-2
1
-1
-5
7
-8
2
-1
1
-4
4
-4
4
-4
0
-1
3
-2
-1
1
0
1
-8
3
15
-18
-1
1
6
-19
13
20
-27
2
3
-4
2
-5
3
-1
-1
0
-2
-3
-2
0
-3
1
0
3
-11
8
4
-10
2
-3
15
-20
13
-27
31
-10
-1
-1
11
-36
34
-12
-3
6
-5
4
3
-9
4
2
4
-5
-5
2
3
-2
0
2
-2
4
-2
-5
2
0
2
-3
-1
2
0
-2
3
-1
-2
4
-4
1
0
0
0
-1
0
-2
0
0
-1
1
-1
0
-1
-1
0
-1
3
-6
1
0
-2
3
-2
-2
1
2
-3
0
-2
4
2
-4
2
-3
-1
1
-4
-3
3
4
-4
-3
-4
8
-4
-4
5
-6
1
11
-34
35
-11
-1
0
10
-34
26
-14
19
-17
3
-3
9
-5
-10
9
-5
0
-1
-3
0
-3
3
-2
4
-34
50
-23
5
-2
-4
11
-9
0
32
-46
11
0
-2
0
55
-103
50
3
-2
0
-1
4
-5
3
-3
7
0
-6
4
-4
2
0
-1
0
0
2
-7
5
-3
1
-2
3
-3
1
-1
1
-3
1
-1
3
-6
2
-1
-1
1
0
-1
-1
0
0
1
-1
-1
0
0
-3
5
-4
1
-2
2
-3
1
-2
2
-2
1
-2
2
-5
6
-3
-1
0
0
-1
-3
3
-5
5
0
-7
3
-2
4
-3
1
0
1
-4
-51
103
-55
0
2
-2
-12
43
-33
-1
9
-12
2
0
-5
24
-50
32
-4
-2
-4
-1
0
-1
-1
1
-4
-32
75
-47
1
18
-3
-46
36
-71
144
-96
19
-15
21
9
4
-28
6
0
3
-4
2
6
-7
0
5
-4
-2
1
2
0
-5
2
4
-4
-2
2
-3
2
-5
5
-5
1
5
-4
1
-3
0
5
-9
9
-6
5
-6
4
-2
0
0
-1
0
0
-1
0
1
-4
5
-6
6
-10
9
-5
0
2
-1
2
-5
-2
4
-7
4
-3
0
-3
1
4
-5
-4
5
-1
-3
-2
2
3
-6
0
7
-7
-3
4
-4
-1
-7
27
-5
-9
-22
14
-19
96
-145
70
-38
44
1
-19
-2
46
-75
31
2
-4
0
-4
0
1
0
-4
2
-5
11
18
-35
27
-21
-14
-103
361
-331
64
-33
91
-49
-8
77
-105
65
-9
-7
-3
3
-3
9
-7
-3
6
-9
4
6
-5
-3
3
1
-2
1
-3
2
-2
6
-10
4
1
-3
0
1
-3
1
1
-7
6
-3
3
-2
0
-3
0
1
-2
0
1
-2
-1
2
-2
2
-4
2
-6
6
-2
-2
1
0
-1
2
-1
-5
8
-7
1
-3
1
-2
2
-2
-2
2
5
-8
-5
8
-6
3
5
-9
5
-3
1
7
8
-64
106
-76
7
49
-93
32
-65
329
-361
101
13
19
-30
34
-19
-13
4
-4
1
-1
-5
0
4
-5
-3
4
20
-28
26
-24
2
68
-82
40
-82
71
2
-42
26
-14
4
41
-47
21
-1
-4
-1
4
-1
-5
6
-5
7
-1
-3
-4
3
0
0
2
-2
-3
3
-2
-1
3
0
0
-2
3
0
-7
4
-2
2
-5
1
0
3
-4
1
0
0
1
-2
0
1
0
0
0
-1
4
-3
-1
-1
4
-2
0
-5
6
-1
-3
2
-1
-1
-4
1
3
-5
1
3
-2
-1
-1
-5
3
1
1
-6
5
-6
3
2
-5
1
3
2
-21
47
-41
-4
12
-26
42
-3
-72
81
-40
80
-70
-4
23
-25
28
-22
-5
0
5
-9
0
18
-19
8
62
-242
271
-71
-40
-3
66
-97
238
-300
-132
417
-160
-50
23
90
-203
140
-25
11
-8
6
-11
11
-12
4
3
-1
1
-1
-3
6
-8
1
3
2
-4
7
-7
1
-2
0
2
-1
0
0
-3
6
-3
-5
4
0
-2
0
-2
-1
0
-2
1
-2
0
0
-2
1
-1
-1
1
-2
1
-1
-5
5
1
-5
3
-1
0
0
-2
-1
2
-3
6
-9
3
-1
-5
-1
8
-7
2
1
-2
2
-3
-4
11
-11
9
-6
7
-10
26
-140
204
-90
-22
48
160
-417
130
298
-239
95
-69
0
40
69
-272
239
-62
-10
18
-22
0
-6
0
36
-91
293
-268
27
-22
84
29
-146
521
-1253
867
-47
87
-56
-163
134
159
-168
-14
21
-13
0
-3
12
6
-19
9
-5
-2
1
7
-6
-1
9
-15
7
0
0
-3
2
-4
3
1
-3
-2
0
5
-4
3
-6
2
1
-1
-1
0
-1
0
-3
2
-1
0
1
-3
2
0
1
-2
-1
1
-2
-2
5
-3
4
-6
-2
2
0
-2
-3
3
-3
1
-2
-1
-8
14
-11
2
5
-7
-2
1
3
-9
18
-6
-12
3
0
13
-21
13
168
-160
-134
162
56
-87
46
-868
1250
-522
143
-30
-85
20
-27
266
-294
89
-41
0
2
0
2
48
-3
-80
-89
383
-158
-68
-139
-28
160
-318
527
-239
10
78
-78
-50
142
26
-33
-80
-7
8
-1
-9
4
1
17
-10
3
-5
2
-3
3
0
7
-18
12
4
-10
7
-5
-1
2
-4
4
-3
5
-7
3
-2
-1
1
0
0
-1
-3
2
-1
0
-2
1
0
-1
0
0
1
-2
2
0
0
-1
-2
1
2
-4
5
-6
3
-6
4
-2
1
4
-8
8
-4
-12
15
-7
0
-3
2
-2
4
-3
9
-18
-2
-4
8
1
-8
7
81
33
-25
-143
49
78
-78
-10
235
-529
316
-160
27
136
68
156
-383
88
79
1
-50
-4
0
26
74
-128
209
-290
-152
186
65
90
129
-60
-488
786
-683
167
18
8
110
-31
-79
130
-87
-25
21
5
19
-13
2
-10
3
2
-2
2
0
-4
4
9
-7
-1
-9
8
-2
0
0
-2
2
2
0
-8
9
-9
4
1
-1
2
1
-2
-1
0
0
0
-1
0
0
-2
0
-1
0
1
0
1
-2
-2
0
0
-4
7
-10
7
-1
-2
-1
1
0
0
1
-10
8
0
5
-11
-5
4
-2
-1
2
-1
-3
9
-1
13
-20
-7
-21
25
88
-131
80
31
-112
-9
-19
-168
681
-787
487
58
-132
-92
-67
-186
151
288
-210
125
-76
-32
0
49
-17
-153
9
463
-174
-25
-189
-68
19
138
496
-676
-27
123
84
-65
156
-73
-216
129
94
-30
-16
6
-5
-23
24
-1
-5
3
1
-8
8
-8
-6
25
-15
-11
5
5
-2
-1
0
-4
-2
3
-2
-3
6
-5
2
-2
-2
2
-1
2
-2
1
-2
2
-1
0
0
0
0
-2
0
0
1
-3
1
-2
1
1
-3
5
-7
3
1
-3
1
1
-1
0
1
-5
-6
10
14
-27
5
7
-10
6
-1
-4
5
1
-25
23
4
-7
16
30
-94
-131
215
73
-157
64
-85
-125
26
674
-498
-139
-22
67
188
24
173
-464
-11
150
16
-53
0
74
-121
181
-23
-199
-157
169
217
-28
-257
-64
876
-833
59
-69
293
-7
-221
30
84
132
-174
31
25
-9
-24
26
4
-10
1
1
-1
1
-4
6
4
-31
31
0
-6
1
-4
3
1
-6
4
0
-3
1
0
3
-5
2
-3
0
-1
0
0
0
0
-1
0
1
0
-1
0
0
-2
0
-1
-1
0
-1
2
-4
4
-4
0
-2
2
-1
-5
5
-2
-4
3
0
5
0
-31
30
-5
-8
4
-2
1
-1
0
11
-4
-27
24
9
-25
-31
175
-132
-86
-31
221
7
-294
69
-59
832
-876
61
255
24
-217
-170
157
197
21
-185
119
-78
0
66
-131
202
-152
-181
439
-26
-363
154
268
-513
68
368
-159
-175
371
-248
-125
286
-28
-161
62
5
-23
25
-24
17
-6
-4
6
0
1
-6
6
1
-16
40
-30
-4
11
-3
2
-3
1
-4
2
-5
7
-4
-5
6
-3
1
-4
1
-2
-1
2
-2
-1
0
-1
0
0
-1
1
-2
0
0
-3
0
1
-3
3
-1
2
-7
4
3
-7
4
-3
3
-2
2
-1
2
-12
2
28
-41
15
-1
-7
6
-1
-1
-6
4
5
-18
24
-27
22
-5
-63
161
27
-287
124
247
-371
175
158
-369
-70
511
-269
-156
361
27
-439
180
150
-204
131
-70
0
42
-10
-88
-1
449
-441
-216
470
-341
250
183
-1497
1972
-608
-348
462
-388
182
-101
40
43
-49
11
3
-13
29
-31
7
7
-6
-1
7
-11
7
-6
15
-35
32
-3
-11
6
-9
4
4
-1
0
-4
-1
8
-10
7
-2
-1
-4
6
-3
-1
0
-2
0
-2
1
-1
0
0
-1
1
-1
0
-2
0
1
-6
3
0
2
-8
9
-7
0
3
-1
0
-4
-5
9
-8
9
2
-33
34
-16
7
-8
11
-7
0
4
-8
-7
29
-29
13
-4
-10
48
-42
-41
101
-183
388
-463
346
606
-1972
1494
-185
-252
338
-470
215
440
-449
-2
86
8
-48
0
16
81
-162
285
-537
227
424
-489
422
-609
755
-1191
1125
-75
-472
391
-214
92
-102
-40
104
-26
27
-24
-1
23
-27
5
7
-3
0
-1
3
-4
3
-17
50
-67
45
-19
8
-3
-3
4
-6
8
-10
6
-4
4
-2
0
-5
6
-2
0
0
-1
-2
2
-2
0
-2
0
1
-2
2
-2
0
2
-1
0
3
-5
3
1
0
-5
3
-6
9
-8
4
-6
2
1
-7
18
-47
66
-52
16
-3
2
-3
0
-1
3
-8
-4
26
-24
0
24
-27
24
-102
41
102
-92
214
-391
471
73
-1126
1189
-757
607
-423
488
-424
-227
535
-286
161
-82
-21
0
-10
57
-28
-60
-81
517
-756
530
-360
536
-822
1147
-1032
656
-625
465
-163
11
47
-61
52
6
-28
12
0
-20
23
-2
-9
6
-7
5
1
-2
8
-16
18
-22
15
-4
1
-3
-2
1
0
-1
-1
1
-1
-1
4
-7
5
-4
2
-1
-1
1
-1
0
-1
-1
2
0
-3
0
0
-1
1
-2
0
0
-3
3
-3
6
-4
-2
1
-2
1
-1
-1
-2
0
3
-3
4
-15
19
-19
16
-8
1
-2
-6
6
-6
10
1
-22
18
0
-12
30
-6
-54
61
-47
-13
163
-466
623
-657
1030
-1147
819
-535
359
-530
756
-517
79
59
27
-58
6
0
-19
-3
66
-289
704
-731
451
-275
228
-569
905
-303
-120
-196
86
86
-205
318
-158
81
-78
40
-27
20
0
-28
52
-49
21
-4
1
0
-1
7
-5
0
-16
35
-35
16
0
-4
5
-3
1
1
-3
2
1
-3
-1
3
-1
-3
3
0
-4
7
-6
2
-1
-2
0
0
-1
1
-1
-2
4
-7
5
0
-3
4
-2
-3
1
3
-2
-2
3
-1
-2
3
-3
2
0
-16
34
-34
14
-1
4
-9
1
-1
-2
4
-22
48
-53
29
1
-20
27
-40
77
-81
157
-319
205
-86
-87
195
119
302
-905
566
-228
274
-451
730
-706
288
-67
1
14
0
-30
-18
105
-150
257
-412
394
-250
-64
786
-1220
671
-185
72
317
-538
130
395
-383
175
-147
120
-46
-8
11
14
-42
45
-21
0
2
4
-3
0
0
-4
7
-16
16
-11
4
-2
-1
1
-1
-2
0
0
1
-1
-1
-2
3
-2
1
-2
-3
2
2
-2
0
-1
1
0
-1
0
-1
2
-1
-3
2
1
-1
-1
0
0
-1
1
-2
0
-2
2
0
-1
-2
2
-4
10
-17
14
-7
2
-1
-1
2
-4
-2
1
20
-45
42
-14
-11
7
46
-120
147
-176
383
-396
-132
538
-319
-72
183
-672
1215
-787
63
250
-393
411
-257
147
-107
17
26
0
-42
-15
85
50
-120
-138
6
490
-372
-423
905
-905
751
-120
-514
572
-146
-377
477
-295
138
-26
-36
33
0
-10
-9
27
-20
5
-1
7
-11
8
-2
-6
16
-8
-1
-8
6
14
-26
16
-8
5
0
-1
0
1
-3
3
-5
8
-3
-1
-1
1
-1
-1
0
1
-1
0
1
0
-1
0
0
-2
1
0
4
-8
3
-2
2
-2
0
0
0
-6
8
-17
26
-17
-7
6
-1
6
-14
5
2
-8
10
-7
1
-5
19
-27
10
10
-1
-33
35
25
-137
296
-477
376
144
-573
512
119
-752
903
-905
421
370
-490
-7
137
118
-51
-87
14
37
0
-58
-7
106
-104
128
-83
-182
254
33
-478
723
-725
503
-3
-248
59
171
-237
117
28
-45
25
-10
-4
3
-8
10
-16
12
0
-4
8
-6
4
-4
-3
6
-1
6
-9
1
-2
1
7
-3
-3
-1
1
0
1
-4
5
-5
0
2
1
0
-3
0
-1
1
0
-2
0
0
0
-1
0
-2
3
0
-2
-2
1
2
-5
4
-1
0
-1
0
1
2
-8
-2
1
-2
8
-5
0
-7
3
3
-4
6
-9
4
0
-14
16
-12
7
-4
3
9
-27
46
-28
-118
236
-171
-59
247
2
-504
723
-724
476
-35
-255
182
82
-128
103
-109
5
53
0
-101
103
-45
-93
204
-213
104
57
-154
157
-116
125
-45
-77
58
-18
51
-74
34
17
-30
18
-12
7
-3
2
5
-7
2
-2
2
-7
9
-7
2
-3
-1
5
4
-8
-1
10
-9
1
2
-1
-2
1
0
0
1
-1
-3
3
-1
-1
-1
2
-2
1
-1
2
-1
0
1
-2
2
-2
1
-3
0
0
1
-3
1
1
-1
-1
-2
-1
1
-1
-3
0
9
-11
-1
7
-6
-5
0
2
-2
5
-10
6
-2
0
-2
7
-6
-1
2
-7
11
-19
32
-17
-34
73
-51
18
-60
76
45
-126
115
-159
152
-57
-106
213
-206
92
42
-104
95
0
-73
54
-14
-55
137
-131
88
-72
73
-115
66
97
-143
2
138
-138
40
16
0
2
-13
0
6
-1
-8
-1
12
-6
-5
6
-2
-4
4
-4
3
-6
9
-11
9
-6
0
6
-9
8
-1
-1
-2
2
-2
0
-1
-3
0
1
1
-2
0
1
-2
-1
2
-3
1
0
-1
2
-3
0
1
-1
0
1
-2
-1
-1
2
0
-2
0
-2
1
1
0
-10
10
-7
-1
5
-9
10
-8
5
-4
4
-6
4
1
-6
4
5
-12
1
7
1
-6
-1
13
-2
-1
-17
-41
138
-139
-3
142
-99
-68
113
-74
71
-88
131
-138
53
12
-55
68
0
-57
18
0
48
-22
-58
48
-10
4
40
-100
49
11
-2
-19
25
-36
53
-42
11
14
-11
-3
2
5
-7
4
-1
0
-4
3
-1
1
-2
2
-1
-4
7
-6
0
-4
10
-6
-1
-1
1
-1
1
-1
-2
-1
3
-4
3
-7
5
-3
1
-1
-1
0
0
-2
0
1
-1
-2
1
0
-1
1
-6
6
-5
4
-3
0
1
0
-1
1
-2
0
0
5
-11
3
-1
6
-7
1
0
-3
0
-1
1
-3
3
-1
0
-5
5
-4
-3
3
10
-15
-11
42
-52
36
-25
17
1
-13
-49
99
-42
-6
10
-49
57
22
-50
-2
-20
53
0
-62
31
8
-9
-29
75
-66
32
-11
29
-33
-32
51
-63
82
-29
-18
-17
43
-15
0
0
2
-6
-1
4
0
-6
7
-1
2
-2
-1
3
-2
-2
3
-1
1
-1
1
-2
2
-1
-2
3
-2
0
-2
-1
3
-3
-1
-2
5
-3
0
-1
1
2
-1
0
1
0
0
-1
1
-1
0
1
-1
2
-5
1
0
2
-2
0
-1
-1
1
-3
2
0
-3
2
-1
0
-1
-1
-3
1
1
-4
1
2
-1
1
-6
5
0
-5
1
5
-3
0
1
15
-44
16
15
28
-83
61
-50
30
33
-30
10
-32
65
-77
28
8
-11
-33
58
0
-35
6
15
-33
9
71
-86
56
15
-134
150
-8
-94
52
-9
-11
-6
30
0
-14
1
3
-7
5
-1
1
-7
8
-5
-2
1
0
0
1
1
-2
5
-8
0
3
-3
6
-9
6
-3
-1
1
-1
0
0
0
-2
0
-1
3
-1
-3
1
0
-3
1
-1
0
0
0
0
-3
1
0
-3
3
0
-4
0
-1
2
-1
-1
-1
0
-1
0
2
-7
7
-7
3
-4
-1
6
-6
1
-1
-2
0
0
-3
0
4
-9
5
-2
-1
-6
7
-4
-2
13
0
-31
6
10
8
-55
94
6
-152
131
-15
-56
86
-72
-10
32
-17
-7
30
0
-22
4
3
-3
20
-48
49
-33
35
-40
8
48
-71
54
-38
21
-1
11
-36
37
-17
5
0
-2
2
1
-4
2
-1
-2
5
-2
-1
1
0
-1
1
1
-3
2
0
-3
1
0
-2
2
-1
1
-4
2
1
0
-3
0
3
-3
2
-2
-2
0
0
0
-3
0
1
-1
0
-1
-1
2
-3
2
-4
-1
3
-1
-1
-3
3
-1
0
-2
0
-1
-3
3
0
-3
2
-2
-1
1
-1
-1
1
2
-3
1
0
-3
3
-1
-3
2
-1
-5
17
-38
35
-11
1
-21
37
-56
69
-50
-10
37
-37
32
-50
47
-21
3
-5
-5
16
0
-16
6
0
-9
-7
34
-22
19
-12
-27
65
-135
145
-72
37
-16
-13
13
-7
4
2
-5
2
-1
-3
2
2
-3
0
-1
0
1
-2
2
0
-2
-2
6
-3
-2
0
2
-4
4
-3
4
-2
0
-2
1
-4
4
-3
2
-1
0
-2
1
-2
1
-1
-1
1
0
-1
-1
0
-1
2
-2
2
0
1
-3
2
-4
3
-2
1
-1
1
-4
3
-6
4
-4
-1
1
2
-5
1
1
-1
-3
3
-2
0
0
-2
2
-3
-2
2
0
-3
4
-3
-4
6
-12
11
15
-38
71
-146
133
-66
25
10
-19
21
-35
6
8
-2
-7
11
0
-8
7
-13
-17
66
-53
-2
20
-24
27
-38
94
-96
31
-23
10
-1
15
-18
7
-2
2
-4
5
0
-2
3
0
-5
7
-6
3
-1
0
1
-1
1
1
-3
1
0
0
-5
4
-2
-2
-1
5
-7
-2
5
-4
1
1
-4
1
2
-2
-1
0
0
0
-2
0
0
-1
0
-1
-1
1
-3
-1
5
-3
-2
3
-7
1
6
-6
0
1
1
-5
4
0
-2
-3
3
-2
-2
0
-2
0
0
-3
6
-8
5
0
-2
2
1
-5
4
-3
2
-7
17
-16
0
-11
22
-33
94
-96
36
-28
22
-20
0
51
-68
14
9
-9
3
0
9
-9
-7
5
20
-12
2
-10
6
-8
20
-89
115
-38
4
-15
6
2
-5
1
2
-1
-1
3
-2
0
1
2
-4
3
-1
0
-1
-1
3
-1
-2
0
1
-2
2
1
-3
2
-2
4
-3
4
-4
1
-2
2
-1
-3
5
-4
2
0
-1
1
-1
2
-1
0
1
-3
1
-1
1
0
-2
3
-6
2
1
-2
2
-2
4
-4
3
-4
2
-3
3
-2
-2
2
-2
0
2
0
-3
1
-1
0
0
-4
4
-2
-1
-1
2
-4
1
1
-2
-1
5
-3
-7
15
-5
37
-117
88
-22
6
-8
9
-1
11
-21
-6
4
7
-13
0
22
-18
-4
35
-47
10
14
0
-13
10
-7
10
3
-13
2
3
-6
0
7
-2
1
-3
2
-3
1
0
-1
1
0
0
-1
0
-3
2
2
-6
5
-7
7
-1
-2
-1
0
0
-1
0
0
2
-5
4
-4
2
-1
-4
3
0
0
-3
0
1
-2
2
-2
0
2
-3
2
-2
-1
1
-1
-1
-4
4
1
-2
4
-5
3
-2
1
-1
1
-1
-1
-1
1
0
-7
6
-5
6
-2
-2
1
-1
1
-1
-2
0
0
0
-1
2
-2
3
-1
3
-8
-1
6
-3
-3
11
-4
-11
6
-12
11
0
-15
-10
46
-37
1
15
-25
0
0
1
2
2
0
-2
-3
-1
2
4
3
-3
-3
-2
2
3
0
-2
0
1
0
-1
-1
1
1
0
-1
0
0
0
0
0
0
-1
-2
0
1
0
-2
-2
1
1
0
-1
-1
1
-1
-1
-2
0
1
0
-1
-1
1
-1
-1
0
0
-1
-1
-1
-1
0
-1
0
0
0
0
0
0
0
0
1
1
-1
-2
-1
1
1
-1
-2
0
0
-1
-1
-1
1
1
-2
-2
0
1
0
-1
0
0
0
-1
0
0
-1
-2
-1
1
0
-2
-3
0
1
-1
-3
-3
0
2
1
-3
-5
-4
0
2
2
0
-3
-2
-2
-2
