-9
-5
-3
-5
-2
-2
-2
-5
5
-20
10
2
-9
4
-11
11
-11
-6
6
1
-1
-7
2
-3
4
-2
-4
2
-1
-2
-1
0
0
3
-1
0
1
1
-1
0
0
1
0
1
-1
0
0
0
-1
-1
-1
-1
-1
0
-1
1
-1
-1
0
-1
1
-2
1
0
0
0
0
-1
0
0
1
0
0
0
0
1
0
1
0
1
0
1
1
1
0
1
0
1
0
1
0
0
1
0
-1
2
0
0
0
0
0
2
-4
-1
5
-1
4
-6
0
1
6
-5
-10
15
-8
8
-7
4
12
-17
7
-1
1
-1
1
2
1
2
-8
-5
-3
-5
-1
-2
-9
-1
16
-20
-4
13
-18
-3
10
-7
-3
0
-3
-2
-6
13
0
-23
13
-8
6
-3
-1
0
0
0
0
-1
0
-1
0
0
-1
1
-1
0
2
2
0
0
-2
1
0
-2
0
0
-1
-2
0
-1
-1
-1
0
0
0
0
-2
0
0
0
0
0
0
1
0
0
0
0
2
0
0
0
1
0
1
1
-1
0
0
2
1
1
-1
1
0
0
1
0
1
0
0
-1
-1
0
0
-2
7
-6
15
-21
2
15
-4
0
-3
1
-2
-4
13
0
-14
17
-1
-15
17
3
-4
1
1
1
0
3
-8
-5
-3
-5
-2
-6
-1
-7
21
-37
7
-1
18
-21
9
-21
24
-19
6
-3
1
-11
2
12
-19
8
-5
1
-2
-2
3
-6
-1
4
-3
-1
1
0
0
1
0
1
0
0
-1
0
0
0
-1
-1
-2
0
-1
1
-3
1
-2
1
-1
-1
0
-1
-1
-1
-1
0
1
-1
0
0
0
0
-1
2
-3
3
-1
1
-1
0
0
0
1
1
0
1
-1
1
0
1
0
0
0
1
-2
5
-1
-6
4
0
-2
3
-4
9
-18
15
4
-9
2
-1
8
-19
25
-19
13
-19
20
1
11
-34
23
-2
1
-3
2
1
2
2
-8
-6
-4
-6
-3
-4
-4
-9
32
-67
45
-15
15
-17
0
-4
-1
2
-14
21
-21
19
-15
6
-6
-7
7
-2
-1
-2
2
-1
2
-3
-1
1
0
0
-1
0
0
2
-1
-2
2
0
0
-1
-1
-1
0
-2
-2
-1
3
-4
1
-2
-1
0
0
0
-1
-1
0
1
-1
0
0
1
1
-1
1
-2
4
0
-1
-1
0
1
0
0
1
0
2
-2
-1
2
1
1
1
2
0
1
-1
-2
2
0
2
-1
-1
-2
8
-5
-4
9
-14
21
-20
23
-14
4
0
0
3
-15
18
-12
48
-64
34
-4
0
0
0
2
2
2
-9
-6
-4
-7
-1
-5
-5
-5
-27
77
-68
18
6
-28
17
-6
-35
44
-11
0
-14
23
-19
7
-18
20
-5
-9
4
-3
0
0
0
-1
-2
1
1
-1
1
1
0
1
-1
1
-1
-1
-1
1
-3
3
-4
1
-2
-3
2
-4
0
-2
-1
-1
0
0
0
-1
0
-1
0
0
0
0
0
0
1
-4
5
-1
-2
3
-4
3
-2
2
0
0
-1
1
-1
1
0
2
1
-1
1
3
-2
-1
0
0
1
-2
5
-8
-4
21
-17
7
-18
24
-14
1
-10
46
-34
-4
20
-26
9
21
-64
78
-25
-1
-2
-1
2
1
1
2
-9
-6
-3
-5
-5
-1
2
-14
-15
41
-31
3
-15
24
-25
-14
37
-6
-23
3
12
-19
0
8
2
-13
9
-4
-3
0
-3
3
-1
-2
2
-1
-1
1
-1
1
1
-2
1
0
0
1
-1
-2
2
-4
1
-3
3
-3
0
0
0
-1
-1
-1
0
-1
-1
-1
0
-1
0
-1
0
0
1
-1
0
0
1
-2
4
-1
2
-3
3
-1
0
0
1
0
1
-1
0
0
1
2
0
-1
2
-2
-1
3
-3
1
-3
-4
10
-11
3
10
1
-18
13
5
-22
-5
38
-10
-21
29
-12
5
-28
44
-13
-9
6
3
-3
2
2
3
-9
-5
-4
-5
-5
1
-13
3
14
-52
58
-39
10
-19
14
19
-25
6
-1
-16
26
-22
13
-16
14
-14
4
-2
-3
1
-1
-1
0
0
-1
2
0
0
0
0
-1
0
0
2
-1
0
0
0
-1
-1
-1
0
0
-1
-2
-1
0
-2
0
0
-1
-1
0
-1
-1
0
-1
0
-1
0
1
0
1
0
0
1
1
0
0
0
0
2
-1
0
0
2
-1
1
0
1
0
-1
1
2
0
1
0
-1
0
2
-2
-1
6
-12
16
-16
15
-22
27
-16
0
7
-24
23
17
-16
13
-36
61
-48
15
7
-9
6
-2
3
1
2
-8
-6
-4
-5
-3
-2
-6
-10
-14
73
-74
13
2
-17
12
10
-23
5
-8
12
-10
20
-43
19
9
-9
0
-4
2
-2
-1
-1
1
-1
1
-1
0
1
0
1
-1
2
1
0
0
1
-1
0
0
-1
0
-1
-1
-1
0
0
-1
0
-1
0
0
1
0
-2
0
0
-1
0
0
1
-1
0
0
1
0
1
0
0
1
0
1
0
-1
1
1
0
0
0
-1
1
1
0
1
0
1
0
1
-1
1
-1
3
-2
3
-9
10
21
-42
21
-9
13
-7
7
-22
13
15
-13
5
16
-70
75
-13
-4
-2
3
1
1
2
2
-9
-5
-3
-7
-2
0
-3
-3
0
-23
31
-21
1
9
-20
-9
31
-32
25
-15
11
-17
8
-7
-3
9
-6
-4
3
-2
0
0
-1
1
0
1
-1
0
0
0
0
0
1
1
0
-2
0
-1
0
0
-2
-1
0
-1
-1
-1
0
-2
0
-1
-2
-1
-2
-1
0
0
0
0
0
-1
1
-1
0
0
0
0
1
0
0
0
1
0
0
-1
1
1
1
0
0
0
0
-1
1
0
1
3
-1
0
1
-1
4
-3
-5
8
-1
-4
10
-15
11
-14
25
-30
32
-6
-18
11
4
-17
34
-19
2
0
0
3
1
1
1
2
-7
-8
-2
-5
-3
-1
-3
-4
-1
-13
7
9
-17
0
-9
0
12
-8
-9
6
-2
-13
21
-6
-8
3
-1
-2
1
-3
2
-2
0
-1
1
-1
0
0
0
0
-1
2
0
-2
1
0
0
0
-2
-1
0
-2
1
-1
-1
-1
-1
-2
0
-2
-1
0
-1
-1
0
0
0
0
0
0
1
0
0
1
1
0
1
0
0
1
-1
1
1
0
1
0
0
1
0
1
0
0
1
0
2
-1
0
0
2
-3
2
0
-1
3
-7
-4
22
-12
-1
8
-7
-8
13
3
-6
3
-15
14
11
-11
1
-1
1
2
0
2
3
0
-9
-3
-11
8
-27
29
-6
-51
133
-129
-41
81
-40
8
39
-14
-32
10
3
-17
13
-14
17
-6
-8
7
-12
7
-3
-4
4
-1
-3
3
2
-5
2
-1
1
0
0
0
1
-1
-1
-1
0
-1
-2
-2
-1
0
-1
1
-1
-1
-1
-1
-1
-1
-1
-1
-1
-1
1
0
0
0
1
0
1
0
0
1
0
1
0
1
-1
0
-1
1
0
0
0
1
1
1
0
0
1
0
3
-3
2
4
-3
-2
5
-3
-3
8
-10
8
-7
-5
20
-14
14
-16
5
10
-31
-11
43
10
-37
83
-39
-124
135
-47
-2
31
-23
16
-7
5
-8
-3
0
-25
-8
33
15
-15
-116
184
-143
-22
39
103
-63
-52
41
-30
9
-19
22
17
-40
24
-14
6
-8
-1
3
4
-7
-3
4
-1
0
1
0
1
-1
0
-1
1
1
1
0
1
0
0
-1
-2
0
-1
0
1
-1
0
-1
-1
0
-2
0
-1
-1
-1
0
1
-1
0
0
0
0
0
0
1
0
1
0
-1
1
0
0
1
0
1
0
1
1
1
-1
1
0
0
-1
1
0
-1
4
-2
-7
4
3
2
-6
8
-13
25
-39
19
24
-16
11
-29
42
-48
-60
106
43
-18
-140
186
-113
-11
18
37
-5
-18
3
5
-7
-12
4
-6
-27
48
-71
91
-152
218
-224
174
-133
85
-87
76
-29
3
-15
25
-24
-1
10
-4
-1
-3
0
2
-2
-9
10
-9
7
-5
1
0
-1
1
0
1
0
1
1
-1
0
0
-1
0
-1
-1
0
-3
1
-1
-1
-1
-2
-1
-1
-1
-1
-2
0
-1
-1
0
-1
-1
-1
1
0
0
0
1
1
0
2
-2
1
0
0
1
0
1
1
0
1
0
0
1
0
1
-1
1
0
-3
7
-10
11
-8
-1
4
1
-3
-1
-2
13
0
-24
25
-14
5
-28
79
-84
89
-130
176
-220
219
-150
94
-68
52
-24
2
9
-3
-10
-2
-16
20
-30
4
46
-22
-39
-137
281
-227
10
117
2
-55
-20
38
-22
-24
1
23
3
-19
16
-8
0
-6
9
-9
-4
8
-8
2
2
-1
1
-1
0
0
1
0
1
0
-1
1
1
-1
0
-1
-2
0
0
-1
1
-2
-1
-1
-2
-1
-1
-1
0
1
0
0
0
-1
0
-2
0
0
0
-1
1
0
0
-1
-1
0
1
-1
0
1
-1
1
1
0
1
0
1
0
1
0
3
3
-8
9
-3
-9
10
-5
1
-8
17
-18
4
25
2
-22
-21
40
-19
-52
6
120
13
-223
284
-132
-37
-17
50
8
-27
28
-11
6
-8
-9
-4
-1
19
-31
-23
51
-97
201
-85
-213
104
258
-464
305
-64
-23
54
-35
-39
82
-60
11
18
-16
-1
2
-4
1
1
-8
3
0
-2
1
0
-2
0
0
0
0
0
-1
0
1
1
-1
-1
0
-1
-1
-1
-1
-1
0
-1
0
-1
0
0
-1
0
-1
-1
0
0
0
1
-1
-1
0
0
1
1
0
-1
1
1
0
0
0
1
0
0
1
1
0
0
0
1
-1
1
0
-3
2
3
-7
2
2
-3
4
-1
-13
19
13
-59
82
-39
-35
54
-20
-63
308
-462
262
108
-208
-83
205
-94
54
-19
-26
22
8
0
-1
-9
-6
1
-20
20
-18
-15
72
-38
-160
253
-238
222
-143
-26
118
-116
54
0
-45
86
-57
-15
35
-28
14
-10
4
-5
-1
2
-1
-2
4
-3
1
0
-1
1
1
-1
0
0
0
0
0
0
-2
0
0
-2
0
0
-2
-1
-1
-1
-1
0
0
-1
0
-1
-1
-1
0
0
-1
0
0
1
-1
0
0
1
-1
1
0
-2
1
1
-1
1
0
1
0
1
2
0
1
0
0
1
2
-3
3
-2
0
4
-1
-3
5
-8
15
-27
37
-14
-56
86
-44
0
53
-115
123
-21
-141
224
-236
256
-158
-36
75
-12
-15
23
-13
6
2
-10
-4
3
-23
-24
22
21
4
-104
188
-22
-156
-47
89
80
-155
96
27
-11
-35
-25
56
-49
5
6
10
1
-4
-11
1
6
-8
1
2
0
-1
0
0
-1
1
-1
1
0
0
-1
0
-1
1
2
-2
-1
-3
3
-2
-1
1
-1
-1
0
1
-2
1
-1
0
0
0
0
0
0
1
0
0
0
1
0
-2
3
-2
1
-2
3
1
0
0
-1
1
-1
1
-1
1
0
1
1
1
0
2
1
-8
7
3
-10
-3
3
11
7
8
-48
58
-25
-34
-10
27
97
-152
84
94
-43
-152
-20
191
-101
8
24
26
-21
-16
9
5
-7
-9
6
-21
15
-25
36
-94
127
-122
125
-163
175
-199
169
-11
-105
62
-32
23
-14
41
-71
51
-29
17
-15
12
-17
13
-12
3
-1
2
-1
0
0
0
-1
1
-1
1
0
0
-2
1
-1
-1
0
-3
0
-2
-1
0
0
-2
-1
0
-1
-2
-1
-1
-1
-1
0
-1
-1
0
0
1
0
-1
0
0
1
1
0
-1
1
-2
1
0
0
0
-1
1
0
1
0
0
0
1
0
0
-1
2
-1
5
-11
14
-15
15
-13
18
-28
52
-71
40
-14
24
-31
63
-104
-7
173
-195
178
-158
129
-120
129
-91
40
-21
18
-13
12
0
-10
-5
0
-18
9
-17
13
36
-31
-65
-15
51
31
157
-276
23
10
62
33
-13
-44
-49
48
17
4
-9
-13
-6
5
3
12
-11
-6
1
1
1
-1
0
0
-1
0
1
0
1
-1
-1
1
-1
-1
-1
-2
-1
0
-1
0
-1
-1
1
0
0
-1
0
-2
0
-1
0
0
0
0
1
0
1
0
-1
1
0
1
0
0
0
0
0
0
0
0
1
1
1
0
-1
0
0
0
2
2
1
-6
-10
13
3
6
-5
-12
-7
5
18
49
-48
-43
-12
35
63
11
26
-273
160
34
54
-13
-61
-29
40
16
-13
12
-9
4
4
-7
-7
2
-10
-14
23
-9
-53
72
-64
37
-14
16
-33
94
-181
128
-56
31
-3
-1
-32
37
-19
11
-8
-2
6
-8
14
-27
14
2
-2
0
1
0
1
0
0
0
0
1
0
0
0
0
-1
0
-2
0
0
0
0
0
-2
-1
0
0
0
0
0
-2
0
0
1
-1
0
0
0
-1
1
-1
0
1
0
0
0
0
-1
1
0
1
1
0
0
0
2
0
1
1
0
1
1
1
-2
2
16
-27
15
-8
7
0
-8
12
-18
38
-31
0
-3
33
-55
129
-178
98
-31
19
-11
38
-62
74
-50
-5
27
-11
-3
7
1
-11
-4
-5
-13
19
-16
-46
92
-58
-12
39
-9
-14
-123
193
-105
27
-2
-8
-36
0
104
-71
11
-19
-8
16
3
8
-13
-20
3
12
2
-4
-2
0
-1
0
-1
0
0
0
1
0
0
0
-1
0
-2
0
-2
0
-2
-2
0
-1
-2
0
0
0
-1
0
-1
0
0
0
0
0
0
1
0
-1
1
-2
0
0
-1
0
-2
1
-2
1
0
-1
1
0
-1
0
-1
1
1
1
-1
-3
4
12
3
-18
-13
9
4
18
-6
-18
13
-71
106
0
-35
-6
0
28
-101
196
-121
-10
-7
41
-10
-57
95
-42
-12
22
-6
0
5
-9
-6
2
-7
0
-36
42
-29
16
-10
-10
5
8
12
-15
-46
41
-19
7
8
-28
31
-9
-5
-8
12
-15
24
-40
25
-2
-6
-1
5
-3
1
0
0
0
0
0
2
0
0
0
0
0
1
0
-1
-1
0
0
0
0
-1
-1
-1
-2
0
-1
0
0
-2
0
0
0
0
0
0
0
0
0
0
1
0
1
1
1
0
1
0
1
0
1
1
1
1
0
1
1
1
1
1
-2
5
-1
-5
-1
26
-39
26
-14
14
-7
-5
-8
34
-27
8
8
-17
42
-43
-12
14
11
9
-8
-7
19
-26
45
-32
3
0
5
1
-9
-6
-4
-3
-6
8
-12
-15
16
-10
-6
13
-7
-7
-13
16
-3
-14
6
2
-8
10
-10
-2
1
-2
2
-3
0
-5
3
-4
3
-2
2
0
0
0
0
0
0
1
1
-1
0
-1
0
1
-2
0
-1
-1
0
1
-1
0
-2
-1
-1
0
0
-1
0
0
-1
0
0
0
-1
1
0
0
0
1
1
1
0
-1
0
1
-1
1
0
0
0
0
0
1
0
0
0
0
0
1
3
-3
3
-2
4
-5
2
-2
3
-2
2
-1
-9
12
-7
1
7
-14
-2
19
-10
-4
-3
15
-3
-6
18
-12
-7
11
-3
4
0
2
-8
-5
-3
-7
1
-5
-11
22
-25
13
-14
2
-8
5
-1
-10
-1
3
0
0
-11
9
-4
-1
1
-1
-1
-1
0
-3
1
-1
1
-1
0
-1
1
0
0
1
0
1
0
0
-1
0
1
1
-1
-2
-1
0
-1
0
-1
-1
-1
1
-1
0
0
-2
-2
0
-1
0
0
0
0
0
-1
0
0
0
1
0
0
0
-1
-1
0
1
0
0
0
2
-1
1
0
2
0
0
0
0
1
-1
1
0
1
-3
1
0
0
-1
3
0
-2
10
-10
1
0
3
0
-8
2
9
-5
5
-11
15
-23
26
-9
-2
5
-1
1
2
-9
-5
-4
-4
-5
4
-6
-13
15
-15
8
-7
0
-3
-9
8
-8
4
0
-3
-3
1
-2
0
-1
-2
0
-1
0
-1
-2
0
-1
0
0
0
0
0
0
0
0
1
1
1
0
1
-1
0
-1
-1
-2
0
-1
1
-1
-1
-1
-1
-1
-1
-1
-1
-1
-2
-1
0
0
0
-1
0
0
-1
0
0
0
1
0
0
-1
0
0
0
0
-1
0
0
1
-1
0
-1
1
1
0
0
0
0
-1
0
0
-1
1
-1
0
0
0
1
-1
4
-2
-3
1
5
-7
11
-6
1
3
-5
9
-11
17
-10
-3
6
-2
3
1
3
-8
-6
-4
-6
-3
-6
4
-5
-1
-11
9
-7
-4
3
-3
-7
10
-9
0
-1
2
-6
3
-2
-1
-1
0
-1
-1
0
-1
-2
0
0
1
-1
0
1
0
0
0
0
0
-1
0
-2
0
-1
-1
0
-1
-1
-1
-1
-1
-1
-1
0
-2
-1
0
-1
-1
-1
0
1
-1
1
0
0
0
0
0
-1
0
1
0
0
0
0
0
-1
1
-1
2
1
2
1
0
-1
0
1
0
-1
2
1
0
0
0
-1
0
-1
1
0
0
0
4
-5
3
0
1
-7
11
-5
-2
5
-2
-5
11
-7
1
-1
8
-3
0
2
2
2
-8
-5
-3
-8
1
-8
0
-1
-4
0
-6
4
-12
3
-6
2
-6
3
-3
-2
5
-14
5
-2
-1
0
0
-1
-1
0
0
0
1
0
0
0
0
1
0
0
1
0
1
0
1
0
0
0
-1
-2
-2
0
-1
1
0
-1
-1
1
-2
-1
0
-1
0
-1
-1
-1
-1
-1
0
1
-1
0
0
1
1
0
-1
0
-1
0
0
1
0
0
1
0
1
0
1
0
0
0
0
1
1
0
1
0
1
0
-1
0
1
-1
0
1
7
-12
7
0
0
3
-5
5
-3
8
-8
6
-3
3
-1
1
3
-4
4
-1
1
2
-8
-6
-3
-5
-2
-5
3
-8
3
2
-8
2
-2
-2
-4
-1
-1
-2
-1
-1
3
-6
2
-1
0
0
0
-1
0
-1
-1
-1
-1
-1
0
0
0
1
-1
0
-1
0
0
0
0
0
0
0
-1
-2
0
-1
-1
0
-1
-1
-1
-2
-1
0
-1
-2
-1
-1
0
-1
-1
0
0
1
0
-1
1
0
0
2
0
0
0
-1
0
0
0
0
1
1
0
0
0
0
0
-1
0
0
0
1
-1
0
-1
1
0
-1
1
0
1
0
2
-5
4
-2
2
-1
-1
2
-2
2
0
5
-5
3
5
-7
6
-1
1
3
1
3
-8
-5
-4
-4
-1
-2
-3
-2
-2
-3
1
-3
-2
-2
-4
-1
0
0
-1
-1
0
-1
-1
-1
0
-1
-1
-1
-1
0
-2
-1
0
-1
-1
0
-1
1
0
-1
0
0
0
1
0
-1
-1
-1
0
-1
-1
0
-2
-1
-1
-1
-1
0
-2
-1
-1
-1
-1
0
1
0
-1
1
1
1
0
0
1
0
0
0
0
0
0
0
0
0
0
0
0
0
1
0
0
0
0
0
0
1
-1
0
0
0
0
0
0
0
0
0
0
1
1
-1
1
1
-1
0
1
0
-2
0
0
-1
3
0
0
1
1
0
2
0
0
1
-8
-3
-3
-3
-2
-2
-2
-1
-2
-1
-2
-2
0
-2
-2
-1
0
-2
-2
-1
-1
-2
-1
-1
-2
0
0
-1
0
0
0
0
0
0
0
0
0
0
0
-1
-1
0
1
0
0
1
-1
0
-1
-1
-2
0
-1
-1
0
-1
-1
-1
-1
-1
0
0
-1
-1
-1
0
0
0
0
0
0
1
0
-1
1
0
0
0
0
1
0
0
1
1
-1
0
2
0
-1
0
1
0
0
0
0
0
0
1
0
-1
0
0
0
0
-1
0
0
0
0
0
-1
0
0
0
1
0
1
0
1
0
0
-1
2
0
0
0
1
0
-8
-4
-2
-3
-1
-3
-3
-1
0
-1
-2
-2
-1
-1
-5
0
-2
0
0
0
-1
-1
0
-1
-2
-1
-1
-1
-1
-1
-1
-1
0
0
0
-1
-1
0
0
0
0
1
1
1
0
0
0
0
-1
-1
-2
-2
-1
-1
-2
0
-1
-1
0
-1
0
-1
0
0
-1
-1
0
0
1
0
0
0
0
0
0
0
0
-1
-1
0
-1
0
0
0
0
-1
1
0
0
0
0
0
1
1
0
0
0
-1
-1
0
0
0
0
0
0
0
1
0
0
0
-1
0
-1
1
-3
1
0
1
1
0
1
1
2
0
0
1
1
1
-3
-3
-2
-2
-1
-2
-1
-1
-1
-2
-2
0
0
-2
-3
-2
0
0
-1
-1
0
-1
0
-1
0
-1
-2
-1
0
0
0
-1
-1
-1
0
0
-1
0
0
0
0
0
1
0
0
0
-1
0
-1
-1
-1
-1
0
-1
0
-1
0
0
0
0
0
0
0
0
0
0
0
-1
-1
0
0
1
1
0
0
1
0
0
-1
0
0
0
0
0
0
0
0
1
0
0
0
0
0
0
0
0
-1
-1
0
0
-1
-1
-1
-1
0
-1
0
0
0
0
-1
0
0
0
-1
-1
0
2
0
0
0
1
0
0
0
1
1
1
