-8
-6
-4
-4
-4
-4
0
-5
-3
-2
-3
3
-12
7
-6
-10
21
-17
-2
-1
1
-2
8
-6
-18
18
-9
1
-3
1
-1
-1
0
0
0
-1
0
0
1
-1
1
0
-3
4
-2
3
-6
9
-9
-6
21
-7
-22
21
-8
-2
0
-1
-1
0
0
-1
0
-1
1
-1
0
0
0
0
0
0
2
-1
-7
22
-21
-5
21
-5
-8
8
-6
4
0
4
-3
0
1
-1
1
1
-1
0
0
0
0
0
0
1
-2
2
-7
19
-17
-5
9
0
2
0
-1
-16
22
-7
-2
10
-9
7
0
1
-1
-1
4
0
-1
3
1
2
-8
-6
-3
-7
2
-7
3
-16
10
-16
8
12
-25
8
-10
4
-34
72
-57
17
-7
8
-18
0
25
-20
-6
9
-9
5
3
-10
3
-2
5
-5
2
-5
5
1
4
-2
-6
8
-11
8
5
-9
1
-2
13
-8
10
-22
16
-12
2
1
-1
1
-2
-1
0
-1
0
-1
0
1
-2
2
0
0
3
-10
16
-21
10
-7
12
-1
2
-10
6
8
-11
8
-6
-2
4
0
6
-4
2
-4
6
-3
3
-9
4
5
-9
11
-4
-18
27
1
-17
9
-6
19
-56
73
-33
8
-6
12
-21
15
10
-11
11
-12
6
-3
4
1
1
2
-9
-6
-5
-5
-2
-8
7
-8
-11
7
7
-20
-2
1
-3
19
-4
-52
45
-4
-6
-10
2
-4
10
0
-11
2
5
1
-16
6
9
-13
4
-7
3
11
-14
11
-8
3
8
-14
29
-47
57
-54
-2
-2
67
-72
16
52
-62
6
12
-5
0
-3
0
-1
0
-1
-1
0
0
-1
1
-1
1
-3
14
8
-61
53
17
-71
67
-2
-1
-53
57
-46
30
-13
7
2
-9
13
-13
12
4
-6
4
-13
9
6
-15
2
7
3
-10
0
11
-4
3
-9
-5
-2
46
-51
-3
23
1
4
1
-16
9
10
-9
-5
11
-4
1
3
0
3
-8
-6
-4
-5
-4
7
-19
10
-22
34
-24
-7
13
-12
-7
-3
8
-27
42
-16
-24
15
42
-27
-44
23
1
-3
15
-36
19
8
-18
11
2
7
-15
7
-5
-13
3
39
-41
44
-35
0
3
-16
58
-93
101
-103
73
-5
-54
59
-28
3
0
-3
1
-1
0
0
0
0
1
0
1
-2
0
4
-27
61
-53
-5
74
-102
103
-93
59
-16
5
1
-33
44
-40
39
3
-14
-4
8
-14
7
3
12
-18
8
20
-36
17
-1
2
25
-42
-26
44
16
-23
-14
42
-27
9
1
-3
-8
15
-5
-22
36
-21
13
-15
10
0
2
0
2
-9
-7
-2
-6
8
-31
14
32
-51
24
-33
26
-11
-20
20
28
-47
5
7
-6
6
-2
-26
15
6
-2
18
-21
-3
0
1
5
-13
17
-10
-15
19
13
-20
7
-9
-10
33
-28
24
-7
-1
-22
3
12
16
13
-57
26
0
8
-12
4
-3
1
-1
-1
-1
-1
-1
0
0
1
0
2
-2
3
-11
9
1
28
-57
16
17
13
4
-21
0
-7
24
-28
32
-11
-9
8
-21
14
19
-15
-9
18
-13
7
2
2
-3
-19
19
0
6
17
-24
-1
7
-5
8
7
-46
31
23
-18
-7
28
-30
27
-49
35
18
-27
10
0
3
2
-8
-7
-3
-3
-14
21
-30
13
-29
36
-34
-7
25
-15
3
-4
26
-51
-2
29
-17
13
-22
18
0
-9
6
-5
-10
16
-14
-4
20
-14
6
-7
-10
23
-20
18
-24
40
-16
-64
58
28
-33
17
-66
91
-87
66
-24
-22
26
-7
5
-4
-2
0
-2
0
1
-1
1
0
1
-1
-1
1
-1
-3
7
-5
26
-22
-23
67
-86
93
-65
17
-32
29
58
-64
-16
41
-24
18
-19
24
-8
-6
7
-13
20
-4
-13
17
-9
-5
7
-7
1
20
-20
14
-16
30
0
-50
27
-1
7
-11
27
-2
-30
40
-27
18
-26
24
-10
6
1
2
-9
-5
-5
-7
2
-13
11
-30
24
-1
1
-29
14
-20
27
-25
21
-27
11
-1
3
10
-50
28
16
-11
1
-1
-9
8
-5
-5
13
-8
-5
1
-8
18
-4
-11
-14
38
-20
2
-6
44
-60
-35
104
-62
-5
47
-45
20
-7
-5
-3
1
1
4
-8
4
-2
-1
-1
0
-2
5
-7
5
1
1
-2
-5
-5
21
-45
48
-4
-60
105
-35
-59
45
-6
1
-19
38
-14
-10
-4
18
-7
3
-3
-7
13
-4
-4
7
-8
0
1
-10
17
28
-49
12
3
-1
12
-26
22
-22
30
-17
17
-25
4
2
25
-25
15
-8
5
1
1
4
-5
-8
-6
-6
0
2
-17
19
-32
8
9
-12
4
-13
18
-47
3
76
-71
11
-12
1
54
-56
18
-15
12
-15
6
7
-10
0
-6
5
2
-2
7
-14
9
-6
9
33
-38
-8
19
-8
-11
25
-31
39
-37
42
-33
15
-44
55
-24
3
1
-6
3
-1
-1
-1
0
1
-1
0
4
-5
1
4
-23
54
-43
15
-32
43
-38
40
-30
25
-11
-8
19
-8
-38
32
9
-7
9
-13
7
-1
3
6
-6
2
-9
8
6
-14
13
-15
20
-54
56
4
-11
12
-68
79
4
-42
22
-9
7
-8
13
11
-30
24
-14
5
3
2
-1
1
7
-33
40
-46
-1
51
-48
-40
62
12
-72
3
76
-74
6
9
34
-35
-16
13
13
-71
67
34
-60
18
-6
13
-28
14
21
-49
24
25
-38
7
-1
14
11
-40
32
-8
7
-26
48
-65
42
-18
4
29
-67
60
-6
-25
15
-8
6
-5
1
7
-9
1
0
-1
-1
1
1
2
-8
7
1
-6
7
-8
15
-24
-6
62
-67
30
5
-18
43
-64
48
-26
8
-7
32
-40
12
15
0
8
-38
25
24
-50
22
13
-28
15
-6
18
-60
37
68
-72
14
14
-14
-33
35
12
10
-70
79
6
-68
17
63
-35
-45
54
2
-39
45
-24
-2
-5
-3
-34
43
-5
-117
124
23
-104
40
50
-113
114
-3
-176
80
104
-57
-23
19
-105
162
-34
-53
10
31
-52
3
50
-52
-5
78
-69
-7
65
-19
-64
55
19
-102
127
-103
68
-11
-9
-4
27
-38
31
-55
61
-70
57
6
-31
6
3
-8
5
-7
6
-3
1
-1
1
-2
5
-6
7
-8
4
8
-29
6
58
-70
63
-54
33
-37
28
-3
-7
-10
67
-103
128
-102
18
56
-63
-19
64
-6
-68
78
-4
-52
50
4
-51
33
10
-51
-33
164
-103
19
-22
-56
106
81
-172
1
117
-111
53
43
-101
25
129
-112
-4
45
-26
2
2
-13
9
-11
-43
76
-90
-33
151
-89
-70
189
-168
7
139
-257
78
160
-75
-65
58
-81
97
41
-155
97
-2
-69
91
-36
-70
104
-43
-71
124
-73
-22
102
-45
-64
58
-41
-13
63
17
-33
28
-68
29
24
-61
16
89
-72
2
8
0
-5
7
-8
-5
10
-4
-1
-1
-1
0
0
-3
11
-4
-9
8
-5
2
9
4
-72
90
17
-59
25
29
-66
28
-33
17
61
-12
-41
59
-65
-47
102
-22
-72
125
-71
-42
105
-69
-35
93
-68
0
98
-155
43
98
-80
60
-64
-73
161
81
-254
142
10
-164
191
-65
-87
156
-29
-85
79
-36
-5
17
-9
-2
10
-56
28
45
-80
2
119
-182
52
82
-46
-147
332
-147
-183
130
29
-92
87
68
-205
82
42
-33
-17
69
-71
-23
96
-41
-60
74
10
-98
36
87
-79
21
-4
-7
-16
46
4
-66
69
-63
11
98
-113
48
-68
53
44
-64
22
-9
-5
0
10
-5
-3
-1
0
0
-4
-4
12
0
-4
-8
23
-63
45
54
-68
49
-112
100
12
-63
70
-65
4
46
-17
-6
-4
20
-78
88
36
-98
12
75
-60
-40
97
-22
-70
70
-16
-32
43
84
-203
70
89
-90
30
133
-182
-143
335
-144
-43
85
55
-179
121
6
-78
49
31
-47
15
5
-2
-14
11
-10
-73
122
5
-135
-5
130
-19
-85
-25
179
-165
-18
-46
169
-5
-98
22
92
-81
-61
27
55
-41
-14
53
-8
-75
40
50
-42
-5
-25
41
26
-48
1
18
5
-8
-19
25
-26
38
-7
-26
-16
33
37
-72
12
24
-4
0
-13
-1
9
5
-10
1
0
0
1
2
-10
7
9
-1
-12
1
-4
25
12
-72
37
33
-14
-25
-5
38
-25
26
-20
-8
6
17
2
-49
26
42
-24
-4
-42
50
41
-75
-7
55
-12
-40
58
28
-59
-79
95
23
-98
-5
171
-45
-15
-163
182
-22
-82
-17
132
-4
-130
8
127
-70
-4
15
-5
3
-17
-11
46
-31
-61
-38
160
-62
-5
-28
-74
66
125
-5
-198
-51
157
-34
67
-84
-39
58
9
26
-35
-34
34
28
-30
1
-14
-28
46
8
-1
-54
20
36
6
-46
16
57
-77
-25
81
21
-118
88
11
-103
86
35
-98
31
24
-12
2
-17
18
-6
-2
0
-1
0
0
1
-3
-6
19
-17
3
-11
24
33
-98
36
87
-103
12
89
-118
21
82
-25
-76
57
17
-45
6
35
18
-54
0
8
47
-28
-14
2
-29
30
34
-32
-32
27
9
60
-38
-85
68
-33
159
-50
-195
-2
127
69
-71
-26
-2
-60
165
-33
-57
-27
53
-5
-9
-1
-7
-21
-12
0
118
-144
53
29
-103
-8
56
5
-71
92
41
-17
-88
11
-5
48
-100
121
-51
21
-2
-50
14
25
-46
63
-22
-11
24
-26
-17
41
-31
-16
59
-18
-47
80
-84
17
90
-101
45
-11
-47
78
-45
-18
76
-94
62
-23
3
-2
0
-9
8
-3
0
-2
0
-2
8
-8
0
-2
5
-22
64
-94
77
-17
-44
79
-46
-10
46
-99
91
17
-83
80
-47
-17
59
-17
-30
42
-15
-27
26
-11
-23
63
-46
25
14
-50
-2
22
-50
122
-99
49
-4
11
-86
-16
43
95
-69
7
59
-4
-99
31
57
-140
121
3
-6
-16
0
-3
-4
7
-35
24
-90
134
-93
39
-28
4
11
27
-32
-271
450
-204
24
-53
22
49
-78
83
-26
-17
-14
32
-34
14
-5
-17
22
-20
10
-4
20
-26
-1
28
-47
47
-56
96
-125
106
-93
59
-12
34
-29
-28
74
-112
103
-62
25
-14
12
-9
10
-13
5
-4
2
0
1
-4
6
-12
10
-8
14
-13
26
-61
103
-111
75
-26
-29
35
-13
60
-92
107
-125
98
-54
47
-46
28
1
-25
20
-4
12
-20
23
-16
-4
15
-33
34
-12
-16
-26
83
-76
51
26
-53
25
-203
453
-268
-28
30
13
7
-25
41
-90
137
-85
28
-27
11
5
-11
-9
4
15
-46
79
-111
53
-34
25
-17
-5
41
-97
157
-122
18
53
-78
42
-77
47
28
-23
17
-13
0
0
5
-9
14
-44
52
-51
60
-55
48
-53
58
-64
69
-63
73
-85
22
105
-198
219
-174
95
-27
-12
46
-90
85
-42
4
-2
9
-4
-9
5
-4
-2
0
0
-2
5
-8
-2
10
-1
5
-43
87
-89
46
-11
-27
96
-173
220
-197
104
22
-84
74
-61
70
-65
59
-52
48
-55
60
-50
52
-43
16
-8
5
1
0
-13
18
-20
29
48
-76
43
-76
54
19
-118
160
-92
44
-4
-14
28
-32
58
-107
81
-43
23
8
-2
-10
-5
-9
-15
12
-61
80
37
-74
6
8
19
-87
81
-96
68
-35
30
60
-80
57
-79
39
-17
9
6
-9
5
-17
0
27
-7
-18
9
24
-35
10
1
-7
15
-21
22
-5
-1
-17
35
-32
-7
26
-6
-4
-12
11
1
-14
12
-8
5
-12
5
5
-4
-1
0
-1
-1
-1
-4
5
5
-11
6
-7
13
-14
3
13
-10
-2
-5
27
-6
-32
35
-17
-1
-4
22
-21
16
-6
3
10
-34
24
9
-18
-6
28
0
-16
5
-7
7
11
-16
40
-78
58
-80
61
31
-34
71
-93
82
-83
21
10
9
-72
40
84
-57
16
-7
-4
4
-11
-5
0
-12
-11
41
-36
-32
29
-8
25
-15
-43
-34
163
-148
69
-40
14
-38
57
-16
-39
24
10
-19
9
-11
12
-14
17
-15
2
7
-8
3
-1
0
-7
7
4
0
1
-8
-30
57
-32
4
7
-4
-8
-2
7
9
-13
1
0
-5
-1
1
-1
0
0
1
0
0
0
0
0
2
1
-2
1
1
-11
9
7
-2
-7
-3
8
6
-31
57
-30
-8
1
0
5
8
-7
0
-1
3
-8
8
2
-14
18
-14
13
-10
10
-17
11
27
-38
-14
59
-37
16
-39
70
-145
166
-32
-39
-12
27
-5
30
-27
-33
45
-7
-4
5
4
-4
-8
-2
-5
24
-68
37
-28
13
13
2
-33
32
-26
22
-24
-15
20
0
-4
-14
33
-33
10
-2
-3
1
-3
-2
3
-1
-10
16
-16
9
1
-5
-1
6
-4
0
-3
-2
6
5
-16
9
0
0
-5
8
-8
0
1
-6
5
-2
0
-1
-1
-1
1
-1
-1
1
0
0
1
0
-1
0
0
-1
6
-5
2
1
-7
10
-4
1
0
9
-16
6
7
-2
-2
0
-2
5
0
-6
2
9
-15
16
-9
1
3
-1
-2
3
-2
-1
12
-30
35
-14
-3
1
21
-14
-21
25
-23
35
-29
5
15
15
-25
41
-65
27
2
3
1
-4
-17
9
-10
-27
73
-71
14
-5
-1
12
-36
64
-88
-15
87
-26
-24
12
2
-16
9
-8
6
-1
0
-4
2
-3
-4
5
2
-11
1
7
-3
0
0
3
-4
3
0
-1
8
-8
-3
8
-10
5
0
1
-4
-2
2
-1
-1
1
-3
0
-2
0
0
-1
-1
0
0
-1
1
0
0
1
0
2
1
0
2
-2
-1
3
0
6
-10
9
-4
-7
9
-1
2
3
-5
2
0
0
-2
7
2
-11
3
6
-3
-2
3
-3
1
0
6
-7
9
-15
2
13
-23
-25
90
-12
-84
67
-32
16
2
-3
18
-67
76
-24
-2
14
-9
-9
-4
-6
-1
-5
-17
25
-19
15
-17
6
-11
8
-34
42
-12
-16
7
-12
9
5
-18
21
-14
6
-6
-1
2
-5
7
-8
4
-3
1
0
-1
5
-4
-3
1
0
4
-8
12
-3
-1
-2
3
-6
4
-5
0
-2
2
-3
0
-1
0
-1
-1
0
0
0
0
-1
0
0
0
0
0
1
0
-1
1
-3
4
-1
2
-4
6
-5
3
-2
0
-2
11
-9
4
0
2
-1
-2
5
-1
0
1
-3
5
-7
8
-4
2
1
-5
7
-14
22
-17
6
11
-11
9
-15
-10
46
-30
12
-7
8
-15
17
-15
27
-13
-2
4
-1
5
-8
-4
-5
-7
-1
19
-52
31
-9
-1
-3
-5
-5
-9
38
-48
23
-13
5
-7
-3
9
-2
-2
-4
-2
1
-4
2
-2
-1
-1
2
-2
0
-1
1
2
-4
4
0
1
0
-4
8
-11
10
-5
0
2
-3
1
-3
3
-2
-1
-1
1
-1
1
-1
-1
-1
1
0
0
-1
0
-1
0
-1
1
0
0
-1
3
-3
0
-2
2
1
-4
11
-11
8
-4
1
-1
0
3
-4
1
1
0
1
-2
2
1
-1
-1
3
-2
2
0
-3
0
0
10
-2
-5
6
-13
24
-45
41
-6
-2
-1
1
2
-8
35
-48
23
3
-1
0
3
-8
-6
-1
-6
-5
-9
10
-20
9
-2
-4
-7
7
-26
13
9
-15
4
-6
10
-11
-2
10
-3
-7
2
0
-4
-1
0
0
0
-2
-1
0
0
1
0
-2
3
-1
1
1
1
-2
4
-3
2
-2
-1
-1
-1
0
0
0
0
0
0
-1
-1
-1
-1
-1
0
0
-1
0
0
0
-1
0
0
0
1
0
1
0
0
0
-1
-1
2
-3
4
-2
1
2
0
-1
3
-2
0
1
0
2
0
-2
1
0
0
0
-2
1
3
-6
-3
11
-1
-9
11
-4
5
-14
12
15
-22
9
-3
-1
1
11
-16
15
-5
-3
2
3
3
-8
-7
-2
-9
3
-4
-5
-6
10
-13
5
-7
-14
19
2
-29
16
-3
-5
-4
11
-15
10
-6
-1
-2
2
-2
0
-1
0
-2
1
0
0
-1
0
0
0
0
-1
2
0
0
0
0
0
0
0
-2
1
-1
-2
0
-1
0
-1
-1
-1
0
-1
1
-1
1
1
0
-1
0
0
-1
-1
-1
0
1
0
2
0
-1
1
-2
1
1
0
1
1
0
0
2
-1
1
0
1
0
-1
0
1
1
-2
1
-2
1
-1
3
-2
0
-4
12
-14
12
-1
-4
-1
17
-24
6
22
-11
-4
8
-9
11
-2
-2
-1
5
-1
4
1
-11
-6
-4
-4
-1
-2
-6
0
-6
-2
1
-4
-4
-3
9
-13
1
-1
-1
3
-3
-4
3
-2
-2
0
1
-1
-1
0
-1
0
0
0
0
0
0
-2
0
-1
1
1
-1
1
-2
0
0
-1
-1
-2
-1
-1
-1
0
-1
-1
-1
-1
-1
0
0
-2
-1
0
0
0
0
0
1
1
0
0
0
0
1
0
-1
0
1
-1
0
0
1
1
-1
1
-1
1
1
-1
1
-2
0
1
0
0
0
0
-1
1
-1
0
1
1
-1
1
4
-3
-1
4
0
0
2
-10
12
1
-1
-1
4
1
-4
3
-3
2
1
2
1
3
-8
-6
-4
-5
-3
-2
2
-23
18
-7
-5
0
4
-19
13
-7
-4
0
1
-2
2
-4
1
-1
0
-2
0
0
-1
0
-1
0
1
-1
-1
0
0
-1
0
0
0
-1
1
0
0
-1
0
1
0
-1
-1
0
0
-2
0
-2
0
-1
0
0
-1
0
-1
0
0
0
0
0
0
1
0
0
1
0
1
0
0
0
0
1
1
1
0
0
1
0
0
0
0
0
0
-1
1
0
1
1
1
-1
-1
1
0
-1
-1
-1
1
1
2
-3
2
-3
1
1
-3
-4
16
-16
7
3
-2
-4
20
-19
5
1
1
1
1
3
-8
-6
-3
-6
-3
-1
-6
6
-9
2
-1
-8
14
-26
19
-16
-1
5
-2
-2
0
-5
0
-2
0
-2
-1
-1
0
-1
-1
-2
0
0
0
0
0
-1
-1
1
0
0
0
0
0
1
0
1
0
-2
-1
-2
0
0
-1
-2
1
0
-1
-1
-1
0
-1
0
0
-1
0
-1
-1
-1
0
0
1
0
0
1
1
0
0
-1
1
1
1
0
-1
-1
0
1
-1
1
0
0
0
1
0
0
0
-1
-1
0
0
-1
-1
0
1
0
3
-4
1
0
-2
5
0
-13
23
-22
17
-6
2
4
-7
10
-3
2
0
1
2
2
-8
-6
-4
-5
-2
-2
-4
-3
0
-2
-5
0
1
-7
-10
6
-1
-2
0
-1
-1
-1
-2
-1
-2
0
-1
0
-1
0
-1
-1
0
0
-1
1
0
0
0
0
0
2
0
0
0
1
-1
1
-1
1
-2
-1
-2
0
1
-2
0
-1
-1
-1
0
0
-1
-1
-1
-2
-2
0
0
1
-1
1
1
-1
1
1
-1
0
0
1
0
1
0
1
0
1
-1
1
-1
0
1
0
0
1
1
0
0
1
-1
2
-2
2
0
2
-1
2
0
1
-1
1
0
0
0
9
-7
-4
5
2
-2
2
2
0
-1
2
1
1
0
3
-8
-6
-3
1
-13
3
-5
-5
5
-9
-3
16
-22
-15
47
-57
45
-21
-9
1
0
-21
48
-39
9
-4
6
-4
-3
-2
3
-3
-8
7
3
2
-21
15
15
-16
-16
32
-12
-1
-23
33
6
-38
-2
58
-58
-5
34
8
-43
17
11
-7
-8
3
3
-3
0
0
0
0
0
-3
4
4
-7
-5
13
17
-41
8
35
-4
-58
59
-1
-37
7
33
-23
0
-12
32
-16
-15
14
15
-20
2
3
8
-8
-1
4
-1
-3
-2
7
-3
10
-38
48
-19
1
3
-7
-21
46
-55
51
-12
-19
17
1
-6
7
-3
-2
7
-10
8
0
2
-7
-9
-1
-6
-2
0
-6
-2
-1
-3
-7
7
-5
1
-17
10
2
-21
15
-2
2
-12
3
16
-22
8
-3
-2
1
0
-4
-7
10
-5
-1
2
-4
-1
-1
8
-13
11
-8
9
1
-4
-2
0
5
-2
-4
-3
1
0
0
0
-2
0
-4
1
-2
0
-1
-1
0
1
1
0
-1
2
-4
1
-1
1
1
1
2
-2
-3
0
6
0
-2
-3
1
8
-9
13
-12
8
0
-1
-3
3
0
-4
10
-4
-4
1
3
-1
-2
9
-21
16
5
-10
2
0
15
-21
3
13
-13
5
-3
10
-4
-1
2
2
-2
4
2
1
3
-1
-3
-4
-3
-3
-2
-3
-3
-3
-1
-1
-2
-2
-2
-2
-5
-4
0
3
1
-4
-4
0
3
0
-4
-3
0
1
-1
-2
1
1
1
-2
-2
0
2
1
-1
-2
0
2
1
0
-1
0
0
1
0
-1
-2
-3
-2
0
0
-2
-2
0
-1
-2
-2
-1
0
-1
-2
-1
0
-1
-1
-1
1
1
-1
-2
0
1
-1
-1
-1
1
1
0
1
0
0
-1
0
2
1
-1
-2
0
3
1
-2
-2
1
2
0
-2
0
2
0
-3
-2
2
3
1
-4
-2
1
4
1
-2
-1
1
1
1
0
1
1
0
0
0
2
2
1
0
