0
-1
1
-3
0
-1
3
-4
1
0
-1
-1
0
3
-3
-1
-3
3
-3
0
1
9
-8
-7
17
-6
-2
2
-1
-1
1
-1
3
-3
1
0
-1
0
0
1
1
-2
2
-2
0
1
-1
0
4
-3
0
-1
1
-1
0
-1
1
0
0
1
0
0
1
-1
0
0
-1
0
-1
0
-1
0
-1
0
0
1
-3
1
0
3
-4
0
-1
0
-1
1
-3
1
-2
-1
0
-1
0
1
-3
2
-3
0
-1
0
1
-3
2
3
-17
6
9
-9
-1
0
2
-5
3
-1
3
-5
-2
0
-1
-2
-2
1
-5
1
-2
0
-3
-3
0
-2
1
-2
1
-1
1
-3
3
-1
-5
3
-6
8
-8
0
3
6
-14
11
4
-12
14
-4
-13
11
0
3
-2
-2
0
6
-6
3
-2
-1
0
-2
0
-2
1
-3
0
2
-2
2
-1
0
2
-2
3
-3
-1
3
-2
0
1
-1
1
-1
0
-1
-1
-1
0
-1
0
-1
0
0
-2
1
-2
-2
1
-3
0
3
-4
2
-2
-1
1
-2
1
-3
0
2
-3
0
0
0
-2
0
0
-3
5
-6
1
2
2
-4
0
-11
12
4
-13
13
-4
-11
14
-6
-3
0
7
-11
4
-4
1
0
-4
1
-2
-1
-2
-1
-3
-1
0
-2
2
-2
0
-2
1
2
-2
-1
1
-3
-1
15
-23
17
-9
2
-10
15
-7
7
-11
7
-1
-10
16
-1
-14
12
-3
1
-2
4
-3
1
-1
1
0
-1
1
-4
1
3
-7
6
-1
0
-4
4
-1
1
2
-7
2
0
-1
0
-1
1
0
-1
0
0
0
0
-1
0
0
-1
0
-1
0
-1
-2
6
-3
-2
1
-3
3
0
0
-6
6
-5
-2
3
-2
1
-2
-2
0
-1
2
-5
2
0
2
-12
13
0
-17
10
0
-7
11
-9
6
-16
10
-1
8
-18
22
-16
0
1
-2
-2
2
-3
0
0
-2
-1
-4
-3
0
-4
2
-2
-2
3
-1
0
0
-1
4
-7
2
1
-1
-6
6
-3
0
-2
8
-4
-4
1
-2
25
-27
5
6
-6
1
2
-3
-1
0
1
-3
2
-1
2
-5
3
-2
1
-4
4
-6
8
-2
-7
4
0
-4
6
-5
0
-1
0
-1
-1
0
-1
0
-1
0
0
0
1
0
0
1
-1
0
-2
5
-7
4
-1
-4
6
2
-10
7
-5
2
-3
1
-4
3
-3
1
-3
2
-2
0
0
2
-3
-1
5
-6
-6
26
-25
2
-1
3
3
-8
2
0
2
-6
4
-2
0
-4
4
-6
1
-1
-1
0
-4
1
-1
-3
-1
0
-6
2
-2
2
-3
1
-1
0
-1
1
-4
2
-2
0
-1
2
-3
4
-6
6
0
0
2
-2
-18
26
-12
2
2
-3
0
2
-1
-2
2
-2
1
-4
3
-1
-2
-1
3
-1
2
-5
5
-4
9
-11
3
1
2
-5
2
-2
0
-2
0
-2
0
-1
-1
0
1
0
0
0
-1
0
-2
1
-2
4
-2
-2
-2
9
-10
4
-5
3
-1
-1
-3
0
0
0
-3
2
-3
2
-3
1
0
-2
-1
3
-3
-2
11
-26
17
1
-2
0
0
-6
6
-4
3
-2
-1
-1
1
-4
2
-2
-2
-1
0
-3
1
-3
-1
-3
2
0
-2
1
-2
0
0
-1
0
1
-2
-1
1
-4
7
-10
7
-7
2
2
0
3
-6
6
-4
5
-11
7
11
-5
-5
4
-1
-3
3
-2
-1
2
-3
1
0
-1
0
0
0
0
-5
4
2
-6
4
-1
0
2
-2
-1
1
-1
0
-1
0
0
-2
0
-1
0
1
0
0
0
-1
1
-1
0
-1
0
2
-2
-2
0
-5
6
-2
-4
4
-1
-1
-1
-2
1
0
-2
1
-4
0
3
-5
2
1
-4
6
5
-12
-8
12
-5
4
-6
6
-3
0
-2
-3
7
-10
9
-10
3
-2
-1
0
-1
-1
1
-2
-1
-1
-3
-1
0
-28
13
13
4
2
-12
-10
-3
4
5
5
8
4
-19
-9
-4
-1
1
8
13
-1
-3
-7
-7
-1
2
6
12
-7
3
-5
1
-5
-5
2
3
0
1
-3
-3
0
1
4
0
4
-3
-12
3
1
-1
0
5
-1
-2
0
-2
0
1
0
-1
0
0
0
0
0
0
-1
-1
1
-1
0
1
-1
1
1
-6
-1
1
-2
-3
11
3
-4
-1
-3
-2
-1
2
2
-2
-1
-3
-3
4
5
-1
5
-3
7
-13
-7
-2
1
7
7
2
0
-14
-8
-1
0
4
8
18
-6
-9
-7
-6
-7
2
9
10
-3
-5
-15
-13
24
0
4
-7
6
9
-26
5
12
-1
-1
-1
5
3
-50
48
-9
-1
-1
-5
14
5
-11
0
3
-2
-8
-9
26
-4
-13
20
-18
6
2
-5
3
0
0
-1
0
0
-1
-1
0
5
-6
2
-8
9
2
-7
4
-5
4
-3
-1
1
-1
-1
-1
0
-1
0
0
0
0
0
0
-1
0
0
0
-2
0
2
-6
5
-4
7
-3
-9
7
-3
7
-6
-1
0
0
-1
-2
0
-2
0
-4
4
-4
-6
18
-21
12
5
-27
8
6
1
-2
-1
11
-6
-15
3
0
1
8
-50
51
-3
-7
-1
0
0
-12
-4
26
-11
-9
7
-8
0
5
-2
-7
-2
-29
66
-27
-2
-3
3
11
-24
-52
73
-4
-9
9
15
-54
16
17
-1
-2
-1
-8
7
21
-22
-20
15
-3
24
-13
-5
-1
1
2
-3
0
0
1
1
-6
5
5
2
-15
-1
6
5
-2
-1
-2
2
-2
0
-1
0
0
0
0
0
-1
0
-1
0
-1
-1
0
0
0
-1
2
-2
3
0
2
-7
-5
1
14
-3
-4
-6
5
-2
-2
0
-3
2
-3
-2
1
3
12
-25
2
-15
21
21
-22
-8
8
0
2
0
-18
-16
56
-16
-8
9
3
-74
50
22
-13
-4
1
1
26
-66
27
1
5
0
-9
0
-3
2
-9
-22
40
29
-37
-5
-3
3
-17
-61
189
-108
-8
-3
-16
-26
72
10
-27
-16
7
0
15
-41
19
57
-32
-20
-11
6
16
3
-8
0
-1
-1
-1
1
0
-7
-5
4
31
-15
-20
-19
31
10
-8
-8
-2
2
1
-2
3
-1
1
-1
-1
1
0
0
0
-1
1
1
-1
0
-3
2
-1
-4
3
8
6
-10
-32
18
19
14
-31
-4
3
6
-2
-2
0
1
2
-1
6
-4
-18
-7
9
20
33
-57
-21
40
-15
1
-6
14
26
-11
-73
26
14
2
6
108
-190
59
17
-6
1
4
37
-30
-42
20
6
-3
-3
0
8
14
-15
-55
152
-171
75
21
-43
0
45
-70
79
-31
-49
55
5
-86
134
-91
14
20
-16
2
4
18
-58
77
-48
-6
41
-53
49
-29
4
6
-1
-5
3
-1
1
-10
19
-23
9
15
-30
34
-31
15
-1
-3
2
-2
-1
0
0
0
-1
0
-1
-1
-1
0
-1
0
0
-1
0
0
-1
-1
0
0
-4
3
0
-15
30
-34
29
-16
-10
21
-21
9
-2
0
-5
4
2
-7
-4
28
-49
52
-40
5
48
-77
58
-18
-5
-2
18
-20
-14
91
-133
86
-6
-55
48
30
-80
68
-47
-2
40
-22
-77
169
-155
53
12
-14
-12
0
16
-7
-32
85
-173
201
-144
82
-25
-33
98
-205
268
-224
161
-115
53
1
6
-39
19
23
-44
46
-30
-16
76
-99
95
-94
94
-94
87
-65
35
-15
2
5
-6
2
4
-15
31
-49
69
-96
97
-81
67
-52
30
-15
2
3
-5
4
-4
1
2
-3
1
-1
-1
0
0
1
-2
2
-3
-1
4
-5
5
-2
-3
14
-32
51
-68
81
-99
95
-70
48
-33
14
-4
-3
5
-6
-3
13
-36
64
-88
94
-95
95
-95
98
-77
15
30
-46
44
-24
-20
38
-5
-2
-54
115
-162
223
-268
204
-100
33
24
-82
142
-203
170
-87
28
6
-21
0
-1
-17
29
-16
-68
137
-77
1
29
-60
113
-149
-3
189
-166
78
-14
-102
187
-103
-29
64
-52
37
-20
10
-6
-26
65
-48
-10
64
-62
10
19
-17
11
-9
6
-4
4
-10
4
18
-27
-8
42
-27
-15
29
-18
6
-2
0
2
-5
5
-4
1
0
-1
-1
1
0
0
0
0
0
-2
4
-6
4
-2
-1
1
-6
17
-30
14
27
-42
8
26
-19
-3
10
-5
3
-6
8
-11
15
-20
-10
61
-64
10
48
-66
26
6
-12
20
-37
51
-64
29
103
-188
102
13
-78
166
-191
3
147
-115
58
-30
-2
74
-137
66
15
-31
16
-4
0
-32
45
-22
-63
67
32
15
-82
4
64
-2
-52
-46
32
72
-1
-73
-43
78
41
-21
-39
-2
29
1
-23
1
22
4
-23
-13
8
22
-4
-15
0
4
1
-3
0
4
-6
-8
12
13
10
-25
-16
5
14
0
-8
1
6
-4
-5
1
4
0
-1
0
0
-1
0
0
-1
-1
2
0
-4
-2
5
3
-6
-1
7
0
-14
-6
15
24
-10
-13
-12
7
4
-3
0
3
-2
-5
0
15
3
-22
-9
12
21
-5
-22
-2
23
-2
-29
2
39
21
-40
-78
42
71
0
-73
-33
45
51
1
-65
-6
82
-17
-33
-68
61
19
-46
27
0
-13
-11
3
-11
39
3
10
-16
-1
-14
0
26
-42
-7
-8
13
5
-11
52
-17
0
2
-8
0
-3
-7
-4
4
-7
12
-9
10
-2
3
5
-4
0
-4
-1
1
0
-1
4
5
-5
-5
4
5
-3
-4
-1
-2
-2
4
-1
1
1
-2
1
-1
-1
0
0
0
-1
0
0
0
-2
1
0
-1
0
-3
1
1
-1
3
3
-5
-4
4
3
-6
-3
1
-1
-1
2
3
0
4
-7
-4
2
-10
11
-12
6
-4
4
5
3
0
7
-2
0
17
-54
11
-6
-13
8
4
42
-27
-2
13
-1
16
-11
-4
-39
11
-5
8
9
0
10
-9
2
-8
-36
56
-10
0
-10
-6
10
56
-55
-33
26
-4
-9
-21
73
-22
-12
-4
5
-5
1
-2
-3
0
8
3
-9
3
-4
20
-19
3
4
-5
1
0
-1
0
-2
2
-4
-10
22
-21
11
3
-5
0
2
-1
0
1
-1
-1
1
-1
0
0
0
0
-1
0
0
1
-1
1
1
-1
0
1
-1
0
3
-4
-12
21
-22
10
3
-3
2
0
0
-1
-1
3
-4
-3
19
-20
4
-3
9
-3
-9
0
3
1
-1
4
-6
3
13
22
-73
21
8
4
-27
31
54
-56
-12
3
8
0
8
-56
35
6
-5
7
-14
0
4
5
-3
-17
-33
80
-25
0
-8
11
22
-65
-48
91
-4
-10
11
67
-150
47
16
4
-1
5
1
-1
-6
12
7
-30
-9
14
3
24
-21
3
-2
1
-3
1
-1
-1
-2
-2
-7
31
-9
-13
-19
20
-1
-1
-2
2
1
1
-4
1
-3
1
0
0
0
0
0
-1
-1
-2
2
-2
6
-2
-2
-2
2
0
0
-20
19
12
8
-33
6
2
1
-1
0
-2
2
-2
0
-3
21
-25
-4
-14
9
29
-8
-11
6
0
-1
-5
-1
-3
-16
-46
149
-68
-12
9
3
-93
48
64
-24
-13
6
-1
25
-81
32
16
2
-5
-8
0
2
14
6
-79
122
-63
-31
45
5
-23
-71
243
-314
171
10
-67
-20
144
-153
71
1
-22
4
15
-6
-13
11
11
-28
9
28
-39
13
19
-35
24
-1
-14
11
-2
-2
0
-4
8
2
-31
48
-46
36
-20
4
0
2
2
-8
8
-4
-1
3
-2
1
1
-1
0
0
-2
0
1
-4
2
4
-9
8
-1
-2
-1
-4
20
-36
46
-48
31
-3
-9
2
-2
0
2
-12
14
1
-25
33
-21
-14
39
-29
-9
28
-12
-12
12
6
-15
-4
22
0
-72
153
-144
20
67
-10
-173
313
-245
71
22
-7
-45
30
62
-123
77
-8
-16
-7
0
16
-42
55
-77
96
-88
61
-42
49
-79
88
-57
14
7
-4
0
-25
48
-39
22
-12
10
-7
5
-6
6
-3
5
-5
7
-9
12
-16
19
-11
5
-6
6
0
-2
-1
1
-1
3
-6
12
-11
-1
12
-14
8
-2
-1
1
-3
-1
2
-4
1
-2
1
-1
1
0
-1
0
-1
2
-3
2
-3
1
2
-2
0
2
-8
13
-13
0
11
-13
7
-4
2
-1
0
1
-1
-6
6
-6
10
-20
16
-12
10
-7
5
-4
3
-6
5
-5
7
-10
14
-22
38
-49
25
-1
2
-8
-15
55
-89
78
-51
42
-61
87
-97
76
-56
39
-21
0
-1
1
-4
2
-2
0
-1
0
1
-1
-3
4
-1
-1
0
1
2
-1
1
-1
1
-1
-1
1
-1
0
0
1
-2
2
-2
-1
0
-2
0
-1
-1
-1
0
-1
0
-1
0
1
0
-1
-1
-1
0
0
1
-1
1
0
0
-1
0
-1
-1
-1
0
-1
1
0
0
1
-1
0
0
0
-1
0
0
-1
-1
0
1
-2
-1
1
0
-1
-2
-1
0
-1
-1
-1
-1
-1
0
-1
-2
1
-2
0
2
-3
1
-1
-1
-1
0
-2
0
0
-1
1
-1
0
-3
-1
0
0
-1
-6
1
0
-3
-1
-1
-1
0
-4
1
-2
-4
0
-2
0
-1
0
0
1
0
0
0
-1
-1
-2
0
-1
1
-2
0
1
-2
0
-1
-1
-1
1
0
0
-1
1
0
-1
0
0
2
-1
1
-1
0
-1
0
-1
0
1
-1
0
-1
0
0
-1
0
0
0
-1
0
-1
-1
0
-1
0
-1
0
0
0
-1
0
0
-1
0
-1
0
0
-1
0
-1
0
-1
-1
-1
-1
0
0
-2
-1
0
0
0
-1
0
0
-2
0
0
0
0
0
-3
0
0
-1
0
-1
-1
0
0
-1
0
0
0
-1
1
-2
0
1
-3
-1
-3
0
0
-1
-1
-1
-1
-1
-1
-1
-1
-2
-2
0
-3
0
-1
0
1
1
1
-1
0
-1
0
-1
-1
-1
-1
1
1
-3
2
-1
0
0
0
0
0
-1
-1
-1
0
-1
0
0
0
-1
1
-1
1
-1
-1
1
0
1
1
-1
1
0
0
1
-1
0
0
0
-1
0
-1
-1
0
-1
-1
0
0
0
-1
0
0
-1
-1
0
-1
0
0
-1
0
-1
-1
-1
-1
-1
0
-1
-1
0
-2
-1
-1
-1
-1
-1
0
-1
-1
-1
-1
0
-1
0
0
0
0
0
1
-1
-1
0
0
-1
1
1
-2
1
-1
-1
0
0
-2
-1
-1
-1
-1
-1
-1
-1
-1
-1
-2
-2
-1
0
-4
0
-1
0
1
0
-1
0
-1
0
-2
0
0
-2
0
0
0
-1
1
-1
-1
0
0
0
-1
0
0
0
1
0
-1
-1
1
-1
1
-1
1
0
0
0
-1
0
-1
0
0
0
-1
0
0
-1
-1
0
0
-2
0
0
-1
-1
-2
0
-1
-1
0
0
0
0
0
0
0
-1
-1
0
0
0
-1
1
-1
-1
0
0
0
-1
0
-1
0
-2
0
-1
0
-1
-1
0
-2
0
-2
0
1
0
0
0
-1
0
0
0
-1
-1
-1
0
-1
-1
-1
0
0
-1
-1
-1
0
-2
-1
-1
-1
-1
-1
-1
-1
-1
-1
0
-5
1
-1
0
1
-1
0
-1
0
-1
-1
-1
0
-1
-1
0
-1
1
0
0
0
1
-1
0
0
-1
1
1
0
0
1
1
0
0
1
0
0
1
-1
-1
1
-2
0
1
-2
0
0
-1
-1
0
0
0
-1
0
-1
0
0
-1
-1
0
-1
-1
1
0
0
0
0
0
-1
0
-1
-1
1
-1
0
-1
-1
-1
0
0
-1
-1
0
-1
-1
1
-2
0
-1
-1
0
0
-1
0
0
-1
-2
1
0
0
-2
1
-1
0
0
-1
0
-1
0
-1
0
-1
-1
0
-1
-1
-1
0
-2
0
-1
0
-2
-1
-1
-2
1
0
1
-1
-1
0
0
0
-1
0
-2
0
0
0
0
-1
-1
0
0
-1
-1
0
-1
0
1
-1
0
0
-1
-1
1
-1
2
-1
0
0
0
-1
0
-1
0
-1
-1
1
0
-1
0
0
0
-1
0
0
-1
0
-1
-1
0
0
0
-1
0
-1
-1
-1
0
0
-1
-1
-1
0
0
0
-2
-1
0
0
-1
-1
0
-1
0
0
0
1
-1
0
0
-1
-1
0
-1
0
-1
-1
-1
-1
-1
1
-1
0
-2
0
0
0
-1
0
-1
-1
0
0
0
-1
0
-1
0
0
-1
0
-1
-1
0
0
0
-1
-1
-1
-2
-1
-6
0
2
-1
-1
0
-1
0
0
0
0
0
-1
0
0
-1
-1
-1
0
-1
0
1
-1
-1
1
-1
0
0
-1
1
-1
1
-1
0
0
-1
0
0
0
1
0
-1
0
-1
1
0
-1
0
-1
0
-1
0
0
-1
0
0
-1
0
0
-1
0
0
-1
0
0
0
0
1
0
0
0
0
-1
-1
0
0
0
-1
-1
0
0
-1
0
-1
0
-1
-2
1
-2
-1
0
0
-1
-1
-1
-1
-2
0
-1
-1
0
0
1
0
0
0
-1
1
0
-1
-1
1
-1
0
-1
0
-1
-1
0
-2
-2
-1
0
-1
-1
-1
-2
-1
-7
0
2
-1
-1
-1
-1
0
0
1
-1
0
-1
-1
-1
0
0
0
0
-1
-1
0
0
0
1
0
-1
0
-1
0
-1
0
-2
1
-1
0
0
0
-1
0
0
-1
0
0
0
1
-1
0
0
0
0
-2
0
-1
-1
0
-1
0
-1
0
-1
-1
0
0
0
0
-1
-1
0
0
-1
0
0
0
0
-1
-1
0
-1
0
-1
0
0
-1
0
-2
-1
-1
0
0
-1
-1
-1
-2
-1
-2
1
-1
1
0
1
0
0
0
-1
0
0
0
1
0
-1
0
-2
0
0
-1
-1
-1
-1
-1
-1
-1
-1
-1
-1
-1
-1
-1
-6
0
0
-1
0
-1
-1
0
0
-1
0
-1
0
0
-1
0
-1
0
0
0
1
1
-1
0
0
-1
1
0
0
0
1
-1
0
0
-1
0
-2
0
1
-1
-1
0
-1
0
1
0
0
-1
0
-1
0
0
-1
-1
-1
-1
-1
0
-1
0
0
0
0
-1
-1
0
0
-1
-1
-1
0
0
0
-1
0
-1
0
0
0
-1
0
0
0
0
-1
0
-1
0
0
-1
0
0
-1
-1
0
-1
-1
-1
0
0
-1
0
-1
1
0
0
-1
0
0
-1
-1
-1
-1
-1
0
0
-1
-1
-1
-1
-1
0
-1
0
0
0
-1
-1
-4
0
-3
0
-2
0
-1
0
0
0
-1
-2
1
-1
-2
-1
-1
0
-1
0
-1
-1
0
-1
-1
0
0
-1
1
-1
-1
1
1
0
-1
0
0
0
0
-1
0
0
0
0
0
1
-1
0
0
-1
0
0
0
-1
-1
0
-1
-1
-1
-1
0
0
0
-1
-1
0
0
-1
0
-1
0
-1
-1
0
-1
-1
0
0
-1
-1
-1
1
-1
-1
0
-1
0
-1
0
-1
0
0
-1
0
-1
-1
0
0
-1
0
0
0
-1
0
0
-2
0
0
-1
0
0
-2
1
0
-2
0
0
-1
-2
-1
-1
-2
-1
-1
-1
-2
-2
-1
-1
0
-5
1
-1
0
0
0
0
-1
0
-1
-1
0
0
-1
-1
0
0
-1
0
-1
0
0
1
-1
0
-1
0
0
1
0
0
0
0
-1
-1
0
0
-1
0
-1
1
-1
0
0
0
-1
0
-1
0
0
0
-1
0
-1
0
0
0
0
-1
0
-1
-1
0
0
0
-1
0
0
-1
0
0
0
0
0
-1
0
-1
-1
1
0
0
-1
0
-1
-1
1
-2
0
-1
-1
-1
-1
0
0
-1
0
0
-1
0
0
0
0
0
0
-1
-1
0
0
1
-1
-1
-1
0
-1
0
-1
-1
0
-1
0
-1
0
-1
-2
-1
-2
0
0
-3
0
0
-1
0
0
0
0
0
-1
0
0
-1
-1
0
-1
-1
0
0
0
0
1
0
-1
0
0
-1
0
-1
-1
0
-1
-1
0
0
0
-1
0
0
0
0
0
-1
0
-1
-1
0
-1
1
-1
-1
1
0
1
0
-1
0
0
-1
0
-1
-1
0
0
0
0
0
0
0
0
-1
0
0
-1
0
0
-1
-1
0
0
-1
0
0
-1
0
0
0
-1
-1
-1
-1
0
-1
-1
0
0
0
0
0
0
1
0
0
0
-1
-1
0
-1
0
0
-1
0
0
-1
-1
-1
0
0
-2
-1
-1
-1
-1
0
-1
-1
0
0
2
2
0
0
-1
1
1
0
-1
-1
0
0
-1
-1
-1
0
0
0
0
0
0
-1
-1
0
0
0
-1
0
0
-1
-1
0
0
0
0
0
-1
-1
-1
0
0
0
-1
0
-1
0
0
0
-1
-1
-1
-1
-1
-1
-1
0
-1
-1
0
-1
-1
-1
-1
0
0
0
0
0
-1
-1
-1
0
-1
-1
-1
0
-1
-1
-1
0
-1
-1
-1
1
0
-1
-1
0
0
0
-1
1
0
-1
-1
0
0
0
-1
-1
-1
0
-1
0
-1
0
0
0
0
-2
-1
0
-1
-1
-2
-1
-2
-1
-1
0
-1
-1
-1
-1
-2
-2
-2
