0
-1
0
0
0
-1
0
11
-20
7
5
-6
0
3
5
-11
6
-22
49
-31
19
-37
38
-31
23
-8
1
-4
10
-9
4
0
0
2
-9
7
-4
-2
6
-7
3
-2
-2
5
-9
10
-5
-5
10
-6
0
1
-1
1
-1
0
-1
-1
0
0
0
-1
-1
1
0
0
0
0
-1
0
-1
0
-1
-1
0
-1
1
-1
0
5
-10
5
5
-11
8
-5
2
1
-5
6
-7
1
2
-7
8
-4
0
0
-4
9
-10
2
-2
8
-24
32
-38
36
-20
31
-50
22
-6
8
-6
-3
-1
5
-5
-8
19
-11
0
0
-2
-1
-2
-3
0
-1
1
-5
3
-3
4
9
-25
10
3
3
-3
-6
5
-4
-5
25
-32
20
-9
-4
20
-24
21
-15
2
8
-5
-3
5
-1
-1
-3
3
4
-5
2
2
-8
7
-3
-1
0
3
-5
4
-4
3
-7
4
-2
0
1
-1
-1
-1
-1
-1
0
0
0
-2
-1
0
-1
0
-1
-1
0
-1
-1
0
-1
1
0
-1
1
-5
7
-4
4
-6
2
-4
0
0
4
-8
9
-4
-4
5
-3
-3
1
1
0
-4
3
5
-9
-3
15
-22
25
-20
3
9
-20
31
-26
4
4
-6
4
2
-4
-6
-12
24
-9
-4
3
-5
3
-3
-5
0
-7
16
-16
6
10
-18
-32
45
10
-8
-25
8
13
-10
-4
1
0
10
-4
-11
8
0
-1
6
-14
5
8
-3
-2
0
0
1
-5
11
-2
-14
10
5
-6
-4
1
0
1
2
2
-2
-4
2
-1
0
0
-1
0
0
0
0
0
0
0
0
0
-1
-1
0
0
0
-1
-1
1
-2
0
0
0
-1
0
0
-1
0
-1
-2
3
2
-2
-2
-1
-2
-3
3
6
-5
-10
13
1
-12
6
-1
0
0
2
2
-9
-5
14
-7
2
-1
-11
10
5
-12
-1
-1
2
8
-15
-10
23
5
-12
-46
31
16
-11
-7
11
-17
4
0
-17
24
-8
-10
44
-35
-137
247
-182
114
-3
-53
-13
44
22
-52
-80
91
52
-34
-63
26
38
18
-36
-14
7
10
2
-7
5
-2
3
-13
9
4
-7
6
-1
-13
10
-4
1
5
-12
8
-1
-3
4
-4
0
0
-2
1
0
-1
0
-1
-1
-1
0
-1
2
0
-1
0
-1
0
0
0
0
0
1
0
1
-1
0
2
-5
3
0
-9
11
-6
-1
3
-12
12
1
-7
6
-5
-10
12
-4
2
-4
6
-2
-11
-9
13
36
-18
-38
-26
63
33
-52
-92
80
52
-23
-45
12
53
3
-116
182
-248
136
35
-44
8
5
-25
13
0
-7
4
-4
1
-10
76
-178
301
-187
-71
92
-18
-46
-2
56
-127
248
-190
25
95
-74
-53
147
-129
64
-1
-35
21
-14
7
1
-3
3
10
-13
-1
-5
8
-9
4
-1
1
-1
0
-1
4
-3
2
-4
-2
2
-1
0
-1
-1
-1
-1
-1
0
0
0
0
0
0
0
-1
0
-1
-1
0
0
0
0
0
-1
1
-4
1
2
-2
1
-5
1
1
1
-3
2
-4
7
-8
4
-1
13
-11
-4
2
-1
-7
13
-21
35
-1
-63
129
-146
52
73
-95
-25
191
-248
127
-58
1
44
16
-95
69
183
-301
177
-76
9
-1
1
-6
2
0
14
-28
36
-15
-15
64
54
-444
511
-271
195
-205
137
-94
150
-254
315
-129
-9
-66
67
-18
-39
33
16
18
-38
16
-8
-1
6
-1
-5
-4
34
-57
33
1
-14
7
2
-2
-2
-1
10
-26
23
-6
-3
2
-3
1
-1
1
-1
0
-1
0
-1
-1
0
-1
-2
0
0
-1
0
1
0
-1
0
-1
0
0
0
-1
2
-3
1
6
-24
25
-11
0
2
0
-2
-7
12
-3
-34
56
-35
3
4
0
-7
0
8
-18
37
-18
-18
-34
39
18
-67
66
8
129
-316
254
-151
93
-139
203
-197
270
-511
443
-55
-65
13
13
-38
27
-18
0
-5
17
-49
53
-36
-96
-7
556
-521
-9
180
-123
-23
120
-113
-109
241
4
-88
-46
53
7
-27
20
-6
5
-12
-10
23
9
-14
-2
18
-17
-38
23
53
-31
-21
2
13
-3
0
-1
-5
3
15
-16
1
2
-1
0
-1
1
1
-1
-1
-1
-1
0
0
-1
0
0
0
0
0
0
0
1
0
-1
0
-1
1
-1
1
-2
-2
15
-15
-4
4
0
-2
4
-13
-2
19
30
-54
-22
37
16
-19
1
15
-9
-23
10
12
-6
7
-21
25
-7
-54
46
87
-6
-241
108
111
-121
22
122
-181
7
518
-556
6
94
34
-54
45
-18
1
0
-11
3
31
-9
-19
-15
260
-649
485
-58
-135
122
45
44
-205
69
112
-115
39
-13
-39
37
45
-52
26
-6
-11
27
-22
1
10
-5
16
-55
67
-64
40
-10
-5
16
-9
-1
-1
1
4
-8
1
1
2
-2
0
-2
0
-1
-2
1
-1
0
0
-1
0
-1
0
0
-1
-1
-1
0
0
-1
1
-1
-1
1
-2
1
-1
2
-2
-1
-1
7
-5
-2
0
0
9
-17
3
10
-41
63
-68
54
-17
5
-11
-1
22
-27
10
5
-28
52
-44
-38
39
12
-40
114
-114
-69
203
-46
-45
-123
133
56
-486
649
-260
13
16
7
-33
-4
6
0
10
-22
25
-7
-45
197
-143
-205
276
-142
89
-64
81
-8
-98
83
51
-253
232
-87
69
-115
150
-105
28
3
-13
27
-34
32
-22
8
7
-16
-10
82
-103
59
-17
-3
1
-1
-2
1
-8
21
-17
-2
8
-6
2
0
-1
0
-2
0
-1
-1
0
0
0
-1
-1
0
0
-1
1
-1
-1
0
0
0
1
0
1
-1
-2
7
-9
1
18
-22
7
-1
0
-1
-1
2
17
-60
103
-83
8
16
-8
-8
22
-32
33
-27
14
-5
-29
105
-150
115
-69
86
-232
251
-52
-84
96
6
-82
62
-91
143
-278
205
143
-198
43
6
-28
20
-15
0
-8
24
-48
36
31
-220
-159
847
-411
-97
-148
109
109
-181
30
232
165
-506
64
94
117
-172
105
4
7
-41
-38
50
21
-8
-25
1
50
-75
-23
64
42
-48
-15
14
-4
2
0
-1
0
-4
1
0
6
-5
0
0
1
-2
0
-1
0
0
-1
0
-1
0
-1
0
0
0
-1
-2
0
0
1
-1
1
1
0
-1
-1
5
-7
0
-3
4
-1
-1
-2
-3
2
-15
15
47
-42
-65
21
75
-51
-2
26
8
-21
-50
37
43
-7
-4
-107
172
-119
-95
-64
506
-166
-232
-31
180
-110
-111
147
95
410
-847
159
219
-33
-37
46
-25
4
0
-2
8
-22
-8
-11
140
-732
1338
-954
309
9
-200
152
86
-261
293
-392
303
97
-309
184
151
-368
323
-228
113
-7
-66
76
-42
-1
25
12
-79
114
-110
90
-58
26
-19
16
-6
0
6
-17
15
-10
6
-7
6
-4
0
-1
0
-1
-1
0
0
-1
0
-1
0
0
0
0
0
0
-1
-1
-1
1
-2
2
-2
0
-1
3
-8
6
-7
8
-15
17
-8
-1
5
-17
18
-25
57
-91
110
-114
78
-11
-25
-1
41
-77
66
7
-114
229
-325
368
-152
-185
309
-97
-304
391
-294
260
-88
-152
197
-9
-311
951
-1338
730
-141
10
6
20
-9
-3
0
3
-14
25
-31
55
-144
-452
1234
-666
-109
245
-229
165
-239
217
47
-541
650
-141
-263
459
-549
301
196
-448
343
-88
-90
126
-103
53
-27
58
-77
-79
172
-29
-78
52
15
-33
3
6
-6
9
2
-3
-15
12
3
-5
-1
-1
0
0
-1
0
0
0
0
-1
-1
-1
0
0
-1
0
1
1
0
-1
-2
0
-2
-1
1
5
-5
-13
14
1
-1
-9
5
-5
-6
33
-17
-53
78
29
-172
78
77
-58
26
-53
103
-127
89
89
-343
450
-197
-302
548
-459
263
141
-651
540
-48
-217
237
-165
227
-247
108
663
-1234
451
142
-55
30
-28
12
-6
0
-9
-4
24
-30
-5
63
-470
876
-333
-110
-145
176
-140
246
-114
-219
698
-678
-59
-51
406
247
-397
-135
175
41
-185
88
78
16
-56
-33
67
-136
256
-126
-126
159
-55
-48
48
-9
2
-13
25
-7
-23
35
-24
8
-1
-4
1
1
-2
0
0
-1
0
0
-1
0
0
0
0
-1
0
-1
0
-1
-1
-2
1
-2
-3
3
0
-9
25
-36
23
6
-25
11
-1
8
-49
46
55
-160
125
125
-256
135
-68
32
56
-17
-80
-88
185
-42
-175
135
397
-247
-406
50
61
678
-698
218
114
-248
138
-178
143
108
330
-876
468
-64
3
29
-27
3
4
0
7
-8
-2
8
-7
-5
-216
509
-454
356
-390
424
-308
38
76
23
-298
348
-101
-96
253
-374
321
-168
132
-138
69
-44
77
-73
35
24
-70
11
126
-254
285
-241
178
-91
17
5
-2
6
-17
30
-45
37
-10
-3
5
-4
1
-1
1
-1
0
0
-1
1
-1
-1
-1
0
0
-1
0
-1
0
-1
0
-1
-1
0
-2
4
-7
2
8
-37
44
-29
16
-6
2
-7
-18
89
-179
241
-286
254
-126
-11
70
-24
-35
73
-78
44
-69
138
-131
167
-323
374
-254
95
100
-349
298
-23
-77
-40
306
-426
388
-357
452
-510
214
3
6
-9
-1
7
-11
0
-8
18
-30
23
14
-75
-254
527
-48
-124
-153
-12
249
-252
-150
262
512
-626
-17
471
-384
-134
-288
766
-154
-87
-170
179
-45
-94
56
23
0
-198
275
160
-220
-159
66
97
-11
-22
4
-23
14
-4
77
-87
4
15
-3
-3
2
2
-2
0
-1
0
-2
-1
0
1
0
0
-1
-1
-1
0
-1
0
-1
-1
1
-3
-3
3
2
-15
-5
86
-76
3
-14
23
-5
21
8
-96
-66
157
220
-161
-274
197
-2
-24
-57
94
44
-179
170
86
154
-767
287
133
384
-472
17
625
-512
-263
149
250
-250
12
152
122
46
-527
251
74
-15
-25
27
-19
3
0
-2
14
-29
15
-11
83
-484
788
-534
257
-97
-117
179
-26
-178
465
-805
685
-138
-436
556
-248
25
71
-84
260
-373
91
139
-148
111
-83
58
-137
299
-389
390
-299
174
-99
57
-26
2
16
-21
40
-112
116
-52
21
-14
8
-6
5
-3
1
0
-1
-1
0
0
-1
0
0
-1
-1
0
0
0
0
0
-2
4
-6
6
-8
13
-22
53
-117
110
-41
20
-17
-2
24
-58
97
-174
298
-391
389
-298
136
-59
82
-111
147
-140
-91
374
-261
85
-72
-27
248
-556
436
136
-687
805
-466
177
25
-181
117
95
-259
531
-788
483
-84
9
-17
26
-15
-4
0
2
2
-12
10
-9
63
-420
544
-102
-29
-186
357
-360
36
495
-523
28
228
-317
359
-55
-261
203
99
-295
87
113
-79
-40
110
-59
-3
-22
83
236
-425
-36
209
19
-65
27
-1
-11
-2
21
11
-23
-46
42
6
0
-8
2
1
-2
0
1
-1
1
-1
-2
0
-1
0
1
-1
0
1
0
0
-1
-1
1
0
-2
7
-1
-8
-42
46
23
-11
-22
2
10
0
-28
64
-19
-210
36
424
-236
-84
20
2
59
-110
41
80
-111
-88
296
-99
-204
261
56
-360
317
-228
-29
523
-496
-37
360
-358
185
28
101
-544
421
-63
8
-10
9
-3
-6
0
-5
-4
15
-9
20
-69
84
-230
482
-193
-143
-166
215
178
-566
317
376
-456
171
60
69
-440
535
-159
-260
170
92
-182
5
168
-142
61
-2
-13
154
-335
358
-197
-22
71
-28
0
8
-17
30
-10
-21
29
-33
32
-19
3
-1
-2
1
0
-1
0
-1
0
0
-1
0
0
0
0
-1
-1
0
0
0
-1
-3
2
0
-4
18
-34
32
-30
22
8
-30
17
-10
-2
30
-73
20
196
-358
333
-153
12
0
-61
140
-169
-5
182
-92
-171
259
158
-536
441
-69
-60
-172
456
-376
-318
564
-179
-216
163
141
191
-483
229
-84
67
-21
8
-19
1
0
0
0
-15
32
-20
5
-53
401
-313
-518
703
-384
261
-229
102
334
-764
862
-498
173
-126
-89
509
-818
458
55
-126
176
-258
260
-164
8
53
-7
-43
58
13
-186
175
-41
-15
26
-3
-3
4
-8
1
-26
40
-25
19
-6
-2
-3
0
-1
2
-1
0
1
0
1
0
-2
0
1
0
0
0
0
-1
0
-2
2
-3
2
1
5
-20
25
-41
26
-3
7
-4
2
2
-27
15
41
-176
185
-14
-59
43
6
-54
-8
164
-261
258
-175
125
-56
-459
819
-509
88
126
-174
497
-865
763
-335
-105
228
-263
383
-705
518
311
-403
51
-5
19
-35
14
-4
0
-6
-8
27
-14
-19
22
2
-63
192
-83
-135
73
-25
161
-351
118
251
3
-133
-107
-111
207
277
-555
396
-97
61
-131
-36
86
20
-30
19
-32
-60
84
62
-90
-4
27
-12
5
0
-3
-6
8
11
-14
1
5
-8
2
1
-1
-2
0
0
0
-1
0
0
0
-1
0
0
0
1
0
0
0
0
-1
0
1
-1
-3
9
-6
-2
14
-12
-8
6
2
-1
-5
12
-29
3
90
-62
-85
60
31
-21
30
-21
-86
36
130
-62
96
-397
555
-279
-207
112
107
132
-3
-252
-118
349
-162
23
-74
134
82
-194
62
-2
-22
18
12
-30
7
2
0
5
-11
16
-9
-19
105
-428
445
84
-229
89
-155
106
-23
159
-189
67
-99
101
-3
12
-124
201
-231
210
-85
18
-59
50
-37
29
3
8
-53
32
0
23
-12
-31
32
-14
3
-2
-8
20
-11
-13
21
-12
0
5
-3
-1
1
0
-1
1
0
0
0
1
0
-1
0
1
0
-1
0
0
0
-1
0
-1
-1
0
2
-6
0
10
-22
12
10
-21
7
2
-4
12
-33
32
10
-22
0
-33
52
-8
-4
-30
36
-51
59
-20
84
-210
231
-202
124
-12
3
-101
98
-67
188
-160
22
-109
154
-91
226
-86
-445
428
-106
17
8
-19
11
-10
0
-11
15
-13
8
0
-10
-98
240
-210
45
42
7
-9
32
-107
155
-228
172
-59
42
-4
-10
16
-66
44
-1
22
-39
0
13
21
-12
11
-28
17
-18
6
3
15
-23
9
-1
1
-1
-1
0
-5
14
-14
9
-4
2
-3
0
-2
0
-1
-1
0
-1
-1
-1
0
0
-1
-1
0
0
-1
-1
-1
-2
0
0
2
-2
3
-9
13
-14
5
0
0
1
-1
1
-9
21
-17
-5
-7
17
-18
27
-11
11
-20
-13
0
39
-23
1
-43
65
-16
10
3
-43
58
-173
227
-155
106
-34
8
-8
-41
-48
207
-241
98
9
-1
-8
11
-16
6
0
5
4
-25
15
12
-49
134
-164
111
-81
66
-22
1
-25
-1
51
-74
73
-34
-26
38
8
-14
-58
82
-14
-2
-30
31
-28
24
-7
-13
23
-36
47
-37
6
7
-2
-3
-1
1
-2
4
-15
21
-10
2
-1
-2
0
-1
0
0
-1
0
-1
0
0
0
0
-1
0
-1
0
0
0
0
-1
-1
0
0
-1
1
-1
1
1
-3
9
-22
15
-5
1
-1
0
1
1
-9
-7
35
-48
36
-24
13
6
-24
27
-31
29
2
13
-83
58
13
-9
-38
26
34
-74
76
-52
-1
24
-3
21
-68
79
-113
164
-135
48
-13
-15
22
-5
-8
0
-9
19
-23
-1
20
-33
154
-233
87
27
-34
23
58
-118
18
52
8
-49
41
-23
19
-13
7
-19
28
-39
46
-25
-7
10
5
9
-17
10
-10
1
12
-20
24
-17
0
4
-2
-1
4
-6
7
-11
11
-4
0
0
-1
1
-1
-1
0
-1
-1
0
1
0
0
0
-1
0
-1
0
0
0
-1
0
0
-2
1
-1
-1
2
-13
11
-8
6
-4
1
2
-4
0
16
-25
19
-13
-2
10
-11
16
-9
-4
-10
6
24
-46
40
-29
19
-7
13
-20
23
-42
49
-9
-52
-19
116
-58
-24
33
-29
-88
232
-154
33
-22
0
21
-20
4
0
4
2
-13
12
-13
16
35
-96
54
-3
-8
-7
104
-203
131
-39
61
-72
16
37
-28
-10
3
37
-49
26
-3
-11
27
-44
52
-34
-4
26
-26
2
13
-10
1
-1
4
-1
0
-2
1
0
1
-3
-1
3
-2
0
1
0
0
0
0
-1
1
0
-1
-1
0
0
0
0
-1
0
0
1
-1
0
-1
0
-1
1
2
-3
-1
3
-1
-1
-1
1
0
0
-3
0
-3
9
-15
-2
27
-27
3
34
-52
43
-27
11
3
-27
50
-37
-3
10
28
-37
-16
72
-61
39
-134
201
-105
6
6
1
-55
95
-37
-16
11
-13
10
-3
-7
0
-2
4
-8
3
-3
4
5
-19
18
-1
-8
6
62
-122
35
33
-58
72
-28
-1
-20
40
-30
22
-16
-4
20
-7
-8
2
2
4
-5
-3
-16
33
-9
-18
19
-9
3
-3
0
-1
-2
-4
4
13
-17
6
-1
-1
-1
0
0
0
-1
-1
0
0
0
0
-1
0
0
-1
0
0
0
-1
0
0
0
0
0
1
1
-6
16
-13
-5
3
2
0
-2
1
-4
9
-19
17
8
-34
15
2
5
-5
-4
-3
9
7
-21
4
16
-22
29
-40
19
1
29
-74
58
-33
-37
121
-64
-7
8
-2
-20
18
-6
-5
2
-4
5
-5
-3
0
1
-1
-4
4
-6
14
-44
54
-36
25
-12
-2
44
-102
140
-119
37
-9
8
4
-14
15
-11
6
3
-1
-5
2
-2
1
-4
8
-11
5
-1
-1
0
-4
11
-6
-2
-3
1
0
-4
4
4
-15
12
-2
-2
0
-2
0
0
-1
0
0
0
0
-1
-1
-1
0
0
-1
-1
-1
0
-1
0
-1
1
-1
0
-1
1
2
-14
15
-4
-4
2
-1
-3
2
1
6
-12
3
0
0
0
-7
11
-8
4
-1
1
-2
4
-1
-4
-6
10
-16
14
-4
-9
7
-38
119
-141
101
-44
0
9
-26
36
-54
43
-15
4
-7
1
0
-4
0
-5
4
-4
3
-6
8
-5
-15
31
-20
0
9
28
-58
-43
83
-1
-47
42
-7
-12
10
-20
39
-30
1
18
-23
15
-5
4
-3
4
-9
5
9
-13
6
1
-7
4
-2
0
0
0
-2
2
2
-1
-1
0
0
-1
0
1
0
0
0
0
0
-1
0
0
0
0
-1
-1
-1
0
0
-1
0
-1
1
-1
-1
-2
1
1
-3
-2
1
0
-1
-2
0
-4
6
-1
-6
11
-10
-6
7
-5
3
-5
6
-14
22
-18
-2
29
-39
21
-11
11
7
-43
46
0
-84
41
59
-29
-11
-1
18
-34
14
4
-9
5
-4
1
-5
0
0
1
-3
-1
-1
-5
14
12
-44
15
7
3
-12
36
-71
35
6
5
1
-1
-30
19
10
-4
-6
3
-2
6
-3
0
-3
3
0
-3
-5
18
-15
8
-9
4
4
-7
2
-1
-2
2
-2
3
-3
-2
2
-1
-1
1
-1
0
0
0
-2
1
0
-1
-1
-1
0
1
-1
0
0
-1
0
0
-1
-1
0
-2
1
0
-3
1
2
-3
0
-2
0
-1
-2
7
-5
-5
7
-8
15
-20
5
3
0
-3
1
0
3
-5
2
-3
6
2
-10
-18
30
0
-2
-6
-7
-36
69
-38
11
-4
-9
-17
43
-12
-15
3
0
-1
0
-6
0
-3
2
-1
-1
-5
2
66
-108
37
-3
11
4
-1
-32
28
-14
11
7
-30
20
-1
-13
26
-36
35
-24
18
-16
6
-8
12
-3
-10
6
1
-3
3
-7
10
-8
4
-2
1
0
0
3
-5
-1
3
-2
1
0
0
0
0
0
0
0
0
0
0
-1
-1
0
0
0
0
-1
0
-1
0
-1
-1
0
1
-1
-1
1
-4
0
4
-4
0
0
-2
0
-4
7
-11
6
-4
2
-2
-7
10
3
-13
7
-8
16
-17
22
-36
35
-25
14
1
-21
29
-7
-13
13
-30
29
-1
-6
-13
0
-38
107
-67
-3
4
0
-2
-3
0
0
-2
0
0
-1
4
-12
16
-20
20
-21
20
-15
12
3
-38
47
-23
-8
16
-3
7
-8
-15
12
15
-23
17
-10
6
-14
25
-21
15
-11
-8
26
-15
-8
13
-3
-4
-1
0
0
-1
1
-4
5
-3
-1
0
-1
0
0
1
-1
0
0
-1
1
1
-1
0
0
-1
0
-1
0
-1
-2
-1
0
-1
-1
-1
0
-2
0
2
-6
3
-3
1
-1
-2
0
3
2
-15
8
13
-27
8
10
-15
20
-25
14
-6
10
-18
21
-16
-12
15
7
-6
3
-17
8
23
-48
36
-5
-13
14
-22
19
-23
20
-15
11
-5
-1
-3
-1
-3
0
1
1
1
1
1
-2
-3
0
3
3
-2
-4
-2
3
1
-1
-3
1
2
0
-3
-1
2
2
1
-1
0
1
-2
-1
1
2
0
-2
0
2
0
-1
-1
1
0
-2
-1
1
1
-2
-1
1
1
-1
-2
0
0
-1
-1
0
1
1
-2
0
0
0
-2
0
1
0
-2
0
0
0
-2
-1
1
0
-2
-1
0
1
-1
-1
0
1
-2
-1
1
1
-1
-2
-1
1
-1
-2
0
2
0
-3
-1
1
1
-1
-1
0
0
-3
-2
1
3
0
-2
-1
3
1
-3
-5
0
3
1
-4
-5
-1
1
1
0
-3
-2
-1
-1
