0
-12
13
-3
-3
4
12
-13
-3
-3
9
0
4
-23
33
-40
16
3
-3
1
-1
13
-27
12
4
0
-3
-1
9
-20
20
-8
3
-2
-2
-4
7
-5
-2
0
2
-2
-2
2
-1
-1
2
1
-1
-1
0
-4
3
0
-2
1
-5
3
-3
0
2
1
-2
-1
0
-1
2
0
-3
0
2
-5
4
-1
0
-1
-4
2
0
1
0
-1
-2
1
1
-3
2
1
-3
1
1
3
-7
2
0
1
-4
7
-19
20
-8
0
2
0
-6
-13
27
-13
1
-2
2
-4
-17
38
-33
20
-5
-2
-12
1
2
12
-14
-5
2
1
-13
7
0
-21
41
-36
-18
132
-159
4
82
-34
1
4
-21
15
54
-95
34
5
-2
2
-3
-15
39
-36
19
-15
10
-1
-4
4
4
-11
13
-12
8
-3
2
-8
6
-2
-2
2
-3
3
-3
1
1
1
-5
1
1
1
-2
-2
-1
0
-4
5
3
-8
0
4
-3
0
0
0
2
-6
-1
8
-4
-5
2
-1
1
0
1
-2
-2
-2
5
1
-2
-2
2
-4
2
-3
0
2
-6
7
-3
2
-9
11
-13
11
-5
-4
3
1
-9
15
-20
36
-40
16
3
-4
1
-6
-34
94
-55
-16
19
-4
-4
32
-83
-5
159
-132
16
33
-41
15
0
34
-79
78
9
-68
-196
369
-130
-79
112
-16
-87
76
-56
15
-1
16
-4
-9
27
-9
-20
9
2
3
-5
6
-3
7
-15
10
-4
10
-14
11
-6
-3
6
-2
-3
0
0
1
-1
-1
3
-8
7
-4
-1
1
-1
2
-4
-7
23
-19
3
-2
1
-1
0
-2
0
0
-2
1
-2
0
-3
18
-24
7
4
-3
0
-1
0
3
-8
7
-4
1
0
-2
-2
0
2
1
-7
2
5
-11
13
-10
3
-10
15
-6
3
-7
6
-4
-3
-9
20
10
-27
8
3
-15
0
-16
54
-78
86
15
-114
77
129
-370
194
66
-10
-80
77
-38
0
90
-120
-5
-96
309
-222
195
-159
-40
131
-19
-148
198
-204
45
85
-24
17
-18
-59
60
-2
-8
2
3
-1
-4
0
-1
10
-10
3
-3
-1
3
1
-5
3
-2
0
1
0
-1
-1
1
-1
-1
3
-9
4
-1
0
2
0
-8
6
2
-3
0
-1
0
0
-1
0
0
-2
-1
0
-1
3
-4
-8
8
-2
-2
0
0
-5
8
-3
0
1
-2
0
0
0
-2
0
0
-3
4
-2
-4
1
1
-4
10
-10
0
0
3
0
-3
-3
8
2
-61
58
18
-18
22
-85
-47
203
-200
147
19
-133
39
159
-196
222
-311
95
3
118
-93
0
9
-52
68
-13
-282
490
-251
69
-109
134
-135
243
-276
51
44
23
-21
-26
21
64
-63
-13
20
-13
6
-2
6
0
-1
-7
9
1
-3
-1
-10
12
-6
6
-10
10
-7
4
0
-1
3
-6
-2
6
0
-4
10
-6
-8
4
0
-2
6
-2
-5
1
-1
0
0
0
-1
-1
1
-2
4
1
-6
1
-1
-5
7
5
-10
4
-1
-7
2
6
-3
0
-2
-3
6
-10
10
-7
6
-13
8
0
1
-1
-9
6
1
1
-5
0
-7
12
-20
13
61
-65
-21
26
21
-24
-46
-53
274
-244
134
-134
106
-70
251
-491
280
13
-70
51
-13
0
-26
32
-64
50
-50
-99
306
-153
-17
5
38
-190
256
-102
-6
20
-29
-5
80
-100
31
-9
25
-19
11
-8
7
-8
7
-6
6
2
-11
6
0
-6
2
4
-3
-3
3
-2
-3
3
-5
4
-6
34
-44
16
-8
10
1
-9
6
-1
-3
0
1
-2
1
-1
0
0
-1
-1
-1
1
-2
-1
2
0
-9
9
-2
-10
7
-17
42
-35
6
-4
4
-4
1
2
-4
1
1
-4
-3
5
0
-7
11
-2
-6
6
-8
7
-8
9
-12
18
-25
9
-31
99
-81
4
29
-21
4
102
-257
187
-40
-6
15
152
-307
97
49
-53
61
-34
22
0
78
-128
98
1
-364
918
-762
19
192
-32
-53
31
-50
131
-68
48
-58
22
-34
16
8
-5
9
-3
-13
11
-4
4
-16
20
8
-41
40
-23
19
-10
-4
7
-9
3
6
-7
-2
7
-6
18
-2
-62
50
16
-26
14
-8
-2
12
-22
13
-2
-1
3
-3
0
0
0
0
-2
3
-5
2
1
-15
21
-14
3
8
-14
26
-15
-52
61
1
-18
4
-8
2
7
-7
-4
9
-9
4
9
-20
23
-41
41
-8
-21
15
-3
3
-12
10
3
-9
5
-7
-17
32
-22
57
-49
67
-132
49
-33
51
31
-195
-20
761
-918
360
-3
-100
127
-82
0
24
-3
12
110
-133
-314
308
65
-24
-132
193
-240
290
-147
17
-26
-3
6
-117
250
-175
39
2
9
-12
4
-1
0
5
-8
11
-22
13
8
-13
-1
9
-4
-2
1
-5
10
-2
-6
2
-2
18
-17
4
-19
25
-8
-10
21
-15
-8
8
-2
-1
1
0
-2
1
0
-2
1
1
-2
0
0
-8
8
14
-21
8
8
-28
18
-6
17
-18
1
-2
5
3
-12
5
-2
0
4
-10
2
13
-8
-13
21
-13
8
-5
0
1
-5
11
-8
-2
-40
175
-250
116
-6
3
26
-19
144
-291
237
-194
129
23
-65
-308
313
132
-112
-15
1
-28
0
-71
90
-1
111
-408
459
-263
57
85
-186
302
-333
-30
275
-88
-15
-10
25
27
-114
92
-30
18
-22
12
-3
1
-4
1
6
2
-18
18
-8
3
-9
9
-1
-1
0
3
-12
12
-2
-6
-19
52
-28
-11
26
-27
18
-10
18
-30
18
-1
-3
0
0
-2
0
1
0
0
-1
1
-1
0
2
0
-18
29
-18
9
-18
26
-28
10
28
-51
18
5
2
-11
13
-4
0
2
0
-8
8
-4
6
-19
18
-2
-7
-2
4
-1
1
-15
22
-18
30
-92
114
-28
-26
11
15
86
-277
28
332
-304
185
-88
-58
264
-459
407
-112
-3
-92
66
0
29
-42
24
163
-177
-346
521
-182
35
-67
96
-54
-12
40
-59
23
29
-30
42
-45
-8
24
-3
0
-2
1
-1
6
-8
-2
2
16
-21
0
5
4
-6
3
0
0
1
2
-7
-1
8
-9
4
11
-25
9
12
-7
7
-15
12
-6
-4
6
-3
0
0
-1
1
0
-1
1
-1
-1
2
-7
4
6
-13
12
-9
7
-12
-9
25
-11
-4
8
-9
0
6
-3
0
0
0
-3
5
-4
-5
-2
20
-17
-2
1
8
-7
0
-1
1
0
2
-24
8
43
-43
29
-29
-23
58
-40
11
53
-98
65
-37
181
-519
344
175
-165
-26
41
-34
0
6
-21
-7
164
-246
139
-167
200
-73
-44
69
26
-57
-23
56
-49
31
13
-81
94
-45
9
-5
3
1
-2
3
0
-3
4
-4
17
-32
19
-6
1
3
-2
-1
0
1
-5
6
-3
-8
10
-5
12
-25
15
9
-14
6
-6
-4
12
-10
8
-4
0
-2
0
1
0
0
-1
1
-1
4
-8
11
-13
4
5
-7
14
-9
-17
24
-13
6
-10
7
3
-8
4
-1
-1
-1
1
-2
-2
6
-21
30
-18
5
-5
2
0
-3
2
0
-4
4
-10
45
-95
80
-14
-31
48
-57
23
56
-27
-70
43
71
-201
166
-139
244
-166
4
21
-9
0
31
-54
56
-63
43
218
-409
192
-32
85
-39
-102
137
-105
71
-10
-2
-9
-7
-29
54
-15
-11
7
0
-3
1
1
-3
0
5
8
-16
0
7
-6
2
1
-1
1
-1
1
-2
2
-2
2
-7
6
-5
-4
1
4
-2
4
0
-8
7
-2
0
0
3
-4
1
0
-2
3
-3
0
-1
3
-8
7
1
-4
2
-6
-2
3
5
-7
7
-1
0
-3
1
0
-1
-2
0
-1
-3
5
-8
-1
15
-8
-6
0
3
-2
-1
2
1
-8
11
14
-54
29
5
9
3
9
-72
103
-139
101
37
-87
29
-192
408
-218
-44
61
-57
54
-36
0
-16
36
-4
-15
22
-236
301
-104
2
45
-34
-27
94
-132
69
-23
33
-20
-27
74
-57
8
3
0
0
3
-3
-1
8
-9
7
-6
2
2
-6
6
-2
0
-1
1
-3
3
0
-3
4
-1
1
-2
-5
13
-12
3
-1
-1
-2
1
-1
1
0
0
0
-2
-1
0
0
0
0
-1
-1
-2
-1
-1
0
1
2
-3
11
-14
3
2
-1
0
-4
2
1
-4
3
-2
1
0
1
-7
5
-3
-2
5
-6
9
-9
0
4
-3
0
-1
-3
-9
58
-75
26
19
-34
23
-71
131
-95
25
33
-46
-3
103
-301
235
-23
14
2
-35
11
0
5
19
-67
5
45
105
-134
3
-21
62
-47
56
18
-126
59
24
-12
25
-47
15
11
-6
0
0
2
-5
3
-2
1
4
-4
-1
3
-1
3
-6
3
0
-1
1
-1
1
0
-3
2
-3
4
-5
4
-5
4
2
-6
0
2
-3
0
0
-1
0
0
0
0
0
0
0
0
-1
0
-2
0
2
-4
0
5
-3
-6
4
-4
5
-4
3
-2
1
-2
-1
0
-2
-1
-1
-4
6
-3
0
-3
0
5
-4
-2
2
-3
4
-3
-1
1
5
-12
-16
46
-27
11
-24
-60
124
-19
-58
46
-64
18
-3
134
-106
-45
-6
63
-20
-9
0
2
-37
93
-95
102
-147
76
57
-83
34
-2
-21
15
20
-11
6
-18
3
5
-4
3
5
0
-3
-1
1
1
-3
2
2
-2
3
-9
7
-2
4
-3
1
-1
1
-3
-1
0
2
-9
5
2
-5
5
-3
0
-1
2
-9
5
1
0
-1
-2
0
0
-1
-1
0
-1
1
-1
0
2
-1
0
-2
-6
8
-3
0
-1
3
-6
4
-3
-6
7
-3
-1
-1
1
-2
0
-1
3
-4
3
-10
8
-3
2
-2
-2
2
-1
0
1
2
1
-5
-4
5
-5
-4
17
-7
9
-22
-15
20
1
-36
82
-57
-76
146
-102
93
-95
36
-6
0
38
-56
-17
102
-114
103
-78
49
-1
-72
44
20
-3
-22
3
4
10
-28
16
46
-57
11
3
2
-2
0
2
-2
5
-5
3
-1
5
-6
3
-2
1
-3
2
-1
1
-2
-2
1
4
-5
3
-6
9
-4
0
-2
0
3
-1
1
-2
1
0
-1
1
0
-1
0
0
-1
0
0
-1
-1
2
-2
1
-2
-1
1
0
4
-9
6
-2
5
-5
-2
1
2
-3
0
-1
1
-1
1
-2
5
-5
1
-2
5
-4
0
-3
-1
2
-2
-2
-11
56
-46
-17
28
-10
-4
-5
21
1
-22
-45
69
0
-49
78
-104
113
-104
14
53
-41
0
0
18
-30
3
30
-54
60
-4
-35
23
-15
40
-115
136
-81
29
2
2
-27
3
19
-4
0
-3
1
2
-2
0
6
-7
4
-7
11
-5
5
-6
3
0
0
0
-1
2
-1
-1
-1
0
6
-14
11
-2
-3
-1
3
-2
-1
-4
4
-1
-1
-1
0
0
0
0
0
-1
1
0
0
1
-5
3
1
1
-4
1
2
1
-12
13
-7
0
0
0
0
-3
2
-1
-1
-1
-2
5
-5
4
-10
7
-4
8
-6
0
2
-1
-1
2
-1
3
-18
-3
26
-4
-3
-30
81
-137
115
-41
13
-25
34
3
-60
54
-31
-4
27
-20
-4
0
-35
48
-8
-18
7
1
-1
-3
4
30
-36
-23
23
43
-69
19
8
-8
24
-7
-9
-7
8
-2
0
-2
1
0
-2
-1
9
-7
-3
5
-5
5
-2
0
2
-2
-2
1
1
-3
2
-3
3
-7
7
-1
-3
2
2
-6
1
-3
4
-2
-1
-1
1
-1
2
0
-2
1
-1
0
0
2
-5
2
-1
3
-3
-3
3
1
-8
7
-2
3
-4
1
-1
-1
-1
1
-3
-1
1
-5
4
-6
3
6
-10
1
3
0
-2
0
-1
0
-8
7
10
7
-24
8
-9
-19
67
-44
-24
22
33
-32
-7
2
0
-3
-6
16
5
-48
32
0
29
-24
4
-13
72
-91
-14
67
-3
-49
33
30
-92
106
-62
11
14
-22
28
-46
34
-8
5
-3
1
-1
0
-1
9
-9
1
2
-5
1
-1
2
-2
0
-1
0
0
-1
0
2
-3
4
0
-2
2
-1
0
-1
0
2
-2
-1
0
0
1
-4
2
-1
0
0
0
1
-2
3
-2
0
-1
0
2
-2
-2
0
-1
1
-2
2
-1
-4
3
-2
0
-1
-1
-1
0
-1
3
-2
0
-2
5
-2
-3
10
-9
1
0
0
-3
4
-4
8
-36
46
-29
23
-15
-11
59
-107
91
-32
-34
48
4
-67
14
90
-73
13
-7
23
-33
0
5
-2
-1
-45
69
20
-67
8
5
26
-44
-10
102
-101
15
17
-4
-1
9
-11
2
-2
3
-1
-2
1
0
0
-3
4
1
3
-10
2
2
-3
3
0
-1
-1
-1
0
0
-3
2
-2
1
1
-2
0
0
1
-2
1
-2
0
-1
-2
4
-3
1
0
0
0
0
-1
-1
2
-4
1
0
-1
2
-1
-1
-1
1
-2
2
-1
-1
2
-3
3
-1
-2
0
0
0
-1
-2
2
-3
-3
8
-3
-2
-5
2
0
1
-2
1
-1
-4
2
-2
10
-9
-1
3
-17
-16
99
-103
9
42
-27
-9
-8
66
-21
-69
44
-2
0
-10
0
-14
23
-10
-9
38
-57
40
-26
-4
48
-44
2
50
-87
49
-2
-2
-7
-14
34
-16
-4
3
-1
1
0
-1
-2
4
1
-4
2
0
-1
2
-1
-1
0
-1
1
0
0
0
0
0
-1
-1
1
-4
0
3
-3
0
1
-2
1
-3
0
0
1
-2
-2
0
0
-1
-1
1
-1
0
-1
0
-3
2
-2
-2
3
-4
-1
3
-2
-1
0
-1
-1
-2
-1
0
-2
1
-1
-1
1
-2
1
-1
-3
4
0
-4
2
-1
0
0
1
-4
3
17
-34
13
6
2
1
-50
85
-52
-3
42
-49
4
25
-42
56
-39
8
7
-25
9
0
5
-5
7
29
-125
91
-7
11
7
-48
31
-7
38
-45
-3
41
-27
-6
18
-25
20
-9
3
0
0
-2
0
1
3
-3
3
-6
2
-1
0
-1
0
0
-2
-1
2
-1
0
-2
0
1
-1
0
1
0
-2
-1
0
1
-1
0
-1
0
1
-1
-1
0
0
0
-2
-1
0
0
0
-2
1
-1
0
0
-1
0
1
-1
-1
-1
-1
-2
-1
1
-1
0
-1
0
1
0
-1
0
-1
0
-2
5
-3
1
-3
-1
0
2
-1
0
-4
8
-19
24
-19
7
26
-42
2
43
-38
5
-32
47
-8
-13
7
-93
124
-32
-10
4
-10
0
11
-17
-8
8
55
-44
-30
21
-2
10
10
-38
22
3
-21
34
-36
22
11
-29
18
-10
7
-1
-1
0
1
3
-5
2
-1
3
0
-1
0
-1
-2
-1
2
-4
1
0
-1
2
-3
0
0
1
-1
0
-1
-2
2
-2
1
-2
2
-1
-1
1
0
-1
0
0
1
0
-1
-1
0
0
-2
2
-2
2
-3
1
-1
-1
0
-1
0
-2
1
-2
1
-2
-2
4
-3
-1
1
0
-1
0
-1
-3
0
-2
6
-3
-1
-1
0
0
-8
10
-19
30
-11
-23
36
-34
19
-4
-24
37
-12
-11
0
-21
29
42
-56
-9
4
15
-16
0
-7
7
-4
34
-48
-79
125
-17
-19
30
-52
30
0
-1
-20
32
-23
16
-20
1
8
5
-1
-2
-1
1
0
2
-2
-1
1
1
0
-2
2
0
0
1
-2
0
-1
0
0
0
-1
0
1
1
-3
2
0
-1
1
-1
-1
1
-1
0
1
0
0
-1
-1
0
0
0
-1
-1
-1
0
1
-1
0
0
-1
0
-1
-3
2
-1
-1
0
1
0
0
-1
0
-1
1
-2
0
0
-3
2
0
-2
-2
1
2
-2
-1
-1
0
1
1
-5
-8
-1
19
-17
22
-32
20
0
-2
-32
51
-32
18
17
-124
79
47
-36
0
-8
5
0
-16
14
10
-4
-8
13
-13
-17
21
0
-13
13
18
-50
25
-7
14
-13
-9
35
-15
-9
4
-4
0
-1
0
-2
4
-2
-4
7
-7
3
-2
0
0
-1
1
-1
0
-1
0
0
-1
0
0
-2
1
0
-2
1
-2
0
-1
1
-2
1
0
-2
1
0
0
0
1
-1
-1
1
0
-2
0
-2
1
0
0
-1
1
-1
-2
2
-1
-1
-1
0
-2
0
0
1
-2
1
-2
-1
1
-4
6
-8
5
1
-5
2
-1
0
-1
3
-5
8
13
-36
10
13
-13
7
-26
48
-18
-13
12
-2
-22
16
12
-14
7
3
-13
-16
12
0
-29
22
14
-1
-49
21
32
-23
3
-2
-23
43
-34
30
-24
6
-5
9
-9
2
1
5
-10
6
-2
2
-2
-1
2
2
1
-3
-1
1
1
0
-1
0
2
-5
1
-1
-1
1
0
-2
2
0
0
0
0
-1
0
1
0
-1
0
0
-1
2
-2
0
0
0
1
-1
0
-2
0
0
-1
0
0
-1
1
1
0
0
0
0
-2
2
-1
-1
0
0
-3
4
-2
-1
1
-2
-1
-2
-1
3
-1
-3
-1
0
1
-3
3
-7
9
-6
-2
-3
7
-10
4
-6
23
-31
33
-44
21
0
-4
22
-33
-23
49
0
-18
-23
25
0
145
-172
-45
101
18
-49
28
-14
6
2
-4
-14
21
3
-9
-12
7
5
-12
24
-20
6
0
-1
0
0
-1
1
6
-8
5
0
-3
-1
3
-2
-1
3
-2
0
-1
0
-1
-1
0
0
-2
2
-1
0
-1
-2
0
0
-1
1
-1
0
-1
0
-2
0
-1
0
1
-2
0
-1
1
0
0
-2
0
-1
-1
1
0
-2
0
-3
2
-1
-1
0
0
0
-1
-1
1
-4
0
1
-4
-1
1
-1
-5
7
-5
-2
0
0
-1
1
-1
-7
18
-25
12
-4
-7
11
8
-5
-21
13
3
-5
-8
14
-29
49
-20
-103
41
171
-148
0
-24
-64
226
-199
67
-17
9
-9
-5
9
16
-19
-43
64
-10
-21
13
-5
12
-21
11
-1
-5
5
1
0
-3
-2
3
-1
-1
0
1
-2
-3
4
1
-3
0
2
-2
-1
1
-2
-1
0
-4
3
-2
-1
-1
0
0
-1
-1
0
-1
-2
2
-2
-1
-1
-1
0
-1
-1
0
2
-3
0
0
-1
-1
1
-2
-1
0
0
1
-4
3
-2
-1
1
-2
-1
2
-3
-1
2
-2
-4
1
1
-2
0
0
1
-4
1
2
0
-2
-6
5
0
-13
20
-12
3
-13
20
10
-65
41
18
-17
-11
3
8
-9
17
-68
197
-228
62
20
0
2
-74
70
23
-9
-25
27
-21
1
-7
20
-7
-4
-5
-2
9
1
-7
11
-15
4
-1
14
-18
7
2
-2
1
1
-3
0
1
2
-4
-1
6
-5
7
-8
3
2
0
1
-3
0
-2
2
0
1
-2
-1
3
-1
1
-4
1
0
-2
1
-1
-2
1
0
0
0
-1
1
0
-2
0
-2
-2
4
-1
2
-4
1
1
0
-1
-2
1
-1
1
-1
-1
-1
-4
7
-5
4
-7
1
4
-3
-1
-1
2
0
-2
2
-2
-7
18
-14
0
-5
14
-12
6
-2
-10
1
2
3
5
-22
6
-1
20
-26
24
10
-25
-73
74
-6
0
-15
-80
150
-115
137
-118
25
18
-17
0
10
-17
13
-7
10
-2
-10
8
-11
5
15
-11
0
1
0
1
-1
4
-5
-2
5
-2
-5
6
12
-20
7
-4
0
4
-4
1
-1
3
0
-1
-2
1
-1
0
-2
3
-3
-1
-1
7
-7
-3
3
-2
-1
-1
1
0
-1
0
-1
1
-3
2
6
-8
0
0
1
-3
2
0
0
-1
0
0
0
-2
2
-2
3
-5
-1
4
-8
19
-13
-7
3
1
-5
3
4
-4
1
-2
-2
0
0
12
-15
-5
10
-9
8
2
-13
8
-14
16
-12
-2
15
-18
-25
118
-138
114
-153
77
11
0
40
40
-64
-81
49
73
-55
8
12
-24
3
21
2
-17
-20
3
48
-31
3
-16
26
-15
3
3
-17
11
2
-4
3
-1
-2
2
-3
8
-7
-5
17
-26
16
-3
0
0
0
0
0
-1
1
-1
3
-6
3
3
-1
2
-9
7
-4
1
0
-2
-1
0
0
0
0
-1
1
2
-2
-3
3
-8
9
-4
-1
-4
-2
5
-3
1
-1
0
0
-1
0
1
-2
1
-16
24
-17
4
7
-9
1
-2
2
1
-4
3
-2
-12
17
-4
-4
15
-27
15
-4
31
-48
-3
20
16
-4
-23
-5
21
-14
-9
54
-75
-48
79
61
-40
-43
0
24
-1
-38
-25
19
31
0
-18
-3
11
-1
-11
-1
10
1
-8
-2
7
1
-11
-5
8
8
-3
-5
0
1
-3
-1
3
3
-3
-4
2
3
-2
-4
1
3
-3
-5
1
3
-2
-3
1
2
-1
-4
1
2
-2
-5
0
4
1
-3
-1
2
0
-3
-1
1
0
-2
0
2
-1
-3
0
2
-2
-4
-1
4
2
-4
-2
3
1
-2
-2
3
1
-4
-2
3
1
-4
-2
2
2
-4
-2
3
3
-4
-5
1
3
-2
-2
6
3
-9
-9
5
10
-1
-8
1
8
-3
-12
-1
10
-1
-13
1
18
-2
-33
-20
24
36
-1
-25
