0
-2
0
-2
-4
9
-10
-2
16
-3
-21
20
2
-37
9
1
86
-111
58
-39
-9
53
-31
-5
29
16
-86
58
5
-11
19
-17
5
-16
14
-4
7
-2
1
0
-19
13
-3
3
4
-1
-1
-1
0
-1
-1
0
-3
1
0
0
-1
-1
1
0
0
-1
0
-1
0
0
-1
0
-1
0
0
0
0
-2
0
-2
2
-2
0
0
-1
0
0
0
-4
-4
2
-12
18
-2
-1
0
-6
3
-15
15
-6
17
-19
12
-5
-59
85
-16
-30
5
31
-53
9
38
-58
110
-87
-2
-11
37
-3
-22
19
0
-17
1
9
-12
2
-2
-1
-3
0
-2
0
-1
-1
1
10
-8
-5
3
-5
2
-7
32
-27
-44
102
-81
35
-15
7
-16
48
-49
12
-15
-3
63
-57
58
-54
0
23
-6
-10
2
6
17
-16
-6
21
-57
65
-38
14
-3
4
-2
1
-2
-1
-1
1
5
-8
2
-2
0
0
-1
0
-1
0
-1
0
-1
-1
0
0
-1
-1
0
0
-2
7
-5
-3
0
-1
1
-1
1
-3
4
-14
38
-66
55
-22
5
15
-18
-6
-2
9
7
-23
0
54
-59
58
-63
1
15
-14
49
-47
17
-8
15
-35
81
-102
43
26
-33
7
-3
3
-6
4
7
-12
-2
-1
-1
-2
-4
0
-1
0
-1
-2
0
4
10
-32
31
-12
-12
12
-22
49
-26
4
7
-74
55
-11
6
41
-27
20
-71
80
-69
72
-9
-102
99
-8
-18
-9
12
-23
16
-7
35
-33
17
-33
20
3
-4
4
-3
-1
-1
3
-7
9
0
-10
8
-4
0
-1
0
0
0
-1
0
0
0
0
-1
0
-1
0
-1
3
-8
9
0
-10
4
-3
1
0
2
-4
3
-4
-22
32
-17
31
-36
5
-16
23
-14
8
17
7
-101
101
9
-72
70
-81
70
-20
27
-41
-6
12
-55
74
-7
-5
25
-52
21
-13
11
10
-33
32
-10
-5
-1
0
-2
0
-3
0
-1
1
-1
1
-11
16
8
-57
45
-4
-59
132
-80
42
-79
64
-101
20
172
-124
-7
-2
17
-10
12
-41
42
25
-71
34
8
-9
-1
12
-31
22
26
16
-99
84
-44
14
22
-47
33
-11
2
-1
1
-5
9
-14
16
-20
15
-8
2
-1
1
-1
-1
-1
0
0
0
1
0
-1
-2
-1
-3
7
-16
20
-17
12
-10
4
-3
0
-1
10
-34
46
-22
-14
44
-86
98
-16
-28
-22
32
-11
1
9
-8
-34
69
-25
-43
41
-12
9
-19
0
9
123
-174
-21
101
-65
78
-44
79
-133
56
2
-47
56
-8
-19
10
-3
-1
-2
-2
0
-1
0
-3
2
-13
49
32
-206
177
-48
-47
138
-3
-69
-43
-1
-48
24
64
20
-8
-46
-1
75
-83
16
-2
47
-51
35
-30
0
7
11
2
-68
137
-113
21
14
-28
47
-23
-14
22
2
-7
-13
9
28
-41
-5
47
-44
6
8
-2
-1
0
-1
0
0
-1
0
-1
-1
0
0
-1
1
1
-8
-8
42
-49
5
41
-30
-9
13
7
-3
-22
14
22
-50
28
-15
-21
112
-138
67
-3
-12
-6
-1
30
-36
51
-48
2
-17
82
-76
1
45
8
-21
-64
-25
47
1
42
68
2
-139
45
46
-178
205
-33
-49
11
-3
0
-2
-3
0
-1
-2
0
-5
19
-19
53
-72
-4
48
-15
45
-68
73
-47
-81
-14
143
-79
-8
31
5
18
-41
-4
17
-9
78
-101
13
46
-47
6
35
-9
-43
39
-11
18
-36
26
17
-39
27
-24
18
-6
-3
-12
33
-38
14
13
-27
14
7
-7
-1
-1
-1
-1
-1
-1
0
0
0
0
1
-1
0
6
-8
-14
27
-14
-14
36
-34
11
2
5
-19
23
-28
37
-17
-25
35
-19
11
-41
42
8
-36
-7
46
-46
-13
101
-77
9
-18
3
40
-19
-6
-30
8
78
-143
13
80
47
-75
65
-46
14
-51
2
72
-54
19
-20
5
-2
1
-3
0
-2
3
-5
-3
17
-70
133
-14
-131
62
8
10
132
-258
31
155
-58
-35
30
-21
-24
53
33
-124
102
-40
34
-38
22
-36
54
-55
42
-17
-19
33
-13
12
-14
-1
18
-24
14
-3
-6
6
-2
6
-10
6
-8
23
-29
19
-7
-1
-1
-1
0
0
0
0
-1
0
-1
0
0
-1
0
-1
0
0
7
-20
28
-23
8
-7
11
-6
2
-6
4
2
-14
24
-18
0
13
-12
13
-34
19
15
-42
55
-54
36
-24
37
-35
39
-102
124
-32
-53
24
21
-30
34
58
-155
-32
256
-132
-11
-8
-64
130
12
-134
69
-19
2
3
-4
-2
0
1
-2
0
-2
16
-19
59
-194
142
36
-7
-120
6
134
81
-219
77
-24
59
-89
87
-32
12
0
-27
9
6
23
-31
-13
34
-9
10
-42
48
-25
12
-9
3
-3
5
-9
5
-1
0
-2
-4
0
41
-62
12
26
-31
14
7
-5
-3
2
-1
0
-2
-1
0
0
0
0
0
0
-1
-1
2
5
-7
-14
30
-27
-12
61
-43
-1
3
2
-1
0
-7
8
-5
2
-3
9
-14
25
-48
41
-10
9
-33
13
31
-22
-7
-10
26
-1
-12
32
-87
89
-61
24
-77
218
-82
-136
-7
119
6
-36
-144
194
-60
18
-17
0
-4
1
-4
0
2
-6
9
-15
-12
19
-84
210
-122
-47
81
-6
-81
115
-156
95
26
-99
110
-65
13
19
3
-22
2
-7
9
-10
31
-21
1
7
-12
-1
-2
6
-4
2
-2
-1
1
1
-2
0
1
-1
-3
0
-9
3
20
-11
-16
27
-17
5
-3
-1
-1
0
-2
0
-1
0
0
-1
-1
0
-1
0
3
-6
17
-28
14
11
-20
-3
8
-1
3
0
-1
0
1
-2
-2
-1
1
-3
3
-6
0
1
9
-8
-2
21
-32
9
-10
7
-1
21
-3
-20
-13
65
-110
97
-27
-96
156
-115
80
5
-83
47
118
-211
82
-20
12
13
-12
4
-6
0
17
-36
22
-6
-8
8
-75
208
-175
50
-22
70
-230
354
-303
126
-9
40
-26
60
-92
4
30
8
-31
19
-1
3
-6
1
-5
8
-2
-2
0
0
1
0
0
0
-1
0
1
0
0
-2
-7
17
-3
-11
3
-13
36
-35
17
-8
1
0
0
0
-1
-1
0
0
-1
-1
-1
0
0
-1
-1
6
-17
34
-37
12
-4
11
4
-18
6
0
-1
0
0
0
1
-1
0
-1
-1
0
-2
1
0
-9
5
-1
5
-4
2
-20
31
-8
-30
-3
92
-60
26
-41
8
-127
302
-355
229
-71
21
-53
174
-208
73
-7
8
5
-25
35
-22
0
26
-58
20
3
-37
59
-119
214
-147
96
-47
-47
185
-123
-137
99
-12
-20
-7
51
-10
4
1
-9
2
-2
1
2
-10
15
-8
4
-2
0
-1
1
0
-1
-1
-1
0
-1
1
-1
0
0
0
-2
0
7
-15
9
-1
0
-2
-2
3
-1
0
0
-1
0
0
0
-1
-1
-1
0
0
0
-3
2
2
-1
1
-9
14
-8
-1
2
-1
-1
0
0
-2
0
-1
0
-2
0
0
-1
1
-1
2
-4
8
-16
11
-3
-1
2
-2
9
-2
-4
9
-52
6
19
10
-99
135
122
-187
46
46
-98
144
-215
118
-60
37
-5
-23
56
-30
0
30
-66
-15
97
-160
220
-207
338
-185
-161
402
-701
764
-973
751
-202
67
88
-108
82
-105
45
-9
-11
11
-2
-7
24
-21
9
-8
1
2
0
1
0
-1
-1
0
-1
0
-1
0
0
-1
0
-3
2
-1
-4
0
10
-5
-6
4
1
-1
-1
0
0
-1
0
-1
0
0
0
1
0
-2
1
-1
-2
-4
5
5
-10
0
3
-1
-2
1
-1
0
-2
0
0
-1
0
0
-1
1
-1
0
-3
-2
-1
8
-9
21
-25
8
2
-11
11
7
-45
105
-83
106
-88
-68
202
-752
971
-765
698
-403
158
183
-338
207
-221
157
-99
12
64
-34
0
42
-83
-22
124
-177
246
215
-708
452
-152
30
39
195
-489
193
258
-163
-13
-48
98
-26
-33
9
28
-19
1
10
-17
32
-49
33
-16
10
-3
0
0
0
-1
0
-1
0
-2
1
0
0
-2
4
-1
2
-5
-6
24
-20
-4
7
-4
-1
-1
-1
-1
-1
0
-1
0
0
-1
0
1
-1
0
0
4
-10
3
18
-25
5
6
-3
1
-2
3
-2
0
0
0
0
1
0
0
-1
0
-1
3
-11
16
-33
49
-33
16
-9
-1
18
-29
-9
34
26
-98
48
13
162
-258
-194
487
-196
-40
-32
151
-453
707
-215
-247
175
-126
20
81
-46
0
43
-85
-37
147
-180
203
492
-1202
667
-13
-62
-119
567
-678
34
367
-213
97
1
-36
-3
6
-19
26
-17
11
13
-33
52
-49
19
-4
-2
2
0
-1
0
1
0
-2
1
0
-1
0
2
-1
-3
-7
22
-13
-41
40
38
-53
5
10
-5
0
0
-1
0
0
-1
0
0
0
0
1
-1
-1
3
-9
-7
52
-38
-40
40
13
-23
7
3
0
-2
-2
0
0
0
1
-2
-1
-1
0
0
-3
0
4
-18
49
-52
32
-13
-11
17
-26
20
-6
2
36
-1
-98
212
-367
-37
676
-568
117
59
11
-669
1201
-492
-202
177
-148
35
84
-47
0
50
-92
-32
135
-179
177
23
-177
-32
-12
872
-1165
705
-527
521
-383
43
225
-490
425
-99
4
8
-18
21
-12
-10
25
-35
26
-20
12
-3
0
1
0
0
0
0
1
0
-1
1
-1
3
-3
-4
19
-20
-10
15
14
-17
-1
-3
3
-1
0
0
-3
1
-1
0
0
0
0
-1
1
-1
0
0
-3
2
1
14
-14
-17
10
19
-20
3
2
-4
1
0
-1
1
-1
0
-1
0
-1
-1
-2
3
-12
20
-27
35
-26
9
11
-22
17
-8
-6
97
-426
490
-226
-44
382
-523
526
-707
1162
-873
10
30
176
-24
-178
177
-137
29
90
-55
0
46
-82
26
32
-7
71
-624
838
-259
143
-658
842
-771
700
-594
440
-107
-130
276
-228
14
38
-25
20
-13
21
-31
41
-53
33
-18
16
-11
4
0
-1
1
-1
1
-1
0
0
0
-1
2
-5
2
2
-7
3
5
-14
0
25
-24
1
6
-2
0
0
-1
0
0
0
0
-1
0
0
0
1
-7
-3
23
-27
0
12
-4
-5
8
-3
-4
4
-2
0
-1
0
-2
0
-1
-1
-1
1
-2
-4
10
-16
17
-34
51
-42
32
-22
14
-21
24
-40
-15
229
-276
130
107
-441
594
-702
769
-843
655
-145
257
-838
622
-72
7
-32
-29
80
-50
0
28
-61
90
-125
194
-244
199
-168
194
-252
223
-216
416
-509
507
-403
139
-155
316
-252
81
-14
-3
20
-22
17
-10
34
-64
47
-19
14
-11
8
-3
2
-2
1
0
0
0
-1
0
0
1
4
-3
4
-23
-7
61
-37
-18
19
-6
0
2
-1
-2
1
0
-1
0
0
1
-1
0
-1
1
0
-3
0
5
-20
17
36
-62
7
22
-5
2
-5
-2
0
0
-1
-2
-1
0
-2
1
-3
2
-9
10
-14
19
-47
65
-35
10
-18
20
-21
3
15
-80
251
-317
155
-140
402
-508
507
-418
214
-223
250
-196
167
-199
244
-196
123
-92
58
-32
0
3
-17
131
-225
196
-230
634
-798
253
52
134
-116
-312
506
-417
332
-159
138
-328
303
-77
2
8
-12
-1
-7
15
7
-42
33
-12
6
-5
2
0
-1
0
-1
0
-2
1
0
-1
-1
2
0
-3
3
-2
-9
32
-35
-2
26
-20
8
-3
-2
0
0
0
0
-1
0
-1
-1
0
0
0
2
1
-8
18
-26
1
35
-31
8
1
-4
3
-1
-2
0
0
-2
0
1
0
-1
-1
0
0
-2
4
-6
11
-35
43
-7
-15
6
0
12
-7
-3
76
-303
328
-139
158
-333
414
-507
310
115
-135
-54
-255
796
-634
229
-196
225
-133
16
-7
0
-14
21
111
-211
58
107
-195
217
-257
319
-534
585
-279
86
93
-165
40
-63
270
-243
44
-1
-7
10
2
-3
6
-10
11
-4
-6
5
-2
0
1
-1
-1
1
-1
-1
-2
0
-1
0
0
-2
0
1
-6
6
3
7
-25
11
3
-4
2
-1
-1
0
-1
-1
-1
0
1
0
0
0
1
0
-1
2
-4
-14
25
-8
-5
-6
6
-1
0
0
2
-1
0
-1
0
-1
0
-1
1
0
-1
-1
1
-6
5
4
-11
10
-5
2
-2
-10
7
1
-45
244
-271
63
-41
165
-94
-87
278
-587
531
-320
256
-217
194
-109
-59
210
-113
-22
9
0
-29
52
54
-77
-246
380
-436
437
77
-377
370
-348
272
-197
50
-10
60
-21
-108
92
-9
8
1
-4
0
0
0
3
-4
-1
2
1
-2
0
-1
0
0
-1
0
0
0
0
0
0
0
1
-1
2
-3
3
1
-5
0
3
-2
1
-1
0
0
0
-1
0
-1
0
0
0
0
0
1
-1
-1
-3
2
-2
-1
5
-3
-3
3
-3
2
0
-1
-1
0
-1
0
-1
0
0
0
-1
0
-3
-1
-1
-2
-1
4
-3
-2
0
1
4
-1
-10
9
-93
108
19
-59
9
-51
195
-274
346
-372
375
-79
-437
435
-380
246
75
-57
-53
24
0
-45
73
-87
21
120
-88
-91
250
-307
239
-279
303
-199
106
4
-39
-1
-5
58
-45
-19
24
-2
-1
1
-1
-1
1
-1
0
1
1
-1
-1
1
0
-1
0
1
-1
0
-1
-1
-1
1
-1
-1
-1
0
0
0
0
0
-1
1
-1
1
0
-1
-1
0
-1
0
0
0
0
0
-1
-1
0
0
-1
0
-1
0
-1
1
-1
0
0
0
0
-1
-1
0
1
-1
-1
-2
-1
1
-1
-1
-1
0
-1
0
-1
1
-2
0
1
0
0
2
-24
19
45
-57
4
0
38
-4
-109
198
-304
276
-241
305
-251
92
87
-121
-22
84
-74
41
0
-6
21
-32
22
-5
-24
116
-148
32
22
103
-144
57
-31
-14
32
-5
0
-10
4
17
-16
4
-1
0
0
-1
1
-1
-1
0
-1
0
0
-1
-1
-1
-1
1
-1
1
0
-1
0
-1
-1
1
0
-2
0
-1
-1
-1
-1
-1
-1
1
0
-1
0
-1
-1
0
0
0
-1
0
0
0
0
-1
0
0
-1
0
-1
-1
-1
0
-1
-1
0
1
-1
0
-1
-1
0
-2
0
-2
0
0
-2
0
0
0
0
0
-2
0
-2
-1
1
-3
14
-18
-5
9
0
5
-33
13
31
-59
142
-106
-24
-33
147
-117
24
4
-23
29
-23
1
0
-15
23
-35
34
-3
-10
1
-15
54
-47
-7
-13
47
-37
14
-2
1
-16
31
-20
2
3
-1
-1
1
0
2
0
0
1
0
0
0
-1
-1
0
0
-1
0
0
0
0
-1
0
-1
-1
0
-1
-1
-1
0
-1
0
-1
-1
0
1
0
-1
0
-1
-1
-2
0
0
0
-1
-1
-1
0
0
-1
1
-1
-1
-1
-1
0
-1
0
0
0
0
-1
0
-1
-1
-1
-1
0
-1
-1
-1
0
0
0
0
-1
0
0
-1
0
-1
0
0
-2
0
20
-31
14
0
1
-15
35
-49
11
5
46
-56
14
-2
10
1
-36
34
-24
11
0
-7
6
-3
21
-41
23
-52
95
-84
57
-21
7
-8
-9
18
-11
4
0
-10
11
0
-3
-1
2
-1
-1
0
0
0
0
0
0
-1
0
-1
0
-1
0
-1
0
-1
0
-1
0
-1
-1
0
0
0
-1
-1
-1
0
0
0
-1
-1
-1
-1
-1
0
-1
0
0
-1
-1
0
0
0
0
1
0
0
-1
0
0
-1
0
0
-1
0
0
0
0
-1
0
0
-1
-1
-1
1
-1
0
-1
0
-1
2
-1
-1
0
-1
1
0
-1
0
3
1
-11
9
-1
-4
10
-19
8
5
-9
19
-60
81
-95
51
-24
40
-22
0
-7
3
0
-5
4
-12
4
33
-40
-24
54
-5
-24
-19
43
-18
-8
4
8
-1
-9
4
-3
0
1
0
-1
0
0
0
0
0
-1
1
-1
0
-1
1
0
-1
0
0
0
-1
0
0
-1
0
0
0
-1
0
0
0
0
1
0
0
-1
1
0
0
0
0
0
-1
0
0
0
-1
0
-1
0
-2
-1
0
-1
0
-1
-1
0
-1
0
0
0
0
0
-2
-1
0
-1
-1
-1
-1
-1
-1
0
-2
0
-1
-1
1
-1
-1
0
-2
0
0
0
0
2
-5
7
1
-9
-5
7
17
-44
18
22
4
-55
23
39
-34
-6
9
-6
-1
0
2
-7
-3
9
4
-8
0
-1
6
-18
34
-28
0
1
3
-2
-1
1
-1
1
-1
0
0
0
-1
0
-1
-1
0
-1
1
-1
0
0
0
0
-1
0
-1
-1
0
0
0
0
0
-1
1
0
0
-1
0
0
-1
0
-1
0
-1
-1
1
-1
-1
0
-2
0
0
-1
0
1
0
0
-1
-1
0
0
-1
0
-1
0
0
0
-1
0
-1
0
-1
-1
-1
-1
-1
-1
-1
0
-2
-1
0
0
-2
1
-1
0
-1
-1
0
-1
0
0
-1
0
-1
-2
2
2
-4
-3
-2
26
-36
16
-8
0
-1
7
-4
-10
1
6
-8
0
2
-5
0
3
2
-6
7
-11
13
-6
-22
24
-4
-1
-4
1
0
0
2
-1
2
0
0
0
0
0
0
0
1
1
0
-1
-1
0
-1
0
-1
0
0
-1
1
-1
-1
0
0
-1
0
-1
0
-1
1
-1
-1
0
0
0
-1
0
0
0
0
1
-1
0
0
-1
0
0
0
0
-1
-1
0
0
0
1
-1
-1
0
0
0
0
0
0
-2
0
-1
0
-1
0
0
-1
0
-1
0
0
-1
1
-2
1
0
0
-2
-1
1
-1
-1
1
-2
-1
-1
-2
1
0
3
-25
19
5
-15
11
-8
5
-5
-3
-2
3
-7
0
-3
2
-3
3
-2
2
-4
3
-4
3
8
-9
-4
5
-3
-1
0
0
-1
0
1
-2
-1
0
0
0
1
0
0
0
-1
0
1
0
0
0
0
0
-1
-1
-1
-1
0
0
-1
0
0
0
0
-1
0
1
-1
0
0
-1
0
0
0
0
-1
0
0
0
-1
-1
0
1
0
0
-1
0
-2
0
-1
-1
0
0
0
0
-1
-2
0
-1
-1
0
-1
-1
-1
-1
-1
-1
0
0
-1
0
0
-1
0
0
-1
0
-1
-1
0
0
-1
0
-2
0
-2
1
2
-6
2
7
-10
-5
3
-4
3
-3
2
-4
-1
-2
-3
0
0
-1
-2
2
-2
3
-1
-2
0
2
-13
13
-2
-4
2
-1
0
0
1
0
1
1
1
-1
0
0
0
1
0
1
0
-1
1
-1
0
-1
-1
-1
0
0
0
0
-1
-1
0
-2
0
-1
0
0
-1
-1
0
0
0
-1
1
0
0
-1
-1
-1
0
0
0
0
0
0
1
0
0
-1
0
0
-1
1
0
-1
-1
0
-1
0
-1
0
-2
-1
0
-1
-1
-1
-1
0
-1
1
-1
0
1
-1
0
-1
1
-1
-1
-1
-1
0
0
0
-2
-1
-1
0
-4
3
0
-15
12
-2
-3
2
-1
-3
-1
-3
-1
-1
-4
0
-3
3
-2
-1
-1
-1
1
1
1
-16
33
-31
2
6
-4
2
-1
0
-1
1
0
-1
-2
1
-1
0
1
1
0
1
-2
0
0
0
0
0
-1
-1
1
0
-1
0
1
-1
0
0
-1
0
-1
-1
0
0
-2
0
0
-1
-1
-1
1
-1
-1
0
-1
0
0
0
0
0
-1
1
0
0
0
0
0
-1
1
0
0
0
0
0
-1
0
-1
0
0
-1
0
0
0
-1
0
0
0
-1
0
-1
1
-1
-1
-1
0
0
-1
0
1
-1
1
0
0
-2
4
-10
-4
29
-35
15
-2
-2
0
-1
-1
-2
0
-3
-2
0
-3
0
-1
-1
-2
7
-8
6
-6
10
-15
3
5
-4
-1
1
-2
0
0
0
1
-1
0
0
0
-1
0
0
0
0
-1
0
0
-1
0
-1
1
1
0
0
-1
0
-2
0
0
-1
0
0
0
0
0
-1
0
0
0
0
0
-1
0
0
0
0
0
0
0
0
-1
0
-1
0
-1
-1
-1
0
0
0
0
-1
0
0
-1
0
-1
-1
0
-1
-1
-2
0
-2
-1
-1
0
0
-1
-1
0
0
-1
-1
0
1
1
0
1
-1
-1
0
0
-2
0
-1
0
4
-6
-5
13
-11
3
-7
6
-7
0
0
-3
-2
-1
0
1
1
0
0
0
0
0
-1
-1
0
0
-1
-1
-1
-1
1
1
1
1
0
0
1
1
0
0
0
0
-1
-1
0
0
-1
-1
-1
0
-1
-1
-1
0
-1
-1
0
0
-1
-1
-1
-1
0
-1
-1
0
0
-1
-1
-1
0
0
0
0
-1
-1
-1
-1
0
0
0
0
0
0
0
0
-1
-1
0
0
-1
-1
-1
-1
0
0
0
0
-1
-1
-1
-1
0
0
0
-1
-1
-1
-1
-1
0
0
-1
0
0
1
0
0
-1
-1
0
0
-1
0
-1
-1
-1
-1
0
-1
0
-1
-1
-1
0
0
0
0
-1
-1
-2
-2
