0
-3
1
-1
-1
1
-2
1
-1
2
-1
-2
0
1
-2
-2
2
-3
26
-31
2
4
9
0
-11
5
-2
16
-19
4
2
1
3
-18
23
-10
-1
9
0
-10
-10
3
7
1
0
-1
0
-2
1
-2
1
-3
0
-1
-1
0
0
0
0
0
0
0
-1
0
0
0
-1
0
0
0
-1
0
-1
0
0
0
0
1
-2
2
-1
0
-2
0
-1
-2
-8
-2
10
9
-2
-10
1
10
-24
18
-4
-2
-2
-4
18
-16
2
-4
11
0
-8
-5
-2
32
-27
1
-2
1
2
-3
-1
1
1
-3
1
-1
1
0
0
-1
-2
-1
0
-3
0
-1
0
0
0
0
2
-3
0
1
-3
3
-3
0
-24
53
-48
27
-21
26
-24
30
-37
7
16
7
-43
34
-10
7
4
-10
-1
-8
27
-29
14
4
11
-33
11
5
-2
-1
0
2
-3
1
1
0
-1
1
0
-1
-1
1
-2
0
-1
-1
-1
-1
0
-1
-1
0
0
0
0
0
0
-2
-1
-1
1
-1
-1
-2
3
-2
-1
1
1
-4
-12
32
-11
-3
-15
27
-28
7
0
9
-4
-8
10
-34
43
-7
-17
-8
36
-30
22
-26
20
-28
47
-53
24
-1
2
-5
1
-3
-2
1
-3
-1
0
-1
-1
-2
-2
-3
0
-2
2
-2
-2
1
0
0
1
1
-3
0
0
-1
2
2
-2
11
-38
25
7
-11
1
55
-110
85
-39
9
8
-8
0
3
-14
15
2
-21
31
2
-53
38
12
-26
9
-1
0
0
0
2
-1
-1
0
-1
-1
0
-1
-1
0
-1
0
0
0
0
-1
1
0
0
0
0
-1
-1
-1
0
-1
0
0
-2
0
0
-2
0
1
-3
0
1
-1
-1
-8
25
-13
-39
52
-3
-32
21
-3
-16
14
-4
0
6
-8
-7
38
-86
110
-55
-3
9
-9
-25
38
-12
2
-3
-3
0
0
-2
0
-3
-1
-1
-1
-2
0
-1
-3
-1
0
-4
2
-3
0
0
2
-1
1
-1
-1
-2
0
1
-2
-3
51
-65
-2
15
8
-20
19
-6
-7
10
-3
-1
-5
3
0
-4
0
1
3
12
-39
27
-5
14
-20
-3
9
-1
0
0
0
-1
0
0
-1
-2
1
-2
0
-1
0
0
-1
-1
0
-1
1
-1
0
-1
-1
-1
-1
-1
1
0
-1
-1
-1
0
-2
1
0
-2
0
0
0
-1
-1
1
-9
2
19
-15
5
-28
38
-14
-4
-3
-1
3
-1
-4
4
0
2
-10
5
6
-20
20
-9
-16
2
65
-51
1
1
-2
-2
0
-1
-1
-1
0
-3
-2
-2
-1
-5
0
0
-5
-1
4
2
-5
-4
10
-4
-6
6
2
-9
3
1
11
-31
30
-22
9
-3
6
-2
13
-17
-3
7
3
-6
1
2
0
-1
1
-5
-2
9
1
-8
3
4
-8
1
0
1
-1
0
-1
0
0
-1
-1
0
0
-1
0
-1
0
-1
0
-1
0
-1
0
0
0
-1
0
0
0
0
0
0
0
0
0
-1
-1
0
1
0
0
-1
0
-2
-1
-3
8
-4
-4
7
-3
-10
1
5
-3
1
0
-2
-1
5
-4
-6
2
16
-12
1
-6
3
-8
22
-32
31
-13
-4
-5
8
-4
-7
4
4
-12
2
5
-5
-6
1
1
0
-53
101
-40
-85
96
72
-181
67
49
-91
15
107
-44
-59
69
-71
-20
106
-27
-78
75
66
-165
32
97
-49
-29
35
7
-25
16
-16
-16
43
3
-61
20
45
-18
-12
4
0
0
-2
1
0
0
-1
-1
0
-1
1
0
0
0
0
0
-1
-1
0
0
-1
0
0
0
-1
-1
-1
-1
-1
0
-1
-1
0
0
0
0
-1
-1
0
-1
1
-2
0
-1
-1
-4
12
18
-46
-21
61
-3
-43
16
15
-17
27
-8
-36
29
49
-98
-33
166
-67
-76
78
28
-107
20
70
-70
57
43
-109
-16
89
-51
-67
180
-73
-97
83
37
-102
48
0
17
-57
73
-43
-30
6
46
71
-158
-29
154
-46
56
-60
8
-9
-43
140
-158
-5
6
220
-101
-179
46
129
-10
-87
-6
65
-26
29
-91
43
83
-40
-52
61
-71
40
1
0
-2
0
-1
0
-2
1
-1
-1
-1
-1
0
0
0
0
0
0
-1
-1
-1
0
0
0
0
0
0
0
0
0
1
0
1
0
-1
1
0
0
0
-2
0
-1
0
-1
1
0
-3
-40
69
-61
50
38
-83
-43
90
-29
26
-66
5
86
10
-129
-47
179
100
-221
-7
5
158
-140
42
8
-10
59
-57
45
-157
27
156
-71
-47
-7
29
42
-76
56
-22
0
68
-93
-42
93
-25
-148
467
-412
167
-94
68
-183
333
-464
398
-188
233
-346
212
-33
-210
368
-285
124
109
-115
-37
87
-112
46
-12
78
-84
104
-100
5
73
-105
58
-18
9
4
-3
3
-3
1
-1
1
-2
1
-1
1
-1
-2
-1
0
-1
-1
-1
-1
0
0
-1
0
-1
0
-1
1
0
0
-1
0
-1
1
-1
-2
1
-2
1
-1
-1
-2
3
-3
1
-4
-9
18
-59
104
-73
-6
99
-105
82
-79
11
-47
113
-88
35
114
-111
-124
286
-369
209
33
-215
345
-235
188
-398
461
-335
181
-68
92
-170
412
-469
148
24
-94
38
92
-71
0
23
-51
98
-99
67
68
-303
120
153
273
-649
415
-243
270
-168
29
97
-229
194
-129
133
-179
256
-170
5
80
-116
135
-136
125
-51
-96
119
-60
89
-129
111
-75
32
-9
6
-1
0
1
-2
0
2
-2
0
-1
0
-1
2
0
-2
1
-1
0
0
0
-2
-1
0
0
0
0
0
0
0
-1
1
-2
2
-1
0
1
-1
1
-1
2
-3
-2
1
-2
0
0
-6
8
-32
73
-112
128
-90
60
-120
95
51
-125
135
-135
117
-80
-5
170
-257
181
-132
129
-194
229
-97
-29
167
-272
241
-417
645
-274
-155
-121
302
-67
-69
98
-100
50
-28
0
-41
75
-64
61
-90
285
-515
170
160
323
-574
120
129
-69
14
-31
143
-205
173
-146
114
36
-238
237
-137
108
-99
46
12
-34
-2
69
-9
-93
135
-127
42
10
-38
42
-9
-2
-1
-1
1
0
-2
0
-1
2
-1
0
0
-1
0
0
0
-1
0
0
-1
-1
1
0
-1
0
0
0
0
0
-2
-1
-1
0
1
-1
0
-4
1
0
1
-1
-1
1
-1
2
8
-43
37
-11
-43
126
-136
91
8
-69
2
33
-12
-47
98
-110
137
-238
238
-37
-116
146
-173
203
-144
31
-14
66
-129
-121
572
-323
-162
-170
513
-285
88
-62
62
-76
37
0
-47
56
-6
-48
93
65
-225
51
177
-635
644
249
-184
-613
470
-102
78
-27
-86
-17
308
-160
-157
145
-60
-27
54
-3
-22
44
-61
62
-5
2
-119
90
69
-50
-47
28
2
0
0
2
0
1
-1
1
0
0
0
-1
-1
-1
-1
-1
0
-1
-1
0
-1
0
0
0
0
-1
-1
-1
-1
0
0
-1
0
0
-1
0
-1
1
-1
-1
1
-1
0
-2
0
-1
-2
-29
46
50
-71
-90
119
-3
4
-63
60
-43
22
3
-56
26
59
-146
158
160
-308
17
86
27
-80
102
-471
612
181
-248
-643
632
-181
-51
226
-67
-94
47
3
-58
42
0
23
-42
22
-26
67
39
-184
220
-231
176
148
-544
686
-596
266
-29
-137
178
-32
13
-51
158
-200
18
61
49
-17
-105
46
60
-36
18
-55
19
51
-61
28
27
-45
10
0
1
-1
1
-2
-1
1
0
0
0
-2
1
-2
0
0
0
0
0
-1
1
-1
-1
-1
0
0
1
0
-1
-1
0
0
-1
0
-2
1
-2
1
-1
-1
0
-1
0
1
-2
0
-1
-3
-11
46
-28
-28
60
-51
-21
54
-19
35
-61
-46
106
16
-49
-61
-19
201
-158
51
-13
31
-180
137
29
-268
594
-688
544
-149
-177
229
-222
182
-39
-70
24
-24
41
-27
0
54
-69
15
67
-180
232
-199
225
-265
244
36
-507
771
-919
620
-226
297
-344
262
-114
-67
132
-116
74
-24
-16
54
-79
28
27
0
-27
21
-21
32
-42
38
-20
12
-8
2
0
-2
3
-3
0
-1
0
0
0
-1
0
-1
-1
1
0
-1
0
0
-1
0
0
0
0
0
0
-1
1
-1
0
1
-1
-1
0
0
-1
0
-1
1
-1
0
-1
2
-3
1
0
-2
7
-14
20
-38
40
-32
19
-22
27
0
-27
-27
80
-56
16
24
-74
115
-133
67
113
-262
344
-298
225
-620
916
-771
505
-36
-245
262
-225
198
-233
178
-68
-17
68
-58
0
-19
27
-9
7
-32
153
-228
48
45
-116
62
296
-178
-65
-85
134
-150
131
-74
44
60
-141
117
-60
24
-8
26
-45
22
-4
-14
8
29
-37
22
-25
22
-7
1
-1
-1
1
-4
2
0
0
-1
1
-1
0
2
-1
-1
0
0
-1
1
-2
-1
0
0
0
0
0
-1
0
0
-2
-1
0
-2
1
-1
-1
0
0
-3
0
0
-1
0
-1
0
-3
4
-2
0
1
0
6
-22
25
-24
36
-30
-8
12
3
-24
45
-27
7
-25
60
-116
140
-59
-46
74
-133
150
-134
83
65
177
-298
-64
113
-47
-48
226
-154
31
-9
7
-29
14
0
-57
75
-37
-33
122
79
-303
-39
322
-202
-129
431
-131
-214
43
95
-12
6
-73
20
12
24
-32
30
-16
1
16
-26
10
-6
4
-2
2
-3
5
5
-11
2
0
2
0
-4
-1
5
-4
1
0
-1
-1
0
-1
0
0
-1
0
-1
1
0
-1
0
0
-1
0
0
0
1
0
-1
1
0
-1
0
-1
0
0
-2
1
-1
-1
0
1
-1
3
-6
0
3
-1
-2
0
-4
9
-6
-5
2
-3
2
-6
6
-10
25
-17
-2
16
-30
32
-25
-14
-20
72
-7
13
-96
-45
211
129
-433
128
200
-323
38
302
-81
-124
31
33
-76
52
0
18
-40
34
-34
26
133
-316
207
-114
318
-475
427
-105
-239
175
-21
-48
87
-50
-24
58
40
-101
30
7
5
1
-12
3
10
-7
5
-5
2
7
-13
-6
14
-3
-8
0
5
-4
-2
4
-2
-5
6
-2
-2
2
-1
0
-1
1
0
-2
0
1
-1
1
-1
0
0
0
-1
0
1
0
-1
0
-1
-1
0
0
1
-1
1
1
-6
6
2
-6
1
2
-5
-3
6
2
-15
3
12
-8
-3
5
-6
8
-11
-3
11
-2
-5
-9
-30
102
-40
-59
23
49
-88
47
21
-176
237
103
-428
472
-320
112
-208
316
-134
-27
32
-38
39
-22
0
81
-115
31
32
-48
112
-155
150
-31
-267
296
-158
107
-5
-9
-39
39
-21
-3
-8
19
3
-18
10
-3
-5
6
-3
-4
3
8
-8
1
2
-4
-2
2
3
-6
4
-1
-1
2
-1
-1
0
0
-1
-2
-1
-1
0
-1
0
1
0
0
0
-1
1
0
-1
0
0
-1
0
0
0
0
-1
0
-1
-2
0
0
0
0
0
-1
0
-1
0
1
2
-1
-1
1
-5
5
-4
-3
1
3
-3
-2
7
-6
-3
4
2
-8
4
3
-11
18
-4
-20
8
3
20
-40
38
8
3
-110
156
-298
264
28
-150
154
-113
47
-34
-33
116
-84
0
8
-36
27
0
13
-58
55
-15
-2
7
42
-84
15
17
-1
14
-27
17
9
-4
-15
0
9
-5
1
0
0
1
-4
2
-7
9
-4
-1
0
-1
1
0
0
0
0
-1
0
-1
0
0
-1
0
0
0
-1
0
-2
0
0
0
-1
0
0
-1
0
-2
0
0
-1
-1
0
1
0
-1
0
-1
0
0
-1
-2
0
-1
-1
-1
0
0
-2
0
0
-1
-2
-1
-1
-1
0
0
-1
1
5
-9
7
-3
3
-2
1
-1
-2
5
-10
-1
14
4
-10
-18
26
-15
0
-19
-16
83
-44
-9
0
14
-57
57
-14
-1
-29
34
-12
0
4
-9
7
0
3
-19
17
-9
18
-21
5
19
-21
-6
15
-2
-6
10
-6
5
-8
3
-1
0
2
0
0
0
0
1
3
-7
3
0
-2
1
-1
-1
2
-1
-1
-1
0
-1
-1
0
1
0
-1
0
0
0
-1
1
-1
0
-1
-1
0
0
1
0
-1
0
0
0
0
-1
-1
1
0
-1
-2
-1
0
0
0
-1
0
0
-1
0
0
0
0
-1
1
0
-3
0
0
-2
2
-1
-4
7
-4
-1
-1
0
0
-1
-2
0
1
-4
6
-5
5
-10
4
2
-15
5
20
-20
-5
19
-20
9
-18
19
-5
-2
-9
7
-8
0
0
1
-2
-1
-2
-6
27
-62
71
-4
-66
60
-44
56
-42
8
-4
6
0
-1
1
-2
0
0
0
1
0
0
0
-2
3
-4
0
0
-2
0
0
-1
0
-1
-1
0
-1
-1
-1
-1
0
0
-1
-1
1
0
0
-2
0
-1
1
0
0
-1
1
0
0
0
0
0
-1
0
-1
-1
-1
-1
0
0
1
0
-1
1
0
-1
-1
0
0
-1
-1
-1
1
0
0
-1
1
0
0
0
-1
4
-3
0
-1
-1
0
-2
2
-2
0
2
-2
0
0
-6
2
-9
40
-57
44
-61
65
2
-73
61
-29
6
0
-1
-1
-1
-4
0
-1
-1
-1
0
-2
-5
7
5
-7
11
-23
1
10
-2
-1
-2
1
0
1
0
-2
0
3
-2
2
-2
2
0
1
1
-3
4
-3
0
0
1
-2
2
0
-1
0
0
0
-1
-1
0
-1
0
-1
0
0
0
0
1
-1
-1
0
-1
0
0
-1
0
-1
0
0
0
1
-1
0
0
-1
0
0
-1
1
0
1
0
0
-1
0
-1
0
0
-2
-1
0
-1
1
-2
1
-2
0
-2
2
-4
2
-1
0
1
-2
2
-3
1
-2
0
1
-1
-1
0
-2
1
-1
1
-11
-3
21
-11
5
-6
-9
3
0
-3
0
0
-4
0
-3
1
-1
-1
-2
1
-1
2
-2
0
-2
-2
0
-4
0
1
-1
0
2
0
-1
0
3
-4
2
-1
0
0
-1
1
0
-3
4
-3
2
0
-1
0
1
0
0
-1
1
0
0
0
0
1
-1
0
-1
0
0
-1
1
-1
0
-1
1
0
-1
-1
-1
0
0
0
-1
0
0
0
-1
0
-1
0
0
0
0
-1
0
-1
2
-1
-1
-1
-2
0
-1
-1
-1
0
-1
-1
-2
3
-4
2
-1
-1
-1
0
0
-1
-2
3
-4
0
0
0
-2
0
0
-1
-3
2
-4
2
-1
-2
2
-3
0
-1
0
-1
-1
-4
-2
0
-2
-1
0
-1
1
-2
-1
0
0
-5
2
0
-1
-3
2
-1
1
-1
-1
1
0
0
-1
1
0
-1
0
0
-1
0
-1
0
-1
0
0
-1
0
-1
-1
-1
-1
1
-1
1
0
0
0
0
0
-1
-2
0
-2
0
-1
0
0
1
-1
-1
-1
0
0
0
0
-1
-1
0
0
0
-1
0
0
-1
0
-1
-1
-1
0
-1
0
-1
-1
-1
-1
-1
-1
0
-1
-1
-2
0
0
0
0
-1
1
-1
-1
-1
0
0
-1
-1
1
0
0
-1
0
1
-2
0
-4
2
0
-2
-4
3
-3
-1
0
0
-2
0
-3
-1
-2
0
-2
0
1
-1
1
2
-1
-6
7
10
-19
-3
0
18
-13
0
1
0
1
0
2
-1
-2
1
0
-1
0
0
-1
0
0
-1
1
-1
0
-1
0
0
0
-1
0
0
-1
-1
1
0
0
-1
-1
0
0
1
1
0
1
-1
-1
0
-1
0
0
-1
-1
0
0
0
0
0
0
0
0
0
-1
-1
0
-1
0
-1
0
0
0
-1
0
0
-1
-1
-1
0
-1
1
-1
0
0
0
-1
1
1
0
1
-1
0
0
0
-2
1
0
-2
0
-1
-1
0
-1
11
-20
-2
3
17
-11
-10
5
0
-2
-3
0
-3
-1
-3
0
-3
2
-2
1
-1
-1
0
-2
4
-1
-4
-3
-4
9
-4
0
0
1
1
-1
2
-1
0
0
0
0
0
-1
0
1
-1
-1
-1
0
-1
-1
-1
-1
0
0
0
-1
-1
-1
0
-1
0
0
0
-2
1
-1
-1
0
0
-1
-1
-1
-1
0
0
-1
0
0
-1
0
-1
-1
0
-1
-1
-1
1
0
-1
0
-1
0
-1
0
0
-1
0
0
-1
-1
0
-1
-1
-1
-1
0
0
-1
-1
0
0
0
0
0
0
0
0
0
0
1
-1
0
0
-2
0
0
4
-12
2
1
1
0
-7
1
-1
-1
-1
-2
0
-3
-1
0
-3
0
-1
0
0
-1
0
0
-3
0
-2
1
-3
-1
-1
1
-1
1
0
1
0
0
1
-1
0
0
0
1
0
0
0
0
0
0
0
1
-1
0
0
0
-1
-1
0
0
-1
0
1
-1
0
0
0
-1
0
-1
0
-1
0
0
0
0
-1
-1
-1
0
-1
0
0
-1
0
0
0
-1
0
0
-1
0
-1
-1
0
0
-2
0
-1
0
-1
-1
1
0
-1
0
0
-1
-2
0
-1
-1
1
0
0
0
0
-1
0
0
-2
0
0
-1
-1
-1
0
-2
-1
-1
0
-2
0
-1
0
-1
-2
0
-2
0
-2
-1
-3
0
-2
0
-1
0
1
-1
0
0
0
-2
0
0
-1
-1
0
0
-1
1
-1
1
-1
-1
0
0
0
-1
-1
0
0
-1
1
0
0
0
-1
0
0
0
-1
0
0
0
0
0
0
0
-1
0
0
0
-1
0
0
-1
0
0
0
0
-1
-1
-1
-1
-1
0
-1
0
-1
-1
0
-1
-2
0
0
0
0
-1
0
0
-1
-1
0
-1
-1
-1
0
0
0
0
0
0
-1
-1
0
0
-1
0
0
1
-1
0
-1
1
0
-1
1
-1
-1
-1
-1
-1
-1
-1
-1
-1
-1
-2
0
0
-2
0
0
0
-1
-2
-2
-1
-2
0
-2
1
0
-1
0
0
1
-1
2
-1
-1
-2
0
-1
0
0
-1
0
0
0
0
0
-1
0
0
0
-1
-1
-1
0
-1
0
0
0
0
1
0
0
-1
-1
-1
0
-1
0
0
1
0
-1
0
0
-1
0
0
0
0
0
-1
-1
-1
-1
-1
-1
-1
0
0
-1
0
0
0
-1
0
0
0
-1
0
0
0
-1
0
0
0
0
0
1
0
0
-1
0
0
0
-1
-1
0
-1
0
0
0
1
0
1
0
0
-1
-1
0
0
0
0
-1
0
0
-1
0
-1
-2
1
-1
0
-2
0
-1
-1
-1
-1
-1
-2
-1
0
-2
0
-1
0
0
-1
-1
-3
3
-2
-1
0
-1
-2
0
0
-1
0
-1
0
0
0
0
0
0
0
0
0
0
0
0
0
0
0
1
-1
-1
0
0
-1
0
0
0
0
0
0
1
0
-1
-1
-1
0
-1
0
-1
-1
-1
0
-1
-1
-1
0
0
0
0
0
0
0
0
-1
0
-1
0
0
-1
0
-1
-1
-1
-1
-1
0
-1
0
-1
0
-1
0
0
0
-1
1
0
-1
-1
0
0
1
0
-1
0
0
0
-1
1
0
0
-1
1
0
1
-1
-1
0
-1
-1
-1
0
-5
2
-1
0
-1
-1
0
-2
-2
0
-3
0
-2
0
1
-2
0
1
-1
-2
0
0
-2
-1
0
0
0
-1
0
-1
-1
0
1
0
0
0
-1
1
-1
1
0
-1
0
0
0
1
-1
0
1
-1
0
-1
0
0
-1
1
-1
0
-1
-1
0
0
0
0
0
-1
0
0
-1
-1
0
0
0
0
0
-1
0
0
-1
0
-1
0
0
0
-1
0
-1
0
0
-1
-1
-1
-1
-1
0
0
0
0
-1
0
0
-1
-1
0
-1
1
0
0
0
0
0
0
-1
0
-1
0
-1
0
1
0
0
-1
-1
-1
-1
-2
0
0
-2
-1
0
0
-1
-2
-1
-2
-2
0
-3
0
-2
0
0
0
0
0
-2
0
-3
0
-1
-1
-2
0
-1
0
0
0
0
0
0
0
-1
0
0
0
0
-1
0
0
0
0
0
0
0
0
-1
0
0
-1
-1
0
-1
0
0
0
-1
-1
1
0
0
-1
-1
0
1
-1
-1
0
0
0
-1
0
-1
-1
0
-1
-1
0
-1
0
0
0
0
0
-1
0
-1
0
-1
0
0
0
1
-1
-2
0
0
0
-1
0
-1
-1
0
0
0
0
-1
-1
0
0
-1
0
-1
0
-2
-1
0
-1
0
0
-1
0
-2
-2
1
-2
-1
0
-1
-1
-1
0
0
-1
-2
0
0
0
0
0
-2
-1
-1
0
-1
-1
0
-1
-1
-2
-2
0
0
0
0
0
0
0
0
0
-1
-1
0
0
1
0
0
-1
-1
0
0
0
0
0
-1
-1
-1
0
0
0
0
-1
0
0
0
-1
-1
0
-1
0
0
0
0
0
0
-1
-1
-1
0
0
0
0
0
0
-1
-1
0
0
0
0
0
-1
0
-1
-1
-1
-1
0
0
0
-1
-1
-1
0
-1
0
0
0
-1
-2
-1
0
0
0
-1
0
0
1
-1
0
-1
-1
-1
0
1
0
-1
-1
-1
-1
-1
0
-1
0
-1
0
-1
0
0
-1
-2
-2
-2
