0
-1
1
-1
1
0
-2
2
4
-6
2
-2
0
-2
4
-3
0
0
2
-2
-3
9
-8
0
3
-2
0
1
0
-6
7
-2
0
0
-2
-1
1
-1
-3
9
-9
3
-5
2
-1
1
-1
1
-2
0
-1
-1
0
-1
-1
1
0
1
1
-1
-1
0
0
0
0
0
-1
0
0
0
-1
0
-1
0
-1
0
-1
1
-1
-1
1
-1
0
0
0
-3
4
-5
8
-11
1
-1
-2
1
0
-1
0
2
-8
6
-1
-1
-1
1
-4
0
7
-9
2
2
-3
0
-1
1
-6
1
0
2
-3
4
-5
-4
1
-1
-1
-1
-2
-2
0
-1
3
-2
0
3
-1
-12
4
10
-5
3
-11
16
-26
17
0
-2
0
-3
8
-4
-5
2
1
1
-1
0
0
6
-7
5
-3
2
-2
1
-1
4
-5
5
-7
3
1
-2
1
-1
-1
-2
0
-1
0
0
0
-2
1
0
-1
-1
0
-1
0
-1
-1
0
0
1
0
0
0
0
-1
0
0
-1
0
1
-1
-1
-1
0
-1
0
0
-1
-1
2
-2
-3
6
-6
4
-3
0
-1
1
-3
3
-5
7
-7
1
-1
0
0
0
-2
4
2
-8
3
-1
2
-1
-18
26
-18
9
-6
3
-11
-5
12
-1
-4
-2
0
-4
-2
0
0
-10
1
11
-10
13
-22
15
-7
1
-3
5
13
-21
1
2
2
4
17
-80
83
-30
7
0
-2
-1
1
3
-14
12
-4
4
-3
-1
-1
-2
8
3
-17
2
4
2
0
-1
-1
-1
-1
1
-1
-1
4
-4
4
-4
1
-3
1
-2
0
0
0
0
0
0
0
0
0
0
-1
0
-1
1
-3
2
-4
4
-4
1
2
-2
0
0
-1
0
-1
-2
-3
-3
17
-4
-8
1
-1
1
3
-4
3
-13
14
-4
-1
-1
2
-1
-6
28
-83
79
-18
-5
-3
-3
-1
20
-16
-6
2
-3
4
-15
21
-13
8
-13
-4
9
-4
0
-18
35
-19
-38
15
61
-79
34
4
4
-28
6
72
-114
61
-7
-4
-10
27
-55
80
-26
-32
17
4
-2
-1
-3
9
0
-11
7
-1
-1
-1
11
-25
44
-35
-11
17
-2
2
1
-3
3
-1
2
0
1
-2
3
-1
9
-16
2
2
-1
-1
0
0
0
-1
0
-1
0
0
0
-1
0
-2
-3
14
-9
1
-4
1
-2
1
-2
3
-3
2
0
-4
2
-19
10
36
-44
24
-12
-1
0
-1
-7
12
0
-9
2
0
2
-4
-18
32
26
-82
54
-27
10
3
7
-63
114
-73
-7
26
-5
-7
-35
77
-62
-16
37
17
-34
14
0
-70
17
12
37
-66
33
-12
13
2
-7
1
-48
145
-135
25
4
-1
9
-18
28
8
-16
-29
21
0
0
-3
5
-12
13
-6
-2
10
-7
1
-4
-7
-10
51
-40
11
-8
5
-1
-1
1
-2
2
-2
2
-3
3
-1
-8
7
-1
-1
0
0
0
-1
0
-1
0
1
-1
1
-1
-1
0
-1
-1
-6
7
1
-4
3
-3
2
-2
2
-1
0
1
-6
8
-13
39
-52
7
6
5
-2
7
-11
1
5
-13
12
-5
0
0
-1
-22
28
15
-8
-28
18
-10
1
-4
-27
134
-146
46
-3
6
-4
-14
10
-34
65
-38
-15
-17
65
0
-12
34
-53
121
-45
-238
304
-99
-41
41
-28
44
-96
70
1
8
-6
52
-77
-96
164
-38
-10
5
-3
2
0
-8
10
-2
2
-7
3
-2
-1
-3
-6
33
-56
39
4
-7
-3
-3
1
-1
0
0
1
-2
-1
0
0
1
-2
1
0
0
-1
0
0
-1
0
0
0
-1
0
-1
0
-1
1
-1
1
-1
0
-2
0
1
-1
0
-1
0
-1
3
3
6
-4
-39
55
-33
5
1
1
1
-4
6
-3
1
-11
7
0
-2
2
-5
12
39
-164
96
76
-51
6
-8
0
-71
95
-46
27
-42
39
99
-304
237
44
-122
50
-36
8
0
93
-152
51
31
30
-137
189
-167
95
-56
66
224
-507
252
0
23
-27
84
-147
-13
137
-44
-17
-6
9
-1
1
-22
41
-17
-5
4
0
-3
8
-5
-17
55
-33
-46
52
-11
-2
4
-2
-1
0
-1
-1
2
1
-2
0
-9
7
1
-3
0
0
0
-1
-1
-1
0
0
0
-2
-1
0
0
1
-1
-8
8
0
1
-2
-2
1
0
-1
0
1
-6
2
11
-51
45
32
-56
15
5
-8
2
0
-5
6
17
-42
22
-1
0
-10
6
17
44
-137
12
147
-85
26
-24
-1
-253
507
-225
-67
54
-94
167
-190
136
-31
-33
-55
151
-97
0
-113
207
-134
-11
48
49
-19
-138
125
36
-193
352
-450
270
-51
3
28
-28
-50
52
-16
31
-27
21
-11
-1
-2
14
-21
19
-12
5
0
-2
-1
5
-21
43
-53
44
-23
0
2
1
-3
1
-1
-1
-1
2
-4
6
-9
9
-9
4
0
-1
-1
0
-1
0
1
0
-1
-1
0
-1
-1
1
0
-5
8
-9
9
-8
3
-3
-2
0
0
-2
2
-1
-4
-1
23
-45
52
-44
20
-5
-1
0
-1
-5
11
-19
23
-14
3
0
9
-21
27
-31
16
-52
50
27
-30
-4
49
-271
449
-353
191
-37
-127
138
17
-50
-49
9
130
-208
107
0
64
-144
171
-24
-271
185
-1
57
41
-206
213
5
-142
-19
91
-37
30
-5
-63
76
7
-61
42
-24
10
-2
-4
3
10
-21
16
-8
3
-3
1
-2
10
15
-128
164
-57
-10
8
-1
-2
-1
1
-2
1
-2
-1
0
2
-11
12
-8
1
-1
-1
0
0
0
0
0
-1
0
0
-1
-1
0
-2
7
-13
9
-3
-1
-1
1
-2
1
-3
-1
3
-1
-9
8
55
-165
127
-15
-11
1
-2
1
-4
8
-16
20
-11
-4
2
1
-10
22
-42
60
-6
-77
62
4
-31
36
-92
18
140
-6
-214
205
-42
-58
1
-186
270
23
-173
142
-70
0
39
-46
77
-21
-143
236
-147
11
-55
41
67
-1
-37
-22
10
9
-14
-5
52
-75
32
19
-10
-6
7
-6
6
-9
-5
20
-6
-1
0
-3
2
4
-9
19
-22
3
-5
11
-6
-2
1
-1
1
-1
1
-1
-3
4
2
-3
-1
-3
2
-1
-1
1
-1
0
0
0
0
0
0
-1
-1
0
-3
2
0
2
-2
-5
2
-1
-1
0
-2
0
-1
1
4
-12
3
-3
22
-20
8
-4
-3
1
1
0
7
-20
6
9
-5
4
-7
6
10
-20
-32
75
-51
5
14
-10
-11
20
35
0
-68
-41
53
-11
147
-236
141
20
-79
45
-43
0
-115
160
-22
-111
177
-272
243
-78
22
-73
106
-189
164
-13
-15
-4
-8
-18
50
-24
5
-14
-1
8
-5
-1
1
1
-2
0
2
-1
-2
1
-1
-1
9
-15
15
-14
3
0
-2
1
1
-2
-1
1
-1
0
-1
0
2
-2
-2
1
0
0
0
0
-2
-1
1
0
0
0
0
0
0
0
-1
-2
2
2
-3
0
0
-1
0
-1
0
0
-2
-2
0
-1
-3
14
-16
14
-10
0
1
-2
0
1
-1
0
2
-2
-2
2
3
-8
-1
13
-7
23
-50
17
7
4
14
12
-164
188
-106
71
-23
78
-245
271
-178
110
19
-159
111
0
132
-163
31
-20
76
-6
-31
26
-72
47
-39
91
-16
-56
21
-16
-7
58
-54
22
2
-11
3
1
-3
0
-2
-1
5
-3
1
-1
1
-1
-2
4
-9
-7
24
-18
9
-7
-2
7
-4
0
-1
1
-1
0
-2
1
-3
2
0
-1
1
0
-1
0
0
0
0
0
-1
1
-1
-1
0
0
-1
0
0
-3
2
-2
0
-1
0
-1
0
0
3
-7
1
6
-9
18
-26
6
8
-5
1
0
-2
0
-1
3
-5
-1
1
-1
3
-2
-4
10
-2
-22
55
-58
5
16
-23
55
14
-92
37
-46
69
-27
29
5
-77
19
-34
162
-136
0
49
-78
61
-41
23
-34
43
-6
0
-24
40
-96
95
-28
3
-10
-8
17
-5
4
-12
5
1
-2
2
0
-1
0
4
-3
2
-2
0
-1
0
2
-7
13
-18
10
-5
1
1
-2
0
0
-3
2
0
0
-2
2
-2
-2
1
0
-1
-1
0
0
-1
0
-1
0
0
-1
1
1
-1
1
-1
0
-2
2
0
-3
1
0
0
-3
1
-1
-2
2
-3
-2
4
-11
17
-15
6
-3
0
0
-2
1
-3
2
-4
1
-1
-1
-3
1
-1
-6
11
-3
4
-18
6
9
-5
26
-97
95
-41
21
-3
5
-44
32
-24
39
-63
77
-53
0
-61
98
-45
-6
-38
81
-38
-15
29
-30
5
12
-10
5
-2
0
-5
-2
17
-23
13
-2
-2
2
-2
1
-2
1
1
0
-1
1
-2
1
-2
-1
0
2
-12
12
-5
2
-2
2
0
0
0
-1
0
0
1
-1
-1
2
-1
0
0
0
0
-1
-1
-1
0
0
0
0
-1
-1
-1
0
-1
-1
1
-2
0
0
0
0
0
1
-1
-1
0
-3
1
-2
6
-13
11
-3
-1
1
0
-1
0
-1
0
0
-2
-1
1
-2
-1
-3
2
1
-13
22
-17
0
5
0
2
-7
7
-13
-7
27
-31
14
36
-82
37
4
43
-99
55
0
6
-26
40
-40
17
-13
10
2
0
-2
-2
-2
5
-11
5
1
-1
3
-8
8
-4
2
1
1
-1
0
0
0
1
-2
2
-2
-1
1
-1
2
-1
-3
2
3
-3
1
0
0
-1
-1
1
-2
1
0
0
-1
0
0
-1
0
-1
-1
0
0
-1
0
-1
0
0
0
-1
0
-2
0
0
-1
0
-1
0
0
0
1
-1
2
-2
0
1
-1
0
-2
2
-3
-3
2
0
-1
1
-2
0
1
-2
1
-2
0
0
0
1
-1
-1
-2
3
-8
6
-3
0
-1
-6
10
-6
1
0
-1
-1
-3
-11
11
-18
38
-43
25
-10
0
-16
19
-6
-6
3
14
-34
29
-11
-5
18
-12
-15
18
-5
-1
-1
-2
6
-7
0
1
1
0
0
2
-2
0
0
0
0
0
0
-1
1
0
0
-3
-1
0
0
-1
0
-1
0
-2
0
0
0
1
-1
1
0
-2
0
-1
-1
-1
1
0
0
0
1
0
-1
0
0
0
0
0
-1
0
1
1
-1
-1
1
-1
-1
0
-2
1
-3
0
0
0
-1
-1
1
2
0
0
-2
-1
0
0
0
-1
-1
-1
0
-3
0
0
-1
-1
-2
7
-7
0
1
1
4
-17
13
10
-19
3
8
-29
35
-16
-4
4
3
-20
12
0
-38
39
-11
9
8
-47
27
7
-7
5
3
1
-22
15
-2
0
1
-3
0
-1
0
-1
0
1
-1
0
-1
1
0
0
0
-2
2
-2
0
1
-2
1
0
1
-2
0
-1
1
0
-1
-1
-1
0
0
0
0
-1
-2
1
-1
-1
1
0
0
0
-2
1
0
-1
0
0
0
1
-1
1
0
-1
0
-1
-1
-1
0
0
0
0
0
0
-1
-1
-2
0
-1
0
-2
1
-3
-1
1
-3
1
-1
0
0
-1
0
0
0
-1
-1
-1
0
0
-1
1
-2
-1
1
-16
20
-4
-4
-7
6
-8
-27
46
-9
-11
7
-39
33
0
-1
5
-10
-8
19
16
-32
5
5
-9
6
15
-30
13
-2
0
0
-1
0
0
-1
-1
0
-1
1
1
-1
0
-1
-1
2
-1
0
-2
0
-1
0
1
-1
0
-1
0
1
-1
0
0
-2
-1
0
-3
1
-2
-1
0
-1
-1
-1
-1
1
-1
0
0
-1
0
0
0
0
1
-2
1
1
-1
0
1
0
0
-2
2
-1
0
0
-1
0
1
0
-1
0
-1
0
-1
0
0
-1
0
-2
0
0
0
1
0
0
0
-1
0
-1
0
0
0
-2
1
-1
-1
0
-14
28
-15
-8
7
-7
-6
31
-17
-21
7
7
-6
-3
0
16
-18
-2
11
-18
1
8
3
-4
0
6
-11
6
-3
-1
-1
0
0
0
0
0
0
-1
-1
1
0
0
0
0
-2
1
0
1
0
1
0
0
0
2
-3
1
0
0
-1
1
-3
1
-1
-1
-1
0
1
-1
0
0
-1
-1
1
-1
0
-1
0
-1
0
-1
-2
0
-1
1
-1
0
0
0
-1
1
-1
-1
0
0
0
-3
1
-2
0
-1
-1
-2
2
-3
-1
0
-1
-2
0
-1
0
-1
1
0
-1
1
0
1
0
0
-1
1
0
-1
-1
-2
0
-1
2
-6
9
-6
-1
2
-4
-9
-3
17
-13
-1
16
-20
0
-8
20
-21
13
-15
25
-20
1
1
-1
2
-3
-1
0
0
-1
2
-1
0
0
0
-2
2
-1
0
-1
1
-1
0
0
-1
0
0
-1
0
1
-2
-1
1
-3
2
-1
1
1
-1
-1
0
-1
0
-1
-1
-1
0
0
0
-1
0
0
0
0
-1
0
-2
0
0
-1
0
0
0
-1
-1
1
0
1
0
-1
-1
0
1
0
-1
0
1
-2
-1
2
-3
3
-2
0
1
-2
-1
0
0
0
1
-1
0
0
-1
-1
-1
0
-2
1
0
-1
-1
0
-1
0
-2
-1
-1
1
-5
-1
-2
-1
20
-26
14
-15
17
-21
3
0
2
-4
0
2
17
-36
18
0
-8
2
11
-6
-14
9
4
-10
3
8
-6
-13
11
13
-9
-9
5
-2
-2
6
4
-11
-4
13
-2
-11
7
7
-7
-8
6
5
-5
0
-1
-2
4
4
-9
-4
10
5
-13
0
8
-2
-4
1
0
-2
0
0
-1
0
0
0
-1
-1
0
-1
0
0
-2
-2
3
1
-9
-2
12
-5
-11
3
8
-5
-4
1
0
-1
4
-6
-7
7
6
-8
-8
11
3
-14
3
11
-3
-6
0
1
-5
10
9
-12
-14
13
5
-9
-4
9
-5
-9
11
5
-12
-4
7
0
-19
35
-18
-3
-2
2
-6
0
-1
-2
14
-33
42
-34
6
16
-20
14
17
-87
78
0
-16
-5
10
-11
50
-49
-47
84
-41
6
6
-5
12
-20
3
21
-16
-7
16
-15
13
0
-20
20
-6
-6
4
1
0
-1
-1
3
-11
12
1
-14
14
-6
-2
3
0
-3
1
-2
-1
0
-1
0
-1
0
-1
-1
0
0
-1
1
-2
2
0
-4
1
6
-15
13
-1
-13
11
-4
0
0
0
-2
-5
5
6
-21
19
-1
-14
14
-17
7
16
-21
-4
20
-12
5
-6
-7
41
-85
48
50
-50
10
-11
4
15
-1
-79
86
-17
-16
18
-17
-6
34
-44
32
-17
0
-4
0
1
-4
-2
-6
1
24
-22
0
0
3
-16
21
25
-53
12
9
0
-3
11
6
-45
25
0
3
1
-1
6
-16
10
2
-2
0
0
-3
1
1
1
-3
-2
-1
3
-2
0
-2
0
2
1
-3
2
-3
0
0
-2
0
-2
1
-1
0
0
-1
-1
0
-1
0
0
0
0
-1
0
-1
0
-2
1
0
2
-1
-2
3
-3
3
-1
-2
-1
1
-2
1
-5
0
-1
4
0
-2
-2
2
-1
0
1
-2
-11
16
-6
1
-1
-4
0
-26
45
-7
-11
2
-1
-9
-14
52
-26
-22
15
-6
-2
0
21
-25
-2
5
-3
2
-7
0
-46
117
-181
133
-38
-8
9
0
-1
-5
8
-25
24
-4
25
-63
34
-3
-22
106
-134
45
17
-12
0
3
-2
-5
6
3
-7
-3
6
0
-19
32
-24
5
5
-3
0
-1
2
-3
-1
1
-2
0
-1
0
0
-1
-3
5
-5
2
-1
-1
-1
-1
-1
-1
0
0
-1
0
-1
0
-1
0
0
-3
4
-6
3
-1
0
-1
0
-1
0
-2
-1
2
-4
1
-2
2
-6
-6
24
-33
18
0
-7
2
6
-3
-6
5
2
-3
-1
11
-18
-45
133
-107
22
3
-35
62
-27
4
-27
23
-10
3
-1
-2
-8
7
37
-134
178
-118
42
0
-12
-177
275
-101
-32
27
-10
-6
11
-15
14
-30
45
-33
72
-181
151
-5
-154
393
-390
105
36
-33
20
-2
-23
38
4
-43
34
-19
-2
16
-18
21
-22
10
-7
2
1
2
-2
-1
2
-1
-2
0
1
-3
1
1
-6
5
-2
-2
1
-1
-1
-1
-2
1
-1
0
0
0
-1
1
-1
0
-1
1
1
-5
7
-2
-3
1
-1
0
1
1
-3
1
1
-2
-1
-3
7
-11
21
-22
16
-17
0
18
-35
43
-6
-40
23
2
-22
33
-36
-104
392
-394
154
4
-150
181
-74
32
-47
28
-15
14
-14
5
10
-27
30
99
-278
175
7
0
-21
-27
117
-56
-6
-6
6
0
0
-5
-6
2
3
14
5
-61
101
-21
-66
37
-163
136
58
-17
-16
-5
-5
-68
105
-11
-11
-17
13
-6
-1
-15
17
2
-3
-2
-4
3
-1
1
0
-1
-1
1
0
-1
-1
0
4
-4
-3
1
1
-2
0
-1
-1
0
0
0
0
-1
0
0
0
1
-1
-2
2
3
-4
0
0
1
0
-1
0
0
-1
-2
0
-4
4
1
2
-2
-17
14
0
6
-13
17
11
11
-104
68
4
5
15
16
-58
-138
163
-38
66
20
-102
61
-5
-15
-4
-3
4
2
-4
0
-5
5
5
55
-120
25
15
0
-70
58
89
-73
-3
-5
2
3
-5
1
0
-7
13
-13
7
-7
27
-51
5
13
163
-236
81
0
-4
0
-1
-53
95
23
-76
18
-7
7
-7
23
-27
11
-1
-2
2
0
-4
0
1
-2
0
1
-1
1
-1
1
1
-4
2
-1
0
-1
0
0
-1
0
1
0
-1
1
0
0
0
0
-2
0
-2
3
-1
-2
1
-2
1
-1
-1
1
-1
-1
2
-2
-3
1
0
-13
27
-24
8
-8
6
-18
76
-23
-95
53
2
-2
4
-1
-81
236
-165
-13
-6
51
-27
7
-7
11
-13
5
-3
-2
4
-4
-3
5
4
71
-91
-60
64
0
106
-281
292
-141
33
8
-11
-3
2
1
0
3
-14
4
5
-14
45
-32
-56
109
-80
55
-21
-42
31
-1
16
43
-211
223
-60
-12
7
0
-7
-1
8
-1
-5
-3
2
-3
2
-2
0
0
-1
1
-3
1
-2
3
-2
-4
3
-1
0
0
-1
0
-2
0
0
0
0
-1
1
1
-1
0
0
0
-5
3
2
-3
2
-2
1
-2
1
-1
-1
1
-4
3
-3
2
4
-1
-10
1
5
0
-9
11
60
-223
212
-43
-17
1
-32
41
20
-56
79
-109
55
32
-47
13
-7
-5
13
-4
-1
-2
-3
2
10
-9
-34
140
-293
279
-111
0
-1
-99
170
-98
5
20
-19
11
-8
4
-3
2
-7
8
-10
16
-102
243
-222
78
76
-260
258
-91
8
-5
25
-96
144
-71
-12
24
-20
15
-11
18
-35
41
-24
9
-7
5
-5
3
-1
-1
2
-1
1
-1
-1
3
-6
3
-2
1
-1
1
-1
0
0
-1
0
0
0
0
1
-1
0
-1
0
-1
2
-3
6
-4
0
-1
-2
1
-2
0
1
-4
5
-6
6
-10
24
-42
35
-19
10
-16
19
-25
11
70
-144
95
-25
4
-9
90
-258
259
-77
-79
223
-244
101
-16
8
-10
5
-4
2
-5
6
-11
18
-22
-7
95
-172
99
-4
0
-12
52
-40
30
-20
-1
0
0
0
-1
-3
2
0
0
10
-23
16
-25
-4
-42
36
159
-91
-55
9
4
17
4
-141
167
-30
-8
-10
-3
-4
8
15
-18
-3
-1
13
-12
3
-1
-1
-2
3
-1
-2
1
0
-3
-1
3
-2
-1
0
0
0
0
-1
0
-1
0
-1
0
0
0
-1
0
0
-1
1
-3
0
3
0
-2
1
0
-2
1
-1
0
-3
10
-13
-1
2
19
-16
-9
4
3
10
7
30
-167
141
-4
-18
-5
-11
54
90
-160
-36
41
2
24
-16
22
-10
-2
0
-2
2
-2
-2
-1
-1
1
17
-31
35
-53
7
0
-74
137
-44
-25
7
-6
0
0
-2
1
-2
0
-2
0
0
11
-44
72
-68
47
-45
26
17
-14
3
-7
6
24
-82
78
-23
-1
0
0
2
-7
-1
10
-4
-3
-1
6
-4
-1
-1
-1
-1
-2
1
-2
1
0
-1
2
-1
1
0
-1
-1
-1
0
-2
0
0
0
1
0
0
-1
0
-2
-1
0
-2
1
-1
0
1
-2
1
0
-1
0
0
3
-6
0
3
3
-12
-1
7
-4
0
0
0
22
-78
82
-24
-7
6
-3
13
-18
-26
43
-47
66
-74
44
-12
0
-2
1
-2
0
-2
-1
-1
-1
5
-8
23
41
-138
69
0
2
5
7
2
-5
-4
2
5
0
-5
-2
4
2
-4
-5
2
9
5
-6
-12
-6
8
13
4
-11
-10
4
14
6
-7
-10
-1
5
1
-4
-3
3
5
0
-3
-3
1
2
0
-2
-1
1
0
-1
-1
-1
1
0
0
-2
0
0
0
0
-1
0
1
0
0
-1
-1
0
0
-1
0
-1
0
0
0
-1
-1
0
0
0
-1
-1
0
0
0
-3
-3
1
3
0
-5
-3
3
4
-3
-7
1
10
7
-5
-14
-4
9
10
-4
-14
-8
7
13
6
-6
-9
-3
4
3
-3
-5
1
4
-2
-5
-2
3
4
-3
-8
-6
-3
