0
-3
7
-7
1
-1
-5
5
0
-3
0
-1
0
3
-10
9
-6
2
-5
15
-11
1
1
-1
2
-5
3
0
-4
4
-3
1
0
2
-3
-1
2
0
-1
0
0
-1
0
0
0
0
-1
1
-1
-1
0
-1
0
-1
0
0
0
-1
0
-1
0
-1
-1
0
0
0
0
-1
0
-2
-1
0
0
0
-1
0
-1
-1
-2
0
0
-1
0
0
-1
-1
-2
0
-1
-1
0
0
-3
-1
2
-3
0
-1
2
-4
3
-1
-4
3
-3
-1
-1
-1
10
-15
5
-3
5
-10
8
-5
-2
-1
-2
2
-1
-7
3
-1
-3
4
-9
-1
0
0
-7
9
-3
-2
4
-2
1
2
-3
-1
3
-4
-6
11
-12
9
6
-18
12
-3
0
0
3
-5
4
0
-5
6
-4
2
3
-3
1
-3
1
4
-3
-1
0
0
-1
-1
-1
0
0
-1
0
0
1
-1
-1
-1
0
0
-1
-1
-1
-1
0
-1
-1
0
0
0
0
1
-1
0
0
-1
0
-1
-1
1
0
-1
-1
-1
0
-1
0
-3
0
2
-1
-1
-1
-1
2
-5
-3
3
-2
0
-3
-2
4
-5
4
-2
-5
4
-3
0
0
3
-14
17
-7
-9
12
-14
4
2
-4
0
2
-4
-1
1
-5
1
2
-12
6
-3
0
-51
44
30
-33
-59
78
1
-44
18
13
-14
-4
-4
-42
114
-42
-62
49
29
-57
14
6
-10
21
-22
12
7
-23
13
19
-37
27
9
-34
16
3
-11
13
-6
0
-1
-1
-1
1
0
-1
2
-2
0
-2
2
-3
0
1
-1
-1
0
-1
2
-2
-3
0
0
0
0
-1
2
1
-1
1
-1
0
0
-2
-1
2
-3
2
0
2
-2
2
1
-2
0
0
0
-2
5
-14
11
-4
-17
33
-10
-27
37
-19
-14
22
-7
-14
22
-22
10
-6
-14
57
-30
-51
61
42
-115
40
3
3
13
-14
-20
42
-1
-80
59
31
-32
-45
47
0
65
-34
22
-98
130
-92
81
-97
99
-92
63
-52
13
140
-304
316
-188
23
47
-6
-21
6
-34
54
-22
9
-11
-23
54
-52
51
-53
50
-35
-7
41
-37
16
-11
2
7
-10
5
-3
2
-1
-1
2
0
-1
-2
3
-2
0
-1
-1
1
-1
-2
1
-3
0
-1
0
0
0
1
-2
1
-1
-2
1
0
-1
2
-4
0
0
-1
-2
1
1
-4
3
-5
9
-9
-3
8
-16
36
-41
6
35
-51
52
-51
53
-54
22
11
-9
21
-54
32
-7
21
6
-47
-24
187
-316
303
-141
-16
50
-64
89
-101
96
-81
91
-132
96
-24
32
-70
0
-40
47
-17
-65
19
12
72
6
-32
-66
26
94
-113
-40
291
-311
36
29
-61
155
-56
-2
-14
35
-13
-10
-17
-21
30
19
14
-8
-33
4
7
4
4
2
-11
3
4
-3
-1
2
-3
3
-1
-3
1
0
0
-1
1
-3
2
0
0
-2
2
-1
2
-2
0
0
0
1
-1
1
-1
2
-1
-1
-2
2
0
1
-1
-1
-3
3
-1
-3
2
-1
0
3
-3
-4
9
-3
-5
-4
-9
-5
33
8
-13
-20
-31
21
18
10
13
-36
14
4
57
-155
61
-30
-37
311
-294
40
112
-96
-27
63
30
-7
-71
-12
-21
64
15
-48
37
0
-33
77
-145
162
12
-158
135
-110
116
-118
75
42
-1
-334
439
-200
21
41
-111
114
24
-100
13
80
-59
31
-70
125
-144
131
-121
117
-80
15
-2
8
3
-5
1
-3
3
-2
-1
3
-2
0
3
-1
-3
0
2
-2
-5
4
-2
0
0
1
-2
1
0
1
-1
0
0
-2
0
-1
1
-2
0
-1
1
-5
5
0
-2
-1
2
0
-3
-1
2
-3
2
1
-2
2
-2
2
-3
-8
0
-17
80
-118
120
-132
143
-125
70
-31
58
-81
-13
101
-24
-115
111
-41
-20
199
-441
332
0
-43
-78
116
-118
109
-135
156
-14
-163
143
-78
29
0
61
-3
-54
-15
97
-79
-9
50
35
-104
27
12
-151
538
-724
383
11
8
-155
160
-96
105
-34
-67
8
49
-23
5
-36
33
19
-38
12
2
10
-5
1
-7
3
0
-1
-5
7
-2
-3
4
1
0
-1
-3
5
3
-14
12
-6
0
0
-1
0
-2
3
-2
0
0
-1
2
-3
1
0
1
0
-1
4
-13
12
-4
-6
2
2
0
-1
-5
1
2
-7
4
1
-1
-4
7
-1
6
-12
-3
-13
37
-21
-33
36
-5
22
-50
-8
67
36
-105
98
-161
155
-9
-11
-383
724
-538
150
-13
-28
103
-36
-51
7
79
-99
14
52
3
-65
0
-59
7
135
-183
-28
170
-72
-32
78
-38
-52
-16
-142
357
75
-323
68
38
-59
58
-15
1
-7
-35
34
24
-66
69
22
-87
2
87
-59
-11
29
-22
17
-10
-4
0
4
-3
-2
2
-2
4
-2
0
0
-2
-7
14
-4
-4
1
0
-1
3
-7
8
-5
0
1
0
-2
-1
4
-9
8
-4
1
0
-4
3
5
-15
5
1
-2
-1
2
-5
2
-2
1
1
-5
-1
3
8
-19
21
-31
10
59
-88
-2
87
-23
-70
66
-25
-36
34
6
-1
15
-59
58
-39
-70
322
-76
-358
141
14
51
36
-80
31
72
-171
25
181
-137
-8
56
0
69
-120
128
-107
123
-81
-56
100
-51
-7
49
12
-148
205
-363
468
-200
-113
269
-235
37
52
25
-94
54
24
-76
79
-30
-11
33
-49
32
-8
-1
4
-11
-4
12
-5
1
-2
1
-1
-2
1
2
-7
1
4
-3
-2
8
-8
2
-2
1
-1
3
-8
3
0
-2
0
2
-1
-6
8
-5
0
-2
1
-4
8
-8
1
4
-4
-2
6
-4
-2
0
-1
-2
0
-2
4
-13
1
10
-5
0
6
-33
48
-34
11
29
-79
76
-25
-55
93
-26
-53
-36
234
-270
112
199
-469
363
-206
147
-13
-49
6
49
-100
54
80
-124
104
-131
119
-73
0
-78
-8
12
189
-88
-65
-41
69
5
-33
-17
65
-102
44
-236
514
-227
-56
27
3
18
-97
84
36
-68
15
49
-27
33
-99
29
75
-80
28
3
3
-2
-20
17
6
-11
3
2
-2
2
-1
-1
3
-7
1
-2
21
-13
-12
9
-3
-1
1
-2
2
-3
0
1
0
-2
-1
2
-2
2
-3
0
2
-11
11
13
-21
1
-1
7
-4
0
1
-3
1
-2
-4
11
-6
-18
19
1
-4
-2
-30
78
-75
-30
100
-34
27
-48
-15
69
-37
-84
97
-20
-3
-27
56
227
-515
234
-44
101
-66
16
32
-7
-69
40
65
87
-189
-14
7
73
0
79
-104
143
-261
233
-132
115
-92
71
-71
62
-50
18
-50
-193
603
-417
99
-81
31
128
-195
77
-1
-32
38
2
-8
-32
18
45
-81
53
-21
40
-36
-6
17
-8
5
-1
-6
5
-2
3
-2
-3
0
7
-7
-4
5
-1
1
0
1
1
-2
-1
-4
4
-4
2
0
-2
4
-5
3
-1
1
-1
-1
1
-2
-1
-6
3
6
-7
0
2
1
-5
1
-4
5
0
-6
7
-17
5
35
-40
20
-54
81
-47
-18
30
8
-3
-37
30
1
-78
194
-130
-31
81
-100
416
-603
192
49
-20
48
-63
70
-74
91
-117
131
-236
260
-146
103
-82
0
-45
75
-19
-164
132
25
8
-51
15
29
-72
-6
152
0
-493
788
-476
90
2
-148
171
-49
-65
114
-27
-26
-15
53
-31
52
-48
-64
65
12
-10
9
-10
-7
5
5
-8
0
5
-5
4
-4
5
-6
1
-4
15
-9
0
-1
4
-2
-2
2
-3
2
1
-4
1
0
-2
3
-1
-2
2
-3
1
1
-3
0
0
9
-16
5
-1
6
-5
5
-5
4
-5
0
6
-7
-5
7
10
-10
9
-12
-67
64
46
-51
31
-53
15
26
24
-115
65
49
-170
148
-2
-91
476
-788
491
-1
-154
4
69
-31
-16
49
-9
-25
-133
162
15
-76
41
0
31
27
-229
414
-309
129
-113
79
-35
39
-10
-20
79
-349
685
-738
408
-174
186
17
-122
-56
110
-47
-23
71
-114
168
-126
87
-117
116
-68
37
-35
2
23
-3
-6
-1
2
1
-1
0
-2
4
-2
-8
15
-10
-7
7
1
-4
3
-2
-2
3
1
-7
4
-2
-1
0
0
0
-5
7
-2
-2
1
0
-4
3
-1
-8
6
10
-17
8
3
-4
1
0
-2
-1
-1
-1
6
3
-23
-2
33
-39
68
-117
118
-87
125
-167
115
-72
24
46
-110
55
121
-17
-186
172
-408
738
-686
348
-80
19
9
-40
34
-80
112
-129
307
-415
227
-27
-35
0
-17
142
-263
119
-11
35
24
-20
-3
-67
48
45
-149
240
318
-996
476
-5
268
-299
192
-101
-21
79
-42
-23
-16
120
-151
78
-28
38
-8
-22
18
-9
-12
25
-17
6
2
-4
1
-2
1
-4
2
6
-11
2
19
-18
-4
-7
10
-3
1
-5
4
1
-2
-3
-2
0
1
1
2
-2
-5
3
-1
2
-12
6
2
17
-21
-3
9
-6
-3
3
-1
1
-1
2
-2
-6
18
-26
11
8
-19
22
7
-39
28
-78
150
-121
15
22
42
-79
20
100
-193
298
-268
4
-478
996
-318
-241
148
-47
-49
65
1
20
-23
-36
10
-120
260
-144
14
0
-42
230
-302
43
63
-10
29
-17
11
-46
42
23
-147
186
229
-602
444
-454
364
121
-190
-21
71
-70
67
-114
191
-137
7
-4
45
-27
-5
16
-3
-3
10
-23
14
4
-4
-2
3
-2
-1
-1
-6
20
-31
17
6
-18
16
-10
4
-1
-1
0
0
-1
1
-4
3
0
-3
3
-2
1
0
-2
0
1
-4
9
-17
18
-6
-18
30
-21
5
-1
1
0
-4
0
4
-5
-15
23
-11
2
2
-16
3
27
-44
5
-9
136
-190
114
-68
70
-73
20
191
-122
-364
454
-445
601
-231
-187
147
-24
-43
45
-12
16
-28
9
-64
-44
299
-230
37
0
80
-53
-57
70
-30
-9
14
3
22
-31
-3
73
-253
359
-188
-95
142
-18
-52
108
-123
76
-26
13
-12
-46
101
-98
61
-24
7
2
-7
3
-2
3
3
-16
10
-3
7
-9
6
-2
-2
1
0
-6
11
-7
-9
14
-9
3
-2
0
1
-3
4
-3
-2
1
-2
0
1
-2
1
2
-4
2
-2
0
-1
-5
9
-15
9
7
-12
6
-2
-1
1
1
-9
7
-7
3
-9
15
-4
-4
2
-3
5
-2
-8
24
-61
98
-102
46
11
-14
26
-76
123
-109
51
17
-144
95
186
-360
251
-75
1
28
-24
-3
-16
8
28
-72
54
51
-85
0
-96
77
-9
-33
21
9
-12
2
-1
2
3
-8
-14
-7
114
-131
42
-13
13
-32
3
53
-13
15
-72
43
31
-53
27
-17
10
0
-4
6
-10
10
-10
6
-2
2
-1
-1
1
3
-8
4
2
0
-3
0
-1
2
-2
-2
1
1
-2
0
0
0
-1
-1
0
0
-1
0
0
0
-2
-1
1
-3
-2
1
1
-2
0
0
3
0
-3
-4
6
-3
-2
0
-1
-2
2
-7
9
-10
7
-8
3
-1
-10
17
-27
53
-31
-45
72
-16
14
-54
-4
31
-13
12
-42
131
-116
5
13
7
-5
-5
0
-3
11
-9
-22
32
7
-78
90
0
7
-19
20
-20
7
13
-31
23
2
-8
-8
21
-15
-5
-7
50
-58
26
-42
83
-38
-2
-29
31
-22
41
-61
51
-14
0
0
-6
7
-1
3
-6
7
-7
-1
2
1
-2
-2
1
1
2
-5
-1
4
-3
0
0
-1
2
-4
0
0
0
-3
5
-3
-1
0
0
-1
0
2
-5
2
0
-2
-1
4
-3
1
-1
0
3
-5
0
4
-2
-2
-2
1
0
-1
-3
1
6
-7
6
-5
0
-7
6
0
1
13
-51
60
-41
22
-32
29
1
38
-83
42
-27
57
-51
5
4
14
-23
7
7
-2
-25
30
-13
-9
19
-23
16
-14
0
23
-40
18
42
-45
8
11
-18
6
-7
8
-11
-14
89
-77
-7
5
8
-6
22
-42
24
36
-55
31
-9
-20
17
9
-12
4
-4
2
-3
1
3
0
-6
2
1
0
1
-1
-3
0
-1
2
-2
-2
1
2
-2
1
-1
1
-4
3
-1
-1
1
0
-1
-1
0
0
0
0
-2
1
1
-3
3
-2
1
-3
2
-2
-3
1
2
-3
-1
0
3
0
-3
0
-2
-2
4
0
-4
-2
2
-4
3
-5
13
-9
-18
20
8
-32
54
-37
-26
42
-23
7
-9
-5
7
76
-91
12
8
-9
4
-9
17
-13
-9
43
-44
-21
38
-27
0
15
-9
-3
-1
10
-17
15
2
-9
0
1
8
14
-80
87
-46
20
-10
-8
20
-21
40
-43
24
-16
9
7
-27
32
-18
-2
-2
7
1
-4
-2
2
2
-8
11
-12
6
1
-2
-9
6
0
-3
6
-3
-2
0
1
-3
0
-1
1
-2
-1
0
0
0
-1
0
-1
0
0
-1
-1
1
-2
0
-1
1
-2
-1
0
2
-6
3
0
-7
8
0
-2
-7
10
-12
6
-2
-2
1
3
-3
-7
2
1
17
-33
26
-8
-8
14
-26
43
-40
19
-20
8
9
-21
46
-89
78
-14
-10
-2
-1
8
-3
-15
16
-12
0
1
8
-20
0
-36
21
11
-19
14
-10
-8
16
-7
3
-8
12
1
-17
-15
30
-16
9
3
-7
-14
32
-17
-6
-7
12
4
-2
-20
19
-8
1
5
-3
-2
3
-4
4
-4
4
-5
-2
-2
3
-3
1
-2
4
-4
0
-1
0
1
0
0
-3
3
-2
1
0
-1
0
0
0
0
-1
1
0
-1
0
-4
2
0
0
-1
-2
2
-1
3
-4
0
-1
0
-4
2
1
3
-6
4
-6
2
-4
1
2
-6
-1
7
-19
20
1
-5
-13
6
5
17
-33
13
6
-4
-9
17
-30
14
15
-3
-13
7
-4
5
-17
6
8
-15
17
-13
-23
32
0
10
-14
4
-5
7
-5
11
-14
2
6
-2
-1
14
-24
-17
36
-9
-14
22
-3
-22
10
10
0
0
-7
-5
14
-11
9
0
-11
9
-5
6
-6
0
2
-2
1
-3
1
-1
1
0
-3
-1
1
1
-2
-2
2
-3
-1
0
1
-1
2
-2
1
-2
0
1
0
-1
0
2
-2
3
-2
0
-1
-1
1
1
-2
2
2
-3
-2
1
2
-1
-1
1
-2
1
-2
1
-2
0
7
-8
4
-10
11
0
-8
11
-14
3
7
1
-1
-9
-9
22
3
-23
13
9
-37
16
22
-17
0
0
-7
-5
13
-12
5
-8
3
-6
12
-15
0
7
15
-44
46
-20
-2
-4
6
1
-7
5
-3
35
-78
41
7
-8
-2
-1
17
-9
-5
-1
4
3
2
-9
3
-1
5
-6
3
-3
0
2
-5
6
-2
2
-4
0
5
-9
5
1
0
3
-1
-8
5
2
-2
-1
0
-2
-1
0
-1
2
-1
0
-1
0
0
0
0
0
1
-3
1
-1
0
0
-1
1
2
-3
-6
7
0
-3
0
-1
-5
8
-5
0
3
-2
2
-7
5
-2
0
1
-4
5
-5
0
-4
8
-2
-3
-4
1
6
8
-17
1
1
7
-8
-42
76
-35
1
-7
6
-1
-7
3
1
19
-47
42
-17
-10
0
-2
2
-4
-7
3
6
0
1
0
-6
3
-5
-46
114
-79
8
6
-11
19
-14
-4
12
-5
10
-14
6
5
-8
-5
17
-20
12
2
-13
11
-1
-1
-5
2
5
-9
9
-7
-2
4
3
-9
11
-6
0
-1
1
0
-1
-2
3
-3
1
-3
0
0
-3
0
0
-2
1
0
-1
1
-1
3
-3
0
2
-1
-2
0
-1
5
-12
9
-4
-4
2
6
-9
9
-6
-3
4
2
0
-12
12
-1
-13
19
-17
4
8
-5
-7
14
-10
4
-13
6
14
-20
10
-5
-9
78
-115
44
3
-5
4
-2
-1
-1
-8
-3
6
0
-4
-3
0
-1
4
-10
-6
11
-4
-1
0
3
-3
-7
23
-34
-10
16
13
-1
33
-54
14
-2
10
-9
8
5
-13
-3
5
15
-20
2
11
-8
7
-6
-2
1
2
-2
0
-3
4
-7
16
-12
-1
-2
6
-5
4
-3
-1
3
-2
0
2
-1
-1
-1
-1
-1
0
0
0
0
1
-1
1
-1
-1
1
-2
0
1
-3
1
1
-4
4
-7
1
-1
12
-17
7
-4
1
-2
2
-2
-1
0
5
-10
6
-11
-2
19
-16
-6
2
12
-6
-9
9
-10
1
-15
54
-34
1
-14
-17
10
33
-25
5
1
-4
-1
-1
1
-12
5
7
-5
-4
0
-13
27
-27
10
-6
2
0
-1
-5
8
-12
15
-19
17
-59
134
-88
-11
4
33
-13
-11
15
-13
7
-8
11
4
-18
12
6
-9
-4
-2
14
-13
0
5
0
-7
6
2
-7
4
-6
2
-1
7
0
-10
6
-3
1
2
-1
-2
-1
1
-1
1
-1
-1
0
0
-1
1
1
-2
-1
-1
0
1
0
-2
-1
3
-5
8
-1
-7
1
-3
6
-5
6
-3
-6
6
0
-6
-1
11
-13
0
4
9
-9
-13
17
-5
-11
8
-6
13
-15
12
14
-34
-5
11
89
-134
59
-19
19
-16
10
-11
5
1
-2
-4
5
-11
24
-28
8
0
19
-22
3
3
2
-3
2
-2
-3
4
6
-12
13
-7
0
-41
50
-2
-8
-32
48
-19
0
1
-9
11
-9
17
-19
11
-6
0
2
6
-21
13
0
-1
-2
-1
9
-14
4
-2
5
5
-5
-6
1
-1
6
-6
0
-1
0
1
0
-1
1
-1
0
0
-1
0
0
-1
0
0
-2
1
-1
-1
0
0
-2
5
-6
0
-2
5
4
-6
-7
1
-4
12
-8
0
1
-1
0
-13
20
-6
-3
-1
5
-13
18
-19
9
-11
9
-1
0
19
-49
33
8
2
-50
40
-2
4
-14
10
-8
-6
2
2
-3
2
-4
-4
-6
22
-22
0
-18
18
-12
6
-4
0
3
0
-3
-5
5
-3
-7
1
-16
53
-42
33
-29
23
-51
54
-24
13
6
-5
-22
26
-6
-10
12
-7
9
-17
14
-7
5
-1
-8
5
5
-4
-4
5
-17
14
11
-17
7
-6
7
-3
-3
1
-3
1
1
-2
1
-1
0
-3
1
0
-2
1
-1
0
-2
2
-2
-2
2
-2
1
1
-9
5
-6
17
-11
-13
15
-6
4
4
-6
-6
8
1
-5
7
-15
16
-12
7
-12
10
4
-26
21
5
-5
-13
25
-55
52
-23
29
-32
41
-53
16
-3
5
2
-7
3
1
-1
-3
-1
4
-8
10
-20
13
0
6
-2
-8
5
-4
3
-4
2
-1
1
-5
7
-8
0
-3
-14
22
9
-16
-9
10
2
-5
6
-1
8
-12
-10
30
-23
11
-12
15
-23
26
-1
-13
7
-5
4
-4
-2
1
7
3
-20
5
14
-6
0
-3
2
-3
1
-1
0
0
0
-1
-2
1
0
0
0
0
0
-2
1
-1
0
-1
-1
0
-2
2
-2
2
0
5
-14
-6
20
-3
-7
-1
1
2
-5
4
-8
12
1
-26
21
-15
12
-11
23
-30
9
12
-8
1
-7
6
-2
-11
8
16
-10
-23
14
1
-3
5
-9
3
-3
-1
-2
2
-4
3
-6
6
0
-11
0
-32
21
10
-16
4
-2
8
-7
5
0
-3
-9
7
3
-3
7
-11
19
-29
5
18
-27
22
-1
-6
-3
20
-42
44
-23
-2
3
-7
13
-6
-3
3
-1
-4
3
-12
22
-14
-1
4
-12
21
4
-30
15
3
-9
6
-4
1
-1
0
1
-2
0
-1
1
0
0
0
-2
2
-2
2
-3
1
-1
-2
2
-7
7
-4
-16
29
-4
-22
10
-3
0
13
-23
12
-4
3
0
-5
2
5
-13
6
-4
1
22
-45
41
-21
3
5
0
-22
27
-18
-4
28
-20
9
-7
1
-4
-8
7
1
-2
-6
7
-7
1
-4
14
-14
-21
27
0
27
-7
9
-17
1
0
3
-3
0
-6
3
2
-3
3
-11
-7
25
-13
1
0
11
-11
-6
6
8
-24
30
-17
9
-11
-5
18
-25
35
-27
8
0
3
-7
3
-4
7
-6
-7
10
6
-12
1
2
-4
4
3
-5
1
-1
1
0
0
0
-3
0
-1
-1
0
0
0
-1
1
-1
-1
1
-2
1
-1
5
-2
-6
3
-3
-2
13
-7
-10
6
5
-8
4
-4
6
-1
-1
-8
26
-36
25
-18
4
10
-9
17
-30
23
-10
-8
6
11
-13
0
-1
13
-25
6
9
-4
0
-4
-3
4
-2
1
-3
-1
-2
16
-12
5
-31
0
11
10
2
-1
-1
-3
-5
3
5
-2
-9
-2
7
3
-9
-6
8
9
-5
-11
1
10
1
-10
-4
8
5
-6
-5
5
4
-6
-8
3
8
1
-6
-3
5
3
-3
-3
0
1
0
3
1
-1
-5
-2
3
2
-1
-2
-1
2
-1
-1
-1
1
-1
0
0
0
0
0
-1
-2
0
2
0
-3
-1
2
1
-3
-4
1
4
1
-2
-3
-1
-1
-1
3
1
-4
-6
1
5
-1
-9
-3
6
6
-5
-5
4
5
-5
-9
3
9
-1
-10
-1
11
3
-11
-9
6
8
-4
-9
-1
6
1
-7
-4
4
2
0
-1
-3
-10
-13
