0
-1
-1
-1
4
-4
-2
-2
4
-3
-2
2
-5
2
-3
0
-2
3
1
-1
-10
6
5
-4
-3
0
3
0
1
-4
2
-2
3
-6
4
-2
-1
0
1
-1
1
-2
0
1
0
0
0
-1
1
0
1
-2
3
-1
-1
-2
0
-1
-1
0
-1
0
0
-1
0
0
-1
0
0
-1
0
0
-2
0
-1
1
-3
3
-2
0
-1
0
-1
0
1
-1
0
1
-2
2
-2
-2
1
0
-5
4
-4
2
-3
2
-1
-1
-3
-1
2
3
-7
-7
10
1
-2
-5
2
0
2
-3
4
-4
0
0
-5
2
0
3
-4
-2
-1
-3
0
-1
-1
1
-3
2
7
-8
3
-2
-2
-4
1
4
-3
0
-10
15
-11
10
-5
4
-11
2
7
-6
9
-6
0
3
0
0
-1
-4
5
-1
-2
-2
3
-4
2
3
-5
2
-1
0
0
-1
-1
2
-2
2
-1
-1
1
-1
0
0
0
1
0
0
1
-1
0
1
-1
-1
0
0
0
0
-1
0
-2
1
1
-1
1
-2
1
0
-1
-1
1
-3
5
-4
-3
4
-3
1
2
1
-5
1
0
0
0
-3
-1
6
-9
7
-8
-1
11
-6
4
-10
10
-15
10
-1
2
-7
-2
3
0
-1
-4
8
-8
-2
1
-2
-1
-4
0
-1
0
0
-1
0
3
-4
0
1
1
-4
-11
26
-19
-1
-2
11
-6
-10
29
-32
9
8
-7
4
0
-2
9
-11
4
0
0
-4
3
-1
0
0
-1
2
-3
1
-3
2
-1
-3
0
1
-1
1
-2
1
-2
2
-4
2
-1
-1
0
0
0
-1
-1
0
0
0
-1
0
-1
0
-1
0
0
-2
2
-4
1
-2
1
-2
0
-2
0
1
1
-2
1
-3
2
-2
0
1
-1
2
-5
2
-1
-1
-5
10
-10
1
-1
-4
7
-8
-10
31
-30
10
6
-11
1
0
17
-27
10
4
-3
-3
-1
3
-4
-1
-1
-3
0
-3
0
-1
0
-1
-4
8
-11
10
-5
-1
-1
3
2
-11
-1
10
-7
8
-7
2
10
-14
-2
9
0
-5
4
-1
-2
1
0
-1
1
-2
0
2
-2
-1
-1
3
-6
6
-5
0
1
0
-2
0
0
-1
-2
3
1
-3
-1
3
-2
0
0
-1
1
-1
-1
-2
0
-1
-1
0
-1
0
0
-1
0
-3
1
2
-2
-3
1
2
-1
-2
1
0
-2
0
4
-8
5
-3
1
-1
2
-3
-1
2
-2
1
-1
0
3
0
-4
4
0
-10
2
13
-9
-2
6
-9
6
-10
0
10
-4
-4
0
-1
5
-12
11
-9
3
-2
-2
-3
0
-2
2
-3
5
-11
8
-2
3
-5
1
16
-37
26
-5
0
-1
3
-4
5
-2
-7
4
2
-1
-1
6
-2
-2
1
-1
2
-4
2
-1
3
-3
-1
0
0
2
-1
-5
0
2
-4
0
1
0
-1
-2
3
-1
-1
-1
-2
2
-1
-1
0
1
-1
0
0
0
0
-1
0
-1
-1
1
1
-2
0
1
1
1
-3
1
1
0
-2
-1
2
-4
0
3
-2
-3
1
-1
0
3
-3
0
-3
3
-4
1
-2
2
2
-6
2
0
-2
-4
7
1
-6
4
-4
1
-2
4
-26
36
-16
-2
2
-3
1
-8
10
-8
0
-4
-2
0
-2
1
-2
-2
3
4
-7
4
0
-3
2
6
-8
0
-5
3
6
-2
-4
4
1
-5
3
0
-4
7
-7
7
-6
4
-3
1
1
-1
-2
-2
2
-1
1
0
2
-5
2
1
1
-4
2
-4
2
2
-4
-3
2
2
-5
2
0
0
0
-1
-1
-1
-1
0
-1
-1
0
0
-1
1
0
-3
6
-3
-3
2
1
-2
-3
4
-4
3
-2
-2
-4
5
-2
-1
-1
-1
-2
0
1
0
-2
-1
2
-5
6
-7
7
-7
4
-1
-4
4
-1
-4
2
2
-6
-3
4
-1
7
-7
-4
2
-2
-5
7
-5
-4
0
-1
-3
-3
0
-2
1
-2
0
4
-5
2
2
0
-3
-8
9
-1
-5
-1
-2
3
2
-8
2
7
-9
7
-4
1
0
4
-5
2
2
-1
1
-1
1
0
0
-2
1
-2
0
-3
3
-6
2
-1
1
-2
-1
3
-4
-1
0
-1
-2
3
0
-1
-1
0
0
-1
0
0
0
-1
0
0
-1
-2
0
1
-1
-2
2
-1
-1
-1
2
-4
1
0
-3
-1
-3
5
-5
1
-1
0
-2
2
-1
0
-2
1
-1
2
-2
-2
6
-4
0
-2
4
-7
8
-8
-1
8
-4
-5
2
-1
3
-2
-10
7
1
-1
-2
-2
4
-4
-1
-1
-2
-3
0
-5
0
3
-9
10
-2
2
-1
-1
3
-11
20
-25
11
1
-1
-6
3
6
-5
0
1
-1
2
-2
1
-3
7
-8
3
1
-2
1
-3
1
-1
0
-1
-3
-1
1
-2
1
-4
1
2
-4
0
2
0
-4
-1
2
-1
0
-1
0
-1
-1
-1
-1
-1
0
0
0
-1
1
-1
0
-1
0
0
0
2
-3
0
3
0
-3
-1
4
-2
-2
3
-2
0
-3
1
1
0
-1
0
-3
1
-2
2
-1
-3
7
-7
2
-2
2
-3
1
-2
0
6
-7
-3
6
0
-3
-13
25
-21
8
-5
0
-1
-2
1
-11
8
-6
-1
0
0
17
-19
8
-21
-11
79
-61
16
-8
-4
16
0
-22
2
0
8
1
-5
21
-27
-3
10
7
-3
-5
3
1
-5
3
0
-1
0
0
1
-4
2
2
-2
-2
-2
1
4
-2
-5
3
0
2
-2
0
2
-3
-2
3
-1
-1
0
1
0
-1
0
-2
-1
-2
0
0
-1
0
0
0
0
-1
0
1
1
-3
1
2
-3
0
2
-2
0
-3
5
1
-5
-1
1
0
0
-1
-3
3
-2
1
0
1
-1
-4
5
-2
-4
4
3
-9
-11
3
27
-20
4
-2
-8
0
-5
21
-2
-17
2
6
-17
59
-79
10
20
-9
18
-21
0
6
-22
-5
24
48
-118
67
-4
4
24
-44
-21
50
-22
6
-4
8
-8
8
2
-17
3
15
0
-11
-2
3
11
-9
0
-3
6
-1
-2
2
-2
1
0
-3
2
-1
-1
5
-5
-2
0
1
1
-4
-2
3
1
0
-2
-1
0
-2
0
0
0
-1
-1
0
0
0
-1
0
0
0
-1
0
-1
-1
2
-1
-2
-3
1
3
-2
-1
-3
1
4
-7
1
1
-3
1
-1
-1
1
-3
3
2
-6
2
0
9
-13
-2
2
10
-1
-14
-4
16
-3
-8
7
-9
3
-7
22
-50
20
42
-26
-6
3
-67
117
-48
-25
2
21
-12
0
-7
-17
28
18
-71
86
-43
-12
8
-35
215
-428
369
-125
-13
6
20
-7
-21
18
10
-15
0
7
-5
5
-4
2
0
3
-7
5
1
-7
4
-2
0
0
4
-8
4
1
-3
2
4
-4
-4
0
1
-1
-1
3
-3
1
-4
1
1
-1
-1
-1
0
0
-2
0
1
0
0
1
1
-1
-1
-2
2
-2
2
-2
1
0
-1
0
3
4
-5
-4
3
-2
-4
7
-4
0
0
1
-6
6
-3
-6
7
-5
0
-3
3
-4
4
-7
0
15
-10
-19
21
7
-22
-6
12
124
-371
426
-216
33
-11
11
42
-86
70
-20
-31
17
3
0
-18
22
10
-70
89
-78
48
8
-69
78
-136
418
-507
199
27
-75
45
10
-72
112
-78
19
15
-25
7
19
-27
31
-26
9
6
-9
7
-5
1
3
-2
-1
1
2
-5
2
0
2
-3
3
-7
10
-11
7
0
-11
10
-6
4
-1
-2
1
-1
-1
0
-1
-1
0
0
-1
-1
-1
0
-1
1
0
-4
6
-10
9
0
-8
11
-11
7
-3
1
-2
0
-1
4
-4
0
0
2
-3
-1
4
-7
8
-5
-9
27
-31
27
-19
-8
24
-16
-19
78
-112
71
-9
-46
74
-28
-201
504
-419
136
-80
66
-10
-49
78
-89
68
-13
-22
13
0
-13
19
-22
26
0
-47
70
-48
21
40
33
-442
523
-221
107
-102
101
-105
154
-190
140
-88
53
-32
39
-60
46
-11
-9
6
-2
5
-11
9
-6
6
-4
1
-2
3
-10
14
-13
6
-2
5
-7
4
-4
3
-7
11
-11
2
-1
-1
1
-2
1
0
-1
0
0
0
-1
0
0
0
-1
1
-2
0
0
-4
9
-11
5
-3
2
-5
7
-6
2
-6
12
-15
8
-4
1
-1
3
-6
7
-10
11
-6
1
-6
7
11
-46
59
-42
30
-53
87
-142
190
-153
105
-101
101
-109
220
-524
441
-35
-41
-23
47
-70
47
-2
-28
20
-20
10
0
0
-30
47
-15
-35
-3
63
-86
98
-132
40
361
-328
-90
120
-45
25
53
-138
119
-2
-70
61
-23
-10
47
-37
-14
31
-16
-2
12
-6
-3
2
1
-6
6
0
-4
0
4
-2
1
-3
10
-11
2
1
-4
12
-15
7
2
-6
2
-1
0
0
-1
-1
-1
0
0
0
-1
0
0
-2
0
-1
-2
5
-2
-7
13
-12
5
-1
-2
10
-11
3
-1
4
-5
-1
3
0
-7
6
-2
-3
2
4
-13
3
16
-30
14
38
-48
10
23
-60
70
2
-120
138
-54
-24
45
-121
88
326
-362
-41
131
-99
86
-64
3
32
14
-50
29
-5
0
4
14
-32
13
2
-11
48
-81
44
69
-135
111
-97
21
51
11
-66
-7
57
36
-36
-46
7
41
3
-26
-16
5
26
0
-13
-1
0
6
-3
0
0
-1
-2
4
-6
0
3
-8
-1
9
-4
-1
-3
2
1
0
1
-4
-3
3
0
-1
-1
-1
1
-1
0
0
1
-1
-1
0
0
0
0
-4
2
4
-2
-2
0
-2
2
1
4
-10
1
7
-5
-1
4
-5
-1
0
-2
-1
1
-6
0
0
13
-1
-26
-6
18
26
-3
-41
-8
46
35
-37
-59
5
66
-11
-53
-22
96
-113
135
-71
-46
80
-47
9
-3
-14
28
-14
-7
0
-1
8
-5
-20
40
-36
49
-10
-15
-60
252
-349
73
44
11
2
32
4
-25
16
4
-13
-2
0
-17
-4
0
20
-8
3
-2
4
-1
3
-5
0
0
-1
2
-5
7
-8
4
-7
16
-18
10
-12
5
-3
3
-3
1
-3
6
-4
0
0
-1
0
0
0
0
0
0
0
-1
0
0
0
-1
4
-6
2
-2
2
-4
2
-5
11
-13
17
-16
6
-4
6
-8
4
-3
1
0
0
3
-3
1
-4
2
-4
7
-20
0
1
16
-1
2
13
-4
-16
25
-5
-33
-3
-12
-44
-75
348
-253
59
13
9
-50
33
-41
17
4
-10
-3
0
5
-19
23
-26
28
-16
2
20
-47
81
110
-282
74
20
39
-10
-25
35
-34
10
13
-13
5
-10
47
-25
-32
32
-16
2
0
0
1
-1
1
0
-5
4
-1
-3
4
-1
-1
-2
3
0
-3
-3
3
-1
0
2
-2
2
0
-2
2
-1
0
-1
-1
1
-1
0
0
-1
0
0
0
0
-2
1
-1
-1
1
-2
0
1
-4
2
1
0
-3
1
-1
1
-4
2
1
-3
3
0
-2
-1
-3
0
-1
-3
15
-33
32
23
-48
10
-5
12
-14
-11
35
-35
25
9
-41
-22
-75
280
-111
-83
46
-21
-1
15
-29
24
-25
16
-9
0
7
15
-27
-7
13
11
-24
4
-9
39
90
-164
23
28
-25
14
-12
57
-69
32
6
-2
2
0
26
-91
57
6
-5
-5
2
6
-8
3
-1
1
-4
2
-1
3
-5
2
-2
2
2
-6
2
2
2
-4
0
-2
1
-2
2
-1
-1
-1
0
-1
1
-1
0
0
0
-1
0
0
0
-1
0
0
-3
1
0
2
-1
3
-3
-2
-3
5
-3
-3
1
-2
3
-4
1
-3
2
-2
1
-5
6
-6
-2
4
5
-7
-58
90
-27
0
-3
2
-7
-33
68
-58
11
-14
24
-30
-25
162
-91
-41
7
-5
23
-13
-14
5
25
-17
-12
0
-5
1
1
-1
-6
28
-38
27
-19
-9
52
-83
73
-46
16
3
21
-59
61
-27
-7
9
0
-1
18
-27
4
6
3
-7
4
2
-4
-2
3
-2
1
-2
0
-1
2
-2
-2
0
1
1
-2
2
-1
1
-3
4
-5
1
-1
-1
0
-1
-1
0
-1
0
-2
0
0
-1
1
-1
1
-1
0
-1
1
-2
4
-5
2
-1
0
-2
2
-1
-1
-1
1
2
-4
0
-1
1
-1
1
-5
0
2
-2
-3
6
-3
-6
-4
25
-19
1
-1
-9
7
27
-61
58
-21
-3
-18
45
-75
81
-54
8
17
-27
38
-28
6
-2
-5
-3
2
0
3
-8
0
2
7
-5
-3
-5
0
12
-38
51
2
-41
28
-20
7
7
-7
10
-5
-11
13
-4
0
-4
4
5
-3
1
-2
0
2
-7
6
-4
3
0
-2
2
-2
2
-1
-2
2
0
1
-2
4
-4
1
-1
3
-3
0
0
-1
-1
0
-2
0
0
-1
0
1
0
-1
0
-1
0
-1
0
-1
2
-3
0
-2
3
-3
1
0
1
-3
1
-1
-3
1
-2
1
-2
-2
2
-7
6
-4
0
1
-1
4
-6
-5
3
1
3
-13
11
4
-10
7
-8
-8
19
-29
40
-3
-53
36
-13
-2
5
2
3
-8
-3
-2
7
-7
0
-9
12
-8
0
-1
13
-8
-21
21
-7
9
-29
27
7
-28
21
14
-39
23
-2
2
-4
0
1
3
-18
23
-1
-9
6
-5
7
-6
1
-1
0
0
1
-2
-1
1
0
1
-3
1
2
-4
1
2
-3
-1
0
-2
-1
0
0
0
0
0
0
1
-1
0
0
0
0
0
0
1
0
1
-1
-1
-1
0
-1
0
1
-3
-1
3
-3
0
2
-2
-1
-3
0
1
-2
0
-2
1
-3
6
-7
6
-6
9
0
-23
18
-1
-2
-1
4
-4
0
-23
39
-14
-21
28
-9
-29
28
-9
5
-22
19
8
-13
0
-2
5
-13
4
0
-5
5
-6
7
-2
5
-12
0
1
23
-11
-19
-1
31
-29
15
-10
16
-9
1
-13
13
-6
6
-10
28
-30
10
-2
3
-4
-1
3
-2
0
-2
0
1
-3
-1
1
-1
0
-3
1
-1
2
0
-1
1
0
0
1
-1
-1
0
-1
0
1
-1
0
0
0
0
0
-1
0
0
0
-1
0
-1
-1
1
-1
0
-1
-2
0
0
-2
-1
-1
2
-3
0
-2
0
2
-3
-2
2
-1
2
-3
0
4
-4
0
-9
30
-29
10
-6
5
-13
12
-1
8
-18
9
-15
28
-32
-1
18
11
-24
-3
0
11
-6
1
-8
3
-7
1
0
-2
2
-2
2
-3
12
-22
8
-1
-5
3
12
-22
15
-10
7
-17
11
10
-6
-4
-2
7
-3
7
-25
24
-9
7
-7
2
-1
2
0
-1
-1
-1
1
-1
-1
-1
-1
0
1
-3
0
2
-2
1
0
0
-1
1
0
-1
0
-1
-1
0
-1
0
-1
1
0
0
0
-1
0
0
0
0
-1
0
0
-2
1
1
-1
-1
1
-3
-1
2
-2
-1
-1
0
0
0
-2
0
0
1
-2
-3
1
-3
6
-6
8
-23
24
-7
2
-6
1
4
6
-10
-13
15
-8
8
-16
22
-13
-6
2
-1
-9
21
-13
1
-4
0
-3
-3
0
2
-2
-1
-2
1
0
-1
1
-4
4
1
-13
10
-9
7
4
-2
-2
-6
-1
3
0
3
3
-14
17
-8
4
-2
-3
7
-3
1
-1
-1
2
-2
-1
1
0
-1
-1
0
-1
0
-1
1
-2
0
0
-1
0
-1
0
-2
0
-1
-1
0
0
0
0
0
0
0
0
-1
0
1
0
0
0
1
-2
0
-2
1
-1
-1
1
-2
0
-1
0
-1
-1
0
0
-2
1
1
-3
-1
0
-1
3
-7
3
3
-5
7
-17
13
-3
-3
0
-4
1
5
1
1
-5
-8
8
-12
12
-3
-6
2
-1
1
-2
-4
0
-2
1
-6
0
2
-3
0
-1
-1
7
-12
9
-4
0
2
-1
-7
11
-11
5
2
-5
0
-1
5
-4
5
-2
-4
-2
5
1
1
-1
0
-1
0
2
1
-1
-2
0
-1
-1
-1
1
-1
-1
0
-1
-1
1
-1
1
0
-2
0
0
-1
-1
0
-1
0
-1
-1
0
0
0
0
0
-1
0
0
0
-1
0
0
-2
-1
1
1
-2
0
-1
0
-1
-1
0
-1
-2
-1
-1
-1
-1
0
0
-1
-2
0
0
1
1
-1
-1
-6
2
3
2
-6
4
-6
1
-1
4
-5
-5
10
-13
6
0
-3
-2
3
-10
12
-8
0
-1
-4
3
-6
0
0
1
-2
-1
3
0
-5
-2
4
1
-5
0
0
5
-7
12
-14
8
-1
-2
2
-1
1
2
0
-2
-1
3
1
-2
0
-1
1
-1
0
1
-1
-1
2
-1
0
-1
1
-2
0
1
-1
1
-1
0
-2
2
-2
2
-2
-1
0
1
0
1
-1
0
0
0
0
0
-1
-1
2
-1
0
0
0
-3
2
-2
0
0
0
-2
1
-3
-1
1
-1
-1
-2
1
-2
0
2
-2
-2
-1
-2
1
0
2
-1
-2
1
0
-1
-2
0
1
-1
1
0
-8
14
-13
7
-6
1
0
2
-3
-6
1
4
-1
-5
-1
-1
-2
-4
0
-4
1
0
-2
1
5
-9
2
4
-3
-1
-4
2
0
-3
5
-5
3
-2
1
-3
7
-2
-8
5
-2
0
0
1
-3
1
-1
2
-1
1
0
1
-1
1
-1
-1
-1
2
-1
0
-1
1
-2
0
0
-2
-1
0
-1
-1
-1
-1
-1
-1
-1
-1
0
-2
0
1
-1
-1
0
0
0
0
0
0
0
-2
0
0
-2
0
2
-3
2
0
0
-1
-1
0
0
-2
1
-2
-1
-1
0
-2
1
-1
3
-1
-1
-1
2
-6
7
1
-7
4
-3
3
-4
3
-5
2
-1
-3
2
-2
2
-5
-2
9
-5
-3
0
-1
-3
-1
0
-6
2
-2
-2
2
0
-4
7
-7
2
-1
1
-2
-2
3
-3
-2
-1
2
-3
-1
3
2
-4
3
-2
1
-3
0
0
2
-3
2
-1
1
-3
-1
0
2
-3
0
-1
0
-1
-1
2
-2
0
0
-1
-1
1
-1
1
0
0
-2
0
0
0
-1
0
-1
0
0
-1
0
0
0
0
0
-2
0
0
2
-2
1
0
0
-1
2
-2
0
-1
0
0
-1
2
-2
0
1
1
-2
0
-2
3
-1
0
-2
2
-3
2
-3
3
-3
-4
0
2
-3
0
2
2
-3
0
2
-3
0
-2
5
-8
4
-1
-2
1
-2
-3
1
0
-1
2
-2
-2
0
2
-4
3
-2
0
0
-3
2
-4
0
5
-8
4
-2
8
-3
-2
-1
0
-1
5
-6
2
3
-4
3
1
-3
1
0
-1
1
-1
1
-2
0
-1
1
-2
2
0
-1
0
2
-1
-2
1
0
2
-2
0
1
0
1
-1
0
-1
-1
0
0
0
-1
1
0
-1
-1
-1
0
-2
0
-1
1
0
-1
0
1
-1
-2
1
-3
0
-2
1
-1
0
-2
-1
0
-3
2
-1
-3
4
-3
-3
6
-5
0
-1
0
2
3
-9
3
-3
7
-5
-1
3
-3
1
-1
-2
-1
-3
4
-2
-3
1
-1
-5
-3
0
-2
-14
14
3
-8
4
-3
-1
1
0
-2
8
-21
12
33
-58
34
-28
27
5
-27
32
-37
21
7
-15
5
-5
6
-8
5
-2
-4
4
-2
0
0
1
-1
-1
0
0
-2
1
-1
1
-1
0
1
-2
3
-3
-1
1
-2
1
0
0
0
1
-1
-1
-1
0
0
0
0
-1
-1
-1
-1
-1
2
-3
-2
3
-3
2
-1
-1
0
-2
0
-2
1
-1
-1
-1
-1
-2
0
0
1
-4
2
1
-5
8
-7
4
-6
14
-9
-22
37
-33
27
-5
-26
27
-36
57
-35
-13
19
-9
2
-3
-3
0
4
-6
8
-4
-18
13
-1
0
-4
-1
31
-32
3
2
1
-2
3
-2
-2
-14
18
49
-72
2
-26
72
23
-13
-100
-13
77
33
7
-47
-12
20
10
-14
-4
2
6
0
-3
-1
2
0
2
-1
0
-1
1
-1
0
-3
0
2
-2
-2
-1
1
-1
-1
0
-1
1
-1
0
-1
-1
-1
-1
0
-1
-1
0
0
-2
0
-1
0
0
1
-1
-2
0
1
1
-2
-1
2
-2
0
-2
0
-1
0
-1
1
-2
0
3
-2
-9
-2
3
13
-10
-20
12
47
-8
-33
-77
12
100
13
-24
-74
25
-2
72
-50
-18
13
0
-2
-5
2
-2
-3
-4
30
-35
-1
-1
0
2
-4
-4
7
8
-4
-10
3
10
-5
-14
5
19
-1
-24
-6
25
14
-29
-35
10
33
4
-27
-9
22
15
-13
-13
8
12
-6
-10
4
7
-5
-8
3
7
-4
-7
2
6
-2
-6
2
6
-2
-6
0
5
-1
-6
1
4
-1
-4
0
6
-1
-5
0
4
0
-5
-1
5
1
-6
-1
6
0
-4
0
6
1
-6
-2
5
2
-7
-3
5
1
-8
-4
6
3
-9
-4
7
4
-8
-5
9
5
-12
-8
13
12
-16
-23
9
26
-6
-36
-10
36
28
-16
-27
6
23
0
-21
-7
12
2
-12
-4
9
2
-9
-8
3
3
-4
