-8
-5
-5
-9
10
-32
42
-31
8
5
-30
16
2
-6
-11
-21
42
-31
-6
18
22
-41
32
-19
-16
11
14
-23
12
2
4
-9
-15
26
-51
76
-47
-5
28
-26
9
10
-14
4
2
1
3
-15
13
-9
6
-8
-1
0
6
-8
2
-4
4
-2
0
-3
0
-2
1
-2
1
-1
1
-1
5
-3
3
-8
7
0
0
-6
6
-7
14
-12
3
2
2
3
-14
11
9
-25
28
-5
-46
76
-50
27
-15
-8
6
3
13
-23
15
11
-16
-16
33
-39
23
19
-5
-31
43
-16
-8
-3
5
21
-27
8
10
-27
46
-29
12
-3
0
4
-8
-6
-5
1
-10
-3
-21
23
0
-6
-4
-11
4
-3
-2
21
-21
-32
32
-19
26
-40
68
-48
-22
53
-50
20
-11
10
-11
12
-11
2
15
-20
4
-16
36
-27
11
-9
2
-1
6
3
-2
-4
-1
-3
11
-11
2
0
-3
2
-3
-2
3
0
-2
0
-1
0
-1
1
-1
1
-1
0
3
-1
-2
3
-3
0
3
-10
13
-1
0
-4
-2
3
7
0
2
-6
11
-26
35
-16
5
-19
14
3
-11
13
-9
11
-10
21
-48
54
-22
-46
70
-39
26
-17
32
-30
-20
25
0
-1
7
-7
-2
-2
2
25
-17
2
-7
7
-1
3
-10
-12
15
-14
-7
11
-45
37
-1
-16
-11
4
8
-6
-5
-10
25
-21
-5
0
16
1
-28
-17
44
-21
0
4
-4
-6
2
4
-5
-1
8
-39
65
-42
18
-14
6
-4
11
-11
5
4
-9
9
-2
-6
2
0
1
-5
0
1
-4
6
-5
1
-1
-2
-1
-1
0
-1
0
0
0
3
-6
5
-3
1
2
-4
2
1
3
-4
-1
10
-9
4
5
-11
10
-4
7
-14
17
-41
66
-38
9
-1
-5
5
3
-4
-4
6
1
-20
45
-17
-26
3
17
2
-4
-19
26
-8
-2
-3
11
7
-8
-13
1
40
-41
14
-3
-6
20
-4
-6
17
-78
39
39
-38
72
-149
-11
125
-25
-58
8
51
-78
84
-47
-20
27
-33
34
-28
5
7
3
-10
8
-11
-2
10
2
-18
5
5
-2
1
-11
35
-31
-5
25
-18
4
1
7
-6
-5
6
2
-9
-1
6
4
-11
6
-4
1
-2
1
-4
1
1
-2
0
0
0
-1
0
2
-3
2
-1
2
-3
7
-10
5
6
1
-9
3
7
-5
-6
7
0
3
-16
25
-6
-29
35
-11
0
0
6
5
-18
4
10
-1
-10
10
-7
4
9
6
-26
35
-31
29
-18
-46
88
-75
54
11
-54
-22
128
-9
-146
76
-33
42
46
-72
25
-7
18
-49
-56
171
143
-587
277
82
107
-259
122
33
-18
-96
108
-73
19
24
-16
-41
71
-20
-20
-14
27
-2
-17
23
-23
3
5
-3
4
-11
16
-8
-2
14
-22
11
-2
10
-8
5
-9
3
10
-7
-1
-6
8
-6
3
-3
-4
3
-5
3
-3
-2
0
0
-1
0
0
0
-1
-1
-1
5
-4
4
-3
-1
4
-6
10
-7
-1
-6
11
4
-10
4
-7
9
-3
10
-19
14
-2
-7
16
-11
5
-3
5
4
-22
24
-16
-1
27
-13
-19
-18
71
-40
-15
24
20
-72
111
-92
-15
36
124
-258
109
84
280
-583
148
174
-48
-44
26
-9
12
-36
-68
127
267
-559
17
348
30
-314
82
95
71
-208
101
-5
-56
68
9
-20
-111
140
-30
-12
-23
25
4
-19
15
-15
-7
6
5
-3
3
-8
2
12
-9
2
-11
9
8
-4
-6
3
-2
-4
3
8
-16
3
6
-5
-7
6
-3
0
-3
1
0
-1
0
0
1
0
0
2
-3
0
-3
7
-5
-3
7
4
-15
9
5
-3
0
4
-6
-3
8
9
-11
2
-8
12
2
-8
3
-3
6
6
-6
-14
16
-17
5
27
-23
-11
-29
142
-110
-20
10
70
-53
-4
104
-206
76
97
85
-311
34
349
21
-554
270
130
-61
-32
21
-11
2
-14
-49
41
248
-476
585
-599
152
72
29
-12
-63
88
-173
125
78
-69
-68
-43
192
-42
-95
-8
77
-29
-17
0
7
-2
-7
6
0
-5
10
-4
-10
5
10
-3
-5
-1
-2
6
3
-5
0
4
0
-2
-9
8
1
-8
3
1
-2
-1
-1
1
-2
0
0
-1
-1
1
-1
1
0
0
-2
3
3
-6
1
8
-8
-1
0
5
0
-6
3
6
-1
0
-4
-4
10
5
-11
-3
10
-5
1
6
-5
-1
7
2
-16
-28
78
-7
-93
-41
194
-41
-66
-68
79
126
-171
91
-59
-8
33
75
155
-597
588
-472
252
44
-41
-8
9
-10
-1
-11
18
-17
-156
114
356
-449
65
56
-70
14
198
-187
72
-120
99
-63
64
-110
77
125
-182
12
62
-14
-23
8
10
-6
2
-16
6
0
16
-23
5
20
-19
10
-6
0
-1
6
7
-18
10
-2
-5
8
-7
-2
0
1
0
-1
-3
0
-1
-2
1
-1
0
0
0
-1
1
0
1
1
-2
0
0
1
1
-1
-6
11
-4
-1
11
-17
6
5
0
-1
-7
10
-19
20
5
-23
17
0
8
-16
3
-6
12
9
-23
-13
64
14
-181
128
78
-109
65
-63
99
-119
75
-184
200
17
-68
60
69
-446
361
118
-153
-13
26
-6
7
-7
-6
0
55
-61
-234
477
-895
941
-56
-331
64
108
-343
379
-228
121
-60
21
-15
68
-133
157
-129
15
33
-10
-5
12
-10
1
-2
-9
8
5
-11
-3
12
-1
-4
1
0
0
-1
-3
11
-13
9
-2
0
4
-19
8
3
2
-4
-5
1
0
0
-3
0
0
-1
0
0
0
0
-2
1
0
2
-5
-3
3
3
9
-18
5
2
-1
8
-12
11
-3
-2
1
-1
1
-4
0
12
-3
-9
6
8
-9
-1
2
-8
13
-2
-9
35
16
-127
159
-130
68
-13
21
-60
122
-225
381
-339
111
67
-327
-53
942
-890
480
-230
-58
63
4
3
-8
-22
18
47
-114
85
-58
45
-64
-117
206
-28
-131
324
-398
297
-224
119
-49
20
13
-123
194
-184
75
42
-45
20
-19
5
-4
8
-9
6
-1
5
-19
17
3
-9
6
2
-5
-5
12
-11
7
1
-7
-2
7
-11
4
8
-14
10
-6
0
2
-4
1
0
-1
1
0
0
0
0
2
-4
2
0
-5
13
-13
9
4
-8
8
0
-6
0
6
-11
13
-5
-6
2
6
-9
3
18
-19
4
-1
7
-9
9
-3
6
-17
22
-44
43
76
-182
195
-124
13
21
-47
120
-223
302
-393
328
-128
-24
208
-113
-62
50
-54
89
-111
55
23
-12
-8
-32
35
9
-86
278
-516
972
-1117
392
29
-41
117
-274
272
-128
83
-29
-37
4
6
60
-40
17
-39
14
-5
3
-11
9
-3
4
-3
-1
-6
14
5
-28
2
22
-13
8
5
-8
-2
2
3
-4
-3
0
3
1
1
-8
6
-4
-10
10
-4
0
-1
-1
0
-2
1
0
0
-1
0
0
-4
11
-8
-2
6
-8
1
1
4
1
-2
-3
4
2
-2
-7
4
8
-13
23
2
-27
5
14
-4
-2
-3
5
-2
9
-10
3
-3
13
-37
17
-37
62
6
5
-36
-29
84
-126
275
-270
119
-37
32
394
-1114
975
-513
280
-82
17
39
-23
-8
-35
50
-32
-15
246
-428
307
-276
279
-215
97
-65
117
-72
-37
59
-43
3
22
-17
44
-40
-63
91
-22
-14
-10
26
-11
-3
-6
1
4
3
-10
-11
36
-28
9
-1
0
1
2
4
-19
18
-6
0
3
-1
-7
-1
4
-7
3
-5
13
-10
-2
1
2
-2
-1
0
0
-2
2
1
-1
-9
14
-4
3
-6
6
0
-4
0
3
1
-5
19
-18
4
2
0
-1
-1
9
-28
37
-10
-8
3
3
1
-5
-3
-11
28
-9
-14
-20
92
-62
-38
44
-16
24
3
-42
60
-35
-69
119
-61
100
-213
282
-273
310
-424
251
-11
-26
54
-26
-9
-32
49
-57
41
118
-243
-158
437
-100
-152
122
-96
5
9
42
-43
31
-12
-3
-35
187
-268
88
11
15
-13
-4
12
-27
22
2
-13
4
8
-21
23
0
-13
6
-1
-3
7
4
-5
4
-7
7
2
-7
1
-2
1
-5
1
0
-1
-4
2
-2
-1
1
-2
-1
1
0
-2
1
0
-2
3
-2
0
3
2
-4
3
0
2
-6
3
7
-6
4
-5
4
7
-3
-2
5
-13
-1
23
-21
9
5
-13
2
23
-26
13
-2
-13
17
12
90
-266
189
-34
-1
-11
32
-42
44
12
8
-93
127
-149
-99
438
-153
-239
121
45
-50
55
-24
-7
-31
46
-78
93
-69
31
-367
640
-261
-36
20
-22
-85
122
-48
0
-82
117
-40
-19
32
-16
12
-46
43
-16
8
-13
8
-12
3
7
-9
9
4
-20
14
-10
5
6
-2
-2
4
0
-1
-2
-1
5
-4
-4
4
2
-2
-5
2
-2
-4
5
-2
0
-1
-1
-1
0
0
-1
0
0
-3
6
-2
-2
4
-4
-1
2
4
-4
-3
6
-2
-2
-1
0
4
-1
-2
6
5
-10
14
-19
3
10
-8
7
4
-12
10
-13
8
-15
44
-44
13
-14
34
-18
-39
118
-81
1
-44
126
-81
-18
25
-33
-256
641
-363
35
-65
95
-70
51
-22
-8
-30
46
-90
124
-226
305
-514
678
-407
152
-12
-125
152
-139
65
-54
14
30
-78
124
-119
71
9
-33
-11
6
10
8
-17
3
-13
11
-1
-12
20
2
-24
13
-7
13
-7
3
0
-2
6
-8
-4
4
2
2
-11
5
3
-11
10
-6
1
-3
0
1
-2
-1
-1
0
0
0
-2
2
1
-1
1
-7
11
-11
5
6
-10
4
2
5
-4
-7
7
-1
0
3
-7
13
-6
14
-25
3
20
-11
0
11
-13
5
-17
10
11
7
-12
-31
10
73
-117
126
-78
32
14
-53
68
-137
156
-122
-9
154
-404
679
-510
308
-221
127
-83
51
-22
-8
-27
40
-91
125
-264
398
-554
655
-453
253
-78
-64
12
9
29
-54
46
-39
-19
27
13
-11
-28
29
-24
20
-10
5
-4
-2
0
-2
1
-4
-2
0
1
3
4
-6
0
8
-1
-6
-1
14
-15
-3
8
0
-7
4
-9
9
-3
-2
0
-3
2
0
-1
-1
-1
0
-1
0
0
-1
3
-2
2
-2
-2
11
-7
5
-7
0
8
-2
-14
15
-1
-5
-1
9
0
-6
5
3
1
0
0
-3
3
-2
0
-1
-2
6
-8
21
-22
30
-27
-9
14
28
-18
-37
48
-53
33
13
16
-61
-76
255
-448
656
-549
402
-260
128
-83
45
-18
-8
-24
37
-88
133
-345
499
-363
215
-89
26
-70
77
-115
66
52
-64
9
-8
3
-4
36
-65
65
-56
17
-13
9
5
-13
19
-16
3
3
0
-3
10
-9
-1
3
0
-5
11
-11
9
-10
10
-6
4
-3
5
-13
7
-4
6
-10
8
-6
4
-4
1
0
-1
0
-1
1
-1
0
1
-3
6
-5
9
-9
7
-3
7
-10
5
-3
5
-5
10
-10
9
-10
12
-6
1
4
-1
-8
10
-2
0
4
3
-16
19
-13
6
8
-12
19
-55
67
-63
38
-3
4
-7
10
-63
55
68
-112
81
-68
30
-84
217
-359
503
-341
135
-81
42
-15
-7
-25
34
-94
143
-354
399
273
-614
179
21
-62
88
30
-60
-65
97
-32
-22
54
-88
39
21
-26
12
5
-20
21
-22
13
-3
-7
8
-6
-2
4
-1
-6
9
-2
-3
-5
10
-7
9
-12
0
7
-4
-1
6
-10
6
0
-8
9
-5
-3
2
1
-3
-1
-1
-1
0
0
1
0
-3
3
2
-3
-3
10
-8
1
6
-9
6
0
-4
8
1
-11
9
-6
12
-5
-2
-3
11
-6
0
4
0
-4
8
-7
-2
13
-21
23
-18
6
13
-25
23
41
-87
55
-20
-31
98
-63
-57
35
91
-60
25
182
-612
276
402
-351
146
-86
38
-16
-7
-29
38
-96
92
110
-165
38
-92
116
-70
-26
87
-47
-4
-30
51
-4
-26
-12
-8
66
-59
36
-32
12
-1
-6
3
0
-1
2
0
-8
6
0
-2
-9
13
-9
2
10
-9
-5
11
-7
6
-9
10
-14
5
3
-7
6
-6
-1
2
1
-4
1
-1
1
-1
0
0
1
-1
1
0
0
-2
2
2
0
-4
7
-7
4
6
-13
11
-9
7
-8
12
-5
-10
10
2
-7
13
-8
-2
1
6
-8
0
3
0
0
4
-5
1
12
-31
36
-57
66
-7
-11
-26
-3
52
-26
-1
-43
91
-22
-67
118
-90
41
-159
112
95
-88
43
-20
-10
2
-2
-51
71
-23
-49
34
-14
25
-26
-42
53
42
-87
26
10
-30
27
-34
46
-43
17
-9
7
-1
-4
0
-2
-3
-3
7
-2
-9
7
-5
0
10
-8
-5
2
7
0
-14
18
-12
0
0
-1
7
-6
0
-5
3
-3
1
0
-2
1
-2
-3
2
-1
0
0
-1
0
2
-2
-1
3
-2
1
4
0
3
-5
2
-6
8
0
1
0
-12
19
-13
1
7
2
-4
-7
11
0
-5
7
-7
-2
8
-3
-2
-1
2
-3
-1
9
-7
17
-41
47
-33
29
-28
11
31
-84
45
56
-38
-24
28
-12
38
-46
-19
74
-44
2
10
-9
5
-21
-22
37
-4
-54
168
-215
58
12
10
3
-23
-3
-7
26
-27
20
-9
-3
17
-27
5
2
-4
3
2
-4
-5
6
-6
6
-5
3
0
-2
-3
4
5
-17
19
-9
7
-8
3
1
0
3
-3
-3
8
-12
9
-9
4
1
-3
1
-2
-1
1
-1
0
0
0
0
2
0
-1
2
-2
2
5
-9
9
-11
10
-3
-2
4
0
1
2
-7
7
-9
19
-17
5
4
-1
-2
-1
5
-4
6
-6
7
-6
-3
4
4
-4
3
6
-28
20
-2
-9
21
-26
27
-5
0
-19
6
11
15
61
-213
173
-50
1
39
-16
-17
14
-9
4
-24
2
10
6
-25
11
-22
4
8
12
-32
-13
36
-13
-14
11
-7
6
-24
55
-55
3
16
-11
7
-2
-10
3
1
-4
0
-1
2
-4
-1
8
-5
2
-2
2
0
8
-11
2
3
1
-5
3
-8
5
-10
13
-7
2
-8
3
-2
1
0
0
-1
-1
-1
0
0
-1
1
3
-2
5
-7
4
-6
15
-10
7
-8
6
-4
2
4
3
-11
8
-1
0
-3
1
-5
9
-1
-3
3
-1
0
-2
2
6
-9
1
8
-10
17
6
-52
55
-23
8
-7
13
-13
-9
40
-11
-29
16
11
7
-21
16
-23
10
13
9
-18
12
-8
0
-12
-13
19
-23
14
-76
104
-31
-21
28
-39
-12
30
-16
0
1
-5
4
-4
-4
2
-3
-4
11
-4
-14
10
-2
4
-9
3
5
-11
9
-6
-1
2
-2
5
-6
8
-7
2
4
-1
-8
9
-12
7
-2
2
-4
-5
5
-2
-2
-1
-1
-1
-1
-1
-1
0
0
-1
-2
0
1
-2
-1
-2
6
-3
-3
2
0
8
-12
10
-6
1
4
2
-8
9
-7
6
-2
2
0
-5
10
-11
6
3
-9
5
-2
10
-13
-3
12
-3
-1
2
-3
-2
6
-4
2
1
-12
33
-9
-35
31
-18
-27
106
-73
18
-18
22
-6
-7
7
-9
-4
-7
-7
5
-21
32
-81
101
-55
8
0
-7
-20
19
-6
3
-5
-5
-2
-3
10
-13
14
-13
-4
8
-6
3
-14
11
-9
5
-1
-2
2
-1
1
-4
7
-10
8
-5
4
5
-6
1
-6
8
-6
0
-5
6
-7
1
-2
3
-4
2
-3
1
-1
-1
0
0
0
0
-1
1
-2
2
-4
4
-2
2
-6
6
-5
2
-4
9
-5
2
-5
6
2
-6
8
-10
8
-4
2
0
3
-1
-1
5
-8
12
-12
3
-4
9
-2
-11
15
-12
11
-2
-1
-3
-3
4
-3
22
-17
-3
4
10
-50
102
-78
36
-18
7
1
-3
4
-8
-7
-2
-11
10
-7
-10
-19
45
-22
-14
3
-8
12
-7
-10
4
-6
3
-4
6
-9
1
-6
6
-2
-2
-4
2
0
-2
-6
6
-4
11
-18
12
-5
3
-12
12
3
-7
-7
16
-10
3
-1
3
-11
7
0
-2
-10
10
-3
-4
0
2
-1
-1
0
-1
-1
1
-1
-1
1
1
0
2
0
-3
-2
11
-9
-1
1
7
-11
4
-1
3
-10
17
-6
-7
3
12
-11
5
-4
12
-15
10
-4
6
-4
-1
1
3
-3
-2
-1
7
-4
3
-6
7
-2
3
-4
5
-7
-4
14
-5
7
-11
-18
47
-15
-7
-3
13
-4
4
0
-9
-5
-1
-25
29
-37
31
-36
33
-15
-5
-1
-4
9
-28
13
2
-7
-3
9
-10
-1
-1
-1
0
-2
3
-9
2
8
-10
2
-2
-3
3
-2
2
-1
5
-12
7
3
0
2
-7
7
-8
14
-12
3
1
-5
3
-5
0
2
-5
1
-1
0
-2
0
0
0
0
0
0
1
-1
2
-1
3
-4
3
0
-4
4
-5
1
3
-11
12
-8
7
-6
2
-1
4
7
-12
4
-2
3
-1
4
-3
-2
3
-9
9
3
-8
4
-2
0
0
1
2
-9
11
-2
-4
3
17
-25
12
-1
3
-1
-14
35
-32
35
-33
32
-17
4
2
-9
-7
-1
-15
14
-39
45
-35
19
-12
-1
-5
2
12
-30
13
-9
6
-5
1
-4
-4
11
-11
3
-1
-7
0
-1
2
-5
2
1
2
-3
1
4
-3
2
-4
4
1
-5
7
-4
-4
7
-1
-6
8
-7
1
2
-5
-4
0
-1
0
-2
0
1
0
-1
0
0
0
-1
0
1
0
-1
2
0
2
-2
-3
2
1
-7
10
-5
-2
8
-3
-3
6
-4
0
4
-4
2
-3
3
2
-3
3
1
2
-5
3
0
1
-6
1
4
-9
12
-2
-3
2
-4
8
-8
17
-27
14
4
-3
2
-9
21
-30
48
-35
18
-6
4
1
-8
-9
-1
-1
-3
-22
18
-1
-9
-2
-6
3
-3
-10
11
-8
1
-7
6
5
-16
15
-16
7
-8
7
-9
8
-7
1
0
0
-1
-7
7
-4
3
-3
-4
7
-6
2
0
4
-8
9
-4
6
-13
6
2
-4
-1
0
-1
7
-9
0
1
-2
0
0
0
0
0
0
0
0
1
-1
1
0
-7
8
0
1
-1
-3
3
6
-12
6
-3
9
-8
3
1
2
-5
10
-4
-2
3
-4
8
-5
-1
0
2
3
-7
10
-8
8
-7
9
-14
16
-15
5
7
-6
2
-6
15
-7
0
5
-3
0
-6
3
22
-19
-1
6
4
-1
-10
-5
1
-10
-1
-8
13
-24
12
-12
10
-9
5
-22
20
-2
-10
1
0
-7
10
0
-11
5
-4
0
-3
0
-4
4
1
-3
2
-7
8
-8
6
-4
1
-3
4
1
0
-1
-1
-4
13
-13
5
-4
0
2
0
-2
3
-7
-1
3
-4
1
0
1
0
0
-1
0
0
1
0
1
-2
4
0
-4
4
0
1
3
1
-3
6
-14
14
-3
-1
-1
1
1
4
-3
1
-4
7
-7
8
-5
2
-4
0
6
-3
1
-1
1
-2
6
-9
1
11
-7
1
1
-9
1
24
-18
9
-5
12
-9
14
-19
18
-6
3
-3
5
3
-9
-5
-5
-6
3
-12
1
17
-33
6
6
-7
5
-8
10
-28
23
-5
-6
-1
1
-6
0
0
2
-4
-4
7
-7
-5
7
-9
2
6
-7
-1
7
-6
4
-5
3
-1
-6
14
-13
5
1
-4
2
-3
0
-1
-1
-2
-2
8
-9
0
2
-3
0
0
-1
-2
0
-1
1
-1
1
-2
3
0
-8
9
0
0
1
-1
0
-2
3
-4
3
5
-12
14
-5
0
4
-4
5
-6
7
1
-6
7
2
-8
8
-4
-5
9
-3
-2
3
1
1
-5
2
1
-5
-4
24
-25
14
-5
8
-6
9
8
-31
20
4
-7
5
2
-2
3
-8
-7
-3
-11
7
-6
-8
33
-57
17
6
-7
0
5
-14
3
0
-4
-1
-1
4
-17
8
2
-6
8
-13
3
0
-2
3
-9
2
6
-9
2
-1
1
2
-2
9
-10
2
4
1
-3
-1
6
-9
6
-1
-9
6
5
-13
7
0
-2
1
-2
0
-2
0
-2
-1
-1
1
-2
1
0
0
-2
0
9
-13
5
7
-8
-1
8
-8
6
-1
-3
2
4
2
-8
9
-3
2
0
0
2
-7
7
2
-8
4
0
2
5
-11
10
-5
3
10
-16
6
-1
0
-3
1
7
-12
7
3
-5
8
21
-55
36
-4
-3
10
-3
2
1
-2
-5
-5
-3
1
0
-4
-9
-5
-1
2
0
-4
-4
-2
-1
-1
-2
-1
0
-1
0
-2
-1
0
-1
0
0
-1
-3
0
1
0
-1
-1
0
0
0
-1
-2
-1
1
3
2
-1
-3
-1
1
0
-1
-1
0
0
0
-1
-1
-1
-1
-1
0
0
-1
-1
0
1
-1
-1
0
1
1
0
-1
0
-1
0
0
0
0
-1
0
1
1
0
-2
-1
2
2
0
-2
-1
0
1
1
0
0
0
0
1
0
-1
-1
0
0
0
0
0
0
0
0
0
-1
-1
-1
0
0
-2
-1
1
5
3
-4
-5
-1
4
4
2
-1
1
