0
22
-21
5
5
-18
24
0
-20
1
13
-14
13
-7
2
-16
14
3
-8
0
1
1
-1
0
5
-7
0
12
-16
8
-5
3
-4
4
-6
4
-1
-4
5
-4
3
-2
1
-2
1
1
-2
-2
3
0
-3
-1
2
-1
-1
2
-2
1
-1
-1
-1
0
-1
-1
0
-1
0
0
0
0
1
-2
2
-2
0
0
-2
1
2
-1
-4
2
1
-2
-2
1
-2
1
-5
4
-5
3
2
-5
4
-6
4
-4
4
-10
16
-13
-1
5
-6
1
0
-1
-1
-2
8
-3
-15
15
-4
6
-15
13
-17
-4
19
-1
-25
17
-6
-8
20
-27
0
-38
49
-32
-41
84
70
-33
-234
134
54
50
-77
-42
-64
183
3
-73
-50
16
55
-19
-14
-2
-22
57
1
-23
-26
-3
22
30
-35
5
-15
9
22
-14
-9
2
4
1
-4
5
2
-5
-1
0
3
-3
1
0
-3
3
-1
-2
-1
0
1
0
-1
0
-1
-1
0
1
0
0
0
-1
-1
-1
0
1
-1
-5
2
0
-2
3
-3
1
-1
3
-2
-6
4
-2
-4
-2
9
13
-22
-10
15
-5
34
-31
-23
3
25
22
-1
-58
21
2
14
20
-55
-17
50
72
-3
-184
63
41
76
-52
-56
-137
232
33
-71
-85
39
28
-51
34
0
17
-10
-16
-38
111
-120
122
-137
66
50
-108
50
101
-300
413
-313
136
-24
-38
55
-25
-32
98
-141
130
-86
44
-11
-33
76
-94
64
2
-58
86
-80
47
-13
-11
16
-9
-4
11
-8
0
-3
4
0
-5
5
-5
-1
4
-4
1
0
-1
-1
0
0
-1
-1
-1
0
0
-1
0
0
0
0
0
0
-3
4
-5
0
4
-6
5
-1
-6
2
0
7
-11
4
9
-16
10
13
-47
79
-87
58
-2
-64
95
-76
32
10
-46
87
-130
141
-98
33
24
-56
38
24
-137
312
-415
298
-103
-52
107
-52
-69
137
-123
119
-112
36
13
9
-22
0
1
-14
31
-43
-4
105
-115
27
67
-138
139
-105
-26
261
-138
-212
239
-125
32
23
-58
112
-80
-30
124
-103
-16
80
-63
10
36
-59
54
-9
-52
50
-3
-27
28
-13
0
2
-8
11
-10
-2
11
-11
4
2
-6
3
-2
0
0
-1
1
-2
2
-1
-1
0
0
0
0
-1
-1
1
-2
1
-2
-1
1
-1
1
-3
4
-3
-5
10
-11
0
8
-11
7
-3
-2
11
-31
24
2
-50
51
8
-56
58
-36
-11
64
-81
17
103
-125
30
80
-113
58
-23
-34
124
-239
211
138
-261
24
105
-141
135
-69
-28
114
-107
1
41
-33
13
-6
0
-19
-1
32
32
-27
-98
136
-68
-75
17
111
32
-46
-150
322
-285
-13
61
45
-23
8
-22
95
-56
-73
39
31
-62
10
67
-25
-25
7
45
-49
-14
28
1
-13
-5
12
4
-6
-7
8
1
-11
2
2
3
-5
-2
0
2
-3
-1
1
-1
-1
-2
0
0
0
0
-1
0
0
0
-1
0
-1
0
2
-4
-2
2
4
-4
-5
-3
10
-2
-8
6
5
-5
-13
3
12
-2
-28
13
47
-45
-8
24
26
-68
-11
62
-32
-39
72
55
-96
22
-8
22
-46
-61
12
284
-324
149
45
-33
-113
-19
74
67
-136
96
27
-32
-37
0
14
0
23
-31
22
-18
61
-201
443
-478
249
-154
162
-157
210
-162
-127
264
-189
148
-114
98
-82
90
-157
176
-118
29
43
-70
70
-89
104
-73
54
-49
18
2
-18
33
-29
23
-21
11
-15
16
-3
-2
-1
-3
0
0
1
0
1
-3
1
1
-2
1
-1
-1
1
0
-1
0
0
-1
-1
0
-1
-2
2
-1
-1
2
-3
-1
-1
0
-1
2
-1
0
3
-17
14
-13
20
-23
28
-33
18
-3
-18
47
-54
72
-104
89
-69
69
-43
-30
117
-177
158
-90
82
-98
112
-149
189
-265
125
160
-211
154
-163
150
-250
477
-444
199
-61
16
-24
29
-27
0
-33
24
8
-7
0
64
-295
266
0
39
-42
-49
-141
5
356
-190
-8
-33
13
-3
3
66
-74
-6
64
-6
-79
-16
38
63
-13
-24
-34
14
11
16
-24
9
4
2
-12
7
-7
9
-11
18
-13
2
-5
7
-1
0
-2
-1
1
-1
2
0
0
0
-2
-1
-1
0
0
0
1
0
0
0
-2
0
-2
1
1
0
1
-7
4
-3
12
-20
10
-10
7
-8
11
-3
-4
-10
23
-17
-11
-14
34
24
13
-65
-39
16
77
5
-64
5
75
-68
-4
3
-13
33
8
189
-357
-7
139
49
40
-40
-2
-266
293
-66
-1
7
-10
-26
28
0
33
-44
24
-12
10
-118
343
-322
144
-152
182
-196
284
-359
230
31
-91
38
-53
55
-24
11
-76
156
-174
150
-120
85
-68
54
-18
6
-1
-19
15
-15
37
-29
15
-20
9
-2
9
-1
2
-18
10
2
-1
0
-2
2
-2
0
0
-1
-1
-1
0
-1
0
-1
-1
0
0
0
1
0
-2
1
-1
0
-2
0
0
-2
2
0
-1
-3
-10
19
-3
2
-8
1
-8
19
-14
28
-37
15
-16
19
-1
-6
17
-54
68
-84
119
-151
173
-157
78
-12
23
-55
53
-38
91
-32
-231
357
-285
195
-184
150
-145
321
-343
117
-12
10
-26
42
-37
0
-35
7
10
29
79
-70
-148
114
35
-77
6
-44
81
212
-332
120
13
28
-54
-30
5
-22
132
-66
-33
20
42
-35
-22
-8
15
15
-19
-1
3
20
-5
-11
-6
15
-10
2
-7
10
-8
8
-5
-1
4
-2
-1
-3
-1
1
0
-1
1
-1
-1
0
1
0
1
0
0
1
0
0
0
0
-1
1
-2
-1
0
2
0
0
-4
1
5
-9
6
-11
6
-2
10
-16
6
9
4
-21
-4
1
18
-15
-17
8
21
34
-43
-20
31
66
-132
21
-5
30
53
-29
-15
-120
330
-212
-83
42
-8
75
-37
-115
147
69
-79
-30
-14
-8
29
0
20
-37
58
-77
45
161
-387
258
-38
-13
47
-123
205
-192
-23
189
-131
65
-29
-14
20
-81
127
-16
-57
58
-76
65
-22
-25
32
-27
29
-5
-23
25
-23
14
4
-17
11
-7
7
-2
-16
23
-7
-2
-4
1
0
1
-1
-2
2
-1
-2
2
-5
2
-2
0
1
0
-1
0
0
-2
4
-4
1
-1
-3
1
-1
-2
-1
-1
3
1
4
-23
15
0
-7
7
-13
15
-4
-15
21
-26
23
4
-29
26
-33
24
22
-66
75
-59
57
16
-127
81
-20
13
29
-65
130
-190
22
190
-206
121
-47
11
36
-258
385
-163
-46
74
-60
36
-25
0
0
-4
22
-23
-84
221
-205
32
58
1
-49
-28
202
-284
146
33
-64
-9
42
-7
-8
-55
145
-156
59
32
-33
-3
12
13
-30
9
22
-36
20
3
-11
5
-1
2
-5
1
2
-2
1
5
-7
0
3
-2
-1
-2
2
0
-2
0
1
-2
0
0
0
0
-1
0
1
0
-1
0
0
0
0
-2
1
-2
-3
1
1
2
-5
-1
7
-6
-1
2
-2
-1
6
-3
0
-6
10
-3
-20
33
-23
-9
29
-13
-12
3
34
-32
-59
154
-146
55
9
8
-42
8
64
-34
-146
283
-202
26
47
-3
-60
-33
203
-220
82
22
-25
3
-4
0
-35
43
-60
45
70
-81
-30
49
-12
-30
30
33
57
-169
56
38
-36
17
12
-14
-29
77
-26
-41
18
10
-2
-8
7
12
-21
1
10
-4
-5
1
5
-5
1
-1
1
0
-1
1
1
-5
0
3
-2
-1
0
1
-2
1
-1
-1
-1
0
0
-1
-1
0
-1
0
0
-1
-1
0
0
0
0
0
0
-1
2
-1
-1
1
2
-3
0
4
-2
-2
1
-1
-1
0
-2
5
-6
-2
3
3
-11
-1
22
-11
-8
8
1
-10
-17
40
26
-77
30
15
-12
-18
35
-38
-56
167
-59
-34
-32
28
10
-49
30
80
-70
-47
57
-43
31
0
22
-16
-1
3
-11
-4
60
-46
-12
12
-1
-4
18
-44
42
-29
14
-5
0
-3
3
2
-8
9
1
-3
-1
2
-3
5
-6
7
-3
-1
0
0
0
2
-2
-1
0
1
-3
3
-4
1
-1
0
1
-2
2
0
-2
1
0
0
0
1
-1
0
0
-1
-1
0
0
0
-1
-1
0
-2
0
-1
0
-2
1
-1
-2
2
0
-1
0
-2
3
-3
1
-2
-1
-1
2
-3
-1
0
0
0
3
-7
7
-5
3
-2
1
3
-1
-9
7
-2
-3
3
-1
4
-15
28
-43
42
-20
2
-1
-14
10
45
-61
3
11
-5
-1
15
-26
0
7
-9
7
-8
7
-19
26
-12
5
-9
10
-2
-2
-2
-6
1
2
2
0
0
1
3
-11
11
-8
8
-10
5
3
-7
5
-4
4
-6
3
-3
4
-6
1
1
-2
1
0
0
0
-1
0
0
0
-1
-2
1
-1
0
1
-1
-2
0
0
0
0
0
0
0
1
0
-1
0
-1
0
2
0
-1
-1
0
-2
2
-1
-1
-1
-1
0
-1
-1
0
-2
1
-1
-3
4
-5
2
-3
5
-6
3
-4
6
-4
-7
11
-10
8
-11
11
-4
-2
0
0
-4
-1
-2
4
1
2
1
-11
7
-6
12
-28
19
-8
6
-10
7
-11
0
-2
6
-7
1
6
-15
1
12
-8
1
1
4
-11
3
-4
1
0
-2
12
-11
0
7
1
-10
2
2
4
0
-5
2
4
-8
5
-2
1
-1
0
-1
-2
0
2
-1
-3
2
-1
-3
2
-2
2
1
-2
1
0
-2
0
0
0
-1
0
0
0
-1
-1
0
0
0
-1
-1
-1
-1
1
-1
-1
0
0
-1
2
-1
-3
2
-3
3
0
-3
2
0
-3
0
1
0
-2
0
-1
2
-6
8
-4
-2
4
0
-3
-2
-2
10
-1
-8
1
10
-11
0
-1
-1
3
-6
10
-4
-3
-2
5
-13
-2
13
-10
-1
5
-7
-3
0
8
-4
-3
0
9
-16
-2
18
-12
6
-6
10
-20
14
-9
4
5
-12
5
6
-7
5
-12
7
1
0
2
-3
4
-2
-1
0
-1
3
-3
3
-2
-1
1
-1
2
-2
0
0
0
-1
2
-1
1
-1
0
-3
1
1
-2
-1
-1
-1
-1
0
1
0
0
0
0
-1
1
0
-1
0
0
0
0
-1
-2
2
0
0
-2
1
-3
0
-1
1
-1
0
-2
0
-1
0
0
-3
2
-4
-1
0
1
1
-4
4
-3
0
-1
-7
12
-6
8
-6
-7
10
-5
-4
9
-17
19
-11
4
-7
10
-18
1
14
-9
-2
1
3
-11
0
-10
10
-4
-3
6
-13
27
-21
4
-2
1
3
-10
4
4
-3
4
-4
-1
-1
6
-8
2
6
-5
-1
5
-4
3
-5
3
-1
1
0
1
-2
4
-2
0
0
1
-1
0
-2
1
-1
0
-1
-3
1
-2
1
2
-4
4
-4
0
0
0
0
-1
-1
0
0
0
0
0
-1
0
0
-1
3
-4
3
-2
-1
1
-2
1
0
-1
0
-2
1
-1
0
0
-1
-1
2
-5
3
-1
-1
0
1
-3
4
-2
4
-5
1
3
-7
-2
8
-6
1
-1
4
-3
2
-6
-6
9
-4
-2
1
-7
20
-27
13
-5
2
1
-10
4
0
3
-3
-2
2
-4
-2
13
-9
-1
0
2
-4
4
-6
5
2
-6
1
0
1
4
-6
1
7
-9
4
-1
-1
-4
9
-4
-1
-1
0
2
0
0
-1
0
-1
-2
0
0
-2
2
-5
1
1
-2
1
-2
2
-1
-2
-2
1
-2
0
-2
-1
0
-1
0
0
0
0
-1
0
-1
-1
2
-2
-1
0
0
-3
1
-2
2
-2
-2
4
-3
1
-1
-1
1
0
-2
-1
0
0
-4
-2
0
0
4
-10
3
1
0
-5
8
-8
-1
5
-4
-1
0
-1
5
-3
-7
4
-5
3
-3
-1
-2
8
-14
1
3
-4
0
2
-7
0
-2
3
-1
2
-7
15
-30
22
-6
4
-2
-9
15
-18
8
-1
1
1
-3
-1
1
3
0
-6
4
-1
-2
4
0
-2
1
-1
0
1
-2
1
0
0
-1
1
-2
2
-2
0
0
-2
0
0
-1
1
-1
-1
-1
0
-1
1
-1
0
-1
-1
0
1
-2
0
-1
0
0
0
0
0
0
-2
1
-1
0
0
1
-2
0
-1
-2
2
-1
0
1
-3
0
-1
0
0
-1
-1
1
-1
-1
1
-2
1
1
-4
1
1
-5
5
1
-2
-3
1
3
-3
-1
0
-10
17
-16
8
-1
-7
4
-22
28
-16
4
-3
-1
-4
-2
0
4
-3
-3
1
5
-4
2
-6
1
1
-2
-1
6
-11
2
4
0
-1
-3
6
-4
1
-3
1
6
-6
3
0
-1
0
0
0
0
0
-3
4
-1
-2
1
0
-1
3
-3
-1
0
-1
-1
1
1
1
-4
1
-1
2
-3
-2
2
-2
0
-1
1
0
-1
0
0
0
-1
0
-1
1
-2
0
2
-2
0
-1
4
-3
0
-1
0
0
-3
0
1
-4
1
0
-2
2
1
-4
2
-1
0
0
-1
0
0
1
-3
5
-5
-2
2
-1
3
-7
1
1
-1
-4
-4
10
-8
0
0
-3
-3
6
-4
5
-7
-2
-1
2
-9
0
-5
2
-2
3
-4
1
1
-3
-1
-4
-1
-1
4
-1
-4
-3
2
0
-4
6
-5
2
-5
6
1
-4
0
2
0
-2
1
1
0
2
-4
0
1
-2
1
0
-2
3
-4
2
2
-2
0
0
0
0
1
0
0
-2
0
1
-2
0
0
-2
0
-1
0
0
1
-1
0
1
0
-1
1
-2
-1
3
-2
0
-1
0
-1
-1
0
1
-2
-1
2
-4
2
-1
-2
1
-2
-1
3
-3
0
-1
0
1
0
-2
-1
3
-2
-7
5
-4
5
-7
3
-2
-3
2
2
0
-6
-1
-1
1
-3
2
-2
-3
2
-5
0
-4
1
0
-10
11
-3
-2
-1
4
-11
12
-6
2
-4
-2
3
-1
2
-8
4
-2
4
-3
1
0
0
5
-5
-2
1
1
1
-1
1
-2
0
-1
1
-1
-1
0
-1
-2
0
-1
0
-2
3
-3
-2
1
0
-1
1
-2
2
-3
1
1
0
0
-1
-1
0
0
0
0
1
1
-1
0
1
-1
1
-2
0
3
-2
1
-2
1
-1
-1
-1
3
-4
1
-1
0
-1
1
-2
-1
0
0
-2
1
-1
1
0
0
0
-2
0
1
3
-5
0
-1
-1
2
-4
1
-5
8
-2
0
-6
1
1
-3
3
-13
10
-5
0
2
-2
-12
6
0
11
3
-58
63
-20
-6
-1
12
-12
-1
11
-8
-4
9
-12
10
-4
-2
9
-14
13
6
-24
16
-3
2
1
-6
5
-1
-3
11
-20
20
-14
4
5
-12
11
-3
-1
0
0
1
-1
1
-2
2
-3
2
-1
1
-2
0
1
-1
0
1
0
-1
-1
0
0
0
-1
-1
0
0
-1
0
-1
0
-2
0
1
-1
0
-2
2
-2
1
-2
1
-2
-1
-1
1
2
-12
11
-6
-4
12
-21
19
-11
3
0
-5
6
-2
-4
4
-16
24
-7
-13
15
-8
2
4
-10
9
-10
2
6
-11
-2
10
-13
0
5
19
-64
56
-4
-15
0
-31
58
-37
-28
46
-23
-4
20
-13
5
-6
0
13
-14
-6
20
-12
-41
72
-16
-24
3
29
-30
26
-23
2
7
0
-8
8
15
-36
22
8
-17
1
18
-18
6
3
-4
1
0
0
-3
-1
0
1
-2
0
0
-2
-2
1
0
-1
-1
0
0
0
0
0
0
-1
0
0
0
-1
0
-1
-1
-1
1
1
-1
0
2
-2
0
0
2
-2
-1
-3
3
-3
-6
17
-19
-1
17
-9
-23
36
-15
-7
8
-1
-9
-1
22
-27
30
-30
-2
24
15
-72
40
11
-20
6
14
-15
-1
5
-7
11
-21
6
23
-48
26
35
-59
27
0
37
1
-51
22
2
0
3
-9
8
-1
-4
4
4
-14
10
5
-23
18
5
6
-28
5
43
-38
-15
13
11
-7
-2
4
10
-14
-22
25
2
-5
-6
2
8
-5
-3
1
-1
0
-4
2
-1
-2
1
-2
0
-1
0
0
0
0
-1
0
0
1
-1
0
1
0
0
-1
0
-1
-1
0
0
-1
0
0
0
1
-1
2
-4
2
-1
-3
2
-1
0
-1
2
3
-8
-3
7
4
-4
-26
20
13
-11
-4
1
7
-12
-13
14
38
-43
-5
28
-7
-5
-18
21
-5
-10
12
-4
-5
3
0
-10
8
-4
0
-3
-23
49
-4
-42
0
-54
31
-5
39
-44
17
-1
-2
2
-4
-2
3
7
-10
-8
7
14
-19
9
-9
28
-33
29
-42
48
-33
15
-8
1
5
-14
15
-9
12
-15
6
-3
-5
12
-2
-3
-4
5
-2
-2
0
2
-3
1
0
-2
-2
5
-2
-3
3
-1
-5
5
-1
-1
1
0
0
1
-1
1
0
-4
5
0
-5
2
1
-5
3
1
-2
-1
3
-4
-1
1
1
-6
3
2
1
-12
5
2
-7
14
-14
9
-15
13
-6
-2
7
-17
31
-47
42
-30
31
-28
10
-9
17
-16
-7
7
8
-8
-4
0
2
-3
1
2
-17
42
-40
2
-33
49
0
40
-79
56
6
-4
-14
6
-4
2
-4
6
-4
4
-9
3
0
3
-8
-8
16
1
2
-20
1
32
-10
-12
5
-13
9
-6
16
0
-20
16
-7
-1
5
-8
0
0
2
2
0
-3
0
-1
1
-3
1
-3
2
-4
2
-2
1
-1
1
0
-1
0
1
-1
0
-1
0
0
0
0
-1
1
-2
0
-1
2
-2
2
-1
2
-2
0
-1
2
-1
-2
-2
0
-2
6
-6
0
7
-17
19
1
-16
6
-10
12
-5
11
9
-33
-2
21
-3
-1
-16
7
7
-5
-1
-4
8
-6
3
-7
3
-4
3
-6
14
3
-6
-60
79
-44
0
12
-1
-14
11
-16
19
-5
-11
8
-1
1
-4
-1
-1
4
-1
0
-4
8
-3
-24
38
-1
-43
35
3
-23
19
-15
19
-16
-4
23
-21
-1
13
-10
5
-1
-3
0
-1
2
2
-4
2
0
-2
4
-2
1
-1
1
-2
0
-1
0
1
-1
-1
0
-1
0
0
-2
0
-1
0
0
-2
1
0
-1
1
-1
0
-1
1
-4
2
-1
-4
4
-2
-4
1
-1
1
0
-6
10
-13
-1
19
-24
4
15
-20
14
-19
23
-4
-35
42
1
-38
23
3
-8
3
-2
1
-4
-1
-1
1
-2
-1
-10
9
4
-21
15
-13
11
-1
-17
0
-51
76
-52
-2
19
-8
-2
1
5
-7
0
3
-3
-2
2
-1
-3
-1
9
-13
-8
39
-42
24
-13
4
21
-26
-2
20
-8
-24
41
-37
22
-4
-11
7
5
-12
6
-3
-2
2
-2
0
-1
4
-6
2
0
-1
-3
1
1
-1
-1
-2
1
-2
0
-1
0
0
0
0
0
0
-2
1
0
1
-1
-3
3
0
-1
-3
5
-5
2
0
1
-2
1
2
-7
10
-4
-9
10
3
-21
36
-41
23
7
-21
1
26
-21
-5
13
-24
42
-40
8
12
-10
1
3
0
-6
0
2
-4
-1
5
-7
-2
2
8
-20
0
49
-77
47
0
48
-60
47
-33
9
1
3
5
-5
1
-2
2
0
-4
3
0
-2
-4
4
-2
19
-16
-3
-13
10
-2
17
-6
-12
0
13
-1
16
-32
3
-1
9
4
-3
-9
6
-2
3
0
-3
1
-1
0
2
-3
-1
2
-6
3
-3
2
-2
0
0
-2
0
0
-2
0
0
-1
0
1
0
-1
1
-3
3
-4
5
-3
1
3
-3
-1
0
-1
2
-1
-3
0
-7
9
1
-5
-10
0
-3
31
-18
0
-13
0
12
5
-17
2
-11
13
2
15
-20
1
-4
3
1
-1
-5
3
0
-3
0
-3
4
-5
-3
1
-10
30
-49
58
-53
0
-19
1
30
-31
9
-4
6
0
-2
1
-1
1
2
-2
3
-9
3
1
5
-3
3
-10
-1
14
-15
16
-13
13
-8
3
-4
14
-4
-31
33
-16
8
-5
-3
6
-6
6
-5
4
-2
-1
1
0
-3
2
-1
1
-5
2
1
0
0
1
-3
-1
-1
0
1
0
-1
1
-1
0
0
-1
0
0
0
-3
4
-2
0
-2
2
-1
-2
-1
2
-5
5
-7
5
-6
3
4
-8
14
-34
30
2
-15
4
-4
8
-13
11
-16
15
-14
2
10
-4
3
-6
-1
-3
8
-5
0
-2
-2
1
-1
0
-1
-6
3
-10
29
-32
-1
13
0
-1
-1
-1
0
0
0
0
0
-2
-1
-1
0
0
0
-1
-1
-1
1
1
0
0
-1
0
0
1
0
0
-1
-1
0
1
1
1
-1
-2
-2
-1
0
0
-1
0
0
0
0
-1
0
1
0
-1
0
0
-1
-1
-1
0
-1
-1
-1
-1
-1
-1
0
0
0
0
0
0
-1
0
0
0
0
0
0
0
0
0
0
0
0
0
0
0
0
0
-1
0
1
0
-1
0
1
1
0
-1
-2
0
1
1
1
0
-1
-1
-1
1
1
0
0
-1
0
0
1
0
-1
-1
-2
0
1
0
-1
-1
-1
-1
-2
0
0
0
