-9
-2
-8
-8
3
8
0
-25
-23
2
16
16
-15
-13
-5
30
-3
-19
-14
8
1
8
-3
-9
-3
3
0
-3
-1
0
-1
-1
0
0
1
-1
0
0
-1
0
1
-2
1
0
0
0
0
-1
-1
0
-2
-1
-1
-1
-1
-1
-1
0
0
-1
0
1
-1
0
0
0
0
0
0
1
0
0
1
1
0
-1
1
0
0
0
0
0
1
1
1
0
1
-2
1
1
1
0
1
1
2
0
0
0
0
0
0
-2
2
5
-2
-8
-1
10
1
8
-14
-16
-2
33
-2
-8
-12
20
19
5
-21
-21
4
12
6
-2
-2
6
-9
-6
-3
-8
7
-16
-54
86
-112
226
-199
32
27
-47
32
-39
55
-46
6
9
5
-14
14
-11
-4
3
-1
-3
-2
0
-2
-2
-2
3
-1
-5
8
-4
0
2
-1
-1
2
2
-1
1
0
-1
0
-1
0
-1
0
-1
-1
-1
-1
-1
-1
0
-1
0
-1
-1
0
0
-1
0
0
1
0
0
1
0
0
1
1
-1
1
0
1
0
0
1
0
0
1
-1
-1
3
-1
-4
8
-4
0
2
-2
0
-1
0
0
-1
-2
5
-2
-10
15
-12
6
9
8
-45
56
-36
34
-44
31
35
-195
230
-110
90
-50
-12
11
-1
2
2
-7
-18
12
-5
-23
35
-56
98
-362
516
-267
66
-34
-1
108
-249
166
-51
30
-26
23
-33
26
-12
3
-1
-4
3
0
-2
-1
-1
0
2
-3
2
-3
3
-6
4
1
-4
2
0
1
-1
1
0
-1
-1
-1
-2
1
-1
-1
-1
1
-2
-2
-1
-1
1
-1
0
0
0
0
0
0
1
0
-1
1
-1
1
0
1
-1
-1
0
0
1
1
-2
2
1
3
-3
1
4
-5
4
-2
3
-2
4
0
0
0
-1
0
3
-4
0
4
-10
27
-33
24
-26
30
-48
167
-245
113
4
-30
69
-265
517
-360
102
-52
40
-20
3
18
-9
-7
-10
5
-16
7
-7
-34
86
-172
107
105
-110
-32
-52
132
-7
-87
77
-82
75
-46
-5
39
-50
22
-4
-3
1
-3
1
-2
0
-1
-1
-1
-2
1
3
-2
-6
8
-4
0
1
1
-1
0
-1
0
-1
-1
0
0
-1
-1
1
-1
-2
0
-1
1
-1
-1
0
0
0
-1
0
1
0
0
-1
1
1
0
1
1
1
-1
-1
1
0
0
-1
1
1
1
-4
8
-5
-1
3
1
0
1
-1
-1
1
-1
2
-1
2
-2
-2
23
-49
40
-4
-45
77
-81
79
-86
-2
135
-50
-28
-106
107
110
-169
89
-30
-3
10
-9
11
-2
-11
4
-19
6
4
-55
-19
38
448
-670
131
110
-5
-147
266
-96
-51
-47
54
35
-40
-5
-7
20
-20
10
0
-5
-3
1
-3
1
0
-2
0
3
0
-4
4
-2
-1
0
5
-2
-3
2
0
-1
0
-1
-1
-2
1
-1
-2
1
0
-1
-1
-1
-2
-1
0
-1
0
0
0
0
0
0
0
0
0
3
-2
0
2
-1
-1
0
1
0
0
1
-2
-2
5
1
0
-2
5
-4
0
3
0
-1
0
2
-1
2
-1
-4
1
11
-19
22
-5
-3
-39
37
54
-47
-50
-92
270
-144
-3
113
133
-665
449
41
-16
-51
7
13
-14
12
-10
-1
-8
-9
-2
3
-66
108
-74
2
78
-114
86
-155
211
-167
77
18
0
-98
77
-26
-35
55
-10
-10
3
-3
0
-1
-1
-1
0
-3
0
2
0
-4
3
0
-4
-2
7
-3
-2
2
-1
0
-2
2
0
0
-4
1
-1
-4
2
-2
-2
-1
0
0
-1
0
1
0
0
0
0
-1
-1
-1
3
-2
0
1
-4
0
1
2
-1
1
-1
2
-1
-2
8
-2
-4
1
3
-3
0
4
1
-1
0
-1
0
0
0
-3
4
-9
-9
55
-33
-24
78
-97
0
19
78
-165
214
-153
89
-111
81
6
-72
112
-62
6
2
-1
-4
8
-6
-17
13
-10
-25
67
-126
255
-635
690
-292
79
-31
-119
214
-129
50
-71
91
-106
98
-99
85
-54
22
-10
1
1
-5
1
1
-7
4
-4
11
-13
6
-1
-4
5
-4
2
-3
1
2
-1
-2
3
0
-2
-2
4
-10
9
-8
6
-6
2
-1
-1
0
-1
-1
-1
-1
0
0
0
0
-1
0
3
-4
5
-6
9
-9
5
-2
-1
1
1
-2
-1
3
2
-2
3
-4
5
-3
0
6
-11
11
-5
4
-4
2
2
-4
3
1
-9
23
-52
85
-98
99
-106
92
-69
51
-126
218
-115
-28
82
-288
692
-632
259
-122
71
-22
-2
18
-8
-9
-8
-4
-4
-22
35
-189
184
366
-574
199
0
-41
-64
98
24
-68
15
33
-83
128
-92
-13
44
-30
13
-3
-3
2
-1
-3
1
7
-10
-1
10
-10
9
-4
0
-3
5
-1
-6
7
-3
-1
3
-6
8
-6
3
-7
6
-1
-9
5
-4
0
-2
0
0
-1
-1
0
-2
-1
0
1
-2
2
-3
6
-6
1
6
-6
3
-5
7
-5
2
0
-4
8
-6
-1
6
-3
1
-3
8
-9
11
0
-9
7
2
-2
0
3
-1
-1
15
-29
45
-11
-92
129
-81
33
16
-67
29
101
-59
-37
2
202
-570
368
189
-185
39
-19
4
2
1
-10
7
-15
-14
26
-15
-116
258
-389
237
111
-105
-85
279
-320
60
-15
109
-6
-35
-185
211
-28
-4
-28
4
6
1
-3
-1
0
-4
-11
8
14
-2
-13
2
2
-1
1
-1
7
-8
4
-8
14
-8
0
-3
2
-2
-6
9
-1
-4
-3
2
-2
0
-2
0
-1
-1
0
1
0
0
-1
1
-1
4
-2
-3
-1
11
-4
-3
3
-2
1
-8
14
-8
4
-6
7
-2
2
0
3
3
-12
-1
15
9
-11
-2
1
0
-3
2
7
5
-27
-2
-27
213
-185
-33
-5
110
-14
65
-317
283
-82
-103
114
240
-387
260
-112
-11
28
-6
-10
15
-8
-11
-2
19
8
-89
115
-170
232
-108
-130
138
-30
-82
90
-6
-70
92
-15
-96
205
-208
84
-12
-22
16
-1
-6
3
-1
3
-10
7
-7
8
-1
-9
7
-2
0
0
3
1
-2
7
-6
0
7
-9
1
3
-1
-3
3
-2
-3
2
-2
-2
1
-2
0
-1
0
0
0
0
1
-2
2
-2
-1
3
-3
-1
3
-1
0
3
1
-8
6
0
-4
7
-3
1
2
0
2
-1
7
-9
1
9
-6
7
-10
5
0
4
-4
-1
16
-21
-11
85
-208
206
-93
-13
93
-69
-2
93
-78
-27
141
-127
-106
234
-168
117
-84
11
27
3
-4
-6
-15
18
-41
59
-124
360
-429
57
152
-150
105
-15
-119
136
-11
-45
41
-30
55
-216
224
-76
29
-30
15
-12
6
-4
-2
5
-11
22
-10
-32
32
-14
9
-6
3
0
1
2
-1
0
0
-2
3
-2
0
-4
0
-2
1
-3
2
-1
-2
-1
-2
0
-1
-1
0
-1
0
0
0
0
0
1
1
-1
3
-2
2
-1
1
-2
1
-1
4
-2
1
0
-1
2
-1
0
4
-6
10
-13
34
-31
-10
22
-10
5
-1
-3
7
-11
17
-30
32
-75
226
-216
56
-29
43
-44
-8
140
-116
-12
108
-147
154
59
-426
363
-119
63
-35
22
-8
-11
2
-25
32
-44
5
114
-208
64
24
64
-70
-42
176
-202
51
35
-79
47
2
76
-116
50
-11
-10
12
-7
1
0
0
4
-8
-25
35
8
-22
3
2
-3
1
-1
1
0
-1
0
1
0
0
0
0
-1
-3
-1
2
-4
-3
3
-5
0
1
0
-2
-1
0
-1
1
-1
-2
1
2
-1
-4
4
-2
-3
4
0
-2
0
1
1
1
0
2
0
-1
1
1
0
3
-3
3
3
-21
9
34
-25
-8
6
0
1
2
-5
12
-9
-9
52
-115
76
3
48
-77
36
55
-199
180
-40
-66
68
26
66
-205
118
8
-41
42
-19
9
-8
3
-7
-32
-25
141
-214
127
21
-47
-35
52
-52
104
-119
-3
44
13
-12
-29
36
-30
2
9
4
-3
-6
-1
2
-1
-4
5
-11
18
-7
-7
5
0
0
0
1
1
-1
0
0
0
1
0
1
-2
-2
-1
1
1
-3
0
0
0
-3
1
-2
-2
-1
-1
0
0
-1
0
-1
3
-3
0
1
2
-2
1
3
0
-1
-1
2
1
1
0
1
1
0
1
1
1
1
2
5
-6
-6
18
-11
6
-3
0
2
1
-4
-3
5
9
4
-28
36
-29
-10
13
45
-1
-114
107
-49
55
-31
-44
23
132
-210
144
-22
-26
-2
13
-6
-14
10
-15
-5
15
-13
-17
47
-56
21
-33
45
-25
-3
-3
7
-15
8
-4
4
-4
-5
4
-2
-1
-2
-1
-1
-1
-1
-3
0
0
3
-3
2
-1
0
0
-1
1
0
0
0
-1
1
0
0
0
-1
0
-2
0
-1
0
-1
-2
-1
-2
-1
-1
-2
0
-1
-1
0
0
0
0
0
0
0
1
0
2
-2
0
-1
1
1
0
0
-1
1
0
-1
2
0
1
1
0
2
-2
3
1
0
-2
1
-1
0
1
-1
0
-1
5
-4
-4
5
-3
10
-13
8
0
0
-22
48
-32
24
-54
49
-13
-9
18
-1
-9
14
-7
-10
1
-12
0
-17
24
-27
22
-55
48
-12
-25
44
-42
13
-2
-5
-2
3
-6
6
-9
10
-9
2
-3
0
-2
-2
1
-1
0
-1
-1
0
2
-1
-1
1
0
-1
0
-1
0
0
1
-1
0
0
1
-1
0
0
-1
0
-2
-2
0
0
1
-1
-1
0
0
0
-1
0
0
0
0
0
0
0
-1
1
-1
0
0
-1
1
1
0
-1
0
-1
1
0
0
-1
1
0
1
-1
2
0
-1
-1
0
0
0
-1
-1
1
0
3
-8
11
-8
6
-5
4
-1
-4
3
17
-40
47
-21
-11
51
-53
26
-23
28
-14
7
-7
10
-7
-8
-2
-5
-2
1
-25
21
11
-23
-7
-12
34
-26
3
-3
-5
11
-8
-4
-3
7
-7
3
-1
-2
1
-1
0
-1
-1
-2
0
-1
0
1
0
0
-1
1
0
1
1
0
0
0
0
-1
-1
-1
0
-2
0
-2
0
-3
2
0
-1
-2
0
-1
-2
-1
0
0
0
-1
1
-1
-1
0
2
-1
1
-1
1
-2
0
-2
0
0
0
0
0
1
-1
2
0
0
1
0
0
1
-1
0
0
-1
0
-1
1
-1
2
0
-1
5
-5
8
-3
-3
-7
12
-5
-1
7
-22
37
-8
-4
-21
13
25
-21
4
0
3
2
0
-9
-3
-8
-2
-1
-12
-4
5
-4
-5
3
-17
21
-8
-9
-4
1
1
-2
-2
5
-4
-3
0
-2
-2
0
-3
-1
-1
-3
-1
0
0
0
0
0
0
-1
0
0
1
0
0
0
-1
1
-1
-1
-1
-1
-1
0
-1
-1
0
-1
-1
0
-1
-1
-1
-1
0
-1
0
0
0
0
-1
1
0
-1
0
0
-1
0
0
0
-1
0
0
1
-1
0
0
0
1
0
0
0
1
0
0
1
1
0
0
-1
0
0
-1
1
-1
0
1
-1
-4
5
-1
-1
0
2
-1
-6
-6
25
-14
6
0
-2
10
0
-7
3
3
-4
5
-8
-7
-2
-5
-3
-9
11
-15
-12
18
-10
-10
14
-2
-10
0
-7
5
-2
1
0
-3
1
-1
-1
1
-2
-1
-1
-1
-2
-2
-1
0
-1
0
0
0
0
1
0
1
-1
0
0
-2
0
0
-1
-2
-2
-1
0
-1
-1
0
-1
0
-2
-1
-1
0
-1
-2
0
-1
0
0
0
0
-1
1
0
0
0
1
1
0
0
0
0
0
1
0
0
0
0
1
0
0
0
1
0
0
0
1
-1
0
0
0
0
0
-1
1
-1
-1
1
-1
1
1
-2
5
-6
4
-8
1
17
-7
-7
22
-10
-11
15
-5
1
3
3
1
-9
-4
-4
-5
-4
1
-1
-19
31
-29
1
-3
12
-17
9
-10
4
-3
-1
1
-3
2
-3
0
-1
-2
-1
0
0
-1
0
0
0
0
-1
0
0
0
0
0
0
1
1
0
-1
0
-1
1
-1
0
-1
-1
0
0
0
-1
0
-2
0
-1
-1
0
-1
-1
0
1
0
0
0
0
0
0
0
0
0
1
0
-1
-1
1
0
0
-1
0
0
0
1
0
-1
0
-1
0
0
0
0
0
0
0
0
0
1
1
0
-1
0
2
-2
3
-3
2
0
-3
5
-7
12
-14
15
-1
4
-27
33
-15
2
5
-1
3
0
3
-9
-7
-4
-7
-5
1
-1
-7
-18
22
-19
9
-8
-13
14
-8
-1
-4
0
-1
-1
0
-1
-1
0
-2
0
-1
-1
-1
-1
-1
0
0
0
-1
0
-1
0
0
0
1
1
0
0
0
0
-1
-1
-1
-1
0
-1
0
-2
0
-1
-1
-1
0
0
-1
-1
-1
-1
0
0
0
0
1
1
0
0
-1
0
0
0
1
0
0
0
1
0
0
1
1
1
0
0
0
1
0
0
1
1
0
0
-1
1
0
0
0
1
0
2
-1
1
-1
0
2
2
-3
0
-4
18
-9
-6
11
-15
25
-16
-1
3
5
-2
0
2
1
-8
-7
-2
-5
-4
0
-8
-1
2
-8
4
-2
-12
4
-2
-3
-1
-1
-3
3
-2
0
-2
0
-1
-1
-1
-1
0
1
-1
0
-1
0
0
0
0
1
-1
1
-1
0
1
1
0
-1
-1
0
-1
-1
0
-2
-2
0
0
-1
-1
-1
-1
1
-1
0
-1
0
1
-1
0
0
0
-1
0
1
0
0
1
1
0
0
1
1
-1
1
0
0
0
0
-1
1
-1
1
0
0
0
1
0
0
-1
0
0
0
0
1
0
0
0
1
-1
1
-2
4
-2
0
0
-1
1
7
-9
0
7
-6
3
4
-5
4
-2
2
2
2
-9
-6
-3
-6
-3
0
-9
3
10
-18
1
0
-5
1
-7
1
-5
0
-1
-2
1
-2
1
-1
-1
0
-1
-1
0
-1
0
-2
1
0
0
0
0
0
-1
0
1
0
1
0
-1
0
0
0
0
-1
0
-1
-1
-1
0
-1
-1
0
-1
0
0
-1
0
-1
0
0
0
0
0
1
0
0
0
-1
1
0
0
0
-1
0
1
0
0
1
-1
0
0
1
1
0
-1
0
0
0
0
0
1
0
0
-1
0
1
-1
0
0
1
1
0
1
0
1
2
-4
5
-4
5
-3
3
3
-14
12
8
-5
3
0
0
2
2
-9
-5
-3
-5
-2
-6
-1
1
-15
13
-7
-1
-4
4
-10
1
-4
3
-3
-1
-1
0
-1
-1
-1
0
-2
-2
-1
0
-1
-1
0
-1
-1
1
0
0
0
0
0
0
0
1
0
0
-1
0
-1
-1
-1
0
-1
0
0
0
-1
-1
-1
0
0
-2
0
0
0
0
0
0
0
0
-1
1
0
1
1
0
0
1
1
0
0
0
0
1
0
0
-1
0
-1
0
0
1
0
1
-1
0
0
-1
-1
0
0
0
0
0
-1
-1
0
0
0
0
-1
3
-3
4
-7
8
-1
1
-5
16
-13
4
1
-1
1
2
1
2
-8
-7
-3
-5
0
-6
-2
0
-4
-3
2
-3
-6
-1
-1
-4
2
-1
-1
-1
-1
-1
0
-1
-1
-1
0
-1
0
-1
-1
-1
0
0
2
0
0
0
-1
0
1
0
1
0
0
0
-1
0
-1
-1
-1
0
-1
-1
-1
-1
0
0
0
-2
-1
-1
0
-1
-1
0
1
-1
0
0
1
0
1
1
0
0
0
-1
0
1
0
1
0
0
0
0
0
0
0
0
0
-1
0
-1
2
-1
0
-1
0
0
0
1
0
0
0
1
1
1
-1
1
-1
-1
2
-2
2
3
-2
-1
4
1
-2
4
2
-4
2
2
1
1
-8
-5
-4
-4
-2
0
-6
2
4
-10
2
-3
-2
-3
-1
-3
0
-4
1
-1
-1
-1
0
0
-1
-1
0
-1
-1
-2
-1
-1
-1
0
0
0
0
0
0
0
0
1
0
0
0
0
-1
0
-1
-1
0
0
-1
-1
0
0
-1
-1
-1
-1
-1
-1
0
0
1
0
0
0
0
0
0
0
0
0
1
0
0
-1
0
-1
0
0
-1
0
0
0
0
0
0
-1
0
-1
1
-2
1
-1
-1
0
0
0
0
-1
0
1
0
0
1
0
0
0
2
-1
0
1
3
-2
0
0
4
-8
5
6
-4
1
0
1
1
3
-8
-4
-2
-5
-4
0
-2
-4
-2
1
-4
-1
1
-4
-3
-2
1
-2
1
-2
-2
0
-2
0
-1
0
-1
-1
-2
0
-1
0
0
0
0
-1
0
0
0
-2
-1
1
0
0
1
-1
0
-1
-1
0
0
-1
-1
0
-1
0
0
-1
-1
-1
-1
-1
-1
-2
0
0
0
0
0
0
0
0
0
0
0
1
-1
0
0
0
0
1
1
0
1
0
-1
0
-1
0
-1
0
0
1
0
0
0
0
-1
0
0
0
-1
0
0
0
-1
1
0
-1
2
-2
2
1
0
2
5
0
-4
4
-1
-1
1
2
0
1
1
2
-8
-5
-2
-6
-2
-3
0
-8
-1
1
-4
-3
0
-1
-3
-6
1
1
-2
-1
0
-2
-1
0
0
-1
-1
0
-1
0
0
-1
-1
0
-1
-1
1
0
0
0
0
1
0
-1
1
0
0
0
-1
-1
-1
-3
-1
0
-1
-1
-1
0
-1
0
0
-1
-1
0
0
-1
0
0
1
0
0
0
0
1
0
-1
0
-1
-1
0
0
-1
0
-1
2
-1
1
0
0
-1
0
0
2
0
0
0
-1
1
0
0
0
0
0
-1
1
0
0
-1
1
1
-1
0
2
-4
0
1
4
0
-1
3
1
-3
5
0
1
1
2
2
-8
6
-40
22
-4
-8
-3
1
-14
4
2
-9
2
-8
5
2
-10
-22
24
14
-32
-1
15
-4
-5
0
0
-4
1
-2
-1
0
0
0
1
0
0
2
-2
0
0
-1
-1
1
0
-1
1
-1
0
-1
-1
-1
-1
-2
-1
0
-2
-1
-2
-1
-1
0
-1
-1
0
1
-1
0
0
0
-1
1
-1
1
1
0
0
1
-1
0
1
0
1
0
0
2
1
0
0
1
1
2
-1
-1
2
0
0
0
0
-1
1
-1
0
2
-4
-3
17
2
-31
15
26
-21
-9
6
9
-6
5
-7
5
5
-12
5
0
-2
-1
30
-35
14
-13
9
-29
21
-24
4
0
-14
4
-2
0
-5
0
1
-12
-8
19
25
-61
18
16
-52
34
28
-14
-14
-5
5
1
-5
2
-3
0
-3
1
3
-1
-1
-3
1
3
-1
-1
1
0
0
-1
0
-1
1
-1
-2
0
-1
0
-1
-1
-1
0
-1
0
-1
-1
-1
-1
-1
0
0
0
1
0
0
0
0
0
2
1
-1
-1
2
0
0
-2
0
1
2
-1
-1
3
3
-1
-1
0
3
1
-2
0
-1
3
-5
2
7
-4
-13
-13
30
35
-52
17
21
-58
26
20
-6
-9
5
2
-3
3
2
6
-10
3
7
-21
29
-24
17
-4
-19
31
-64
41
-11
0
-9
0
-3
-5
0
-4
2
-10
7
-8
-11
48
-71
99
-145
142
-99
47
-12
-11
5
-3
-1
-5
6
-2
-3
8
-9
9
-4
0
2
-2
0
3
-4
0
1
-2
1
3
-8
5
-3
-1
-1
-1
-2
0
-1
-1
-2
0
-2
0
0
-1
1
1
0
0
0
-1
0
0
0
0
0
0
-1
6
-7
4
1
-1
1
2
-1
4
0
-1
3
0
-4
10
-9
8
-3
-2
7
-4
-1
-1
6
-10
-11
48
-98
145
-144
101
-71
49
-10
-7
11
-7
5
-1
4
-3
0
2
-5
5
-8
45
-58
35
-11
-9
-15
-12
61
-59
2
-8
8
-6
-1
-3
-2
-1
-6
2
-5
1
2
8
22
-178
173
-9
-109
145
-71
7
-8
1
-2
3
-6
3
-8
11
-4
-4
13
-12
9
-14
15
-9
4
-2
3
-4
6
-5
-6
9
-8
3
-1
0
-2
0
-1
-1
0
1
-1
-1
-1
-1
0
0
0
1
0
1
0
1
0
2
-1
4
-7
11
-5
-4
7
-3
3
-2
5
-9
15
-14
10
-13
15
-5
-5
11
-7
3
-5
5
-2
2
-5
7
-70
147
-106
-9
174
-177
24
9
3
2
-1
5
-3
2
0
0
3
-4
12
-4
5
-56
67
-7
-7
-2
-5
-6
-5
0
3
0
-8
-6
1
2
-7
-8
2
5
-9
-14
3
21
6
-23
-20
13
27
-1
-26
-14
11
13
-8
-10
3
9
-2
-10
-2
5
4
0
0
-1
-4
-3
3
4
0
-3
1
0
-4
-3
2
3
-1
-4
0
2
-1
-4
0
2
-1
-5
-1
3
0
-3
-1
3
0
-2
0
3
0
-4
-1
4
2
-2
-3
1
1
-2
0
5
4
-2
-4
-1
0
0
4
5
-2
-9
-1
9
3
-9
-6
13
13
-12
-25
1
28
15
-18
-23
7
21
4
-13
-6
9
6
-5
-3
6
6
-3
-4
3
7
2
-1
-1
0
