-5
-7
-6
-9
-19
41
-26
3
-7
-5
-7
1
2
21
-11
-15
-8
-11
9
-20
30
-7
-2
-2
-8
-5
5
-1
-1
0
-1
-1
0
-1
-1
-1
0
0
0
-1
0
-1
0
-1
3
-1
0
0
-1
0
-2
-1
-1
0
-1
0
-1
-2
-2
0
-1
-1
-2
0
0
0
0
0
0
-1
-1
0
0
0
1
0
-1
0
-1
1
0
1
-1
-1
3
0
1
0
0
0
1
0
-1
0
0
0
0
0
-1
-1
-1
2
6
-3
-7
1
-3
-4
30
-17
11
-9
-7
-11
-8
24
5
6
-5
-1
-5
7
-23
46
-17
-3
-1
2
13
-36
6
66
-253
221
-6
-3
-13
-13
-52
-96
176
208
-313
-110
273
-44
-221
134
77
-112
4
132
-64
-127
66
53
3
-35
2
3
-6
3
-3
3
-5
2
1
2
-6
6
-2
2
0
-1
3
-2
-1
3
-4
-3
4
-2
0
1
-1
-1
-1
0
-1
-1
-2
0
0
0
0
-1
0
1
0
0
0
2
1
-1
3
-2
-3
3
0
-2
4
-2
0
1
-2
6
-6
2
2
2
-4
4
-1
4
-6
5
3
-35
4
53
66
-125
-63
132
5
-110
78
136
-220
-41
274
-106
-310
212
179
-93
-49
-10
-11
1
-3
225
-250
74
11
-28
-5
-41
76
-121
56
244
-340
100
-6
32
-141
190
-165
-27
394
-518
351
-251
-94
558
-377
66
-132
107
48
-237
265
-12
-123
56
-30
14
-10
7
-2
4
-6
7
-1
-3
3
-3
6
-16
19
-7
-4
2
-5
14
-15
7
-5
0
3
-2
0
-1
-1
0
-1
-1
-1
-1
0
0
1
-2
0
2
-1
0
1
-1
5
1
-5
8
-14
14
-4
3
-2
-5
19
-15
6
-2
3
-3
-1
6
-6
6
-2
8
-10
16
-29
57
-123
-11
267
-236
49
108
-130
68
-377
560
-94
-249
352
-514
396
-23
-162
193
-138
36
-5
101
-336
248
60
-113
80
-35
-29
20
-12
17
-77
-142
377
-287
133
-48
12
-132
170
158
-431
329
-221
153
-280
474
-242
-57
104
-76
32
-52
-71
212
-112
11
-2
-12
8
-6
2
-3
3
2
-4
4
-5
7
-4
5
-19
27
-13
-1
2
-7
15
-18
13
-12
5
-3
-1
0
-1
0
-1
1
-1
-1
-1
0
-1
0
0
0
-1
1
0
-1
6
-10
14
-17
17
-7
3
-1
-13
27
-19
5
-3
5
-5
4
-4
3
3
-2
3
-5
8
-11
-1
13
-112
213
-70
-52
33
-74
105
-56
-241
476
-279
153
-220
332
-429
162
173
-128
14
-44
135
-283
380
-139
-74
24
-6
28
-45
50
-98
79
-36
179
-287
59
75
-16
34
-216
238
-229
381
-405
304
-156
-60
-20
163
-56
-5
-48
115
-194
240
-208
108
-46
12
2
-4
0
0
3
-7
5
-1
-1
3
-3
-1
28
-48
33
-10
-1
-1
5
-8
6
-3
-2
2
-4
-1
0
1
0
-1
0
0
-1
0
0
0
0
0
-1
0
1
1
-1
4
-2
-3
7
-7
6
0
-1
-8
32
-48
28
-2
-2
4
0
-2
6
-7
3
2
-1
-4
3
12
-45
109
-207
243
-193
117
-45
-3
-56
164
-19
-58
-156
305
-401
383
-225
242
-212
37
-12
77
63
-282
183
-34
85
-94
59
-32
51
-78
36
190
-691
650
-43
-173
36
-26
113
-248
266
-168
-37
165
16
-335
475
-275
-32
81
5
-52
104
-195
219
-127
25
4
-8
0
3
2
1
-5
-1
2
3
-4
-1
2
-1
18
-20
4
1
-5
5
0
1
-9
4
-4
3
-3
0
-1
-1
0
0
-1
-1
0
0
-1
0
0
0
0
0
-2
4
-2
5
-7
2
2
6
-4
0
4
-20
17
0
3
-1
-3
2
2
-1
-5
2
4
3
0
-8
5
27
-126
221
-194
105
-50
6
81
-29
-275
475
-333
17
166
-33
-164
269
-244
116
-22
40
-171
-39
653
-686
194
42
-73
58
-16
28
-65
-17
11
-113
401
-322
68
-18
-105
68
347
-593
281
107
-113
-158
403
-544
364
-91
98
-176
55
190
-301
194
-51
-13
6
4
0
-3
-2
-2
9
-7
3
-2
1
4
-9
9
-27
25
3
-1
-16
3
8
-4
-1
-3
1
0
-1
-2
0
-2
0
-2
-1
0
0
0
-1
0
0
-1
1
-1
-1
0
3
-1
-1
-4
9
4
-15
-1
5
24
-26
10
-8
4
1
-1
5
-6
9
-2
-1
-4
0
5
6
-12
-49
195
-302
192
57
-175
99
-91
366
-544
404
-156
-112
109
284
-590
350
71
-102
-14
70
-317
404
-109
15
-9
-60
36
-3
12
-30
-44
-218
603
-446
129
-36
4
58
-230
335
-245
-156
376
-48
-246
285
-216
46
-43
80
45
-162
84
94
-167
88
-3
-14
0
2
0
-3
2
-1
0
-2
3
-4
4
5
-25
45
-36
7
7
-7
2
-6
1
2
-2
0
-1
-1
1
-1
0
-1
0
-1
0
0
0
-1
0
-1
0
0
1
0
0
0
-1
3
1
-5
3
-6
7
8
-36
46
-24
5
4
-4
4
-2
1
0
2
-3
2
2
0
-12
-2
90
-167
95
85
-161
46
81
-40
46
-214
285
-245
-47
379
-153
-242
337
-226
60
9
-34
133
-441
607
-214
-37
-25
21
11
-13
-5
-33
-63
100
4
13
-86
117
-146
-29
344
-435
293
-26
-267
183
189
-340
126
40
-31
-20
27
69
-179
164
-67
4
-6
1
0
6
-5
-2
4
-3
2
-1
-4
8
-7
3
0
-1
3
-1
-1
-4
-1
3
-6
3
-3
2
-3
-1
0
-1
1
-2
-1
-1
-1
0
0
-1
1
0
1
0
-3
3
0
5
-5
3
-1
-3
0
-1
6
-1
0
2
-7
7
-4
-1
3
-1
3
-1
-5
7
0
2
-4
5
-66
166
-178
69
27
-18
-29
41
127
-338
189
185
-266
-23
296
-432
346
-27
-143
122
-84
17
8
103
-60
-25
0
-5
8
-3
-43
28
89
-162
93
-152
170
-74
71
-161
188
-54
-182
224
-14
-322
624
-588
154
106
-68
-12
51
-20
37
-114
81
-11
-12
2
2
-3
8
-4
-2
-3
0
2
-2
4
1
-6
17
-20
8
2
-8
4
-1
-5
5
0
-5
-1
1
-2
-1
-2
0
0
-1
-2
0
-1
-1
0
1
1
-1
-2
2
0
-3
2
5
-4
0
5
-7
3
10
-20
18
-6
1
2
-2
0
-1
-1
-1
-3
8
-2
2
3
-11
-10
83
-113
38
-20
53
-12
-65
109
154
-586
625
-321
-13
228
-178
-51
191
-157
74
-70
172
-147
95
-159
92
36
-37
5
0
-3
-56
45
-32
268
-389
176
-85
58
-150
269
-125
45
-166
190
-199
185
-149
113
-93
21
60
-90
102
-69
25
-32
12
7
-6
0
-2
3
1
0
0
3
-6
6
-7
7
0
2
-8
6
3
-8
7
-4
-1
1
-4
3
-1
-5
4
-2
-1
0
-1
0
0
-1
0
-1
0
0
-1
1
-1
-1
5
-3
0
3
-3
2
0
-3
8
-7
3
8
-8
3
0
7
-7
5
-6
2
0
2
2
2
-2
0
-6
7
13
-30
27
-68
103
-87
62
23
-92
114
-148
187
-198
193
-164
49
-121
271
-148
62
-83
179
-385
272
-29
51
-53
5
-13
2
18
-11
70
-415
429
-151
45
-4
-121
298
-246
21
72
-168
212
-222
191
-13
-68
-20
49
-30
4
8
-16
17
-19
12
-2
0
-6
7
-8
7
-7
8
-5
4
-1
-1
4
-7
16
-4
-8
7
0
-5
3
-2
-2
2
0
-3
0
0
-3
-1
0
-1
0
-1
0
-1
1
0
0
0
-2
0
1
-2
2
1
-1
-1
5
-5
1
7
-8
-5
16
-9
4
-1
-1
3
-4
7
-6
8
-8
7
-6
2
-1
13
-19
18
-15
10
5
-30
50
-19
-67
-13
193
-220
213
-163
76
24
-243
300
-118
-1
47
-147
432
-410
73
-5
23
10
-17
-23
35
-25
-49
219
-248
53
-7
-12
38
73
-226
210
-54
-105
185
-179
-59
230
-123
19
-14
-13
52
-70
47
-18
12
-14
5
0
-3
0
3
-1
-1
1
3
-2
-1
-2
6
-5
5
-1
-3
7
-5
-2
2
2
-8
4
-2
-1
1
-1
0
-2
0
0
0
0
0
1
-1
-1
0
1
0
0
2
-1
-1
6
-7
2
2
0
-4
7
-3
0
5
-3
5
-4
-1
-1
3
1
-1
0
2
1
-3
2
6
-13
12
-18
50
-69
53
-10
-11
20
-122
232
-59
-178
186
-101
-51
215
-223
76
41
-7
-5
58
-243
222
-46
-16
40
-15
-18
0
-5
-26
-138
378
-246
1
14
11
17
-87
37
-15
109
-134
42
-51
98
-43
9
-13
-1
-15
19
0
-21
24
-9
-3
-1
1
-1
1
-4
2
2
-3
4
-5
2
2
-4
5
-3
-3
3
1
-3
3
0
-2
-1
0
-2
0
0
-2
0
-1
-1
-1
0
0
0
1
0
-2
0
-1
0
0
1
1
-1
2
0
-2
0
3
-2
1
3
-2
-2
6
-4
3
2
-4
4
-2
2
3
-2
3
-1
1
-2
-1
-8
23
-19
1
21
-14
0
-10
9
-42
99
-49
43
-131
113
-11
40
-83
20
15
16
3
-242
380
-134
-18
-1
7
-16
1
-11
-8
-42
64
24
-47
4
-15
8
-9
-45
50
-1
-14
9
-32
35
-7
-7
-4
16
-32
20
-14
26
-32
12
-6
-3
2
4
1
-5
-3
5
1
1
-3
3
-2
2
1
0
-2
0
0
-1
-1
-4
4
-3
0
-2
2
-3
1
-1
-1
0
-2
0
-1
0
-1
0
-1
0
-1
0
0
-3
3
0
-1
-2
4
-3
-1
0
1
1
-1
1
2
1
0
3
-3
1
0
5
-2
-5
1
4
2
-1
-6
13
-29
26
-13
21
-31
18
-1
-6
-5
36
-31
9
-10
3
53
-42
-5
9
-11
6
-42
26
68
-38
-1
-5
9
-13
1
-12
-6
-13
22
-29
13
-20
49
-56
21
-35
41
-29
26
-22
-48
90
-30
-16
-2
13
-21
4
2
-12
24
-19
4
-1
-1
2
-4
4
-1
-2
3
-2
4
-2
2
-1
2
-1
-4
6
-4
3
-4
0
0
-1
-3
2
-3
-1
0
-1
-1
-1
0
-2
-1
-1
0
-2
0
0
-1
0
0
-1
-1
3
-2
1
1
1
-3
4
-4
6
-4
0
1
-1
2
-1
3
-2
4
-2
0
4
-4
2
0
0
6
-20
26
-11
4
6
-19
14
-1
-15
-28
91
-47
-21
27
-25
44
-31
24
-52
52
-18
17
-25
27
-10
3
-7
10
-8
-8
-8
5
8
-66
57
4
-11
-45
29
41
-60
-6
9
9
-12
-2
25
-60
53
-9
-22
22
-16
-4
17
-6
-5
-4
3
-3
0
2
-3
1
0
1
0
-1
0
3
-3
1
-1
1
2
-2
-1
-1
0
0
-1
0
-3
0
-3
-1
-1
-1
0
0
-1
1
0
0
0
1
1
0
0
1
-2
3
-1
2
-1
1
-1
0
0
-2
3
1
0
2
-2
4
0
-1
0
3
0
1
-1
2
0
-1
4
-3
-4
-4
18
-3
-14
22
-22
-8
54
-60
26
0
-11
13
13
-4
-56
44
32
-43
-9
9
61
-63
11
12
-4
1
-3
-19
16
-23
6
13
-20
-4
8
-7
23
-54
52
-48
2
27
-21
-17
21
10
-12
-10
10
-13
0
12
-14
11
-9
-3
3
0
-4
4
-2
-2
4
-3
2
-2
-1
4
-1
2
-6
5
-1
2
-4
-3
0
-1
-2
0
0
-2
0
0
-1
1
-2
-1
-1
-2
1
0
-1
0
-1
1
0
0
1
-2
2
1
-1
1
1
-1
-3
2
-2
5
-5
2
-1
4
-1
-2
3
-2
4
-1
-1
4
-4
0
3
-3
-8
14
-13
14
1
-12
12
-10
-11
11
22
-16
-20
30
5
-45
54
-52
26
-3
10
0
-17
16
10
-17
21
-12
-6
-7
-10
10
-7
-29
25
-5
-5
-17
62
-101
45
6
-39
51
-48
38
-24
-5
11
7
-17
1
-9
14
-10
3
-5
4
-6
4
-4
0
2
-2
2
-2
2
-3
1
1
2
2
-3
2
-2
3
-1
0
-3
0
-2
0
-2
3
-3
-2
0
-1
-1
-1
0
-1
1
-1
1
-1
1
-1
0
-1
-2
4
-1
1
-1
2
-1
1
0
1
-2
2
-3
1
2
0
2
-3
3
-2
3
-1
3
0
-4
5
-5
5
-4
5
-9
18
-8
2
-16
8
12
-4
-23
40
-47
55
-37
9
48
-96
64
-13
-3
-1
28
-24
-4
19
-5
2
-4
-6
-15
5
-16
21
-35
40
-35
12
-10
-45
68
-23
10
-25
6
-10
14
-2
-21
23
-9
-1
-9
16
-9
-18
19
-7
1
-1
-1
4
-5
4
-2
1
-3
5
-2
-1
4
1
-4
3
0
-2
2
-3
4
-4
1
-2
2
0
-2
0
0
-1
-1
0
-1
0
0
0
-1
1
0
0
0
1
-1
0
2
-2
2
-4
4
-4
3
-2
0
3
-4
1
2
-1
-2
5
-4
1
-1
5
-5
5
-1
-1
2
-6
20
-17
-8
18
-8
-1
-7
25
-21
-1
16
-9
7
-22
13
-20
70
-41
-8
15
-34
44
-32
25
-12
13
-10
3
-11
-3
-9
-1
-2
4
-27
10
-6
13
-25
39
-50
29
-19
18
-15
-3
-7
21
-6
-10
8
-8
5
-3
-5
6
-1
-5
3
-4
5
-4
1
1
0
-4
4
-3
4
-3
0
2
-1
1
-4
5
-1
-4
-1
1
-1
0
-2
1
-1
-1
1
0
-1
0
-1
-1
-1
1
0
1
-1
0
2
-1
-1
3
0
0
-1
2
0
-3
0
6
-4
2
0
3
0
-3
4
-2
4
-5
0
3
2
-5
5
-3
3
-4
-1
6
-4
-3
6
-8
9
-10
-5
22
-8
-1
-15
21
-15
31
-47
41
-23
15
-4
14
-23
7
0
7
-4
7
-11
-6
-1
-10
5
-26
24
-15
-3
3
-6
-13
48
-57
14
-11
8
-2
-4
-19
32
-6
-7
-5
3
4
-19
11
-1
-1
0
1
-3
3
-1
-4
8
-9
5
0
-1
-1
3
1
-1
-3
4
-1
0
-2
-1
0
0
-2
-1
-1
0
-1
-1
0
0
0
0
0
0
-1
0
-1
0
0
0
-1
0
0
0
-1
1
0
0
0
1
-2
3
-3
0
0
3
-1
-1
0
6
-9
8
-3
-1
4
-3
2
0
0
0
12
-19
6
4
-4
-5
-5
33
-18
-2
-1
9
-6
18
-54
51
-11
-3
6
-1
-12
28
-22
9
-2
4
3
-16
3
-6
-11
-9
39
-57
18
-8
8
-10
35
-59
21
-4
-7
6
6
-9
-3
-5
8
-6
0
3
-3
-1
-3
-2
6
-9
6
-3
0
-2
2
-1
3
-4
0
1
2
-2
2
-2
3
-5
3
-1
-2
-3
0
-3
4
-3
-1
1
-2
-1
-1
-1
0
-1
-1
-1
-1
0
0
0
0
0
-1
1
0
-3
4
-2
1
0
0
0
3
-5
4
-1
2
-3
2
1
0
-3
3
-1
2
-1
0
-3
7
-9
6
-1
-1
0
-3
5
1
-4
10
-4
-1
-9
6
7
-4
0
26
-56
38
-7
11
-6
22
-54
43
-5
-5
-2
10
-6
-12
2
-1
-4
-21
11
0
14
-29
19
5
-56
31
17
-32
16
-12
-3
7
0
-7
-6
5
6
-16
9
-5
-3
1
-3
6
-5
1
1
-3
-4
3
-3
1
2
-1
4
-2
1
0
-2
4
-5
2
-5
4
-5
1
-1
0
0
0
-2
-1
0
-1
0
-1
0
0
0
-1
1
0
0
1
1
1
0
1
-5
5
-4
3
-4
5
0
1
1
-2
3
1
2
0
-3
5
-3
-2
2
2
-5
6
-3
2
-2
-5
10
-14
7
7
-5
-5
0
9
-2
-10
17
-29
20
34
-52
8
21
-26
15
4
15
-17
-2
6
7
-5
-8
-7
-1
-11
0
14
-22
2
-9
1
-1
-8
33
-38
-4
13
-17
-3
20
-22
9
1
-6
3
-6
-2
1
0
6
-9
-6
6
-2
0
-2
3
-1
2
-1
2
-3
2
-1
2
1
-2
1
-1
1
2
-4
-2
3
-4
1
-1
-1
0
-1
-2
-1
-1
-1
-1
-1
0
0
1
0
0
0
0
0
0
2
-3
4
-1
-3
4
2
-1
2
-3
1
1
-1
3
-3
2
-1
3
-1
4
-1
0
-2
6
-5
-8
7
3
2
0
-4
5
-3
2
9
-21
21
-2
-16
18
0
-35
37
-5
2
4
-8
6
-18
18
3
-5
5
2
-4
-1
-21
-1
4
1
-14
-1
-1
1
-1
-4
-5
-6
-6
-4
6
3
-2
6
-19
7
4
-7
1
2
0
1
-6
-8
12
-8
1
-1
2
-2
0
1
-1
-1
1
-2
3
-2
0
3
-1
1
-2
2
-7
5
-4
1
-1
-1
-1
-1
-1
0
-1
-1
0
-1
0
0
0
0
1
1
-1
0
0
-1
0
2
-3
6
-6
2
-1
0
-1
3
1
-2
3
-1
2
0
0
1
0
0
3
-2
1
-6
14
-8
-6
2
0
3
2
-6
4
9
-18
8
-1
6
7
-1
-4
-3
-1
1
2
3
1
3
-9
5
7
6
-15
8
-9
5
-4
-30
14
-10
7
-8
-13
16
-12
-13
20
-16
16
-42
3
22
-11
4
2
-6
0
3
-2
4
-7
-3
2
-8
-1
0
1
0
-3
3
-1
-2
1
3
-2
0
-2
4
0
-1
-2
1
-1
1
-2
-4
3
-3
2
-2
-1
-1
-1
0
0
0
-1
-1
0
0
0
-1
1
1
0
1
0
-2
4
-3
4
-3
-1
2
0
1
-2
-1
0
3
-2
0
-2
3
1
-3
0
4
-2
0
1
1
0
-7
3
-1
-5
5
0
4
0
-4
3
6
-11
25
4
-39
20
-13
23
-10
-10
19
-11
-3
11
-7
17
-23
1
12
-4
-5
-38
47
-29
3
-8
3
-15
14
-4
-16
-6
1
8
32
-57
-1
102
-117
17
17
-12
-9
10
11
-9
-4
5
-10
7
-2
-2
0
-4
4
0
0
-1
-1
3
-3
1
2
-2
-2
3
1
-4
2
-2
2
-2
-1
1
-1
-2
-2
-1
0
0
-1
-1
1
0
-1
0
0
1
0
0
1
0
-1
2
0
-2
2
-1
3
-3
0
4
-2
-1
3
0
-3
4
0
-1
1
0
4
-5
1
-2
-2
9
-8
6
-3
-8
12
11
-8
-10
18
18
-117
104
1
-56
35
11
5
-2
-12
-1
17
-13
7
-4
7
-26
55
-33
4
-13
14
-58
53
-25
10
-18
-6
11
-6
3
-8
-2
-10
26
-31
8
-24
73
-97
36
28
-34
10
14
-44
48
-26
-2
11
-7
-6
5
-2
-2
1
-2
3
-2
0
0
1
4
-2
1
0
1
0
-2
2
-3
1
0
-2
0
-2
1
-1
-1
-1
0
0
-1
-1
0
0
0
1
-1
0
0
-1
1
-2
1
-1
0
2
-3
2
-1
0
2
0
1
-2
4
1
0
0
-2
3
-3
2
-1
-1
5
-4
-6
12
-2
-25
49
-43
14
12
-32
28
36
-96
74
-23
9
-28
29
-7
0
-4
6
-5
12
-2
-13
14
-22
60
-53
22
-3
-13
-21
38
-24
-7
2
-2
-3
-4
-7
14
-24
25
-8
-11
-29
28
-2
-19
20
-9
-12
7
28
-30
-17
15
9
-10
1
-1
-1
4
-1
0
-1
0
0
-1
1
3
-3
1
-1
1
0
-1
-1
0
-1
-1
-1
1
-2
0
0
0
-1
0
-1
0
-1
1
0
-1
0
0
0
1
0
1
1
1
-1
1
0
-1
0
1
0
-1
0
1
-1
2
-2
3
1
-2
1
0
0
1
-1
5
-1
-1
2
-9
10
17
-16
-30
29
10
-11
-7
20
-18
0
30
-28
-7
-3
27
-20
16
-5
0
-1
1
5
-3
-22
44
-16
-5
-17
2
2
-6
-14
-7
7
-10
8
-13
1
7
-23
24
-8
-11
-23
41
-31
12
7
-28
28
-25
17
-4
-9
5
-6
1
1
-2
3
-6
3
1
-1
-5
6
-4
3
-1
-1
3
-1
0
0
-1
0
-1
0
-2
0
-1
1
-2
1
-3
-1
-1
0
-1
-1
-1
0
1
-1
0
0
-1
0
0
2
-2
1
0
0
-2
1
0
1
-1
1
0
-1
2
-1
-3
3
-3
6
-4
0
2
4
-5
3
-1
2
0
-5
7
-8
-3
18
-24
30
-26
8
14
-30
42
-22
-7
-5
27
-21
10
5
-9
11
-6
10
-3
-10
1
6
9
-5
-5
-2
-2
-3
-3
-1
-1
-2
-4
-2
0
-1
-2
-4
-4
-2
0
2
1
0
-4
-4
0
1
-1
-3
-3
0
-1
-1
-2
0
1
-1
-1
0
2
0
-1
0
0
0
0
-1
0
1
0
-1
0
-1
0
-1
-1
0
-1
-1
-2
-1
-1
-1
0
0
0
0
0
-1
0
0
-1
-1
0
-1
0
0
0
0
0
0
0
0
0
2
0
0
0
0
1
0
0
0
1
-1
-1
0
1
0
0
0
0
0
-1
-2
1
2
0
-2
-2
0
3
3
2
-1
-2
-1
0
2
2
-1
-1
0
2
3
0
0
2
3
0
