0
-3
3
-4
3
-4
4
-3
0
0
2
-2
-2
1
0
-3
30
-44
10
3
-5
13
-4
-11
5
5
-11
11
-5
2
-3
2
1
-3
-2
6
-2
0
0
-2
0
0
1
-3
1
0
-1
0
0
-1
1
-2
0
1
-1
-1
0
1
-3
1
0
0
-1
0
0
-2
1
-1
0
-2
2
-2
-1
0
1
-1
0
1
-1
1
-1
1
1
-1
-2
2
-1
-2
-1
1
-2
-1
1
-6
0
2
-1
-2
3
-3
4
-12
10
-5
-6
11
3
-14
6
-5
-12
44
-31
2
-1
-2
0
2
-5
-2
-1
2
-5
3
-3
1
-3
-1
0
-4
3
-1
-1
3
-4
-1
3
-3
-1
1
-3
-2
2
-1
11
-17
13
-26
17
10
-16
7
3
-17
30
-5
-10
3
-4
1
0
1
-5
5
-2
-2
1
-2
0
-1
1
0
-3
2
-2
1
-1
1
-2
0
1
-1
0
4
-2
0
-2
1
-2
2
-1
0
0
1
0
-1
0
-1
1
-1
2
-3
0
0
-2
-1
2
-3
1
-1
1
-3
1
-1
0
1
-1
2
-3
2
1
-6
4
-3
0
-1
3
-4
11
5
-30
17
-4
-8
16
-11
-16
25
-15
17
-11
-1
-3
-1
1
-3
-2
0
-3
-1
3
-3
0
0
-4
0
0
-1
-1
1
-2
1
1
-4
0
1
-4
3
0
-9
8
7
-31
22
10
-10
-11
23
-11
-10
8
21
-53
65
-43
-3
28
-21
4
1
2
0
-1
-1
1
-3
-1
2
-1
0
-3
1
-1
1
-3
4
-1
-3
1
-2
1
0
-2
1
1
-4
2
-1
-1
-1
0
-1
0
1
-4
5
-2
-3
1
-2
-1
1
-1
2
0
-4
3
-2
1
-2
2
-2
1
-3
-1
2
-2
2
0
-1
-3
-2
-4
20
-29
3
43
-66
53
-21
-9
9
12
-23
11
10
-12
-22
31
-8
-9
7
-2
-4
3
-3
-1
3
-3
-3
0
-3
0
-4
0
-4
2
-2
2
-1
-2
2
0
1
-3
4
-8
3
2
-4
-9
32
4
-61
44
-18
9
5
5
-31
24
15
-22
21
-31
21
-4
5
-27
18
11
-9
-2
-1
1
0
1
-2
0
1
-3
5
-6
9
-8
6
-5
1
-1
0
0
1
-1
-4
9
-8
-1
1
0
-2
-1
7
-10
3
1
-2
0
0
0
-3
5
-7
8
-8
6
-5
2
-2
0
1
0
-1
-1
1
0
7
-11
-19
26
-5
4
-21
30
-21
22
-14
-25
30
-6
-6
-9
18
-43
61
-5
-32
9
2
-3
-5
7
-6
1
-2
0
-2
1
0
-3
-2
-3
-3
0
-1
0
-2
0
0
0
0
-2
0
1
3
-5
-1
3
-12
9
15
6
-58
47
-19
-6
36
-22
30
-33
-40
39
11
-10
3
9
-6
5
-24
3
24
-26
18
-11
6
-9
6
-1
5
-1
-11
9
-8
2
5
-5
-1
-3
8
-9
3
6
-3
-6
6
-6
3
0
-3
5
-7
6
1
-7
-4
9
-8
2
0
4
-5
-3
7
-9
9
1
-7
1
-6
9
-6
11
-20
24
-25
-5
22
-6
5
-9
-3
8
-13
-39
39
33
-29
21
-36
6
18
-47
58
-5
-16
-9
10
-4
-1
4
-4
-2
-2
2
0
-1
-1
-1
-1
-2
-4
0
-3
0
0
0
-4
5
-5
3
-1
-10
19
-17
9
-4
-16
13
40
-63
8
23
13
-40
9
18
3
-1
20
-34
-44
41
21
8
-40
-5
43
-31
5
4
-14
32
-25
0
4
-2
4
-5
-2
4
-6
8
-3
-6
4
-1
1
-4
6
-12
11
3
-5
-1
-3
0
2
0
6
-3
-12
11
-7
4
-2
0
-7
6
2
-9
6
-4
0
3
-5
1
-4
-2
25
-33
13
-4
-6
30
-44
5
39
-9
-21
-41
44
34
-19
-1
-4
-19
-9
41
-14
-23
-9
62
-41
-13
15
0
-10
16
-20
8
-2
-4
4
-6
2
-1
-3
-2
-2
0
-4
3
-1
-4
5
1
-2
1
-2
1
-2
-3
6
-6
4
-41
61
-13
-4
-16
23
-29
13
19
-19
-29
72
-81
65
-26
-14
27
-34
23
10
-28
26
-22
6
7
-8
1
-4
3
7
-24
21
-2
-11
6
10
-18
6
0
3
-7
2
-3
17
-21
13
-6
-1
0
1
5
-13
21
-17
3
-3
6
-3
-2
-7
17
-10
-6
11
1
-22
23
-8
-4
2
-2
7
-9
-6
20
-27
26
-11
-24
33
-27
14
26
-66
80
-72
30
18
-20
-14
28
-24
15
5
13
-62
40
-4
4
-8
1
2
-3
0
-2
2
-2
-5
2
-2
-4
-1
0
-2
2
-3
-1
6
-8
5
-6
3
10
-8
-16
19
14
-50
43
-6
-38
55
-21
-16
15
10
-12
4
-3
-76
114
-27
-2
-22
26
-3
-46
59
-32
21
-23
9
0
-6
13
-12
7
1
-5
3
9
-7
-6
8
-7
5
-5
4
-4
3
1
3
-10
6
1
-2
0
3
-2
-7
9
-3
-2
-3
3
-5
4
-5
6
-9
7
7
-10
-3
5
-2
-7
11
-13
5
-1
-12
24
-22
31
-59
46
2
-26
21
2
27
-115
75
0
-4
11
-10
-16
16
21
-56
38
4
-44
49
-15
-21
14
8
-12
-5
5
-6
7
-7
0
0
-4
-2
0
-2
3
-5
0
-3
12
-9
10
-12
3
-4
15
-26
7
-13
64
-32
-48
58
-41
2
19
8
-25
6
-14
121
-143
56
2
-55
57
-13
-23
3
41
-40
21
-11
6
1
-10
8
-4
-1
-4
22
-24
15
-10
-3
11
-1
-13
9
-8
5
-2
3
12
-15
-2
4
0
-4
2
14
-13
-4
2
-5
7
-9
12
-1
-12
3
9
-15
24
-21
5
1
3
-9
10
-3
-6
11
-21
39
-40
-4
21
12
-58
55
-3
-56
143
-122
13
-8
25
-9
-20
-3
41
-56
48
31
-64
11
-8
24
-16
1
-5
9
-10
8
-11
2
-1
1
-4
-2
0
-1
0
-3
3
-4
-1
15
-18
3
19
-19
3
-12
14
16
-39
2
8
27
-29
17
8
8
-60
62
-48
58
-69
30
15
-3
-5
-14
6
10
17
-28
2
-1
7
-3
1
1
-8
4
15
-8
-11
-3
16
-8
-1
1
1
0
0
-4
-5
3
8
-6
-3
2
0
-2
2
4
-10
-5
5
4
-1
1
-1
-1
0
7
-16
2
11
7
-16
-5
7
-2
-1
3
-8
1
-4
26
-17
-11
-6
13
5
3
-15
-32
70
-59
48
-64
59
-8
-9
-17
29
-27
-9
-1
39
-17
-15
11
-4
18
-20
-3
17
-16
1
3
-3
1
-1
-5
0
-3
4
0
-6
2
-4
12
-9
-3
-5
15
-8
-13
-1
44
38
-166
119
-6
-27
3
11
-1
23
-57
30
13
-33
27
-5
20
-22
-6
4
2
-1
9
-9
0
-3
1
-7
13
-21
18
-12
12
-7
-4
5
-18
21
-6
-8
14
-21
25
-24
5
11
-12
4
-2
0
2
-6
11
-12
-6
24
-27
20
-13
8
4
-22
16
-4
3
7
-14
11
-19
20
-15
6
-3
2
-2
8
-12
0
-4
-5
6
21
-20
6
-28
33
-12
-31
56
-23
0
-10
-2
27
5
-119
165
-38
-45
0
11
6
-17
3
2
8
-14
4
-4
4
-3
-4
-1
0
-14
45
-42
22
-9
-10
18
-13
-13
43
-36
33
-44
12
27
-4
-59
11
64
-47
-6
27
6
0
-8
-25
17
-13
55
-72
41
-20
5
21
-39
35
-26
7
-5
19
-14
-3
12
-15
1
3
12
-29
34
-40
38
2
-21
3
-7
1
13
-14
7
-2
-1
1
-3
0
2
-3
0
2
-7
13
-14
-2
5
-2
20
-2
-38
39
-36
29
-12
-5
-1
14
-13
2
13
-20
4
-8
25
-36
38
-22
-6
19
-42
71
-57
13
-17
24
8
-2
-5
-29
6
47
-63
-11
58
4
-28
-14
42
-33
34
-45
12
12
-19
10
9
-23
39
-46
11
0
-9
-18
62
-100
114
-145
214
-144
128
-67
-221
242
-124
107
-273
565
-655
674
-602
394
-323
305
-231
179
-295
372
-218
162
-155
83
-87
99
-71
32
-24
-12
46
-20
-12
27
-27
26
-24
29
-26
21
-40
8
19
25
-32
18
-27
14
9
-8
-2
-6
4
3
-1
-2
-1
0
-1
1
2
-3
-6
7
1
7
-9
-14
27
-19
31
-27
-20
-8
40
-21
25
-29
22
-27
26
-28
11
20
-47
12
22
-34
69
-99
88
-83
155
-164
218
-374
295
-180
232
-306
323
-395
601
-675
654
-565
272
-109
122
-244
218
65
-130
143
-215
144
-115
99
-64
17
4
0
7
-41
101
-148
228
-329
443
-528
574
-642
615
-483
437
-587
841
-908
682
-473
365
-288
295
-358
368
-357
472
-615
588
-457
368
-295
210
-184
209
-234
270
-255
184
-149
115
-81
87
-102
82
-41
21
-47
58
-15
-5
-24
22
-18
26
-20
-5
24
-31
29
-22
15
-9
1
0
0
-1
-1
8
-16
21
-30
31
-24
2
21
-28
18
-24
25
4
14
-58
47
-22
39
-83
100
-86
79
-115
149
-185
253
-269
231
-208
184
-211
295
-370
457
-589
616
-472
357
-368
360
-295
288
-366
473
-683
907
-842
585
-438
480
-616
639
-576
526
-443
328
-228
145
-102
40
-12
0
25
-62
110
-94
79
-156
74
28
-145
194
-219
478
-789
921
-1228
1703
-1546
1000
-738
618
-410
191
-6
-193
500
-730
641
-458
414
-396
304
-176
44
59
-117
104
-93
125
-160
159
-155
123
-74
29
7
-43
67
-68
79
-101
89
-51
24
-13
-5
22
-29
22
-23
17
-11
3
-2
0
-1
-4
9
-18
24
-25
28
-24
4
12
-26
51
-89
99
-79
68
-69
41
-8
-28
70
-122
152
-160
159
-125
92
-105
116
-60
-43
176
-305
396
-415
459
-643
730
-502
192
6
-193
410
-619
737
-1001
1546
-1703
1225
-923
786
-479
218
-196
143
-29
-74
154
-79
93
-113
60
-31
0
25
-57
60
-57
-14
54
-232
509
-723
1075
-899
392
-141
56
138
-432
491
-424
295
-414
449
-315
119
234
-462
583
-658
753
-580
293
-176
33
31
-96
150
-185
172
-89
82
-12
-52
57
-66
56
-51
41
-39
-17
85
-73
53
-46
26
11
-27
16
-29
27
-21
13
0
-1
2
0
-2
0
1
-12
19
-29
29
-18
27
-14
-25
45
-54
72
-87
17
38
-42
50
-57
67
-58
52
11
-82
90
-171
185
-154
96
-31
-34
176
-295
580
-755
657
-583
463
-235
-119
315
-450
414
-295
423
-492
432
-139
-59
138
-393
896
-1075
719
-509
231
-55
13
56
-64
56
-30
0
31
-70
12
28
-177
437
-457
508
-296
-108
184
-410
522
-580
387
195
-264
245
-303
388
-479
155
95
-370
614
-648
694
-284
-62
86
-245
194
-84
12
127
-140
198
-156
-13
62
-143
138
-57
31
68
-121
122
-138
33
51
-46
35
-12
14
-10
-20
15
-16
12
14
-18
12
-10
0
9
-12
17
-14
-13
15
-13
18
9
-14
12
-36
44
-50
-35
138
-123
121
-70
-31
54
-137
140
-64
14
154
-198
138
-126
-14
83
-195
244
-87
61
284
-695
648
-613
370
-96
-156
480
-390
303
-246
263
-195
-387
579
-525
408
-184
107
293
-508
456
-438
177
-29
-13
68
-36
0
36
-92
-2
131
-185
329
-60
-576
650
-664
468
473
-784
660
-485
-662
1149
-794
779
-210
-281
338
-504
37
500
-614
996
-678
-223
385
-342
214
208
-311
291
-236
-144
284
-119
16
111
-156
55
27
-74
98
-47
-78
139
-100
34
40
-79
56
-13
-47
72
-27
-16
28
-29
9
2
0
-4
-11
29
-29
17
26
-73
47
11
-56
77
-40
-34
98
-139
78
48
-100
73
-28
-56
157
-113
-16
117
-286
143
235
-293
311
-211
-214
342
-386
223
679
-997
614
-502
-37
505
-339
282
209
-779
794
-1149
662
484
-660
783
-473
-468
660
-651
575
61
-329
184
-132
-2
91
-41
0
34
-82
8
132
44
-424
283
28
-181
697
-610
-508
754
-107
-348
1390
-1688
375
312
-193
127
114
-373
-10
489
-236
-119
287
-453
218
255
-276
-26
132
-276
314
85
-244
11
83
-46
47
-8
-49
-61
200
-121
-6
57
-114
80
21
-21
-45
25
61
-67
28
-26
-1
17
3
-12
0
14
-3
-17
0
26
-30
67
-62
-25
44
20
-22
-81
113
-57
5
121
-201
60
48
8
-48
44
-84
-12
243
-86
-314
276
-133
26
275
-255
-220
454
-289
120
236
-490
9
374
-115
-128
193
-312
-376
1688
-1391
347
105
-754
506
608
-699
179
-28
-283
423
-44
-133
-10
81
-39
0
10
-21
35
-67
78
-111
17
319
-129
-895
1011
246
-624
-715
1374
-375
-299
224
-168
69
25
70
-206
188
-78
224
-754
579
286
-361
-175
268
141
-283
-25
152
22
-122
-1
142
-82
-56
29
66
-63
-4
43
-99
122
-47
-13
-41
102
-41
-36
3
56
-16
-52
27
22
-17
-9
0
7
15
-24
-28
52
17
-59
-5
36
41
-104
40
12
47
-124
98
-45
4
62
-67
-29
56
81
-143
0
122
-22
-152
23
281
-141
-269
175
362
-288
-580
753
-225
78
-189
206
-71
-26
-70
167
-225
298
374
-1376
713
622
-247
-1011
890
127
-319
-18
109
-80
67
-38
20
-13
0
-19
48
22
-177
27
441
-323
-441
381
650
-917
397
-164
-59
180
-315
582
-288
-48
136
-318
195
251
-338
-70
223
331
-670
81
343
-69
-125
50
-82
66
131
-122
-122
103
192
-214
-60
118
69
-131
82
-102
106
-35
33
-130
81
46
-45
-41
43
29
-32
-2
4
-7
4
2
0
-4
-4
6
-5
2
32
-30
-44
40
42
-44
-83
129
-35
35
-106
102
-82
128
-69
-120
60
215
-194
-104
122
120
-132
-67
81
-52
125
67
-344
-82
670
-331
-224
69
338
-251
-195
318
-136
47
287
-582
315
-182
57
162
-399
915
-652
-383
440
320
-442
-26
176
-24
-49
14
0
-48
114
-106
132
49
-543
423
176
-355
689
-805
-204
812
-511
425
-52
-536
78
717
-538
141
-23
-286
331
-193
132
516
-883
164
342
-209
110
11
-258
242
-125
23
199
-191
-22
60
-66
105
-50
5
93
-201
-10
264
-250
203
-107
-57
81
-72
55
55
-111
67
-36
5
28
-20
0
20
-29
-6
37
-68
111
-56
-57
73
-83
58
107
-204
250
-263
10
199
-93
-6
50
-106
66
-62
22
189
-201
-23
124
-243
256
-13
-110
208
-343
-166
883
-517
-132
193
-333
285
24
-142
538
-718
-78
535
52
-427
509
-812
202
802
-689
352
-177
-425
542
-49
-134
103
-116
43
0
-38
83
-87
83
-198
589
-570
298
-118
-757
1106
-910
1053
-1008
1246
-561
-741
713
-440
459
-394
306
-243
278
-124
32
135
-524
469
-285
218
-138
32
177
-190
190
-263
131
-29
3
15
-6
10
-42
150
-174
137
-113
77
-102
8
104
-109
79
-37
30
-13
10
-35
11
4
-3
1
0
-2
2
-4
-12
34
-11
13
-32
37
-78
107
-103
-10
102
-78
113
-139
173
-152
41
-11
5
-18
-3
30
-132
263
-192
190
-179
-32
137
-219
284
-469
523
-136
-33
124
-278
244
-307
395
-461
441
-714
740
561
-1248
1007
-1054
907
-1105
752
116
-298
569
-589
198
-85
87
-84
34
0
19
-51
95
-185
257
-558
629
-529
520
-602
803
-772
752
-643
542
-383
461
-567
219
-109
147
-196
69
139
-163
312
-205
36
-159
180
-159
161
-129
63
-79
116
-176
159
-25
-17
21
12
-16
-29
35
-33
9
-61
80
-61
83
-86
75
-6
-28
14
-38
53
-71
75
-49
28
-16
0
15
-29
47
-75
71
-52
37
-15
25
7
-77
87
-85
61
-80
60
-9
32
-36
28
16
-14
-20
16
23
-160
174
-117
79
-63
128
-161
158
-181
159
-37
205
-313
162
-140
-68
194
-148
107
-220
567
-461
382
-542
641
-751
770
-803
600
-520
527
-629
556
-257
182
-98
49
-24
0
49
-148
54
137
-194
381
-404
-27
281
-412
561
-344
131
27
-321
312
-320
347
72
-266
109
-75
-31
240
-92
-417
672
-627
456
-198
21
49
-61
22
126
-201
171
-95
-10
6
14
3
-16
12
5
-20
30
-24
5
-51
58
17
-36
45
-58
26
1
-9
26
-23
2
-3
9
0
-10
1
-3
24
-24
9
-2
-27
57
-43
34
-16
-59
51
-5
24
-31
19
-6
-12
15
-3
-16
-7
10
94
-172
199
-126
-23
59
-49
-21
198
-457
627
-675
418
92
-240
30
74
-109
266
-73
-349
320
-312
319
-29
-132
342
-561
411
-285
26
402
-383
193
-138
-56
147
-53
0
8
-22
36
-72
91
-132
90
88
-107
-245
523
-336
33
-47
266
-317
263
-110
31
-116
24
128
-37
-174
23
406
-473
273
-100
-19
-5
19
27
-13
-14
36
-141
155
-11
-40
-28
71
-5
-53
26
3
-6
-69
75
74
-124
21
58
-33
-20
11
6
6
-15
4
17
-15
-5
0
3
15
-17
-4
13
-6
-8
-12
20
32
-59
-21
124
-76
-76
68
7
-3
-27
53
5
-71
26
38
10
-156
139
-36
14
12
-27
-19
5
18
101
-273
473
-407
-22
174
37
-127
-23
117
-31
110
-262
316
-267
46
-34
334
-524
242
105
-89
-91
130
-92
71
-37
21
-11
0
-49
129
-70
-20
6
-52
110
-44
-39
-15
77
128
-284
220
-115
-47
56
34
-118
149
-94
52
17
-90
54
100
-175
133
-102
16
59
-5
11
-64
38
-35
28
20
-5
-3
-42
-3
29
48
-70
-3
10
35
74
-141
-37
135
-22
-70
46
1
-46
62
-4
-51
33
-1
-4
0
3
0
-33
52
4
-62
44
-1
-45
68
21
-136
37
141
-76
-35
-11
3
70
-49
-30
2
39
3
3
-20
-29
34
-39
63
-11
4
-59
-16
101
-133
173
-100
-55
90
-17
-52
93
-150
117
-33
-57
47
113
-222
281
-128
-78
12
38
44
-110
51
-7
19
68
-130
44
0
-45
117
-100
70
-33
43
-78
-35
118
-100
65
22
-73
104
-195
18
218
-142
66
-47
4
9
-74
143
-159
88
59
-167
136
-6
-8
-43
-12
-3
56
127
-282
123
9
0
1
-2
5
-8
-34
70
-5
-65
-11
57
4
0
-27
4
-1
-3
-10
35
-37
41
-12
-25
11
0
-12
24
12
-42
37
-36
9
2
-1
-4
28
0
-5
-58
11
65
4
-71
34
7
-6
0
-2
-1
-11
-125
282
-127
-57
2
11
42
8
6
-136
167
-59
-89
157
-144
74
-10
-5
47
-67
141
-220
-18
195
-106
71
-24
-68
98
-120
34
76
-44
32
-72
96
-118
39
0
5
-20
8
-3
2
-11
-3
98
-147
115
-50
3
9
18
-118
188
-181
54
25
9
1
-26
0
44
19
-135
162
-62
-21
8
-19
21
13
1
-29
-22
80
-62
18
-9
-3
24
-22
15
-12
-3
12
-36
108
-81
-39
1
55
-19
17
-17
8
-24
19
2
4
-11
-3
0
2
12
-5
-2
-20
23
-10
16
-17
19
-55
-1
37
80
-109
36
-13
2
12
-16
21
-25
2
8
-18
61
-82
21
28
-2
-13
-21
17
-8
22
62
-163
135
-19
-45
1
25
-2
-9
-26
-55
180
-188
117
-20
-11
-3
50
-115
144
-100
3
11
-2
1
-11
19
-8
0
32
-81
57
-20
1
37
-5
-98
109
-122
134
-64
13
-38
93
-41
-18
-3
-5
20
-17
-5
-14
26
23
-17
-37
32
6
-2
6
-14
-19
17
17
-7
4
-35
23
1
5
-12
10
-11
-6
22
-27
29
-13
-3
-6
11
-23
21
-1
-5
-1
1
5
-11
11
-1
-6
0
6
1
-12
10
-5
-1
0
4
1
-21
22
-10
5
2
11
-30
26
-23
4
10
-10
10
-6
-1
-23
35
-6
7
-18
-17
18
13
-6
2
-7
-33
38
16
-23
-26
15
7
17
-21
4
3
18
40
-96
38
-15
62
-136
120
-112
97
4
-38
-2
19
-59
80
-36
0
2
0
4
-15
11
-15
7
13
-10
-37
62
-33
31
-73
79
-56
43
-4
-38
17
36
-35
4
-8
39
-81
91
-59
26
-2
-4
1
-3
-1
14
-10
3
-8
7
-13
13
-1
-11
13
-1
-15
12
-6
6
3
2
-15
5
8
-3
-5
1
-2
-2
2
2
-4
1
0
-2
3
-3
-3
2
1
-3
4
2
-8
-6
15
-2
-3
-6
5
-12
14
0
-14
11
0
-13
12
-7
6
-4
10
-15
1
2
-2
4
2
-27
60
-93
81
-40
8
-2
34
-36
-18
37
4
-44
55
-80
73
-32
32
-64
35
7
-13
-7
14
-11
14
-7
-1
-7
0
3
3
-1
-3
0
4
4
-4
-12
-6
9
12
0
-10
-6
6
7
-3
-8
-2
6
4
-4
-6
-1
5
2
-1
-2
0
0
-1
0
1
0
-2
-2
3
3
0
-2
-1
2
1
-1
-2
0
1
0
-1
-1
1
0
-2
0
2
0
-2
-2
0
1
-1
-2
0
0
0
-2
-1
1
1
-1
-2
0
1
0
-1
0
2
0
-1
-1
2
2
-2
-1
0
2
-1
-3
-3
2
2
-1
-2
0
0
0
0
2
1
-3
-5
-1
6
3
-5
-7
2
7
1
-8
-6
5
9
-2
-13
-11
2
11
4
-5
-6
-1
2
-1
-5
-4
