0
-3
0
-2
0
0
0
1
0
-1
-1
-1
0
-1
-1
6
-12
1
14
-9
2
-2
-1
2
0
0
-2
0
0
0
0
0
0
0
0
0
0
-2
0
-1
0
-1
-1
0
-1
1
-1
0
0
-1
0
0
-1
0
-1
1
0
-2
0
-1
0
-1
0
-2
0
-1
-2
-1
-1
0
-1
0
0
0
0
0
0
0
-1
-1
0
-1
0
0
0
0
0
-3
0
-1
-1
-1
-1
0
-1
0
-1
1
1
0
0
-1
0
0
0
-3
1
2
-2
8
-15
-2
12
-7
0
-1
-1
0
0
-1
-1
-1
-1
-1
-2
-1
-2
-3
0
-3
-2
2
0
-1
-1
1
-1
-1
0
-1
0
1
0
-6
5
-1
0
-1
11
-11
4
1
-1
-1
0
0
0
0
0
0
-1
0
0
-1
0
1
0
-1
0
0
-1
1
-1
0
0
1
-1
-1
0
-1
0
-1
0
0
0
0
0
-1
-1
1
-1
0
0
-1
0
0
1
-1
-1
-1
0
0
-1
0
0
0
-1
-1
0
0
-1
0
0
-1
-1
0
-1
-1
-1
-1
0
0
-1
-1
0
-1
0
0
0
-1
1
0
1
-1
-5
11
-12
1
-1
1
-6
5
-2
-1
-1
-1
-1
-1
0
-1
-1
-2
-1
-3
1
-2
0
-10
19
-21
18
-1
-26
63
-44
1
-6
0
1
-10
6
-5
14
1
-15
48
-90
132
-114
62
-47
16
-1
-28
39
-37
28
-16
15
-5
1
1
3
-3
-2
1
-1
0
0
-1
1
0
1
1
-1
0
-1
0
0
0
0
0
0
0
-1
1
-1
0
0
1
0
-1
0
-1
0
-1
0
-1
0
0
0
1
0
-2
0
0
0
0
-1
0
0
1
-1
-1
0
-1
2
4
-3
-3
-1
3
-15
15
-28
36
-38
27
1
-17
47
-64
114
-132
90
-50
13
-2
-15
3
-7
8
-2
-1
3
-2
43
-65
25
1
-20
19
-20
6
0
-9
18
-27
29
-15
-7
18
1
-13
4
19
-25
-13
58
-136
177
-187
200
-238
245
-297
304
-158
36
70
-144
193
-207
186
-148
114
-81
45
-25
10
-1
-12
4
0
1
-1
0
0
-1
1
-1
1
0
-1
1
-1
0
-1
-1
0
0
-1
0
-1
-1
0
0
-1
0
0
0
0
0
0
0
0
0
-2
0
-1
-1
0
-2
0
0
-3
1
-2
0
-2
0
0
-2
1
-4
11
0
-13
23
-46
80
-114
149
-187
206
-193
145
-70
-37
158
-306
298
-246
237
-201
186
-177
135
-60
12
23
-21
-7
10
-2
-18
6
14
-30
26
-18
6
0
0
1
-16
27
-24
52
-232
294
-95
-1
-24
6
19
-72
135
-203
262
-268
310
-459
523
-263
35
-92
158
-275
384
-347
259
-139
87
-101
94
-92
78
-48
21
-7
4
-4
0
1
-1
1
-2
1
-1
1
-1
0
0
-1
1
0
-1
-2
-1
-1
1
-1
0
1
-1
0
0
-1
0
0
0
-1
0
0
-1
0
-2
0
0
0
0
-1
2
-2
2
-1
0
-2
-1
2
-5
6
-23
47
-78
90
-95
101
-87
140
-261
346
-385
275
-157
91
-34
263
-524
459
-311
267
-262
203
-137
70
-20
-8
21
0
93
-294
232
-53
23
-28
12
-2
-5
0
10
-21
18
-18
-1
-15
128
-156
59
-26
33
-35
24
-75
174
-279
347
-413
431
-341
189
180
-361
197
-188
321
-404
472
-302
8
5
38
9
-41
51
-55
31
-18
18
-10
5
-1
1
-3
3
-5
3
-1
-1
-1
1
0
-1
0
0
0
-1
-1
0
0
-1
-1
0
0
-1
0
-1
-1
-1
0
0
-1
0
0
-1
-1
-1
1
0
0
-3
4
-4
2
-1
1
-5
9
-18
18
-31
55
-52
40
-10
-39
-6
-8
302
-474
404
-321
186
-198
362
-180
-191
341
-432
412
-348
278
-176
73
-24
33
-35
23
-60
155
-129
14
-1
16
-21
18
-14
0
14
-27
29
-27
20
12
-89
71
22
-29
-2
3
9
-92
133
-133
80
127
-288
551
-316
-483
555
-236
167
-140
-238
523
-77
-237
148
-107
80
-32
-51
67
-35
20
-7
-1
4
-4
2
-3
2
-2
-1
1
-1
0
-1
-1
0
-1
0
0
-1
0
1
-1
0
0
0
0
0
0
-1
0
-1
-1
1
-1
-1
-1
0
0
0
-1
0
-1
1
1
-3
2
-3
3
-4
-1
6
-21
33
-68
50
31
-80
106
-148
238
76
-524
238
139
-168
235
-557
483
316
-551
288
-127
-81
133
-134
90
-11
-5
1
28
-24
-72
89
-12
-21
26
-32
26
-18
0
6
-8
-23
30
-15
-56
159
-61
-87
55
-4
-25
32
-26
-19
146
11
-362
35
434
145
-651
208
147
-245
-13
585
-279
-391
267
17
-60
55
49
-79
-8
26
-8
-2
10
-6
-2
3
-4
-2
2
-1
-2
0
-1
-1
1
-1
-1
0
-1
-1
-1
0
-1
-1
0
-1
0
0
-1
-1
-1
-1
0
-1
-1
-1
0
-1
-1
0
1
-1
1
0
-3
0
4
-3
0
6
-11
0
6
-27
7
77
-49
-56
60
-17
-268
391
279
-585
13
245
-148
-207
652
-145
-434
-36
361
-10
-147
19
25
-34
23
3
-56
85
60
-160
56
14
-32
19
6
-10
0
-11
14
3
-11
0
5
-2
41
-81
21
27
-6
-11
-10
0
83
32
-195
-132
284
60
-156
91
-83
38
-96
148
126
-281
45
22
66
-26
-43
41
-22
17
-1
-8
5
-2
0
-3
1
0
-1
0
0
-1
0
-1
0
0
1
-1
-1
-2
0
0
-1
0
-1
0
0
-1
1
0
0
0
-1
1
-1
1
0
-1
0
-1
0
0
0
0
0
-1
-1
0
-2
2
-6
7
2
-15
22
-41
42
25
-66
-21
-45
281
-127
-149
95
-38
82
-91
157
-61
-284
130
194
-32
-83
0
8
8
5
-29
-23
78
-42
2
-5
-1
9
-6
-15
6
0
-16
20
-4
-9
21
33
-138
151
-108
30
32
-59
60
15
-22
-66
205
-262
85
142
-422
530
-371
173
93
-316
414
-335
160
4
-82
51
19
-84
86
-51
-5
35
-12
-6
5
-2
-3
1
0
-1
1
-1
1
-1
0
0
0
0
-1
0
0
-1
0
0
0
0
1
0
-1
0
0
-1
0
0
0
-1
1
-1
0
0
0
0
-1
1
-1
0
1
-2
0
4
-6
5
12
-36
4
51
-87
84
-19
-52
82
-4
-160
336
-416
317
-93
-173
372
-531
422
-143
-85
262
-206
66
21
-17
-61
59
-34
-32
106
-152
138
-34
-22
8
2
-22
11
0
0
2
-14
23
-31
71
-122
111
-69
38
-22
21
11
-93
170
-225
217
-253
435
-604
595
-281
18
-97
209
-349
469
-473
309
-70
66
-154
132
-87
75
-64
37
-18
10
-7
3
0
-3
2
-3
2
-2
1
-1
0
-1
-1
-1
-1
0
-1
0
0
-1
0
-1
0
1
0
-1
-1
-1
-1
-1
0
0
0
-1
1
0
1
-1
0
0
-1
1
-4
3
-4
4
-2
-5
6
-11
15
-37
63
-74
86
-133
153
-67
70
-311
473
-470
347
-209
96
-18
281
-597
603
-437
252
-219
225
-170
91
-13
-22
19
-40
69
-111
122
-71
29
-25
11
-3
-5
0
11
-20
25
-20
9
38
-92
14
61
-14
-6
-47
97
-82
64
-64
-143
326
-375
-26
663
-461
8
82
-144
274
-255
40
147
-238
130
13
-100
121
-55
8
13
-17
14
-14
9
-5
0
1
-1
1
2
0
1
-1
-1
-1
0
0
-1
0
-1
0
0
-1
-1
0
0
0
0
0
0
1
-1
-1
0
-1
0
-1
-1
0
-1
0
0
0
-1
-1
1
-2
1
3
-9
14
-16
15
-14
-9
54
-123
100
-13
-131
238
-147
-41
255
-275
144
-82
-8
462
-664
25
376
-326
143
64
-66
80
-98
45
5
11
-63
-15
90
-40
-11
18
-28
18
-15
0
0
5
-26
16
25
-10
-37
-27
94
-61
7
53
-10
-105
77
-31
38
-90
223
-203
48
28
-68
101
-81
-105
66
262
-93
-307
129
121
16
-92
-16
42
-1
-15
18
-2
-6
-4
5
-1
-1
0
0
-1
0
1
0
-1
0
0
-1
0
-2
-1
0
-1
0
-1
-1
0
0
0
-1
0
-1
0
-1
-1
0
-1
-1
0
0
-1
-1
0
-1
-1
0
0
-6
3
6
2
-20
13
1
-42
15
90
-17
-122
-129
306
92
-263
-66
104
81
-101
67
-28
-49
202
-225
89
-37
30
-78
103
8
-54
-9
59
-95
26
35
9
-28
-19
23
-6
-4
0
-17
17
21
-21
-22
18
11
-32
32
5
-10
-24
6
44
-99
47
157
-155
-43
359
-668
427
-66
-43
26
108
8
-227
217
-105
-120
201
-19
-99
123
-57
-23
9
10
-10
4
5
-4
-2
1
-1
0
0
0
-1
-1
1
0
1
-1
-1
-1
-1
-1
0
-1
-1
0
0
0
0
0
0
0
0
1
0
1
-1
0
-1
0
1
0
-1
0
0
-2
2
3
-6
-4
9
-9
-10
23
56
-123
97
19
-202
120
105
-216
227
-9
-107
-26
43
67
-429
668
-360
42
155
-157
-48
98
-45
-7
22
8
-9
-34
31
-11
-18
21
21
-25
-17
13
0
-9
14
-33
38
-28
-6
31
1
-14
-3
6
-1
-33
59
-78
109
-118
103
-36
66
-206
142
2
-65
99
-92
63
40
-134
149
-162
189
-192
153
-104
73
-39
3
7
-6
7
-7
3
1
1
0
-2
1
-1
-1
0
0
-1
0
0
-1
-1
0
0
-1
0
-1
-1
0
-1
0
0
0
-1
-1
0
0
0
-1
0
0
-1
0
-1
-1
2
0
-1
-1
-4
7
-7
5
-7
-4
38
-74
104
-154
191
-190
163
-149
135
-41
-64
91
-99
65
-3
-142
205
-66
35
-104
119
-109
76
-61
32
-1
-7
1
13
-2
-32
5
28
-39
30
-16
4
0
11
-25
27
-42
65
-108
158
-98
12
-16
9
22
-28
-5
-4
40
-67
91
-185
195
28
-168
169
-124
89
-117
133
-147
139
-130
81
26
-145
199
-87
-8
3
-2
3
-4
-1
0
1
-2
2
-2
1
-1
0
0
-1
0
-1
0
0
0
-1
0
0
0
0
0
-1
0
0
0
0
0
-1
0
0
-1
0
0
0
0
-1
0
-1
1
-2
1
-3
2
0
-3
1
3
-5
1
-4
7
86
-199
145
-26
-81
129
-141
147
-134
115
-88
124
-171
168
-27
-195
185
-92
66
-40
4
3
26
-25
-11
14
-14
97
-159
108
-67
41
-31
23
-15
0
16
-22
-5
24
-36
-21
103
-56
-17
25
-22
6
7
2
-19
19
-75
78
73
-27
-190
125
40
-49
26
-22
9
45
-48
6
38
-82
13
49
-2
-20
8
-3
-3
2
1
-2
0
1
-1
0
-1
0
-1
0
-1
-1
-1
0
-1
0
0
-1
0
0
-2
0
0
0
0
-1
0
0
-1
-1
0
-1
0
0
1
-1
0
-1
1
0
0
-1
-1
-2
-2
0
-1
-2
3
2
-8
19
2
-51
-12
81
-37
-7
48
-45
-8
22
-25
48
-39
-126
190
27
-73
-79
74
-19
17
-3
-9
-8
22
-25
14
55
-104
21
34
-26
1
21
-21
0
-14
3
16
1
-26
1
34
-8
-17
4
-4
21
-23
18
-23
19
-6
14
-38
63
-58
-7
35
-16
9
5
-20
7
1
28
-43
32
-16
2
-8
9
0
-2
-1
1
0
-1
0
-1
1
-1
0
0
-1
0
-1
-1
-1
-1
0
-1
-1
0
0
0
-1
-1
0
0
-1
0
0
0
-1
0
-1
-1
0
0
1
0
0
1
0
-1
-1
0
-2
1
0
0
-1
-2
1
1
-1
-11
6
-2
16
-33
43
-30
-1
-6
20
-6
-8
15
-38
7
58
-63
36
-15
5
-20
23
-20
22
-22
2
-4
15
8
-34
-2
25
-2
-18
-4
11
0
0
5
-6
-1
1
2
-5
3
-2
0
5
-10
8
-10
5
-4
11
-12
20
-29
12
-1
9
-20
32
-30
15
-14
2
14
-12
3
9
-9
0
-1
2
-1
0
-1
0
0
0
0
0
0
-2
0
0
0
-1
0
0
0
0
0
1
0
1
0
1
-1
0
0
0
0
0
1
-1
-1
-1
0
0
-1
0
0
0
0
-1
0
0
0
0
-1
0
-1
0
1
-1
0
-3
1
-1
9
-11
-4
13
-15
-3
13
-17
29
-34
19
-9
0
-13
29
-21
12
-12
4
-7
10
-10
8
-5
-1
1
-3
3
-3
-2
0
3
-7
-4
0
-2
1
-3
2
0
-1
-6
6
-2
-1
-2
-2
14
-19
12
-7
6
-8
9
-24
42
-24
4
-8
9
-2
-2
9
-15
3
6
3
-7
-4
1
5
-3
0
0
-1
0
-2
-1
0
1
-1
0
0
-1
0
0
0
-1
-1
0
1
0
-1
0
0
0
0
0
0
1
-1
-1
0
0
-1
-1
-1
0
-1
0
-1
-1
-1
0
0
-1
0
-1
-1
-1
-1
-1
0
0
-1
3
-5
0
3
6
-4
-6
-4
14
-9
2
2
-10
7
-4
24
-44
24
-9
7
-7
7
-13
18
-15
1
0
-1
0
-6
4
-1
-2
-3
0
-2
-1
0
0
-1
1
-1
-1
1
0
-4
4
0
-11
19
2
-32
15
2
3
-6
-1
15
-30
16
9
-4
-4
-3
8
-3
-7
13
-5
0
-5
2
3
-4
1
-1
1
0
0
-1
1
0
0
0
-1
0
-1
0
-1
0
0
-1
-1
0
-2
0
0
0
-2
0
0
0
-1
-1
0
0
-1
0
0
0
0
0
-1
-1
0
-1
0
-1
0
-1
0
0
-1
0
1
0
-2
-1
-1
3
-3
-4
5
-1
4
-15
7
2
-8
2
5
4
-10
-15
30
-15
1
6
-4
-3
-18
31
-3
-21
11
-1
-7
4
-1
-1
-1
0
-3
1
-5
0
-3
2
-2
0
1
-1
-3
-1
4
-1
1
-17
31
-38
12
11
-7
-3
8
7
-24
14
1
-4
0
4
0
-9
7
-1
0
0
-3
5
-5
2
-1
1
0
-1
0
0
0
0
-1
0
0
0
-1
0
-1
-1
-1
0
0
0
-2
1
-1
-1
0
0
0
0
0
-1
0
0
-1
-1
0
-1
0
0
1
0
-1
-1
0
0
-1
0
-1
-1
-1
0
0
-1
-1
-1
2
-2
3
-7
2
-1
0
1
-7
9
0
-4
0
3
-2
-14
23
-6
-8
3
6
-11
-13
37
-33
15
-4
-1
-7
0
1
0
-3
-1
-1
-3
-1
0
-3
2
-1
-1
1
-2
4
-4
3
-5
1
9
-10
-4
-2
9
-7
2
0
-12
31
-24
1
-4
10
-7
-3
10
-1
-7
-2
-1
2
4
-4
3
-2
-1
-1
0
0
0
1
1
0
1
0
-1
0
0
0
0
-1
0
0
0
-1
-1
0
0
-1
0
-1
0
-1
0
0
0
-1
-1
0
0
0
-1
0
-1
-1
-1
-1
0
-2
-1
0
-1
0
-1
0
0
1
0
2
-3
3
-5
-2
1
1
5
1
-10
3
6
-11
4
-1
22
-32
12
0
-3
6
-10
1
2
8
-11
-3
1
-3
4
-4
0
-2
0
-2
-3
-1
0
-2
2
-3
1
-3
0
5
-5
2
-1
-1
-7
-3
17
-9
0
0
-1
5
-3
-12
17
-7
-1
-2
8
-8
-5
11
-10
9
-4
2
-4
-1
4
-2
-1
-1
0
1
-1
-1
0
0
0
0
1
0
-1
0
0
-1
-1
-1
-1
1
0
0
-1
0
-1
0
0
0
0
0
1
-1
-1
-1
0
0
-1
0
0
0
0
-1
-1
-1
0
0
0
-1
0
-1
0
-1
-1
1
-4
0
3
-3
4
-9
11
-11
4
8
-10
1
0
7
-18
11
3
-6
1
-2
0
8
-18
2
5
-1
-1
-3
4
-6
0
1
-1
0
-3
-2
0
-2
1
0
0
0
-1
2
-1
-2
-4
4
-4
-9
27
-23
7
-4
4
-1
-1
0
-2
-3
2
2
-6
-1
11
-12
3
1
-2
6
-10
4
0
0
0
0
0
-1
0
0
0
0
0
1
0
-1
0
-1
-1
0
0
-1
0
-1
-1
0
-1
0
-1
0
0
0
0
0
0
0
0
0
-1
0
-1
-1
0
-1
-1
-1
0
-1
0
0
0
-1
0
1
-1
-1
0
0
-1
-4
10
-6
2
-1
-3
10
-12
1
5
-2
-3
2
1
-1
1
1
-5
4
-7
21
-29
8
2
-6
2
1
0
-3
1
0
-1
-1
-2
-2
0
-1
-1
-1
0
1
-1
4
-2
0
-1
-2
3
-5
9
-12
6
1
-3
-2
2
6
0
-8
3
-3
7
-6
2
-2
3
-1
-1
-1
2
0
-1
0
0
0
-1
1
-1
0
0
0
-1
0
0
0
-1
0
-1
-1
0
0
-1
0
-1
-2
1
-1
0
0
0
0
-1
0
-1
0
-1
0
-1
-1
-1
-1
-1
0
-1
-1
0
-2
0
-1
0
-1
0
-1
0
0
0
-1
0
-1
-2
0
0
0
-3
2
-2
6
-7
2
-4
7
0
-6
-2
1
1
-2
-6
10
-11
4
-3
0
0
0
1
-3
-1
-1
-1
-2
-2
-5
0
-2
0
-1
0
-1
0
-2
2
-2
-2
4
-12
21
-31
17
1
0
-1
-2
3
2
-2
-3
5
-1
-4
5
-1
-6
12
-11
8
-7
3
-1
1
-1
0
1
-1
1
0
0
0
0
0
0
0
0
-1
0
-1
0
0
0
0
-1
0
-1
-1
0
-1
-1
0
0
0
-1
0
0
-1
0
0
-1
-1
0
-1
0
0
0
-1
0
0
-1
0
-1
-1
-2
0
0
-1
1
-2
1
-2
6
-9
10
-13
7
1
-7
4
0
-6
3
2
-2
-4
3
1
0
-2
-18
30
-22
11
-4
0
0
-2
1
-2
-1
-1
-1
-1
-2
0
-2
1
-1
1
-1
1
0
0
-1
-1
-3
10
-3
-17
6
7
-8
5
0
0
-6
7
1
-3
2
-3
2
-4
1
6
-3
-4
2
-1
0
-1
1
-1
0
1
-2
0
0
-1
0
1
-2
0
1
-1
0
-1
0
-1
0
0
0
0
0
-1
-1
-1
0
0
0
0
0
0
0
0
-1
0
0
0
1
0
-1
0
0
-1
0
-1
-1
0
-2
-1
1
-2
-1
-1
-1
0
0
1
-3
3
3
-6
-2
4
-2
2
-2
3
-1
-8
7
0
1
-7
7
-8
-6
16
2
-11
2
-1
0
0
-1
-2
0
-1
-2
-3
-2
0
-2
1
-2
0
0
1
-2
2
-3
0
-2
-2
4
0
-5
6
-5
5
0
0
2
-4
1
-2
3
0
0
-2
2
-2
3
-6
1
2
-2
0
0
0
0
-1
-1
0
0
-1
0
0
-1
0
0
-1
-1
0
-1
1
0
-1
0
0
0
0
1
-1
0
0
-1
0
-1
0
1
0
-1
0
0
-1
0
-1
0
0
-1
-1
0
0
-2
0
-1
-1
0
0
0
-1
0
-2
1
-3
-2
5
-5
1
-3
2
0
0
-4
1
-3
3
-2
0
0
-6
5
-7
4
-1
-5
2
-1
-2
2
-4
0
-1
-1
-1
0
-2
-2
0
-12
13
25
-40
10
-3
3
1
-4
-1
1
-9
2
11
-9
28
-52
0
-2
13
54
-34
1
-21
4
9
2
2
-20
1
9
13
-2
-9
-1
0
1
0
0
-1
-1
0
-1
-1
0
0
0
0
-1
0
-1
-1
-1
-1
-1
0
-1
-1
-2
0
-1
-1
-1
0
0
0
0
-1
1
0
0
-1
1
0
-1
0
0
0
0
0
-1
-1
0
1
0
-1
0
0
1
0
-1
-1
2
8
3
-14
-9
-3
20
-2
-3
-10
-6
21
-2
33
-55
-13
0
-1
52
-28
7
-12
-5
7
-4
-2
2
-2
-4
3
-11
38
-29
-14
7
0
-6
24
-61
41
2
-3
-3
0
-1
-1
-2
3
-2
-4
14
-37
139
-260
253
-239
266
-234
154
-79
30
1
-29
46
-63
81
-109
133
-105
51
-20
6
-1
-5
15
-28
19
-4
0
0
-1
0
0
0
0
0
0
-1
0
0
0
-1
1
-1
0
0
0
1
0
0
0
-1
0
0
0
0
0
1
0
0
0
0
0
-1
-1
-1
0
-2
0
-1
-1
3
-19
28
-16
4
-2
-6
19
-51
104
-133
108
-81
63
-47
29
-2
-31
78
-154
234
-269
239
-253
259
-140
36
-16
2
2
-4
0
-1
0
0
2
2
-4
-43
58
-25
2
0
1
-2
-4
-2
5
7
-3
-8
0
9
0
-14
-4
19
8
-33
-37
21
69
33
-48
-66
-9
40
23
-15
-17
6
13
7
5
2
-11
-20
-3
15
7
-10
-6
9
9
-8
-11
5
8
-4
-9
2
7
-3
-7
2
7
-2
-8
1
6
-1
-7
0
6
-1
-7
0
6
0
-7
-1
6
1
-6
-2
6
1
-7
-3
7
2
-8
-3
7
3
-9
-6
8
6
-9
-10
6
10
-9
-15
1
19
11
-3
-5
-7
-13
-7
16
14
-24
-41
9
67
47
-33
-70
-23
36
32
-8
-20
2
12
-2
-11
-2
7
0
-8
-7
0
3
0
-3
