-7
-7
-5
-3
-4
-1
-15
27
-46
37
-24
3
1
-11
3
-3
-2
-4
4
3
-9
13
-23
7
11
-9
0
-2
0
-2
-1
-5
8
-12
9
-3
4
-4
3
-3
2
-3
5
-2
2
1
-4
1
0
-1
-1
-3
2
-1
-2
-1
0
0
-1
0
-1
-1
0
-1
0
0
0
1
0
2
-1
1
1
0
-1
0
2
-2
0
0
1
2
-3
1
3
-2
4
-3
2
-3
3
-4
4
-3
10
-10
8
-4
0
-1
1
1
-1
-8
12
7
-21
15
-9
5
4
-4
-1
1
6
-8
3
6
-21
41
-45
31
-10
3
0
5
0
1
-10
-7
5
-11
3
-8
-2
-33
32
12
-26
3
-8
4
-7
8
-16
19
-18
-1
10
-20
20
-14
-1
9
-9
-1
3
-2
-3
2
-8
8
0
-2
-6
10
0
-6
6
-2
1
0
1
0
1
5
-5
-1
1
-2
2
-3
0
-3
0
-1
-1
-1
-1
-1
-1
-1
0
0
0
0
0
0
-1
-1
1
0
1
-2
2
-2
3
0
-4
5
1
0
1
0
0
-3
6
-6
-1
11
-5
-1
0
9
-8
3
-1
-1
3
-1
-8
10
1
-13
21
-18
12
0
-16
21
-15
11
-4
7
-4
6
-22
15
34
-30
1
-5
7
-3
10
0
-6
5
-56
43
-15
51
-59
70
-161
114
-63
35
-4
13
-17
-31
31
-35
37
-22
25
-30
12
-10
-1
1
4
-7
5
-6
-6
3
5
0
4
-18
16
-7
-4
10
-7
5
-3
0
2
5
-7
2
0
-4
3
-2
0
-2
2
-3
-1
-1
-1
-1
-1
0
-1
0
0
0
0
1
-1
0
-1
1
1
-1
2
-3
1
-1
3
-3
1
3
-7
6
2
0
-3
5
-7
11
-5
-6
16
-18
3
-1
5
5
-5
-4
6
-7
5
4
1
-8
14
-29
25
-20
39
-34
32
-26
-13
18
0
38
-60
117
-159
74
-56
55
-12
49
-50
12
-12
-19
62
-80
50
-71
-49
266
-221
25
-2
-3
-23
46
-53
73
-18
-129
133
12
-119
105
-3
-103
65
24
-27
13
-55
58
7
-45
47
-49
-19
110
-73
-16
32
-14
0
2
-10
23
-11
-15
23
-3
-10
8
-4
-3
2
-1
-1
-1
1
-1
0
-1
0
0
-1
0
1
-1
1
0
1
-1
-1
0
1
0
0
1
3
-2
-4
7
-9
-3
23
-14
-11
24
-9
2
0
-13
34
-15
-74
111
-19
-49
47
-45
7
58
-54
15
-26
23
67
-102
-1
107
-119
13
134
-128
-17
76
-51
51
-19
1
0
29
-219
271
-46
-67
53
-73
66
-11
-4
10
-71
65
105
-224
266
-684
649
-120
0
-40
15
-24
-24
68
-51
172
-277
101
-20
7
207
-307
155
-100
57
46
-72
96
-159
79
59
-117
147
-160
86
-8
5
-1
-3
5
-27
34
-17
16
-15
5
-4
2
-4
1
-1
-2
0
-1
0
-2
0
-1
0
0
0
-1
1
0
0
0
0
-1
-1
-1
0
-1
2
0
0
3
-4
3
-3
4
-14
16
-16
35
-26
5
-3
-1
6
-7
87
-159
146
-116
59
79
-158
96
-71
49
58
-98
157
-305
210
9
-20
103
-277
174
-50
71
-21
-20
19
-37
4
-116
651
-680
270
-220
108
72
-66
18
-13
-21
53
-68
92
-188
-82
681
-608
-11
171
-30
-81
84
-75
101
106
-468
351
-71
54
108
-394
259
64
-108
49
-59
9
133
-156
-13
119
-54
-68
71
4
-24
5
4
0
-14
23
-6
-7
-1
6
-3
0
-4
2
-1
-1
-2
1
-2
1
-1
0
-2
0
0
-1
-1
-1
0
-1
0
0
-1
0
0
2
-2
1
1
0
0
2
-3
1
-1
6
-2
-7
-6
22
-13
0
5
4
-23
4
72
-67
-54
119
-12
-156
135
11
-57
51
-107
65
261
-393
108
56
-70
352
-468
107
103
-71
87
-77
-29
176
-9
-606
684
-78
-185
96
-59
58
-11
-5
4
-48
38
-12
1
89
-298
241
67
-196
28
86
-33
3
-9
-104
139
-133
270
-267
286
-402
265
-175
114
-3
-11
79
-189
157
-107
85
-80
101
-57
14
-15
1
3
-1
18
-25
28
-22
5
1
1
-4
2
-2
0
-1
-2
-2
-1
0
-1
-1
1
-1
-1
-2
0
0
0
0
0
0
1
0
1
1
0
0
-1
0
2
-1
3
-3
2
2
6
-21
29
-25
17
-1
4
1
-15
15
-57
101
-78
85
-106
156
-189
79
-10
-2
115
-174
266
-401
288
-266
272
-132
141
-103
-5
6
-30
88
30
-192
70
242
-294
93
4
-10
46
-44
14
-9
-9
18
-10
-113
177
263
-904
542
205
-246
-74
207
-86
-52
15
212
-291
18
126
-83
76
-81
367
-643
286
8
-3
71
-70
78
-164
40
146
-128
5
45
-26
18
-7
-38
38
10
-4
-8
-15
21
-8
-1
0
-1
1
-2
0
-2
-2
0
1
0
-2
0
-1
-1
-2
0
-1
0
-1
0
-1
-1
0
0
-1
0
1
-1
2
0
0
0
-8
21
-16
-7
-2
11
37
-39
-7
21
-25
45
7
-127
147
40
-164
80
-69
72
-1
10
290
-642
371
-81
78
-81
127
20
-288
213
19
-49
-83
210
-70
-243
209
543
-900
267
182
-111
-3
24
0
-9
-9
14
-14
-33
33
-32
151
-19
-500
480
-189
171
-198
211
-209
442
-486
188
-167
124
-8
-51
287
-336
88
-19
123
-319
290
149
-352
174
-156
136
-41
34
-32
32
-28
50
-18
-132
173
-63
15
-7
-8
2
-3
2
-3
0
-3
0
-3
-1
-3
-1
-1
-1
-1
-1
-1
0
0
0
0
0
1
0
-1
1
0
1
-1
0
-1
3
-1
3
-8
-6
16
-62
172
-132
-17
50
-27
33
-32
34
-39
136
-157
174
-351
150
292
-318
124
-17
88
-335
288
-49
-7
125
-167
189
-486
443
-205
215
-195
174
-184
483
-497
-17
154
-28
36
-30
-7
19
-2
-9
3
-46
12
151
-231
-71
281
-285
505
-438
176
-170
-36
282
-67
-418
344
-10
59
27
-246
263
-714
806
-231
94
-109
-9
39
-9
-9
7
-40
4
57
-49
15
-5
-42
80
-93
182
-155
28
0
1
6
-6
-3
3
-2
1
-1
-2
0
1
-1
-1
-1
0
0
-2
0
0
1
-1
1
0
0
0
-1
2
-2
1
0
2
-1
3
-2
-5
8
1
-1
28
-154
182
-95
81
-43
-6
16
-49
57
4
-40
7
-7
-6
40
-9
-109
96
-229
808
-713
264
-245
28
62
-10
345
-417
-64
286
-34
-167
180
-435
509
-284
285
-67
-228
153
18
-41
12
-10
-16
31
-35
-10
10
-209
430
-205
-70
-7
236
-309
82
41
-42
35
-17
-83
107
-15
3
-280
941
-875
118
68
-145
331
-184
-37
49
20
-84
100
-92
49
34
-42
-52
88
38
-175
112
26
-46
15
-2
-1
-2
-1
-1
1
-2
1
-4
1
-2
-1
-1
-1
0
-1
-2
0
-1
0
0
-1
0
-1
-1
1
-1
1
-2
1
-1
-1
1
0
-1
15
-46
26
112
-175
41
86
-50
-41
35
49
-93
102
-83
20
50
-38
-183
332
-143
69
119
-875
944
-277
4
-14
107
-81
-17
36
-39
45
85
-305
238
-4
-68
-204
434
-204
15
-7
-27
35
-7
-6
-3
3
16
-158
211
-220
279
281
-1196
959
-461
399
-208
67
-449
1120
-754
-2
69
-18
83
171
-640
439
83
-143
-59
108
54
-182
74
1
28
35
-95
32
21
-60
143
-117
118
-154
43
20
-1
0
-4
3
-2
2
-2
-1
0
-1
-1
-1
-1
-1
-1
-1
-1
-1
-1
0
0
-1
-1
0
0
0
1
0
2
-2
2
0
-1
2
-2
4
-5
1
0
21
44
-154
119
-116
143
-61
21
32
-94
36
29
1
74
-181
55
110
-59
-142
84
441
-641
173
84
-17
70
-1
-753
1121
-446
70
-205
401
-458
961
-1189
282
283
-218
216
-155
24
8
5
-7
3
-44
-1
149
-171
-17
-8
-337
1018
-774
304
-178
-261
423
-270
253
-112
31
-71
-158
232
404
-941
563
-206
104
161
-268
171
-94
8
14
53
-101
77
-74
85
-1
-45
63
-123
86
-26
29
-8
-4
7
-8
-2
2
0
-3
0
-1
1
0
0
-1
-1
-1
-1
-1
-1
0
0
0
0
0
0
-1
1
1
-1
1
0
-1
2
2
-1
-7
6
-4
-9
29
-27
87
-126
64
-45
1
84
-73
78
-100
53
14
8
-93
173
-267
163
105
-205
565
-940
406
233
-157
-69
32
-110
254
-267
426
-257
-174
309
-770
1020
-335
-3
-12
-165
152
6
-38
10
-8
-10
11
5
-120
90
333
-549
-493
1455
-642
-364
270
76
-94
-301
387
58
-267
27
256
-211
-4
93
121
-371
232
-108
87
-2
-67
44
-1
19
-42
12
53
3
-236
264
-50
-39
1
44
-29
-5
5
-1
-1
1
-3
1
-1
-1
-2
2
-1
0
0
0
0
-1
-1
-1
-1
0
0
0
0
-1
-1
2
0
0
0
0
0
1
-1
2
0
-1
5
-5
-29
43
4
-41
-50
263
-236
2
53
13
-43
19
-1
46
-66
-2
88
-107
232
-368
122
95
-3
-209
257
29
-267
59
388
-298
-90
79
273
-360
-637
1454
-491
-545
337
94
-117
12
15
-2
-12
-23
32
-59
101
-151
433
-527
-473
1148
-483
-59
95
-154
132
-276
390
11
-367
331
-292
98
36
45
-56
11
38
-71
-20
122
-60
-37
19
48
-50
-23
26
18
-13
17
-35
17
-1
11
-6
-7
3
0
0
-4
3
-3
2
-2
0
1
-2
0
-1
0
0
0
-1
-1
0
-1
0
-1
0
-1
-1
2
-1
0
1
-1
2
-2
4
-3
1
0
4
-6
-7
11
1
17
-35
18
-12
19
26
-22
-50
48
19
-36
-59
123
-19
-69
40
13
-54
47
37
101
-291
332
-365
12
391
-273
135
-151
98
-56
-480
1150
-471
-522
438
-146
104
-51
37
-13
-8
-6
14
28
-128
191
-525
485
224
-411
86
57
-61
20
107
-334
281
-175
120
-33
-7
76
-191
93
180
-192
51
9
-6
-10
13
-31
6
4
2
24
43
-146
102
-64
76
-39
8
5
-6
4
-3
2
-3
1
-2
1
0
0
-2
1
-1
0
-1
-1
0
0
-1
0
0
0
-1
0
0
0
-1
1
0
2
-1
1
1
0
-2
2
-2
2
-2
3
-5
5
8
-37
76
-64
102
-146
43
24
2
4
6
-30
15
-10
-5
10
53
-191
181
95
-190
78
-7
-31
121
-175
282
-331
110
23
-59
60
89
-407
226
488
-520
194
-124
35
19
1
-9
11
-55
-4
75
-168
422
-432
64
35
173
-290
112
131
-159
93
-118
107
-96
42
48
-98
75
78
-123
29
-59
90
-62
37
-45
35
-7
9
-8
-18
70
-84
24
0
10
-7
2
4
2
-6
3
-1
-2
0
-2
0
-3
0
0
0
-1
-1
-1
-1
0
-1
-1
-2
0
-1
1
0
0
0
0
0
-1
0
1
0
-1
2
-2
1
-1
1
4
-5
2
4
3
-6
10
0
26
-83
71
-17
-8
10
-7
36
-44
39
-60
92
-58
30
-122
80
75
-98
49
43
-94
109
-117
97
-155
134
115
-285
175
38
66
-429
425
-165
78
4
-51
18
-10
22
-40
-16
35
-72
103
-72
-176
344
-195
19
33
12
-40
53
-185
141
24
-33
-10
-47
136
-150
105
-108
124
-115
47
-5
30
-39
9
-13
25
-2
-21
0
26
-24
11
11
-14
3
2
-3
3
-2
2
-2
0
1
-1
-2
-1
0
-2
-1
0
-1
-1
0
0
-1
-1
0
0
0
0
0
0
1
-1
0
1
-2
1
1
2
-3
3
-2
4
-3
2
2
-14
11
11
-23
27
-1
-20
-1
25
-13
9
-38
31
-4
49
-113
124
-108
106
-149
139
-45
-8
-32
25
143
-184
58
-36
15
36
24
-191
346
-173
-68
106
-68
38
-10
-35
29
-7
8
-39
14
-3
1
-16
-33
168
-173
11
89
-59
-46
11
-27
145
-147
56
2
-36
38
-51
40
-5
3
22
-56
37
-11
-15
12
0
3
-14
18
-23
39
-33
4
7
-4
4
1
-2
5
-2
0
0
-2
-2
0
-3
2
-2
-1
-1
-1
-1
-1
0
-1
-1
-1
0
0
0
0
1
0
0
0
0
1
-1
2
-2
1
-1
-1
1
0
-3
5
-2
-1
3
-3
7
3
-32
39
-23
17
-12
3
0
13
-14
-10
38
-55
23
2
-3
42
-49
40
-35
3
56
-145
146
-23
15
-44
-56
93
15
-169
170
-29
-13
5
1
22
-35
17
-12
-6
6
-23
21
-9
-9
-14
59
-87
1
34
14
-36
26
-69
102
-67
23
-33
32
18
-83
84
-12
-29
17
-17
-5
16
-5
3
-1
-12
12
-2
4
-22
16
13
-18
8
-3
1
5
-7
5
-6
2
-4
2
-1
-2
1
-1
-2
-1
0
-1
-1
0
-1
0
0
0
0
0
0
1
1
1
0
0
0
-1
1
-2
0
2
-3
3
-5
6
-7
6
2
-3
10
-18
14
15
-22
4
-2
13
-11
-1
3
-4
19
-4
-17
18
-28
-11
85
-82
20
33
-32
23
-67
103
-66
29
-34
18
37
5
-85
61
-11
-5
-5
24
-16
10
0
-9
-6
-2
-5
-17
22
-22
-2
-9
38
-32
-5
-17
45
-18
-20
10
3
-12
22
-32
-2
-4
46
-22
-22
4
5
4
-3
-12
13
-2
1
-7
7
2
-6
4
-6
7
-6
5
-2
3
-2
1
1
-1
-2
-2
0
0
1
-1
-1
-1
-1
-1
0
-1
0
0
-1
0
-1
-1
0
0
0
0
0
0
1
1
1
1
0
1
-1
0
1
2
-2
3
-3
6
-6
7
-5
5
-5
1
8
-8
1
-2
13
-11
-3
5
7
6
-20
-20
46
-3
0
-31
22
-11
5
11
-17
-16
48
-14
-3
-29
42
-7
0
-19
26
-14
3
2
2
-10
-3
-8
-11
29
-32
-22
62
-126
111
-20
-9
-31
52
-25
-30
-1
38
-26
4
3
-27
51
-50
19
-15
12
0
6
-11
4
-13
12
-9
5
-2
6
-9
8
-4
3
3
-3
2
0
0
-1
1
1
-1
0
-4
2
0
-2
-1
0
-1
-1
-1
-1
-1
-1
0
0
0
0
-1
0
0
0
0
1
-1
0
1
3
-4
1
0
2
0
-1
0
0
3
-3
1
4
-3
9
-9
6
-1
5
-8
12
-11
5
-10
8
1
14
-14
20
-48
53
-26
3
5
-24
40
0
-27
-23
55
-28
-3
-18
115
-124
65
-20
-27
33
-3
-4
5
-5
-9
-2
0
-30
22
14
-48
-6
71
-56
0
8
1
-6
-6
-17
24
-25
15
29
-48
13
29
-55
33
-21
21
-19
9
2
-10
8
-5
4
-6
10
-15
12
-11
8
2
-3
1
-1
0
0
0
-1
0
-3
0
-2
0
-1
0
-1
0
-2
-1
-1
-1
0
0
1
0
1
0
0
0
0
0
0
1
0
1
-2
2
-2
1
0
1
2
-1
-1
1
-3
2
8
-11
13
-14
11
-5
4
-4
8
-9
3
10
-19
23
-20
35
-54
31
14
-47
30
16
-24
25
-16
-3
-3
4
11
4
-55
74
-4
-44
17
26
-28
7
2
0
-10
-6
-3
-12
14
-3
-50
47
19
-59
20
3
1
-23
11
48
-111
61
15
-25
0
-11
41
-37
-13
49
-44
11
7
-14
19
-19
6
3
-4
2
-4
3
-3
1
2
-3
2
1
-1
1
0
1
-2
-1
0
0
0
-1
0
-1
-2
1
-1
0
-1
0
-1
0
-1
0
0
0
1
0
0
1
-1
2
1
0
0
2
0
-1
-1
0
1
2
-1
2
2
-2
2
1
-2
5
-4
4
-2
4
6
-19
20
-14
7
12
-43
51
-12
-34
43
-9
0
-24
17
61
-110
52
14
-21
3
7
23
-56
21
51
-47
0
17
-4
2
3
-11
-3
-6
-3
-11
-5
27
-29
6
5
-14
0
2
-8
-4
-19
51
-40
-24
45
-24
26
-23
-6
27
-32
11
10
-18
12
-5
-1
5
-9
9
-5
1
1
4
-7
8
-2
-1
3
-5
5
-1
-2
-1
1
-2
-2
1
-1
1
-1
0
-1
-1
-1
0
-2
-1
0
-1
1
-1
-1
0
0
0
-1
1
1
1
0
2
-1
-1
2
0
-1
0
5
-5
5
-1
-2
8
-7
4
-1
2
-3
8
-9
5
-2
-5
13
-18
11
11
-31
29
-5
-22
27
-24
45
-23
-40
52
-16
0
-5
4
2
-10
8
8
-25
29
-2
-8
4
0
5
-6
-6
-8
1
-4
1
-34
35
-32
28
-19
5
-2
13
-42
48
-42
5
11
-3
-13
25
-50
51
-27
1
7
2
-16
4
4
-1
-4
8
-5
-5
3
6
-2
-4
4
-2
2
-1
3
-4
1
3
-2
-1
0
-4
3
0
-1
0
-2
-1
0
0
-2
-1
0
-1
0
0
-1
0
0
0
0
0
-1
2
0
0
3
-2
1
0
-1
4
1
-3
4
-2
2
-2
4
-3
-3
5
3
-4
-5
9
-4
-1
5
4
-15
4
7
2
-26
52
-49
26
-12
-2
11
7
-41
52
-38
16
1
6
-16
32
-30
38
-31
6
-1
8
-4
2
-11
-5
-3
-5
-2
-5
10
-18
-10
26
-23
7
6
-16
-8
6
-1
12
-16
-4
9
-15
5
18
-19
0
1
2
-2
0
-6
4
3
-8
8
-5
5
-2
2
-4
2
0
-1
1
-1
1
0
1
-1
-1
-1
0
-2
1
-3
0
0
0
0
-1
-2
0
0
-1
-1
0
0
0
0
1
0
0
0
0
-1
3
-1
0
0
0
0
0
0
0
0
1
-1
1
3
-4
3
-3
5
-4
9
-8
3
4
-5
2
-1
2
2
0
-18
20
7
-15
10
-4
-14
13
0
9
-4
-13
10
10
-21
29
-8
-16
14
-2
1
3
1
3
-7
-7
1
-9
0
-4
-9
15
-15
-5
0
9
-6
-13
-9
5
22
-14
-15
7
-8
17
-24
19
-16
11
-9
5
-7
2
0
-4
0
1
-1
4
-8
4
1
-2
2
-1
-1
1
-4
4
-1
-1
1
-3
1
-1
0
-3
-1
-1
0
-1
-2
-1
0
-1
-1
0
0
0
0
0
0
1
0
-2
1
0
2
-1
1
0
1
-1
2
0
-1
4
-3
3
1
0
2
0
1
3
-6
5
0
2
0
-3
1
2
-6
7
-8
13
-15
20
-24
17
-8
10
-14
-12
23
9
-5
-11
-4
12
3
-2
-13
17
-6
-1
3
-2
4
2
-10
-3
-8
-2
-9
6
-19
11
8
-17
-6
7
-3
-15
3
24
-42
19
-13
19
-12
9
-22
18
-20
21
-11
-4
6
2
-14
9
-6
2
0
-2
3
-5
1
3
0
-3
3
-3
2
-1
0
3
-5
2
-1
-2
0
-1
-1
-1
-1
-1
-1
-1
-1
0
-1
0
0
0
0
0
1
1
0
0
0
1
-1
1
1
0
0
2
-4
3
0
-1
2
-1
3
-2
1
3
1
-4
4
-1
0
3
-6
11
-13
3
6
-3
-10
22
-18
19
-20
10
-12
21
-12
20
-41
27
6
-11
0
9
-2
-14
10
14
-16
9
-5
5
-4
5
-6
-4
-11
-4
5
-10
3
-5
-6
-6
8
-7
-4
0
6
-11
7
-15
8
-2
-1
-3
-4
3
8
-17
10
-8
3
-4
1
-1
0
-1
-1
2
-2
0
0
2
-3
2
1
-2
4
-2
-1
-1
1
-1
-1
0
-2
-1
0
-1
0
-1
0
0
0
-1
0
-1
-1
0
0
-1
0
0
1
-1
1
1
0
1
-2
1
-1
0
2
0
1
-2
4
-2
1
3
-2
3
1
1
-1
2
-1
0
0
-1
3
-2
3
-7
11
-15
9
4
-3
0
0
-1
8
-14
8
-7
9
3
-1
-3
11
-4
-5
0
6
-7
8
3
-6
4
-6
11
-30
-1
-12
12
-13
9
-7
8
-10
-3
-7
5
-1
-24
20
2
-23
13
0
-9
8
3
-17
20
-18
5
-1
-2
0
-3
2
1
-3
1
0
-1
-1
1
3
0
1
0
0
0
0
0
0
-1
0
-2
-1
1
-1
0
-2
0
-1
0
-1
-1
-1
2
0
1
-1
0
0
0
-1
2
-1
1
0
2
-1
-1
0
0
1
1
0
1
0
-1
0
0
3
2
-1
-2
0
3
-2
1
2
-4
2
0
-1
6
-16
21
-16
5
8
-7
0
15
-22
5
21
-20
2
9
-4
0
-7
11
-5
14
-9
16
-10
5
-25
19
-13
-6
6
5
-9
-14
-4
5
3
-6
-7
-2
2
-1
-3
-6
-5
-3
2
4
0
-6
-4
2
5
0
-5
-4
1
1
-1
-3
0
1
1
-1
-1
0
1
2
0
-1
-1
0
1
0
-1
-1
-1
-1
0
-1
-1
-1
-1
0
-1
0
-2
-1
-1
-1
-1
0
-1
0
0
0
0
0
0
0
-1
0
1
1
0
-1
0
1
0
-1
0
0
1
-1
-2
1
1
2
1
0
-1
1
1
2
0
-1
0
1
0
-3
-3
2
6
3
-3
-4
1
4
3
-2
-4
-3
-1
3
4
1
-4
-3
4
8
0
-10
-6
8
11
-1
