-9
-6
-4
-6
-2
-3
-3
-2
-2
-1
-2
-2
-2
-4
-2
-7
2
-2
19
-19
-5
18
-35
39
-31
10
-3
-1
1
-3
0
-2
0
0
-2
0
-1
0
-1
0
1
0
0
1
0
-1
-1
0
0
-1
-2
0
-1
0
-2
-1
0
-1
-1
-1
0
0
0
0
0
0
0
0
0
0
0
0
0
1
-1
1
-1
0
0
0
1
0
0
0
0
2
0
0
1
0
1
1
0
0
-1
1
0
-1
2
-1
2
-1
-2
12
-30
39
-32
19
-4
-19
20
-1
3
-5
1
1
0
0
1
2
0
2
1
1
1
2
0
2
-9
-5
-4
-5
-3
-2
-4
-2
-1
-2
-2
-1
-5
1
-8
1
9
-26
19
-1
21
-68
53
-10
-6
7
-11
3
-2
2
0
-1
-1
-1
2
0
-1
1
0
0
0
0
0
1
1
0
0
-1
-1
-1
0
-1
0
-1
-1
-1
0
-1
0
0
-1
-1
0
-1
0
0
0
-1
0
0
1
1
1
0
0
0
0
0
0
0
0
0
1
1
1
0
0
0
0
0
1
0
0
0
1
-1
-1
0
1
2
-1
5
-9
7
-5
-10
54
-66
23
0
18
-25
10
5
-4
2
-1
2
1
0
1
2
-2
3
-1
3
2
2
-9
-6
-3
-5
-2
-4
-3
-5
-2
-2
-3
-2
-4
-2
-3
-3
-4
-4
-11
92
-117
-12
60
-1
-38
35
-14
0
-6
11
-11
3
-3
1
-1
1
-1
0
-1
-1
0
1
0
0
1
0
-1
0
-1
0
-1
0
-1
0
-1
0
-1
-1
0
-1
0
-1
-1
0
0
0
-1
0
0
-1
0
-1
0
0
0
1
0
1
-1
0
0
0
0
1
0
2
1
0
0
0
0
0
-1
1
0
3
-3
4
-10
12
-5
2
-14
38
-37
0
62
-11
-116
94
-11
-4
-3
0
1
2
0
1
0
2
0
1
0
-1
1
1
1
3
-9
0
-16
13
-29
13
1
-11
2
-3
-3
-3
-3
-2
-15
19
-12
-24
38
23
-101
127
-59
-51
43
-4
-2
-2
-15
28
-26
6
-2
0
-1
3
-1
0
0
-1
1
0
1
1
0
-1
0
-1
-1
-1
-1
0
0
0
-1
1
-2
-1
0
-1
-1
-2
0
-1
0
0
0
-1
1
-1
0
0
-2
1
0
0
0
1
-1
2
0
1
1
0
0
1
0
1
1
0
0
0
0
2
0
0
-2
9
-25
30
-14
0
0
-3
44
-50
-57
129
-100
24
39
-23
-11
23
-11
2
1
1
0
1
4
-8
4
18
-26
21
-11
9
7
-32
38
-60
50
-48
52
-52
17
-4
-3
-3
-3
-4
0
-5
-5
15
-42
21
-22
103
-108
35
-10
6
-3
-9
21
-34
21
-9
4
-1
0
-2
1
0
0
-1
1
-1
2
0
1
0
0
1
-1
2
-2
-1
0
0
-2
0
-1
-1
-1
0
-1
-1
-2
0
0
-1
0
0
0
2
-1
0
0
0
-1
1
1
1
-2
3
0
0
0
0
1
0
1
-1
0
0
1
1
1
-1
2
-1
4
-9
21
-33
22
-6
-2
8
-9
38
-107
105
-21
21
-41
17
-4
-1
3
-1
0
1
-1
-1
20
-48
57
-44
54
-53
43
-24
-18
9
21
-45
-31
26
9
-17
7
-4
-6
1
-5
-2
4
-23
34
-44
48
-46
-18
63
-50
10
22
-19
0
0
-2
9
-12
4
0
0
0
-2
1
-1
1
-1
1
-1
0
1
0
0
1
0
-3
4
-8
6
-4
1
-1
-1
0
-1
-1
-1
0
-2
-1
0
1
0
-1
-1
1
1
-1
1
1
1
0
2
-4
7
-7
4
-2
1
2
0
0
2
0
-1
1
-1
0
-1
2
0
1
0
0
6
-11
9
-1
0
1
-18
24
11
-49
65
-16
-44
49
-43
35
-19
8
3
-2
3
-4
0
10
-12
13
30
-28
-37
25
17
-30
50
-119
105
-25
-48
25
-5
7
-12
3
-4
1
-6
-14
26
-35
17
-15
-7
12
24
-3
-11
-41
27
-5
-9
18
-10
-1
23
-20
-10
22
-16
-2
8
-3
3
-2
-1
2
0
1
-3
4
-10
18
-24
8
1
-3
3
-3
1
-1
-3
0
-3
2
-1
-2
0
0
0
-2
1
3
-1
2
-1
0
2
-2
3
-2
2
9
-22
19
-9
4
-2
2
1
1
-1
-2
3
-2
8
-3
-15
24
-9
-20
24
0
-9
18
-6
-5
28
-40
-11
-1
25
14
-6
-14
19
-34
29
-10
-4
4
0
5
-9
9
0
28
-43
-22
113
-114
58
24
-40
-74
44
120
58
-214
45
30
-3
-29
9
4
-61
-40
194
-57
-10
-107
-66
363
-170
-107
-23
103
-35
-52
79
1
-103
82
-79
64
38
11
-72
22
4
-1
0
2
1
-3
2
-1
-1
2
-22
8
62
-36
-31
11
4
-1
-1
0
-1
-2
2
-1
-1
-2
2
-1
1
-2
-1
0
3
-1
0
1
0
0
4
12
-31
-35
63
9
-22
1
0
-1
2
-2
1
2
0
0
4
22
-71
11
37
64
-77
84
-104
2
80
-50
-34
103
-21
-107
-169
365
-67
-106
-8
-56
197
-36
-58
7
13
-27
0
32
48
-210
62
122
50
-68
-33
58
-131
254
-422
236
167
-210
91
-70
34
-40
40
-27
72
-304
435
-220
-71
185
-360
536
-434
244
-121
3
50
-42
53
-102
166
-203
103
57
-139
72
4
-5
0
-1
1
0
0
0
2
-1
1
7
4
-32
-48
157
-110
23
-4
2
-2
-2
0
-2
-2
5
-5
0
-3
1
-2
1
-3
5
-1
-1
2
-1
-1
2
-3
24
-110
158
-48
-31
5
7
-1
0
1
0
1
0
0
-2
-1
-5
4
72
-137
57
105
-201
168
-101
54
-40
51
4
-119
247
-432
537
-360
185
-70
-219
437
-300
76
-23
43
-37
39
-68
95
-207
171
239
-414
259
-122
-20
39
-128
123
-186
265
-97
-78
34
35
-35
-1
-26
81
-252
419
-339
75
135
-266
362
-309
91
60
-110
76
8
14
-91
203
-355
233
-18
-75
107
-43
-4
-1
0
0
-7
12
-5
2
0
1
0
12
-44
24
28
-32
14
-3
-3
1
-1
-2
3
-7
3
0
-2
1
-2
1
-2
1
3
-5
3
-1
0
2
-3
-2
14
-31
29
23
-43
12
1
1
1
1
-6
12
-8
1
-1
0
-4
-43
108
-74
-18
235
-355
205
-91
15
10
78
-109
60
94
-309
362
-265
136
77
-338
423
-249
84
-23
3
-31
38
35
-75
-94
268
-183
130
-123
47
-79
68
-26
255
-558
333
-72
27
-36
6
4
-18
32
17
-94
40
51
28
-22
-12
-313
439
-278
216
-102
-57
23
-29
-65
175
28
-31
-99
39
28
-38
18
-12
5
0
-2
4
-2
2
-2
1
-6
3
32
7
-89
34
17
-9
4
1
-4
0
3
-5
-5
7
0
-2
2
-3
0
6
-3
-4
4
0
-4
2
5
-8
19
36
-88
9
33
1
-5
3
-2
3
-1
3
-2
1
6
-13
19
-37
29
40
-99
-30
29
176
-65
-28
24
-54
-101
219
-277
441
-314
-10
-22
30
52
44
-90
19
35
-16
7
10
-34
31
-67
336
-554
264
-23
76
23
-49
-58
283
-344
173
-89
50
3
-36
21
22
-47
42
56
-199
12
292
-86
-96
-331
369
-1
-42
-98
106
8
-176
131
91
-29
-75
27
8
-24
38
-39
16
-3
0
-1
1
0
0
1
-1
-7
10
-11
38
-34
-7
5
-2
4
-3
1
-2
0
-1
3
-4
-1
1
1
0
-1
-4
5
-1
2
-1
2
-2
5
-1
5
-5
-33
38
-10
9
-7
-1
2
2
-1
0
-1
2
-2
16
-38
39
-23
7
27
-74
-28
92
132
-174
9
107
-97
-41
0
370
-331
-94
-85
293
13
-196
60
45
-44
25
24
-33
4
54
-84
175
-341
291
-53
-41
51
-78
65
-321
451
-173
69
-86
38
-58
75
-74
2
-18
369
-629
334
-149
182
15
-185
54
54
0
-84
126
-77
-11
-99
252
-189
61
-4
20
-40
12
0
3
6
-5
3
-3
2
0
0
-1
-2
0
6
-24
29
-10
-9
10
-4
0
-2
-1
0
-1
-1
-1
0
-2
1
-1
0
1
-1
0
1
0
-1
1
-4
11
-7
-8
29
-22
7
0
-1
0
0
-1
3
-3
3
-5
5
2
0
14
-39
20
-4
62
-188
253
-99
-10
-76
128
-83
1
56
57
-184
16
183
-148
335
-625
373
-15
6
-70
76
-54
40
-82
73
-169
454
-312
69
-69
-38
24
143
-529
583
-237
-25
65
-19
-52
29
23
95
-322
330
-196
70
-100
184
-170
153
-75
-11
-51
81
1
-166
234
-90
-44
48
43
-100
25
19
-1
-10
17
-8
1
-3
3
-2
3
-2
1
2
2
-12
2
25
-33
14
0
-5
-1
0
-1
0
-1
0
-1
0
0
-1
0
0
1
0
0
1
0
1
1
-2
1
14
-33
25
4
-11
2
1
0
-1
3
-2
4
-3
1
-7
17
-9
-1
19
25
-100
42
48
-45
-90
235
-165
1
81
-50
-9
-74
154
-169
186
-100
71
-193
333
-319
98
26
32
-49
-17
69
-23
-233
585
-520
148
31
-63
59
-115
201
-168
12
17
-4
-24
24
-10
9
-26
41
9
-110
84
-65
73
-16
-5
-41
57
-2
-50
20
3
48
-78
13
18
-25
21
4
-10
10
-16
6
1
-2
-1
2
-1
1
1
-1
0
1
-4
9
-6
-5
3
-3
1
-2
0
0
0
-1
0
0
0
-1
0
-1
1
0
0
1
-1
0
0
-2
1
-2
4
-4
-5
9
-3
2
0
-1
2
1
-2
4
-1
-1
1
6
-16
11
-10
5
21
-24
19
14
-77
49
4
21
-48
-2
59
-40
-5
-16
74
-65
85
-108
11
43
-23
13
-8
28
-22
0
22
16
-164
209
-111
67
-30
6
10
46
-104
12
10
-1
3
3
-13
-11
32
-72
58
24
-65
23
-11
3
8
11
-14
-12
-1
17
-40
77
-96
67
-17
-13
9
-9
1
7
3
-8
1
1
0
1
1
1
0
1
1
-2
2
-1
-1
1
-1
-2
0
0
0
-1
0
-1
-1
0
-1
0
0
0
0
1
0
0
1
0
1
0
1
-2
0
2
-1
0
3
-2
1
1
1
1
1
1
0
1
2
-7
4
9
2
-9
9
-12
-16
67
-96
78
-38
18
0
-13
-13
13
9
4
-10
25
-64
28
62
-67
35
-8
-11
6
5
3
13
15
-101
53
15
15
29
-42
14
-49
56
-21
-2
7
-10
-9
4
0
-28
45
-66
79
-37
-8
-2
-4
4
8
-20
7
8
-22
28
-17
-6
5
-11
9
8
-15
6
-1
0
1
-1
1
0
1
1
-1
-1
1
0
1
-1
-4
1
-1
-2
0
-2
-1
-1
-1
-1
0
-1
-1
-1
-2
0
0
0
0
0
-1
0
0
0
1
0
1
-1
1
1
-3
0
1
0
0
-1
-1
1
0
-1
1
-1
0
1
-1
7
-15
8
10
-10
5
-6
-13
29
-20
9
9
-18
11
4
-3
0
-8
-36
82
-62
47
-24
3
7
-7
-8
12
2
-18
59
-41
20
-33
25
-47
38
-52
47
-32
2
2
-3
-9
4
-14
19
4
-39
11
-5
9
18
-30
9
-10
7
-2
6
-9
-11
27
-31
21
-4
-20
28
-24
10
1
-2
0
-1
-1
0
1
-1
0
0
1
-1
0
0
0
-2
-1
0
-1
0
0
-1
0
-1
-1
1
-1
1
-2
0
0
1
0
1
-2
0
0
-1
0
1
0
0
0
-1
1
1
0
0
0
0
1
-1
0
0
-1
-1
1
-1
3
12
-25
28
-20
-3
23
-30
29
-10
-7
7
-1
9
-8
10
-28
19
10
-4
14
-35
8
22
-8
7
-6
-1
4
5
-28
50
-43
43
-40
-11
3
-11
8
-29
1
6
-5
-1
-6
4
-3
4
-11
-12
7
3
-3
-2
10
-17
0
4
-4
6
-5
25
-66
64
-23
-16
18
-7
3
-4
3
0
-1
1
0
1
0
0
0
0
1
0
1
0
0
-1
-1
-1
-1
-1
-2
-1
-1
-1
-2
-1
-1
-1
-1
0
1
0
0
-1
-1
0
0
0
0
1
1
-1
0
-1
0
1
0
1
-1
0
1
0
1
1
0
1
0
0
3
-3
4
-7
20
-15
-23
65
-64
25
-4
6
-2
4
1
-16
12
-1
-3
4
11
-8
-8
7
-2
6
-3
2
-1
11
6
-26
15
-6
11
-26
20
-35
42
-47
-6
11
-1
-11
4
1
5
-43
40
-22
13
-18
6
5
-18
6
8
-3
-7
2
-2
-2
9
-11
-10
28
-32
13
-1
-1
-1
1
0
-1
0
-1
1
1
1
0
0
0
-1
-1
-1
0
0
-1
-1
-1
-1
-2
0
0
-1
0
0
-1
-1
0
0
-1
0
0
-1
0
0
-1
0
0
1
-1
0
1
1
0
1
0
0
0
1
1
1
0
1
-1
0
1
-1
0
-1
13
-31
29
-9
-10
11
0
-3
3
-4
-1
8
7
-17
7
8
-17
17
-19
44
-40
7
4
5
-9
1
15
-1
-44
49
-31
28
-1
-16
7
-26
34
-24
-1
-8
8
-5
-2
-4
6
-9
-1
-9
9
-9
16
-39
30
-7
0
-3
6
-15
17
2
-19
1
-2
3
0
1
-1
0
0
-1
1
0
0
1
0
1
0
1
0
0
-1
-1
0
-2
0
-1
0
-1
-1
-2
-1
-1
-1
-1
0
-2
0
1
0
0
0
0
0
0
-1
0
1
0
1
0
1
-1
0
0
0
1
0
1
0
1
1
1
1
1
0
-1
0
2
0
4
0
1
-18
2
19
-14
7
-2
2
-6
30
-38
16
-8
10
-5
3
-7
9
0
1
-1
10
-5
3
-21
37
-20
12
-8
10
-34
30
-39
26
-15
1
-6
3
-6
-2
-5
10
-16
21
-45
23
-4
7
-9
3
0
-8
0
1
-1
-6
11
-4
-9
5
-2
-2
2
-1
-1
0
-1
0
1
0
0
1
2
-1
0
-1
1
-1
0
-2
0
0
0
0
-1
-1
-1
0
-2
-1
-1
-1
0
-1
-1
0
0
0
0
0
0
0
0
1
0
1
1
-1
1
0
2
0
0
0
1
0
1
0
-1
0
-1
1
-1
0
3
-2
0
6
-9
-4
11
-6
0
2
2
-6
1
4
-8
8
-4
24
-42
24
-13
14
-2
1
-3
4
-2
3
-10
29
-32
35
-27
-9
-4
-12
10
-12
-3
-3
-2
0
-2
-3
-2
-2
-1
4
-16
2
5
-11
14
-17
5
-1
0
-3
1
-1
-12
17
-12
1
-1
0
0
0
0
0
-1
0
1
0
1
1
0
0
0
-1
1
-1
-1
-1
-1
0
0
-1
-1
0
-1
-1
0
-1
0
-1
0
-1
0
0
0
-1
1
-1
0
0
1
0
0
1
0
0
-1
0
0
0
0
1
0
1
0
0
0
-1
1
0
0
0
0
0
-1
3
-10
17
-10
2
2
-3
2
0
7
-16
14
-11
7
3
-12
7
2
2
2
1
1
1
2
0
1
-8
17
-8
4
-16
5
-11
2
-15
5
-5
-5
2
-3
-1
2
-20
12
-2
-6
0
0
-3
12
-26
15
-6
1
-3
1
-1
-2
3
-2
-2
1
-1
0
-1
1
0
-1
-1
0
0
0
-1
1
-1
1
0
1
-1
-1
0
-1
-2
0
-1
1
-1
-2
0
-1
0
-1
-1
0
-1
1
0
0
0
-1
0
1
0
2
0
1
-1
-1
1
1
0
1
0
1
-1
1
-1
0
0
1
-1
1
-1
2
0
0
-1
1
-1
-1
3
-1
0
1
-2
2
-5
18
-25
16
-3
2
1
-3
1
16
-17
5
1
-1
4
-2
-2
10
-12
9
-7
13
-6
-7
-9
-1
1
-3
-6
-1
-2
-2
-2
-4
10
-19
13
-16
6
-8
5
0
5
-10
3
0
-3
-1
0
1
-5
6
-5
-1
1
-1
0
0
0
1
0
0
0
1
1
0
-1
0
0
-1
0
-1
-1
-1
-1
-1
-1
-1
-1
1
-1
0
0
0
-1
0
-1
1
0
0
0
-1
0
-1
0
1
0
1
0
0
0
0
1
0
2
0
0
0
1
0
0
0
0
0
1
0
1
0
1
1
-5
7
-4
2
1
0
-2
1
4
-10
6
2
6
-7
7
-12
15
-17
13
-3
1
1
-1
3
-3
1
3
6
-3
1
-3
-17
12
-11
-12
5
-2
-3
0
-2
-1
-2
-4
-1
-4
2
-3
0
-10
6
4
-6
-2
1
-4
0
1
-4
-1
3
-5
0
0
-1
0
1
-1
-1
0
-1
0
0
0
0
0
0
0
0
0
0
0
-1
-1
0
0
-1
-1
0
0
-1
-1
0
0
-2
0
0
1
0
0
1
0
0
0
0
1
0
0
-1
0
1
1
0
0
1
0
1
1
-1
1
0
1
0
1
1
1
0
0
0
-3
5
0
-4
2
1
-3
2
0
-5
6
6
-9
2
-2
5
0
2
-1
1
0
1
2
-1
1
7
-10
-2
16
-8
-8
-5
-4
-7
-2
-3
-3
-1
-1
-3
-2
-4
0
-5
-2
2
-6
1
-5
6
-1
-4
-1
1
-3
0
-1
0
-4
3
-1
-2
-1
0
0
0
0
0
-1
0
0
0
1
0
0
1
-1
0
-1
0
-1
-2
-1
-1
-1
0
-1
0
-1
-1
-1
-1
0
-1
0
0
0
0
0
0
-1
1
-1
1
-1
1
0
0
0
0
0
1
0
2
0
0
0
0
0
1
0
0
1
1
0
0
-1
-1
0
4
-4
2
-1
1
-2
2
0
-2
1
8
-5
2
-5
6
0
-3
5
0
1
1
1
0
2
-1
1
1
1
3
-12
-1
-9
-7
2
-3
-3
-2
-1
-2
-1
-1
-5
1
-5
3
-3
-4
-1
2
-3
0
-2
0
-2
0
-1
1
-3
0
-2
-1
0
-1
1
0
-1
1
0
-2
0
1
0
0
-1
1
-1
1
-1
0
-1
-1
-1
-1
1
0
0
-1
-1
0
0
-1
-1
0
1
0
0
-1
0
0
0
-1
0
0
0
1
0
1
0
0
0
1
-1
1
0
1
0
0
-1
1
0
1
-1
1
2
-1
0
0
-1
1
-2
2
-1
1
-1
0
-1
1
-3
2
1
-1
-3
6
-2
3
-2
0
1
1
0
1
-1
0
5
0
-4
7
-9
-3
-8
2
-7
-2
-2
-2
-1
-1
-1
-2
0
-6
-2
-1
-2
-2
-2
0
-1
0
-2
-1
0
-1
-1
-1
-2
0
-1
-1
0
-1
1
-1
1
0
0
-1
0
-1
0
1
0
0
0
-1
0
-1
0
-1
-1
0
-1
0
-1
-1
-1
0
0
-1
-1
-1
0
0
0
-1
1
0
0
0
0
0
0
0
0
0
0
0
1
-1
0
1
0
2
0
0
0
0
1
0
0
0
1
1
0
-1
0
1
-1
0
0
0
1
0
0
1
0
2
-1
-1
-2
3
2
-3
3
0
0
0
1
-1
1
1
-4
8
-2
5
-8
-7
-2
-4
-3
-2
-3
-3
-1
-2
-1
-2
-2
-3
-2
-4
0
0
-2
-1
2
-2
-1
-1
-1
-1
-2
0
0
-2
0
-3
1
0
-1
0
-1
0
0
0
-1
1
0
0
0
0
0
-1
0
-1
-1
-2
0
0
0
-1
-1
-1
-1
-1
1
0
-1
-1
0
-1
-1
0
0
0
-1
0
0
0
0
0
0
-1
0
0
1
0
0
0
0
1
-1
1
0
0
0
0
0
1
0
0
1
-2
2
-1
0
0
-1
1
-1
0
1
0
3
0
-1
1
1
-1
0
1
0
1
1
1
-1
1
0
1
-1
3
3
1
-4
-9
1
-4
-6
0
-4
-3
-1
-3
-2
-1
-3
-2
-2
-6
2
-2
0
-2
2
-2
0
-1
-1
0
0
-1
1
-2
0
-1
0
-1
0
0
0
1
0
0
0
-1
0
-1
1
-1
0
0
-1
-1
0
0
-1
-1
1
-1
-1
-1
0
-1
-2
0
-2
0
-1
-1
0
-1
-1
0
-1
0
-1
0
0
1
0
0
0
0
0
0
0
-1
1
1
0
-1
0
0
0
0
1
0
0
0
0
-1
0
-2
2
-1
2
0
0
0
0
0
3
-1
1
-1
3
-3
1
2
0
2
1
-1
0
0
-1
3
-3
2
3
-1
-5
-5
-2
-1
-1
-4
-3
-3
-1
-2
-4
-1
-1
-3
-5
-3
2
-1
-5
-4
0
4
1
-3
-3
1
0
-2
-2
-1
1
0
-1
0
1
0
0
-1
0
0
0
1
0
0
0
1
1
-1
-1
-1
0
-1
-1
-1
-1
-1
-1
-1
-1
-1
-1
1
0
-1
-1
0
1
0
-1
0
0
1
-1
-1
1
1
0
0
0
0
0
0
1
2
1
1
-1
0
0
0
0
1
1
1
1
0
-1
0
2
0
-2
-1
1
-1
-1
-2
1
4
1
-3
-3
0
3
0
-1
1
2
1
-1
1
1
1
0
0
2
2
2
1
