0
0
0
-5
6
-1
-3
-1
4
-1
-5
8
-1
-21
16
17
-5
-21
2
27
0
-23
-13
-11
29
-32
88
-116
82
-35
69
-79
18
-24
21
5
-7
-10
10
1
15
-17
-3
-13
2
23
-5
-6
-2
0
0
-3
4
4
-4
-2
-4
-11
-3
13
7
3
-1
-2
0
2
1
-3
-7
-13
3
10
3
2
3
-4
-4
3
0
-1
2
4
4
-24
-2
12
2
16
-16
-3
-10
8
8
-8
-22
23
-18
77
-70
34
-82
115
-89
30
-30
11
13
22
-1
-28
-2
20
5
-19
-17
21
0
-10
3
-1
-4
0
3
0
-7
3
0
-6
0
0
-1
4
-5
-14
25
-5
-11
-2
3
2
3
4
12
-58
17
17
-5
41
22
-78
11
-38
45
16
23
-7
-32
-62
-4
48
32
15
-44
10
-13
41
-23
39
-47
-44
30
37
-8
4
-22
55
-35
-5
-67
-35
12
168
-123
223
-231
-1
-16
76
-10
29
-46
-11
0
10
45
-30
10
-77
15
0
230
-225
122
-169
-13
35
67
5
35
-56
21
-5
7
-39
-29
43
46
-39
22
-42
13
-11
43
-16
-32
-48
3
61
32
8
-24
-17
-46
38
-10
77
-22
-43
4
-18
-17
57
-13
-4
-4
-4
-5
0
9
4
-26
12
3
-8
0
-4
0
-4
2
-3
6
-18
14
27
-39
18
-11
4
-2
59
-48
-60
60
-42
34
11
-8
-14
-23
76
-69
-12
56
6
-6
73
-186
61
48
-21
-7
-41
102
-37
-54
46
33
-14
-38
-17
10
2
60
-68
20
2
-1
-32
30
18
-2
-1
0
-10
-3
-2
-12
8
3
8
0
-9
-2
-10
11
2
2
9
-1
1
2
-19
-31
31
0
-2
-20
68
-60
-4
-10
17
37
14
-34
-47
53
36
-103
39
6
22
-49
-63
186
-73
5
-6
-57
11
68
-77
23
13
8
-11
-35
41
-60
59
47
-61
0
-5
9
-20
38
-27
-15
17
-8
0
-3
-1
0
-2
4
-11
6
-12
49
-75
45
-5
-15
16
-13
-24
14
172
-180
-30
54
-28
-5
37
-17
77
-131
77
-23
48
-17
-106
136
-48
16
-17
-30
29
22
-14
1
-74
119
2
-150
89
66
-71
-32
65
25
-63
-15
11
53
-5
-104
108
-4
-71
14
53
-9
-53
20
27
0
-27
-21
53
9
-55
-15
71
2
-109
105
4
-53
-13
14
61
-25
-66
31
70
-67
-88
149
-2
-120
74
-1
13
-22
-30
29
17
-16
48
-136
106
17
-46
23
-76
130
-77
17
-38
4
28
-54
30
180
-174
-16
23
12
-19
13
2
-46
73
-51
10
-6
8
-6
-2
0
-3
1
-1
14
-28
48
-21
-48
40
1
24
-64
80
-25
-127
99
-9
56
-27
-32
58
-88
22
102
-91
-9
37
-9
-2
3
-6
2
10
1
-9
-3
8
-6
-5
3
6
1
-7
2
-2
2
13
-31
16
9
-36
47
-41
38
-33
12
10
-15
-6
19
-8
-7
3
0
-4
6
6
-19
6
13
-12
-12
32
-39
42
-47
34
-10
-17
30
-14
-3
1
-3
6
-2
-6
-3
4
3
-8
2
8
-2
-10
-2
5
-3
3
10
-36
8
92
-103
-21
87
-59
32
27
-56
8
-100
126
24
-82
63
-27
-2
-41
48
20
-49
28
-15
-2
-3
-2
0
-3
3
-10
16
-12
64
-141
122
-68
42
30
-49
-430
792
-176
-417
310
-91
11
-5
33
-62
82
-49
-34
47
-36
38
-44
66
-56
31
-24
33
-19
-10
9
-5
-5
39
-63
42
-8
-2
3
-9
7
20
-50
38
1
-23
9
18
-23
-10
30
-11
-10
6
0
5
-11
0
10
-4
1
-7
9
9
-31
9
22
-18
-10
23
0
-41
51
-21
-8
8
-3
1
6
-42
62
-40
4
6
-11
10
17
-32
24
-31
57
-66
43
-38
33
-47
35
47
-84
61
-32
5
-13
90
-311
416
175
-794
429
47
-32
-43
67
-123
139
-65
11
-18
8
-4
-2
0
-1
1
-12
7
-8
105
-87
-76
80
-4
-41
273
-348
-221
435
-136
73
-12
-54
85
-212
209
-75
-8
32
26
-46
-4
44
-64
53
-23
7
-9
19
-19
3
-1
9
-14
1
7
-4
0
6
-6
-8
31
-25
-14
37
-50
55
-47
28
-10
-7
12
-16
10
4
-2
-4
0
3
1
-4
-11
16
-13
6
10
-29
47
-56
48
-38
14
23
-31
7
5
-6
0
4
-7
-3
13
-9
0
-4
18
-19
7
-7
22
-54
65
-44
3
45
-25
-31
8
73
-210
212
-86
55
11
-73
136
-437
219
346
-275
40
3
-82
75
86
-107
7
-9
9
-3
-3
0
-2
4
-18
21
2
-78
129
-93
62
-51
-28
-6
8
304
-335
111
-117
174
-84
-142
65
297
-314
130
-74
37
-8
-10
23
-29
31
-13
0
-4
1
-5
11
-12
9
-2
-13
10
-2
-3
-1
3
4
-15
10
0
-2
-18
21
5
-32
20
13
-21
12
-18
12
6
-9
0
9
-5
-14
18
-12
19
-15
-21
32
-5
-23
17
2
0
-11
15
-4
-4
-1
2
0
-11
10
0
-12
12
-11
4
-3
3
0
12
-31
28
-23
10
7
-37
75
-131
314
-298
-66
142
82
-175
117
-111
334
-305
-8
6
27
50
-62
92
-131
78
-5
-22
16
-5
-2
0
2
-1
-13
3
-11
-90
285
-189
7
-30
47
-106
325
-458
444
-299
38
58
-20
97
-72
-138
133
16
-53
24
0
-16
32
-39
36
-12
-3
-11
14
-2
-2
-3
-4
13
-11
4
-3
7
-9
-2
16
-16
-4
10
-7
7
-18
8
16
-2
-8
-9
2
8
-6
6
-8
0
7
-7
6
-8
-3
8
6
2
-17
-8
18
-7
4
-10
2
15
-16
1
8
-8
2
-5
11
-14
4
3
2
1
-14
9
4
11
-36
39
-32
16
2
-24
52
-17
-134
138
71
-97
19
-58
-38
298
-445
458
-326
105
-47
28
-8
188
-286
90
11
-4
9
0
-7
0
-3
-1
0
-3
18
-89
81
20
4
-46
50
-137
206
-87
-139
181
-66
-51
78
-40
89
-69
-61
49
-32
76
-42
-12
25
-20
17
-13
10
-11
12
-12
14
-12
-2
10
-3
-1
-2
3
-1
-5
7
-5
5
-8
4
3
-10
16
-28
36
-20
-1
3
-3
5
-3
-1
0
1
2
-6
3
-3
-1
20
-36
27
-17
10
-4
-5
7
-6
5
-8
5
1
-4
2
2
1
-10
2
11
-15
11
-10
8
-9
12
-19
20
-25
11
40
-76
32
-50
60
69
-90
41
-79
50
64
-181
137
86
-207
134
-53
43
-4
-21
-82
87
-19
1
-2
0
-1
0
-24
32
10
-32
7
-8
10
86
-185
132
34
-39
-357
491
-55
-7
-282
198
45
-158
204
-203
165
-51
-74
91
4
-87
52
13
-14
4
-6
3
-3
1
-1
1
4
-4
-3
7
-6
8
-5
7
-37
53
-36
17
-14
11
-13
6
16
-18
2
0
1
-1
1
-2
2
0
-2
1
-1
1
-2
1
-3
16
-15
-6
12
-12
12
-18
36
-54
36
-8
4
-9
6
-9
2
4
-5
-1
2
-1
2
-3
6
-5
14
-12
-52
87
-4
-92
75
50
-165
204
-204
158
-44
-198
282
6
54
-492
355
38
-37
-133
184
-86
-10
6
-8
31
-12
-32
20
0
124
0
-254
320
-53
-288
406
-349
149
17
-216
436
-351
283
-222
3
24
-5
35
-170
87
400
-420
130
-38
-94
207
-246
139
67
-93
29
-10
-2
3
2
-8
4
-4
4
5
-6
2
-1
-11
6
23
-33
9
13
-18
13
-9
-1
8
-1
-4
0
-2
2
-2
0
-1
0
0
-1
3
-3
3
-2
2
1
-8
1
7
-14
18
-14
-10
32
-24
-7
11
-1
-4
6
-6
-4
3
-3
9
-3
-4
2
8
-29
92
-68
-139
246
-208
95
37
-131
421
-401
-87
171
-35
5
-25
-4
222
-285
350
-437
213
-18
-151
348
-406
286
53
-322
250
-2
-129
0
9
211
-505
535
46
-334
40
31
-119
294
-395
238
162
-378
487
-487
324
-171
57
2
-1
-116
175
-111
140
-151
-6
157
-64
-110
114
-32
-4
1
-9
12
-7
6
-9
9
-8
4
1
-10
7
3
-1
-29
35
-9
0
-5
0
6
-2
-9
10
-1
-1
-2
2
-2
0
0
-1
0
-2
1
2
2
-10
8
3
-7
-1
5
-1
8
-35
29
0
-4
-7
9
-4
-4
7
-11
9
-7
6
-12
8
-3
3
32
-114
109
64
-158
5
151
-140
111
-176
116
-1
-3
-57
169
-324
487
-488
377
-164
-239
394
-294
117
-31
-40
333
-47
-536
500
-210
-14
0
-20
228
-386
257
477
-584
-282
380
-139
183
-398
396
636
-1067
444
-240
151
46
-97
171
-419
398
17
-142
54
11
-104
-56
204
-56
-47
26
-7
-6
8
-4
1
-4
0
4
-3
-3
-1
1
-3
2
7
-15
10
-2
-3
2
-2
-1
4
-4
-2
1
-2
-1
0
-1
0
0
-1
0
-1
0
2
-2
2
3
-6
0
2
-3
2
3
-10
14
-8
-2
2
-1
-1
3
1
-5
0
3
-2
3
-9
5
6
-26
47
56
-206
55
103
-10
-54
141
-17
-399
419
-172
97
-47
-151
239
-445
1066
-637
-397
398
-186
137
-381
281
583
-478
-258
384
-229
15
0
-65
299
-422
150
732
-755
-406
661
-171
1
7
-331
708
-298
-294
288
-139
21
119
-170
381
-428
39
127
-40
-56
142
-28
-79
24
8
0
-3
5
-5
2
0
-6
2
25
-38
27
-20
11
0
-4
-1
2
-2
2
-4
1
-1
0
-6
19
-19
8
-4
0
0
-1
0
0
-1
0
0
0
2
-9
18
-20
6
0
0
-2
1
-3
1
-3
0
3
0
-11
21
-30
37
-25
-2
5
-1
-2
5
-5
2
-1
-8
-24
79
29
-144
56
40
-128
-38
428
-383
170
-118
-23
138
-289
292
297
-709
329
-9
-4
168
-661
406
754
-733
-152
417
-300
62
0
-173
430
-257
-181
75
87
268
-344
295
-421
130
228
70
-359
192
-79
-23
49
-16
207
-116
-226
56
197
-158
47
216
-379
202
2
-26
-15
11
6
-5
2
-11
61
-105
83
-40
12
-2
-2
0
1
0
-1
0
-1
0
1
4
-18
15
0
-6
2
0
0
-1
-1
-1
0
0
-1
-1
-2
0
-2
4
0
-16
18
-5
-1
-1
-1
-1
1
-1
-1
-1
1
0
-12
39
-84
106
-62
10
-3
5
-6
-11
15
25
-2
-202
379
-218
-48
156
-197
-55
226
116
-208
16
-50
23
79
-194
358
-72
-229
-131
417
-297
343
-269
-88
-76
180
255
-432
167
0
-241
389
159
-310
-599
881
-377
176
-113
-23
317
-701
489
30
-46
-80
-19
-9
237
-94
-306
213
44
19
-41
18
-173
221
-154
67
41
-43
22
-23
5
1
-17
81
-121
69
-7
-5
1
-5
11
-18
24
-20
8
-7
6
-5
10
-28
36
-30
16
-8
4
-4
-1
0
-1
0
0
-1
0
4
-6
6
-17
29
-37
27
-11
4
-6
5
-9
20
-25
18
-11
4
-2
6
7
-69
121
-83
16
-2
-6
22
-22
43
-41
-68
155
-221
170
-19
41
-19
-46
-214
305
94
-238
9
18
80
46
-31
-489
698
-318
21
110
-177
376
-883
599
308
-162
-390
236
0
-132
169
-244
220
428
-922
805
-387
-142
125
361
-414
15
110
69
-165
39
171
-202
44
110
-215
163
48
-89
-70
288
-383
149
38
1
-50
54
-20
-3
2
-13
42
-78
55
2
-18
4
0
-1
-8
9
-4
0
1
1
-1
-1
0
6
-8
3
1
-1
-1
1
1
-1
0
1
-1
0
1
0
-2
-5
7
-6
0
0
2
-1
-1
0
4
-9
7
-1
-1
-3
15
-3
-56
75
-43
12
-5
3
19
-55
50
0
-38
-150
384
-289
71
88
-49
-165
214
-112
-44
201
-172
-39
165
-69
-111
-17
412
-361
-127
140
386
-805
920
-429
-220
241
-170
128
0
45
-121
121
-200
258
-61
-60
62
-40
-21
11
-54
85
8
-71
55
-28
9
5
-67
141
-141
66
2
-49
143
-148
27
17
-1
3
-5
1
4
-3
-1
2
-12
18
-11
6
-7
1
3
-2
-1
0
-1
1
-1
0
-2
2
0
-1
-2
-2
3
-1
-1
-2
0
0
0
0
-1
-1
0
0
-2
0
0
1
-1
-2
2
-1
1
-2
0
-1
0
0
-4
-1
7
-5
9
-19
10
-4
0
2
-5
-2
4
-3
0
-16
-28
150
-144
48
-3
-66
141
-141
67
-5
-10
28
-56
69
-9
-87
53
-13
20
38
-63
58
60
-260
198
-124
120
-48
0
-39
-26
145
-211
122
-45
41
-29
0
-16
59
-45
-11
60
-32
-25
-3
22
10
-26
11
4
-10
4
0
6
0
-15
3
7
-1
9
-4
-7
4
-1
0
-4
1
4
-3
0
2
-4
0
-1
-1
4
-3
-2
1
-2
5
-5
-1
4
-3
1
-1
1
0
-1
0
0
-1
0
0
-1
1
-1
2
-5
1
5
-6
2
-1
1
2
-5
1
-1
-1
3
-3
-1
2
-5
0
4
0
1
-5
7
3
-10
1
-7
-4
15
1
-7
-1
-5
9
-6
-12
26
-10
-22
2
24
31
-62
10
43
-61
14
-2
29
-42
44
-123
211
-146
25
35
0
-7
5
83
-120
-30
71
3
-12
-14
51
-72
27
9
1
4
-14
18
-16
-21
61
-64
25
-7
18
-23
19
9
-26
23
-1
-15
8
5
-11
5
-1
-3
0
-1
5
-1
-1
-3
2
5
-5
-1
1
0
-3
1
0
-4
4
-2
3
-3
0
0
0
-1
1
-2
0
2
-3
0
0
0
-2
2
-4
3
-5
2
0
-2
2
-2
-1
0
5
-6
-2
1
-1
1
-5
0
-1
2
-1
-7
12
-7
-9
15
1
-22
26
-9
-19
23
-18
7
-25
64
-61
21
16
-19
14
-4
-3
-11
-29
69
-53
12
12
-4
-73
29
119
-85
-7
3
0
-30
39
19
-83
39
27
-26
1
22
-32
20
-16
47
-85
60
-16
4
9
-47
96
-81
-1
21
-12
17
-17
18
-11
14
-14
-2
11
-10
2
1
-4
6
-2
-6
0
-2
-1
10
-11
3
-2
4
-3
6
-8
3
3
-3
-1
2
-5
4
-2
-1
1
-2
1
-2
0
1
-2
1
-2
0
2
-5
3
-3
2
3
-3
-3
8
-7
3
-5
2
-2
10
-11
0
0
-1
5
1
-8
3
-2
-4
10
-11
3
13
-16
11
-18
18
-17
10
-21
-1
81
-97
47
-10
-6
16
-62
84
-48
16
-20
30
-23
-1
26
-29
-39
81
-21
-40
25
0
38
-49
19
-12
-18
30
19
-28
2
-38
91
-87
60
-45
17
-11
3
9
-2
-9
28
-36
7
20
-28
35
-20
-2
-2
9
0
-13
12
-10
10
-4
2
-5
4
-4
0
9
-23
14
2
-5
4
-3
-9
9
-3
-3
4
-7
5
-2
-2
0
0
0
-1
-1
0
0
-1
0
1
0
-1
-1
1
1
-6
5
-5
2
3
-11
7
2
-6
4
-3
-15
22
-10
-2
3
-4
4
-1
3
-10
9
-13
13
1
-11
1
2
21
-35
27
-20
-7
36
-30
10
2
-9
-4
10
-17
43
-62
84
-91
35
-4
27
-19
-31
17
10
-22
47
-42
0
28
-63
68
-32
-8
31
-32
5
-25
47
-21
33
-83
72
-24
-8
-3
9
17
-16
-21
35
-26
15
-6
-1
6
5
-11
-1
1
0
1
-8
12
-9
1
4
-9
7
-1
-5
0
0
4
-6
7
-6
3
-1
-7
8
-2
-6
3
0
-2
1
0
0
-1
1
-1
0
0
-2
1
-1
0
-2
0
-1
-4
5
2
-9
6
0
-4
6
-7
5
-5
-3
-2
4
0
-8
9
-4
0
8
-13
5
-1
0
-3
1
10
-6
-6
0
7
-16
27
-36
21
16
-17
-11
1
8
23
-73
81
-35
19
-49
24
-6
32
-32
7
30
-71
61
-32
0
-19
40
-35
-6
31
-18
4
-10
16
-19
17
-8
-1
-20
25
-5
8
-10
-6
18
-12
6
5
-20
18
-6
-8
13
-4
-2
1
-1
1
-1
-1
-1
9
-10
1
0
1
6
-14
13
-2
-2
-3
3
-4
5
-5
2
-2
0
-4
2
2
-4
3
1
-3
0
-1
0
0
-1
2
-1
-3
3
-2
-3
2
-1
-1
-2
3
-6
3
-3
2
2
2
-13
14
-6
-1
-1
-1
10
-9
1
0
0
-2
0
-1
1
3
-12
8
7
-18
19
-6
-7
12
-18
5
11
-9
5
-26
18
-1
7
-17
17
-18
8
-6
17
-31
4
32
-40
15
0
-2
-4
23
-91
99
-18
-18
11
-19
35
-41
26
-27
13
5
-7
11
-20
13
-6
13
-15
12
-17
20
-17
14
-7
-5
8
-2
0
0
-8
13
-2
-6
4
-7
7
2
-3
0
0
0
-4
5
-3
-1
5
-3
-1
-4
4
-4
2
-1
0
-1
1
-2
-1
0
0
-1
0
0
0
0
-2
0
-3
4
-5
5
0
4
-6
1
2
-6
4
-1
-1
-1
2
-2
-7
7
-3
5
1
-13
8
-2
-1
3
-9
5
7
-15
18
-19
16
-12
15
-13
7
-13
19
-13
6
-7
-14
26
-28
40
-37
16
-12
17
17
-101
90
-26
2
-2
0
-1
-10
24
-12
-6
3
-15
21
4
-35
21
21
-40
28
-4
-7
0
6
-9
8
-3
0
-4
5
1
-5
2
2
-11
15
-8
0
-3
1
6
-9
-1
5
-5
1
2
-4
2
1
-4
4
0
-3
3
-4
0
-1
4
-5
1
0
-1
0
1
-1
-1
1
2
0
-2
-1
0
0
-1
-1
0
-1
-2
5
-4
0
0
2
-4
3
-2
-4
4
-2
-4
3
-3
-2
4
-7
-1
8
-7
-2
1
-1
7
-16
11
-3
-3
5
-1
-6
4
-2
3
-9
9
-5
-1
7
3
-29
38
-23
-22
34
-6
-21
13
-4
4
10
-28
8
-4
0
2
-5
-17
34
-17
-6
8
1
2
-11
9
-15
9
9
-8
0
-1
7
-10
5
-1
6
-2
-1
1
10
-14
4
-2
6
-2
0
0
-4
6
-5
-1
9
-8
-2
2
1
-4
0
2
-2
0
0
-2
0
3
-2
-3
0
2
0
-1
-1
-1
0
-1
1
-1
0
1
-2
0
-1
0
0
1
0
-2
-2
2
0
-4
0
1
-1
0
0
-3
-1
2
-1
-3
2
7
-10
1
4
-7
3
-1
0
1
-6
1
-5
14
-11
0
1
1
-5
0
-5
9
-8
1
-1
7
-10
-11
13
-10
9
-3
-1
-10
4
16
-36
14
4
-7
0
4
-8
-1
8
-7
2
4
4
-19
19
-4
-13
13
2
-9
3
2
2
-8
3
3
-2
-1
-1
1
0
-1
-7
8
4
-7
-1
0
-4
5
-4
2
-2
0
3
-3
1
0
-1
1
-2
1
-3
5
-8
4
-1
0
-2
1
-2
0
2
-1
-1
1
-2
1
0
-2
2
-2
0
0
-2
-2
2
-1
1
0
0
-4
8
-5
3
-3
1
-3
0
0
-2
2
-3
0
1
-2
2
-5
2
-1
0
7
-5
-9
6
-2
-1
-2
1
0
1
-4
-3
8
-3
-3
-3
7
-3
-13
11
3
-21
18
-5
-4
-2
6
-9
-2
7
-7
0
0
-3
14
-24
12
-3
4
8
-29
28
-8
-17
21
-8
-6
7
-8
9
-6
4
-6
4
-3
-1
3
-4
2
-2
-4
7
-5
0
-1
2
1
-3
-2
3
-3
0
0
1
-1
1
-2
1
-3
2
-1
-2
-1
2
-1
-2
-1
0
1
-2
0
-1
0
1
-2
0
1
-2
0
0
-1
1
-2
-1
-1
-1
0
-3
0
0
0
-3
2
-3
1
-1
0
-1
0
-1
3
-2
1
1
-2
-2
-1
-1
5
-7
3
1
-3
3
-4
0
3
-4
3
-4
4
-9
9
-8
3
7
-22
15
6
-30
26
-8
-6
2
-12
22
-18
2
-4
0
-5
3
8
-17
12
-1
-9
11
-3
-6
6
-4
3
-2
-3
4
-2
1
0
0
3
-4
1
1
-7
9
-11
5
-3
3
-2
-1
1
-4
2
1
-2
-3
3
-1
-1
0
-1
1
2
0
0
3
-2
-4
-1
0
-1
3
-3
2
-2
2
-2
1
1
-2
0
0
0
0
0
-2
0
-3
3
-3
2
-4
1
-1
-1
2
0
-3
0
1
-2
-1
1
-1
-1
0
-2
1
0
-1
-3
4
-2
1
1
-4
3
-6
9
-10
5
-2
-1
3
-4
1
0
-2
2
-4
3
1
-3
2
-8
4
1
-12
8
0
-13
16
-11
-4
0
0
-3
1
7
3
-5
-6
1
4
-1
-3
0
1
-3
-5
-1
3
1
-2
-2
1
1
0
0
1
1
0
-1
0
-1
-2
1
1
0
-1
-1
1
1
-1
-1
0
0
0
-1
0
0
-1
-2
0
0
-1
-1
1
-1
0
-1
1
2
0
-1
1
0
0
-2
0
1
0
-2
-1
1
0
-1
-2
0
1
0
-1
1
0
-1
-1
0
0
0
-1
0
-1
-2
0
1
0
-2
-3
-1
0
-2
-1
0
1
1
0
1
0
-1
-1
0
0
-1
-1
0
1
-3
-4
0
3
0
-3
-1
2
-1
-5
-2
4
4
-5
-8
-1
1
