-22
36
-79
140
-225
527
-779
359
-42
128
-178
234
-328
613
-781
400
-154
136
-65
-49
105
-125
146
-87
20
47
-86
28
-4
31
-22
3
-34
89
-104
101
-60
-14
8
-14
-86
298
-209
65
-60
-54
104
-31
-22
53
-69
72
-65
49
-29
9
-12
10
-13
9
-6
4
-3
0
-1
1
-3
5
-6
10
-13
11
-10
11
-26
50
-65
72
-67
53
-21
-29
103
-54
-60
65
-209
299
-85
-13
8
-14
-61
102
-103
90
-34
4
-22
32
-4
29
-83
47
21
-86
149
-123
106
-47
-64
138
-153
403
-777
617
-324
238
-175
131
-40
363
-775
531
-221
147
-74
44
-4
15
-54
135
-234
503
-684
-175
825
-424
106
84
-181
8
11
178
-239
68
30
-134
201
-162
172
-218
184
-109
80
-16
-27
8
-17
-3
71
-116
89
-56
32
44
-87
93
-45
-130
230
-171
91
11
-25
-49
70
-71
41
5
-22
20
-8
2
-10
15
-23
17
-13
5
-5
1
-1
1
-4
6
-13
17
-22
15
-10
5
-7
21
-21
6
41
-71
71
-49
-24
11
91
-172
229
-130
-45
94
-89
45
32
-54
90
-115
71
-4
-18
9
-27
-16
81
-108
186
-218
174
-163
202
-131
31
69
-238
182
14
11
-177
86
107
-421
826
-170
-679
506
-230
142
-49
23
1
2
-29
116
-205
304
-312
-641
1303
-747
352
-238
197
-464
442
-139
44
0
-59
133
-199
200
-226
223
-171
98
-57
-7
30
-20
14
-5
-31
81
-100
103
-43
-28
31
-44
-9
123
-160
99
21
-70
41
-40
59
-66
63
-70
34
-7
-7
25
-19
14
-19
11
-7
2
-2
0
-1
0
-1
3
-6
12
-19
14
-20
28
-6
-7
35
-68
64
-65
60
-40
42
-69
21
99
-161
123
-9
-45
31
-28
-43
103
-98
80
-31
-4
16
-19
32
-7
-55
100
-170
224
-223
201
-199
135
-58
2
45
-137
444
-461
200
-236
354
-746
1303
-637
-309
307
-201
123
-24
11
-7
-3
-9
68
-115
-98
288
-526
645
-361
180
-263
224
79
-190
-15
63
-19
22
-61
78
-84
129
-236
236
-174
74
52
-74
89
-104
42
-23
53
-73
84
-46
6
-11
-9
-80
222
-92
-79
58
-21
11
-27
73
-69
35
-32
13
3
-30
52
-49
35
-11
-8
6
-4
1
-1
0
-2
2
-5
8
-7
-10
35
-48
54
-30
4
15
-33
35
-68
74
-27
11
-21
58
-78
-92
220
-80
-9
-11
6
-46
85
-71
54
-23
43
-103
89
-73
53
76
-172
237
-237
131
-84
79
-59
24
-17
64
-10
-186
82
227
-260
182
-359
646
-522
292
-93
-112
76
-4
4
-6
-23
28
-31
61
-517
654
323
-859
508
-351
290
-260
329
-248
1
75
-51
-7
39
-30
34
-45
61
-10
-64
95
-115
42
-17
29
17
-66
70
-84
101
-27
-31
42
-85
56
-65
236
-256
61
44
-4
3
-26
20
-46
58
-66
41
22
-43
40
-19
-13
12
-9
6
-3
-2
0
1
-2
7
-8
14
-13
-18
41
-44
24
42
-65
59
-46
19
-25
3
-3
45
61
-256
237
-64
56
-85
42
-32
-26
101
-81
70
-66
18
30
-16
42
-113
95
-64
-9
63
-44
35
-30
40
-5
-51
76
4
-244
332
-257
291
-347
511
-856
327
657
-512
64
-24
33
-16
-4
-38
67
-151
211
-302
246
324
-579
133
113
-161
241
-440
408
-101
-40
52
-7
-85
91
-45
-61
144
-100
68
25
-150
109
-59
-8
42
-35
36
20
-52
39
-46
64
-77
149
-135
-64
91
45
-73
36
-12
8
-12
24
7
-45
35
-41
2
48
-29
2
1
-7
1
0
0
1
0
0
2
-6
1
1
-29
50
3
-39
36
-45
7
25
-11
9
-11
36
-72
45
91
-64
-134
149
-76
65
-45
41
-51
20
38
-35
42
-7
-58
111
-149
25
69
-100
147
-59
-45
92
-82
-8
53
-39
-97
412
-436
244
-159
116
136
-576
329
249
-297
214
-145
72
-30
-3
-57
96
-190
185
367
-572
-419
872
-439
173
5
-194
476
-471
111
-19
18
-20
90
-66
-44
45
28
-92
108
18
-142
106
-47
-31
59
-9
4
14
-61
8
43
9
-26
-57
-21
229
-194
53
-15
-6
8
3
-33
53
0
-41
27
-28
-8
39
-14
-8
5
-5
0
1
0
-1
0
2
0
-4
6
-8
-14
39
-6
-27
26
-39
-1
54
-33
4
8
-6
-15
53
-196
230
-19
-57
-26
9
44
10
-60
15
4
-9
60
-31
-47
107
-141
19
109
-92
29
45
-43
-65
92
-19
18
-18
114
-468
480
-190
8
175
-436
873
-414
-569
370
188
-182
100
-48
-3
-70
103
-78
-4
256
-386
181
-122
317
-308
11
127
-120
-36
110
-10
-41
6
39
-5
-19
-63
118
-123
87
-17
-18
-23
37
-3
-22
-14
46
-2
-62
83
-75
46
-73
126
-23
-122
95
-11
13
-21
2
-1
-5
4
13
-4
-15
0
1
-2
8
-6
-5
-1
2
-1
1
-1
1
0
2
0
-2
-4
9
-1
2
2
-15
-2
13
5
-4
0
1
-21
14
-10
95
-121
-24
126
-72
47
-75
84
-61
-2
46
-14
-22
-1
39
-22
-17
-16
89
-122
121
-61
-16
-4
40
7
-40
-10
115
-33
-117
130
14
-305
321
-120
184
-381
260
-2
-71
107
-61
-3
-65
95
85
-143
-428
603
162
-437
-110
223
128
-72
-294
225
20
-16
-68
67
-68
40
34
-66
48
18
-63
13
8
33
-46
-3
14
21
-29
-4
4
20
-14
-14
29
10
54
-165
104
-13
-19
24
5
-11
-19
23
8
-22
-1
12
-6
0
2
-3
-2
1
-2
-1
0
0
-1
-1
-1
3
-1
-3
3
1
-6
12
0
-21
10
24
-19
-10
6
24
-20
-13
104
-164
54
10
30
-14
-14
20
4
-3
-28
21
15
-3
-45
34
9
15
-61
19
49
-65
35
41
-67
68
-66
-15
22
229
-290
-69
131
226
-106
-435
164
606
-424
-140
92
99
-55
-7
-45
51
98
-199
84
49
-328
333
93
-186
-101
109
127
-187
134
-90
3
13
14
-64
34
11
-7
26
-24
-9
3
62
-115
66
-16
-3
15
-10
9
-8
-35
35
-7
0
42
-26
-25
23
-10
8
-10
5
-3
2
-2
4
-8
0
9
-7
-2
0
0
-1
0
-1
0
1
0
0
-1
0
1
0
-1
-6
12
0
-7
4
-1
3
-2
6
-8
9
-10
24
-26
-26
42
0
-6
35
-34
-7
10
-10
16
-3
-15
67
-115
63
5
-7
-24
27
-6
12
36
-63
16
13
5
-89
137
-184
130
111
-98
-184
96
335
-324
54
87
-195
105
55
-36
-13
6
10
-93
69
81
-215
216
-96
-70
71
-12
61
-125
36
44
-34
-6
19
-45
53
0
-32
-8
22
-13
3
3
-11
7
-7
-1
4
-8
12
-8
3
29
-67
18
48
-20
-11
10
-10
6
-2
-1
-1
0
-3
3
-3
-1
-1
3
-3
-1
-2
0
-1
-2
1
-1
1
-1
1
-1
0
0
0
-1
-1
5
-1
0
-2
4
-3
1
0
-2
0
6
-10
11
-10
-20
48
19
-66
29
4
-8
14
-8
4
0
-5
8
-10
5
6
-11
23
-7
-31
1
54
-43
20
-6
-33
48
40
-122
65
-9
75
-68
-94
220
-211
83
73
-86
14
15
-13
8
-19
-6
5
-11
5
-17
14
-14
14
-27
7
18
-31
10
0
-10
7
-11
14
-5
-10
13
-10
1
-1
-2
-5
-5
10
-10
8
-5
1
3
-4
2
13
-14
4
1
2
-6
8
-8
2
1
0
-4
0
0
-1
1
-4
3
-4
1
-2
0
0
-1
-1
-1
0
0
0
0
1
0
-2
1
-3
5
-3
3
-1
1
1
-4
1
1
3
-7
8
-6
2
2
4
-13
12
2
-5
3
2
-4
8
-10
11
-3
-4
-2
1
3
-9
15
-9
-3
15
-9
8
-8
1
13
-26
21
11
-23
17
-11
16
-11
8
-7
9
2
-13
15
-9
-5
-5
-2
-8
-2
1
0
-12
5
-7
0
-4
3
-12
2
-2
3
-6
-4
5
-5
4
-10
10
-6
-3
-1
4
-6
0
0
2
-7
6
0
-1
1
-3
-5
10
-5
2
1
1
-3
2
-1
0
-1
1
-5
2
-1
-1
-3
6
-5
0
-1
-1
0
0
0
-1
0
0
0
1
0
1
-2
7
-2
0
0
3
-3
2
0
1
0
3
-2
2
1
4
-6
10
-6
-3
2
0
0
7
-7
2
1
2
-4
5
0
-2
-5
12
-10
6
-2
5
-3
-4
4
-1
5
-8
6
-2
3
-4
7
-9
3
6
2
-6
6
1
2
-9
-8
-2
-6
-2
0
-10
-7
11
-11
4
-10
3
1
-9
4
-5
-3
-5
12
-12
6
-4
-7
10
-2
-15
14
-10
2
2
-5
1
2
-2
-3
12
-12
3
4
0
-9
11
-3
-3
6
-10
10
-6
1
-3
-1
1
-1
-4
2
-5
-1
2
-2
-1
0
-1
-1
0
0
0
-1
1
-1
2
-1
-3
5
-1
-1
2
1
-2
3
-5
10
-10
7
-3
-2
12
-9
0
4
3
-12
12
-3
-1
2
1
-4
2
5
-9
16
-13
-1
11
-6
-3
8
-12
12
-4
-2
-4
6
-5
5
5
-7
7
-8
13
-4
-6
4
0
2
3
1
-9
-6
-3
-9
-1
-3
-6
1
-3
-2
-8
-3
4
-2
-8
-2
2
-5
8
-9
3
-1
-8
8
4
-14
13
-8
-5
5
-3
4
0
-4
3
1
-10
8
-2
2
-3
6
-8
6
-4
3
-1
2
-1
-2
-1
-1
2
-2
-1
1
-3
0
1
-2
0
-1
1
-1
0
-1
1
-1
1
-1
2
1
-2
0
0
0
2
0
-1
-2
0
2
-1
4
-3
7
-8
6
-3
3
-1
9
-9
2
3
-3
0
4
-1
4
-5
-8
14
-15
5
11
-8
0
5
-8
9
-3
3
2
-4
1
7
1
-6
3
-1
5
-1
1
2
-1
2
2
-9
-4
-5
-4
-4
-5
4
-10
6
-6
-5
0
-9
10
-6
-17
14
-2
-1
-3
1
-8
2
4
-8
-2
4
-5
-1
2
7
-11
-1
4
0
0
1
-6
12
-16
13
-6
0
3
-1
0
0
-1
3
-6
5
-1
-3
3
-5
1
1
-3
1
-1
0
0
0
-1
0
0
0
0
0
1
2
-2
3
2
-4
5
-2
-2
5
-5
4
-1
0
1
0
4
1
-6
13
-16
14
-5
1
1
0
4
-1
-10
9
2
0
-5
5
0
-6
6
3
-8
2
0
0
-2
15
-14
-3
13
-6
5
-2
-2
8
-7
9
-2
-1
3
-1
3
-8
-6
-2
-6
0
-7
-1
-2
-7
2
-3
-4
0
-3
-1
-2
-13
9
-8
12
-9
-8
5
-2
-6
6
0
-6
1
-3
1
-3
-4
4
-3
-2
2
-2
3
-1
-3
4
3
-7
4
3
-2
1
-4
1
0
-1
3
-4
-2
0
-1
1
-1
-2
-1
0
0
0
0
-1
0
0
0
-1
-2
1
0
1
-3
-1
3
-1
0
2
-3
1
-1
4
4
-6
2
4
-3
-2
4
0
1
-1
-3
5
-4
0
3
-1
3
-6
1
6
-6
0
8
-8
-8
15
-7
10
-12
2
3
0
3
-1
0
5
-5
3
3
-3
3
0
3
2
-9
-3
-5
-7
2
-4
-8
2
-2
-2
-7
4
-8
8
-10
0
-5
2
0
-3
0
-1
6
-3
-5
-1
3
-4
3
-7
1
2
-3
0
6
-7
1
0
0
-1
1
-3
6
-1
-4
4
-5
4
0
1
-5
0
3
-6
3
-3
0
-1
0
-1
-1
-1
-1
0
0
1
1
0
-1
-1
0
0
1
-3
5
-3
4
1
-4
2
1
3
-5
5
-4
-1
7
-2
1
0
0
0
3
-6
6
-1
-3
3
2
-7
4
-3
4
0
-4
-2
7
0
-1
-2
0
4
-4
2
-6
10
-5
7
-5
2
1
5
-4
1
5
0
-1
3
-7
-5
-5
-5
-2
-5
-3
-10
8
-5
1
-10
11
-16
-2
-2
3
1
-5
7
-7
-4
6
-13
18
-11
3
-4
1
-5
2
-1
-1
1
1
-3
0
4
-1
1
-4
7
-11
11
2
-3
-1
0
-1
-2
1
-6
6
-4
0
-1
0
-1
0
-2
0
0
0
-1
0
0
0
-1
0
-1
1
-1
2
1
1
-2
5
-5
1
-1
0
0
1
-4
2
11
-10
7
-3
1
-1
3
0
-3
2
1
-1
-1
3
-5
2
-3
4
-10
19
-13
8
-3
-5
8
-4
2
4
0
2
-13
14
-8
3
-3
10
-6
1
-1
2
2
-1
2
-9
-4
-7
-5
-2
-3
-1
-4
-5
-1
-1
-2
-3
0
-4
-3
-1
-4
3
-3
-2
-2
6
-9
2
0
-3
0
0
-5
4
0
-5
5
-5
3
-1
-2
5
-9
13
-8
3
1
3
-1
-2
2
-3
1
1
-2
2
-4
1
1
-3
0
0
-1
0
1
-1
-1
0
-1
0
-1
0
-1
0
0
-3
3
2
-3
2
-1
1
1
-2
3
-2
-1
3
1
2
-10
14
-10
6
-2
0
4
-4
4
-5
1
5
-4
0
1
-2
1
4
-6
7
-1
-1
-2
3
-3
0
0
-1
2
0
1
1
3
-3
-1
3
2
0
2
-2
4
-9
-4
-6
-4
-4
0
-5
-4
-1
2
-6
5
-13
7
-7
2
-9
4
-4
3
-8
6
-8
3
0
-2
2
-6
3
1
-5
2
-2
3
0
-2
0
2
-3
4
6
-10
3
5
-5
1
-1
2
-4
0
-1
1
0
-1
-2
0
-2
0
1
-2
-1
-1
0
-1
0
-1
0
0
-1
-1
2
1
-1
0
0
0
1
1
0
0
-3
3
0
1
-4
5
3
-10
6
4
-3
2
0
0
1
2
-2
3
-4
1
4
-5
3
-1
1
4
-6
7
-7
5
-2
7
-8
5
-4
12
-11
7
-3
6
1
-1
-3
4
-1
3
-2
3
-9
-6
-2
-6
-2
-4
-5
0
-7
6
-11
1
-3
-6
6
-15
12
-6
-3
3
-3
-1
-6
7
-6
-1
2
-5
1
-4
2
1
-2
3
-2
0
0
1
-5
5
-1
1
3
-1
2
-2
1
1
-2
-1
-2
1
0
-2
-3
2
-1
-1
0
-1
0
0
-1
0
0
-1
-1
0
0
1
-1
0
0
1
-2
-2
-1
2
-1
1
-1
2
2
-1
3
-1
2
1
-1
3
-4
1
0
2
-3
3
-2
1
3
-2
1
-3
3
1
-5
8
-3
1
-1
4
-1
-5
13
-13
9
-4
0
5
-7
10
-5
5
-1
1
0
0
3
1
-10
-5
-4
-5
-3
-5
1
-1
-1
-6
-1
-6
5
-1
-6
-3
-3
4
-5
1
2
-3
-6
4
-2
-1
-1
-1
-4
2
-1
-3
-3
5
-3
-1
0
3
-1
-4
6
-5
3
2
-3
0
0
1
-1
-1
0
-1
-1
-1
-1
-1
0
-1
-1
0
-1
0
-1
-1
-1
0
-1
0
-1
0
-1
0
1
-1
0
-1
0
0
0
1
0
0
1
1
-2
3
3
-5
6
-4
-1
4
1
-1
-1
5
-3
-1
0
5
-3
2
0
0
-1
5
-5
-1
3
1
-3
5
-2
1
-2
0
8
-4
0
-3
1
2
5
-2
0
2
0
3
-9
-5
-4
-8
3
-7
-1
-7
3
-6
1
-7
0
-1
-1
-1
-6
0
0
2
-4
-1
-3
5
-5
1
-4
-1
-2
2
-2
1
-6
4
0
-1
-1
-3
4
2
-1
3
-8
8
-1
0
0
2
-3
1
1
-4
2
-2
-1
-1
-2
1
-1
-1
-1
-1
0
-1
0
-1
0
0
0
-1
-1
1
-1
0
1
-1
3
-3
1
3
-2
2
0
0
-1
8
-8
4
-1
0
5
-2
-1
-1
1
4
-6
3
-2
4
0
0
-2
3
-4
5
-2
0
-2
3
1
2
-5
1
3
2
3
-5
3
-2
6
-3
3
-3
6
-2
1
3
-8
-7
-2
-5
-6
4
-13
2
-1
1
-9
4
-8
14
-31
20
-7
-3
1
2
-6
-1
1
0
-4
1
-2
-1
2
-6
5
-5
2
-3
4
2
-7
2
9
-6
-4
-1
8
-6
-2
5
-3
1
-2
-3
5
-5
-2
3
-5
1
2
-5
1
0
-1
0
0
0
-1
0
0
1
0
1
1
-4
3
2
-3
4
-2
-4
5
-1
-1
2
-3
5
-1
-4
7
0
-3
-4
10
4
-7
2
3
-4
2
-5
6
-6
3
1
-1
1
-3
1
3
0
-5
3
2
-1
-6
22
-28
18
-5
5
-5
2
1
5
-9
9
-2
3
1
1
-8
-7
-4
-4
-5
-1
-5
-2
-3
2
-2
-6
0
-13
7
7
-22
13
-6
-3
-1
1
0
-5
1
-7
3
-3
-2
-2
-4
5
-5
7
-5
7
-9
1
-2
3
1
-5
11
-10
0
1
1
-5
5
-3
-1
2
-4
1
1
0
1
-2
2
-2
0
0
-1
-2
1
0
-1
1
1
-1
2
-2
1
1
0
1
-4
3
0
-3
6
-4
1
2
1
-10
11
-4
1
5
-2
1
-9
8
-4
7
-5
5
-4
-2
-1
0
5
-5
2
-3
2
3
0
-1
-5
13
-21
11
10
-9
3
-3
1
5
-2
1
-2
2
-3
4
0
2
-9
-6
-3
-5
-4
-4
0
-6
-1
0
-2
-4
-6
13
-21
13
-31
31
-15
2
-2
-3
1
-4
5
-10
2
0
-6
4
-1
-7
3
1
-9
16
-12
12
-9
2
7
-3
-11
17
-5
0
-3
3
1
-3
-1
-1
1
0
-1
-1
1
-3
0
-1
-1
0
-1
1
-1
1
-1
1
0
1
0
-1
2
1
-1
1
1
0
-1
-3
2
4
-3
-1
-5
17
-11
-3
7
3
-10
13
-12
16
-10
2
3
-7
0
6
-5
2
3
-7
6
-2
3
-2
-1
4
-14
32
-30
16
-18
16
-2
-1
0
3
0
-2
3
0
-1
2
2
3
-8
-5
-4
-9
2
-4
-6
-2
3
-6
-5
5
-10
-3
7
-8
-11
7
0
-1
-4
5
-6
1
-8
4
-3
0
-3
1
-1
-1
-7
7
-4
1
0
4
-8
0
6
-4
4
-2
0
-2
2
1
-2
0
0
-2
-1
1
-1
0
-3
2
-1
-1
-1
0
0
0
-1
0
0
-1
-1
1
-1
2
-2
1
0
1
-1
0
0
0
-1
1
2
-2
0
-2
2
-4
6
2
-6
5
1
2
-4
8
-7
0
1
2
-3
1
-1
6
-7
2
-5
7
-2
0
1
8
-10
-4
11
-1
-7
9
-3
-2
5
2
-2
0
5
-2
1
3
-9
-9
-2
-4
-1
-8
0
-4
-2
-2
0
-2
-7
2
-5
1
29
-53
6
17
-12
17
-30
16
-4
4
-7
4
-6
4
-13
16
-10
-1
7
-14
15
-3
-9
0
9
-9
7
-3
-2
5
-2
0
-1
2
-1
0
1
-6
6
-4
0
-1
-1
0
0
-1
-1
0
-1
1
-1
0
0
0
0
0
1
-3
6
-5
2
0
0
2
0
0
-1
5
0
-3
7
-8
9
0
-8
-3
16
-13
8
1
-10
19
-12
6
-5
6
-6
5
-3
17
-29
18
-11
18
7
-53
30
3
-3
5
-3
2
3
1
0
-1
2
-3
2
4
3
-1
-4
-13
0
-12
11
-1
-7
-9
2
-1
-4
-3
2
-10
6
-12
9
34
-71
35
-18
5
25
-33
23
-18
1
2
2
-6
-5
6
1
-1
4
-15
20
-20
19
-16
7
3
1
-3
2
-2
2
-1
0
-3
3
-3
3
-3
1
2
-3
0
-2
0
0
0
-1
-1
0
0
-1
1
0
0
0
0
-2
2
1
-3
3
-1
3
-1
1
-1
2
0
3
-3
2
1
7
-16
19
-19
20
-13
5
0
1
7
-4
-5
4
2
2
-18
25
-31
26
7
-17
37
-70
35
10
-10
9
-9
6
0
0
3
3
-4
-3
3
15
-5
3
-4
-15
30
-50
17
-22
1
1
6
-9
2
-7
-3
5
-9
-6
4
-6
3
-21
29
-14
-9
5
21
-23
4
2
-10
2
2
-7
7
-5
-1
5
-15
37
-32
7
-8
0
13
-2
-3
4
-1
0
1
-2
1
-4
1
-1
-4
2
-2
1
-2
-1
-1
-1
0
-1
-1
0
-1
0
0
0
0
0
-1
2
-1
3
-3
0
2
-3
2
-1
1
0
-1
3
-3
-3
12
0
-9
8
-33
36
-13
4
1
-5
8
-5
3
3
-8
2
7
-23
23
5
-7
-13
30
-20
4
-5
6
-3
-7
9
0
-5
6
-7
9
5
4
-19
24
-45
39
-1
-1
-2
-9
-12
-3
5
1
-7
-4
2
0
-8
-4
2
0
-7
-5
4
3
-8
-4
6
7
-6
-10
0
4
-5
-6
4
6
-5
-12
5
20
4
-24
-20
8
21
5
-11
-4
6
3
-5
-2
2
1
-3
-2
2
0
-3
-1
1
-1
-3
-1
2
-1
-2
-1
2
-1
-3
-1
2
0
-2
0
2
0
-1
0
2
-2
-3
2
3
-3
-3
4
7
-5
-10
5
22
8
-19
-24
4
21
6
-11
-5
9
6
-6
-4
5
1
-8
-4
8
8
-3
-5
4
6
-5
-6
2
5
-1
-5
3
5
-2
-5
3
9
1
-8
-5
4
4
