-8
-5
-3
-4
-4
-2
-2
-4
-1
-4
-1
-2
-2
-9
20
-19
-22
27
-14
5
-6
2
-1
-3
-1
-3
-1
0
0
-1
-1
0
0
-1
1
0
-1
1
-1
2
-1
1
0
2
0
1
0
1
-1
-2
0
0
0
0
-1
0
0
-1
-1
-1
0
-1
0
0
0
1
0
0
0
0
0
0
0
1
0
0
0
1
0
-1
0
1
0
0
0
1
0
1
-1
1
-1
1
-1
-1
1
1
0
0
0
-1
1
0
1
0
0
-1
1
3
-4
7
-13
29
-21
-16
24
-5
1
2
0
1
0
0
1
0
-1
2
1
3
-8
-5
-2
-6
-1
-3
-7
1
-2
-3
-1
-4
-2
-4
-2
0
-6
-2
4
-6
6
-5
-1
-3
0
-2
1
-1
0
-1
-2
-1
-1
1
-1
0
1
0
-1
1
0
0
1
1
1
-1
0
-1
-1
0
-1
0
-1
0
0
0
-1
0
-1
-1
-1
0
-1
0
-1
0
1
0
-1
0
0
1
0
0
1
0
-1
0
0
1
0
1
0
-1
1
0
0
0
0
1
0
0
1
1
0
2
-1
1
0
-1
0
0
1
-1
2
0
0
-4
7
-5
5
0
-5
3
2
0
1
0
2
0
0
4
-3
0
2
1
2
3
-9
-6
-2
-4
-5
-4
8
-20
3
3
-8
0
6
-21
16
-18
9
-2
-3
0
1
-7
2
-1
-1
0
-1
-1
0
-2
0
-2
0
-2
0
0
0
1
0
0
-1
0
0
0
1
0
0
0
0
-2
0
-1
0
-2
-1
0
-1
-1
-1
0
-1
0
-1
0
-1
-1
0
0
0
0
1
0
0
0
1
0
1
0
1
-1
1
0
0
0
1
1
0
0
0
0
-1
1
0
0
0
1
0
0
1
-2
0
0
0
1
0
-1
5
-6
2
2
-2
-2
10
-15
20
-19
9
2
-5
5
5
-15
11
2
-2
3
1
1
-9
-5
-5
-5
8
4
-52
34
-3
-9
2
-10
2
3
-10
-1
1
-8
-1
4
-4
7
-8
1
-1
-2
-2
-1
-2
-2
-1
-1
-1
-1
-1
0
0
-1
-1
0
-1
0
0
1
0
0
1
1
-1
-1
-2
0
0
-1
-1
0
-1
-1
0
0
-2
-1
-1
0
-1
0
0
-1
-1
2
1
0
0
1
1
-1
0
-1
0
0
0
-1
0
0
1
1
0
0
-1
0
-1
0
0
1
0
1
-1
1
-1
-1
0
2
-1
0
0
2
-6
8
-2
5
0
-7
2
3
-6
6
6
-7
5
-7
-1
37
-49
8
12
0
0
3
-14
-3
4
-15
-3
-94
183
-88
-11
26
-25
-46
-6
53
-61
84
81
-229
159
-99
-10
84
-15
-22
9
2
-15
-3
1
5
-4
0
-1
-1
0
-1
0
0
1
0
-1
0
1
0
0
-1
1
0
-1
-1
0
-1
0
-1
0
-1
-1
-1
0
-2
-1
-1
-1
-1
0
-1
0
0
0
1
1
0
0
0
0
1
-1
-1
0
0
0
0
1
-2
1
0
1
1
0
0
1
-1
1
0
0
0
-1
-1
-3
6
2
-1
-15
4
10
-20
-12
85
-9
-97
160
-227
82
87
-58
56
-3
-44
-22
30
-9
-84
186
-88
0
-6
9
5
-11
-7
-1
5
-43
29
36
-106
113
-134
106
46
-171
116
-47
21
32
-98
136
-152
61
17
-31
-4
38
-20
0
0
6
-12
1
-1
-1
-1
-1
-1
1
0
0
0
-1
-1
0
1
-1
0
-1
0
-1
-1
0
-2
0
-1
0
0
-1
-1
-1
0
-1
0
-1
-1
-1
0
0
-1
0
0
0
1
0
1
1
0
1
-1
0
-1
0
0
0
0
0
1
1
0
0
1
0
0
1
1
0
0
-1
0
3
-11
7
2
0
-20
39
-3
-30
18
62
-152
138
-96
33
25
-44
120
-168
50
110
-131
114
-102
39
34
-39
13
4
1
-4
-13
0
-14
17
-37
23
11
-9
-42
56
2
-50
3
46
-78
88
-58
-24
45
-26
24
-24
15
-6
-15
13
-4
-9
4
1
-1
0
0
0
0
0
0
1
0
0
1
0
1
-1
0
2
-2
0
-1
0
-1
0
-2
-1
0
-1
0
-1
-1
0
-1
0
-1
0
0
0
0
0
1
0
0
0
-1
1
-1
1
1
0
-1
1
0
0
0
0
1
1
1
1
0
0
1
1
0
0
1
0
0
2
4
-8
-2
14
-13
-5
17
-23
26
-25
47
-23
-57
89
-74
49
5
-47
7
60
-39
-7
14
26
-34
19
-7
4
-5
-15
11
-33
16
-33
-23
132
-95
-22
14
-25
1
62
-42
19
-89
-12
150
-61
-15
-8
9
-11
-13
30
-33
15
-7
3
2
-6
1
-1
-1
0
0
0
0
0
-1
-1
0
0
1
0
-1
-1
0
-2
-1
-1
-1
0
-1
0
-2
-1
-1
-1
-1
0
0
-1
-1
0
0
-1
1
0
0
0
0
0
0
0
1
0
0
0
1
-1
1
1
0
0
1
0
1
-1
0
1
2
0
1
1
1
-1
1
-3
3
3
-5
15
-32
32
-11
-10
11
-6
-13
-59
149
-11
-86
23
-38
65
3
-21
17
-20
-91
135
-18
-29
24
-27
19
-2
-12
-1
-1
-28
94
-167
127
-101
102
-80
51
-88
63
67
-144
106
-77
23
44
-86
85
-34
-11
20
-35
30
-19
10
-2
-4
0
0
0
-1
0
-1
1
2
-2
0
-1
1
0
0
0
1
-1
1
-1
-2
0
-2
-1
1
-1
-1
-1
-1
-1
-1
0
-1
0
-1
0
-1
0
-1
0
0
0
0
1
1
1
-2
1
-1
-1
2
0
2
0
-1
1
0
1
1
-2
2
1
-1
2
0
0
0
2
-3
-2
11
-20
31
-34
21
-10
-32
87
-85
44
24
-75
107
-141
70
65
-85
55
-77
106
-99
132
-163
98
-25
6
4
-6
-10
0
-14
13
-7
8
-7
-102
43
3
25
62
-25
7
-24
-90
61
-37
14
74
-41
-17
33
-57
13
-6
25
-8
-4
3
-3
-1
0
1
0
0
0
0
2
-1
0
-1
3
0
0
0
0
-1
0
-1
-2
-1
-1
1
-1
-1
-1
0
-1
-1
0
0
-1
-1
0
-1
0
0
0
0
-1
1
0
0
0
0
0
0
-1
0
1
0
-1
1
1
-1
2
-1
0
0
2
1
1
1
0
2
0
-1
-3
3
-3
-8
26
-4
14
-56
35
-14
-41
75
15
-36
62
-89
-21
11
-22
66
28
6
45
-99
-5
11
-4
21
-9
8
-11
-1
-9
-5
-13
96
-181
110
-37
5
-28
5
55
-58
63
-38
52
-124
41
20
-2
3
-38
38
-26
30
-9
-17
6
-2
-2
0
1
-1
1
-1
0
1
-1
0
0
5
-3
1
0
0
-1
0
0
-1
-2
0
-1
0
-2
0
-2
-1
-1
-1
0
1
-1
-1
-1
0
0
0
0
0
0
-1
0
1
-1
1
-1
1
-1
-1
1
0
0
0
0
2
-4
5
0
-1
-1
1
0
0
2
-1
1
1
-1
-1
8
-17
-8
30
-26
38
-36
4
-1
21
41
-121
53
-34
67
-53
58
8
-24
7
-35
115
-177
100
-9
2
-4
7
-3
-13
0
12
-41
110
-255
188
-7
-22
-52
82
-67
45
-52
-53
268
-288
63
67
-75
52
-24
-7
31
-10
-11
3
-5
0
-1
-1
-1
1
-1
1
0
0
0
0
1
-2
3
1
0
0
0
1
-1
0
-1
0
0
0
0
0
-1
0
0
-1
-1
-1
-1
0
0
-1
0
-1
0
1
1
1
0
0
0
0
0
-1
-1
1
0
0
0
-1
0
0
2
-1
1
1
0
0
1
0
0
1
-1
-1
1
1
-4
4
-10
-9
32
-6
-22
53
-75
69
63
-287
269
-51
-48
48
-63
85
-49
-18
-5
191
-251
114
-37
19
6
-6
-12
1
-10
5
-29
52
-101
95
-8
-11
-79
29
18
-5
14
3
-15
-45
-13
116
-62
-20
5
6
-4
6
8
-17
2
0
-1
-1
2
-2
0
0
1
-1
0
0
0
1
1
-1
2
0
1
0
-1
0
1
-2
-1
0
0
-1
-2
-1
-2
0
-1
0
0
0
-1
0
0
0
0
0
-1
0
-1
0
0
1
0
-1
0
0
0
-1
0
1
1
0
1
1
0
-1
0
-1
1
1
1
-2
2
-1
0
0
1
-17
10
6
-3
8
6
-19
-60
117
-13
-44
-14
6
18
-1
20
32
-75
-7
-5
98
-98
56
-27
12
-5
9
-10
-6
3
-23
21
-43
65
-64
32
-11
20
-60
31
-41
24
38
-54
21
-24
45
-34
8
-15
21
-17
7
2
-4
-1
-1
-2
-1
0
0
0
0
-1
0
1
-1
0
0
-1
1
-1
1
1
1
0
-2
0
0
-1
0
-1
-1
-1
-2
-1
-1
-2
1
-1
0
0
0
1
0
-1
0
-1
0
0
0
-1
1
0
-1
0
0
1
0
0
2
-1
1
-1
1
0
-1
0
2
0
1
0
1
0
0
0
-1
-1
-2
2
8
-16
22
-14
9
-34
48
-23
22
-53
41
27
-37
33
-57
24
-7
33
-60
69
-40
24
-16
9
2
-6
-18
6
-4
-12
-34
109
-71
-19
-56
125
-35
-131
149
-52
-8
-34
47
-32
19
2
-3
-26
50
-35
1
6
-4
0
-1
-1
-1
-1
0
0
0
1
-1
0
-1
-1
3
0
0
0
1
0
1
-2
-1
-2
0
-2
-1
0
0
-1
-1
-1
-1
0
-2
-1
0
0
0
0
-1
0
0
0
0
0
1
0
1
0
2
-1
1
-1
0
0
0
1
0
0
2
-1
1
0
0
1
1
0
1
-1
0
0
0
0
-3
7
2
-35
51
-25
0
3
19
-32
47
-33
-6
-49
151
-128
-32
128
-53
-17
-65
113
-29
-9
2
12
-9
-12
-1
-10
-7
11
-72
147
-135
40
30
-27
-33
0
25
-16
-8
44
-29
-21
20
-5
3
-17
26
-23
4
2
-4
0
-1
-1
2
-2
0
1
-1
1
-1
1
-2
1
-2
2
0
-1
-1
1
0
-1
-1
0
0
-1
0
-1
0
0
-2
-1
0
0
-1
0
-1
0
0
0
0
0
1
0
0
0
0
1
0
0
1
0
0
0
-1
1
0
-1
0
2
-2
2
-1
1
-1
1
1
0
1
-2
1
-1
0
1
-2
3
4
-22
28
-15
5
-5
20
-19
-27
45
-5
-14
28
4
-30
-24
31
41
-131
150
-68
14
1
-6
8
-7
-8
-3
-8
20
-77
71
7
-24
-29
24
14
-63
77
-83
53
-7
-26
31
-13
-7
3
2
-17
17
-8
-1
-2
0
-1
0
-1
0
0
1
-2
1
0
-1
0
-1
1
1
0
-1
0
1
1
0
-1
-2
0
0
-1
-1
-1
-1
-2
1
-2
0
-1
0
-1
0
-1
1
0
0
-1
1
0
0
1
1
1
0
-1
0
1
1
0
0
1
-1
0
0
1
-1
1
-1
1
0
-1
2
-1
0
0
0
0
0
0
0
-8
18
-15
4
5
-7
-12
32
-25
-6
55
-79
78
-60
18
26
-26
-22
11
74
-73
24
-1
2
0
-7
-6
-1
-13
-7
2
-10
23
-7
-4
-16
-22
51
-10
-26
-15
29
-2
-27
27
-8
-7
2
-5
1
0
-4
0
0
0
0
-3
1
-1
0
1
-1
1
-1
1
-1
2
1
0
0
0
0
0
-1
0
-1
0
-1
1
-2
-1
-1
0
-1
0
-1
0
-1
0
0
0
0
-1
1
-1
-1
0
0
0
0
1
0
1
-1
1
0
1
0
-1
1
0
-1
3
0
0
0
0
0
2
0
0
1
-1
1
1
0
2
-4
1
2
-3
3
-6
-8
28
-26
-1
30
-11
-24
-8
53
-19
-13
0
-5
27
-7
7
-4
-6
4
2
-6
-11
3
-8
-3
-11
18
-18
21
-42
15
-12
43
-60
43
-9
-16
2
-11
18
-14
2
3
-6
-1
0
-3
1
-1
-1
-2
-2
0
1
-1
0
0
1
-1
-1
-1
3
-2
1
0
0
-1
0
-2
-2
0
-2
0
0
0
-1
-1
-1
-2
-1
-1
0
-1
-1
-1
0
0
0
0
0
0
1
0
0
0
0
1
0
1
0
-1
1
1
0
0
1
-1
2
-1
0
0
0
0
0
0
1
0
0
-1
0
0
2
-2
2
0
-4
4
3
-12
20
-10
4
-15
-4
46
-58
47
-9
17
-39
24
-15
22
-8
1
-1
8
-2
-9
-4
-7
-4
0
1
-20
3
-10
34
-42
7
22
-8
-22
4
-1
-7
11
-15
8
-5
1
5
-11
3
0
-2
0
-1
-1
-1
0
-1
0
0
0
0
1
0
1
-1
1
-1
0
0
0
0
-1
-1
-2
0
0
-1
-2
-1
-2
0
-2
0
-1
0
-1
1
0
0
0
0
-1
-1
-1
-1
-1
1
1
-1
0
0
0
1
0
-1
1
0
0
0
2
1
2
0
1
1
0
0
0
-1
0
-1
0
1
1
-1
0
5
-9
7
2
-4
8
-13
12
-5
0
7
-19
-4
25
9
-40
37
-8
6
-16
4
4
3
-1
4
-8
-8
-1
-8
3
-1
-9
-18
12
-2
2
4
-39
22
0
0
-15
14
-10
-1
2
0
-4
1
-1
-4
1
-1
0
-1
-2
0
1
-1
0
0
1
0
0
1
0
0
1
1
0
0
0
0
-1
-1
0
-1
-1
0
-1
-1
-1
-2
-1
-1
0
0
-1
-1
0
0
0
-1
0
0
1
1
0
1
1
1
0
0
1
0
0
0
0
1
0
1
0
0
1
2
0
2
1
1
1
0
1
-1
0
0
1
0
2
-2
1
2
-3
2
3
0
-10
15
-14
2
3
25
-34
7
5
0
14
-13
-5
3
7
0
3
1
-9
-4
-5
-4
-2
2
-12
1
-9
0
18
-23
-7
9
-5
-5
-4
5
2
-10
-1
1
-2
-1
1
-2
-2
-1
0
-1
-1
-1
-1
0
0
0
0
1
-1
1
0
1
1
0
0
-2
0
0
-1
-1
-1
-1
-1
-1
-1
0
-1
-1
-1
0
-1
-1
0
0
0
0
0
0
-1
0
0
0
-1
1
0
1
0
1
-1
0
0
0
0
1
1
1
0
0
0
0
0
0
0
0
-1
0
-1
-1
1
-1
1
1
-1
-1
3
1
-1
3
0
-9
3
7
-3
-1
-3
12
-4
-19
21
3
-7
5
-9
5
1
3
0
3
-8
-7
-4
-5
-7
15
-47
36
-19
11
-4
-13
4
-6
7
-12
5
-2
-3
-1
-2
1
-4
4
-5
1
-1
-1
-1
-1
-1
-1
0
0
-1
1
1
0
0
0
0
0
0
1
1
0
0
0
-1
0
-1
-1
-1
-1
-1
-2
0
-2
-1
-1
-1
0
-1
-1
-1
-1
0
-1
-1
1
0
0
1
0
0
1
0
1
0
0
0
2
0
0
0
1
-1
1
0
0
-1
0
0
0
-1
1
0
1
-1
0
0
0
0
2
-4
5
-2
3
-1
0
-1
0
6
-9
10
-3
7
-10
-1
14
-18
39
-43
19
-3
2
1
2
-9
-6
-4
-5
-4
-1
-11
7
-3
-7
2
-20
15
4
-16
-3
5
-7
1
-1
-1
0
0
-1
-2
-1
-1
1
0
0
-1
0
0
-1
-1
-1
1
0
0
0
0
0
0
-1
0
0
-1
0
-1
-1
0
-1
0
0
-1
-1
-1
-1
-2
0
-1
0
-1
0
0
-1
0
-1
0
0
-1
0
0
0
1
1
0
-1
0
-1
0
0
0
0
-1
1
0
1
1
-1
0
0
0
1
-1
1
0
0
0
1
0
0
0
1
-1
1
2
2
0
1
3
-7
6
1
-13
9
19
-15
6
-4
-1
12
-7
3
0
3
1
3
-9
-5
-4
-5
-2
-7
9
-25
10
-1
-3
-9
10
-17
5
0
-13
18
-15
1
0
-3
-2
-1
0
-3
1
-1
-1
1
-1
0
0
-1
1
0
1
1
-1
1
-1
0
0
0
0
0
-1
0
-1
-1
-1
-2
0
-1
1
-1
-1
0
-1
-1
-1
0
-1
-1
0
0
0
0
1
0
0
0
0
1
1
0
1
-2
0
0
0
1
0
0
1
1
0
0
0
1
-1
1
0
0
0
0
0
0
-1
0
0
0
0
-3
1
1
1
-1
1
2
-13
19
-12
4
8
-13
14
-5
0
1
12
-21
13
-3
2
2
1
2
-7
-6
-3
-6
-3
1
-6
1
-9
0
-2
-2
4
-6
-7
-7
4
4
-6
-2
1
-1
-2
-1
2
-2
0
-1
0
-1
-1
-1
-1
1
-1
0
0
0
-1
1
0
0
0
0
0
-1
0
1
-1
-1
0
-1
-1
0
-1
-1
0
-1
0
-1
-1
0
0
1
1
0
0
-1
-1
0
0
-2
0
0
1
1
-1
1
0
1
0
1
0
1
0
1
1
-1
0
1
-1
0
1
0
0
1
-1
0
0
-1
1
0
1
-2
3
-1
-1
0
1
0
-4
5
5
-4
-3
-2
7
0
1
3
-7
5
-2
4
0
1
2
2
-5
-19
0
15
-10
-18
6
-3
-5
2
-15
16
-18
-4
20
27
-172
206
-105
66
-101
55
18
-25
37
-48
-11
14
29
-11
-34
20
-1
4
-4
0
0
1
-1
0
0
0
1
0
1
0
-1
1
-1
-1
-1
0
-1
0
-1
0
0
-1
-1
-1
-1
-1
-1
1
-1
0
1
-1
0
1
0
0
0
1
0
0
0
0
0
-1
0
0
0
1
1
1
1
0
0
1
0
1
-1
0
-3
4
-1
21
-33
-10
30
16
-10
-47
37
-24
20
57
-101
68
-105
208
-171
30
24
-2
-14
20
-11
4
-3
2
10
-14
-6
23
5
-11
-16
-2
2
-15
5
-12
6
-9
-2
1
-12
12
-13
5
-14
18
-38
23
-5
34
-64
80
-102
32
39
-64
79
-25
-84
117
-74
17
29
-33
3
3
0
-1
-1
-1
0
0
1
0
1
0
-1
1
0
-1
-1
-1
-1
-1
0
0
-2
0
1
-2
-1
-1
-1
-1
0
0
0
0
0
0
1
1
-1
0
1
0
1
0
-1
0
1
1
0
1
2
1
1
-1
0
0
1
0
0
3
4
-33
29
17
-72
119
-83
-24
79
-62
39
32
-100
82
-63
37
-4
25
-37
21
-11
8
-10
15
-7
4
0
-5
9
-8
10
-6
7
6
3
-39
45
-27
-8
-1
-3
10
-17
7
-9
4
-4
-5
-2
-5
16
-29
49
-88
56
-14
48
-53
1
6
-13
38
-42
16
1
-16
-1
11
-6
2
1
-1
1
-1
2
0
0
0
0
-1
1
-1
-1
-1
-1
-1
-1
0
-1
-1
-2
-1
-1
-1
-1
0
-1
0
0
0
0
-1
-1
-1
0
-1
-1
0
1
0
0
-1
0
0
0
1
0
0
1
-1
1
1
2
-1
1
1
1
1
-5
12
-1
-15
2
17
-42
42
-11
7
3
-53
49
-13
56
-86
50
-29
17
-1
2
-3
-1
8
-7
9
-15
14
2
2
-5
-18
50
-31
-24
24
-14
-37
19
-10
7
-9
-6
1
3
-11
3
-2
-9
0
56
-75
-3
36
-39
14
27
-58
55
-1
-34
15
10
-46
50
-23
8
-16
10
5
-2
0
0
-1
1
0
0
1
-1
1
-1
-1
-1
0
-1
0
-1
0
-1
-2
-1
0
0
-2
-2
-1
-1
0
-1
1
0
0
-1
0
2
0
0
1
0
1
0
1
0
0
0
0
1
1
0
1
0
1
2
-1
1
0
-2
4
10
-17
8
-22
51
-44
11
16
-34
-1
56
-57
29
15
-38
37
-2
-73
57
4
-6
3
7
-8
6
5
-5
-6
10
-7
22
-29
-8
33
1
-18
8
-19
7
-2
-2
-9
0
0
-6
4
-1
-8
-6
1
15
-34
56
-87
48
25
-73
86
-58
17
-39
39
16
-39
27
-13
-17
32
-23
6
3
-1
0
-1
1
0
0
1
-1
0
-1
1
-2
0
-2
1
0
-1
-1
0
-1
0
-1
-2
0
-1
-1
-1
0
0
0
0
1
0
-1
1
-1
1
0
0
1
0
0
1
-1
2
1
1
1
2
0
0
1
-1
1
0
3
6
-22
33
-17
-13
27
-39
17
39
-39
19
-57
87
-71
25
49
-86
57
-33
16
3
-3
-5
2
6
-2
3
1
-5
3
1
10
-11
13
-9
5
-2
-12
-9
1
2
-4
-6
0
1
-3
-6
-1
1
-3
-5
0
4
1
-5
-4
0
0
-1
-3
-1
0
1
1
0
-3
-5
0
3
1
-2
-2
2
1
-1
-1
2
2
0
-1
1
2
-1
-2
0
1
-1
-2
0
0
-1
-2
0
1
-1
-3
-1
0
0
-2
0
1
0
-2
0
2
0
-1
0
2
1
-1
1
1
1
-1
-1
2
1
-1
0
2
0
-1
-2
1
2
-2
-1
2
3
0
-4
-2
0
1
1
0
-1
-1
0
1
0
-4
-3
1
4
1
-3
-1
4
2
-2
-1
5
2
-2
0
6
4
-5
-7
2
