-9
-6
-4
-5
-3
0
-6
4
-8
0
-3
-2
-2
-5
10
-27
18
-2
-5
0
-1
-9
9
5
-9
3
-9
9
-9
1
1
-2
0
-2
1
0
-2
3
-1
0
1
-2
2
2
-1
0
0
-2
1
-1
-1
0
0
0
-1
0
-1
-1
0
-2
-1
-1
-1
-1
0
1
0
0
0
1
0
0
0
0
0
0
1
0
0
-1
2
-2
1
1
-1
2
1
-2
1
1
-1
3
-1
0
2
-1
0
-1
2
3
-8
10
-8
3
-8
8
11
-8
-1
2
-3
-1
19
-24
12
-2
1
1
0
4
-6
7
-2
2
1
2
1
1
-9
-6
-3
-8
-3
1
-1
-7
-15
18
-7
-1
-5
-11
-40
118
-84
4
3
-1
6
-10
-6
26
-20
2
-17
28
-39
52
-37
4
3
0
0
-3
2
0
1
-1
2
-2
4
3
-4
-2
6
-9
6
-3
0
-1
-2
-1
0
-1
-1
-1
0
-1
0
-1
-1
0
-1
1
0
0
0
0
0
1
0
0
1
1
0
1
0
-2
7
-9
6
-1
-4
3
3
-3
2
-1
1
0
2
-1
1
1
3
5
-37
53
-39
30
-16
3
-19
29
-4
-10
6
0
4
4
-83
120
-36
-9
-1
1
-5
20
-13
-3
0
5
0
0
2
3
-10
-5
-3
-5
-1
-8
-3
28
-29
-5
1
-1
-7
2
-3
0
-34
45
-11
-14
42
-68
32
-7
-4
0
-14
57
-62
59
-53
13
-2
3
-2
0
1
1
-4
5
-4
-1
5
-20
29
-19
22
-21
7
2
-8
3
-2
0
-1
-1
-1
-2
0
-2
0
1
0
-1
0
1
0
0
1
0
1
-1
1
0
1
1
-1
4
-7
2
8
-20
21
-19
29
-21
5
0
-3
5
-3
2
1
1
-1
4
-2
13
-51
60
-62
58
-13
-1
-3
-6
34
-67
41
-14
-11
45
-33
2
0
6
-3
1
5
-2
-27
31
1
-6
2
1
2
3
-9
-5
-2
-5
-15
32
-18
3
-111
126
-29
-7
-3
10
0
-86
92
-10
-26
-4
13
34
-38
-28
67
-82
24
53
-52
-9
36
-8
-8
3
-3
1
-5
6
-3
6
1
4
-43
66
-40
44
-93
79
-20
4
1
-8
0
-1
0
0
-1
-1
-1
-1
-1
0
-1
-1
-1
0
0
0
0
0
0
0
0
0
1
0
0
-7
1
5
-19
79
-92
45
-39
66
-43
4
1
5
-2
6
-4
1
-3
3
-8
-8
37
-10
-51
53
25
-81
67
-27
-37
36
13
-3
-26
-8
93
-82
3
13
0
-3
-26
130
-109
5
-14
35
-12
2
3
2
-9
-5
-2
-5
-11
2
23
-18
-19
-14
21
-9
-9
41
65
-310
275
-67
2
-2
-27
0
-7
58
-63
77
-115
30
111
-45
-75
40
-6
-3
1
11
5
-29
19
1
22
-58
84
-131
98
-58
123
-116
37
30
-35
9
-4
-4
0
0
-1
-2
-1
-2
0
0
0
0
-1
0
1
-1
0
0
0
-2
0
2
1
-1
-4
11
-35
30
38
-116
122
-59
98
-131
84
-57
22
0
20
-29
5
12
1
-2
-6
42
-74
-44
112
31
-114
78
-62
59
-5
2
-26
0
3
-66
276
-307
68
44
-5
-5
24
-9
-17
-15
27
6
-8
3
2
2
-10
-6
-2
-7
7
-20
1
120
-241
131
-21
5
9
-46
-48
181
-166
75
-24
-15
77
-67
32
-4
-118
121
-47
20
-51
63
24
-60
18
-2
-2
3
-12
21
-6
-42
98
-94
57
-26
-15
9
71
-107
-10
105
-47
-11
1
2
0
2
-5
1
-1
0
-1
0
0
0
-1
0
-1
-1
-1
1
0
2
-4
3
1
3
1
-10
-46
106
-9
-106
71
9
-15
-26
58
-95
98
-41
-6
22
-11
2
-2
0
18
-60
26
64
-50
22
-46
121
-118
-2
34
-66
78
-15
-24
76
-165
183
-45
-42
13
8
-18
134
-239
122
6
-15
11
-1
2
1
-15
-4
-3
-9
-8
71
-152
177
-151
51
3
-7
-13
34
-27
46
-112
99
-52
68
-66
38
-149
157
4
-62
-9
13
41
-31
-4
-10
21
-3
5
-1
-29
33
3
1
-10
-3
-119
160
18
-46
-50
85
-95
42
-11
22
-10
6
-5
-2
1
-1
0
0
-1
1
0
0
-1
0
1
0
0
1
0
1
2
0
-4
8
-10
21
-10
41
-94
85
-49
-46
18
160
-119
-4
-10
3
3
34
-28
-1
5
-1
21
-10
-4
-31
43
13
-7
-61
4
160
-147
40
-65
69
-51
99
-111
49
-24
36
-10
-4
6
53
-150
181
-148
74
-5
-3
2
4
-43
51
-17
12
25
-73
-126
95
-83
65
36
31
23
-50
185
-272
4
19
-1
-72
34
161
-36
-20
62
33
-55
-84
-25
-69
38
44
2
37
11
-25
0
18
-42
-10
38
-49
106
-136
252
-152
-80
90
-70
-3
27
-5
14
-6
5
-5
0
-2
0
-1
-1
-2
-1
0
0
-1
0
1
0
0
0
-2
1
-2
6
-6
14
-4
28
-1
-69
89
-80
-149
252
-136
106
-49
38
-9
-42
20
0
-24
13
37
2
45
39
-69
-23
-82
-55
34
63
-18
-35
162
36
-70
1
20
5
-268
188
-46
27
34
38
67
-81
97
-122
-70
28
18
-12
59
-21
25
-72
61
40
-301
131
457
-224
-178
-104
131
-117
214
407
-601
-217
186
260
-281
-84
445
71
-602
147
528
-338
-459
456
335
-419
-90
145
33
-91
14
64
-19
-22
34
-95
102
58
-150
9
36
183
-213
-25
70
41
-41
-1
11
-20
12
-3
-4
-1
-1
-1
-1
-1
0
0
1
0
0
-1
0
-1
-3
-2
14
-18
11
-1
-40
42
72
-24
-213
184
36
11
-151
58
101
-95
34
-22
-20
65
15
-90
33
145
-89
-421
337
457
-458
-337
528
148
-602
71
448
-83
-279
261
188
-216
-596
410
217
-114
133
-102
-176
-221
462
134
-298
44
68
-67
32
25
-76
105
-141
215
-793
1075
313
-1562
1200
-525
246
-138
210
-855
1035
-471
129
-188
423
-471
243
111
-391
535
-542
642
-946
920
-637
272
24
-44
-15
-26
119
-114
68
-50
-41
143
-118
-27
227
-381
467
-579
640
-551
374
-170
21
10
2
-12
13
-10
5
-3
0
-3
0
-1
0
0
1
0
1
-2
2
-3
6
-7
12
-9
3
11
21
-169
372
-550
641
-579
468
-380
226
-25
-121
144
-41
-48
67
-112
118
-25
-14
-44
24
276
-636
921
-944
642
-541
537
-390
111
244
-470
424
-187
129
-470
1038
-852
214
-136
248
-522
1201
-1558
318
1079
-788
218
-133
109
-68
40
-56
-24
72
159
-837
1897
-2562
1900
-753
118
53
-68
-36
444
-779
467
51
-137
-153
646
-959
650
-69
-412
486
-214
-44
303
-497
458
-279
54
66
-8
-122
129
-25
-10
-21
12
67
-95
45
-38
60
-114
123
22
-163
144
-37
-16
5
11
-13
3
-2
-1
-1
0
-1
-2
-1
0
0
-1
0
0
1
0
-1
2
-10
13
3
-14
-38
144
-162
23
122
-113
61
-37
43
-92
66
12
-23
-7
-25
130
-121
-6
64
54
-280
461
-496
304
-42
-215
490
-412
-69
654
-958
648
-153
-136
52
468
-775
447
-32
-64
58
120
-749
1900
-2555
1898
-832
160
79
-19
-48
0
-18
18
-26
-16
-301
1395
-1711
285
453
-39
-105
-131
592
-1078
1055
-249
-217
-48
-40
-34
563
-393
-240
122
154
290
-447
-198
393
18
-135
20
-25
16
44
-21
-19
10
-6
38
-120
97
94
-133
-26
121
19
-163
40
45
-2
-8
-1
5
-7
1
1
0
-2
-1
-1
0
0
0
0
0
1
0
0
0
1
1
-8
5
1
-7
-1
46
40
-162
19
121
-27
-133
97
96
-122
38
-6
10
-19
-22
46
16
-24
20
-135
19
394
-197
-445
290
158
123
-238
-393
566
-33
-38
-47
-215
-248
1058
-1074
595
-128
-101
-36
456
287
-1705
1398
-298
-13
-18
22
-10
-48
21
18
9
-141
102
795
-1300
406
-131
142
86
-155
726
-703
-224
310
9
-9
-66
-41
-97
276
-79
236
-164
158
-124
-19
-232
47
68
28
-13
7
10
-6
19
-18
20
-20
17
-15
-23
23
-6
23
62
-69
-17
-6
21
-3
-4
8
-4
-1
-2
0
-1
0
0
-1
0
0
0
0
0
0
0
1
-2
0
-4
8
-4
-3
22
-6
-16
-68
62
24
-5
24
-23
-15
17
-20
18
-17
19
-5
11
7
-13
28
68
49
-231
-18
-123
160
-162
238
-79
278
-95
-40
-66
-7
11
311
-221
-700
730
-152
90
146
-128
407
-1296
799
106
-138
17
22
29
-58
57
-60
-120
119
349
503
-1433
516
-183
262
13
-59
-51
-112
306
-38
-141
4
-22
300
-347
270
-331
87
269
-116
-24
-202
46
102
29
-21
-6
-19
39
-11
-12
3
16
-55
-47
161
-71
36
-81
-4
90
-79
40
10
-36
13
1
-2
0
1
-3
0
-1
2
-1
0
0
-1
0
0
0
2
0
0
-2
1
1
-1
0
13
-35
10
41
-78
91
-4
-81
37
-70
163
-47
-55
15
4
-11
-10
38
-19
-4
-21
29
103
47
-201
-22
-115
271
88
-329
273
-346
302
-22
5
-140
-37
309
-109
-47
-55
17
265
-181
517
-1428
506
352
122
-113
-55
64
-26
52
-121
190
-91
-380
378
2
282
-649
304
101
-220
224
107
-488
201
282
-329
174
-41
-24
-187
133
271
-359
157
119
-262
75
113
-40
-54
24
3
-11
7
6
-12
4
-2
-38
83
-16
-89
114
-25
-47
-42
105
-38
-19
8
7
-7
0
-1
-2
0
-1
0
0
-1
-1
1
-1
0
0
-1
0
1
-1
0
4
-6
7
9
-19
-38
106
-41
-47
-26
116
-89
-18
83
-37
-1
6
-11
6
8
-10
3
25
-54
-39
114
75
-260
119
158
-359
274
134
-185
-24
-40
175
-327
283
202
-485
111
228
-216
105
307
-645
284
6
382
-375
-88
198
-118
61
6
-23
-7
-5
-113
664
-1164
660
260
-329
-65
139
133
-197
-457
419
258
-315
159
-218
278
-23
-384
409
-116
-135
324
-366
59
378
-482
213
-31
18
-14
-11
30
-15
-1
0
42
-103
72
2
-9
-75
225
-278
174
-36
-28
18
-8
5
-8
4
-1
-1
-1
-1
-1
-2
-1
-2
1
0
0
-1
0
2
1
-2
-1
6
-7
7
-8
19
-27
-35
175
-277
226
-76
-8
2
71
-103
42
1
-1
-15
31
-10
-13
19
-31
213
-482
379
59
-367
327
-133
-115
410
-384
-22
280
-217
160
-314
259
423
-454
-194
136
141
-62
-325
261
663
-1159
667
-110
1
-2
-15
35
-88
149
-183
327
-628
398
411
-942
717
-293
118
33
-59
-418
754
-316
-151
86
48
-80
-3
431
-722
452
-225
171
-40
-197
378
-292
115
-43
-3
16
-3
-8
23
-23
14
-3
-60
94
9
-68
98
-171
95
2
-30
61
-46
17
-5
0
-4
4
-5
1
-2
0
-2
-1
0
-1
-1
-1
0
0
0
2
-3
6
-5
2
-4
18
-46
62
-29
3
97
-172
98
-67
8
95
-62
-3
15
-23
21
-8
-4
17
-1
-43
115
-291
380
-197
-38
171
-225
454
-720
432
-2
-79
50
87
-150
-315
757
-415
-55
37
121
-290
718
-939
415
402
-625
330
-175
154
-79
46
-109
138
-87
-28
-174
677
-888
789
-595
269
-24
31
-9
-325
355
-71
-33
-3
115
-375
601
-604
399
-182
137
-221
305
-385
406
-281
118
-56
26
-3
-7
-6
23
-6
-1
-21
-67
169
-154
121
-203
287
-208
141
-86
-14
27
-14
3
3
-5
3
-3
1
-1
-1
-1
0
-2
0
-1
0
-1
0
-1
2
-4
3
-2
3
5
-14
28
-13
-84
142
-207
288
-202
120
-152
168
-67
-21
-1
-4
23
-7
-5
-2
27
-56
118
-280
408
-385
308
-219
140
-182
400
-602
603
-376
116
-2
-32
-70
357
-322
-5
34
-21
272
-593
790
-884
681
-170
-24
-80
143
-100
50
-85
58
36
-373
944
-1197
878
-555
378
-198
70
-23
-114
484
-635
359
-155
20
79
-62
163
-425
409
-233
107
61
-266
510
-522
260
-123
93
-50
7
20
-40
44
-29
-8
17
32
-72
120
-102
19
-16
50
22
-57
-34
40
-15
6
5
-4
-1
0
-2
1
-2
1
1
0
0
0
0
0
-1
1
1
1
2
-4
6
8
-15
41
-34
-56
23
48
-15
19
-102
122
-73
34
17
-7
-28
44
-39
21
8
-49
93
-123
262
-522
511
-265
62
108
-232
412
-425
165
-61
81
21
-154
360
-631
487
-111
-21
73
-196
380
-552
882
-1193
947
-371
43
64
-78
43
-57
-2
86
-378
650
-583
486
-382
159
-46
-8
-83
281
-354
275
-164
62
-28
-73
265
-362
268
-159
119
-45
-74
146
-214
205
-113
39
-16
7
8
-14
3
4
2
-11
21
45
-147
149
-77
11
-54
255
-405
301
-116
33
-12
-1
7
-7
0
1
-1
0
-1
0
-1
0
0
1
0
0
0
1
-2
1
1
-6
7
0
-12
35
-115
302
-404
255
-54
10
-76
148
-147
45
21
-10
2
4
3
-13
7
8
-16
39
-112
205
-213
148
-73
-43
120
-158
271
-363
267
-71
-27
63
-163
279
-350
285
-80
-4
-44
162
-380
489
-580
656
-375
93
3
-49
35
-66
49
1
-38
-30
-48
192
-103
6
-37
13
49
-237
230
18
-80
48
-70
32
-39
32
56
-50
-30
62
-80
63
-41
16
4
-11
5
-1
-11
23
-22
11
1
-14
27
-22
-33
58
-11
16
-71
64
-22
7
-14
6
0
-3
1
-2
-1
-1
-1
0
-1
-1
-2
-1
-1
0
-1
1
0
1
0
0
0
0
1
-2
1
7
-12
8
-21
63
-71
16
-10
58
-33
-22
27
-12
2
10
-21
23
-10
0
5
-10
5
17
-41
65
-78
64
-29
-49
59
33
-38
33
-69
50
-79
20
232
-234
53
16
-34
9
-101
195
-44
-26
-35
8
54
-56
7
-26
14
-6
20
-56
-11
69
-54
4
3
18
1
-88
95
-39
8
-4
-6
12
-21
-16
77
-58
2
-1
11
-32
32
2
-22
5
5
-2
-1
-1
4
0
0
0
1
-3
3
3
6
-31
27
14
-37
14
18
-18
3
0
-1
-1
-2
0
-1
0
-1
-1
0
-1
1
0
-1
0
0
0
0
0
0
1
-1
0
3
-18
19
15
-36
14
27
-31
7
4
2
-3
1
0
0
-2
4
0
-1
-3
5
6
-21
2
32
-31
13
-1
3
-58
79
-14
-20
13
-5
-4
9
-36
99
-85
2
22
7
7
-52
73
-7
-53
22
1
20
-19
-11
-6
-2
-4
8
-41
35
-2
-12
5
-18
9
-8
-33
53
-11
-22
3
9
-7
-10
10
5
-14
-2
12
-14
-7
39
-40
11
-1
-6
8
-3
-1
5
-5
2
-1
0
-4
3
-3
11
-3
-7
-2
23
-22
0
4
-4
3
-2
0
-1
-2
-1
-1
0
0
0
-1
0
-1
0
0
0
-1
-1
0
0
1
-1
2
-3
5
0
-21
24
-2
-7
-4
12
-3
4
-3
0
-1
3
-6
5
-1
-3
7
-6
0
12
-39
40
-6
-13
13
-1
-13
7
9
-10
-6
10
3
-21
-7
58
-29
-5
12
-15
8
-11
2
39
-37
11
3
3
2
-16
5
-13
-4
2
-8
-8
-17
19
-3
10
-25
-10
36
-20
6
-13
-8
8
7
-15
5
-30
36
4
-31
22
-4
-12
-4
16
-11
0
1
-2
4
0
-5
4
-3
4
2
-6
3
2
-2
3
3
-14
11
-5
3
-3
-1
0
0
0
-1
-1
-1
-1
-1
0
1
0
0
0
0
0
0
0
-1
1
0
1
1
-2
4
-5
12
-13
4
3
-2
2
3
-6
1
5
-3
5
-6
1
5
-1
2
0
-10
17
-3
-11
-2
23
-30
5
37
-30
5
-14
9
10
-6
-12
9
-16
39
-8
-24
13
0
21
-13
-4
-6
6
3
-8
13
-11
-4
-5
-5
-4
-1
3
-4
-2
-6
-12
19
-12
1
-17
14
-14
12
-13
8
-5
7
-6
-6
0
4
-7
3
-7
10
-5
3
-9
6
-1
-1
-2
4
-5
4
-1
2
0
3
-3
5
-6
10
-12
3
-1
2
-2
0
0
0
-1
0
-1
0
-1
0
-1
-2
1
-1
0
-1
1
0
0
-1
0
1
1
0
-1
2
-1
4
-11
9
-6
4
-2
2
0
1
-2
4
-4
4
-1
-1
0
6
-9
3
-4
11
-6
3
-6
6
1
-5
-3
9
-5
10
-12
14
-13
17
-13
5
-10
21
-9
-3
0
0
6
3
-2
2
0
4
-10
-4
-4
-6
2
-9
0
1
-7
-1
6
-11
-9
14
1
-13
-10
14
-6
-3
1
2
-4
-3
-4
4
2
-8
6
-8
5
-10
9
-6
5
-2
-3
2
1
-2
0
3
-1
-2
4
1
-9
7
3
-8
2
-2
-1
0
0
0
-1
0
-1
0
-1
0
0
0
0
0
0
0
-1
0
1
0
1
1
0
1
-1
1
3
-7
4
8
-8
2
4
-2
-3
3
1
-2
1
3
-3
-2
4
-4
9
-8
7
-8
6
-7
3
4
-3
-1
-2
3
2
-1
-6
17
-9
-11
3
18
-7
-8
8
1
-5
6
4
-5
5
2
0
3
-8
-8
-1
-8
-7
7
-15
4
-3
-3
-2
-4
3
-13
13
-14
1
2
-10
5
-2
0
-8
5
0
-1
-5
7
-8
5
-8
4
-3
0
1
0
-1
-1
2
-2
5
-5
2
2
0
-1
0
-2
2
-2
1
-3
0
-1
-1
-1
0
-1
-1
0
-1
-1
-1
-2
0
-1
0
-1
0
0
0
0
0
1
0
1
1
-2
3
-2
3
-2
1
-2
1
3
1
-5
5
-1
3
-1
-1
1
1
0
-3
5
-9
8
-7
6
-5
-1
0
6
-6
2
-1
6
-8
3
2
-11
16
-8
6
0
0
-1
-1
9
-13
11
-3
0
4
1
-9
-4
-4
-5
-3
-7
6
-12
5
-7
1
-11
16
-9
-12
5
-3
1
3
-12
7
0
-3
1
1
-5
-1
1
-1
-3
0
1
-3
3
-2
-1
-1
3
0
-2
1
0
1
1
0
1
1
-4
3
-1
-1
-1
0
0
-1
-1
-1
-1
-1
-2
-1
-1
0
-1
0
0
0
0
-1
0
0
-1
0
0
0
0
0
1
-2
0
4
-4
-1
2
0
0
1
-1
1
-2
-1
4
-1
-1
-1
4
-3
2
2
-3
-1
3
-1
-4
2
1
-1
1
8
-12
4
2
-2
8
-8
-7
18
-7
4
-3
6
-10
9
-3
0
3
1
3
-10
-5
-5
-4
1
-9
-2
4
-8
0
5
-9
-2
-7
10
-11
0
7
-12
3
4
-4
-1
1
0
0
-3
0
-5
5
-7
1
-1
1
0
0
-4
2
1
-2
1
2
1
-4
4
0
0
-3
8
-5
-4
3
-2
-2
0
-1
-1
-1
-1
0
0
0
-1
-1
0
-1
0
0
0
0
0
0
0
0
1
0
-1
4
-4
-4
9
-3
0
-1
4
-3
0
1
1
-3
2
1
-3
1
0
2
-1
2
-5
6
-3
1
-2
0
1
3
1
-3
5
4
-12
7
1
-8
14
-4
0
-6
8
3
-5
8
2
-6
3
3
0
3
-9
-6
-4
-4
-2
-1
-2
-6
-1
1
-11
5
-8
9
-13
-1
5
-12
9
-6
0
-8
12
-8
0
-2
0
0
-6
-1
1
-4
2
0
0
-2
3
-5
2
2
-1
5
-7
6
-5
0
2
-2
-1
-2
3
-4
0
0
0
-1
-1
-1
-1
1
0
-2
-1
0
0
0
0
-1
0
0
0
0
0
0
0
1
0
-2
3
0
0
-1
2
0
-4
6
-7
5
-1
2
0
-5
4
-2
0
0
2
-3
3
0
-4
3
2
-2
0
-6
15
-6
1
-4
9
-10
6
2
-10
12
-5
9
-8
3
1
-4
1
3
0
2
2
1
-10
-5
-4
-5
-4
-1
-7
4
-3
-9
11
-15
9
-12
5
-7
4
-4
-2
4
-5
3
-4
0
1
-3
0
2
-2
-3
0
0
-2
0
0
3
-4
4
0
-5
3
-3
7
-1
0
-3
5
-4
-2
0
3
-2
0
-1
-1
-1
0
-2
0
-2
-1
-1
-1
0
0
1
0
-1
0
1
0
0
1
0
0
1
1
-2
4
0
-1
-3
7
-3
0
-1
5
-4
3
-3
0
5
-4
3
-1
1
-2
1
1
-1
-1
2
1
-3
2
2
-3
4
-4
5
-2
-3
5
-5
9
-9
12
-13
14
-7
-2
7
-4
3
0
2
1
4
-1
-4
-6
-5
-1
1
-2
-6
-7
-2
3
3
-6
-10
-4
6
7
-8
-14
1
15
5
-17
-17
10
22
-5
-29
-10
27
20
-23
-33
10
38
4
-38
-17
33
28
-25
-40
10
43
8
-37
-22
24
26
-12
-27
0
18
3
-13
-4
9
2
-8
-2
6
1
-7
-2
5
-1
-6
1
6
-3
-7
3
10
-2
-13
4
18
0
-26
-11
27
24
-22
-37
9
44
10
-39
-26
29
34
-16
-37
4
39
11
-33
-23
21
29
-9
-29
-3
23
11
-15
-15
6
16
2
-12
-7
8
10
-1
-8
-2
5
7
1
-4
-3
3
4
2
-1
-1
1
