0
-2
1
-1
-1
-2
5
1
-5
-2
4
-2
0
-3
8
-19
19
-9
8
-7
9
-14
6
-3
6
-1
-1
0
0
-1
-1
0
0
-1
-2
1
-8
9
0
0
-8
4
1
-1
-1
0
0
0
0
0
0
1
0
0
0
-1
0
0
-1
0
0
0
0
-1
0
1
0
0
-1
-1
0
0
-1
0
0
0
0
0
0
1
0
0
-1
0
-1
1
-2
-5
7
-2
0
-10
7
-2
-1
-2
0
-1
0
0
0
0
1
0
-7
3
-7
15
-10
6
-8
8
-19
19
-10
1
-1
1
-5
1
4
-2
-5
-1
0
0
-2
-2
0
-2
1
-1
3
-8
3
-22
71
-74
30
-4
-6
5
-6
13
-1
-27
19
-2
-2
-19
38
-12
-12
10
-6
3
1
0
1
-1
0
-2
3
-9
16
-18
34
-43
20
-17
8
2
0
-2
1
0
-2
0
0
-1
1
0
1
0
0
-1
-1
0
-1
0
-1
-1
0
-1
0
0
-1
0
0
-1
-2
0
0
0
-1
0
0
0
1
-1
-2
3
-1
-3
-9
15
-22
42
-36
19
-17
8
-4
1
0
0
-1
0
-1
-2
5
-10
11
11
-39
19
1
3
-19
28
0
-13
4
-7
4
4
-31
72
-72
21
-5
5
-3
-2
-2
-2
0
-29
53
-48
29
-37
99
-90
30
-61
49
4
-7
-6
15
-39
83
-47
-9
-23
50
-52
22
3
13
-12
-3
6
-3
0
-1
2
-5
8
-13
-2
57
-91
63
5
-61
53
-43
6
16
-1
-2
3
0
0
-1
-1
-1
0
-1
0
-1
-1
0
0
-1
-1
-1
-1
0
-1
0
-1
0
-2
-1
1
0
0
-1
0
0
-1
0
-1
0
-4
2
1
-17
-6
42
-54
60
-7
-64
89
-59
0
12
-9
4
-2
0
-1
2
-6
2
13
-13
-4
-23
51
-51
23
9
48
-83
37
-16
5
5
-7
-51
60
-31
89
-100
36
-30
45
-53
24
0
27
-189
275
-260
324
-546
633
-300
-178
276
-88
-4
-22
180
-288
185
-209
321
-270
181
-231
279
-165
18
20
10
-16
5
16
-50
44
-24
33
-74
189
-334
409
-362
175
161
-444
415
-223
92
-50
44
-26
7
-6
4
-2
3
-3
1
-1
0
-1
0
1
-1
-1
0
-1
0
0
0
-1
0
-1
-1
0
-1
0
-1
2
-3
1
-5
6
-7
24
-45
50
-92
220
-415
442
-162
-175
362
-410
333
-189
73
-34
23
-44
49
-16
-5
15
-11
-21
-18
165
-281
232
-182
270
-321
209
-185
286
-181
20
2
88
-278
176
299
-634
544
-325
258
-277
188
-32
0
248
-252
18
36
-279
767
-543
110
-195
265
-93
-84
-12
127
-35
-154
269
-216
162
-126
106
-71
-22
63
-63
47
-21
12
-10
10
-12
-5
27
29
-126
-12
183
-84
168
-332
42
177
-11
-47
-6
-49
63
-10
-14
8
-1
-2
0
-2
-1
0
-1
-1
0
0
0
1
0
0
0
0
0
-1
0
0
0
-2
0
1
-1
1
2
-10
13
9
-64
48
6
47
11
-179
-42
331
-169
83
-184
11
124
-30
-28
4
13
-12
9
-12
20
-49
63
-63
21
70
-107
126
-161
215
-270
153
34
-130
9
82
93
-265
193
-111
541
-768
277
-38
-21
251
-250
0
-287
298
-119
113
-382
844
-1149
772
-274
198
-89
-67
133
-12
-122
127
-152
94
-19
5
71
-160
79
49
-61
36
-19
11
-10
12
-24
2
10
53
-113
109
-87
100
-79
63
-149
128
-30
17
3
-23
16
-13
-1
11
-7
3
-2
0
0
-1
0
-1
1
-1
0
-1
0
0
2
-1
0
0
0
0
0
-1
0
-1
1
-3
7
-12
-1
13
-17
24
-2
-19
30
-127
146
-64
79
-102
87
-111
111
-54
-10
-3
23
-12
8
-12
21
-37
62
-50
-79
160
-72
-6
19
-94
151
-127
122
11
-134
66
87
-199
270
-773
1149
-844
381
-114
116
-299
283
0
251
-282
118
11
-326
259
474
-585
276
-217
160
-119
46
-25
-15
35
59
-74
22
-43
127
-104
24
2
-13
-4
14
-7
7
13
-30
12
-2
-27
77
6
-77
-9
-2
75
-71
37
9
-35
13
12
-2
-12
8
-4
0
0
-1
0
-1
0
-1
-1
1
-1
0
0
-1
0
-1
-1
-1
1
-1
0
0
0
0
-1
-1
-1
-1
3
-9
11
0
-11
-12
34
-10
-38
70
-75
2
9
76
-6
-78
26
2
-12
31
-14
-7
7
-15
3
12
-3
-23
104
-127
43
-22
74
-60
-36
16
24
-48
118
-162
215
-277
583
-474
-259
326
-12
-120
280
-256
0
-198
77
228
-333
226
-282
621
-739
570
-260
-40
159
-271
288
-185
84
70
-152
81
-87
195
-175
68
-53
63
-31
5
0
17
-41
36
-11
-5
-20
42
-28
41
-72
80
-68
43
-34
49
-51
44
-60
60
-35
10
-3
0
0
0
0
-2
0
-2
0
-1
1
-1
0
0
0
0
-1
0
-1
0
-1
-1
0
-1
0
0
0
-1
1
-11
34
-60
59
-46
50
-50
31
-43
67
-82
71
-42
28
-43
19
5
11
-35
41
-19
1
-5
30
-63
53
-68
174
-194
87
-83
150
-71
-85
182
-290
270
-161
38
258
-570
738
-621
280
-227
331
-230
-77
192
0
145
-328
248
191
92
-409
-300
618
-243
-13
157
-150
-42
-47
30
307
-257
18
-38
81
-34
75
-40
-32
-11
21
-5
0
4
2
-9
-6
8
-24
46
-7
-18
-17
60
-101
15
113
-67
1
-16
-19
34
4
-9
0
-1
0
1
-1
0
-1
-1
0
-1
-1
-1
-1
0
0
0
1
0
0
-1
0
-1
0
0
0
0
-1
1
-1
9
-5
-36
18
15
-1
66
-113
-16
100
-62
16
18
6
-48
22
-9
6
6
-2
-6
-1
5
-21
10
33
40
-77
33
-81
36
-19
256
-308
-31
45
40
147
-159
11
242
-618
298
408
-93
-193
-248
327
-149
0
-55
-52
218
-207
214
91
-671
632
-275
123
-135
169
-89
-25
73
-4
-69
58
-50
58
-148
183
-41
-30
17
-10
-1
-3
4
-2
-2
0
-13
34
-45
61
-70
38
9
-90
153
-122
54
-33
32
-7
-15
18
-12
2
0
0
0
0
0
-1
-1
-1
0
0
-1
1
0
0
0
-1
0
0
0
0
-1
-1
0
0
0
-1
-1
-3
11
-19
15
6
-32
33
-55
121
-155
88
-11
-39
69
-62
45
-36
13
-1
0
2
-4
1
1
10
-16
29
40
-184
147
-58
49
-58
69
3
-75
24
88
-171
133
-126
273
-633
669
-92
-216
206
-220
50
49
0
-69
-18
145
-99
-226
167
597
-666
114
56
-57
-10
60
24
-107
47
23
18
-56
25
-70
168
-93
-17
2
5
4
-1
-1
1
-6
5
-7
-17
55
-30
-9
6
-39
112
-99
3
38
3
-17
-13
10
-3
4
0
-1
-1
0
-1
-1
0
-1
-1
0
-1
0
0
-1
0
-1
0
0
0
-1
0
0
0
-1
0
0
0
-1
0
-5
3
-11
11
16
-4
-38
-3
99
-112
38
-5
9
30
-57
16
5
-5
5
-2
0
1
-4
-6
-3
16
93
-168
69
-25
55
-19
-23
-47
105
-24
-63
8
55
-57
-118
665
-598
-168
224
98
-147
16
64
0
74
-91
-6
223
-521
492
-85
-44
-16
2
44
-74
15
43
-55
-13
85
-108
84
-112
44
151
-118
1
5
-3
0
1
6
-6
-7
16
2
-28
-1
52
-60
60
-44
-58
101
-48
25
-19
31
-42
21
-3
-1
2
-2
0
-1
1
1
0
0
0
0
-1
0
-1
0
0
0
0
-2
0
-1
-1
-1
-1
-1
1
1
-1
1
-2
1
2
-22
41
-31
18
-26
48
-102
57
42
-62
61
-53
1
27
-3
-17
7
7
-8
-2
0
1
-5
-2
119
-152
-44
112
-84
108
-85
12
54
-44
-16
73
-46
-3
13
43
85
-493
520
-223
5
90
-79
0
-144
205
-42
-318
268
279
-664
360
35
-27
40
3
-107
43
71
-88
-29
72
-34
62
-136
145
-47
-25
18
4
-10
5
-9
13
-14
9
-5
6
-6
-12
-3
43
27
-208
272
-148
10
24
-1
-10
2
5
-4
2
-2
0
0
-2
1
-1
-1
-1
0
1
0
-1
0
0
0
0
-1
-2
0
1
0
0
-1
2
-1
0
1
-3
3
-5
-2
10
0
-26
-10
148
-273
207
-28
-43
1
11
5
-7
5
-9
15
-14
8
-5
8
-5
-18
25
47
-146
137
-62
31
-74
29
88
-72
-45
105
-5
-42
25
-38
-360
662
-280
-269
316
39
-205
139
0
222
-51
-337
376
47
-246
18
46
-50
141
-228
204
-49
-57
81
-52
39
-30
-6
27
-119
199
-102
8
2
1
-3
1
3
-5
1
2
2
-2
1
-1
-7
25
-22
-22
42
-13
-8
6
-7
3
-1
1
-2
3
-2
-1
0
-1
0
-1
-1
0
0
-1
1
-1
-2
0
-1
0
-1
0
0
-1
0
0
-2
0
1
0
1
-3
2
-1
0
-4
7
-7
5
12
-43
21
20
-27
7
-1
-1
2
-3
-2
-1
6
-3
-2
2
-1
-4
-8
103
-199
119
-28
6
29
-38
52
-82
56
48
-205
226
-143
47
-47
-19
245
-47
-377
334
50
-226
0
-229
304
-291
217
-37
-23
-65
70
-13
-5
39
-73
53
-20
-22
20
23
-12
-13
-10
36
-28
16
-8
-6
8
-3
2
-1
-1
-1
1
-2
1
0
-1
5
-5
15
-44
46
-16
-4
2
0
0
1
0
-1
0
0
-1
0
0
0
-1
0
0
0
0
-1
0
0
0
0
0
-1
0
-1
0
-1
-1
0
-1
0
-1
0
-1
1
0
-1
0
0
-4
4
16
-46
42
-15
5
-6
0
0
-2
1
-2
-1
0
0
-2
3
-8
7
7
-17
28
-38
10
11
12
-23
-20
21
19
-55
71
-38
5
11
-71
64
22
36
-219
288
-304
225
0
88
-51
-44
50
-4
-39
42
-8
10
-35
30
-27
15
11
-10
-15
14
6
-12
-13
45
-49
31
-11
1
2
-2
1
0
1
0
0
-2
3
-1
1
-1
3
-2
-2
5
-7
4
-1
-1
0
-1
-1
1
-1
0
-1
-1
0
0
0
0
0
0
-1
0
0
0
0
-1
0
-1
0
0
-1
0
-1
-1
1
0
0
0
2
-3
0
-1
-1
-1
0
-5
6
-5
1
1
-3
-1
-1
1
-3
1
0
0
-1
0
-1
2
-3
-1
10
-31
49
-45
13
12
-7
-15
14
10
-11
-17
25
-32
33
-12
6
-42
38
3
-51
41
50
-93
0
4
-21
18
6
-26
20
-1
-4
1
-5
2
0
-5
1
8
-9
3
0
-5
5
1
-2
-2
3
-2
0
2
0
-2
-1
1
-1
1
-1
1
0
-3
0
1
-1
-1
0
0
0
-1
-1
0
1
-1
-1
-1
-1
0
0
-1
-1
-1
-1
-1
0
0
0
0
0
-1
0
0
0
0
0
-1
0
0
-1
0
0
0
-1
1
-1
1
-2
1
0
-1
-1
1
-1
-2
-1
1
-1
-1
0
-2
0
0
-1
1
0
-2
-1
2
-4
1
1
-1
-5
4
-1
-5
9
-10
-2
5
-1
-3
2
-4
4
0
-21
26
-6
-22
20
-9
0
-6
1
-2
5
-5
8
-11
3
1
0
-3
0
-3
-2
0
-1
2
-1
1
-3
3
-1
-1
0
-1
-1
-1
1
-1
1
0
0
0
0
-2
0
-1
1
-1
1
-1
-1
0
1
0
-1
0
0
0
0
0
-1
0
0
0
1
0
-1
0
-1
-1
0
0
0
0
0
0
0
0
0
0
-1
0
-1
0
1
0
-1
-1
-1
0
-1
0
0
-1
-1
0
-2
0
-1
0
-1
-1
0
0
0
1
-1
0
-1
0
0
0
0
2
-1
-2
2
-1
0
-2
0
-3
1
0
-2
-1
-2
-2
-4
9
-9
4
-7
-3
-2
2
0
0
-1
-1
-1
2
-1
0
-3
-1
0
-1
-1
0
-1
0
0
-1
0
0
1
0
-2
0
0
0
-1
0
0
0
0
0
0
-1
-1
-1
0
-1
0
-1
-1
0
-1
1
0
0
-1
0
0
-1
0
0
-1
0
0
-1
0
-1
1
-1
0
0
0
0
0
-1
-1
0
0
0
-2
0
0
0
0
-1
0
-1
0
-1
-1
-1
-1
0
1
-1
-1
-2
0
-1
-1
0
0
0
0
-2
0
0
-1
0
0
0
-1
-1
0
0
1
0
-1
0
-1
1
-1
-1
0
0
0
-2
-2
-1
2
0
0
-2
0
0
0
-3
0
-3
3
0
0
1
0
1
0
0
-1
-2
0
0
0
0
2
0
-2
1
1
-2
0
-1
-1
1
1
-1
1
-1
0
0
0
0
-1
-1
1
0
-1
0
0
-1
0
0
1
0
0
0
0
0
0
0
-1
0
-1
-1
-1
-1
-1
-1
0
0
-1
0
0
0
0
0
0
-1
0
-1
0
0
0
-1
0
0
0
0
0
-1
0
0
0
-1
-1
-1
-1
0
0
-1
-1
-1
0
-1
-1
-1
-1
0
-1
1
-2
0
0
-2
1
-1
-1
0
1
0
-2
0
0
0
-1
0
-1
-1
-1
-1
-1
-1
-1
-1
-3
0
0
0
-1
-2
0
0
-1
0
0
-1
-2
0
-1
-1
1
-2
1
-1
-1
1
1
-1
1
-1
0
0
1
-1
1
-1
0
0
0
0
0
-1
-1
0
-2
-1
1
0
-1
-1
0
0
-1
0
0
0
0
0
-1
-1
-1
-1
-1
0
0
-1
-1
-1
0
0
0
0
-1
-1
0
0
0
0
0
0
-1
1
-1
0
0
-1
0
-1
-1
-1
0
0
-1
-1
-1
0
-1
-1
-1
0
0
-2
0
-1
0
0
-2
-2
0
0
-1
0
-2
1
-1
-1
-1
0
-1
1
-1
0
-1
-1
0
-1
-1
0
0
-1
-1
-1
0
-3
0
-2
0
0
0
0
-1
0
0
-1
-1
0
0
-1
-1
0
0
-1
0
0
-1
1
0
1
0
0
0
0
-1
0
0
0
0
0
-1
0
0
-1
-1
-1
0
1
-1
0
0
0
0
-1
-1
-1
0
-1
-1
0
0
-1
0
-1
-1
-1
-1
-1
-1
0
0
0
0
0
0
0
-1
0
-1
0
0
0
0
-1
-1
0
0
-1
-1
0
0
-1
0
0
-1
-2
-1
-2
0
-1
0
-1
0
0
0
-1
-1
-1
-1
1
-1
-1
0
-1
-1
0
-2
0
-1
0
-1
-1
-1
-1
-1
-1
-1
-1
-1
-1
-1
-2
-2
-2
0
0
0
-2
0
-1
-1
0
-1
0
0
0
-1
-1
-1
-1
0
0
1
1
1
0
-1
0
0
0
0
0
-1
0
0
0
0
0
-1
0
0
0
0
-1
-1
1
0
0
0
0
0
0
-1
0
0
-1
0
-1
-1
1
-1
0
0
0
-1
0
-2
-1
0
0
0
-1
0
0
0
0
0
-1
0
0
-1
0
0
0
0
0
0
0
-1
0
-1
-1
-1
-1
-1
-1
-1
0
0
0
0
0
0
0
0
-1
0
0
0
-1
0
0
-1
0
-1
0
-1
0
-1
-1
0
-1
-1
-1
-1
0
-1
-1
-1
-1
-1
-2
0
-2
0
0
0
1
-1
0
0
-1
-1
-1
0
-1
-1
0
0
1
0
0
0
1
-1
0
0
-1
0
1
0
0
0
0
-1
0
0
-1
0
0
-2
0
0
1
1
0
0
-1
-1
-1
0
-1
0
0
0
-1
-1
0
0
0
0
0
0
-1
-1
-1
0
0
0
0
0
-1
0
-1
0
0
0
-2
0
-1
0
0
0
-1
-1
-1
0
0
-1
-1
0
0
0
-1
0
0
-1
-1
0
0
-1
-1
0
0
-1
0
0
0
0
0
0
-1
0
-2
0
-1
-1
-1
0
-1
-1
-1
0
0
-1
0
0
-2
-2
-2
0
-1
0
0
1
-1
0
-1
0
-1
-1
-1
-1
-1
-1
0
0
-2
1
0
0
1
0
0
1
1
1
-1
0
0
0
0
0
0
0
0
-1
1
0
-1
0
0
-1
-1
-1
-1
0
0
0
0
-1
0
0
-1
-1
0
0
0
0
-1
-1
-1
-1
0
0
-1
0
0
0
0
-1
0
0
-1
0
0
0
-1
-1
0
0
-1
0
0
-1
-1
0
-1
0
0
0
-1
-1
-1
-1
0
0
0
0
0
0
1
-1
0
-1
0
0
0
-1
-1
-1
0
0
0
-2
-1
0
-1
-1
0
-1
-1
-1
-1
-2
-2
-2
0
0
-1
0
-1
0
-1
0
-1
0
0
-1
0
-1
0
-1
-1
0
0
1
1
1
0
0
0
0
0
0
1
1
-1
-1
0
0
0
0
-1
0
-1
-1
-1
-1
0
-1
0
0
-1
0
-1
0
0
-1
0
0
-1
1
-1
-1
-1
0
0
0
-1
0
-1
0
-1
0
0
0
-1
0
-1
0
0
-1
0
-1
0
0
0
-1
0
-1
0
0
-2
-1
0
0
-1
0
-1
0
-1
-1
0
-1
0
0
0
0
-1
0
-1
-1
0
-1
-1
-1
-1
-1
-1
-1
0
-1
-2
-1
-1
0
-1
-1
-1
0
0
-1
-1
-1
-2
0
-1
0
-2
0
-1
-1
0
-1
-1
0
0
-1
-1
-1
-1
0
-1
0
0
0
-1
1
-1
0
0
0
1
0
0
0
-1
-1
0
0
-1
-1
0
-1
0
-1
0
0
0
0
0
-1
-1
-1
-1
-1
-1
0
-1
-1
0
-1
0
-1
0
-1
0
-1
-1
0
0
0
-1
0
0
0
0
-1
0
0
0
-1
0
0
-1
0
0
0
-1
-1
0
-1
-1
1
0
1
-1
0
0
-1
-1
0
0
0
0
0
0
-1
0
-1
0
0
0
0
0
-1
-1
-1
0
-1
-1
0
0
-1
0
-1
0
-1
0
-1
0
-1
-1
0
-2
1
0
0
0
0
0
0
-1
0
0
0
-2
-1
-2
0
-1
-1
1
-1
0
0
0
1
0
1
0
0
0
0
-1
-1
0
0
0
0
0
1
0
0
0
0
-1
-1
-1
0
0
0
0
-1
-2
0
-1
-1
-1
0
0
0
0
0
-1
0
-1
0
0
0
0
0
0
-1
0
-1
0
0
0
0
0
-1
-1
0
-1
-1
-1
0
0
-1
0
-1
0
-1
0
0
-1
-1
0
0
0
0
0
-1
0
-1
0
-1
1
0
0
0
-1
0
-1
0
-1
-1
-2
0
-1
-2
-1
0
0
0
0
-1
-2
-2
-1
0
-1
0
-2
0
-1
0
-2
0
-1
1
-1
0
-1
0
-2
0
0
0
0
-1
0
-1
1
0
1
0
-1
-1
0
0
0
0
0
0
-1
0
1
-1
0
-1
0
0
-2
-1
1
0
0
0
-1
0
-1
0
-1
-1
-1
-1
0
-1
-1
0
-1
-1
-1
0
-1
0
0
1
-1
0
-1
0
-1
0
-1
0
-1
0
-1
-1
0
0
-1
0
0
-1
-1
1
0
-1
-1
-1
0
0
0
0
-1
0
-1
0
0
-1
0
0
-1
-1
0
0
0
0
0
-1
-1
0
-1
0
-1
-1
-1
-1
-1
-2
-1
-1
-1
-1
-2
0
-2
1
0
0
1
0
0
0
-1
-1
0
0
0
-1
-1
0
1
-1
0
-1
-1
0
0
0
0
0
0
-1
-1
0
0
0
0
0
0
0
0
0
-1
0
0
0
-1
-1
0
1
0
0
1
-1
1
-1
-1
-1
0
0
0
0
0
-1
0
0
0
0
-1
-1
0
0
-1
0
0
0
-1
1
0
0
-1
0
0
0
0
-1
-1
-1
-1
0
0
0
1
-1
0
-1
-1
0
0
0
-1
0
-1
0
0
0
0
0
1
-1
0
0
0
0
-1
0
0
-1
0
-1
-1
-1
0
0
-1
-1
-1
-1
-1
-3
-1
0
-2
1
0
0
0
0
-1
-1
0
-2
0
-1
-1
-1
0
0
0
-1
0
1
0
1
1
0
0
-1
0
0
0
0
1
0
0
-2
0
-1
-1
0
0
-1
0
0
0
0
0
0
1
-1
-1
-1
-1
-1
0
0
0
0
0
0
-1
-1
0
0
0
0
0
0
0
0
-1
0
-1
0
0
-1
0
-1
0
0
0
0
0
-1
0
0
0
-1
0
0
-1
0
0
0
0
0
0
-1
0
0
0
0
-1
0
-1
-1
0
-1
0
-1
0
-1
-1
-1
-1
-1
-1
-1
0
0
-1
0
0
0
-1
-1
-1
-3
-1
0
0
0
0
0
-1
0
-1
0
-1
-1
0
-1
-1
-1
-2
0
0
0
1
0
0
0
0
0
0
0
0
-1
0
0
0
0
0
0
0
0
-2
-2
-1
0
0
1
0
0
-1
0
0
0
0
0
0
0
-1
-1
0
0
-1
0
0
0
0
0
0
0
0
0
0
0
-1
-1
0
0
0
-1
0
0
0
0
-1
0
-1
-1
0
0
-1
-1
-1
0
0
0
-1
0
-1
0
-1
0
0
0
0
0
0
0
-1
0
0
0
0
-1
-1
-1
-1
0
0
0
-1
0
-1
-1
0
0
-1
0
0
0
-2
-3
-2
