0
3
0
-3
-2
5
-4
10
-19
11
-12
14
-14
32
-43
17
1
-15
35
-37
35
-26
2
13
-9
9
-8
-7
7
2
1
-10
7
4
-5
-3
-6
16
-7
-4
2
1
0
2
-4
-2
7
-2
0
0
-1
0
1
-4
-4
6
-3
1
-2
0
1
-2
-1
-1
0
0
0
1
-1
1
1
-2
3
-7
2
2
-1
-1
0
0
0
2
-8
2
4
-2
-1
-2
-3
4
7
-15
5
1
5
-6
-8
10
-1
-3
-7
6
8
-9
8
-14
-2
26
-34
35
-35
15
-1
-18
40
-34
11
-15
10
-14
18
-11
3
-6
0
-1
-2
-8
0
-2
-1
-3
4
2
-8
13
-10
7
-12
5
1
-18
38
-29
9
-3
8
-20
17
-3
-4
0
10
-7
-5
3
-4
3
3
0
-5
5
-3
3
-14
16
-13
10
-5
-2
-2
10
-5
-6
9
-8
-3
8
-7
2
1
-2
-1
5
-5
0
-1
0
-1
-1
-1
0
0
-1
0
-1
0
0
-1
-2
5
-5
1
2
-2
-3
6
-9
2
7
-11
4
4
-11
1
0
4
-10
12
-17
14
-4
3
-6
5
-1
-4
-4
3
-4
4
7
-10
-1
3
3
-18
17
-9
2
-10
28
-40
17
-2
-7
10
-8
9
-14
7
-3
-6
1
0
-3
0
-1
-1
3
-4
7
-18
16
-6
-1
10
2
-34
24
-6
-4
4
-1
-8
28
-31
11
4
-11
1
0
-5
9
-1
1
-3
-5
6
-5
3
8
-7
-3
-5
11
-3
-2
-3
7
-9
4
3
-8
7
-5
1
0
0
-2
-1
3
-2
-2
2
-1
-2
0
0
-1
0
0
0
-1
1
0
-2
1
1
-3
-1
0
0
-1
-2
4
-8
8
-4
-5
8
-8
2
2
2
-11
4
3
7
-8
-4
4
-7
6
2
-2
0
-9
4
-1
-2
11
-5
-11
29
-29
8
-1
-5
2
5
-26
32
-3
-13
-1
6
-16
17
-9
1
-6
0
-3
0
-7
4
-3
-2
1
3
-2
0
2
-5
5
-16
23
-29
25
-20
13
-18
20
-2
-9
16
-18
9
-5
5
-3
2
-3
6
-8
3
-2
2
8
-13
-4
13
-7
-2
6
-5
-1
3
0
-3
0
-2
4
-2
-6
9
-8
5
-4
3
-4
1
0
1
-1
-1
0
0
0
-1
0
0
0
-3
3
-4
3
-5
7
-8
5
0
-5
1
-1
2
0
-4
0
4
-8
1
7
-14
3
12
-8
-3
1
-3
9
-7
3
-2
1
-6
5
-10
18
-16
8
3
-19
17
-14
19
-27
27
-24
15
-7
3
-4
-1
2
-4
-3
1
0
-6
3
0
-21
11
-4
4
-4
2
-2
-2
2
0
-5
21
-25
5
-8
8
8
-15
10
0
-3
3
-1
-2
5
-5
-2
2
-2
13
-15
6
1
-4
2
-2
-4
-3
14
-12
4
-3
-3
6
-8
6
0
-1
-3
4
-2
-2
0
0
-3
6
-2
-2
1
-2
1
-1
-1
0
0
0
-1
2
-1
1
1
-6
3
0
-1
1
1
-5
3
1
-1
-6
7
-7
2
2
-5
11
-15
2
3
0
-4
2
-2
-6
14
-14
3
-2
1
5
-7
2
1
-3
1
-1
-10
14
-9
-8
7
-7
23
-23
3
-1
-3
2
0
-4
3
-5
1
-12
16
0
9
3
-15
11
13
-19
-9
32
-16
-17
6
16
10
-35
21
4
-20
4
7
-6
7
-5
-2
2
-3
0
-2
7
-7
5
0
5
-6
-9
16
-4
-15
13
-2
-10
9
-6
5
0
-7
3
-1
2
-8
5
1
-1
-3
0
-2
2
0
-1
-2
0
0
-2
1
0
0
1
-1
-1
1
-2
0
-3
1
-2
3
0
-3
-5
7
-2
0
-4
6
-1
-6
5
-9
9
0
-13
13
4
-17
7
6
-6
1
-6
5
-6
2
0
0
-4
2
4
-8
6
-8
-5
17
-4
-24
33
-12
-17
-7
16
13
-33
8
19
-14
-11
13
-4
-13
0
78
-28
-83
214
-374
369
-172
74
-136
210
-259
198
-61
-5
-4
36
-83
93
-65
42
-40
44
-37
30
-29
17
-1
-6
6
-3
-3
11
-17
2
30
-63
76
-64
35
-9
-7
4
5
-2
-8
0
6
-1
-1
1
-1
-5
8
-5
1
1
-1
0
-1
1
-1
0
-2
0
0
0
1
-2
1
-2
0
-2
0
4
-7
4
-1
-3
1
1
-5
-1
6
2
-8
-4
6
8
-35
63
-77
62
-30
-3
15
-11
2
4
-7
4
1
-18
30
-31
35
-42
38
-43
64
-94
81
-36
3
4
60
-200
257
-212
133
-75
171
-370
372
-215
81
26
-82
0
36
10
8
-108
186
-276
238
-25
-63
-32
126
-146
89
-8
-43
55
-52
41
-26
5
15
-12
-10
19
-22
20
-7
-3
-1
8
-11
3
11
-5
-12
7
-8
25
-32
25
-14
-2
7
-2
-11
11
1
-5
0
2
-3
1
-4
-2
9
-7
-1
3
-3
0
0
-2
1
0
-1
1
-1
0
2
-3
1
7
-10
1
2
-2
3
-2
0
5
-1
-12
9
1
-6
0
14
-26
30
-26
7
-8
12
3
-13
-4
11
-8
0
2
7
-21
20
-20
9
11
-15
-6
26
-41
52
-55
40
7
-91
145
-127
30
62
24
-239
276
-187
106
-12
-11
-40
0
10
-8
36
79
-331
390
-208
61
-65
98
-69
31
-5
-8
-6
-15
61
-88
56
-7
1
-19
15
3
-9
3
-5
7
-6
5
-3
5
-11
-1
16
-18
9
5
-22
17
-5
4
-6
-1
4
-6
9
-9
1
3
1
-2
2
-2
-1
-3
4
-3
-1
0
-2
1
-1
0
0
-2
1
-1
1
1
-6
3
-1
1
-3
2
-1
-3
-1
9
-8
5
-4
0
4
-4
3
-17
21
-7
-10
18
-15
0
10
-5
2
-5
5
-8
4
-5
9
-4
-16
19
-2
7
-57
87
-61
15
4
6
3
-33
66
-100
64
-61
208
-389
331
-80
-39
7
-15
0
-3
-5
-5
24
121
-366
295
-92
59
9
-116
97
-14
-17
1
-10
39
-24
-19
13
16
-11
2
-13
13
0
0
-4
1
-2
7
-2
1
-14
6
4
14
-20
-2
21
-12
4
-6
2
-7
7
-7
3
-2
4
-6
4
1
-6
6
-6
2
-1
-1
0
0
-2
0
0
-1
-1
-1
0
-1
0
-3
5
-6
4
-1
-5
6
-5
1
-3
5
-8
5
-2
6
-4
11
-22
1
19
-14
-5
-7
12
-2
1
-7
3
-1
3
1
-1
-14
12
-2
12
-16
-12
18
23
-40
10
-2
14
14
-98
114
-10
-61
91
-296
365
-122
-24
1
3
-2
0
-28
-3
-19
6
-139
341
-240
74
6
4
-122
102
1
-22
26
-12
29
-92
63
-9
0
3
8
-5
-6
4
5
-4
3
1
-1
5
-15
25
-25
5
-15
27
3
-9
6
-10
-3
0
13
-10
1
0
2
0
-2
-2
0
2
-7
7
-3
-2
0
0
-2
1
-1
0
0
-1
1
0
0
0
2
-8
5
-3
0
1
2
0
-3
0
-1
9
-15
0
2
10
-5
8
-3
-27
14
-5
25
-26
15
-6
2
-2
-2
3
-4
-4
7
4
-8
-2
2
8
-63
92
-29
12
-27
22
-2
-104
119
-5
-9
-74
239
-342
137
-7
17
3
22
0
-32
-12
-11
-52
161
-5
-114
45
-27
105
-115
38
-33
39
-21
25
2
-38
7
16
-7
3
-3
4
2
-10
7
-4
4
0
-8
12
-14
9
-11
6
6
0
-4
-1
2
2
-4
-4
4
2
-2
-3
3
1
-4
4
-1
-8
9
-3
-1
1
-1
-1
1
-1
0
0
-1
-1
-1
0
1
-2
1
3
-9
7
0
-4
2
-2
-4
2
2
-2
-3
2
4
-3
-3
0
5
-1
-7
-7
9
-10
13
-12
9
-1
-4
5
-8
9
-1
-4
3
-3
7
-17
-8
37
-2
-26
20
-41
32
-39
113
-107
24
-46
113
3
-162
50
9
11
28
0
-49
-6
10
-150
284
3
-104
-19
20
-102
212
-137
29
-23
9
-2
-40
55
-19
2
-2
-6
3
-4
6
-5
13
-8
0
0
4
-6
0
-9
30
-27
11
-10
-4
12
-3
11
-16
10
-9
5
-1
1
-1
1
-4
2
2
-3
-2
3
-3
0
-1
-1
-1
0
-1
0
0
-1
0
0
0
-1
2
-5
1
2
-3
-3
4
-1
0
-2
1
-5
8
-10
16
-12
3
-13
3
10
-12
27
-31
8
-1
6
-4
-1
0
7
-14
5
-7
3
-5
6
2
-3
19
-55
39
1
-10
21
-30
136
-216
100
-21
18
103
-5
-285
149
-12
5
45
0
-61
5
24
-157
217
65
-89
-42
53
-117
84
-6
-6
11
-20
17
-19
-12
9
11
-1
3
-3
7
-4
10
-9
-7
3
-2
11
-15
9
0
-8
16
-16
11
-17
22
-19
10
-4
-6
7
-6
2
1
-2
-1
2
-3
5
-4
-2
2
2
-2
-1
0
0
0
0
0
0
-1
0
0
1
1
-2
-3
1
4
-6
3
-3
0
0
-1
-3
5
-9
5
6
-12
18
-24
17
-12
14
-16
7
-1
-10
14
-11
2
-3
6
8
-11
4
-8
4
-5
1
-11
-11
13
18
-17
17
-12
5
5
-87
115
-55
42
88
-65
-219
156
-28
-7
55
0
-73
21
30
-154
213
19
-61
-18
14
-57
-4
40
-11
-2
-10
0
54
-57
19
-4
0
2
-2
3
-12
2
13
-2
-4
1
-3
-1
1
2
-2
-5
4
-4
2
-2
2
-2
4
-7
5
0
0
0
-3
4
-5
2
4
-1
-5
-3
7
-5
1
-2
-1
0
0
0
-1
-1
-1
1
-2
4
-7
1
4
0
-3
-3
4
-5
3
0
-1
-1
-6
7
-4
2
-3
1
-4
4
-4
4
2
-3
-3
0
2
-2
4
2
-12
-3
12
-5
1
-2
-1
3
-20
56
-55
0
9
-1
10
-42
2
54
-16
17
61
-20
-214
152
-33
-22
67
0
-85
45
55
-203
289
-101
-38
9
7
-41
5
15
15
2
-10
-8
32
-25
-6
7
0
1
-5
10
-3
-4
-9
8
1
1
-9
11
-9
2
3
-2
2
-4
4
-5
1
-2
6
-5
3
-4
3
-3
-3
5
-5
3
-2
-6
4
0
2
-3
-1
0
-1
0
0
0
0
0
0
-1
-1
3
-2
-1
-5
5
-1
-5
4
-6
3
2
-4
2
-3
4
-6
2
-3
3
-5
4
-2
2
-3
-3
9
-12
8
-2
-1
-9
9
3
2
-11
4
-2
0
-6
6
25
-34
7
9
-4
-17
-17
-7
40
-8
-10
37
101
-290
201
-58
-45
80
0
-84
48
42
-156
182
-69
-4
-3
-18
83
-92
45
-17
-2
16
-12
-25
20
7
-4
0
1
-3
4
-3
-3
-2
7
-5
1
-1
-2
3
-1
0
-2
4
-6
5
-1
-3
-1
2
1
-1
-1
-4
6
-4
2
1
0
-2
-3
-1
0
1
-1
1
0
-1
0
-1
0
0
-1
1
0
-2
1
-1
-1
-1
0
1
0
-3
-2
3
-7
1
1
2
-2
-3
-1
2
1
-7
5
-5
3
0
-1
-3
2
0
-2
4
-7
0
3
1
-4
3
-2
0
3
-8
-21
24
11
-17
2
15
-45
89
-84
15
3
4
68
-184
154
-46
-50
80
0
-30
17
-9
-15
37
-3
-18
10
-5
10
-14
-2
4
-2
-5
12
-16
9
-1
0
-3
4
-1
-3
6
-7
4
-1
4
-13
17
-9
1
-1
-1
-2
0
1
0
3
-5
-4
6
-1
2
-4
1
1
-2
3
-7
2
-1
-1
1
3
-5
1
1
-2
-1
0
0
0
0
0
-1
1
-1
-2
5
-4
-1
0
0
-3
6
-4
1
-1
-1
3
-4
1
-7
3
6
-5
-1
-1
0
1
0
-1
-2
8
-17
13
-3
0
-5
6
-7
2
1
-6
4
-1
-1
-9
16
-12
3
0
-6
1
12
-12
2
-11
17
2
-38
14
5
-17
25
0
-17
-2
8
-7
6
-7
4
-3
1
-2
-3
3
-5
2
-1
4
-2
-3
2
-2
3
3
-4
2
-5
2
3
-3
2
-5
6
0
-5
1
2
-3
2
-3
4
-8
4
0
1
-4
2
0
-1
-3
2
-2
-1
0
0
3
-6
3
-3
1
-2
1
0
0
0
0
-1
0
0
-1
2
-3
3
-5
5
-4
-2
0
0
1
-2
2
1
-1
-3
3
-1
-2
-6
7
-4
2
-4
1
-3
-3
4
0
-7
5
-2
2
-3
-3
3
-2
4
-4
-2
1
-2
2
2
-5
0
-4
4
-5
1
1
-3
3
-5
5
-8
6
-12
0
13
0
-16
7
1
1
-10
3
4
-4
1
-2
1
-3
3
-3
5
-9
1
5
-4
-1
0
4
-5
2
1
-4
1
-3
-1
5
-7
3
-1
0
0
3
-3
1
-5
2
3
-1
-2
2
-1
-1
-1
1
0
-3
2
-2
-2
4
-5
0
1
-1
3
-1
0
0
0
0
-1
-1
0
1
-3
0
-2
-1
3
-6
0
1
-3
0
0
-1
0
0
0
-3
2
0
-4
-4
4
-1
2
-4
-1
-2
-1
-3
7
-6
0
3
-4
3
-3
-2
4
-4
0
0
2
-6
-2
9
-8
1
-3
1
-3
1
-4
3
-5
-4
9
-3
-4
-9
11
0
-8
0
3
1
-6
1
0
4
-4
-2
4
-3
-2
2
-6
6
1
-2
1
-2
4
-5
0
1
0
1
-4
2
0
3
-5
1
3
-3
-2
2
-1
2
0
-2
3
-1
-2
-1
2
-2
1
2
-3
0
4
-6
3
-1
2
-1
-1
1
-3
1
-1
0
0
0
-1
0
1
-2
2
-2
0
0
-3
0
-4
6
-4
0
1
-2
-1
3
-3
0
3
2
-3
1
-2
-2
1
-2
0
1
-3
-1
5
-3
-1
-2
3
-1
1
-1
-1
4
-4
2
-4
2
0
-6
7
-3
0
1
-6
1
2
-5
0
-2
5
-2
-5
-2
3
0
-5
2
-1
2
-3
-2
2
0
-2
1
-3
1
1
-4
-2
2
0
1
-5
4
-4
1
1
-3
9
-9
4
-3
2
-1
7
-10
1
5
-3
-1
0
-3
6
-2
0
-2
1
0
-2
-3
6
-1
-5
2
1
-5
6
-5
4
-1
-1
0
1
0
-1
1
0
0
0
-1
0
-1
-1
0
1
1
-4
3
-6
5
-3
-3
3
0
-7
2
1
-1
-2
1
0
2
-7
2
-1
1
1
-6
-2
9
-6
0
-4
3
-3
8
-8
3
-2
-2
3
-3
4
-3
0
-3
1
1
-2
-4
1
-2
1
-1
-4
0
1
-3
-1
-3
1
0
-5
5
-7
9
-12
5
-2
3
-1
0
-2
-1
-1
2
2
-3
-1
2
2
-4
6
-4
-1
3
-1
-3
3
-3
4
-6
1
7
-6
1
-2
1
1
1
-1
0
-3
3
1
-2
2
-2
-2
3
-4
4
-2
1
-4
5
-4
3
-2
0
0
0
-1
0
0
0
1
-1
0
0
0
0
2
-4
2
-6
3
0
1
-5
4
-4
0
0
-3
1
-1
-4
1
0
1
-3
-2
-1
2
-2
5
-7
-1
5
-4
2
-4
2
-1
-4
1
3
-5
3
-2
-4
1
2
-3
-3
0
-1
0
-1
0
-3
0
-5
12
-10
4
-6
1
0
-4
3
-2
5
-11
7
-2
3
0
-3
0
-2
4
-2
-6
7
-2
-1
2
0
4
-4
0
2
1
-4
4
-1
1
0
-5
6
-2
-1
4
-6
0
5
-3
1
-1
3
-2
-2
-1
-1
6
-8
3
-2
-1
-2
3
-5
5
-3
-1
-1
-1
0
0
-1
0
0
-1
0
-1
-1
-1
0
1
2
-6
4
-4
1
2
1
-4
7
-7
0
0
1
1
-4
1
-2
3
-5
0
5
-5
0
2
-6
6
-1
-1
1
-4
4
-2
-3
1
3
-4
0
-1
1
3
-8
5
0
-6
-1
-1
1
-2
-3
1
-8
10
-7
0
-4
1
0
1
0
-3
8
-8
2
-2
4
-3
-3
1
-1
-3
1
4
-6
0
-1
6
-3
1
2
-1
2
1
-2
1
-2
5
-7
5
-1
1
-1
0
-4
-1
2
0
-3
0
-1
-2
2
0
-2
2
-9
6
-2
-3
5
-2
0
-1
-1
0
-1
-2
0
0
0
-1
0
1
-1
0
-1
-1
0
-1
1
0
0
1
-5
2
1
-7
8
-4
1
0
-2
0
0
-1
3
-2
-4
0
2
0
0
-3
1
-4
6
-5
2
-2
1
-1
-2
2
-2
-1
3
-5
1
-1
5
-6
-3
2
0
-4
0
2
-5
1
-3
7
-8
1
-1
-6
0
0
0
-5
5
-4
0
0
-1
2
-5
1
-1
-3
2
-6
6
-5
2
1
-4
2
3
-2
3
-3
3
-1
2
-4
4
-2
4
-2
-5
3
0
-3
2
-5
3
1
-6
2
2
0
-2
-4
6
-3
0
-1
-1
4
-6
5
-5
1
-3
2
-1
-1
0
0
0
-1
-1
0
1
-2
2
-3
4
-5
5
-4
0
1
0
2
-6
4
1
-2
-2
-2
5
-2
-4
5
-3
2
-1
-2
3
1
-4
1
-4
3
-3
1
-3
3
-4
3
-4
-2
4
-3
-3
3
-6
5
-4
1
0
-3
2
-3
-1
0
-2
3
-6
3
-2
-4
0
1
1
-3
4
-5
3
0
-3
2
0
-3
3
0
-4
2
2
-2
1
1
-1
1
1
-1
2
-1
2
-4
2
1
-1
-5
6
-2
-3
4
-2
3
-2
-3
7
0
-6
4
-2
-3
10
-10
2
0
1
-2
1
0
0
1
-5
3
-2
-1
2
-1
0
-1
0
1
0
1
-3
2
1
-4
5
-1
0
-1
-1
1
-1
0
-3
9
-12
1
1
-5
4
0
-8
3
2
-2
2
-4
1
2
-7
4
1
-2
-2
4
-2
2
-2
0
-2
0
2
-2
-2
1
-3
-1
3
-2
-4
1
-2
-4
2
-2
-3
4
-6
1
-1
-5
0
2
0
-1
-1
1
-1
-1
2
-4
3
0
-3
-4
0
4
-4
-4
3
1
-3
4
-3
3
-4
2
-1
2
-2
-1
9
-11
6
-1
2
-6
2
-1
2
0
-6
5
-6
5
-2
-2
-1
-1
5
-7
0
-1
0
0
1
-5
-1
2
-1
-1
-2
0
-1
-1
0
0
-1
0
1
0
-1
-5
0
3
-1
-2
-1
0
-2
4
-5
1
0
2
1
-6
4
-5
5
1
-2
0
-3
5
-3
1
-7
11
-9
0
1
-2
0
-1
3
-3
2
-4
2
-1
-3
4
4
-6
-1
3
0
-2
-5
2
-2
0
0
-3
0
-3
-2
-6
0
-50
-3
72
-51
-5
11
-2
2
12
-18
3
5
-5
-11
10
5
-6
5
-6
0
3
-5
-1
1
10
-10
-2
7
-2
0
-4
8
-7
4
-5
1
1
1
-1
-5
7
-5
1
-1
5
-7
3
-4
2
1
-1
-1
-1
-3
2
-1
2
-4
2
-1
0
0
-2
0
0
-1
0
0
-2
4
-3
0
-3
3
0
0
1
-2
-2
3
-4
6
-5
1
-1
4
-7
4
-2
-1
0
-2
4
-5
6
-9
5
0
2
-7
1
10
-11
-2
0
5
-5
0
7
-6
5
-6
-11
9
3
-7
-5
17
-12
-3
3
-11
5
50
-74
2
45
0
-45
51
-41
19
-3
5
-4
-7
9
0
-5
4
-10
-6
21
-19
23
-25
7
8
-8
1
7
-7
5
-9
12
-5
0
-3
11
-4
0
-6
0
7
-3
-4
6
-2
-4
3
-6
6
0
-8
6
0
-8
6
-1
-5
2
-3
2
-2
-3
0
2
-2
0
-1
0
0
0
0
0
1
-3
-1
2
2
-4
2
-3
4
0
-8
6
0
-7
6
-2
-6
5
-3
3
1
-6
3
2
-7
-1
5
1
4
-12
3
1
5
-12
7
-4
6
-7
0
7
-8
-7
23
-24
19
-22
5
8
-6
2
-1
-10
7
4
-5
2
-21
37
-51
39
0
24
-26
9
8
-8
5
-7
5
-3
-1
0
3
2
-14
15
-12
-16
40
-25
7
-3
4
-4
-2
4
2
-7
5
-5
8
-8
5
-5
4
-4
4
-2
2
-6
4
-1
1
-3
-3
5
-5
6
-3
0
-2
-7
9
-3
-1
0
0
-3
2
-1
0
-1
0
-1
0
-1
-1
0
-1
0
-2
1
-1
1
0
2
-9
5
0
-1
2
-6
3
-6
4
3
-2
-2
-5
7
-3
1
-4
2
-5
4
-5
7
-8
4
-5
6
-4
-4
1
4
-5
3
-7
25
-41
15
11
-15
11
-2
-5
-1
-2
0
-6
7
-6
7
-9
-11
25
-28
0
12
8
-4
-8
0
5
0
-3
-3
2
1
-3
-2
1
2
0
-2
-1
0
2
1
-1
-1
0
1
1
-1
0
0
-1
-1
-1
1
1
0
-2
-2
0
0
-2
-2
1
1
-1
-3
-1
2
0
0
-1
-1
0
-1
0
0
0
-2
-1
0
0
-1
-1
-1
0
-1
0
0
-1
0
1
0
-1
-1
-1
0
0
-1
0
1
0
-1
0
1
-1
-2
-2
0
2
-1
-1
0
1
-1
-3
-1
1
1
-1
0
0
-1
-2
-1
0
0
0
-1
-2
-1
0
1
0
-3
-3
2
2
-2
-4
0
3
-2
-6
-2
5
3
-9
-13
