0
-3
1
0
0
0
-1
1
3
-2
6
-17
0
11
-5
2
-8
10
2
-17
17
9
-22
-3
15
-5
-4
3
2
1
-16
10
3
-8
1
19
-18
0
4
-5
-4
9
4
-23
15
9
-13
9
-13
7
-8
6
18
-34
12
7
-11
3
8
-5
-2
1
0
0
0
-1
0
0
1
4
-9
-4
10
-8
-14
34
-19
-6
8
-7
12
-9
12
-9
-17
23
-5
-10
3
4
-4
0
17
-21
-2
6
-4
-10
16
-2
-4
-3
4
3
-17
3
22
-10
-17
15
-3
-10
7
-2
3
-11
-2
16
-7
0
-4
-1
-1
0
-1
-2
-3
-1
0
-3
0
-1
1
-2
2
1
-7
9
7
-31
22
-3
6
-16
25
-15
-12
15
-12
11
-7
20
-26
13
5
-13
0
4
5
-5
6
-14
20
-12
5
-1
15
-44
31
-17
36
-28
3
-3
-10
33
-21
1
-3
2
7
-20
23
-17
16
-9
6
-7
2
-2
0
-1
0
0
-1
1
-3
7
-6
9
-17
18
-23
21
-7
-2
3
-1
21
-33
9
2
-3
29
-36
16
-33
43
-15
2
-5
11
-20
13
-6
5
-5
-4
-2
12
-5
-13
25
-21
7
-12
12
-16
10
14
-25
16
-8
1
-24
30
-9
-11
6
-2
-2
1
-2
-2
-1
-4
0
-2
1
-3
0
1
-1
0
5
-8
15
-29
28
-20
10
-7
-1
7
-17
16
10
-31
22
-1
-19
21
-6
-8
12
-4
12
-2
-37
31
-9
18
-21
5
2
9
4
-11
-33
-15
118
-99
10
35
-26
-6
11
-10
13
4
-7
3
0
-17
9
5
-2
-3
2
-1
0
1
-3
2
2
-5
-9
16
-1
-5
6
-4
-13
9
-13
4
26
-36
-11
98
-119
13
33
11
-5
-9
-2
-4
19
-20
8
-31
36
1
-13
4
-12
9
5
-21
18
1
-22
29
-10
-17
16
-7
1
5
-11
19
-30
27
-17
4
-7
-2
-1
-1
-2
-1
-3
-3
0
-3
2
-2
0
-1
0
-1
5
-7
11
-54
55
-10
6
-22
12
3
3
-45
37
11
-16
7
5
-14
10
-16
17
3
-7
5
-15
5
22
-28
14
-10
3
9
-26
41
3
-56
48
-16
-2
-6
2
5
4
2
0
-52
69
-32
23
-16
-2
2
0
-3
3
-1
0
1
-3
2
-1
-3
2
15
-24
31
-68
52
0
-4
-5
-5
-2
4
2
15
-50
56
-3
-42
25
-9
-3
9
-14
27
-23
-5
15
-4
6
-3
-17
16
-11
13
-6
-7
16
-11
-38
45
-2
-3
-12
19
-7
9
-57
51
-13
4
-6
0
-1
-2
-1
-3
-1
-3
0
-2
1
-1
0
0
-2
1
4
-6
-12
25
-22
15
-17
9
11
-16
-7
31
-36
-2
47
-49
32
-14
7
-10
12
-10
5
-12
9
3
-5
-12
13
6
-6
-2
17
-15
-8
4
-3
0
15
-18
10
-3
-11
14
-17
2
30
-24
12
-7
-6
7
-2
2
-1
-1
0
0
0
-3
2
-8
6
8
-13
24
-31
-2
16
-14
10
1
-10
17
-16
-1
1
-5
7
13
-17
1
6
-6
-14
11
3
-3
-10
12
-4
9
-14
9
-7
15
-33
49
-46
1
35
-31
6
15
-11
-11
15
-15
20
-27
10
4
-5
-3
1
-2
-1
-2
-1
-3
0
-1
0
-1
0
0
-1
4
-12
7
0
8
-21
28
-20
-1
7
-26
39
2
-28
4
16
-7
-3
9
-9
3
-4
3
-9
14
-8
10
-5
-19
19
6
-21
9
3
25
-27
-64
93
-14
-50
39
-7
-10
11
2
8
-27
25
-11
4
-3
-8
6
0
0
-3
0
0
-1
1
1
0
-7
6
4
-5
12
-26
27
-9
-1
-11
9
7
-40
50
15
-93
63
28
-26
-3
-10
20
-6
-20
19
4
-10
7
-14
8
-3
3
-4
8
-10
3
7
-15
-4
28
-2
-39
26
-7
-1
20
-29
18
-10
-1
-8
11
-4
0
0
-1
-2
-2
-3
0
-2
1
-1
1
-2
4
-4
-4
-8
53
-63
19
5
-3
3
15
-32
23
-2
-16
12
22
-56
52
-32
4
25
-30
20
-7
-7
-2
36
-39
16
-1
-1
-12
26
-22
12
-18
68
-88
12
36
-18
-6
12
-4
10
-17
-16
35
-15
-3
-2
3
1
-3
0
-2
0
0
-1
0
-1
2
-1
-5
1
2
15
-37
15
17
-10
4
-12
6
17
-36
-14
89
-69
18
-13
22
-26
12
1
1
-16
38
-36
2
6
8
-20
30
-25
-5
32
-53
56
-22
-13
16
1
-23
32
-15
-5
2
-5
-20
63
-54
7
4
3
-5
1
-2
-1
-2
-2
0
-2
1
0
-1
0
0
-1
-14
34
-27
15
-6
1
-3
-4
-2
-13
30
-41
70
-57
-9
43
-22
-1
8
-2
5
-7
-6
26
-19
13
-43
38
1
-13
14
-18
11
-21
23
-1
19
-57
29
0
2
-3
11
-13
-9
26
-21
0
12
-10
4
-1
-1
-1
-1
1
0
1
0
1
0
0
-5
9
-13
0
20
-26
8
13
-12
2
-3
0
-29
55
-20
1
-24
19
-12
18
-17
13
-2
-39
42
-13
18
-26
6
8
-5
1
-9
1
21
-43
9
56
-71
40
-29
12
1
2
2
-2
4
-16
26
-36
14
1
-1
-3
-1
-3
-2
-2
0
10
-25
28
-18
4
-9
23
20
-104
128
-46
-89
120
-47
-11
14
-11
19
-9
-12
31
-27
-13
32
-6
-7
-4
12
-7
-4
1
17
-41
43
-14
-8
8
-20
24
-2
-29
58
-47
-4
46
-59
31
3
-12
3
6
-2
-7
-1
5
-3
0
-1
3
-4
1
-1
-1
0
1
-1
-1
3
-2
0
-1
2
-5
0
6
2
-7
-4
12
-4
-32
59
-46
3
47
-58
27
0
-25
18
-10
7
13
-42
41
-18
-3
4
8
-12
4
5
5
-33
13
26
-32
12
8
-18
10
-15
9
46
-121
87
43
-129
102
-20
-23
9
-5
16
-30
25
-14
0
14
-19
-17
23
-6
52
-1
-338
375
167
-189
-300
261
3
-96
90
-68
44
99
-59
-159
112
28
-23
4
0
0
-8
4
9
6
-43
60
-39
-15
38
-29
-25
72
15
-80
11
46
-71
22
56
-26
-26
26
-11
10
-1
-28
16
5
8
-16
5
0
1
-2
-1
0
0
0
-1
1
-1
0
-7
15
-8
-7
-16
28
1
-11
10
-26
25
26
-57
-23
71
-46
-12
79
-17
-72
23
29
-38
14
38
-60
42
-4
-10
-4
7
-1
0
-4
22
-27
-113
158
59
-99
-44
67
-91
96
-5
-261
298
186
-169
-376
337
0
-53
4
-25
17
18
-19
0
-19
-1
44
-33
2
-95
-2
466
-441
-13
378
-440
145
42
-194
227
-114
45
28
-119
74
80
-110
37
20
-38
8
39
-48
31
-7
8
-52
81
-68
35
-24
1
24
-20
7
-9
43
-63
33
-3
5
-12
0
5
-6
2
-10
24
-13
-2
2
-4
0
0
0
0
0
0
-1
-1
0
-1
-2
3
-3
1
13
-22
9
-2
6
-5
-1
11
-6
2
-35
63
-44
8
-7
19
-24
-1
23
-35
66
-82
51
-8
6
-32
48
-38
-10
37
-21
-38
110
-81
-77
119
-30
-46
113
-228
191
-43
-146
439
-379
11
439
-466
1
94
-3
31
-46
0
13
0
8
-5
-17
34
-20
-63
168
-235
207
-104
-96
235
-257
358
-421
269
-57
-85
174
-197
201
-186
107
-49
9
6
0
3
-11
4
7
-8
-23
98
-115
46
1
-3
2
-7
-1
-6
11
-9
5
4
-20
23
-13
-1
14
-23
15
-15
16
-15
8
-2
-1
0
-1
1
-1
0
0
0
-1
-1
1
3
-9
15
-19
14
-16
22
-15
-1
11
-24
20
-5
-7
7
-11
4
0
7
-3
1
-1
-46
113
-99
24
7
-8
-5
10
-4
-1
-8
-10
48
-106
185
-202
196
-175
85
56
-270
418
-360
256
-236
95
102
-208
234
-170
62
19
-36
14
4
-15
0
5
19
-76
59
-33
129
28
-313
-71
300
124
-360
293
134
-356
69
51
-15
-9
10
-11
-22
32
47
-62
32
-19
12
-6
0
-19
57
-24
-57
56
-14
10
-25
39
-4
-48
58
-44
-9
19
6
2
-3
7
-14
6
12
-15
-4
-5
12
1
-4
-1
-1
0
0
0
0
0
0
0
1
0
3
-1
-13
6
1
14
-12
-6
12
-8
2
-1
-7
-20
9
44
-59
48
3
-38
24
-11
14
-56
56
23
-58
18
0
5
-12
19
-33
62
-48
-31
23
11
-11
10
15
-53
-70
355
-135
-293
358
-126
-300
69
312
-29
-130
32
-61
73
-20
-9
0
-24
11
33
-21
9
-52
215
-442
427
44
-592
398
180
-620
620
-283
173
-211
227
-27
-178
191
-124
37
-4
-16
4
-6
32
-2
-25
37
-59
40
-7
4
3
-14
5
13
-20
18
-2
-6
-18
12
8
-7
3
3
-1
1
-12
14
-2
-8
2
3
-5
1
1
-2
-1
0
0
1
-1
0
4
-4
-4
8
2
-14
12
-1
1
-2
-4
7
-9
-12
16
6
-1
-18
19
-14
-4
14
-4
-4
8
-41
59
-37
25
2
-31
5
-4
17
3
-37
125
-192
178
27
-228
211
-174
283
-622
619
-181
-398
589
-47
-431
442
-214
51
-11
19
-37
-12
19
0
23
-56
83
-45
-19
27
111
-188
59
65
-265
464
-533
604
-384
18
24
33
-73
26
133
-225
137
7
-26
6
6
-22
45
-43
14
18
-43
-4
60
-27
3
-11
18
-28
12
-15
32
-22
10
-5
-8
7
-2
1
-4
6
-13
10
1
-3
-3
2
-2
0
1
-1
0
0
-1
1
-2
0
0
-3
2
3
-1
-10
13
-7
3
-2
2
-7
7
3
-11
22
-33
14
-13
27
-19
10
-4
27
-61
4
43
-18
-15
43
-45
22
-7
-5
26
-8
-138
225
-133
-26
73
-34
-24
-18
383
-605
531
-465
263
-67
-60
188
-112
-28
17
45
-87
56
-28
0
-20
14
6
24
-84
69
172
-382
327
-139
-10
-44
33
13
134
-199
76
-8
-18
131
-64
-120
49
41
2
-31
13
16
16
-51
-6
49
12
-102
100
-40
-1
31
-39
25
-16
7
-4
5
-7
8
-3
2
-3
1
-1
-2
0
5
-5
2
-7
3
0
-1
0
0
-1
0
-1
0
0
0
-1
-3
5
-2
3
-6
-1
2
0
0
2
-2
2
-8
7
-5
4
-8
16
-27
38
-31
1
39
-100
102
-14
-50
5
51
-17
-16
-12
30
-3
-42
-49
120
63
-132
17
7
-77
199
-135
-14
-33
42
11
137
-328
381
-172
-71
83
-25
-7
-15
15
0
-3
19
-31
14
14
-30
86
79
-576
723
-429
170
81
-266
119
-12
176
-265
248
-264
244
-156
78
-35
-1
6
-11
30
-9
-16
0
14
24
-56
36
-24
6
11
-3
-3
-2
8
-14
24
-44
34
-11
4
-1
-6
4
-8
12
-14
4
-3
1
2
-3
1
-1
0
-1
0
0
-1
0
-1
3
-3
-1
2
-5
11
-11
7
-5
4
0
-5
10
-35
43
-25
12
-8
1
1
2
-11
-6
23
-37
56
-25
-15
-1
15
8
-32
10
-6
0
34
-80
157
-245
264
-248
265
-178
11
-120
265
-82
-172
427
-723
573
-80
-86
28
-15
-15
30
-21
-1
0
10
19
-54
-19
109
-33
-156
146
-65
272
-310
-65
262
-156
-30
96
-93
164
-78
2
-131
122
1
0
-37
36
-37
46
-39
-2
51
-71
54
-37
24
-22
19
-5
-10
10
-3
-8
13
5
-18
0
2
7
-1
-1
-2
4
-3
-2
0
-1
0
0
0
1
-1
0
-1
0
0
1
0
-2
1
-1
-2
0
-1
0
3
-4
0
1
1
-7
-3
-1
17
-6
-14
7
2
-11
8
4
-20
21
-24
36
-53
70
-52
0
38
-47
36
-37
38
-1
-1
-122
131
-3
78
-165
93
-96
29
155
-262
64
309
-273
61
-148
155
33
-110
17
50
-20
-14
0
-8
43
-91
92
-18
-66
74
4
-26
-109
193
-219
230
-148
83
-84
57
-19
68
-163
163
-86
18
14
-10
-7
-2
26
-7
-3
-27
56
-64
52
-35
8
7
-11
18
-22
9
4
-8
-4
10
-3
-1
3
-6
4
-5
3
-1
-2
-1
1
-2
0
-2
0
0
-1
-1
0
1
0
-1
0
0
0
0
-2
0
2
-1
-3
4
-5
6
-4
2
2
-11
3
7
-6
-11
21
-19
10
-7
-8
33
-52
63
-57
27
3
7
-26
2
5
10
-14
-19
86
-163
163
-68
18
-57
83
-83
148
-230
217
-195
108
24
-4
-74
65
16
-94
89
-44
4
0
-6
28
-64
46
-42
30
16
-17
68
-79
-11
48
-38
-12
14
21
-11
18
-67
65
-34
36
-9
-13
5
7
-14
10
2
-21
32
-23
2
10
-10
1
-3
4
-4
4
-2
0
-1
3
-3
0
2
0
-5
6
-3
-2
3
0
0
1
-1
-1
1
0
0
0
-1
0
0
0
-1
0
-1
1
0
-1
0
-1
-2
2
2
-5
4
-1
-2
0
3
-3
1
-1
2
-4
3
-5
1
-1
8
-12
-4
23
-33
21
-3
-10
13
-8
-6
13
9
-36
33
-65
67
-19
11
-22
-15
11
37
-50
10
76
-69
16
-18
-30
41
-47
61
-29
1
0
-6
14
-19
-6
59
-90
53
87
-270
221
-33
-6
-9
-19
58
-24
-48
56
-58
43
0
2
-17
15
-3
-4
4
-4
2
-11
9
7
-12
7
0
-3
-5
5
-3
0
-1
3
-7
5
0
-1
-1
-1
2
0
-1
-1
0
-1
1
-1
1
0
1
-1
0
0
-1
0
0
-1
0
0
-1
0
-1
0
-1
0
-1
1
0
0
-2
0
0
-1
-1
-5
5
-3
0
-1
1
-6
3
2
-2
-7
11
-7
-11
11
-4
4
-5
4
4
-15
18
-3
-1
-45
57
-57
48
23
-59
19
9
5
31
-222
269
-88
-53
90
-60
5
17
-17
1
0
1
-4
0
6
28
-69
-32
75
92
-88
-78
65
-14
30
-56
53
-37
10
5
45
-62
12
4
1
2
0
2
-3
-8
22
-35
21
6
-5
-2
2
-7
5
0
0
-1
-1
1
-1
-1
1
1
-1
0
-1
1
0
-2
-2
0
-1
-1
-1
-1
-1
1
-1
1
0
-1
0
-1
1
-1
1
0
0
-1
0
0
0
-2
0
0
0
-1
-2
1
0
-1
0
-1
-2
0
-5
6
-2
2
5
-7
-21
34
-22
8
3
0
-1
-2
-1
-3
-13
61
-46
-7
-11
36
-54
55
-32
12
-67
76
85
-95
-76
31
68
-30
-8
-3
1
-6
0
6
-7
5
1
-6
-6
3
28
-52
38
-22
-1
37
-40
46
-52
23
-8
3
-16
22
-5
-4
6
-7
5
-3
0
-7
11
-14
23
-24
8
2
-5
1
-1
0
-1
0
-1
-1
1
-1
-1
0
-1
0
1
-2
-1
0
-1
-1
0
0
-1
-2
0
0
-1
0
0
0
0
-1
0
0
0
0
-1
0
0
0
0
1
-1
0
1
-1
-1
0
-2
0
0
-1
1
0
-1
-2
4
-3
-8
22
-23
13
-13
4
-1
3
-6
7
-7
4
4
-24
15
-4
7
-23
52
-47
37
-38
-1
21
-38
50
-28
-4
5
4
-3
-8
6
-9
0
-4
2
5
-9
-15
59
-39
-5
12
-13
-11
19
-7
8
-2
-9
-1
3
1
5
0
-13
14
-3
-3
2
-6
9
-2
-8
2
8
-3
-3
2
-3
3
-3
0
-1
0
1
-1
-1
0
-1
1
-2
0
-2
0
-1
1
0
-1
0
-1
-1
0
-1
0
0
0
0
0
0
-1
0
0
0
0
-1
1
0
-1
1
-1
1
-1
1
-2
-1
-2
0
1
-1
0
0
-2
2
-3
2
-3
2
3
-8
-1
8
1
-10
6
-3
2
3
-13
13
-1
-5
-2
-2
0
8
1
-8
5
-20
9
11
-13
5
38
-59
14
8
-8
-4
0
0
-1
2
-1
1
-9
4
32
-19
-48
27
35
-37
21
-18
13
-16
25
-30
18
-4
-21
40
-19
-3
0
3
-4
3
-1
-2
-3
9
-6
4
-2
-1
1
1
-1
-1
0
0
-1
0
-1
2
-1
1
-2
0
0
0
0
-1
-1
0
-1
-1
0
-1
-1
0
-1
0
0
-1
0
-1
0
-1
1
-1
1
0
-1
0
0
0
0
-1
-1
-1
2
-2
0
-1
-2
0
0
-1
-1
-1
2
-4
5
-10
3
2
0
-3
3
-4
0
1
17
-39
20
3
-18
29
-26
16
-14
15
-22
34
-36
-28
46
18
-32
-5
8
-3
-1
-2
-2
0
-2
1
-1
5
-5
-4
0
-11
48
-62
53
-15
3
-36
25
-4
10
-7
8
0
-18
13
1
1
0
-5
3
2
-2
-2
4
-6
2
1
-2
-1
-1
-1
2
-2
0
-1
0
1
-1
0
0
0
0
0
-2
0
0
-1
1
0
-1
0
1
0
-1
0
0
0
0
-1
1
0
0
-1
0
0
-1
0
0
-1
0
0
0
-1
-1
-1
1
-1
0
0
-1
1
-2
-1
0
1
1
-2
-3
5
-5
2
1
-3
-3
5
0
-1
-1
-14
17
-1
-6
5
-10
3
-25
35
-4
13
-54
61
-48
11
1
3
4
-7
-1
-2
-1
0
-2
3
-5
1
-3
-5
11
-3
20
-48
53
-40
-7
65
-54
4
-5
10
-8
6
6
-9
1
0
0
-2
4
-1
0
2
0
1
-2
-1
0
0
0
0
0
1
-2
-1
1
0
0
-2
1
0
0
-2
1
0
0
-1
1
0
0
0
0
-1
-2
0
1
0
-1
0
0
0
0
1
0
-1
-2
2
-1
0
-2
1
-1
0
-1
2
-3
1
-1
0
0
-2
-1
0
-2
0
-1
0
1
-2
0
-1
0
1
-4
2
0
0
-1
6
-6
-6
7
-10
4
-4
53
-67
5
38
-55
47
-20
2
-11
4
1
-3
2
-3
-3
0
-1
1
-6
6
-6
23
-62
55
-22
7
6
-21
6
26
-18
-6
10
-13
13
-3
0
-8
6
0
-1
-1
2
-2
1
-1
1
-2
1
0
-1
-1
0
1
-1
0
0
0
-1
0
0
-1
0
-1
-1
0
-1
0
0
-1
0
-1
-1
0
0
-1
-1
-1
0
0
0
-1
-1
0
0
-1
0
0
-1
0
-1
-1
1
0
0
0
-1
0
-1
-1
1
-2
-2
0
0
-2
-1
0
0
-1
-2
2
-2
1
-2
1
-2
0
0
0
-7
7
-1
4
-13
12
-10
5
18
-28
-8
19
-10
-8
21
-56
60
-24
5
-8
2
-3
-4
0
-1
0
1
-6
2
1
43
-58
12
-10
18
7
-18
-4
17
-5
-8
7
-2
0
-1
4
-4
1
0
1
-1
1
0
1
-1
1
0
0
-2
2
-1
0
-1
0
0
0
1
-1
1
0
0
0
0
-1
0
-1
1
1
0
1
-1
1
-1
-1
-1
0
0
0
-1
-1
0
0
0
0
1
-2
1
-1
-1
1
0
0
-1
0
1
-1
-1
0
-1
-1
-2
-1
1
0
0
-2
0
0
-1
-2
0
-1
0
-1
0
-2
0
-1
3
-4
0
0
3
-7
7
5
-18
3
17
-8
-18
8
-14
56
-42
-3
-3
5
-3
-2
-2
0
-4
3
-1
1
-8
17
-26
15
23
-31
3
15
-22
14
-2
-1
-2
2
-1
1
-3
0
4
-1
0
-1
1
0
1
0
0
-2
-1
-1
0
0
-1
-1
0
0
0
0
0
-1
1
-1
1
-1
0
-1
-1
0
0
-1
-1
1
0
-1
0
0
0
-1
0
0
-1
0
0
0
-1
0
0
-1
1
0
-2
1
0
1
0
1
-1
-1
0
0
-1
-1
-1
-1
0
-1
0
0
0
-1
1
1
0
-1
1
1
-1
1
-1
2
-3
0
3
-2
1
-3
2
1
1
-16
21
-16
-5
29
-25
-15
27
-18
7
-3
-1
-4
-1
0
-2
-2
2
-1
-1
2
-21
51
-66
51
-24
2
2
-1
1
-5
5
-1
-4
3
-1
3
-3
1
0
-1
1
0
1
1
0
0
-1
-1
-2
-1
1
0
0
0
-1
0
0
0
0
0
-2
0
1
-1
0
-1
-1
0
-1
-2
1
-1
1
0
-1
-1
0
0
-1
0
-1
-1
0
-1
-1
1
0
-2
0
0
-2
1
0
0
0
-1
0
-2
-1
0
0
0
0
0
0
-1
1
-1
1
0
-1
-1
0
-1
-1
0
-1
-1
4
-3
0
-3
2
0
-4
5
-3
0
-4
-4
22
-52
64
-52
21
-3
-1
0
-4
0
-2
0
-2
0
2
0
-3
-3
1
4
0
-1
-1
0
-2
-3
-2
2
1
-2
-3
0
2
0
0
0
2
0
0
0
1
0
0
-1
1
0
0
0
-1
0
-1
0
0
-1
0
0
0
0
0
0
0
-1
-1
0
0
0
-1
0
0
0
1
0
0
-1
-1
0
0
0
-1
0
0
1
-1
0
0
0
0
-1
0
0
-1
0
0
0
1
-1
0
0
-1
-1
-1
0
0
-1
-1
-1
-1
0
0
0
0
1
0
-1
-1
0
0
0
-1
0
0
0
-1
-2
0
1
0
0
-1
2
-1
-5
-2
1
2
-2
-4
-2
-1
