-5
-41
62
-54
54
-230
181
236
-297
11
62
-48
44
-55
24
20
-97
147
-8
-141
92
-40
22
26
-118
131
12
-94
34
4
-40
48
-20
-13
35
-3
-25
22
-22
30
-17
-36
50
-11
-6
2
0
-2
4
-12
10
-1
-4
-1
0
-1
-1
-1
0
-1
0
-1
0
-2
0
0
0
0
0
0
0
0
0
1
0
0
-3
-1
11
-11
5
0
-1
2
-6
-11
50
-35
-17
31
-21
21
-24
-1
35
-13
-20
48
-39
4
36
-93
13
131
-117
27
23
-37
94
-138
-6
149
-96
23
28
-52
46
-45
65
14
-296
240
185
-226
57
-46
66
-32
-1
-89
139
-62
10
-58
135
-419
418
-36
-98
54
-26
-52
57
-43
-71
181
-36
-110
34
22
-50
36
157
-146
-214
227
43
-98
63
-17
-63
12
85
-53
-17
30
-16
-40
70
7
-57
22
9
-12
7
0
-1
-1
-1
-1
1
-2
0
-1
-1
-1
0
-1
-2
0
0
-1
-1
-1
0
0
-1
0
0
-1
0
0
1
0
1
-1
0
-1
0
1
7
-13
9
23
-57
8
70
-39
-17
29
-17
-54
86
13
-63
-16
63
-98
45
229
-214
-145
158
38
-49
23
34
-108
-35
184
-70
-39
61
-48
-22
58
-95
-32
420
-413
138
-54
15
-53
143
-81
4
-85
99
-8
-95
260
-657
833
-438
83
-100
33
154
-128
-64
-47
85
327
-422
125
-80
96
124
-180
-154
204
-21
-6
46
-77
80
-158
104
61
-64
-6
-43
82
3
-68
5
-36
168
-83
-35
10
-12
37
-17
-12
-3
7
2
-3
-1
0
-1
0
-1
-1
0
0
0
-1
1
0
0
0
0
1
1
1
0
1
0
-2
2
8
-1
-12
-16
38
-10
11
-35
-82
167
-36
6
-65
3
82
-43
-7
-62
63
104
-157
81
-77
47
-4
-19
203
-153
-178
125
98
-79
127
-422
328
86
-45
-61
-124
157
36
-97
85
-435
837
-652
263
-91
-2
104
-76
-21
47
-48
-49
-9
153
-473
684
-441
125
51
-152
105
73
-166
81
108
-270
294
-264
136
97
-235
163
88
-495
712
-685
373
-30
-258
427
-267
11
115
-156
131
-24
-51
67
36
-189
302
-285
167
-59
-13
20
0
-40
58
-55
26
-7
0
-1
-1
0
-1
-1
-1
-1
-1
0
0
0
0
1
1
1
-1
1
1
0
2
-5
27
-54
59
-40
1
20
-12
-57
168
-286
303
-190
36
67
-50
-23
132
-155
114
13
-267
429
-258
-28
375
-685
715
-495
89
166
-236
100
137
-263
294
-269
109
85
-163
76
108
-148
54
128
-438
687
-468
159
-6
-42
-43
55
-16
11
-31
14
-48
33
229
-454
392
-291
190
-193
228
-207
219
-189
-51
290
-520
546
-341
272
-388
603
-266
-426
647
-690
571
-342
239
-80
-182
368
-353
247
-211
181
-152
165
-187
-23
337
-411
262
-43
-9
-26
31
-13
-41
45
-22
8
-2
-1
-1
-2
1
-1
-2
-1
-1
-1
0
-1
1
0
-1
0
0
-1
-1
1
-1
9
-22
46
-41
-11
32
-26
-9
-42
262
-411
336
-20
-187
165
-152
181
-209
248
-350
369
-182
-81
242
-342
572
-689
648
-426
-265
604
-388
274
-340
548
-518
292
-50
-186
222
-203
230
-188
193
-288
394
-450
233
36
-45
21
-25
19
8
-84
88
-11
-36
-31
529
-787
149
134
100
-158
72
92
-62
-244
-29
435
104
-439
33
227
-229
-546
801
564
-704
-357
106
401
-155
-100
134
5
-103
-123
168
74
-128
47
146
-136
-228
220
24
-5
-23
-10
16
-36
29
9
-19
2
-2
2
0
-1
-1
-1
-1
-1
0
0
0
0
0
0
-1
1
0
0
1
0
-1
5
-18
10
31
-34
17
-10
-22
-6
25
220
-228
-138
148
46
-127
75
169
-123
-102
6
134
-99
-154
402
107
-357
-705
566
803
-544
-228
228
34
-438
105
437
-28
-241
-59
95
74
-155
102
138
151
-782
532
-27
-33
-5
93
-75
-15
26
-35
-36
109
-174
79
-16
184
-228
27
44
-13
-141
134
214
-391
353
-47
-205
-31
162
-202
-228
1001
-1395
1119
-241
-213
228
59
-359
66
299
-472
287
37
-100
28
156
-74
-266
504
-605
381
-91
-32
43
-2
24
-64
67
-40
6
3
-4
1
-2
0
-2
-1
-1
-1
-2
0
0
-1
0
0
0
0
1
2
0
3
6
-40
68
-65
26
-1
45
-32
-90
381
-603
503
-265
-73
156
28
-100
37
288
-470
299
66
-359
61
228
-213
-240
1121
-1395
1003
-227
-202
165
-30
-204
-47
355
-390
219
138
-138
-10
47
31
-224
186
-14
85
-171
112
-30
-30
34
-21
60
-106
90
55
-227
-270
763
-620
385
-186
82
-42
-139
285
-375
510
-561
202
80
16
-198
432
-859
1126
-846
424
-87
101
-348
404
-404
400
-343
179
-94
129
-129
128
-160
224
-338
556
-662
443
-189
38
10
16
-18
10
-5
7
-10
6
-3
1
-1
-1
-1
-2
1
-1
0
1
1
0
1
-1
0
0
0
2
-4
9
-10
7
-5
11
-17
17
9
39
-189
443
-661
556
-339
225
-159
127
-128
129
-94
179
-344
400
-403
407
-347
101
-86
426
-847
1129
-858
433
-195
18
83
203
-559
511
-371
287
-135
-40
86
-183
388
-617
767
-266
-224
59
96
-101
68
2
-47
76
-86
143
-226
-256
648
-104
-263
74
48
-132
240
-282
144
192
-570
166
390
-243
27
146
-406
495
-74
-311
19
252
-243
25
257
-259
113
96
-117
-49
87
-90
96
-13
-168
76
187
-71
-110
48
4
-6
14
-15
12
-17
3
9
-3
-1
0
-1
-2
-1
0
-1
-1
0
0
-1
1
0
-1
1
0
1
-2
10
3
-16
13
-13
15
-5
3
48
-109
-69
188
75
-168
-12
96
-90
87
-47
-117
96
114
-259
257
25
-244
253
19
-310
-73
497
-404
148
29
-242
392
167
-569
193
147
-277
243
-129
51
76
-258
-101
653
-251
-221
146
-77
80
-41
-1
-49
39
46
-50
-111
188
-110
-92
163
-52
57
-161
151
-83
78
34
-517
585
-102
-21
-94
-189
438
-107
-370
525
-239
-64
-45
64
149
-152
-106
158
28
-25
-90
45
21
97
-120
-119
243
-96
-85
96
1
-35
10
2
-3
0
-5
2
1
-2
-1
0
-2
-1
-1
0
-2
0
-1
-1
0
0
1
0
-1
0
2
2
-4
1
-3
2
11
-34
3
98
-86
-96
241
-119
-119
97
22
46
-90
-25
30
160
-106
-152
151
64
-45
-63
-239
526
-369
-106
441
-188
-92
-21
-99
586
-516
35
81
-79
154
-158
61
-50
167
-90
-107
193
-108
-48
53
44
-41
-16
43
-70
-63
-53
340
-192
-15
-2
-69
87
-42
29
-65
3
88
-68
35
-27
-41
24
23
-76
171
-243
208
-131
64
42
-77
2
19
6
-1
-14
9
7
5
-18
21
-51
86
-85
18
21
-21
37
-23
-2
13
-13
3
-3
1
-3
2
-1
-1
-1
-1
-1
-1
-1
0
-1
0
-1
-1
0
0
-1
0
-1
4
-3
2
-2
4
-13
16
-1
-22
37
-19
21
18
-86
86
-51
23
-17
4
7
9
-13
-1
6
20
2
-76
43
65
-129
209
-242
172
-74
25
25
-39
-25
37
-67
91
5
-62
32
-39
91
-64
0
-13
-188
343
-50
-55
-65
51
-18
63
-130
114
-72
-92
41
241
-198
-18
14
27
-45
-28
115
-99
46
-53
17
19
-10
14
-38
30
0
-3
-23
20
28
-69
11
42
-38
24
6
-7
-22
12
4
-14
23
-4
13
-46
46
-28
7
2
1
-4
-1
-2
2
-2
-1
0
-1
-1
-1
-1
-1
-1
-1
-1
0
-1
0
0
0
0
0
0
0
1
0
-1
3
0
0
-5
2
3
7
-27
46
-44
13
-5
23
-14
4
13
-22
-6
7
25
-38
44
11
-67
28
21
-21
-1
1
32
-36
14
-9
20
17
-51
47
-95
118
-23
-42
30
17
-14
-197
245
44
-89
-69
121
-125
73
-9
19
-47
10
26
-10
-35
-26
15
42
-44
34
-52
5
21
19
7
-65
28
6
-17
7
17
-31
42
-72
52
-35
31
-6
-10
15
-33
13
18
-5
-9
-4
9
-3
-11
13
-14
31
-36
25
-15
7
-6
2
-5
-1
2
-2
-1
0
-1
-1
0
-1
0
-1
0
0
0
0
1
0
0
0
0
0
0
1
0
0
2
0
-3
3
-5
8
-14
25
-35
31
-14
13
-10
-2
8
-4
-8
-4
20
14
-33
17
-9
-6
32
-34
52
-70
44
-30
18
9
-16
7
29
-63
8
21
25
7
-49
37
-41
45
17
-21
-31
-5
29
17
-42
26
-6
-22
14
-3
0
-33
45
-46
45
-28
-15
17
-8
-23
26
-23
27
-34
17
-6
2
-14
30
-62
81
-21
-32
20
-20
4
9
-4
6
-20
1
16
-13
8
-1
-6
1
29
-34
3
22
-14
-3
5
-3
-1
1
-2
1
-1
-1
-1
-1
0
-2
-1
0
-1
0
0
1
0
0
0
0
0
0
-1
0
1
1
-2
2
-1
1
1
-2
4
-3
-13
22
3
-34
29
0
-6
-1
9
-13
17
0
-20
6
-5
11
6
-19
23
-32
-20
82
-60
32
-14
3
-5
18
-34
28
-20
29
-20
-4
21
-11
-25
46
-42
50
-29
3
5
17
-14
-6
-14
6
-9
-17
40
-64
63
-55
9
24
-12
-17
16
-18
-5
26
-35
7
12
-16
9
-4
-18
16
2
15
-35
13
1
-15
39
-60
30
7
-5
-2
2
-6
8
-7
14
-30
27
-11
4
-1
4
-3
0
2
-1
-1
1
0
0
-1
-2
0
0
0
-1
-1
0
0
0
0
-1
0
-1
0
1
0
0
0
2
-1
-2
2
-1
-2
3
-2
4
-10
28
-30
15
-6
9
-5
3
-2
-4
7
30
-60
41
-14
3
14
-35
16
3
18
-17
-1
11
-15
14
9
-33
27
-2
-16
18
-13
-10
28
12
-53
66
-61
44
-15
-1
12
-6
-9
-4
-6
-2
-12
10
-32
36
7
-28
0
2
-12
9
-26
42
-12
-34
13
15
-5
-2
-16
0
32
-4
-8
-48
48
-15
16
-9
-4
-23
45
-29
6
0
0
-4
-3
22
-16
-2
6
-6
6
1
-2
-2
0
0
-2
-1
1
0
-2
0
0
-1
-1
-1
0
0
0
0
-1
0
0
1
0
0
-1
1
1
-2
-1
1
1
-2
-1
1
5
-5
7
-3
-17
21
-3
-4
1
1
7
-28
45
-22
-4
-8
17
-15
49
-48
-8
-3
33
1
-15
-1
-5
17
13
-34
-11
45
-23
11
-9
4
3
-23
9
40
-29
12
-9
5
-1
5
-8
-6
-3
-11
8
-12
7
-9
-26
35
-18
-6
7
8
-30
16
-2
-23
22
-8
-10
15
-5
-13
44
-77
56
-15
-3
-2
2
5
-15
9
1
-2
6
-9
4
0
0
3
9
-16
7
-4
7
-7
1
0
-3
2
-3
0
-1
0
0
-2
0
0
0
0
0
-1
-1
0
0
-1
1
0
1
-1
1
1
-1
1
-3
2
-3
1
2
-6
7
-4
7
-16
9
1
0
0
5
-8
6
0
1
10
-15
4
3
-1
-3
-15
57
-76
45
-12
-4
17
-9
-5
22
-22
-1
21
-26
13
11
-4
-14
39
-24
-4
9
-9
11
-4
1
2
-9
-7
-1
0
-7
-12
12
-26
34
-29
12
-11
7
-17
15
-30
27
-23
22
-20
4
-6
11
-19
11
-21
28
-8
-2
-2
-3
5
-7
-3
3
5
-5
8
-10
9
-7
2
2
7
-14
9
-2
0
-1
0
0
-2
1
-2
1
-1
-1
-1
-1
0
0
0
-1
-1
0
0
1
0
0
1
0
0
0
1
0
0
1
-1
0
1
0
2
-2
10
-13
7
2
3
-7
8
-9
8
-5
6
4
-2
-7
5
-3
-2
-1
-6
28
-20
13
-18
13
-4
6
-18
24
-22
28
-27
19
-13
10
-7
14
-25
36
-23
16
-8
-4
8
4
-1
-7
-11
6
-16
6
-2
-9
15
-47
38
-7
-13
7
-9
-1
-4
9
-19
8
-2
-7
0
5
1
-25
33
-19
-9
14
-9
-3
14
-22
13
-1
-4
-1
1
2
1
2
-1
-11
15
-2
-2
-2
4
-3
-1
1
-2
0
-1
-1
1
-1
0
-1
-1
-1
0
-1
-1
0
0
-1
1
0
-1
-1
0
0
0
-1
1
0
-1
1
-1
-2
4
-2
-3
-2
15
-11
-1
2
1
3
1
0
-3
1
14
-22
14
-2
-8
14
-8
-17
34
-25
1
7
2
-5
-1
10
-16
10
-1
2
-7
10
-9
-3
41
-44
18
-6
1
9
-8
11
-4
-10
-5
-4
0
-7
-7
-9
5
21
-28
-5
7
-10
9
-11
14
-16
2
1
-2
1
-1
3
-13
0
8
6
-15
4
-7
-1
16
-25
18
-16
7
1
2
-1
-3
4
-7
9
-1
-4
-1
3
-2
0
1
-2
0
-1
-1
0
0
-1
-1
-1
-1
0
-1
0
-1
0
0
1
0
-1
0
0
0
0
1
0
0
-1
1
0
1
1
-3
5
0
-3
-2
8
-7
4
-2
0
2
1
8
-14
20
-25
17
0
-7
6
-14
6
8
1
-10
5
0
2
-1
1
3
-15
16
-8
11
-7
11
-2
-26
24
10
-6
-3
-4
7
1
3
-8
-3
-8
-8
0
-7
5
-4
-17
12
-3
-7
10
-21
14
-18
7
0
-3
-2
2
-1
-3
-5
6
-5
-14
28
-11
-7
-7
6
-3
6
-8
0
3
1
-2
2
2
-6
8
-3
-2
2
3
-3
0
0
-3
-1
1
-1
-1
0
0
1
-1
-1
0
-1
0
-1
-1
0
0
-1
0
0
0
1
0
0
1
0
2
0
-1
1
1
-3
4
3
-2
-3
8
-6
2
3
-1
2
3
1
-8
5
-3
8
-6
-5
-10
29
-13
-4
7
-4
-1
0
3
0
-2
1
8
-15
17
-17
14
-4
0
15
-15
0
7
-2
4
0
-3
6
-9
-5
-6
-1
-10
5
0
-18
17
-20
5
-8
6
-1
-12
4
-5
6
-2
-9
5
-2
-7
1
6
-7
-3
1
1
-1
3
-9
1
1
-1
-1
4
-2
2
-2
2
-6
3
3
-1
1
-2
1
0
-2
-1
-1
-2
1
0
0
0
-1
-1
-1
-1
0
-1
-1
0
0
0
-1
0
-1
1
-1
1
0
0
1
-1
1
0
0
1
2
-2
0
-1
4
4
-6
2
-1
2
-2
3
-1
-1
2
1
-9
4
0
2
2
-1
-7
8
3
-5
0
6
-8
-1
8
-4
7
-8
3
9
-5
8
-16
19
-14
5
9
-7
7
-1
3
-5
-11
2
-10
0
1
0
-14
3
-3
0
-4
1
-6
-3
0
-4
4
-4
-2
3
-2
1
-10
7
4
-7
-6
2
-1
8
-13
5
-5
7
-1
-1
-2
1
0
-3
6
-9
11
-4
0
1
-3
3
-2
1
-2
0
-1
0
-1
-1
0
0
-2
-1
-1
0
-1
-1
-1
1
0
0
-1
0
-1
-1
0
0
-1
1
-2
2
-2
4
-4
2
1
-3
10
-9
6
-2
2
2
-2
1
-1
9
-6
5
-12
8
1
3
-3
-7
6
9
-9
2
1
4
-2
-4
6
-3
3
1
-3
3
-1
2
0
5
-11
3
4
3
-3
6
-2
-8
-6
-3
-6
0
-10
0
-1
-4
4
-6
-1
-1
-5
-3
8
-10
-1
0
-4
4
-5
0
-1
0
-9
7
-11
5
-3
1
-5
6
-6
4
0
0
-1
1
-2
4
-3
1
4
-4
1
1
0
0
-4
2
-1
-1
0
-2
1
-1
-1
-3
-1
0
0
-1
-1
-1
0
0
0
0
0
0
0
0
1
-1
1
-1
1
1
-1
1
-1
1
1
-3
5
1
-5
4
-2
1
-2
1
0
5
-6
6
-5
1
-2
6
-8
8
-7
1
2
1
-4
5
-4
2
1
-9
10
0
-3
1
3
-4
5
-3
3
3
-6
3
2
1
2
-9
-5
-6
-6
0
-5
-8
4
-1
-3
-6
-3
1
6
-13
-14
10
1
1
-6
0
4
-6
2
3
0
-13
10
-4
-3
-5
5
-3
-1
1
0
-2
2
0
1
-5
8
-5
3
-2
0
-1
0
-1
0
0
-2
-1
-1
-2
-2
-1
-1
-1
-1
0
-1
0
0
-1
0
0
0
-1
0
-1
-1
0
1
0
0
0
0
-1
0
0
1
0
0
-2
3
-4
8
-4
1
-1
1
-2
0
1
0
-3
6
-4
-2
-3
10
-12
2
4
3
-6
6
0
-5
1
2
11
-10
-9
11
5
1
-3
-1
1
8
-3
-2
3
0
-1
3
-9
-6
-5
-4
-3
-5
-3
-4
1
-7
7
-8
4
-18
11
0
-8
-1
0
0
0
0
-3
0
4
-10
1
6
-7
-2
0
2
-3
-3
4
-3
0
2
-1
-1
-1
-1
2
0
-1
1
2
-1
-1
1
-2
-1
-1
-1
0
-1
-1
0
-1
-1
-1
0
-1
-1
-1
0
-1
0
0
0
0
0
0
1
0
1
0
0
-1
1
0
-1
2
1
-1
0
1
0
0
0
-1
2
0
-4
5
0
-3
2
0
1
-6
8
2
-9
5
0
-1
1
1
0
1
0
-7
4
15
-15
6
-5
10
-3
2
-1
0
-1
0
3
0
2
-9
-7
0
-7
-2
-3
-1
-7
0
-2
-5
0
-2
-4
0
-3
-2
-1
-3
1
-2
-2
0
-2
1
-7
3
2
-4
0
1
-3
-1
-1
3
-3
0
0
0
-1
-4
8
-9
3
2
-3
0
1
-2
0
-1
0
-1
0
-1
0
0
0
-2
-1
0
0
-2
-1
1
0
0
0
0
0
-1
1
0
1
0
1
0
0
-1
-1
-2
2
0
-3
4
3
-8
7
-3
1
0
1
0
-2
4
-2
-1
-2
1
0
-3
3
4
-7
2
0
2
0
-1
1
-1
-1
-2
1
3
0
0
4
-2
-1
2
-3
3
0
1
0
4
0
-7
-8
0
-6
-1
-6
-1
-3
1
-3
-9
4
-1
-2
-5
-6
9
-11
5
-1
-3
2
-1
-3
1
2
-8
1
3
-3
-3
2
-1
2
-1
0
-2
0
1
0
-1
3
-3
3
-3
2
-2
2
-3
0
0
-2
-1
0
0
-2
-1
-1
-1
-1
0
0
-1
-1
0
0
0
-1
0
0
0
-1
-1
0
1
0
0
-1
0
0
-2
2
0
2
-2
2
-3
2
-1
1
2
1
-1
1
0
2
-1
2
-1
-2
4
1
-7
4
2
-1
1
2
-2
0
5
-9
10
-4
-2
0
1
6
-6
1
2
0
2
-2
2
0
4
-1
-9
-5
-4
-6
-1
-5
-8
7
-10
3
-7
4
-6
1
-4
-7
10
-15
7
-4
1
-2
0
0
-1
0
-5
7
-5
-1
0
0
-4
4
-1
1
-1
1
-2
1
0
-3
1
2
-3
1
-2
0
0
-1
-1
-1
-1
1
-1
0
-1
0
-1
0
-1
0
-2
-1
0
0
0
1
-1
1
0
0
0
0
0
0
0
1
1
-1
1
1
-1
2
-2
2
1
-1
0
1
-2
2
0
2
-1
4
-4
0
2
1
-5
8
-3
1
-1
2
0
-1
1
-3
8
-13
11
-3
-1
3
-3
6
-4
6
-9
11
-3
-1
1
1
2
3
-8
-3
-6
-6
-1
-2
-6
0
0
-9
12
-15
1
-3
-2
3
-1
-9
3
-1
-1
-1
0
-1
-3
1
0
-3
0
-3
-3
2
-3
0
-1
0
-2
5
-3
0
1
-1
4
-2
0
-1
0
0
-1
0
-2
-1
0
-1
0
0
0
-1
0
-1
-1
-2
0
-1
1
-1
1
-1
0
0
1
1
0
0
1
1
0
0
-1
0
0
-1
1
0
1
0
3
-2
1
0
-3
5
-2
1
-1
1
-3
3
-2
-1
1
-1
1
2
-2
-1
1
1
-1
1
4
-8
0
7
0
-1
4
-11
14
-5
2
5
-4
2
3
2
-1
5
-9
-5
-4
-5
-1
-2
-3
-5
-5
1
0
-4
-3
-3
-1
-2
2
-4
-5
5
-3
-3
1
-1
-3
0
-1
-4
0
0
-3
-1
3
-3
1
1
1
-2
2
1
-3
1
0
2
-2
2
-2
1
-1
-1
-1
0
-1
0
0
-1
-1
-1
0
-1
0
0
0
0
1
0
-1
0
0
0
0
0
0
0
1
0
-1
1
0
-1
0
1
-2
2
-2
2
-1
1
-3
1
3
-3
1
0
1
-3
3
-1
-2
2
0
-2
1
2
-2
0
2
0
-2
6
-4
-4
3
0
3
1
-1
-1
3
4
-3
0
1
1
1
1
1
3
-5
-4
-2
-2
-1
-3
-2
-2
-2
-2
-2
-2
-1
-2
-2
-2
0
-1
-1
-1
0
0
0
0
-1
0
-1
-1
0
0
0
0
0
0
0
0
0
0
0
0
0
0
0
0
0
-1
-1
0
0
-1
-1
-1
-1
0
-1
0
-1
0
0
-1
-1
0
-1
0
0
0
0
0
0
1
1
0
-1
-1
0
0
0
0
-1
-1
0
0
1
0
0
0
0
-1
-1
0
0
0
0
0
0
0
0
0
0
0
0
0
0
0
0
0
0
0
0
0
0
0
0
0
0
0
0
0
0
0
-1
0
0
0
0
1
1
0
