-15
-1
-9
1
-12
11
-32
88
-149
131
-94
27
18
-66
0
146
-189
317
-379
166
16
-185
119
70
46
-161
73
-28
45
-102
218
-231
104
-5
-17
7
7
-15
0
26
-34
2
40
-28
-13
20
-3
-11
12
7
-7
-11
4
-4
14
-8
-9
12
-14
12
-13
7
-5
2
-2
1
-4
8
-12
11
-12
12
-7
-6
16
-4
4
-11
-7
6
13
-10
-3
20
-13
-29
40
1
-33
26
1
-14
7
8
-17
-4
104
-231
219
-103
46
-27
74
-161
48
70
120
-183
16
169
-377
319
-188
150
4
-63
21
31
-92
134
-147
92
-29
14
-9
8
-4
7
-2
-13
-7
4
11
-27
12
0
-56
65
-73
42
64
-142
27
74
62
-167
60
58
-13
-37
87
-292
265
-47
-28
6
-73
111
45
-189
173
-78
19
4
-20
-8
-16
73
-88
71
-45
4
81
-88
36
-60
42
47
-76
34
-3
-11
17
-14
11
-25
3
29
-13
-7
2
-1
0
-1
3
-6
-14
31
3
-25
12
-14
19
-11
-2
35
-75
49
43
-61
37
-88
82
4
-43
71
-88
74
-15
-6
-21
5
20
-77
173
-189
46
111
-72
8
-26
-46
267
-291
89
-35
-13
60
61
-165
63
77
30
-139
67
45
-70
68
-54
4
17
-24
14
12
-2
-5
-11
2
-60
54
-1
18
-41
-68
41
21
173
-188
-72
211
-243
288
-603
593
-283
389
-267
-66
156
-172
20
12
-23
75
-31
-28
56
-15
-14
32
-22
21
-103
91
3
-1
-43
45
-78
49
45
-61
15
30
-7
-55
44
-20
10
-15
13
3
-5
-13
19
-31
29
-15
3
-2
-1
-1
3
-15
31
-32
21
-11
-4
3
14
-14
10
-18
44
-54
-6
31
15
-59
46
49
-77
45
-42
-1
3
91
-102
23
-22
33
-14
-14
56
-29
-30
77
-22
14
21
-170
158
-64
-266
391
-281
593
-602
292
-240
214
-69
-185
175
25
43
-66
-36
23
2
62
-55
11
-21
-9
66
-96
54
-26
-187
535
-480
-58
175
110
-233
325
-237
-151
372
-401
276
-59
122
-417
397
-43
-31
-240
214
36
-16
-25
-174
277
-276
287
-285
234
-103
11
-28
47
-47
61
74
-194
31
106
-108
89
-40
65
-60
16
9
-86
86
-21
2
27
-67
56
-16
-5
2
-2
3
-2
3
-5
-16
57
-66
28
3
-21
87
-86
10
16
-58
66
-39
89
-108
107
31
-194
74
61
-47
47
-28
11
-103
233
-284
287
-276
278
-173
-24
-15
36
215
-240
-30
-41
398
-416
123
-58
277
-400
373
-149
-234
328
-230
113
176
-54
-477
539
-183
-23
57
-89
70
-2
4
60
-238
156
64
-171
266
-433
406
217
-542
155
23
-69
87
-31
116
-168
-117
414
-484
351
-92
-12
-97
125
-81
71
24
-3
-231
126
80
-175
285
-229
123
-161
202
-97
-13
40
25
-22
-89
70
49
-39
-20
-104
193
-101
16
58
-66
10
-31
26
0
-17
22
-5
-6
1
-1
3
-5
-4
23
-15
1
26
-30
11
-63
57
17
-100
194
-102
-19
-38
48
71
-88
-20
26
40
-13
-97
203
-160
124
-228
285
-175
80
128
-231
-2
24
73
-81
128
-96
-11
-91
354
-483
415
-117
-166
117
-28
90
-67
27
157
-538
219
407
-430
269
-168
67
163
-234
68
-10
9
-13
71
-123
183
-760
831
-486
397
112
-286
10
106
-141
52
-3
-120
344
-380
80
477
-746
475
-280
211
-132
-4
107
289
-555
185
65
-91
169
-123
-40
26
61
-17
-45
21
-35
-116
338
-175
-56
105
-48
-47
54
82
-134
56
-87
58
3
3
24
-23
-23
15
5
-1
-2
-1
5
16
-22
-23
25
4
4
59
-88
59
-133
84
54
-46
-47
105
-55
-174
338
-116
-37
21
-44
-15
61
26
-40
-122
168
-90
65
186
-556
291
109
-3
-131
210
-279
477
-747
479
81
-377
344
-120
-2
55
-138
108
12
-284
115
399
-483
834
-755
186
-120
78
-7
18
-12
-89
218
-64
-397
215
1096
-1641
-261
1652
-582
-298
337
-478
379
-285
211
300
-1044
704
695
-873
-203
500
-281
345
-230
-101
95
-40
31
97
-39
37
-12
-73
30
-49
30
-33
-6
164
-165
98
-161
205
-114
1
-42
261
-121
-217
156
-98
122
19
-91
41
-63
64
-23
16
-6
-3
1
-2
-6
17
-22
65
-63
42
-90
17
124
-98
157
-217
-120
262
-41
2
-113
206
-160
97
-164
162
-7
-33
32
-48
31
-72
-12
39
-39
97
33
-41
97
-99
-229
348
-280
502
-201
-873
696
707
-1042
301
212
-281
381
-475
340
-294
-576
1651
-259
-1635
1098
219
-394
-57
222
-81
-28
-70
149
-235
540
-391
-247
254
76
-99
-85
54
154
-134
-183
249
-236
299
19
-621
897
-481
455
-577
31
35
299
-503
380
-96
14
-38
-56
311
-113
-227
78
93
-101
110
-71
-31
76
-66
75
-18
-108
144
-97
62
-9
75
-77
-41
-95
168
-43
-26
55
-34
6
-22
14
-1
0
-2
14
-21
6
-32
55
-26
-42
168
-92
-40
-76
76
-8
62
-96
145
-107
-18
77
-66
76
-31
-71
111
-100
92
79
-227
-114
312
-56
-37
16
-95
381
-502
300
35
32
-575
457
-479
900
-621
20
299
-235
252
-179
-130
157
57
-83
-95
78
258
-244
-387
542
-227
153
-61
-3
22
-63
164
-459
266
20
-792
3151
-3194
764
-44
98
-99
149
-130
311
-413
-219
1293
-1351
905
-873
396
179
-321
224
-20
70
-165
-44
161
35
-75
106
-140
-121
112
128
-175
136
44
-190
101
-92
140
66
-219
127
-203
197
241
-421
182
0
-100
83
-13
-25
33
-19
-12
21
-4
-7
-4
22
-15
-18
34
-24
-12
80
-91
0
184
-421
242
197
-201
128
-217
66
140
-93
101
-194
47
135
-175
127
112
-121
-139
107
-74
35
163
-44
-163
71
-19
226
-320
180
396
-871
907
-1352
1296
-218
-413
312
-128
153
-94
100
-42
767
-3187
3150
-788
25
270
-454
171
-58
31
0
80
-157
258
-247
420
-979
1652
-3370
3066
-685
-75
-8
220
-351
242
-452
284
320
-165
-443
494
-62
132
-523
650
-395
19
30
-71
-92
159
142
-515
922
-597
-337
493
-158
-39
236
-324
223
-18
-166
153
-5
-88
161
-224
177
-95
17
9
79
-93
7
-42
140
-131
49
-3
2
-6
7
-6
2
-4
50
-131
141
-41
12
-98
82
10
17
-94
179
-224
162
-88
-5
155
-166
-17
223
-324
235
-37
-157
495
-336
-596
920
-512
142
161
-92
-69
32
21
-393
651
-523
137
-62
496
-442
-164
321
285
-451
245
-348
223
-4
-72
-682
3066
-3364
1654
-976
423
-243
265
-153
86
-2
76
-220
62
39
-672
1702
-2091
2877
-2249
128
262
-8
407
-514
165
-451
831
-734
403
-343
539
-752
1129
-844
319
-97
107
-186
124
-184
-34
202
90
-316
527
-722
470
-244
164
46
-195
242
-169
157
-221
154
-94
53
-144
339
-372
284
-105
16
-43
-1
-2
10
16
-25
5
4
-1
-1
-2
5
5
-25
17
12
-3
-2
-36
16
-105
285
-371
340
-144
54
-93
154
-221
157
-166
241
-191
45
164
-242
470
-722
529
-315
90
202
-33
-185
125
-186
110
-97
323
-844
1130
-753
542
-343
405
-734
832
-450
168
-511
411
-5
264
133
-2245
2876
-2084
1705
-667
42
69
-215
84
3
72
-227
-58
380
-673
984
-1276
1976
-1953
1532
-954
25
62
95
-175
553
-691
517
-180
-694
851
-709
1005
-934
738
-537
415
-275
144
-126
67
-157
379
-702
950
-629
266
-123
-29
58
-117
93
-20
49
-33
-21
99
-197
120
6
-9
-7
-3
43
-112
107
-1
-67
46
-26
-7
31
-37
38
-37
32
-7
-25
46
-65
-1
106
-108
41
1
-7
-8
7
121
-196
98
-20
-33
49
-18
91
-114
57
-29
-122
266
-629
950
-700
377
-157
67
-125
143
-273
417
-537
738
-934
1007
-706
853
-694
-178
518
-689
554
-171
99
66
28
-951
1535
-1949
1976
-1271
987
-668
384
-51
-222
79
12
68
-162
-167
599
71
-836
2192
-4534
3318
-771
199
72
-117
19
272
-752
570
-69
-393
1279
-1254
461
-125
-300
407
-267
204
82
-206
143
-153
-138
339
-347
357
-29
-172
205
-288
138
30
-9
2
85
-238
256
-266
69
201
-249
366
-318
68
-28
12
25
24
-56
39
-14
-26
43
-43
45
-43
44
-26
-14
40
-56
27
31
7
-24
68
-317
367
-248
202
70
-265
257
-238
88
0
-8
27
137
-288
204
-171
-29
356
-346
339
-138
-153
144
-206
84
204
-265
409
-299
-122
464
-1254
1281
-391
-68
572
-751
277
22
-114
74
204
-768
3318
-4527
2194
-830
75
601
-160
-156
75
3
54
-130
-134
537
401
-1629
2431
-3438
2572
-1497
916
-241
615
-924
70
950
-784
503
-87
-997
927
-370
211
416
-611
275
-173
-19
141
127
-218
-19
96
-344
567
-514
402
-63
-143
18
126
-215
181
61
-193
134
-113
-24
118
-98
182
-172
80
11
-105
107
-52
-9
3
5
10
-32
52
-58
54
-32
11
5
3
-9
-48
112
-108
15
80
-170
182
-97
118
-23
-112
134
-193
62
182
-214
125
19
-141
-64
402
-514
568
-344
96
-19
-219
130
141
-18
-172
277
-612
417
213
-370
929
-997
-86
504
-784
951
74
-921
619
-238
917
-1494
2571
-3432
2433
-1625
404
540
-125
-126
61
10
18
-79
-67
263
586
-1678
1459
-1040
717
-354
-110
496
301
-1177
331
640
-77
-751
604
-382
26
614
-541
400
-403
205
-278
517
-408
88
8
-157
124
246
-331
407
-408
144
-66
96
-124
126
-19
-151
160
-35
-71
178
-209
147
-105
86
-86
91
-69
41
-11
-38
31
-6
5
6
-14
7
-14
8
4
-5
31
-36
-10
44
-69
93
-84
86
-106
148
-208
179
-71
-37
161
-152
-19
127
-124
97
-64
144
-407
408
-329
245
123
-157
9
88
-408
518
-279
209
-406
401
-541
615
28
-381
606
-750
-77
641
335
-1174
304
498
-106
-351
719
-1037
1462
-1672
590
265
-60
-75
27
2
18
-57
-24
115
620
-1443
684
137
-132
162
-444
518
-46
-370
403
-328
548
-866
178
569
-554
596
-325
-97
167
-165
53
97
122
-431
362
-270
-201
849
-741
336
-33
-202
58
176
-162
136
-87
-22
-43
198
-179
98
56
-285
209
-30
-27
73
-39
-44
36
6
0
-11
2
-16
14
0
14
-14
2
-10
1
7
36
-43
-38
75
-25
-30
211
-283
56
99
-177
197
-43
-20
-87
137
-163
177
58
-202
-33
336
-739
847
-200
-270
365
-432
125
97
54
-162
167
-96
-326
598
-554
572
178
-865
549
-327
406
-368
-43
521
-439
163
-128
139
688
-1439
622
118
-17
-53
26
6
0
-47
-50
135
740
-1546
748
-60
94
-96
-378
833
-783
775
-402
-166
540
-616
-60
494
-605
685
-317
16
27
-48
-52
96
334
-725
630
-443
-66
311
-46
-85
281
-319
-2
135
-4
-108
145
-41
-149
135
75
-201
232
-158
-24
93
-63
14
63
-65
13
-11
4
-10
5
21
-44
48
-44
22
7
-10
4
-10
13
-64
65
17
-62
93
-23
-158
233
-200
75
134
-148
-41
145
-107
-4
135
0
-320
280
-83
-45
310
-64
-443
630
-726
336
98
-52
-45
27
16
-316
688
-605
495
-59
-616
543
-165
-398
779
-778
836
-373
-94
98
-58
752
-1542
744
138
-43
-42
9
-5
31
-95
-45
123
979
-2057
2064
-1749
682
-13
-230
400
254
-635
12
256
419
-874
1073
-1018
177
311
-252
201
-46
-15
-163
249
-101
-67
301
-383
47
220
-281
252
-77
-33
43
-35
10
31
-52
41
-27
33
-59
-5
98
-106
80
-49
38
-51
24
2
3
-9
5
-5
6
-6
2
-2
3
-5
6
-4
6
-8
4
5
24
-49
41
-48
80
-105
98
-4
-58
32
-27
40
-50
30
9
-35
44
-34
-78
252
-280
220
49
-383
302
-65
-101
248
-163
-12
-47
202
-251
313
181
-1019
1074
-873
419
257
15
-633
258
403
-227
-12
686
-1745
2068
-2053
983
126
-38
-90
40
-12
30
-83
-73
101
1041
-2077
2195
-1892
724
-149
117
-78
1083
-1632
337
501
-469
423
359
-976
746
-454
106
100
-48
5
57
-62
-22
34
18
-58
1
45
103
-166
47
3
9
14
-6
21
-156
217
-159
26
119
-110
36
13
-51
52
-46
58
-57
22
1
-7
-1
1
0
-2
-1
0
0
-1
0
1
-1
-5
3
25
-57
59
-44
53
-51
16
36
-109
119
26
-158
216
-155
18
-5
14
9
2
47
-166
103
45
1
-58
20
35
-22
-61
58
7
-48
101
109
-453
747
-976
362
423
-466
502
339
-1628
1087
-75
120
-145
726
-1888
2199
-2071
1043
104
-64
-79
38
-5
40
-113
-64
198
630
-1242
653
-325
443
-567
590
-553
1061
-1557
718
129
-453
696
-312
-66
86
-128
115
-64
-3
54
-16
-37
39
-18
-17
36
27
-75
31
-22
25
-7
-6
15
20
-101
151
-53
-5
-63
70
-44
4
29
-47
48
-18
12
-12
-1
1
-2
-3
2
-1
-1
-1
0
0
1
0
2
-2
-2
1
0
-11
15
-20
49
-48
32
5
-43
69
-63
-4
-52
151
-101
21
14
-6
-7
25
-22
31
-74
27
36
-16
-17
39
-36
-15
56
-1
-63
116
-127
90
-64
-310
698
-452
130
720
-1553
1064
-549
592
-564
445
-322
657
-1237
633
201
-58
-108
49
-17
55
-124
-77
238
432
-972
396
-78
476
-720
615
-504
733
-1062
657
-195
-55
369
-339
133
-4
-50
31
-18
13
3
3
-22
25
-19
3
5
16
-50
-5
57
-18
-4
-17
7
49
-36
2
-48
63
-55
66
-45
0
42
-44
16
0
-15
12
-5
-1
2
-1
0
-1
0
-2
0
-1
1
-1
1
0
0
-1
-4
13
-12
0
17
-45
43
2
-44
67
-54
65
-47
2
-36
50
6
-16
-5
-17
56
-3
-49
17
5
4
-19
27
-22
4
4
14
-17
33
-49
-2
134
-337
370
-54
-194
659
-1057
736
-500
617
-716
481
-77
399
-967
434
240
-69
-119
62
-2
58
-69
-78
341
-519
105
-67
302
145
-365
207
-97
-73
-54
236
-182
115
-43
-32
-23
63
-12
-20
36
-29
2
1
2
-1
-8
-1
12
-23
40
-36
3
12
-5
0
17
-26
48
-141
176
-110
75
-48
3
10
-3
-4
8
-13
6
-2
-1
1
0
-2
0
-1
-1
-2
0
0
0
1
1
-1
0
1
-1
0
9
-13
8
-2
-2
10
4
-48
76
-109
176
-142
48
-26
17
1
-7
13
3
-36
41
-21
12
-1
-8
1
3
3
2
-28
37
-18
-12
65
-23
-32
-43
115
-181
238
-52
-70
-93
210
-361
147
303
-63
109
-514
344
-70
-64
67
-19
63
-111
64
-56
48
-114
199
-154
72
-59
-44
145
-329
434
-195
-3
-61
108
-91
101
-83
9
12
-12
14
-11
0
2
-7
7
-10
-1
28
-32
26
-25
2
5
-1
9
-1
-22
30
-27
16
14
-19
2
-1
5
2
-4
-11
10
0
-4
-1
-1
-1
0
-3
0
-1
0
-1
0
-1
1
-1
0
-1
-3
2
12
-11
-4
3
4
1
3
-19
15
16
-27
28
-22
-1
9
-1
6
3
-25
27
-31
29
-1
-10
8
-5
3
2
-10
14
-11
12
10
-82
103
-89
108
-61
-2
-191
438
-325
149
-41
-56
74
-152
202
-111
51
-53
71
-107
72
-1
30
-78
52
-22
-164
245
-7
-136
77
-69
-39
141
-205
239
-86
-37
-44
92
-50
13
-8
-8
12
-10
7
-7
-4
3
-7
2
-1
-4
7
-13
9
7
-7
3
-9
4
9
-8
-16
18
0
-1
9
-13
7
-17
13
-5
1
-5
5
-6
1
0
-1
0
0
0
0
0
0
0
-1
1
0
0
1
-4
4
-3
2
-4
14
-15
10
-12
9
0
-1
18
-15
-7
8
4
-9
5
-6
8
8
-12
8
-4
1
2
-6
4
-2
-5
8
-9
12
-5
-7
15
-49
93
-44
-36
-81
242
-201
144
-36
-65
79
-134
-3
248
-159
-19
60
-72
38
-19
3
-12
19
-63
-25
135
47
-212
105
-59
-14
89
-140
210
-105
-26
15
-26
-6
56
-25
-9
-1
0
5
-3
-1
2
-12
9
-1
0
-36
57
-35
19
-13
5
0
-4
-4
9
1
-9
3
2
-12
9
3
-8
4
-4
3
-6
2
2
-5
2
-2
0
-1
-2
0
0
-1
0
0
0
-1
2
-5
3
3
-5
3
-3
6
-7
4
10
-12
4
3
-7
2
10
-5
-4
1
5
-11
20
-34
58
-35
0
0
8
-11
2
0
-2
6
0
1
-7
-25
57
-6
-25
16
-25
-102
213
-138
93
-13
-55
108
-210
49
140
-22
-60
26
-8
11
8
-16
-1
-9
18
-82
68
129
-245
103
-9
-13
19
-77
141
-75
-29
54
-28
-54
71
-15
-10
-9
1
3
2
-3
-3
-1
2
-6
2
12
-20
12
-5
1
1
-3
7
-3
0
7
-13
10
-5
2
4
-6
2
-1
-5
7
-6
-2
3
-4
1
-1
-1
0
-1
0
-1
0
-1
1
-1
0
1
-3
3
0
-4
9
-6
-1
3
-5
5
1
-4
9
-13
7
0
-4
7
-2
1
2
-5
13
-18
12
2
-5
3
-1
-2
-2
3
4
1
-7
-8
-13
73
-53
-26
54
-28
-71
144
-73
22
-11
-5
108
-243
132
72
-79
22
-1
3
-6
-17
3
-8
-3
-23
20
10
-10
-40
23
11
-11
-52
13
51
-5
-10
-13
-12
31
-76
83
-50
37
-30
18
-20
9
-13
15
-12
0
1
24
-42
24
-15
13
-2
-9
5
8
-11
2
6
1
-2
-4
-2
3
3
-9
8
-3
1
0
-2
1
0
-2
0
-1
-1
0
0
0
-1
-1
1
-1
1
1
-2
0
1
-3
8
-8
3
3
-1
-3
-1
1
6
2
-10
7
5
-7
-2
14
-15
25
-41
24
1
0
-11
16
-11
10
-18
19
-28
38
-49
83
-75
31
-11
-11
-9
-1
55
16
-48
-8
14
26
-38
-7
15
25
-20
4
-3
12
1
-4
-17
-7
5
-17
46
-67
41
-15
-14
5
30
-78
57
-17
17
-14
-3
3
-21
6
-4
22
-23
6
3
-9
8
-6
-2
-3
3
-1
-4
0
9
-7
4
-11
12
-7
0
7
-4
-1
-2
2
1
-4
2
-3
0
3
-1
-2
0
1
-1
-1
-1
-1
-1
0
0
0
0
1
0
2
-2
2
0
-3
-1
3
0
-2
3
-3
2
3
0
-1
-4
7
1
-6
12
-10
4
-6
10
0
-2
-1
3
-2
-1
-5
10
-9
5
8
-22
23
-2
8
-19
4
-2
-14
18
-14
61
-74
34
10
-12
-12
43
-64
50
-12
7
2
-11
3
-10
-1
-4
-16
-15
31
9
-99
111
-45
12
-20
-6
-56
120
-80
39
-4
-44
17
4
-5
-1
-1
1
-7
7
1
-17
4
10
-13
15
-13
-3
1
8
-3
-3
3
-5
0
10
-5
-1
1
-3
10
-9
3
-1
-2
3
-3
-5
6
-3
-1
0
1
-1
-1
0
-1
0
-2
0
0
0
1
1
-1
-2
7
-3
-2
3
-1
-1
3
-8
10
-3
1
-1
-5
9
0
-5
3
-2
-2
8
2
-2
-12
15
-12
11
5
-15
1
9
-5
2
1
1
-3
5
19
-42
-1
40
-75
123
-53
-2
-17
15
-41
113
-95
13
34
-12
-8
2
7
-2
-11
-1
-3
-22
29
-17
-40
70
-45
-2
-7
20
-40
55
-34
9
-5
-7
12
-18
13
3
-14
2
-1
0
-2
0
2
-10
9
-4
1
2
-11
9
-4
8
-11
7
-7
7
2
-2
-1
-2
6
-6
2
-2
0
0
-2
1
-3
2
0
-2
-1
0
0
-2
0
1
0
0
0
0
0
0
2
2
-1
1
-1
1
0
-1
3
-5
6
-1
0
-2
2
6
-7
8
-10
8
-3
9
-11
3
0
-4
11
-8
3
1
0
0
1
3
-12
5
15
-18
13
-7
-4
10
-32
58
-36
23
-3
1
-42
72
-36
-13
33
-18
5
3
-2
-16
3
-15
1
0
2
-22
3
12
-14
2
-9
7
-5
8
-20
7
0
-5
-1
5
-2
-4
3
-3
2
0
-6
4
-2
-3
6
-9
3
1
3
-8
4
0
2
-4
4
-2
-2
2
2
-1
-1
1
-4
2
-4
2
-3
0
0
-1
1
-1
0
-1
0
0
1
0
0
-1
0
0
1
-1
3
0
0
2
0
2
-3
3
-3
2
0
0
1
1
-2
-2
5
-4
2
0
4
-7
3
3
4
-9
6
-3
-1
4
-5
0
4
-3
4
-2
-2
6
0
-5
0
8
-16
11
-3
10
-7
4
-10
14
8
-18
6
3
8
-10
13
-6
-4
-1
-1
-3
-5
-2
0
-1
-4
-4
1
1
-2
-6
-6
-1
1
2
-2
-3
-1
1
1
0
-1
-1
-1
0
-1
-1
-2
0
-1
0
1
0
-1
-1
0
1
2
-1
-1
1
1
0
0
-1
0
0
-1
-2
-1
-1
-1
-1
0
-1
0
-1
-1
-1
-1
-1
0
-1
0
0
0
0
0
0
0
0
0
-1
-1
0
0
0
-1
0
1
1
-1
-1
1
1
0
-1
-1
1
1
1
0
0
0
0
0
0
0
0
1
1
2
1
0
-2
-1
2
3
0
-3
-2
1
4
2
-2
-1
2
4
1
-1
-1
3
3
-1
