0
-2
1
-2
2
-2
0
1
-5
6
-1
-4
-2
1
0
1
0
-4
3
2
-3
1
4
-7
2
2
-2
2
0
-3
1
1
0
3
-2
-1
-1
0
-1
0
-1
-1
0
1
-2
-2
1
-1
1
-1
0
0
0
0
-1
1
-1
0
0
-1
-1
0
-1
0
0
0
0
-1
0
0
0
-1
-1
0
1
-1
1
0
0
0
-2
1
-1
0
1
-1
1
-1
0
0
-2
0
0
0
2
-4
0
-1
-1
1
-1
-2
1
-2
-3
5
-4
0
2
-2
-3
3
-1
-1
0
-3
0
4
0
-8
4
-1
-1
2
-3
-1
-3
-2
0
-1
-1
-4
4
-2
-1
-7
20
-11
-7
13
-12
-1
1
1
3
-8
12
-16
23
-44
50
-31
29
-30
6
5
5
-3
-7
-1
18
-18
10
-5
1
0
-1
1
-2
-2
1
-1
1
-1
-1
0
-2
0
-1
0
0
-1
-1
1
-2
0
-1
0
0
0
0
0
0
0
-1
-1
-1
0
0
0
0
-1
0
0
0
0
-1
-1
1
-1
0
1
-1
1
-2
1
0
-2
0
0
-2
4
-11
18
-19
0
7
4
-4
-6
-6
29
-30
31
-52
45
-23
16
-14
9
-4
-2
-3
-1
11
-16
6
9
-21
8
1
0
-6
1
-2
-2
0
-1
1
-1
2
-1
5
10
-46
28
-16
41
-30
1
13
-41
58
-43
29
-32
25
20
-39
-20
37
13
-24
-3
9
8
-5
-19
23
12
-18
-2
13
-15
3
4
-1
-3
0
4
-2
0
0
1
1
0
-2
-1
0
1
-1
1
-2
0
0
0
0
0
0
1
0
0
-1
-1
0
-1
-1
-2
1
-1
0
-1
-1
0
0
-1
-2
0
0
0
1
-4
-1
2
0
-5
-4
14
-15
1
17
-12
-24
20
5
-9
-9
2
24
-14
-38
20
39
-20
-26
31
-30
42
-59
41
-15
-3
28
-42
15
-30
45
-10
-7
0
-4
-1
-2
-3
0
-1
-4
2
-10
34
-19
-5
-19
10
12
10
-13
15
-41
29
-35
46
-25
-16
47
-12
-50
55
-22
19
-25
7
9
-12
24
-42
45
-41
53
-44
21
-23
24
-9
0
-2
1
1
-2
-1
-1
3
-5
1
1
-2
1
-2
0
-2
0
0
-1
-1
-1
-1
0
-1
0
0
0
-1
0
-1
0
-1
-1
1
-3
2
-1
0
-1
-2
4
-4
-1
-1
2
-2
-2
2
0
9
-24
22
-21
44
-54
39
-45
43
-23
11
-8
-7
25
-18
22
-55
49
13
-47
16
24
-47
34
-30
40
-18
12
-12
-14
-10
20
3
19
-35
9
-5
3
-3
0
-2
3
-4
7
-49
92
-85
61
-20
-1
-45
44
9
-33
28
-14
-5
6
-24
70
-29
-75
31
57
-54
45
-33
-3
24
15
-66
67
-37
4
33
-54
54
-41
5
7
7
-5
-5
4
0
-3
4
-1
-3
1
2
-2
4
-6
1
0
-1
0
-1
-1
-1
-1
-1
0
0
0
0
-1
-1
0
-1
-1
-3
7
-6
0
-2
-1
3
1
-4
3
-1
-4
4
3
-8
-8
-6
39
-54
53
-32
-4
36
-67
65
-15
-23
2
32
-45
53
-58
-32
75
29
-71
24
-7
5
14
-30
31
-11
-46
43
-1
19
-62
83
-92
48
-8
2
-4
-3
0
-1
-3
2
3
-4
-18
3
46
-69
71
-56
9
8
44
-57
-19
32
-12
15
12
-9
6
-40
36
-24
21
-18
13
22
-60
48
6
4
-52
61
-119
139
-53
-16
24
-9
3
-1
1
-3
1
-5
3
1
-3
2
-2
0
0
2
0
-1
-2
0
0
-1
0
-1
0
-1
0
0
1
0
-1
-1
-1
-1
-1
2
1
-3
1
-2
-4
4
-3
2
-1
0
-3
8
-24
17
53
-138
119
-61
52
-5
-7
-49
60
-23
-13
17
-21
23
-37
39
-6
8
-12
-15
12
-32
18
56
-46
-8
-10
55
-73
67
-46
-3
17
3
-4
-5
2
-3
0
0
-4
5
-4
-13
43
-45
-18
94
-39
-44
33
-39
24
-9
37
-19
-13
2
15
-15
24
-36
34
-11
-16
15
-22
43
-18
-14
6
7
-5
25
-41
0
30
-12
-10
0
4
1
-2
0
0
3
-6
5
-2
-1
-3
1
2
-1
0
-1
1
-1
-1
-1
-1
-1
0
0
-1
-1
0
1
-1
-1
-1
2
-2
-3
2
-1
1
-6
6
-3
-1
0
1
-1
-6
-2
10
11
-31
-1
39
-26
4
-7
-7
13
18
-44
22
-14
16
10
-35
35
-24
15
-16
-3
12
18
-37
7
-25
38
-35
42
36
-95
17
44
-43
13
2
-8
3
-3
0
2
-10
7
-21
34
7
10
-39
-7
12
-6
26
-41
-10
64
-60
20
16
-25
81
-136
82
-8
4
-11
-4
-18
26
10
-5
-36
39
-3
-27
31
9
-56
15
35
-26
8
1
-8
13
-19
12
-10
9
-2
-1
-2
3
-5
0
1
-1
0
0
-2
-1
0
-1
0
0
0
0
0
0
0
0
0
0
-3
-1
5
-4
2
0
2
-9
9
-13
18
-14
7
-1
-9
25
-36
-16
55
-10
-31
26
3
-39
36
5
-10
-27
17
3
12
-4
9
-84
136
-82
24
-16
-20
60
-66
8
40
-27
3
-15
4
38
-11
-7
-35
20
-8
9
-6
0
-2
45
-47
1
-59
268
-376
204
7
-12
-108
87
95
-199
119
8
-19
-37
-11
80
-62
15
21
-18
-2
5
-3
22
-49
35
-5
-7
-3
8
8
-11
-20
35
-33
26
-8
-2
8
-5
-4
1
0
6
-3
-1
-3
5
-4
-2
2
-2
0
-1
-1
0
-1
0
0
0
-1
-1
0
-1
0
0
0
0
-3
2
2
-5
3
0
3
-7
0
-1
4
4
-8
1
9
-27
35
-35
21
11
-9
-9
1
6
4
-36
48
-22
0
-7
3
17
-21
-16
61
-80
10
37
18
-9
-121
197
-97
-87
106
10
-11
-205
374
-268
57
-3
45
-46
-4
0
-24
5
28
-18
140
-104
-151
86
95
-58
-131
146
195
-298
66
-9
-12
27
49
-18
-6
-47
43
-12
16
-12
3
-30
22
15
-7
-9
-1
8
-13
19
26
-66
3
42
-21
2
-3
20
-34
21
6
-14
3
-2
3
-2
4
-3
0
0
0
-2
2
-2
1
0
1
0
0
1
-1
2
-2
1
0
-1
-1
2
-3
1
-4
2
-3
13
-7
-23
33
-19
2
-4
20
-43
-4
65
-26
-19
12
-9
0
9
6
-16
-23
29
-3
12
-16
11
-43
47
6
18
-50
-28
11
8
-67
297
-196
-148
130
56
-97
-87
150
102
-142
17
-31
-6
19
0
-24
59
21
20
-149
-229
678
-359
-58
-17
-15
230
-166
-70
102
-14
2
1
-44
41
24
-26
-28
1
38
7
-1
-59
28
-4
37
-15
-12
-10
13
-15
26
-8
-19
18
-11
4
1
-9
11
5
-8
-5
3
0
-2
-6
12
-4
-3
-1
-1
-1
3
-2
0
0
-1
0
0
0
-1
1
-3
1
1
0
2
4
-13
5
2
-1
-4
4
8
-7
-12
9
-4
-4
11
-19
19
7
-27
13
-14
8
12
14
-37
4
-29
58
1
-8
-38
-2
27
26
-24
-42
44
-1
-4
13
-103
70
166
-232
15
15
57
358
-679
228
148
-21
-24
-61
19
0
-35
58
16
24
27
-417
446
-35
-100
-8
74
-1
-175
115
24
0
37
-46
-90
60
53
17
-77
18
16
1
1
-29
26
-13
20
-10
-6
0
-17
36
8
-36
-10
37
-14
1
-5
-12
35
-1
-51
20
21
-13
8
-13
2
8
-3
-1
0
-2
1
0
-2
0
0
0
-1
0
1
0
-2
1
0
0
2
-8
-4
12
-9
12
-23
-21
50
0
-36
11
3
-2
13
-38
9
35
-8
-36
16
-1
7
9
-20
12
-27
28
-1
-1
-17
-19
77
-18
-53
-61
90
45
-38
-1
-26
-116
172
-1
-77
6
99
35
-445
417
-28
-25
-20
-59
32
0
-18
65
-34
-22
-89
269
-215
-59
146
20
-168
110
108
-203
80
23
4
-1
-67
68
9
-62
39
-4
8
-16
-3
20
-7
-11
13
-7
1
5
-20
33
-28
-20
41
-13
4
-7
2
2
-11
23
-8
-14
7
-3
9
-10
2
5
-4
-1
0
-3
5
-4
1
0
-1
0
-1
-1
-1
3
-3
2
0
-1
3
-6
-4
9
-8
3
-8
14
7
-23
10
-3
-3
7
-5
12
-43
19
27
-33
18
-4
-2
6
-13
10
7
-21
1
15
-8
3
-40
62
-10
-69
67
1
-5
-23
-81
202
-109
-111
167
-22
-147
58
214
-270
87
22
30
-66
14
0
-30
20
15
-4
66
-176
-85
349
-153
-23
-38
-47
232
-131
-16
-18
25
-6
40
-22
-11
-21
11
20
-4
-6
-5
-8
19
-7
4
-2
-1
-2
-9
6
52
-54
-6
9
3
3
-7
11
-18
3
2
3
-2
3
-8
-5
20
-7
-7
0
1
-1
3
-3
0
-1
0
0
-1
0
0
3
-5
1
0
-1
6
7
-19
4
7
-3
1
-4
-3
-4
17
-11
6
-5
-4
-10
5
52
-51
-7
9
2
0
2
-4
6
-21
8
6
5
2
-21
-10
20
9
21
-40
6
-26
17
16
131
-232
45
38
23
151
-350
85
173
-67
1
-17
-22
26
0
-24
48
-17
34
31
-396
570
-165
-39
-204
13
462
-385
3
74
-37
44
84
-155
-12
110
6
-82
24
12
-7
25
-27
7
-5
11
-4
-5
2
-7
28
-19
-34
24
29
-26
-6
17
-14
-26
56
11
-74
40
-2
-3
2
3
-8
2
0
-1
1
0
-1
-1
-1
0
0
0
-1
-2
2
0
-2
1
-1
-3
7
-4
-2
3
2
-41
74
-11
-56
26
14
-17
6
25
-30
-26
34
17
-28
6
-3
4
4
-11
4
-7
26
-27
8
-13
-25
82
-6
-110
11
154
-85
-46
37
-76
-4
383
-462
-14
201
38
164
-571
395
-31
-35
13
-48
20
0
-30
2
-2
2
80
466
-1035
429
-1
71
171
-28
-185
41
-5
24
-24
32
-77
72
-29
39
-32
8
-4
-2
0
9
0
-7
-3
-1
4
-9
-3
13
7
3
-8
-23
9
-2
6
1
-19
-17
78
-38
-7
-6
0
2
-3
-2
5
-2
-1
0
-1
1
-1
1
-1
0
-1
-1
1
-1
0
-1
0
0
-5
1
2
-2
0
4
6
37
-78
17
18
-2
-7
2
-10
22
6
-5
-8
-14
2
7
-5
0
2
5
0
-10
-1
1
7
-9
31
-40
28
-74
78
-33
24
-25
4
-43
183
27
-172
-71
-1
-429
1032
-467
-82
-3
-1
-2
23
0
47
-96
102
-63
-44
-66
307
-223
75
-51
40
-66
91
-74
3
34
-36
43
-60
65
-42
7
17
-15
5
-3
2
-5
0
3
0
-2
0
-2
9
-10
23
-55
26
10
7
-7
-3
-1
7
0
-18
12
-8
7
-2
-2
-1
0
3
-2
-1
0
0
0
0
0
-1
0
0
0
-1
0
-1
-1
0
1
-4
0
0
0
1
-8
7
-13
18
0
-9
1
3
7
-7
-10
-28
54
-24
9
-10
2
0
1
1
-4
-2
5
-4
2
-8
15
-17
-9
42
-64
60
-42
36
-35
-6
71
-92
65
-41
49
-76
223
-308
64
43
62
-106
95
-52
0
67
-152
193
-116
86
-436
722
-530
282
-147
72
-48
13
3
-12
-21
61
-80
124
-129
66
-46
55
-46
42
-35
26
-26
26
-19
12
-8
7
-8
-2
11
-25
49
-42
-2
16
-2
-4
-6
3
-4
10
-12
17
-12
-2
5
-7
4
-1
0
-2
0
0
-1
-1
0
0
0
-1
-1
0
0
0
-1
1
0
-1
-5
6
-6
2
11
-17
12
-11
3
-4
5
4
2
-17
0
40
-51
25
-13
1
7
-9
7
-13
18
-27
25
-26
36
-43
45
-54
45
-67
128
-127
80
-63
21
10
-5
-13
47
-74
145
-283
529
-722
433
-87
114
-196
151
-71
0
-71
116
-70
-15
20
135
-181
49
-53
147
-151
34
94
-65
-91
182
-150
-36
269
-158
-137
140
-13
-20
25
-22
8
4
-19
31
-23
-2
8
-5
6
-6
-23
82
-74
-43
100
-42
-7
22
-29
-18
68
-27
-24
18
-6
3
2
-3
0
1
0
1
-1
0
0
0
0
0
-1
0
-1
-1
0
0
0
-2
-2
4
0
-3
4
-19
25
27
-68
18
29
-22
6
42
-101
42
73
-83
23
6
-9
5
-9
1
20
-32
19
-4
-7
21
-25
19
13
-141
136
157
-270
36
150
-182
90
63
-96
-35
149
-149
51
-50
180
-135
-22
13
67
-116
66
0
-53
9
71
5
-73
-16
40
-12
45
-45
-25
82
-84
47
2
-15
1
-15
-24
52
11
-33
6
7
0
-5
-5
6
4
-2
-3
3
-2
-1
2
-3
-5
8
-12
25
-10
-15
15
-9
10
-14
-2
15
-7
3
-3
3
-7
5
-2
0
0
-1
0
-1
0
-1
0
0
0
-1
-1
-1
-1
0
-1
-1
2
-6
6
-4
2
-3
8
-16
1
13
-10
8
-17
15
10
-26
12
-8
4
2
-3
0
2
-3
3
2
-6
-6
6
5
0
-8
-7
32
-10
-53
25
14
-1
14
-3
-48
83
-83
22
43
-47
11
-40
16
72
-7
-73
-10
47
0
-25
28
8
-35
10
10
20
-30
-7
15
-3
2
0
-2
-2
8
-14
14
-2
-1
-4
-4
7
2
3
-14
3
11
-4
1
-10
7
4
-6
0
-7
9
-4
1
-3
3
-7
5
-1
0
3
2
-13
10
-2
1
-4
3
-1
0
0
0
0
1
0
1
-1
0
0
1
0
0
1
-1
0
-1
-1
0
1
-3
3
-2
1
-11
13
-3
-3
0
1
-6
6
-4
2
-2
4
-11
6
-1
5
-5
-7
10
-2
4
-12
-4
13
-4
-3
-6
5
4
1
1
-14
14
-8
0
1
0
-3
2
-18
6
30
-22
-10
-12
34
-11
-29
21
0
-3
-3
-2
0
4
-10
4
6
0
0
-14
10
-7
0
6
-7
5
-7
9
-3
-1
-1
1
-2
1
-1
2
-2
1
-2
1
-2
2
-2
1
-2
0
6
-8
6
-4
0
-1
1
-2
-1
-2
6
-6
-2
2
0
-1
0
1
0
0
-1
0
0
0
0
-1
0
0
0
-1
-1
0
0
0
-1
-1
0
0
0
-4
0
5
-7
2
0
1
-2
0
-1
3
-8
8
-6
0
2
-2
0
-3
2
-2
2
-2
2
-3
-1
-1
1
-1
-1
1
3
-9
7
-5
6
-8
0
5
-12
11
-1
-2
-7
-6
10
-6
-1
-2
1
-1
0
1
-8
4
-3
3
-1
-2
0
1
-2
-2
0
1
-2
-3
1
2
-4
2
2
-1
1
0
0
-2
3
-3
2
-1
1
0
-1
-1
-1
1
-2
2
-3
0
-1
-1
0
-1
0
0
-4
1
-1
-1
2
-3
0
0
1
-1
0
-1
1
-1
0
0
0
0
0
-1
0
0
-1
1
-1
0
-1
-1
-1
0
0
2
-3
0
1
-3
3
-1
-1
0
-2
0
0
-2
2
-3
1
-3
0
0
1
-1
-2
1
-3
2
-4
2
-1
0
-1
3
-2
-3
4
-2
-1
2
0
-2
-2
0
-1
-2
0
1
0
-4
1
-7
7
-5
0
-2
0
-1
1
-2
1
-1
-3
2
-3
2
-1
-1
-2
1
-3
2
-3
1
2
0
-1
0
0
0
-1
1
-1
-2
1
0
0
0
0
0
-1
1
-1
1
-2
1
-1
0
0
0
-2
1
-2
0
-1
-1
0
0
-1
0
-1
-1
0
0
0
-1
0
-1
0
0
0
0
0
1
-1
-1
0
-1
0
0
0
-1
1
-1
1
-3
1
-1
-1
-1
2
-2
0
-1
0
-1
0
-1
0
-2
0
0
-3
1
1
-2
1
0
-1
0
1
-1
-2
-2
3
-4
2
-2
0
-3
-1
-1
1
-4
1
1
-2
1
-2
-2
-1
-3
0
-3
1
-5
4
-2
1
1
-3
-1
1
-3
0
-1
-2
-1
0
0
-2
0
2
0
-1
-1
-1
0
-1
0
2
0
-1
0
-1
0
-1
0
0
-1
2
-1
0
1
-2
2
1
-2
0
0
0
-1
0
1
0
-1
0
-1
1
0
1
0
-1
-1
0
-1
0
-1
0
-1
0
0
-1
-1
-2
1
0
0
0
-1
0
-1
-1
1
-1
1
0
-2
1
-1
-1
0
-2
0
0
0
-1
-2
0
-2
0
1
-1
0
0
-1
0
1
0
1
-2
0
0
1
-1
-1
0
-1
-2
1
-3
-1
2
-2
-2
1
-6
0
-2
-3
0
-2
1
-3
1
-2
4
-1
-1
0
-1
-1
-1
-1
-1
0
-1
1
-1
-1
4
-1
0
1
0
-2
0
-1
0
1
-1
-1
0
-1
0
-1
-1
0
-1
-1
0
-1
0
-1
0
1
-1
0
-1
2
-2
1
-2
-1
0
-1
0
0
-2
-1
0
-1
-1
-1
0
0
-1
0
0
1
0
0
0
0
-1
0
0
0
0
-2
1
0
-1
-1
0
0
-1
-1
-1
0
0
-1
0
0
-1
-1
0
0
1
-1
0
-1
-1
-1
-1
0
0
0
-4
1
0
-1
1
-1
-1
-1
-1
0
-2
-1
0
0
-6
1
-2
-1
-2
-1
0
-1
1
-3
0
0
-2
0
-1
-2
0
0
-2
0
1
2
-1
1
-1
1
1
0
0
-1
-1
1
0
0
-1
0
0
0
-1
-1
1
-1
0
-1
0
-2
1
-1
1
1
-1
1
0
0
0
0
-2
1
-1
0
-1
0
-1
-1
0
0
0
0
0
0
0
0
0
0
0
0
-1
0
0
-1
0
-3
0
0
1
-1
0
1
0
1
0
-1
-3
1
-2
1
-1
0
-1
0
-1
0
0
0
0
1
1
-1
1
0
-1
0
0
1
-1
-1
1
-2
1
-2
-2
-1
1
0
-1
0
0
-1
0
-2
-1
0
-1
-2
0
-1
1
-1
-8
8
-5
2
2
0
-4
0
-1
3
4
-4
-3
3
-4
-11
31
-14
-1
-1
2
-3
0
1
0
-3
1
0
-2
2
-2
-1
2
-3
0
2
-3
1
-2
2
-6
4
-4
3
-1
-2
0
0
0
-1
-1
1
-4
2
-2
-1
2
-1
-1
0
0
-2
0
0
-2
0
1
-1
3
-3
-2
-1
0
-1
-1
0
0
-2
3
-5
6
-2
0
-3
2
-3
0
2
-2
-1
1
-3
1
0
-2
1
1
-1
-1
2
-3
1
0
13
-31
12
3
-4
2
2
-5
-3
1
-1
3
-1
-2
-2
4
-10
6
-2
-3
-4
0
-11
29
-47
28
4
-9
-1
1
-3
7
0
5
-118
260
-214
55
-4
-2
-36
81
-34
-10
18
-11
-1
3
-3
0
12
-9
-5
-1
2
-2
10
-21
17
0
-3
-9
16
-17
19
-22
14
5
-22
24
-7
-3
0
-6
10
-10
2
3
-3
-4
3
-1
1
-1
0
0
-1
0
-1
1
-3
3
3
-5
-2
10
-9
5
-1
2
6
-24
23
-7
-15
21
-21
16
-18
8
3
-1
-19
20
-11
0
-3
1
5
10
-14
0
3
-5
1
11
-19
11
34
-81
35
1
3
-55
212
-261
116
-6
-2
-10
0
-1
1
8
-6
-29
44
-30
8
0
47
-114
106
-24
25
-44
11
-7
15
-9
2
8
-22
33
-75
95
-62
-30
167
-258
210
-66
-28
17
8
32
-88
113
-97
35
-6
12
-7
16
-39
52
-51
36
-24
17
-18
16
-13
3
10
-17
9
3
-11
4
0
-2
0
-1
1
-1
-1
-1
1
-2
1
0
-1
0
1
0
-2
1
-2
0
1
0
-1
0
-1
1
0
-5
10
-3
-11
16
-10
-5
12
-18
16
-17
22
-37
49
-52
38
-17
6
-12
7
-36
95
-113
87
-33
-8
-18
29
66
-210
257
-168
29
62
-95
73
-36
20
-9
-4
7
-17
6
-11
42
-25
22
-108
113
-50
0
45
100
-380
387
-108
-83
60
4
-9
-6
-10
39
8
-128
31
331
-488
181
306
-530
435
-194
-19
-7
84
9
-116
109
15
-120
73
22
-32
-32
70
-94
67
27
-46
6
-2
3
9
-5
-30
48
-26
-5
23
-15
-5
6
-3
0
-4
4
-3
-4
1
1
-1
0
-1
0
0
0
2
-2
-2
3
3
-5
1
-1
1
-7
5
14
-25
5
26
-49
30
4
-8
-4
1
-7
46
-28
-68
94
-71
30
32
-22
-73
119
-16
-110
117
-9
-85
6
18
194
-436
530
-306
-182
489
-331
-33
126
-9
-40
8
4
6
-5
-62
82
107
-389
375
-100
-48
0
1
1
-3
-5
-5
2
7
4
-7
-7
6
11
-6
-25
-14
21
34
5
-26
-16
13
17
-7
-17
1
16
4
-14
-9
6
8
-3
-6
3
7
0
-5
-4
1
0
1
0
-2
-2
2
5
1
-6
-5
3
3
-3
-4
2
3
-3
-4
1
5
-1
-5
0
4
0
-5
-1
4
1
-5
-2
4
2
-4
-3
3
2
-3
-4
3
6
-1
-6
-4
2
1
0
0
-1
-2
2
5
-1
-7
-3
5
2
-9
-7
9
13
-4
-16
-1
17
7
-17
-15
16
25
-5
-34
-21
13
25
5
-12
-7
5
4
-5
-8
-2
4
4
1
-2
-3
