-18
0
-22
22
3
-56
89
-137
148
-29
-10
-79
-61
42
128
301
-849
514
-29
46
-90
54
258
-771
747
-295
-9
-23
102
-139
173
-99
-65
85
32
-70
-4
85
-18
-23
-4
20
-5
-54
75
-100
127
-91
29
-33
157
-257
190
-15
-107
51
59
-62
-6
37
-31
10
4
-5
2
-5
6
9
-30
39
-7
-62
60
50
-107
-15
191
-257
158
-33
30
-89
126
-99
75
-54
-4
17
-3
-23
-16
84
-3
-70
32
86
-65
-98
174
-137
102
-23
-7
-292
749
-770
259
53
-90
47
-28
515
-848
305
133
47
-58
-75
-7
-25
149
-134
92
-52
6
30
-18
8
-38
19
-44
38
3
-60
95
-144
228
-335
197
30
-26
-17
76
-43
-456
699
-512
473
-373
602
-729
-421
1204
-717
269
3
-186
96
-208
329
-117
-33
63
-95
61
-43
35
22
-59
75
-79
36
-33
100
-7
-152
142
-129
29
78
-22
49
-95
6
60
-38
15
-21
-2
17
-10
0
2
-1
-9
17
0
-20
16
-38
61
9
-95
51
-21
77
29
-128
143
-150
-7
100
-33
38
-81
73
-57
22
34
-44
61
-94
63
-31
-117
331
-208
96
-186
4
270
-716
1206
-420
-729
604
-373
475
-511
701
-455
-41
79
-15
-22
31
201
-332
230
-140
99
-57
6
45
-40
28
1
-54
21
42
-36
-58
121
-96
-129
335
-151
-136
166
-132
77
-50
320
-691
662
-393
281
-536
920
-662
-34
249
-192
162
-88
-35
72
-23
-37
86
-61
18
-38
95
-117
55
-58
73
78
-150
16
73
-67
146
-130
27
-7
0
-38
41
-34
19
22
-25
-10
51
-48
6
-2
4
-1
5
-1
7
-48
52
-9
-25
24
19
-32
41
-37
0
-6
28
-129
146
-66
73
16
-150
80
72
-59
53
-116
94
-36
19
-59
86
-37
-22
72
-34
-86
164
-190
252
-33
-661
922
-535
281
-393
663
-690
321
-48
80
-130
169
-131
-148
338
-127
-91
124
-53
-32
49
26
-45
-13
-257
619
-564
423
-8
-1166
991
706
-1058
302
-77
-76
272
-468
661
-39
-747
197
943
-862
-366
1013
-639
-86
536
-356
-49
265
-341
159
249
-393
107
250
-391
301
-83
-83
88
3
-160
240
-111
9
106
-236
66
162
-203
61
193
-301
173
21
-97
23
45
-73
49
20
-44
15
3
-9
4
13
-44
21
50
-70
44
23
-96
21
175
-300
193
62
-201
163
66
-236
108
9
-111
240
-160
3
89
-82
-82
300
-390
249
108
-393
250
160
-341
265
-48
-354
535
-85
-639
1016
-364
-862
944
198
-746
-38
663
-464
276
-73
-74
303
-1053
707
996
-1162
-4
426
-556
622
-248
-36
-207
401
-94
-257
1129
-1459
-945
1966
495
-1407
197
365
-838
477
1011
-992
-12
414
-583
-21
982
-495
-696
253
643
-303
-155
342
-428
-194
600
-106
-188
97
-15
-307
416
33
-301
152
83
-241
57
313
-242
-158
189
35
-92
153
-112
-119
-9
265
-126
-48
-7
52
-21
-2
12
-14
-11
29
-10
-15
12
-2
-20
52
-6
-49
-126
268
-7
-119
-110
153
-91
36
189
-157
-241
314
61
-241
81
153
-301
33
417
-306
-15
96
-185
-106
603
-192
-427
344
-153
-301
645
254
-695
-494
984
-20
-583
416
-12
-991
1015
481
-834
368
200
-1401
496
1965
-940
-1455
1132
-253
-86
405
-198
-34
-25
-13
505
-896
615
-609
1980
-2101
-478
1130
190
-421
283
241
-1200
583
578
42
-992
108
1000
-647
77
-136
256
137
-347
-260
407
393
-567
-125
247
214
-313
36
163
-68
-216
306
37
-356
-43
398
80
-228
-367
434
146
-236
-230
191
374
-358
-222
214
236
-173
-131
79
54
-34
-16
27
-16
-33
55
81
-132
-171
235
218
-221
-360
375
191
-229
-236
149
435
-368
-228
79
398
-41
-357
40
306
-214
-68
164
36
-312
215
245
-125
-568
395
409
-259
-346
137
255
-135
78
-644
1003
108
-991
44
579
584
-1197
245
285
-417
193
1130
-475
-2096
1982
-605
618
-893
512
-9
-18
-122
267
-379
444
-216
-1116
1881
-2040
1369
864
-1146
-272
27
934
-26
-1364
523
581
193
-936
933
-687
-980
1502
92
-481
-61
-142
608
-381
-121
176
-120
208
-196
206
-299
-180
435
200
-247
-490
418
349
-354
-22
171
-380
-71
680
-20
-616
105
281
89
-316
58
74
-97
53
98
-44
-99
11
100
10
-97
-43
99
55
-97
77
58
-316
92
285
105
-617
-19
682
-70
-379
172
-22
-352
347
417
-487
-246
199
436
-182
-297
206
-196
207
-120
178
-120
-382
610
-140
-64
-478
93
1507
-981
-687
936
-934
194
582
524
-1361
-22
937
30
-269
-1139
863
1369
-2035
1883
-1110
-214
450
-373
275
-1
262
-422
-504
774
601
-1452
1853
-1401
-248
620
-136
-314
565
331
-1097
227
576
-791
586
558
-1494
2095
-1439
-97
420
-420
68
434
-66
-221
73
-69
-208
330
169
-501
695
-481
-150
236
-70
-276
637
-311
-49
482
-700
31
384
-481
259
320
-272
-56
277
-387
66
186
-114
12
80
-43
-41
47
-40
-42
80
11
-115
187
66
-385
277
-56
-272
321
260
-480
387
32
-699
481
-48
-309
634
-273
-71
236
-148
-481
695
-499
170
329
-206
-69
75
-221
-65
436
68
-416
419
-95
-1441
2100
-1495
561
587
-790
578
228
-1092
333
568
-310
-133
620
-241
-1398
1856
-1449
607
775
-495
-416
269
-2
168
-242
-245
567
-212
489
-2079
2280
-1106
370
206
-205
-66
454
-735
423
70
-780
1253
-1648
2235
-2714
2230
-1151
520
-111
-103
148
129
-277
-38
278
-367
566
-867
955
-963
799
-399
-113
518
-601
532
-252
-89
506
-842
1080
-1017
599
-217
-158
378
-462
267
36
-208
316
-306
161
10
-132
191
-212
193
-131
11
161
-302
316
-208
34
272
-466
383
-156
-217
599
-1016
1081
-842
505
-88
-253
535
-605
521
-114
-399
801
-963
954
-862
566
-368
278
-36
-278
130
147
-99
-112
525
-1151
2233
-2716
2239
-1649
1255
-780
73
424
-732
458
-63
-202
207
375
-1103
2279
-2076
495
-209
570
-236
-236
175
3
-51
-61
677
-818
-582
238
2711
-3207
1726
-1014
411
33
-425
685
-717
551
-474
487
-831
1333
-1511
2113
-2216
1471
-900
285
-102
349
-492
364
-306
284
212
-449
381
-480
316
-150
327
-534
557
-536
633
-843
967
-929
901
-941
822
-520
337
-365
273
-27
-40
65
-119
151
-161
162
-221
232
-206
197
-208
232
-222
163
-159
151
-116
70
-43
-23
272
-366
337
-520
823
-940
898
-928
966
-840
629
-530
550
-532
328
-148
315
-477
380
-448
211
284
-306
367
-492
351
-102
287
-902
1475
-2217
2118
-1512
1337
-830
489
-475
552
-714
687
-421
35
415
-1011
1730
-3202
2714
240
-577
-815
683
-55
-43
3
-213
314
130
-620
1548
-385
-3589
3553
-923
387
-276
308
-504
397
-313
358
-367
263
297
-1292
966
-232
41
379
-303
130
-366
543
-949
1072
-311
58
-474
240
140
-284
548
-588
553
-562
467
-361
142
132
-241
242
-321
401
-380
472
-417
197
-134
41
64
-42
104
-181
105
-59
-9
41
-35
43
-34
42
-9
-58
105
-179
103
-45
68
41
-134
198
-416
473
-381
402
-321
242
-242
131
146
-361
465
-561
549
-588
548
-284
138
242
-473
58
-310
1073
-950
545
-367
132
-299
380
40
-230
968
-1292
300
263
-365
359
-310
400
-500
310
-273
389
-920
3551
-3583
-381
1551
-615
136
318
-205
36
-329
633
-907
1217
-2070
780
3425
-3305
149
524
-434
534
-610
14
529
-257
-70
372
-728
1481
-773
-1187
1068
-246
62
121
-363
468
10
-405
485
-414
262
-18
-444
224
278
-368
319
-100
-137
555
-583
48
199
-328
314
-113
-51
154
-160
100
185
-324
137
66
-267
188
13
-15
-19
-5
20
-24
23
-6
-17
-16
14
191
-267
71
139
-325
186
101
-158
155
-49
-112
314
-326
198
50
-584
553
-133
-100
321
-367
278
225
-442
-18
262
-414
487
-405
12
470
-362
121
62
-245
1070
-1189
-772
1485
-729
374
-68
-256
532
18
-607
537
-429
526
152
-3300
3426
784
-2064
1219
-897
637
-319
-36
-227
308
-13
-446
1526
-1213
-1056
1411
-191
71
-293
341
-614
349
88
-60
166
-459
199
-177
363
668
-984
-101
136
346
-96
-261
508
-653
253
65
199
-186
-23
-173
145
78
114
-83
-64
-146
73
140
-127
5
149
-169
92
-162
233
-10
-113
-14
-20
103
-68
30
-42
50
-14
-11
9
-12
9
-12
-13
51
-42
31
-69
102
-21
-13
-111
-10
235
-163
94
-168
150
6
-127
139
75
-145
-65
-83
114
77
146
-173
-23
-186
200
65
253
-652
510
-260
-96
349
138
-101
-986
671
364
-176
202
-459
167
-59
91
352
-609
344
-290
72
-187
1411
-1050
-1209
1529
-442
-6
313
-219
-21
274
-496
406
-191
-342
1174
-1594
561
414
-79
-238
9
50
247
-456
85
258
-33
-92
-176
348
-196
-318
488
34
-250
37
-103
272
-166
-48
87
27
-87
-7
117
-43
-105
58
105
-100
-11
-27
170
-107
-106
70
73
-37
-43
11
4
47
-24
-28
42
-44
7
16
1
-13
-3
2
6
2
-1
-13
1
15
9
-43
42
-29
-22
49
5
12
-43
-36
74
69
-105
-108
170
-26
-11
-101
106
57
-103
-43
117
-5
-86
27
87
-47
-166
274
-102
39
-250
38
489
-314
-194
350
-175
-90
-32
257
86
-453
250
54
13
-236
-75
415
561
-1589
1175
-337
-187
413
-490
282
-47
-2
63
-1
-184
164
112
-323
191
-66
-28
156
-106
9
110
-261
140
-9
22
-29
140
-269
100
79
-59
39
-7
7
-86
69
-1
-57
46
-30
52
-38
35
-40
66
-142
140
-56
-23
51
-45
88
-135
112
-28
-6
-48
62
-25
37
-96
68
-2
-14
2
-5
2
-1
-1
0
-1
1
-1
-1
3
-3
4
-12
-1
70
-96
37
-24
64
-49
-6
-27
112
-135
87
-44
50
-24
-55
140
-140
68
-39
36
-37
52
-30
46
-57
1
70
-86
8
-5
40
-58
81
101
-268
142
-27
23
-8
141
-258
114
12
-103
160
-26
-63
193
-318
115
168
-181
8
69
6
-4
-75
100
-3
-84
30
-29
155
-137
-48
83
-48
-9
90
6
-187
56
56
12
-7
16
-124
178
-62
-95
59
18
55
-143
110
-58
21
33
-37
-12
11
-10
84
-134
58
46
-3
-142
145
-85
120
-106
3
28
-39
68
-95
73
38
-78
-1
22
13
-21
4
-3
0
-1
-1
0
0
-1
1
-3
5
-19
14
24
2
-77
39
74
-95
68
-36
29
3
-104
120
-85
144
-141
-3
45
60
-134
85
-10
12
-11
-36
33
22
-57
111
-142
57
20
60
-95
-62
180
-121
17
-5
14
56
57
-185
9
93
-5
-43
84
-45
-135
160
-25
34
-81
4
105
-67
-13
2
-20
-28
53
-6
-49
-16
53
28
-36
-56
19
33
22
-12
-135
156
-29
-11
-43
32
24
-12
-70
36
0
17
-5
31
-50
-6
96
-111
100
-110
14
59
-28
11
-17
-39
86
-37
25
-45
-31
149
-132
-2
110
-112
39
-14
20
-17
21
-26
15
-14
8
-1
-1
0
-1
0
-1
0
8
-12
16
-26
21
-15
21
-13
40
-112
111
-1
-131
148
-31
-46
25
-37
85
-39
-17
12
-27
59
13
-110
100
-111
96
-4
-50
31
-4
20
0
37
-69
-10
25
35
-42
-10
-28
158
-134
-9
25
35
22
-53
-32
32
54
-12
-45
-2
56
-21
-16
10
19
-8
-45
2
71
-52
-75
152
-116
27
0
-15
-26
37
-8
-22
19
-15
22
-25
109
-147
21
54
-19
-14
-30
48
-123
201
-69
-14
-29
-15
-17
78
-11
-23
30
-31
-87
159
-153
109
-21
-88
233
-271
119
62
-52
-66
69
-30
12
18
-35
20
-13
8
-3
3
-2
0
0
0
-1
2
-3
8
-13
20
-33
19
14
-30
70
-65
-52
63
120
-270
233
-88
-20
109
-152
159
-87
-30
30
-23
-10
79
-16
-13
-29
-13
-69
203
-122
49
-29
-12
-18
55
23
-146
111
-23
23
-13
20
-19
-5
40
-22
-10
3
29
-114
155
-72
-48
74
11
-40
0
-18
-1
-15
69
-102
37
13
-109
124
-57
61
-87
19
32
-63
66
-87
94
-33
-40
126
-182
136
-64
-33
75
-63
29
-4
-36
85
-67
8
1
-1
45
-87
28
46
-15
-26
4
40
-31
-86
166
-40
-76
101
-131
51
97
-124
24
70
-52
-23
25
-4
-2
2
-3
0
0
0
0
0
-2
3
-2
-2
26
-22
-52
71
25
-124
98
52
-131
102
-76
-40
167
-85
-32
39
3
-26
-16
46
28
-86
47
0
2
8
-66
87
-36
-3
30
-62
78
-31
-63
137
-182
128
-39
-31
96
-86
71
-60
35
21
-83
63
-53
126
-105
15
41
-99
77
-10
7
-42
27
-22
11
-51
5
54
24
-91
28
26
-49
-6
67
-57
-26
8
51
-70
66
-3
-19
14
-90
111
-21
-63
14
7
39
-32
-61
101
-26
-70
84
-32
37
-75
3
69
-35
66
-39
-93
15
133
-92
-25
9
41
-14
8
-27
-2
16
-6
1
-2
-3
-2
3
-1
-1
1
-2
0
3
-2
-3
-1
1
-4
19
-1
-25
9
-11
42
11
-24
-93
132
16
-91
-39
67
-35
69
3
-76
39
-32
83
-69
-26
101
-60
-31
39
8
17
-61
-20
112
-89
16
-18
-2
69
-69
53
9
-23
-55
70
-3
-47
29
32
-89
28
59
10
-48
18
-17
35
-119
51
12
-32
-3
39
-36
-24
35
-1
-41
40
2
-86
53
42
-22
-33
17
8
-89
120
-21
-63
102
-74
-24
21
-3
71
-95
-3
68
-55
1
37
-47
100
-104
21
63
-51
-56
149
-164
100
-64
73
-58
0
25
21
-81
64
-16
-2
-1
8
-12
11
-12
1
1
-2
0
0
2
0
-12
12
-11
9
0
-3
-13
64
-80
20
26
1
-57
74
-63
101
-163
150
-54
-51
63
23
-103
99
-47
38
3
-53
68
-2
-95
72
-2
24
-24
-73
103
-62
-21
120
-88
10
19
-30
-21
45
56
-83
5
43
-38
1
36
-21
-32
43
0
-25
17
58
-48
10
-1
15
-41
50
-72
43
-36
62
-18
-56
40
-42
-26
103
-123
101
-59
7
87
-85
27
-64
97
-81
23
62
-121
63
-17
33
-65
63
-28
43
-61
45
-93
173
-161
132
-104
63
-93
133
-113
40
76
-133
62
19
-32
6
21
-38
15
11
-5
-2
1
-2
-1
0
-1
0
0
-2
2
-1
-6
11
16
-39
23
7
-31
21
63
-132
77
40
-113
133
-92
62
-103
133
-161
173
-93
45
-61
44
-28
64
-65
33
-16
65
-120
64
25
-80
99
-63
28
-84
88
9
-58
102
-122
107
-23
-39
44
-54
-15
66
-35
46
-68
54
-38
22
4
19
123
-70
-9
-12
29
-17
-10
-22
40
-32
-16
32
-31
83
-169
175
-88
-45
65
12
-43
-21
31
0
-5
10
-61
117
-70
31
-38
-74
137
-21
-57
-12
76
-21
-16
-33
16
35
-37
34
-17
-24
53
-18
-112
127
17
-69
38
-57
51
-19
12
-12
0
-1
-4
4
-3
0
0
2
-2
5
-4
0
1
-11
13
-18
52
-57
39
-68
19
127
-111
-18
53
-23
-16
34
-37
35
16
-33
-15
-20
76
-11
-58
-20
137
-74
-37
32
-69
117
-59
10
-3
1
32
-21
-41
16
66
-43
-87
179
-165
85
-27
35
-13
-29
41
-20
-6
-12
32
-4
-4
-62
-33
10
-16
-2
11
-5
-15
1
-19
63
-85
25
14
-54
101
-63
19
-32
0
23
22
19
-214
216
-50
-16
26
-36
74
-100
3
-8
65
-5
-45
21
38
-20
-50
56
-69
73
2
-70
46
16
-44
44
-84
105
-71
56
-40
21
-49
54
-21
0
-5
-1
2
3
-2
0
0
0
-2
2
2
1
-4
0
-20
54
-48
22
-40
57
-70
106
-83
45
-45
16
46
-69
2
74
-69
57
-50
-20
38
22
-44
-4
65
-9
4
-100
76
-34
26
-14
-48
218
-213
21
22
24
1
-30
20
-60
104
-50
18
29
-82
64
-18
5
-11
-2
15
5
-12
17
30
-34
-10
12
13
-23
5
-25
14
10
-30
46
-40
-11
-6
-8
50
-33
-8
-15
18
37
-75
35
-9
19
-23
15
-27
55
-47
29
-43
75
-102
69
24
-121
165
-72
-89
87
-60
97
-4
-55
22
-115
122
5
3
-18
-1
-37
20
11
-2
-15
2
6
0
-7
3
-2
0
-2
4
-6
1
8
3
-14
-1
12
22
-36
0
-17
3
6
123
-115
22
-56
-3
97
-60
86
-89
-73
166
-121
24
70
-102
75
-43
30
-46
56
-26
17
-21
20
-8
37
-74
40
19
-13
-6
-32
51
-5
-2
-8
-37
49
-27
13
16
-22
9
-19
15
19
-6
-26
-73
21
-14
6
3
-24
0
-2
23
-25
5
9
35
-35
0
-7
-23
37
-12
4
1
12
-72
65
-21
-5
-3
-22
45
-80
24
21
-8
13
-12
-56
108
-64
30
-24
21
-11
86
-80
5
47
-81
102
-93
37
-34
34
28
-37
-14
-4
-1
7
-2
0
-1
2
-3
0
0
2
-2
3
0
1
-1
8
1
-3
-13
-36
29
34
-34
38
-92
103
-80
47
5
-81
85
-11
22
-23
29
-63
108
-55
-9
14
-8
21
24
-80
46
-22
-3
-4
-20
66
-72
14
2
4
-11
39
-22
-4
3
-32
38
11
8
-21
25
1
4
-22
6
14
-9
29
-208
105
-49
32
-20
-24
151
-118
6
-4
-34
-120
184
15
-89
130
-220
2
61
66
53
-31
-52
-39
92
-126
206
-155
-25
174
-114
-20
-34
52
-58
77
-73
157
-268
169
-37
-76
64
-62
212
-262
307
-232
57
129
-178
192
-234
93
-23
40
-21
9
-7
-4
9
-10
3
-1
-1
0
4
-11
10
-4
-6
9
-20
42
-22
95
-234
194
-177
130
58
-230
308
-261
212
-61
64
-76
-37
170
-268
157
-72
78
-58
54
-34
-20
-113
174
-24
-153
207
-125
94
-38
-50
-29
53
68
64
3
-219
132
-85
19
186
-116
-32
-2
8
-114
153
-22
-18
39
-45
114
94
146
-406
54
122
54
-2
-67
19
-50
101
-75
23
-2
-53
41
-74
120
32
-100
48
-3
-79
21
-32
63
48
-62
6
0
-75
79
-54
66
16
0
-96
57
4
-11
-2
54
-66
120
-90
-126
153
9
3
-100
26
127
-139
17
22
25
-39
14
5
-1
-4
-3
2
0
-1
0
3
-4
-5
0
7
15
-38
27
24
19
-139
128
26
-99
4
8
154
-128
-90
121
-67
51
-2
-11
4
57
-95
0
15
68
-54
80
-75
0
7
-62
48
63
-31
23
-75
-3
50
-98
33
121
-73
45
-50
1
26
-73
104
-47
21
-62
2
59
125
62
-400
153
331
211
-409
-169
118
128
-53
-72
56
-87
5
69
34
-73
40
118
-434
493
-149
-17
5
-169
332
-342
296
-218
-10
102
-41
45
-6
-88
-12
120
-83
75
-182
150
2
2
-46
58
-39
53
-49
-29
67
-50
7
34
-22
-56
96
-86
89
-95
49
-11
2
1
-12
21
-7
-12
20
-12
-6
21
-12
0
3
-10
49
-94
90
-87
96
-54
-23
36
8
-48
68
-28
-48
53
-38
56
-46
2
3
150
-181
75
-83
118
-12
-87
-6
45
-40
104
-8
-217
298
-344
334
-168
7
-17
-148
494
-433
122
44
-70
38
72
6
-84
58
-67
-50
133
122
-162
-403
219
277
-175
147
-385
266
-14
114
-257
261
-206
121
-110
192
-269
287
-332
383
-350
-231
1088
-1271
935
-579
-14
526
-722
626
-400
299
-127
-106
31
204
-150
-64
236
-249
148
-42
3
-114
179
-195
147
7
-103
211
-229
90
18
-55
6
98
-180
155
-19
-99
104
-65
34
-17
9
-5
-7
11
-6
-4
10
-15
35
-65
106
-98
-17
155
-179
99
6
-53
20
91
-229
211
-103
6
149
-197
179
-113
3
-42
149
-249
236
-64
-151
204
32
-106
-127
300
-398
626
-722
528
-13
-576
938
-1271
1089
-229
-348
384
-328
289
-265
195
-107
125
-203
263
-252
119
-12
269
-377
152
-168
-46
-171
-550
2092
-1602
154
24
34
60
-37
15
-122
109
0
221
-279
-269
195
252
529
-1018
-419
294
1369
-536
-780
443
-129
161
-70
199
-608
729
-558
293
22
-258
204
-6
126
-165
-74
109
-2
-82
44
70
76
-164
-59
104
47
-88
11
73
19
-151
31
68
25
-65
-5
29
6
-30
5
30
-8
-62
26
69
31
-150
21
75
13
-89
49
104
-58
-163
76
70
43
-83
-3
109
-72
-166
126
-5
205
-258
23
293
-557
729
-608
199
-68
162
-128
444
-778
-536
1372
295
-420
-1018
531
253
195
-268
-277
225
3
111
-118
18
-36
61
38
27
159
-1596
2095
-544
-163
-9
-60
-90
16
139
93
-56
-97
4
64
4
-62
-35
28
35
-8
-32
-7
59
97
24
-139
-208
-53
165
177
-10
-121
-19
108
60
-76
-103
-17
44
32
13
-4
-36
-42
20
76
30
-61
-62
18
53
12
-16
5
4
-33
-31
24
43
-8
-40
-1
31
4
-26
-4
22
0
-23
1
22
-3
-26
4
32
-1
-39
-7
44
25
-30
-32
6
6
-15
12
54
19
-62
-61
30
76
21
-42
-36
-3
13
34
44
-16
-103
-76
60
109
-17
-121
-9
180
167
-52
-207
-138
25
100
60
-7
-31
-4
38
31
-31
-59
6
66
5
-92
-53
97
142
21
-85
-54
