-9
-6
-3
-5
-3
-3
42
-114
69
0
-9
1
-4
6
-17
-49
143
-174
99
-154
254
-167
49
0
-11
3
-2
-2
-1
0
0
-1
0
0
0
0
2
-2
0
1
0
1
4
-1
0
1
1
-6
-4
9
-4
-2
0
0
0
-1
-1
0
-1
-1
-1
0
-1
-1
0
-1
-1
0
0
0
0
-1
0
1
0
1
0
-2
-2
11
-3
-5
1
1
0
-1
4
1
1
1
1
-3
2
1
0
0
0
-1
1
0
0
0
-1
3
-10
0
50
-166
255
-153
100
-173
144
-46
-14
10
0
4
-6
1
71
-110
46
0
0
3
2
2
-9
-7
-3
-7
-1
21
-53
13
10
-6
-3
-3
-8
49
-99
105
-90
48
-20
57
3
-138
93
-19
-8
-5
12
-2
2
-5
-1
0
-2
2
-3
1
-1
2
-2
-2
5
-10
6
4
-2
-2
1
-1
6
-10
-4
6
-2
0
-1
0
-1
-1
-1
0
0
-1
0
-1
-1
0
0
-1
0
-1
0
0
0
0
0
0
-2
9
-3
-8
7
-2
2
-1
-2
6
6
-10
5
0
-2
2
0
3
-2
3
-2
1
0
-3
3
0
13
-4
-7
-18
94
-135
5
59
-17
50
-89
106
-96
53
-4
-1
-2
-2
12
16
-49
25
2
-1
2
3
-9
-6
-3
-7
0
-8
38
-55
9
2
-2
0
15
-34
-9
27
-1
43
-140
148
-28
-150
114
3
-4
-8
-3
-3
2
4
2
-8
3
-2
-1
5
-1
-2
-2
1
1
2
2
-6
0
0
-3
13
-9
-12
29
-25
6
-3
1
-2
-1
-1
0
-2
-1
0
-1
-1
1
0
-1
-1
0
-1
0
0
0
-1
4
-1
6
-23
30
-12
-8
12
-2
1
0
-6
3
1
1
2
-1
-2
-1
6
-1
-2
3
-8
4
4
2
-2
-2
-6
-3
4
115
-148
-27
150
-139
43
0
30
-6
-29
18
3
-1
5
10
-52
41
-4
3
0
1
2
-8
-7
-2
-8
-9
19
-43
4
47
-37
-8
56
-55
-34
58
-28
-42
113
-106
134
-165
23
22
16
0
-8
5
-13
11
-2
-2
5
-17
8
-1
6
-9
3
1
5
-3
4
-32
34
-3
0
-10
14
-18
-5
24
-16
1
1
1
-4
2
-2
0
-2
-1
0
-1
0
0
0
0
0
0
0
-1
-1
3
-3
2
2
1
-14
25
-3
-17
14
-11
1
-3
35
-32
3
-3
5
1
3
-8
7
-1
9
-17
6
-1
0
12
-13
7
-7
0
18
22
24
-164
135
-104
114
-41
-26
61
-32
-52
59
-5
-33
49
9
-39
23
-6
0
3
2
-15
-15
14
32
-20
-37
-79
77
19
2
-3
-65
68
-45
70
-100
120
-276
134
159
46
-198
14
29
7
-10
16
-15
-3
3
-2
0
-4
6
4
-5
-7
6
-1
-1
-4
8
-3
-5
11
-2
-12
11
3
-17
20
-15
3
2
0
-1
1
-1
-2
-1
-1
1
-1
-1
0
0
0
1
0
-1
0
0
2
0
0
1
2
-14
21
-16
4
11
-11
-2
11
-6
-2
9
-4
-1
-1
7
-7
-3
4
6
-4
0
0
3
-2
-14
17
-8
8
32
15
-198
47
160
135
-273
121
-96
74
-43
71
-62
-1
8
21
80
-75
-33
-16
39
19
-8
-57
58
-50
-56
210
-162
-196
242
16
-121
171
-234
23
203
-37
-345
710
-661
-162
605
-56
-368
228
-40
-44
68
-33
-40
64
-35
10
-11
5
10
-28
10
23
-17
0
4
-1
6
3
-3
-10
9
-3
14
-14
-5
16
-14
-1
3
-2
0
0
-1
-1
-1
-2
0
0
-1
0
-2
0
-1
-1
-1
0
0
1
0
-1
5
-1
-14
17
-4
-13
13
-1
10
-10
-5
4
6
-1
4
-1
-17
24
10
-27
10
5
-9
11
-35
65
-39
-32
70
-43
-39
228
-367
-55
608
-161
-660
711
-341
-34
207
27
-230
174
-118
18
245
-193
-157
213
-47
-45
66
-42
35
-54
100
-323
586
-411
-227
474
-255
314
-700
855
-586
236
-190
247
238
-1233
1552
-1022
413
-96
11
29
-78
144
-207
186
-107
29
-1
19
-32
48
-60
30
-2
-1
-5
25
-50
16
35
-23
0
8
-15
14
-10
2
2
-6
6
-1
-2
-1
0
-2
-2
-1
-1
-3
0
-1
1
0
0
1
-1
0
0
0
-1
-1
8
-7
3
2
-10
15
-13
7
0
-23
37
16
-49
25
-3
1
-3
31
-59
48
-31
19
-1
30
-106
187
-206
145
-76
30
12
-94
415
-1022
1553
-1232
239
248
-187
239
-582
856
-696
316
-250
475
-221
-408
591
-319
107
-49
43
-35
20
24
-102
161
-663
1491
-1518
639
109
-726
1269
-1192
693
-320
33
338
-557
418
-438
552
-529
467
-380
227
-22
-144
207
-170
54
35
-87
93
-55
38
-30
-13
58
-79
82
-70
48
-18
-11
43
-61
74
-84
84
-80
69
-38
-13
44
-62
67
-68
53
-35
15
0
-14
23
-29
29
-29
23
-13
0
16
-36
54
-68
69
-60
43
-12
-36
71
-80
85
-84
74
-61
43
-14
-16
47
-70
81
-76
57
-13
-30
39
-55
93
-86
35
55
-170
210
-144
-19
229
-379
469
-527
554
-438
419
-556
339
36
-316
696
-1187
1271
-722
111
639
-1512
1495
-658
162
-94
29
29
-10
-24
-1
60
-51
-17
403
-870
588
57
-480
500
-74
-506
397
305
-401
-194
593
-730
679
-280
-137
135
119
-189
-36
258
-257
139
-80
64
-32
-37
64
-7
-61
59
10
-59
40
36
-100
82
3
-62
53
11
-56
37
16
-55
28
29
-51
23
15
-26
6
11
-8
-2
4
-2
-2
-1
4
-1
-9
12
6
-25
15
24
-49
29
29
-54
17
38
-55
12
53
-63
4
80
-99
35
41
-60
10
59
-61
-9
65
-35
-32
65
-78
141
-256
260
-35
-188
120
136
-135
-279
681
-729
594
-193
-400
309
401
-505
-70
503
-476
58
589
-865
406
-13
-48
66
4
-15
4
-7
-17
-42
74
405
-1616
1941
-745
105
-15
-816
1117
-284
-177
-90
-387
1225
-854
-170
393
50
-197
36
14
-35
70
-67
16
45
-114
116
-40
18
-28
-55
98
-13
-42
1
-6
85
-78
-23
43
-17
49
-29
-62
71
-15
2
-11
-35
60
-30
3
2
-21
32
-16
1
1
-11
19
-12
1
1
-16
32
-20
1
5
-29
62
-33
-11
4
-13
72
-61
-28
48
-16
44
-23
-79
87
-6
3
-42
-12
99
-54
-28
20
-40
118
-114
47
17
-65
74
-35
16
37
-195
52
394
-170
-853
1227
-386
-86
-173
-280
1119
-811
-13
108
-742
1943
-1611
408
77
-35
-12
2
21
-15
7
-3
-69
-488
1501
-1394
146
655
-670
-199
1075
-515
-220
347
-22
-682
266
448
-48
-190
-109
199
-80
-115
122
3
-58
31
70
-63
-5
7
-66
37
75
-43
-1
28
-72
-10
75
-17
-3
20
-21
-31
31
-6
-10
26
-8
-30
17
9
-11
12
-9
-9
8
3
-3
-2
-3
-1
-2
4
9
-9
-9
14
-10
8
20
-29
-9
27
-9
-5
32
-31
-21
20
-3
-18
76
-12
-72
27
0
-42
75
37
-64
7
-5
-63
70
31
-57
4
121
-113
-78
201
-107
-188
-47
450
268
-680
-21
349
-216
-511
1077
-195
-666
658
148
-1390
1503
-483
-66
4
11
-6
27
-25
-30
73
-56
482
-1244
931
-46
-255
-485
1043
-340
120
-542
385
-142
665
-650
-171
71
172
-53
62
-90
58
-29
94
-67
-58
48
23
-18
-13
36
10
-17
-27
23
15
-7
-55
-7
57
-19
-10
11
27
-7
-29
23
5
1
-23
-9
21
-9
-9
9
5
-7
-2
4
0
-8
1
5
-1
-5
6
9
-9
-8
23
-8
-24
1
7
25
-27
-6
28
11
-11
-18
56
-6
-55
-7
16
23
-28
-17
12
35
-11
-18
23
48
-57
-66
96
-28
58
-90
63
-51
174
72
-170
-649
667
-141
388
-540
123
-336
1043
-480
-253
-45
934
-1240
485
-53
79
-26
-16
17
-43
-38
-12
10
-154
967
-1043
191
30
265
181
-576
-7
203
-51
24
12
-74
77
-107
80
-24
57
-49
33
-45
39
-31
18
-4
1
-1
-4
9
-5
-4
8
-13
3
12
0
-9
2
7
-9
0
9
-16
11
-2
3
-9
-1
5
-4
-1
-1
-1
-2
0
-2
0
-1
1
0
1
-1
0
-1
0
0
-1
-2
5
-1
-7
5
-1
12
-15
9
0
-9
8
1
-8
1
12
3
-12
8
-4
-5
10
-3
-1
3
-4
19
-31
41
-45
35
-49
58
-22
82
-107
78
-74
15
25
-47
206
-4
-573
185
267
33
192
-1037
970
-150
12
-4
-33
-35
27
-50
26
9
186
-278
-457
1075
-605
100
-112
-657
957
-229
88
26
-6
-72
-286
279
-214
206
-59
22
-38
43
-33
7
-5
1
0
-18
17
3
-16
11
10
-18
6
6
-16
25
-9
-22
18
3
-8
11
-7
-2
-3
2
-4
1
1
-2
-2
2
-3
0
-2
0
-1
0
0
0
-1
1
-1
0
-2
2
-1
0
2
3
-4
3
-3
-1
-6
11
-6
4
18
-21
-11
25
-16
6
6
-17
10
12
-16
3
17
-16
2
2
-4
8
-32
44
-37
25
-58
207
-212
281
-285
-72
-5
29
91
-225
959
-652
-109
105
-602
1078
-454
-273
189
17
32
-42
16
-46
79
-9
-53
156
-117
-743
742
-96
91
741
-1057
52
154
90
73
349
-682
111
-78
146
25
31
-19
10
-6
-45
12
10
12
0
3
-20
16
-1
-20
27
-20
5
18
-35
41
-31
15
-6
0
6
-9
3
0
0
-3
0
5
-6
2
-3
0
0
0
-1
-1
-1
-1
1
0
0
-1
-1
1
-3
3
-4
6
-1
-1
2
0
5
-8
7
0
-6
16
-32
40
-35
18
6
-21
27
-21
2
16
-18
3
1
13
11
13
-43
-5
11
-18
33
25
148
-78
114
-680
351
74
92
157
55
-1054
743
94
-94
743
-738
-113
161
-50
-2
86
-38
12
-46
79
-69
-219
119
469
-229
-147
184
-334
-663
1243
-283
-169
-143
256
18
-92
-59
-113
153
-40
28
-29
34
10
-57
34
-26
25
-7
-12
9
4
-13
10
1
-1
3
-7
-6
4
5
1
-3
6
2
-15
7
0
-1
0
-5
1
-1
2
-1
-2
-1
-1
-2
-1
-1
0
0
0
0
0
-1
-1
0
2
-1
3
-2
0
0
1
8
-14
3
6
-4
1
6
7
-7
-6
1
0
2
10
-13
5
9
-12
-6
27
-25
35
-57
11
36
-27
30
-39
154
-113
-57
-91
19
257
-138
-166
-280
1245
-657
-331
187
-145
-225
474
122
-214
-61
84
-37
-6
-24
43
-113
-30
168
-102
347
-523
77
358
365
-1073
360
218
-225
-96
351
10
-234
18
104
-70
-2
40
-15
-35
16
14
18
-38
25
-21
3
12
-13
5
-2
4
1
-14
21
-6
0
-6
3
-5
15
-11
-1
3
-1
-6
0
3
-2
-2
-3
0
0
0
-1
-1
0
0
0
0
0
0
1
1
-3
-1
-1
3
0
-4
0
4
-1
-10
16
-5
3
-6
0
-6
21
-14
1
4
-1
4
-12
12
4
-21
25
-36
18
15
17
-34
-14
42
-1
-69
107
18
-233
11
353
-95
-221
221
364
-1068
368
360
79
-521
349
-98
171
-27
-107
48
-16
-6
-3
-4
-50
349
-162
-521
73
492
-58
-360
-281
1000
-588
56
210
-282
-360
694
-123
-167
46
12
-29
-10
35
-30
2
8
-1
-7
-9
9
-2
-4
8
-6
2
-1
3
-11
17
-18
10
1
-2
-4
2
7
-11
3
3
-2
-2
-2
1
0
-2
-1
1
0
-1
1
-1
0
-1
1
-1
1
2
-1
-2
0
3
0
-2
-2
3
3
-8
8
2
-2
-2
1
11
-19
17
-11
3
0
2
-5
9
-3
-2
9
-7
-6
1
10
3
-29
34
-9
-27
14
47
-165
-122
696
-360
-281
212
60
-584
1002
-278
-357
-56
494
78
-517
-160
352
-42
1
6
-27
18
-60
47
199
-311
-149
420
-270
-198
473
392
-966
470
-175
61
240
-642
268
435
-237
-159
169
-108
29
46
-85
39
41
-62
28
-15
12
-3
9
-16
7
5
-4
1
5
-7
7
-3
0
0
0
3
-9
4
0
1
-1
0
-3
0
-1
-1
0
0
0
-1
0
-2
0
-1
0
-1
1
1
0
0
0
2
-1
0
0
1
0
4
-8
3
0
0
1
-4
6
-6
5
1
-3
4
7
-16
10
-3
12
-15
29
-61
41
41
-82
46
30
-106
171
-157
-236
438
269
-640
241
64
-171
473
-961
394
475
-195
-268
424
-145
-306
201
54
-56
27
-35
36
-89
129
18
-305
263
3
-38
240
-58
-1294
1364
-214
-80
47
-440
831
-149
-730
532
-66
-117
139
-113
66
-9
-49
64
-39
17
-3
-19
14
6
-12
8
2
-3
-1
3
6
-18
15
-2
2
-4
1
1
-2
-2
-4
9
-7
-2
2
-1
-2
-2
-2
0
-1
0
-1
0
-1
1
0
0
0
0
0
-1
2
-2
-4
8
-3
-1
-1
2
2
-4
2
-1
16
-19
7
3
0
-2
2
9
-12
6
14
-19
-1
18
-40
66
-49
-7
67
-111
140
-115
-65
533
-728
-148
832
-439
51
-78
-210
1366
-1290
-55
244
-36
7
267
-300
21
136
-84
44
-47
44
-31
-18
73
-72
-82
113
-68
85
-230
395
-196
-60
-31
62
-14
-63
83
-119
97
17
-23
-12
2
19
-11
-16
14
-17
44
-29
-21
13
1
-2
0
3
-3
0
2
-3
10
-10
3
0
1
-2
-2
1
-1
0
-1
0
0
-2
-2
-1
-1
-1
-1
0
0
-1
0
0
0
0
-1
0
0
0
0
0
0
-1
-1
1
-1
2
-1
0
2
1
4
-10
9
-2
3
0
-2
3
0
-1
1
14
-21
-28
45
-14
15
-14
-11
20
3
-10
-21
19
99
-119
85
-61
-13
66
-27
-56
-192
397
-225
88
-66
118
-79
-67
77
-11
-26
52
-24
0
6
4
-9
-11
-71
53
82
-167
169
-131
11
32
-16
40
-52
41
-75
116
-78
25
-4
-4
-15
11
-8
7
-8
9
5
-17
0
4
3
-1
-1
1
-2
2
-2
4
-3
0
2
0
0
2
-2
1
-3
0
-1
-1
0
0
-1
-1
-1
-1
0
0
-1
-1
0
-1
0
1
0
1
0
0
0
1
0
0
-1
1
-1
1
-1
2
-1
0
2
0
-4
5
-2
3
-2
3
-1
0
3
6
0
-17
6
10
-8
8
-7
11
-15
-2
-2
25
-78
116
-74
41
-51
43
-13
36
14
-129
171
-162
84
57
-67
-7
-5
12
12
8
-21
11
-11
-15
-22
73
-49
-21
-36
76
-92
95
-1
-74
61
-62
49
-91
84
4
-30
23
-18
-14
19
-12
-1
-2
-2
6
-1
-6
-1
4
-2
2
-1
0
1
1
-1
3
-2
1
2
-1
-1
0
0
-1
-1
-1
-1
0
-2
-1
-1
0
-2
0
-1
-1
-1
0
-1
-1
0
0
-1
1
0
1
0
-1
0
2
-2
0
0
0
1
0
-1
0
2
2
-3
2
-1
-1
0
1
-1
2
-1
3
-1
-4
0
7
-1
-1
0
-11
20
-11
-15
25
-29
5
85
-90
50
-59
64
-71
2
98
-89
79
-34
-18
-45
78
-18
-8
-5
20
-13
-5
3
-8
3
-79
112
-29
-12
-76
123
-69
-17
37
-39
25
-16
-14
45
-28
-5
6
-2
-4
-3
4
-4
-5
5
-6
-1
-1
5
-3
-1
1
-3
2
1
-2
1
0
1
-1
2
-3
2
-1
-1
-1
-1
0
-3
-1
0
-2
-1
-1
-1
-1
-1
-1
-1
-1
-1
0
0
0
0
-1
-1
0
0
0
0
0
-2
0
0
0
0
0
1
-2
2
-1
1
0
1
-1
2
1
-2
2
0
-2
5
-1
2
-5
6
-2
-3
6
-2
-2
-1
9
-4
-27
46
-13
-15
28
-35
38
-13
-65
124
-74
-10
-26
116
-75
7
-2
8
3
-10
0
-11
8
-37
18
23
-43
20
28
-101
125
-120
69
-24
28
-67
85
-86
38
-9
-3
14
-17
12
-10
-4
8
-1
-2
-1
3
-7
6
-2
0
1
-4
2
0
-1
4
-4
4
-2
-1
2
1
-3
1
-1
-1
0
-1
0
-1
-2
-1
0
0
-1
1
0
-2
0
0
0
0
0
0
0
0
0
0
1
-1
1
-1
-1
1
-2
2
2
0
-1
5
-5
3
-1
-1
3
-3
2
0
-1
6
-7
4
-1
0
-1
9
-3
-8
13
-15
16
-2
-8
40
-85
86
-66
32
-21
73
-117
127
-98
32
22
-39
28
21
-34
16
-6
8
-2
-13
-4
3
-15
40
-81
61
-37
16
54
-179
175
-72
36
-31
9
-17
-21
47
-28
-1
-1
7
-4
-1
0
-6
3
-1
-7
8
-4
0
0
-2
2
-2
4
-3
1
2
0
0
1
-1
1
0
0
-1
0
0
-1
0
-1
-1
-1
-1
-1
-1
0
-1
0
0
1
0
0
0
1
1
1
0
0
0
1
1
-1
1
0
0
1
0
1
-2
2
0
0
2
0
-2
4
-2
3
-2
1
0
-4
8
-6
-1
4
-5
2
1
-3
7
0
0
-26
49
-19
-15
10
-29
39
-70
178
-176
56
20
-35
63
-79
44
-12
10
0
-3
-4
-6
-10
-3
8
4
-52
52
-7
-48
8
30
-39
21
3
-9
2
1
-26
12
12
-3
-10
0
4
-3
-5
3
-2
-2
1
-2
-4
4
1
-2
-1
0
1
-2
3
-1
2
0
0
0
1
0
-2
-1
-1
-1
-1
-1
-2
-1
-1
-1
-1
-2
-1
-1
-1
0
0
-1
1
0
-1
0
-1
1
-1
1
-1
1
0
2
0
-1
-1
0
1
2
0
1
3
-1
3
-1
1
2
0
-1
0
3
-4
0
2
-1
0
4
-3
-2
5
1
-8
-1
14
14
-25
3
3
-5
6
24
-36
32
11
-45
-5
56
-46
8
12
5
-5
1
-3
-10
-2
-8
27
-80
78
-42
-14
42
1
-50
16
6
-23
13
-18
8
9
-3
-7
-3
3
-4
-2
-3
4
-5
-4
3
-1
-4
3
-2
-1
2
-2
2
-2
0
0
0
0
0
1
-1
-1
0
-1
0
-1
1
-2
-1
-1
0
-2
-2
0
-2
0
-1
0
-2
1
-1
0
0
0
0
0
-1
-1
0
0
1
-1
1
0
0
0
-1
-1
0
1
0
1
1
1
1
-1
2
-2
2
0
-2
3
-4
0
4
-2
-4
6
-3
0
-2
5
-2
-6
-2
11
10
-17
16
-19
11
20
-46
5
44
-12
-36
81
-76
31
0
3
-2
-3
-10
-2
-6
9
-61
71
-27
7
-30
8
5
-10
2
-2
-2
-14
20
-16
12
-14
8
-6
8
-11
3
-4
0
2
-4
0
1
-3
1
0
-1
2
-1
1
-2
-1
4
-2
0
0
1
-2
0
0
-2
0
-1
0
-2
0
0
-1
0
0
0
0
0
-1
-1
-1
0
0
0
1
0
0
0
1
-1
0
0
1
0
1
0
1
1
-1
2
0
1
-2
4
-1
-1
2
-2
3
-1
0
2
-3
2
0
-4
4
2
-3
2
-9
11
-6
9
-13
13
-15
20
-13
1
2
5
-7
9
12
-27
9
-25
75
-58
12
1
4
-2
-4
-9
-6
-3
-4
-7
20
-32
0
42
-54
-35
70
-27
17
-18
-2
7
-8
-3
0
0
2
-4
1
-3
0
0
1
-2
-6
2
0
0
1
0
0
-1
2
0
-4
5
0
-1
0
2
-2
1
-2
-1
-2
-1
0
0
-1
-1
0
-1
-1
-1
-1
0
-1
-1
0
0
0
-1
-1
1
0
0
0
0
-1
1
0
-1
0
2
-1
1
-1
1
0
1
1
4
-3
0
2
0
1
1
1
0
0
3
-4
-1
2
1
1
-2
2
-2
4
2
2
-1
-7
7
-1
-16
20
-24
73
-32
-51
45
2
-28
24
-4
-1
5
-1
-1
-4
-11
-2
-4
-15
36
-52
22
-12
-26
56
7
-50
2
-3
-10
34
-26
-8
10
-8
6
-2
-3
1
-5
-2
2
0
-2
0
-2
0
0
1
-2
2
-1
0
-1
1
0
0
1
-2
2
0
-2
1
-1
-2
0
-2
0
-1
-2
0
-2
0
-1
0
0
0
-1
1
0
0
1
0
0
0
0
1
-1
0
1
-1
1
-2
1
2
-2
0
1
-2
1
1
1
1
0
1
-2
2
-2
1
1
0
-1
0
-1
1
3
-1
-4
2
-1
1
7
-7
11
-6
-24
35
-7
0
7
-46
10
59
-23
-10
26
-48
40
-13
2
2
-2
-8
-4
2
-3
-10
-5
8
8
-6
-19
-11
5
10
1
-7
-7
0
0
0
0
1
0
-3
-2
0
0
-2
-2
0
-1
-1
-2
1
0
-1
-2
1
1
0
-1
0
1
1
0
-1
0
0
0
-2
-1
0
-1
-2
-1
0
-1
-1
-1
-1
-1
-1
-1
0
-1
0
1
0
0
0
-1
0
0
-1
-1
1
0
0
-1
1
-1
-1
0
1
1
0
-1
1
2
0
-1
1
1
1
0
0
2
1
-2
-1
1
1
0
-1
2
1
-1
-2
1
2
1
-1
1
1
-4
-4
4
13
7
-8
-15
-4
12
12
-2
-6
1
6
0
