-7
-7
-5
-5
0
-8
8
-23
12
-5
1
-10
11
-19
8
3
-22
24
-15
-2
11
-7
-7
4
-3
-2
1
-3
-1
0
-4
0
-2
9
-11
5
-1
1
-1
1
0
0
1
0
1
0
-1
1
-2
0
-1
1
-3
-1
1
-1
-2
1
-2
0
0
0
0
-1
-1
0
0
0
0
0
0
1
-1
0
3
-1
-3
3
0
0
-1
2
0
0
1
0
0
1
0
2
-1
1
-1
6
-11
8
-2
1
-4
2
1
-3
2
-1
-2
4
-5
-4
12
-1
-13
26
-21
6
12
-15
14
-8
3
-2
14
-19
11
-5
3
2
0
2
-9
-10
0
-3
-3
-8
0
4
-10
-1
3
-9
4
-1
2
-10
9
-22
12
-3
-3
0
5
-3
-4
1
-2
1
-5
4
-3
-4
3
-2
-2
2
2
-2
0
0
1
-1
0
2
-1
0
0
1
-2
-1
1
-2
-3
0
0
0
-1
-2
-1
-2
-2
0
0
-1
0
-1
0
0
-1
1
-1
-1
0
2
1
1
-2
-1
2
0
-1
2
-1
2
0
1
0
-1
2
1
0
-3
2
3
-1
-2
3
-3
-3
3
-4
2
0
2
-3
-1
5
1
-2
-2
12
-20
10
-7
4
3
7
-6
6
2
-8
7
4
-4
1
5
4
-3
-12
-10
14
-10
-9
-28
62
-52
11
-1
-10
15
-12
-18
9
15
-43
29
-25
15
18
-40
38
-27
9
2
-7
0
5
-6
0
0
2
-2
0
0
1
1
-2
2
-1
0
-1
1
0
3
0
-3
5
-4
2
-4
1
-1
1
-2
1
-1
-1
-2
0
0
-1
0
0
0
0
-1
0
-1
0
0
2
-2
3
0
1
-3
2
-3
6
-3
-1
3
0
1
0
0
-1
2
-2
1
0
2
1
-1
2
1
1
-5
6
1
-7
4
10
-26
39
-39
19
17
-24
30
-42
19
11
-15
-8
18
-8
1
13
-49
65
-24
-6
-3
19
-3
-10
-26
35
-15
8
4
-66
34
19
-36
0
33
8
-39
-51
36
68
-90
56
-46
30
-16
10
-2
-9
-6
10
-11
17
-11
-4
8
-6
1
0
0
0
0
1
0
1
0
0
1
-1
0
1
-2
3
-8
9
-7
5
-5
3
-4
1
1
-1
-1
-1
1
-1
0
0
-1
0
0
0
0
0
1
2
-3
3
-4
5
-6
9
-6
4
-1
1
0
0
0
0
0
1
-1
1
0
1
1
0
1
-6
8
-3
-11
18
-10
12
-4
-8
0
11
-14
31
-45
58
-88
69
39
-47
-36
10
36
2
-32
21
37
-62
7
10
-9
40
-17
-17
-19
26
-8
-14
81
-166
100
-20
-23
2
16
41
-30
-90
87
-74
141
-171
67
45
-76
127
-143
45
0
-7
17
-31
36
-21
5
-4
-1
1
1
-2
1
-1
-1
0
0
2
0
-2
4
-2
3
-5
0
-3
2
1
-1
-3
-1
0
-2
0
-1
-1
-1
-1
0
0
0
0
0
-1
0
1
-1
1
-1
-2
0
2
3
-3
1
-4
4
-1
3
-1
0
0
1
0
0
1
2
-2
2
3
1
-4
7
-21
38
-29
17
-6
1
46
-142
129
-74
46
70
-170
142
-73
89
-88
-26
44
19
5
-18
-18
104
-163
84
-11
0
30
-11
-21
-12
32
-32
3
57
-94
14
2
-12
56
-64
19
-80
77
34
-36
-2
-26
45
-35
50
-75
38
-19
12
1
-13
20
-26
18
-9
2
1
-1
0
1
-1
0
0
1
1
1
0
0
-1
1
1
-1
0
-4
3
0
-2
-1
1
0
-2
-1
0
0
-1
-1
0
0
0
-1
0
1
0
0
-2
1
1
0
-1
0
3
-3
0
0
1
2
0
0
1
1
1
1
0
0
-1
1
2
0
0
2
-7
18
-27
21
-12
2
14
-18
41
-74
53
-34
46
-25
0
-35
38
80
-76
22
-61
58
-9
4
18
-89
60
7
-26
36
-3
-20
-9
16
-20
27
4
26
-188
161
-73
14
16
34
15
-149
90
-30
73
-39
-24
21
-14
44
-55
16
3
-8
15
-33
33
-22
2
1
-2
0
-1
1
-2
0
-1
1
0
0
2
-3
0
2
1
-4
8
-7
-4
2
-1
0
0
-2
1
0
0
-1
-1
0
-1
0
-1
-1
0
1
0
0
1
-1
-1
1
0
3
-2
-8
9
-3
2
3
-1
-2
1
-1
0
2
-1
0
-1
2
0
2
-1
1
3
-21
35
-32
16
-7
3
18
-54
46
-13
21
-23
-37
76
-29
93
-147
17
36
19
16
-71
163
-185
29
8
30
-12
21
0
-24
-2
7
-9
4
29
-28
-101
85
-23
0
-7
18
108
-192
30
95
-74
72
-55
-27
38
25
-45
0
13
-13
-2
19
-23
11
-7
5
-1
0
-2
1
1
1
-1
0
2
-2
0
1
-1
0
2
0
-7
3
0
-3
-1
0
-2
-3
0
-2
1
-2
-1
-1
0
0
0
-1
0
-1
1
-1
2
-3
0
2
0
-2
2
5
-6
1
3
1
0
1
0
0
2
0
0
0
0
1
-2
0
0
5
-7
11
-22
21
0
-11
15
1
-45
27
39
-27
-54
74
-72
96
33
-189
110
21
-3
2
-20
87
-97
-23
33
8
-2
11
7
-24
2
-3
-5
9
-2
37
-130
94
-46
-12
42
-47
121
-104
15
31
-110
76
17
-9
-48
38
-3
-12
7
-1
-12
26
-24
7
-11
7
2
-2
-2
0
2
-5
4
-1
1
-3
2
4
-6
6
-2
-5
3
-3
3
-5
1
-2
-3
2
-3
0
-1
-1
-1
0
-1
0
-1
0
0
1
0
1
-3
3
-1
-1
4
-4
4
0
4
-4
-2
7
-6
4
2
-2
2
0
5
-4
2
1
-1
-1
1
7
-9
9
-22
27
-12
-1
7
-10
-2
38
-46
-8
19
77
-108
32
19
-101
124
-43
45
-8
-42
95
-127
41
2
12
3
1
10
-29
11
-17
6
-3
32
-40
-16
-18
40
-58
-13
86
-45
55
-83
-12
19
4
39
7
-99
72
1
-15
0
2
-24
34
-22
0
0
-2
0
-2
1
0
1
0
1
-1
1
4
-5
1
1
1
-2
5
-14
6
1
-2
1
-2
-1
-1
1
-1
-1
-1
-1
-1
0
-1
0
0
0
0
-1
-1
2
0
-2
0
3
-2
1
6
-12
6
0
2
3
0
-4
3
0
-1
1
0
1
0
2
0
1
-2
1
2
-21
35
-23
5
2
-15
1
74
-98
7
41
4
21
-11
-80
59
-41
89
-11
-55
44
-16
-11
-36
36
1
14
-13
19
-31
13
-15
4
-9
50
-53
-83
111
-42
-69
56
184
-281
133
-100
42
8
107
-130
40
-30
49
-21
-7
-2
5
-1
4
-16
-1
8
-3
-3
1
0
-1
2
-6
1
3
2
-1
-2
-5
13
-2
-6
8
-7
-8
5
5
-4
-3
-2
2
-3
-2
-1
-1
-1
-1
-2
0
1
0
-1
0
0
-1
-2
3
-1
0
-4
6
6
-8
-6
9
-7
-1
13
-4
-2
0
1
3
1
-6
3
0
1
1
0
-3
8
0
-15
5
1
7
-1
-6
-21
50
-29
40
-129
109
9
43
-95
136
-279
187
58
-67
-40
112
-79
-49
55
-6
11
-11
21
-28
11
-6
-7
2
56
-77
-82
116
-33
-50
100
-115
88
-16
-101
73
53
-25
-59
42
-18
22
-8
-5
-13
9
-10
0
2
-6
8
-7
1
0
2
-1
-2
3
0
2
-4
3
4
-2
-6
5
0
0
-4
1
-1
1
1
-8
2
-2
0
-1
-2
-2
0
-1
-1
0
0
0
0
-1
-1
0
2
-1
4
-6
2
2
0
2
-5
1
1
5
-4
-2
5
3
-4
2
0
3
-2
0
4
2
1
-7
10
-6
3
2
-7
11
-11
-3
-7
23
-17
44
-58
-25
55
74
-98
-12
92
-111
104
-46
-29
117
-77
-73
59
6
0
-1
18
-31
15
-11
-4
-12
49
-40
-80
71
12
-78
80
-34
29
40
-102
26
50
-28
-35
-9
21
27
-31
5
0
-1
-20
49
-40
9
-4
3
-3
0
0
3
-1
-3
3
-1
1
2
-1
1
0
3
-6
2
-7
7
5
-6
-3
0
-1
2
0
-3
-1
0
-1
-1
0
1
-1
0
-1
0
1
-2
0
2
0
2
-3
-5
6
7
-7
3
-6
3
0
1
-1
3
1
-1
2
-3
-2
4
0
0
-1
3
-3
9
-38
50
-19
-1
1
6
-29
28
24
-8
-33
-28
51
27
-98
44
31
-30
81
-75
15
73
-77
-37
52
-9
4
-7
23
-34
23
-23
-12
-2
11
26
-67
35
33
-110
-15
210
-141
80
-92
53
-194
180
-19
9
-17
-2
5
-6
-8
1
0
0
3
-3
1
0
-1
0
0
-1
4
-5
-1
0
-1
0
4
-5
4
-4
1
-8
13
-6
1
-4
-1
2
-2
0
-3
0
-2
0
-1
0
-1
0
0
-1
0
1
-1
1
-2
1
-1
3
0
-3
2
-5
13
-7
1
-4
4
-4
5
0
-1
0
1
-4
4
0
0
0
0
0
1
-4
5
0
0
1
-6
-5
5
-1
-16
9
-17
180
-193
54
-89
84
-137
212
-12
-107
35
37
-63
30
14
2
-5
-18
29
-31
29
-43
-6
-2
-22
85
-29
-4
-12
-26
-111
200
-155
92
-39
18
115
-163
0
26
-6
-2
19
-9
3
-4
-10
21
-20
8
-1
-2
1
2
0
-3
3
-3
-1
6
-2
-1
1
2
-1
-1
-1
-2
-1
1
2
-6
-3
7
-5
0
-2
-2
0
-1
-1
-1
-1
1
-1
0
0
0
1
-2
-2
1
-4
8
-3
-6
3
2
-1
-1
1
-1
-1
2
3
-1
-2
6
-2
-3
4
-2
0
2
2
-2
0
8
-20
23
-9
-3
4
-8
22
0
-4
28
2
-163
117
19
-34
95
-151
203
-108
-23
-8
-2
-26
89
-20
1
1
-38
37
-39
71
-116
42
16
-45
34
-31
57
-64
55
-88
115
-112
64
-21
-102
109
-33
25
-25
15
-8
6
-8
-2
-2
6
-14
7
2
-5
-5
3
2
2
-5
-2
14
-4
-8
2
9
1
-11
-2
15
-8
-10
6
8
-5
-8
-4
13
-7
-4
2
-1
-2
-1
0
0
-1
0
-1
0
-1
0
0
-1
3
-3
-5
15
-2
-7
-3
8
5
-9
-7
17
-2
-10
2
9
3
-9
-5
14
-2
-5
3
2
3
-5
-2
3
8
-13
8
0
-1
-7
8
-8
16
-24
28
-31
112
-101
-17
68
-108
118
-85
58
-61
59
-25
39
-42
20
49
-111
79
-17
27
-45
15
-14
-34
27
-5
18
-2
-2
-24
16
-33
35
-29
17
-10
0
-3
-16
20
-4
-3
2
-7
6
-6
-2
2
2
-7
1
1
0
-1
1
-2
-3
5
-5
3
1
0
0
-2
4
-5
-1
2
-1
-2
1
-2
0
-3
0
-1
-1
-1
-1
0
-1
-1
0
-1
-1
0
1
-2
1
2
1
0
2
-1
2
0
0
3
0
-4
4
-2
0
1
1
3
-4
6
-1
-1
3
0
0
0
1
-5
3
1
-1
-5
7
-7
3
-2
-3
22
-16
-1
1
-9
18
-26
39
-31
21
-19
1
0
20
-2
31
-29
-10
22
-41
34
-17
5
-8
-15
35
-50
-38
91
-33
-8
-10
-13
4
0
17
-33
38
-57
47
-12
-6
-12
23
-8
-4
2
-6
2
1
-4
1
-1
3
-2
0
-2
0
0
-1
1
-1
1
1
-1
0
3
-2
0
0
-2
0
-2
1
-3
1
-3
-1
-1
-1
0
0
-2
0
-1
1
-1
0
-1
0
0
0
0
1
-1
3
0
2
-2
0
-1
1
0
-2
2
0
-1
1
0
-1
1
-1
0
1
0
1
-1
3
0
2
-4
2
4
-5
2
-4
-7
24
-10
-5
-10
49
-56
39
-30
20
4
7
-9
-8
-6
-31
94
-34
-46
38
-9
-3
13
-15
-6
4
9
-49
28
-57
116
-86
8
2
11
-44
62
-56
23
-29
47
-44
20
-3
-24
23
-7
1
-5
2
-3
-3
0
0
-2
1
-2
1
-1
0
2
-2
1
-1
2
-1
1
0
2
-3
2
-2
-1
-1
0
-1
-1
0
0
-2
-2
-1
-1
-1
-1
-1
0
0
0
0
0
-1
0
-1
0
-1
0
2
0
0
0
-1
1
-1
3
-3
2
0
2
-2
1
-1
2
-1
1
0
1
0
-1
1
-1
0
1
-2
-1
4
-4
3
-6
25
-22
-3
22
-43
50
-28
25
-53
67
-42
15
4
11
-84
120
-54
31
-45
15
9
3
-12
-2
-5
-14
27
-79
50
46
-54
-5
20
-50
49
-2
-32
4
3
9
-9
-1
-8
7
-7
7
-7
1
-4
1
0
-2
0
-2
0
1
-1
0
-1
0
-1
0
-1
1
1
0
0
0
1
0
0
-1
-1
-1
-2
0
-2
0
-1
-1
0
-1
0
-2
-1
1
0
0
0
-1
1
0
0
1
-1
1
-1
1
-1
1
0
-1
0
0
1
1
0
-1
0
1
0
0
-1
0
0
2
-1
1
0
0
0
0
0
3
-3
2
-6
9
-5
8
-7
0
-8
11
4
7
-28
0
52
-47
23
-2
-52
49
53
-75
30
-5
0
7
-11
-1
-2
-14
1
-23
17
23
-32
5
-13
-3
30
-18
-14
13
-11
-5
-5
13
-12
6
-3
-5
-1
1
-2
-1
-3
-1
-2
-1
0
-1
0
0
1
0
0
1
0
1
0
2
-1
1
0
0
-1
0
0
0
0
0
0
0
-1
-1
-1
0
-1
1
-1
1
0
0
0
0
0
1
0
0
0
1
0
1
0
0
0
1
0
1
0
0
0
2
-1
1
0
1
0
1
1
2
1
0
0
-1
-1
1
-1
1
-1
2
-1
-2
-1
8
-10
14
-5
-2
-10
15
-11
-14
32
0
-9
8
-30
26
20
-19
4
-6
2
7
-11
-6
-2
-11
26
-62
31
15
-13
-11
6
-7
28
-55
23
-6
-8
14
-12
9
-10
2
-6
5
-3
0
1
-2
-2
-1
0
-1
0
0
0
-1
0
0
0
-1
0
0
0
0
0
0
0
0
-1
-1
-1
-1
-1
-1
-1
0
-1
-2
0
-1
-1
-1
1
-1
0
-1
1
0
0
0
1
0
0
0
1
1
-1
-1
0
0
0
1
0
0
0
1
0
0
0
0
0
1
0
0
1
1
0
-1
0
-1
-1
-1
2
1
-2
5
-4
5
-8
11
-11
15
-7
-3
27
-51
32
-3
10
-8
-12
18
35
-60
30
-3
2
2
-7
-10
6
-20
13
-20
1
20
-17
-11
4
-3
12
-17
-3
5
-4
-9
14
-11
-2
1
-3
2
-1
-3
1
0
-3
1
-1
0
0
0
-1
-1
0
-1
2
-2
0
-1
1
0
-1
0
1
0
0
-1
0
-2
-1
-1
-1
0
-1
0
0
-1
0
0
0
0
-1
0
0
0
0
1
0
-1
0
0
0
1
0
0
0
0
0
1
1
0
1
1
0
0
0
0
0
0
0
-1
1
0
0
0
0
1
-2
1
1
-3
0
2
0
2
0
-9
15
-7
-3
8
1
-15
15
1
7
-8
-15
24
5
-16
16
-13
11
-2
-11
-4
-2
-7
-8
1
0
9
-19
4
-8
8
-14
7
-12
5
-2
-3
-3
1
0
-7
4
-1
-3
0
0
-1
-2
0
-1
-2
0
0
0
0
0
1
-1
-1
0
0
0
1
0
0
-1
-1
0
0
-1
0
-1
-1
-1
-1
-1
-1
-1
-1
0
-1
-1
0
0
0
0
0
0
0
-1
1
0
1
0
-1
1
0
0
0
0
1
-1
1
1
0
0
1
0
1
0
-1
0
0
0
1
0
0
0
1
-1
1
1
-1
-1
1
6
-6
1
2
-3
-2
-1
7
-8
11
-11
12
-6
8
-18
13
4
5
-6
1
2
4
-9
-6
-3
-9
7
-5
-8
6
-11
3
-3
3
-18
15
-13
1
-6
19
-19
7
-6
2
0
-1
-1
-2
0
-1
-1
-2
0
0
0
1
0
0
0
0
-1
0
-1
1
1
0
0
0
1
0
0
-1
-1
-1
-1
1
-2
-1
0
-1
-1
0
0
-1
-1
0
0
-1
1
0
0
0
-1
1
1
1
0
0
0
-1
0
0
1
0
0
1
0
1
1
1
-1
-1
0
-1
0
0
1
0
0
1
0
0
0
0
0
-1
0
0
0
3
-7
10
-18
20
-6
4
-10
17
-16
6
0
6
-9
11
-5
-2
10
-3
1
2
-9
-8
0
-2
-16
3
2
-9
-1
-2
3
5
-20
-5
12
-6
1
-14
11
-4
-1
1
-1
-2
-1
-1
0
-1
-1
0
0
-2
1
-1
0
0
-1
1
0
0
0
0
1
1
1
-1
1
-1
-1
0
-1
-2
1
-2
-1
-1
-1
-1
-1
0
0
0
-1
-1
0
0
0
-1
0
0
0
-1
0
0
1
-1
0
0
0
0
0
0
1
-1
1
0
1
-1
0
-1
1
0
0
0
0
-1
1
0
1
1
-1
0
0
0
0
0
0
3
0
-5
12
-13
1
-3
15
-2
-17
7
6
0
1
-5
5
8
-13
6
6
0
-16
2
-7
-9
12
-25
12
-12
6
-10
-3
20
-22
-5
11
-11
-16
30
-16
2
-17
9
3
1
-10
0
0
-2
7
-8
0
-7
1
8
-3
-6
2
-4
16
-10
1
-2
-1
2
2
2
-7
-5
1
13
-9
-6
0
4
4
-6
0
-4
3
0
-3
-1
-1
0
-1
0
-1
0
-2
1
4
-3
0
-4
4
5
0
-6
-8
14
2
-4
-6
2
3
3
1
-1
1
-10
16
-4
2
-5
-2
9
1
-7
2
-6
9
0
1
1
-9
1
5
11
-16
3
-15
32
-15
-7
14
-1
-18
23
-2
-8
8
-9
16
-21
16
-2
-2
10
-19
15
-44
28
-9
-6
6
-16
6
-7
-7
5
9
-24
17
-16
-21
14
12
-3
-5
1
-5
6
-11
9
-8
-3
12
-14
-2
3
-8
5
1
-2
-2
3
-3
2
2
-3
3
-2
2
-4
5
-6
5
-3
0
1
-3
1
-1
-2
1
-2
1
-1
0
-1
-1
-1
0
1
0
0
1
0
1
-3
2
0
-1
3
-2
2
0
-3
6
-6
6
-4
3
-1
3
-4
2
1
-3
3
-1
0
1
6
-8
4
0
-13
13
-1
-7
11
-10
8
-5
2
-4
-2
13
16
-20
-11
20
-21
11
9
-4
-4
7
-12
9
-2
-7
34
-38
24
-9
-24
42
-42
8
-5
4
-11
1
-5
6
-18
17
-15
-12
-38
194
-174
-23
70
-42
31
-19
15
-18
20
-15
-2
13
-28
21
-9
4
-5
4
-2
-1
3
-2
2
-1
0
3
-2
2
-3
2
-3
1
2
-6
1
-8
7
-2
-7
4
-2
-1
1
0
-1
0
-1
0
0
1
-1
1
0
-1
-1
5
-5
1
10
-8
2
-5
4
2
-2
2
-2
3
0
2
-1
-1
1
-2
3
-1
0
6
-5
4
-9
22
-27
14
-1
-14
21
-17
16
-18
32
-41
71
-22
-174
195
-36
-8
-12
21
-16
10
-1
3
-7
8
-1
11
-35
47
-16
-15
-34
59
-36
-7
-2
4
-10
2
-6
7
-19
7
2
-6
30
-118
72
65
-69
43
-67
62
-41
20
-38
50
-43
41
-31
3
1
0
-1
1
0
-1
-2
1
-2
0
1
-1
3
-5
6
-1
0
-1
0
-3
1
-1
8
-13
3
-1
2
-4
1
-2
-1
-1
0
0
0
-1
0
-2
3
-3
2
-1
5
-12
10
-1
1
-2
0
0
0
-1
5
-5
2
1
1
0
-1
1
-1
0
1
0
1
0
2
5
-30
42
-42
50
-36
21
-39
64
-67
43
-68
65
74
-117
32
-3
6
11
-16
9
-3
4
-7
7
0
-3
-29
65
-27
-3
-54
63
-1
-31
-5
9
-16
5
-3
-4
8
-21
10
-8
14
-56
71
-29
27
-43
-9
45
-52
37
-48
66
-52
21
9
-16
7
-8
0
1
-1
0
1
-2
0
0
1
0
0
-3
5
-1
0
-1
3
-5
1
-8
7
-6
3
-3
1
-1
0
-2
0
-1
0
0
0
0
0
-1
0
0
1
-2
4
-5
7
-6
3
-4
3
0
-1
0
6
-3
0
0
1
1
0
0
1
0
-1
1
2
-8
9
-15
10
21
-52
66
-47
38
-50
47
-9
-42
30
-28
71
-55
17
-5
13
-18
12
-2
-1
7
-10
12
-2
-29
6
67
-44
-12
-6
7
4
-7
-10
-4
0
-1
-5
-1
1
-4
-5
-3
-2
0
1
4
3
-4
-9
-6
1
3
-1
-2
-2
-3
-1
2
3
0
-4
-2
1
1
-1
0
1
1
-1
-2
1
2
0
-2
0
0
-2
-1
1
0
-2
-3
0
2
-1
-3
-1
0
0
-2
-1
2
0
-1
-1
1
0
-1
0
2
1
-1
-1
1
1
0
-1
0
0
-2
1
2
1
-1
-1
1
2
-2
-1
1
1
-2
-3
0
4
4
0
-1
-3
-1
2
4
2
-5
-8
-2
5
5
2
1
2
0
-3
0
4
0
-1
1
5
1
-7
-3
9
11
0
