0
-78
83
97
-137
35
218
-548
587
-417
116
88
-182
149
-2
-47
65
-12
-24
-8
31
-73
63
-22
3
-11
41
39
-110
-53
132
-1
-41
66
-25
-132
170
-125
11
150
-159
45
17
-12
-5
6
-5
2
1
0
-3
4
-2
1
0
0
0
0
0
1
-1
-1
-1
0
0
0
0
-1
0
-1
-1
-1
-1
0
0
-1
2
-4
1
0
-1
-2
4
-8
4
10
-16
-46
158
-150
-13
125
-170
131
24
-67
41
1
-132
53
110
-40
-42
11
-4
22
-63
73
-32
9
23
12
-65
46
2
-151
179
-88
-117
415
-586
547
-218
-36
134
-99
-83
74
0
15
19
-151
252
-307
491
-609
300
-87
203
-226
168
-154
137
-102
49
-3
10
-57
97
-77
38
-46
40
-4
-34
22
21
49
-108
35
3
-20
44
-28
32
-18
14
-101
46
91
-72
15
-6
8
-7
1
2
1
-1
2
-3
2
0
-1
0
0
1
-1
-1
-1
-1
0
0
-1
0
-1
-1
0
-2
-1
-1
-1
0
-2
2
-1
1
-1
-2
-1
8
-9
6
-15
71
-92
-46
100
-15
18
-32
28
-46
20
-3
-36
106
-50
-21
-22
32
6
-40
46
-39
77
-97
57
-10
3
-49
101
-139
153
-170
225
-206
84
-300
609
-492
306
-253
147
-18
-19
0
68
-131
191
-168
69
363
-583
-253
706
-303
-18
213
-183
41
98
-115
-37
95
-75
12
74
-141
137
-79
74
-17
-115
136
-139
151
-123
127
-77
14
33
-104
160
-187
93
-13
49
-64
29
-5
0
-3
0
-1
0
-2
1
-2
-3
2
-1
-1
0
0
-1
0
-1
0
0
0
-1
0
-1
0
0
0
-1
1
-1
-1
1
1
-2
0
-1
0
-1
1
-1
4
-29
63
-48
13
-94
184
-161
102
-34
-15
76
-127
124
-152
139
-137
115
16
-74
79
-138
141
-76
-12
74
-97
36
114
-100
-41
182
-215
16
300
-706
253
581
-363
-71
166
-194
130
-72
0
-17
44
-124
-14
235
123
-570
717
-528
-24
56
140
131
-224
-90
128
41
38
-125
29
6
37
-12
-27
-12
26
52
-59
14
-57
46
16
13
-26
-23
17
40
-48
12
-9
21
-18
17
-16
5
2
-3
0
0
-1
-1
-1
-1
0
-1
0
1
-1
-1
0
0
-1
1
0
-1
0
0
-1
0
-1
0
-1
1
-2
1
0
-1
1
-1
-1
2
-4
-6
16
-19
19
-23
8
-13
47
-41
-17
22
25
-14
-17
-46
56
-13
58
-52
-25
12
27
11
-38
-8
-30
125
-39
-42
-129
89
222
-132
-141
-56
23
524
-717
570
-124
-237
12
121
-46
13
0
-50
54
9
-131
242
-203
165
-369
236
257
-381
245
-79
-120
299
-265
77
15
-65
84
-105
102
-17
-44
-32
126
-140
119
-91
-18
140
-125
52
-30
72
-31
-140
244
-250
186
-90
18
5
-1
3
-3
1
-1
-1
0
0
1
1
-2
-1
-1
0
0
-1
0
0
0
-1
0
0
-1
0
-1
1
-1
0
1
0
0
1
-1
0
0
-1
0
-1
2
-3
1
-6
-18
89
-187
248
-246
139
30
-71
28
-52
124
-139
18
90
-119
140
-126
31
44
17
-103
105
-84
65
-15
-78
264
-301
118
76
-246
379
-259
-239
369
-168
201
-243
130
-12
-55
46
0
47
-84
99
-122
179
-527
528
280
-627
420
-352
303
-241
156
-52
-34
84
-80
82
-101
59
-5
-15
11
20
13
-81
102
-133
161
-121
-2
70
-47
12
23
-65
110
-124
62
0
-11
-3
4
-4
5
-1
0
-1
0
-1
1
0
-1
0
0
1
-1
0
-1
1
-1
0
0
-1
0
0
1
-2
0
-1
-1
1
0
2
-1
1
-1
0
-1
1
-6
3
-4
1
9
0
-63
123
-111
63
-23
-13
45
-71
1
121
-163
133
-103
80
-13
-20
-11
13
4
-60
101
-83
79
-84
33
51
-157
240
-305
350
-421
624
-280
-529
525
-180
121
-102
83
-52
0
13
29
-148
96
63
4
154
-789
700
-62
-70
-20
107
-8
-190
38
107
21
-70
21
-35
48
-38
-12
117
-26
-154
61
52
-29
69
-78
0
-6
53
-59
53
2
-25
-2
-13
18
-6
2
7
-8
0
2
-3
2
-1
0
0
0
-2
1
-1
0
1
0
0
0
-1
0
0
-1
0
0
-1
-1
0
-1
0
0
0
-1
0
-2
1
-2
-1
7
-8
-3
5
-18
13
1
24
-2
-54
59
-53
6
-1
77
-70
28
-53
-61
152
26
-119
11
38
-48
35
-20
71
-22
-106
-38
189
7
-109
19
69
61
-700
787
-155
-6
-64
-97
146
-31
-17
0
-71
46
90
-126
-11
332
-698
1035
-680
-75
309
-262
64
131
-203
116
1
-14
21
-36
7
41
-16
-14
25
51
-127
64
57
-132
93
12
-60
62
-81
4
106
-118
59
0
7
-22
6
3
-7
4
-1
0
-2
1
0
-1
1
-1
1
-1
0
0
-1
0
-1
0
0
0
-1
-1
0
0
1
0
1
-1
0
0
-1
1
0
-2
2
-1
0
-6
6
-5
-7
21
-9
-1
-60
117
-106
-5
80
-63
59
-12
-93
131
-57
-65
127
-52
-25
13
15
-41
-6
37
-20
14
-1
-117
202
-132
-66
260
-311
75
677
-1034
697
-331
9
124
-91
-47
66
0
44
-52
20
21
11
-234
526
-775
717
-430
186
1
-106
136
-120
131
-124
70
-37
37
-22
0
-3
45
-100
61
5
-10
41
-94
121
-110
43
-7
35
-49
19
40
-94
115
-100
49
-10
1
-2
1
2
-3
2
-2
0
-1
-1
0
-1
0
-1
0
-1
0
1
0
1
0
0
0
0
0
1
0
0
-1
0
1
-1
1
1
1
-3
3
-1
-1
2
-2
10
-51
100
-116
92
-41
-19
48
-36
5
-44
110
-122
94
-41
9
-6
-61
99
-46
3
-1
20
-37
37
-71
123
-131
119
-137
104
-1
-187
429
-718
773
-526
234
-13
-22
-23
52
-47
0
27
8
-118
130
-34
-140
233
-213
319
-368
-5
154
215
-242
1
17
25
-50
32
-22
84
-78
13
52
-66
-83
132
-10
-9
-26
11
-26
73
-71
41
5
-23
-53
68
-20
-10
19
-14
0
10
-8
2
-1
-2
3
-2
-2
0
0
-1
-1
1
-1
-1
0
-1
-1
-1
0
0
0
1
0
0
1
-1
1
-1
1
-1
1
0
-2
1
0
-2
8
-10
0
13
-22
8
19
-69
53
22
-6
-41
70
-74
25
-10
26
9
9
-132
83
66
-53
-12
78
-85
21
-33
50
-26
-18
-1
241
-218
-156
3
366
-319
212
-234
138
33
-131
115
-10
-31
0
-71
43
86
-101
-80
469
-892
1180
-614
-250
353
-150
-118
184
-58
-28
45
-19
15
10
-68
82
-27
12
-46
111
-68
-63
57
24
-75
77
-30
-21
18
14
-47
59
-36
22
7
-21
-5
14
-2
-6
1
1
0
-2
-1
1
-1
1
1
-1
0
-2
0
0
0
0
0
0
-1
0
0
0
-1
1
0
-1
0
-1
1
-1
2
1
0
-1
-4
5
2
-16
5
21
-9
-23
37
-59
46
-14
-19
20
29
-78
75
-25
-57
63
67
-112
47
-13
25
-82
68
-9
-17
18
-46
28
57
-186
117
149
-354
249
610
-1180
890
-470
79
98
-87
-44
65
0
46
-63
48
-23
106
-462
720
-714
525
-243
57
72
-183
176
-110
106
-83
29
-20
33
-26
5
4
16
-31
-16
96
-119
87
-14
-65
88
-90
66
-70
74
-72
105
-82
51
-61
49
-32
21
-15
3
1
1
1
0
1
-1
0
-1
0
-1
-1
0
1
0
-1
0
-1
0
-1
-1
0
0
-1
0
1
0
-2
1
-1
1
-1
-1
-1
-1
-1
-5
14
-22
31
-50
61
-52
80
-106
71
-74
69
-66
89
-89
65
12
-88
119
-98
16
30
-17
-3
-5
26
-33
20
-29
84
-106
108
-177
180
-73
-58
241
-525
712
-720
460
-106
22
-52
62
-50
0
19
22
-133
67
58
80
39
-484
431
-111
-90
59
194
-154
8
-62
74
-24
16
-41
80
-67
13
-6
23
-39
69
-92
62
10
3
-19
-77
137
-83
5
-41
112
-35
-49
17
18
-13
-7
14
-13
7
0
-2
0
-2
0
-1
-1
-2
2
-1
-1
0
-1
1
0
-1
0
1
0
1
0
0
0
0
-2
0
-1
1
-1
1
-2
1
0
-7
13
-15
6
12
-18
-16
48
34
-112
41
-6
83
-138
77
19
-3
-11
-63
91
-68
39
-25
6
-13
67
-80
40
-15
24
-75
62
-8
152
-195
-60
88
109
-432
483
-38
-82
-58
-68
132
-23
-23
0
-68
57
38
-134
92
191
-421
511
-393
80
162
-243
165
-72
15
46
-69
18
39
-73
22
32
-18
-18
38
2
-21
-63
82
-1
-19
10
-33
44
-66
41
11
-9
44
-51
22
-19
0
6
5
-10
4
-1
1
0
-1
-1
0
-1
-1
0
-1
0
0
0
0
-1
0
0
1
-1
-1
1
-1
-1
-1
-1
1
-1
-1
0
0
-1
-1
0
-5
9
-5
-6
-2
20
-24
50
-44
9
-11
-41
66
-45
32
-10
19
1
-83
62
21
-2
-37
17
16
-33
-22
72
-40
-19
67
-47
-16
71
-168
240
-163
-83
390
-511
420
-192
-92
132
-40
-59
64
0
52
-93
123
-163
296
-633
449
212
-338
232
-271
252
-177
42
76
-112
91
-52
28
-33
65
-76
32
5
2
-52
97
-121
126
-48
-62
104
-92
52
-48
46
-37
61
-63
10
24
3
-16
10
-13
2
1
-1
1
-2
1
-2
1
-1
0
0
-1
1
0
0
0
0
0
0
0
0
1
0
0
-1
2
-2
0
0
0
1
-1
1
-1
1
-2
-4
12
-11
14
-3
-25
-11
61
-62
35
-46
47
-53
89
-104
63
48
-125
121
-99
52
-3
-6
-33
75
-67
34
-29
50
-92
112
-78
-43
175
-253
269
-234
336
-213
-449
633
-297
163
-125
92
-56
0
-4
42
-125
-84
121
601
-699
56
-36
156
79
5
-305
186
-8
38
-25
-21
9
-17
52
-41
17
-10
47
-106
82
8
-85
88
-58
113
-80
-91
103
-30
50
-61
35
-24
18
18
-63
57
-30
13
-1
-5
1
0
-2
1
0
-3
3
-3
1
0
-1
0
-1
0
0
0
-1
0
-1
-1
0
0
-2
2
-3
1
0
-2
1
-1
-1
4
-1
-14
29
-57
63
-19
-21
23
-35
61
-50
30
-103
90
78
-113
57
-87
83
-8
-82
105
-47
9
-17
41
-51
17
-10
20
25
-39
6
-186
303
-6
-81
-158
34
-56
696
-602
-121
82
122
-42
0
0
-43
80
-73
-100
453
-890
817
-366
183
-68
-81
205
-284
188
-64
8
9
-6
6
18
-58
47
-19
19
-17
-4
57
-75
16
5
18
-22
17
5
-25
15
19
-35
6
9
-1
8
-13
-11
13
-4
3
-2
-1
1
0
0
-1
0
0
-2
0
-1
0
1
0
0
0
0
-1
-1
1
-2
-1
0
-1
1
-1
0
1
-1
0
-2
0
2
-3
2
-14
10
13
-9
0
-11
-6
35
-21
-16
24
-6
-18
21
-20
-5
-17
75
-59
5
16
-20
20
-47
59
-18
-5
5
-11
-8
64
-190
282
-207
79
65
-185
364
-816
889
-455
98
70
-80
38
0
55
-114
151
-199
28
498
-468
-24
128
-57
-19
148
-189
13
97
-64
31
-4
-2
23
-48
18
22
-29
22
-11
-8
31
-49
36
30
-62
38
-17
-10
38
-36
8
17
-19
37
-75
63
-30
9
1
-1
0
0
-1
0
-1
0
1
-1
0
-2
0
0
0
0
-1
0
0
-1
-1
-1
0
0
-1
-2
-1
-1
-2
1
0
-1
0
-1
0
1
-2
-9
30
-64
74
-39
18
-16
-9
36
-39
10
17
-39
61
-30
-36
49
-31
8
9
-22
29
-21
-20
47
-23
2
3
-32
64
-98
-15
187
-150
18
56
-130
22
465
-498
-30
198
-152
113
-59
0
-42
19
56
63
-169
-50
156
-30
-28
-5
80
44
-218
130
-25
3
2
4
-2
-4
11
-22
23
1
-9
0
-14
20
5
1
-4
-43
22
24
8
-7
-23
11
2
-8
25
-11
-49
64
-14
-11
1
1
1
-2
0
-1
-1
0
0
-1
-2
0
-1
0
-1
0
-1
0
0
-1
-1
0
-1
0
0
0
-2
0
-1
0
-2
1
-2
-2
-1
9
14
-64
48
10
-26
7
-4
-11
24
7
-9
-23
-23
43
4
-1
-6
-20
16
-1
9
-2
-21
22
-12
5
0
-4
-3
-4
23
-131
216
-45
-81
4
26
30
-156
49
168
-64
-60
-20
38
0
-2
35
-140
320
-300
62
-16
78
-73
86
-114
114
-96
26
20
2
-8
1
-9
8
-2
13
-17
10
-4
-5
24
-52
55
-26
18
-22
5
15
-27
22
-8
-6
9
-11
-5
12
4
-8
4
-2
-1
-1
-1
-1
0
0
-1
-1
0
0
1
-1
0
-1
0
0
0
0
-1
0
0
0
-1
1
-2
0
0
-1
1
-1
0
1
0
0
0
2
-4
7
-6
-12
4
11
-11
5
6
-23
26
-16
-6
21
-19
26
-55
52
-25
5
3
-11
17
-13
0
-8
10
-2
7
-3
-22
-26
94
-115
112
-87
72
-79
15
-63
299
-321
138
-36
-2
0
7
2
-39
46
-35
-7
37
-3
2
-15
-14
31
-27
15
-7
-4
6
-2
1
-3
1
3
-3
1
-4
6
-10
9
-8
15
-7
-6
5
-4
-3
4
1
-2
2
-1
-2
2
0
-4
1
-1
1
-1
-1
0
0
0
0
0
0
0
0
0
-1
0
0
-1
0
0
0
-1
0
-1
1
-1
0
-1
1
-2
0
-1
-1
-1
0
0
-1
0
-1
3
-1
-2
-1
0
-2
1
0
-4
1
4
-6
5
6
-15
6
-10
9
-6
3
-2
2
-3
-1
3
-1
2
-6
3
6
-16
26
-33
12
12
-4
2
-36
7
34
-48
36
-3
-11
0
-5
10
-18
44
-45
-3
20
-8
10
-8
6
-5
-6
5
-3
4
-4
1
-3
1
-1
2
-2
-1
1
-1
1
1
-2
-1
2
0
-4
3
-2
0
-1
0
-1
0
-1
0
0
0
-1
0
0
-1
0
0
-1
-1
0
-1
1
0
0
0
1
-1
1
-1
0
0
0
-1
-1
0
-2
-1
-1
0
0
0
-1
-1
1
-1
-1
0
-1
0
0
0
0
-1
0
-1
-1
-1
0
-1
1
-4
2
0
-2
1
2
-2
-2
1
-1
0
2
-3
0
-1
2
-3
3
-5
2
-7
6
3
-9
8
-12
7
-20
2
45
-45
14
-11
0
0
-3
-1
1
12
-38
50
-30
5
0
-3
-3
4
1
-8
5
0
-1
0
1
-2
0
1
0
1
0
-1
0
-1
0
0
-1
1
-1
0
1
0
-1
1
-1
0
0
-1
0
-1
1
-2
0
0
-2
0
-1
0
-1
-1
-1
1
0
0
0
-1
1
0
-1
0
0
0
-1
0
0
0
0
-1
0
0
0
0
1
0
0
-1
-1
0
-1
0
-1
0
-1
-1
1
-1
0
0
-1
0
0
-1
0
-1
-1
1
-1
0
1
-1
0
-1
0
1
-2
-1
0
-1
-7
7
-3
-5
1
1
-2
-6
29
-50
36
-13
-4
-1
-2
0
-1
-4
14
-15
16
-36
31
-6
1
-3
2
-3
0
4
-4
-2
3
0
1
0
-1
1
1
-1
1
0
0
0
0
1
-1
0
-1
1
-1
0
1
0
0
0
0
0
-1
0
0
0
0
0
1
-1
1
0
-1
1
0
-1
-1
0
-1
1
-1
-1
-1
0
0
-1
1
-1
1
0
0
-1
-1
0
0
0
0
0
0
0
-1
-1
-2
0
-1
-1
-1
-1
-1
0
-1
-1
-1
-1
1
0
0
-1
-1
0
-2
-1
0
0
-2
0
0
0
-1
0
-3
2
4
-6
-1
2
-5
1
-2
5
-32
35
-18
15
-18
3
-3
0
-2
0
3
-8
1
22
-21
4
-1
2
-7
4
-2
0
-1
-1
0
1
0
0
-1
1
-2
0
1
0
0
0
0
0
0
0
-1
-1
-1
0
-1
0
1
0
-1
-1
0
-1
0
-1
1
0
-1
0
-1
-1
0
0
0
0
-1
0
-1
-1
0
0
-1
0
0
-1
0
0
0
0
-1
-1
0
0
-2
0
1
0
0
0
-2
0
-1
-1
-1
1
-1
0
-1
-1
0
0
0
0
-1
-1
0
0
-1
0
0
0
0
0
1
-1
1
0
0
-2
0
1
-1
-1
0
-6
4
-4
-1
-4
23
-22
-1
6
-7
-1
-2
0
-1
4
-8
-3
12
-8
1
5
-6
0
-1
0
-2
-1
0
0
-1
0
0
1
0
0
0
1
-1
0
-1
0
1
0
0
0
-1
0
-1
0
0
-1
0
0
0
0
-1
0
0
0
0
-1
-1
-1
0
1
0
-1
-1
0
-1
-2
-1
-1
-1
-1
-2
0
1
0
-2
0
1
0
1
-1
0
1
-1
-1
-1
0
0
0
0
0
-1
0
0
-2
-1
0
0
-1
-1
0
-1
-1
0
-1
0
0
0
0
0
-1
-2
-1
-1
-1
0
0
-1
-1
0
-1
0
-2
0
-2
-1
-1
4
-5
-2
8
-13
2
5
-4
-3
0
-2
1
-3
-6
13
-13
7
1
-3
0
-1
-1
-1
0
-1
-1
0
0
0
0
0
1
0
0
-1
0
-1
0
0
-1
0
0
-1
-1
0
0
-1
-1
-1
0
0
0
-1
0
-1
0
0
0
0
-1
0
-1
-1
-1
-1
-1
0
0
0
-1
-1
0
-1
0
0
-1
0
-1
-1
-1
-1
0
0
0
-1
0
-1
0
-2
-1
0
0
0
-1
0
-1
-1
-1
0
-1
-1
0
-1
-1
-1
-1
0
0
-1
0
-1
0
-2
0
1
0
0
0
-1
0
0
0
-1
-2
0
-1
0
-1
1
-2
-6
12
-15
4
2
-3
-2
0
-2
0
3
0
-7
15
-10
-1
3
-2
-2
0
0
-3
1
-1
-1
0
0
0
-1
0
0
0
0
-2
0
0
0
0
-1
0
-1
0
1
0
0
0
1
-1
0
0
-1
0
1
-1
0
0
-2
1
0
0
0
0
0
-1
-1
-1
-1
0
-2
0
-1
0
-1
1
0
0
0
0
0
0
-1
0
0
-1
0
0
0
0
0
-1
-1
-1
-1
-1
-2
0
0
0
0
-1
-1
-1
-1
-1
0
-1
0
0
-1
0
-1
-1
-1
-1
0
-1
0
-1
0
1
-2
1
-2
-1
-1
0
-4
1
8
-15
7
-1
-6
0
-2
0
-2
-1
0
2
-3
-5
6
-2
0
-2
0
-1
0
0
0
0
0
0
-2
1
0
0
-1
0
-1
0
0
0
0
-1
-1
0
0
0
-1
0
0
-1
0
0
-1
0
-1
0
-1
-1
0
0
-1
0
0
-1
-1
0
0
0
0
-1
0
0
0
-1
-1
0
0
-1
-1
0
-1
-1
-1
0
0
0
0
1
-1
0
-1
-1
0
0
-1
-1
-1
0
-1
0
-1
0
-1
-1
-1
-1
-1
0
-1
0
0
0
-1
-1
0
-1
0
-1
-1
0
-1
-1
-1
-1
-2
0
0
-1
-3
0
-1
2
-7
4
2
-4
-3
-1
-3
0
-2
1
-3
0
-1
4
-3
0
-1
-1
-1
-1
-1
-1
-1
1
0
1
1
0
0
0
0
-1
-1
0
-2
0
-1
-1
0
-1
0
-1
0
0
0
-1
0
0
-1
0
-1
0
-1
0
0
0
0
0
-1
0
0
-1
-1
-1
1
-1
-1
0
0
-1
0
0
-1
0
-1
0
0
0
0
0
-1
0
-1
-1
0
-1
-1
0
-1
-1
-1
0
-1
-1
0
-1
-1
0
-1
-1
-1
-1
-1
0
0
0
-1
-1
0
0
-1
0
-1
-1
-1
-1
-1
0
0
-1
0
0
-1
0
-1
-1
0
-1
3
-5
0
-1
-1
-3
-2
0
-1
1
-1
0
2
-2
0
-1
-1
-1
0
0
-1
-1
-1
0
1
0
-1
0
-1
0
-1
0
0
0
0
0
0
0
-1
0
0
1
-1
0
0
0
0
0
-1
0
0
0
0
-1
-1
-1
0
0
-1
0
0
-1
-1
-1
0
0
-1
0
0
-1
-1
0
1
0
-1
0
0
0
-1
0
0
0
0
0
0
-1
-1
0
-1
0
-1
-1
0
0
0
-1
-2
1
0
-1
0
-1
-1
0
0
0
-1
-1
0
-1
0
0
-1
0
0
-1
-1
-1
-1
-1
-1
0
-1
-1
-1
0
-1
0
-2
1
-1
-1
-1
-2
-2
0
0
0
0
0
-1
-1
-1
-1
-1
-1
0
-1
-2
-2
-2
0
0
-1
0
0
1
1
1
0
-1
-1
0
0
0
0
0
0
0
0
0
0
0
0
0
-1
-1
-1
0
0
0
0
0
-1
-1
-1
-1
0
0
0
0
0
0
0
0
-1
0
-1
0
0
0
0
0
0
1
1
1
-1
-1
-1
0
-1
-1
-1
-1
0
0
-1
0
0
-1
-1
-1
0
-1
0
0
0
-1
0
-1
0
0
0
0
0
0
0
0
-1
-1
-1
0
0
0
0
0
-1
-1
-1
-1
0
-1
-1
-1
0
0
1
0
-1
-2
-2
-2
