0
-1
-1
-1
-5
17
-24
13
-4
1
2
-6
1
-1
11
-17
9
6
-19
14
-5
-5
17
-13
-5
8
4
-13
13
-17
19
0
-9
0
0
1
-1
0
1
-2
-1
4
-3
0
4
-3
0
3
-3
0
0
-1
0
-1
0
1
-1
-1
0
-1
-1
0
1
-1
0
-1
-1
0
0
0
-1
1
0
0
-1
0
-1
2
-2
0
3
-3
-1
2
-3
0
2
-6
0
1
-3
0
1
-2
-2
-2
9
0
-20
16
-13
15
-4
-8
4
13
-18
5
4
-15
19
-6
-9
16
-13
1
-1
4
-4
-2
2
-13
22
-18
3
-2
-1
-3
0
-2
1
-1
0
14
-29
18
-11
13
-9
16
-19
-13
31
-15
-1
-1
4
-16
12
0
23
-46
20
14
-9
-2
10
-21
16
-2
0
-4
-1
8
-2
-8
8
-6
0
5
-5
4
-5
2
1
-1
-2
5
-1
-8
7
2
-4
-1
-2
2
-2
1
0
0
-1
-2
0
-1
0
0
0
-1
1
-4
1
0
4
-2
-8
9
1
-6
2
-1
-1
-3
5
-5
3
-6
-1
5
-9
8
2
-8
0
4
-1
1
-16
20
-10
1
9
-15
-20
47
-24
1
-12
15
-5
0
1
13
-33
11
18
-16
9
-16
11
-19
28
-16
0
0
-2
-2
0
-2
0
-1
-1
-3
13
-16
1
5
-10
22
-19
-6
3
45
-49
-5
9
16
-9
9
15
-63
57
-13
2
-17
7
12
-10
0
6
-12
3
5
0
-7
-2
12
-17
11
-2
-5
5
-2
0
-2
3
-1
-1
-4
-3
5
-1
0
-3
-1
1
0
0
-1
-1
0
0
0
0
-1
0
0
-2
0
2
-2
2
-5
2
3
-1
-1
-4
2
-1
2
-5
4
0
-12
16
-13
1
6
-1
-5
-2
11
-6
-1
9
-13
-8
16
-3
12
-59
64
-15
-9
9
-17
-9
5
48
-45
-5
4
19
-25
8
-6
-2
16
-14
1
1
-1
-2
-3
0
-2
1
1
-11
10
-10
16
0
-19
10
-18
14
36
-57
38
-45
26
-4
12
-4
-12
-10
11
10
-12
7
3
-10
21
-35
13
1
9
6
-22
1
16
-9
-6
7
-1
-2
-5
3
0
-1
1
-4
6
-6
6
-1
-9
10
-5
0
-2
0
1
-1
0
-1
0
0
0
0
0
0
-1
0
0
0
5
-10
7
1
-7
5
-6
3
-1
0
-1
-4
4
1
-1
-8
4
8
-18
-2
21
-8
-9
-2
-13
35
-22
10
-4
-9
10
-11
-10
10
12
3
-13
3
-27
44
-40
55
-37
-15
16
-12
16
-2
-15
9
-11
9
-3
-2
-2
0
-2
3
-3
-5
9
29
-46
4
-5
16
-5
20
-56
71
-59
77
-104
62
-13
-7
38
-45
12
3
15
-10
-1
-5
16
-30
29
-25
20
-17
14
6
-5
-5
-1
6
-8
3
0
2
-3
1
0
-1
4
-17
18
-5
-4
4
-7
4
-4
3
-2
0
0
-1
-1
0
-1
-1
0
0
1
-5
3
-5
7
-4
2
5
-19
14
-5
1
0
-1
3
-2
-1
-3
7
-7
0
4
4
-5
-14
17
-21
25
-30
31
-17
5
1
9
-16
-3
-13
45
-38
7
14
-63
103
-77
57
-73
55
-21
4
-18
2
-5
44
-29
-10
4
0
-5
-2
0
-7
6
-1
6
32
-111
83
-11
-9
10
-8
16
-25
41
-70
42
35
-58
18
-7
-10
65
-74
32
12
-34
18
-1
12
-10
1
-11
6
6
-8
0
-3
5
0
2
-6
1
2
-1
-1
4
-11
18
-19
10
6
-7
-8
2
13
-19
11
-2
0
-1
-1
0
-1
0
0
0
-1
0
-1
1
-11
18
-14
-4
7
7
-7
-10
19
-18
12
-6
0
1
-3
-2
5
-2
0
-6
2
0
6
-8
-8
11
-2
9
-13
1
-20
34
-12
-32
74
-67
10
6
-19
57
-36
-42
69
-42
24
-18
7
-13
9
11
-83
110
-34
-7
-1
-6
2
0
-5
1
1
7
3
-25
-9
56
-38
-4
1
40
-100
74
69
-133
69
-22
8
21
-46
28
9
4
-23
6
5
28
-73
55
-26
32
-19
-3
6
-12
6
4
-2
0
-6
2
0
3
-2
1
-1
7
-24
19
18
-40
10
8
0
-7
3
-3
1
1
-1
-1
0
0
0
0
0
-1
-1
1
-4
6
0
-9
-12
39
-20
-21
23
-7
0
-1
1
-4
-1
-3
6
-2
0
-6
-7
10
-6
3
18
-33
24
-55
73
-28
-6
-7
23
-4
-9
-27
46
-22
-8
22
-69
133
-72
-75
98
-41
-1
2
36
-56
10
26
-5
-8
-6
-2
0
0
2
-3
-2
-3
16
22
-85
44
17
43
-109
64
-12
-70
69
49
-25
-29
-11
44
-89
124
-65
-16
13
16
-12
-28
79
-75
6
39
-21
-11
3
10
-15
14
-13
13
-9
0
2
-1
4
-2
0
13
-38
32
-9
5
5
-21
-16
39
-11
2
-8
3
-1
0
0
0
0
0
0
-3
7
-3
13
-40
15
19
-4
-5
8
-32
37
-14
1
1
-3
1
-3
-1
8
-14
11
-14
14
-10
-4
11
19
-39
-6
75
-80
28
12
-17
-15
16
65
-124
89
-44
11
29
25
-50
-71
69
10
-64
108
-46
-18
-45
84
-23
-18
3
0
1
-6
0
2
1
-11
15
-17
4
-5
30
-37
49
-72
-4
15
118
-116
39
-32
23
-12
-12
-3
89
-81
-8
17
-4
21
-27
-5
20
-3
-11
13
13
-33
22
-1
-6
-11
26
-16
2
-6
6
0
-1
-9
17
-1
-28
18
-9
4
40
-47
-2
10
2
0
-2
0
-1
-1
0
0
0
-1
1
-1
-2
-11
1
45
-42
-4
9
-18
27
1
-18
7
-1
-2
-7
5
-3
14
-27
11
5
1
-23
31
-14
-13
11
3
-20
4
26
-22
4
-16
7
81
-90
2
10
10
-24
31
-40
115
-120
-15
2
70
-52
36
-30
4
-5
17
-17
6
-1
-6
0
-15
10
-18
24
-9
0
26
-56
23
-1
33
-17
-98
39
178
-206
111
-48
6
30
-70
77
-57
29
-4
-11
16
-6
-8
19
-14
5
-6
1
-2
6
-12
16
-13
18
-22
17
-14
13
-7
-6
16
-10
7
-33
45
-25
22
-42
28
-5
-1
5
-7
0
-1
0
0
0
-1
0
-1
-1
4
-7
2
4
-29
42
-21
25
-46
32
-8
10
-18
5
6
-13
13
-18
22
-19
12
-17
11
-7
3
-2
5
-6
15
-20
8
6
-16
11
3
-29
56
-78
68
-31
-6
48
-113
206
-180
-40
97
16
-34
0
-25
54
-27
-1
8
-25
15
-10
10
0
-91
91
-57
98
-131
6
139
-168
140
-94
45
-15
50
-57
-123
246
-136
56
-84
69
6
-6
-49
19
9
9
-15
-7
12
18
-22
7
0
-10
15
4
-28
27
-2
-17
11
-1
-3
2
-13
12
10
-26
29
-36
39
-28
13
-41
58
-14
-15
8
-3
1
-2
0
-1
0
0
0
0
-2
3
-8
14
13
-58
41
-14
27
-39
35
-29
26
-11
-12
10
-1
2
0
-11
16
1
-28
27
-5
-14
10
-2
-8
23
-17
-11
6
14
-9
-10
-20
50
4
-6
-69
83
-55
135
-246
123
55
-51
13
-45
92
-141
168
-140
-6
130
-99
55
-92
86
0
49
-73
40
85
-277
383
-219
-63
158
-46
-111
104
135
-365
301
-124
52
16
-88
54
-16
-17
71
-56
1
41
-44
2
37
-19
-34
46
-13
-19
20
-20
17
0
-8
1
0
6
-10
18
-22
-2
34
-32
2
16
-18
0
13
-21
16
11
-25
8
-2
0
0
-1
0
0
-1
0
0
0
1
-9
24
-13
-17
22
-14
0
17
-17
-2
31
-34
1
21
-18
9
-7
0
-3
9
-2
-16
19
-20
17
12
-46
32
18
-36
-2
44
-44
0
55
-71
17
17
-54
87
-18
-53
123
-301
364
-137
-106
109
43
-158
62
219
-385
277
-86
-42
72
-53
0
91
1
-42
-65
5
181
-173
-3
62
30
-7
-66
-185
602
-448
-92
125
84
-11
-104
6
124
-59
-48
14
24
35
-62
-3
42
18
-63
32
-7
8
-4
-16
14
3
-3
-1
5
-17
1
7
22
-35
5
21
-14
-6
2
-4
16
-10
-13
15
-5
1
0
-1
0
0
0
-1
-1
1
0
0
5
-16
12
10
-17
2
-2
6
13
-21
-5
34
-22
-8
-1
16
-5
-3
2
-5
-15
16
3
-10
8
-32
63
-18
-43
2
62
-34
-24
-15
47
59
-124
-5
104
10
-85
-126
92
445
-605
184
64
5
-32
-64
2
172
-182
-6
64
41
-1
-95
0
56
27
-54
108
-67
-205
200
31
-32
0
27
-85
-92
171
86
-105
-29
-73
1
-43
325
-190
11
-60
-4
25
34
-20
41
-51
-25
34
4
-7
3
-14
35
-38
21
-14
1
5
3
-2
11
-9
-30
29
-8
14
-6
-5
2
-23
20
-4
4
-2
0
-1
0
0
-1
0
0
1
-1
0
0
1
-4
4
-21
24
-3
4
4
-14
8
-30
31
8
-11
0
-3
-8
-1
13
-22
36
-36
13
-4
6
-5
-35
24
50
-43
19
-33
-26
2
60
-10
190
-326
42
-1
72
28
104
-87
-172
89
84
-27
-2
29
-32
-200
204
65
-109
52
-28
-60
0
57
-11
-14
-54
108
145
-257
112
-70
39
-49
142
-365
210
118
43
-53
-67
15
75
-82
-57
-5
46
42
-59
70
-50
24
10
-4
-44
25
3
5
-29
17
9
0
-9
4
-11
2
8
3
-11
15
-13
1
5
-1
-10
8
0
-6
-1
4
-2
-1
2
-2
1
-2
0
1
-2
1
-2
1
1
-4
1
4
-1
-7
9
-1
-6
0
12
-17
10
-3
-8
-4
10
-6
9
0
-11
-19
28
-5
-4
-25
43
5
-11
-23
50
-72
57
-42
-46
5
56
80
-75
-17
66
52
-44
-118
-211
363
-144
47
-41
69
-112
256
-146
-109
54
11
10
-61
0
66
-39
58
-20
-203
82
200
-191
58
-2
-51
74
-271
143
235
-131
24
-56
196
-281
215
-56
-18
104
-150
58
-22
-14
10
-1
-6
-20
-5
15
-2
0
23
-17
11
-11
0
6
-2
-9
0
3
-4
6
-12
7
-7
10
10
-19
15
-11
6
-5
-1
1
0
0
0
0
-1
-1
-1
-1
1
5
-7
10
-15
18
-11
-11
7
-8
11
-7
2
-4
-1
8
0
-6
-1
10
-11
15
-24
-1
2
-14
5
19
6
0
-10
13
21
-58
149
-105
19
56
-215
281
-197
55
-24
130
-236
-145
271
-75
49
0
-58
190
-200
-82
202
19
-60
37
-70
0
67
-63
5
-55
251
-388
118
117
1
-5
42
-189
30
360
-364
-23
55
-42
178
-44
-33
33
-20
-58
136
-162
2
69
-11
22
-28
11
4
6
-8
-17
15
2
-2
4
-3
2
-6
3
-4
-9
34
-34
37
-35
19
-7
-14
-4
14
-6
8
-2
-7
2
-1
0
0
0
-1
-1
1
-2
6
1
-9
5
-16
2
12
6
-18
34
-37
33
-35
8
3
-3
6
-2
3
-5
2
-4
-15
17
7
-5
-5
-12
29
-22
11
-70
-2
161
-136
58
21
-33
33
44
-178
41
-56
22
363
-362
-31
188
-43
4
-2
-117
-119
386
-253
54
-7
63
-73
0
51
-88
-35
8
65
314
-316
32
-130
36
-13
202
285
-443
-25
-47
-37
25
234
77
-152
-89
-64
-48
168
48
-13
10
-82
-10
39
-2
23
-20
1
-3
3
-1
3
7
-20
8
7
-7
5
0
-11
1
-14
39
-19
-3
-2
7
-11
-10
26
-9
-1
0
-1
-1
0
0
0
0
0
0
1
9
-25
10
11
-8
1
2
18
-41
13
-2
9
-1
-6
7
-6
-8
19
-8
-4
0
-4
2
-2
20
-23
2
-38
9
82
-11
12
-49
-167
48
64
89
152
-78
-235
-25
36
46
22
441
-287
-203
12
-39
126
-32
314
-316
-66
-9
33
85
-55
0
36
-88
30
146
-172
15
51
-124
188
4
-76
1
-494
550
132
-88
-194
-87
199
253
-304
-35
-36
2
116
18
-14
-84
1
95
1
-35
-31
13
0
13
-12
-1
7
-1
-3
1
-5
7
-6
-1
-8
2
41
-48
3
-5
15
28
-39
2
1
7
-2
0
0
-1
0
0
-1
1
-1
-1
1
-7
-1
-3
39
-29
-15
6
-2
46
-43
-3
5
0
5
-7
3
-2
4
0
-9
0
10
-14
-2
-13
31
34
0
-95
-1
83
14
-18
-117
-2
35
35
304
-254
-200
86
194
87
-135
-551
492
-3
75
-5
-189
123
-52
-17
173
-147
-34
86
-42
0
5
-47
106
89
-205
-269
334
87
-114
-97
136
-21
253
-434
29
268
-116
-139
133
190
-206
-76
-26
159
36
-151
17
57
41
-26
-92
42
49
-16
-16
13
6
-9
-17
18
-1
-5
3
-9
7
-10
27
-16
-10
-13
34
-4
-12
-33
52
-13
-7
-1
2
-1
0
-2
2
0
-1
1
-1
0
-2
0
7
11
-52
33
10
4
-35
12
8
15
-27
10
-6
8
-5
5
0
-19
15
8
-7
-12
15
15
-49
-43
92
26
-41
-57
-17
150
-37
-159
26
76
205
-190
-132
139
115
-269
-29
432
-255
21
-137
94
113
-87
-335
269
205
-91
-107
47
-9
0
-32
24
90
-206
142
-33
73
-150
58
129
-254
136
117
-80
-166
140
83
-163
69
184
-221
-106
162
60
-105
15
64
-70
-43
86
67
-108
3
25
-7
-12
16
1
-25
20
3
-1
-7
7
-6
-1
6
-14
11
9
-23
6
16
-9
-25
20
12
-20
7
-1
1
-2
0
0
-1
0
-1
1
-8
19
-12
-20
23
9
-16
-7
22
-10
-11
13
-7
-1
6
-7
5
0
-2
-21
25
-2
-16
11
8
-26
-2
108
-67
-87
44
69
-65
-17
107
-60
-161
105
221
-185
-70
162
-84
-141
165
79
-119
-139
253
-130
-61
149
-75
32
-142
205
-92
-26
29
0
-65
96
-26
-217
278
112
-335
189
0
-181
175
-30
-36
94
-45
-78
96
-30
-52
123
-135
-27
123
-49
-17
75
-69
-16
61
-17
-60
64
-25
6
12
-25
16
3
-12
5
4
-6
0
2
1
1
-8
16
-6
-17
22
-13
4
6
-24
22
-4
-1
-3
2
0
-1
0
0
0
0
0
-2
3
1
3
-23
23
-5
-5
12
-22
15
6
-16
8
-1
-1
-1
-1
5
-5
-6
11
-4
-16
24
-12
-8
23
-64
60
16
-61
17
66
-76
17
48
-125
26
134
-123
51
29
-97
78
44
-95
36
28
-175
180
-2
-189
335
-111
-278
215
23
-98
61
0
-17
43
-42
17
-38
97
-59
-15
25
-15
12
14
-89
97
-39
16
-20
9
31
-35
12
-15
9
9
-12
12
-21
33
-26
23
-16
-9
14
2
-7
4
3
-25
25
-1
-6
1
-1
0
0
0
-1
-1
0
-2
0
11
-17
3
-1
5
-1
-2
-1
1
-2
0
0
0
-1
-1
2
-2
0
1
1
-6
1
-3
14
-12
-1
1
0
0
0
0
-1
-1
1
-1
5
0
-26
23
-4
-4
7
-3
-14
8
15
-24
27
-33
21
-12
13
-10
-10
15
-11
35
-31
-10
19
-17
39
-98
86
-15
-15
14
-26
14
59
-98
37
-18
38
-44
13
0
14
-13
-8
-12
27
27
-47
14
1
-2
-20
26
53
-116
55
-10
8
-7
30
-16
-29
31
-8
-11
6
6
-11
4
9
-11
8
-1
-8
4
1
-1
-2
3
2
-5
2
0
-2
-4
4
-2
0
-1
1
1
2
-7
3
3
-5
1
0
0
0
0
0
-1
-2
0
0
-1
1
0
0
0
1
-2
5
-4
-3
6
-4
-2
-1
1
-1
2
-5
4
0
-2
-3
4
-3
-4
2
0
0
-5
8
0
-8
10
-10
-3
11
-6
-7
10
8
-32
29
17
-31
7
-9
10
-55
115
-56
-28
20
-1
-3
-14
46
-27
-30
10
4
12
-19
0
12
-10
3
10
-7
-29
34
-4
-9
15
-24
24
-50
41
11
-29
18
-7
3
16
-39
39
-14
-15
13
0
4
-5
-4
1
1
2
-5
3
0
-3
1
-1
2
-1
-2
0
-1
2
0
-2
-2
3
-4
0
0
0
-4
0
1
-1
-1
2
-1
0
-1
0
-2
0
0
-1
0
0
1
-1
0
0
-2
-2
3
-1
-1
-2
2
-3
0
1
0
-3
1
0
0
0
-1
1
-1
2
-1
-3
3
-3
-1
-1
2
4
-5
0
-13
15
15
-40
39
-16
-2
7
-18
29
-12
-41
48
-26
22
-17
7
3
-35
28
6
-11
-6
9
-15
0
3
3
-4
2
-15
20
-4
-6
-4
7
-9
11
-11
12
-19
7
7
-9
3
16
-57
61
-17
-8
4
-1
-4
8
-4
4
0
-6
4
-2
0
0
-2
1
0
1
-2
0
0
1
-1
-1
0
-1
1
-2
-1
3
-1
-1
0
-1
-1
-1
0
0
-1
0
-2
0
0
-1
0
-1
-1
0
-1
-1
-1
0
0
-3
1
1
-1
0
-2
1
-1
-2
-1
0
1
-2
-1
-1
2
-2
-1
0
-5
6
-2
-4
3
-7
4
0
-3
7
16
-60
56
-16
-6
9
-7
-8
18
-13
9
-12
7
-9
2
5
3
-20
12
-3
1
-5
-7
0
0
11
-13
6
-12
21
-15
3
8
-11
7
-19
34
-30
3
17
-15
4
-14
28
-31
25
-11
19
-18
4
0
1
-1
1
-1
3
-2
1
-2
1
0
0
0
-2
2
-2
-1
0
0
1
0
1
-2
2
-5
0
1
-2
1
-1
0
0
0
-1
-1
-1
1
0
0
0
-2
1
0
-1
-1
0
-1
1
-2
0
3
-3
0
-1
1
-1
-1
-1
1
-1
-2
0
0
-1
0
-2
1
-3
1
-3
1
-2
1
-2
0
-3
17
-19
13
-26
32
-28
14
-4
14
-17
-6
29
-35
17
-8
9
-9
-3
15
-22
11
-7
10
-13
-3
0
-3
7
-11
7
-14
18
-9
4
-18
21
-13
5
-16
24
-11
1
-2
2
-17
34
-38
26
-4
-7
4
-4
5
-5
4
-3
1
0
-2
0
0
-1
0
-1
1
-1
0
1
-1
0
0
0
0
-1
0
1
-2
1
0
0
0
0
0
-2
0
0
-1
0
0
0
-1
0
0
-1
-1
1
-1
-1
-1
0
0
-2
2
-1
0
0
0
-1
-2
0
-1
-1
0
0
-2
0
0
-1
1
-1
1
-1
-2
3
-5
5
-7
5
-4
7
2
-26
37
-34
17
-3
1
-2
10
-26
17
-8
10
-23
15
-5
9
-19
14
-10
8
-7
-3
0
-1
0
5
0
-20
11
4
-5
12
-18
10
-3
-6
13
-8
-5
1
5
-5
7
-21
19
9
-16
6
0
0
0
0
2
-2
0
1
-1
0
-1
3
-3
1
0
0
1
-2
0
-2
2
-2
0
0
-1
1
0
-2
-1
1
0
0
-1
1
-1
-1
0
0
0
0
-1
1
0
-2
0
-1
-1
-2
0
1
0
-1
-1
-1
-1
2
-3
1
-1
1
-2
0
-1
-1
2
-3
0
-1
1
-2
0
1
-1
-1
0
0
-1
-6
16
-8
-18
20
-6
4
-6
-2
4
7
-14
4
2
-11
17
-14
4
-5
-13
19
-1
-6
-1
-4
0
-1
0
2
-11
18
-7
-3
-2
-3
4
-1
1
-3
-8
3
2
-1
-1
-6
15
-19
16
-2
-4
1
-2
4
0
-2
2
0
0
1
-1
-1
-1
0
0
-1
0
-1
0
1
0
-1
-1
1
0
0
-1
1
-1
0
-1
0
0
-2
0
-1
0
0
0
-1
0
0
0
0
0
-1
0
1
-1
-1
-1
0
1
-2
1
-1
-1
-1
0
0
-1
-1
-1
1
-2
0
0
-1
0
-1
0
-1
-1
1
-2
2
1
-4
1
-2
3
3
-16
19
-15
6
1
0
-3
-4
7
-1
-2
0
-6
1
0
1
6
-19
10
-4
-1
-5
0
-2
-2
-1
-3
16
-17
7
-2
0
-1
-2
-5
-1
14
-5
-1
-3
1
-2
13
-13
5
0
-1
0
-1
2
-5
4
-1
0
0
0
0
0
-1
3
-2
0
1
-1
0
1
-1
-2
2
0
-2
1
-1
1
0
-1
0
-1
1
-1
-1
-1
0
0
0
-1
0
1
-1
-1
0
0
0
0
-2
0
1
2
0
-1
1
-2
1
-1
-1
-1
1
-1
0
1
-2
1
1
-2
0
0
-1
-1
0
1
0
-4
4
-3
2
-1
0
1
-6
12
-13
1
0
2
0
3
-15
1
4
1
0
-2
1
-9
15
-16
2
-3
1
-3
0
3
2
0
-2
1
2
1
-2
-2
1
3
0
-2
-2
0
1
-1
-2
1
2
1
-2
-2
1
2
0
0
0
0
-2
-2
0
1
1
0
-1
-1
1
0
-1
-1
-1
0
0
-1
0
0
0
-1
-1
0
0
0
-1
-2
0
-1
-1
0
0
0
-1
-2
0
1
0
0
-1
0
0
0
-1
-1
0
-1
-1
0
-1
0
0
-1
0
0
0
-2
-1
0
0
0
-2
0
0
0
-2
-1
0
0
0
0
0
0
-1
-1
-1
2
1
-1
-2
-1
0
0
-1
-1
1
1
-2
-5
-3
0
1
-2
-3
-2
0
0
-3
-4
