-9
-5
-4
-6
1
-15
3
47
-107
98
-46
-30
31
-25
86
-97
-25
65
-40
58
-42
-31
38
-11
-2
6
11
-7
-35
22
12
-39
38
-22
11
-4
0
5
-16
12
2
6
3
-28
-6
56
-58
36
-11
8
-9
-2
6
-4
-1
-1
0
-1
0
-1
-1
-1
-1
0
-1
0
0
0
-1
1
0
-1
2
0
-1
-2
7
0
-9
8
-10
36
-59
57
-5
-29
2
6
2
12
-17
5
0
-1
13
-21
38
-37
13
23
-35
-5
14
8
-1
-10
41
-31
-41
58
-38
66
-24
-94
89
-22
35
-27
-42
102
-105
52
7
-13
3
1
1
2
-9
-6
-5
-10
5
-3
7
-14
-8
20
-37
5
0
-16
42
-24
40
-32
-28
-38
46
-38
69
9
-72
65
-28
-15
15
-35
62
-55
-7
31
-9
1
0
-8
16
-42
68
-22
-33
34
-28
4
37
-7
-25
6
-24
30
-13
4
-2
-1
6
-11
2
-1
0
0
-1
0
-1
-1
0
0
1
0
4
-10
6
-1
0
5
-12
31
-23
7
-24
-7
37
5
-27
34
-33
-22
67
-41
16
-8
0
3
-9
32
-7
-53
64
-35
16
-13
-27
68
-71
9
70
-37
47
-37
-28
-31
41
-21
46
-14
3
9
-33
24
-6
-11
12
0
8
-2
0
3
-7
-9
0
-2
-33
58
-60
3
81
-169
127
-4
-25
-19
-16
61
-71
34
7
-77
169
-126
-34
151
-141
13
40
3
-46
40
-15
-16
12
-22
24
9
-5
-11
-11
43
-60
74
-53
14
-1
-1
8
1
-17
24
-1
-39
35
-31
26
-9
-10
17
-12
2
-3
0
1
-1
-1
-1
1
0
-2
4
-13
18
-9
-9
27
-30
37
-38
-1
25
-16
1
9
-1
-1
14
-54
74
-60
42
-12
-10
-4
10
25
-22
12
-15
-14
41
-45
4
41
14
-140
152
-32
-125
168
-75
7
36
-70
65
-11
-16
-22
-2
130
-167
83
7
-57
61
-30
5
4
-1
-10
-4
-6
-8
13
11
-32
-72
135
-84
-8
90
-74
-78
76
6
22
-32
23
-19
109
-317
225
6
-64
45
-11
-136
190
-72
71
-62
-25
36
-13
3
-8
-6
55
-81
15
11
25
-44
40
25
-50
45
-80
62
-11
-15
19
2
-6
-7
-1
-6
12
-5
-1
-3
2
-2
-1
-1
3
-3
-1
-3
12
-6
-1
-5
-4
1
19
-15
-10
63
-79
44
-49
24
40
-44
26
12
15
-80
55
-5
-6
5
-13
38
-25
-63
72
-72
192
-136
-10
46
-63
8
227
-314
110
-18
24
-30
23
9
78
-75
-71
93
-4
-81
137
-68
-28
15
17
0
-2
3
-9
-6
-2
0
-13
-27
23
16
12
-60
-42
110
-34
69
-144
94
-160
148
-76
143
-113
116
-153
-13
54
26
-55
18
14
120
-288
204
-117
147
-88
19
-6
-5
53
-42
-12
-36
78
-26
-57
82
-86
127
-129
87
-16
-24
6
18
-24
5
11
-15
9
-4
-8
6
-2
-2
0
-1
-1
6
-7
-2
10
-14
12
6
-23
19
6
-24
-15
87
-128
126
-85
81
-57
-27
77
-35
-12
-41
53
-6
-5
20
-88
148
-117
204
-287
122
15
19
-55
27
55
-11
-152
117
-113
144
-75
149
-159
97
-142
73
-30
114
-38
-57
13
19
27
-24
-10
7
2
2
-9
-2
-4
-10
10
-12
-2
-34
64
-94
122
-65
-94
59
110
-145
135
-123
69
-137
343
-505
301
10
-3
-132
135
-65
-2
12
61
-143
146
-66
0
-2
-48
78
8
-80
83
14
-108
20
45
39
-105
34
39
40
-89
8
52
-68
48
-27
16
-11
0
2
-4
-3
3
-2
0
0
2
-3
-3
3
1
-10
17
-25
49
-66
53
10
-88
41
40
35
-104
38
46
19
-106
15
83
-80
9
77
-48
0
1
-65
146
-143
61
13
-1
-65
138
-130
-1
11
302
-504
344
-137
69
-123
136
-143
113
63
-91
-60
124
-91
66
-31
3
-6
13
-2
1
5
-8
-10
4
-9
4
34
-84
-82
274
-267
190
-152
64
153
-259
-99
491
-426
28
59
70
181
-368
137
-17
89
-102
37
82
-275
285
-62
-11
-89
109
-67
40
-9
6
-93
158
-60
-150
175
2
-83
150
-223
192
-102
28
-54
58
1
16
-74
48
-3
-2
-3
0
2
-3
-1
-1
0
-2
3
0
-3
-1
-4
48
-73
16
2
58
-54
29
-101
193
-224
150
-82
2
176
-151
-60
158
-92
6
-9
40
-66
109
-89
-11
-60
287
-275
82
38
-102
91
-16
139
-367
182
71
61
30
-424
492
-96
-256
157
67
-149
193
-264
276
-77
-80
38
6
-2
8
-1
-11
-3
-7
-13
19
-80
110
-121
164
-237
237
29
-182
-146
317
-79
-113
52
-131
120
593
-977
464
-138
63
1
63
-118
19
22
-83
270
-236
129
-75
-11
6
4
-30
98
-146
81
-6
79
-68
15
-37
24
28
15
-147
128
44
-124
45
-12
28
-12
-6
0
3
-3
-1
0
-1
0
0
-3
3
1
-4
-10
28
-10
46
-124
45
130
-145
16
29
23
-37
16
-67
76
-5
83
-146
98
-30
3
6
-10
-75
130
-236
271
-82
23
20
-118
65
2
64
-137
466
-977
594
120
-130
52
-112
-76
321
-142
-178
34
240
-233
166
-117
114
-76
23
-4
-2
5
-9
-7
6
-8
-13
-12
200
-603
620
-203
-117
264
-66
-282
162
-68
280
-198
-59
141
-155
-81
228
-45
-28
-10
39
-64
90
-173
-44
334
-157
-89
68
-19
32
-47
26
-13
33
-67
90
-51
-10
71
-180
127
-55
219
-189
-5
50
-22
-38
2
44
-11
-16
14
-5
-5
5
-2
0
-1
4
-5
-4
15
-16
-11
44
4
-35
-22
50
-5
-188
221
-54
128
-180
70
-10
-51
91
-67
34
-13
25
-47
32
-18
67
-86
-157
334
-44
-173
90
-62
40
-8
-27
-44
228
-79
-154
143
-56
-197
281
-65
164
-277
-62
267
-114
-198
621
-599
203
-9
-10
-1
10
0
-9
-9
-1
-20
96
-177
106
221
-396
231
-371
279
113
126
-324
6
45
-2
1
-16
130
-198
270
-175
-26
86
-68
18
-68
36
85
-31
-64
76
-53
-24
52
-26
7
26
-30
-80
152
-87
37
-15
-138
283
-38
-82
-164
218
-138
23
30
25
-45
23
-7
-10
7
4
-4
-3
2
-2
-3
5
7
-9
-7
24
-44
26
34
25
-139
219
-162
-81
-37
283
-137
-15
37
-87
153
-80
-30
26
8
-25
53
-23
-53
76
-64
-30
87
36
-67
19
-66
88
-25
-174
271
-195
132
-14
3
-1
46
10
-321
128
116
282
-368
233
-393
224
111
-174
99
-13
4
-1
-43
27
6
-64
-7
158
-202
130
-189
264
-45
-294
283
-61
35
-83
50
-40
4
-191
322
-362
371
-108
-61
3
-19
81
15
-190
184
-6
-148
118
-29
-28
81
-72
26
1
11
20
50
-81
-136
107
90
-5
-120
66
-45
-10
49
30
-7
-59
22
5
10
-9
-1
-1
2
-4
1
-4
4
-1
0
-10
10
7
23
-59
-5
32
49
-10
-44
68
-119
-6
90
107
-135
-80
51
19
11
1
26
-72
81
-28
-28
120
-148
-6
186
-190
16
82
-17
5
-60
-106
373
-362
323
-191
5
-38
51
-80
37
-57
285
-290
-43
267
-186
133
-198
162
-4
-56
10
34
-68
81
-82
19
32
-149
280
-297
57
359
-703
501
55
-391
525
-498
-8
466
-330
257
-414
204
174
-202
72
-98
47
46
19
-43
-121
164
-48
-60
68
-52
44
5
-24
-3
32
26
-90
67
25
-201
347
-334
142
76
-152
42
42
70
-108
41
-35
16
-5
9
-10
6
-5
4
-3
4
-4
6
-9
11
-4
17
-34
41
-105
70
42
43
-152
77
143
-332
347
-201
24
67
-89
24
32
-2
-24
5
44
-52
70
-59
-48
166
-120
-41
19
48
47
-95
74
-201
175
206
-413
259
-328
469
-7
-493
527
-387
58
503
-699
362
59
-292
282
-146
35
25
-77
88
-58
82
-137
149
-183
48
204
-696
1323
-1119
284
92
-365
799
-571
-71
124
-11
71
42
160
-520
241
-4
27
44
-33
10
-45
82
-177
207
-117
12
59
-139
171
-117
63
-43
64
-103
111
-113
29
157
-220
113
37
-202
220
-99
52
-53
8
50
-57
25
-11
5
0
-5
3
-4
1
-3
4
-4
-1
4
-9
25
-58
52
9
-51
53
-99
221
-201
38
113
-220
156
30
-113
111
-102
64
-45
65
-116
171
-137
58
15
-117
210
-176
83
-45
12
-32
45
28
-3
243
-519
162
44
72
-11
125
-69
-569
801
-361
94
286
-1115
1323
-692
206
52
-181
156
-133
91
-50
83
-167
197
-262
278
-334
40
892
-1197
813
-866
799
-270
-312
687
-770
660
-542
466
-482
374
-137
62
-122
169
-147
75
-30
-23
-26
26
176
-258
180
-100
-5
83
-110
99
-91
33
137
-199
206
-155
-82
146
-132
200
-73
-40
9
1
-33
40
-37
45
-38
21
-1
-15
21
-29
31
-29
23
-16
1
19
-37
46
-38
45
-34
2
8
-40
-71
200
-131
147
-83
-155
205
-196
136
33
-91
98
-110
84
-4
-98
180
-257
176
27
-24
-24
-29
77
-146
169
-121
62
-134
376
-482
468
-541
660
-769
689
-309
-266
801
-861
814
-1191
892
43
-330
283
-258
204
-162
91
-54
90
-175
189
-292
528
-767
810
-610
394
-140
-246
372
-868
1665
-1363
554
-444
523
-525
340
103
-259
73
89
-138
143
-184
176
-172
220
-164
51
-2
-68
108
-110
98
-44
-18
99
-205
329
-373
257
-234
262
-105
-121
268
-315
255
-109
26
-41
0
38
-17
-4
18
-31
32
-31
29
-30
29
-30
32
-30
18
-2
-17
39
0
-40
27
-109
257
-316
271
-120
-105
263
-234
258
-372
326
-204
99
-18
-44
97
-109
109
-65
-3
51
-162
220
-170
179
-183
144
-137
90
75
-258
104
341
-522
524
-441
555
-1361
1667
-864
375
-243
-138
396
-608
812
-762
532
-287
195
-169
97
-51
91
-153
100
-23
56
-179
493
-1143
1288
-844
681
-901
1422
-2034
1579
-587
137
-48
339
-609
429
-64
-161
169
-166
186
-201
212
-170
-2
127
-92
67
-85
57
-34
33
-31
34
-33
21
-71
122
-94
112
-1
-224
205
-99
71
-29
14
-51
84
-95
69
-55
47
-24
6
-5
3
-5
7
-4
5
-5
7
-22
47
-54
71
-97
88
-51
17
-28
74
-99
206
-222
-1
114
-94
121
-71
20
-32
34
-31
32
-34
58
-85
69
-92
128
-1
-169
212
-198
187
-165
171
-160
-62
430
-609
341
-46
138
-586
1582
-2030
1424
-897
683
-839
1289
-1139
497
-174
59
-20
108
-149
101
-56
95
-142
24
203
-438
704
-881
651
-560
734
-825
1154
-1435
955
-311
187
-203
91
-282
852
-877
184
236
-373
519
-624
682
-776
833
-722
658
-673
536
-418
393
-330
263
-221
181
-118
28
90
-165
174
-168
152
-253
336
-252
191
-110
43
-63
11
52
-79
107
-122
103
-74
55
-44
35
-33
35
-43
56
-74
102
-121
107
-79
54
11
-61
43
-108
191
-251
337
-253
153
-169
176
-167
89
29
-118
180
-220
264
-329
393
-417
536
-673
659
-721
836
-775
684
-623
521
-372
237
187
-878
854
-280
92
-202
188
-308
959
-1433
1157
-820
736
-557
652
-877
707
-431
206
30
-136
101
-44
66
-99
0
155
-387
586
-734
893
-596
-174
695
-1289
2064
-2275
1531
-699
223
468
-981
1045
-695
0
356
-434
461
-490
445
-248
72
33
-128
262
-345
329
-306
254
-159
66
4
-34
14
80
-219
307
-335
306
-247
171
-60
-39
139
-281
352
-334
257
-123
-22
88
-75
46
-22
-7
25
-31
26
-7
-21
45
-74
87
-22
-123
260
-333
350
-279
138
-37
-59
172
-245
306
-335
308
-221
81
16
-35
3
67
-158
254
-303
329
-343
262
-126
33
73
-248
446
-490
462
-433
358
0
-693
1047
-980
469
224
-698
1533
-2271
2067
-1284
700
-171
-591
894
-730
589
-382
157
8
-95
75
-19
15
-11
-2
-206
604
-1111
1479
-1457
999
-111
-699
1237
-1899
2246
-1599
587
-383
781
-833
735
-588
-71
358
-280
125
281
-634
903
-1048
861
-408
-12
198
-195
154
-71
-69
149
-106
36
-19
97
-310
389
-295
215
-67
-164
398
-429
215
36
-231
286
-187
28
76
-90
50
-6
-18
2
15
-25
16
3
-17
-4
54
-89
77
30
-188
287
-231
35
217
-430
399
-163
-68
217
-296
391
-310
95
-19
36
-103
148
-68
-69
153
-192
197
-12
-408
864
-1048
906
-635
283
126
-279
361
-69
-587
737
-834
782
-381
588
-1595
2248
-1897
1239
-694
-108
1000
-1454
1481
-1107
607
-202
4
-7
21
13
-49
76
19
-234
377
-302
-268
907
-885
102
641
-766
282
232
-401
381
-379
687
-958
1184
-1204
538
-220
404
-459
338
77
-633
858
-549
-52
609
-663
141
272
-251
47
71
-40
6
-59
112
-126
65
207
-434
347
20
-403
360
-22
-227
248
-9
-231
206
-23
-108
81
8
-48
25
10
-29
12
25
-45
8
82
-106
-22
206
-229
-8
248
-226
-22
361
-403
21
347
-432
206
67
-129
113
-59
7
-39
72
48
-251
272
143
-662
609
-49
-549
859
-632
78
339
-459
407
-220
540
-1203
1185
-957
689
-378
382
-397
235
284
-762
644
104
-880
907
-264
-298
382
-230
27
81
-40
44
-105
111
-55
320
-1044
1389
-645
-458
393
384
-185
-923
1931
-2071
719
512
-487
733
-1140
760
-413
374
-268
-112
430
18
-715
497
365
-609
-77
673
-320
-282
209
100
-89
-48
-24
121
-28
7
-152
247
-89
-243
314
55
-270
-13
264
-106
-145
89
74
-57
-78
128
-39
-31
0
15
20
-44
20
16
1
-31
-35
128
-76
-56
74
89
-142
-104
265
-12
-271
56
315
-243
-90
248
-153
9
-29
121
-24
-47
-89
100
211
-282
-320
673
-77
-608
367
499
-713
18
431
-111
-266
376
-412
761
-1139
735
-488
513
721
-2067
1934
-920
-182
386
396
-457
-641
1392
-1039
322
-47
114
-97
65
-111
64
-91
204
131
-694
589
55
-244
-57
-320
882
-314
-602
489
99
-365
623
-1025
782
115
-539
332
-138
-109
140
279
-324
-208
192
351
-323
22
-173
257
76
-187
-57
119
-18
4
106
-248
54
223
-106
-107
11
41
75
9
-147
37
88
-15
-49
-33
42
13
5
-20
-11
-1
22
2
-10
-20
5
13
43
-33
-48
-12
88
40
-147
10
77
42
12
-106
-104
223
56
-247
104
5
-18
118
-56
-187
77
257
-172
24
-323
353
194
-208
-322
281
140
-108
-137
334
-538
117
784
-1024
624
-364
100
494
-598
-311
885
-315
-54
-241
57
593
-691
134
208
-83
68
-102
84
-66
-16
48
-438
1299
-1305
341
-85
71
-167
537
310
-1287
528
269
27
-412
333
661
-1554
1045
-241
1
-100
208
74
-86
-481
476
-275
401
-181
-27
15
-113
-88
235
45
-117
-7
57
-44
-114
63
180
-86
-81
49
-5
-120
115
110
-102
-48
63
-83
33
57
-15
-27
-6
-2
5
5
7
-1
-6
-24
-15
58
35
-82
65
-48
-102
110
117
-121
-4
50
-80
-86
180
61
-111
-45
57
-7
-116
44
238
-88
-112
16
-25
-181
403
-274
478
-481
-85
77
209
-99
3
-240
1048
-1555
664
334
-411
28
271
532
-1283
313
538
-164
74
-83
344
-1300
1300
-433
56
-11
-58
87
-23
-47
140
-322
-275
771
-307
91
1
-197
408
-180
-788
619
139
-104
-107
56
332
-412
61
105
-79
19
38
-36
-225
198
158
-286
166
68
-178
216
-34
-139
-87
70
92
-29
-47
20
54
-7
81
-186
70
40
-12
-42
-70
92
40
-76
2
47
9
-18
-37
13
2
-2
3
1
4
-2
1
15
-35
-19
11
48
2
-74
40
93
-67
-42
-11
41
71
-185
80
-7
53
21
-48
-30
92
70
-86
-137
-33
217
-177
68
165
-286
160
199
-223
-35
39
20
-78
106
63
-412
334
57
-106
-103
143
623
-784
-177
411
-193
4
92
-303
775
-271
-319
146
-43
-14
33
-53
-26
86
258
-579
251
68
-84
94
249
-604
-49
270
132
96
-212
67
12
-354
279
238
-229
47
-72
47
-184
106
193
-24
-154
4
58
-43
-40
45
41
10
-14
-28
-13
-3
37
10
-41
24
-4
-35
41
-23
34
26
-74
2
8
18
0
-9
-4
0
-7
6
-2
-1
0
-1
-1
8
-7
-1
-3
-7
1
19
8
4
-74
27
35
-23
42
-35
-2
23
-39
12
35
-3
-13
-28
-13
11
42
46
-39
-42
58
5
-154
-23
195
109
-183
48
-71
50
-228
239
280
-353
13
70
-211
100
135
274
-46
-601
253
96
-83
72
253
-573
260
93
-22
-46
-20
-30
79
-19
-134
100
49
-116
128
-105
26
-62
95
-138
95
70
-94
-5
49
31
-99
-68
190
-130
69
-50
42
-33
1
30
-48
18
30
-61
32
22
-24
3
0
-2
7
-13
20
-11
2
-14
15
1
-5
-1
-1
9
-23
17
-6
-3
5
-5
1
1
-3
0
0
-1
1
-1
1
0
-2
0
2
-5
5
-2
-5
17
-22
10
0
1
-4
2
15
-14
3
-12
19
-13
7
-1
1
3
-23
22
32
-58
30
18
-48
31
3
-33
43
-50
70
-129
192
-66
-98
32
50
-5
-93
72
97
-135
97
-59
28
-103
130
-112
52
105
-130
-11
82
-22
-7
-15
36
-25
-19
7
-24
8
-69
100
-39
6
13
-44
26
38
-29
-91
80
-15
70
-103
22
19
-13
30
-46
-4
6
75
-85
9
14
-1
-8
5
1
0
-1
8
-3
-3
4
1
1
-14
17
-5
-1
-1
1
0
-1
-4
-3
1
2
-3
-4
2
-2
0
-1
0
-1
0
-1
0
-1
2
-3
-1
3
1
-2
-2
0
3
1
0
0
-7
17
-14
2
-1
4
-2
-4
9
-1
0
2
6
-9
0
14
10
-84
75
7
-2
-46
31
-12
21
24
-101
71
-15
82
-90
-28
41
29
-40
16
10
-37
103
-66
12
-21
11
-15
-19
41
-7
-12
-7
1
-22
3
14
-14
34
-37
32
-77
97
-147
167
-103
-13
35
12
-53
-15
120
-112
-6
40
-6
12
-19
-22
44
-22
9
-36
57
-31
-2
1
3
-4
3
-7
5
0
-4
8
15
-40
15
13
-6
-8
3
5
-10
7
-6
-1
-1
0
-3
0
-2
0
0
-1
-1
0
0
0
-1
2
-2
1
0
0
-3
8
-8
7
4
-8
-5
12
16
-40
16
8
-4
0
5
-6
3
-4
4
3
0
-31
57
-35
10
-21
46
-19
-18
12
-5
41
-5
-110
121
-14
-53
13
36
-9
-101
169
-144
100
-74
35
-35
39
-11
19
6
-15
6
1
-16
20
-54
32
31
-59
-1
-50
78
-54
43
-36
83
-98
36
-81
124
-92
31
73
-84
-4
16
-10
-21
42
29
-56
14
-24
51
-42
-9
12
9
-8
6
-5
2
2
-4
8
-4
-7
17
-12
-2
0
5
-3
0
1
-4
4
-1
0
-3
1
-2
-1
0
-2
-1
-1
0
0
0
-1
2
-1
-1
0
-3
2
0
5
-3
1
0
-3
6
1
-3
-12
17
-7
-4
8
-4
2
2
-6
7
-6
9
13
-9
-40
52
-23
16
-56
30
42
-20
-9
16
-1
-83
75
32
-91
125
-79
39
-95
86
-32
46
-51
79
-45
1
-53
35
40
-48
29
-19
19
-40
20
7
-107
86
59
-53
1
-5
-144
347
-380
166
-24
43
-34
2
16
-24
-19
21
-4
-10
9
20
25
-101
82
-49
49
-46
14
10
-14
12
-4
-1
0
0
-1
6
-3
5
-8
-2
4
3
-5
1
-3
5
-7
-1
0
0
-1
0
-2
-2
0
-1
-2
0
0
0
0
-1
0
1
-1
1
2
0
-6
6
-1
2
-4
4
4
-1
-8
6
-3
6
0
0
1
0
-3
13
-13
10
14
-46
49
-48
84
-100
26
22
10
-9
-4
22
-17
-23
18
4
-32
44
-22
170
-376
349
-141
-2
3
-52
63
89
-103
10
26
-35
28
-20
15
-16
-27
3
66
-31
-97
94
-57
29
31
-79
66
-46
-8
-5
61
-68
22
31
-53
71
-56
22
-27
-20
68
-47
45
-93
93
-37
-6
12
-8
5
-4
1
1
-3
3
-2
5
2
-18
21
0
-16
9
-4
3
-1
4
-6
0
0
-1
-3
0
-2
1
-1
-1
-1
0
0
1
-1
1
-2
1
1
1
-4
5
-1
4
-4
10
-15
0
21
-17
2
4
-3
4
-3
1
1
-4
5
-7
11
-5
-37
95
-92
45
-46
69
-19
-27
23
-56
72
-51
32
23
-68
62
-4
-3
-43
69
-76
35
32
-52
96
-94
-27
69
7
-20
-13
22
1
-2
-6
-9
-3
3
0
-9
-10
2
10
4
-11
-12
3
10
0
-13
-13
-1
8
7
4
-1
-4
-7
-4
-1
2
4
4
1
-5
-7
-1
4
2
-3
-3
0
2
0
0
1
0
-1
0
2
0
-3
-2
0
1
-2
-3
0
1
-2
-3
-1
1
-1
-3
0
2
0
-2
0
2
1
-2
-1
2
1
-2
-1
2
1
-1
-2
1
3
0
-2
1
1
1
0
2
1
-3
-3
3
5
0
-6
-5
1
5
6
3
0
-4
-5
-3
0
4
8
8
-1
-12
-12
1
12
5
-9
-9
7
14
4
-8
-6
2
6
1
-3
-2
3
