-9
-1
-10
-6
-5
-1
-9
25
-29
4
-9
9
0
-42
16
38
-55
36
-17
21
-21
14
-33
36
-26
5
21
-32
9
20
-38
29
-28
25
2
-22
8
0
4
-1
-3
1
2
3
-4
2
0
-1
0
-1
-1
-1
-1
0
-1
-1
-1
0
-2
0
-1
-1
-1
-1
0
0
0
-1
0
1
-2
1
0
0
0
3
-1
-1
0
0
1
-1
0
3
-4
4
0
2
-3
-1
5
1
9
-20
2
26
-28
29
-36
21
10
-32
23
6
-25
36
-31
15
-21
21
-17
37
-54
42
17
-39
4
11
-6
6
-27
29
-6
1
-2
2
-5
8
-12
-9
3
-5
-3
-24
30
-13
-2
-20
29
-19
-16
46
-50
10
-3
2
-5
1
16
-43
39
-28
22
-10
8
-16
8
0
-10
18
-23
27
-21
-2
11
-10
9
-4
1
4
-8
5
-1
2
-2
2
-3
2
-3
1
-2
0
3
-3
-3
0
0
-2
-1
0
0
0
0
0
0
0
0
-1
2
1
-2
-2
3
1
-2
1
-3
2
-2
3
-2
2
-1
4
-7
3
2
-4
9
-10
12
-1
-20
28
-23
18
-8
1
9
-14
9
-10
23
-27
40
-41
17
4
-5
4
-2
12
-47
50
-12
-16
31
-16
0
-10
34
-20
1
2
8
-1
-8
-5
-4
-3
-8
-1
8
-37
24
-2
-7
-3
5
-18
4
-12
35
-31
-1
5
-7
18
-27
16
-11
7
-5
6
-8
-1
5
-9
11
-13
-1
11
3
-8
4
-5
4
0
1
-2
2
-2
1
-2
1
-1
-3
2
-5
1
1
-3
0
0
-1
-2
2
-2
0
-1
0
0
1
-2
2
0
-1
0
0
-1
3
2
-4
2
-2
-1
2
-2
1
-1
3
-3
2
-1
4
-5
4
-8
3
11
0
-13
11
-8
5
0
-8
6
-4
8
-9
17
-25
20
-6
7
0
-30
36
-9
7
-14
8
0
-3
1
26
-31
12
4
-5
6
1
4
-18
8
2
-33
-45
33
87
-5
-131
-37
332
-206
-58
-437
760
-402
211
-184
87
-38
-17
137
-198
84
38
-5
5
-102
172
-294
200
-81
187
-50
-11
-253
221
-19
2
-21
-24
70
-76
82
-55
10
-3
4
12
-14
-1
-6
8
-1
-3
-1
-5
4
1
-1
-2
-2
0
-1
-1
0
1
0
-1
1
1
3
-3
0
-3
0
9
-3
0
-14
13
4
-3
9
-55
83
-77
69
-24
-21
3
-19
222
-253
-10
-49
187
-80
202
-293
173
-102
5
-4
39
85
-196
138
-16
-36
88
-183
212
-399
763
-435
-54
-203
336
-35
-129
-2
91
38
-42
-27
6
15
-5
-21
29
-47
44
-20
21
-180
252
-98
-210
322
-251
446
-545
292
-153
130
-77
-36
123
-186
157
-64
76
-76
18
-63
155
-157
54
-104
142
3
125
-292
105
5
35
-33
-9
31
33
-20
-52
28
10
-10
-4
3
4
-7
4
-2
1
-3
-1
-1
0
-2
-1
-1
-1
0
-1
0
0
0
0
0
0
0
0
-2
3
-2
4
-7
6
4
-3
-9
10
30
-51
-21
34
31
-9
-33
36
6
105
-290
125
3
142
-102
53
-156
156
-62
19
-75
77
-62
159
-184
125
-34
-76
130
-152
295
-542
448
-247
323
-207
-96
253
-176
25
-18
48
-41
34
-12
-20
12
-4
-31
-4
44
-124
202
-130
-51
127
-64
5
-90
10
197
-290
205
-133
225
-121
-87
-22
90
16
-132
55
121
-11
34
-204
-29
48
254
-195
60
-66
5
38
-7
-17
18
-18
11
-4
7
-13
14
-5
-1
1
-6
5
-7
3
-2
-2
0
-1
-1
-1
0
0
-1
0
-1
0
0
0
0
1
1
-1
0
4
-4
6
-6
1
1
-4
15
-14
7
-2
12
-17
18
-16
-7
37
4
-65
60
-194
255
48
-29
-202
35
-11
122
57
-131
17
92
-20
-85
-120
226
-133
207
-289
200
14
-86
7
-61
130
-48
-129
205
-119
49
-2
-23
1
20
3
-22
29
-55
51
-20
37
-182
179
-8
-160
137
-227
577
-512
243
-220
102
15
-67
62
-74
111
-120
115
-74
91
-86
0
-16
33
56
-134
-41
166
-34
16
-34
-26
32
22
-42
-42
45
14
10
-9
-11
-2
3
4
-9
4
-1
3
-3
-1
0
-1
-1
0
-1
-1
-1
0
-1
0
0
0
0
0
1
-1
0
2
0
5
-9
5
3
-1
-9
-9
8
14
46
-42
-41
23
32
-25
-34
16
-32
167
-40
-134
57
34
-16
1
-84
92
-74
116
-119
113
-71
62
-65
16
105
-219
247
-509
580
-223
142
-157
-5
180
-179
40
-17
54
-47
33
-14
-14
1
25
-34
-53
-45
141
4
-127
71
5
35
-36
-210
282
-127
84
-95
104
-147
82
-99
178
-70
12
-10
-87
15
-20
156
-39
8
-159
99
-64
144
-118
69
-48
-1
41
-69
110
-90
29
-17
17
-15
16
-11
2
0
-3
2
-2
2
-2
0
0
0
0
-1
-1
0
0
-1
0
-1
1
1
-1
1
0
2
-1
3
-3
2
3
-9
17
-14
17
-18
30
-89
110
-67
42
-2
-48
68
-117
144
-62
99
-159
8
-38
157
-19
15
-86
-9
13
-67
179
-99
82
-146
105
-94
85
-125
285
-207
-33
38
7
74
-125
8
145
-42
-51
-27
30
10
-16
-5
19
-77
88
-59
22
-29
21
-41
142
-186
99
-109
87
39
-48
14
-35
24
-86
157
-129
92
-93
87
-76
45
-42
72
-97
103
-5
-138
71
37
-16
11
-32
19
-8
6
-8
5
8
-7
1
0
-2
0
-1
-2
-1
0
-2
-1
0
-2
0
0
-2
-1
-1
-1
-1
0
0
0
-1
2
-1
1
1
1
-1
1
0
-1
1
1
-1
0
1
-6
7
5
-8
7
-8
21
-32
12
-14
38
71
-136
-5
105
-94
72
-41
46
-76
89
-93
94
-128
160
-85
26
-35
16
-47
41
89
-106
102
-184
145
-38
23
-27
26
-55
91
-70
23
4
-8
-20
19
-16
9
6
-45
28
2
-32
41
-19
-35
58
-42
-28
39
-14
27
-38
6
-2
-9
7
47
-52
4
-8
13
-20
23
-13
3
-22
51
-36
12
-11
1
-1
5
5
-5
0
3
2
-3
-1
1
0
-1
0
-4
1
2
-6
3
-3
1
0
-2
1
-1
-1
0
0
0
1
-2
1
1
-1
4
-5
4
2
-4
1
0
1
2
-1
-3
2
4
0
-5
5
6
0
1
-10
12
-35
51
-23
3
-12
24
-19
14
-7
6
-52
48
8
-7
0
7
-36
28
-12
40
-23
-40
62
-33
-16
44
-29
3
33
-41
9
12
-9
24
-13
-16
2
-9
-2
-4
-1
-11
27
-23
-13
3
40
-49
-45
76
-17
-16
14
-15
6
-12
30
-37
1
23
-18
22
-30
12
-10
8
-1
-8
3
22
-29
8
2
0
4
-12
10
-2
1
-8
1
4
-1
-1
3
-4
0
1
-3
-2
1
-1
0
-2
0
-2
-1
0
0
-1
1
0
0
0
1
0
1
1
2
-2
0
3
1
-4
3
0
-1
4
1
-7
3
-1
12
-12
6
0
2
8
-28
23
3
-8
-1
9
-10
13
-29
22
-17
23
4
-36
30
-10
7
-14
14
-15
-14
80
-42
-46
43
6
-10
-21
30
-8
1
-2
4
-6
11
-3
-14
1
-2
-9
-8
15
-21
14
-18
17
-13
-9
27
-37
0
38
-43
21
-22
21
-19
26
-31
8
17
-13
-13
10
8
-19
9
-9
15
-14
4
0
1
1
-5
5
3
-4
3
-4
5
-3
-1
-1
2
-4
1
0
-3
1
2
-2
-2
2
-2
0
1
-2
0
0
1
-2
0
0
-1
2
-3
-1
1
2
-2
1
1
-2
3
0
0
-2
7
-3
3
-4
2
5
-6
1
2
0
5
-15
17
-9
10
-18
8
12
-11
-14
17
10
-29
27
-19
22
-20
22
-43
39
3
-34
31
-6
-11
19
-14
15
-18
19
-5
-5
6
6
-6
-17
1
-6
-8
1
-16
25
-24
-5
13
-20
18
-3
-41
47
-23
16
-15
-9
9
1
-14
7
1
6
2
-21
7
1
-2
8
-16
-7
25
-9
-12
10
5
-6
2
-5
11
-12
6
2
1
-2
0
1
-4
1
-1
1
-7
3
-1
-1
0
-1
2
-2
-2
0
0
1
-1
1
0
-1
2
-1
1
-1
0
5
-5
2
0
2
-2
2
1
-1
2
3
7
-13
10
-5
1
-6
5
10
-10
-8
26
-7
-15
10
-2
1
8
-20
4
7
2
9
-14
2
11
-7
-13
17
-21
50
-38
0
21
-18
15
-3
-19
28
-12
4
-1
-1
10
-5
-10
-1
-8
1
-4
-9
22
-38
13
-4
-2
-2
-1
-1
7
-29
17
-3
-7
4
-7
17
-15
0
-3
8
-4
-13
7
-1
-1
3
-10
23
-25
9
0
-2
1
-1
-2
4
-3
4
-3
2
-1
0
-2
1
0
-2
-1
2
-5
0
2
-2
1
1
0
0
-1
0
0
0
-1
1
0
-1
2
0
-3
4
-1
-1
1
1
-1
0
-1
2
-2
4
-2
5
-2
-1
1
-1
2
10
-24
22
-10
3
0
0
8
-12
-3
9
-1
2
-14
19
-6
5
-6
0
19
-28
9
3
2
2
2
-1
16
-36
27
-6
-1
4
-1
4
-1
-10
-2
-8
-7
1
5
-11
-7
-3
-2
14
-21
4
13
-23
-1
-10
13
-2
5
-11
-7
8
29
-65
42
-10
-15
22
-6
0
-8
5
3
-10
11
-2
-6
2
5
3
-8
7
-2
0
1
1
0
-2
3
-5
1
-2
1
0
-3
-1
2
-3
1
-1
-1
-1
0
0
0
0
-1
0
2
-2
2
0
-2
1
2
-1
2
-4
4
-1
0
0
1
1
-3
7
-8
3
5
2
-7
-1
12
-9
5
5
-8
1
-7
22
-14
-10
43
-64
33
9
-4
-11
5
-1
14
-9
4
-21
15
7
-19
18
1
-1
-4
-7
8
3
0
-4
7
-4
-8
-5
-4
-9
2
2
-18
16
-14
-17
26
-19
20
-27
5
4
-9
-1
-4
4
0
-11
8
23
-39
19
-2
-12
3
4
-9
9
-5
2
4
-6
4
1
-2
4
-5
-4
6
-1
1
-1
0
2
-5
2
-2
0
-2
1
-5
1
-1
0
-1
-2
0
-1
0
0
0
0
0
-1
0
0
-1
2
-3
1
0
0
-1
2
-4
3
0
0
1
0
7
-3
-5
5
-2
1
4
-6
4
2
-6
9
-8
6
3
-10
-1
20
-38
24
9
-9
1
4
-2
0
-8
5
8
-24
23
-16
29
-14
-12
19
-15
6
7
-6
4
1
2
-8
-5
-4
-5
-4
-1
0
-29
28
-11
11
-17
7
-39
42
-13
-6
0
3
-7
-1
-3
1
11
-19
0
17
-25
18
-15
12
-7
4
-6
6
-1
0
-6
7
-2
4
-4
4
1
-1
1
-1
2
-4
-2
1
-1
0
-2
1
-1
-1
-1
0
-3
0
-1
-1
1
0
0
0
-1
2
-1
1
0
0
0
0
0
0
0
1
0
-3
2
0
1
-1
0
4
-3
4
-3
6
-5
1
1
5
-6
4
-8
12
-15
19
-24
18
4
-18
12
2
-1
0
-4
5
1
-5
-10
44
-36
10
-13
14
-9
29
-24
3
2
-1
1
1
2
-10
-2
-5
-7
-1
-7
-7
21
-25
1
-5
1
-13
39
-42
10
-13
11
-2
-1
-3
0
-6
-4
12
-17
12
-4
2
-4
-2
0
-3
3
1
-9
4
1
4
-1
0
1
-2
-1
2
0
-2
3
-3
0
-3
1
-1
-1
-1
1
-3
-1
0
-1
0
-1
-1
0
0
0
-1
0
0
-1
0
1
-2
2
1
1
-1
3
-1
1
-2
3
-1
0
2
1
-2
1
-1
-1
5
1
5
-9
0
4
-3
0
0
-4
3
-4
13
-16
13
-1
-4
1
-2
1
0
13
-12
13
-39
42
-10
3
-3
6
-24
26
-4
-3
2
0
0
4
-11
-4
-3
-5
-5
-5
5
-12
1
2
-8
2
-2
-5
-3
6
-11
4
-4
5
-3
3
-6
7
-13
2
4
-2
1
-7
7
-3
2
-7
10
-8
0
1
1
-2
4
-1
1
1
1
-3
3
1
-4
1
-1
-1
-3
3
-3
0
1
-2
1
-2
1
-2
0
-2
0
-1
0
-1
1
-2
1
-2
2
1
-2
4
-1
0
-1
1
-3
2
3
-3
2
1
0
-3
4
-1
1
1
1
-6
10
-6
2
-3
7
-6
2
-2
5
4
-11
8
-6
4
-3
5
-2
4
-10
8
0
-1
1
5
-6
4
2
-9
9
-2
-2
3
1
4
-8
-6
0
-12
3
-1
-12
5
-7
0
8
-19
5
-5
7
-14
7
-4
3
-18
14
2
-20
24
-9
-10
10
-12
9
-5
3
-3
-10
17
-20
11
-5
3
0
4
-10
10
-11
11
-6
4
-1
-3
2
-3
-4
6
-3
-1
-2
2
-3
0
0
-2
0
-1
-1
-2
0
-1
-1
-1
0
0
1
0
-2
3
-1
1
-3
6
-3
-3
3
-3
-1
5
-5
10
-11
10
-9
3
0
4
-5
13
-20
18
-10
-3
4
-5
11
-12
11
-9
-7
26
-19
4
14
-18
4
-3
7
-11
11
-1
7
-15
11
2
-5
10
-8
3
7
-6
4
1
-17
13
-36
2
19
-8
-18
3
1
-7
3
-5
6
-8
-7
-11
-3
29
-18
-2
0
3
-3
-13
19
-12
1
1
-1
-4
4
-5
1
-7
13
-15
5
2
2
-3
-1
3
-1
2
0
-4
3
0
-1
-1
-5
4
2
-3
-2
0
1
-3
-3
0
2
-2
-1
-1
-1
0
-1
-1
1
3
-2
-2
2
1
-1
-1
2
4
-5
0
0
0
4
-5
0
2
0
3
-1
-3
3
3
4
-13
14
-6
1
-4
4
-3
0
2
2
-10
20
-10
-1
5
1
0
-17
29
-2
-9
-4
-4
10
-2
4
-5
3
6
-14
-3
22
11
-31
22
5
-24
-2
-2
19
-8
-13
-7
3
1
-4
3
-19
10
-21
32
-35
2
41
-55
48
-22
3
-9
-7
16
-21
27
-42
40
-13
-28
46
-29
15
-19
15
-3
1
-3
-6
19
-19
7
0
-2
2
-3
0
1
-1
0
0
0
-3
2
-3
2
-2
0
-1
-2
0
-1
-1
0
0
-1
0
-1
-2
3
-2
3
-2
2
0
0
0
1
1
-1
4
-1
0
8
-19
20
-6
-3
2
-2
16
-19
16
-29
46
-28
-12
41
-41
28
-20
16
-6
-8
4
-21
49
-54
40
5
-34
35
-19
13
-16
5
-1
4
5
-2
-10
-3
22
5
2
-17
-21
19
-68
32
74
-94
24
0
-13
5
1
-16
5
1
-5
-11
-13
43
-28
-78
159
-101
7
6
-20
67
-81
21
45
-45
-20
42
17
-73
50
0
-10
-4
-4
18
-1
-26
31
-13
0
1
1
2
-5
4
-4
1
-3
2
-2
-2
0
-3
2
-2
0
-1
-1
1
-1
-1
0
0
1
-2
2
-1
1
-1
0
2
-2
1
-4
3
-4
1
0
2
0
-14
30
-26
0
17
-5
-5
-9
1
50
-72
17
43
-19
-45
46
23
-80
67
-17
7
9
-99
161
-76
-27
45
-12
-8
-2
3
8
-12
5
9
-12
4
27
-89
77
39
-63
27
15
-31
-26
75
-77
45
-27
3
-4
-3
3
-6
1
-9
3
-1
-20
21
7
-80
87
-34
40
-38
26
-54
29
-24
53
-33
-26
57
-30
-27
18
28
-22
-3
21
-20
-7
17
1
-15
8
8
-6
0
1
-2
-1
-1
2
-2
0
-1
0
-1
-1
-2
0
-1
-1
0
0
1
0
0
0
1
0
0
1
-2
1
0
3
0
0
-1
2
1
-5
7
9
-14
1
19
-7
-20
21
-3
-22
28
18
-26
-30
58
-25
-33
54
-23
30
-54
27
-36
42
-32
88
-79
9
23
-19
4
7
-6
3
-2
6
-1
-2
7
-24
51
-75
82
-22
-22
-22
9
14
-1
-90
48
4
-12
15
-9
-10
4
5
-14
-9
9
6
-14
3
5
-3
-53
82
-31
-14
66
-139
108
-57
27
14
-77
126
-139
124
-89
36
3
-14
28
-45
50
-39
24
-12
0
5
-7
3
-4
2
-1
-1
-1
0
-1
1
-4
1
0
0
-1
1
-1
0
0
1
-2
1
0
1
-1
1
0
1
0
-1
0
4
-4
4
-7
6
2
-11
24
-38
51
-44
28
-14
3
37
-89
124
-140
126
-76
15
28
-56
110
-138
67
-13
-30
84
-50
-2
6
3
-12
7
11
-7
-10
9
6
-7
-6
17
-9
7
49
-87
7
19
19
-10
-13
35
-14
-79
68
-27
0
0
-5
8
-14
3
-5
-6
5
-9
6
-10
25
3
-118
126
-30
-4
10
25
-60
4
-3
-2
24
4
-14
-8
4
21
-17
19
-30
18
-22
14
5
8
-8
1
-4
-5
4
0
-1
0
-2
2
-3
-1
0
-2
-1
-2
0
-1
-2
0
0
-1
1
0
-2
-1
1
0
-2
3
-2
0
0
1
5
-4
-2
2
-8
8
4
13
-22
19
-29
18
-18
23
6
-8
-13
4
25
-2
-4
5
-60
28
12
-3
-28
128
-117
4
25
-8
7
-8
7
-2
-2
6
-11
11
-2
1
3
-23
72
-76
-5
41
-5
5
-20
-35
99
-96
14
14
-3
-9
4
-2
-11
-1
7
-12
3
-11
5
4
-23
-11
126
-147
38
2
-4
37
-68
32
21
-50
42
-9
-46
67
-22
-18
21
-17
7
4
-8
15
-3
-11
8
-1
-2
1
-2
-3
0
0
3
-6
3
-2
-2
0
-1
0
-1
-1
0
0
0
0
0
0
-1
0
-1
-1
5
-4
3
1
0
-2
-1
2
-3
0
8
-10
-2
14
-8
5
7
-17
20
-18
-21
69
-45
-9
44
-49
22
33
-67
37
-3
3
40
-146
127
-10
-22
6
7
-10
6
-9
10
2
-8
0
8
-7
-1
17
18
-93
105
-30
-11
-26
12
-4
22
-78
35
-4
0
-3
-4
-5
5
2
-11
-3
12
-13
-11
27
1
13
-121
91
12
9
-62
23
10
52
-87
9
48
-66
108
-114
60
-26
13
0
-5
-3
14
-15
8
5
-13
10
-4
-5
8
-8
0
5
-4
0
1
-4
2
-1
0
-1
-2
-1
0
0
0
1
0
-1
0
-1
2
-3
2
1
-2
5
0
-7
9
-4
-4
11
-12
5
10
-14
15
-3
-6
-1
14
-26
60
-112
108
-66
50
10
-86
53
12
25
-62
10
15
92
-121
13
2
28
-10
-12
14
-1
-8
5
7
-3
1
-1
4
0
40
-75
28
1
21
-7
-10
23
5
-89
61
-17
0
-1
-7
3
-5
7
-15
8
-9
2
-15
6
-4
-12
52
-18
-65
68
-71
97
-87
89
-72
49
-58
19
-12
-6
71
-71
29
-13
12
-13
7
-3
1
-1
2
0
-3
-4
2
0
-2
0
-2
-2
2
-2
-2
0
-2
-1
1
-1
0
-1
-1
0
-1
0
-1
0
0
0
4
-1
-1
2
-1
0
4
-3
-2
0
2
0
1
-1
6
-12
14
-12
29
-70
70
-6
-11
19
-56
50
-70
91
-87
98
-71
69
-64
-16
53
-11
-4
7
-13
3
-5
12
-11
10
-2
6
-3
1
4
-13
65
-86
14
29
-2
2
-15
-27
66
-86
44
-11
-7
8
-7
-9
6
-4
0
-9
-4
9
-9
1
-5
12
-60
98
-64
34
-80
71
25
-73
21
40
-39
-53
136
-95
-9
40
-10
-15
21
-13
-4
17
-14
2
3
-4
7
-6
-1
0
2
-1
-1
-3
0
-2
-1
1
-1
0
-2
-1
0
0
0
0
-2
2
0
1
1
-1
1
-1
2
-1
3
1
-1
-5
7
-4
4
3
-15
17
-3
-12
21
-15
-8
40
-9
-94
137
-53
-38
41
22
-72
26
74
-79
35
-61
99
-58
13
-4
3
-6
10
0
-5
4
-1
10
-7
-4
9
-3
-8
48
-83
74
-22
-8
-1
-16
18
-20
4
-23
10
-4
0
-2
-4
-6
0
-3
0
-3
-3
0
5
-3
-2
-42
71
-39
22
-24
7
27
-38
17
6
-40
41
-87
108
-43
24
-25
9
-1
-6
9
-11
8
-1
0
3
-6
4
-2
-2
2
-7
3
-1
-1
-1
-3
1
-1
0
-1
0
0
0
0
0
-1
0
0
2
-1
1
0
0
4
-7
3
-1
0
5
-5
4
0
-1
7
-10
9
-6
0
10
-25
24
-43
108
-86
41
-39
7
18
-37
28
7
-23
23
-38
73
-41
-1
-1
5
1
-2
0
2
1
4
-1
-2
1
2
0
14
-19
8
-13
23
-7
-2
-4
-4
-4
-2
-2
-3
-2
-1
-4
-3
-2
-1
-1
-3
-2
0
-1
-2
-4
-3
0
1
0
0
-1
0
0
0
-5
-5
1
7
4
-5
-7
0
5
2
-4
-2
2
3
-1
-1
0
0
-1
-2
0
0
-3
-1
0
0
-1
-3
0
1
-1
-2
1
1
0
-2
0
2
0
-1
0
0
0
-1
-1
1
0
-2
-1
1
1
-1
-1
1
0
-1
1
3
2
-2
-3
2
5
0
-6
-3
4
7
2
-3
-3
1
3
1
0
1
1
2
1
-2
-2
-1
0
1
0
0
1
2
1
0
-1
1
2
1
0
1
1
0
1
