0
-4
2
-1
0
0
1
-5
1
5
-3
-1
0
-1
0
-1
1
2
2
-5
5
-3
2
-2
-1
1
-2
0
0
-1
-1
1
-1
0
0
0
-1
0
0
-1
-1
-1
-1
1
-1
0
1
0
0
0
0
-1
0
0
0
-1
0
0
-1
0
0
0
-1
-1
0
0
-1
-1
0
0
0
-2
-1
0
-1
-1
0
-1
-1
0
-1
0
-1
0
0
0
0
-1
-1
-1
-2
-1
-1
0
-1
-2
1
-1
0
-1
-1
-1
0
-2
0
1
-3
0
-6
3
-1
-2
-2
0
-1
-1
-2
0
2
-6
-1
5
-3
0
-2
0
-3
0
0
11
-16
6
-2
-2
-2
5
-10
7
-4
-1
0
-3
0
-2
2
0
-4
4
-4
1
1
-1
2
-4
0
1
-1
-1
0
1
-2
-1
0
-1
0
-1
0
0
0
-1
0
0
-1
-1
-1
0
0
1
0
0
0
-1
0
-1
-1
0
-1
-1
0
-1
1
-1
0
0
-1
-1
0
1
1
-1
0
-1
-1
0
-1
0
0
-2
0
-1
-1
-1
0
0
0
0
0
-1
-1
-1
0
0
0
0
1
-1
0
1
-1
-2
-1
3
-2
1
-1
-1
4
-5
3
-2
-2
0
0
0
-1
-1
2
-11
10
-6
1
-1
1
-8
15
-15
0
-11
16
-11
2
0
-2
-10
13
7
-10
-4
6
-2
-1
-1
2
-1
-2
0
0
1
-4
2
4
-7
2
1
-1
0
0
0
-1
-1
-1
0
-1
0
-1
0
0
0
0
0
-1
-1
1
-1
0
-1
-1
-1
0
-1
-2
-1
-1
1
-1
0
0
-1
0
-2
0
-1
-1
0
-1
0
0
0
0
-1
-1
-1
0
0
-1
1
0
-1
0
-1
-1
0
-1
0
-1
-1
0
-1
-1
0
-1
0
0
-1
-1
0
0
-1
-2
6
-5
-2
3
-1
0
0
0
-2
-2
0
-1
2
-8
2
7
-8
-14
8
1
-2
-3
7
-18
7
0
-36
41
-20
7
-5
28
-45
64
-48
-9
11
-7
7
-1
0
2
2
-6
2
-4
5
6
-13
3
2
0
-1
0
0
-1
-1
-1
0
0
-1
-1
0
0
-1
-1
-1
-1
0
-1
0
0
-1
0
0
0
1
0
-1
0
0
-1
0
0
0
0
-1
1
0
0
0
-1
1
-1
0
0
0
-1
0
0
-1
-1
-1
-1
0
-1
0
0
-1
0
-2
-1
0
-1
1
-1
-1
0
0
-1
0
0
0
0
-1
-1
1
-1
-3
-4
15
-7
-5
3
-3
5
-2
-3
-1
0
-8
6
-11
6
47
-65
44
-30
5
-8
19
-42
32
0
51
-73
60
-38
9
16
36
-209
260
-162
141
-131
56
-57
84
-22
-8
-37
26
22
-27
5
18
-17
-9
11
-2
1
0
0
-1
-1
1
-1
0
0
-1
0
-1
-1
0
-1
0
0
0
0
0
0
0
0
-1
0
-1
-1
-1
1
-1
0
0
0
0
0
0
0
0
0
0
0
0
0
0
-1
0
-1
0
0
0
0
-1
-1
1
-2
0
0
-1
0
0
1
-1
0
0
0
1
-1
-1
0
0
0
0
-1
2
-11
8
16
-18
-5
27
-22
-27
36
8
21
-86
56
-57
130
-143
159
-262
209
-37
-18
-11
37
-63
71
-53
0
-19
44
-77
44
14
-98
13
350
-275
-85
10
120
-82
-138
312
-97
-78
36
-14
38
13
-19
-77
47
-7
23
-4
-3
-3
7
-2
-3
1
-2
0
2
-3
0
1
-1
0
1
0
0
0
0
0
0
0
-1
0
0
0
0
0
0
0
0
0
-1
0
-1
-1
0
-1
0
0
0
-1
-1
0
-1
0
-1
-2
-1
-1
-1
0
0
0
0
-1
0
0
-2
-1
0
-2
0
1
-2
-1
1
-3
2
1
-8
2
3
2
-23
7
-47
78
19
-14
-38
14
-36
77
97
-312
136
80
-121
-11
83
270
-350
-14
96
-14
-45
75
-45
14
0
-31
36
-15
-7
17
19
7
-122
207
-195
59
42
9
-264
413
-345
123
186
-251
217
-245
308
-350
328
-241
85
-7
-2
-9
24
-17
7
0
2
-4
1
7
-16
6
0
-2
-2
0
0
-1
0
0
0
-1
0
-1
0
-1
-1
-1
-1
-1
0
1
-1
0
0
-1
0
0
-1
-1
1
-1
0
0
-1
1
0
-1
-1
0
-1
0
0
1
0
-1
-1
-1
0
0
-1
-7
15
-9
-2
4
-5
0
-7
19
-25
9
1
6
-86
241
-329
351
-309
245
-219
250
-187
-123
345
-414
262
-10
-44
-60
193
-208
121
-8
-20
-17
5
12
-38
27
0
47
-91
108
-53
-16
24
177
-371
190
32
-167
136
-89
409
-433
61
-95
173
78
-154
-12
90
229
-532
295
13
-67
28
-11
32
-30
3
-11
27
-11
-2
14
-21
8
-2
2
-2
0
-1
1
-1
0
-1
0
-2
0
-1
0
0
0
-1
0
-1
0
-1
-1
-1
0
0
0
0
0
-1
0
0
-2
0
0
-1
0
0
-1
0
0
0
0
1
-2
0
-1
1
-2
0
-7
20
-15
1
10
-27
10
-3
30
-32
11
-28
68
-13
-294
532
-229
-90
11
153
-79
-174
94
-62
432
-410
89
-137
167
-35
-192
370
-177
-24
13
51
-111
91
-52
0
-43
22
45
-6
-65
49
238
-456
185
-59
154
-67
131
-409
436
-261
166
-76
-120
314
-294
18
378
-435
30
91
70
-59
44
-64
55
-40
26
-15
-8
8
-10
21
-10
-1
0
0
0
-1
-1
0
-1
0
-1
0
-1
-1
0
-1
0
0
-1
0
1
-1
1
-1
1
0
-1
0
0
1
0
0
-1
0
-1
1
0
1
0
-1
-1
0
-1
0
-1
1
-1
-1
0
-1
9
-22
11
-9
5
13
-28
39
-56
64
-44
59
-71
-91
-30
435
-378
-18
294
-315
119
76
-167
261
-438
408
-132
66
-153
58
-188
454
-238
-51
65
5
-47
-23
40
0
19
-3
-39
38
4
-60
157
-196
120
-168
248
-131
32
-129
508
-576
56
146
58
-236
246
-38
-299
483
-352
177
-133
115
-28
-34
-18
53
-20
4
-3
2
-16
23
-8
-2
0
0
-1
0
0
0
-1
0
-1
-1
0
0
-1
0
-2
0
-2
0
1
1
-1
-1
-2
0
0
-1
0
0
-2
-1
0
0
-1
-1
-1
0
-1
0
-1
-1
0
0
1
-2
1
-2
-1
2
8
-23
14
-2
1
-5
20
-54
18
34
28
-116
133
-178
352
-484
300
37
-246
236
-58
-146
-58
575
-509
127
-34
130
-249
165
-122
196
-157
59
-4
-39
37
1
-22
0
-4
36
-72
11
70
-49
-232
258
140
-124
-47
-81
190
-29
-352
347
-11
-152
38
150
-276
188
99
53
-287
72
1
100
-70
47
-47
18
-13
20
-8
-3
-7
13
-7
1
-1
1
-1
-1
0
0
-1
-1
0
0
-1
0
1
0
-1
-1
-1
-1
0
-1
1
-1
0
0
0
0
-1
0
0
0
0
-1
-1
-1
-1
-1
-1
-1
0
0
-1
-1
-1
0
0
-3
0
-1
7
-13
5
2
7
-20
12
-19
47
-46
69
-100
-1
-72
288
-54
-100
-189
276
-152
-38
151
11
-348
351
29
-193
80
45
122
-142
-258
230
49
-71
-13
68
-37
0
0
-3
33
-73
74
-37
-10
-1
-14
104
-50
-172
308
-247
111
16
-13
-82
81
-74
15
182
-293
246
-275
299
-144
-1
17
-16
7
30
-38
33
-42
25
-7
-3
9
-6
0
1
0
-1
0
-1
-1
0
0
-1
0
1
-1
0
-1
0
-1
0
-1
0
0
0
0
-1
0
0
0
-1
-1
-1
0
0
1
-2
-1
0
1
-1
1
0
0
-1
-1
-1
-2
0
0
-2
0
5
-10
4
5
-26
41
-32
38
-32
-8
16
-18
0
145
-300
275
-248
294
-182
-16
73
-82
82
13
-17
-113
245
-309
171
48
-105
14
1
8
35
-76
69
-34
-1
0
-4
28
-33
-37
56
-10
13
-59
54
-27
-149
320
-172
-65
263
-275
84
-8
35
-80
81
102
-89
-147
64
14
29
23
-19
28
-48
24
-27
33
-9
-4
3
-3
0
0
-1
-1
1
0
0
-2
0
0
1
-1
0
0
0
0
-2
0
0
-1
0
-1
0
-1
0
0
-1
-1
-1
-1
-1
0
0
0
0
0
0
-1
-1
1
0
0
0
1
-2
-1
-1
0
0
-1
-1
3
-3
4
8
-34
26
-24
49
-28
18
-23
-28
-15
-65
147
90
-103
-82
80
-36
7
-85
275
-264
65
171
-321
149
25
-56
59
-14
9
-57
35
31
-30
1
0
6
13
-53
72
-35
-56
156
-279
347
-292
161
-54
-11
207
-308
107
63
-86
63
-24
-95
195
-227
274
-205
69
-13
-13
18
-15
-1
20
-10
4
-5
2
0
2
-1
-1
0
0
0
-1
1
0
-1
0
1
-1
1
0
0
1
-1
0
-1
0
-1
-1
0
-1
0
0
-1
0
-1
0
-1
-1
1
-1
1
0
0
0
-1
0
0
0
1
-1
0
0
0
0
-1
0
1
-2
0
-2
5
-5
10
-20
1
15
-18
13
12
-70
204
-275
227
-195
95
23
-64
86
-62
-107
307
-209
10
52
-161
288
-347
277
-156
56
34
-74
50
-14
-10
0
-17
20
-12
-12
29
-36
-20
177
-93
-93
14
24
84
-189
227
-201
35
103
-15
-45
1
-11
10
8
4
-29
45
-25
20
-29
-5
30
-8
-13
11
-2
-2
3
-3
0
-1
0
1
-1
0
-1
2
0
-2
0
-1
0
0
0
-1
-1
0
1
0
0
-1
0
0
0
0
-1
-1
-1
-1
0
1
0
0
-1
0
-1
0
0
0
0
-2
0
0
-1
-1
-1
0
-1
1
-5
2
2
-11
13
6
-30
6
29
-22
24
-45
28
-4
-9
-11
11
-1
44
15
-103
-34
201
-230
187
-87
-26
-17
91
92
-177
22
36
-29
11
10
-21
13
0
14
-19
24
-33
5
10
88
-210
206
-183
149
-32
-24
90
-164
24
61
-11
-24
45
25
-136
135
-55
0
37
-31
7
-2
3
8
-11
-3
7
-2
0
-4
6
-2
-1
-1
1
-1
0
0
1
-1
0
-1
-1
0
0
0
0
0
0
-1
0
0
0
-1
0
0
0
0
0
0
0
-1
0
-1
0
-2
0
0
0
0
-1
0
-1
1
0
0
0
1
-2
1
0
2
-6
3
0
2
-9
2
10
-9
-3
2
-7
31
-37
-1
56
-133
136
-26
-44
24
10
-62
-25
162
-90
22
31
-150
182
-209
209
-90
-11
-5
31
-26
19
-19
0
-8
9
0
-9
12
-25
87
-146
103
-60
65
-43
-90
202
-67
-81
62
-54
58
-14
-20
7
-4
20
-24
16
-5
-5
0
9
-2
-3
0
-1
0
0
0
1
-1
0
-1
-1
0
0
0
0
-1
-1
0
-2
-1
0
0
0
1
0
0
0
0
-1
0
-1
0
0
-1
-1
0
0
-1
0
0
-1
0
-1
-1
0
0
0
-1
0
0
-1
0
-1
0
-1
-1
0
0
-1
0
0
-1
-1
0
3
2
-9
1
5
4
-17
21
-20
1
-7
21
13
-59
54
-63
80
66
-203
86
42
-67
59
-105
145
-88
24
-12
8
-1
-12
5
0
-21
12
5
-9
-12
38
63
-192
157
-77
11
26
-18
-76
143
-79
7
19
-35
22
-5
18
-25
6
3
4
-9
5
-4
3
-6
7
1
-5
0
1
-2
0
0
-1
1
0
0
0
-1
0
-1
0
1
-1
0
-1
-1
0
0
0
-1
0
-1
-1
0
1
0
0
-1
0
-1
-1
-1
-1
-1
-1
-1
-1
1
0
0
0
-1
0
-2
0
0
0
-2
0
-1
0
0
-1
0
-2
-1
4
-2
-7
7
-2
3
-6
7
-5
-3
-7
26
-19
5
-22
34
-20
-7
79
-145
73
18
-28
-14
75
-159
192
-63
-39
10
9
-9
-13
16
0
14
-15
14
-3
5
-20
10
-5
-11
19
-2
-5
13
-3
-32
21
10
-14
9
-7
7
-1
-3
-2
4
2
-2
0
1
-5
4
-2
0
-1
1
0
-1
-1
0
-1
0
0
-1
0
1
-1
1
0
0
-1
0
0
0
0
0
0
0
-1
-1
0
-1
0
-1
0
0
0
0
-1
0
-1
0
0
0
-1
-1
0
0
0
-2
0
-1
0
-1
0
0
0
-1
0
-2
1
0
0
-3
0
-1
1
-4
3
-2
-1
1
-2
-4
1
3
0
-8
8
-11
14
-11
-21
29
1
-14
3
1
-21
10
5
-11
19
-7
2
-16
14
-17
0
-1
-10
13
0
-6
4
2
-7
8
-7
-8
14
-14
19
-15
2
-4
5
-4
4
-4
2
-2
1
-2
1
1
0
0
-1
1
0
-2
0
-1
0
0
1
-1
-1
1
-1
-1
-1
-1
0
-1
0
-1
-1
-1
-1
0
-2
0
0
-1
0
0
-1
-2
1
-1
0
0
-2
0
-1
-1
-1
0
-1
0
1
0
0
1
0
-2
0
-2
-1
0
0
0
0
0
-1
0
0
1
-1
0
-1
0
0
-2
1
-1
0
0
-2
0
-2
1
-3
5
-5
1
-7
3
-2
14
-21
11
-16
6
5
-8
7
-3
-5
4
-1
-16
9
-4
0
0
-2
0
-3
4
-3
3
0
-5
-2
3
-2
3
-16
25
-14
3
3
-5
3
-3
4
0
-2
2
-3
1
-1
-1
2
-2
-1
-2
2
0
-1
0
-1
1
-1
-1
0
0
0
-1
0
0
0
-2
-1
-1
0
-1
-1
0
-1
-1
0
-1
0
-1
-1
0
0
-1
0
-1
-1
0
-1
0
0
0
-1
-1
-1
0
-1
0
-1
-1
0
0
-1
0
0
-1
0
-2
0
0
-1
-1
-2
1
0
1
-2
0
0
-2
1
-2
2
-2
-3
3
-4
6
-3
-2
13
-26
15
-5
0
-4
0
2
-1
-2
1
-5
2
-4
1
-4
0
4
-11
5
2
-2
0
0
-4
6
-3
0
-4
3
-5
6
-2
-2
1
1
0
-1
1
-1
1
0
0
-1
0
0
2
-1
1
1
-1
-2
0
-1
0
-1
-1
0
-1
0
-1
-1
-1
-1
0
0
-1
0
-1
0
0
1
-1
0
-1
0
0
-1
0
-1
0
-1
-1
0
0
0
1
0
-1
0
-1
1
0
-1
1
-1
-1
-1
-1
1
-1
-1
0
-1
-1
-1
-2
1
-1
-1
0
-2
-1
1
-2
0
-1
0
-1
0
-2
1
-2
1
-1
-2
-2
2
1
-7
4
-4
2
0
2
-6
3
0
-1
1
-4
-8
9
-7
0
0
0
-2
0
-2
0
-1
0
-1
0
-2
3
-7
5
-4
1
0
0
1
-3
1
0
-1
0
0
0
0
0
0
-2
0
0
0
0
0
-1
0
-1
0
0
0
-1
0
1
-1
0
-2
1
-1
0
-1
-1
0
0
-1
0
0
0
-1
-1
0
0
1
0
0
-1
0
0
0
0
-1
0
-1
-1
-1
0
0
0
0
-1
0
-1
-1
-1
0
0
-1
0
-1
-1
0
-1
0
-1
1
-1
0
1
-1
0
0
0
-1
0
-1
0
-1
2
-3
-1
-1
-1
3
-8
6
-5
0
-2
-1
0
-1
-1
-1
-1
-1
-2
-4
0
-4
3
-2
-1
-1
-1
0
1
1
-3
-1
2
-5
2
-2
1
1
-1
1
0
-1
0
0
1
-1
1
1
-1
2
-2
0
1
0
0
0
0
-1
-1
0
-1
1
-1
1
0
-1
-1
0
0
0
-1
0
-1
0
-1
0
0
-1
-1
0
0
-1
-1
0
0
1
-1
1
-1
-1
0
-1
0
0
-1
0
0
0
-1
0
0
0
0
-1
0
-1
0
0
0
0
0
1
-1
-1
0
0
-1
1
0
-2
0
0
-1
0
-1
1
-1
1
0
-1
1
-2
-1
0
-4
4
-3
-1
1
-2
-1
0
-1
0
-1
-1
-5
-1
0
-1
0
-3
0
-1
0
-1
1
-1
0
-1
3
-1
-1
-1
0
0
0
-1
1
0
0
0
0
-1
0
0
0
0
0
-2
0
0
0
0
-1
-1
0
-1
-1
0
0
-1
0
-1
-1
0
0
-1
0
0
-1
-1
-1
0
0
-1
0
-1
-1
0
-1
1
0
0
0
0
0
0
-1
0
0
-1
-1
0
0
0
-1
-1
0
0
-1
-1
-1
0
0
-2
0
0
-1
-1
-1
-1
0
-1
-1
0
-1
-1
-1
-1
0
0
-1
0
0
-1
-1
-1
-1
-1
0
0
0
0
-4
0
-1
0
-1
0
-1
-1
-1
0
-1
-3
0
0
1
0
0
-1
0
0
-1
0
-2
-1
0
0
-1
0
0
0
-1
1
0
0
0
1
1
-1
-1
0
0
1
-1
-1
-1
0
0
0
0
-1
0
0
0
-1
0
-1
0
0
-1
0
0
0
0
0
1
-1
0
0
0
-1
-1
0
0
-1
-1
0
0
0
0
0
0
-1
-1
0
-1
0
-1
-1
0
0
-1
0
0
0
0
-1
0
-1
-1
0
-1
0
-1
0
0
-1
0
-1
0
-1
1
-1
0
-1
-1
0
-1
-1
0
-1
0
-1
-1
0
0
0
1
-2
-1
0
0
-1
0
-1
-1
0
-2
-1
-1
-1
0
-2
0
-1
0
0
-1
-1
-1
-1
-1
1
-2
-1
0
0
0
0
-1
0
0
0
0
-1
1
0
0
0
-1
0
1
-1
-1
0
0
-1
-1
-1
0
0
0
-1
0
0
0
-1
0
0
0
-1
1
0
0
0
0
-1
0
-1
0
-1
-1
0
0
-1
0
0
-1
0
-1
1
-1
0
-1
0
-1
0
-1
0
-1
1
0
-1
-1
0
-1
-1
-1
0
-1
-1
0
0
-1
-1
0
-1
0
-1
-1
0
0
0
1
0
-1
-1
0
-1
0
-1
0
0
0
-1
-2
0
0
-1
-1
0
0
-1
0
-1
-1
-1
-2
-1
0
-2
-1
-2
0
-1
0
0
0
-2
1
-1
0
-2
-1
-2
0
-1
-1
-1
0
0
-1
1
0
0
-1
0
0
-1
0
0
-1
0
-1
0
0
1
0
0
0
0
0
-1
1
-1
1
0
0
0
-1
0
-1
0
1
0
0
-1
0
-1
0
-1
-1
-1
0
0
-1
-1
0
0
0
-1
0
0
0
-1
0
-1
0
-1
0
-1
-1
-1
-1
-1
-1
0
-1
1
0
-1
0
-1
0
0
0
0
0
0
0
1
0
0
0
-1
1
-1
0
0
0
0
0
-1
0
-1
-2
0
-3
-1
0
-1
0
-1
0
-1
-2
-2
0
-2
0
-2
0
-1
0
1
-1
-1
-1
-1
0
-1
-1
-2
1
1
0
0
1
-1
-1
1
0
0
0
0
1
0
-1
0
0
-1
0
0
0
-1
0
-1
-1
0
0
-1
1
0
-1
0
0
0
-1
0
0
-1
0
-1
0
-1
-1
0
0
0
0
0
0
0
0
1
0
-1
0
1
-1
0
0
0
0
-1
0
-1
0
0
1
-1
0
-1
-2
-1
0
-1
-1
-1
0
0
-1
-1
0
1
0
0
-1
-1
1
0
-1
-1
0
0
-1
0
-1
0
-1
0
-1
-1
-1
-1
0
-1
0
-1
-1
0
-1
0
-1
-2
0
1
-1
-7
7
-1
-1
-1
-1
-1
0
0
-1
0
0
-1
0
1
-1
0
0
0
0
-2
0
-1
0
0
0
1
1
0
0
0
-1
-1
0
0
-1
0
-1
-1
0
-1
0
0
0
0
-1
-1
-1
-1
0
-1
-1
0
0
-1
0
-1
1
0
0
-1
0
0
-1
-1
-1
0
-1
-1
-1
0
0
-1
0
0
0
-1
0
0
-1
0
0
0
-1
-1
0
0
0
-1
-1
0
0
-1
0
0
-1
-1
0
1
-1
1
-1
0
0
-1
0
0
-1
-1
-1
-1
-1
-1
-1
-1
-2
0
0
-1
0
1
-8
3
-1
-6
0
-12
50
-87
55
-14
3
0
-1
-1
-1
-1
-1
-1
0
-1
1
0
0
0
0
0
-1
0
0
1
-1
1
1
1
0
-1
0
-1
-1
1
-1
0
0
0
-1
0
0
0
-1
0
0
-1
0
0
-1
0
0
0
-1
0
-1
0
0
-1
0
1
-1
0
0
-1
0
-1
0
-1
-1
0
-1
0
-1
0
0
0
0
0
0
0
0
0
0
0
-1
-1
1
0
-1
0
-1
-1
1
1
0
-2
-1
-1
-1
0
1
-1
-1
-1
0
0
0
0
0
-1
-1
-1
-1
0
0
-1
-1
-1
-1
0
-3
13
-56
84
-50
7
0
13
3
-16
-12
8
12
-1
-8
-2
6
0
-6
-1
4
1
-4
-1
3
1
-1
-1
3
2
-2
-1
1
2
-1
-1
1
1
-1
-1
1
1
-2
-2
1
2
-2
-1
0
2
-1
-2
-1
1
-1
-2
0
1
-1
-2
0
1
-1
-1
0
1
0
-1
1
0
0
-1
-1
1
0
-2
0
1
0
-1
-1
0
0
-2
0
1
0
-1
-2
0
0
-2
-1
2
1
-2
-2
1
1
-1
-1
0
1
-1
-2
1
1
-2
-2
1
1
-2
-3
1
2
-2
-4
1
3
-2
-5
1
5
-2
-7
1
8
0
-14
-8
10
13
-4
-15
