-10
-4
-4
-5
-2
-3
-4
2
-1
-9
0
-1
-3
-2
-2
-2
-4
2
-3
0
1
-2
-1
1
-5
3
-1
-1
-1
0
-1
-2
0
0
0
0
0
0
0
0
0
1
0
0
0
1
0
0
-1
0
0
-1
0
-1
-1
0
-1
-1
-1
0
-1
-1
0
-1
0
-1
0
0
0
0
0
1
0
1
0
0
0
-1
0
0
0
0
0
1
0
1
1
0
-1
1
-1
0
0
1
-1
1
0
0
1
0
0
0
-1
3
-4
4
0
0
2
1
-3
3
-3
2
0
-1
0
0
3
-5
1
4
-1
0
1
0
0
4
-4
-12
1
-4
-4
-3
-3
0
-8
4
-3
0
-3
-2
-3
-2
-2
1
-2
-1
-2
-1
1
-2
0
-2
0
-2
-1
-2
-1
-1
0
-1
0
0
0
0
-1
2
1
0
0
0
0
-1
0
0
-1
-1
-1
-1
-2
-1
0
0
-1
-1
0
0
-1
0
-1
0
-1
0
-1
0
-1
0
0
-1
0
0
0
1
0
0
-1
0
0
0
1
0
2
0
0
1
0
1
-1
0
0
-1
-1
0
0
0
-1
1
0
1
0
0
1
-2
3
1
-1
2
-2
2
-1
2
-1
0
-1
1
0
6
-6
5
-1
0
-1
3
5
-4
-15
22
-35
-10
9
-5
-6
-1
12
-12
-7
4
-2
-4
-3
-1
-1
0
-1
-3
-2
2
-3
6
-5
-6
2
-1
0
0
-1
0
-1
0
1
0
0
1
0
0
0
1
0
0
0
1
1
1
-2
-1
0
0
0
-1
-1
0
0
-1
-1
0
-1
0
0
0
0
0
-1
0
0
0
-1
-1
1
2
0
1
1
-1
0
0
-1
0
1
0
1
1
0
0
0
0
0
1
0
0
0
0
-1
0
0
1
1
1
2
-4
-3
7
-1
3
-2
-1
1
1
0
2
0
-2
0
6
-4
-7
14
2
-3
-1
12
-2
-30
29
-1
-38
34
7
-26
9
-21
37
-91
76
-30
-18
33
-12
-7
2
-4
-1
0
-7
10
-7
-2
-7
10
-4
-1
0
0
-1
-2
-1
-1
0
0
0
0
1
-1
0
0
-1
1
1
-1
0
-1
-1
-1
-1
0
0
-1
0
-1
0
-1
-1
-2
-2
-1
0
-1
0
0
0
0
1
0
0
0
1
0
0
0
1
-1
1
0
1
-1
1
0
0
0
0
1
0
0
1
0
0
0
1
0
0
-1
0
0
-1
0
0
1
-3
11
-5
0
-5
11
-4
1
-1
-3
4
-4
-8
35
-16
-27
79
-89
41
-18
13
-23
14
38
-31
-5
-18
20
-36
8
0
49
-142
187
-91
-49
52
-41
8
5
35
-60
19
-5
21
-11
-14
8
33
-68
36
-2
-4
-1
-1
1
-1
1
0
0
0
0
1
0
0
0
1
0
0
1
0
-1
0
0
-1
-1
-1
-1
-1
0
0
-1
-2
-2
-2
0
-1
0
-1
0
-1
1
0
1
-1
0
-1
0
1
-1
1
-1
-1
1
-1
1
0
0
1
1
0
-1
1
0
0
1
0
0
0
0
1
1
-1
1
0
0
-4
-2
38
-66
35
11
-11
-10
22
-4
21
-59
39
9
11
-37
55
-46
-87
189
-138
52
5
11
-30
25
-10
-23
46
-65
-12
12
10
13
-36
8
23
-96
186
-181
19
35
28
38
-165
179
-35
-124
79
31
-182
122
91
-75
-5
1
4
-5
3
-3
0
1
1
-1
-3
4
-2
-1
1
0
1
-1
1
1
0
-2
-1
-1
-1
-1
0
-2
-1
0
-1
0
0
0
-1
0
-1
0
0
1
0
1
1
0
0
0
-1
0
0
1
-1
-1
1
-1
1
1
0
0
2
0
2
-1
0
4
-2
0
2
1
0
-3
4
-5
4
1
-4
-73
93
124
-180
34
81
-124
-34
180
-164
39
33
38
21
-178
189
-93
27
10
-33
16
15
14
-4
-60
56
4
-52
23
68
-76
49
-106
249
-396
257
-34
-166
184
-2
-225
320
-203
113
-90
160
-242
196
-127
116
-196
155
-46
12
-2
-5
7
-26
22
-3
-4
1
1
-9
10
-2
0
0
1
-1
-1
0
-1
0
-1
0
-1
0
-1
-1
-1
0
0
-1
-1
0
-1
-1
-1
-1
0
-1
0
-1
0
0
0
0
1
0
1
1
-1
1
0
1
0
1
0
0
0
0
1
0
-1
-1
10
-8
2
2
-4
-3
22
-24
9
-3
-1
13
-45
155
-195
118
-124
197
-242
161
-90
115
-202
323
-223
1
187
-162
-31
261
-394
252
-101
52
-73
75
29
-43
-11
0
-19
18
-45
2
127
-17
-300
339
-264
206
-97
43
-129
-84
388
-235
99
-187
-22
136
193
-199
-148
276
-225
80
-9
-14
32
-7
-14
17
-10
-3
4
5
-10
4
2
1
0
1
0
-1
1
0
0
-1
-1
-1
-1
0
-1
0
-1
0
-1
0
0
-1
0
-1
-1
1
0
0
1
0
-1
1
0
0
0
-1
-1
-1
0
0
1
0
1
-1
0
1
0
0
2
4
-10
6
4
-3
-9
17
-14
-6
33
-13
-8
81
-224
277
-147
-197
195
138
-22
-185
100
-235
389
-81
-125
46
-93
209
-260
342
-298
-13
130
7
-42
25
-14
7
-14
20
3
-83
54
29
-126
254
-248
-141
188
188
-151
9
-119
-60
280
-142
135
-208
-1
212
-218
138
-51
-186
180
19
-4
6
-81
65
-4
-47
49
-18
-1
24
-37
13
1
2
-1
0
1
-2
0
0
0
-1
-2
-1
-1
0
-1
-1
-2
0
-1
-1
-1
0
-1
-1
-1
0
0
1
-1
0
0
0
0
1
0
0
-1
1
-1
0
1
1
1
-1
2
1
-1
0
1
13
-37
26
0
-15
50
-46
-4
65
-81
5
-4
19
182
-186
-49
140
-217
214
-1
-207
136
-141
281
-58
-116
12
-148
191
190
-137
-246
257
-122
31
57
-76
7
28
1
-38
65
-107
92
-70
6
276
-570
512
-340
179
-104
-48
216
25
-266
79
222
-433
384
-107
-225
497
-510
227
-28
-19
5
30
-28
-23
13
42
-37
0
6
-6
3
2
-3
2
-2
0
1
1
0
0
-2
0
-1
-1
-1
-1
0
1
-1
0
-1
-1
-1
-1
1
-2
0
0
-1
0
0
1
-1
0
0
0
1
0
0
0
0
0
-1
1
0
0
2
0
-1
3
-3
3
4
-6
6
3
-37
41
13
-21
-27
31
6
-18
-26
229
-509
499
-225
-105
386
-432
223
79
-265
30
219
-45
-101
181
-337
515
-567
279
12
-66
95
-99
71
-28
-17
21
-20
-25
4
-12
5
170
-210
-66
38
98
20
-13
-15
-128
35
109
-104
-10
129
-104
60
17
53
-129
-72
164
-90
-11
12
82
-67
-30
44
-9
-5
2
4
-4
1
1
0
2
0
-1
0
1
-1
-1
-1
-2
0
-1
-1
-2
0
-1
0
-1
-1
1
0
0
0
1
0
0
-1
0
0
-1
1
1
0
1
1
1
0
0
0
1
1
1
1
2
-1
2
1
-5
5
2
-4
-10
43
-29
-67
84
14
-12
-90
164
-71
-128
54
18
61
-104
130
-8
-102
111
36
-124
-10
-10
24
101
41
-65
-209
174
8
-6
7
-18
-16
30
1
-28
14
7
-17
-21
106
-332
489
-471
311
-219
227
-29
-404
688
-463
49
116
-215
275
-257
181
-37
-90
126
-94
-14
63
-75
100
-82
34
9
-8
-10
7
-7
8
0
-1
1
0
0
-1
0
1
-1
-1
1
-3
0
0
-3
1
0
-1
-1
-1
0
-1
0
0
0
1
-1
0
0
0
0
0
0
0
0
1
0
1
1
-1
0
0
0
2
0
0
1
0
1
-1
0
8
-9
9
-9
-8
10
34
-82
101
-74
64
-13
-92
127
-88
-35
183
-256
276
-214
117
49
-462
691
-402
-26
230
-216
314
-467
490
-328
110
-17
-13
15
20
-18
-16
10
-19
-3
-1
-35
-25
257
-57
-309
46
79
110
-210
-72
352
-53
-212
149
50
-13
-217
86
232
-253
0
60
-33
56
-23
-38
71
-47
10
-16
16
2
-4
2
0
0
1
0
1
0
0
0
0
-1
0
-1
-1
0
0
0
-1
-1
0
0
-2
-2
0
-1
0
0
0
0
0
0
0
-1
0
0
0
0
0
0
0
-1
1
0
0
0
1
0
1
0
1
-1
-1
3
-5
3
16
-16
11
-47
73
-37
-22
56
-33
62
1
-253
235
87
-216
-13
51
150
-211
-52
355
-69
-206
113
83
49
-305
-54
260
-22
-31
2
3
-14
17
-4
-17
19
-34
25
-20
30
-93
100
-87
132
-308
342
-83
-86
-145
334
-169
-15
68
-153
162
-53
75
-112
-22
51
14
-27
8
-35
53
-40
7
15
-13
0
6
-6
2
0
0
-1
0
0
1
-1
1
0
0
-2
0
0
-2
0
-1
-1
-1
0
-1
-1
-1
-2
-1
0
0
0
-1
0
0
0
0
0
0
1
1
0
0
0
0
1
-1
0
1
1
1
0
1
0
2
-6
5
2
-13
17
8
-40
54
-34
11
-26
16
53
-21
-110
78
-51
165
-152
69
-16
-167
335
-142
-84
-79
346
-305
135
-85
102
-88
34
-16
28
-27
25
-9
-10
-2
13
-16
-45
56
40
-121
-116
212
-88
98
-19
31
-155
-49
167
-68
2
45
14
-121
123
-40
-63
35
29
-11
-14
10
-6
-21
28
-7
-4
1
2
0
-3
2
0
1
0
1
-1
0
0
1
-1
-1
-1
-1
0
-1
-1
-1
-2
-1
-1
-1
-1
-1
0
-1
0
0
-1
-1
1
-1
-1
0
-1
0
1
0
0
0
-1
1
0
1
1
0
0
1
1
0
0
2
-3
0
3
3
-4
-6
28
-20
-5
12
-13
-10
29
37
-63
-38
124
-121
14
46
3
-66
168
-45
-152
33
-16
100
-86
214
-114
-117
44
62
-42
-8
17
4
-12
0
-4
-18
10
-13
47
-105
91
-34
-79
119
-90
78
-77
89
-41
-13
-12
-2
18
-30
22
-26
38
-56
56
-32
4
-6
10
-4
-1
1
-1
-4
2
0
-1
2
-1
2
0
0
0
1
-2
1
-1
-1
0
-1
-1
-1
0
-1
-1
0
0
-1
-2
-1
-1
-1
-1
0
0
0
-1
0
0
0
0
0
2
0
0
0
0
0
0
1
-1
0
1
0
0
0
-1
0
-1
0
3
-2
0
2
-1
-3
10
-4
5
-32
57
-55
39
-24
25
-29
20
1
-13
-13
-40
92
-73
81
-86
121
-76
-30
92
-101
51
-10
15
-10
0
10
1
-22
7
-7
7
-5
-25
-50
163
-159
67
35
-87
-47
122
-37
-1
-24
3
-8
2
43
-55
27
-15
4
-8
12
-7
1
-8
12
-9
0
1
0
-1
-2
2
-1
-1
-1
0
0
1
1
0
0
-1
-2
0
-1
-1
-1
0
-2
0
-1
-1
0
-1
-1
-1
-1
-1
0
-1
0
0
1
-1
0
1
1
1
0
0
0
0
-1
0
0
0
2
1
1
1
0
-1
0
1
-1
0
2
2
2
-9
13
-7
2
-6
13
-7
6
-14
28
-55
44
2
-7
4
-22
0
-34
125
-44
-83
38
69
-158
165
-47
-21
-2
9
0
12
-14
-21
10
-6
-12
-10
-3
3
-11
56
-90
54
1
-36
41
-8
-113
111
-21
-14
21
-22
7
-10
19
-12
-8
10
-8
1
0
-2
-6
5
-1
2
-1
0
1
-2
0
0
1
-1
1
0
-1
0
-1
-1
-2
-1
-1
-1
-1
-1
-1
-1
-1
-1
0
-1
0
-1
0
-1
0
1
1
-1
0
0
0
0
1
1
0
0
0
0
-1
0
0
1
0
0
2
0
1
0
1
-1
1
0
-1
3
0
5
-5
-2
1
2
-6
11
-8
-11
21
-9
9
-22
23
-14
-19
112
-110
-5
45
-34
4
56
-86
57
-9
6
1
-7
-3
-3
17
-17
5
-10
4
-21
5
-11
48
-77
28
1
-13
8
0
-6
-16
25
-21
8
-10
8
-6
-2
0
2
-6
5
-3
-2
-1
0
-5
2
-1
0
0
0
0
-1
1
0
0
1
-1
0
0
1
0
-1
-1
-1
-1
0
-1
0
-1
-2
0
-1
-1
-1
-1
-1
0
0
1
0
1
0
-1
0
0
-1
1
1
0
0
0
-1
0
0
2
0
0
1
1
-1
0
0
2
0
1
0
1
1
0
2
-3
1
0
0
-1
6
-5
3
1
-1
-4
9
-9
10
-20
26
-14
-3
3
11
-8
3
33
-75
53
-7
7
-17
10
-5
14
-6
-2
-22
8
-8
2
-8
4
-6
-10
16
-12
-6
10
-30
34
-10
-8
0
0
-1
1
-4
3
-3
-1
1
-3
-1
-2
6
-10
5
1
-2
1
-1
0
-1
1
0
2
0
0
0
-1
0
0
-1
-2
-1
-1
-1
0
0
-2
-1
0
-1
-1
-1
1
-2
0
0
0
-1
0
0
0
-1
1
-1
0
0
0
0
0
1
0
0
0
0
0
1
1
0
1
-1
1
0
1
0
2
-2
1
5
-10
6
0
0
-1
0
1
-2
4
-2
2
0
0
1
-7
-9
37
-27
12
-4
-10
17
-8
-4
8
-5
7
-5
16
-18
7
-9
-7
5
-15
1
-1
-7
1
1
-9
7
-5
-5
1
-4
-2
3
-4
-3
-1
1
-1
-2
-3
3
-3
1
1
-2
-1
2
-3
0
0
1
0
-1
0
0
0
0
1
1
0
-1
1
0
0
-1
-1
-1
-1
0
-1
0
-1
-1
-2
0
-1
-1
-1
0
-1
0
0
1
-1
0
-1
1
-2
0
0
2
0
1
0
-1
0
0
0
0
0
1
0
0
0
1
1
0
0
0
-1
2
0
0
-3
3
1
-1
2
2
-3
4
-2
0
0
2
0
-1
-3
4
1
-1
5
-2
-3
11
-7
3
5
-3
1
3
-8
10
-1
-9
-3
-6
-4
0
-4
-2
1
-7
-1
0
-1
-4
-5
6
-12
4
-2
-2
0
-1
-2
0
-1
0
-2
-1
-1
0
0
-1
-3
1
0
-1
1
0
1
0
0
0
-1
1
1
-1
0
-1
0
0
-2
-1
-2
-1
-1
0
-1
-1
-2
0
-1
-1
0
-1
0
-1
1
-1
0
1
-1
1
0
0
0
1
0
0
0
1
-1
1
-1
0
0
0
0
1
1
0
1
1
1
1
1
-1
2
1
-3
-1
0
0
-1
1
0
1
-1
1
0
1
0
-1
-1
5
-9
10
0
-2
1
3
0
-5
4
1
-2
3
3
-2
6
-7
-8
0
-5
-5
-2
-3
-5
0
-1
-3
-3
4
-10
1
-6
2
-1
-2
1
-2
-1
0
0
-1
-2
0
-2
0
-1
-2
-1
-1
0
0
0
1
0
2
0
0
0
0
0
1
0
0
-1
-1
-1
0
-1
-1
-2
-1
-1
0
-1
0
-1
-1
0
-1
-1
0
0
1
0
0
0
0
0
0
0
0
0
1
0
0
-1
0
-1
1
-1
0
0
0
0
-1
-1
1
0
1
1
-1
0
-1
0
-1
0
1
0
2
0
0
0
1
1
0
1
-1
-1
2
-3
6
-7
7
0
-1
0
0
-1
0
1
-1
1
5
0
-8
-6
-4
-2
-4
-1
-2
-4
-1
-2
-1
-4
0
-2
-2
-5
2
-2
1
-2
-1
-1
0
-1
0
-2
0
-2
0
-2
1
-1
0
0
-1
0
1
-1
0
0
0
0
0
1
0
0
0
-1
0
-2
-1
-2
0
-1
0
-2
0
0
-1
-1
-1
0
-1
0
0
-1
0
0
0
0
0
0
1
0
1
0
0
0
0
-1
1
-1
0
0
-1
-1
0
-1
1
-1
1
0
0
1
-1
1
0
-1
1
-1
1
-1
1
-1
1
-1
0
0
0
-1
1
-1
3
-2
0
0
3
-1
2
0
1
0
1
1
-1
4
-1
1
-8
-5
-1
-5
-1
-3
-2
-3
0
-2
-2
0
-5
0
-2
-2
-2
0
-1
0
-2
0
0
-2
0
-1
-1
-1
0
-1
0
-1
0
1
-1
-1
0
0
0
0
0
0
1
0
0
1
0
-1
-1
-1
-1
-2
-1
-1
-1
-1
0
-1
0
-1
0
-1
0
-1
-1
-1
0
0
-1
-1
0
0
0
0
0
0
0
0
0
1
0
0
0
0
0
0
0
0
0
0
0
0
1
0
0
0
0
0
-1
0
0
-1
-1
-1
1
0
0
1
-1
0
0
1
-1
1
0
2
-3
2
0
-1
2
-1
0
0
1
0
1
1
-8
-5
-3
-3
-2
-3
-2
-2
-1
-3
0
-1
-3
-3
0
-2
0
0
-1
-1
0
-1
-1
-1
-2
-1
0
-1
0
-1
-1
0
-1
0
-1
0
0
0
0
0
0
0
0
0
1
0
0
-1
0
0
-1
0
-1
-1
0
-1
0
-1
0
-1
0
0
-1
-1
1
0
0
0
0
-1
-1
0
0
-1
0
-1
-1
0
0
0
0
0
0
1
0
0
0
0
0
0
0
-1
0
1
0
0
-1
0
0
0
0
0
-1
0
0
0
1
0
1
0
0
-1
0
1
2
0
-2
0
1
0
0
1
0
-1
-1
0
0
1
-8
-3
-3
-3
-1
-3
-3
-2
-1
-2
-2
-2
-1
-2
-3
-2
0
0
0
0
-1
0
-1
-1
-2
0
-1
-1
0
-1
-1
-1
-1
0
-1
-1
0
-1
0
-1
0
0
0
0
1
-1
0
-2
0
-1
-1
0
-1
-1
-1
0
0
-1
-1
-1
-1
0
0
-1
1
0
0
0
0
0
0
0
0
0
0
-1
-1
0
1
0
0
1
0
0
0
-1
0
0
0
1
-1
-1
0
0
0
1
-1
0
0
0
1
0
0
0
0
-1
0
-1
0
0
1
-1
0
1
0
0
0
1
-1
0
0
1
1
-1
0
1
2
1
-7
-4
-3
-4
-1
-2
-2
-2
-1
-2
-1
-1
-1
-2
-1
-2
0
-2
-2
-1
0
-1
-1
-1
-1
-1
-1
-1
-1
0
-2
-1
0
-1
0
-1
0
-1
-1
-1
0
1
0
0
0
-1
0
-1
-1
-1
0
-1
0
-1
-1
-1
-1
-1
-1
-1
0
-1
0
-1
0
0
0
0
1
0
0
0
-1
-1
0
-1
0
-1
0
0
0
0
0
-1
1
0
-1
0
0
0
0
0
-1
0
0
-1
0
-1
0
0
0
0
1
0
0
1
1
0
0
0
1
0
1
0
1
1
1
0
1
-1
0
0
0
0
0
0
1
1
-8
-4
-4
-4
-2
0
-2
-3
-2
0
-1
-1
-4
-1
-2
-2
-1
-1
-1
-1
-1
0
-1
-1
0
-1
-1
-1
-2
0
-1
-1
0
0
-1
-1
0
0
-1
0
0
0
0
-1
0
0
-1
0
-1
0
-1
-1
-1
0
-1
0
0
-1
-1
-1
-1
0
-1
-1
0
0
0
0
-1
0
-1
0
0
1
1
0
0
-1
0
0
0
0
0
0
0
0
0
1
0
0
0
0
-1
0
-1
0
0
0
-1
0
0
0
-1
0
0
1
-1
0
0
0
0
1
0
1
0
2
-1
0
0
1
0
0
1
1
0
0
1
1
-8
-4
-4
-4
-7
-1
-2
-3
0
-2
0
-2
-2
-3
-1
-3
-1
-1
0
-1
0
-1
-1
0
-1
0
0
-2
-1
-2
-1
-1
0
0
0
-1
0
1
0
0
0
0
0
0
1
0
0
0
-1
0
0
-1
-1
0
-1
0
0
0
0
0
-1
0
0
-1
0
0
0
0
-1
0
0
0
0
1
0
0
0
-1
0
0
-1
0
0
-1
0
-1
0
-1
-1
1
0
1
0
1
0
0
0
-1
0
-1
0
0
0
0
0
1
0
1
0
0
0
0
-1
2
0
0
1
0
0
0
0
1
0
2
-4
3
0
4
-13
13
2
-98
86
-18
-4
-2
0
-1
-1
-3
-2
-3
-3
-2
-1
-1
-1
-2
0
-2
0
-1
0
-2
0
-1
-1
-1
-1
-1
0
-1
0
0
1
-1
0
0
1
1
0
0
0
-1
1
0
-1
-1
-1
-2
0
0
0
0
0
0
0
-1
-1
0
-1
1
-1
0
0
0
0
0
1
-1
0
0
1
1
1
-1
-1
0
0
-1
1
0
0
0
0
0
1
-1
0
0
1
1
0
1
0
0
0
0
0
0
-2
0
1
0
0
1
1
0
-1
1
-1
1
1
0
0
1
1
0
1
0
-2
-15
89
-91
6
20
-14
-4
12
4
-16
-17
0
8
0
-10
-3
4
0
-7
-4
0
0
-5
-2
2
0
-3
-3
0
1
-3
-2
0
0
-3
-3
0
1
-1
-1
1
2
-1
-2
1
2
-1
-1
1
1
0
-1
1
1
-2
-2
-1
1
-1
-2
-1
1
-1
-2
-1
1
0
-1
-2
2
0
-1
0
1
1
-1
-1
1
1
0
-1
1
1
-1
0
2
1
-1
-1
1
2
-1
0
2
2
-1
-1
2
3
-1
-1
1
1
-1
-2
2
1
-2
-1
2
2
0
-3
1
3
-1
-3
1
4
-1
-5
3
5
1
-7
2
12
4
-14
-13
8
16
1
