0
-3
2
-2
1
3
-9
1
8
-6
-2
-2
5
-11
9
-2
-7
-2
12
-8
-2
1
-1
0
1
-2
-1
1
-2
-1
2
-1
0
-1
0
-1
-1
-1
0
0
0
-1
-1
0
0
0
-1
0
0
-1
0
0
0
0
0
1
-1
-1
0
0
-1
0
-1
0
0
-1
0
0
0
-1
0
-2
-1
-1
-1
-1
-1
-1
0
0
0
0
-1
1
-2
0
-1
0
0
1
-1
0
-1
-1
0
0
-1
0
-2
1
2
-2
0
-1
-2
1
0
-2
1
6
-13
1
7
-1
-10
10
-5
-1
1
5
-9
-2
7
-5
-2
-1
-2
-2
0
-1
2
-1
-5
10
-2
-18
25
-16
11
-10
1
2
-1
1
-4
5
-6
5
-3
7
-7
-2
3
-2
3
2
-1
-1
3
-4
1
1
-1
1
0
0
0
-1
0
0
0
-1
0
0
0
0
0
0
0
-1
0
-1
0
0
0
0
0
-1
-1
-2
0
-1
0
0
-1
0
0
-1
0
-1
0
1
-1
1
-1
1
-1
-1
-1
0
0
-1
-1
-1
-1
-1
0
1
-2
0
-1
-1
0
-2
-2
4
-4
0
1
-2
-3
0
-4
3
5
-8
2
-5
5
-5
3
-2
0
-3
-4
8
-13
15
-26
17
1
-10
4
-2
-2
-2
0
-2
0
-2
3
-6
13
-23
20
-8
0
4
-8
6
-10
8
6
-14
-1
12
-9
1
9
-20
18
-5
-3
8
-7
-1
-1
6
-1
-2
0
1
1
-1
-1
0
0
0
1
0
-1
0
0
1
0
0
0
-1
0
-1
0
0
0
0
1
-1
-1
0
-1
-1
0
-1
0
-1
0
-1
0
0
-1
0
-1
0
-1
0
0
-1
0
-1
0
0
0
-1
0
0
-1
-1
-1
1
-2
-2
0
2
0
-5
1
1
6
-9
3
7
-19
19
-10
0
8
-12
0
12
-6
-11
8
-7
6
-5
-1
6
-20
22
-14
4
-6
0
-1
-4
0
-2
-1
-1
1
8
-25
17
-1
0
-3
2
-3
0
3
-13
16
-6
0
-5
7
4
-1
-14
13
-5
1
7
-16
6
7
-5
1
4
-10
5
0
0
0
-2
0
0
-1
1
-1
0
0
-1
0
-3
0
0
-2
0
-1
1
0
-1
-1
0
-1
-1
0
0
0
0
0
-1
0
-1
0
0
-1
-1
0
0
0
-2
-2
2
-1
0
0
0
0
-1
-1
0
-1
1
-1
0
0
-5
9
-5
-1
6
-7
-6
15
-7
-2
4
-15
14
0
-3
-8
5
0
5
-17
11
-5
-2
1
-3
2
-2
1
-18
23
-9
-3
-2
-1
-2
0
-2
-2
4
-7
7
1
-7
1
4
-1
-2
1
4
-13
-15
51
-39
6
0
12
-15
5
-1
14
-10
2
1
0
-2
-1
1
-5
13
-10
0
1
1
-1
0
-1
1
-1
1
-1
0
0
2
-1
1
-3
0
1
-2
0
0
-1
0
0
-1
1
-1
0
0
0
0
-1
0
-1
0
0
0
0
0
-1
2
-2
0
1
-2
0
-2
0
0
1
-2
-1
-2
0
-1
-1
-1
-2
-3
9
-14
4
-2
1
1
0
-1
-2
9
-14
1
-7
15
-12
0
-6
37
-52
14
12
-5
-3
2
-1
-4
-2
6
-1
-7
6
-6
0
-2
0
-6
5
-6
0
-1
9
-3
-8
6
1
-8
6
-2
-6
16
-23
14
3
-15
15
-14
7
2
2
-1
-7
4
8
-11
1
3
-5
0
4
0
-1
1
-1
-1
0
-1
1
-1
1
-2
3
-2
2
-1
-3
3
-3
3
-2
0
-1
0
0
-1
0
-1
0
-1
0
0
-1
-1
0
0
0
-1
0
-1
2
-3
3
-3
1
0
-2
2
-3
2
-2
1
-1
0
-1
-1
0
-3
0
1
-4
0
4
-4
-3
10
-8
-5
7
-1
-1
-2
-9
14
-15
16
-4
-14
23
-18
5
0
-7
6
-3
-8
7
3
-11
0
-1
5
-6
1
0
-22
48
-87
113
-72
26
-22
31
-32
38
-59
75
-95
168
-297
285
-153
111
-140
159
-162
121
-63
44
-57
86
-123
95
4
-85
75
-19
9
-34
35
-17
2
2
-2
-1
3
-3
2
-6
8
-14
15
-11
6
-7
4
0
-3
4
-2
1
-1
0
-1
-1
0
0
0
0
-1
0
0
0
0
0
0
-2
2
-3
3
-1
-4
6
-7
10
-16
13
-10
6
-3
1
-3
-1
2
-4
-2
17
-36
33
-10
18
-76
85
-4
-95
122
-87
56
-45
63
-123
161
-160
141
-112
151
-286
295
-170
94
-77
56
-40
31
-31
22
-26
70
-114
86
-49
16
0
-1
-21
-26
96
-23
-89
89
-1
-74
68
-26
-39
102
-13
-189
81
178
-126
-87
170
-12
-180
106
57
-87
-7
124
-60
-85
58
20
-16
-9
17
-5
-5
0
1
0
0
-2
5
-6
2
5
-6
-8
13
-5
-6
2
4
-3
0
1
0
0
-1
1
-1
0
0
-1
0
0
0
-1
0
-1
0
0
-1
-2
-1
3
-5
-1
5
3
-14
5
5
-6
-3
5
-5
2
-2
-1
-2
-1
3
5
-18
7
16
-20
-59
85
60
-125
7
85
-58
-107
179
10
-170
86
126
-180
-82
188
13
-102
38
25
-70
73
0
-89
87
23
-98
24
19
-4
0
2
-13
28
-32
53
-12
-46
11
-21
29
11
12
-4
32
-41
-3
-60
8
-17
60
-6
24
1
6
11
-21
-32
9
-9
9
1
2
-1
23
-31
17
0
-9
2
-1
3
-4
5
-8
3
1
-2
8
-3
-1
-1
1
-6
3
-1
0
0
-1
-1
0
-1
1
-1
0
-1
-1
0
-1
-1
-1
1
-1
0
-3
4
-2
0
0
3
-8
3
-1
-3
8
-6
4
-4
1
-3
7
-1
-18
30
-23
-1
-3
-1
-10
8
-10
33
21
-11
-7
-1
-25
7
-61
15
-8
60
3
40
-34
2
-13
-12
-32
20
-11
45
11
-53
30
-31
13
-6
0
-20
22
-10
-44
60
-31
25
-5
-22
11
6
-8
1
42
85
-264
139
-33
24
-39
114
-84
25
-3
3
-3
60
-132
73
-19
3
6
-2
-7
19
-6
-8
3
2
1
-4
0
1
-1
1
0
-5
0
4
-2
-1
1
-1
1
-1
3
-1
0
-2
0
-1
0
-1
0
-1
-1
1
-1
-1
-1
2
-3
1
-1
1
-3
0
1
-6
0
5
0
-3
0
-2
-2
3
-1
-2
-4
6
6
-18
7
2
-6
-3
19
-74
131
-61
2
-4
3
-26
83
-115
39
-25
33
-142
264
-85
-44
-2
7
-8
-12
20
5
-26
31
-61
42
8
-24
15
0
10
15
-41
-27
45
16
-13
11
-18
7
-7
0
5
-63
0
204
-160
64
-120
-40
136
50
-63
-21
17
16
-103
70
44
-10
-28
-9
23
-22
18
-9
-1
2
-1
0
-3
2
0
1
-3
5
-10
0
9
6
-13
1
1
1
-1
2
-1
0
0
-1
-1
0
0
0
0
0
-1
0
0
0
0
-2
1
-2
-2
-1
12
-6
-9
-1
9
-5
1
-3
-1
-2
2
0
0
-2
0
9
-19
20
-24
8
28
11
-44
-71
103
-15
-18
21
64
-51
-137
39
120
-65
159
-205
-1
62
-6
-1
6
-8
16
-11
12
-18
-46
26
37
-17
-15
0
8
8
-54
51
5
-39
21
16
-33
10
45
-94
50
-2
12
69
-254
363
-317
179
-70
33
-1
-15
-27
85
-112
98
-55
0
24
-11
-1
2
-4
4
-7
7
0
-5
4
-1
-4
4
-2
0
-1
4
-1
-6
2
0
1
-4
1
0
-1
0
0
0
0
-1
0
0
0
0
0
0
-1
-1
0
-2
-2
1
-2
0
-2
4
1
-4
-1
0
1
-3
2
1
-5
4
-1
-7
6
-5
3
-4
0
11
-25
0
56
-98
111
-86
27
14
2
-33
70
-179
317
-365
253
-69
-13
1
-51
91
-45
-13
32
-17
-21
37
-6
-52
50
-10
-12
0
1
-7
24
-21
6
2
-10
10
-7
2
9
-16
20
-45
58
-36
15
-14
9
11
-22
14
7
-18
16
-23
24
-17
11
-5
4
-2
3
-6
2
0
0
2
-2
-2
0
0
-2
3
-2
-1
1
0
-2
-1
3
-3
1
-1
-1
0
0
-1
-1
0
0
1
0
0
-1
-2
0
0
0
-1
1
0
1
0
-1
2
-4
0
1
0
-3
0
1
-4
1
-1
-2
2
2
-2
0
-1
-4
6
-4
2
-3
5
-12
16
-24
23
-15
17
-6
-15
23
-12
-9
12
-15
36
-59
42
-22
15
-9
-4
5
-10
9
-3
-6
19
-27
6
-6
0
-8
0
15
-16
-1
11
-10
5
-3
1
-1
-1
8
-23
30
-10
-8
-7
10
2
-4
7
-2
-4
7
-15
15
-7
3
-1
0
0
0
0
1
1
-1
1
-2
1
0
-1
0
-1
1
-1
0
0
-2
1
0
-1
0
1
-1
0
-1
0
0
0
-1
1
-1
0
0
0
0
0
0
0
-2
-1
1
-1
-1
1
0
-2
1
-1
-1
1
-2
0
-1
0
-2
-1
2
0
-1
-1
-1
-1
0
-1
0
1
-3
6
-16
14
-8
4
1
-6
3
-3
-11
7
5
9
-31
22
-9
0
0
-3
3
-6
9
-12
-2
13
-18
-1
4
0
-1
2
-5
0
4
-6
5
-4
2
-2
-4
2
4
-12
2
-1
4
1
-2
-2
13
-11
-2
9
-10
8
3
-4
-1
1
1
0
1
-1
0
-1
0
-3
0
0
-1
0
0
0
-1
1
0
1
-1
1
-2
0
0
-1
-1
0
0
0
-1
0
-1
0
0
0
-1
0
-1
0
0
0
-1
0
1
-1
0
-1
0
-1
0
-2
1
-1
0
-1
0
-1
0
-1
-1
1
-2
0
0
-1
-1
-1
0
-2
0
4
-3
-9
9
-10
3
11
-12
2
2
-1
-5
0
-4
10
-7
-3
2
0
-4
2
-5
4
-6
0
2
-3
-4
0
0
0
-2
0
-2
3
-2
1
0
-1
1
-4
3
4
-14
3
3
0
-5
7
-4
-1
4
0
-3
0
0
0
-1
1
-1
0
0
-1
-1
0
-1
0
0
-2
1
0
0
-1
-1
0
0
-1
-1
0
-1
-1
0
-1
0
-1
-1
-1
-1
-1
0
0
0
0
0
-1
-1
0
-1
1
0
0
0
1
-1
0
1
-1
-1
0
1
0
-1
0
1
-1
-1
1
-1
1
1
0
1
0
-1
-1
1
-2
1
-1
-2
0
2
-1
-3
0
3
-8
4
0
-4
-4
11
-6
-5
2
-3
0
-2
-1
2
-4
1
-2
-2
-1
-4
0
-1
2
-3
-1
3
-1
2
-3
1
-2
2
-3
-4
6
-5
12
-15
3
6
-4
3
-2
4
-4
-1
5
-1
-2
1
3
-1
0
0
0
-1
1
0
-1
-1
0
0
0
-1
1
0
0
-1
1
-1
1
-1
-1
0
0
0
-1
0
-1
0
-1
-1
0
0
0
0
-1
0
0
-1
0
0
-1
0
0
1
1
1
-1
0
-2
0
-1
-1
-1
0
-1
-2
-1
-1
0
-1
-1
0
0
0
0
1
-3
-1
1
2
-5
1
3
-4
3
-3
4
-8
-4
15
-13
3
-7
5
1
-4
1
-1
2
-4
0
-2
0
0
-4
-4
0
-1
-2
0
2
-2
0
-1
1
0
-1
0
2
-4
7
-10
5
-2
7
-8
-2
5
-3
1
-2
4
-1
1
-1
0
1
-3
0
-1
-1
0
0
0
0
-1
0
1
0
0
1
1
-1
0
0
1
0
0
-1
0
-1
0
-1
-3
0
0
0
-2
0
0
0
-1
-1
0
-1
0
-1
0
-1
0
-1
-1
0
0
1
0
0
0
0
-1
0
-1
-1
-2
1
1
-1
-1
-1
1
-1
-1
-1
1
-2
0
-1
0
2
-4
2
-2
3
-5
1
7
-7
0
-5
9
-8
2
-4
-1
-1
-1
-1
-1
-1
0
-3
-2
1
-3
0
-2
0
-1
0
0
0
0
0
-1
0
-1
-2
3
-2
-2
4
-5
0
2
-1
3
-2
2
-2
0
-1
0
2
-1
2
-2
1
0
0
-1
1
0
1
-1
0
-1
-1
0
0
0
1
-1
-1
-1
-2
0
-1
-1
0
-1
0
0
0
-1
0
-1
-1
0
0
0
-1
0
-1
0
0
0
-1
0
-1
0
0
0
0
1
0
-1
0
-2
0
-2
0
-1
-2
0
-1
-1
-1
-1
-1
-1
-1
1
-2
0
-1
-1
1
0
2
-3
1
-2
1
-1
0
5
-5
2
1
-5
1
-1
-1
0
-1
-1
-1
1
-2
-1
-1
-2
0
-3
2
-2
-1
0
0
0
-1
-1
0
-1
-1
0
-3
2
-4
-1
2
0
0
1
-2
0
-1
-2
0
1
0
0
0
0
0
0
0
0
0
0
0
1
-1
0
1
-1
0
1
1
1
0
-1
0
0
-1
-1
0
-1
0
-1
0
-1
-1
-1
-1
-1
0
-1
0
0
0
-1
0
1
-2
-1
0
0
0
-1
-1
0
0
-1
0
-1
0
0
0
0
-1
-2
0
0
0
-1
-1
0
-1
-1
0
0
0
-1
0
0
0
-1
0
-1
0
-1
-2
0
4
-4
0
-2
-2
0
0
-1
0
-1
-1
-1
-1
0
-3
-1
0
-2
2
-3
0
0
0
0
0
-1
-2
0
0
0
0
-3
1
1
-1
2
-2
3
0
-1
0
0
1
-2
2
0
-1
1
-1
-1
0
0
-1
-1
0
-1
0
0
0
-1
1
0
1
0
0
-1
-1
-1
-1
0
0
0
0
0
-1
0
-1
-1
0
1
0
0
0
-1
-1
-1
0
-1
-1
-1
0
0
0
0
-1
-1
0
-1
0
-2
-1
-1
0
-1
-1
0
0
0
1
-1
0
0
1
-2
0
-1
-2
3
-1
0
-1
0
0
-2
3
-1
0
-2
-1
1
-1
-2
-1
-3
0
-1
-1
-2
-1
0
-1
1
-3
-3
0
-2
4
0
-8
3
-2
1
-1
7
-21
12
8
-19
6
22
-19
-2
25
-47
31
-12
6
2
-6
16
-36
51
-45
14
10
-12
4
-9
16
-8
0
2
-7
5
-9
8
-3
-2
8
-11
5
-1
0
4
-1
0
-2
2
-4
2
-1
-1
1
0
0
0
0
-1
0
-1
0
-1
-1
1
-1
0
1
-3
4
-1
1
-1
1
-3
0
0
-4
10
-9
2
1
-10
8
-6
5
-4
-1
7
-16
7
-5
13
-11
-15
44
-52
36
-17
6
-3
-6
14
-32
47
-25
2
19
-23
-8
16
-9
-14
19
-8
-1
-1
1
-5
7
-3
-6
-2
0
-1
1
-6
-2
3
1
0
-2
1
-2
1
2
-10
21
-116
203
-120
27
-2
-33
14
20
-6
-4
1
3
4
-6
-3
-1
5
0
-2
-4
11
-8
-5
3
3
-3
3
0
-2
-2
4
-3
-4
5
0
1
-2
-2
1
-1
0
-1
0
0
0
0
0
0
0
0
0
-1
-1
-1
1
0
1
0
-1
1
-2
2
1
-2
0
-5
4
3
-4
1
1
0
-3
2
-4
-4
5
6
-10
3
-1
0
-6
0
3
5
-4
-4
-1
4
6
-21
-14
33
0
-28
118
-203
115
-22
8
-4
-2
1
-3
1
-1
-1
-5
1
3
-2
-4
0
-3
4
-5
2
0
-1
0
1
-2
4
-6
9
-8
-13
22
-2
9
-28
26
-12
-9
17
3
-13
8
-7
14
-13
18
-15
5
2
-4
9
-12
5
1
1
-5
5
-3
3
-1
3
-2
-2
2
-1
2
-5
3
-1
1
0
-1
0
-2
-1
0
0
0
0
0
0
0
0
1
0
-1
0
0
-1
0
-1
-1
1
-3
5
-2
1
-4
3
2
-3
0
-2
3
-5
4
-2
-2
-5
10
-9
5
-2
-5
15
-18
12
-14
8
-8
13
-3
-18
10
12
-25
27
-9
2
-22
11
7
-10
6
-4
0
-1
0
0
0
-3
2
-6
-1
0
-2
2
-4
3
-1
0
0
0
-4
1
0
-3
-1
1
-1
2
-4
-13
0
8
29
4
-40
3
7
-12
18
0
-9
7
-5
2
0
-2
5
-6
-1
1
-2
0
2
-1
0
-1
0
1
-1
-1
-2
0
-3
0
-1
-1
-1
0
1
-2
-1
-1
0
0
0
0
-1
0
-1
-1
0
0
0
-1
1
-1
-1
-1
1
-2
0
1
-1
-1
-1
2
0
0
-3
-1
0
-3
1
5
-5
0
-2
-2
6
-8
8
0
-18
10
-7
-4
40
-4
-30
-9
-1
12
3
-2
-1
-3
0
1
-2
-3
1
0
-1
-1
-1
-5
2
-4
-2
0
-2
2
-3
0
0
0
0
0
-1
-4
1
1
-3
1
1
-8
-1
15
-12
4
15
-28
12
-6
9
5
-12
5
-5
7
-3
1
-4
1
4
-4
-1
1
-3
0
4
-5
3
-3
0
3
-5
-2
6
-2
0
-1
0
0
-1
1
0
-1
-2
0
0
1
-1
0
0
0
-1
0
1
1
0
-2
0
0
0
1
-1
2
-5
2
4
-3
0
2
-2
4
-5
-1
2
-1
0
3
-5
-2
3
-2
4
-7
4
-6
11
-5
-10
5
-13
27
-15
-4
10
-15
1
8
-3
-2
0
-2
-4
2
-1
-1
-2
-1
-1
-1
0
-3
-3
0
-2
0
0
1
-2
0
0
0
-3
0
-2
0
-1
0
1
-7
3
6
-10
2
2
-6
4
10
-10
0
0
-3
9
-7
2
2
-9
10
-9
7
-4
2
-4
6
-7
5
-3
5
-8
6
-1
-1
-2
0
3
-4
0
-1
0
0
-1
-1
-2
0
1
0
-2
0
0
0
0
0
0
0
-1
-1
-1
1
-1
2
-4
-1
2
0
1
-8
7
-5
2
-6
7
-8
2
-3
3
-7
8
-12
8
-3
-2
6
-10
2
0
-1
9
-10
-2
5
-3
-3
9
-6
-4
6
-3
-1
-1
-2
0
-2
-1
-1
0
-1
1
-2
-2
-2
-3
0
-12
-8
26
-10
-2
1
0
0
-1
1
-4
2
-2
0
-5
3
0
-1
2
-4
3
-6
11
-13
5
-4
6
3
-8
1
-1
1
0
-3
8
-9
6
-4
2
-1
4
-4
2
-1
-1
-4
3
3
-6
1
0
-3
2
2
-3
2
-1
0
-1
-1
-1
0
0
0
0
0
0
0
0
-1
1
-3
3
-3
-2
2
-2
0
5
-4
-5
3
-1
0
-2
4
-3
0
-2
4
-7
9
-10
1
-1
-1
-1
-1
7
-4
-6
4
-6
12
-12
7
-5
3
-3
0
-1
-4
3
-2
0
-3
2
-4
2
-2
-1
-1
3
9
-28
7
7
0
-36
104
-94
37
-12
1
-2
5
-3
-3
2
4
-15
7
21
-69
101
-78
20
16
-11
-41
97
-145
170
-115
29
-11
10
10
-3
-7
1
4
-6
0
-1
3
-7
6
3
-17
25
-28
18
3
-19
20
-3
-18
27
-23
10
0
-4
1
0
-1
1
-2
0
-1
0
0
0
0
-2
1
-1
1
-1
-2
4
1
-12
22
-27
19
2
-20
19
-3
-19
27
-26
18
-4
-7
5
-4
0
-1
6
-5
-2
6
4
-10
-11
10
-31
116
-171
144
-98
41
11
-17
-22
77
-102
69
-22
-8
13
-6
-3
1
2
-5
1
-2
12
-39
91
-104
30
0
-51
122
-101
44
-19
2
-2
7
-2
-5
-1
8
-9
-8
48
-99
100
-39
-31
56
-8
-95
155
-125
24
139
-250
202
-91
29
-2
-6
1
1
1
-2
-2
3
1
-8
17
-16
-4
24
-31
16
5
-18
17
0
-16
19
-15
3
5
-6
2
0
-2
0
1
-1
-1
0
-1
1
-1
-1
0
0
-3
5
-5
-5
13
-20
16
0
-16
18
-7
-16
30
-24
4
16
-17
7
-2
-5
1
3
-1
-2
-1
6
1
-29
91
-203
252
-140
-24
125
-156
95
7
-56
30
39
-101
99
-49
7
6
-9
-1
2
1
-7
2
-2
15
-46
97
-125
47
0
-32
100
-96
29
0
-1
5
-9
6
1
0
-5
-2
14
-7
-32
47
-28
-5
37
-15
-55
83
-6
-143
257
-301
250
-105
16
-13
9
-1
-1
1
-3
4
-2
-7
9
6
-25
21
12
-31
18
2
-11
3
13
-26
13
5
-9
-2
3
0
-4
1
1
0
-1
0
0
-1
0
-1
-1
-2
4
-2
-3
1
7
-7
-13
24
-15
-3
11
-2
-18
31
-12
-23
24
-7
-10
7
1
-4
4
-2
0
0
-10
12
-15
105
-251
302
-258
144
5
-84
55
14
-37
4
27
-47
32
6
-15
1
4
0
-2
-7
8
-6
0
-1
-29
93
-101
27
0
-15
-4
15
10
-7
-8
4
4
-3
0
4
-6
-11
5
15
-2
-19
-3
21
8
-21
-13
20
17
-21
-29
13
34
2
-29
-10
20
9
-15
-6
13
4
-16
-6
16
7
-18
-11
16
16
-13
-18
10
20
-5
-19
-1
17
3
-13
-4
9
1
-9
-2
7
-1
-9
0
8
0
-9
1
6
-3
-8
2
12
-4
-17
0
19
5
-20
-10
16
12
-16
-17
13
17
-7
-18
4
14
-4
-14
6
13
-11
-20
9
28
-1
-35
-13
28
21
-18
-21
12
20
-9
-23
3
19
2
-16
-6
9
4
-5
-3
2
-5
-4
6
7
-12
-15
4
15
