0
6
-10
2
-2
-1
14
-17
0
-2
18
-23
21
-19
9
-1
-5
-1
8
-6
1
6
-11
20
-40
51
-53
30
19
-42
31
-12
4
2
-8
6
-10
6
-10
19
-8
-7
13
-10
1
4
-5
8
-14
13
-9
-1
6
-2
0
0
0
-2
0
-1
0
-1
1
-2
0
0
-1
-1
-1
-1
-1
1
-1
-1
-1
2
-6
1
8
-13
13
-8
4
-6
-1
9
-13
6
7
-19
9
-6
9
-7
8
-4
-5
12
-32
42
-19
-30
52
-52
39
-20
11
-6
-1
6
-8
0
4
0
-10
18
-22
22
-20
0
0
15
-15
1
1
-6
9
-11
0
14
-17
4
6
-13
0
22
-5
-24
16
-7
9
-9
-6
19
-24
8
4
24
-11
-66
64
16
-46
30
-20
17
-9
-1
6
-8
3
3
2
-16
30
-29
9
25
-47
35
-16
1
10
-17
18
-12
4
-1
-6
6
-4
1
1
0
0
-1
-1
-1
0
-1
-1
0
0
0
-1
0
-1
1
0
1
0
-1
-1
-1
3
-7
5
0
-5
11
-18
19
-11
-3
16
-35
46
-25
-10
27
-30
16
-2
-3
-3
8
-6
2
8
-18
20
-30
46
-15
-64
65
11
-25
-4
-7
23
-20
4
9
-11
5
-17
22
5
-23
-3
13
-9
-7
15
-16
0
-22
38
-45
42
-21
-18
57
-14
-65
75
-59
7
30
-31
40
-16
-24
5
0
36
-36
-5
27
12
-24
-10
20
-16
7
8
-10
4
6
-10
6
6
-10
-4
4
0
2
1
0
6
-17
8
-5
11
-8
-5
6
1
-2
-2
1
0
-1
0
-1
0
-1
0
0
0
-1
0
0
0
1
-1
0
0
-1
1
1
-2
-6
5
7
-11
3
-9
16
-5
-1
-2
-2
0
-5
4
9
-6
-6
8
-7
-4
10
-9
-7
15
-20
10
24
-12
-26
5
34
-36
0
-5
24
16
-42
29
-32
-8
57
-77
64
14
-57
17
21
-43
41
-41
18
0
-44
74
-53
17
63
-93
-47
118
-15
-43
18
8
-39
16
42
-58
8
73
-93
-36
104
62
-154
28
47
-4
-18
11
0
-9
6
-3
-6
11
-2
-18
14
-1
-5
13
0
-23
5
16
-1
-12
10
-19
13
-4
4
-4
0
1
0
0
-1
-1
1
-1
1
-1
0
0
0
-1
0
0
-1
-1
-1
0
-1
-2
0
3
-4
4
-14
18
-11
12
-1
-17
-5
22
-1
-13
4
0
-15
17
0
-12
5
2
-8
9
1
-11
17
3
-46
-28
153
-62
-104
35
91
-73
-10
57
-44
-18
39
-9
-20
41
14
-119
45
92
-63
-18
49
-76
40
0
-47
76
-6
-49
12
35
-33
13
-66
80
-23
10
-19
25
-56
23
49
-3
-103
78
5
0
-30
39
-24
8
-15
11
-1
6
-8
-1
9
-7
0
6
9
-39
33
6
-4
-20
-1
13
1
-6
1
-2
15
-24
9
1
-1
0
0
0
-1
-1
-1
0
-1
0
0
0
-1
-1
1
-1
-1
0
-1
-1
-1
0
-1
-2
-8
22
-16
2
-2
6
-3
-14
-1
19
3
-7
-34
39
-10
-6
-2
6
-8
1
7
-5
1
-11
14
-9
25
-40
29
0
-5
-78
101
1
-49
-23
55
-27
17
-13
20
-83
65
-14
33
-36
-13
47
3
-77
42
0
-33
48
32
-66
-100
111
186
-284
186
-108
-21
35
28
-2
-44
-13
57
49
-125
69
-1
-80
68
64
-81
15
6
8
-12
-1
5
1
0
-3
-5
12
-4
-13
13
-3
4
3
-5
7
-22
16
1
-3
-7
3
3
0
-1
0
0
0
0
-1
0
0
1
-2
0
0
-1
0
-1
-1
0
0
0
-1
1
0
1
0
-4
-5
6
2
-2
-17
21
-9
4
-5
-4
2
-14
13
4
-13
6
2
0
-2
-6
1
12
-9
-6
-14
81
-64
-68
81
1
-69
125
-49
-58
12
43
0
-29
-37
19
106
-188
283
-186
-112
100
64
-34
-49
28
0
-1
0
-23
11
124
-82
-214
287
-215
108
22
-53
63
9
-77
11
33
-78
72
3
15
-33
-18
37
-16
-4
-2
3
7
-8
6
-4
0
-2
4
-5
7
2
-8
-5
5
12
-27
31
-24
8
6
-14
18
-15
8
-2
-1
1
-1
0
0
-1
-1
0
-1
0
1
0
0
-1
-1
-1
-1
0
-1
-1
1
-1
1
2
-7
14
-18
13
-7
-9
23
-32
28
-11
-6
4
8
-3
-7
5
-4
0
-2
4
-5
7
-7
-3
1
3
16
-38
17
32
-16
-2
-72
77
-32
-12
75
-10
-64
51
-25
-109
210
-287
212
81
-126
-12
20
0
-3
0
34
-43
-25
82
-133
103
10
67
-215
70
113
-159
155
-65
-25
101
-134
126
-145
144
-102
106
-90
15
20
-20
17
-15
3
8
-13
7
-1
-5
10
-20
24
-22
9
-1
-4
19
-29
24
-16
4
9
-17
12
-3
0
-3
0
0
0
-1
-1
-1
-1
-1
0
-1
0
0
0
0
0
0
-1
0
-1
0
1
-1
-1
2
-1
2
-13
17
-9
-6
15
-24
27
-19
2
0
-11
22
-25
19
-11
4
0
-8
14
-9
-4
15
-17
19
-20
-16
90
-106
101
-145
145
-127
134
-101
24
64
-156
158
-113
-72
212
-68
-12
-104
132
-83
23
42
-37
0
31
-61
77
-113
165
-266
402
-229
-57
41
27
-19
22
-34
-14
78
-122
166
-179
186
-181
158
-97
37
-11
3
-7
10
-4
3
-4
8
-10
5
-4
7
-14
14
-11
6
-1
-14
32
-35
23
-12
2
-13
23
-8
-2
-2
1
-2
0
0
-1
0
-1
1
-1
0
-1
0
0
0
0
0
0
-1
0
0
0
0
-1
2
1
7
-22
12
-2
12
-25
34
-32
13
0
-7
10
-14
12
-9
3
-6
8
-9
5
-3
5
-9
7
-2
9
-37
97
-158
182
-187
178
-166
121
-79
14
32
-23
18
-28
-43
56
228
-401
265
-166
112
-79
59
-34
0
-12
29
-64
105
-162
55
117
69
-284
220
-137
81
30
-173
169
-82
-47
131
-23
-61
71
-22
-87
90
-35
-1
20
-26
20
-5
-4
5
-6
11
-17
15
15
-20
-16
21
-4
-10
11
-3
0
-5
14
-12
11
-15
4
4
-4
1
0
0
0
0
-1
0
-1
1
-1
0
0
0
0
0
-1
0
0
-2
0
-2
4
-4
-4
14
-12
12
-14
4
-1
2
-11
9
5
-22
16
19
-16
-15
16
-14
5
-5
4
5
-20
25
-21
0
34
-91
87
22
-72
60
24
-131
47
82
-171
171
-31
-82
135
-222
281
-70
-117
-56
161
-106
61
-31
8
0
-45
52
25
-46
-8
39
-73
371
-531
135
76
28
-45
56
-44
-6
-9
36
-38
6
50
2
-69
38
-18
22
-17
25
-14
-3
0
3
5
-13
11
-8
5
-8
7
-13
17
-14
10
-9
9
-10
-2
-2
19
-23
11
-6
3
-2
1
0
0
0
-1
0
1
-1
-1
0
0
0
-1
0
0
0
-1
0
-2
0
-3
6
-13
21
-21
2
1
9
-10
8
-11
15
-18
12
-8
6
-6
7
-13
12
-6
-4
0
3
13
-26
17
-23
19
-39
68
-1
-51
-6
38
-36
8
6
43
-58
44
-28
-77
-136
528
-371
72
-39
8
45
-27
-53
40
0
4
3
-57
-7
174
-163
123
-136
27
111
-63
-97
117
-62
-27
89
-70
-28
131
-122
103
-43
-22
2
17
-19
6
7
-11
8
5
-8
4
-2
-7
11
-14
-1
20
-22
15
-1
-6
-1
-1
14
-16
5
-7
10
-7
1
0
-1
0
0
0
0
0
0
1
-1
0
0
0
0
-2
0
0
0
0
-1
-1
0
0
-2
6
-11
7
-5
16
-16
-1
1
5
0
-17
21
-22
1
13
-11
7
1
-6
8
-5
-9
11
-6
-6
18
-18
-2
21
42
-104
123
-130
26
68
-89
26
61
-118
96
61
-113
-28
134
-123
162
-176
6
54
-5
-8
0
39
-68
67
-60
59
-56
94
-350
460
-226
111
-132
99
-53
59
-91
70
-58
89
-78
48
-61
65
-19
1
-14
6
5
-6
8
-8
6
-8
10
-8
17
-27
24
-19
24
-21
7
-8
7
1
9
-46
42
-6
-6
1
-2
2
-1
-1
-1
-2
0
-1
0
0
-1
-1
0
0
-1
0
-1
-1
-1
0
0
1
1
-2
2
-1
6
4
-42
44
-10
-4
-7
8
-10
21
-25
18
-23
26
-16
6
-11
8
-6
8
-8
5
-5
-7
13
-1
18
-65
61
-47
79
-91
58
-71
91
-59
52
-100
130
-113
224
-462
348
-95
56
-60
59
-69
66
-44
0
-5
17
-47
91
-130
-32
134
121
-213
73
-34
35
-2
-37
47
-21
-37
41
-25
26
-8
18
-31
22
-9
-5
8
-6
0
1
-2
1
-1
0
1
-6
-3
14
-10
2
-3
-1
4
-7
1
14
-14
-1
5
-5
3
-2
-1
0
0
-1
1
-1
0
0
0
-1
-1
0
-1
0
-1
0
-1
0
1
0
0
-1
0
1
-3
5
-5
1
12
-14
0
6
-5
-1
3
-3
9
-16
3
5
-1
-2
-1
-1
1
-2
-1
5
-8
5
9
-23
32
-19
8
-26
24
-43
37
21
-47
37
1
-36
33
-74
212
-122
-134
30
130
-92
44
-18
2
0
-36
29
37
32
-132
-25
177
-151
48
22
-11
7
-19
26
-17
8
-27
-17
62
-27
-1
-4
5
1
1
0
-5
2
1
2
-3
1
0
-1
4
0
-11
11
-4
0
-4
0
1
3
-4
-8
7
2
0
-3
1
0
-1
0
1
0
0
0
-1
0
-2
-1
0
0
-1
0
0
0
-1
-1
0
0
-1
-1
0
0
-3
2
0
-2
-8
6
4
-3
0
-2
2
0
2
-13
11
0
-5
0
1
-1
3
-2
-1
-3
5
-1
-2
-1
-7
5
0
27
-62
17
26
-8
16
-26
16
-8
10
-24
-51
151
-180
23
129
-32
-39
-30
31
0
18
-12
-10
28
-44
62
-65
38
-18
0
14
-25
33
-28
9
-5
12
-18
16
-9
7
0
-4
1
-1
-2
3
1
1
1
0
-2
2
-3
-1
3
-1
-6
3
2
-4
0
-2
5
-11
10
-5
3
-2
1
0
0
1
0
-1
-1
0
0
-1
0
-1
-1
0
0
0
-1
0
0
-1
0
-1
0
-1
-1
0
0
-1
0
2
-3
5
-11
10
-7
0
-2
3
-2
-3
5
1
-5
0
1
-2
1
0
-2
0
0
-3
1
2
-1
3
-1
-8
9
-16
16
-13
5
-9
27
-35
24
-16
-3
14
-39
63
-63
42
-30
7
10
-22
0
-2
4
-16
12
-1
-4
5
4
-10
4
0
-6
5
-6
7
-4
0
0
4
-6
1
1
-2
1
-2
1
1
-1
0
0
0
-1
-1
0
-1
2
-3
2
0
-1
-1
1
0
-1
0
-1
-1
0
1
-1
0
0
0
-1
-1
-1
-1
0
-2
-1
0
-1
0
0
0
-1
-1
0
1
-1
0
0
-1
-1
-1
1
-1
-1
-2
0
0
1
0
0
-1
-1
0
0
1
-4
2
-2
0
0
-1
1
-1
0
0
1
-1
-1
1
-2
2
-1
-2
5
-5
-1
0
4
-8
4
-6
4
-2
-6
7
-5
-6
3
0
-14
14
-6
-1
0
-3
3
2
5
-18
15
-6
-4
6
0
-6
4
-1
-5
3
-4
4
-2
-1
-2
3
0
1
-2
0
0
0
1
0
1
-1
1
-1
-1
1
-2
1
-1
0
-1
1
-3
3
-2
1
-1
-1
0
-2
1
-1
1
-1
0
-1
0
0
0
-1
0
0
-1
0
0
0
0
-1
0
0
0
0
-1
1
-1
0
-1
0
-2
1
0
-1
2
-2
2
-4
2
-1
0
-3
0
-1
1
-1
0
0
-2
1
-1
-1
-1
0
0
-1
1
-1
0
-3
2
0
1
-5
4
-5
4
-2
-5
5
-2
-7
2
5
-15
17
-6
-6
-3
-1
0
-2
2
-2
2
-3
3
-1
-11
15
-7
-1
0
0
-1
1
-1
-1
0
0
-2
2
-2
3
-2
1
0
0
-1
1
0
-2
0
-1
0
0
1
-2
-1
0
-1
-1
-1
0
1
-1
0
-1
0
-1
-1
0
-1
0
1
-1
0
0
-1
0
-1
0
0
0
0
-1
0
0
0
0
0
-1
-1
0
0
-1
-1
0
-1
-1
-1
0
-1
0
-1
-1
1
0
-1
-2
0
0
-2
1
0
-1
-1
0
-1
-1
0
-1
0
0
1
-2
1
-1
1
0
0
0
0
-2
0
-2
-1
0
5
-16
10
1
-4
2
-4
0
-3
-2
0
0
1
-2
-1
3
-5
5
-2
0
2
-4
0
-1
0
-1
-1
0
3
-3
0
0
-2
1
-1
0
0
1
-1
-1
0
1
0
-1
0
0
0
0
1
0
-1
0
0
0
-1
0
0
-1
-1
-1
0
-1
-1
-1
0
-1
-1
0
0
-1
-1
1
-1
-2
0
0
-1
-1
0
0
-2
0
0
0
0
-1
0
-1
-1
0
0
0
0
0
-1
-1
0
0
0
-1
0
0
-1
-1
-1
-1
-1
0
0
0
0
-1
0
-1
0
-1
1
-2
-1
3
-2
-1
0
-1
-1
0
-2
2
-3
-1
1
-5
5
-5
-1
-1
-1
-2
0
-3
1
-3
2
-6
5
-3
13
-20
4
1
1
-3
0
-1
-2
2
0
-2
2
-1
0
1
-1
1
0
0
1
-2
-1
0
0
-1
-1
-1
0
-1
0
0
0
0
0
0
1
0
-1
0
-1
0
-1
0
-1
0
-1
-1
0
-1
0
0
0
0
0
-1
0
0
-1
0
0
0
-1
0
-1
0
-1
0
0
-2
-1
-1
0
0
0
0
0
0
-1
0
-1
0
0
-1
-1
-1
-1
-1
0
0
-1
0
0
-1
1
-1
0
-1
0
1
-3
2
0
-2
1
-3
-2
3
-3
-1
-6
17
-14
1
-6
5
-3
0
-3
-1
0
-2
0
-1
0
-3
-3
10
-9
3
0
-2
1
-1
-1
-2
0
1
0
-1
0
0
0
-1
-1
1
-1
1
0
0
0
0
0
0
0
0
0
-1
0
0
0
0
0
-1
1
0
0
0
0
-1
0
-1
0
-1
-1
0
0
-1
-1
-1
-1
-1
0
-1
0
-1
0
0
-1
0
0
1
-1
0
0
0
-2
0
-1
-1
0
1
-1
-1
-1
0
0
-1
0
0
0
0
-1
0
-1
0
0
0
0
0
-1
0
-1
-1
1
-1
0
0
-1
1
-2
0
0
0
-2
0
-2
2
-2
-4
8
-9
2
1
-2
-1
-1
-2
0
-2
0
-1
0
-2
0
0
-2
3
-3
-1
1
-2
-1
-1
-1
0
0
0
0
0
0
0
0
0
-1
0
0
0
0
0
0
-1
0
0
0
0
-1
1
-1
0
-1
0
1
0
0
0
0
-1
0
1
0
-1
1
-1
-1
-1
-1
0
0
0
1
-1
0
-1
0
-1
0
0
0
-1
0
0
0
0
0
-1
0
-1
-1
1
0
0
0
0
0
-1
1
-2
-1
-1
0
0
-1
-2
0
0
-1
1
0
0
0
-1
-1
-1
-1
0
0
0
0
-2
0
-1
-1
-1
-2
-2
2
-5
2
0
-1
0
-1
-1
-1
-2
0
-3
0
-2
0
1
0
3
-1
-3
0
0
-1
-1
1
-1
0
-1
-1
0
-1
0
0
-1
0
0
0
0
0
-1
-1
0
0
-1
-1
0
1
-1
-1
0
-1
0
0
0
0
0
0
0
0
-1
-1
0
0
0
0
-1
0
-1
0
0
-1
-1
-1
0
0
-1
0
0
0
-1
-1
0
-1
0
0
0
0
-1
-1
0
0
-1
-1
-1
0
0
0
0
0
-1
0
-1
-1
-1
0
-1
0
-1
0
0
0
0
0
-1
-1
0
-1
0
0
-1
0
0
0
0
-3
0
-1
0
-2
0
0
-3
0
-1
-2
-1
-1
-3
0
-2
0
-2
-1
1
-1
1
1
-1
-1
0
-2
0
-1
-2
1
0
0
0
0
0
0
0
0
0
0
0
0
0
0
0
0
-1
0
0
0
-1
0
0
-1
-1
-1
-1
0
1
0
0
0
0
-1
0
0
-1
0
-1
-1
0
-1
0
0
-1
-1
-1
0
0
-1
0
0
-1
0
-1
0
0
-1
0
0
0
-1
-1
-1
-1
-1
0
1
0
-1
-1
0
-1
0
0
-1
0
0
0
0
0
-1
0
0
-1
1
0
-1
0
0
0
0
-1
0
-1
-2
0
-2
-1
1
-2
0
0
-2
0
0
-1
-1
-1
-1
-2
0
-2
1
-1
0
-1
-1
3
-4
4
-2
-1
0
-1
-1
-1
0
0
0
0
0
-1
0
0
0
0
-1
0
-1
0
0
0
0
0
-1
1
0
-2
0
0
0
0
0
1
0
-1
0
0
0
0
-1
-1
0
-1
0
0
0
-1
0
-1
0
0
-1
-1
0
-1
0
0
-1
0
0
-1
0
0
0
-1
-1
0
-1
-1
0
-1
0
0
-1
-1
-1
0
0
0
-1
0
-1
0
-1
0
-1
0
0
0
0
-1
0
-1
-1
-1
0
0
0
0
-2
0
0
-1
-1
-1
-2
-1
0
-6
4
-4
0
0
-1
0
-2
-2
0
-1
0
0
0
0
-1
5
-5
4
-2
-1
0
0
-1
-1
0
0
-1
0
0
1
0
-1
0
0
0
1
0
0
-1
0
-1
0
-1
0
-1
-1
0
-1
0
0
-1
0
0
0
1
-1
0
-1
0
-1
0
0
0
-1
0
0
-1
0
0
0
-1
-1
0
-1
-1
-1
0
-1
0
0
-1
-1
0
0
0
0
-1
-1
0
0
-1
0
0
-1
0
-1
-1
0
0
0
0
-1
0
0
1
0
0
1
0
0
-1
-1
-1
0
0
0
0
0
0
-1
0
-1
-1
-1
0
0
0
-5
4
-5
0
-1
0
-1
-1
-1
0
-2
0
-1
-1
0
-2
1
1
-1
-1
0
-1
1
-2
-1
0
-1
0
1
-1
-1
0
0
-2
0
0
0
-1
0
0
0
-1
-1
-1
0
0
-1
0
-1
-1
-1
-1
-1
0
0
0
0
-1
-1
0
0
-1
-1
-1
0
0
0
0
0
-1
0
-1
-1
0
-1
0
0
0
-1
0
-1
-1
-1
-1
0
0
0
-1
-1
0
-1
0
-1
-1
-1
-1
-1
-1
0
0
0
-1
-1
0
0
0
0
0
0
-1
0
-1
0
1
-1
-1
0
0
-1
0
0
-1
-1
0
-2
-1
-1
-2
0
-2
-1
0
0
-1
0
-2
-1
0
-1
1
0
0
0
1
-2
-3
2
0
-2
2
-2
0
-1
1
-1
0
2
-3
4
-2
0
-2
-2
3
-1
1
-2
1
1
-2
2
-1
0
0
0
1
0
-1
0
0
0
0
-1
0
1
1
0
-1
0
-1
0
1
-1
-1
-2
-1
0
0
-1
-1
0
0
0
-1
0
-1
0
-1
0
-1
-1
-1
1
0
-1
0
0
-1
-1
0
0
0
-1
-2
-1
0
-1
0
-1
-1
0
1
-3
1
-1
0
2
-1
2
-3
0
1
-1
1
-3
2
-2
-1
0
-1
0
-1
0
-3
0
-2
-2
2
0
-1
-2
0
-2
-2
-1
0
-19
16
12
-2
-14
-5
7
7
-8
-2
1
3
-1
-7
0
17
-13
-2
5
-39
15
75
-25
-51
33
-11
-9
25
-10
-8
4
-2
3
3
-6
-1
4
-2
4
-5
-2
2
1
0
0
-1
-1
0
0
-1
0
1
-1
0
-1
0
0
-1
0
1
1
-1
0
0
0
-1
0
-1
-1
0
0
-1
0
0
-1
-1
-1
1
-1
0
0
1
-1
-1
-1
-2
0
4
-5
1
-4
1
5
-4
-5
1
-5
6
9
-25
10
12
-33
52
26
-75
-16
39
-5
2
12
-17
-1
6
0
-3
-2
-1
6
-7
-7
2
12
1
-15
-17
15
0
7
27
-120
133
-54
-5
12
-1
-9
5
3
-4
-3
10
-5
-13
20
-6
-32
64
-88
78
54
-134
81
-66
59
-11
-23
18
6
-25
26
-2
-16
12
-4
-2
-1
6
-8
2
-1
1
0
-3
1
-1
1
-2
-2
-1
0
0
0
-1
0
0
-1
-1
0
-1
-1
0
0
-1
0
0
0
0
-1
-1
1
-1
0
0
0
1
-2
0
-2
1
-1
-1
0
-3
7
-8
0
1
3
-13
15
1
-26
25
-6
-18
23
11
-58
65
-82
134
-54
-78
88
-64
32
5
-21
12
4
-11
3
2
-5
-6
7
0
-12
4
53
-135
117
-28
-11
0
9
5
-6
-9
-2
6
5
-2
-3
0
1
-1
-3
0
2
-1
-4
2
10
7
-11
-24
-16
8
22
14
-1
-6
-3
1
1
-3
-3
-1
0
0
1
2
-1
-4
-1
1
2
-1
-2
0
1
-1
-1
0
0
0
-2
-1
0
0
-1
0
0
-1
-1
-1
-1
0
-1
0
1
0
-1
-1
0
-1
-1
0
0
-1
0
0
0
0
-2
-1
1
0
-3
-3
0
3
0
-4
-2
-1
-1
0
2
2
-1
-2
3
6
0
-14
-22
-8
16
24
12
-7
-12
-3
4
0
-4
-2
1
1
-3
-2
2
1
-5
-8
0
9
5
-6
-10
