-9
-4
-5
-5
-5
-2
-2
-4
-4
2
0
-6
19
-58
38
-7
1
-5
-4
0
1
-4
-4
1
-29
99
19
-142
55
-55
56
0
-17
9
-1
1
-1
-7
1
6
28
-47
20
-5
15
-12
-1
7
-10
6
-4
4
-4
1
-4
5
-2
-6
-4
3
3
-1
-1
2
-8
1
0
0
4
4
-3
-4
-1
6
-4
1
-4
6
-3
6
-9
7
1
-11
15
-6
20
-46
28
5
1
-8
0
1
-1
10
-17
3
58
-54
57
-142
20
99
-28
2
-2
-3
3
0
-2
-4
2
-4
43
-55
23
-2
3
7
-2
-1
1
2
-2
2
0
5
-8
-28
40
-19
-10
-19
1
12
47
-29
-132
49
39
42
90
-137
-67
71
15
-3
-20
0
39
46
-6
-225
224
-355
303
82
-30
-122
27
-5
23
0
5
-5
33
-39
-57
77
-13
2
4
-9
-2
0
3
2
-7
-1
-3
2
-6
8
-1
0
-10
5
-2
0
3
-3
-4
-2
3
1
-1
6
-10
1
0
7
-5
3
-3
0
-6
4
4
0
-1
-8
4
0
-14
77
-57
-38
34
-6
4
2
24
-5
27
-121
-30
83
304
-353
224
-225
-5
48
40
2
-19
-2
17
73
-66
-135
93
45
43
53
-130
-26
50
16
4
-16
-7
-11
45
-20
-7
-42
51
-15
-18
61
-79
-53
24
76
-114
249
-241
194
-114
-79
36
7
-56
126
-42
43
-224
294
-439
202
498
-797
762
-251
-141
27
-47
16
21
-5
11
-77
116
-114
86
57
-84
44
-6
-23
-7
2
8
0
-7
9
-5
-3
-27
-1
38
5
-3
-21
7
-6
-1
0
4
0
-1
-5
8
-20
-1
5
38
0
-26
0
-4
10
-6
2
9
3
-7
-22
-6
44
-84
56
87
-114
117
-77
11
-4
22
16
-47
28
-141
-250
763
-796
499
203
-438
295
-223
44
-41
128
-55
8
37
-76
-112
197
-237
253
-110
78
26
-51
-76
64
-14
-8
56
-35
-4
-30
39
-90
103
-48
-31
148
-160
97
8
-243
624
-973
678
-339
188
-54
-53
177
-111
-19
337
-455
366
-294
22
31
-80
545
-1028
740
-263
146
-68
55
62
-323
218
233
-161
-506
730
-460
221
-48
7
31
-33
21
-41
39
-2
-71
97
-126
85
13
-37
26
-31
20
-2
-3
-3
-2
-2
19
-32
27
-36
14
86
-125
98
-70
-1
40
-40
21
-32
31
7
-47
222
-461
731
-506
-161
233
220
-321
62
57
-68
147
-263
741
-1027
546
-79
32
22
-292
368
-455
339
-18
-110
179
-52
-53
189
-335
682
-970
627
-241
10
101
-157
152
-27
-44
106
-84
45
-21
-9
14
-25
-57
100
-105
123
-172
218
-257
366
-500
676
-931
726
-364
140
59
-156
175
-100
6
160
-252
285
0
-522
320
-200
514
-436
94
27
30
-15
27
-277
920
-1131
821
-845
967
-793
555
-519
477
-271
109
-59
-80
213
-174
123
-204
343
-355
234
-140
126
-118
15
52
-40
17
-5
15
-39
52
15
-116
126
-139
235
-354
343
-202
124
-173
214
-79
-58
109
-270
477
-518
555
-792
968
-845
821
-1130
921
-276
27
-15
32
27
95
-434
516
-199
323
-522
1
286
-250
161
8
-99
176
-155
60
141
-361
728
-929
679
-497
369
-255
220
-167
128
-101
103
-49
-19
23
-16
35
-92
132
-167
118
-134
203
-298
379
-547
745
-748
656
-322
-7
42
-134
201
-203
158
2
-430
254
341
-656
1113
-814
195
-225
163
168
-311
343
-474
446
-108
-340
564
-677
358
64
-184
227
-167
224
-240
168
-201
216
-144
126
-193
144
17
-75
54
-109
127
-69
27
1
-14
7
-8
7
-13
1
28
-69
128
-108
55
-74
18
145
-193
128
-144
216
-200
170
-240
222
-166
228
-183
63
358
-676
564
-340
-108
447
-474
345
-311
170
163
-225
196
-813
1114
-654
343
255
-428
2
159
-202
202
-131
43
-3
-320
659
-746
750
-543
382
-296
207
-131
121
-163
139
-86
43
-11
27
-58
40
-13
-72
158
-264
263
-262
-119
651
-653
453
-19
-282
279
-279
64
51
-67
167
-247
357
-429
-544
1212
-50
-788
855
-695
78
297
-450
205
206
-243
277
-104
-94
-231
319
-31
-82
130
-103
14
63
-139
150
-99
50
53
-115
49
-63
34
5
24
-34
34
-14
-9
21
-31
22
-7
-15
34
-33
24
5
35
-61
50
-113
54
49
-98
151
-138
64
14
-103
131
-81
-29
321
-231
-94
-104
276
-243
206
207
-448
297
79
-693
856
-786
-49
1212
-543
-428
359
-246
167
-67
54
66
-277
280
-279
-15
457
-650
654
-116
-259
265
-260
162
-67
-10
47
-53
36
-7
-1
3
-119
131
27
-122
143
11
-268
-75
347
345
-719
86
292
-272
91
213
-135
-108
143
-44
-599
890
123
-328
-609
675
-249
-8
177
33
-284
-27
275
119
-311
-52
139
201
-135
-199
65
141
-86
40
26
-64
-42
61
43
-76
114
-197
117
-75
125
-66
8
-8
-12
4
13
-12
14
5
-12
-8
8
-65
125
-75
116
-196
116
-76
44
62
-41
-63
26
40
-84
142
66
-199
-136
201
137
-52
-311
120
277
-27
-283
33
178
-8
-248
676
-607
-328
124
891
-597
-43
145
-106
-133
214
92
-271
294
90
-716
348
349
-72
-266
13
148
-118
31
135
-112
8
7
-5
-48
44
70
-83
-70
-12
161
41
-159
-294
466
-111
-180
286
-183
56
-157
165
32
-174
116
-207
674
-399
-408
272
-14
234
-292
131
-105
40
19
146
-151
-47
205
-248
97
33
-14
-79
116
-35
1
-15
0
35
39
-145
13
74
118
-193
32
29
-19
60
-33
-41
-3
89
-64
9
-63
90
-3
-41
-33
60
-19
31
34
-193
120
75
14
-144
40
36
1
-14
1
-34
117
-79
-13
34
97
-248
205
-47
-150
146
20
40
-104
134
-291
236
-13
274
-405
-398
675
-204
117
-173
34
165
-154
57
-180
290
-177
-108
469
-290
-156
43
165
-7
-67
-80
77
49
-39
-8
-17
45
-84
33
33
-99
111
-63
-61
256
-374
278
-99
-51
119
-83
-55
127
-90
42
56
-241
184
-33
-141
356
-262
110
-74
-50
108
-131
166
-90
2
-71
144
-12
-118
94
-38
30
-9
-21
27
-44
24
39
-44
-5
49
-76
22
-8
5
40
-21
8
-27
-4
26
-24
13
-7
13
-24
27
-4
-25
9
-19
41
7
-6
23
-75
51
-4
-43
40
24
-44
27
-21
-10
30
-38
95
-119
-11
144
-71
3
-91
167
-131
108
-48
-73
111
-262
356
-138
-32
185
-240
57
44
-88
128
-54
-82
123
-46
-96
281
-370
259
-57
-61
116
-95
39
36
-77
52
-10
-11
3
-7
-32
30
-18
17
-49
40
-20
6
-30
102
-98
-47
132
-113
20
29
-26
41
-51
-5
60
-91
117
-84
-23
66
-47
21
-24
36
-4
-42
58
-46
-21
75
-39
20
-23
-25
44
-1
-27
15
12
-10
-16
15
-8
3
-3
0
9
-21
26
-22
0
-1
8
-21
14
3
14
-21
7
1
2
-21
27
-20
9
1
-1
4
-7
16
-17
-9
12
15
-28
-1
44
-25
-23
20
-40
75
-21
-45
59
-42
-4
36
-24
22
-47
66
-21
-83
117
-91
62
-4
-50
42
-24
29
23
-112
135
-43
-94
105
-27
10
-17
41
-46
21
-14
33
-24
-2
11
-10
0
-15
2
4
-15
-12
37
-53
19
30
-31
-20
32
3
-50
57
-35
1
4
3
-9
-16
25
3
2
-56
74
-37
-7
6
-12
-5
21
1
-19
18
3
-3
-28
46
-15
-19
13
6
-6
5
-10
16
5
-37
13
34
-59
42
12
-33
9
-10
14
-2
-7
11
-10
1
-8
12
-6
-2
14
-9
9
-33
14
42
-59
34
14
-35
6
17
-10
5
-7
7
13
-18
-15
46
-28
-3
4
19
-19
2
23
-5
-11
7
-6
-36
75
-54
3
5
26
-14
-9
3
5
2
-35
58
-47
6
35
-18
-28
32
21
-51
41
-8
-10
6
9
-10
7
-7
-7
-6
-8
8
-11
-13
17
-24
23
-30
39
-36
10
-46
66
-35
10
-27
18
13
-37
21
-7
-3
47
-44
-17
-2
39
-28
1
19
-33
14
0
-11
18
13
-26
-2
22
-13
-13
19
3
-17
8
-4
12
-16
10
-14
8
7
-8
-3
17
-35
24
-11
0
2
2
-6
3
4
1
-11
25
-35
15
-2
-6
7
10
-13
11
-15
12
-3
7
-17
4
19
-12
-11
21
-1
-26
13
18
-11
0
16
-35
19
3
-29
41
-1
-15
-42
48
-2
-6
22
-37
14
20
-27
10
-34
70
-44
14
-34
41
-27
26
-22
22
-10
-6
11
0
-1
2
-7
-12
3
-4
0
-10
-1
-1
-6
9
-34
50
-49
20
-14
32
-39
10
-14
19
-6
-21
17
11
-29
30
-12
-21
17
-2
-2
-4
18
-22
3
5
2
-8
1
11
-14
-3
19
-19
9
3
-7
3
-4
19
-25
5
7
-8
8
-17
21
-17
12
-9
-5
6
0
-5
9
-6
0
6
-5
-8
12
-16
22
-17
10
-8
8
6
-25
19
-3
4
-8
4
10
-18
21
-3
-14
12
3
-9
2
7
4
-21
18
-4
-1
0
18
-19
-10
29
-28
13
18
-20
-5
22
-14
11
-38
34
-11
23
-46
53
-32
13
-3
3
3
-6
3
2
8
-4
-9
-6
1
-12
2
-5
-5
1
-7
1
1
-5
0
-9
5
6
-24
21
-21
11
10
-25
11
1
-8
14
-12
-4
10
5
-20
10
-6
0
-6
17
-1
-11
-1
2
4
-9
11
-10
9
-1
-5
2
-6
5
3
-8
1
3
-5
-2
-1
-3
3
1
0
-5
-5
10
-13
10
-4
-3
-1
1
3
0
1
-3
-3
5
2
-7
3
5
-5
3
-4
-1
10
-10
10
-8
5
2
0
-11
-1
17
-6
3
-6
11
-18
5
11
-3
-12
15
-7
1
12
-23
10
12
-20
21
-23
9
7
-5
3
-1
4
5
-5
4
-1
-1
5
-4
6
2
-10
-5
-3
-8
6
-21
2
8
-3
-5
-10
-7
23
-22
-10
11
1
-11
3
-3
2
-6
20
-34
11
19
-3
-56
67
-86
121
-92
21
12
-5
0
26
-79
72
-29
31
-47
42
-19
4
-5
-6
51
-77
70
-109
118
-59
15
-17
30
-26
16
-15
2
10
-7
-13
19
-16
18
-13
-5
11
3
-14
16
-26
29
-16
15
-59
118
-108
71
-76
50
-6
-5
4
-20
43
-48
32
-28
73
-80
27
1
-4
12
21
-91
122
-85
68
-55
-2
21
12
-32
23
-4
2
-2
4
-10
2
15
-7
-19
27
-3
-7
-3
-1
11
6
-16
9
-1
2
4
-7
-6
-11
3
22
-91
95
-28
-20
3
0
-4
-6
7
-3
-9
1
-2
5
-4
-8
12
-10
0
8
-8
0
1
-34
5
96
-114
38
14
-21
5
3
22
-39
-32
93
-41
-10
9
-1
14
-24
14
-22
28
-29
26
-19
-6
23
-16
3
-3
2
-9
7
4
-11
4
-1
4
-10
3
7
-8
3
-2
5
-14
24
-5
-18
26
-27
30
-21
15
-23
14
0
8
-10
-40
93
-31
-39
23
3
7
-20
14
38
-112
96
6
-34
0
2
-6
10
1
-9
13
-7
-3
5
1
2
-7
0
9
-4
0
2
6
-18
-24
99
-88
25
11
-5
3
-12
-6
5
-17
31
-104
91
-10
-16
-2
-1
-3
-6
0
-2
-2
-2
-1
0
-5
2
-3
1
-2
4
-20
22
-12
-6
-2
-30
81
-5
-69
5
30
-16
11
-14
5
-67
276
-313
155
-91
76
-66
48
-9
5
-45
62
-21
-11
-11
22
-14
8
-5
-4
-1
1
-1
2
-3
3
-1
0
0
-3
-4
8
-14
22
-11
-10
-21
63
-45
5
-8
48
-66
76
-90
155
-315
277
-67
5
-13
10
-15
32
5
-66
-5
81
-29
-2
-5
-10
23
-18
6
-1
3
-1
3
-3
2
-1
-1
2
2
3
-3
0
3
0
-14
-5
93
-99
34
-9
11
3
-9
-3
-15
12
-41
22
61
-77
25
-10
-3
-2
6
-12
-2
5
-10
4
-7
2
-1
4
-12
11
-6
-14
13
-7
-11
4
42
-59
-71
228
-180
48
-16
22
13
-83
131
-37
-137
199
-163
72
21
-30
-36
112
-95
-2
46
-40
24
-26
27
-16
6
-11
7
3
-8
-3
7
-2
-6
4
8
-9
7
-13
28
-26
24
-38
47
-1
-95
113
-35
-29
21
72
-163
201
-139
-36
131
-83
12
23
-15
49
-180
228
-71
-58
42
5
-10
-6
15
-13
-4
14
-11
5
0
4
-6
6
-9
8
2
-9
8
1
0
-6
26
-73
65
25
-38
20
-11
4
-8
-10
12
-18
8
-96
155
-96
12
3
-5
1
-7
2
-6
1
-7
6
-7
3
0
-6
3
-1
-2
4
-3
10
-26
16
-9
18
-7
-58
79
-39
11
-13
14
0
8
66
-203
136
-4
-1
2
-5
-8
31
-58
40
-9
-11
8
10
-15
5
-6
0
6
-3
-5
4
-2
4
-4
-3
6
1
-5
6
-14
12
8
-9
-9
40
-57
32
-7
-6
2
1
-4
137
-204
65
9
0
14
-12
11
-38
79
-58
-7
19
-8
18
-24
11
-3
5
-1
-1
5
-5
1
2
-5
8
-6
4
-2
5
-5
5
-3
6
14
-91
158
-92
11
-10
18
-1
-9
-5
-6
-2
-10
20
-35
15
-5
-2
-4
-2
2
-6
-1
-5
3
-2
-4
3
-4
1
-7
4
-1
-1
2
-1
-10
16
-15
-9
14
-10
44
-59
14
13
-8
-11
5
70
-104
31
15
-2
-7
13
-23
23
-28
32
-16
-13
12
-16
18
-3
-8
7
0
-8
8
-8
8
-7
8
-7
1
7
-7
-2
19
-14
13
-12
-15
34
-26
24
-22
13
-6
-1
16
31
-105
70
5
-10
-7
12
14
-57
45
-9
14
-6
-14
17
-10
0
3
0
0
6
-6
3
-3
4
-3
-2
4
-2
3
-3
5
2
-2
2
-3
19
-33
23
-7
5
0
3
-8
-4
-8
-6
8
0
-28
11
2
-4
-1
-5
3
-6
-5
-3
3
-2
-2
1
-4
-2
0
-2
0
1
-2
-5
3
3
-19
18
-11
0
26
-39
12
10
-4
-12
21
-11
-4
8
-10
5
2
-1
4
-3
-8
1
-1
5
-9
19
-23
8
-1
-1
2
-8
7
2
-11
1
9
-8
3
0
-1
8
-22
21
-8
5
0
2
-7
-2
5
-2
1
6
-10
9
-4
-11
21
-10
-4
11
13
-38
27
0
-11
21
-18
4
4
-3
-1
2
1
0
2
1
-2
3
-2
-1
4
0
-1
-3
7
-2
1
-1
4
14
-24
4
10
1
-2
4
-9
-8
-2
-5
-10
46
-74
16
10
-2
-3
-5
-1
-2
-5
-1
-2
-2
-1
-2
0
-4
4
-3
-1
-3
0
-5
8
-10
8
-8
8
0
2
-30
14
17
-5
-9
18
7
-36
32
-38
14
5
-7
12
-2
-8
-6
3
6
-6
0
-3
0
1
3
-9
7
-6
0
3
0
-6
8
-8
4
2
1
-2
0
-4
7
4
-6
-6
0
13
-7
7
15
-38
33
-35
7
18
-9
-4
18
15
-30
2
1
8
-6
9
-10
8
-4
2
-2
0
-2
5
-2
1
0
0
1
-1
1
-2
2
2
-1
0
0
12
20
-71
49
-6
3
4
-1
-9
-5
-20
31
-38
29
-22
-22
27
-12
0
-4
0
-4
-1
-5
2
-2
0
-4
1
1
-2
-4
3
-5
2
-2
-3
-5
7
-3
-5
4
25
-48
24
-4
-6
15
-14
2
-3
-6
14
7
-21
8
14
-14
4
-6
-1
5
-6
19
-19
7
-11
8
0
-8
5
-1
-5
0
6
-7
1
8
-11
7
-18
20
-6
5
-1
-6
4
-14
15
8
-21
8
14
-5
-2
1
-14
17
-5
-5
25
-47
25
4
-5
-2
8
-3
-2
-1
3
-3
4
-2
-1
3
1
-3
1
0
3
-2
1
-1
4
-3
2
-10
28
-20
-19
33
-36
39
-15
5
-8
-9
-10
20
-14
-23
14
0
-5
-3
-2
-3
-1
-2
-4
-3
0
-1
-4
5
-2
-3
3
-3
1
-3
-1
-1
-2
-3
3
-2
-2
-3
7
-8
11
-11
-2
-5
17
2
25
-55
47
-41
25
-11
4
1
-6
6
1
-13
13
-15
16
-9
1
-4
4
-3
-2
2
-6
4
-1
-2
4
-4
1
-7
16
-13
14
-13
2
7
-6
3
5
-10
25
-42
47
-55
25
2
18
-3
-3
-10
11
-7
7
-2
-2
-1
4
-2
-1
0
-1
-1
2
0
3
-2
-2
4
-2
0
1
1
-1
1
2
1
1
-1
-3
3
17
-19
-10
28
-6
0
-9
-2
-14
8
-4
-15
-4
12
-8
-1
-4
-4
-2
-2
-3
-1
-3
0
-2
-3
1
2
-5
2
-4
4
-6
3
-3
0
-5
0
9
-7
-16
26
-10
-2
7
-4
8
-33
33
-11
-10
31
-23
14
-10
5
-1
-1
-8
14
-9
-10
15
-10
2
-4
0
-4
10
-8
5
-8
10
-3
1
-3
3
-8
16
-8
-8
17
-8
0
-1
6
-10
14
-22
32
-11
-12
32
-33
9
-2
7
-3
-9
27
-16
-6
9
1
-3
2
-1
5
-5
5
-3
3
-3
2
2
-2
0
1
-2
2
1
1
1
-2
-2
2
-6
15
1
-10
-2
15
-11
6
0
0
0
0
0
0
0
0
0
0
0
0
0
0
0
0
0
0
0
0
0
0
0
0
0
0
0
0
0
0
0
0
0
0
0
0
0
0
0
0
0
0
0
0
0
0
0
0
0
0
0
0
0
0
0
0
0
0
0
0
0
0
0
0
0
0
0
0
0
0
0
0
0
0
0
0
0
0
0
0
0
0
0
0
0
0
0
0
0
0
0
0
0
0
0
0
0
0
0
0
0
0
0
0
0
0
0
0
0
0
0
0
0
0
0
0
0
0
0
0
0
0
0
0
0
0
0
0
0
0
0
0
0
0
0
0
0
0
0
0
0
0
0
0
0
0
0
0
0
0
0
0
0
0
0
0
0
0
0
0
0
0
0
0
0
0
0
0
0
0
0
0
0
0
0
0
0
0
0
0
0
0
0
0
0
0
0
0
0
0
0
0
0
0
0
0
0
0
0
0
0
0
0
0
0
0
0
0
0
0
0
0
0
0
0
0
0
0
0
0
0
0
0
0
0
0
0
0
0
0
0
0
0
0
0
0
0
0
0
0
0
0
0
0
0
0
0
0
0
0
0
0
0
0
0
0
0
0
0
0
0
0
0
0
0
0
0
0
0
0
0
0
0
0
0
0
0
0
0
0
0
0
0
0
0
0
0
0
0
0
0
0
0
0
0
0
0
0
0
0
0
0
0
0
0
0
0
0
0
0
0
0
0
0
0
0
0
0
0
0
0
0
0
0
0
0
0
0
0
0
0
0
0
0
0
0
0
0
0
0
0
0
0
0
0
0
0
0
0
0
0
0
0
0
0
0
0
0
0
0
0
0
0
0
0
0
0
0
0
0
0
0
0
0
0
0
0
0
0
0
0
0
0
0
0
0
0
0
0
0
0
0
0
0
0
0
0
0
0
0
0
0
0
0
0
0
0
0
0
0
0
0
0
0
0
0
0
0
0
0
0
0
0
0
0
0
0
0
0
0
0
0
0
0
0
0
0
0
0
0
0
0
0
0
0
0
0
0
0
0
0
0
0
0
0
0
0
0
0
0
0
0
0
0
0
0
0
0
0
0
0
0
0
0
0
0
0
0
0
0
0
0
0
0
0
0
0
0
0
0
0
0
0
0
0
0
0
0
0
0
0
0
0
0
0
0
0
0
0
0
0
0
0
0
0
0
0
0
0
0
0
0
0
0
0
0
0
0
0
0
0
0
0
0
0
0
0
0
0
0
0
0
0
0
0
0
0
0
0
0
0
0
0
0
0
0
0
0
0
0
0
0
0
0
0
0
0
0
0
0
0
0
0
0
0
0
0
0
0
0
0
0
0
0
0
0
0
0
0
0
0
0
0
0
0
0
0
0
0
0
0
0
0
0
0
0
0
0
0
0
0
0
0
0
0
0
0
0
0
0
0
0
0
0
0
0
0
0
0
0
0
0
0
0
0
0
0
0
0
0
0
0
0
0
0
0
0
0
0
0
0
0
0
0
0
0
0
0
0
0
0
0
0
0
0
0
0
0
0
0
0
0
0
0
0
0
0
0
0
0
0
0
0
0
0
0
0
0
0
0
0
0
0
0
0
0
0
0
0
0
0
0
0
0
0
0
0
0
0
0
0
0
0
0
0
0
0
0
0
0
0
0
0
0
0
0
0
0
0
0
0
0
0
0
0
0
0
0
0
0
0
0
0
0
0
0
0
0
0
0
0
0
0
0
0
0
0
0
0
0
0
0
0
0
0
0
0
0
