-6
-6
-5
-5
-5
0
-1
-11
4
0
-4
-2
-1
-4
-3
-4
0
-2
-2
0
-2
2
-6
2
1
-3
-5
11
-7
0
-1
0
-1
1
-1
0
0
0
0
-1
1
-1
2
1
-2
1
0
-1
-2
2
-2
0
-1
-1
-2
0
-2
0
-2
-2
0
-1
-1
0
0
0
0
-1
0
1
0
2
0
0
0
0
0
0
-2
2
-1
-1
1
2
-2
2
2
-2
1
-1
1
0
1
-1
-1
2
-1
0
-1
0
-7
13
-5
-3
3
3
-5
3
-1
0
-1
1
1
0
0
0
2
0
-1
3
6
-8
2
4
-2
2
-1
2
0
-11
-3
-3
-3
-6
-4
5
-6
-3
-3
-2
-1
-4
-2
-4
2
-5
1
-1
8
-17
15
-12
5
-8
10
-3
-6
4
-5
2
-2
1
2
0
0
-1
0
1
-2
1
0
3
-2
1
-1
0
0
-1
-1
1
-5
3
-3
-1
-2
-1
1
-1
-1
0
-1
-1
0
-1
0
0
0
0
2
-2
-1
2
-2
4
-4
2
-1
1
1
0
1
1
-1
2
0
0
-2
2
1
-1
1
2
2
1
-2
4
-3
4
-5
-2
12
-8
6
-11
16
-15
8
-1
2
-5
3
-1
2
-1
1
1
-1
1
-4
9
-1
-2
0
2
2
-3
-9
-6
-3
-5
-9
6
-8
3
-7
-4
3
-5
-2
-1
-3
-3
0
-3
2
-5
8
-10
9
-13
0
8
-9
2
-4
-1
0
-4
5
-5
2
1
-1
1
-1
1
0
-2
2
1
0
0
0
1
-2
0
-2
2
-8
8
-5
0
1
-3
0
-1
-1
-2
-2
0
0
0
0
0
0
0
1
-2
3
1
-4
9
-7
3
-3
1
-1
1
0
0
1
0
3
-2
0
1
0
3
0
0
2
-4
5
-3
0
0
-3
4
-7
11
1
-13
10
-9
9
-3
4
-2
1
0
1
2
0
-3
5
-2
-5
7
-4
11
-6
2
2
1
-7
-7
-4
0
-10
8
-28
20
-5
-3
-3
-1
-7
3
-6
-1
3
-2
-11
15
1
-19
10
-11
11
-13
13
-8
2
-4
4
-9
3
0
0
1
0
1
-1
2
-2
1
0
3
-2
0
-1
2
-5
3
-5
-3
3
-3
-2
4
-1
-2
-1
0
-1
-2
0
0
0
0
0
0
0
2
0
-1
0
6
-1
-1
4
0
-4
6
-4
3
0
1
-2
2
-1
2
-1
2
0
0
0
2
1
0
3
-7
5
-3
3
-6
13
-14
12
-9
11
-17
3
16
-10
-2
3
1
-4
6
-3
2
1
0
-3
23
-25
12
-7
6
0
2
-8
-7
-1
-6
-4
-6
26
-40
6
3
-3
-4
6
-11
-5
-1
2
-1
7
-24
19
-10
1
5
-4
-8
12
-13
4
-1
0
-2
4
-6
4
-2
-1
2
-1
0
0
1
0
2
0
-1
1
-2
0
2
-3
-3
3
-5
1
-2
0
-3
-2
1
0
0
-1
-1
0
0
0
1
0
1
-1
-2
1
-2
3
-4
3
-2
-1
4
1
-1
1
1
1
1
0
1
1
0
-1
2
-1
0
3
-5
4
-2
1
-1
6
-11
12
-7
-3
5
3
-10
19
-23
7
1
3
2
-2
-6
9
0
-1
7
8
-35
30
-2
0
1
2
-1
-5
-8
-5
-5
4
-28
19
-16
15
-12
3
-6
0
-4
-1
-3
-1
3
-10
12
-11
4
-12
8
-3
-4
19
-30
14
1
-3
-5
4
-2
1
-2
0
1
1
0
2
-2
2
-1
1
-4
7
-7
4
4
-7
1
-1
-1
-1
0
-1
-1
-1
0
0
-2
-1
-1
0
-1
0
-1
1
0
0
-1
0
0
0
-1
0
2
-6
5
5
-7
7
-4
1
1
3
-2
2
-1
1
-1
1
-2
2
-2
4
-4
-2
2
15
-28
19
-3
-1
10
-11
6
-10
13
-8
4
0
-1
2
-2
3
-2
5
-10
16
-13
22
-25
8
4
1
0
-5
-6
-8
0
-4
0
-8
-1
-5
-3
3
-7
7
-14
1
5
-9
8
-17
30
-23
11
-33
13
14
-13
15
-12
-3
3
-4
-2
4
-4
4
-4
2
0
2
-3
2
-2
2
-1
3
3
-4
-4
1
1
-1
1
-3
3
-3
2
-2
-1
-3
0
-1
-1
0
-2
0
0
1
0
0
1
-2
1
-1
3
-2
3
-2
2
-1
2
2
-4
-4
3
4
0
2
-2
3
-1
0
0
1
-3
4
-4
4
-2
-4
5
-3
-10
16
-12
15
15
-32
12
-23
32
-16
9
-8
7
4
-12
10
-4
6
2
-4
2
-4
5
-1
7
-3
3
-11
-4
0
-10
-2
-2
-15
9
-2
-2
-2
-6
0
-6
1
-5
3
-6
3
42
-113
78
-12
16
-5
-20
12
-18
13
-5
3
-7
3
-4
3
-2
4
-4
2
0
2
0
0
3
1
6
-22
23
-16
5
-3
4
-2
0
-1
0
-2
-1
-2
-1
-1
0
-1
-1
0
0
0
1
0
1
-1
0
-1
1
0
0
-1
4
-1
7
-15
23
-22
7
1
2
0
-1
2
1
1
-3
4
-1
4
-4
3
-6
5
-3
14
-16
12
-18
-4
16
-10
80
-112
44
3
-5
3
-2
5
-2
3
-2
0
1
0
12
-11
2
1
-3
4
4
-8
-8
1
-7
1
-8
-12
15
-14
6
-12
10
-16
9
-9
-1
4
-19
21
35
-109
100
-74
65
-44
6
9
-9
5
2
-10
2
3
-4
3
-1
0
0
0
0
0
0
1
-4
13
-13
3
-3
4
-1
0
-1
-1
0
-1
0
-3
3
-2
-2
0
-1
-1
-1
1
0
0
-1
1
-2
-1
2
-2
2
2
1
1
-1
0
-1
5
-1
2
-12
14
-4
0
2
0
1
0
0
1
0
3
-4
3
3
-9
3
7
-7
10
7
-44
67
-74
101
-108
37
23
-16
5
2
-4
12
-13
12
-9
10
-12
18
-7
-4
5
-2
7
-1
-13
-3
-2
-7
5
-9
-18
12
-5
2
-6
-1
-1
-2
-8
-1
5
1
5
-19
-7
10
1
19
-4
-52
17
29
-20
11
-2
-8
1
-1
6
-3
0
0
1
-1
0
0
-2
8
-8
-4
8
-2
-12
6
0
1
-3
-2
0
1
-1
-3
0
-3
0
0
-2
-1
0
0
-2
1
1
-1
1
-1
1
0
2
-1
-2
2
1
7
-11
0
8
-2
-7
7
-1
1
0
0
1
0
1
-2
5
0
1
-6
-1
11
-19
30
18
-51
-3
21
2
10
-7
-17
7
1
6
3
-6
1
3
4
-2
5
-3
16
-14
-6
8
1
2
3
13
-35
25
-23
6
-20
20
-10
-6
6
-4
-7
3
-4
-9
10
-19
21
-31
33
-13
6
-48
87
-86
56
-32
4
0
12
-20
9
-2
3
-1
-3
3
-1
-1
0
0
2
0
0
1
-3
-1
6
-3
0
0
-1
-2
1
-2
1
-3
-1
0
-6
5
-1
-1
0
-1
0
-2
-1
5
-5
1
0
-2
1
-1
2
-2
0
1
1
-3
6
-1
-3
1
0
-1
1
0
0
0
0
3
-1
-2
3
-2
10
-19
14
1
5
-31
57
-85
87
-47
7
-12
34
-29
22
-18
14
-5
-1
6
-4
-2
10
-3
-7
23
-18
9
-16
30
-26
38
-35
-50
145
-401
663
-408
27
-44
99
-124
149
-181
232
-279
289
-370
596
-895
1053
-848
511
-483
471
-196
-108
222
-260
248
-186
198
-189
105
-92
84
-64
58
-49
44
-38
24
-15
9
6
-32
38
1
-29
19
-11
4
-2
-2
2
-2
-1
-4
6
-13
14
-13
9
-6
2
-1
2
-5
9
-13
14
-12
7
-3
0
-2
4
-1
0
6
-10
20
-27
2
38
-32
6
10
-14
24
-38
44
-49
60
-64
85
-90
105
-187
199
-184
249
-258
223
-107
-194
473
-481
512
-847
1054
-895
598
-369
291
-276
235
-178
153
-122
104
-42
31
-404
668
-399
151
-45
-27
81
-104
68
24
-202
-28
404
-150
-181
122
29
-134
82
77
-172
13
279
-128
-395
129
450
-119
-430
107
357
-16
-324
85
143
-45
-126
81
40
-60
-11
53
-9
-33
16
15
-12
-3
3
-13
14
20
-22
0
-3
2
0
0
-3
-6
7
4
-14
-3
17
-5
-13
4
3
-2
0
-2
4
5
-12
-4
18
-3
-12
6
8
-5
-2
1
1
3
-2
1
-22
19
15
-13
3
-2
-12
15
16
-34
-10
55
-11
-59
40
81
-125
-45
144
86
-323
-15
358
109
-429
-118
450
130
-393
-127
280
16
-169
80
85
-130
31
125
-179
-146
408
-26
-198
32
73
-97
7
8
-20
-70
-65
113
-2
72
-12
0
-39
-34
-53
-25
27
22
68
36
27
-78
52
2
-42
-181
148
-145
97
-4
8
32
23
-12
1
-19
-9
5
-7
2
2
6
2
0
-1
-4
-10
1
6
6
-6
0
-1
-4
-1
2
-4
3
3
1
-3
-2
-5
-1
1
0
1
0
1
-1
-3
-1
-3
1
4
4
-3
3
-1
-2
0
0
-5
7
8
3
-10
-2
-1
1
2
6
4
1
-6
6
-9
-18
1
-10
25
32
9
-2
99
-145
149
-179
-39
2
53
-77
28
37
69
26
29
-20
-50
-31
-36
2
-11
76
2
116
-62
-62
-16
17
-74
58
-61
34
-73
-15
146
-49
-20
-22
9
-18
4
18
5
-51
28
-148
196
-59
-69
142
1
-15
-156
31
68
11
-41
-1
10
52
-53
-16
39
-22
4
2
5
-4
-1
0
1
6
8
-4
-2
-12
7
-2
1
-3
3
-3
0
-1
-4
7
-7
2
-2
-1
-1
0
0
0
-2
1
-1
2
-7
8
-3
1
1
-2
3
-1
2
-2
8
-12
-2
-4
7
6
0
1
-1
-2
4
2
4
-22
40
-16
-53
53
11
-1
-40
14
69
31
-155
-14
3
142
-68
-57
197
-146
29
-48
9
21
7
-14
11
-20
-18
-46
150
-11
-69
41
-56
67
-79
15
18
-34
-42
292
-147
-291
168
-5
23
35
-21
64
-33
40
-210
-234
473
54
-3
-171
-240
73
298
-50
-13
-100
-16
-17
29
50
-9
-6
-17
-4
-1
4
5
5
-2
-8
-6
17
5
-20
10
0
-4
0
0
-1
1
1
-3
-1
-4
0
6
-2
-6
-1
-1
1
0
1
1
0
-5
-1
8
2
-3
-1
-2
1
2
0
0
0
-3
1
10
-22
5
19
-7
-7
-2
4
5
5
0
-4
-17
-6
-9
51
31
-18
-14
-100
-13
-50
299
75
-239
-169
-2
56
474
-233
-209
44
-31
67
-18
38
26
-1
170
-287
-143
295
-40
-27
23
23
-18
40
-54
-55
125
-82
-105
256
-294
250
-63
-171
210
-30
-263
464
-490
321
12
-435
730
-635
251
82
-298
321
-186
56
41
-117
131
-77
-19
63
-41
11
7
-16
16
-11
4
2
-15
26
-22
13
0
-5
0
-1
-3
2
-2
1
-4
0
0
-1
1
0
-6
2
-2
-1
0
0
-1
3
-5
0
2
1
1
1
-2
2
-2
4
-2
0
1
-3
1
13
-22
26
-14
2
5
-10
16
-16
8
12
-40
63
-19
-76
132
-116
41
57
-185
323
-296
83
251
-635
731
-433
13
322
-489
467
-260
-27
212
-167
-61
253
-293
259
-102
-79
128
-48
-50
48
69
-92
89
-116
137
13
-378
350
91
-311
259
-160
5
156
-254
153
204
-368
46
259
-279
16
238
-215
41
84
-87
15
41
-56
42
-16
-20
21
-3
-7
5
1
-6
4
2
-8
4
11
-16
-1
14
-8
-1
1
-3
-1
-1
1
0
-7
6
-5
-1
4
-5
-2
2
-2
0
-1
3
-2
-4
5
0
-6
7
-5
1
2
0
0
-1
3
0
-8
16
-1
-15
11
5
-8
2
4
-5
2
6
-7
-3
23
-20
-15
42
-54
43
16
-85
85
42
-214
240
16
-278
261
47
-367
205
158
-252
158
8
-156
262
-309
92
353
-374
16
141
-108
93
-85
9
-6
10
-30
-4
-18
-31
29
26
-35
6
23
-36
12
29
1
-64
17
-3
40
3
-32
-32
49
-18
0
-2
5
-8
-9
2
4
-4
2
1
-2
-1
-1
1
0
0
-3
3
2
-5
10
-10
1
2
-1
-1
1
-1
-4
3
-2
-2
-1
-3
0
1
-1
-2
-1
0
0
-2
-1
1
2
-1
0
-1
-1
4
-3
0
2
0
1
3
1
-10
11
-4
2
4
-2
0
1
2
-1
0
-1
2
3
-4
5
3
-8
-7
6
-1
1
-17
51
-31
-32
4
42
-1
19
-63
3
33
16
-33
26
8
-30
27
32
-27
-14
-1
-22
14
3
-54
22
-16
-7
-6
28
-13
89
-130
9
17
-8
7
-6
11
-23
-52
76
0
-23
-25
42
-18
-30
50
-31
18
-17
1
11
-11
-9
7
0
-2
-1
-1
1
1
-1
-1
1
-2
-2
7
-12
10
-3
-1
-1
-1
-2
0
-2
0
1
-4
0
2
-2
-1
-2
0
-1
-1
0
1
-1
-1
-1
3
0
-4
2
2
0
0
-1
0
-1
0
-1
10
-12
7
0
-1
2
0
1
1
1
1
1
0
1
7
-8
-10
12
2
-15
19
-28
51
-29
-16
42
-24
-22
1
77
-51
-21
15
-3
11
-7
19
12
-128
93
-10
32
-4
1
-11
29
-35
42
-40
-33
-24
175
-234
149
-37
-78
83
-2
-48
15
23
-57
31
38
-65
-10
82
-113
55
43
-68
19
8
-12
7
8
-34
22
4
-11
4
3
-3
2
0
0
0
-1
3
-5
16
-24
12
0
0
0
-1
0
0
-1
-2
-1
-1
0
2
-8
5
-2
-1
-1
0
-1
-1
-2
6
-7
1
0
0
0
0
0
0
0
-1
0
1
0
12
-24
17
-4
4
-1
1
1
-1
3
-3
2
4
-11
4
23
-32
8
9
-11
10
21
-67
44
56
-110
83
-9
-63
39
32
-54
27
20
-45
0
87
-74
-34
154
-230
178
-21
-25
-35
51
64
-66
4
45
-32
-57
18
51
8
-36
-22
6
16
8
-37
27
-50
59
-69
64
-7
-36
17
14
-25
-2
12
-7
9
-19
4
7
-7
1
2
-2
0
2
-2
2
-1
-1
0
5
-4
-2
4
-2
0
-1
-1
-1
0
-1
0
-1
-1
0
1
-2
-1
0
-1
-1
0
-1
0
0
-1
-1
1
2
-1
-1
0
0
0
1
-1
-1
1
-1
5
-2
-3
6
-2
1
-1
2
-1
2
0
-2
3
0
-7
9
6
-16
10
-7
13
-2
-24
14
19
-35
-6
66
-69
59
-49
31
-33
12
18
10
-19
-32
9
56
22
-52
-29
53
8
-58
34
-59
26
50
-64
-15
-11
68
-53
-9
4
23
-9
-38
24
12
-17
-10
9
-12
14
-7
-3
5
-7
2
-2
-1
0
-8
12
-9
0
3
-2
-1
-1
3
-1
-2
0
4
-1
-1
3
-3
1
-1
-1
-1
-1
-1
-1
-2
0
-1
-2
-2
1
-1
-2
0
-1
-2
0
-1
1
0
-1
1
2
-1
-1
1
1
-1
0
0
-1
0
0
0
3
-2
4
-1
-2
3
0
-1
0
3
0
0
-2
4
0
-9
13
-7
0
0
-2
3
-6
8
-3
-5
14
-10
10
-9
-17
17
29
-35
-5
25
7
-6
-51
72
-7
-12
-60
57
31
-51
-13
-10
13
-37
19
9
-5
-30
23
-11
-1
1
0
-10
0
-1
-7
-2
12
-13
-1
1
4
-10
2
3
-5
-2
-3
3
-4
1
1
-1
1
0
-1
0
0
1
1
-1
1
0
0
1
0
-1
0
-1
-1
0
-1
0
-1
-1
-1
-2
0
-1
0
-1
-1
0
0
0
0
0
1
0
1
0
0
1
0
0
0
1
0
1
1
0
1
0
1
0
0
1
1
1
1
0
0
1
1
0
1
2
-4
4
-1
-1
-5
5
4
-9
5
4
-1
-11
13
-2
-6
3
4
-6
2
4
1
-7
25
-27
-1
14
22
-30
18
-1
-13
-2
-15
16
-19
-20
25
3
-22
3
-2
0
-3
-3
0
-4
-1
-1
3
-8
0
4
-4
-2
-2
1
-3
1
0
-1
-1
0
-1
1
0
1
0
-1
0
0
1
0
0
1
-1
0
0
1
-1
-1
0
-1
-1
-1
0
0
-1
-2
0
0
-1
0
-1
0
-1
0
0
0
-1
0
0
0
0
0
0
1
1
0
-1
1
0
1
0
1
-1
0
0
0
1
1
1
0
0
1
0
1
-1
0
0
-1
0
2
-4
3
0
-2
-2
6
0
-7
4
1
0
0
3
-1
-1
3
0
6
-20
6
28
-16
-15
24
-10
7
-14
2
-10
-6
0
7
-20
4
-6
0
-2
-3
-3
-1
-6
0
3
2
-13
5
2
-2
-2
2
-1
-4
3
-6
1
-1
0
-1
0
-1
-1
-1
0
1
0
0
0
1
0
1
0
-1
-1
-1
-1
-1
-1
-1
-1
-1
-2
-2
-1
-1
-1
-1
0
0
0
0
0
0
0
-1
0
1
0
0
0
0
0
0
-1
0
0
1
0
0
0
0
0
1
-1
1
0
0
0
2
0
0
0
0
0
0
-1
0
2
-3
4
-4
1
4
-1
-1
2
5
-11
1
4
3
-2
1
0
0
0
5
-4
9
-17
11
4
0
-6
8
-7
-5
-4
-5
-4
-7
3
1
-10
-1
-4
0
-3
-3
-4
-2
-3
2
-7
1
-2
3
-3
-2
0
2
-2
-1
-1
0
-1
2
-3
1
-1
1
0
0
0
-1
0
0
-1
0
0
1
-1
0
-1
0
-1
0
-1
0
-2
0
-1
-1
0
-1
-1
-1
0
0
0
-1
0
-1
0
0
0
0
0
1
-1
1
-1
-1
-1
1
0
1
-1
1
0
1
-1
1
0
0
-1
-1
0
0
-1
3
-3
2
0
0
-1
0
0
0
0
0
-2
3
-1
2
-6
4
-2
2
0
0
1
2
-2
3
-8
6
8
-4
-1
1
1
2
0
-8
-5
-3
-2
-2
-1
-8
3
-2
-4
-1
-2
-3
-1
-2
-7
4
3
-8
1
0
-4
3
-2
-3
1
-2
-2
1
-2
-2
0
0
0
0
0
0
2
-1
1
1
0
0
0
0
0
0
-1
-2
-1
-1
0
-1
0
-1
-1
-1
-1
-1
0
-1
-1
0
-1
0
0
0
0
-1
0
0
0
-1
0
-1
2
-1
0
0
0
1
1
0
0
1
-1
1
1
-2
1
1
0
2
1
1
0
-2
0
1
-1
0
1
-2
-1
5
-4
2
1
-6
3
6
-6
0
3
-2
1
2
-1
1
5
-4
1
0
1
4
0
1
-1
-11
4
-11
1
-3
-6
-1
0
-2
-1
-3
-2
-4
-2
-1
-4
2
-2
2
-3
0
-2
-4
2
-1
0
-2
-1
0
-2
0
0
0
0
0
-1
-2
0
-1
0
-1
0
0
0
1
-1
-1
-1
-1
-1
-1
0
-1
0
-1
0
-1
0
-2
0
-2
-1
-1
1
0
0
-1
1
0
0
0
1
0
1
0
0
0
1
-1
0
-2
0
1
0
1
1
0
1
-1
1
-2
0
0
0
0
0
1
-1
0
0
-2
0
1
3
-3
1
1
-1
2
-1
3
-3
1
0
-1
1
-1
1
0
1
4
-3
0
4
-4
9
-3
-12
-3
-6
-1
-4
-2
-4
0
-7
-1
-3
-2
-2
-1
-2
-4
-1
-2
1
0
-1
0
-4
2
-3
-2
-1
-3
1
0
0
0
0
0
0
0
0
0
0
1
-1
1
0
1
-1
1
0
0
-1
-2
0
-1
0
-1
-1
0
0
0
-1
1
-1
-1
-2
1
-1
0
0
0
-1
0
-1
0
1
0
0
0
1
0
0
0
0
-1
-1
1
-1
0
0
1
-1
2
-1
0
1
1
0
0
0
-1
0
0
1
-1
0
1
-2
2
-2
0
-1
2
1
0
0
1
1
1
0
0
0
2
-5
4
0
2
-1
5
-3
5
-11
-5
-6
-2
-4
-4
-2
-7
2
-2
0
-2
-2
-3
-2
-3
0
-2
2
-4
-1
2
-3
0
-1
0
-1
0
-1
0
-1
-2
1
0
0
0
0
-1
0
-1
0
0
1
0
0
-1
0
0
-1
-1
-1
0
-1
0
0
0
-1
-2
0
-1
-1
0
-1
0
0
0
0
0
-1
0
-1
-1
0
0
1
1
0
0
-1
0
0
1
-1
0
1
1
1
0
-1
0
0
0
0
1
0
0
1
-1
0
1
0
0
0
1
-1
1
-2
3
0
-3
3
-1
0
0
1
0
0
0
2
0
3
-4
2
0
-1
6
-1
3
-2
-2
-2
-1
0
-1
-2
-2
-2
-3
-2
-1
-1
-2
-2
-2
0
-1
-1
-1
0
-1
-1
-1
-1
-1
-1
-1
0
0
0
-1
0
0
0
0
0
0
0
0
0
0
0
0
0
-1
0
0
0
-1
-1
0
0
-1
-1
-1
-1
-1
0
0
0
-1
-1
-1
0
0
0
0
0
0
0
0
0
0
0
0
0
0
0
0
0
0
0
0
0
0
1
1
-1
-1
0
0
0
0
0
0
0
0
0
0
0
-1
-1
-1
0
0
0
0
0
-1
0
0
0
0
0
0
0
1
0
0
-1
-1
0
0
0
0
0
0
