0
-2
1
-1
-3
14
-35
30
-8
-3
0
-1
0
-1
-1
3
-2
-8
9
-3
0
0
0
0
-1
0
0
0
-1
1
0
-1
0
-1
1
-1
-1
0
1
-1
0
0
0
0
0
0
-2
0
-1
0
-1
1
-1
0
0
0
0
0
0
1
0
0
-1
0
0
0
0
0
0
0
1
-1
-1
-1
-1
0
0
-1
1
-2
0
-1
0
0
0
0
0
-1
-1
0
-1
-1
0
-1
-2
0
-1
1
-1
-1
0
-1
-1
1
-1
-1
0
-1
0
2
-9
8
1
-4
0
0
-2
0
-2
2
7
-31
34
-17
1
-1
-3
-2
0
0
0
0
-4
-1
1
2
-1
-1
0
-1
0
0
0
-1
-1
1
1
-1
1
1
-2
0
0
0
0
0
1
-1
-1
-1
0
-1
0
-1
0
1
0
-1
-1
0
-1
-1
0
0
0
1
0
0
-1
-1
0
-1
-2
0
-1
0
-1
-1
0
-1
-2
0
0
-1
0
0
-1
0
0
-1
0
-1
0
0
0
0
0
-1
0
-1
-1
0
-1
0
0
-2
0
0
0
-2
-1
-1
-1
-1
-1
-1
0
0
0
-1
0
-1
-1
0
0
-1
0
0
-2
-1
1
-1
-1
-1
0
-1
-1
-2
1
-2
-4
0
3
-2
-2
-3
0
-1
0
0
-3
1
1
-1
-2
-1
0
-1
-3
-1
3
-10
4
2
-2
0
2
1
-1
0
1
0
-1
2
0
0
-1
0
0
1
-1
0
1
0
0
-1
0
0
1
-1
0
-1
0
1
-2
1
-1
0
0
-1
0
-1
0
0
-1
-1
0
0
-1
0
0
-1
0
-1
0
-2
0
0
-1
0
0
-1
-1
-1
1
-2
1
0
-1
-1
0
-1
0
0
0
0
-1
-1
-1
0
0
-1
-1
0
0
1
0
0
1
-1
0
-1
1
-1
-1
0
2
-2
-5
8
-5
-1
2
-2
-1
-1
0
0
-2
-1
2
-3
0
-3
0
-7
11
-29
62
-54
-17
67
-50
-1
22
-5
-34
45
-20
13
-24
-12
46
-47
36
-11
-10
11
-5
4
1
-2
1
2
-2
0
1
-1
0
1
0
0
-1
0
-1
0
-1
0
-1
0
-1
0
0
0
0
0
-1
0
-1
0
0
-1
0
1
0
0
1
0
0
0
0
-1
0
-1
0
-1
0
-1
0
0
1
1
0
-1
0
-1
0
-1
0
-2
1
-2
1
0
-1
-1
0
-1
0
-1
-2
1
2
-3
-1
1
-1
-4
4
-10
9
10
-36
46
-47
9
24
-13
18
-46
33
4
-26
-2
50
-69
16
53
-63
27
-13
2
0
1
-14
30
-46
92
-129
104
-79
68
-60
59
-80
59
2
-20
-3
41
-48
-4
37
-30
25
-20
11
-16
16
-2
-1
-1
-1
2
-1
-1
0
0
0
-1
0
1
-2
0
0
0
1
0
1
-1
0
0
0
-1
0
-1
-1
0
-1
0
-1
-1
0
0
0
-1
0
0
0
-1
0
0
-1
-1
-1
0
1
1
-1
0
-1
-1
-1
1
-1
0
-1
0
-1
-2
1
0
0
0
-1
-1
0
-1
0
-3
1
0
2
2
-16
16
-12
21
-25
29
-37
4
47
-42
2
19
-4
-61
78
-61
59
-71
79
-104
128
-92
43
-32
13
-6
0
14
-13
-12
25
-34
10
66
-97
75
-76
78
-40
19
-26
39
-86
116
-70
-23
81
-53
0
20
-13
2
-3
4
1
-13
18
-10
1
0
1
-2
-1
0
-1
-1
-1
1
-1
1
-2
1
-1
0
0
-1
-1
-1
-1
-1
-1
1
0
-1
0
0
-1
-1
-1
-2
0
-1
0
0
0
-1
-1
-1
0
0
0
0
1
0
0
-1
0
0
0
-2
1
-2
-1
-2
0
1
-1
-1
-1
0
0
-1
-2
10
-18
12
-2
-5
2
-3
12
-21
-1
54
-82
22
70
-116
86
-40
24
-21
38
-79
75
-78
96
-66
-10
34
-27
10
11
-19
0
17
-4
8
-27
-8
63
-51
-15
55
-55
10
136
-251
145
-26
9
9
-18
-30
72
-28
-17
5
6
12
-28
24
-8
-9
14
-8
1
-1
-1
0
0
0
0
0
-1
0
-1
0
0
0
-2
0
1
-2
0
1
0
0
0
-1
0
0
-1
-1
0
1
0
0
0
-1
-1
-1
0
-1
0
-1
-1
1
-1
1
0
-1
-2
0
-1
0
1
-1
-1
-1
0
-2
0
0
0
-1
-1
0
0
0
-1
7
-15
8
7
-24
27
-12
-6
-5
16
27
-71
30
17
-10
-9
24
-148
249
-138
-12
53
-56
14
50
-64
6
26
-10
4
-22
0
5
13
-17
34
-30
-30
28
13
5
-51
-7
230
-330
159
-9
-47
28
13
9
-9
-26
13
1
5
16
-34
21
0
0
-16
12
-1
0
-1
-2
-1
-1
0
1
0
1
-1
0
0
-3
0
1
-2
1
-1
0
-1
0
0
0
0
-1
-1
0
0
0
1
0
0
-1
-1
-1
0
-1
0
0
-1
-1
0
0
0
0
0
-2
2
-1
-1
1
-1
0
0
-1
0
-1
-1
1
0
0
-1
-1
1
-13
17
0
-2
-22
33
-16
-5
0
-14
25
8
-10
-15
-29
47
9
-161
328
-232
5
48
-7
-14
-28
30
29
-36
14
-15
-8
0
2
14
-13
-46
110
-42
-4
-30
-7
5
5
205
-332
141
1
26
-67
42
-35
42
-8
5
-4
1
15
-52
45
-12
-2
0
-1
2
-1
-1
-1
0
0
-1
0
-1
1
-2
0
-1
0
1
-1
0
0
0
0
0
0
0
-1
-1
0
-2
0
0
-1
0
1
0
-1
-1
0
0
0
0
0
0
-1
1
0
0
-1
-1
0
-1
0
-1
-1
0
-1
0
-2
0
0
0
-1
0
0
-1
0
-2
1
-1
-1
12
-46
52
-16
-2
4
-6
8
-42
35
-41
67
-27
-3
-142
330
-206
-8
-7
6
29
5
41
-111
44
12
-14
-7
0
-4
11
4
-32
3
17
46
-39
11
-12
-40
-135
286
-107
-12
-44
29
26
-24
27
-11
-7
8
-10
17
-18
-19
29
-20
35
-31
7
-1
-1
0
0
0
0
0
-1
1
-2
0
-1
1
-1
0
0
1
0
-1
0
-1
-1
-1
-1
0
0
0
0
-1
-1
-1
0
0
0
0
0
-1
0
0
0
0
0
-1
-1
0
0
-1
0
-2
0
-2
0
-2
-1
-2
0
0
-1
0
0
-1
0
-1
-7
31
-36
20
-30
19
17
-19
10
-6
8
11
-26
23
-25
-30
44
11
104
-288
132
38
9
-13
38
-48
-16
-4
31
-7
-12
-1
0
-5
7
6
37
-117
57
-36
36
-26
18
-46
316
-353
73
40
-55
36
-6
-8
19
-16
2
7
-6
-16
32
8
-30
10
-16
11
-1
0
0
0
0
-1
-1
-1
-1
0
-1
0
0
0
0
0
0
0
0
0
1
1
-1
-1
0
0
0
-1
0
-1
-1
0
0
1
-1
-1
0
0
-1
0
-1
0
-1
-1
-1
-1
0
0
0
-1
-1
0
-1
0
0
-2
0
-1
0
0
-1
-1
-1
0
0
-12
16
-12
30
-9
-33
16
4
-9
-2
16
-19
8
5
-37
55
-40
-76
350
-316
45
-20
25
-37
35
-60
115
-38
-8
-8
0
0
-7
4
-13
39
-41
-11
21
-5
4
5
-53
-26
115
-52
-6
32
-12
-2
-27
26
1
-13
4
-10
10
19
-26
-1
8
-15
14
-5
0
1
-1
2
0
0
-1
1
-1
1
-1
0
2
-1
0
-1
-1
1
-1
-1
0
0
0
0
0
-1
0
0
-1
-1
0
0
0
-1
1
-1
0
0
-1
0
0
0
0
-1
0
-1
0
0
-1
1
-2
0
-1
-1
0
-1
-1
-1
0
-2
-1
-1
0
4
-15
15
-9
0
25
-19
-12
10
-5
12
-2
-27
26
2
11
-33
6
52
-117
24
51
-7
-6
4
-20
10
41
-41
10
-5
3
0
-4
-5
-14
-7
83
-100
45
-22
49
-16
60
-203
113
-11
31
-16
-5
7
16
-12
-5
-9
13
-4
17
-22
-9
6
19
-32
33
-9
-2
-1
-2
-1
0
-1
1
0
-1
-1
2
-2
1
-1
1
0
0
0
-1
0
-1
0
0
0
0
0
0
0
1
1
-1
0
0
0
-1
-1
-2
0
0
-1
0
0
-1
-1
0
-1
0
-1
-1
0
-2
0
-1
0
-1
-1
0
0
-1
-1
-1
0
0
9
-33
31
-21
-7
9
21
-19
3
-14
8
6
12
-15
-9
4
15
-33
10
-114
201
-62
13
-51
21
-45
99
-84
6
11
4
1
0
-4
-4
-8
-32
140
-175
76
1
-19
50
190
-430
196
-18
40
-13
4
-17
17
0
-3
1
-3
-3
-5
17
-1
-5
7
-21
2
5
0
-1
0
0
-1
1
0
0
0
-1
0
0
-1
-1
1
0
-1
-1
1
0
-1
-1
1
0
0
0
0
0
-1
0
-1
0
0
0
0
-1
0
-2
-1
0
-2
0
-1
0
0
0
1
-1
-1
0
0
0
-1
0
0
0
0
-2
0
0
-1
0
-1
-6
-1
21
-9
4
-1
-18
3
3
2
-1
3
-1
-16
16
-3
12
-42
18
-196
428
-192
-51
18
-2
-76
174
-142
30
6
4
-1
0
-8
-4
11
50
-79
20
3
1
-11
83
-65
-82
42
51
-27
17
-48
29
15
-8
-9
9
-2
-6
-3
16
-9
13
3
-43
25
1
1
-1
-1
0
1
-1
0
-1
-1
1
-1
0
-1
0
0
-1
-1
-2
0
-1
1
0
0
0
0
-1
0
1
0
-1
-1
0
-1
-1
0
-1
0
0
1
-1
0
0
-1
1
-1
0
-1
0
0
-1
-1
0
0
0
0
-1
-2
0
-2
0
0
-1
-1
-1
-25
43
-3
-14
9
-18
2
6
3
-11
9
6
-16
-30
48
-18
24
-52
-44
81
63
-85
10
-3
-4
-21
78
-51
-13
2
2
0
-13
9
3
-3
-33
35
-30
28
-40
57
51
-115
41
-12
2
-4
8
18
-16
3
-4
4
-3
1
-5
7
-1
8
-7
-8
2
3
-1
0
0
0
-1
0
-1
-2
0
0
0
0
-1
-1
0
-2
1
0
1
-1
0
0
-2
-1
0
0
-1
-1
0
-1
0
0
0
0
0
0
0
-1
0
0
1
0
-1
0
-1
0
-1
1
-1
-1
-2
-1
0
-1
-1
0
0
0
1
-1
-1
-1
0
-3
-2
7
6
-9
0
-7
6
-1
4
-5
5
-3
16
-18
-9
3
-5
12
-42
114
-53
-59
37
-28
31
-38
32
0
-6
-11
9
0
-12
5
8
-1
-18
16
13
-27
13
-21
41
-17
-10
-8
20
-11
1
-1
-2
-1
5
1
0
1
-4
9
-11
-2
14
-14
10
-3
0
0
0
-1
0
0
-1
0
0
1
0
0
0
1
0
-1
1
-1
-1
-1
-1
-1
-1
-1
0
-1
-1
-1
0
0
-1
0
0
0
0
0
0
-1
-1
0
0
-1
0
0
-1
0
-2
1
-1
-1
0
0
-1
-1
-1
-1
-1
0
-1
1
-1
0
0
2
-10
13
-14
2
9
-9
3
-1
1
-3
-5
1
2
1
-1
11
-21
6
8
15
-42
19
-16
26
-12
-16
17
-1
-9
-6
8
0
-6
0
4
-5
14
-17
4
-14
35
-37
7
29
-29
10
-10
16
-20
14
-6
-8
13
-9
4
-4
5
-8
6
-5
7
0
-3
1
-1
0
-1
0
1
-2
0
0
-1
-1
1
-2
1
-2
-1
0
0
-1
0
0
-1
0
-1
0
0
-1
0
0
0
-1
-1
0
0
0
-1
-1
-1
1
0
-1
0
-2
0
-1
0
0
-1
-1
0
-1
-1
1
-1
-1
-1
-1
-2
0
-2
1
0
-1
0
-1
3
0
-7
5
-6
7
-5
4
-6
8
-13
8
5
-15
18
-17
8
-12
27
-30
-8
35
-38
13
-4
15
-15
4
-7
-2
1
0
-3
2
-1
21
-33
19
-16
16
-9
-3
-13
40
-31
12
5
-13
-2
8
-6
3
0
-1
6
-3
-1
4
0
-13
19
-11
5
-1
-1
0
0
-1
0
-1
0
0
1
-1
0
-1
0
-1
0
0
-1
0
0
0
0
-1
0
0
-1
1
0
0
0
1
0
0
0
-1
0
0
0
1
0
-1
-1
-1
-1
-1
0
-1
0
0
0
-1
-1
1
0
-1
-1
-1
0
0
-1
-1
1
-1
0
1
-5
11
-19
13
-2
-4
1
2
-6
1
1
-4
5
-10
2
13
-8
-12
30
-41
12
1
9
-17
14
-21
34
-22
0
-4
-2
0
-2
0
1
11
-16
4
-8
3
12
-7
-16
16
-4
4
-9
8
-7
-3
6
-3
-2
2
-1
-1
-1
2
1
-6
9
-4
2
-1
-1
-1
-1
0
0
0
1
-1
-1
0
0
1
0
0
0
0
0
0
0
0
-2
-1
1
-1
-1
-1
0
0
-1
0
0
0
-1
-1
-1
0
-1
0
0
0
0
0
2
-1
-1
-1
-1
0
-1
-1
0
-1
0
0
0
-1
0
0
-1
-1
1
0
-1
0
-2
4
-8
5
-2
-2
1
0
1
-2
2
3
-6
2
6
-8
7
-5
3
-18
15
4
-13
-5
7
-6
15
-12
-4
-1
-3
0
0
0
0
-11
15
-7
-1
4
-4
2
-14
29
-24
-2
5
-1
-7
9
0
-4
0
2
2
-2
-1
2
-4
7
-4
1
0
-1
1
-1
0
2
-1
-1
0
0
0
-1
1
-1
0
0
0
0
-2
1
-1
-1
1
-1
1
0
-1
1
0
0
0
-1
-1
0
0
0
-1
0
0
0
0
-1
0
0
-1
0
0
-2
1
-1
1
0
-1
1
-2
-1
-1
0
0
-1
0
-2
1
0
-1
1
0
-1
3
-7
3
-3
0
1
-3
-2
-1
4
0
-9
6
0
-7
-1
23
-31
13
-4
2
-5
0
6
-16
10
-4
-1
-5
0
-1
0
-3
-5
17
-19
8
-2
3
-4
-2
-9
12
-8
5
0
-7
7
-3
3
0
-1
1
-1
0
-1
3
-3
-3
5
-3
0
-1
0
0
0
-1
0
-1
0
0
-1
0
-1
1
-1
1
0
0
-1
0
0
0
0
1
0
-1
-1
-1
-1
-1
-1
0
0
0
0
-1
-1
0
0
-1
-1
0
-1
1
-1
1
0
-1
0
-1
0
0
0
0
-1
-2
0
0
0
-1
-1
-1
-2
0
-1
2
-6
3
2
-3
0
-1
0
-2
1
-1
-3
2
-7
7
0
-6
7
-13
7
0
1
-3
0
-9
18
-20
3
0
-2
-3
0
-2
0
-2
9
-17
9
-3
1
2
-1
-17
25
-20
8
1
-5
-1
4
-1
-4
3
0
-1
1
-3
4
-5
2
-1
-2
-1
1
0
-1
1
1
-1
0
0
0
0
1
-1
0
0
-1
0
0
0
0
-1
-1
0
-1
-1
-1
0
-1
-1
0
-1
-1
0
0
-1
0
-1
-1
0
0
0
0
0
-1
-1
0
0
-1
0
0
-1
0
1
-1
0
-1
-1
-1
0
-1
0
-2
-1
0
-1
-1
-1
2
-1
-2
4
-5
1
-1
1
0
-2
3
0
-5
1
5
-2
-10
18
-27
14
-1
-3
-2
2
-12
14
-11
-1
-1
-3
0
-3
1
-2
4
-6
1
0
2
-3
3
-11
6
-2
4
-4
-2
2
-4
4
1
0
-1
2
-1
0
0
0
1
-2
0
-1
0
0
-1
0
0
0
0
-1
0
-1
-1
2
1
-1
0
0
1
-1
0
0
1
-1
0
-1
0
0
0
-1
0
0
-2
-1
0
0
0
-1
0
-1
0
0
1
0
-2
0
-1
1
0
0
-1
0
-1
1
-1
-2
0
1
-1
0
-1
0
-1
-1
0
-2
-1
0
-1
2
-1
0
-2
0
1
-1
0
1
-1
-4
3
-3
2
3
-6
1
-7
9
-4
1
-3
-1
-3
6
-5
-2
-2
-1
0
-2
0
1
-6
8
-6
-1
0
0
1
-8
10
-8
-3
1
7
-9
7
-5
4
-1
-1
0
-2
1
0
-2
3
-2
3
-1
-1
0
0
0
1
0
-1
-1
0
-1
0
-2
0
-1
-1
-1
0
0
0
0
0
0
-1
1
0
0
1
-1
-1
0
0
0
0
0
-1
0
-1
0
-1
-1
0
0
0
0
-1
-1
-1
0
0
0
0
0
-1
1
-1
0
-2
1
0
-1
-1
-1
-1
-1
0
2
-2
2
-3
2
0
-1
1
-3
0
3
-5
5
-7
7
-7
-2
1
7
-12
5
-2
-4
-1
0
6
-9
4
-4
-3
-3
0
-2
0
-1
0
-1
3
0
0
-1
3
-5
10
-8
0
0
-1
1
-2
2
-2
0
-1
0
-1
0
1
-2
-2
1
-1
-1
0
-1
0
0
0
0
0
0
-1
1
-1
-1
0
0
0
-1
-1
-1
0
-2
0
0
0
1
-1
-2
0
0
0
0
0
0
0
0
0
0
0
-1
1
0
0
-1
0
0
0
0
0
1
0
-1
0
-2
-1
-1
-1
0
-1
0
0
-1
-1
-1
-1
0
-1
0
-2
-1
1
1
-2
0
0
-1
-1
-1
1
-3
1
-1
0
-1
-1
6
-13
5
-3
1
-1
0
-3
0
-2
-2
-4
-2
0
-1
1
-3
-3
6
-2
-2
-2
1
-2
3
-11
4
1
-2
0
-1
1
-1
0
-1
-1
3
-2
1
-1
2
0
-2
0
1
0
-1
-1
0
-1
-2
-1
0
1
-3
-1
0
-1
0
0
-1
0
0
-1
0
0
1
-1
-2
1
-1
0
-1
0
0
-1
-1
0
0
0
-1
0
0
-1
-1
-2
0
-1
-2
1
0
0
-1
0
1
-1
0
0
-2
-1
1
-2
-1
0
0
1
-2
0
0
0
-1
0
0
0
-2
0
0
2
-3
0
-1
1
0
-2
0
0
1
-2
-7
10
-5
0
-4
1
2
1
-8
2
1
-2
-3
0
-1
0
-1
-1
4
-4
-2
4
-4
2
-3
-4
1
-1
1
-2
-1
2
0
-1
-1
0
0
0
-1
2
1
-1
2
-1
0
-1
0
-1
0
0
1
-2
0
0
-1
0
-2
1
0
1
0
1
-1
-1
1
-1
0
-1
1
-1
0
0
0
0
-1
-1
-1
0
-1
-1
0
-1
0
0
0
0
-1
0
0
0
-2
-1
0
-1
0
-1
0
-1
0
-2
-1
0
-1
0
-1
0
0
-1
0
0
-1
0
-1
1
0
-2
-1
0
0
1
0
1
0
-2
1
2
-1
-1
-2
3
2
-3
1
-4
3
1
-6
0
-2
-1
-3
0
-1
1
0
0
-3
2
0
0
-1
0
-6
8
-7
3
-2
3
-4
0
2
2
-5
2
5
-6
2
-1
1
1
-2
0
1
-1
1
-1
-1
0
0
1
0
-1
1
-1
1
-1
-1
0
1
0
0
0
-1
0
0
0
0
-1
0
0
1
-1
0
-1
-1
0
-1
-1
-1
-1
-1
0
0
-1
0
-1
0
-1
0
1
-1
0
-2
-1
0
0
-2
0
-1
0
-1
-2
0
-2
0
0
1
0
-2
0
1
-1
0
1
-2
5
-5
-2
6
-2
-1
-1
3
-3
1
-4
7
-11
5
-2
0
-1
-1
-2
1
-2
-3
-2
-3
0
-3
13
-20
9
-7
8
-3
0
0
0
-8
4
-2
-1
0
8
-21
20
-12
10
26
-82
64
-13
-9
10
1
-8
8
-2
-2
0
0
-1
-1
1
-1
0
-2
0
0
-1
0
-1
0
-1
-1
0
0
-1
0
0
-1
0
0
0
-1
-1
0
0
0
-1
-1
0
-1
0
0
-1
0
1
0
-1
0
-1
0
-1
0
1
0
-1
-1
0
-2
1
-1
0
-1
-1
1
-1
-1
-1
0
-1
-1
-1
2
1
-8
8
-1
-11
7
12
-65
82
-26
-11
12
-20
19
-9
-1
0
0
-5
4
-2
-2
-1
1
-8
7
-11
16
-16
-2
0
0
14
-35
24
-7
1
0
0
-2
3
-6
5
-2
0
11
-36
26
-4
4
-29
72
-39
-50
64
-47
39
-9
-13
22
-21
9
-2
0
1
-1
1
-2
0
-1
0
-1
-1
0
-1
0
0
-1
1
-1
0
1
-1
-1
0
-2
-1
0
-1
1
-1
0
1
0
0
0
-1
-1
0
-1
0
-1
0
0
0
0
1
0
0
-1
-1
0
0
0
0
0
0
-1
-2
0
0
1
-1
1
-1
0
1
-8
21
-22
13
8
-38
46
-65
50
39
-72
28
-5
5
-27
36
-13
-2
2
-6
4
-5
0
-1
0
-2
5
-25
32
-15
-3
0
-1
-1
0
0
0
0
1
0
-2
0
0
-1
-2
0
3
1
-3
-4
0
1
0
-3
1
3
0
-2
-2
1
1
0
0
0
1
-1
-1
0
1
0
0
-1
0
0
-1
0
0
0
0
0
0
-1
-1
0
-1
-1
0
0
0
-1
0
0
-1
0
-1
0
1
-1
0
-1
0
1
0
0
0
0
-1
-1
0
0
0
0
-1
-1
-1
0
0
0
-1
-1
0
-1
-2
-2
-1
0
-1
-1
1
-1
-2
0
2
2
-1
-4
-1
1
0
-2
1
3
3
-1
-4
-2
1
0
-2
-1
0
-1
-1
-2
-1
-2
-1
0
0
