0
-10
6
2
-9
7
0
0
-5
4
0
-12
3
4
0
-10
11
-1
-2
-12
11
-2
-2
7
-1
-5
2
-3
7
-4
-1
11
-15
9
-6
-2
3
4
-6
7
-12
6
4
-5
1
1
-1
4
-9
8
1
-7
5
-3
1
-2
2
-1
2
-1
0
-2
1
1
0
-2
-2
2
-1
0
-2
0
-3
3
-2
2
-6
7
-2
-8
8
-5
1
-2
-2
4
-6
-7
12
-7
7
-3
-4
1
5
-8
15
-11
0
3
-6
3
-2
4
1
-9
0
2
-12
12
1
1
-12
9
-2
-6
-6
10
-3
-7
4
-2
-1
-9
7
-4
-8
5
0
-4
2
0
-3
4
-10
25
-17
3
-10
14
-15
6
2
-3
-4
-4
8
1
-12
27
-22
-6
23
-18
4
8
-3
-5
-1
5
-3
6
-9
6
-2
-1
14
-23
5
8
-10
5
-1
2
-1
-2
3
-1
-2
1
-6
4
4
-4
-3
4
-4
-2
-2
6
-7
3
0
-3
6
-7
1
2
2
-5
2
3
-5
-3
7
-2
1
0
-4
1
0
-2
0
-7
8
-8
-5
21
-16
1
2
-9
8
-7
2
-6
2
4
3
-9
-4
18
-24
7
23
-27
12
-1
-9
1
3
2
-5
-9
14
-15
7
-7
17
-25
10
-6
2
-1
-3
0
0
-6
2
-3
-1
22
-16
-22
18
12
-19
30
-37
14
3
-9
1
16
-23
29
-25
8
5
4
-19
10
1
4
-17
23
-13
-7
7
6
-10
0
-4
9
-9
16
-23
16
-2
-2
-3
-2
5
2
-7
7
-10
7
3
-9
-3
7
-1
-3
1
1
0
0
-2
0
0
0
0
-1
0
-1
-1
2
1
-7
3
8
-4
-8
9
-7
7
-3
-6
2
3
1
2
-18
23
-16
8
-10
4
-2
9
-7
-7
8
12
-24
17
-4
-3
-11
18
-4
-5
-9
25
-28
22
-16
-1
8
-3
-16
35
-31
16
-14
-19
23
14
-23
0
1
-4
1
0
-2
4
0
6
-30
78
-89
29
-2
6
5
-30
32
-17
-14
44
-31
-6
14
-2
4
-7
6
-12
5
2
0
5
-13
25
-28
12
7
-10
0
-4
5
1
-4
7
-9
7
-12
13
-7
0
1
0
-3
-1
4
-5
-8
12
4
-8
-6
12
-4
-7
4
-2
0
0
-1
0
-5
6
4
-14
8
7
-5
-13
7
4
-6
-1
0
0
-1
-2
7
-14
10
-8
6
-8
2
-1
-5
3
-1
9
-8
-12
28
-26
14
-5
0
-2
-6
12
-6
7
-4
2
-14
4
30
-44
13
15
-33
28
-6
-8
-1
-30
88
-78
28
-8
-2
-5
-2
0
-9
6
-7
-7
28
5
-44
36
-37
26
-12
17
-24
9
2
0
-6
-3
12
29
-61
26
9
-19
16
-4
-2
3
-3
-1
-9
13
-4
1
1
-11
6
5
-1
-8
5
-8
7
-4
-1
6
-14
6
3
2
-1
3
-5
-1
1
-4
-1
4
1
-2
-2
-1
6
0
-5
1
2
1
-3
-5
0
3
0
1
5
-2
-1
-3
-3
-6
13
-8
-1
4
-8
6
-8
6
1
-4
-7
10
-2
-2
3
-14
9
-1
2
-3
1
4
-17
18
-9
-26
60
-29
-12
2
5
0
-3
-11
22
-18
10
-28
36
-37
44
-6
-30
5
3
-6
3
0
-4
1
1
9
-8
-23
-43
135
-75
0
4
-6
14
-18
9
-8
2
18
-2
-23
14
-13
16
3
-16
18
-19
14
-11
4
2
2
1
-16
30
-24
9
-4
0
-2
1
-1
-2
-2
15
-13
5
7
-21
4
23
-17
2
11
-16
9
-6
2
3
-5
9
-8
2
0
-2
8
-9
4
-4
-2
4
-10
16
-12
-2
17
-23
-5
20
-7
-6
12
-15
1
1
1
-2
1
-2
3
-9
24
-30
15
-1
-3
-3
-5
11
-13
19
-20
15
-3
-18
14
-15
23
2
-18
-3
8
-10
17
-16
5
-6
-2
74
-135
42
22
8
-10
-2
-3
0
0
0
1
-7
6
6
-16
-14
37
-18
-16
36
-7
-10
-17
22
-23
13
-3
9
30
-61
9
21
7
-14
6
-1
11
-31
20
3
-1
-3
-4
-1
14
-17
7
-1
-6
8
-6
-5
10
-18
9
1
12
-16
0
-8
33
-15
-11
2
0
9
-13
7
4
-9
7
-7
0
7
-8
8
-4
-9
13
-9
0
-2
11
15
-33
6
-1
15
-13
-3
-10
17
-11
2
4
-8
5
0
-7
15
-15
1
3
4
1
-2
-21
31
-12
1
-7
13
-8
-20
-10
61
-30
-10
1
-13
22
-22
16
7
6
-38
15
16
-38
14
16
-8
-8
4
-3
-5
0
5
0
-4
-2
6
-23
20
9
-15
5
-19
13
21
-24
2
4
1
-5
15
-23
5
13
-12
-2
5
4
2
-9
7
-5
8
-9
-1
7
-5
6
-5
-5
6
2
-8
13
-20
20
-6
-14
25
-22
13
3
-1
-12
-7
8
5
-7
10
-3
-10
16
-12
5
-2
0
0
-5
12
-16
12
3
-11
6
-5
-8
6
11
2
-4
-14
22
-26
13
6
-19
18
-13
7
-2
-7
5
3
-7
4
-8
0
9
-8
4
-8
9
-4
-3
-5
2
11
-14
-5
22
-15
3
-3
-4
-4
23
-22
-15
19
-7
14
-9
-21
21
-7
0
2
-2
-9
0
-93
48
-10
27
-20
10
-30
-3
46
-10
0
-26
15
3
-19
-5
21
-4
6
-6
9
-9
-6
11
0
-5
-5
2
5
5
-15
3
7
-4
-3
-1
1
5
-11
5
10
-8
-3
-6
5
-10
30
-12
-16
8
6
-24
22
-6
1
1
-1
-2
-4
-4
6
0
2
0
-2
0
-6
3
4
0
-1
-2
-2
5
-22
23
-8
-8
16
12
-30
10
-6
5
1
8
-10
-6
11
-6
-2
0
1
2
-7
-3
15
-6
-7
-2
3
4
-2
-11
6
8
-10
7
-6
3
-21
5
18
-5
-18
24
-2
9
-49
2
30
-13
19
-30
7
-49
90
0
140
-216
228
-292
14
560
-367
-152
289
-365
203
184
-276
71
47
-89
93
-89
67
23
-42
-8
18
-24
26
-13
-2
22
-38
3
65
-68
19
22
-22
-4
5
1
5
-25
42
-48
38
-11
-1
-36
66
-48
24
-21
7
13
-16
8
-4
-1
0
4
-10
14
-14
9
-11
0
11
-11
13
-14
8
-6
0
0
4
-8
16
-13
-9
20
-24
47
-66
35
0
10
-39
46
-43
25
-5
-3
-5
4
22
-24
-20
67
-66
-3
40
-23
2
13
-25
23
-20
8
41
-23
-68
89
-95
88
-48
-72
275
-186
-205
364
-291
151
367
-562
-17
289
-231
214
-144
0
-141
34
89
246
-682
785
-392
88
-156
357
-423
182
55
-68
-99
102
-9
-21
-35
102
-80
14
42
-16
-5
-20
50
-17
-57
73
-23
-59
83
-38
-5
-1
-1
19
-15
-14
15
16
-46
29
50
-78
32
2
1
-16
2
4
-9
0
9
-1
-7
7
8
-14
2
7
0
0
-1
-7
-2
13
-8
-7
7
0
-8
-1
8
-4
-3
15
-1
-3
-33
77
-51
-31
45
-18
-17
13
14
-21
0
0
4
37
-84
58
22
-74
56
16
-50
19
4
15
-42
-15
80
-102
35
20
7
-103
98
66
-56
-184
422
-358
153
-88
392
-785
682
-248
-93
-33
138
0
143
-210
273
-549
498
94
-427
590
-826
606
59
-642
594
-225
28
104
-176
169
-167
119
57
-149
110
-88
78
-56
7
84
-168
114
45
-146
91
1
-11
-9
16
-17
3
43
-78
51
-10
-52
96
-38
-38
44
-43
63
-64
37
-13
-12
17
-18
16
-11
1
16
-35
37
-24
0
22
-38
34
-16
-2
11
-17
17
-17
10
11
-38
62
-64
42
-45
37
38
-97
51
9
-52
78
-44
-4
16
-17
8
11
-2
-91
145
-45
-115
166
-85
-8
56
-78
88
-110
150
-58
-119
167
-169
174
-105
-29
223
-595
640
-62
-608
825
-590
426
-95
-499
547
-275
209
-148
0
-146
165
-10
-103
535
-1379
951
-62
495
-371
-523
699
-421
-10
28
146
99
-110
-73
-177
320
-96
25
-41
-30
16
23
6
-122
286
-100
-146
74
-11
5
18
13
-79
-9
73
24
-32
-22
104
-109
-28
20
39
-9
27
-40
5
-5
5
7
-10
12
-12
1
-17
19
-8
18
0
-19
7
-19
16
-2
11
-12
9
-8
-7
5
-5
39
-28
10
-40
-21
27
108
-104
20
32
-25
-74
7
77
-13
-18
-5
9
-76
146
99
-286
123
-6
-22
-15
29
40
-26
95
-321
177
72
109
-98
-147
-28
7
420
-700
521
370
-497
62
-954
1378
-536
103
7
-166
142
0
104
-54
-199
462
-777
1294
-1162
540
-648
974
-1054
995
-731
372
-199
205
-171
56
139
-155
49
-41
67
-101
117
-114
126
-139
182
-345
390
-221
96
-34
-6
27
-44
72
-98
105
-126
135
-151
164
-152
123
-79
50
-27
-1
8
-13
16
-18
29
-33
29
-23
17
-17
18
-12
1
0
-1
11
-20
17
-18
23
-30
33
-29
18
-16
12
-8
1
26
-50
78
-123
153
-165
151
-135
125
-106
96
-73
43
-28
5
33
-96
221
-391
344
-182
138
-127
114
-117
100
-67
41
-49
155
-140
-56
172
-205
199
-372
728
-997
1051
-976
646
-541
1160
-1295
776
-463
194
53
-109
0
4
-9
11
445
-703
-518
1034
-124
-345
112
962
-1035
-140
383
-73
-225
220
93
-223
166
112
-181
-8
97
-73
-54
135
-75
-232
282
144
-169
-59
40
-6
14
37
-81
-1
41
37
-95
31
153
-146
-35
79
-21
-26
26
22
-65
49
3
-27
13
21
-34
10
23
-32
-5
19
0
-19
5
31
-23
-11
33
-22
-14
27
-4
-49
65
-21
-27
24
21
-78
35
146
-153
-33
95
-39
-42
1
79
-39
-14
6
-41
59
169
-144
-282
231
76
-134
53
74
-97
8
182
-113
-166
223
-94
-219
225
71
-385
138
1033
-964
-114
345
124
-1035
519
703
-446
-14
7
-8
0
-128
80
157
197
-889
1400
-1168
197
481
-336
-890
1379
-672
24
277
32
-291
229
-43
-151
100
-7
-18
-49
105
13
-100
46
182
-429
453
-282
74
-12
11
11
-23
21
84
-160
89
31
-167
139
-20
-62
84
-20
-9
-29
89
-63
-8
0
15
-25
26
6
-5
-26
28
-9
-2
0
1
9
-29
25
4
-5
-25
23
-16
-1
9
63
-89
27
8
20
-85
62
20
-140
167
-32
-90
158
-85
-22
22
-12
-13
11
-76
281
-454
430
-183
-47
99
-15
-106
48
20
6
-101
151
41
-230
291
-32
-280
-25
670
-1380
887
334
-482
-198
1168
-1402
887
-199
-160
-82
124
0
145
-145
-45
403
-440
-482
905
-518
638
-1062
1490
-1216
375
-186
299
-302
207
-42
66
-83
-51
88
-25
-11
15
6
-6
27
-136
264
-312
165
-6
1
-26
38
-40
85
-151
169
-183
145
-42
-25
36
-47
56
-40
14
-3
8
-33
33
-16
21
-29
24
-25
30
-40
36
-13
1
0
-3
13
-37
39
-30
23
-24
28
-22
15
-33
31
-9
2
-14
39
-57
47
-38
25
41
-145
182
-170
150
-86
40
-39
25
-1
4
-165
312
-265
135
-28
5
-6
-15
10
24
-88
51
83
-66
41
-207
301
-299
186
-377
1214
-1491
1060
-640
518
-903
480
439
-405
43
143
-149
0
-66
132
-205
246
-290
437
-395
105
443
-413
-862
807
387
-301
-111
131
18
-159
-42
65
230
-201
-14
99
-42
-93
33
76
-27
106
-246
87
72
-28
2
11
-104
70
152
-71
-133
-43
69
137
-89
-25
18
10
-29
-17
40
10
-41
31
12
-31
-2
10
7
-28
13
23
-23
0
23
-24
-14
27
-7
-10
1
30
-13
-32
41
-10
-41
16
28
-10
-18
24
90
-137
-70
41
131
71
-153
-71
101
-12
-4
28
-72
-87
244
-107
26
-76
-33
92
43
-99
15
200
-231
-65
43
159
-18
-131
108
299
-389
-809
860
411
-446
-106
394
-438
289
-248
204
-133
62
0
-44
16
120
-363
581
-667
382
119
-548
295
667
-1031
702
-213
-194
335
-274
76
124
-243
220
-54
-56
32
46
-103
60
124
-360
508
-468
251
-81
15
-14
32
-3
-102
205
-238
168
-54
-87
203
-173
54
30
-49
14
25
-44
34
10
-47
47
-7
-30
31
-5
-16
22
-12
-4
0
3
10
-23
16
4
-32
30
5
-47
48
-9
-35
43
-25
-15
48
-31
-53
175
-203
86
54
-170
237
-208
103
2
-33
13
-16
81
-252
468
-509
358
-124
-61
103
-47
-33
56
55
-222
242
-125
-76
273
-336
193
211
-704
1029
-669
-297
547
-120
-384
665
-582
361
-122
-17
40
0
101
-181
261
-480
-220
1355
-714
-372
631
-864
436
742
-884
226
-25
-130
317
-234
-20
183
-161
92
-19
-61
133
-148
119
28
-288
119
212
-151
28
1
7
-24
-9
93
-81
-33
131
-169
82
62
-134
69
27
-66
63
-56
42
4
-50
44
4
-35
35
-39
23
9
-30
43
-50
0
50
-44
29
-10
-26
38
-35
33
-5
-45
50
-6
-42
57
-64
65
-27
-70
134
-62
-83
169
-131
31
80
-95
8
23
-8
-2
-29
150
-212
-119
288
-28
-118
148
-134
60
20
-93
161
-183
19
234
-317
129
25
-227
883
-744
-438
862
-633
371
713
-1356
219
479
-264
180
-105
0
-133
2
44
411
-988
1023
-306
-37
-332
506
121
-722
477
-26
-52
-134
92
163
-296
103
107
-59
-36
8
62
17
-90
-30
275
-349
163
51
-94
23
-11
5
17
5
-108
159
-42
-96
92
14
-71
27
40
-17
-22
-2
21
3
-45
12
47
-44
0
14
14
-21
3
3
8
0
-9
-4
-3
20
-13
-14
1
44
-47
-12
46
-4
-21
0
23
17
-40
-26
69
-15
-94
94
40
-159
107
-6
-18
-6
10
-23
94
-52
-163
349
-275
30
88
-16
-62
-8
36
59
-107
-104
297
-163
-92
134
52
24
-477
721
-122
-508
331
37
305
-1024
987
-413
-47
-3
128
0
114
-217
235
-92
-525
785
-134
-334
290
-11
-374
324
-17
-56
104
-150
117
33
-166
89
6
-30
44
-36
15
15
-56
69
-42
-41
55
29
-35
6
-1
3
-21
-7
42
6
-55
39
-26
4
41
-28
-22
31
-21
20
-11
-3
2
8
-19
19
-14
1
7
-10
5
-5
0
0
-2
3
-5
8
-9
-2
14
-20
19
-10
-3
2
10
-20
20
-31
22
28
-40
-4
26
-40
53
-7
-43
5
20
-4
0
-7
34
-30
-56
42
42
-70
58
-15
-16
36
-43
30
-6
-89
166
-34
-118
150
-105
55
16
-326
374
10
-292
333
133
-787
523
91
-236
216
-117
0
49
-32
27
14
-15
-21
22
-26
-19
54
-16
13
-41
36
-28
14
8
-18
16
-8
5
2
-12
13
-7
1
-2
0
-2
6
-5
6
-5
0
-1
1
1
-1
-2
2
1
-1
4
-9
1
6
-3
3
-5
-2
6
-4
-2
1
-1
3
-2
-1
2
-1
1
0
-1
0
2
-1
-1
0
-2
1
2
-3
0
-1
0
3
-6
1
4
-3
3
-6
-2
8
-5
-1
-2
-3
1
0
-2
-2
1
-1
4
-7
4
-6
1
-1
2
-2
6
-13
12
-2
-6
8
-17
18
-7
-14
27
-38
41
-14
15
-55
18
25
-22
20
13
-16
-29
31
-54
0
-15
8
-3
8
-5
-9
4
4
-20
28
-10
-11
15
-9
0
-6
6
-2
3
-4
1
2
-1
-2
1
-2
0
6
-9
6
0
-1
0
-2
1
-1
0
-5
5
-2
-1
0
-1
-1
0
0
-1
0
-1
0
0
0
0
-2
1
-1
0
-1
0
0
-1
0
1
0
-1
0
1
0
0
0
0
-1
-1
0
-1
-1
1
-2
0
-1
1
-2
0
0
-1
-1
1
1
-5
5
-2
1
-1
1
-2
0
0
-7
10
-7
0
0
-2
1
1
-2
-1
3
-3
0
-6
5
-2
8
-18
9
8
-29
19
-5
-5
8
4
-10
1
-9
12
0
-1
-1
-1
2
6
-22
15
-10
9
3
-14
8
5
-7
-2
2
-6
8
-3
1
-2
3
1
-1
-1
1
-1
1
0
0
-1
0
0
1
-1
0
0
-1
1
-1
-1
-2
2
-5
2
-1
-1
0
-1
-1
-1
-1
0
-1
0
-2
0
-1
0
-1
1
1
-2
0
0
-2
-1
0
1
0
-1
2
0
0
-1
0
0
-1
0
0
0
-1
-3
4
-3
0
2
-1
-2
0
0
-1
0
-2
-1
0
2
1
-1
-1
1
-1
1
0
-1
-4
3
-1
2
-8
6
-2
0
6
-7
-11
14
-5
-11
9
-16
20
-8
-4
-2
-2
-4
0
2
-4
-2
2
2
-4
2
-1
-8
4
11
-7
0
-2
-4
2
-1
3
-4
3
-4
2
0
0
0
-1
3
-1
3
-2
2
-2
1
-1
1
-2
1
1
-2
1
0
-2
1
-3
4
-3
1
-1
0
0
-1
1
-2
-1
0
-1
0
-1
-1
1
-1
-1
-1
0
-1
0
1
-2
-1
0
0
0
0
0
0
-2
0
-1
-1
1
-2
3
-5
2
-1
2
-2
-2
2
-2
-1
1
-2
1
-1
2
-3
2
-2
0
-3
2
1
0
-1
-3
2
-3
3
-4
0
-2
2
0
-1
5
-13
-5
5
1
-3
4
-2
-4
-2
2
-7
0
-5
5
-5
6
-5
0
-1
3
-5
12
-26
15
0
-3
0
4
-3
-3
2
-2
1
-2
4
-4
1
1
1
-2
0
-1
4
-1
-2
-1
0
3
0
-2
-1
1
-2
-1
2
-2
1
-1
1
0
-1
0
0
0
0
0
1
0
-2
0
-1
-1
1
-2
0
0
-1
2
-2
0
0
-1
1
0
-2
0
0
0
0
-1
0
0
-3
1
-1
2
-3
0
1
-2
-1
1
-1
-3
1
0
2
0
-4
1
-1
2
-1
-1
-1
3
-3
1
-2
1
-3
2
1
-4
-2
2
-1
-16
25
-14
1
-5
0
-1
4
-9
2
-6
2
0
-1
1
-2
1
-2
0
-2
5
6
-15
10
-8
-1
5
-2
-2
6
-9
6
0
0
-1
1
0
-1
0
-1
2
-1
1
-5
2
0
1
0
0
-2
2
0
0
-2
1
-3
0
0
-1
0
0
-2
2
-3
1
-2
4
-3
1
1
-2
1
-2
0
-1
1
0
-1
0
1
2
-3
0
-1
-1
2
-4
2
-2
1
-3
1
-1
0
1
-1
-1
3
-3
1
-1
0
-3
2
-1
-1
-1
0
-2
4
-2
1
-2
0
0
0
0
-2
1
-1
0
-5
8
-5
1
2
-7
-1
7
-12
14
-8
-5
1
-2
1
-1
-2
-3
-4
0
3
-4
-2
0
-5
15
-13
5
6
-13
3
2
-7
4
-3
4
-4
-1
3
-1
-3
2
0
-1
1
-2
1
-2
-1
4
-5
2
0
-2
0
1
-1
0
-1
1
-1
2
-1
-2
1
-1
0
1
-2
-1
2
-1
0
0
-2
1
-1
1
-1
-1
0
-1
0
0
-1
0
-1
-1
1
0
0
-2
1
0
-1
1
-2
0
2
-1
0
1
-2
0
2
-3
1
-2
-1
-1
1
-2
-1
1
-1
-3
4
-5
1
1
-3
0
1
1
0
-2
3
0
-2
2
1
-4
2
-6
4
-3
-3
11
-7
-5
12
-17
4
0
-1
3
-7
0
-7
8
-5
4
-2
1
2
-6
11
-17
10
-3
-4
0
3
-5
3
-2
1
-1
0
-2
0
0
-2
3
-3
1
2
-2
0
-1
1
-1
1
-2
1
0
-1
0
0
-1
0
0
0
-2
1
-1
-1
-1
1
-2
1
-2
1
-1
1
1
-1
0
-1
0
0
0
0
-1
0
0
-1
-1
1
0
-2
0
-3
2
-2
0
0
0
-3
1
-1
0
-1
1
0
-1
-1
-1
-1
2
-2
-1
-2
1
0
0
-1
0
2
-3
1
0
-1
-1
0
0
-2
1
-3
4
-4
-1
3
2
-12
15
-12
5
-3
-1
2
-5
3
-8
3
0
3
-4
-1
0
0
-1
-1
3
-3
-1
0
0
0
2
-2
-1
1
0
0
-1
-2
2
-1
0
0
0
1
0
2
-3
4
-2
-1
0
-1
-1
0
2
-3
0
0
-1
-1
0
-1
0
2
-2
2
-3
0
-1
0
0
0
0
0
-1
-1
-2
1
0
-2
0
-1
0
-2
1
0
-2
-1
-1
1
-1
-1
0
-2
2
-2
2
-2
0
-1
-1
1
-1
-1
-1
2
-2
-1
1
0
-2
0
2
-5
3
-2
0
-2
0
-1
-1
1
-2
0
0
-1
0
-2
1
1
-3
-1
-1
0
-1
2
-4
1
0
-1
-2
-1
3
-7
0
0
0
0
0
0
0
1
1
1
-1
-1
-1
-2
-1
-1
0
-1
-1
-1
0
0
0
0
1
1
-1
-1
-1
0
0
1
0
0
-1
-1
-1
0
0
0
-1
-1
0
0
-1
0
0
0
0
-1
0
-1
0
0
0
0
0
0
-1
-1
-1
0
0
-1
0
-1
-1
-1
0
1
1
0
0
0
0
1
-1
-1
-1
-1
0
-1
-1
-1
-1
-1
-1
-1
0
0
-1
-1
-1
-1
-1
-1
0
0
0
0
0
0
0
0
-1
-1
0
0
-1
0
0
1
0
-1
0
0
0
0
-1
-1
-1
-1
-1
-1
-1
-2
-2
-1
