0
-2
1
-2
4
-15
27
-29
27
-11
-2
0
-4
-5
22
-18
-1
2
28
-90
81
-5
-12
-2
-16
40
-18
11
-77
91
-37
3
2
0
0
0
-2
5
-7
2
3
-2
-1
0
-1
0
-1
0
0
0
0
0
0
0
1
-1
0
-1
3
-2
-2
-1
0
-1
0
1
0
0
0
1
-3
2
0
0
-1
1
0
-1
0
-1
-1
1
0
-1
0
-2
0
0
-3
-5
7
-5
2
0
-1
0
-3
-4
38
-93
76
-11
17
-39
16
1
12
5
-82
90
-29
-2
0
15
-23
4
2
-2
0
10
-27
29
-28
15
-5
0
-2
-3
0
-2
1
-1
4
-20
29
-32
42
-41
13
-4
10
7
-77
90
-38
9
25
-71
70
-19
-13
2
6
31
-83
73
-24
37
-84
62
-21
-1
5
0
-7
3
11
-25
14
1
1
-1
-4
2
-2
-4
2
0
0
-1
-1
-1
0
0
-2
4
-4
-1
2
-1
1
-1
0
2
-1
1
-4
0
3
-6
1
0
0
0
0
1
0
-1
-2
2
0
-2
2
1
-1
-2
-15
24
-11
-3
5
-1
-7
1
20
-63
83
-38
23
-74
83
-31
-6
-1
12
19
-71
70
-26
-9
38
-91
76
-10
-11
2
-15
40
-43
31
-31
18
-5
-2
-1
-2
0
-2
0
-2
-2
5
0
19
-40
21
-5
5
-14
3
25
-16
-1
-24
26
-3
-15
20
-12
15
-16
-11
29
7
-50
4
59
-47
17
-4
-4
7
-5
4
-1
-23
10
23
-20
6
6
-11
5
0
-2
1
-1
0
1
-1
-1
0
-1
-2
8
-10
3
0
-1
0
0
0
1
-1
-4
9
-9
1
1
-2
0
-1
0
-2
-1
-3
1
0
-6
10
-7
-7
19
-24
-11
22
-1
-4
5
-8
4
3
-17
46
-59
-5
51
-9
-30
9
15
-14
12
-20
15
3
-27
24
0
14
-27
-5
12
-8
2
-22
39
-18
0
-6
1
-1
-2
-2
0
-1
-5
-7
37
-11
-25
2
-33
78
-54
28
-22
8
28
-79
113
-95
81
-109
37
26
20
-31
23
-62
62
21
-36
-35
49
-17
-10
13
-7
6
-3
-32
70
-50
15
-7
5
-9
1
4
-1
-3
5
-2
0
1
-2
2
-5
7
-3
-2
-5
5
-1
-1
-1
-1
0
0
-1
0
0
-5
3
3
2
-8
4
-2
1
-1
1
1
-5
3
0
-6
-1
9
-6
5
-15
49
-70
32
2
-7
5
-14
10
14
-49
34
36
-23
-63
60
-24
30
-19
-28
-39
109
-83
94
-113
78
-29
-9
20
-29
53
-81
32
-2
24
10
-39
5
3
-4
0
-45
99
-127
250
-466
650
-588
76
291
-217
67
62
-62
-8
9
-24
42
-9
-54
118
-116
40
49
-161
244
-280
235
-165
118
71
-235
154
-22
-4
4
-30
14
10
-14
25
-7
-8
2
-9
9
0
-3
1
-2
-1
-1
-1
0
1
-3
1
-2
9
-11
2
1
0
-2
0
0
0
-2
-4
11
-10
1
-2
3
0
0
0
1
1
1
-2
3
-2
-9
9
-3
7
7
-26
15
-11
-15
30
-6
3
22
-155
235
-71
-119
165
-235
280
-245
160
-50
-39
117
-117
53
8
-42
23
-11
6
61
-63
-68
216
-293
-77
587
-651
465
-251
124
-100
40
0
-4
-73
120
158
-629
236
561
-123
-542
240
130
-261
126
166
-162
-22
109
-25
-72
65
11
-49
10
60
-156
15
159
175
-303
-17
7
116
-42
-7
-10
-25
108
-34
-88
57
-11
8
-20
33
-24
5
0
-3
2
-1
-1
0
0
-1
0
-2
16
-12
-25
29
-9
0
-1
0
0
-1
10
-29
24
11
-16
1
-1
0
1
0
1
0
-3
3
0
-5
23
-34
19
-8
10
-58
87
33
-107
25
9
7
41
-117
-6
17
302
-175
-161
-15
156
-60
-9
49
-11
-66
72
25
-110
22
161
-166
-127
260
-132
-242
540
123
-561
-237
627
-159
-122
72
0
0
19
2
45
53
-213
-205
350
-182
59
130
-156
328
-221
-29
28
-113
49
126
-154
79
-9
42
-13
-49
46
11
-125
83
36
-33
-23
-4
37
-13
11
-49
37
42
-53
6
11
-5
3
1
-12
5
0
1
-2
0
-1
0
0
0
-2
-3
16
-12
4
-1
-3
-2
0
0
-1
0
3
0
-5
13
-17
2
1
0
0
0
-1
0
1
-2
1
-6
11
-2
-4
3
-11
-6
52
-43
-38
49
-13
11
-38
3
23
33
-36
-83
125
-13
-48
49
13
-43
9
-79
153
-127
-47
112
-29
28
221
-329
154
-132
-61
181
-351
204
212
-55
-48
-1
-22
0
-16
-23
14
93
-157
204
-381
731
-695
296
-13
-379
383
-46
-68
119
-70
-113
171
-12
-44
-17
45
-71
66
-69
161
-287
274
-136
43
-3
-48
26
-1
51
-77
46
-18
22
-11
-6
11
-7
-6
4
-1
2
-1
0
-1
-1
-2
2
0
5
-16
11
-1
-1
1
0
-2
0
1
-1
-2
2
1
-11
15
-6
0
-2
0
0
-1
0
0
-2
2
-5
6
7
-10
4
10
-22
19
-47
77
-53
1
-28
48
3
-44
135
-274
287
-161
69
-66
71
-45
16
44
12
-172
112
71
-119
66
44
-383
377
11
-298
693
-731
380
-205
157
-95
-17
22
12
0
-52
92
-50
-49
122
525
-895
-100
476
-29
-6
-243
421
-301
107
-66
106
-36
-30
-17
28
-24
19
14
-37
-100
242
-32
-68
-137
97
54
-49
22
-64
88
2
-65
12
17
9
-12
-5
8
0
-4
1
0
-1
0
1
-1
-2
0
0
0
1
-9
7
0
-4
0
0
0
0
-1
3
-1
-8
8
-2
-1
0
-1
0
0
-1
-1
0
0
-3
3
-1
-9
5
12
-9
-19
-13
65
-1
-89
62
-22
49
-55
-95
137
67
32
-242
99
37
-15
-18
24
-28
17
30
36
-106
66
-108
300
-423
241
5
27
-478
100
897
-526
-124
46
46
-93
48
0
79
-78
20
-277
328
860
-1649
847
-90
5
30
-520
723
-140
-121
-29
-33
58
76
-114
13
21
18
76
-158
-140
653
-630
98
182
-113
5
24
2
-13
16
3
-8
-8
-16
19
2
-5
-1
2
1
0
-3
2
-1
0
0
-2
1
1
-6
3
7
-12
3
4
-1
-1
0
0
0
-4
-2
12
-8
-3
5
-2
-2
1
0
-1
0
-2
3
0
-2
-2
1
4
-3
-19
14
8
7
-3
-17
13
-2
-24
-5
113
-182
-98
630
-654
140
158
-77
-16
-21
-14
114
-75
-59
30
29
120
139
-724
519
-32
-6
87
-847
1648
-861
-330
275
-22
77
-84
0
43
-69
60
-133
-7
853
-1115
390
-232
357
-42
-567
797
-419
37
276
-427
317
-188
120
1
-110
37
221
-541
737
-737
547
-234
21
-31
100
-73
15
9
-18
-3
-7
47
-42
13
-2
1
-4
1
-3
2
-1
0
-1
-1
0
1
1
-4
4
-9
10
-4
-4
1
-3
3
0
-3
2
-4
2
2
-11
9
-5
4
-2
0
0
-2
0
0
0
-3
2
-1
2
-3
1
-15
41
-49
6
2
18
-9
-15
73
-101
31
-21
234
-548
737
-737
540
-221
-38
110
-2
-121
187
-317
426
-277
-39
418
-798
565
41
-359
230
-390
1115
-854
7
131
-62
67
-48
0
-81
130
-140
201
-407
529
-58
-484
495
-465
480
-315
74
153
-184
66
-50
15
23
115
-209
153
-158
316
-553
478
80
-420
350
-275
15
169
-36
-41
12
-5
50
-111
125
-105
67
-28
-1
4
-1
-2
0
0
-2
1
-2
1
-1
1
0
-3
2
0
-6
2
0
-1
-1
0
0
0
-2
-2
5
-1
-5
2
0
-2
0
-1
1
-2
2
-1
-1
0
0
-4
-1
26
-69
105
-124
110
-51
5
-12
39
34
-170
-15
275
-352
420
-81
-478
552
-316
157
-153
208
-115
-24
-16
50
-67
184
-153
-76
313
-481
463
-496
483
58
-531
407
-203
136
-131
75
0
-19
-42
90
39
-291
-149
463
86
-90
-324
111
665
-808
145
178
-112
-50
94
-18
72
-173
160
-44
-93
-42
191
97
-214
-35
105
18
-31
-31
-1
20
19
-15
-21
12
34
-34
-1
6
-2
-1
0
0
-1
0
0
1
0
-1
0
-3
5
-5
-6
13
-7
0
0
-1
0
-1
-1
0
7
-13
5
5
-6
3
-1
1
0
0
-1
0
0
0
-2
1
1
-8
1
31
-36
-11
20
14
-19
-20
2
31
30
-19
-105
35
214
-97
-193
41
92
42
-161
174
-72
16
-94
50
111
-179
-146
807
-667
-112
322
89
-87
-465
147
289
-40
-93
40
15
0
32
-16
73
-40
-141
-192
825
-935
532
-178
109
-95
-130
246
-74
79
-112
-20
110
-83
-30
10
39
-22
-63
320
-512
435
-239
134
-156
180
-97
5
8
36
-71
74
-51
15
-2
-2
-2
2
0
-2
0
0
-2
0
0
0
-1
1
-1
1
-1
-3
3
0
0
-1
-1
0
-1
0
0
0
-4
2
1
-2
1
-2
0
0
0
0
1
-1
-1
-1
-1
-3
2
-1
2
-16
52
-76
70
-36
-9
-7
96
-181
155
-134
239
-434
511
-321
64
21
-40
-10
29
82
-112
19
111
-80
73
-247
128
94
-110
176
-533
935
-826
192
142
39
-75
16
-35
0
-27
-3
29
69
-198
724
-1187
722
-224
75
-162
505
-469
110
38
-60
41
-9
54
-81
15
45
-76
29
26
72
79
-367
360
-176
-30
96
-37
8
-40
68
-63
29
8
-14
1
0
-1
1
-1
-1
-1
2
-1
0
0
0
-1
-1
0
0
-1
-1
2
-3
-1
0
-1
0
0
0
0
1
-4
0
0
-1
-1
-1
1
-1
-1
0
2
-2
0
-1
-1
-1
0
-2
-2
13
-9
-31
62
-68
39
-9
36
-97
30
177
-361
367
-79
-73
-27
-30
76
-46
-15
81
-55
8
-41
60
-40
-111
467
-507
160
-76
222
-723
1186
-725
197
-71
-32
2
22
0
0
74
-95
187
-239
-619
1303
-404
-220
20
-107
13
201
-113
25
11
-20
-107
69
82
-47
8
-3
101
-382
360
-14
-101
-26
55
36
-34
-13
10
4
-11
-7
-4
15
3
-9
2
-2
5
-2
-1
-3
0
1
-1
0
0
-2
0
0
-1
0
1
-2
0
0
0
-1
0
0
-1
0
-1
1
-1
0
-1
0
0
-1
-1
0
-1
-2
-1
2
1
2
-5
2
-3
9
-5
-16
3
6
11
-5
-11
12
34
-36
-55
26
101
14
-361
380
-102
2
-9
47
-83
-69
105
20
-12
-28
111
-203
-13
105
-22
219
403
-1304
619
238
-188
91
-74
-5
0
57
-99
70
93
-435
838
-1094
1029
-607
158
237
-635
553
-106
-99
41
52
-184
242
-108
-9
-10
49
9
-125
149
-15
-132
115
-14
-49
33
5
10
-50
67
-37
18
-36
24
0
-3
-3
1
3
-5
0
3
-2
1
0
1
-1
-1
0
-1
0
0
1
-1
1
0
0
0
0
0
-1
0
-1
0
-1
0
-1
-1
0
-1
0
0
2
-3
-1
5
-4
-1
3
1
-1
-25
35
-18
36
-68
49
-11
-6
-33
50
14
-116
131
15
-149
126
-10
-51
10
7
108
-244
182
-53
-41
99
104
-555
632
-239
-160
604
-1029
1094
-838
434
-95
-73
98
-61
0
-45
23
-2
-67
459
-400
-572
928
-363
-52
131
-38
-10
-65
48
1
49
-139
312
-322
135
-93
149
-127
-104
251
-128
101
-175
121
44
-93
13
14
-18
16
12
-24
31
-28
3
1
-1
3
-4
2
1
-1
-1
2
-1
0
-1
-1
0
-1
1
-3
2
-4
1
0
-1
0
0
0
-2
3
-5
3
-1
0
-1
0
-1
0
0
-2
2
1
-1
-4
4
-3
1
-3
-5
27
-31
24
-12
-17
17
-14
-14
92
-44
-121
174
-102
127
-252
104
127
-150
93
-134
323
-314
138
-50
-1
-49
63
8
37
-131
50
361
-929
571
398
-459
66
-1
-24
39
0
2
60
-37
97
-272
127
-86
76
43
16
-213
411
-235
-10
11
37
-76
-62
261
-279
161
-71
23
-46
239
-231
41
38
-72
58
-49
26
1
11
-6
-2
4
-16
21
-7
-3
-1
2
-2
0
0
3
-2
0
-2
0
0
0
0
0
0
0
-1
0
0
-1
-1
-1
0
0
0
-1
-1
0
-1
-1
0
-1
0
-1
-1
-1
1
-1
1
-3
-1
-1
1
-3
1
3
7
-22
16
-4
2
5
-11
-1
-26
48
-58
71
-38
-41
231
-239
46
-23
72
-162
278
-261
60
76
-38
-12
10
232
-412
211
-18
-47
-77
84
-127
270
-98
35
-60
-8
0
-23
-29
1
303
-316
-75
94
123
-172
113
-69
-2
72
-52
6
19
-6
-33
48
5
-46
32
-26
110
-202
83
77
-102
72
-19
-19
13
1
1
-2
2
-6
9
-15
7
0
-1
1
0
0
-1
0
0
1
0
0
0
0
0
0
0
0
0
0
-1
0
0
1
0
0
-1
-1
1
-1
0
0
-1
0
0
-1
0
0
-1
-1
0
-1
-1
1
-1
0
1
-1
-8
14
-11
5
-2
0
-1
-3
-14
18
19
-74
102
-78
-84
202
-111
27
-32
46
-5
-48
32
6
-19
-6
52
-72
0
67
-115
170
-124
-95
73
315
-305
-5
27
18
0
47
-12
-55
-7
147
-183
167
-96
-33
81
-83
27
31
-20
2
9
8
-54
54
-32
15
3
-2
6
-37
75
-65
2
8
27
-19
0
5
-9
10
-5
-1
-4
3
1
1
0
0
-1
2
-1
0
0
0
-1
0
-1
-1
0
0
-1
-1
0
1
0
-1
-1
-1
0
0
0
-1
0
-2
-1
-1
0
-1
0
1
0
-1
0
-1
0
0
0
-2
0
0
-1
-1
-3
-1
2
1
3
-10
8
-5
0
19
-27
-8
-2
64
-76
37
-7
3
-4
-16
32
-54
53
-10
-9
-4
19
-34
-28
82
-83
31
94
-167
181
-150
6
52
11
-50
0
8
-27
53
-46
10
21
-27
14
5
-1
-44
13
47
-26
-8
-3
24
1
-38
28
-6
-1
4
-13
26
-24
13
-3
-3
3
-1
-2
-8
16
-7
-1
1
0
-1
0
-1
0
-1
-1
1
-1
1
-1
0
-1
0
-1
0
-1
-1
0
0
1
-1
-1
-1
0
0
0
0
0
0
0
0
-1
-1
-1
0
-1
-2
0
0
0
-1
1
-1
0
0
0
0
-1
1
-2
-1
-1
0
0
7
-17
8
1
2
-4
3
1
-13
23
-26
12
-4
0
7
-28
37
-1
-24
3
8
25
-49
-15
41
0
-6
-14
25
-23
-11
44
-54
27
-12
0
-10
10
5
-2
1
-19
-33
46
1
-16
33
-11
-13
-4
7
-12
26
-37
26
-6
-5
-1
9
-11
11
-7
1
-3
0
8
-4
-1
3
-7
2
1
-3
1
1
-1
0
0
1
-2
-1
-1
-1
0
-1
0
0
-1
0
0
-1
1
0
0
0
-1
0
-1
-1
0
1
0
-1
0
-1
0
0
-1
0
-1
-1
1
1
0
-1
0
0
-1
0
0
-1
-1
-2
1
-2
-1
2
-2
-2
5
-3
1
4
-9
0
3
-1
6
-12
11
-10
0
3
5
-26
37
-26
12
-9
3
12
10
-34
14
-1
-47
32
17
-2
0
-8
-11
5
0
2
-12
8
-26
81
-19
-87
74
-32
-11
-8
63
-34
-21
15
-2
9
-6
-2
6
-12
7
1
-2
-6
1
3
7
-18
8
5
-3
3
-5
4
-6
5
1
-1
0
-1
0
0
0
-1
-1
1
0
0
-1
0
-1
1
-1
2
0
0
0
-1
-1
0
0
-1
0
0
0
-1
1
-1
0
0
-1
-1
0
-1
1
0
0
0
-1
0
-1
0
-1
-1
0
-2
-1
0
-1
-6
5
-4
4
-3
3
-5
-7
19
-8
-3
-2
6
2
-2
-9
11
-7
3
4
-9
1
-15
20
32
-64
6
9
30
-74
87
18
-81
25
-10
12
-6
0
-2
4
2
-20
30
-42
32
-6
-1
-15
40
-27
-4
-2
5
1
-11
12
-3
-8
9
-3
1
-3
-11
22
-19
20
-10
-2
0
0
-3
4
-3
4
-6
1
1
-1
1
-1
0
1
-2
1
-2
1
-1
0
1
0
0
-1
0
-1
0
0
1
1
-1
0
-1
0
1
0
0
-1
-2
1
0
0
0
0
-1
0
0
-1
0
-1
1
-2
1
-1
0
0
-3
0
-1
-2
4
-4
1
-5
3
-1
0
0
10
-20
19
-21
10
3
-2
3
-9
7
2
-13
10
-1
-6
1
2
27
-43
12
-1
5
-35
41
-31
19
-5
-5
-2
0
-6
9
-8
-1
-3
25
-40
25
4
-21
26
-45
32
0
-8
3
-7
14
-5
2
-7
4
-2
2
8
-3
-7
7
-7
8
-2
1
1
-2
0
-4
3
-1
0
-1
0
1
-2
1
0
-1
0
-1
-1
-1
0
-1
-2
0
-1
0
0
0
-2
0
0
0
-1
0
-1
-1
0
-1
1
0
-1
0
0
-1
0
0
0
-1
0
0
-1
-1
-1
-1
1
-1
0
0
-2
2
-5
2
0
1
-2
-2
3
-7
8
-8
8
1
-9
-1
1
-4
7
-2
5
-14
7
-4
6
-1
-33
44
-29
18
-6
-26
38
-26
2
0
5
-10
1
0
-5
4
0
-7
1
8
-11
6
9
-16
6
-17
19
-9
7
-7
6
-4
4
1
-5
3
-1
-1
0
8
-10
8
-2
-3
2
0
1
-2
0
2
-1
0
0
-1
-1
0
0
0
-2
0
1
0
0
-1
0
-2
0
1
-1
0
0
1
-2
0
-1
-1
0
0
-1
0
0
0
1
0
-1
-1
0
0
0
1
-1
0
-1
0
-1
-1
1
-1
-1
-2
0
-1
0
-1
1
-2
0
2
-2
0
-2
2
2
-9
11
-9
0
0
-1
-4
5
0
-4
3
-6
7
-8
8
-21
15
-7
13
-10
-7
10
-10
-2
7
-3
-6
2
0
-2
6
-5
-11
23
-15
6
-9
-9
32
-29
-17
38
-14
-5
-1
4
-4
1
0
2
-2
-3
6
-7
-2
5
2
0
-5
0
1
-2
1
1
-2
0
0
0
0
0
0
-1
0
-1
0
0
0
0
0
-1
-1
-1
-1
-1
-1
-1
-1
0
-1
0
0
-1
0
1
0
-1
1
0
-1
0
0
0
0
-1
0
-1
0
0
-1
-1
-2
1
-1
-1
-1
0
-1
0
-1
0
0
-1
-2
1
-2
-2
5
-2
-2
-4
3
5
-7
3
2
-2
-1
-2
1
-5
0
4
12
-39
16
27
-32
6
8
-7
13
-23
9
1
-6
-2
0
0
-8
6
1
-16
22
-9
1
2
-8
-19
31
1
-12
4
-4
7
-11
7
-2
1
-2
4
-3
-7
11
-8
5
0
-1
2
-1
1
-2
1
0
0
0
-1
0
-1
0
0
0
0
0
0
0
0
-1
1
-1
0
0
-1
-1
-1
1
0
-1
-1
0
-1
0
0
-1
0
0
0
-1
0
-1
0
0
0
0
-1
0
0
-1
0
-1
1
0
-1
-1
1
-2
0
-1
0
0
-2
1
-1
0
-2
0
1
-5
8
-12
5
2
-5
2
-2
2
-7
10
-8
3
-6
10
-3
-31
17
6
-5
-2
10
-24
16
-3
-10
6
-3
0
-2
7
-6
5
-23
17
15
-27
14
-3
16
-23
2
1
1
-2
3
-1
-5
3
0
1
-1
0
-1
-1
-1
2
-1
-1
-1
0
1
-2
2
-1
0
-1
0
0
-1
0
0
0
-2
0
0
0
0
-1
0
1
-1
-1
0
-1
0
0
-1
1
-1
-1
0
0
0
-1
1
-1
0
0
-1
0
0
0
-1
-1
-1
0
-1
0
-1
0
0
0
-1
0
1
0
-1
0
0
0
-2
0
-2
-1
1
0
0
-2
-1
0
-1
-1
0
0
0
-3
3
0
-4
2
-3
-2
-4
22
-17
1
-14
27
-16
-19
23
-6
3
-8
-2
0
-3
2
-1
1
-11
29
-32
21
-9
6
-25
15
4
-6
3
-4
4
-3
1
1
-1
1
-1
0
0
2
-3
2
-1
0
1
1
-3
2
0
0
-2
1
-1
-1
1
0
0
0
-1
1
-1
0
-1
0
0
1
0
1
0
-1
1
0
-1
0
-1
0
0
0
-1
0
-1
0
0
-1
-1
0
0
-1
0
-1
1
0
0
0
-1
-1
0
-1
0
-1
-1
-1
0
-1
2
0
0
-3
2
-1
0
0
0
-2
0
-3
0
-1
1
-1
1
-2
-1
2
-5
4
-4
5
-7
-17
22
-7
6
-22
31
-31
10
-3
-1
-4
-2
0
1
1
0
0
-1
0
1
0
-3
-1
2
3
0
-3
-2
1
1
-1
-1
-1
0
0
-1
0
0
1
0
0
0
0
1
1
0
-1
0
0
0
0
-1
0
0
-1
0
0
0
0
0
0
-1
-1
0
-1
-1
0
-1
0
-1
0
0
-1
-1
0
0
0
0
-1
-1
-1
0
0
0
0
-1
-1
0
0
0
-1
-1
0
0
-1
-1
-1
0
0
1
-1
0
0
-1
0
0
0
-1
-1
-1
-1
0
-1
-1
0
-1
0
-1
-1
0
0
0
-1
-1
-1
1
1
-1
-5
-4
0
0
-1
-2
-1
0
-2
-1
-3
-2
