0
-2
0
-1
0
-1
0
0
1
0
-7
-2
13
-9
4
-8
3
-1
1
-7
12
6
8
-31
8
-1
6
-1
7
-20
13
5
-8
-1
0
2
-1
1
-1
-1
-1
0
-1
-1
0
-1
0
-1
-1
-1
0
-1
0
1
-2
0
0
1
0
0
0
-1
-1
-1
0
-1
-1
-1
0
-1
-1
-1
-1
0
1
0
0
1
0
-1
0
0
-1
0
0
0
0
-1
0
0
0
-2
1
-3
-1
2
7
-5
-13
18
-7
1
-7
0
-9
30
-9
-6
-12
7
-2
0
-4
8
-6
6
-15
1
4
-2
-1
-3
-1
-1
-1
-1
-2
-3
0
-2
1
-2
-1
-2
0
1
-3
-3
-16
62
-31
-32
45
-53
5
19
3
-46
10
112
-85
-57
89
-31
-4
15
-8
-9
-7
2
31
-27
2
4
-6
12
-8
1
-1
1
-2
1
-1
0
0
-1
-1
0
-5
6
-8
9
-5
1
-1
1
-1
0
-1
0
-1
-1
0
0
-1
-1
0
0
-1
-1
0
-1
5
-10
8
-7
4
-1
0
-1
-1
0
-1
-2
0
0
0
-2
6
-12
6
-4
-3
28
-32
-2
7
8
8
-15
2
30
-90
57
83
-112
-11
47
-4
-21
-6
53
-47
29
29
-65
15
1
2
-3
0
-1
-1
-2
-3
-2
0
-2
1
-2
0
-2
-1
9
-18
5
31
-6
-23
-3
-8
-6
17
0
4
-113
328
-262
31
-15
53
-30
-11
33
-44
82
-89
78
-39
-12
11
-6
-4
12
-5
-1
-1
0
-2
1
-2
0
0
0
-1
-1
-5
0
10
5
-19
8
-1
-1
0
-1
-1
0
-1
-1
0
0
0
-1
0
0
0
0
0
-8
18
-5
-10
-1
4
0
0
0
0
0
1
-2
0
-2
0
0
4
-12
3
6
-12
11
39
-78
88
-83
44
-33
11
30
-53
15
-31
261
-327
112
-3
-1
-18
5
8
3
23
5
-33
-7
18
-9
0
-1
-1
-1
-3
-2
0
-3
2
-2
3
-11
11
0
5
-23
17
-16
25
-14
-6
2
6
9
-9
2
-17
-5
1
45
-41
16
-8
-5
45
-83
62
-10
7
-7
-12
8
2
3
-7
2
-2
-1
9
-5
-2
0
1
-3
7
-9
5
-8
9
-1
0
-4
0
1
-1
0
-1
-1
0
0
0
0
-1
0
-1
-1
1
-2
-1
3
0
0
-10
7
-6
8
-7
2
-2
-1
2
5
-10
1
2
-4
6
-3
-2
-8
11
6
-8
10
-62
82
-45
5
9
-16
41
-45
-2
7
17
-4
8
-9
-6
-3
5
11
-27
14
-20
20
-6
0
-11
9
-5
0
-3
-2
0
-23
6
2
24
-13
-11
-13
6
21
16
0
-50
-19
36
9
-18
-4
91
-208
235
-143
44
-15
15
9
-8
-18
-5
34
-57
102
-87
20
-4
5
-18
47
-40
21
-9
1
0
-1
0
4
-10
13
-4
-1
-6
0
-1
8
-7
0
1
0
-1
0
0
0
-1
-1
0
1
-1
-1
0
0
0
0
-1
-1
8
-8
1
-2
6
0
3
-13
10
-5
-1
1
-2
-1
9
-23
40
-47
17
-6
4
-21
86
-103
57
-35
4
17
8
-9
-16
14
-45
143
-236
208
-92
4
17
-10
-38
18
47
-4
-17
-23
-6
13
11
12
-25
-5
-7
19
0
7
-11
1
-58
25
109
-86
28
-31
150
-555
1160
-1733
1596
-548
-21
-318
587
-916
1120
-583
38
-22
82
-18
0
-48
101
2
-209
376
-510
469
-303
166
-83
38
-11
-3
-4
12
-19
17
-5
-6
7
0
-10
9
-9
12
-12
7
-5
1
-1
-1
-1
-1
0
0
0
-1
0
-1
-1
0
0
-1
-1
0
0
-2
3
-7
11
-12
8
-10
10
-1
-8
5
4
-18
18
-13
3
3
10
-40
83
-167
301
-469
509
-377
210
-3
-102
48
-1
17
-81
22
-38
583
-1120
916
-588
317
21
548
-1598
1733
-1161
553
-152
30
-29
86
-111
-25
56
-3
10
-12
0
36
-51
36
102
-513
619
-148
-179
246
-221
-188
829
-1389
1571
-922
-87
600
-457
100
-134
247
147
-465
363
-99
-330
435
50
-234
169
-669
1015
-817
533
-204
-14
65
-54
20
-6
13
-15
11
-6
-2
6
-1
-3
2
-1
-2
7
-2
-5
3
-1
0
-1
0
0
0
0
0
0
-1
-1
0
-1
0
-1
-1
-1
-2
4
2
-7
2
-1
-2
3
1
-6
2
6
-11
14
-13
6
-20
54
-65
14
203
-534
816
-1016
669
-169
234
-50
-433
330
99
-364
465
-147
-246
134
-102
456
-599
87
922
-1571
1387
-829
186
219
-248
179
147
-620
512
-103
-38
50
-40
0
34
28
-62
175
-435
433
-110
0
-85
-240
439
481
-1318
732
134
-382
371
-116
-593
1095
-449
-348
112
234
-37
27
-127
-439
877
-182
-642
340
412
-451
59
68
7
-32
-1
10
-5
-14
28
-16
7
-2
-14
17
-4
1
-3
2
-1
0
-1
1
-1
0
-2
0
0
-1
-1
0
-2
0
0
0
0
-1
0
-1
1
-1
0
-3
4
-3
5
-17
13
1
-8
17
-28
12
4
-11
0
32
-8
-69
-60
451
-413
-341
642
181
-878
438
126
-28
35
-234
-113
348
449
-1095
592
116
-373
382
-137
-733
1318
-482
-441
237
82
-1
109
-434
434
-176
61
-29
-39
0
15
-64
44
-58
17
121
-60
15
-6
-76
74
272
-294
-614
510
585
-489
212
-290
-546
479
73
90
45
63
101
-292
123
138
-116
-229
-153
120
240
12
-53
-17
7
-14
7
-16
11
-3
-2
-4
2
-2
3
-3
0
2
-2
-3
0
0
2
-1
-1
0
-2
-1
0
0
0
-1
0
1
0
-1
0
1
-2
0
-2
2
1
-1
-2
3
-4
0
-2
3
2
1
-11
14
-8
14
-7
17
53
-12
-241
-123
153
228
116
-139
-123
293
-102
-65
-46
-90
-73
-480
546
290
-212
488
-586
-512
613
293
-274
-75
74
6
-17
59
-123
-18
57
-47
62
-19
0
-67
75
-23
-249
318
87
-221
-14
233
-87
-587
378
547
305
-953
265
-295
-178
789
357
-914
-186
509
-76
-113
5
124
-20
-397
420
554
-714
2
-3
159
-127
74
0
-10
2
2
2
-17
22
-9
0
10
-10
-1
1
0
1
-2
0
-1
0
0
0
0
1
1
-1
-1
0
-1
0
0
0
0
0
1
0
1
0
1
-1
-1
-3
1
9
-11
0
8
-22
16
-3
-3
-2
8
-2
-74
126
-160
2
-3
714
-554
-420
397
19
-125
-6
113
75
-510
185
915
-358
-789
176
294
-266
953
-306
-549
-379
586
85
-236
14
220
-88
-320
248
20
-77
61
0
-22
-10
33
-272
314
186
-247
-14
78
-212
113
634
-1452
1313
-474
49
-302
549
-931
859
57
-444
345
-272
166
-160
148
-168
622
-1132
1244
-928
257
81
-6
-8
-33
30
-19
1
-6
17
-21
24
-12
-7
19
-17
1
2
-3
1
-1
-2
3
-2
1
-2
0
0
0
-1
-1
0
1
0
-1
-1
0
0
-2
2
-3
0
-1
-2
1
-3
-1
16
-20
6
11
-25
21
-17
5
-2
19
-31
31
8
5
-82
-258
928
-1245
1132
-623
168
-148
159
-164
272
-344
444
-56
-860
931
-549
301
-50
474
-1314
1450
-635
-115
210
-79
13
245
-186
-314
270
-36
9
18
0
40
-9
-37
-250
571
-255
-114
146
-39
-294
786
-1118
825
-401
466
-735
758
-417
-236
1171
-1529
904
-78
-326
207
118
-180
-297
560
-461
453
-226
-18
101
-79
-35
55
-26
5
4
2
-1
-14
11
-1
-5
-5
18
-15
4
0
-1
0
-2
3
-2
-3
2
-2
0
-1
-1
-1
0
0
0
1
-1
1
-4
2
1
-5
2
-2
1
0
-4
13
-18
5
5
0
-12
12
0
-2
-6
-5
24
-56
33
79
-101
17
225
-453
462
-560
296
179
-119
-207
325
77
-904
1528
-1172
236
416
-759
735
-467
400
-828
1117
-788
292
37
-147
113
255
-573
248
35
8
-44
0
15
-45
8
-270
829
-759
351
-94
42
-247
-195
-299
1467
-386
-753
468
115
-78
-491
-668
1524
-661
378
-83
-124
-47
-97
296
-709
47
1207
-655
-266
253
-42
-41
16
-27
20
7
-5
9
-15
0
1
11
-17
6
1
0
-1
2
-4
2
0
-2
1
-1
0
0
-2
-1
0
0
-1
1
0
0
0
0
-3
1
-1
-3
4
-4
0
-1
-1
-7
15
-13
-2
0
13
-9
4
-8
-22
27
-17
40
43
-255
267
655
-1207
-46
709
-295
97
47
124
82
-379
661
-1524
667
491
78
-115
-469
751
385
-1469
297
193
245
-45
94
-351
758
-830
268
-11
44
-18
0
-67
105
-98
76
-144
210
-84
-107
-56
496
-672
-165
1070
-229
-679
497
-515
585
84
-804
570
143
-581
402
228
-420
-1
-76
308
18
93
-617
636
-69
-346
279
-140
79
-37
2
8
8
-37
32
-6
1
-10
3
1
0
-1
-1
1
2
-4
2
-1
0
1
-1
-1
-1
0
0
-1
0
-1
1
-2
-1
1
-3
4
-3
-1
1
0
-1
0
-4
8
-3
6
-34
35
-8
-9
-3
36
-79
139
-280
344
68
-635
617
-94
-18
-308
76
0
420
-228
-402
580
-142
-571
803
-83
-585
514
-498
677
227
-1072
164
670
-498
53
107
84
-211
142
-78
96
-107
62
0
15
-38
40
172
-537
368
76
-251
285
-160
105
88
-717
639
236
-672
776
-824
790
-1051
1070
-480
-109
431
-401
301
-180
-286
763
-629
466
-857
910
-414
-2
95
-12
-30
8
1
-1
20
-34
15
6
-5
3
-7
3
3
-3
1
0
-2
-1
1
-2
0
-1
-2
0
-1
-1
0
-1
0
-1
1
0
-1
1
-2
-1
1
-1
-1
2
-4
-5
7
-3
5
-7
-15
34
-21
0
-2
-9
28
11
-97
-1
414
-910
857
-465
629
-763
286
181
-302
400
-431
108
478
-1069
1051
-792
822
-776
672
-238
-639
716
-91
-107
159
-286
249
-76
-369
537
-173
-43
37
-19
0
41
-81
19
-178
841
-883
357
-141
-91
-379
498
473
-2
-1185
1142
-307
-461
37
440
516
-707
-40
48
33
51
-145
152
143
-273
-97
402
142
-515
80
30
54
-11
25
-20
-17
51
-58
40
-17
12
-12
4
1
-2
3
-3
0
-1
0
0
0
-2
0
-1
0
-2
0
0
0
-1
-1
1
0
0
-1
1
-1
-1
-1
0
-1
2
-4
2
-1
-5
10
-12
17
-41
56
-51
16
20
-25
11
-55
-30
-81
515
-143
-404
97
273
-143
-152
145
-52
-33
-49
40
708
-517
-440
-38
460
307
-1144
1183
2
-475
-498
377
88
140
-357
881
-842
177
-22
78
-44
0
-27
94
-82
245
-816
707
-104
-21
193
-763
762
350
-1470
680
981
-785
183
-498
700
-264
-478
676
-378
151
-16
-146
455
-923
704
427
-1335
1064
-208
-233
226
-67
29
-90
76
-47
47
-7
-33
22
-8
6
-6
-2
0
-1
2
-2
-1
2
-5
5
-4
1
0
0
-1
0
0
0
1
-1
1
-2
0
-2
3
-5
5
-3
1
2
-4
-1
-1
1
5
-7
7
-24
32
7
-49
47
-75
89
-30
66
-227
232
207
-1065
1333
-427
-704
922
-456
145
15
-152
378
-677
477
263
-700
495
-182
784
-982
-682
1468
-352
-762
761
-193
20
103
-709
815
-247
79
-95
25
0
-5
6
-35
-80
439
-374
-53
244
-330
137
564
-1342
1404
-1295
1392
-874
531
-661
546
-404
11
285
-17
-228
303
-180
-129
114
104
-271
693
-794
425
-199
24
36
43
-25
-16
-11
23
-18
41
-39
8
-4
8
-3
-1
2
-2
1
-1
-1
1
1
-2
0
-1
0
0
-1
-1
0
0
0
0
-1
0
-1
1
-1
-1
0
0
-1
0
-3
1
3
-7
3
-10
38
-41
17
-24
11
15
24
-44
-36
-25
198
-426
794
-693
271
-105
-115
129
179
-302
228
17
-285
-10
403
-546
661
-532
874
-1394
1294
-1406
1340
-566
-139
328
-244
52
372
-439
78
32
-8
0
0
-1
-40
58
9
-134
169
-97
0
160
-141
-10
81
-165
-340
852
-446
149
-163
-391
1070
-764
30
159
40
-109
-53
-36
681
-843
217
-269
167
311
-116
15
-95
25
9
-18
12
4
2
-3
-10
0
9
-3
-6
2
1
-1
0
1
-1
-1
0
-1
0
0
-1
0
0
0
0
0
0
-1
1
1
-2
0
-1
0
1
-1
0
1
-3
-3
5
2
-9
-2
9
3
-2
-4
-13
17
-10
-25
95
-15
115
-313
-167
268
-218
842
-682
35
54
109
-40
-159
-30
763
-1070
391
163
-150
445
-854
337
163
-83
8
139
-164
-1
95
-170
132
-10
-60
40
-3
0
-9
17
-10
98
-218
96
25
14
-90
215
-517
762
-595
19
374
-85
-174
131
164
-681
653
-318
172
-81
48
-16
60
-113
-90
300
-292
177
-32
-54
58
-55
35
-10
14
-9
-3
-5
-9
19
-6
-2
5
-7
3
1
0
-3
2
-1
-1
0
0
-1
0
1
-1
0
-1
0
0
0
0
-1
0
0
-1
-1
0
0
-4
2
0
-2
-4
6
-5
1
6
-19
9
4
1
8
-16
10
-35
54
-59
52
30
-177
294
-301
87
113
-61
15
-49
81
-172
318
-654
680
-163
-132
173
84
-376
-22
594
-763
514
-218
89
-16
-25
-97
214
-99
8
-18
4
0
17
-4
-24
35
-16
-13
35
-60
52
-43
-16
71
64
-114
28
-64
33
58
-215
355
-144
-89
42
34
-12
-28
40
-147
256
-176
31
38
-59
84
-53
7
-2
-5
5
11
-23
17
-5
-4
4
-3
3
-2
1
-1
-2
-1
2
-2
0
0
-1
0
0
-1
0
-1
0
0
-1
-1
-1
0
0
-2
0
0
-1
1
-2
1
0
0
-1
1
-3
2
-4
3
4
-16
23
-12
-5
3
1
-7
51
-86
59
-39
-31
175
-256
147
-41
27
11
-35
-44
89
143
-355
216
-57
-34
63
-28
112
-66
-72
13
42
-54
59
-35
12
16
-37
22
2
-21
0
25
-25
7
-9
18
15
-6
-33
16
-17
58
-101
14
173
-216
117
-15
-31
-18
60
-48
42
-14
6
-2
-22
-12
56
-36
-6
49
-63
14
51
-52
19
-13
13
-14
10
-1
0
-1
-6
3
-1
3
-5
2
1
0
-3
0
2
0
0
0
-1
0
-1
0
-1
0
0
0
0
0
0
-1
1
-1
0
1
-1
0
2
-1
-2
-1
4
-4
1
-5
5
0
-1
1
-11
14
-13
12
-19
50
-52
-13
62
-49
6
37
-56
11
20
1
-6
13
-43
48
-59
18
31
14
-118
215
-174
-15
100
-60
15
-18
32
5
-16
-19
7
-10
24
-28
0
-45
33
-6
-7
26
-32
16
-5
0
13
-25
12
7
55
-126
46
71
-105
35
55
-62
35
-13
-8
8
25
-56
59
-51
-13
104
-81
20
-36
39
-19
8
-1
-7
6
-1
0
-2
1
2
-3
1
0
-1
-1
2
-3
1
-1
-1
-1
-1
-1
-1
-1
-1
0
-1
0
0
-1
0
-1
-1
-1
-1
1
0
0
-1
3
-2
1
-1
0
-2
2
-3
-1
1
0
0
-6
6
0
-8
19
-40
35
-21
80
-106
11
52
-58
57
-26
-9
7
14
-35
62
-55
-35
103
-71
-46
125
-56
-8
-13
23
-15
-2
5
-17
31
-26
6
3
-34
41
0
-14
8
7
17
-116
96
2
0
-18
29
-69
118
-98
64
-89
41
-8
9
20
-6
-12
15
-19
25
-19
4
-6
-43
64
1
-31
29
-8
-24
18
-13
19
-14
4
-4
2
1
-5
4
-2
2
0
0
0
-1
-1
0
2
-1
0
0
0
-1
0
0
-1
0
0
0
-1
-1
-1
0
0
-1
-1
0
-1
0
-1
-1
1
-1
0
0
-1
-2
2
-4
5
-2
-3
3
-5
13
-21
13
-19
23
7
-30
31
-2
-66
43
6
-5
19
-25
18
-16
13
6
-19
-10
8
-41
89
-67
96
-120
68
-31
17
0
-2
-95
115
-19
-10
-10
10
0
18
-19
9
-54
155
-107
-21
26
0
-8
-17
43
-40
41
-57
72
-42
-19
36
-1
-9
2
0
-8
11
-20
30
-16
-23
38
8
-35
13
4
-6
-1
3
-5
6
-7
0
1
4
-6
3
-1
0
-1
0
1
0
0
0
-1
0
0
0
1
1
-1
0
1
1
0
1
-1
-1
-1
-1
-1
-1
-1
0
0
0
0
1
-2
0
0
-1
0
-4
5
-4
-3
-1
6
-6
3
-4
1
5
-5
-13
35
-8
-38
23
16
-32
19
-11
7
1
-1
8
1
-36
19
42
-73
56
-42
39
-44
16
7
-2
-26
19
107
-156
53
-11
18
-22
0
-2
4
6
27
-150
157
-58
21
-14
-3
3
-2
55
-71
2
-10
44
-43
40
6
-30
7
5
2
-6
5
-12
38
-63
51
-4
-28
12
15
-12
0
2
1
-3
2
-4
1
-1
1
0
-1
1
-1
1
-1
0
2
-1
-1
0
0
-1
0
-1
0
-1
-1
0
0
-1
0
0
0
-1
-1
0
-1
-2
0
0
-1
-1
-1
-2
1
-2
-1
1
-2
-1
-2
1
-3
2
-1
-3
0
11
-14
-13
28
3
-50
63
-38
11
-5
6
-2
-4
-7
29
-6
-40
43
-45
10
-4
69
-56
1
-4
0
10
-22
57
-157
149
-29
-8
-6
-3
0
-12
6
-8
-5
69
-78
23
-4
12
-18
18
-19
-10
55
-63
37
-19
-31
86
-88
69
-35
6
1
-7
13
-12
21
-13
-26
6
30
-17
-7
10
-1
-5
3
0
3
-9
5
0
-1
0
-1
0
0
0
-2
2
-1
-1
0
-1
0
0
0
-1
-1
-1
0
0
0
0
-1
0
0
0
-1
1
0
0
0
1
0
-2
0
-1
0
-1
0
-1
0
-1
-5
8
-3
0
-4
6
0
-11
6
16
-30
-6
25
13
-22
12
-14
6
-1
-6
35
-69
88
-87
30
18
-37
61
-56
9
18
-20
17
-14
4
-24
77
-72
4
6
-7
6
0
2
-3
-10
2
25
-23
5
3
-6
1
-7
-5
33
-1
-56
34
-3
-22
49
-25
-4
-7
16
-12
8
3
-16
24
6
-52
40
-13
14
-10
2
3
-4
1
1
-2
0
1
1
-2
0
-1
1
0
-1
1
-2
1
-1
-2
-1
0
0
-1
0
1
-1
0
0
0
0
-1
0
-1
-1
0
-1
-1
1
-1
0
-1
1
-2
-1
-1
-1
1
-1
1
-2
0
0
1
-2
-1
3
-4
-3
10
-15
12
-40
53
-6
-23
16
-3
-9
12
-16
6
5
24
-51
21
2
-35
56
-1
-35
4
5
-2
4
-4
-8
23
-27
-4
7
2
-7
0
6
-3
-6
23
-39
12
17
-12
5
-9
-5
28
-36
69
-80
13
17
-25
49
-23
4
-8
1
6
-6
1
6
-11
28
-45
8
14
-2
3
-3
-2
-5
3
-4
3
-2
-1
-2
2
-1
0
0
0
-2
1
0
0
-1
0
1
0
-1
-1
1
0
-1
0
-1
0
-1
-1
0
-1
-1
0
-1
-1
0
-1
0
0
1
-1
1
-1
0
0
0
-2
1
-1
0
-3
2
-4
3
1
2
-4
1
-14
-9
45
-28
10
-6
-1
6
-7
-2
9
-2
23
-48
24
-17
-14
80
-70
36
-29
4
7
-7
11
-19
-14
38
-23
4
1
-11
0
5
-3
-3
13
-20
12
1
-2
1
6
-12
6
-3
25
-52
42
-27
-1
41
-32
1
9
-5
-2
4
-3
5
8
-7
-12
12
-2
4
-6
-4
6
-3
0
1
-2
-2
1
-1
0
-1
0
0
-1
-1
0
0
-1
0
-1
0
-1
-1
0
1
-1
0
0
0
0
-1
0
0
0
-1
1
0
0
-1
1
0
0
1
-1
0
0
-1
-1
1
0
0
-3
0
2
-1
-1
3
-7
2
6
-5
1
-12
11
7
-9
-4
3
-4
2
5
-8
0
31
-42
0
25
-43
52
-27
2
-7
11
-7
-1
2
-2
-13
19
-15
1
3
-9
0
0
0
-4
-3
18
-15
0
0
-2
2
0
-1
-5
30
-53
27
4
-18
31
-18
-3
7
-6
9
-5
1
-7
2
0
21
-31
15
-2
0
4
-9
5
0
0
-2
0
-1
-1
0
-1
0
-1
-1
0
-2
0
1
-1
-1
0
0
0
-1
0
0
-1
0
1
0
0
0
0
-1
0
0
0
0
0
-1
0
-2
0
-1
-2
0
0
-1
0
-1
0
0
-2
1
1
0
-5
9
-5
-1
2
-15
31
-21
0
-3
6
-2
5
-10
6
-7
3
17
-32
17
-4
-28
53
-31
4
0
-1
-3
1
-1
-2
13
-20
1
1
-1
-6
0
2
2
-1
-2
0
2
0
-1
-3
0
2
1
-1
-3
-3
-1
1
2
2
3
1
-2
-1
1
0
-1
-1
2
2
0
-1
-1
0
0
0
-1
-1
0
0
-1
0
0
-1
-1
-1
-1
0
0
0
1
0
-1
-1
0
0
0
0
-1
-1
-1
-1
-1
0
0
0
0
-1
0
0
1
-1
0
-1
-1
1
0
-1
0
0
0
-1
-1
0
-1
-1
-1
-1
0
-1
-1
0
0
-1
-1
-1
0
1
-1
-1
-1
0
1
0
-1
1
2
-1
-3
-3
-2
-1
1
1
1
1
-3
-4
-1
1
1
-3
-3
0
0
-1
-3
-4
