-9
-6
-3
-6
-4
-4
-3
-4
-2
-4
4
-12
14
-23
11
-8
1
-1
2
-16
20
13
-40
0
12
2
-3
1
-6
0
4
-1
-9
6
1
-1
-1
0
-1
0
1
0
0
1
0
1
0
0
-1
-1
-1
1
-1
-3
-1
0
-1
-1
-1
-1
-1
1
-1
0
0
0
0
0
0
0
-1
-1
0
0
0
-1
0
1
-1
1
0
0
0
1
0
1
0
0
0
1
-1
0
0
-1
2
6
-9
-1
6
1
-5
2
-2
3
13
2
-38
15
21
-15
2
1
2
-4
15
-20
18
-9
6
-1
0
1
0
-1
1
1
1
2
-8
-5
-3
-5
-2
-4
-2
-1
-2
0
24
-106
100
-8
-72
44
0
3
-4
-18
28
-36
37
-9
-31
20
4
-12
-11
6
4
25
-30
8
-14
12
-4
2
-4
0
0
-1
1
0
1
0
0
0
0
-1
-2
2
-5
3
2
-8
1
-1
0
0
-1
1
-1
0
-1
0
0
1
0
1
0
0
1
-6
3
3
-4
3
-2
0
1
-1
0
0
1
0
2
0
2
1
-4
3
-3
13
-14
9
-30
26
4
7
-11
-12
5
20
-29
-9
38
-34
30
-15
-3
4
1
48
-68
-5
104
-101
26
2
0
3
0
1
1
3
2
2
-8
-7
-3
-6
-2
-3
-7
3
-10
-1
26
-46
26
5
-61
106
-106
42
24
10
-237
284
-90
-1
9
-19
19
-31
-18
116
-94
-48
70
1
-14
-2
-2
3
2
-1
0
0
-1
2
-1
0
-1
1
-2
0
-5
5
11
-19
0
7
-3
-2
-1
0
0
1
-1
0
0
1
0
1
0
0
-1
0
-2
8
1
-18
11
7
-4
-1
-1
0
0
-1
0
2
-1
2
0
-1
2
2
-1
0
-13
1
70
-47
-93
117
-18
-29
19
-18
10
1
-88
285
-236
12
25
43
-105
108
-58
8
30
-43
30
4
-8
6
-3
2
1
2
2
1
-8
-7
-4
-7
0
-12
2
0
-3
11
7
-64
38
6
-13
-5
-9
12
0
8
-1
-9
-33
23
16
-21
13
-20
27
-59
79
-64
12
22
-10
-6
0
7
-3
0
-3
3
-4
2
-1
2
-2
2
-3
0
3
-11
5
1
-1
-2
1
-3
0
-1
-1
0
0
0
-1
0
0
1
-1
0
0
-2
2
-1
0
2
5
-10
4
1
-2
3
-1
1
-2
1
-4
5
-3
1
-1
8
0
-6
-10
22
12
-63
79
-58
28
-17
15
-20
17
23
-31
-8
0
9
0
14
-8
-2
-11
9
41
-60
11
14
-1
4
6
-8
3
2
1
2
-20
-6
7
4
-6
-60
64
-31
27
-6
-9
-42
-15
46
12
-29
14
-5
-2
-55
146
-165
80
-2
-7
-7
-19
13
-3
22
-24
25
-49
8
54
-69
71
-40
3
4
-1
-1
1
1
-2
3
-4
12
-12
1
0
4
1
-2
-1
-3
2
-1
-1
-1
0
-1
-1
-1
-1
-1
0
0
0
0
0
1
2
-1
0
-2
1
4
0
2
-11
12
-5
2
-2
1
2
0
-1
5
3
-40
71
-68
55
8
-49
26
-23
22
-1
15
-18
-5
-6
-1
81
-163
145
-54
0
-3
15
-26
14
50
-13
-38
-7
-4
29
-28
69
-55
-3
10
11
3
-46
51
-79
33
-81
319
-319
111
-188
368
-607
843
-828
296
690
-1041
261
241
-210
53
600
-1119
883
-563
529
-468
328
-258
349
-547
580
-483
250
40
-175
173
-136
77
-18
0
2
-1
7
-4
1
-5
12
-16
7
2
-6
1
1
-4
4
-1
0
-2
-1
-1
-1
-1
0
-2
1
-1
0
0
0
-1
1
-3
1
-2
4
-3
1
2
-5
2
8
-16
11
-4
2
-6
7
-2
2
-1
-18
78
-135
174
-174
40
250
-482
581
-546
350
-257
330
-466
530
-564
884
-1118
602
54
-208
242
262
-1037
693
298
-824
846
-603
372
-186
115
-315
323
-79
40
-76
59
-48
36
4
-25
-124
54
171
-94
-82
-72
523
-1050
1304
-1049
929
-1085
741
-430
527
-927
1463
-1529
1033
-304
-282
370
-171
11
241
-563
485
-192
21
158
-283
208
-81
49
-34
12
-15
14
-14
15
-6
4
-11
29
-38
24
-9
-2
1
4
-8
6
-2
-1
0
-1
0
0
0
1
-1
0
0
-1
0
0
-1
-1
-2
6
-7
5
2
-1
-9
25
-37
29
-10
3
-5
15
-14
14
-15
13
-33
51
-81
208
-282
157
21
-191
485
-562
242
12
-170
371
-281
-302
1035
-1527
1464
-925
527
-429
742
-1082
933
-1045
1307
-1048
526
-69
-80
-90
175
57
-121
-18
8
45
-7
-12
-8
14
79
-415
524
-242
119
3
-168
-449
1171
-230
-1345
1315
-769
600
-2
-356
-391
950
-390
-143
-90
234
115
-235
84
-251
367
115
-662
542
-88
-81
18
10
27
-31
6
11
-21
10
2
-4
4
5
-11
4
-1
2
-2
-2
-3
3
-3
1
-1
-1
0
-1
0
0
0
0
0
-1
-1
0
0
2
-1
3
-2
0
-2
3
-1
4
-10
6
5
-3
3
9
-20
11
7
-31
28
10
18
-80
-88
542
-662
116
368
-249
85
-233
115
235
-89
-141
-388
953
-390
-354
-1
602
-768
1317
-1341
-225
1174
-446
-166
8
121
-239
527
-411
82
22
-2
-4
26
-46
-6
5
214
-624
710
-271
-69
-114
-56
-154
554
204
-28
-614
283
-66
-54
320
-573
47
421
-59
-42
24
-159
75
-415
451
-44
372
-277
-197
111
32
-46
-5
14
12
-7
1
-9
10
-3
0
-5
-2
7
-6
-1
-2
-1
0
-1
1
-4
-1
-1
-1
-1
0
-1
-1
0
0
0
0
0
0
-1
0
-2
4
0
1
0
0
-2
-4
8
-1
-4
1
-3
9
-9
1
-7
11
15
-6
-45
33
111
-196
-277
373
-43
451
-414
75
-159
25
-40
-57
423
48
-572
321
-53
-65
284
-611
-24
207
557
-150
-53
-111
-67
-267
713
-621
218
14
-1
-38
0
-37
75
-93
70
-263
434
-276
116
-4
-492
333
686
-589
-92
-96
288
-316
128
615
-660
-32
352
-203
-201
177
174
-506
451
236
-442
172
-474
561
-14
-182
15
53
-26
-7
3
3
-13
19
-6
-4
3
1
-7
6
-2
-2
-1
-1
0
1
-4
0
-1
-1
0
1
0
-1
0
-1
0
1
0
0
0
1
-3
2
1
1
0
-1
0
6
-6
2
4
-4
-5
20
-13
3
3
-6
-25
54
15
-181
-14
563
-474
171
-441
237
452
-505
175
177
-199
-201
354
-31
-659
616
129
-315
289
-92
-89
-587
689
337
-489
0
118
-272
439
-259
73
-84
80
-29
-33
59
-129
105
-118
150
-89
83
-174
292
-550
936
-1229
776
397
-859
275
130
-197
-12
624
-829
500
-508
515
-266
60
13
326
-890
941
-228
-669
818
-396
170
-130
66
-4
-17
9
3
-13
26
-16
4
-6
17
-27
15
-4
-2
0
-2
0
0
-4
2
-3
0
-1
0
-1
0
1
-1
0
0
0
1
-2
4
-3
2
1
-1
1
-1
-3
15
-26
18
-6
4
-16
27
-13
4
9
-17
-3
66
-130
169
-395
818
-669
-227
942
-890
325
14
62
-266
517
-508
501
-828
626
-11
-196
132
276
-856
400
781
-1226
938
-548
296
-171
88
-87
154
-115
112
-125
69
-26
-8
80
-87
-27
264
-533
322
2
84
-387
301
412
-1218
1752
-1726
1043
-656
779
-609
266
-315
179
72
91
-323
310
-131
49
174
19
-997
1258
-773
364
-59
-68
81
-35
-12
21
-11
-2
8
7
-12
11
-9
-1
3
-2
0
-2
-1
-1
1
0
-3
1
-1
-1
0
-2
-1
1
-1
-1
0
0
0
0
-2
1
3
0
1
-1
1
-1
4
0
-9
11
-13
7
8
-3
-12
21
-11
-34
81
-67
-59
365
-773
1258
-997
19
175
51
-131
312
-322
92
73
180
-314
266
-607
780
-654
1044
-1723
1756
-1216
416
305
-385
87
3
327
-528
268
-25
-78
85
0
32
-45
-45
75
131
-370
333
-247
88
-83
364
-281
-199
-129
897
-173
-871
413
192
165
-455
-23
251
47
-84
-217
260
-302
498
-344
205
-480
603
-27
-274
-26
16
16
25
17
-13
1
-15
40
-21
5
3
-2
-9
4
0
0
1
-3
1
-3
2
1
-2
0
0
-1
0
0
0
0
0
0
1
1
-1
1
3
-1
2
-2
2
-1
2
5
-8
-1
3
4
-21
40
-17
1
-13
17
26
16
16
-26
-275
-26
603
-479
206
-344
500
-301
262
-215
-82
48
253
-23
-454
166
194
416
-870
-170
901
-124
-196
-278
368
-80
90
-243
337
-366
134
82
-39
-36
-9
-4
28
-20
257
-614
176
280
-158
249
-481
-88
874
-384
-775
529
158
155
-128
-510
27
1281
-1038
106
167
-320
212
202
-811
988
-153
-1061
993
28
-354
210
-61
-38
35
0
-16
-4
7
17
-18
-7
12
-8
-2
4
-1
-1
-4
3
1
-3
1
-1
0
-1
-1
1
-2
-1
-1
0
-1
0
0
0
1
-1
2
-1
1
4
-3
1
-1
5
-1
-8
12
-6
-17
18
7
-4
-16
0
35
-38
-61
210
-353
29
993
-1060
-153
989
-810
204
214
-317
168
108
-1036
1282
28
-509
-126
157
159
534
-772
-382
877
-86
-479
250
-156
282
179
-610
260
-12
34
5
-50
39
1
-95
-106
464
-241
-128
-12
-54
680
-1342
1645
-1770
1694
-1327
622
9
-2
-216
377
-775
846
-508
183
77
-262
265
-66
-194
779
-1366
1275
-820
282
27
-21
12
-40
40
-2
-13
4
1
-3
7
-4
5
-6
0
0
-2
0
-1
1
-3
-1
2
-3
0
0
-1
0
-1
0
0
0
0
1
1
-1
2
0
-3
4
1
1
0
1
0
-5
4
-5
7
-3
1
3
-13
-2
41
-39
12
-21
28
282
-820
1275
-1364
780
-192
-64
267
-261
79
185
-507
847
-775
378
-216
-1
12
623
-1325
1696
-1767
1648
-1340
684
-50
-9
-126
-238
468
-103
-88
6
47
4
-19
-49
63
-7
-51
51
-105
162
-129
60
-284
310
681
-598
-721
782
-419
219
-268
849
-425
-326
112
-185
217
-61
282
-282
661
-357
-1123
887
225
-363
123
32
-25
2
22
-18
8
-28
68
-58
18
-4
-5
7
-2
-1
0
0
0
-2
1
-1
-2
0
0
1
-1
-2
-1
-1
0
0
0
0
0
1
-1
0
1
-2
0
0
1
0
-1
8
-5
-4
18
-58
69
-28
9
-18
22
3
-25
32
124
-361
226
887
-1123
-357
663
-280
284
-60
218
-184
112
-324
-424
850
-266
221
-417
783
-718
-595
685
313
-281
63
-125
165
-99
55
-47
-4
71
-44
-9
12
-24
-5
32
98
-392
247
11
143
-111
-271
737
-970
486
219
-360
48
-162
876
-747
-845
1196
-163
-144
252
-391
358
-381
573
-275
-447
357
320
-564
160
50
-11
89
-71
0
23
-31
53
-50
32
-24
18
-8
-1
-4
3
-2
-1
-1
0
0
-2
-1
0
-2
0
-2
-1
0
-1
1
-1
0
1
-1
0
0
0
0
1
1
-1
0
4
-4
0
-8
19
-24
31
-48
54
-31
24
0
-71
90
-10
52
160
-563
320
358
-445
-275
574
-379
360
-389
253
-141
-161
1197
-844
-746
877
-162
49
-356
222
488
-967
740
-269
-108
145
14
250
-387
101
40
0
-15
-16
-6
30
-72
-145
588
-561
113
45
62
-429
730
-518
-229
887
-843
246
14
396
-1195
1936
-1532
334
339
-392
85
215
-36
-808
1486
-1293
471
440
-742
421
-107
-16
16
2
-10
13
13
-36
18
12
-8
-5
8
-8
1
2
-1
-2
1
0
-1
-2
0
-2
1
-2
1
-1
1
0
0
0
1
-2
2
-1
1
0
0
0
1
-2
-1
2
1
-7
8
-4
-7
12
16
-36
14
13
-9
3
17
-16
-107
422
-740
440
471
-1293
1488
-807
-35
215
86
-390
340
335
-1530
1937
-1194
397
15
247
-840
890
-225
-515
734
-426
66
47
116
-556
593
-142
-63
36
3
-3
-10
13
30
85
-525
471
-35
-86
-91
-106
62
641
-73
-432
-416
546
102
122
-614
-471
750
149
-94
-20
-90
17
30
45
269
-539
172
-23
-35
99
-44
74
-44
21
-22
-10
21
12
-13
-9
-1
8
3
-10
0
2
-3
-1
1
-2
0
-1
-1
0
-2
0
0
0
-1
1
-1
1
-1
0
-1
0
0
0
2
-2
0
1
-2
4
1
-9
3
8
-1
-8
-13
11
21
-9
-22
22
-43
73
-41
99
-34
-23
172
-537
269
46
31
18
-87
-19
-93
150
752
-470
-613
123
104
547
-412
-430
-69
644
66
-102
-87
-84
-31
474
-520
89
36
18
-2
-18
12
-59
63
-129
315
-279
61
-62
105
-147
59
155
-329
249
-12
-80
18
133
-178
208
-288
159
-103
92
-37
31
-49
246
-258
-142
249
-2
-172
181
-58
-22
3
-3
-4
5
19
-24
23
-9
1
-8
7
-2
-2
-3
1
-1
1
-1
-1
-1
-1
0
-2
0
0
-2
-1
0
0
0
0
1
-1
0
0
0
2
0
2
0
2
-1
-2
-1
7
-7
2
-8
22
-25
20
5
-3
-3
4
-21
-57
182
-171
-2
251
-140
-258
247
-47
33
-36
94
-103
161
-286
209
-176
135
19
-79
-9
252
-327
159
61
-144
109
-59
66
-274
320
-126
71
-54
20
-13
-4
13
-20
-30
17
-1
18
-25
-2
35
19
-191
246
-339
371
-197
96
-55
-39
-23
210
-152
-62
59
24
-44
33
-26
-17
25
1
93
-144
52
19
-53
37
-2
2
-5
2
-11
6
8
-6
1
-2
1
-1
0
-2
1
0
-2
0
0
-1
-1
-1
-1
0
-1
0
0
0
0
-1
0
0
-1
0
1
1
-1
1
0
-2
-1
0
2
-2
1
-6
7
6
-11
3
-5
3
-1
38
-54
20
53
-143
93
2
25
-16
-24
35
-43
25
61
-61
-151
210
-22
-38
-53
97
-196
374
-335
248
-188
23
38
0
-23
21
3
21
-27
-12
18
5
9
-21
-7
-2
-45
142
-105
-15
20
9
-47
43
-16
14
-57
44
36
-137
52
72
38
-76
-12
-18
59
-47
23
-36
-30
44
38
-31
7
15
-61
42
-3
-4
4
-5
0
-3
8
-4
-1
1
1
-2
0
-1
-2
0
3
-3
0
0
-1
-1
-1
-1
-1
-1
-1
-2
0
0
0
-1
0
0
0
0
0
1
2
-2
3
1
-1
1
1
-2
2
1
-1
-2
9
-3
0
-5
6
-2
-3
42
-60
15
7
-30
40
45
-28
-37
24
-46
61
-16
-12
-74
40
74
52
-135
37
48
-53
16
-14
45
-45
12
23
-10
-102
144
-41
5
-2
-12
21
-49
35
-6
37
-178
176
-69
22
1
-44
15
76
-150
102
-6
-73
102
-139
167
-123
28
29
-3
-48
35
-13
6
-12
-41
87
4
-56
35
-54
31
6
-8
5
-9
7
2
-8
9
-3
-1
0
2
-2
-1
0
0
1
-1
0
-1
0
-2
-2
-1
-1
-1
0
0
0
-1
0
1
0
1
-1
-1
1
0
1
-1
0
1
0
0
-1
3
2
-1
-3
9
-8
2
8
-9
6
-8
6
32
-53
35
-56
4
88
-41
-12
7
-12
36
-47
-2
29
29
-122
168
-138
105
-72
-3
105
-146
79
19
-42
4
24
-64
180
-174
40
1
40
-41
-23
21
-27
-13
-28
136
-157
43
7
-1
-7
-19
7
72
-132
69
22
-25
-65
47
79
-106
36
-5
4
-7
-17
8
52
-88
81
-73
54
-20
-2
7
-16
10
1
-2
-3
4
2
-2
2
-4
1
0
0
-1
-2
0
0
0
-1
-1
-1
0
0
0
0
0
0
0
0
0
1
-1
0
1
0
2
0
1
0
1
1
-1
0
-1
1
0
2
-3
3
-1
1
5
-2
-1
0
9
-16
7
-1
-19
54
-73
81
-87
53
8
-16
-7
5
-3
37
-104
81
49
-64
-25
23
72
-128
73
10
-16
-5
2
9
48
-152
141
-25
-5
-22
30
-4
-11
-1
-5
29
-89
50
7
-1
-17
17
-22
7
-60
94
-25
-40
1
-5
69
-63
11
1
11
-22
18
-12
21
-71
94
-44
-19
16
1
19
-17
-2
3
2
-3
-2
7
-4
2
-1
1
-1
-1
-1
0
0
-1
1
-3
-1
-2
-1
0
-1
-1
-1
-1
1
0
0
0
1
2
0
0
2
0
1
0
1
-2
2
-1
0
1
0
0
0
1
-1
2
-4
8
-2
-3
3
3
-2
-16
19
2
16
-18
-43
95
-71
21
-12
19
-21
13
2
11
-62
70
-4
0
-39
-22
97
-58
11
-18
19
-14
1
11
53
-84
31
2
4
-3
4
-20
5
-9
17
-30
18
-25
8
3
-2
0
-40
66
-89
71
-31
4
-43
101
-84
19
-7
6
6
-11
8
-22
12
63
-112
45
-7
25
-27
16
-8
4
0
-2
5
-4
4
-3
2
0
0
2
-3
1
-1
-1
-1
-1
0
-1
-1
0
-1
-1
-1
0
-1
0
0
1
0
0
1
1
0
0
0
1
0
0
-1
0
1
1
-2
2
-1
0
2
-2
2
-4
5
-3
0
3
-6
15
-27
26
-7
46
-111
64
13
-21
8
-10
7
8
-5
20
-83
102
-42
6
-30
74
-85
69
-36
3
2
5
11
-22
22
-27
20
-1
10
-13
-7
-8
-6
-10
-22
81
-63
-17
20
-10
-3
2
-1
-10
-39
62
-3
-37
-10
41
-29
4
3
3
-9
4
-4
-11
36
-5
-58
18
16
8
-22
12
-1
0
-2
3
-2
-2
4
-3
0
1
0
-2
1
-1
-2
1
0
0
-1
-1
0
-1
-1
-2
0
-1
0
-1
-1
-1
0
-1
1
0
0
-1
0
1
1
1
0
-1
-2
0
2
-1
1
0
1
-2
5
-3
-1
3
-1
1
-1
13
-22
8
16
20
-57
-4
38
-9
-3
5
-8
4
4
6
-29
43
-9
-36
-2
66
-36
-5
1
5
0
-6
22
-13
-60
85
-19
-2
-1
1
-13
0
-7
-5
20
-59
34
-11
2
-2
3
-18
17
-28
0
38
-46
27
-33
41
-20
4
-8
0
-3
-1
6
-6
-8
20
-19
0
4
-7
10
-8
2
3
-2
1
2
-3
0
5
-3
1
0
0
0
-2
-1
0
0
-1
-1
0
-1
0
-1
0
0
0
-1
0
0
0
0
1
0
1
0
-1
0
0
0
0
1
1
0
-1
1
1
0
1
-2
4
1
-2
2
1
-2
3
2
-9
11
-5
4
1
-18
20
-7
-5
7
1
-2
2
-6
6
-19
41
-33
27
-45
41
3
-25
21
-15
5
1
5
-6
37
-55
23
2
-3
8
-11
-3
-2
-9
11
-24
2
-4
8
-6
-2
-11
8
7
-32
31
-19
0
-15
21
0
-10
0
-3
2
0
-4
8
-9
-15
39
-30
16
-13
8
-1
-4
1
2
-2
2
-3
3
-2
1
0
1
-2
0
-1
0
-2
0
-1
-1
-1
-1
-1
-1
0
-1
-2
0
-1
-1
0
0
0
-1
1
0
0
0
0
0
-1
1
0
0
0
1
-1
2
0
1
-1
3
-4
3
-2
1
1
-3
1
8
-13
16
-28
40
-15
-8
9
-4
0
3
-2
1
-9
1
23
-13
1
-18
33
-29
10
11
-8
2
-3
10
-1
6
-21
14
-1
2
5
-7
-8
-1
-7
-7
15
-27
11
-5
0
-1
0
-18
0
0
2
12
-25
8
10
-31
30
-17
6
-3
3
-2
-16
20
-34
49
-23
-12
10
-3
3
-1
-2
1
0
1
-2
0
1
0
1
-1
1
-1
0
-1
0
-2
1
-1
-1
-1
-1
-2
-1
0
0
0
-1
0
0
0
0
0
0
0
0
-1
1
0
1
-1
1
0
1
0
1
0
0
1
1
1
-1
1
0
2
-2
-1
5
-3
10
-12
-22
50
-32
20
-13
-2
5
-3
6
-17
31
-30
13
9
-25
13
5
2
3
-16
4
3
2
-3
14
-23
18
-4
1
3
0
-7
-6
-5
-3
-2
-15
12
-7
0
-8
9
-11
-1
-8
7
2
-22
16
-9
5
7
-11
-8
3
0
0
-1
3
-10
-14
48
-39
11
-1
0
-2
5
-4
0
1
-2
1
-1
2
0
0
1
-1
0
-1
-1
-1
0
0
-1
0
-1
-1
-1
-1
-1
0
0
-1
-1
-1
0
-1
0
0
0
0
0
0
1
1
0
1
0
1
1
0
0
0
0
2
1
1
-2
2
0
-3
5
-1
0
0
11
-37
48
-14
-9
4
-1
1
2
5
-6
-10
9
7
-8
18
-21
4
10
-5
2
-8
11
-5
2
-3
14
-11
0
4
0
2
-5
-5
-1
-1
-3
-5
-3
0
0
-2
-4
-2
0
0
-1
-3
-3
-4
-3
-2
0
2
1
-2
-3
0
0
-1
-3
-1
1
0
0
-1
-1
-1
0
0
0
0
0
0
0
1
0
0
-1
1
-1
-1
-1
-1
0
0
0
-1
-1
-1
-1
-2
-1
0
-1
0
0
0
0
0
-1
0
0
0
0
1
0
0
0
0
0
0
0
0
0
0
0
0
0
0
0
1
0
0
1
0
0
0
0
1
1
-1
-2
0
1
1
-1
-2
1
2
1
0
-2
-2
-2
0
0
2
3
1
-1
0
2
2
-1
-2
0
4
2
0
