0
-2
-3
-1
2
1
-3
-1
0
10
-16
1
2
0
-6
3
3
-10
6
-1
-1
1
0
0
-1
1
1
-2
2
-1
-1
1
2
-3
-3
3
0
0
-1
0
-1
0
0
0
0
0
1
-1
-1
1
-1
-1
-1
2
-2
0
0
0
0
0
0
0
0
0
0
0
-1
-1
-1
0
-1
0
-1
-2
1
-2
1
-1
1
-2
1
0
-3
0
-1
0
0
-1
-1
-1
1
-1
-1
-3
2
2
-3
-2
0
-1
-2
1
-2
-2
0
0
0
0
0
-1
-7
9
-3
-4
5
-3
-5
-3
13
-10
-1
1
1
-3
-4
-2
1
-1
0
-15
8
3
-6
12
-17
11
-6
12
-15
-4
10
-5
5
-9
1
4
-3
2
-1
-1
-1
2
-3
1
-1
0
0
3
-6
7
-5
6
-10
3
1
-2
1
-2
2
-2
1
-1
1
-1
1
-2
0
0
-1
1
0
-1
1
-1
0
1
-2
1
0
0
-1
0
0
0
0
1
-1
-1
0
-1
-1
0
-2
1
-1
-1
0
-1
-1
2
-3
0
-3
-1
-2
1
-3
2
-1
2
-1
-3
8
-7
5
-6
5
-3
0
-2
1
-1
2
-4
0
0
1
-1
2
-4
-2
8
-7
5
-11
3
14
-13
5
-11
15
-12
5
-6
-9
10
0
28
-17
-2
19
-26
8
-4
8
-1
-13
15
-11
8
-9
1
6
-8
3
-2
2
-1
1
0
0
-2
1
2
-3
2
0
1
-4
5
-5
3
0
0
-2
1
0
-1
0
0
-1
2
-1
0
-2
1
-3
2
-1
0
0
0
-1
-2
-1
-1
0
0
0
0
0
0
0
0
-1
-1
0
0
0
-1
-1
1
2
-3
2
-2
1
-2
0
-3
1
-1
-1
0
-1
-2
1
-1
0
-4
5
-6
3
-2
0
-2
2
-1
-2
3
0
0
-2
2
-2
2
-3
8
-7
-3
7
-11
9
-16
11
1
-9
4
-10
25
-21
-1
16
-32
0
2
-4
7
13
-56
31
20
-23
-1
6
-1
1
7
-2
-18
19
-4
-3
0
-1
1
-4
0
3
-2
-2
2
-1
0
1
1
0
5
-10
5
0
-2
1
-2
1
-1
1
-2
1
1
0
-2
1
0
-1
-1
1
0
1
-2
0
0
0
-1
0
0
0
0
0
-1
-1
-2
0
0
-1
0
-1
1
-1
1
-1
0
0
0
-2
2
-1
0
-1
2
-2
0
-2
1
-1
1
-1
-6
9
-7
-1
-1
-1
0
0
-1
1
1
-5
-2
3
-1
0
0
2
3
-20
17
1
-9
-3
-1
-8
0
22
-20
-33
55
-15
-10
3
-6
0
-62
71
-41
75
-138
81
7
-44
83
-100
58
30
-69
33
-22
21
-7
-1
2
-4
9
-9
6
-1
-2
2
-1
3
-4
5
-5
4
-3
-1
2
-2
0
-1
0
-2
-1
0
1
-1
0
0
-1
0
-1
-1
-1
2
-1
-3
0
-2
0
0
-2
0
0
0
0
0
0
0
0
0
0
-1
-2
1
-1
1
-1
-2
1
-1
-1
-1
0
-2
-1
1
-1
-1
0
1
-2
0
-1
2
-4
0
3
-4
5
-5
2
-3
1
-2
1
1
-7
9
-8
3
-2
0
7
-22
21
-36
68
-32
-59
98
-85
43
-7
-82
138
-77
38
-73
58
0
6
1
10
-25
-17
73
-63
30
-14
1
2
-22
25
2
14
-44
22
-3
2
0
-1
0
0
0
2
-1
-1
-2
1
1
-2
-1
-1
2
-2
2
-2
1
1
-2
0
-1
0
1
-2
-1
1
-1
0
-1
-1
2
-1
-1
-1
-1
2
-2
0
-1
0
-1
-2
0
0
-1
-1
1
-1
1
-2
0
0
-1
0
-1
1
0
-1
0
-1
0
0
-2
0
0
-1
1
-2
-2
1
-2
2
-2
0
0
1
-2
0
1
0
0
-1
-1
-1
0
0
0
-4
2
-21
43
-16
-4
-26
21
-4
-3
11
-30
63
-74
16
24
-12
-3
-10
0
19
5
-15
16
20
-83
19
59
28
-53
-27
-12
47
-24
61
-76
25
0
-2
3
9
-9
-1
0
0
1
-1
3
-6
0
0
1
-1
-1
3
-3
1
0
-1
0
0
-1
1
-1
1
1
-1
-1
0
0
-1
-1
-1
1
-1
-1
0
-1
0
0
-1
-1
-1
0
0
0
-1
0
-1
-1
1
1
0
-2
0
1
-1
-1
-2
1
0
0
-2
0
-2
1
0
-1
1
0
0
2
-3
-1
1
-2
1
-1
4
-3
0
-1
0
-1
2
8
-9
-2
2
0
-26
76
-63
24
-49
11
27
53
-30
-59
-20
81
-21
-17
10
-6
-24
0
14
-30
2
15
128
-134
-81
27
56
49
4
-62
-35
63
-50
50
-23
-3
-7
15
5
-8
-9
5
0
2
1
-3
0
0
3
0
-1
2
-3
0
-1
1
1
-2
3
-3
2
-1
-1
1
1
0
-1
-1
0
-1
1
0
0
-2
0
-1
1
-2
0
-1
-2
0
0
0
-1
1
-2
1
-1
1
0
0
-1
0
-1
-1
0
0
-1
0
0
0
-2
2
-4
1
0
0
0
-2
2
-4
0
0
-3
0
1
3
-2
-2
1
-6
9
8
-5
-17
6
4
22
-50
48
-65
34
60
-6
-52
-60
-27
80
133
-129
-16
-5
30
-18
0
19
-35
28
-13
12
-29
-12
47
-35
31
-32
-5
40
-63
15
41
-6
-9
-2
-1
4
-13
18
-4
-3
1
1
-1
-1
1
1
-2
-2
-1
2
-1
0
0
0
-1
1
-2
1
0
-1
0
1
-1
-1
0
0
1
-1
-2
0
0
1
0
-1
0
-1
-1
0
0
0
-1
0
-1
2
0
-1
-1
0
2
-1
-2
0
0
1
1
0
-1
-1
-1
-1
1
-1
1
-1
-1
0
1
-3
-1
-1
2
-2
-3
2
0
-2
-1
2
4
-17
12
-4
1
0
9
5
-41
-16
62
-40
2
30
-32
33
-47
12
28
-14
11
-32
33
-24
0
-31
42
-52
34
-35
155
-297
359
-338
213
-151
61
95
-72
35
-69
34
-11
16
-26
55
-57
21
-3
3
-4
5
-9
8
-5
-1
6
-8
3
-1
-1
0
-1
-1
2
-2
1
-2
0
0
-2
0
0
-2
1
2
-3
3
-1
0
-1
1
-3
0
0
-2
1
-1
0
0
-1
1
0
-1
1
-1
0
-1
1
-3
3
-1
-2
1
0
-2
0
-1
-1
1
-3
2
-3
0
1
-1
1
-1
-4
7
-7
0
4
-10
9
-5
2
-3
3
-22
56
-55
26
-17
10
-35
69
-36
71
-96
-63
147
-216
336
-359
296
-155
33
-35
49
-43
27
0
-40
36
0
-64
146
-166
121
-49
-4
-32
28
93
-64
-124
127
-30
5
-4
6
-12
14
-7
-1
-2
1
-1
-1
1
1
-2
-2
1
0
0
-1
-2
1
1
-1
-2
1
0
0
-1
1
-3
1
-1
0
-2
2
-2
0
1
1
-4
3
-2
0
-1
-1
0
-1
0
0
-1
0
0
-1
1
-2
3
-1
-1
0
2
-3
1
0
0
-2
0
-1
1
-1
0
-2
1
0
-1
-1
2
0
0
-2
-1
1
2
0
-1
0
-1
-3
1
1
6
-14
12
-7
2
-4
29
-128
123
63
-95
-30
29
2
47
-121
167
-149
62
-3
-38
36
0
34
-35
-17
17
70
-208
311
-171
-101
187
-144
102
-29
-18
15
-10
-5
1
15
-1
-47
76
-49
9
3
-1
-2
0
4
-10
11
-4
2
-4
2
1
0
1
-2
-1
1
-1
1
-2
0
1
0
0
0
-1
0
0
-3
2
-1
1
1
-1
-1
0
-1
0
0
0
0
0
0
0
0
1
-1
-2
2
-2
4
0
-1
0
-1
-1
1
-1
0
1
-3
-1
-2
1
0
-2
1
-2
-3
4
-3
3
-11
10
-4
0
2
1
-4
-10
48
-77
47
1
-16
-1
6
9
-17
17
28
-103
144
-189
101
171
-311
208
-71
-17
14
34
-37
0
40
-47
44
-66
87
-63
-39
211
-270
157
-80
50
8
-124
168
-83
16
-6
4
-5
3
-5
11
-9
3
-1
2
-6
5
-2
1
2
-5
-1
3
1
-3
0
2
-2
-2
1
0
-1
0
2
-1
-1
2
-2
0
0
0
-1
-1
1
0
-1
-1
0
0
1
-1
0
0
-1
0
0
0
-1
-1
-3
1
-1
0
0
-2
2
-3
1
1
-4
0
1
-2
-1
0
1
-3
0
2
-1
-3
1
2
-2
-3
2
-5
6
-4
1
-4
9
-12
6
-3
5
-5
6
-16
83
-168
123
-10
-52
79
-160
267
-212
39
62
-88
64
-46
46
-44
0
57
-19
-25
77
-142
-9
208
-44
-128
7
-112
416
-336
125
-130
109
-26
-1
12
-13
-39
83
-46
9
-7
3
-3
5
-2
1
-5
0
8
-3
-5
3
1
-2
1
0
-1
-2
-1
-1
-2
2
-1
1
-1
0
2
-2
0
-1
1
-2
0
0
0
-1
-1
0
0
0
-1
-1
0
-1
-1
0
-1
2
-2
0
-1
1
-3
1
1
-1
1
-1
1
-1
-1
0
-1
-1
0
1
-1
-3
4
4
-9
-1
4
-1
1
-6
2
-3
6
-9
45
-84
38
12
-11
0
26
-109
129
-126
335
-417
110
-9
127
44
-209
8
142
-78
22
18
-62
0
73
-38
-3
-34
81
-6
-55
-135
301
-127
-256
440
-200
-99
112
-12
-11
6
-3
-33
71
-65
24
1
1
-4
-2
-1
4
0
0
-3
1
0
-1
-1
0
1
-3
4
-5
4
-3
-2
1
-1
-1
0
1
-3
0
-1
1
1
-2
0
-2
0
1
-1
0
-1
-1
0
1
0
0
1
-1
-1
1
-1
2
-2
-1
1
-1
1
-2
-1
1
0
-1
0
2
-5
4
-4
2
-2
-1
-1
0
-1
-2
2
-1
0
-4
0
2
3
-3
-1
-25
65
-72
32
2
-5
11
11
-114
98
199
-441
252
126
-304
134
55
5
-82
31
-2
37
-77
0
9
11
-2
23
-135
104
-11
-1
-22
18
-155
363
-91
-182
92
-14
-11
10
-7
-1
30
-25
-3
3
1
0
2
2
-2
1
0
-3
1
0
-1
0
1
0
-1
-1
0
-1
-3
2
-1
-2
1
-2
2
-1
0
-1
2
-1
1
-1
1
0
-1
-1
-1
-1
-1
0
0
0
0
0
-1
0
-2
1
-2
0
-2
2
0
0
-2
2
-1
0
0
-2
2
0
-1
1
-1
-1
-1
0
1
-1
-2
3
0
-3
1
-2
-2
0
-2
-4
3
24
-31
1
7
-10
10
14
-93
181
90
-364
153
-21
22
1
10
-106
136
-24
0
-13
-14
0
-11
11
-36
7
21
96
-78
46
-42
-21
-109
-108
345
-75
-74
21
-15
8
-8
12
9
-29
19
-5
1
0
-1
1
-1
1
-3
1
-1
-2
5
-2
0
0
-1
0
-3
2
-1
1
-1
1
1
-2
2
1
-2
-1
0
-1
0
0
-2
0
-1
0
1
-1
-1
0
0
0
-1
0
0
-1
0
-1
-1
0
0
0
0
-2
-2
1
1
-1
0
-1
0
-2
2
-2
0
-1
-1
1
-5
2
1
-2
2
-1
1
-1
0
0
-1
5
-19
28
-10
-12
8
-8
12
-22
71
74
-348
105
108
21
38
-47
78
-97
-22
-9
33
-13
7
0
-25
2
-5
23
-82
155
-47
-108
3
25
114
16
-155
97
-41
1
2
4
1
-6
-8
23
-13
2
0
0
0
0
-1
-2
3
-2
0
-1
-3
3
0
-2
1
0
-1
1
-2
1
-4
4
-3
1
0
1
-2
1
-1
0
-2
1
-1
1
-1
0
1
-1
1
0
-1
0
0
-1
0
-2
0
-2
0
0
0
-1
2
-2
0
-1
3
-6
3
-3
1
-1
1
-1
-2
1
0
-4
3
1
-2
1
-4
1
0
-1
-1
0
-1
-3
13
-24
8
5
-1
-5
-3
-1
40
-98
154
-17
-116
-27
-5
106
49
-156
81
-24
2
-3
21
0
-48
3
58
9
-199
207
-124
114
-45
21
-104
123
-51
14
-4
-5
-1
0
8
-6
0
-7
6
-1
-1
3
0
-4
6
-2
2
-1
3
-9
5
0
-2
0
1
0
0
-1
1
-1
-1
1
-3
2
-2
0
-2
1
-1
1
-2
1
-1
-1
0
0
-1
0
0
0
-1
0
0
0
-1
0
0
-1
0
-2
1
-2
1
0
1
-3
1
-2
-1
1
-2
0
0
-1
-1
-1
1
0
-6
8
-3
1
-3
3
-6
4
0
-3
1
0
-7
8
0
7
-8
-1
1
4
4
-15
51
-125
102
-24
43
-114
125
-209
197
-10
-62
-5
43
0
-11
-6
-5
62
-114
101
-53
21
4
-5
-35
70
-49
-6
22
-5
1
-2
4
-5
4
-3
3
-3
4
-1
1
-2
2
-2
1
-3
4
-4
0
0
0
2
-2
0
-1
0
0
-2
0
1
1
-3
2
-2
0
0
0
0
0
-2
-1
0
0
0
-2
0
-1
0
0
0
0
-1
0
0
0
1
-2
0
1
0
-1
1
-2
2
-1
-2
0
0
-1
-1
1
-1
0
-2
0
0
-1
3
-6
2
-2
2
-3
2
-2
1
-4
2
-3
3
-5
6
-5
2
-2
4
-22
5
48
-71
34
2
-5
-21
52
-102
112
-63
1
6
8
0
5
-7
-4
34
-56
62
-67
23
21
-17
8
-32
42
-17
-4
2
1
-2
1
1
-2
3
-1
-1
0
1
-2
2
0
2
-4
5
-5
1
1
-1
0
0
-1
0
-1
1
-2
0
-1
2
-2
0
-1
1
-2
0
0
0
-2
0
1
-2
1
0
-2
0
-1
0
0
-1
0
0
-1
0
-2
-2
2
-2
0
0
2
-2
1
-1
1
-3
1
0
0
-2
1
-1
0
-1
-2
-1
-2
-2
6
-5
4
-2
0
-2
1
-2
-1
1
1
-4
2
-1
-1
1
-2
-3
2
15
-43
31
-9
15
-25
-25
67
-63
54
-35
1
5
-10
0
13
-4
2
-20
17
-16
18
-3
-2
-5
14
-14
-3
7
1
-2
-1
2
-3
4
2
-2
0
-1
0
-1
1
1
0
2
-1
2
-1
0
-4
3
-1
1
-2
-1
-1
2
-1
-1
1
-3
0
-1
0
-1
-2
0
1
-2
0
0
0
-1
-1
0
0
-2
-1
0
0
1
0
0
0
-1
0
-1
-1
-1
-1
-1
1
0
-2
1
-1
1
-2
1
0
-2
0
0
0
-1
-1
-3
3
-2
-1
-3
2
-2
0
-1
-2
1
0
0
0
2
-2
-3
3
-3
0
2
-3
-7
2
13
-16
4
0
2
-17
15
-17
18
-5
2
-17
0
12
-8
-3
7
-5
0
3
-2
-18
23
-6
-10
-2
9
0
-5
1
0
0
-1
-1
2
-1
0
-1
0
0
-1
2
0
-2
4
-3
1
0
1
-2
0
2
0
-1
0
-1
2
0
1
1
-1
0
-1
-1
1
-2
0
1
-2
0
0
-1
0
-1
0
1
0
0
0
-1
0
0
-1
-1
1
-1
0
1
-1
0
0
-1
1
-2
0
0
-2
1
-1
1
0
-1
0
2
-2
-1
-1
2
-4
2
-1
-2
1
-1
0
0
0
1
-1
0
0
0
1
-2
5
-1
-11
3
9
4
-25
16
1
-3
0
3
-8
-1
7
-15
0
2
1
-3
1
-1
-1
11
-13
-1
-5
24
-30
18
-8
0
1
0
0
-1
-1
0
-1
1
-3
0
1
0
2
-2
1
-1
-2
0
3
-2
2
-2
0
1
-1
0
-1
-2
1
-1
0
-1
1
-3
0
1
-2
0
-1
1
-1
0
1
-1
0
0
-1
0
0
0
0
-1
0
-1
0
0
1
-2
2
-1
2
-2
-1
2
-1
1
0
1
-2
1
-1
0
0
-2
-3
1
-2
2
-4
0
1
-1
-2
3
-2
1
-2
-1
2
-2
1
0
0
0
-1
-1
-1
-1
7
-19
29
-25
4
0
13
-12
0
-1
-3
0
-2
-7
0
-6
3
2
-11
8
-3
3
-1
-6
8
-2
1
-7
6
-6
4
-4
-1
4
-1
-1
2
-1
0
0
-3
1
1
-2
2
0
-4
-1
4
-2
0
0
-1
0
1
0
-1
-1
1
-1
1
0
1
-3
0
-1
0
-1
0
-1
0
1
0
0
1
-1
-1
0
0
0
0
1
-2
0
0
-1
-1
1
-1
1
-1
-1
0
2
-2
-1
-1
1
0
0
0
-1
-1
0
-1
0
-1
2
-6
0
3
-1
-3
2
-1
-3
2
-1
0
1
-3
2
1
-4
1
4
-5
6
-9
5
-2
1
-9
4
0
-4
3
-10
11
-4
-5
0
0
-2
0
0
-1
1
0
-4
6
-9
6
-6
-2
4
-2
-1
3
-4
1
0
-1
4
-2
3
-1
1
-1
1
0
-1
1
0
-2
2
-3
0
1
-1
1
0
0
1
-1
0
0
-1
1
0
1
-3
0
0
1
-1
-1
0
-1
1
-2
0
-1
-2
0
0
0
-1
0
0
0
-1
0
-2
0
-1
1
0
-1
-1
0
1
-1
0
-1
0
-1
-1
0
0
0
0
-1
1
-1
-2
1
-3
1
0
-2
0
0
-1
0
-1
1
-2
1
-2
1
-1
-1
3
-3
-1
1
-6
1
4
-8
5
-6
3
-1
-2
-1
-3
-2
-4
0
-3
3
-3
1
-1
0
0
3
-9
7
6
-21
14
-6
4
-2
-2
0
0
0
0
1
-1
0
0
-1
1
0
-1
-1
3
-3
2
2
-4
2
0
-2
1
-1
0
-2
0
0
-1
0
0
1
-3
1
0
-1
0
-2
1
0
0
0
1
0
-2
-1
0
0
-1
-1
-1
0
-1
-1
0
-1
-1
0
-1
1
-1
-1
1
-1
0
-1
1
-1
-1
0
-2
-1
-2
1
0
-1
3
-3
-2
3
-3
0
1
0
-1
1
1
-1
0
-1
0
0
-2
-2
1
2
-6
5
-16
20
-8
-8
7
-4
-1
-1
0
-4
-2
-3
0
0
1
2
-3
0
-1
1
0
-2
5
-7
5
-6
-1
4
-3
1
-1
2
-2
0
-2
-2
5
-2
-2
-1
1
1
-1
1
1
-3
1
-1
0
0
0
-1
-1
0
-3
1
1
-1
-2
1
1
-1
1
-1
-1
0
1
-1
-1
0
0
0
0
0
-1
0
0
0
0
0
0
0
0
0
0
0
0
0
-1
0
0
0
-2
0
-1
-1
2
0
0
-1
1
-1
0
-1
-1
-1
0
0
-2
3
-2
-1
1
-2
-1
-1
0
1
-5
2
-1
-1
1
-3
0
-2
2
-5
0
4
-6
4
-7
2
0
-1
0
-2
0
-2
-6
0
2
-3
0
3
-6
1
6
-8
6
-4
1
-2
2
-8
5
-6
4
-2
1
0
0
2
-3
1
0
-3
2
-2
0
-2
0
4
-4
1
-1
0
0
0
0
-1
0
-1
-1
0
2
-2
-1
0
-2
1
-2
1
-3
1
0
-1
0
0
0
0
-1
0
0
0
0
-1
0
-1
1
-1
0
0
0
-1
3
-2
1
-2
1
0
-1
2
-2
-1
0
0
-2
0
-1
0
-2
0
1
-3
4
-4
0
1
-1
1
-1
2
-1
-1
2
-3
1
1
-2
2
-5
6
-5
7
-3
-1
-4
1
-8
8
-7
-2
5
-5
-2
1
-6
0
-1
3
-6
3
0
-2
2
-6
1
3
-2
-3
1
-1
0
4
-3
-1
0
1
-1
1
0
-1
2
-2
1
1
-3
1
3
-3
0
0
-1
-1
0
-1
0
-1
0
-2
0
-2
0
2
-1
0
-1
0
-1
-1
-1
0
-1
-1
1
-1
0
0
-1
0
-1
0
0
0
0
0
-1
0
-1
0
0
-1
-1
0
-1
0
-1
-1
1
-2
0
1
-2
0
-1
0
0
-1
0
0
0
-1
-2
3
-4
-2
3
-2
-1
2
-2
1
-1
-1
1
-1
0
0
2
-5
-1
0
-4
2
0
-4
-3
6
-3
1
-1
-5
2
-3
-4
0
-1
0
-1
-3
0
2
-1
2
-4
-1
5
-6
1
1
2
-1
-1
0
0
0
0
1
0
1
-1
-1
0
3
-4
0
4
-6
2
2
-2
0
0
1
0
0
0
0
0
0
-1
0
1
-1
-1
0
-1
0
0
0
0
1
-2
0
0
0
-1
-1
-1
0
-1
0
-1
0
0
0
1
-1
0
0
0
-1
0
-1
0
1
-1
-1
0
0
0
-2
-1
0
-1
-1
0
-1
0
-2
-2
5
-6
0
4
-3
-2
1
0
-1
-1
-1
-1
0
-2
0
0
1
-3
-2
-2
4
-8
0
2
-3
1
-2
-1
1
-3
0
-3
0
2
1
-1
-1
0
0
0
0
0
0
-2
-3
-1
0
-1
-1
-1
1
0
0
0
-1
1
0
-1
0
0
-1
-1
0
0
0
0
-1
0
0
0
0
0
0
-1
-1
-1
1
0
1
0
0
0
0
1
0
-1
-1
-1
0
-1
-1
0
1
-1
0
0
0
0
0
0
-1
-1
-1
0
0
-1
-1
-1
0
0
-1
-1
0
0
-1
0
0
0
-1
0
-1
-1
0
0
1
-1
-1
0
-1
-1
-1
0
1
-1
-1
-1
0
0
0
0
0
-2
-1
0
1
-1
-3
-1
2
1
-3
-3
-1
-1
-1
-2
-1
-1
-2
-3
