0
-2
8
-3
-7
5
-8
6
4
-8
5
-3
-15
17
-3
-6
6
-5
-2
-4
14
-5
0
1
0
0
-4
3
-1
1
0
1
-3
0
1
0
-3
1
1
-1
2
-2
1
-1
-3
3
0
-3
-1
2
0
-2
1
-3
1
-1
0
1
0
0
0
0
1
-2
0
0
-1
-1
0
0
0
-2
-1
1
-1
2
-2
0
0
-3
0
2
-1
-3
2
0
-1
1
-3
0
-1
-1
2
-1
-2
-1
2
-2
0
-1
1
-3
4
-1
-1
-1
-1
5
-14
2
2
3
-7
7
3
-20
13
1
-6
5
-5
-6
7
-7
5
0
-9
-1
0
14
-15
9
-4
2
-14
17
-6
7
-9
0
3
-7
5
0
-5
0
-7
16
-2
-7
-2
3
-3
5
-3
-2
1
0
-2
4
-2
-3
3
-6
2
0
2
-2
-2
1
-1
-1
1
-1
0
3
-6
3
1
-3
-1
1
0
-1
0
0
1
0
-1
0
0
-2
0
1
0
-1
0
0
0
-1
-1
1
0
-2
-1
2
-2
-4
5
-4
-1
0
-2
-1
1
-2
0
0
-3
-1
-3
5
-3
2
2
-5
1
0
-1
0
1
-6
2
-4
1
7
1
-17
7
1
4
-1
-7
6
-5
-2
7
-8
6
-18
14
-4
2
-12
15
-17
0
-2
3
2
0
-11
-10
38
-21
8
-14
10
-23
20
-2
-4
2
-1
4
-19
22
-5
-7
3
0
1
-6
6
-2
2
0
-2
2
0
2
-9
13
-9
1
4
-3
2
-1
-1
2
-1
-2
3
-2
0
-1
-2
3
-4
0
1
0
1
-2
2
0
0
-1
-1
0
-1
0
0
0
-2
1
-1
-1
0
-1
4
-4
0
-1
-1
1
-3
2
0
-2
0
0
-2
3
-4
-1
10
-14
8
-2
-1
-2
2
-1
-1
2
-8
6
0
0
-4
6
4
-23
18
-4
0
-3
2
0
-22
22
-11
11
-9
20
-41
9
10
-2
-5
-5
-3
0
-4
10
-8
6
-10
-10
27
-11
-8
5
-5
22
-15
-6
3
-2
2
-5
1
9
0
-8
3
0
6
-4
0
0
-2
4
-2
0
-2
2
-1
-11
14
-3
-3
0
0
1
-1
-2
0
0
1
-3
3
-7
6
-5
1
0
-2
-1
0
-2
1
0
-1
-1
0
0
-1
0
0
0
-3
2
-2
0
1
-2
-3
5
-5
5
-4
2
-2
0
-1
1
1
-2
-1
0
3
2
-14
9
0
-2
1
-1
2
-5
1
0
0
4
-6
0
-2
8
0
-9
-2
4
-3
1
-5
4
15
-23
3
-6
6
10
-28
10
7
-7
5
-11
-1
0
-39
51
-38
34
120
-216
-66
191
-57
66
-113
32
54
-43
12
-17
5
46
-43
-26
67
-58
20
15
-27
13
1
-3
5
-5
1
1
-1
0
2
-15
21
-9
1
-2
3
-3
-4
7
-4
2
0
-3
3
-2
-1
2
-4
3
-4
2
-1
-2
1
0
0
0
0
0
0
-1
0
0
-1
2
0
-3
3
-4
3
-4
0
1
-3
3
-1
-3
4
-8
3
2
-4
1
-2
8
-22
14
-3
-1
-2
-1
-1
5
-6
2
-2
-13
27
-17
-20
58
-68
26
43
-45
-5
17
-14
42
-56
-34
110
-67
54
-192
65
216
-121
-36
36
-53
36
0
-59
49
34
194
-242
-398
138
421
-78
-131
-107
208
-25
-10
-64
25
77
-68
-78
31
106
-56
-30
16
14
-4
-6
1
4
-3
-2
1
0
-3
9
-8
-7
6
0
-2
1
0
-2
1
-1
0
-4
2
0
-4
4
-2
-1
-4
6
-2
-2
0
-2
0
1
0
-1
0
1
-1
-1
-1
2
-2
0
1
-6
3
0
1
-4
4
-2
-2
4
-1
-1
-1
1
-1
-1
2
-1
-7
5
8
-11
1
-1
-1
0
3
-4
-1
6
4
-15
-17
28
56
-107
-31
78
67
-79
-25
63
9
23
-209
104
129
76
-422
-138
396
243
-195
-37
-51
54
0
74
-72
-31
44
496
-848
456
-164
74
-207
444
-255
11
12
-21
29
-38
35
-36
53
-60
38
-12
9
-16
6
5
-6
0
2
-2
6
-8
1
6
7
-22
15
-9
3
-1
0
-1
3
-3
3
-1
0
0
-5
1
1
-4
6
-4
0
-1
0
-2
1
-2
0
0
0
-1
0
1
-1
0
-1
-1
-1
3
-7
4
-2
-1
2
-1
0
0
-4
2
-4
0
-1
0
-3
8
-15
21
-8
-6
-2
7
-6
2
-3
-1
6
-6
-6
15
-10
11
-39
58
-53
36
-36
38
-29
20
-14
-12
255
-445
205
-76
164
-456
847
-497
-44
26
71
-78
0
-104
78
101
-229
548
-349
-431
393
-5
-218
351
-96
-56
26
-47
22
61
-162
105
-21
-12
48
-14
-7
-5
4
-4
-2
0
3
-5
8
-8
0
5
-2
1
-7
6
-2
1
0
-1
4
-5
2
1
-1
0
-2
1
-2
2
-2
2
-3
1
0
-1
1
0
-1
1
0
0
1
0
-1
2
-1
-2
2
-2
2
-3
2
-2
2
0
0
-2
-2
5
-4
0
0
0
2
-7
8
-1
2
-7
0
8
-9
4
-3
0
1
3
-5
5
7
14
-48
12
22
-107
161
-62
-23
45
-27
55
95
-352
217
4
-393
431
347
-550
228
-102
-80
100
0
166
-150
-55
-240
1210
-1538
1001
-517
-8
709
-1075
580
22
-101
56
-59
225
-435
418
-209
-102
254
-123
0
21
-1
-36
33
-9
-2
-3
9
-9
-5
40
-76
65
-15
-7
1
1
-3
-5
7
-3
0
1
-1
1
-3
1
-3
-2
2
0
-3
2
0
-1
0
-1
2
-1
0
1
-2
0
-1
2
0
-4
2
0
-4
1
2
-2
2
-2
0
-3
0
4
-8
5
3
-3
-2
7
14
-65
75
-40
4
8
-9
2
1
9
-33
33
1
-21
0
123
-254
102
209
-417
435
-227
58
-57
99
-24
-582
1073
-712
7
516
-1001
1536
-1211
238
53
149
-170
0
-106
116
-55
-83
-700
2021
-1434
13
219
-341
766
-641
259
-189
184
-175
332
-339
39
142
-211
261
-155
65
-88
101
-73
41
-21
8
-7
-2
1
-1
32
-103
138
-81
17
-1
1
-4
1
-3
3
0
0
-1
-1
3
-5
2
0
-3
2
1
-3
0
0
0
-2
-1
0
0
0
-1
0
-1
1
-1
3
-1
-3
2
-1
-2
6
-3
0
1
-1
-1
-3
2
-1
4
-2
1
-18
80
-140
102
-32
0
-2
1
6
-9
21
-41
72
-101
88
-66
155
-260
210
-143
-39
337
-333
175
-185
187
-260
640
-767
339
-220
-14
1434
-2022
699
82
53
-117
101
0
-49
64
76
-94
-254
-211
569
45
-109
65
-340
373
-155
-39
51
138
-304
33
124
108
-158
-3
69
15
-63
-4
23
36
-59
24
8
-5
-24
11
31
4
-32
-9
16
1
-11
9
0
-2
-3
3
-4
0
0
-1
1
-1
-3
2
-1
-2
1
1
-2
1
-1
0
-1
0
-1
-1
1
-2
2
-1
-2
1
0
-1
1
0
-1
1
-1
-1
4
-4
1
1
0
-10
10
-2
-17
9
33
-5
-32
-12
23
4
-8
-23
60
-38
-24
2
62
-16
-68
3
158
-109
-126
-34
302
-139
-53
38
154
-376
341
-66
107
-45
-569
210
253
93
-78
-65
44
0
99
-119
64
-132
270
-24
-21
-149
129
-130
-40
-55
139
-39
53
-122
220
-134
-27
93
-33
-4
-26
45
-26
-7
10
-17
6
-8
-4
16
-17
17
-10
20
-62
85
-39
2
6
-6
2
-5
3
-3
0
0
-1
-1
0
2
-2
1
-1
-1
1
-1
-1
1
-2
-1
-1
0
-1
0
0
-2
1
1
-2
0
0
0
0
-2
0
1
1
-1
-2
3
-5
4
-2
5
-5
-3
39
-86
62
-20
10
-18
16
-16
3
7
-5
17
-11
7
25
-46
26
3
33
-94
27
134
-221
121
-54
37
-142
53
36
128
-131
149
21
23
-270
130
-67
118
-102
0
-36
46
-43
61
492
-670
-374
641
-31
-194
107
96
-170
105
-66
44
-127
174
-79
9
-26
56
-18
-7
-23
40
-20
11
-13
-6
8
10
-24
24
6
-36
44
-10
-21
11
-11
9
-4
3
-4
1
-1
1
-1
1
0
-1
1
-1
-1
-1
1
1
-2
0
0
0
1
0
0
0
0
-1
1
-1
-2
0
1
0
-1
1
-1
-1
1
-1
0
-1
2
-3
2
-9
10
-12
20
9
-46
36
-6
-25
24
-11
-7
6
14
-11
20
-40
24
7
18
-57
25
-10
79
-175
125
-44
65
-107
169
-97
-109
192
27
-642
373
668
-494
-62
40
-47
31
0
-54
118
-113
306
-294
-948
1753
-812
160
-266
44
2
132
25
-65
54
85
-340
155
72
28
-8
-50
50
-197
203
-31
-14
5
-6
-14
15
-17
-6
6
63
-66
-3
24
-3
-8
5
-3
8
-8
4
-2
0
-1
3
-4
0
1
-2
1
-1
1
-1
0
0
-1
-1
0
0
0
0
0
-1
-2
1
-2
0
-2
0
0
-1
4
-4
-1
0
1
-5
8
-8
2
-6
8
3
-25
1
67
-64
-7
6
16
-16
15
5
-6
15
31
-202
197
-50
51
9
-27
-72
-157
340
-86
-54
64
-27
-134
-3
-46
263
-162
812
-1753
945
292
-307
109
-121
50
0
139
-309
200
227
-443
582
-755
419
-220
3
744
-807
242
-101
156
-74
-135
266
-145
-79
260
-257
75
100
-132
78
-64
53
-17
1
0
7
-21
17
13
-39
8
14
3
2
-22
22
-7
-2
3
-3
-1
5
-9
7
-7
7
-4
0
-2
1
1
-3
1
-3
2
-2
-1
0
0
0
-2
3
-1
2
-1
-1
2
-1
3
-6
6
-8
8
-6
-2
2
-3
2
6
-22
21
-2
-5
-15
-8
38
-14
-18
21
-8
-1
-2
17
-54
63
-79
131
-100
-74
257
-260
78
144
-266
134
73
-157
100
-244
806
-744
-4
218
-420
753
-584
441
-227
-203
307
-143
0
-102
226
-210
172
411
-988
191
521
-418
429
-532
378
-63
-92
178
-205
122
-25
-7
-16
37
-53
65
-62
10
22
-9
2
0
-3
6
1
-5
-5
6
-5
32
-57
43
-18
1
3
-3
0
0
3
-4
1
-2
-4
4
-1
-3
0
2
-2
0
0
-2
2
-1
0
-1
0
1
-1
0
-2
1
-2
-1
1
0
-1
2
0
-6
3
1
-2
4
-4
0
0
2
-4
-3
17
-42
56
-32
5
-8
4
3
-2
-7
4
0
-1
6
-23
-12
62
-65
54
-38
16
7
25
-124
204
-178
89
61
-379
530
-431
417
-521
-192
986
-412
-174
207
-227
97
0
39
-75
91
4
-472
293
589
-529
-21
113
83
-197
46
-15
93
-78
105
-160
126
-76
38
13
-20
9
4
-13
2
-2
-1
0
7
2
-16
15
-8
-1
-1
4
9
-15
-1
2
1
0
3
-6
6
-6
3
3
-5
2
-1
1
-1
0
1
0
-1
0
-2
1
-1
0
1
-2
2
-1
1
0
-1
-1
1
-1
-1
-2
3
-3
-3
5
-7
5
-3
-1
-2
-3
0
14
-10
-6
1
1
8
-16
15
-3
-8
0
1
2
-3
12
-5
-9
19
-13
-39
76
-127
160
-105
77
-93
13
-48
196
-85
-115
20
529
-589
-294
472
-6
-94
74
-44
0
-3
60
-85
-60
75
276
-266
-72
209
-353
123
202
-93
-11
-1
74
-146
64
-10
35
-11
-18
26
-34
38
-9
-28
24
0
-7
-2
4
0
0
-5
15
-32
16
19
-22
4
1
-2
4
0
-3
1
0
0
0
-2
3
-3
0
0
0
-1
0
-1
0
-1
0
-2
0
1
-1
1
0
-1
-1
0
0
1
-1
2
-3
2
-2
0
0
-1
3
1
-5
3
-1
-6
21
-20
-16
31
-16
3
-1
-1
-5
2
6
0
-24
28
9
-37
34
-25
17
11
-35
8
-65
145
-74
-1
8
92
-202
-124
352
-210
72
264
-277
-76
59
82
-62
-2
0
5
-35
38
13
295
-616
279
-38
92
62
-34
-20
-67
-41
98
-89
106
3
-122
62
3
-1
8
-21
29
-20
25
-21
1
4
0
-3
1
-1
9
0
-29
17
13
-7
-7
1
-1
3
-5
1
1
-2
4
-2
1
-1
0
0
1
-2
1
-2
-2
1
-1
-1
0
0
-1
0
0
-1
1
1
-2
1
-1
-1
-1
2
0
2
-4
1
-2
0
4
-4
0
-2
7
6
-13
-18
29
-1
-10
1
-2
2
0
-4
-1
21
-25
20
-30
20
-8
1
-4
-61
122
-4
-107
88
-99
40
64
19
32
-63
-94
37
-280
615
-297
-15
-42
34
-11
0
-30
-5
11
28
-229
571
-517
95
110
361
-796
264
121
-7
38
-43
12
30
-61
20
-3
10
-17
9
11
3
-18
7
1
-8
7
-4
1
6
-8
20
-31
24
-25
21
-5
-2
2
-5
3
-2
4
-7
8
-10
5
-1
-3
1
1
0
-2
0
1
0
0
-1
1
0
-1
0
-1
1
-1
-1
2
-1
-2
-2
3
0
-6
10
-8
6
-5
1
-4
4
-2
1
4
-22
25
-26
30
-21
7
-7
-1
4
-8
6
-1
-7
17
-4
-11
-10
17
-10
3
-19
60
-31
-13
42
-39
5
-123
-265
794
-363
-111
-96
515
-572
228
-29
-15
4
26
0
-29
73
-53
10
-255
419
-91
-124
10
-162
241
154
-227
3
61
-46
-13
16
14
-4
-5
12
-25
16
12
-17
1
7
-7
7
-9
4
1
9
-22
27
-27
3
3
11
-9
-2
4
-3
1
0
-3
2
3
-5
0
-1
1
-1
0
-3
1
2
-3
2
0
1
-1
0
1
-1
1
-2
3
-3
-1
2
-1
1
-2
1
-2
5
-5
-2
3
-1
-1
3
-5
0
9
-11
-4
-4
26
-28
21
-10
-2
-4
9
-8
7
-6
-2
16
-13
-16
24
-12
4
4
-15
-17
13
46
-61
-4
225
-155
-242
161
-10
124
89
-419
255
-12
50
-74
24
0
12
4
-41
59
54
-161
95
-59
-29
231
-66
-176
72
14
2
20
-72
56
-15
1
2
11
-19
12
4
-22
18
5
-11
-2
12
-8
4
-4
2
10
-27
21
-16
9
-1
-1
1
-1
-1
-1
2
-2
-2
3
-3
-1
-2
5
-2
-2
1
-2
1
0
-1
-1
-1
0
-1
-1
0
0
-2
2
-2
2
2
-6
1
1
1
-3
2
1
-3
1
0
0
-2
0
1
-9
16
-22
25
-12
-3
3
-5
7
-11
1
10
-5
-19
21
-5
-12
20
-11
-2
-2
14
-56
71
-21
-2
-16
-74
174
65
-232
27
58
-97
160
-56
-61
38
-5
-15
0
6
7
-11
178
-395
134
216
-120
70
-68
-147
187
-79
24
-10
3
21
-48
42
-11
4
-8
-1
2
3
-3
1
6
-7
0
1
6
-7
-3
-3
15
-24
11
1
4
-3
0
2
-6
6
-1
-4
3
-3
0
2
0
-6
7
-4
2
-3
0
-1
-3
1
-1
0
0
0
0
-2
2
-1
-1
3
-2
3
-8
6
-1
-3
-1
3
-4
3
0
-6
5
-3
-1
3
-4
-2
-13
23
-17
2
2
5
-7
-2
-1
6
-6
-1
3
-4
-2
-1
9
-4
11
-43
48
-22
-4
8
-26
79
-189
144
65
-71
120
-218
-135
394
-179
8
-7
-10
0
-13
17
-33
229
-227
-29
-55
111
163
-312
95
89
-48
31
-39
20
-16
12
-14
17
-18
26
-19
1
14
-33
25
-6
1
-3
3
-4
5
-2
-1
-10
25
-18
4
-2
2
-3
3
3
-4
2
0
-6
5
-3
0
0
-2
-2
3
-2
-1
2
-2
1
0
-1
-1
0
0
0
-1
-1
1
-2
1
2
-3
1
0
0
-1
2
-8
6
-1
-2
4
-4
-2
2
-3
1
-5
16
-25
9
2
1
-6
4
-3
3
0
5
-24
32
-15
-2
18
-26
17
-16
11
-14
15
-20
38
-32
47
-90
-97
310
-166
-111
54
27
226
-229
29
-18
8
0
-9
10
-29
198
-451
362
58
-242
191
-151
183
-264
147
-15
3
-8
38
-21
-28
20
7
-11
-2
9
-9
17
-12
1
1
-7
6
-4
4
-1
-4
3
0
-3
2
1
1
-5
7
-5
1
1
-2
-2
3
-1
-1
1
-6
7
-3
-4
2
-1
-2
-1
0
0
0
0
-1
0
-1
0
1
-1
-2
3
0
-7
6
-1
0
-1
-4
2
3
-2
-2
4
-8
5
-2
-1
-2
3
0
-4
4
0
-6
3
-7
5
-3
-2
12
-18
10
-10
2
10
-8
-20
28
21
-38
8
-4
13
-147
262
-184
149
-192
242
-59
-363
451
-200
27
-10
5
0
-5
32
-41
128
-214
-18
196
-125
89
134
-530
450
-95
-2
-5
9
-25
15
5
-6
6
-9
4
-1
-5
4
0
2
-2
-3
4
-2
-3
7
-9
0
0
0
2
1
-4
2
0
0
3
0
-10
8
-1
-3
-1
6
-5
0
0
-2
1
-1
2
-1
0
-3
1
0
-2
2
-1
1
-2
2
-2
1
-1
-1
5
-6
0
1
0
-8
7
-2
-3
-1
0
-3
4
-2
-3
0
-1
-2
7
-8
2
1
-3
2
1
-3
-1
-4
5
1
-6
10
-7
4
-5
-16
25
-9
2
0
95
-452
528
-136
-89
125
-198
16
212
-130
37
-33
2
0
-15
17
-22
93
-164
242
-212
35
12
-207
474
-329
70
3
-3
-15
8
15
-2
-7
3
-7
9
-4
-3
7
-6
0
-1
7
-7
2
-1
1
-4
2
-1
3
-4
2
0
0
-1
0
0
-4
8
-2
-7
4
1
-1
-6
5
1
-3
1
1
-1
1
-1
-1
0
0
-1
0
0
-1
0
-1
-2
3
-1
-6
4
1
-1
-4
6
1
-8
3
0
-2
-1
-1
0
-3
4
-4
1
-3
3
-2
0
-2
5
-8
1
0
6
-9
2
4
-10
7
-4
6
3
-15
-8
14
1
-4
-72
327
-475
207
-13
-36
211
-243
164
-95
19
-18
11
0
2
4
-7
18
1
-35
8
71
-227
356
-264
65
18
-2
-23
23
12
-32
2
8
-6
6
3
-7
5
-4
3
1
-6
8
-5
-1
7
-7
5
-8
6
-5
4
-1
-1
1
-5
5
-2
2
-12
13
-8
3
-1
-5
5
0
-1
-3
1
-2
1
0
-1
0
-1
0
0
-1
0
0
-1
3
-2
2
1
-1
-5
6
-1
-3
8
-14
12
-4
2
-6
5
-2
0
0
-5
6
-6
7
-6
5
-8
1
5
-9
5
-2
-2
3
-4
6
-2
-8
5
-9
-4
32
-14
-24
22
0
-21
-66
261
-358
225
-72
-10
35
-2
-19
4
-4
-6
0
2
7
-11
-13
83
-108
-19
77
-82
99
6
-42
-13
4
6
10
-35
31
-11
0
5
-6
-1
4
5
-11
6
0
-6
10
-4
-6
6
-5
2
0
-4
3
-2
-2
1
2
-5
1
2
-2
3
-2
-1
0
0
-4
6
-4
1
0
-2
1
-1
-2
1
0
-1
0
0
-1
-1
1
0
-3
1
0
-3
3
-6
3
-1
-2
-1
1
-3
1
-2
-1
5
-4
-1
1
1
-5
3
-2
-3
3
-6
5
4
-11
5
-1
-6
11
-4
-6
0
5
-6
-1
12
-32
35
-11
-8
-5
11
41
-7
-101
80
-78
17
107
-84
12
9
-9
-7
0
-16
-13
18
-59
30
204
-227
36
1
35
-34
-18
46
-20
6
4
-19
2
7
-1
4
-10
9
-4
10
-13
3
4
-2
-3
-2
6
-3
-3
4
-3
-2
3
-3
0
0
-2
1
2
-5
3
-6
6
-3
0
0
-1
4
-4
0
-3
1
0
0
-1
0
0
0
0
0
-1
-1
1
0
-1
-2
3
-1
3
-4
2
0
-1
3
-7
6
-4
4
-3
-2
1
0
-1
2
-5
0
2
-5
2
2
-7
2
2
2
-4
-3
12
-10
4
-9
10
-5
1
-7
-3
19
-5
-7
18
-46
16
31
-36
-4
-36
227
-206
-32
58
-22
12
11
0
12
10
-22
-11
41
-192
225
-35
-85
25
219
-186
-32
22
8
4
-3
-2
-18
33
-9
-11
3
1
2
-3
0
4
2
-6
1
-1
2
-1
3
-7
6
-3
0
-2
2
-1
-1
2
-5
2
2
1
-6
1
1
1
-3
4
-5
4
-4
3
-3
0
0
-2
0
0
-1
1
-1
-1
2
-4
2
-5
5
-5
3
-2
-2
-2
5
-2
-1
-3
3
-3
1
-1
-2
2
-1
3
-8
6
-3
0
-3
0
-2
6
-1
-4
-1
4
-3
-1
-4
11
8
-34
17
2
3
-5
-9
-23
31
186
-220
-27
83
34
-224
190
-43
9
19
-11
-16
0
7
2
-10
-8
12
27
16
-16
-36
-24
5
22
16
2
-5
-3
-2
-3
-1
5
3
-2
-5
-2
2
2
-1
-1
1
2
-2
-1
1
2
-1
-2
0
1
0
-1
-1
0
1
-1
-1
1
0
0
-1
-1
-1
0
2
0
0
-1
-1
0
0
0
-1
0
1
0
-2
-2
0
1
-1
-1
-1
0
-1
-2
-2
-1
0
0
1
0
-2
0
0
0
-1
-1
1
1
-1
-2
0
1
-1
-3
-2
1
1
-1
-1
0
0
-2
-3
2
4
1
-5
-4
0
3
1
3
3
-3
-17
-24
-7
24
35
15
-16
-29
-13
6
10
-3
-8
