0
-2
0
-1
0
5
-4
-16
19
-3
-4
1
-1
-1
4
-3
0
-8
0
15
-4
-6
2
-1
-1
6
-4
2
-3
0
0
-1
-1
0
-2
0
0
0
-2
0
1
-7
9
10
-26
14
-2
0
0
0
0
0
-1
1
1
-2
0
-1
0
-1
1
0
-1
-1
0
-1
0
1
-1
0
-1
-1
-1
1
0
0
0
-1
0
0
0
-1
2
-16
25
-10
-10
5
-1
0
1
-1
-1
-1
1
-2
0
-1
0
-1
1
-2
4
-7
1
1
-2
6
3
-15
-1
8
0
3
-6
-1
0
-4
2
2
-19
16
3
-6
-2
-2
-1
-2
0
-3
2
-2
2
-2
2
-15
18
-5
0
-1
1
2
-2
-12
14
-3
-3
-7
12
-4
0
5
-3
-1
0
-2
2
-1
-1
0
-1
3
-2
0
2
-3
1
-2
3
0
-7
-4
25
-21
11
-7
2
-1
-1
-1
-1
-1
1
-2
-2
1
1
-1
-1
-1
0
0
0
0
0
-1
0
0
-1
-2
1
1
-1
-1
0
0
0
0
-3
7
-12
20
-25
5
7
-1
-4
2
-3
2
-4
0
2
-3
1
-1
0
0
-2
1
0
0
1
-6
0
5
-12
6
2
2
-15
11
1
-4
-3
-1
0
2
-19
14
-3
2
-3
-2
-4
-2
0
-3
2
-1
-4
1
28
-41
10
1
1
-2
-1
2
-10
13
-6
7
-7
10
-20
16
-5
-8
13
-3
-2
-3
4
-2
2
0
-1
2
-2
1
-2
2
0
-4
7
-13
21
-34
35
-13
6
-8
-1
2
-1
1
0
-1
-2
5
-6
0
0
0
0
-1
-1
-1
0
0
-1
-1
0
-1
0
-2
5
-5
-1
-1
0
-1
0
-2
0
8
-5
12
-36
33
-22
12
-8
4
-1
-3
1
-3
2
-3
1
0
-2
1
-5
2
2
2
-14
8
5
-15
19
-11
6
-7
5
-15
9
-4
0
-1
-3
-4
-10
38
-30
-3
2
-2
-3
-1
0
-2
3
-5
1
1
-29
46
-14
-4
-4
2
-3
1
-24
44
-21
-9
7
3
-1
-11
6
6
-2
-1
-1
5
-3
0
2
-3
0
2
-3
4
-4
0
1
-2
5
0
-17
24
4
-42
27
2
-1
-2
0
-1
-1
1
0
-2
3
-2
0
1
0
-1
-1
0
0
0
-1
1
0
1
-1
1
-4
2
0
-1
0
0
-1
2
1
-4
-28
40
-4
-24
16
-1
-7
1
-1
0
4
-6
2
-3
-1
1
-2
0
3
-5
0
1
2
-5
-5
10
1
-4
-8
9
21
-46
22
-2
1
-3
1
3
12
-46
29
-3
-3
3
-4
-2
0
-3
2
-2
2
-17
33
-12
-19
14
-3
-1
-5
7
17
-43
30
-14
22
-26
18
-5
-7
10
-4
-4
2
0
-3
1
1
1
-4
6
-4
-5
11
-7
0
2
-4
-2
7
-17
25
-14
-5
7
1
-4
-1
0
-1
-2
3
-2
0
-1
1
-1
1
0
0
-1
0
1
-2
0
-1
0
-1
-1
-1
3
-4
2
0
0
0
3
-1
-8
5
13
-26
15
-8
1
4
-3
-2
7
-12
5
4
-6
4
0
-1
-1
2
-2
-4
3
3
-10
8
4
-18
25
-23
12
-30
41
-19
-9
4
-1
1
-15
18
11
-35
17
-3
-2
-3
-2
0
-7
3
2
-6
4
20
-51
39
-10
1
-4
6
5
-26
17
2
-4
17
-35
5
27
-15
-2
4
-3
0
0
-2
3
-3
3
-2
2
-6
8
1
-8
3
2
-2
-9
5
5
6
-6
-10
8
1
-2
0
1
-1
1
-4
5
-5
0
1
-1
-2
1
-2
-1
0
0
1
-1
1
-1
-2
-1
4
-6
3
-2
0
-1
-1
3
-2
-8
9
5
-7
-5
-6
9
1
-3
-3
6
-2
-9
6
-4
2
-1
2
-3
1
-1
0
3
-5
2
15
-28
-6
34
-17
3
-3
-19
26
-7
-7
2
-3
8
-40
50
-21
-5
4
-5
-4
1
0
-31
35
-23
12
-5
-10
22
-10
-7
13
-6
-14
16
-27
42
-23
-3
-2
1
11
-4
0
-9
2
2
0
3
-4
1
-1
1
-2
3
-6
-5
9
-2
-5
0
9
-4
4
-12
-5
25
-31
16
-6
1
0
0
-1
0
-3
2
0
-4
3
-2
-1
0
0
0
0
0
0
0
0
0
-4
3
0
-3
2
-1
1
-2
0
-1
6
-18
29
-26
4
11
-6
2
-9
-1
4
2
-9
2
4
-6
2
-2
0
-2
3
-3
2
-3
-3
8
0
5
-11
-3
1
3
23
-42
25
-17
12
4
-15
6
10
-23
8
5
-15
20
-36
26
0
-4
29
-17
-15
-95
198
-64
-60
22
-18
26
-29
45
-2
-23
2
-8
-44
81
0
-25
-7
7
-7
7
-4
5
-3
-4
12
-12
3
1
1
-10
22
-17
-1
3
3
-8
9
-25
47
-13
-25
-7
23
-5
-1
-1
0
-2
2
-2
0
0
-2
0
-1
-2
-1
-1
0
-1
0
0
0
0
1
0
-1
0
-2
1
-1
0
0
5
-23
8
24
12
-47
25
-10
7
-3
-5
0
17
-23
10
-2
-3
-3
11
-12
5
3
-5
2
-8
7
-7
8
23
0
-81
44
8
-2
23
1
-45
27
-27
16
-24
59
63
-200
93
13
15
-30
2
0
2
51
-64
-11
304
-440
143
40
-37
17
-3
-11
35
-31
53
-49
7
-40
143
-100
15
-26
23
-11
1
-2
9
-11
1
12
-8
-4
11
-6
4
-8
0
1
-4
3
3
0
-6
18
-19
13
-9
-4
0
3
0
1
-1
1
-2
0
1
-3
1
-1
1
-1
-1
0
0
-1
-1
1
-2
2
-2
-1
1
-1
-1
-1
0
-3
1
3
7
-13
18
-19
6
0
-1
-4
3
-1
0
7
-5
5
-10
3
8
-12
0
10
-10
1
-1
10
-23
25
-15
100
-144
40
-8
48
-54
29
-36
10
1
-20
34
-41
-144
438
-305
9
61
-53
-8
0
-9
60
-37
-49
-127
522
-407
105
-34
27
2
-106
142
-50
9
-45
45
-93
126
-73
46
-29
-4
9
-15
9
-4
3
-3
10
-29
18
13
-6
4
-20
4
-4
-2
15
-15
1
-2
27
-14
11
-25
5
3
-3
1
-1
2
-1
3
-4
4
-1
1
-1
0
0
-1
0
0
-1
1
0
0
1
-3
4
-4
0
-1
1
-2
1
-3
-6
25
-11
13
-28
2
-3
14
-16
0
2
-5
20
-5
4
-12
-18
28
-11
3
-3
3
-9
12
-9
4
28
-47
73
-127
93
-45
44
-8
48
-142
105
-4
-30
32
-105
406
-523
125
48
35
-62
4
0
-15
96
-46
68
-322
439
-83
-83
-55
4
3
-16
20
1
15
12
19
49
-159
77
16
-2
-6
-6
-1
-7
9
0
-2
-2
7
20
-32
19
-37
28
5
-5
4
3
-14
6
3
3
-11
1
0
9
-6
3
-4
1
0
1
-2
-1
-2
0
-1
0
0
-1
0
0
-1
0
0
0
0
-1
0
0
1
-2
-1
-1
2
-4
5
-9
-1
-2
10
-4
-5
-8
13
-4
-5
5
-6
-27
36
-21
31
-20
-8
2
2
0
-9
7
0
5
5
2
-16
-77
158
-50
-19
-12
-16
-2
-21
14
-5
-6
54
83
83
-441
320
-69
43
-98
10
0
7
72
6
24
66
-453
494
-260
62
-81
48
23
15
45
28
-55
16
-19
-140
164
-49
12
17
-18
0
-1
16
-15
24
-27
1
-2
5
-7
26
-9
12
-19
-10
0
7
-10
6
11
-11
-3
-6
-3
7
1
-1
0
-1
-2
1
1
-2
0
-1
0
0
-1
-1
0
0
-1
0
0
0
-1
0
-1
-3
1
0
0
-1
-2
-8
2
4
2
10
-12
-8
8
-7
-1
10
16
-13
8
-26
6
-6
2
-2
25
-24
15
-17
0
-1
19
-15
-12
48
-163
140
18
-16
54
-29
-46
-16
-24
-49
79
-64
259
-494
453
-65
-26
-9
-74
-10
0
23
66
14
-20
257
-801
527
-114
-10
55
91
-51
82
-123
19
-8
-18
37
1
-33
45
-7
-2
-21
6
15
-36
45
-42
23
3
5
-5
-7
-14
21
0
-26
23
-3
14
-15
-16
20
-21
35
-23
4
0
1
-1
0
-1
-1
2
-3
2
-3
-1
-1
-2
-1
0
0
0
-1
1
0
-1
1
-3
2
-2
0
1
-1
-1
-2
-1
-4
24
-36
21
-20
16
14
-15
2
-24
26
-1
-21
13
6
4
-6
-3
-23
40
-45
37
-16
-6
21
2
6
-44
33
-1
-38
16
8
-20
121
-85
49
-91
-58
9
114
-528
799
-256
19
-16
-69
-27
0
24
48
41
-80
304
-544
124
-1
-21
171
2
59
-83
-4
-106
48
7
-70
187
-22
-32
-2
-29
-3
13
-28
27
-21
16
14
-18
1
-12
30
-21
-1
6
7
-8
-5
-2
-2
9
-22
35
-28
19
-3
-5
-3
1
-1
1
-2
-1
2
-2
-1
-1
0
0
-1
-1
0
0
0
1
0
0
0
0
-2
0
1
0
0
-2
1
5
2
-19
27
-36
21
-11
1
0
4
6
-7
-5
0
18
-30
11
-1
18
-15
-17
21
-27
28
-14
3
29
2
32
22
-188
72
-8
-49
105
4
82
-61
-2
-174
18
0
-125
542
-305
79
-43
-49
-28
0
43
37
18
-81
207
-357
-48
165
-25
201
-115
0
-20
-19
-57
58
23
-40
61
28
-81
20
-17
10
-18
26
2
11
-22
18
-4
-12
4
2
-4
-8
12
-22
10
7
1
11
-27
8
44
-63
43
-29
6
6
-2
0
0
1
-2
1
-1
1
1
0
-2
0
0
0
-1
0
-1
0
0
0
0
-1
2
-2
-1
-1
2
-7
-6
29
-44
63
-44
-9
26
-12
-2
-8
-10
22
-13
7
4
-3
-5
11
5
-17
21
-12
-2
-28
19
-11
17
-20
80
-28
-61
40
-23
-58
55
18
18
-2
113
-203
22
-166
47
357
-208
79
-21
-37
-46
0
77
-25
37
-113
166
-86
-334
339
-14
151
-147
-127
56
18
27
47
28
-19
-112
-57
95
27
-13
17
-4
18
-42
27
-10
-15
10
11
-2
-3
-7
14
-21
37
-13
-16
-4
18
-12
-2
-20
24
8
-14
10
-8
1
-1
0
-2
0
0
-1
0
0
1
-2
0
-1
0
0
-1
1
-1
0
-2
0
0
-2
1
-1
1
-2
8
-13
13
-8
-25
19
1
12
-20
4
16
13
-39
21
-15
7
2
-1
-12
-10
15
9
-27
42
-19
4
-18
15
-27
-95
58
113
18
-27
-48
-28
-20
-58
125
145
-153
12
-340
334
85
-167
112
-40
24
-82
0
89
-56
43
-152
178
-73
-200
246
35
-1
-24
-221
85
60
84
-34
42
-73
-108
57
40
28
-24
26
-17
-15
37
-63
46
-17
17
-12
0
13
-20
7
-12
0
-12
8
14
8
-12
17
-33
51
-50
27
-18
8
-2
0
-1
2
-3
1
7
-8
2
-1
0
0
-1
0
1
-1
-1
0
-2
6
-7
-1
3
-3
0
-1
1
-8
16
-28
49
-52
33
-18
12
-9
-14
-10
12
-1
11
-7
20
-14
-1
11
-17
16
-46
63
-38
15
17
-26
23
-27
-41
-58
107
72
-42
33
-86
-61
-86
220
21
-2
-37
-246
198
71
-179
151
-45
55
-92
0
111
-85
31
-160
193
-26
-170
213
36
-135
2
-37
17
33
110
-106
-54
10
72
-35
15
34
-37
-17
-4
-4
35
-18
-12
34
-28
-3
5
-11
25
-9
19
-47
49
-13
9
-24
-5
-4
22
-44
40
-12
4
1
-2
1
-1
1
-2
4
-10
8
0
0
-3
-1
0
0
1
0
1
-1
0
-8
8
-3
2
-2
-1
-1
1
-1
-4
11
-42
43
-22
3
5
23
-10
12
-50
46
-19
9
-25
11
-6
2
26
-34
12
17
-36
3
3
16
37
-34
-15
35
-72
-11
52
105
-111
-34
-18
34
-2
134
-38
-214
170
24
-194
159
-32
83
-115
0
119
-100
44
-154
133
-25
-9
92
26
-179
23
32
70
-10
-40
9
-88
14
173
-91
11
-23
-11
-5
-10
45
-54
57
-23
-9
8
-11
20
8
-17
-11
28
-16
-29
22
-36
55
-35
22
28
-26
-20
17
-7
-1
1
-2
1
-2
1
-3
-1
1
-1
-1
1
1
-1
0
0
-1
-1
1
0
-1
0
1
-2
1
-2
1
-2
0
6
-18
19
25
-30
-22
33
-56
35
-23
30
14
-28
11
15
-8
-20
11
-10
9
24
-57
54
-45
10
4
9
22
-11
91
-173
-14
87
-10
38
9
-72
-34
-25
177
-28
-93
8
25
-134
153
-47
98
-123
0
123
-103
-2
60
-75
-70
106
77
-37
-157
58
55
52
-2
-121
55
-157
215
42
-61
-42
-21
35
-7
0
21
-21
0
19
-42
31
-10
4
4
1
-2
-11
-1
8
-6
27
-19
5
-4
4
-31
32
-11
10
-2
-5
1
-3
5
-1
-2
-4
1
3
-2
-1
-1
1
0
-1
0
-1
0
-3
-2
2
1
2
-5
3
-3
5
1
-12
11
-31
31
-4
3
-5
18
-27
5
-7
1
9
1
-2
-5
-5
10
-30
41
-20
0
21
-20
-1
6
-34
21
42
60
-43
-216
155
-55
119
1
-53
-57
-60
154
35
-78
-106
69
74
-62
0
101
-128
0
103
-111
117
63
-225
40
-8
68
27
-77
62
-53
19
40
-50
27
-135
165
-16
-19
6
-8
-27
18
10
-1
2
-24
10
9
-5
2
-6
0
-4
12
0
5
-21
17
-11
4
3
0
-6
14
-12
-5
4
-3
1
2
0
-4
3
-1
2
-5
0
0
-1
-2
-1
0
0
0
0
-1
0
3
-4
0
-3
2
0
-2
-1
1
-5
4
11
-16
6
-1
-4
-4
9
-17
21
-4
-1
-12
5
-2
3
-2
4
-10
-11
24
-2
0
-11
-18
26
9
-6
18
16
-165
134
-28
50
-42
-21
51
-63
74
-28
-68
6
-41
224
-65
-121
109
-107
0
28
-40
72
-137
155
-104
-4
40
7
-57
51
6
-19
-2
2
20
-40
46
-23
3
-14
10
-1
10
-13
8
-8
2
2
-7
6
0
-4
6
1
-4
-2
1
5
-14
11
-5
4
-2
2
-9
9
-4
1
-2
-1
-1
1
0
0
0
-2
1
-1
0
0
0
-2
0
0
0
0
0
-1
-1
1
0
0
0
-1
0
0
1
-1
3
-10
9
-4
2
-5
6
-12
13
-6
-1
3
3
-3
-6
4
0
-6
6
-2
-2
7
-9
13
-11
1
-10
13
-4
23
-46
41
-21
-3
2
17
-6
-53
56
-10
-40
4
103
-157
136
-74
40
-33
0
7
-42
32
-3
23
-31
-18
38
-23
16
-17
19
-9
-7
5
0
0
-8
18
-11
3
-4
-1
2
3
-9
9
-2
3
-4
1
0
-2
4
-2
-1
-2
5
-8
6
-4
1
0
-1
-3
3
-3
0
1
-1
1
-2
-1
-2
1
-1
-1
1
0
0
-1
-1
-1
0
0
-1
-1
-1
0
0
0
0
-1
1
-2
0
-1
0
-2
-1
3
-4
1
1
-2
-1
3
-8
6
-5
1
0
0
-4
0
0
-1
4
-3
1
-8
8
-4
-3
2
3
-3
11
-20
8
2
-1
-7
6
8
-19
17
-18
21
-39
17
30
-24
3
-35
41
-12
0
-14
-12
35
-31
19
-22
9
13
-16
15
-19
12
0
-7
-1
1
8
-12
7
-3
3
1
0
0
-2
0
2
-2
0
2
-1
0
-1
1
-1
-1
0
1
1
-5
2
-2
-3
1
-1
0
0
-1
0
-3
1
0
-1
-1
0
0
0
0
0
0
-1
0
0
0
0
-1
1
-1
1
0
1
-1
-1
0
0
0
-1
1
-1
0
-2
-1
0
-2
1
0
-3
4
-1
-2
-1
1
0
-1
0
-1
0
-3
1
2
-4
-1
1
-1
1
-2
-3
3
-8
12
-10
-2
1
6
-1
-13
16
-16
14
-15
-9
20
-21
29
-38
10
10
0
-19
-2
22
-9
-9
20
-26
6
14
-14
5
-4
-2
0
1
2
1
-9
4
2
-3
3
-2
2
0
1
-1
-1
2
0
0
-1
0
-1
0
0
1
-3
-1
0
0
-2
0
-1
-1
1
-3
2
-3
0
1
-1
-1
-1
-1
0
0
-2
0
0
0
1
0
0
1
-1
0
-1
-1
0
1
0
0
0
0
0
0
0
1
-3
2
-2
1
0
-2
1
-1
-1
-2
2
-2
-1
-1
0
-1
0
-1
-1
-2
0
1
-2
0
-2
1
-3
2
-3
-3
9
-2
-3
-2
-1
0
2
-7
12
-15
-7
25
-21
9
7
-24
1
15
0
-17
10
13
-9
-7
28
-36
6
9
-3
1
-7
4
-2
-5
7
-1
-1
1
-2
2
-2
1
2
0
-2
3
-1
1
-2
1
-1
0
0
-1
5
-6
2
-2
3
-2
2
-1
0
2
-1
-2
2
-1
-1
0
-1
0
-1
0
-1
-1
0
-1
0
0
-1
-1
0
0
0
0
0
-2
0
-1
-1
0
0
-1
0
-2
0
0
-3
1
1
-2
-1
1
-3
2
-4
2
-3
6
-5
-1
0
-1
0
-2
1
-2
1
-3
2
0
-2
-1
2
-2
3
-1
0
2
-8
4
0
-7
6
-5
0
-12
-6
35
-29
7
8
-16
-11
13
0
-5
14
-3
2
-9
14
-10
-13
18
-3
-5
-3
3
1
-1
1
-4
0
3
1
-1
1
-1
0
1
-3
0
-1
1
-2
0
-1
0
-1
1
-2
0
-1
2
-3
2
-1
-2
0
-1
1
-1
0
0
0
-1
1
-3
2
-1
0
0
0
-1
-1
-1
-1
-2
0
0
0
0
1
0
-1
-1
-1
1
-2
2
-1
0
0
0
0
1
-2
1
-1
0
0
-3
2
-3
0
0
1
-1
-1
-2
0
0
0
-2
0
-2
0
-1
-1
0
-2
2
-1
-3
-1
3
-1
0
-2
-4
2
3
2
-20
12
9
-14
8
-3
1
-14
2
0
-2
10
-3
1
-15
16
-10
1
3
-3
0
0
-2
1
-3
1
-1
-1
1
-1
3
-1
1
1
1
-3
2
-1
1
0
0
1
-1
0
1
-3
3
-2
1
0
-1
-1
-1
0
-1
-1
2
-1
-1
0
0
0
-2
0
-1
0
-1
0
1
-1
0
0
0
0
0
-1
-1
1
-1
-1
1
-1
-1
0
0
-1
-1
0
-1
0
-1
0
-1
-1
0
0
-1
-1
-2
2
-3
1
-1
-2
-1
-1
0
-1
0
0
-1
1
-2
-1
-1
1
-4
1
-2
0
-1
-2
0
-2
0
-1
-2
1
-5
-2
9
-17
14
-2
0
-11
-2
0
-4
6
-1
9
-20
14
-7
3
-2
1
-5
2
-1
1
-1
-1
1
-2
1
-1
-1
-2
1
-1
1
-1
1
-1
0
0
1
0
1
0
0
0
-1
0
0
0
0
-1
0
0
-1
1
-2
1
0
-1
0
-1
0
0
0
0
1
0
0
-1
-2
0
1
0
-1
-1
0
0
-1
-1
0
0
-1
-1
0
-1
-1
1
0
-2
1
-1
1
0
-1
0
1
-1
1
-1
0
-1
0
0
-1
0
-1
0
-1
0
-2
1
-1
1
-2
1
0
0
-1
0
-3
0
1
-3
1
-4
3
-3
2
-4
5
-16
19
-11
-2
-8
-1
0
-5
10
-11
7
-1
3
-4
5
-1
-3
-2
2
-1
-3
3
-3
1
1
-2
-1
0
1
-1
0
-1
1
-2
1
0
0
1
0
-1
0
-1
-1
0
0
0
-1
0
0
0
0
-1
-2
1
-1
-1
-1
0
0
0
0
-2
0
0
-1
-1
-1
1
-1
-1
0
-1
0
-1
0
0
0
0
-1
1
-1
0
0
0
0
0
0
-1
0
0
0
0
-1
-1
1
-1
0
0
1
-2
-2
0
0
0
-1
-1
-1
1
-1
-1
-1
1
-1
-1
1
1
-3
-1
2
-4
2
0
-4
-1
1
1
-5
5
-4
0
-8
8
-11
1
0
-2
4
-3
2
-1
3
-2
0
0
-4
0
-2
0
-1
1
-1
1
0
-1
0
-1
1
-1
0
0
1
0
-1
0
-1
0
1
-1
0
0
1
0
-1
-1
0
0
1
-1
0
-2
-1
-1
0
0
0
-1
0
-1
0
0
0
1
-2
-1
0
0
-1
-1
0
0
-1
-2
-1
0
0
-1
0
0
-1
0
-1
0
-1
0
-1
0
-1
0
-1
0
-1
-1
-1
1
-1
1
-2
0
-1
0
-2
0
-1
-1
1
-1
0
0
0
-1
-1
0
-1
1
-1
-1
0
-1
0
-1
-1
-3
2
-3
-1
2
-5
0
-4
1
-7
-2
0
0
0
0
0
0
1
1
0
0
0
0
0
0
0
0
1
1
1
0
1
1
0
0
-1
-1
-1
-1
1
1
0
0
0
0
0
0
0
0
0
0
0
0
0
-1
0
0
0
1
0
-1
-1
-1
0
-1
-1
-1
-1
-1
-1
-1
0
0
-1
-1
0
0
0
0
0
0
0
0
0
0
0
-1
0
0
0
0
0
-1
-1
-1
0
0
0
0
-1
0
-1
-1
0
0
-1
-1
0
0
1
0
0
0
0
0
0
0
0
0
0
-1
-1
-1
-1
-1
-1
-2
-1
-1
0
0
-1
-1
-1
-1
-1
-1
-2
-2
