0
-3
1
-1
2
-2
1
-1
0
-2
0
-1
0
6
-10
2
-2
4
-5
1
6
1
-2
-8
10
-5
14
-10
-6
7
-5
15
-9
-4
0
1
0
0
0
0
0
-1
0
0
0
1
0
0
0
0
-1
0
0
0
-1
0
0
0
-1
1
0
0
0
-1
0
0
0
0
0
-1
0
0
-1
1
0
0
0
1
1
0
-1
0
0
-1
0
-1
0
-1
-1
1
-1
-1
0
-1
-1
3
8
-15
5
-7
6
10
-14
4
-11
7
3
0
-5
-2
5
-5
1
-3
8
-7
-2
-1
-1
-1
-1
0
0
0
-2
-1
-2
-2
0
-2
1
-2
1
-1
1
1
-4
1
-1
-1
6
-14
7
0
2
1
-8
13
-7
-9
10
6
-24
24
10
-44
29
-8
-2
22
-35
15
1
1
0
-2
0
0
0
-1
-1
-1
1
-1
-1
1
-1
0
-1
0
0
0
-1
-1
-1
0
-1
-1
-1
-1
-1
-1
0
0
-1
0
0
-1
0
0
-1
1
-1
-2
0
-1
0
-1
0
0
-1
0
-1
-1
0
-1
0
0
-1
0
0
-1
-1
-16
34
-23
1
7
-29
42
-12
-26
23
-6
-10
9
7
-14
7
-1
-3
0
-9
13
-6
0
-2
-1
4
-3
-2
1
-1
-2
-2
-3
0
6
-2
-4
5
-13
14
-24
20
-5
0
-4
0
6
-6
-3
-2
-3
-5
21
-2
10
-14
-10
6
-20
22
7
-22
16
0
-12
13
-9
-2
4
-1
-1
0
1
-2
0
-2
0
0
-1
-1
-1
0
0
0
0
-1
1
0
-1
-1
-1
0
-1
0
-1
0
-1
0
-1
-1
-1
0
0
-1
-1
0
0
-1
-2
0
-1
-1
0
0
0
-1
-1
0
-1
0
-2
0
-1
-1
0
0
-5
2
9
-14
12
0
-17
20
-7
-23
21
-6
9
14
-10
2
-23
4
3
2
1
3
-8
-2
3
-2
4
-20
23
-16
12
-7
0
0
-10
0
-2
5
0
-5
3
-8
19
-12
-1
0
2
-1
0
-11
11
6
-2
-6
-11
20
-28
22
10
-34
28
-19
19
5
-16
4
-4
1
2
-3
1
-2
1
-1
-1
-1
-1
1
0
-1
0
0
-1
0
0
0
1
-1
0
-1
-2
1
0
0
-2
1
-1
-1
-1
0
0
0
1
-2
1
-1
0
-2
1
1
-1
0
0
-2
0
0
-1
0
0
1
0
-1
-1
0
-1
0
-2
0
-2
2
-3
-2
4
-5
15
-6
-21
17
-26
33
-9
-22
26
-21
10
5
2
-6
-12
10
-2
-1
-2
-1
-1
11
-20
7
-5
4
-2
-6
-1
0
6
-21
10
3
12
-23
19
-23
22
-7
0
2
-12
4
-7
23
-8
-23
46
-46
9
47
-38
-29
14
-11
38
32
-45
3
-11
7
1
-2
2
-1
-4
5
-4
1
-1
0
0
1
1
-1
-1
0
1
0
0
-1
0
0
-1
0
-4
-2
8
-6
1
-1
-1
0
0
0
-1
6
-8
0
3
-1
0
0
-1
0
0
0
1
0
1
-1
-1
-1
0
-1
-1
-2
2
-7
3
1
-3
1
-3
-8
11
-4
45
-32
-39
12
-13
29
38
-48
-9
46
-47
22
9
-23
6
-5
11
-4
-2
5
-22
23
-19
23
-14
-3
-12
20
-11
0
-3
6
-13
13
-6
-26
65
-42
-3
2
8
-2
-21
13
2
-3
21
-34
19
-120
314
-352
186
-6
-21
7
-31
20
-40
55
-6
-10
0
0
-1
0
-1
1
1
-5
1
-4
2
-2
1
-1
-2
1
0
-1
0
-1
1
-5
6
-3
-6
3
2
-3
-1
1
-1
0
-1
0
0
2
-3
-5
6
2
-8
4
-2
1
0
0
-1
-2
1
-1
0
2
-2
4
-4
4
-3
-1
0
0
0
0
-1
10
6
-56
39
-20
30
-7
21
5
-185
352
-313
121
-19
32
-22
2
-4
-15
19
1
-10
-5
2
41
-65
25
7
-14
11
-8
-1
0
7
-5
5
2
-11
21
-23
5
-3
4
3
-11
-1
14
15
-95
103
-75
90
-67
63
-100
127
-119
82
-25
-26
12
41
-51
15
3
-4
-2
0
1
9
-9
-1
3
2
-6
2
0
0
0
3
-4
1
-2
-2
2
-2
1
-1
3
-2
-2
-3
5
-2
-1
0
0
-1
1
1
-5
1
2
1
-4
0
-1
1
-2
2
0
-3
3
-3
-1
1
-1
-4
4
-3
-5
2
8
-10
-2
0
1
3
-3
-16
49
-41
-13
26
25
-83
118
-128
99
-64
66
-89
74
-103
94
-16
-16
-1
10
-5
-7
1
-6
21
-22
10
-4
-9
4
-11
0
-2
3
-16
9
-6
8
16
-34
9
8
-5
-5
-12
47
-77
121
-80
-45
-4
-34
249
-262
232
-176
37
56
-15
-244
225
65
-112
38
-17
10
0
-3
-9
0
0
11
-3
-4
1
1
-4
4
-7
4
-1
-1
1
-1
-1
2
-2
-9
15
-16
10
-1
-3
1
-3
0
3
-2
3
1
-10
15
-16
8
0
-2
0
0
-1
0
0
-5
6
-6
2
-1
-1
2
3
-11
0
-1
8
3
-2
-12
16
-38
112
-66
-225
243
14
-57
-38
176
-233
260
-248
33
5
43
79
-122
76
-50
10
3
3
-10
-11
34
-17
-9
4
-11
12
-3
-3
0
-12
0
-2
2
-14
63
-36
-38
36
-16
5
-5
7
3
-15
-43
69
6
-206
317
-36
-58
-192
209
-78
39
-116
133
126
-312
168
-27
0
7
3
-9
8
7
-13
10
-8
-6
7
-1
5
-8
5
0
-1
1
-3
3
-3
2
-6
20
-38
34
-15
0
1
-4
6
0
-7
3
-3
0
14
-34
38
-21
4
-4
2
-3
3
-2
2
0
-4
7
-5
1
-10
4
7
-11
14
-7
-8
9
-4
-9
-1
27
-168
312
-126
-133
116
-39
79
-209
191
59
38
-317
206
-7
-70
43
14
-5
-10
4
-8
15
-36
37
35
-66
12
-3
-2
-2
5
0
42
-31
11
-2
1
-18
5
13
-5
2
-7
2
-10
20
-18
87
-129
63
97
-376
345
-121
127
-93
1
60
-168
144
-25
-10
4
-3
4
-2
-3
-3
-2
33
-40
-13
19
12
-10
0
-5
8
-2
-4
1
1
-2
0
1
1
-10
6
10
-12
-2
7
-4
2
-3
0
2
-3
3
-8
1
10
-10
-7
11
-1
0
-1
0
-2
0
4
2
-10
3
0
10
-11
-21
11
39
-34
1
2
3
1
-5
3
-5
9
24
-145
167
-61
-1
92
-127
121
-346
376
-99
-65
128
-87
18
-22
8
-4
5
-3
2
-13
-7
16
-2
1
-13
30
-46
0
-63
34
10
-6
-24
11
39
-39
2
3
3
0
3
-5
-17
37
-22
-11
-57
220
-262
158
-48
-11
3
2
25
-45
61
-43
-19
17
14
-18
18
-20
8
2
36
-55
0
19
0
-4
0
5
-14
10
-4
-3
7
-5
1
-2
-8
27
-24
3
5
-5
1
1
-1
0
2
-1
-1
4
-6
-4
24
-28
7
2
-3
5
-7
2
4
-10
13
-6
0
3
-2
-21
-1
54
-36
-3
-8
20
-19
17
-16
-18
18
42
-62
43
-26
-3
-2
9
49
-159
262
-220
57
11
22
-37
16
4
-4
-2
-5
-4
-3
38
-39
-12
23
4
-12
-34
59
0
-180
140
-81
72
-70
48
-8
-10
17
-18
12
-5
6
-20
-7
-14
7
81
21
-270
294
-113
39
-99
101
5
-85
42
76
-122
79
-30
-4
14
-18
12
2
-7
1
17
-36
20
1
-5
10
-12
-7
19
-9
-1
2
-2
1
1
-1
-4
7
-2
-4
2
-2
-1
0
0
0
-1
1
-3
4
1
-8
4
1
-1
-1
2
-3
0
8
-20
7
12
-10
5
-1
-20
33
-17
-3
7
-3
-13
17
-15
4
29
-81
121
-75
-42
85
-4
-102
99
-39
112
-293
271
-20
-81
-8
13
6
19
-8
3
-15
15
-18
9
7
-48
69
-73
77
-142
176
0
-60
-71
179
-206
216
-206
117
-11
-6
-9
5
6
-39
69
-29
-57
155
-276
353
-251
57
-16
11
18
3
-2
36
-34
-159
277
-141
10
17
-10
-16
21
-8
-1
0
3
-7
4
1
-3
1
18
-30
19
-6
0
2
-4
3
-2
1
-5
12
-15
10
-5
0
0
-1
0
-1
-1
-1
5
-11
14
-12
4
-2
1
-3
3
-1
-1
4
-20
29
-19
1
1
-1
-5
6
-4
0
0
8
-22
15
10
-18
-10
140
-278
158
33
-37
2
-3
-18
-11
15
-57
250
-353
275
-155
56
28
-70
37
-7
-6
7
4
11
-118
205
-217
205
-182
71
56
0
154
-137
-68
269
-142
-260
281
89
-230
147
-100
25
132
-187
16
207
-239
-50
271
73
-314
-4
85
63
-31
-34
143
-182
-57
136
63
-61
-18
-9
13
8
-17
16
0
-18
9
-4
5
0
-6
9
13
-38
19
7
-6
-2
0
-1
2
-3
0
2
-4
1
0
-1
-1
0
0
0
0
-1
3
-3
0
2
-3
0
-1
2
5
-7
-21
38
-17
-10
5
-1
-6
4
-9
17
-2
-16
17
-8
-13
8
17
60
-63
-137
57
182
-144
34
30
-63
-87
4
312
-73
-270
48
238
-207
-16
186
-134
-26
98
-149
228
-90
-282
260
141
-269
66
135
-160
0
138
16
-24
-95
-71
21
297
-148
-93
8
96
57
-236
-52
154
290
-246
-169
-102
-149
563
289
-385
-185
-83
219
80
21
-195
37
-19
21
-1
19
3
-1
1
-6
18
-24
10
0
-2
2
3
-7
2
8
-13
10
-4
0
3
-6
6
-2
-3
-2
5
-1
-4
0
1
0
-2
-1
1
1
-4
1
3
0
-7
6
-4
0
4
-11
12
-8
-3
6
-4
-3
2
-2
-10
22
-19
6
-2
0
-3
-21
1
-21
19
-38
194
-22
-81
-220
83
184
385
-290
-563
148
103
168
245
-290
-155
51
234
-59
-98
-11
91
147
-298
-22
70
93
21
-16
-142
0
82
-43
-28
79
-70
33
42
1
-27
1
22
-4
97
-152
-66
81
-27
-51
-189
389
146
-344
18
-96
243
-47
-130
119
35
-119
38
-2
37
-10
-11
14
-13
-5
-3
14
-6
-2
0
-1
-3
2
-1
-1
0
2
-3
0
0
-2
1
-1
3
-2
-1
1
-2
-1
-1
0
0
0
1
-2
0
1
-2
0
-2
2
-1
0
2
-2
-1
1
0
-3
1
0
-2
0
5
-15
1
3
12
-14
11
8
-37
1
-38
118
-35
-119
129
46
-244
95
-19
344
-146
-389
190
50
25
-81
66
151
-99
3
-24
-5
25
-1
-42
-34
69
-80
25
42
-87
0
92
-71
3
-43
62
-30
65
-9
-24
1
-42
81
90
-368
212
42
-86
33
13
501
-792
378
-110
163
-105
-320
368
-38
56
-92
-18
-5
35
-27
15
-6
-2
6
16
-25
7
-1
3
-1
-1
1
-2
2
-11
7
-1
5
1
-3
-2
3
-3
1
2
0
-1
0
1
0
0
-1
2
-2
-2
-2
4
-4
0
2
0
-6
0
-7
10
-3
1
-3
0
1
-3
-1
-8
24
-16
-6
2
5
-16
26
-36
4
16
91
-56
37
-368
319
105
-164
109
-377
792
-502
-14
-34
85
-43
-213
367
-91
-83
40
-4
23
8
-66
28
-62
42
-6
70
-97
0
-29
15
-28
-117
160
29
-39
14
-35
13
-12
63
-257
187
31
52
-62
-3
645
-1735
1195
-214
608
-231
-921
1093
-893
444
352
-478
88
61
-14
-20
-1
10
-5
-6
3
5
-6
3
1
-1
1
3
-4
-8
-8
24
-19
2
5
-4
0
-1
-1
-4
8
-4
0
0
-1
0
1
-1
0
3
-8
4
0
0
-1
3
-6
-2
16
-25
7
8
2
-3
-3
0
-1
-4
5
-6
-5
5
4
-12
1
19
14
-62
-87
479
-354
-444
894
-1094
921
231
-608
213
-1195
1735
-646
3
62
-52
-32
-188
255
-66
11
-15
33
-15
39
-30
-161
116
26
-18
25
0
-127
47
129
-148
19
160
-173
-55
128
-23
-13
-48
82
-29
-78
2
267
-10
-1206
2465
-2286
788
744
-1377
1069
-107
-979
845
-94
-67
52
-55
8
17
-8
3
-8
14
-19
15
-8
-1
0
3
-2
-2
4
-1
-10
11
-8
4
0
0
-2
0
-1
0
-1
0
-1
0
0
0
0
-1
0
-1
0
-1
0
-1
-1
1
-1
-3
7
-12
10
0
-5
1
1
-3
1
-1
8
-16
17
-14
6
-2
8
-19
-9
55
-53
66
94
-845
979
106
-1070
1376
-744
-789
2284
-2466
1205
9
-269
-3
77
27
-83
47
10
21
-130
55
173
-160
-22
146
-131
-49
123
0
-17
4
-29
89
50
-259
137
-4
13
24
-68
67
-182
372
-372
392
-516
475
-799
1470
-1510
1115
-703
202
196
34
-160
-275
315
-165
93
-46
25
16
-6
3
-12
11
-4
6
-5
-2
-1
0
1
0
-2
-1
-1
2
1
-3
2
-2
1
-4
4
-5
6
-2
-1
0
0
0
0
0
-1
1
-6
4
-4
3
-1
2
-2
2
-2
-3
1
0
1
-1
-3
-1
-1
0
1
-7
3
-12
11
-4
6
-15
-26
45
-93
164
-315
274
161
-33
-198
-203
702
-1114
1508
-1471
797
-474
514
-393
370
-373
180
-69
68
-25
-15
4
-137
257
-51
-91
25
-4
11
0
57
-2
-147
148
-18
71
-207
133
12
-60
83
-32
-213
268
25
-186
-92
304
340
-369
-723
466
492
-193
-404
354
-83
34
-10
-109
19
74
6
-27
6
-2
1
-6
16
-7
-1
-1
1
-1
1
0
3
-8
9
-4
1
-1
0
-1
1
-2
-1
5
-7
2
0
-1
-1
0
1
0
-1
-3
5
-5
0
2
-3
0
-1
1
-2
3
-9
8
-3
-1
-1
-1
-2
0
1
6
-16
6
0
2
-6
27
-7
-75
-20
108
9
-35
85
-355
405
193
-491
-466
723
369
-342
-304
93
186
-26
-269
212
32
-86
58
-15
-134
206
-73
17
-149
145
0
-61
0
26
-16
1
-56
76
-70
92
-43
-22
-7
11
-2
5
127
-110
-52
-28
168
1
-106
-52
-24
74
-27
147
43
-809
915
-271
36
-23
-17
30
-16
0
0
-4
4
-6
-3
5
2
-3
1
-1
-1
0
-2
3
-3
2
-1
0
-1
0
-1
1
-2
-1
2
-1
0
0
0
-1
0
0
-3
1
1
-3
0
-1
0
-1
0
-2
2
-3
1
-1
1
-1
-1
1
-3
-5
2
6
-3
1
-1
-1
16
-30
17
24
-37
270
-915
808
-44
-146
26
-75
25
51
106
-2
-169
27
51
108
-127
-7
1
-13
6
20
42
-93
68
-76
55
-4
16
-32
0
37
12
-27
239
-467
267
-43
-41
45
-2
-4
-40
227
-316
163
26
-55
-148
885
-1397
599
79
-249
241
30
277
-1254
1638
-497
-343
108
39
-28
17
-5
5
-3
0
-3
-4
18
-12
3
-3
2
-1
0
-2
0
0
1
0
-2
-1
2
-1
-1
1
-1
-1
-1
0
0
0
-1
-1
0
0
-1
-2
2
0
-3
1
1
-1
-1
-1
-1
1
-2
0
-3
2
-3
11
-20
3
3
0
2
-6
5
-17
25
-39
-108
343
497
-1637
1255
-278
-31
-242
248
-79
-601
1396
-885
147
53
-27
-162
315
-229
38
3
0
-46
41
43
-268
465
-241
25
-13
-42
0
-57
132
-220
405
-511
216
63
-93
75
-2
-58
-3
78
17
31
-308
393
-86
-948
1709
-1377
1089
-1121
946
-633
125
1287
-2309
1483
-405
58
-30
20
11
2
-12
8
4
-23
35
-36
27
-8
0
-2
2
-4
2
-3
4
-6
5
-4
4
-3
1
1
-9
13
-7
0
0
-1
0
0
-1
0
6
-13
8
-1
-2
3
-4
4
-6
4
-4
3
-3
3
-3
2
0
8
-26
36
-36
23
-5
-9
11
-2
-12
-20
29
-59
403
-1483
2309
-1288
-126
632
-947
1120
-1089
1377
-1710
948
86
-393
307
-32
-18
-78
1
57
0
-78
93
-64
-216
510
-406
217
-133
54
0
18
54
19
-61
-171
145
70
-57
-46
63
0
33
-116
-62
133
105
-241
-34
-155
710
-176
-339
79
38
54
-59
138
-47
-350
222
37
-31
63
-31
5
-1
-7
3
3
-4
2
-5
1
0
0
-1
1
-2
0
1
0
-1
0
-2
-1
0
0
-2
1
0
-2
0
0
0
0
0
0
0
-3
0
-1
-1
0
0
-1
0
-1
-1
-1
1
-2
0
0
-2
0
4
-3
3
-4
-3
7
-1
-7
30
-64
30
-38
-221
350
47
-138
58
-53
-38
-80
337
175
-711
156
34
241
-106
-134
59
114
-35
-1
-65
44
57
-72
-147
169
59
-23
-55
-22
0
30
-11
43
-115
33
25
-5
10
-18
17
-13
53
79
-314
259
-141
39
111
-71
-40
22
11
22
-1
-70
98
51
-49
30
-203
117
-16
14
2
0
3
-2
0
1
-1
-1
1
0
0
-1
0
0
0
-2
-1
-1
0
0
-1
1
0
0
1
1
-2
-1
-1
-1
0
0
-1
0
0
-1
0
0
0
0
1
1
-1
1
0
0
-1
-1
0
0
-1
-2
-1
0
1
-3
-1
2
-4
-1
-3
-15
16
-117
202
-31
48
-51
-99
68
1
-21
-11
-23
39
72
-110
-41
140
-260
313
-80
-55
12
-18
17
-10
3
-25
-34
113
-44
10
-34
0
-21
36
-50
25
-19
10
18
-9
-7
-5
10
16
-18
-30
33
-30
16
33
-49
-74
212
-96
-38
-15
27
27
-7
-12
-20
29
-8
-10
2
1
0
-2
1
1
-4
1
2
-1
0
-1
-1
-1
-1
0
1
-1
0
0
0
-1
0
1
-2
0
2
0
0
-1
0
0
1
0
0
0
0
0
0
-2
-1
0
-1
0
-1
0
-1
0
-1
0
-2
1
0
0
-2
-2
5
-3
-2
1
-1
-3
-3
9
8
-30
18
11
6
-27
-28
15
37
95
-212
74
48
-34
-17
30
-35
28
16
-18
-11
4
5
8
-19
-11
18
-26
47
-37
16
0
-35
30
-13
20
-16
-23
17
5
9
-23
10
21
-55
69
-73
43
-4
-52
115
-163
166
-80
-23
28
13
-32
-4
79
-94
65
-21
0
-3
-1
0
-2
0
1
-3
3
-1
0
0
-1
0
0
0
0
-1
0
0
-1
1
0
-1
0
0
0
1
-1
0
0
0
0
0
-1
-1
0
-1
0
0
-1
0
-1
0
1
-1
-1
0
0
-1
0
0
1
-1
0
1
-4
2
-2
-1
1
0
0
2
0
20
-66
94
-80
4
31
-14
-29
24
80
-167
163
-116
51
2
-43
72
-70
53
-22
-11
20
-11
-6
-19
21
16
-21
9
-31
32
0
9
-28
31
-11
0
-21
25
-5
-5
6
-20
14
4
5
28
-50
-39
109
-114
53
-16
37
-12
-10
16
43
-194
283
-219
82
-8
1
-1
1
-2
0
-2
-1
1
-2
1
0
1
-1
-1
0
0
0
0
0
0
0
-1
0
-1
0
-1
1
-1
0
0
-1
-1
0
0
-1
-1
-1
0
-1
1
-1
0
-1
-1
0
0
0
-1
0
0
-1
0
0
1
-1
0
1
-3
0
1
0
1
-1
0
-2
9
-83
220
-283
194
-44
-16
9
11
-37
17
-53
112
-111
38
50
-28
-7
-5
-15
18
-6
2
4
-26
20
-2
10
-33
26
-11
0
30
-26
5
0
20
-24
2
-4
5
13
-13
-6
-20
60
-95
57
19
1
-23
-24
43
-36
18
18
8
-46
79
-96
35
0
5
1
-4
3
-2
0
-1
-1
3
-5
0
0
-1
0
-1
1
0
0
-1
-1
-1
1
0
1
-1
0
-1
-1
-1
1
-2
1
0
0
0
-1
1
-1
1
-1
0
-1
0
-1
0
-1
0
-1
0
-1
-1
-1
0
-1
0
-1
-2
4
-4
0
-1
-2
1
-4
2
-1
-5
0
-36
97
-79
44
-7
-18
-19
36
-43
24
23
-1
-21
-58
94
-62
19
4
11
-16
-8
4
-3
22
-21
-1
-8
25
-35
0
7
-12
18
-22
30
-26
7
6
-12
15
-16
3
-41
106
-70
-10
21
2
-43
86
-57
-16
30
3
-44
73
-16
-70
41
11
-11
2
2
-1
0
0
0
-1
3
-3
2
-2
0
0
0
-1
1
-2
1
-1
0
0
-1
-1
1
1
-1
-1
-1
0
-1
-1
-1
0
-1
-1
0
-1
0
0
0
-1
-2
-1
-1
0
0
0
-1
1
-3
0
-1
0
0
0
-1
2
-2
1
-1
-2
0
1
-2
-2
11
-11
-42
69
17
-74
43
-4
-32
15
58
-87
43
-2
-22
9
68
-108
39
-5
14
-16
10
-7
-9
25
-31
21
-21
10
-11
0
12
4
-10
-7
6
9
-2
-8
-2
2
-4
-5
4
11
4
-8
-8
1
4
-3
-8
0
11
10
-6
-20
-14
8
22
12
-9
-14
-2
8
2
-6
-3
4
1
-5
-2
4
2
-3
-4
2
3
-2
-4
1
2
-2
-3
0
2
-1
-3
0
2
-1
-4
0
2
0
-4
-1
3
0
-3
-2
2
1
-3
-2
3
1
-3
-2
3
2
-4
-3
3
3
-4
-4
2
4
-3
-4
2
6
-2
-8
1
13
8
-12
-23
-8
14
20
6
-10
-12
0
7
3
-5
-3
7
8
-5
-13
-5
4
1
-4
-1
7
2
-10
-8
5
9
-7
-14
