0
-2
1
-2
2
0
-2
-1
2
-1
-2
-1
-1
-2
3
0
-3
7
-5
-1
3
0
-4
3
0
-1
1
-2
1
-1
0
1
-1
0
1
-1
0
-2
2
0
-2
0
0
-1
1
-1
1
2
0
0
-1
-2
1
-1
-1
0
1
-1
0
-1
0
-1
-1
-1
0
0
0
1
0
-1
0
0
-1
-1
-1
0
-2
0
1
0
-1
-1
0
0
0
-1
-1
-1
1
-1
-2
0
-2
1
-1
-1
0
0
0
-1
-1
2
-1
1
0
-3
3
-1
-4
0
5
-6
2
-2
-4
0
0
-2
-1
0
-4
0
0
-1
-3
-1
-2
-2
0
-1
0
3
-7
4
-3
7
-3
3
-5
5
-2
-16
19
7
-28
46
-54
15
12
-4
-2
-1
2
-1
0
1
-2
1
0
1
-2
0
2
-3
0
1
-1
0
0
0
-6
6
-4
2
0
-1
1
-1
0
0
0
-1
1
-2
0
0
0
-1
0
0
-1
0
0
0
0
0
0
0
-1
0
-1
1
-1
2
-1
-1
0
0
-1
0
1
-2
3
-5
4
-1
-1
-1
0
-1
0
2
-3
0
1
-1
0
0
2
-2
0
1
-3
1
1
3
-12
-16
54
-48
28
-8
-21
14
1
-6
3
-4
3
-7
2
-4
6
-6
-1
-3
0
-3
0
3
-6
4
-13
24
-15
6
-4
-25
24
40
-61
2
2
-12
32
-3
14
-19
1
1
3
-3
0
-2
4
-1
1
-1
1
-2
1
-1
0
4
-7
3
9
-8
-21
27
-14
9
-1
-5
2
-3
5
-5
2
-2
0
0
-2
0
0
0
0
0
0
-1
0
0
0
-1
1
0
0
-2
0
-1
0
1
-2
4
-5
1
-3
5
1
-10
15
-27
20
6
-11
-5
6
-7
0
0
-2
1
-2
0
-1
2
-4
1
-1
1
-3
-1
-2
18
-14
3
-32
10
-3
-4
60
-42
-26
23
4
-9
15
-25
12
-6
4
-5
-1
-2
0
-2
1
0
-4
9
-12
-8
19
-7
-16
50
-74
25
79
-97
89
-122
124
-78
15
-8
21
-20
14
-1
-4
-1
0
0
3
0
-1
0
-2
-2
4
-2
-11
30
-21
-1
5
1
-9
3
6
-8
0
2
1
1
1
-3
0
0
-1
0
-1
-1
0
0
0
0
0
-1
0
0
0
0
-1
-1
-1
0
0
2
-1
-1
-2
-1
0
8
-7
-5
8
-1
-6
0
19
-30
11
1
-4
0
2
-1
1
-1
-3
0
0
-2
5
2
-15
20
-22
7
-15
77
-124
121
-89
95
-80
-25
73
-51
14
6
-20
7
11
-11
3
-3
-2
-2
0
4
-8
2
3
-4
9
1
-18
3
-3
25
-1
-52
102
-146
94
8
-86
78
-12
-12
21
-20
4
-5
4
3
-3
-1
4
-7
4
0
-5
6
-3
3
-18
26
-18
-6
26
-18
11
-8
2
0
-7
5
2
-4
6
-3
-1
1
-1
0
0
1
-1
-1
-1
0
0
-2
1
-1
0
0
0
0
-1
-2
2
4
-7
3
-3
-6
6
1
-3
8
-12
16
-27
5
17
-26
18
-4
3
-8
4
-1
-5
7
-4
0
3
-4
-5
5
-5
18
-21
12
13
-80
86
-10
-95
144
-103
49
-1
-26
3
-5
17
-2
-11
1
-5
-4
7
-7
0
-20
-1
6
-8
1
31
-44
-9
33
-11
18
-17
19
-46
62
-121
177
-142
45
13
-11
-2
5
-4
3
-3
1
-2
-3
5
-6
10
-6
-4
1
-2
7
6
-16
-12
28
-25
21
2
-11
-2
6
-3
-2
4
-5
1
1
-2
2
-2
0
-1
0
-1
1
0
1
0
0
0
-1
0
0
-2
-2
1
-2
2
-1
-1
4
-5
0
3
-7
3
9
-2
-21
23
-28
11
15
-7
-7
1
-3
3
6
-10
6
-6
2
1
-1
2
-4
3
-6
2
11
-14
-46
142
-178
121
-64
44
-21
16
-21
10
-34
9
44
-31
-3
6
-10
0
17
0
-103
60
-9
-104
206
-392
322
29
-64
-1
125
-105
1
-221
153
-40
184
-61
-52
-13
21
-10
-8
25
-23
10
3
1
-5
6
-3
-1
-6
6
-7
16
-20
-1
15
-8
18
-41
33
-21
10
-6
8
-5
-3
6
-8
4
-2
0
-1
2
-1
0
0
0
-2
0
-1
0
0
-1
0
1
0
1
0
-3
1
-1
1
-4
7
-6
1
5
-8
5
-11
20
-33
40
-19
8
-15
-1
19
-17
6
-7
5
1
3
-6
5
-2
-5
-10
22
-25
7
8
-22
13
52
61
-186
40
-155
220
-2
104
-127
1
60
-30
-324
390
-205
103
5
-62
99
0
-131
32
-58
161
-319
480
-162
-158
40
52
-3
-6
-294
345
-114
-157
416
78
-349
73
2
46
-23
-92
135
-39
-49
9
4
-3
9
-2
1
-8
0
11
1
-9
-11
4
20
-58
68
-39
8
0
8
-3
-6
6
-2
6
-9
2
2
-1
-2
1
1
-1
-1
-1
1
0
0
-1
0
0
1
-2
1
0
-2
-4
9
-6
2
-7
7
3
-9
-2
-8
38
-69
56
-20
-4
10
9
-2
-12
-1
6
-1
1
-9
3
-3
-10
48
39
-137
92
22
-46
-2
-74
349
-78
-417
157
113
-348
293
5
2
-54
-41
158
162
-480
319
-162
55
-33
127
0
-117
-27
-7
127
-54
88
-118
166
-24
99
-499
161
-132
674
-855
204
444
108
-472
163
12
-51
70
69
-148
-2
89
-22
-11
-9
-1
6
-11
3
-1
-4
24
-4
-31
8
41
-51
37
-16
3
-11
-13
13
3
-1
7
-8
2
0
-1
0
-1
1
1
-2
-1
0
0
0
0
-1
0
1
0
-1
0
-1
0
0
-2
7
-7
0
-4
-13
13
10
-3
16
-38
49
-39
-10
29
4
-26
4
1
-3
8
-6
3
10
12
22
-91
2
147
-69
-71
52
-11
-163
472
-109
-445
-204
854
-675
131
-164
498
-101
21
-167
117
-90
52
-128
4
25
112
0
-110
-28
106
-23
444
-904
562
-77
-34
-342
611
-130
-420
174
-22
346
212
-760
351
-46
60
-37
41
-6
-303
304
26
-36
-23
4
-4
5
-8
1
8
-20
-10
39
-55
47
7
-35
34
-11
-12
10
-17
3
6
13
-13
0
1
-4
6
-2
-1
0
1
1
-1
0
-1
0
0
0
0
0
-2
0
-1
1
-7
3
-2
0
13
-13
-6
-4
17
-10
10
11
-35
34
-5
-48
54
-39
10
18
-10
-2
8
-5
3
-5
23
36
-25
-305
303
5
-41
37
-60
46
-352
759
-214
-347
21
-175
420
128
-613
339
32
76
-564
904
-445
22
-110
27
105
0
-87
-43
212
-208
436
-785
735
-310
-161
-189
458
-248
174
-36
-153
-19
469
216
-580
130
-97
-42
56
-193
406
-123
-136
77
-9
1
-5
11
-10
10
-6
-10
1
12
2
12
-24
-6
22
-21
7
8
-6
2
-9
-3
9
2
-1
-2
-2
1
-3
1
0
0
-1
-1
0
0
-2
-1
-1
-1
-1
-1
1
-3
1
2
0
-3
-10
2
9
-3
4
-8
-9
20
-24
5
23
-13
-3
-12
-2
10
5
-11
9
-11
5
-3
9
-76
135
123
-407
192
-56
42
96
-130
578
-216
-470
18
152
35
-176
247
-458
188
157
309
-735
784
-436
206
-213
42
81
0
-67
-56
171
-331
656
-602
379
-112
3
-127
60
-165
366
-341
165
-571
286
550
-271
29
-34
-9
61
-246
243
75
-216
52
10
-10
-4
-10
28
-23
27
-3
-13
51
-67
22
-4
-26
24
-22
25
-9
24
-18
10
-4
-6
-1
-1
-1
3
2
1
-1
-1
-1
0
0
-1
0
0
0
0
1
0
0
-2
-3
-3
0
0
0
6
3
-9
18
-25
8
-25
22
-25
24
3
-23
65
-51
12
3
-28
20
-30
10
4
8
-10
-53
215
-76
-244
245
-60
9
32
-30
271
-551
-287
571
-167
339
-367
163
-62
125
-5
111
-380
600
-657
329
-173
54
62
0
-52
-77
164
-378
558
-394
241
11
-33
-138
245
188
-199
-503
162
352
-170
-58
-130
199
-48
-10
7
132
-123
-113
189
-55
5
-5
5
-24
35
-24
18
-11
-9
26
-21
-4
-8
35
-22
-3
12
-10
0
10
-17
13
-9
4
3
-7
3
-1
0
1
0
-1
-1
-1
-1
0
0
0
-1
0
0
-1
1
0
-4
7
-4
-4
8
-14
17
-11
0
10
-12
2
21
-35
7
2
20
-26
9
11
-17
24
-34
23
-4
3
-5
55
-188
112
123
-132
-5
9
48
-198
129
58
169
-353
-162
500
198
-190
-246
135
31
-12
-241
393
-560
376
-167
76
47
0
-30
-119
165
-346
825
-1138
774
-105
118
-251
149
-48
-126
57
40
477
-707
20
296
-164
93
61
-115
-35
128
-30
-93
59
-10
5
6
3
-19
29
-22
10
13
-19
6
-13
-12
25
-18
20
-10
-1
5
-7
6
-3
-5
0
-1
2
-1
0
-3
1
-1
0
-1
0
-1
0
-1
-1
0
-1
1
-2
2
-1
0
-4
-1
0
5
1
-8
6
-7
0
9
-21
18
-26
11
11
-7
17
-15
-11
21
-31
19
-3
-5
-5
10
-60
93
29
-129
34
114
-61
-93
163
-294
-20
706
-478
-40
-58
124
46
-151
248
-118
104
-774
1136
-827
345
-169
118
26
0
-4
-144
129
-151
625
-1060
612
24
-83
159
-250
-271
126
540
-157
-582
624
-67
-83
45
-109
1
29
88
-152
-2
119
-58
23
-16
-5
16
-26
20
-8
-13
28
-11
-10
10
-9
15
-27
17
2
-12
6
4
-5
0
2
-2
1
-1
0
0
0
0
-1
0
0
0
0
0
0
-1
1
-1
0
-2
0
-1
-1
1
-3
2
-3
0
4
-4
-8
10
-3
-19
26
-16
8
-11
8
11
-29
12
8
-22
25
-16
4
15
-22
58
-119
2
152
-88
-28
-2
111
-45
83
67
-625
582
156
-542
-126
269
247
-161
80
-24
-613
1058
-626
150
-132
143
-2
0
-15
-134
65
87
-52
184
-168
-142
33
10
157
-341
769
-456
-41
250
-488
87
163
-66
103
-71
32
-59
165
-221
111
-28
23
-6
-4
2
5
-2
3
-3
2
-15
19
-19
26
-23
6
-6
2
1
5
-5
-1
2
-1
2
-3
-2
0
0
-2
2
-2
1
0
1
0
0
-1
-1
-1
0
0
-2
2
-1
-2
4
2
-2
0
-2
1
4
-6
-2
-4
6
-5
21
-27
17
-21
14
-2
2
-4
0
-7
-2
3
4
-24
27
-111
220
-165
58
-32
70
-103
66
-163
-86
487
-251
40
455
-770
339
-158
-11
-36
141
167
-186
53
-88
-70
134
9
0
-12
-117
33
302
-616
815
-483
-97
58
-84
434
151
-211
-640
420
305
-356
-355
486
-36
-63
-4
-29
154
-204
113
1
-12
2
-1
3
-4
-3
12
-18
21
-9
-9
13
-4
-9
10
-2
-19
25
-13
-10
16
-7
6
-6
3
-1
1
0
-1
1
-1
-1
-2
0
0
-1
0
0
-1
0
0
-1
-1
1
1
0
-1
3
-4
4
-7
7
-16
8
13
-25
18
1
-12
8
4
-13
8
9
-21
16
-14
3
4
-2
0
-3
12
-1
-114
203
-154
29
4
62
35
-487
354
356
-305
-422
640
210
-152
-435
82
-61
97
482
-816
615
-304
-35
116
6
0
-9
-77
-24
557
-1088
954
-323
-61
85
-16
80
-78
-682
868
-443
-419
1490
-776
-118
-81
120
114
-115
-30
171
-316
209
-34
11
-2
-10
6
-7
3
-4
13
-17
2
-10
12
-6
2
16
-14
1
5
-1
-2
-2
-1
1
-3
-4
-1
-3
3
-2
1
1
-1
-1
-1
1
0
-1
0
0
0
-1
-2
-1
-4
1
0
4
2
-2
0
2
1
0
-6
-4
13
-17
-2
5
-13
10
-3
16
-14
4
-3
7
-6
10
2
-12
34
-210
316
-171
30
115
-115
-121
80
118
776
-1491
418
441
-869
680
76
-81
14
-86
61
322
-955
1088
-559
21
77
4
0
-27
3
-23
285
-482
-112
181
272
-127
112
-394
174
558
-619
540
-717
-6
637
-337
62
-36
55
-27
2
3
-133
166
-60
3
1
-1
-3
14
-15
14
-4
-8
1
3
-6
5
11
-33
36
-12
-12
14
-7
-5
4
2
-4
4
0
-1
1
-2
-1
-1
0
-1
-1
-1
0
-1
0
0
0
0
0
1
-2
1
0
-3
4
-2
-4
4
6
-15
11
13
-37
31
-13
-6
5
-4
-1
8
4
-13
15
-16
2
2
-1
-3
60
-167
133
-3
-3
26
-55
36
-62
336
-637
5
716
-541
618
-558
-175
392
-115
125
-273
-182
111
479
-286
21
-6
22
0
-74
82
-37
-160
-56
533
-255
51
-182
87
-427
379
412
-380
-105
-233
589
-263
3
-23
34
-2
-43
53
19
-142
121
-13
-7
-11
2
-6
5
14
-14
13
-39
27
13
-15
-4
10
-14
-28
23
20
-3
-13
-2
2
3
6
-5
-3
-3
2
2
1
-1
-1
0
0
-1
0
-1
0
-1
1
1
-1
-3
-3
3
3
5
-7
-4
-2
1
12
2
-22
-23
27
12
-11
2
14
-13
-28
37
-13
13
-16
-7
5
-2
9
5
14
-122
142
-20
-54
42
1
-34
23
-3
262
-590
232
104
378
-414
-380
426
-89
179
-52
253
-533
56
159
35
-82
70
0
-139
133
-48
57
-62
72
-79
-40
209
-76
-325
373
-72
19
83
-859
1273
-649
49
80
-85
47
9
12
-191
381
-312
98
-3
-5
7
-5
8
-1
-8
-3
4
1
9
2
-17
-7
20
-13
8
1
-5
7
-3
-1
-1
0
0
0
0
0
-1
0
0
0
0
0
-2
0
-1
0
0
0
1
0
0
-2
0
-2
0
0
0
0
4
-7
5
-1
-9
12
-21
5
17
-3
-8
-1
-2
1
7
0
-8
5
-7
5
3
-99
311
-381
191
-12
-10
-48
85
-81
-49
649
-1275
859
-85
-19
69
-375
323
75
-211
40
78
-74
61
-59
46
-134
134
0
-126
155
45
-330
242
157
-194
-195
423
-52
-1080
2058
-1246
-288
349
198
-18
-143
-19
12
12
7
10
52
-174
120
10
0
-30
18
-5
-3
-3
7
1
-14
11
-18
22
-4
2
-12
0
2
3
2
1
-12
12
-7
0
2
2
-6
2
1
0
0
0
0
0
0
-1
0
-1
0
0
0
0
-1
0
-1
-1
6
-4
-3
-1
7
-12
11
-2
-3
-3
-4
0
10
-4
4
-23
19
-11
12
-3
-8
2
3
5
-19
28
-1
-10
-121
174
-53
-10
-7
-13
-12
17
142
17
-199
-350
287
1245
-2060
1079
49
-425
194
193
-158
-243
329
-47
-155
122
0
-54
109
-188
207
76
-251
100
-78
134
-131
-132
358
-130
-25
9
125
-248
167
-95
30
-8
56
-72
-25
66
6
-18
-3
-4
2
-3
5
-3
-3
9
-11
6
6
-25
31
-14
0
-6
1
10
-12
4
0
-4
1
2
-3
5
-4
0
0
-1
0
-1
-1
-1
0
0
0
0
-1
-1
1
-1
-1
0
-1
-1
4
-4
4
-3
-3
3
-1
-5
10
-10
-1
6
-2
14
-32
24
-7
-6
10
-9
2
3
-6
2
-2
3
2
16
-6
-67
24
71
-58
7
-29
95
-168
246
-126
-11
22
129
-360
130
129
-135
77
-99
251
-77
-208
185
-111
48
0
3
40
-82
-8
90
-66
-4
61
-36
20
-221
203
-15
112
-191
156
-99
31
36
-50
28
14
-67
59
-15
-8
-3
7
-4
4
-5
3
-3
0
-1
4
3
-8
4
2
-8
8
-5
10
-12
2
1
-2
2
-1
0
-1
0
-2
0
-1
-1
-1
0
0
-1
-1
-1
0
0
-1
0
0
0
0
-1
-1
0
1
-1
0
-1
0
-2
1
-3
-3
11
-10
4
-10
9
-4
-4
7
-4
-5
0
0
3
-3
4
-4
2
-6
2
7
14
-60
66
-13
-29
51
-37
-32
100
-157
190
-113
15
-204
218
-21
35
-62
2
65
-90
7
79
-41
-7
0
12
-8
-65
147
-78
-9
23
-62
8
45
-237
502
-321
-33
103
4
-30
-25
8
12
-12
9
-4
-8
27
-53
51
-13
-2
0
0
0
-1
1
1
-7
5
-5
8
-5
-1
3
1
-3
0
3
-3
1
0
0
-2
1
-1
0
1
0
-1
0
1
0
1
-2
0
0
-1
1
0
-1
-1
0
0
-1
0
-1
0
-2
0
-1
0
-1
2
-4
-1
3
-1
-4
-1
4
-9
4
-5
6
-2
-2
0
0
-1
0
1
12
-52
51
-27
7
4
-11
12
-12
-9
23
29
-4
-104
32
318
-505
237
-48
-10
61
-24
8
74
-148
62
7
-17
0
17
-19
53
-148
59
13
41
-47
53
-72
93
-96
123
-129
123
-43
-28
-70
64
21
-7
-19
19
-20
14
12
-11
-3
2
-1
-1
1
-2
1
0
1
-1
1
-1
-3
2
-2
0
1
-3
0
-1
-1
1
-1
1
0
0
0
0
-1
-2
-1
0
0
-1
-1
1
0
-1
-1
0
0
-1
0
-1
0
0
-1
1
-1
0
1
-1
0
-1
0
1
-1
-2
2
-4
1
-1
-1
0
-1
0
-1
0
-2
0
0
-2
3
10
-12
-13
20
-20
19
7
-21
-63
69
29
42
-124
127
-124
95
-94
71
-55
47
-42
-15
-59
147
-55
18
-21
0
1
-16
-20
46
102
-147
-23
94
-43
-35
95
-132
74
17
-58
64
12
-48
16
-10
-8
14
-20
54
-46
5
8
-4
-2
3
-3
1
0
-1
-1
0
-1
-1
0
0
-1
0
0
-1
0
-1
-1
1
-1
0
-1
1
0
-1
0
0
0
0
-1
1
0
0
0
0
-1
-1
1
-1
0
-1
0
-1
-1
0
0
-1
0
0
0
-1
0
0
-2
1
0
-1
0
-2
0
0
0
-1
1
0
-1
-1
3
-4
1
3
-10
-6
45
-55
20
-15
8
9
-17
47
-12
-64
57
-18
-75
130
-96
34
42
-95
22
146
-103
-47
18
14
-5
0
2
-8
21
-24
18
-45
48
-22
-1
-1
60
-73
57
-69
69
-127
165
-116
58
-19
-2
2
4
-21
32
-19
6
-2
2
-3
1
0
-2
0
-2
0
1
-1
-2
0
-2
1
0
0
-1
0
-1
0
0
-1
0
-1
0
-1
-1
-1
0
1
0
-1
0
0
-1
0
0
0
-1
0
-1
-1
0
0
-1
1
-1
0
0
1
-1
0
1
-1
-1
-1
-1
-2
0
-1
0
0
-1
0
1
-1
1
-1
-2
2
-2
1
-6
18
-34
19
-4
-1
2
18
-59
115
-166
127
-70
69
-59
72
-62
-1
-3
22
-48
44
-20
22
-23
8
-7
0
-11
20
-28
-15
99
-92
12
2
-1
-14
25
0
21
-22
-53
68
-55
46
-7
-5
4
-2
-18
35
-32
14
6
-2
-3
1
1
-1
-1
-1
0
0
0
1
0
0
0
0
0
0
0
-1
-1
0
0
0
-1
-1
-1
0
0
0
1
0
0
0
-1
0
-1
0
-1
-1
0
0
0
0
-2
-1
0
-1
1
0
0
0
0
-1
-1
-1
-1
0
-1
-1
-2
0
0
-1
0
0
0
0
0
0
0
-1
4
2
-4
-13
33
-36
18
2
-5
6
6
-48
54
-69
51
22
-23
-1
-26
12
-1
-3
-13
91
-100
14
26
-21
5
0
-11
13
-16
41
-83
69
-12
-7
-1
9
22
-109
114
-52
40
-62
104
-104
36
-1
-3
3
7
-12
7
4
-8
1
-1
1
-1
0
0
-1
0
0
0
-1
-1
0
-1
-1
-1
0
0
-1
-1
-1
0
0
0
0
0
0
-1
0
-1
0
-1
-1
-1
-1
0
0
-1
0
-1
-1
0
0
0
-1
0
-1
0
0
0
0
-1
1
0
0
-1
0
-1
1
-1
-1
0
0
-1
-1
0
-1
0
0
0
-2
1
-1
7
-4
-9
11
-7
-3
2
0
-37
105
-106
62
-41
50
-115
106
-24
-11
-1
7
13
-70
82
-43
12
-14
6
0
-10
15
-5
6
-48
67
-38
7
2
-1
2
-14
1
22
-15
-49
68
-21
-1
8
-8
-2
-7
26
-36
27
-8
-1
1
0
0
0
0
-1
1
0
0
1
-1
0
0
0
0
0
0
-1
0
-1
0
-1
-1
-1
0
0
0
0
1
-2
0
-1
-1
-1
0
0
0
0
0
0
-1
-1
-1
-1
-1
-1
-1
-1
-1
-1
0
0
-1
0
-1
0
-1
-1
-2
-1
0
-2
-1
0
-1
-1
0
-1
0
-1
0
1
7
-26
35
-27
8
2
8
-8
1
21
-69
48
14
-24
-3
13
-3
-1
-5
-8
37
-69
48
-9
2
-16
7
0
2
3
2
0
-2
-2
-1
1
1
-2
-4
0
6
6
-1
-9
-8
0
5
2
-2
-2
1
3
1
0
-1
0
0
1
1
0
-1
0
0
-1
0
0
0
-1
0
0
0
0
0
0
-1
0
-1
0
0
0
0
0
0
0
-1
-1
0
0
0
-2
-1
0
0
-1
0
-1
0
0
0
0
-1
-1
-1
-1
0
0
-1
-1
0
-1
-1
-1
0
0
-1
-1
0
0
0
-1
0
0
-1
-1
0
1
0
0
0
-1
-1
-3
0
2
2
-3
-6
-1
7
8
0
-8
-8
-1
2
0
-3
-3
1
3
-1
-1
-2
-4
-4
