0
1
-3
0
0
0
0
0
-1
-1
1
-3
1
-1
-3
4
-2
-4
2
2
-2
-1
2
-1
0
-3
5
0
-2
0
-2
1
0
0
-1
1
1
-2
2
-1
1
-4
3
0
1
-1
0
1
1
-3
1
0
1
-1
0
-1
2
-2
-1
0
0
0
-1
0
0
-1
0
-1
0
1
-1
0
-3
1
-2
1
-1
0
-2
2
-1
-1
0
1
-1
1
-3
4
-2
-1
-2
1
-2
-1
1
-1
0
-1
1
-1
2
-2
-5
1
-1
1
-1
1
1
-2
-2
1
2
-5
2
-1
-3
2
-2
-1
-1
0
-1
0
-1
-3
1
-4
0
1
-15
5
3
31
-19
-3
-12
5
7
3
-11
-20
6
10
18
-4
-12
-6
2
10
5
-4
-2
-2
-2
5
0
-2
-1
1
0
-2
-2
1
-2
3
3
-6
-4
0
5
-2
-1
-1
1
-3
0
2
0
0
-1
1
-3
0
2
-2
1
0
-1
-1
0
0
0
0
-1
-1
0
0
-2
1
-2
-1
1
-1
2
0
0
-2
-1
1
-1
-1
1
0
-6
-1
3
6
-5
-3
2
-1
0
0
-1
-2
-1
2
0
-6
2
1
2
4
-6
-10
-3
6
12
4
-19
-12
-7
19
10
-4
-10
-7
11
3
19
-33
-4
-8
14
-6
0
9
-8
-38
73
-137
166
-60
6
-35
31
-58
85
-30
-5
43
-79
24
6
-35
70
-19
-15
20
-25
-23
42
-22
11
10
-14
-1
3
-8
5
13
-17
20
-14
-19
33
-41
26
-2
-6
8
-5
-12
20
-22
14
-3
1
2
-3
1
-1
-1
-1
0
-1
-1
-1
-1
0
0
0
-1
1
-1
0
1
0
-3
3
-2
-1
3
-14
20
-20
12
5
-10
5
0
-29
39
-35
18
13
-21
18
-13
-6
8
-3
0
13
-9
-11
21
-45
23
25
-18
14
17
-70
34
-6
-24
79
-44
4
29
-87
56
-32
34
-7
60
-167
137
-74
33
6
-12
0
7
-13
18
-25
17
5
-22
-9
46
-55
84
-152
173
-162
151
-63
-10
43
-74
93
-71
27
10
-57
92
-77
15
27
-54
60
-40
21
7
-35
50
-36
32
-38
24
8
-19
6
-14
20
-4
-14
19
-21
18
-19
14
-8
6
-2
1
-1
-1
-1
2
-3
1
-1
0
0
0
0
-2
2
-3
0
0
0
0
2
-7
7
-14
19
-19
20
-19
13
3
-21
14
-7
19
-10
-24
38
-32
36
-50
34
-7
-21
40
-61
53
-27
-15
76
-92
57
-10
-27
71
-92
75
-44
9
62
-153
160
-173
151
-84
53
-47
8
22
-5
-20
23
-20
12
-11
0
-3
-3
48
-58
4
39
-62
53
-24
-16
56
-112
136
-77
32
-32
34
-52
80
-105
81
-51
71
-82
48
-34
56
-71
77
-57
24
-17
28
-51
64
-63
62
-58
49
-42
24
-1
0
-13
15
0
-20
22
-28
28
-18
11
-9
6
-2
-1
0
-3
4
-2
-1
-1
-1
0
0
0
0
2
-5
2
-1
1
2
-7
9
-11
16
-30
26
-23
20
-1
-16
13
-1
0
-25
42
-51
57
-62
63
-66
50
-29
16
-24
57
-78
71
-56
34
-49
82
-71
49
-82
105
-80
51
-35
31
-35
75
-139
111
-59
15
22
-54
61
-41
-4
58
-50
2
-2
0
-4
11
-60
49
42
-83
90
-31
-53
10
15
78
-118
66
-11
-46
59
-57
77
-71
13
26
-52
48
-4
-1
-6
-59
104
-35
-22
23
-31
33
-28
28
15
-68
44
-8
-30
41
-25
6
0
-10
26
1
-25
12
-3
-6
8
-5
1
3
-5
2
0
-2
1
1
-1
0
0
0
-2
2
-1
-3
4
-4
-2
4
-7
6
1
-13
24
-1
-27
9
-1
-7
23
-41
27
7
-46
67
-16
-28
28
-34
28
-23
21
35
-105
59
5
-1
4
-48
51
-26
-14
69
-77
57
-58
46
9
-67
117
-80
-17
-12
50
30
-91
82
-43
-52
56
-12
-1
0
1
-12
50
-21
-114
100
16
0
-47
16
8
55
-90
18
-18
83
-38
-29
1
19
-26
-5
82
-49
-47
62
-27
-30
37
18
-22
-28
26
-2
-13
8
38
-41
-49
68
6
-20
2
-4
3
-12
19
-11
7
-14
3
8
-2
-4
2
0
1
1
-2
1
0
0
0
0
-1
-1
-1
-1
3
0
-1
-1
-2
4
3
-9
-5
13
-8
10
-20
11
-4
4
-2
19
-5
-69
47
40
-39
-9
13
1
-28
27
20
-19
-37
30
26
-64
45
49
-82
4
27
-21
-1
28
37
-84
16
-20
88
-57
-11
-17
45
0
-17
-100
113
20
-53
11
-5
0
8
-12
-30
-9
170
-138
-24
53
-41
39
3
-100
136
-129
55
57
-7
-69
-13
63
12
-34
-10
19
-5
-8
0
113
-160
25
38
-3
1
-11
4
4
-30
26
46
-53
3
10
-1
-7
4
27
-51
40
-20
0
4
5
-6
-2
-3
6
-4
2
-2
-2
0
0
0
0
0
-1
0
2
0
-3
3
-6
2
1
5
-6
-5
-1
19
-40
51
-28
-4
7
0
-11
-2
53
-46
-25
30
-5
-4
11
-2
2
-38
-25
160
-113
-1
8
3
-19
9
34
-12
-62
13
69
6
-57
-57
127
-137
98
-5
-40
38
-54
24
136
-172
8
27
10
-13
0
-2
5
-10
45
-127
140
-108
77
-46
0
0
123
-183
140
-85
37
1
-32
50
-53
0
54
-71
37
27
-98
139
-114
68
-17
-24
57
-39
-2
20
-40
19
19
-45
38
-32
21
3
-12
22
-45
55
-47
30
-9
-7
10
-4
0
4
-6
3
-4
2
-1
-1
-1
0
0
0
-1
0
0
-2
4
-3
5
-6
-2
4
-11
7
8
-31
46
-55
44
-22
11
-4
-22
31
-39
45
-20
-20
40
-22
1
37
-58
24
16
-68
114
-138
96
-29
-39
73
-55
0
53
-50
32
-2
-38
85
-140
182
-125
0
-2
44
-78
108
-142
127
-48
8
-7
-3
0
-25
22
44
-55
-4
40
-49
43
-28
-23
92
-167
107
64
-82
13
-11
14
36
-78
57
-13
-18
7
25
-89
97
-9
-41
41
-34
39
-35
18
-28
25
-2
-2
-17
27
-32
23
-21
22
-23
33
-32
24
-12
-3
2
-1
1
-3
2
-5
5
-3
0
0
-1
0
0
0
-1
0
0
-1
0
3
-5
3
-2
2
-2
-1
-2
2
12
-25
32
-35
24
-22
21
-25
31
-28
16
2
-1
-26
27
-21
34
-40
34
-41
41
9
-97
88
-25
-8
18
11
-57
76
-36
-14
10
-14
79
-66
-109
165
-93
22
27
-44
49
-40
2
53
-46
-24
20
0
-11
24
-85
33
144
-118
-7
9
-1
13
-47
118
-48
-117
93
-2
-44
55
0
-38
20
-11
15
-9
-18
114
-121
-11
62
-50
23
7
-18
5
23
-37
29
-3
-11
28
-33
8
6
-19
12
3
-15
27
-1
-14
-2
7
-9
3
-1
-2
1
3
-4
0
1
1
0
0
0
-1
-1
0
2
-3
-1
1
0
-4
9
-8
2
14
1
-27
16
-4
-12
19
-7
-8
32
-29
10
2
-29
37
-25
-7
19
-8
-23
48
-62
10
120
-114
17
8
-17
11
-20
38
0
-55
44
2
-94
116
47
-120
46
-15
-2
-11
7
116
-146
-34
83
-26
7
0
20
-51
96
-44
-85
82
-29
-13
40
-27
-7
24
54
-105
12
25
39
-32
-27
24
-9
30
-35
22
14
-66
-6
100
-76
58
-46
-1
33
4
-45
4
28
-12
7
-7
-4
8
4
-11
-8
4
21
-18
1
-1
6
-11
6
1
-3
-3
-1
2
0
-2
-1
0
-1
0
0
0
-1
1
0
-3
0
2
2
-3
-6
10
-7
-1
-2
17
-23
-5
8
11
-5
-8
3
7
-7
10
-28
-4
45
-5
-33
0
46
-57
75
-99
5
66
-16
-22
35
-30
9
-24
27
32
-40
-26
-13
104
-54
-26
7
24
-41
13
27
-83
82
44
-100
51
-25
0
26
-18
-65
147
-203
141
-45
40
-44
50
-10
-51
64
-87
62
-10
-19
7
25
-27
17
24
-47
20
5
-1
-53
102
-163
174
-75
-16
49
-22
-36
74
-77
51
-14
-26
21
-3
-9
5
9
-7
10
-20
11
8
-16
13
-4
-4
7
-9
3
-1
3
-2
0
0
0
0
0
0
-1
1
-2
1
-3
8
-8
2
3
-13
17
-8
-11
19
-11
7
-8
-6
8
3
-22
25
12
-52
75
-75
35
21
-50
15
73
-174
163
-103
52
-1
-5
-20
46
-25
-16
26
-26
-9
18
9
-62
86
-66
49
8
-51
43
-40
44
-141
202
-148
63
16
-29
0
-31
25
53
-97
82
-21
-32
39
-11
-59
102
-102
50
-11
30
-41
39
-46
55
-43
33
-57
65
-43
18
5
-20
19
27
-49
25
-21
34
-48
43
-67
100
-93
59
-28
14
-13
9
-7
8
-17
22
-10
-2
2
1
-4
1
1
0
0
-1
1
-2
1
0
-1
1
0
-1
0
-1
-2
1
-1
0
-1
1
-1
-2
4
-1
-3
2
10
-23
17
-10
6
-9
12
-16
27
-60
92
-101
66
-44
46
-36
21
-25
48
-27
-20
20
-5
-18
42
-65
56
-33
43
-55
48
-39
41
-30
9
-52
100
-105
56
11
-39
32
20
-84
96
-55
-26
27
0
-40
60
-76
-55
270
-162
-11
-73
100
3
10
-87
36
19
-33
36
-26
-3
39
-19
-17
16
-11
10
-7
-15
21
-10
20
-35
9
14
-13
-9
10
26
-21
-9
15
-15
8
-6
2
2
-3
7
-6
4
-8
6
-1
-5
4
2
-4
4
0
-3
1
-2
1
-2
0
0
0
1
-1
1
-3
2
0
-4
3
-2
-4
4
1
-7
7
-5
5
-8
2
-2
-3
6
-10
14
-14
8
20
-26
-11
8
13
-14
-10
34
-22
9
-22
14
5
-11
12
-18
16
18
-38
3
25
-37
31
-21
-38
86
-11
-5
-103
72
10
161
-269
54
74
-62
35
0
27
-26
40
-136
143
-62
26
-9
-11
34
-41
30
-19
-6
-6
19
-12
3
1
7
-7
5
-7
2
0
10
-5
7
-31
41
-31
25
-8
-9
5
2
-8
14
-8
1
2
-5
8
-5
1
0
-6
6
-3
0
0
-1
-1
1
1
-3
1
-1
1
-1
0
0
0
0
-1
0
-1
0
-2
0
-2
2
-2
-3
1
1
-1
-2
2
-6
5
-2
-1
6
-9
4
-3
-2
8
-14
10
-2
-4
8
7
-25
31
-41
30
-7
6
-9
1
-2
7
-5
8
-7
0
-4
10
-19
5
5
17
-32
38
-35
8
9
-27
60
-144
136
-43
24
-32
0
6
-27
25
-5
-30
0
55
-10
-27
-16
0
48
-21
-22
24
-7
-12
25
-33
21
0
-7
9
-2
-5
6
-2
-7
2
12
-3
-9
4
-2
0
5
-9
-1
3
1
1
-5
2
-2
2
-3
3
-2
0
-2
0
3
-3
1
0
-2
0
0
1
0
-1
0
0
0
0
-1
0
0
-1
0
-1
1
-2
0
2
-4
0
-1
0
2
-3
1
-3
2
-4
4
-3
-2
-5
-1
8
-6
0
0
-5
9
2
-13
-3
7
2
-7
4
1
-8
7
0
-22
32
-26
13
7
-26
20
20
-49
-1
15
25
8
-56
-3
29
4
-27
26
-11
0
-25
35
-14
0
-7
-2
27
-20
-1
0
2
6
0
-9
-1
0
4
0
-1
-1
0
-2
4
-1
1
-8
3
13
-26
29
-20
10
-7
9
-11
6
-7
2
2
-3
1
-3
3
-6
4
0
-1
1
-2
2
2
-6
4
-3
1
-2
0
0
-1
0
0
-1
-1
0
0
0
-1
0
0
-1
0
0
-1
1
-5
5
-1
-2
0
-2
1
0
-5
5
-3
1
-3
2
-3
-3
6
-7
10
-11
5
-10
19
-30
26
-13
-3
6
-1
0
-4
2
-1
1
0
-1
-6
-1
0
8
-2
-7
-3
0
-1
19
-27
1
7
0
11
-36
21
0
-12
20
-12
-7
20
-16
8
-6
-6
29
-22
-10
30
-36
14
4
-4
5
-4
2
0
4
-6
2
0
3
-7
12
-11
6
0
-6
12
-9
0
-1
-1
7
-8
2
0
1
-4
2
-2
0
-3
4
-2
0
0
-1
0
-1
-1
0
-1
0
0
-1
-1
-1
-1
0
1
0
0
-1
-1
0
0
-1
0
-1
-2
1
0
0
0
-4
3
-1
-1
-3
3
-2
-2
-3
8
-8
1
1
-1
8
-13
5
0
-6
10
-13
7
-4
-1
-3
5
-4
-1
-3
5
-6
3
-4
-16
36
-30
9
22
-30
5
5
-8
15
-23
6
9
-22
9
0
4
-5
-8
7
8
-7
-4
11
-11
-14
26
-19
18
-28
19
-6
1
-4
9
-6
2
1
-1
1
-1
-3
-1
8
-7
3
-1
-5
10
-3
-5
2
-3
3
0
-2
1
-1
0
-1
1
-2
0
1
-1
-1
2
-1
-1
1
-1
0
-1
0
-2
-1
0
0
0
0
-1
0
0
0
-1
0
1
-1
2
-1
1
1
-1
0
2
-2
-1
1
-2
1
-1
1
-1
1
0
-4
2
-2
5
1
-12
5
2
-5
6
-8
0
2
0
-2
2
-1
-3
6
-8
3
-2
5
-20
28
-19
17
-27
12
8
-12
3
6
-9
-8
5
5
-7
0
10
-17
10
-1
-13
8
4
-3
-3
0
0
1
6
-14
7
-4
0
4
-6
1
2
-4
3
0
0
0
-4
4
5
-11
4
-4
6
-3
-2
1
-2
4
-5
1
-1
1
-2
0
0
1
1
1
-3
3
-2
1
0
1
0
-1
-1
-1
0
0
-1
0
0
0
0
-1
-1
0
-1
0
1
0
1
-2
-1
-2
1
-3
2
-2
0
-2
1
-2
1
-1
1
-3
3
-5
2
-2
3
3
-6
4
-4
10
-6
-5
4
0
-1
-1
-4
4
-2
-2
5
-4
-1
3
-8
12
-6
-2
-3
-2
2
3
-4
-10
12
0
-13
15
-13
0
2
-2
0
0
-3
3
-5
12
-17
12
-8
7
-3
-3
0
0
-1
5
-9
6
-2
0
-3
1
-1
0
-3
3
1
2
-2
-2
-1
7
-7
1
0
-1
0
0
0
-2
1
-1
-2
0
-1
1
-1
-1
-2
1
0
0
0
1
-1
0
-1
-1
0
0
-1
0
-1
-1
-1
-1
0
0
-1
-2
1
0
-1
-2
2
0
0
-2
1
0
1
0
-2
1
-1
-1
-1
0
-1
-2
6
-7
-1
1
3
-1
-2
-3
2
-1
0
-1
2
0
1
-6
8
-5
0
-1
-2
1
3
-8
6
-13
15
-13
4
-5
2
-1
-4
1
-6
0
-4
6
-2
1
-6
5
-1
-5
7
-11
11
-14
8
-8
4
0
-1
2
-1
-1
0
0
0
-1
0
0
-1
5
-8
2
8
-11
6
-3
1
1
-1
1
-1
-1
-1
0
0
-2
1
0
-1
0
-1
0
1
0
0
-2
2
-2
-1
-1
0
0
-1
-2
0
0
-1
0
-1
0
0
-1
0
1
-2
1
-1
-1
0
-1
1
-1
0
-1
-2
1
-3
-1
-1
-1
0
-1
0
-2
-2
2
-7
10
-9
-3
8
-6
2
0
1
0
0
0
0
1
0
-1
-2
-1
-5
7
-11
12
-13
8
-7
4
1
-5
5
-3
0
-8
0
0
-3
5
-3
2
-2
1
-1
2
-5
8
-2
-11
7
-2
1
0
-1
2
-2
0
0
-1
0
1
-1
2
-3
-2
10
-9
1
0
2
-4
3
-1
-1
0
0
0
1
0
-1
1
0
0
0
0
1
-2
0
1
-1
-1
-1
0
-2
0
0
-1
-1
-1
0
0
-1
0
0
0
0
-2
0
-1
-1
0
1
-2
0
1
-1
-1
-1
0
0
-2
-1
-1
-1
-1
0
-2
0
1
-4
3
-5
-1
-1
9
-11
2
1
-3
1
-1
0
0
-1
0
1
-2
1
-1
-1
0
-8
10
1
-9
3
-2
-2
-2
1
-4
1
-6
0
0
3
-3
-1
0
1
-3
1
0
-4
3
-1
-2
-3
4
-3
-2
2
-1
-1
0
-1
0
-1
1
-1
-1
1
1
-3
2
1
-2
1
-2
2
-2
1
0
0
0
-2
0
1
0
1
-1
1
-1
0
-1
0
0
0
-1
-2
1
-2
0
-1
0
-1
-1
-2
0
0
0
0
0
0
0
0
-1
1
1
0
-1
0
1
-1
0
-3
1
-1
0
-1
-1
1
-2
-1
-1
-2
1
-3
2
-2
1
-2
-1
3
-1
-1
0
0
-2
1
0
0
0
0
0
-2
1
2
-6
1
1
0
-4
2
-1
-2
3
-2
-1
-2
2
-7
0
0
0
1
0
-2
2
0
-2
2
-7
2
2
-5
4
-3
0
0
1
1
-2
1
0
-1
0
1
-1
0
0
3
-1
-1
3
-1
0
-1
2
-2
1
0
-1
1
0
-1
1
-1
0
-1
0
-1
1
-1
-1
0
-1
0
-1
0
-1
-1
-1
0
-1
0
0
0
0
0
0
0
-1
-1
0
0
-1
-1
0
1
-1
0
0
0
-1
1
0
0
-1
0
0
-1
-1
1
-2
-1
-1
1
-3
1
2
-3
1
-1
-1
-2
-1
1
0
-1
2
-2
-2
0
0
2
-6
4
-4
-4
5
-4
1
-1
-3
0
-1
-2
-2
-5
0
-1
2
-2
0
-2
1
0
0
1
2
-2
2
-2
0
0
-2
1
-1
1
-1
0
-1
-1
1
-1
0
0
0
1
0
-3
5
-4
2
0
-2
1
-2
0
-1
0
-1
0
-1
0
-1
1
-1
-1
0
0
-1
0
-2
0
-1
1
-1
-1
1
-2
0
-1
0
0
0
0
-1
0
-1
-1
0
0
1
-1
1
0
-1
0
1
-1
-1
-1
0
0
-1
-1
-1
0
0
-2
2
0
-3
3
-6
3
0
0
0
-1
0
0
-2
1
-1
-1
0
-1
0
-2
2
-2
-1
2
-4
2
-2
-1
-1
0
-2
0
-1
-2
-3
-4
0
1
-1
1
-1
0
0
-1
2
-2
-1
2
-3
2
-1
0
1
-2
2
-1
0
1
-1
1
-1
0
1
0
-1
2
0
1
-1
1
-2
0
1
-1
0
0
-2
-1
0
-1
0
-1
0
1
-1
0
-1
-1
0
-1
0
0
0
0
-1
0
0
-1
0
-1
0
0
1
0
1
-1
0
0
-1
0
0
-1
-1
0
-1
-1
1
-2
0
-1
0
0
-1
0
0
0
0
0
-1
1
2
-1
0
-1
0
-2
1
0
0
0
0
-2
1
0
1
0
-1
1
-1
0
0
-3
2
-3
0
0
-2
0
-1
0
0
-2
0
-3
0
16
-35
51
-43
16
-6
2
-3
1
-2
2
-5
0
2
-7
11
-16
15
-7
-5
5
0
0
-4
3
-1
0
0
-3
8
-12
11
-5
1
-2
1
-1
0
-1
1
-2
1
-1
0
0
-1
3
-4
2
-2
0
-1
-2
1
0
0
-1
-1
-1
-1
1
0
0
0
-1
0
-1
0
-1
0
0
-1
0
-2
2
0
0
1
-3
4
-4
0
0
-1
0
-3
1
-1
0
-1
0
-3
0
-1
4
-12
12
-8
3
-1
-2
1
-4
4
0
0
-6
5
6
-16
15
-11
5
-4
-2
3
-4
1
-3
3
-2
5
-18
42
-54
34
-19
0
-40
78
-103
64
-10
2
-3
2
-2
-2
0
0
-4
3
-5
3
16
-34
13
17
-30
12
15
-19
11
-4
0
7
-2
-11
14
5
-10
2
-2
0
0
0
-1
-1
0
-1
1
-1
-1
-1
2
-1
-1
-1
-1
2
0
-1
1
0
-1
0
0
-1
1
-1
0
0
0
-1
-1
0
-1
-1
1
0
-1
-1
0
-2
1
0
-1
0
-3
0
0
0
-1
0
-1
-1
1
0
0
-1
0
-3
9
-6
-14
12
1
-6
1
5
-12
18
-16
-12
29
-17
-14
33
-17
-4
5
-5
1
-1
0
-1
0
-3
3
-3
9
-65
100
-80
37
0
30
21
-125
102
-27
4
-1
0
-3
1
1
-3
0
-1
1
2
-8
18
-10
-11
-7
54
-47
2
10
-1
-5
-2
7
2
-10
9
-2
-1
2
-3
0
0
0
0
0
0
-1
0
1
-2
-1
-1
2
0
-1
-1
0
0
-3
3
-1
-1
0
-1
-1
1
-1
0
0
0
0
1
-1
0
1
-5
1
1
-1
0
0
0
-3
0
1
1
-2
0
-1
0
-1
-1
-1
0
-1
2
-2
1
2
-9
10
-2
-7
1
4
1
-11
-2
47
-54
7
12
9
-19
7
-3
-2
0
-1
1
-2
-3
1
-1
-1
-5
25
-103
124
-22
-34
0
-1
-3
-4
-2
3
3
1
-2
-2
0
0
-1
-1
0
1
-1
-3
0
3
2
-2
-4
0
3
1
0
0
1
2
-1
0
0
-1
-1
-1
0
1
-1
-1
-1
0
-1
-2
0
0
0
0
0
1
0
-1
-1
-1
0
-1
-1
0
-1
-1
0
0
0
-1
0
0
0
-1
0
0
-1
0
-1
0
-1
0
0
0
0
-1
0
0
-1
-1
-1
-1
0
-1
-1
1
0
0
-1
0
0
0
-1
0
0
-1
-1
1
1
-1
-4
0
3
2
-3
-4
0
3
1
-2
-2
1
0
-2
-2
1
1
-1
-5
-4
0
2
2
1
