-8
-6
-3
-5
1
3
-35
24
-6
-3
-7
32
-189
311
-184
24
-5
-1
1
0
-2
-4
-3
9
-8
-2
2
-9
11
-14
20
-13
-2
8
-7
6
-7
3
1
-1
0
1
-1
1
0
-1
0
0
-1
-3
1
-1
-1
0
1
-2
-1
0
-1
-2
-1
-1
-1
0
-1
0
-1
0
0
-1
0
1
0
0
2
-1
0
1
2
-2
0
1
1
-2
1
2
-1
2
1
-1
2
3
-6
7
-6
8
-2
-13
21
-14
11
-8
2
0
-7
12
-2
-2
-1
1
2
1
-5
27
-181
315
-186
34
-4
0
-4
27
-31
8
3
2
1
2
-10
0
-13
-1
-2
-10
18
-20
-2
-3
-1
0
-89
141
-23
-56
14
-7
10
-4
-2
-22
19
11
-13
-1
-3
3
0
-28
25
0
-6
-3
11
-4
-13
8
-1
2
1
-5
6
-1
0
0
-2
1
-2
0
-2
0
-1
-2
1
-2
2
-3
-2
-1
-1
1
-1
-1
2
-1
-1
-1
0
-1
-1
-1
3
0
2
0
0
1
-1
1
-1
1
-1
1
1
-2
7
-4
1
2
-1
7
-12
-3
12
-2
-6
1
26
-28
1
4
-2
1
-12
12
20
-21
-1
-3
11
-6
15
-51
-19
145
-86
5
2
-1
-1
-16
22
-6
1
6
-9
7
-7
-13
6
-10
0
-6
0
-1
1
-5
15
-14
-92
103
-35
19
-11
-4
7
-13
16
-81
112
-47
-11
11
-7
6
9
-37
23
3
5
-15
-3
6
-3
4
1
0
0
0
1
-1
1
-2
1
0
-1
-1
-1
0
-1
-1
0
-3
4
-3
-2
0
0
0
-2
-1
0
1
-1
0
0
2
-2
-2
5
-1
1
1
1
0
0
0
0
0
1
-1
1
-1
2
0
0
0
1
3
-4
7
-3
-15
5
4
23
-36
10
7
-6
13
-10
-45
115
-78
16
-11
8
-3
-10
24
-31
107
-89
-10
17
-2
3
3
2
-4
3
-2
10
-4
-9
-2
-12
-1
-3
-2
-5
-3
-1
-13
3
20
33
-118
79
-33
4
6
-11
2
12
4
-36
21
-1
-3
-3
3
-11
29
-61
65
-49
37
-23
18
-9
-4
1
2
0
-1
3
-2
0
-1
1
-1
0
-2
0
0
-2
1
-2
-4
5
-2
-1
-1
-1
-3
-1
0
0
0
-1
-1
0
-1
1
-2
6
-5
0
1
-2
1
0
-1
1
0
2
-1
0
-1
3
-1
0
1
0
-5
-8
19
-22
38
-49
66
-60
30
-10
3
-2
-1
0
24
-34
6
13
4
-10
6
5
-29
82
-114
36
25
5
-10
1
2
-2
2
-1
7
-7
6
-12
0
-10
-5
-2
-3
-5
0
-2
-5
-25
33
-2
25
-44
-6
1
6
-15
14
4
25
-71
25
1
7
-1
-11
16
-21
-11
32
-1
-18
13
-7
-5
2
2
-2
1
-1
1
1
0
0
0
1
0
-1
-1
0
0
-5
4
-1
-1
0
-4
4
-3
1
-3
1
-2
2
-2
2
-4
5
-2
0
0
0
5
-4
0
1
-1
-1
0
0
0
-1
0
1
1
-1
1
0
2
3
-5
-7
14
-17
-1
32
-9
-20
18
-10
1
8
2
28
-69
27
5
16
-15
8
2
-2
-40
30
2
37
-23
-2
-1
5
-3
0
1
4
-5
8
-94
81
-48
-9
-2
0
-3
-7
4
-9
27
-85
55
9
3
-30
9
-6
1
-1
-31
58
-38
9
-3
3
-9
9
5
-56
89
-67
15
10
-3
-10
3
4
-3
0
-2
2
0
0
1
0
0
-1
-1
0
-2
-1
3
-5
1
1
-5
5
-7
-1
4
-1
-2
3
-2
3
-2
0
4
0
-6
6
-3
2
1
-4
4
1
-1
1
0
1
-1
1
1
-1
-1
2
-1
1
-3
5
4
-8
-3
12
15
-68
91
-55
6
11
-6
5
-2
10
-37
59
-30
-1
3
-5
10
-26
6
14
58
-82
31
-5
6
-3
2
4
1
-2
-43
90
-142
263
-261
66
-61
81
-60
4
13
-8
-3
58
-133
40
35
-7
-15
-5
25
6
-111
186
-123
25
0
-13
9
-9
12
-16
-2
53
-64
29
-24
33
-24
6
1
-1
-1
0
-1
1
0
0
2
0
-2
1
-2
1
-3
1
0
1
0
3
-10
4
2
-7
5
-2
0
-2
5
-6
2
5
-8
2
1
0
0
1
-2
0
-1
1
-2
1
1
-2
1
1
-1
1
-1
0
1
6
-24
33
-24
31
-64
54
-1
-17
14
-8
9
-12
1
27
-121
186
-110
7
28
-3
-14
-5
38
44
-130
61
0
-5
15
8
-57
86
-57
73
-257
272
-67
8
75
-80
-81
181
-171
126
-80
19
70
-361
804
-814
259
121
-138
52
-46
101
-60
-74
98
-46
34
-27
-39
90
-77
9
67
-98
87
-47
13
-24
26
-10
-1
1
2
2
-3
3
-2
1
0
-1
2
-2
-1
-3
6
-7
0
9
-10
-1
2
0
-1
-8
13
-7
-1
-6
14
-8
0
0
2
1
-10
10
0
-5
6
-1
0
-1
3
-1
1
2
-1
2
-3
2
2
1
0
-10
26
-22
13
-46
87
-97
68
9
-76
92
-39
-27
35
-44
100
-73
-59
101
-45
53
-137
125
261
-811
807
-358
74
21
-78
130
-168
185
-78
-71
80
16
61
-135
7
241
-63
-203
131
-127
192
-149
295
-884
961
-115
-381
60
98
-33
102
77
-459
368
28
-18
-232
184
-78
123
-69
-71
60
25
-53
34
-25
29
-20
8
-3
2
-2
2
1
-2
0
2
-1
1
-4
-1
-3
4
2
-7
1
-3
0
3
4
-18
12
1
-6
5
-6
4
-5
0
13
-17
4
3
2
-1
1
-7
3
5
-2
2
-3
1
0
1
1
-1
3
3
-2
3
-4
9
-19
29
-25
33
-53
26
62
-70
-68
123
-78
186
-230
-17
29
368
-458
77
104
-31
99
64
-378
-111
964
-881
296
-146
194
-122
135
-200
-61
248
12
-126
223
-244
52
121
-132
315
-395
138
-30
109
8
-686
1043
-322
-119
-210
185
-4
-11
-100
277
-76
-122
-36
19
53
-50
134
-3
-186
58
37
14
-28
25
-10
-13
9
-3
3
0
2
0
1
2
-3
2
1
0
-4
1
-2
3
-6
1
0
0
-6
-3
6
1
-5
-2
-1
3
0
-2
-3
2
6
-2
-4
2
2
3
-5
4
1
1
-3
1
2
3
-3
2
0
-1
1
0
3
-3
9
-12
-9
27
-28
14
38
59
-185
-2
135
-49
54
19
-35
-121
-74
278
-98
-9
-2
186
-206
-114
-319
1046
-684
11
112
-28
142
-391
318
-129
130
58
-236
399
-443
298
-168
77
-270
647
-426
14
23
-92
217
-21
97
-311
27
94
9
-55
10
-221
367
-80
18
-67
-28
54
17
-29
-153
163
-56
55
-29
-11
18
-17
9
0
1
-3
2
-1
4
-4
2
-1
1
-4
2
1
-4
1
-3
5
-9
8
-11
2
-1
-6
6
0
-5
4
-5
1
6
-5
-1
4
-9
10
-8
6
-2
1
-3
1
2
-3
1
-1
2
-4
4
-1
2
-3
1
0
8
-17
20
-10
-28
55
-56
164
-153
-29
18
55
-27
-65
19
-78
369
-220
10
-54
10
95
30
-309
97
-17
220
-89
28
16
-422
651
-268
80
-159
302
-436
476
-490
295
-111
-14
31
-6
194
-292
205
-1
-441
417
25
-109
91
-124
4
48
-49
213
-244
59
29
-18
-62
112
-98
23
-63
100
-5
-35
13
-7
7
-1
-11
13
-8
1
1
2
-3
0
1
2
-4
4
-1
-2
-1
1
-3
0
-2
1
-3
-1
0
1
1
-6
2
-2
3
-6
1
3
2
0
-1
1
0
0
-2
2
0
-1
-1
5
-5
2
3
0
-2
2
0
2
-6
12
-11
-1
7
-7
13
-35
-5
101
-62
24
-96
113
-61
-16
30
62
-242
215
-48
48
7
-123
95
-106
28
420
-438
1
209
-290
197
-3
35
-11
-104
300
-482
522
-538
324
-93
-33
50
-80
191
-162
106
-23
-102
-82
193
-78
65
-50
-38
71
-47
59
-26
-36
29
-29
-21
75
-76
62
-71
34
-9
12
5
-12
1
2
5
-3
-4
2
-1
3
-5
4
-1
0
1
-1
-1
1
-1
1
-3
1
0
-2
-1
1
-1
-1
-2
0
0
0
0
1
-1
0
0
3
-2
-1
1
3
-2
2
-1
2
0
0
1
1
-1
4
-4
4
0
2
-2
-2
4
2
1
-11
5
12
-7
34
-69
63
-76
77
-19
-28
31
-34
-24
60
-46
73
-36
-49
68
-74
196
-79
-99
-21
108
-160
194
-77
53
-30
-85
330
-530
317
-378
231
-27
-2
9
-50
64
-65
15
25
-19
-25
35
-2
-28
4
10
-3
-26
31
-10
-1
-7
-14
16
5
-7
-12
11
-2
-6
5
-3
4
-2
-12
15
-2
-1
-1
2
0
1
-2
1
-1
1
-1
0
-2
-3
-1
1
-1
-2
-1
-1
0
-2
1
-1
-2
-1
1
1
0
-1
2
0
1
-2
1
-1
0
3
-1
0
0
1
-1
2
0
2
-1
1
0
3
0
-1
-2
14
-12
-2
3
-3
5
-4
-1
11
-10
-5
7
18
-12
-6
0
-9
33
-22
-2
11
5
-24
1
39
-22
-17
27
17
-63
70
-47
11
2
-19
235
-370
74
-68
-36
48
39
-35
-68
65
-24
27
-34
6
67
-95
-3
32
0
-11
-7
21
-36
18
4
-1
-4
-15
16
-11
12
-13
11
-9
2
4
-5
5
-8
2
2
0
-2
3
-1
0
0
0
0
0
-1
0
-2
0
-2
-1
0
-2
-1
-1
1
-2
-1
0
-1
0
-2
2
0
0
0
-1
2
0
1
0
1
1
-1
2
-1
1
0
0
0
0
1
1
-1
2
-2
-1
2
3
-7
7
-5
4
2
-11
13
-13
12
-10
17
-14
-3
0
6
18
-34
22
-4
-10
1
36
0
-91
70
8
-31
29
-22
68
-65
-32
41
55
-31
-59
-38
41
-71
38
9
-41
26
-22
2
5
-4
-4
-13
10
14
-29
5
5
-5
6
0
-17
7
-6
12
-12
8
-4
1
-6
3
-9
7
1
-4
2
-4
6
-4
1
1
0
0
-1
1
1
-1
1
-2
1
-1
-1
-1
2
-3
-1
-1
1
-1
0
-1
0
-2
-2
1
0
-1
1
0
1
0
2
-1
-1
-1
2
-1
0
0
1
-1
2
-2
1
1
0
0
0
0
1
-4
6
-4
2
-4
2
7
-9
4
-5
1
-2
10
-11
13
-4
7
-16
0
7
-5
5
6
-26
18
14
-10
0
0
8
4
-17
29
-37
12
45
-65
49
-99
128
-118
29
-45
0
62
-26
-16
1
15
-45
50
-60
29
-6
0
4
-8
-4
9
-1
-7
3
-1
-8
9
-5
-8
8
-3
-5
2
-4
2
-4
10
-8
2
-2
0
0
0
0
1
-2
2
1
-2
-1
2
-2
0
-1
-2
1
-1
-1
-2
1
-1
0
-1
-2
1
-1
0
1
-1
1
-2
1
1
1
0
1
0
0
2
0
-1
1
2
-2
2
2
0
0
0
-1
3
-8
10
-3
2
-4
2
-3
-1
9
-7
-5
10
-7
1
5
-6
0
10
-4
-8
4
1
-4
32
-57
53
-41
20
6
-14
-22
67
4
-42
36
-113
135
-64
69
-65
19
-37
-24
102
-70
6
-3
-11
13
-15
0
-8
13
-7
0
-9
7
6
-16
3
2
-2
-4
0
-1
0
-1
-2
-2
1
1
-3
-1
2
-1
-1
1
0
-1
0
1
-1
1
-1
0
-1
0
-1
-1
-1
-2
-1
0
-1
-2
1
0
-2
0
-1
0
0
0
0
1
-2
0
1
-1
0
1
1
-1
0
1
0
1
0
0
0
1
-1
0
1
0
1
1
0
0
2
-1
-1
3
1
-2
-1
0
0
0
1
-3
-1
5
5
-15
7
8
-8
2
-6
17
-6
1
-12
17
-7
-1
8
-66
107
-19
-34
26
-61
79
-2
-6
-18
6
7
-5
-46
43
-17
-5
8
-9
-6
-4
10
-16
-2
14
-11
2
-5
2
-1
-2
5
-7
2
1
-4
2
-2
-2
2
-3
1
-1
-2
4
-1
1
0
0
2
0
1
-1
0
0
-1
-1
-2
1
-1
-1
-1
1
-2
-1
1
-1
0
-1
-1
0
-1
0
0
-1
1
-1
1
1
0
1
0
2
-1
2
-2
1
0
1
1
-1
2
0
2
0
1
1
-1
4
-1
0
2
-2
2
-1
-1
2
-3
2
3
-6
7
-1
0
2
-4
3
-10
14
-2
-12
15
-1
-2
-7
12
-1
-15
48
-43
-1
11
13
-11
3
49
-68
29
-7
15
-17
-26
19
9
-13
-2
-4
5
-13
-2
3
2
-10
2
-4
2
-2
-1
1
-1
-4
4
-2
-2
2
-1
-2
1
-1
-1
0
1
-1
1
-1
0
1
3
-2
1
-2
1
1
0
-2
0
-1
-1
-1
0
-2
0
-2
-1
0
0
-2
-1
0
-2
1
0
-1
1
0
0
0
0
-1
0
0
-1
-1
1
-1
1
-1
2
-2
2
-2
2
0
0
0
2
-1
2
0
0
0
1
-1
0
3
-1
-2
4
-4
0
2
2
-2
3
-2
3
-9
3
5
1
-10
7
0
2
-9
11
23
-22
-14
18
1
34
-61
101
-148
101
-27
1
-33
77
-58
-3
10
-15
15
-29
26
-16
-4
0
-6
6
-8
8
-7
1
0
-1
-1
-1
-2
-3
3
-5
1
-2
0
0
-2
0
0
-1
0
1
-2
3
-1
1
0
1
0
0
0
-1
0
-1
-1
0
-1
-1
2
-3
0
-1
-1
1
-1
-1
-1
1
1
0
1
-2
2
0
0
1
-1
0
1
-1
1
1
0
1
0
1
-2
2
-1
1
0
-1
1
1
-1
2
0
-2
2
-3
5
-1
0
0
0
0
1
2
-7
8
-7
7
-4
1
2
-12
30
-25
18
-12
14
-1
-54
80
-29
4
-20
105
-138
87
-129
86
-17
-14
-4
13
-9
1
-14
7
-7
12
-24
14
-14
-1
5
-2
1
-4
-1
2
-2
0
-1
-1
-2
-1
2
-3
-4
2
-1
1
-2
2
-1
-1
1
0
0
3
0
-2
3
-1
0
1
-3
-1
-1
2
-5
1
0
-2
-1
0
0
-3
2
-2
0
-1
1
-2
2
-2
0
1
-1
-1
0
3
-4
3
-1
0
0
2
-2
0
2
-2
1
2
0
0
1
-1
0
3
-3
3
0
2
-3
-1
4
-1
0
0
0
1
-1
3
1
-4
1
-2
6
0
-12
16
-21
14
-4
10
-10
4
-5
18
-1
-12
-9
92
-121
51
-81
58
-18
-10
9
-43
35
3
-11
-7
6
-21
18
-15
4
-3
0
-3
7
-13
2
0
1
-5
4
-4
-4
3
0
-4
-1
0
1
-1
-1
4
-4
3
-3
2
-2
2
-3
2
0
0
0
1
-2
0
0
-1
-1
0
-3
-1
0
0
-1
-1
1
-1
-1
0
0
0
1
-1
0
0
1
0
-2
2
0
0
2
0
-2
2
0
0
0
2
-2
3
-1
2
-2
3
-4
4
0
-1
1
0
1
-3
1
3
-3
-2
5
-4
2
2
4
-12
8
-2
0
-2
8
-11
23
-19
7
-4
-8
5
38
-40
13
-7
-10
63
-73
16
-36
19
-7
-10
2
6
-9
-14
6
-3
-16
63
-89
35
-10
5
-7
6
-9
13
-13
-3
4
-4
1
-2
2
-10
4
0
-3
1
-1
-3
2
0
-1
0
-1
0
1
1
1
0
2
-2
-1
-2
2
-3
-1
-1
-1
-3
1
2
-3
-2
1
-2
-1
0
-1
0
0
-1
0
-1
0
-1
-2
3
1
-2
0
0
1
-2
2
-1
0
-1
2
0
1
-1
1
0
0
1
-1
2
3
-3
0
1
-2
2
4
-9
4
-2
3
-3
4
-1
-13
14
-7
6
-5
6
-6
39
-85
67
-12
1
9
-13
-5
9
7
-7
-1
24
-29
20
-30
7
-18
26
-55
71
-45
12
-15
5
-5
6
-32
38
-16
-5
0
0
-4
1
0
2
-6
0
3
-6
1
-4
-1
8
-7
-2
1
2
-3
0
2
0
-2
3
0
2
-1
-3
3
1
-2
1
-1
1
-2
0
0
-3
1
-1
-2
0
0
-1
0
0
-2
0
-1
1
0
1
1
1
-2
0
1
-2
1
1
-2
1
-1
2
-3
1
3
-2
-2
2
-1
3
-2
0
3
-1
-1
4
0
-2
-6
8
-1
-3
2
-5
4
1
-4
3
2
3
-4
2
0
-4
-14
41
-30
9
-2
7
-12
13
-42
74
-51
28
-11
12
-20
93
-181
95
-69
106
33
-72
18
-9
7
-10
13
0
-61
10
32
-26
30
-20
4
-5
-3
3
-2
2
9
-16
9
-30
14
10
0
-2
2
-7
1
8
-5
0
-1
2
-1
3
-1
0
-2
3
3
-4
-1
-1
-2
0
-2
-1
-1
0
-1
1
-1
-2
1
-1
0
-2
1
-1
1
-1
0
2
-1
1
0
0
-1
0
0
0
1
-3
2
3
-2
0
0
2
-1
2
-1
1
-4
8
1
-7
3
-2
0
12
14
-29
9
-15
10
2
-3
5
-1
-3
6
-19
31
-25
35
14
-58
3
16
-7
10
-7
22
-69
36
110
-61
100
-173
174
-282
-139
1034
-842
112
-17
6
-8
20
1
-35
1
3
72
78
-225
47
11
34
-35
80
-70
0
9
17
-31
-17
34
-22
51
-45
5
-4
9
-15
16
-6
0
-2
3
0
-4
8
-11
7
-2
3
-1
-2
-2
0
3
-4
-1
-1
-4
3
-2
-2
1
0
-3
-1
-1
1
-2
0
2
-2
-1
3
-3
1
1
-3
4
1
-1
0
0
4
-2
6
-10
8
-4
2
3
-2
1
-6
17
-15
10
-4
5
-44
52
-19
36
-16
-30
19
10
2
-68
81
-34
35
13
47
-224
81
75
8
5
-32
5
23
-6
9
-14
116
-839
1040
-134
-273
184
-102
-231
193
59
-61
74
-48
2
-15
-4
3
-15
58
-109
140
-177
155
-102
7
-19
146
-120
18
28
-32
45
-40
-33
20
-32
29
23
-26
37
-64
42
2
-10
3
0
-2
4
-1
-8
10
-3
-1
-3
1
-1
-1
0
-1
-1
1
-4
1
-1
-1
0
-2
0
0
-2
1
0
0
0
1
0
3
-3
2
1
0
1
-1
-1
1
-2
0
-2
10
-7
-2
5
-3
0
3
-10
2
43
-63
39
-25
23
31
-32
21
-32
-39
47
-30
29
20
-118
146
-18
7
-100
156
-176
142
-105
60
-11
6
-1
-12
4
-45
79
-58
61
200
-225
-94
127
52
-17
-333
221
-77
112
-55
-6
4
-7
6
-11
28
-49
-109
236
-127
5
-28
75
-38
-49
65
-32
25
4
-42
105
-18
-173
88
-10
31
-15
-2
8
-4
3
0
1
0
0
-1
6
-3
-3
3
-2
0
0
-2
-1
-3
1
1
-4
0
-3
0
0
-1
-4
3
-5
3
-3
1
1
1
-3
1
-3
2
2
-3
0
-2
0
2
-1
2
-2
-3
6
-1
1
1
1
0
2
-4
7
-2
-14
30
-10
91
-173
-18
106
-42
5
27
-32
66
-48
-36
76
-26
7
-126
237
-106
-46
31
-7
9
-4
6
-4
-51
115
-71
224
-325
-11
61
140
-127
-367
907
-530
-4
10
-5
11
0
-7
-2
13
-17
47
-3
-140
74
33
-41
169
-187
2
19
0
33
-22
9
34
-72
1
59
-45
30
1
-28
11
2
-1
0
-1
2
1
-1
1
-1
1
-2
0
-2
1
-3
3
-4
0
2
-2
1
-1
-1
0
-3
-1
-4
8
-4
0
-1
1
0
-1
2
-1
2
3
-4
4
-1
2
-1
1
-1
2
1
1
-1
2
3
-1
1
1
0
11
-27
1
31
-45
60
1
-70
36
10
-21
33
1
20
2
-186
170
-40
34
77
-139
2
51
-14
16
1
-5
4
13
0
13
0
-527
914
-362
-119
38
-245
610
-857
550
-74
-14
-28
21
-17
0
-7
7
-17
-27
84
-60
-107
118
129
-273
180
38
-113
-78
92
83
-95
-192
520
-517
244
-61
27
-34
45
-22
-6
-1
6
-1
2
-2
8
-9
2
2
2
-3
-1
-1
1
-8
12
-8
-1
1
-3
0
-2
1
-3
2
0
-3
1
3
-4
1
-1
1
-3
3
0
-7
13
-8
1
0
1
-2
1
1
2
-9
9
-3
2
-2
5
-1
-5
-23
45
-33
29
-61
245
-516
520
-191
-94
84
94
-77
-110
41
182
-271
131
119
-105
-59
86
-24
-14
10
-2
3
-13
23
-24
-9
-71
553
-849
615
-238
32
22
-3
-30
-34
-12
12
10
-6
-8
1
3
-3
-4
-2
-4
-6
-1
6
1
-9
-6
5
5
-1
1
1
-12
-21
-1
29
24
-15
-33
-5
24
11
-15
-10
10
10
-9
-10
7
8
-6
-7
5
7
-7
-9
4
8
-4
-10
3
7
-4
-9
1
8
-2
-9
0
9
0
-10
-2
9
2
-9
-3
8
3
-8
-4
8
5
-8
-5
8
5
-7
-5
8
7
-9
-9
10
12
-11
-15
11
25
-4
-33
-15
24
30
-2
-21
-11
2
1
1
6
5
-5
-8
2
8
0
-5
-1
2
-1
0
7
3
-5
-3
12
16
-8
-32
-24
2
26
