0
-1
-2
4
-6
8
-12
17
-19
15
-3
-2
-8
11
-13
14
-7
2
-2
1
-3
-6
7
0
3
-8
1
1
-3
6
2
-5
4
0
-7
3
0
2
0
-4
2
1
-5
1
7
-4
-2
0
2
0
-4
1
-3
-1
1
0
1
-4
2
0
0
-1
1
0
0
1
-1
0
-1
0
-2
3
-2
-1
-2
0
2
-3
3
-1
-2
0
1
3
-8
-1
5
0
-2
4
-2
-2
-2
-3
6
-1
-4
6
-4
-6
3
-1
-3
8
-4
0
-8
5
2
-1
-1
-3
7
-15
12
-12
6
0
1
-16
19
-17
12
-8
4
-6
0
-3
0
-6
9
-3
-32
67
9
-103
14
74
-27
5
-5
-46
39
49
-80
22
44
-46
-10
48
-18
-26
16
28
-30
1
18
-22
6
1
2
-8
12
-10
-4
8
3
-12
15
-12
-7
19
8
-42
32
-3
-8
6
-3
-3
1
5
-8
8
-5
-1
-1
0
0
-1
1
-1
0
0
1
0
-1
0
-1
1
4
-8
7
-5
-3
2
2
-6
8
2
-33
42
-8
-18
6
11
-15
10
-3
-9
3
9
-13
5
-3
-1
-6
21
-19
-2
28
-28
-16
26
18
-48
9
47
-45
-22
80
-49
-41
45
3
-6
25
-76
-15
104
-10
-68
30
-1
-10
1
0
0
-3
5
-8
31
57
-240
101
110
-54
17
-93
34
178
-102
-103
16
68
-19
13
-8
7
-63
59
-11
9
-15
-2
29
-20
-10
-4
23
-9
-12
7
0
0
-1
-10
19
-2
-17
8
6
-12
6
3
-4
-1
3
-3
-3
3
1
-3
1
-2
-2
1
-1
-1
-1
0
0
0
0
-2
1
0
-2
1
0
-4
4
2
-4
1
3
-3
-7
10
-7
-10
15
1
-20
9
0
-1
0
-7
11
7
-24
4
9
20
-31
2
15
-10
10
-59
63
-8
9
-13
18
-69
-16
103
101
-178
-37
92
-19
52
-111
-102
239
-58
-32
6
-8
2
-6
0
5
-4
-18
42
-105
56
81
-125
157
-115
42
12
42
-298
389
-331
116
133
-158
120
9
-94
86
-67
5
19
-25
0
34
-35
22
6
-1
-27
32
-27
-2
17
-4
-9
10
14
-39
34
-31
28
-16
7
-3
2
-4
4
-9
7
-7
5
-2
1
-1
-1
0
0
-2
0
-1
0
0
0
0
-1
2
-5
7
-8
7
-5
2
-2
3
-7
15
-29
29
-35
38
-15
-12
9
4
-18
2
27
-33
26
-2
-7
-23
35
-36
-2
26
-20
-6
67
-85
93
-10
-121
157
-133
-118
331
-392
296
-43
-14
-45
112
-158
125
-82
-57
104
-44
15
3
-10
0
-2
-6
16
-71
166
-344
561
-487
274
-90
-92
189
-290
440
-311
-47
-35
302
-326
304
-301
252
-171
133
-114
77
-34
-23
49
-28
20
-27
34
-46
37
-34
26
-9
-1
6
-14
18
-16
23
-35
24
-9
1
-4
6
-2
-1
-5
3
-1
-2
2
-1
-1
0
0
-1
1
0
-1
0
0
-1
1
0
-3
1
0
-4
4
0
3
-8
3
-2
9
-26
34
-24
16
-19
12
-7
0
9
-26
33
-39
45
-35
27
-20
26
-49
23
35
-78
114
-134
171
-252
301
-304
326
-302
34
46
310
-443
290
-190
89
88
-276
486
-564
343
-169
69
-18
5
-2
0
-5
12
-14
70
-232
218
-62
-158
331
-81
-81
-229
375
-298
-6
435
-513
409
-224
-19
295
-362
153
-29
-14
35
-42
34
-34
62
-74
54
-23
0
18
-35
33
-30
32
-41
53
-40
-2
53
-82
46
-13
1
15
-29
29
-21
13
-4
-7
12
-13
9
-3
-1
0
-3
0
0
-1
2
-2
0
2
-10
13
-13
6
4
-12
20
-30
28
-16
-1
11
-47
80
-55
0
38
-52
40
-33
29
-35
34
-19
0
22
-54
73
-63
34
-34
41
-35
13
28
-154
362
-294
18
224
-410
511
-435
4
296
-376
228
80
80
-333
157
62
-219
231
-72
11
-14
-1
0
-2
2
1
-56
228
28
-623
341
244
-178
-17
222
-205
-254
106
478
-493
353
-1
-316
-91
307
-23
-88
98
-57
-32
64
-94
31
36
-9
3
8
-26
4
11
-18
-3
13
7
-8
37
-31
-37
17
29
-22
14
4
-19
-7
17
-2
-5
13
-6
-9
2
4
-1
-1
-1
0
1
0
0
-4
-1
8
4
-14
4
2
-15
6
19
-4
-15
22
-30
-17
37
30
-39
6
-7
-14
4
17
-13
-5
24
-8
-4
9
-37
-31
93
-64
32
56
-97
88
23
-307
91
315
0
-353
492
-478
-107
251
205
-223
14
176
-248
-341
622
-29
-230
55
-3
-4
-2
0
3
-4
3
31
-114
248
-427
160
284
-291
163
-155
-89
716
-716
142
-127
313
-62
-192
264
-218
-44
88
54
-22
-37
-11
44
1
-33
-9
32
-3
-5
-23
-6
54
-18
-3
-79
52
102
-71
-39
11
13
26
-37
32
-26
-14
24
-3
16
-37
8
20
-7
-1
-1
1
0
0
0
-1
2
1
5
-20
-8
36
-16
4
-26
14
25
-33
36
-26
-13
-10
38
71
-103
-53
81
2
18
-55
5
22
4
2
-33
9
33
-3
-44
10
37
21
-54
-89
44
216
-265
192
62
-313
127
-142
715
-717
87
153
-166
290
-288
-161
426
-249
113
-32
-6
3
-8
0
2
-1
1
10
-51
-128
415
-480
406
-234
107
-39
274
-745
883
-704
220
233
-378
362
-317
152
40
-68
63
2
-23
-42
95
-89
20
8
-23
11
38
-45
30
9
-34
2
62
-135
159
-139
77
-24
-2
-2
48
-70
66
-38
-3
20
-20
-2
15
-22
17
-7
-1
3
-2
0
0
-2
1
6
-18
21
-16
2
18
-21
2
37
-66
68
-49
2
1
24
-77
139
-161
135
-62
-3
33
-10
-31
44
-38
-12
22
-9
-20
89
-95
42
22
-2
-64
68
-40
-152
317
-364
379
-235
-221
704
-884
744
-275
37
-108
232
-408
479
-417
127
51
-11
-3
0
-5
0
-5
-1
6
-89
228
-383
453
-145
-135
221
-87
-319
608
-639
203
59
134
-189
128
-50
-47
125
-126
36
21
-33
35
-14
60
-161
150
-106
96
-58
27
-22
20
-22
28
-18
28
-55
79
-102
95
-65
35
-27
33
-27
12
-11
20
-24
18
-22
16
-11
6
-5
1
-1
0
0
0
1
-3
4
-8
9
-17
21
-20
22
-21
10
-12
27
-34
27
-34
64
-96
102
-81
56
-29
17
-27
21
-20
22
-26
58
-96
105
-150
159
-61
13
-36
33
-22
-37
126
-125
46
50
-128
188
-135
-59
-206
638
-610
316
85
-223
132
145
-454
382
-228
87
-10
-1
2
0
1
4
-10
-46
100
-34
-44
67
-7
-132
255
-170
-184
-2
338
-96
-19
130
-327
246
57
-258
47
137
-105
48
22
-89
29
127
-156
81
-5
-26
19
-5
-18
32
-43
5
46
-62
-16
85
-17
-31
37
-20
-28
28
-3
-35
44
-6
-24
23
2
-15
4
0
-2
2
1
0
-1
-2
2
-1
-6
13
-3
-24
23
6
-45
34
2
-29
29
20
-38
30
16
-86
16
62
-47
-5
44
-33
18
4
-20
25
5
-82
155
-129
-30
88
-22
-49
105
-138
-47
258
-58
-247
327
-130
19
96
-340
0
183
169
-257
129
5
-67
42
32
-101
44
7
-5
-6
0
-3
-1
-14
-70
108
235
-624
461
-35
-37
17
-293
648
-818
588
-2
-34
-385
309
-105
-112
215
12
-12
-94
19
37
-33
-54
107
23
-73
-31
54
-18
-3
3
6
5
-9
-38
57
-12
-13
-11
26
-8
-11
5
3
2
-11
5
0
0
-5
10
-5
-1
1
0
-1
-1
0
-2
0
-1
-1
1
5
-10
5
-1
-1
-5
11
-3
-3
-5
10
7
-28
10
12
11
-56
36
8
-5
-7
-4
3
16
-55
30
72
-23
-107
52
33
-37
-19
95
11
-11
-216
111
104
-311
384
33
1
-590
816
-649
292
-19
34
32
-462
623
-236
-108
69
12
-2
-2
0
-13
3
27
-110
218
-285
91
231
-259
179
-62
-241
596
-938
619
69
121
-547
432
-290
373
-346
212
-170
100
-23
-20
4
69
-123
103
-26
-28
13
32
-65
56
-18
-29
61
-53
-7
51
-24
-20
43
-43
19
14
-36
21
3
-10
0
10
-13
6
-1
0
0
-1
-1
1
0
-1
1
-1
-1
0
1
-7
11
-11
0
10
-4
-22
35
-14
-20
42
-44
19
23
-53
6
52
-62
28
18
-56
64
-34
-13
27
25
-104
123
-69
-4
19
22
-99
169
-212
345
-374
290
-432
547
-122
-70
-619
937
-598
240
60
-181
257
-232
-90
285
-219
108
-28
-3
8
0
6
-11
12
-103
76
302
-194
-286
75
181
-84
-205
265
613
-830
-17
265
-74
5
-111
108
134
-159
-5
29
16
20
-48
-25
71
-29
-17
34
2
-15
-23
-9
38
3
-40
30
20
-20
-13
-4
18
-4
-14
11
15
-20
-7
25
-10
-3
3
-2
-2
1
1
0
0
0
0
0
0
-1
-1
-3
2
1
-4
3
10
-26
8
20
-15
-10
14
2
-19
3
12
19
-21
-31
40
-2
-39
8
23
16
-2
-36
17
28
-72
25
49
-21
-18
-29
4
156
-135
-109
111
-6
73
-266
17
829
-615
-267
203
85
-183
-77
286
193
-302
-77
102
-15
11
-10
0
0
-1
0
59
-60
-121
199
-148
209
-173
2
49
99
-315
318
-223
123
-23
-28
109
-77
-86
145
-112
65
0
-7
-49
100
-127
71
22
-56
42
-6
-8
7
-2
-4
-6
23
-19
9
-6
-1
1
-4
3
2
-4
-2
4
3
-7
5
-4
-1
2
-2
1
0
0
-1
0
0
0
0
-1
0
-2
-1
3
-6
8
-4
-5
2
4
-4
-3
3
-2
0
5
-11
18
-23
6
4
0
-6
7
5
-42
55
-22
-72
127
-100
49
6
-1
-66
112
-144
86
78
-109
27
22
-122
223
-318
314
-100
-52
-4
171
-212
148
-199
120
59
-61
-3
0
-4
0
-9
16
-44
159
-97
-190
71
189
-117
0
62
57
-106
-164
220
-78
75
3
-182
226
-119
-9
57
-69
84
-63
15
24
-30
20
-5
9
-1
-18
6
4
-2
2
-8
13
-19
14
-9
7
-4
3
-3
3
-2
-2
-3
9
-2
-5
6
-6
4
-1
0
-1
-1
-1
1
0
-1
0
-1
0
-1
0
-5
6
-7
6
2
-9
3
1
0
-3
1
-4
2
-7
9
-15
20
-14
7
-3
2
-4
-6
18
0
-9
5
-20
29
-23
-15
62
-86
68
-56
9
119
-226
183
-3
-75
78
-221
163
105
-59
-61
-1
115
-190
-72
188
96
-159
42
-18
4
0
4
6
14
-101
114
10
-155
150
16
-106
100
-130
79
38
-89
80
-87
138
-69
-131
173
-29
-40
-7
18
14
-15
5
-40
78
-52
3
11
-7
2
2
-5
1
-3
3
-3
1
-5
3
3
-4
3
-5
6
-6
2
-1
-1
-3
2
-1
1
-1
0
0
0
0
-1
0
0
-1
0
-1
0
1
-1
0
-2
2
0
0
-2
5
-7
5
-4
2
-2
-4
4
-2
3
-4
2
-3
3
-3
-2
8
-11
-3
52
-78
39
-6
15
-16
-19
5
41
28
-174
130
68
-139
86
-80
88
-38
-79
128
-102
106
-19
-152
155
-12
-115
99
-16
-7
-9
0
-7
-2
15
-57
55
-3
18
-23
22
-71
110
-127
86
40
-205
241
-123
26
-16
25
-6
-20
16
-2
3
-4
11
-16
22
-32
30
-14
-1
1
2
-2
0
-3
1
0
0
0
1
-1
2
-2
-1
1
2
-6
4
-1
-1
-1
0
0
-1
0
-1
0
0
0
-1
0
-1
-1
0
0
0
-1
-1
0
1
-1
0
0
-5
6
-3
-1
1
1
-3
0
-2
-1
1
0
-1
2
-2
2
-4
-1
-1
13
-30
31
-23
16
-12
4
-2
1
-16
20
5
-25
14
-27
123
-241
204
-40
-86
126
-112
69
-26
22
-19
2
-56
55
-17
2
3
0
-7
4
0
-27
40
-30
62
-67
10
2
-13
65
-99
110
-141
109
-36
11
-25
47
-44
31
-23
16
-6
2
-8
-1
15
-7
2
-4
3
-3
3
-4
3
-1
-2
3
-2
1
-5
4
-4
1
2
-1
-3
5
-5
3
1
-3
1
0
-1
0
-1
0
1
0
0
0
-1
-1
0
0
1
-1
0
-1
-1
3
-3
-3
5
-6
3
0
-3
-1
3
-6
5
-3
2
-4
2
0
-3
4
-3
3
-5
3
-3
7
-14
0
8
-3
4
-17
24
-31
43
-47
24
-10
35
-110
140
-112
98
-67
10
-3
-13
66
-63
29
-41
25
-3
-6
3
0
-1
3
-9
14
5
-38
10
12
-9
7
24
-52
63
-49
-37
109
-58
-20
32
-41
47
-27
5
2
0
3
-9
10
-5
-3
0
12
-7
-2
0
-2
1
1
0
-1
-1
-1
-1
-1
-1
-1
0
2
-3
-1
0
1
-1
-2
0
1
-2
0
0
0
0
-1
0
0
-1
0
-1
0
0
-2
1
-2
0
0
0
-1
-1
1
1
-2
0
-2
0
-1
-1
0
1
-1
0
-1
-1
1
0
1
7
-12
1
3
6
-10
8
-5
0
-3
-5
26
-48
41
-32
18
56
-109
35
48
-64
51
-26
-10
6
-13
-12
36
-7
-15
7
-4
-4
0
0
0
-3
13
-45
103
-146
134
-67
7
8
-37
40
-6
-8
-11
18
-19
7
27
-33
9
-6
15
-9
1
0
-6
8
-13
7
8
-7
0
0
0
-1
0
-1
0
0
-1
-2
-1
1
-1
0
-1
-1
2
-4
1
-1
-1
0
-1
0
-2
0
0
0
0
1
0
0
0
0
0
-1
1
-1
0
0
0
1
-2
3
-3
-1
0
0
-2
-2
-1
0
1
0
-1
0
-1
0
-1
0
-2
5
-9
-8
12
-9
6
-1
-3
7
-15
6
-9
32
-28
-8
18
-18
10
7
6
-42
36
-10
-8
64
-136
146
-104
45
-15
1
-2
-4
0
1
1
0
1
5
4
-30
6
-20
40
-20
46
-58
20
13
-30
6
1
28
-19
-10
9
-1
1
-3
7
-8
9
-11
3
7
-5
-2
0
3
-1
-3
1
0
0
-1
0
-3
2
-1
0
-1
0
0
1
-1
1
0
-2
-1
0
-1
0
-1
0
0
-1
-1
0
1
0
0
0
0
-1
0
-2
0
0
0
-2
1
-1
-1
-1
0
0
0
-3
2
-1
0
-1
0
-1
1
0
-4
-1
0
4
-7
-4
11
-9
7
-7
2
-2
1
-10
9
18
-28
-1
-7
29
-14
-21
58
-47
18
-42
17
-7
29
-6
-6
-2
-2
-2
-4
0
-2
0
0
-14
35
-27
-18
50
-37
-1
25
-16
-10
-1
29
-41
24
-8
11
-5
3
-14
19
-9
-2
4
-4
10
-14
15
-12
4
-2
-1
1
-1
0
0
-1
0
0
-1
0
1
0
0
-1
1
0
1
-2
1
1
-2
0
0
-1
0
0
-1
0
0
0
0
-1
0
-1
0
0
0
0
-1
1
1
0
-1
1
-2
1
-1
0
-1
0
-1
0
0
-1
0
0
-2
-1
0
-1
1
1
-4
12
-16
15
-11
3
-4
2
9
-19
14
-4
5
-10
8
-24
41
-30
0
8
15
-26
-2
36
-50
18
27
-36
13
-3
-1
-1
0
-3
1
-3
-1
4
5
6
-6
-24
15
6
-16
18
-23
41
-40
4
21
-27
21
-12
10
-10
4
0
-3
6
-3
-1
-5
3
2
-4
2
0
-1
0
-1
-1
1
-2
0
0
0
-1
1
0
-2
-1
0
-1
0
-2
0
0
0
0
0
0
0
-1
-1
0
0
0
0
1
-1
0
-1
-1
-1
0
0
1
-2
0
1
1
1
-1
-2
2
-1
-1
-1
2
-1
0
0
-1
0
-2
-2
2
-3
-3
4
-1
2
-6
4
0
-5
10
-11
12
-22
27
-22
-5
39
-42
22
-19
14
-7
-18
22
6
-8
-7
-5
0
1
-2
-1
0
-1
-1
-1
1
-2
-20
39
-28
28
-29
5
5
-6
-8
23
-30
6
19
-6
-8
4
-2
5
-2
-2
4
1
0
-1
-1
2
0
-1
0
0
0
0
0
0
0
1
0
0
0
-2
0
-1
0
-1
0
-1
1
0
-2
0
-1
0
0
0
0
0
-1
-1
0
0
0
0
-1
-1
0
0
0
0
2
-1
-2
-1
-1
-1
0
0
-1
-1
0
1
-1
-1
0
-1
-1
-1
0
0
-1
0
0
-2
1
-1
0
-1
-4
1
2
-5
2
-4
8
5
-18
-7
30
-24
7
4
-6
-6
26
-30
28
-40
19
0
-2
-2
-1
-4
0
-6
1
0
0
-4
7
-11
13
-19
19
-9
1
-15
19
0
-21
13
6
-12
10
-6
-1
5
-1
-1
-4
7
-5
1
1
-4
1
0
-1
0
0
-1
-1
0
-1
0
0
-1
0
-1
1
-1
1
-1
0
0
1
-2
0
-1
0
-1
0
-1
0
-1
1
-2
0
0
-1
0
0
0
0
1
-2
1
0
1
-1
-1
-1
0
-1
2
-1
0
0
-1
-1
-1
0
-2
1
0
0
0
-1
-2
-2
4
-2
-2
6
-7
4
0
0
-6
1
5
-11
11
-6
-13
21
-2
-22
13
-2
7
-20
18
-14
10
-7
2
-1
-2
-2
2
0
-1
1
-2
2
-3
-1
-4
2
10
-11
-7
15
-5
-6
5
-13
12
1
-4
5
-13
12
-9
9
-8
2
0
1
-2
-1
3
0
-3
1
1
-1
-1
0
-1
-1
-1
1
-1
0
1
-1
0
0
-2
0
0
0
0
0
-1
0
0
-1
0
-1
0
0
0
0
-1
0
-1
-1
-1
0
-1
0
0
0
1
0
0
-1
-1
0
0
0
-3
-1
-1
-1
-1
-1
0
-2
0
1
-2
-2
1
0
-3
1
0
-1
-1
-3
7
-10
8
-12
12
-5
3
-2
-13
13
-5
5
6
-16
6
9
-12
-3
3
-1
1
-3
-1
-1
-3
0
0
1
-1
0
-3
10
-13
6
6
-12
7
-5
4
-3
4
-10
-4
8
3
1
-3
-2
6
-4
3
-1
-1
2
0
-4
6
-2
-1
0
0
0
-1
-1
0
-1
-1
1
-1
1
-1
-1
1
-1
1
-2
-1
1
-2
1
0
-1
0
0
-1
0
-1
0
0
0
0
0
0
-1
-1
0
-1
1
0
-1
0
-2
1
0
-1
1
0
-1
0
-2
0
-3
0
1
-1
0
0
0
0
-1
0
2
-6
5
-1
-2
2
0
-3
4
-6
3
2
-1
-3
-8
2
10
-4
1
-6
4
-8
10
-8
-6
13
-11
3
-2
-2
-2
-4
0
1
-5
-1
14
-13
-7
9
16
-27
15
0
-2
-19
16
25
-43
15
7
-14
21
-15
-1
8
-4
-2
3
-2
1
-3
8
-10
13
-18
15
-4
-6
8
-8
6
-12
16
-9
2
-1
1
-3
3
1
-4
2
-1
3
-3
-4
7
-8
3
-1
0
0
-1
0
-1
0
0
-1
-1
0
-1
1
-5
6
-9
3
2
-3
0
-3
3
-1
-3
2
-1
0
-3
8
-15
11
-8
9
-8
5
3
-15
18
-13
11
-8
2
-2
2
-4
0
3
-9
2
15
-22
13
-8
-15
43
-27
-17
18
1
-1
-16
24
-17
-11
6
12
-16
-2
2
-5
0
-7
5
6
-13
2
8
-10
12
-4
-4
5
1
-13
-1
21
-31
17
-4
1
1
7
-15
4
11
-11
4
-1
-5
9
-8
2
2
0
-5
3
0
-4
3
0
-2
0
1
-1
1
-2
1
-1
3
-3
1
-1
-2
0
2
0
-2
-1
-1
0
0
0
-1
0
0
-1
-1
0
0
1
-1
-1
0
0
-3
0
1
-1
-2
1
-3
0
-2
1
-2
2
-3
1
1
-1
-3
4
-1
-4
3
0
-3
-2
7
-9
5
1
-5
10
-12
-4
14
-8
-2
-1
4
-18
31
-22
-1
12
-2
-7
2
2
-13
11
-8
-2
12
-9
-7
0
0
1
-24
56
-62
41
-32
23
-4
-6
-6
16
-12
2
-5
18
-30
30
-49
50
-24
9
-8
8
2
-9
7
-3
-2
-2
8
-2
0
-1
2
-2
2
-1
1
-2
4
-4
1
1
1
-2
1
1
-2
2
-3
2
-3
-1
1
0
0
0
0
-1
1
0
-1
-1
0
0
0
0
-2
0
0
-1
0
-2
0
0
1
-2
2
-3
2
-1
-1
2
-1
-1
-1
3
-5
0
-1
0
-3
2
-2
0
0
3
-9
2
3
4
-7
8
-2
-8
8
-11
24
-50
48
-29
30
-20
2
-4
12
-17
3
4
3
-25
32
-40
61
-61
23
-6
0
18
6
-17
-13
11
16
-4
-14
0
12
-1
-14
0
18
7
-20
-21
12
28
2
-27
-17
15
23
-3
-20
-7
11
7
-5
-7
1
2
-1
-1
2
0
-3
-1
2
2
-3
-3
1
2
-2
-1
2
2
-1
-3
1
2
0
-4
0
2
-2
-3
-1
1
0
-2
0
1
0
-2
0
2
0
-3
-1
2
1
-3
-1
1
1
-3
-3
1
1
-2
-3
0
2
-3
-3
2
2
-1
-4
0
0
-4
-1
6
4
-9
-11
6
19
3
-23
-16
16
26
-3
-29
-12
20
19
-10
-21
-1
13
0
-13
-1
13
3
-16
-12
12
16
-7
-19
