0
-1
1
-1
-2
1
0
-2
1
0
0
-2
10
-16
6
-21
32
-7
-7
3
-1
1
-5
8
-7
-3
16
-6
-3
1
0
-1
7
-11
2
7
-5
-1
0
-1
0
0
-1
0
0
-1
0
3
-9
6
4
-4
-4
3
-1
-1
0
0
0
0
0
-1
0
0
0
0
-1
0
-1
0
0
0
-1
0
0
-5
4
4
-4
-7
8
-3
-2
0
-1
-1
0
0
0
1
-1
-1
5
-7
-3
11
-8
0
0
0
3
7
-16
3
7
-9
5
-1
0
-3
6
8
-33
19
-9
13
-12
1
-1
-1
-1
1
-2
-1
-1
-1
-2
-2
0
-2
0
-1
1
-2
0
1
0
-1
-1
-2
-1
-36
118
-124
12
42
-16
-3
11
-9
5
-5
5
6
-17
12
-2
2
-8
20
-16
3
-18
31
-16
-6
13
-5
0
0
-1
0
0
0
-1
5
-6
-4
22
-17
-4
7
-2
2
0
-1
-1
-1
-1
1
-1
1
0
-1
1
-1
0
-1
0
-1
-1
-1
2
-7
4
16
-24
2
6
-6
1
-1
-1
-1
0
0
0
4
-14
5
16
-32
17
-3
16
-20
8
-2
2
-13
16
-6
-6
6
-6
9
-11
2
16
-42
-12
122
-120
34
-1
-1
-2
-2
-1
-1
0
1
-3
-1
-1
-3
0
-1
0
-1
-1
1
3
-10
11
-6
-1
-2
11
4
-32
6
44
-57
18
16
-17
4
3
-4
8
-18
12
5
-8
3
12
-10
-21
25
-2
4
-16
9
-2
-2
0
1
-1
0
-1
-2
4
-14
11
-3
7
-18
17
-6
-3
2
-1
0
1
-1
-1
-1
-1
0
0
-1
0
-1
-1
0
-2
0
0
-3
3
4
-18
18
-8
3
-11
12
-6
1
0
-1
0
-2
-1
1
0
-10
16
-4
0
-27
20
11
-12
-3
7
-5
-13
17
-9
5
-5
-3
17
-18
-19
56
-44
-7
31
-5
-13
1
-1
5
-12
10
-4
-1
0
-3
-1
-3
0
-1
-1
-3
0
6
-8
5
-9
7
-2
2
-22
86
-150
103
-44
15
30
-13
-1
-20
4
10
9
-27
13
27
-44
17
-11
32
-24
-10
14
2
-10
7
-7
5
-5
3
-2
1
0
-3
5
-7
-16
66
-60
-5
17
2
-14
13
-4
-1
1
0
-1
0
-1
-1
0
0
-1
0
0
-1
-1
0
2
-13
14
-3
-18
5
59
-66
15
5
-5
3
0
-1
0
-5
4
-5
6
-6
9
-2
-15
8
24
-33
10
-18
44
-28
-13
28
-10
-11
-5
20
1
12
-30
-15
43
-103
148
-88
20
-4
1
-9
8
-5
7
-8
-1
0
-1
-3
0
-7
5
-1
-2
5
-1
-36
42
-11
2
18
-108
137
0
-105
73
-64
63
-31
18
-31
63
-58
24
2
-29
42
-31
11
-10
19
7
-31
-1
27
-14
-10
10
-1
1
-4
-2
4
6
-11
5
10
-16
5
-7
11
-18
25
-9
-4
-3
3
-3
4
-1
0
-2
0
0
0
0
-1
0
-3
3
-4
3
3
10
-25
18
-12
6
-5
16
-10
-5
11
-7
-5
1
4
-2
1
-11
10
13
-28
-1
29
-8
-19
8
-10
30
-43
28
-3
-24
58
-64
32
-17
31
-64
64
-73
104
-1
-139
105
-21
-3
9
-42
36
0
-8
0
-1
-7
2
0
-5
11
-11
7
11
-22
-17
52
-23
7
-46
78
-153
275
-238
62
43
-51
14
-13
18
7
-6
-2
-5
-23
83
-84
28
-5
32
-31
4
-14
43
-68
68
-34
18
-23
-5
14
-2
1
-5
1
-6
7
0
-8
2
-4
4
3
7
-21
8
1
-1
-1
0
-1
-1
0
1
-1
0
1
0
-2
-7
20
-9
-5
-5
3
-3
7
-2
-8
5
-1
3
-1
1
-15
3
22
-18
33
-68
68
-45
13
-5
30
-32
4
-28
84
-83
23
3
2
7
-7
-19
12
-15
51
-45
-63
237
-276
152
-79
45
-9
21
-52
17
21
-11
-9
8
-12
0
0
72
-53
-5
0
20
-83
174
-116
11
-1
121
-412
589
-424
69
134
-69
-24
-9
38
-43
61
-20
-38
29
-2
-16
37
-22
-6
-30
53
-7
-2
-43
14
97
-129
28
75
-84
34
-15
11
4
-12
14
-16
14
-5
1
6
-52
99
-84
29
9
-21
15
-5
0
0
-1
0
-1
-1
-1
5
-15
21
-9
-30
83
-100
51
-6
-2
5
-14
15
-14
11
-6
-13
15
-35
82
-75
-28
127
-98
-14
42
1
6
-53
31
5
21
-38
17
1
-29
37
19
-61
42
-38
8
23
69
-135
-71
422
-591
412
-123
-1
-12
116
-174
82
-21
0
0
52
-78
0
24
-16
25
0
-110
115
34
-160
115
-47
165
68
-1101
1707
-776
-439
411
221
-301
138
-239
252
7
-88
-185
286
37
-339
243
-37
-20
55
-22
-138
227
-40
-208
161
-38
105
-142
50
5
-11
18
-23
27
-5
-21
10
-4
-1
6
10
-26
19
-9
-8
7
-3
1
1
0
0
0
-1
-1
2
-8
7
8
-20
24
-11
-7
1
3
-12
20
4
-26
23
-17
10
-6
-51
143
-105
38
-162
207
40
-227
136
22
-55
21
36
-243
339
-36
-286
184
88
-9
-252
238
-139
300
-221
-412
438
775
-1709
1100
-68
-167
45
-117
159
-33
-117
108
-1
-29
15
-29
0
10
-4
-7
85
-127
26
-7
80
-38
35
72
-476
234
581
-411
-269
107
128
120
-147
111
-154
-92
113
129
86
-284
23
107
-45
7
60
1
-82
-37
5
176
-130
75
-201
212
-66
-3
-1
10
11
-69
31
28
-7
-5
-1
-2
5
-1
-13
12
-12
10
-2
-1
-1
-1
0
-1
0
0
2
-9
12
-12
13
0
-6
1
1
5
4
-28
-31
70
-11
-12
1
2
65
-213
202
-76
131
-175
-5
36
81
-1
-60
-5
44
-108
-23
283
-87
-128
-114
92
154
-113
147
-120
-130
-108
269
411
-583
-237
475
-74
-37
35
-80
6
-28
127
-86
4
3
-13
0
-35
21
-3
-46
-7
4
122
-35
26
-72
-7
299
-341
-156
108
-152
296
-30
130
-180
48
58
12
-98
66
-19
-158
60
88
5
-28
35
-30
-68
99
-54
52
-4
-55
-52
102
-24
38
-26
-16
-8
29
-56
65
-6
-23
-3
5
9
-12
-2
6
-7
6
0
-2
-1
-1
0
0
1
1
0
-8
7
-6
1
11
-11
-5
2
24
6
-67
55
-29
8
16
25
-38
23
-102
51
54
3
-52
53
-99
67
30
-36
29
-4
-87
-61
159
18
-66
97
-12
-58
-48
180
-132
30
-296
151
-108
156
340
-301
5
72
-28
34
-122
-5
7
44
0
-21
30
0
-61
46
-25
-105
222
1
-170
-32
163
4
-306
366
101
-227
-182
46
271
-76
-132
122
-30
-118
-4
269
-156
-103
1
174
-84
-17
30
-53
2
58
-30
-31
88
-84
18
44
-31
-30
59
-44
10
-3
-6
10
9
-9
-4
-5
14
-7
-2
7
-16
22
-14
1
-1
0
0
0
-1
0
-1
-2
14
-22
14
-7
2
5
-13
5
3
8
-8
-11
5
2
-11
45
-60
30
29
-45
-18
84
-90
31
30
-58
-2
52
-30
17
83
-174
-1
103
156
-270
3
118
29
-123
132
74
-272
-47
180
224
-101
-367
305
-6
-166
32
171
-3
-222
104
22
-47
55
0
19
-13
60
-152
154
54
-360
376
-192
182
-444
736
-627
201
137
-279
339
-342
276
-214
184
-247
350
-318
149
37
-216
286
-148
24
-49
113
-138
111
-111
155
-138
71
-65
53
-17
23
-15
-20
16
8
-28
58
-88
83
-58
21
0
0
-7
4
0
1
-5
2
0
-1
0
0
0
0
0
-3
4
-3
0
-5
7
-1
-1
-22
57
-84
87
-59
26
-8
-17
19
14
-24
16
-53
64
-73
137
-157
111
-112
135
-114
50
-24
147
-287
215
-38
-150
317
-350
246
-183
213
-277
342
-340
278
-139
-203
626
-737
443
-183
190
-376
359
-55
-156
151
-63
12
-23
0
75
-52
-37
32
59
-317
683
-508
58
214
-452
585
-548
148
256
-347
251
12
-187
60
169
-267
211
6
-272
529
-670
477
-153
19
-70
96
-53
-11
83
-141
171
-82
-60
97
-86
35
20
-1
-25
-32
96
-25
-99
87
-8
-10
-12
8
2
-5
2
1
-3
0
0
0
-1
0
0
-1
-1
0
3
-2
-4
3
-3
-9
12
10
6
-89
99
24
-97
31
24
1
-21
-36
86
-98
57
81
-173
140
-84
12
51
-96
70
-19
152
-478
670
-530
271
-7
-211
266
-170
-60
187
-12
-251
346
-259
-148
546
-585
450
-216
-60
507
-683
316
-61
-33
34
50
-79
0
7
3
-20
98
-53
-90
-53
129
12
142
-311
-36
428
-317
13
-89
101
226
-155
-40
-19
-45
52
114
-35
-211
144
66
-54
-4
67
-145
65
-59
138
-37
-65
41
-29
52
-30
27
-22
-6
-14
11
-17
18
-4
7
7
-3
-12
6
0
-1
-5
1
-1
1
-2
1
0
0
0
-1
0
-1
1
-2
3
1
-1
-6
11
3
-8
-8
3
-18
16
-12
13
6
20
-28
29
-53
29
-43
66
35
-138
58
-66
145
-69
4
55
-66
-145
212
34
-114
-53
44
19
40
155
-227
-102
89
-14
316
-430
35
310
-144
-15
-129
52
90
52
-100
15
-4
-10
0
-91
42
58
68
-91
34
-428
464
-124
229
-75
-409
199
89
-92
79
94
-100
-22
40
15
36
-74
-71
-12
-125
365
2
-155
7
-5
-42
35
70
-39
-80
68
-70
59
55
-57
-11
31
-23
-17
15
18
-76
86
15
-34
-20
15
12
-19
1
9
-6
-1
1
1
-1
-1
0
0
0
0
-2
0
5
-10
-2
18
-11
-16
19
34
-16
-87
75
-20
-16
15
23
-31
9
58
-55
-60
70
-69
79
39
-71
-36
41
5
-8
154
-2
-366
123
11
70
75
-37
-15
-41
21
99
-94
-80
90
-90
-200
408
72
-230
122
-465
427
-35
90
-69
-61
-43
86
0
-38
38
-83
178
-114
-341
808
-533
-90
334
106
-688
395
116
-238
165
111
-298
199
-101
54
173
-352
158
228
-348
52
210
-121
13
31
-156
163
40
-246
424
-458
175
34
0
-78
131
-137
124
-67
-24
101
-114
16
80
-67
21
-8
8
-8
7
-5
2
-1
1
0
0
-1
0
0
-1
0
-1
1
-2
4
-8
8
-8
8
-22
66
-79
-17
114
-102
23
66
-125
137
-132
77
-1
-34
-175
458
-425
245
-41
-163
156
-31
-12
121
-210
-53
348
-227
-159
351
-174
-54
100
-198
296
-111
-165
238
-116
-396
686
-107
-336
89
531
-808
340
112
-180
81
-40
35
0
63
-45
33
-106
177
-340
497
-370
386
-856
1156
-833
488
-442
297
-281
421
-519
552
-318
53
37
-49
1
-42
85
109
-268
163
-33
-26
81
-113
54
-30
115
-122
75
-101
109
-82
29
5
-3
4
25
-60
33
-1
2
6
-6
-4
-5
11
-10
3
2
-3
1
-1
0
0
0
0
0
1
-2
2
-2
-4
9
-12
5
4
5
-8
-2
1
-34
59
-26
-5
3
-6
-28
81
-110
101
-75
120
-116
28
-56
113
-81
25
32
-164
268
-109
-84
42
-2
49
-37
-54
317
-551
519
-422
280
-298
440
-489
831
-1159
854
-388
369
-497
338
-179
103
-36
43
-67
0
57
-45
32
-133
215
-71
-135
224
-269
80
235
-292
186
-11
-189
137
177
-462
450
-118
-118
-7
223
-207
-23
261
-365
255
-44
-33
-35
63
-30
20
-2
-39
4
81
-74
-22
52
-13
-17
52
-51
-12
-6
95
-59
-21
9
4
1
4
-6
4
-3
-2
3
-2
0
-2
0
0
0
0
1
2
-4
2
2
-4
6
-5
-3
-4
-10
21
58
-96
4
12
49
-52
16
13
-52
22
73
-82
-5
38
1
-20
29
-63
33
33
44
-254
364
-261
23
206
-223
5
118
117
-451
462
-177
-138
188
10
-187
292
-237
-81
269
-225
136
70
-215
132
-35
44
-61
0
-32
41
-57
99
-60
108
-290
66
207
206
-397
4
-48
215
-78
40
24
-191
136
-4
-19
57
-5
-57
-15
11
63
-18
-28
13
-10
-13
-5
-3
46
-20
-42
40
7
-16
7
-8
2
-3
18
13
-13
-13
-16
1
15
-2
-10
9
-3
1
-2
3
-1
-1
-1
0
0
0
-1
0
0
1
0
-3
1
-2
2
-10
8
2
-15
-2
15
13
12
-14
-18
2
-3
7
-8
15
-9
-42
43
19
-47
2
5
12
9
-14
28
18
-63
-12
14
56
5
-56
19
4
-136
191
-25
-40
77
-216
47
-5
394
-207
-209
-67
289
-109
58
-102
54
-43
28
0
-67
22
36
52
-153
232
-136
-91
-30
-30
178
-66
32
9
36
-106
49
-65
94
1
-26
-26
-1
8
56
-94
54
-8
13
12
-33
-14
32
-9
30
-66
45
1
-8
-6
-8
4
14
-9
10
-13
-27
23
24
-13
-5
7
-8
5
-2
-1
-1
-1
-1
0
0
0
-1
0
-1
-1
0
-1
-1
-1
0
1
2
-4
7
-8
4
13
-26
-24
26
11
-10
8
-14
-6
8
5
8
0
-46
65
-32
8
-33
14
32
-13
-13
8
-54
93
-56
-9
2
25
26
-1
-95
64
-48
105
-39
-10
-33
64
-182
30
28
91
135
-233
154
-54
-39
-24
62
0
3
-2
-30
-6
5
49
87
-142
-3
-33
111
-73
31
-4
-20
72
-92
80
-83
42
-2
-7
28
-31
21
-43
35
-2
-3
3
-1
4
-8
11
-9
5
-14
10
-8
20
-18
8
-11
7
-4
-5
12
-6
7
-8
3
-3
-3
6
-6
4
-3
1
-1
-1
0
-1
1
0
0
0
-1
1
0
-1
3
-5
6
-8
3
3
-4
7
-7
5
-13
5
2
-8
10
-10
17
-20
7
-11
14
-5
6
-12
7
-4
-1
-2
2
2
-36
42
-20
30
-29
7
2
-42
83
-80
92
-73
19
3
-33
72
-113
31
1
142
-88
-50
-6
4
27
0
-8
0
14
-4
-11
-1
49
-52
38
-60
32
0
17
-19
16
-32
31
-14
11
-43
42
-24
6
16
-6
-9
0
8
-1
-18
27
-10
-2
6
-4
4
-8
-3
4
7
-19
15
-7
3
-4
4
-3
6
-11
15
-18
14
-5
-2
1
2
-3
1
1
-1
-1
0
0
0
0
0
0
-1
0
0
0
-2
-1
-2
2
-2
-1
2
5
-16
16
-15
11
-5
1
-4
2
-3
8
-16
18
-8
-4
3
7
-5
3
-6
2
11
-28
19
1
-9
0
9
6
-16
-6
25
-43
42
-11
14
-32
30
-18
18
-18
-1
-34
59
-39
52
-51
-1
8
2
-17
0
-13
5
7
-20
7
49
-77
48
-33
-15
76
-66
31
-23
-3
30
0
-52
56
-41
30
-5
-9
10
-20
36
-35
26
-13
3
-8
6
4
-3
-3
2
-3
12
-14
13
-15
6
-1
-2
9
-6
-2
-2
10
-5
-2
1
-2
-1
1
0
0
-1
1
-1
0
0
1
0
-1
0
0
0
-1
0
-1
0
-2
0
1
-3
1
4
-11
1
3
4
-9
1
1
-8
13
-14
12
-12
3
-3
2
2
-5
-6
7
-3
13
-27
35
-36
21
-11
9
5
-30
40
-55
51
-1
-31
3
21
-33
65
-78
14
30
-49
76
-49
-7
19
-11
-7
8
0
-14
14
-8
0
-33
68
-28
-11
6
23
15
-110
91
-27
3
-6
8
4
2
-11
2
6
-13
10
-13
15
-8
13
-13
5
-5
1
8
-8
2
0
-2
1
0
-2
1
-1
-1
4
-5
9
-6
-5
3
0
1
3
-5
1
-1
0
-1
0
-1
-1
-1
-2
0
0
-1
-1
-1
0
0
0
-1
-1
1
-2
4
-3
0
-1
-3
5
6
-10
4
-3
2
-1
-2
0
1
-3
2
-1
-4
7
-10
-1
5
-4
13
-13
8
-15
12
-11
13
-6
-3
10
-2
-4
-9
6
-4
27
-92
109
-16
-24
-8
10
28
-69
32
-1
6
-16
10
0
-3
-3
3
-2
-8
17
14
-20
-23
30
26
-81
54
0
-13
-2
10
-19
10
15
-16
5
-7
2
4
-15
26
-27
22
-9
0
2
-2
1
2
-3
1
0
-2
5
-1
-1
2
-3
4
-2
1
-5
4
0
1
-1
-1
-1
-1
1
-1
-1
-2
0
-1
-1
0
0
0
-1
0
-1
-1
0
1
-2
0
-1
-1
0
0
0
-3
4
-3
2
-4
2
-4
1
1
-5
2
0
-1
2
-2
-2
1
-2
0
8
-22
27
-26
15
-5
-2
6
-6
14
-16
-11
17
-11
1
11
-1
-56
79
-27
-31
20
19
-14
-16
8
1
-6
2
-2
0
6
-2
-1
-5
15
-18
-9
11
23
-54
53
-19
-12
9
1
4
-8
-8
11
-1
1
2
0
-2
4
-3
-9
20
-10
0
3
-5
1
-2
2
-3
-1
2
5
-10
9
-5
1
0
1
-1
-3
4
1
-3
1
-2
1
-1
1
-2
0
-1
-1
0
-1
0
-1
0
-1
0
1
-1
0
0
-1
1
-2
1
-3
1
-1
2
0
-5
2
1
-2
-1
-2
4
-9
9
-6
-2
1
3
-4
0
-2
4
-4
-1
10
-20
9
2
-3
2
-1
-1
-1
1
-10
7
7
-5
-2
-10
11
17
-54
53
-25
-12
8
17
-16
2
-2
2
-10
0
0
-1
-4
7
5
-24
24
-10
-1
-14
5
30
-23
-1
-2
6
-6
-3
4
1
5
-9
6
1
-7
2
1
9
-14
5
2
-1
-3
3
1
-1
-2
2
-1
0
-4
1
1
-1
1
4
-4
3
0
-3
2
0
-2
1
-2
0
0
0
0
1
-1
-1
0
0
0
0
-1
-1
-1
-1
0
-1
1
-3
1
1
-2
2
0
-4
4
-3
0
1
-1
-1
2
-2
0
-3
2
1
-2
-3
3
0
-2
-5
14
-10
-1
-2
5
-1
-7
9
-6
-2
-4
3
4
-7
0
0
20
-31
-6
12
-1
9
-25
22
-7
-8
2
-1
-4
0
0
-1
0
-4
14
-23
20
-11
-8
37
-63
55
-17
-6
0
3
-8
3
8
-1
-3
0
-2
3
-3
-1
-1
3
0
-2
-1
3
-3
-2
3
-3
-1
5
1
-5
2
0
1
1
1
-2
4
-5
3
-3
1
-2
-1
0
0
0
0
0
-1
0
-1
0
0
0
-1
0
-1
0
-1
0
0
-1
0
-1
0
1
-2
3
-4
4
-5
1
1
-1
0
0
-3
4
0
-4
1
2
-3
1
0
-4
1
1
0
-2
1
0
3
-4
2
0
4
1
-8
-3
8
-4
-1
4
16
-57
62
-38
6
10
-20
22
-15
2
-3
0
-4
0
0
2
-2
3
-1
-15
31
-8
-11
-23
22
27
-27
5
-2
7
-19
29
-18
3
-4
2
-3
4
-4
7
-8
8
-2
-4
3
-3
3
0
-3
3
-2
1
0
-3
0
-1
1
-1
0
-2
1
0
1
-1
0
1
-2
-1
0
-1
1
-1
0
0
0
0
0
0
0
0
0
-1
0
0
0
-1
-1
-1
2
-1
-1
0
-1
0
-1
1
-1
0
-1
0
-3
1
0
-1
2
-5
2
-2
-4
3
-4
4
0
-8
7
-7
4
-4
2
-3
3
-4
16
-29
19
-7
2
-6
27
-28
-23
21
8
7
-31
14
1
-5
1
-3
-3
0
-2
0
-3
2
-7
8
6
-9
14
-19
-9
35
-23
-1
3
2
3
-16
13
-5
6
-1
0
-2
1
2
-3
6
-5
2
1
-4
4
-3
1
0
0
-1
1
-3
1
-1
0
-1
0
0
-1
-1
1
-1
-1
-1
0
0
0
-1
0
0
-1
-1
0
-1
0
0
0
0
0
0
1
-1
0
0
-1
0
-2
0
0
0
-1
0
1
-1
-1
0
0
-1
-1
2
-2
1
0
-1
-2
2
-3
3
-2
-2
4
-7
5
-3
-2
2
1
2
-5
4
-13
16
-3
-3
-2
-1
22
-36
7
17
-16
9
-6
-9
5
-3
0
-2
-2
0
0
1
-2
-5
-2
15
-12
7
-18
38
-44
22
0
-10
4
-1
-3
-2
6
-4
-2
1
3
-1
-4
3
-4
10
-10
4
0
-1
1
0
-2
0
0
-3
0
-1
0
1
-1
-1
-1
-1
2
-3
1
-1
0
1
-2
0
-1
-1
0
-2
0
-1
0
-1
-1
0
-1
0
-1
0
-1
0
-1
0
-1
-2
1
-2
0
1
-1
2
-3
0
-2
0
1
-2
-1
0
-2
1
-1
-1
0
0
-2
1
-1
-3
9
-12
4
-4
3
1
-2
-2
2
3
-8
0
1
0
-6
7
-1
-23
42
-39
15
-6
10
-16
1
4
-2
-2
-5
0
0
1
2
0
-4
-1
2
3
-3
-6
-3
3
4
-2
-4
-2
4
3
1
-2
-2
0
1
0
0
0
1
1
0
1
1
0
0
-1
0
-1
0
0
0
1
0
0
0
0
1
0
0
0
0
0
0
0
-1
-1
0
1
-1
-1
-1
0
-1
-1
0
0
1
0
0
-2
-1
1
0
-1
-1
-1
-1
-1
-1
-1
0
-1
0
0
0
-1
0
0
0
-1
0
-1
1
0
0
0
0
0
-1
-1
0
-1
-1
-1
0
0
-1
-2
1
2
-1
-4
-4
1
4
0
-6
-5
2
5
1
-4
-4
0
3
-1
-2
-3
-1
