0
-2
1
-3
0
4
-6
9
-4
-1
-3
0
-7
10
-4
-1
8
-4
-13
11
-3
0
-5
21
-16
0
2
-3
2
-9
9
-1
-2
0
3
0
-4
2
1
-1
0
-1
0
1
-1
-3
5
-3
1
0
-2
2
-1
0
-1
-1
0
0
-1
-1
0
-1
-2
0
0
0
0
0
0
-1
0
-1
0
-1
-1
0
1
-2
1
-1
-1
3
-5
2
0
-1
-2
1
-1
1
-1
-1
3
-2
-3
-1
1
1
-9
8
-3
1
-2
0
16
-20
4
-1
4
-12
12
3
-8
0
4
-12
6
-1
2
-1
4
-9
5
-5
0
0
-3
-1
0
0
-3
1
3
-10
11
-13
15
-1
-20
24
-18
5
16
-38
30
-19
25
-21
1
8
-17
26
-7
43
-91
29
9
30
-38
9
-16
25
-16
12
-6
1
4
-3
-10
10
-3
-8
2
10
-3
-10
7
-2
-3
4
1
-3
3
-5
0
1
0
0
-1
0
0
-1
0
0
-1
-1
0
0
-1
-2
-1
4
-4
3
-2
-4
2
1
-8
9
3
-10
-2
7
1
-12
9
1
-6
-1
5
-12
15
-27
15
-8
37
-30
-10
-29
90
-42
6
-27
18
-6
-2
21
-26
18
-31
37
-18
-5
17
-26
18
0
-16
13
-13
10
-5
-2
2
-4
0
-3
2
-3
-4
13
1
-9
0
-6
4
-2
7
-13
3
11
-13
4
13
-29
17
-5
-8
63
-82
70
-60
10
17
11
-80
82
-20
7
-16
-1
13
-2
-4
3
7
-16
0
10
3
3
-41
49
-45
26
11
-12
-13
11
-3
3
-3
2
-2
0
0
-1
0
0
0
0
0
1
0
0
2
-2
2
-3
2
-10
12
12
-12
-26
45
-50
39
-5
-4
-11
-1
14
-8
-3
3
2
-14
1
14
-9
19
-83
79
-11
-16
-10
59
-71
81
-62
8
4
-17
28
-14
-5
13
-12
-5
10
-8
1
-5
3
-1
7
-2
-14
2
-1
-4
-3
0
-2
-1
2
1
11
-37
45
-45
27
1
-3
-6
-14
2
70
-80
40
-65
65
-29
17
-27
48
40
-102
-8
14
41
-14
-10
47
-37
-2
-15
54
-55
-5
59
-48
-8
45
-26
-41
30
18
9
-9
-10
-3
2
-8
3
5
-6
4
-8
6
-3
2
-1
0
-1
0
0
-1
0
0
0
-3
2
-6
6
-5
4
-7
-3
7
-2
2
9
8
-10
-19
-31
39
26
-47
7
48
-60
4
53
-55
14
1
37
-47
9
14
-41
-14
8
101
-41
-47
27
-17
29
-66
65
-40
79
-71
-3
13
3
2
-2
-28
44
-45
35
-11
-2
-4
-1
-2
0
-3
2
-2
4
0
-28
52
-46
23
-10
20
-11
-8
2
-56
84
19
-92
58
8
-21
-36
2
128
-225
229
-88
-4
-78
109
-31
-13
-2
3
18
-7
-34
51
-63
74
-21
-32
-29
124
-104
-6
38
-8
12
-28
1
29
-8
-19
8
-3
11
-4
-7
7
-2
-3
1
0
-1
2
0
-7
8
2
-12
3
-8
18
9
-29
-2
26
-13
8
-39
5
104
-125
28
30
20
-74
61
-50
32
6
-18
-5
3
13
30
-110
79
4
88
-230
226
-129
-1
35
19
-7
-58
92
-20
-84
55
-3
7
9
-22
9
-25
46
-52
27
-1
-4
-1
-3
-2
0
4
-2
-11
5
-5
7
-2
12
-10
-14
24
-13
-4
-10
17
18
-78
97
-52
-14
83
-104
8
20
56
-22
-63
67
-22
11
9
-20
-9
16
-2
7
-36
79
-121
101
-16
-32
-43
115
-84
18
-2
15
-9
-3
8
-12
24
-33
21
-4
-8
9
-6
-1
1
1
-1
0
0
-1
-1
0
5
-11
7
3
-23
33
-24
11
-9
3
10
-16
2
-19
83
-115
43
31
15
-102
119
-79
37
-8
2
-17
9
19
-10
-11
22
-68
63
23
-55
-19
-9
105
-82
13
52
-98
77
-19
-18
8
4
12
-26
12
9
-13
1
-8
3
-7
6
0
-9
0
-41
52
-18
-19
40
-55
42
2
-3
-5
7
-37
-38
141
-87
-2
-31
61
-20
7
-6
-40
99
-72
-7
-23
79
-44
24
-22
13
-25
-2
51
-68
31
21
-3
-47
60
-10
-66
42
7
2
-13
3
7
-8
5
-8
9
-9
-4
16
-14
5
-3
-1
1
-1
1
-1
0
-1
-1
1
-2
0
2
-7
12
-17
4
9
-10
7
-7
7
-8
-4
13
-3
-8
-43
65
9
-61
45
1
-20
-32
67
-51
1
25
-14
22
-26
44
-79
23
7
72
-98
39
5
-7
19
-60
29
1
86
-143
36
35
-9
3
3
-2
-42
54
-41
17
14
-52
37
0
47
-44
-23
-15
61
22
-181
229
-72
-19
-46
73
6
-173
255
-144
4
59
-42
-2
0
6
22
-77
103
4
-141
117
-42
16
1
-15
-4
33
-52
36
24
-33
19
-3
-25
8
11
-7
5
-7
4
5
-7
4
-4
1
2
5
-21
18
-6
2
0
1
0
-2
-1
0
0
0
-1
-1
0
-2
7
-18
19
-6
-2
-3
2
-5
6
-5
-4
5
-5
7
-12
-9
25
3
-20
31
-25
-36
51
-34
3
15
-2
-16
41
-117
140
-5
-103
76
-22
-7
0
2
41
-59
-6
144
-257
173
-8
-74
45
17
69
-230
181
-23
-61
14
20
42
-51
0
3
-21
64
-139
195
-217
102
132
-138
6
7
-13
93
-105
-10
100
-62
-4
18
-37
100
-117
55
-56
45
23
-80
100
-41
10
-98
167
-130
80
-51
18
-19
32
8
-32
20
-12
2
0
-4
5
-3
1
-3
2
-2
-1
0
-4
14
-9
-6
2
0
-1
-1
0
0
0
0
0
0
0
-1
-4
6
8
-15
3
-1
2
2
-2
2
-2
2
-6
1
0
-4
12
-21
32
-9
-33
19
-19
51
-79
130
-167
97
-11
40
-100
78
-23
-45
56
-55
116
-100
37
-18
4
60
-101
8
106
-95
12
-8
-8
137
-132
-103
216
-197
139
-68
21
-7
0
-38
-11
90
14
-171
257
-526
697
-367
-51
174
33
-49
-191
34
118
32
-118
61
35
47
-121
23
32
12
-80
54
8
7
54
-112
-11
-25
154
-21
-54
-66
79
-9
-1
-8
5
-7
13
-15
6
-1
1
0
-1
-2
3
-5
6
-10
9
-3
0
-1
0
-2
1
0
0
0
-1
1
0
1
-1
3
-9
9
-7
6
-3
0
0
0
-1
0
-5
13
-14
6
-6
7
0
9
-79
65
52
20
-155
25
11
111
-55
-8
-9
-55
78
-13
-33
-24
121
-47
-37
-61
118
-32
-118
-35
190
46
-35
-176
50
366
-698
525
-257
171
-15
-93
11
33
0
59
-72
10
126
-329
576
-945
929
-260
-188
217
-166
167
-197
7
178
-157
36
43
-46
75
-92
93
124
-367
224
-72
0
100
-123
177
-203
105
11
-95
75
-75
107
-50
1
2
-5
-6
10
3
-2
-6
3
1
-2
2
-1
-5
5
0
-4
2
-3
0
0
0
-1
-1
0
2
0
1
0
0
1
-2
3
-2
-6
5
1
-3
2
-2
-3
5
2
-4
-10
6
4
-3
-1
48
-107
75
-75
94
-12
-106
202
-178
123
-101
0
71
-224
365
-124
-95
92
-74
47
-42
-35
156
-178
-8
196
-169
165
-218
186
259
-930
944
-577
326
-128
-13
71
-63
0
-78
128
-95
-88
350
-470
6
344
18
-242
141
34
-184
132
90
-140
-57
167
-161
99
-10
2
-83
207
-272
116
36
-24
-61
148
-189
89
22
-22
110
-164
87
-39
12
3
-5
6
-10
14
-13
8
-5
2
0
-1
-4
4
7
-2
-13
6
0
-1
-1
0
0
0
0
0
0
0
-1
-1
0
0
-1
-6
12
3
-8
-5
2
0
0
-2
4
-9
13
-14
9
-7
5
-4
-13
39
-87
163
-110
21
-23
-89
187
-148
60
24
-37
-117
270
-208
83
-2
8
-99
160
-168
58
140
-93
-133
183
-34
-141
240
-20
-345
-6
469
-352
87
93
-129
74
0
82
-19
-126
105
209
-663
1149
-967
-109
483
-45
-318
198
164
-274
208
-35
-91
36
89
-70
-33
117
-160
44
184
-183
15
33
-38
26
83
-137
56
68
-107
11
14
7
-3
-5
-1
33
-25
-10
3
5
0
-2
1
-2
-3
7
-20
11
1
1
-3
-1
-2
0
0
-1
0
-1
0
-1
1
-1
1
0
-2
-12
19
-9
3
0
-2
1
0
-5
-4
9
24
-34
0
4
1
-7
-15
-12
106
-68
-57
137
-84
-25
37
-34
-16
182
-183
-45
159
-117
33
69
-90
-38
90
35
-208
272
-165
-198
317
44
-485
107
967
-1151
663
-210
-107
123
17
-86
0
-81
141
-176
172
-69
-196
614
-598
60
250
-353
325
85
-374
201
4
-106
139
-124
114
-93
31
1
-1
-3
16
-32
56
-22
-61
93
-63
6
38
-27
1
16
-3
-2
-9
-5
23
-28
8
2
-2
2
0
-1
-1
-8
21
-13
5
-17
7
2
-3
1
0
-1
-1
-1
0
-1
0
1
-1
-2
1
-2
-8
16
-6
13
-22
8
1
0
-1
-3
0
-3
-9
26
-25
3
8
2
4
-16
-2
26
-39
-7
63
-94
61
22
-57
32
-17
1
0
-2
-31
91
-115
124
-140
106
-5
-203
373
-87
-327
351
-253
-60
597
-613
195
68
-174
174
-143
77
0
77
-5
-89
-45
82
350
-1270
1207
-81
-405
107
331
-292
18
108
-122
31
15
-19
21
16
-112
191
-110
-165
235
5
-145
70
46
-57
6
29
-39
-1
56
-80
49
-7
-3
-7
3
10
-14
7
-4
0
0
-3
1
-3
-3
16
-18
2
8
-5
-2
-1
-1
-1
-1
0
0
-1
-1
-1
0
-1
1
5
-9
-4
17
-16
3
3
-2
0
0
0
2
-9
13
-11
-3
7
2
7
-49
81
-58
-1
38
-30
-7
56
-47
-71
145
-6
-236
164
111
-191
111
-18
-22
19
-16
-31
122
-110
-20
291
-332
-108
405
79
-1207
1269
-350
-84
42
86
3
-82
0
-81
132
-167
152
-225
-55
1076
-1194
263
264
-423
336
-17
-174
112
-4
1
-57
64
-51
0
105
-111
-13
129
-169
125
14
-126
90
-24
-26
59
5
-82
63
27
-71
34
-7
-6
16
-26
13
4
1
-7
0
2
-8
10
1
-4
-4
7
-2
-2
2
-2
-1
0
-2
0
0
0
0
-2
0
0
-1
1
2
-6
4
4
-2
-10
7
-3
0
6
-2
-6
-13
24
-17
5
6
-35
71
-27
-64
82
-6
-60
25
23
-91
126
-15
-125
169
-131
13
111
-106
0
50
-64
55
-2
4
-113
173
16
-337
423
-266
-265
1193
-1076
54
223
-154
164
-133
77
0
77
-5
-90
-8
86
269
-1038
945
-108
-271
107
249
-337
172
16
-91
53
2
-11
-30
22
13
24
-54
-38
87
-27
-21
5
26
-11
-45
83
-78
32
12
-21
14
-7
3
-4
-3
3
2
-4
3
-2
3
-7
8
-1
-15
21
-24
17
-5
-1
0
0
-2
0
0
0
0
0
0
-1
0
-1
0
-1
5
-18
23
-21
14
1
-9
6
-4
1
-4
5
-3
-4
2
3
-5
5
-15
20
-13
-33
76
-85
44
10
-28
-7
20
27
-89
37
54
-24
-14
-23
30
10
-3
-55
90
-17
-173
336
-251
-108
269
107
-945
1038
-269
-87
6
86
4
-82
0
-82
139
-165
126
-57
-211
734
-639
22
248
-320
237
56
-135
-4
61
-61
38
-16
6
-27
43
19
-85
125
-106
-9
92
-63
-8
35
-21
10
-5
18
-43
28
26
-31
9
-2
-1
1
-4
0
0
0
-1
-3
13
-10
-12
18
-12
9
-3
-2
1
-1
0
-1
-1
-1
0
-1
-1
0
-1
0
-2
0
3
-10
12
-19
11
9
-13
3
1
-2
-1
0
2
-3
0
1
-10
30
-26
-27
42
-18
5
-12
21
-35
8
63
-91
9
106
-125
84
-19
-44
28
-6
16
-40
59
-61
3
133
-58
-237
318
-250
-23
639
-736
210
57
-127
163
-141
77
0
79
-9
-100
-10
126
-28
-310
401
-107
-157
65
246
-222
27
28
-25
4
21
-20
17
-6
-29
79
-82
-67
168
-71
-30
37
-15
0
7
-2
-3
-6
20
-16
-10
21
-23
6
10
-8
0
1
-1
1
0
-4
9
-17
7
12
-21
13
-4
-1
0
0
-1
0
-1
-1
0
-1
0
0
0
0
-1
0
3
-13
21
-13
-9
17
-11
3
0
-2
1
-1
-1
6
-10
-7
22
-23
8
14
-21
4
1
1
-7
0
15
-38
30
71
-166
66
82
-79
30
7
-17
20
-21
-4
25
-29
-27
222
-248
-67
156
105
-402
309
26
-126
9
97
8
-85
0
-82
140
-177
202
-172
95
54
-167
60
140
-329
366
-146
-52
74
-48
28
-40
72
-56
-49
154
-125
-1
68
-55
6
37
-35
22
-16
7
-4
2
5
-9
18
-25
3
11
-5
1
0
1
-1
-1
0
2
-2
1
7
-6
-16
28
-13
-3
5
-3
0
0
0
-1
0
0
1
-2
0
0
1
1
-5
2
13
-29
15
6
-8
-2
2
-2
0
1
-1
-2
-1
-2
6
-11
-4
25
-20
8
-5
-3
2
-7
16
-22
36
-38
-6
53
-67
0
124
-153
48
56
-72
40
-29
48
-76
50
145
-369
328
-143
-63
167
-55
-95
170
-203
174
-141
77
0
59
-11
-43
-135
258
-94
-76
106
48
-155
-35
182
-96
-22
47
-9
1
-14
-2
0
8
11
-48
45
25
-80
78
-37
0
9
-4
-5
6
-2
1
-8
9
-6
5
0
-4
3
-2
0
0
0
0
-1
1
0
1
-7
12
-12
5
-1
-1
-1
-1
0
-1
0
-1
0
-1
0
1
0
1
0
0
0
-6
10
-12
7
-1
0
-2
1
-1
-1
-1
0
1
-4
3
-1
-5
6
-9
8
-2
1
-6
4
3
-10
0
35
-79
79
-26
-46
47
-11
-7
0
3
14
-2
9
-47
21
95
-184
35
154
-50
-107
76
93
-260
134
40
9
-64
0
-7
10
-11
0
-8
31
-33
3
9
-5
3
1
-3
-5
5
-2
-5
6
-2
3
-4
-1
5
-3
-2
2
2
-4
4
-2
1
-1
-1
0
-2
2
3
-7
5
-4
2
0
-2
1
-1
0
-1
0
0
-1
0
3
-5
2
-1
0
0
-1
0
0
0
-1
-1
0
0
0
0
-1
0
1
0
0
0
-2
3
-3
0
-1
0
0
0
-1
0
-1
0
-1
-3
3
-4
6
-4
-2
1
-1
-1
1
-1
2
-4
3
-2
-3
2
2
-5
1
4
-3
2
-8
4
2
-6
5
1
-3
-6
4
-10
-4
31
-32
6
-2
8
-12
2
0
3
-4
1
4
-10
13
-1
-9
11
-6
-3
5
-7
5
-5
2
-2
2
-2
2
-1
1
1
1
-3
2
0
-2
1
-1
0
0
0
0
2
-3
2
-1
0
1
-1
0
1
-1
-1
1
0
0
-1
-1
1
-1
-1
1
-1
-1
-1
0
-1
0
-1
-1
0
0
-1
0
0
-1
0
-1
0
0
0
0
0
0
-1
-1
0
0
0
-2
1
0
-1
-1
1
-2
0
0
-2
1
-1
-2
-2
0
1
0
-2
2
-1
-3
3
-2
0
0
2
-2
2
-3
0
-2
3
-7
6
-6
1
4
-12
8
0
-13
10
-6
-4
4
-7
0
-1
1
1
-2
-4
8
-4
-4
13
-12
2
0
0
-1
0
0
-1
1
0
1
-1
-1
1
0
2
-1
1
-3
2
-1
0
0
0
-2
1
0
-1
-2
0
1
-1
1
0
0
-1
0
0
0
0
-1
-1
-1
0
0
-1
0
0
-2
0
-1
1
-1
0
0
0
0
0
0
0
1
0
0
-1
0
-1
1
0
-2
0
0
-1
-1
1
-2
1
-1
1
-2
-2
1
0
-1
-3
1
0
0
0
1
-3
2
-2
0
-3
0
-1
1
0
-2
1
-1
-1
0
-1
-1
-1
-1
-3
10
-13
3
5
-10
3
1
-3
-2
-2
0
-2
0
0
0
-2
4
-8
1
5
-3
-2
-1
1
-1
-1
0
0
-1
0
0
0
-1
0
1
-1
0
2
0
0
0
0
1
-1
1
-1
1
0
1
0
0
0
-1
0
0
-1
0
0
0
-1
-1
0
0
-1
0
0
-1
0
0
0
0
-1
0
-1
0
0
0
0
0
1
-1
-1
0
-1
0
0
-1
0
1
0
-1
0
-1
1
-2
0
0
0
0
-1
-1
0
-2
0
-2
0
-1
-1
1
-2
1
-1
1
-1
-2
1
-2
1
-1
0
-1
0
-1
-1
0
-3
0
-1
0
-8
-1
7
-5
2
-2
-3
-1
-2
0
-1
0
-2
1
-3
-1
10
-11
2
-2
-1
-1
-1
-1
0
0
-1
0
0
-1
0
1
-1
0
-1
0
0
-1
0
0
0
0
0
-1
0
0
1
0
-1
3
-2
0
0
1
-1
0
0
0
-1
0
0
0
-1
0
-1
0
0
0
0
-1
0
0
-1
0
0
0
-1
0
-1
0
0
0
-1
-1
-1
-1
0
-1
0
-1
0
-1
-1
-1
0
-1
1
-4
0
-1
-1
-1
0
0
0
-1
0
-1
-1
1
-1
-1
1
0
-1
0
0
0
-1
0
0
-1
0
-1
1
-1
-1
-1
-5
11
-11
0
1
-2
0
-1
-1
0
-2
1
-1
-1
-1
6
-8
3
1
-2
0
-3
0
-1
-1
0
-1
1
1
0
0
0
0
2
-1
0
0
0
0
0
0
0
-1
0
1
0
-1
0
-2
1
1
-1
0
0
0
-1
0
0
0
0
0
0
-1
0
-1
-1
0
0
-1
0
-1
0
0
0
-1
0
-1
-1
-1
0
-1
0
-1
0
0
-1
0
0
0
0
0
-1
0
0
0
1
-1
-2
3
-1
-1
-1
-1
-1
0
-1
0
0
0
0
0
-1
1
-2
0
0
-1
0
-1
-1
0
0
-1
0
-3
2
-2
0
-3
-3
8
-7
0
-1
-3
-2
-1
0
-1
0
-1
-1
-2
6
-8
6
1
-3
2
-7
2
0
-1
0
-1
0
-1
0
-1
-1
0
0
0
1
-1
0
-1
1
0
-1
1
-1
-1
0
0
-2
1
0
-1
0
-1
-1
-1
1
-1
1
0
-1
-1
0
-1
0
-1
0
0
0
0
0
-1
-1
-2
0
-1
-1
0
-1
0
0
0
0
-1
0
-1
0
1
0
-1
-1
0
-1
0
0
0
0
-1
-2
-1
1
-1
0
0
0
-1
0
0
-1
-1
-1
0
0
-1
0
-1
0
1
-1
-1
0
-1
0
0
-1
-3
5
-4
2
-2
-8
7
-6
0
-1
-1
-2
-2
0
-2
0
-2
0
-1
-2
10
-12
3
-1
1
-3
0
-2
-1
0
1
0
-2
0
-1
0
0
0
0
-1
1
-1
0
-1
1
-1
0
1
-1
0
0
0
0
1
-1
-1
-1
0
0
0
0
0
-2
0
0
1
-1
-1
1
-1
-1
-1
0
0
0
-1
0
0
0
0
-1
0
-1
1
0
-1
-1
0
1
-1
1
-1
0
-1
-1
-1
0
-2
0
-1
0
-2
0
0
-1
-1
0
-1
-1
1
-2
0
0
0
-1
1
0
-1
-1
-1
1
-1
-1
0
0
-1
-1
-1
-3
2
-1
-1
-5
11
-11
-1
0
-2
0
-2
-2
0
-1
0
-1
-1
0
0
-6
8
0
-1
1
-2
0
-1
-1
1
0
0
0
1
-1
0
0
0
0
1
0
0
0
0
1
-1
1
0
-1
-1
0
0
-1
-1
-1
-1
0
0
0
1
0
1
-1
0
0
-1
-1
-1
-1
1
-2
-1
-1
0
-1
-1
-1
0
0
0
0
0
0
-1
0
-1
-1
0
0
0
0
-1
0
-1
0
-1
0
-1
0
0
0
-1
0
0
-2
0
-1
0
-1
0
0
0
-1
-1
-2
0
1
0
0
-1
0
-1
-1
-1
-2
-1
-1
-2
0
0
-1
-1
-1
-9
8
-3
-1
0
-2
-1
-2
0
-1
0
0
-1
1
-1
7
-8
2
-2
1
-2
0
-1
0
-1
2
0
-1
0
0
0
-1
1
0
0
0
-1
0
0
-1
0
0
-1
-1
1
0
0
0
0
0
0
0
-1
0
0
0
0
-1
0
1
0
0
0
-1
0
-1
-1
-1
-1
0
-1
0
0
0
0
0
0
0
0
-1
0
0
0
0
0
-1
0
-1
-1
0
-1
-1
1
-1
0
-1
-1
0
0
1
-1
0
1
-1
0
1
0
0
1
-1
-1
0
-1
0
0
1
0
-1
-1
0
0
-1
-1
-2
1
-1
0
-4
7
-7
0
-1
-1
0
-1
-1
0
0
0
0
0
-1
-1
-1
0
0
0
0
0
-1
-1
-1
0
0
0
0
0
0
0
0
0
0
0
0
0
0
0
0
0
0
0
0
0
0
0
-1
0
-1
-1
0
0
0
1
0
0
0
1
0
0
0
0
0
-1
0
0
0
0
-1
-1
-1
0
-1
-1
0
0
-1
-1
-1
0
0
0
0
0
-1
-1
-1
0
0
-1
-1
0
0
0
-1
-1
-1
-1
-1
0
0
0
0
-1
-1
0
0
0
-1
-1
-1
0
0
0
0
0
-1
-1
-1
0
0
0
-1
0
0
0
0
-2
-1
-1
-1
0
-1
-1
-1
