0
-3
1
-1
0
0
0
-1
0
-1
-1
0
0
-6
3
2
-1
-1
-1
0
0
0
0
0
1
1
-1
0
1
0
0
2
-1
1
-1
0
0
1
-1
0
0
-1
0
0
0
-1
0
1
-1
0
-1
0
0
-1
0
-1
0
-1
0
0
-1
1
-1
-1
0
-1
0
0
1
-1
-1
0
0
0
0
0
0
0
0
-1
0
-1
-1
0
1
0
0
1
-1
-1
0
0
-1
-1
0
0
0
-2
0
0
-1
1
1
0
-1
1
0
1
0
-2
1
1
0
-3
-5
6
-1
-2
0
-1
0
-1
0
0
-1
-1
-1
-1
0
-2
1
-2
0
0
0
0
0
-2
0
-4
3
23
-44
20
-1
-1
-1
0
0
0
2
-3
3
-2
1
-2
0
0
-1
3
0
-3
0
-1
2
-2
0
-2
0
1
-1
-1
-1
0
-1
0
0
-1
0
-1
0
-1
1
0
-1
1
-1
0
0
0
-1
-1
0
0
0
-1
0
0
0
0
-1
0
0
1
0
0
0
1
-1
0
0
-1
-1
0
-1
-1
0
1
-1
0
-3
0
-2
2
0
-3
0
0
0
1
-1
2
-4
4
-3
0
-1
-1
0
-1
0
-20
43
-24
-5
4
-2
0
-1
0
-1
0
-2
-2
-2
-1
0
-3
2
-1
1
-1
2
-1
-2
4
-33
74
-115
113
-49
2
2
-1
2
-1
0
1
2
-4
0
0
0
2
-1
1
0
4
-7
-1
7
0
-15
3
16
-23
11
-4
2
-1
1
0
-1
1
1
-1
-1
0
0
-1
0
0
-1
1
-1
0
-1
0
0
-2
0
1
-1
0
0
0
0
0
0
-1
1
1
0
-1
-1
1
-1
-2
1
-1
-1
0
-2
3
-12
21
-17
-5
13
-1
-8
0
6
-6
0
-2
1
-1
-1
-2
-1
3
-2
-1
0
-1
-3
1
-2
-3
49
-115
114
-75
31
-6
1
1
-2
-1
-1
-1
-3
-2
0
-2
1
-3
-2
10
-12
1
-1
4
-4
-38
63
93
-193
73
1
-2
2
0
-1
-1
2
-7
5
-1
-1
0
-1
-1
-2
8
3
-27
26
-12
17
-7
-3
-1
-6
3
0
1
-1
0
-1
0
0
-1
0
0
-1
-2
0
0
0
0
-1
0
0
-1
-1
1
0
-1
0
0
0
0
0
-1
0
0
-1
1
0
-1
-1
2
-1
0
0
0
-1
0
-1
-3
5
-1
2
6
-17
12
-26
27
-3
-8
1
0
0
-1
0
1
-6
6
-3
0
1
0
-2
1
-2
-75
191
-95
-65
35
1
-7
0
-1
11
-11
0
0
-2
-3
0
-1
1
0
-13
16
1
4
-11
0
0
47
-128
105
-20
-12
2
4
-2
0
1
0
-2
-1
4
-2
-1
1
0
-1
6
-7
-4
1
10
6
-51
60
-29
5
1
-2
1
-1
-1
0
1
0
-1
-1
1
-1
-1
0
0
-1
0
0
0
-2
1
-1
-1
0
0
0
-1
1
-1
1
-2
-1
-1
0
-1
0
0
1
-2
1
0
-1
-1
0
1
0
-1
0
-1
-7
28
-61
51
-8
-12
-2
4
7
-6
1
1
-2
0
2
-4
-1
2
-1
-1
0
1
-5
-3
9
19
-106
127
-48
-1
-3
10
-5
-2
-17
12
-1
-2
-2
0
-1
1
-1
13
-43
54
-24
-2
8
-29
3
164
-286
170
-29
-2
1
0
-3
0
0
-1
1
0
1
-1
1
0
0
1
1
2
-7
0
32
-55
11
14
1
-4
0
-1
-1
-1
1
1
-1
0
0
-2
1
-1
0
0
-1
0
0
0
0
-1
-1
-1
0
0
0
0
0
0
-1
0
-1
-1
0
-1
0
0
-1
1
-1
0
0
-1
0
0
0
-1
-2
3
-2
-14
-13
54
-34
1
6
-3
-2
-1
0
-1
0
0
-1
1
-2
1
-1
-1
2
-1
-3
2
28
-172
286
-166
-4
27
-9
2
25
-55
42
-14
-1
-2
-3
0
-1
-3
0
11
-16
-3
28
-32
20
-36
99
-193
200
-110
36
-11
2
2
-2
0
-2
0
5
-9
6
-2
1
0
1
0
-4
5
2
-4
-5
10
-15
9
-1
1
-3
0
0
-1
-1
0
-2
-1
1
0
-2
0
0
1
0
-1
-1
0
-1
0
0
0
0
0
0
0
0
-1
1
-2
1
0
0
-1
0
-1
1
0
-2
1
1
-2
0
0
-1
-1
2
-2
0
-9
14
-12
3
3
-3
-5
5
0
-2
0
-2
2
-6
8
-6
0
0
-1
0
-3
-2
11
-37
109
-201
191
-101
34
-22
30
-28
3
14
-13
-4
2
-3
0
-44
-2
116
-142
-39
217
-177
48
25
-115
185
-18
-159
96
-10
-6
8
-17
19
-3
-5
4
-9
3
18
-20
6
7
-19
30
-22
-18
40
-15
-13
16
-13
10
-9
3
-2
1
0
0
0
0
-2
1
-1
-2
-1
0
-2
1
-1
0
-1
-2
0
0
-2
-1
0
0
0
-1
0
0
-1
1
-1
0
-1
-1
0
0
-1
0
0
-1
0
0
-1
0
0
-1
1
-4
7
-11
10
-17
12
14
-42
18
22
-30
18
-7
-7
20
-18
-3
8
-5
5
4
-20
17
-9
6
10
-98
158
17
-186
114
-28
-49
175
-217
38
142
-119
1
41
0
20
13
2
-9
-127
55
11
89
15
-76
41
-110
93
-78
57
8
4
-14
3
-3
1
-1
0
13
-16
-2
4
13
-21
8
31
-68
47
-7
-9
10
-12
11
-3
-6
2
1
-1
0
-1
0
0
0
0
-1
-1
0
-1
1
-2
-1
0
-1
-1
-2
1
0
1
0
-1
-1
-2
1
-1
0
-1
0
1
-1
1
-1
0
0
-1
0
-2
-1
0
0
0
-2
-3
5
1
-12
12
-11
8
5
-48
67
-32
-9
19
-14
-5
2
15
-13
1
0
0
2
-5
13
-4
-8
-57
77
-93
108
-43
75
-18
-90
-13
-55
127
6
-4
-15
-25
0
-24
0
-11
109
-83
8
-70
84
-58
69
-13
-7
1
-56
-2
27
3
-6
15
-4
-4
6
0
-3
-2
1
0
2
-2
10
-15
-11
26
-14
1
-6
13
-17
11
-4
2
-1
1
1
0
-1
1
0
0
0
-1
-1
1
-1
-1
1
-1
0
0
-1
0
0
0
0
-1
-1
0
0
0
-1
1
-1
1
-1
-2
1
0
0
-1
0
-2
0
0
-1
-1
1
-3
3
-12
16
-13
7
-1
12
-28
10
15
-11
2
-2
-1
-2
1
2
-1
-7
4
3
-15
7
-4
-27
0
54
-2
6
11
-71
55
-84
70
-9
82
-111
8
-1
18
0
14
58
-54
52
-189
78
44
27
-5
20
87
-120
-120
118
-45
65
-67
65
26
-40
-20
15
-9
19
-16
2
-4
-9
5
-34
89
-15
-46
16
-10
7
-3
0
1
6
-7
-1
1
-2
0
-1
1
-1
1
-1
0
0
0
-1
0
0
0
-1
-2
1
0
-1
0
0
-1
0
-1
-1
1
-2
0
-1
0
-1
1
1
-1
-1
0
1
-1
-1
-1
1
-3
-1
5
-6
-1
0
2
-7
9
-17
46
14
-90
33
-5
8
4
-2
15
-19
8
-15
20
40
-26
-66
66
-65
45
-121
118
119
-89
-23
3
-28
-46
-78
189
-52
51
-59
-19
0
71
-147
44
313
-483
121
215
-87
-177
22
329
-290
33
72
8
-55
-33
123
-123
43
26
-32
16
-13
11
3
-23
17
12
1
-27
13
-4
17
-25
6
4
-1
-3
6
-5
0
0
-1
-1
0
0
0
0
0
-1
0
-1
-2
-1
0
0
1
1
-2
1
-1
-1
0
0
-1
0
1
-1
0
-1
0
-1
0
-2
0
0
0
0
0
-1
-1
0
-1
0
-1
3
-6
2
1
-5
-7
24
-19
4
-14
28
-1
-13
-17
21
-3
-12
13
-17
31
-26
-44
124
-123
32
55
-8
-73
-34
289
-333
-23
175
86
-216
-121
483
-315
-47
145
-76
0
-51
135
-208
366
-607
623
-497
466
-397
199
-7
42
-233
249
-114
3
90
-256
345
-279
181
-82
16
9
-21
37
-64
82
-86
121
-150
97
-37
18
-8
-4
5
-1
-4
4
-2
1
1
-1
0
0
-1
0
0
1
-2
0
0
-1
0
-1
-1
-2
3
-1
1
-1
0
0
-1
1
-1
1
-3
1
-1
0
-1
-1
-1
-1
-1
0
0
0
0
-1
0
0
-2
0
3
-5
3
1
-6
3
6
-18
34
-97
148
-121
86
-83
63
-37
22
-10
-17
81
-180
278
-345
255
-90
-3
113
-252
231
-45
5
-200
394
-467
498
-624
606
-368
205
-137
46
0
-47
-21
219
-262
-64
366
-414
219
100
-256
340
-166
-299
402
-188
83
-18
-103
92
57
-117
65
-14
-8
35
-58
46
4
-61
104
-85
-6
58
-35
5
0
3
-1
-3
1
-1
0
-1
0
-1
0
-1
0
-1
0
0
-1
-1
-2
0
-1
-1
0
-1
1
-2
-2
2
0
-1
0
1
-2
0
0
0
0
-1
0
0
0
0
-2
0
0
0
-1
1
-1
-1
-1
1
-2
2
2
-2
-2
-6
34
-60
6
86
-104
61
-4
-46
58
-36
7
13
-64
116
-57
-92
103
16
-83
187
-403
298
164
-341
255
-100
-219
413
-368
64
260
-221
20
42
0
31
9
-144
15
172
21
-148
18
-65
195
5
-72
-198
79
74
61
-101
-22
93
7
8
-86
32
16
-1
-11
-4
33
-18
61
-103
-24
74
-9
11
-13
-10
10
-5
3
-2
-1
0
0
0
-1
0
0
-1
0
0
0
-1
-1
-2
1
-1
0
-1
-2
-1
3
-7
0
4
-4
-1
1
-1
-1
0
-1
-1
1
-1
0
0
-1
1
0
0
-1
0
0
-1
1
1
-5
4
-11
8
12
-12
8
-75
24
103
-61
20
-33
2
11
0
-16
-32
86
-7
-6
-93
21
100
-61
-76
-80
196
71
-7
-197
63
-19
148
-22
-172
-16
142
-10
-35
0
1
-20
39
-96
278
-220
131
-104
70
-104
-33
77
-110
-12
106
6
-61
136
-39
2
-2
-61
-16
22
3
-6
12
-20
55
-18
3
3
-18
-4
0
-1
2
0
2
-3
5
-3
-1
1
1
-1
0
-2
1
-2
0
0
0
-1
0
-1
0
-1
0
-1
1
0
-2
0
1
0
-2
0
-1
-1
-1
1
-1
1
0
0
0
0
-2
1
-2
1
0
-1
1
1
-6
3
-2
-1
-2
2
1
3
17
-3
-3
17
-54
20
-12
5
-3
-23
14
61
0
-2
39
-136
61
-7
-107
10
109
-79
30
102
-72
104
-132
219
-278
94
-43
18
-6
0
-26
24
-8
-43
22
62
-53
41
-81
-9
150
68
-175
-67
135
-42
1
-92
51
80
-61
-23
39
-2
-21
27
-3
-28
-18
68
-119
136
-29
-4
-27
22
-8
-5
3
-1
-1
0
-1
0
-2
-1
0
0
0
0
0
-1
1
-1
0
0
-1
0
1
-2
-2
3
-4
0
3
-5
2
2
-1
0
0
0
0
0
-1
0
-1
-1
0
-1
-2
0
0
0
1
-1
-2
0
-4
5
9
-23
25
4
28
-136
119
-68
18
27
2
-28
21
2
-40
23
61
-80
-51
91
-1
41
-136
65
173
-69
-152
6
80
-41
52
-63
-22
42
6
-26
21
0
-30
120
-65
117
-239
145
-62
6
-4
3
-84
-21
340
-202
-25
3
2
19
10
8
16
-51
-29
2
30
9
3
-4
-30
-144
182
33
-14
-42
7
8
-18
0
2
2
-1
-1
-2
1
-1
0
0
2
-1
0
0
0
0
0
-1
-1
-2
-1
3
2
-8
-3
1
0
-1
2
5
-3
-4
0
1
0
1
-1
0
0
-1
-1
1
-3
-1
0
0
-2
0
0
2
-3
-2
-2
18
-8
-7
40
13
-34
-183
144
29
4
-3
-10
-30
-3
29
51
-17
-9
-11
-19
-4
-4
23
201
-341
19
82
-4
2
-7
61
-146
237
-119
61
-122
24
0
52
-14
-43
-128
210
111
-227
-31
67
23
15
254
-576
265
54
26
-54
49
22
-203
35
215
-104
9
-24
-21
45
-107
156
53
-215
26
95
13
-64
28
-5
0
0
0
2
1
-1
0
1
-2
0
1
-1
-2
1
-2
-1
2
-7
7
-34
21
33
-37
5
5
3
0
-4
-5
-4
35
-35
-21
33
-8
5
-2
-1
1
-3
1
0
-1
-1
2
-1
0
1
-1
-1
-1
1
1
5
-28
61
-14
-97
-27
215
-53
-158
106
-46
20
25
-9
104
-215
-34
202
-23
-49
52
-26
-56
-266
574
-256
-17
-24
-70
31
226
-112
-212
126
40
13
-57
0
102
-179
139
-36
27
40
-75
-36
30
51
-54
-31
139
-132
-2
34
20
57
-216
258
-131
17
11
-27
26
-25
17
21
-45
15
47
-52
18
-11
2
7
-3
0
6
-8
0
3
-1
1
0
0
-3
0
-1
1
-1
1
-1
0
-2
0
5
-8
-3
9
-4
-1
0
0
-2
-1
5
-9
1
7
-5
-1
1
-1
0
-1
0
-2
1
-1
2
-2
0
-1
0
-3
-1
7
-7
0
4
-7
-4
11
-18
51
-48
-14
44
-21
-16
24
-26
27
-11
-17
130
-258
216
-57
-21
-35
2
131
-140
30
52
-52
-32
35
76
-41
-29
34
-141
176
-106
0
28
-31
40
-88
116
-116
59
26
-70
81
-31
-21
5
-1
-22
33
-11
31
-41
16
5
-16
9
1
-2
-1
0
16
-20
-12
40
-41
30
-13
-5
6
0
0
-3
-2
2
-2
-1
2
-3
1
0
-1
-1
1
-3
1
0
-1
-1
1
-4
8
-8
4
-2
4
-3
0
4
-5
2
-4
7
-8
5
-2
1
-1
-1
-1
0
-2
0
0
-1
-2
2
-2
0
1
-3
1
2
-2
-1
-6
4
12
-31
41
-41
13
19
-17
-2
1
2
-2
-9
16
-6
-16
41
-32
10
-34
20
-1
-7
20
30
-84
68
-27
-60
115
-117
88
-44
30
-32
0
9
5
-25
83
-101
35
-20
23
-24
50
-38
29
-67
50
5
-10
-19
35
-16
-4
6
-11
8
-1
3
-1
-1
8
1
-13
-2
3
1
5
-1
-9
10
-2
1
-2
0
-2
1
-1
-1
0
1
-2
1
-1
1
-1
-1
0
-1
0
-4
3
-2
2
-2
2
-2
0
0
-2
2
-2
2
-4
3
-1
-1
-1
-2
0
-2
0
-1
2
-2
-1
0
0
-1
1
-1
2
-1
2
-11
8
0
-4
-2
-4
0
12
-3
-8
2
2
-3
1
-9
11
-7
3
15
-35
18
10
-7
-51
66
-31
36
-53
23
-24
20
-35
99
-85
24
-5
-14
0
1
-8
18
-32
42
9
-77
54
-5
-12
16
-22
10
13
-16
1
-13
21
-3
-11
2
3
1
0
0
-2
0
9
-10
19
-31
21
-11
6
-6
3
1
-2
0
0
1
-1
1
-2
2
-2
2
0
-1
-1
0
0
-1
1
-1
0
1
-1
-2
0
1
-1
-1
0
-1
1
0
-1
1
0
0
-1
0
-1
1
-1
-1
0
0
-1
-2
1
-2
1
-1
1
-1
-2
0
2
-1
-3
5
-7
10
-21
30
-20
9
-8
-1
2
-1
-1
-2
-3
-1
11
4
-22
12
-2
14
-14
-11
20
-19
11
3
-55
77
-12
-41
31
-20
7
-5
0
-6
7
-10
14
-15
31
-59
47
-15
-29
80
-57
-29
55
-38
27
-14
8
0
-11
18
-18
5
7
-6
-1
3
-4
1
8
-13
10
-5
1
-2
0
0
1
-2
1
-1
-1
0
-2
0
1
0
0
-1
-3
2
-3
0
0
-1
0
1
-1
-2
2
-2
2
-1
0
1
-2
1
-2
1
1
-1
0
2
-2
-1
2
-3
2
0
-1
0
-1
-1
2
-1
0
1
-2
2
-1
0
-1
1
-2
5
-11
13
-9
-1
3
-3
1
4
-6
-7
18
-18
10
0
-9
13
-28
38
-56
29
55
-82
27
11
-47
60
-32
13
-15
8
-7
2
0
-5
7
-2
-20
43
-36
14
-7
16
-53
38
17
-19
-1
-2
0
3
0
0
-3
-1
3
-2
1
0
0
0
0
1
-3
1
1
-4
2
-1
-1
-1
2
-1
-3
1
-1
1
-2
0
2
-2
1
-1
0
0
-1
-1
1
0
-2
-1
-1
-1
0
-1
0
-1
0
-1
-1
0
0
0
-1
-1
0
0
-1
0
0
-1
0
1
-1
1
-3
0
2
-2
1
-3
2
0
-3
1
0
1
-4
2
-2
-2
3
-3
1
1
-1
0
-2
1
-4
1
3
0
-2
-3
0
0
0
17
-19
-39
51
-18
6
-15
34
-45
19
-1
-8
2
0
-6
-3
1
6
-2
15
-19
8
3
-8
21
-54
14
28
-12
6
-6
6
-4
-8
8
1
-2
-2
1
-2
1
3
-6
6
-6
4
-1
-4
1
2
-2
0
0
-1
1
-1
0
-1
0
0
0
-2
1
-1
0
-1
1
-1
1
1
-1
0
-1
-1
-1
-1
0
0
0
-1
1
0
0
-1
1
-1
-1
2
-2
0
-2
0
-3
2
-1
-1
0
0
0
0
-2
-1
-1
0
1
-3
-3
3
0
-5
4
-6
6
-3
-2
2
-3
1
1
-1
-8
7
4
-8
6
-6
11
-30
-16
53
-23
6
-4
-9
20
-17
1
-9
-3
2
2
0
-7
12
-5
0
-11
21
-19
17
-20
13
-6
4
7
-8
-10
11
-4
-5
8
-1
-3
3
-3
2
-2
1
-1
-1
1
-1
1
-3
4
-3
0
-1
1
-1
0
1
-1
-1
0
-1
0
1
0
0
0
-1
0
1
-1
-2
1
0
-2
2
0
-1
0
-1
-1
0
0
0
0
-1
0
-3
1
-1
-1
2
1
-1
0
-1
-2
0
0
-1
-2
1
-1
0
2
-3
0
0
-2
1
-1
2
-5
3
-1
0
-1
0
1
-2
1
-2
3
-3
2
0
-8
4
4
-11
7
6
-8
-6
4
-16
18
-18
18
-22
9
-1
3
-12
3
0
-4
6
-2
2
-28
43
-25
7
-15
21
5
-45
46
-22
2
1
1
-1
-2
2
2
-2
1
-1
0
3
-1
0
0
0
2
-2
0
1
-2
2
0
-1
-1
1
0
-1
1
0
1
-1
-1
1
-1
-1
0
0
0
-1
-1
-1
-1
2
-1
-1
1
-2
0
0
-1
1
-2
1
0
-1
0
-1
1
0
-1
0
-1
0
1
-1
1
0
-1
-1
-1
1
-1
-2
0
0
0
-2
3
-2
-1
1
-2
0
0
0
0
-3
1
0
-1
2
-2
-2
2
0
-2
-1
-3
20
-48
44
-7
-23
14
-8
24
-45
27
-3
0
-7
0
0
1
-3
-3
3
-6
19
-20
9
-12
13
-4
-5
-1
-3
6
-4
4
-2
-2
1
0
-2
1
-1
1
-1
0
0
6
-8
2
1
-1
-1
2
-1
-1
-1
0
0
0
0
0
0
0
-1
-1
0
0
0
-1
0
1
-2
0
1
-2
0
-1
-1
0
0
0
0
0
-1
-1
1
-1
-1
1
-1
0
1
-1
0
1
0
0
0
0
-1
-2
0
-1
-1
0
0
0
-1
0
1
-3
0
0
-1
-2
6
-6
-1
1
0
-1
1
-1
2
-1
-2
1
2
-5
4
-6
2
0
4
3
-15
10
-10
20
-21
5
-5
-1
1
-6
0
2
1
7
-13
-12
0
20
-6
7
-17
15
-19
19
-12
-5
13
-5
-2
2
1
-5
3
0
2
0
-2
1
2
-4
-1
1
-1
3
0
-2
0
-2
1
0
0
-1
-1
-2
1
0
-1
1
-1
-1
-1
-2
1
1
0
-1
1
0
-2
0
0
-1
1
-2
0
1
-1
0
1
-1
1
0
-1
0
0
-1
-2
1
1
-2
0
-2
1
-2
-1
0
-1
-1
-1
-2
-3
1
0
1
-1
-4
0
-2
1
3
-2
-2
1
0
-2
1
-3
4
-1
-4
1
3
-14
4
12
-20
17
-15
15
-9
6
-21
-1
10
11
-9
-2
-5
0
-4
8
-20
3
13
-1
-4
5
3
-10
10
-9
-5
14
-10
7
-2
-4
-1
4
0
-3
4
-5
1
2
-2
-1
7
-7
-2
5
-6
0
5
-5
-1
1
0
-2
0
1
-5
2
-3
0
-2
2
-4
4
-6
3
-2
-1
-2
3
-5
2
1
-2
1
-2
-1
0
0
0
-1
2
0
-1
4
-3
0
1
0
-3
5
-4
3
-3
0
-1
2
-4
4
-2
0
1
-1
-2
0
3
-6
-1
6
-6
1
7
-7
1
1
-3
-1
5
-6
3
0
-5
1
4
1
-8
8
-15
4
7
-11
8
-4
-5
4
2
-12
-5
18
-9
0
0
0
0
0
1
0
-1
1
0
-1
-1
-1
0
-1
-2
-2
0
1
0
-1
-1
-1
1
0
-1
-1
0
0
0
0
0
1
0
0
-1
0
-1
-1
-1
-1
0
-1
-1
-1
0
-1
0
0
0
0
0
-1
0
-1
0
0
-1
-1
0
0
0
-1
-1
-1
0
-1
-1
0
0
0
-1
0
0
-1
-1
-1
0
-1
-2
-1
0
0
-1
-1
0
-1
-1
-1
-1
0
0
-1
0
0
-1
-1
0
0
0
0
-1
-1
-1
0
0
-1
-1
0
0
0
-1
-1
0
0
0
-1
0
-1
0
0
-1
-1
0
0
-1
-2
-2
-1
