-7
-8
1
-7
-2
-5
-5
-3
2
-3
-1
-2
-4
-7
6
-8
-1
-2
3
-5
1
0
-3
1
3
-9
8
-8
4
-3
-2
4
0
-4
2
0
-2
8
-10
3
0
-1
-1
2
-1
0
-1
1
1
-2
-1
1
-1
-1
-3
0
0
0
-2
1
-2
1
-1
-1
0
0
0
1
-1
1
-1
1
0
2
-1
0
0
2
-1
-1
1
1
1
0
0
3
0
0
1
5
-12
9
-1
1
2
-4
0
3
-1
-2
6
-8
9
-8
4
2
-3
3
1
-3
4
-1
0
-5
10
-5
-1
1
1
0
3
0
-1
0
2
0
6
-1
-6
-5
-3
-6
-1
-7
1
-11
9
-9
0
-1
3
-3
-19
11
7
-18
12
-8
7
-10
2
-2
0
0
-5
-2
1
3
-5
-3
2
0
1
0
-3
4
-2
0
0
0
0
0
0
-1
1
-2
-2
1
-2
1
0
0
-1
-1
-1
0
-1
-1
-2
0
0
0
0
0
0
0
-1
1
-1
0
1
-2
1
1
1
1
-2
2
-1
-1
1
0
0
1
0
0
1
0
-2
4
-3
1
2
0
2
-3
-3
4
2
0
-3
1
1
-1
4
-9
8
-7
14
-16
8
15
-16
0
5
0
2
-6
11
-8
5
-3
2
1
1
1
-7
-8
-3
-3
-2
0
-8
0
-4
-1
-4
0
-1
-1
4
-8
-12
11
-6
5
-15
7
1
-3
-5
0
3
-6
-6
5
0
-2
3
-6
5
-3
-2
2
0
0
0
1
0
0
-1
1
-3
4
-4
0
0
-1
-1
-1
0
-3
1
-1
0
-2
0
-1
-2
-1
-1
0
0
0
0
-1
2
0
2
-2
3
0
1
0
1
0
-4
4
-1
1
-1
0
1
1
0
0
2
1
-2
-1
6
-5
3
-1
1
6
-5
-4
4
2
-4
1
2
10
-16
8
-5
12
-11
-7
6
2
2
3
-1
3
-2
4
-4
3
2
4
1
-1
-7
-6
-4
-4
-12
6
0
-19
17
-13
-1
3
4
-21
1
-2
2
4
-4
1
-14
17
-10
1
1
-3
-2
-4
9
-8
0
3
-8
2
3
-1
1
0
-1
3
-2
0
1
1
-3
5
-2
-3
2
1
-5
2
-1
-1
-1
0
-2
0
-2
-1
0
-1
-1
0
0
0
-1
-1
1
-1
-1
1
-1
1
1
0
-1
3
-5
2
2
-4
-1
6
-3
2
1
1
-2
4
-1
0
2
-2
3
4
-8
4
1
-7
10
-3
-2
0
2
2
-9
17
-13
2
-2
5
3
1
4
-18
7
7
1
-11
18
-15
2
10
-9
4
1
1
-4
-10
-2
-6
2
-6
0
-12
4
0
-1
6
-18
-17
45
-33
0
2
-2
0
-9
7
1
-5
0
1
-7
8
-6
2
-8
7
-9
4
6
-4
-4
7
-5
2
1
1
0
1
0
-1
1
0
-3
1
0
-5
4
-3
2
-2
1
0
-7
6
-3
-1
-1
-2
0
0
0
0
-3
8
-8
0
2
0
3
-2
5
-5
1
2
-2
1
2
0
0
1
0
1
1
0
-5
7
-4
-4
7
4
-9
7
-7
4
-6
8
-7
3
1
-4
3
10
-8
1
-1
4
1
-30
48
-14
-14
11
1
4
6
-9
3
-3
4
-1
2
-1
-6
-9
-2
-6
-7
4
-5
-6
9
-16
12
-19
11
-10
-8
9
-9
9
-8
-1
-17
24
-8
-1
-2
-1
-2
2
-6
2
1
-5
8
-8
2
3
-5
3
1
1
1
-1
-1
3
-4
4
0
-4
2
-7
3
-1
-3
1
-3
3
-4
1
1
-1
-2
1
-1
0
-1
0
0
0
-1
-1
2
1
-3
3
-2
3
-2
0
5
-5
3
-3
0
3
-3
4
-1
-1
1
1
1
2
-5
3
3
-7
8
-4
2
3
-7
4
-1
1
0
0
-7
25
-17
1
-7
10
-8
14
-4
-6
15
-16
15
-13
11
-2
-1
7
-4
2
3
0
-10
-4
-7
-3
-4
6
-3
-30
24
-10
2
-7
6
-7
-15
9
7
-10
-3
2
8
-7
-3
-3
3
-1
0
0
-7
2
-4
8
-9
3
-3
2
0
6
-7
0
-1
1
0
-2
1
2
-4
2
1
-4
4
-5
5
-3
-2
-1
1
0
-2
-1
0
1
-1
-1
1
0
-1
0
1
0
-1
1
2
-1
-2
-1
6
-6
3
-2
2
2
-4
2
2
-1
-1
2
-1
2
-6
6
0
2
-3
4
-9
9
-3
3
-7
2
2
-1
4
-3
-2
-6
8
3
-1
-9
8
13
-12
-4
9
-4
4
-7
25
-27
1
8
-1
7
-2
4
-7
-7
-1
-11
-1
-1
-13
16
-13
2
-3
-6
8
-34
56
-44
1
5
-2
-7
2
5
0
-2
-1
-1
-2
-1
1
-8
4
2
-2
0
-3
0
3
-2
-1
1
0
1
-1
0
-4
9
-4
-1
0
0
-2
-2
-1
-2
1
0
-2
0
-3
4
-3
-1
0
1
0
-1
1
-1
-3
5
-2
1
-2
2
3
0
0
-2
-1
2
1
-1
-4
9
-5
1
0
2
0
0
0
-2
3
1
-2
0
-2
3
5
-7
1
0
-1
1
0
-1
1
5
3
-7
-2
6
2
-40
60
-30
10
-3
-1
5
-11
22
-10
3
3
-3
4
1
-12
-5
-2
-7
-7
8
-23
25
-17
2
-3
-6
5
16
-62
43
-17
9
-4
-4
0
8
-9
3
-5
-1
1
3
-5
-2
3
-9
9
-7
-1
6
-4
-1
4
-3
1
2
0
1
6
-9
6
3
-3
0
-5
7
-3
0
0
1
-1
0
-3
1
-1
0
-1
-1
0
0
1
1
0
3
-3
1
-1
2
1
1
-3
7
-5
0
-2
2
5
-9
6
1
-1
2
1
-3
5
0
-3
7
-1
-6
9
-7
4
-1
-5
4
3
0
-4
4
-8
9
1
-1
-4
12
-16
46
-58
20
9
-3
0
5
-15
29
-19
11
-3
1
3
3
-17
3
-10
-6
-1
-2
-10
-2
2
0
-3
-1
-2
-3
-10
1
0
5
-10
-2
24
-40
23
-4
0
-1
-3
-5
6
-2
-2
3
-14
11
0
-2
1
-2
-3
2
-1
0
-1
1
2
-5
3
-1
-2
0
5
-7
3
0
-3
-1
2
-4
0
1
-1
-2
0
0
0
0
0
-2
-1
1
0
-4
3
0
-1
1
4
-7
5
-1
-1
-2
3
-5
3
0
-1
0
-1
4
-2
-2
2
-2
0
13
-14
4
0
-2
7
-4
-1
-2
1
-4
24
-37
25
-1
-9
5
1
5
-7
0
0
3
-1
3
3
3
-5
1
2
2
-6
11
-6
0
-12
-6
0
-9
-5
19
-15
-2
-6
-10
4
-7
18
-14
-13
2
0
5
-15
30
-26
5
-4
-2
1
2
-6
2
-2
10
-4
-19
15
0
1
-6
5
0
-1
1
2
1
-2
1
1
-1
-2
0
-6
5
-3
-1
-1
1
-2
-1
-2
1
-2
-2
-1
1
0
0
-1
0
-1
1
-1
0
0
1
-1
0
-3
6
-5
1
-1
-1
1
1
-3
1
0
0
-1
0
4
-6
1
-1
16
-17
-4
10
-2
2
-6
3
2
-3
-2
7
-24
32
-15
8
1
3
-12
-10
21
-3
8
-7
-3
2
-13
22
-1
-5
4
1
-7
7
6
-21
6
-1
-10
-2
6
-19
-1
12
-7
-21
49
-72
46
-12
-5
5
-8
14
-34
33
-18
0
4
-4
-4
9
-13
6
3
-20
22
-15
4
2
-1
-1
0
0
0
0
2
-3
6
-8
4
-1
-3
1
-3
2
-2
-4
5
-5
0
-1
0
-1
-1
1
-1
-1
0
-1
-1
1
0
1
0
0
1
-4
6
-3
-1
4
-2
2
-2
1
5
-8
6
-1
2
-1
0
-1
0
0
0
2
4
-15
22
-19
5
7
-12
9
-3
-5
5
1
-17
34
-32
15
-6
6
-4
-9
50
-70
52
-18
-4
15
2
-15
9
0
-7
6
10
-14
0
-21
14
-19
6
-15
25
-29
-8
8
1
-8
7
19
-69
48
-15
9
-12
21
-47
40
-10
-2
-6
8
-7
5
-10
7
-11
8
5
-10
5
-3
4
-7
9
-2
-1
-2
4
0
-3
0
3
-5
3
-5
3
-2
-2
-2
2
-4
2
-2
-1
0
-1
-1
0
-1
0
-2
-1
-1
0
1
0
-1
2
-3
2
-1
-1
-1
4
-3
4
-4
3
1
-2
1
4
-2
0
-2
8
-8
4
-2
5
-11
5
9
-10
7
-8
6
-6
7
-5
-1
-9
41
-46
22
-12
10
-14
51
-66
21
9
-6
4
11
-6
-24
28
-10
10
-10
18
-12
-23
15
-18
-18
28
-19
-16
-13
50
-36
-16
47
-23
-32
8
2
17
-30
7
19
-27
1
4
3
-8
5
1
-6
1
-2
5
-7
-1
11
-7
0
1
-1
2
1
-1
0
1
-2
5
-2
-3
1
-1
-2
2
-4
2
-1
2
-5
0
0
-2
0
0
-1
-1
-2
0
0
0
0
1
1
-1
2
0
-5
4
1
2
-4
3
-1
0
1
-3
-1
6
-2
2
0
0
1
4
-1
2
0
-6
11
-1
-7
5
0
2
-4
2
6
-7
4
5
4
-25
20
9
-29
18
5
13
-27
-20
50
-15
-32
52
-10
-11
-14
31
-11
-14
23
-31
10
-15
20
-21
3
-40
67
-68
20
16
-41
34
-5
-7
8
-13
10
-16
9
-3
-13
0
6
-4
2
-1
2
0
-2
-4
0
2
-2
-2
2
2
-2
2
-2
1
-1
1
-2
2
-2
4
-2
-1
1
-3
0
1
-1
-1
0
1
-2
0
-1
-1
0
-1
0
-1
-1
0
0
0
-1
-1
-1
2
-1
0
-1
1
1
-2
1
0
-1
3
0
3
-2
2
0
1
-1
2
-1
2
3
-2
-3
2
2
-3
-2
1
3
0
3
-4
8
1
-11
-2
11
-14
11
-12
11
-3
-3
37
-39
17
23
-67
70
-36
7
-17
26
-9
18
-14
-8
9
-23
13
-14
31
-75
64
-28
5
-21
3
12
-3
3
-24
17
-5
0
4
-12
4
2
-1
-3
-2
-2
6
-9
9
-12
11
-9
1
2
-1
1
-4
0
0
0
-2
-1
4
-2
-1
2
-2
-1
-4
2
0
-1
0
-4
1
-1
-2
0
0
0
-2
-1
0
0
0
1
-1
1
-1
-1
2
-2
2
-1
0
2
-2
1
-1
1
-1
0
4
-1
-2
1
1
0
-2
1
-1
4
2
-6
11
-12
10
-8
7
-1
-1
-2
0
3
5
-11
4
0
-4
18
-23
5
0
15
6
-18
8
-25
66
-71
35
-11
16
-16
14
1
0
-5
-3
-19
9
-19
-20
51
-21
-7
-8
51
-68
6
-6
6
10
-4
-3
0
-14
2
8
-8
1
-1
-2
2
-4
-2
-4
-3
9
1
-4
2
-7
7
-5
2
0
1
2
-1
-3
4
-3
2
-3
1
-3
0
-3
4
-5
1
1
-2
-1
-1
-1
-1
-1
-1
0
0
-1
0
-1
1
0
-1
1
1
-4
5
-2
2
-2
2
-2
3
-1
5
-2
-1
2
2
0
3
-4
8
-6
3
-4
1
9
-2
-4
-1
-2
3
-2
0
2
-7
10
4
-14
1
-2
-2
11
9
-3
9
-65
55
-6
-3
-19
55
-17
-16
12
-13
2
3
12
-22
-17
40
-19
-31
-14
56
-76
53
3
-44
27
6
-58
45
17
-65
40
0
-30
34
-17
3
-5
1
4
-17
17
-9
-2
8
-12
2
8
-6
1
-2
5
-3
2
-1
2
-2
2
-3
3
-3
2
-2
0
0
-1
-1
1
-2
-1
0
-2
-1
0
0
-1
0
0
-1
0
0
0
0
-1
0
1
-1
2
0
0
-1
0
-2
3
-3
3
-2
3
-1
1
-1
2
-3
5
0
0
-4
9
2
-12
8
-2
-8
17
-15
5
2
-3
4
-16
36
-29
1
41
-62
18
48
-54
10
30
-41
7
57
-74
61
-9
-27
-15
48
-12
-15
3
-25
25
-47
48
-66
94
-108
67
-33
21
-53
34
30
-71
42
-33
49
-49
19
-21
34
-21
1
-5
7
-11
14
-17
12
-14
7
1
-6
2
-1
-1
10
-11
6
-3
1
2
-2
3
-1
-2
3
-3
-1
0
0
0
-4
4
-2
0
-1
-2
0
-2
-1
0
-1
0
-1
0
-1
-1
1
-1
0
1
-2
6
-4
1
1
1
0
-2
1
-1
-1
3
-1
3
2
-3
6
-10
9
-1
0
3
-5
1
9
-13
14
-17
15
-10
9
-4
3
-20
36
-20
19
-47
50
-32
46
-67
34
36
-50
23
-29
68
-105
97
-62
51
-40
31
-17
-23
16
-27
-5
29
-39
5
2
18
-45
-4
95
-70
-53
61
-15
-12
-5
24
-13
-3
-6
11
-8
3
0
-6
3
3
-6
-2
-5
11
-6
0
-4
6
-7
8
-3
0
0
-1
3
-1
-2
0
1
-5
5
-6
3
-2
0
-1
0
-1
-2
-1
-1
0
-1
-1
0
0
0
0
-1
1
-1
0
-1
0
0
1
0
-2
4
-5
5
-4
2
0
0
0
3
0
0
0
-2
7
-7
6
-2
0
-6
11
-5
-1
-5
4
5
-6
0
4
-6
12
-5
-2
-12
26
-4
-11
-12
63
-50
-67
99
0
-41
19
6
9
-36
32
2
-21
24
-30
9
-10
14
-11
2
-56
62
-49
16
8
-48
4
41
-3
-20
5
6
-15
4
6
-14
1
1
-1
0
-2
-1
0
0
-7
4
2
-4
-1
5
-5
3
0
0
3
0
0
2
-2
0
0
0
0
0
0
-1
0
-2
0
-2
-2
-1
0
-2
0
0
-1
1
0
0
-1
-1
1
-1
-1
0
0
2
1
0
1
0
0
-1
1
-1
1
0
-1
2
0
-1
2
0
0
2
-5
5
-1
-5
2
6
-5
1
1
-1
0
1
0
2
1
-13
8
5
-14
7
6
-18
0
44
7
-44
10
20
-47
66
-52
6
-9
22
-5
17
-15
-7
5
-13
-2
-11
41
-57
28
-28
15
-8
51
-75
31
-17
-9
4
7
5
-11
0
-3
-1
4
-5
0
0
-4
2
-8
12
-16
6
-5
4
2
-2
0
0
-1
0
1
0
1
-1
1
-2
-1
0
0
-1
-2
-1
-2
2
-2
0
-2
-1
-2
-2
0
-1
0
0
0
-1
0
1
-1
1
-1
3
0
0
0
1
1
-1
0
-2
3
-2
1
-1
1
0
-1
1
0
-1
3
4
-5
9
-16
14
-7
2
-3
2
1
-3
4
1
-2
2
-10
7
8
5
-8
-13
33
-72
54
-5
18
-27
30
-52
45
-8
2
-4
10
1
3
-3
-5
-22
9
-23
-3
25
5
-18
19
6
-97
57
13
-8
10
-14
-13
11
-7
7
-3
-3
0
-1
-2
-1
-1
-2
-3
11
-4
-9
7
0
-1
3
-5
1
2
2
0
0
0
-1
0
2
-2
-2
4
-3
-2
0
1
-5
0
-1
0
-1
0
0
-1
-1
0
0
0
-1
1
-1
0
1
1
-3
3
1
-1
-3
5
-1
-1
2
1
-1
2
0
1
1
2
1
-5
4
-1
0
8
-9
-4
12
-3
-2
0
0
-1
0
1
-2
-3
8
-6
12
-12
-13
11
-5
17
60
-94
10
20
-16
7
28
1
-19
13
-14
0
4
14
-30
-6
43
-67
40
10
-53
32
0
-49
54
-15
-24
16
-12
0
11
-25
12
6
-13
5
-4
-1
-4
4
-4
2
5
-13
9
-1
-1
-5
3
2
1
-4
3
0
1
0
0
-1
2
0
0
-3
4
-2
-2
0
1
0
-3
0
-1
-1
0
0
-1
-1
-1
0
0
-1
0
-1
1
-1
0
1
-1
0
1
0
-1
-2
4
-2
1
0
2
-1
0
0
1
0
4
-3
0
3
3
-4
0
-1
9
-14
5
3
-4
5
-2
0
-1
7
-11
8
14
-23
13
1
-9
20
-19
-13
56
-46
4
34
-48
14
44
-65
51
0
-22
0
-9
-17
12
-13
22
-34
10
1
-16
10
8
-35
18
-13
7
-1
-7
1
-3
4
-8
-1
3
-3
-1
-1
0
-4
-3
4
0
-1
-1
0
1
-1
1
-2
2
-2
1
1
1
-1
0
0
0
-2
2
-2
-2
0
-2
0
0
-1
0
-2
-1
1
-1
-2
-1
0
0
0
-1
1
-1
0
0
-1
1
2
0
0
0
0
4
-1
0
1
0
-1
1
1
1
-2
2
-3
1
0
1
0
0
-1
1
4
-2
-3
2
0
0
-2
4
0
-5
5
-1
2
-5
0
11
-10
23
-32
11
12
-12
3
13
-30
27
-10
18
-12
-3
-5
-13
5
-6
1
-9
6
-15
9
-14
15
-4
-9
-11
8
-3
-1
0
-6
2
1
-1
-2
1
-3
0
-1
-2
1
-2
-2
0
-1
0
1
-1
0
0
0
-2
2
0
1
-1
0
0
0
2
-2
0
0
0
-2
-1
3
-3
0
-2
-2
0
0
0
0
-1
0
-1
0
-1
1
0
0
0
0
-1
3
0
-1
1
1
1
-1
3
0
1
0
0
1
0
1
-1
1
1
1
0
2
2
-1
2
-1
-1
2
0
-1
0
-2
2
-1
1
1
2
-5
2
0
0
12
-8
-6
-2
18
-12
11
-11
9
-5
4
2
9
-6
-6
-3
-12
2
-2
-15
2
4
0
-10
9
-13
11
-15
-4
4
0
-3
-2
1
-1
-2
1
-4
1
0
-1
-1
-1
-2
0
0
-3
2
-3
2
0
0
1
0
-1
0
0
2
-1
1
0
1
-3
0
-1
-1
1
-3
-1
1
-1
-2
0
-2
-1
-1
-1
-1
0
-1
1
0
-1
0
2
-1
0
2
1
-2
1
-1
1
1
-2
2
0
1
-1
2
0
0
-1
-1
1
-2
0
3
-2
3
-3
1
1
-1
0
0
-2
1
2
-4
2
-1
0
4
-1
-2
1
8
-1
-13
14
-9
10
-7
1
8
4
-11
2
10
-7
4
-10
-6
-1
2
-12
-5
8
-11
-5
3
-9
7
-6
-4
-2
-1
-5
4
-4
3
-4
0
-3
1
-4
1
-1
-1
0
-3
-1
0
-1
0
-1
1
0
1
0
1
-1
0
1
2
-1
1
-1
-1
1
-2
0
-2
1
-1
-2
-1
1
-1
0
-1
-1
-1
0
0
1
0
0
0
-1
1
0
-1
1
0
-1
1
2
-1
1
-1
2
0
-1
1
-1
2
0
0
-1
0
-1
1
0
1
-1
0
-1
2
0
-2
1
0
0
1
-2
3
-2
2
-3
4
-3
4
-4
2
1
-2
-2
9
-6
7
-3
-8
12
0
-9
9
3
1
-10
-2
-9
-5
0
-4
-10
7
-8
1
-5
-4
7
-10
2
-3
-2
2
-3
1
-2
-3
0
-1
-2
-1
0
-3
1
-1
-3
1
1
0
-2
1
-1
1
-1
1
0
1
0
1
0
0
1
0
0
-1
-1
-1
-1
1
-3
-1
-1
-3
-1
-1
-1
0
-2
-1
0
-1
0
0
0
0
0
0
0
-1
-1
1
0
-1
0
-1
1
1
1
0
0
1
0
1
0
0
-1
1
0
2
0
0
1
1
-3
0
2
-2
0
1
0
0
1
-3
-1
4
-3
3
-1
0
5
-8
10
-1
-3
3
-6
12
-6
0
4
1
-4
7
-7
-7
-1
-8
-2
-5
-1
-6
-2
-1
-3
-2
-5
3
-3
-5
2
-2
-6
5
-2
-3
2
-1
-1
-2
0
0
-3
0
0
-2
-1
0
-1
1
-1
0
0
-1
0
1
0
0
0
1
0
-2
0
0
0
0
-1
-1
0
-1
0
0
0
0
0
-1
-2
0
-1
0
0
0
0
0
0
1
0
0
0
0
0
1
0
0
1
-1
2
1
0
0
0
1
1
0
1
1
0
1
0
1
-1
-1
1
2
-2
2
1
-2
0
-2
3
-1
-2
8
-4
0
3
-3
0
6
-2
0
-1
2
0
0
3
-1
1
-1
4
2
-6
-8
-6
1
-6
-2
-6
0
-4
0
-5
5
-15
5
-5
-2
0
-1
-2
2
-5
1
0
-2
1
0
1
-1
-2
1
1
-4
-1
1
-2
0
-1
1
-1
0
0
-1
1
0
0
-1
0
-1
1
-3
0
-2
1
-1
0
-1
-2
0
-1
-1
-1
-1
-1
0
0
1
0
0
-1
-1
-2
0
-1
1
0
0
1
0
1
-1
2
-1
1
0
0
1
0
0
0
0
1
0
-1
1
0
2
-1
-2
0
1
-1
0
1
1
2
-1
1
2
-4
3
-1
1
0
1
-3
9
-12
8
-2
2
-2
4
-3
2
-4
6
-2
1
-3
-4
-3
-2
-1
-1
-2
-2
0
-2
-2
-2
-2
-2
-2
-2
0
0
0
-2
-1
-1
-1
0
0
-2
-1
-1
0
-1
-1
-1
0
0
0
-1
0
0
0
0
0
0
0
0
-1
0
0
0
0
0
0
0
0
0
-1
0
0
-1
-1
-1
-1
-1
-1
0
0
0
0
0
0
0
0
0
0
0
1
1
0
0
0
0
0
0
0
0
0
0
0
-1
0
0
0
0
0
-1
-1
0
0
0
0
1
0
0
0
0
0
1
0
0
-1
0
0
0
1
1
1
1
0
0
0
0
0
0
-1
-1
0
1
1
0
