-10
-5
-7
-6
14
-18
-2
-15
16
-9
0
-4
5
-16
14
-43
51
20
-201
264
-105
-17
8
12
-13
13
-27
-3
17
-4
-4
4
-5
-1
3
-1
-4
3
-1
5
-12
15
-11
6
-4
3
0
-1
1
-2
-1
0
0
0
-1
-1
0
-1
-1
-1
0
-1
0
-1
0
-1
0
-2
2
-1
0
0
1
1
1
1
0
0
-1
-1
2
0
0
3
-3
5
-12
16
-11
5
1
3
-3
-1
4
0
-5
5
-4
-3
17
-1
-26
13
-11
14
10
-15
-104
265
-200
21
52
-40
17
-12
7
-1
3
-5
17
-10
1
-15
17
0
-2
5
-8
-6
-7
-3
17
-47
37
-26
9
-5
-1
-5
-16
48
-28
-28
-19
36
-46
93
-37
-38
19
12
-25
-16
88
-95
24
14
4
-16
-11
11
15
-20
5
3
10
-23
11
11
-19
11
-6
8
-7
2
-2
0
-1
0
0
-2
0
0
-1
-3
0
0
0
0
-1
-1
0
0
0
1
1
1
2
-3
0
2
2
-1
1
-1
0
1
-1
2
-6
9
-5
12
-19
11
11
-23
11
3
5
-19
15
12
-11
-15
5
16
24
-94
89
-14
-24
14
21
-36
-36
96
-45
38
-18
-25
-25
52
-13
0
2
-1
11
-21
40
-43
20
5
-1
3
-8
-6
-1
-6
-5
-13
-36
62
-29
0
-12
16
-22
38
-66
58
-73
101
-31
-69
33
-18
10
25
-29
-49
143
-76
-45
42
-19
6
-1
5
-7
4
-11
22
-15
17
-31
19
-12
11
1
-4
0
1
2
-6
3
-4
1
-1
0
-3
1
-1
-1
1
-1
-2
1
0
-1
0
1
-1
-1
3
-2
-1
2
-2
1
0
2
-4
5
-5
3
1
0
-4
1
12
-11
19
-31
17
-13
23
-11
5
-6
6
-1
6
-19
43
-44
-74
145
-48
-28
25
13
-17
34
-67
-29
103
-72
62
-62
43
-18
18
-8
2
-26
66
-31
-9
-2
0
5
4
-9
-6
-5
-14
38
-74
63
-21
-21
10
0
-23
46
-81
48
26
-61
-11
21
121
-180
115
-80
23
62
-61
-8
15
28
-39
12
-52
68
-2
-19
1
1
3
-18
19
8
-1
-17
5
18
-32
21
-4
0
-2
-2
2
-2
-2
-3
7
-7
2
-1
-1
0
1
-1
-1
2
-2
0
0
2
-1
0
3
-6
7
-1
-1
-2
3
-1
-1
1
-2
21
-31
18
6
-17
-2
8
20
-17
3
2
1
-18
-2
68
-52
13
-38
29
17
-8
-60
63
24
-79
115
-179
122
21
-10
-60
29
51
-78
50
-18
4
14
-18
-17
66
-71
41
-8
0
3
-7
-7
-7
5
-20
-5
26
-33
12
-2
3
-46
33
15
-3
38
-175
231
-202
70
51
-56
7
41
1
-96
92
-54
37
-20
11
-14
10
8
-27
33
-18
3
16
-33
15
21
-14
4
-11
5
-1
1
-2
4
-4
-4
2
-1
1
-4
-2
3
-3
1
-2
1
-1
-2
1
-1
0
2
-2
1
-3
4
-1
-2
2
0
3
-4
-2
6
-1
0
0
6
-11
3
-15
21
15
-33
15
2
-18
33
-26
8
10
-15
12
-20
38
-54
93
-94
2
42
8
-54
52
71
-202
233
-174
42
1
18
36
-43
7
2
13
-28
30
-1
-17
13
-2
3
-10
-7
-6
-7
61
-126
108
-65
11
7
-27
36
-20
-27
46
-4
-72
15
217
-320
147
-9
-16
17
-58
136
-134
74
-53
4
2
-21
86
-86
32
0
2
-23
25
17
-49
36
-14
8
-30
56
-34
3
3
-3
-3
2
-1
-8
9
-7
1
-2
3
-5
4
-4
1
-1
0
-2
2
-3
4
-5
3
-1
1
-6
10
-7
0
2
-2
-2
4
2
-34
57
-30
7
-14
36
-49
17
25
-24
3
1
33
-85
86
-19
4
5
-52
75
-134
138
-56
18
-15
-7
147
-319
218
17
-71
-1
49
-24
-17
38
-24
11
13
-60
112
-122
63
-1
-1
2
-9
-4
-6
5
-20
3
-14
-6
29
-19
-8
34
-56
-3
63
-82
66
-79
297
-406
150
21
-73
69
-60
122
-87
-59
103
-52
-3
-12
52
-11
-34
19
-5
5
-2
-9
7
1
-8
13
-10
5
1
1
-1
-6
5
-2
-1
3
-4
-3
-1
1
-2
1
-3
0
-4
2
-2
3
-3
2
-2
2
-1
2
0
-1
-3
5
-1
-2
4
-6
0
1
0
6
-10
14
-8
2
7
-9
-1
5
-4
19
-32
-11
52
-10
-3
-51
105
-56
-86
124
-59
71
-71
23
152
-405
299
-78
67
-79
67
1
-52
39
-4
-16
32
-3
-11
7
-18
13
-2
4
-8
-8
0
-13
-1
0
49
-75
5
24
-16
-11
24
-55
70
0
-58
46
-110
1
176
-143
86
-64
68
-30
-91
72
22
-32
21
-26
-10
31
-4
-13
3
3
-11
18
-9
-2
17
1
-46
40
-9
0
-1
2
0
-3
-1
3
-6
0
1
0
-2
2
-6
4
-3
0
2
1
-2
4
-5
3
0
-1
2
1
-5
4
-1
-3
2
2
0
0
-8
40
-46
2
18
-2
-9
19
-10
3
3
-12
-3
33
-10
-25
21
-30
23
74
-91
-29
69
-61
87
-143
177
1
-109
47
-57
2
74
-52
28
-9
-15
28
8
-72
52
4
1
-5
4
0
-8
-10
-1
1
-9
25
-73
10
67
-42
-7
-9
-1
186
-313
150
-47
-1
59
-64
52
-22
-11
12
-71
137
-81
-23
26
4
-9
-2
4
-1
8
-18
13
-5
7
-23
32
-18
5
8
-9
-2
4
-3
2
1
-4
4
-4
-2
1
-6
2
1
-3
3
-6
-1
2
0
-1
0
3
-1
-5
4
-3
2
2
-3
3
-1
-3
5
-3
1
3
-3
4
-1
-9
8
6
-18
32
-23
7
-4
14
-16
9
0
4
-2
-7
4
26
-21
-80
138
-70
15
-10
-22
53
-62
61
1
-46
154
-309
188
3
-5
-4
-40
69
13
-69
29
-6
8
4
0
-10
-3
-5
-12
10
23
-86
33
40
-33
-4
24
-27
96
-182
52
74
29
-209
149
-15
-16
65
-96
46
-14
-23
38
-19
13
-1
-2
-4
-9
17
-19
12
-1
3
-2
-17
20
5
-18
18
-14
1
4
4
-6
-1
3
-5
1
0
-1
-2
4
-6
-3
-2
12
-13
4
-5
5
-12
14
-1
-2
-5
4
-1
1
1
2
-4
5
0
-6
5
3
1
-14
19
-17
4
19
-16
-1
4
-1
12
-18
19
-9
-4
-2
-1
13
-18
41
-22
-14
47
-95
66
-17
-14
151
-208
31
75
55
-179
101
-24
28
0
-30
42
37
-83
26
13
-6
-2
5
-16
22
-40
16
-51
72
-40
14
-25
37
-67
90
-101
67
-95
100
-25
-89
59
87
-106
-10
118
-135
113
-65
-15
29
-27
12
-4
10
-16
31
-22
4
-3
1
-4
6
-1
1
1
-15
52
-62
21
0
1
-5
1
-3
7
-6
-6
7
-3
2
-4
3
-7
0
3
-1
-3
0
3
1
-7
5
-4
3
-2
9
-5
-5
8
-2
2
-3
2
3
23
-63
53
-16
2
0
-1
5
-4
1
-2
6
-22
32
-16
10
-2
12
-26
30
-15
-63
114
-134
119
-7
-106
87
60
-88
-24
102
-93
71
-98
94
-64
40
-23
19
-37
75
-48
21
-35
30
-4
31
-145
256
-513
715
-453
75
-3
56
-161
345
-650
579
-157
-10
-46
-114
505
-535
150
34
26
-118
106
-64
203
-382
407
-368
275
-213
173
-104
37
-9
2
0
-2
0
-2
11
-13
12
-11
7
-4
8
-2
-4
3
-7
2
-3
8
-5
6
-9
2
-5
28
-47
39
-24
17
-25
39
-46
28
-5
3
-8
7
-6
8
-3
2
-7
5
-4
-1
6
-4
7
-10
12
-14
11
-2
0
-1
0
2
-8
38
-103
173
-210
276
-367
409
-382
204
-63
107
-115
28
35
151
-534
506
-113
-45
-6
-154
583
-647
349
-156
59
-1
78
-451
718
-511
264
-142
39
-25
-11
-24
54
85
-27
-116
-141
90
137
58
-111
-88
-202
160
280
61
-158
-190
-41
121
111
28
-188
-63
164
-117
123
10
-60
20
-48
36
-3
-2
0
-2
4
-2
1
-3
0
0
-1
4
-3
1
-2
3
-5
0
6
-12
12
-13
2
5
1
-6
-9
7
1
2
-5
-3
-4
3
2
8
-9
-4
2
6
2
-12
15
-12
7
0
-2
4
-3
1
-2
4
0
0
3
-3
2
-1
3
-2
1
-2
-1
36
-47
23
-61
10
124
-117
165
-61
-185
30
112
122
-40
-189
-156
62
282
164
-199
-85
-109
61
140
91
-137
-113
-23
88
62
-19
-3
-16
3
35
-86
199
-399
245
-56
74
-65
47
-113
326
-402
317
-172
-10
-20
15
-55
29
39
-15
25
-70
75
51
-71
-25
22
11
-14
3
-6
9
-8
2
2
-2
3
0
1
0
-1
4
-3
0
4
-5
-2
3
0
-7
5
3
-3
-2
0
-1
-2
1
2
-1
-2
1
-2
-1
3
2
-2
0
0
-2
-3
4
5
-7
0
3
-1
-4
4
1
-4
4
-1
0
1
0
3
-1
1
2
-6
10
-6
3
-13
12
23
-23
-71
53
76
-69
27
-13
40
30
-55
15
-19
-9
-168
321
-400
329
-110
50
-62
76
-51
249
-395
202
-78
40
11
14
-49
20
-6
377
-998
754
23
-138
-10
13
-521
1070
-448
-357
-52
217
692
-1150
688
-402
390
-117
-167
17
132
36
-124
41
1
-18
-6
71
-56
-33
1
83
-23
-71
21
40
18
-48
-15
29
29
-25
-29
14
27
1
-38
-1
36
-1
-14
-31
37
9
-31
15
-10
9
-6
4
-6
9
-11
15
-31
10
39
-31
-13
-1
37
-1
-39
1
28
15
-30
-26
28
29
-15
-47
17
40
22
-71
-21
84
1
-33
-55
71
-5
-16
2
42
-123
37
134
18
-165
-116
391
-400
691
-1149
694
218
-49
-354
-444
1073
-517
17
-8
-137
26
758
-995
380
3
25
-39
-27
5
19
-132
-151
708
-353
-272
101
122
-344
333
211
-251
-182
388
-201
-291
112
277
-180
-211
486
-102
-74
-510
660
-164
-11
-106
22
73
1
-94
40
82
-78
-52
84
40
-107
17
78
-43
-49
61
11
-52
0
53
-5
-76
50
45
-65
-8
49
-8
-59
53
9
-40
11
20
-28
20
11
-40
10
53
-60
-7
49
-7
-65
46
51
-75
-5
53
1
-53
11
61
-49
-41
76
15
-107
41
85
-51
-78
82
41
-93
1
73
22
-105
-10
-163
661
-509
-73
-102
488
-208
-180
278
113
-290
-200
390
-178
-247
215
337
-340
125
103
-268
-350
712
-148
-124
24
14
-17
7
-29
107
-6
-483
510
-129
20
41
-128
220
-504
437
-89
-102
128
120
-303
159
-28
87
-83
-133
164
4
-83
51
2
-16
-8
5
-3
4
-1
1
-2
0
-1
0
0
0
1
1
0
0
0
0
-1
-1
-1
-1
-1
-1
0
-1
0
-1
-3
-3
0
2
0
-1
-1
-1
1
1
0
-2
-4
1
1
0
0
2
0
1
0
-1
0
0
1
0
1
1
0
0
1
0
-1
-1
-2
2
0
5
-3
6
-6
-16
2
52
-82
6
165
-132
-81
89
-27
161
-302
124
129
-99
-85
440
-501
224
-126
44
22
-127
515
-478
-2
114
-23
16
25
-65
42
65
258
-1047
1034
-292
-108
84
-176
625
-884
239
256
46
27
-679
804
-367
232
-506
618
-128
-436
312
-48
-30
123
-68
-39
31
30
-58
-26
75
23
-103
25
81
-44
-69
71
23
-28
-35
17
48
-37
-52
73
20
-66
-14
59
1
-52
5
48
-21
-33
25
1
-4
-1
-3
2
26
-33
-20
50
6
-51
1
61
-12
-65
22
74
-52
-36
47
17
-36
-27
22
71
-70
-44
81
26
-103
24
77
-25
-56
30
31
-39
-68
124
-29
-46
315
-435
-128
619
-504
233
-367
804
-678
28
49
259
241
-881
630
-173
88
-105
-288
1038
-1042
262
72
48
-55
-16
-15
8
57
2
79
-380
147
101
124
-164
-28
-198
200
130
125
-138
-298
110
-50
383
-191
57
-170
9
-326
606
-284
92
-38
12
-8
-21
-36
0
57
29
-8
-43
-34
23
14
48
-23
-31
-4
-10
35
17
-5
-19
-29
-9
30
42
-23
-21
-11
1
19
2
-5
-16
2
12
1
-14
-6
2
20
2
-12
-20
-22
44
31
-10
-28
-18
-5
18
36
-10
-4
-32
-22
48
15
22
-34
-42
-8
29
57
1
-36
-21
-7
12
-37
94
-282
608
-324
10
-168
58
-191
384
-49
111
-296
-137
128
133
203
-195
-25
-161
128
103
152
-376
83
5
65
11
-6
-21
11
5
-75
-10
468
-703
256
22
-51
42
-20
318
-528
331
-224
300
-69
-189
98
35
-453
510
-34
-129
-126
333
-196
-23
74
-47
12
-2
2
0
-1
0
2
0
-3
-3
1
14
-7
-8
8
-3
-2
0
2
-1
-4
-1
-1
-1
-2
1
2
-1
-1
-4
-2
-1
1
1
1
0
-1
-3
-1
1
2
2
0
-1
1
-1
-2
0
3
1
0
-3
7
-9
-7
14
1
-3
-2
1
2
0
-1
1
3
-2
13
-46
75
-22
-194
335
-125
-129
-33
512
-451
36
98
-187
-68
301
-220
334
-524
322
-17
45
-47
25
261
-700
472
-6
-68
10
18
11
-23
40
-172
295
-652
949
-563
15
194
-335
585
-563
120
205
-414
612
-808
837
-407
-222
606
-771
1043
-1310
1026
-643
478
-209
24
-25
25
-5
-7
7
-10
9
-8
13
-11
1
3
4
-1
-4
3
-6
5
3
-12
11
-16
11
-4
-1
-8
10
-6
-11
31
-41
25
-8
-2
2
-1
-7
26
-40
33
-10
-6
10
-7
1
-3
11
-14
12
-11
4
5
-5
2
-3
-1
3
4
1
-11
14
-8
10
-9
8
-7
-5
27
-24
25
-208
479
-642
1029
-1309
1046
-769
608
-222
-407
839
-807
613
-412
208
123
-561
588
-331
198
16
-559
952
-649
298
-166
45
-15
11
-27
13
-23
-124
76
132
-95
0
25
8
-10
-93
-13
242
-143
-5
-15
18
9
-42
104
-161
14
122
-142
73
23
-58
8
12
-8
3
2
4
2
3
-2
-4
-2
1
6
2
-4
-7
-5
6
6
-8
-1
6
-4
-4
-4
-1
2
5
3
-2
-2
5
-4
-1
-3
3
-2
1
-3
5
-2
-2
3
6
1
-1
-3
-4
-4
7
2
-7
6
6
-6
-7
-4
3
7
1
-1
-3
-1
3
2
5
3
3
-7
12
9
-58
24
74
-140
122
16
-159
105
-41
11
19
-14
-4
-140
246
-11
-89
-7
9
29
1
-91
137
79
-120
-16
18
-19
-24
16
-61
74
-249
669
-564
26
129
-1
-170
-69
233
-26
57
-88
19
-329
327
138
-20
-216
30
18
-62
48
-29
62
24
-38
6
-4
5
-3
-3
6
-3
-4
4
-1
-5
3
-3
1
10
-1
-6
-3
3
4
-11
1
9
-2
-4
-4
-1
1
0
0
-1
-2
0
0
-1
2
0
-2
-1
1
1
2
0
-2
-3
-2
10
3
-10
4
4
-4
-6
0
10
2
-5
3
-5
-2
4
-3
-3
7
-2
-3
5
-3
7
-36
26
63
-28
49
-61
19
31
-217
-19
140
329
-328
20
-84
60
-21
235
-67
-169
2
130
29
-561
672
-246
81
-56
24
-30
34
-93
183
-516
736
-206
-365
317
-179
392
-897
821
-435
447
-597
484
273
-944
637
-398
845
-996
400
292
-534
413
-164
-39
91
-92
67
-18
-52
120
-153
151
-115
64
-7
-56
120
-135
109
-99
109
-87
42
-1
-45
94
-130
137
-123
78
-18
-32
42
-32
36
-64
70
-49
26
-20
26
-49
72
-64
37
-32
42
-31
-16
79
-122
138
-129
95
-44
0
41
-87
111
-99
110
-137
119
-56
-6
63
-115
151
-152
119
-52
-18
69
-91
92
-38
-162
415
-531
293
401
-997
846
-397
637
-944
274
485
-593
449
-433
824
-894
394
-177
320
-361
-201
739
-512
189
-88
43
1
-19
4
-19
17
-194
274
-76
-11
-36
36
229
-452
232
6
46
-86
-167
144
31
7
-13
45
-183
109
47
47
-132
59
-9
-1
3
-8
5
-4
7
-4
2
-1
0
0
-1
1
1
0
0
0
-4
12
-17
12
-2
-11
12
-5
-3
2
0
-1
-2
-1
-1
-2
0
1
0
-1
-1
0
0
0
2
3
-2
-4
13
-11
-2
13
-17
13
-4
0
0
0
2
1
-2
0
1
0
2
-4
8
-4
3
-8
5
0
-8
61
-131
49
47
110
-181
46
-10
8
33
147
-166
-85
49
9
235
-449
232
38
-34
-9
-72
278
-191
20
-10
10
-10
14
-31
19
-60
-196
708
-713
182
67
-75
-153
782
-735
77
15
-108
429
45
-730
539
-336
159
344
-61
-679
480
72
-86
3
-77
42
15
0
-16
8
5
5
-11
-7
1
18
8
-31
14
2
-6
6
7
-3
-14
-6
6
17
4
-19
-11
3
3
16
2
-37
17
1
2
-6
2
1
18
-35
2
18
4
4
-10
-18
4
18
6
-5
-14
-2
7
8
-5
2
13
-31
8
18
2
-5
-11
4
5
9
-15
0
16
43
-76
4
-84
72
480
-678
-60
346
161
-335
539
-729
46
430
-104
19
80
-732
785
-151
-74
69
187
-710
712
-192
-53
23
-22
-13
-28
5
8
-15
100
47
-270
16
84
27
163
-101
-87
-69
-79
-3
404
-212
61
-98
-256
248
-125
563
-593
240
-111
50
-38
2
5
9
-3
-4
-4
8
5
-8
9
-8
-4
-2
4
18
-16
9
-8
-4
7
-1
5
-3
6
-15
-5
1
5
6
-2
-14
12
-8
-1
5
1
-7
12
-13
-1
7
6
1
-4
-13
8
-2
7
-1
6
-3
-9
9
-15
18
3
-3
-4
-8
9
-7
5
8
-4
-3
-2
9
6
2
-37
51
-110
241
-591
563
-124
249
-255
-97
62
-211
404
-2
-76
-66
-84
-98
167
30
86
18
-266
50
104
-11
17
10
-19
-19
8
11
-33
306
-718
416
1
27
-37
-126
69
107
-26
-85
32
-268
507
-149
-99
-1
40
-7
11
-5
-221
222
-49
-1
20
-7
-5
-11
9
0
1
-3
1
1
-2
3
-8
19
-22
14
-7
6
-5
-3
8
-9
5
-10
-2
6
-3
8
-12
5
-6
3
2
-2
-1
-1
0
-2
2
3
-5
6
-12
9
-3
6
-1
-9
6
-9
10
-2
-5
6
-7
15
-20
18
-7
3
-3
1
2
-2
1
0
8
-11
-5
-6
21
1
-47
223
-218
-3
13
-4
43
0
-97
-147
509
-267
35
-81
-23
110
71
-122
-33
29
5
422
-714
309
-25
17
16
-32
31
-45
-91
420
-457
11
233
-205
137
138
-528
405
-41
-134
251
-58
-255
83
128
-49
11
-158
342
-32
-601
401
212
-258
67
1
-9
11
-2
-8
2
-1
7
-6
-1
7
-5
4
-5
7
-7
-2
7
-3
-3
3
-4
0
2
-2
-2
4
-4
-3
6
-14
14
-8
-1
4
-1
-8
14
-13
7
-3
-4
5
-1
-2
3
1
-3
5
-3
-2
7
-2
-7
7
-5
5
-4
7
0
-6
7
0
3
-8
-1
11
-9
2
67
-257
213
402
-600
-31
345
-158
11
-48
129
84
-253
-57
255
-132
-39
408
-526
141
139
-203
237
15
-454
423
-84
-39
39
-21
4
-19
57
-229
306
-159
55
-59
-32
90
-95
135
-73
-26
20
-64
45
-8
-7
52
-48
-4
-26
-65
168
32
-118
27
-31
27
-24
2
11
-6
3
-1
2
-2
0
0
2
-1
1
1
-2
1
-1
2
-2
0
-1
-1
2
-3
-2
-1
0
1
-5
1
-1
-1
2
-1
1
-2
-1
2
-4
3
0
0
-1
-2
3
0
0
0
-1
3
0
1
-1
1
2
-1
2
0
1
-1
1
0
4
-5
12
2
-22
28
-32
28
-117
33
170
-63
-24
-2
-46
52
-6
-6
46
-63
24
-22
-70
138
-92
93
-30
-57
59
-157
311
-225
64
-14
13
-15
-7
0
-37
123
-64
-85
-11
102
-58
-4
12
80
-165
102
-17
-60
107
-104
43
48
-100
67
-71
-24
188
-80
-72
43
-6
-8
3
1
1
0
-1
1
-1
0
-1
0
0
-1
0
1
0
0
-2
0
0
-3
0
-1
-1
0
-4
1
0
-1
-1
0
-2
0
-1
0
-1
1
-2
1
0
-1
0
2
-3
1
1
-1
0
-2
1
1
-1
0
0
2
2
-1
0
1
0
0
1
1
0
1
1
1
2
-6
-5
43
-70
-80
189
-23
-70
69
-100
48
45
-103
109
-59
-13
106
-162
83
16
-2
-56
104
-7
-81
-60
128
-30
5
1
-14
-3
10
-8
-22
-5
16
5
-13
-2
18
2
-28
-19
15
17
-13
-14
15
13
-27
-36
20
58
14
-51
-44
14
35
3
-21
-3
12
2
-10
-1
8
0
-7
0
7
1
-5
1
6
1
-5
-1
4
0
-5
-1
4
0
-5
-1
3
-1
-4
-1
2
-1
-4
-1
3
-1
-3
0
4
0
-3
1
4
-1
-3
0
5
-2
-3
1
5
1
-5
0
6
1
-6
1
7
0
-7
1
9
0
-10
1
12
-3
-19
3
35
14
-42
-48
16
59
21
-35
-27
15
16
-14
-12
19
18
-17
-26
5
20
1
-11
9
19
-3
-19
-3
14
2
