0
-3
3
-2
0
-1
-3
1
22
-27
3
4
-1
-6
9
0
-24
39
-21
-1
5
-2
-4
-3
11
-3
-1
-2
0
0
0
1
-1
-2
1
1
-3
1
0
3
-6
2
0
-1
-1
0
-1
0
0
0
-1
-1
0
0
0
-1
0
-1
0
-1
-1
-1
1
-2
0
-1
-1
1
0
0
0
0
-2
1
-1
-1
0
1
0
-1
0
0
-1
0
1
1
-2
-1
4
-3
0
-1
3
-2
-3
1
1
-2
-1
-1
1
2
0
3
-12
1
4
1
-5
1
19
-40
24
-3
-11
6
-1
-3
-5
27
-23
-1
2
0
-1
0
-4
-2
0
-14
21
-9
-10
24
-21
-33
88
-49
-18
20
-1
-10
16
-21
19
-12
3
-6
12
-6
0
3
-5
2
-1
1
-4
4
-7
6
-3
1
0
-3
2
-1
2
-4
3
-1
-1
-1
0
-2
0
-1
2
-3
0
1
0
-1
0
0
0
-1
1
-1
-1
0
-1
-1
0
0
-1
-1
0
0
-1
0
0
-1
-1
0
0
-2
-1
2
-2
0
-1
1
-1
-1
0
0
-3
4
-3
-1
-2
2
0
-2
3
-7
7
-5
4
-2
0
-3
4
-3
0
6
-13
5
-4
9
-19
19
-17
8
0
-21
17
47
-89
33
20
-26
9
6
-23
11
0
-19
35
-45
55
-100
149
-25
-175
212
-166
118
-86
98
-128
83
5
-127
213
-147
83
-55
27
45
-128
82
-25
21
-23
43
-60
36
-11
-3
26
-59
84
-65
36
-29
33
-24
-9
19
-17
16
-17
14
-14
11
-11
8
-4
1
3
-5
4
-3
2
0
-1
-1
0
0
0
-1
0
-1
0
-1
-1
4
-5
4
-3
0
4
-9
10
-12
14
-15
16
-18
16
-19
8
23
-34
30
-38
64
-85
57
-27
3
10
-36
60
-43
24
-22
24
-83
127
-46
-27
54
-84
147
-213
124
-5
-84
127
-99
85
-120
165
-214
174
24
-150
98
-57
42
-36
14
0
-12
22
-23
14
78
-176
287
-285
-17
190
-136
91
-67
7
343
-476
45
191
-176
166
-126
50
129
-163
53
-23
40
-18
-49
85
-98
83
-52
-9
108
-100
25
5
-30
63
-91
40
27
-39
36
-32
19
-4
-12
22
-25
12
-6
0
5
-9
5
0
-2
1
0
-1
0
0
0
0
-1
-1
1
0
-6
8
-6
0
4
-13
24
-23
12
4
-19
32
-36
39
-29
-41
90
-65
31
-5
-26
99
-110
8
51
-84
98
-85
48
17
-40
23
-53
162
-129
-50
126
-167
176
-191
-45
476
-343
-8
67
-93
137
-192
15
284
-286
176
-80
-15
20
-23
9
0
-10
15
-17
10
128
-251
149
-23
-100
151
-44
-40
110
-181
315
-324
-84
286
-96
-22
121
-166
87
-29
-2
23
-50
60
-35
-3
82
-111
117
-83
-72
118
-59
31
10
-53
102
-80
-21
51
-38
23
-1
-8
18
-21
20
-13
-1
8
-15
11
-1
-2
-1
0
0
0
0
0
-1
0
0
-1
-2
1
-2
-11
15
-8
2
13
-20
21
-18
7
1
-23
38
-52
20
79
-103
53
-10
-31
58
-120
73
82
-118
111
-81
4
35
-61
49
-25
3
29
-86
165
-120
21
96
-285
85
323
-316
179
-110
38
44
-153
99
23
-150
249
-129
-11
14
-16
5
0
-7
11
-12
6
133
-255
-42
314
-197
88
11
-113
188
-228
-174
490
-235
26
67
-150
129
-113
-46
169
-93
42
-49
45
63
-142
54
23
-124
177
-48
-46
74
-86
42
-9
-86
141
-34
-39
36
-41
24
-5
-20
32
-15
5
2
-4
11
-14
1
4
-2
-1
0
0
0
0
-1
0
-1
0
1
-5
-2
13
-10
3
-2
-5
15
-32
20
5
-24
39
-37
38
34
-142
86
7
-43
84
-75
45
47
-178
123
-23
-56
142
-63
-45
49
-43
92
-170
46
111
-129
149
-67
-27
234
-490
174
226
-189
112
-14
-90
195
-315
41
254
-132
-8
8
-12
2
0
-5
9
-8
9
110
-247
-96
486
-301
69
43
-150
181
-213
-266
768
-382
-28
76
-142
89
-22
-10
75
-79
72
-37
-31
50
-66
9
76
-87
115
-10
-150
112
-57
-3
86
-66
33
4
-67
54
-20
-1
30
-30
19
-11
-4
7
-12
8
3
-4
2
-2
0
-1
0
0
0
0
0
0
-1
1
-4
4
-3
-7
11
-9
3
10
-19
29
-31
1
19
-55
66
-6
-35
64
-87
3
58
-113
150
8
-116
85
-77
-9
65
-50
31
37
-73
79
-75
10
22
-89
141
-76
27
381
-769
264
211
-182
149
-43
-71
299
-486
95
245
-109
-11
4
-10
2
0
-8
12
-19
29
95
-270
90
178
-175
131
-53
-48
132
-292
-33
561
-429
183
-96
-23
80
-171
131
29
-61
43
-71
158
-115
-52
68
-54
57
31
-73
85
-77
5
34
-108
118
32
-90
46
-32
5
8
-23
38
-23
10
1
-10
10
-13
2
4
-1
0
-1
-1
0
-1
0
0
-1
-1
0
-1
0
-5
-3
12
-12
9
-2
-11
23
-38
23
-10
-6
31
-47
88
-33
-119
107
-35
-7
75
-85
71
-32
-58
54
-67
52
115
-159
70
-43
61
-28
-130
172
-80
23
95
-184
429
-561
32
291
-134
47
51
-134
173
-179
-90
268
-97
-30
15
-14
2
0
-11
18
-30
47
64
-202
293
-396
133
184
-170
147
-38
-125
96
-89
34
130
-159
154
-93
-23
53
-75
84
-87
68
-40
-7
97
-91
44
4
-126
129
-48
8
40
-53
100
-104
-24
67
-48
46
-26
10
17
-32
24
-22
10
0
-8
7
-6
5
-1
-3
0
0
0
0
0
0
-1
-1
-1
2
0
-5
5
-7
6
-1
-9
21
-24
31
-18
-11
25
-47
47
-68
23
100
-100
52
-39
-8
48
-130
125
-4
-45
90
-97
5
41
-68
86
-85
74
-52
22
92
-155
159
-131
-35
88
-97
124
37
-148
169
-185
-136
395
-294
200
-65
-48
26
-19
5
0
-13
25
-41
63
4
-68
406
-861
443
123
-180
238
-237
237
12
-439
367
-164
87
1
-85
220
-172
19
0
37
-14
-64
81
-82
67
-19
-32
124
-118
41
-7
-22
38
-88
91
-15
-18
44
-54
39
-31
16
-5
-11
21
-18
15
-11
6
2
-5
2
-2
-2
0
-1
-1
0
-1
0
-2
-1
1
-3
5
-3
-5
11
-15
18
-22
11
5
-16
31
-40
54
-45
16
14
-92
87
-36
23
7
-42
118
-124
31
19
-68
82
-80
63
14
-37
-1
-20
172
-221
85
-1
-87
162
-367
439
-13
-238
237
-240
180
-124
-445
861
-405
67
-5
-64
39
-25
9
0
-16
31
-49
73
-71
87
316
-841
495
-27
-31
61
-169
327
-154
-96
119
-144
144
-135
137
-157
75
88
-87
21
-47
121
-91
43
-43
12
30
-88
97
-78
57
-25
1
32
-54
101
-100
11
24
-19
18
-30
33
-19
8
1
-3
1
-2
5
-7
3
-2
-1
-1
1
-1
0
0
-1
-1
0
1
-3
6
-6
1
-1
2
-2
-9
18
-34
30
-19
18
-23
-12
98
-103
52
-33
-2
23
-57
77
-98
87
-30
-12
41
-44
90
-121
46
-21
87
-89
-74
157
-137
135
-147
144
-122
96
154
-328
167
-62
31
26
-497
839
-318
-89
69
-74
48
-32
12
0
-17
32
-52
70
-95
125
223
-592
339
-78
53
-33
-98
256
-206
136
-64
-16
42
-57
110
-194
119
-2
2
-20
28
-37
-4
55
-44
40
-34
26
10
-80
74
-57
64
-75
36
20
-40
61
-54
33
-21
2
5
-12
11
-12
9
-4
2
-8
7
-3
0
0
0
0
-1
0
1
0
0
0
-1
2
-6
8
-4
3
-10
12
-12
12
-5
-3
19
-34
54
-62
39
-22
-37
73
-64
56
-75
78
-12
-27
32
-41
43
-55
4
37
-29
19
-2
2
-119
194
-111
58
-43
16
63
-137
205
-258
96
32
-55
77
-341
591
-222
-126
93
-71
50
-34
14
0
-15
29
-47
61
-50
9
341
-570
200
65
-113
164
-272
271
93
-264
164
-123
92
-85
95
-53
-112
160
-53
18
-33
16
26
-33
38
-51
62
-62
62
-44
-10
31
-47
60
-88
46
49
-57
39
-31
14
-3
-10
13
-18
13
-7
4
-5
3
0
0
0
0
0
0
0
0
0
0
0
1
0
0
1
-3
3
-4
6
-14
17
-14
10
2
-15
30
-38
56
-50
-48
87
-62
46
-33
7
44
-64
60
-63
50
-37
32
-25
-16
33
-18
52
-160
112
52
-95
85
-93
123
-165
263
-95
-272
270
-165
110
-67
-201
570
-342
-10
48
-63
44
-30
13
0
-12
17
-27
12
129
-235
275
-200
-96
164
-50
-71
280
-177
-98
128
-117
94
-48
24
-5
-78
169
-58
-54
30
-20
61
-73
21
9
-10
6
-10
-4
36
-34
18
-15
19
12
-69
40
13
-19
22
-19
14
-5
-7
9
-11
2
4
0
0
-1
2
-1
-1
-1
0
0
0
-1
0
-1
0
0
-2
1
-1
1
-4
-2
11
-9
6
4
-15
19
-24
20
-14
-41
69
-14
-19
15
-18
32
-36
5
9
-7
9
-11
-20
72
-61
20
-30
53
58
-170
77
6
-24
48
-95
115
-129
96
176
-282
70
48
-166
94
200
-276
234
-131
-14
24
-19
8
0
0
-6
20
-41
107
-27
-361
384
33
-98
-62
136
-209
35
207
-125
-7
20
-27
3
22
-72
84
-4
-24
-3
8
-11
8
-1
-6
10
-11
6
15
-23
-1
7
-8
-3
37
-12
-43
26
-2
-1
8
-3
1
-2
-7
2
3
-3
1
0
-1
-1
0
0
-1
0
-1
0
-1
0
-1
0
-1
0
0
-1
-2
1
-4
-2
5
1
-2
2
-9
1
3
-27
43
10
-39
2
6
-8
0
23
-18
-7
9
-11
5
1
-8
11
-9
1
22
3
-85
71
-22
-3
26
-20
6
124
-208
-37
208
-137
61
96
-34
-385
361
27
-108
38
-25
4
-4
0
17
-27
14
16
-134
159
-7
-72
42
-9
11
8
-85
68
9
-20
3
-24
12
8
26
-35
-7
20
-2
-2
-5
5
-2
4
-6
-1
0
8
-3
-8
11
-9
7
-8
1
5
-3
-1
1
-1
2
-2
-1
2
-3
0
-1
2
-1
-1
-1
1
-1
0
-1
-1
0
0
-1
0
0
-1
0
-2
0
0
1
-2
0
-1
1
-4
1
1
-4
0
-1
-1
3
-6
-2
7
-7
8
-13
7
3
-8
-2
1
5
-5
1
-6
5
3
1
-21
7
34
-27
-9
-13
22
-5
19
-10
-69
83
-9
-12
7
-44
71
7
-161
131
-18
-18
27
-21
0
-2
-2
7
-5
-9
19
-12
8
-7
2
5
-2
4
-15
8
-8
7
-4
2
-1
-5
2
4
3
-5
1
-3
-1
4
-2
5
-2
-2
3
1
-4
2
1
-1
-1
2
-2
3
-3
-2
0
1
0
-3
1
1
0
-1
0
-1
0
0
-1
-1
0
0
0
-2
0
-1
-1
-1
1
-1
1
0
0
1
-2
0
0
-1
-2
1
-1
-2
-2
0
1
-3
1
-2
1
0
-2
-2
5
-2
-4
2
2
-4
3
-4
0
3
-1
4
-3
-5
-3
3
1
-3
3
-8
7
-10
13
-5
1
-7
-4
7
-8
13
-19
8
4
-9
0
-3
0
-1
-1
-1
1
-7
7
9
-14
4
0
-11
11
2
-8
10
-13
6
1
0
-2
1
-2
4
1
-1
-2
-4
10
-9
3
3
-9
10
-8
6
-7
5
-2
-1
1
-3
-1
-1
-1
1
-1
-2
1
-1
1
0
-1
-1
1
-1
0
-1
-1
0
0
-1
0
-2
0
0
-1
0
-1
0
0
0
-1
1
-1
-1
0
0
-1
1
-1
1
0
-2
0
-1
0
0
-3
1
0
-6
6
-6
7
-10
9
-5
-4
8
-10
3
1
1
-1
-4
2
-1
2
1
-2
-6
13
-10
6
-2
-13
10
-2
-6
13
-11
-8
7
-1
-1
-1
-4
0
-2
1
-4
4
-4
7
-16
23
-14
1
5
-5
3
-2
-5
5
-4
3
0
-1
4
-1
-2
-1
0
0
1
-4
4
-2
-5
6
-6
3
0
-6
7
-4
0
0
1
-1
-1
-1
2
-4
1
1
-2
1
-1
0
-1
0
-2
1
-1
0
0
-1
-1
0
0
0
0
-1
0
0
-1
0
-2
-1
1
-1
0
0
0
-1
1
-1
-1
3
-3
0
0
2
-1
0
-1
4
-8
5
-2
-3
4
-7
5
1
-6
4
-2
-1
-1
1
1
0
-4
1
0
-3
3
-5
3
-1
-3
2
-6
-3
12
-24
18
-8
3
-6
1
-2
-4
0
-2
0
-4
5
-7
0
7
-6
5
-8
4
-3
-4
5
-3
4
-3
1
-1
1
2
-2
1
-2
1
0
0
-2
2
-3
6
-7
5
-3
-1
3
-4
-2
1
2
-2
-1
1
-2
-2
2
-1
0
-1
-1
1
-1
-1
-1
0
-1
-1
0
0
0
0
-1
-1
0
0
-1
0
0
0
-1
-1
-1
-1
-1
0
0
-2
0
1
0
-1
-3
1
2
-2
0
1
-4
-2
1
4
-3
0
1
-5
7
-5
2
-3
2
-1
-1
-1
1
-2
2
-1
-1
0
-1
2
-4
2
-7
3
1
-5
8
-5
5
-9
-2
5
-5
1
-2
-3
0
-1
1
-2
0
0
3
-10
8
-2
-1
-4
3
-1
0
-5
6
-2
-1
-1
0
-1
0
0
0
0
0
0
0
-3
3
-1
1
0
-4
3
-1
0
0
-1
0
-1
-1
0
0
-1
0
0
-1
-2
0
-1
0
0
-1
0
0
-2
-1
-1
0
0
-1
0
0
0
0
0
-1
0
0
-1
0
-1
0
-1
-1
2
-1
0
0
-1
-1
1
-1
-1
-1
0
-1
1
0
-1
0
-4
2
-1
-2
2
-4
3
0
-1
0
1
0
0
-1
0
0
0
0
2
-7
4
-1
-1
-5
2
-1
0
-8
10
-4
-1
-3
-1
-1
-3
0
-2
0
-2
1
1
-1
6
-7
5
-7
4
-3
-2
1
-4
4
-1
0
1
-2
0
2
-2
2
0
1
3
-5
5
0
-2
1
2
-3
4
-5
1
-1
1
-1
0
-1
0
-1
0
1
0
0
-1
0
0
0
-2
0
-1
0
0
-1
0
-1
0
-1
-2
0
-1
0
0
1
0
1
0
0
0
-1
0
1
-1
-1
0
-1
0
-2
1
0
-1
-1
0
1
-2
0
-2
4
-4
2
-2
-2
2
-1
-5
5
-2
-1
1
-3
2
-2
0
0
-1
0
1
-5
1
-2
0
1
-7
5
-7
7
-7
1
-1
-3
0
-1
-3
0
-1
0
-2
0
1
-2
-1
1
-2
1
-2
3
-7
2
-3
3
0
-1
0
0
0
1
0
0
1
-1
-1
3
-4
-1
1
1
-4
3
-2
-1
2
-1
0
-1
1
-2
0
2
0
-1
-2
1
0
0
0
0
-1
-1
0
-1
-1
-1
0
-1
-1
-1
0
0
-1
1
-1
0
0
-1
0
-1
-1
0
1
0
-1
0
1
-1
1
0
0
-1
0
1
-2
-1
-2
0
-2
1
2
-4
2
-2
-1
-1
4
-3
0
-1
0
-1
0
-1
0
0
-1
0
-1
-3
1
-4
5
-5
2
-2
-1
-2
0
0
-1
-1
-2
-1
-3
0
-1
0
-1
-2
1
-1
-3
4
-5
5
-1
-3
-2
0
0
-3
3
-2
0
0
-1
-2
0
1
0
-1
1
1
-1
0
1
-1
1
1
2
-4
2
0
-1
0
0
-1
1
-2
0
-1
0
0
0
0
0
0
-2
0
-1
0
-2
0
-1
0
-1
-1
-1
0
0
-1
1
-1
1
-1
0
-1
0
-1
0
-1
-1
-1
-1
0
0
0
-1
0
-1
1
0
-1
0
-1
-3
3
-2
-2
-1
0
0
0
1
-1
0
0
0
-1
-1
2
0
0
0
0
-2
3
-2
-1
2
0
0
-7
4
-5
2
1
-3
0
-2
-1
-3
0
-2
0
-1
0
1
-5
4
2
-3
2
-2
0
-3
2
-2
-1
1
-1
0
0
0
1
0
0
-1
1
1
-3
3
-2
-1
3
-2
-1
-2
2
1
1
-3
1
-2
0
0
0
0
-1
1
0
0
0
-1
-1
0
-1
0
-1
-1
-1
-1
-1
0
-1
0
0
0
0
0
0
-1
1
0
-1
0
1
-1
0
0
0
1
-1
-1
-1
-1
-1
0
0
1
-2
2
-2
-1
-2
1
-1
2
-3
1
2
-4
2
0
-1
0
-1
0
-1
0
0
0
0
0
0
0
-4
1
-1
-1
-4
0
-3
-6
4
-2
-1
-2
-1
-2
0
-3
1
-1
-2
6
-9
1
8
-6
3
-1
-2
-1
2
-1
1
-1
1
1
0
-1
1
-1
0
-1
0
-1
0
-1
0
0
-2
2
-2
0
-1
2
-3
1
0
0
0
0
0
-1
0
-1
1
-1
1
0
-1
0
0
-1
0
1
-1
-1
-1
0
0
-1
0
0
0
1
0
0
-1
1
-1
0
-1
-1
0
-1
0
0
-1
0
0
0
0
-1
0
-1
-1
-2
3
-2
0
0
0
-3
2
-2
0
0
-1
0
-1
0
0
0
-2
1
0
-1
-1
1
-1
-1
-4
0
0
-1
-5
5
-8
-1
8
-5
-1
-1
-1
-3
0
-2
0
-2
-1
1
-2
-4
6
-5
3
-2
-1
1
-1
-1
1
0
-1
0
0
-1
0
0
0
1
0
1
0
-1
1
0
0
-2
0
-2
2
-1
-2
-1
-1
0
0
-1
1
1
-1
1
0
0
-2
0
-1
0
0
-1
0
-1
1
0
0
0
0
-1
0
0
0
-1
-1
1
-1
0
0
-1
1
0
0
0
0
0
-1
-1
1
0
-1
0
0
-1
0
0
0
0
-3
1
-1
1
-1
-1
-1
1
-1
0
-1
0
0
0
0
-1
0
2
0
-1
-2
-1
1
-2
0
2
-5
4
-6
1
1
-3
-1
-2
-2
-3
0
-3
2
2
0
-3
-6
4
4
-5
-5
3
1
-2
-4
1
5
2
-7
-5
5
5
-2
-6
1
2
2
-2
-1
0
2
-2
-1
2
-1
-1
-1
0
1
-2
0
-1
0
-1
-2
0
1
-1
-2
1
1
0
-2
-1
1
0
-1
-2
0
-1
0
0
0
0
0
1
-1
0
0
-1
0
-1
0
-2
-1
1
1
-2
0
0
1
-1
-1
-1
1
0
-3
-1
-1
1
-2
-2
0
0
1
-1
0
1
-2
-2
2
1
-2
-3
-2
6
2
-6
-6
4
5
-3
-6
-2
3
0
-2
-3
3
3
-4
-6
6
2
-2
-3
-4
-2
0
-4
3
5
-17
10
1
2
-6
3
-4
0
4
-1
-2
-12
19
-8
2
-2
2
0
1
-2
-1
0
0
1
-3
1
-1
1
-2
-1
0
0
-1
-2
0
0
1
0
0
1
-2
-1
0
0
0
-1
0
0
0
0
-1
0
0
0
-1
0
0
-1
-1
0
0
0
-1
0
-1
0
0
-2
-1
0
0
-1
0
0
0
0
0
-2
-1
-1
0
-1
-1
-1
-1
1
-1
1
1
-1
-1
0
2
-1
0
-2
2
-2
0
-1
1
3
-2
-1
-2
1
-1
7
-19
10
0
0
-6
-1
2
-6
6
-2
-2
-12
16
-9
-4
0
0
-14
34
-29
-9
27
-26
22
-20
15
-13
9
-8
9
-12
5
28
-60
41
-9
-1
11
-27
28
-8
-6
5
-4
3
-4
3
0
-2
1
-2
-1
1
0
-1
0
0
1
0
-3
0
1
-1
-2
3
-3
0
0
-1
2
-1
1
0
-1
-1
0
-1
-2
0
0
0
0
0
0
0
-1
0
0
0
-2
1
-2
1
-2
0
2
-3
1
0
-1
-1
0
-1
0
0
0
0
0
-2
0
0
-2
2
0
-3
2
-4
3
-6
5
8
-29
27
-11
1
8
-41
59
-28
-6
10
-11
7
-10
12
-18
20
-23
24
-29
8
26
-34
9
0
2
17
-64
78
-24
-19
4
5
0
-2
-3
-3
6
0
0
-9
7
15
-22
5
13
-19
2
17
-11
-2
4
-2
0
-1
1
-1
-1
0
-1
2
-1
0
-1
0
-2
-2
1
0
0
-1
1
-1
0
-1
0
-2
-2
0
1
0
-1
2
0
0
0
-1
0
0
0
-1
-1
0
0
-3
0
0
1
1
0
0
0
0
-1
1
-2
1
-2
0
-1
0
0
0
0
-1
1
-3
0
-1
1
1
-1
1
-1
1
-5
1
10
-18
-2
19
-14
-4
21
-15
-7
9
-1
-1
-8
2
2
0
-1
-7
-5
18
22
-78
60
-19
-7
0
-1
-3
-1
2
5
1
-3
-3
0
2
-1
-3
0
1
-1
-4
-2
4
4
0
-3
1
3
2
-1
-2
0
0
0
0
0
1
-1
-1
0
1
1
-1
-1
0
0
-1
-1
1
1
0
0
0
-1
0
1
0
0
-1
0
-1
0
-1
-1
0
0
-2
-1
0
0
0
0
0
0
-1
-1
0
0
-1
0
-1
-1
-1
0
0
-1
-2
-1
0
0
0
-1
0
0
0
-1
-1
-1
0
0
-1
0
1
-1
0
0
1
0
-3
-3
-1
2
0
-4
-4
1
4
0
-3
-1
1
0
-3
-2
2
2
-2
-5
-4
0
1
1
