-8
-6
-4
-6
-2
-8
6
0
-30
19
-3
-5
1
0
-4
-13
12
-6
-5
11
-2
-12
5
3
-5
-3
4
-3
-2
1
0
-4
-1
2
2
-3
0
-1
1
-1
0
0
-1
1
0
-1
0
0
-1
-1
-1
-1
-1
0
-1
-1
-1
-1
-2
0
0
-1
0
1
0
0
0
0
0
-1
0
0
0
0
1
-1
-1
1
0
-1
0
-1
1
-2
0
1
-1
1
0
-1
1
-2
1
-1
3
2
-1
-2
0
2
0
-2
4
-2
-4
4
7
-10
-1
12
-5
-5
13
-10
-1
2
4
-1
0
21
-28
5
10
-5
1
1
1
2
-11
-10
14
-29
17
-8
-40
62
-6
-68
35
0
-13
13
-16
-2
14
-5
-18
15
-11
7
0
-2
-5
3
0
-2
2
-1
-6
4
-4
3
-2
1
-1
1
-2
1
-1
2
-2
2
-1
0
1
-1
-2
-4
4
-4
2
-2
0
-1
1
-1
-1
-1
0
-1
0
0
-1
0
-1
-1
1
-1
0
-1
1
0
0
-1
2
-2
4
-2
-1
-1
2
0
-2
2
-2
1
-1
1
-2
2
0
1
-3
4
-4
5
-4
-1
3
-1
0
2
-3
0
1
8
-10
16
-16
-4
15
0
-12
15
-10
2
37
-64
-4
67
-36
-4
20
-23
20
-2
-7
-14
9
-8
5
-78
143
-270
348
-144
-29
12
-25
60
-86
247
-461
216
83
-92
76
-108
148
-112
50
-19
-4
-11
26
-3
-34
38
-43
55
-67
36
3
-8
9
-21
30
-31
42
-32
15
-12
7
-2
-1
2
-10
8
-9
6
-10
7
-2
-1
-1
-2
0
0
-1
-1
0
-1
1
0
1
-1
1
0
-2
6
-7
9
-8
9
-8
3
0
-2
6
-11
15
-32
43
-32
30
-21
9
-6
4
37
-65
55
-43
39
-34
-2
26
-9
-3
-18
50
-111
149
-106
77
-91
83
219
-460
251
-84
63
-22
17
-26
-142
350
-266
147
-74
8
-1
13
-5
-9
-22
27
-40
44
-131
156
126
-338
162
-22
-50
97
-154
209
-269
233
95
-244
56
39
-118
154
-122
73
5
-34
20
-51
117
-88
-14
56
-91
87
-55
9
52
-66
73
-45
-24
61
-61
31
-1
-13
25
-30
24
-10
-7
9
-12
15
-18
5
3
-5
2
-1
0
0
-1
0
0
-1
0
-1
2
-4
3
5
-18
16
-11
11
-6
-10
25
-29
25
-13
0
32
-61
61
-25
-45
75
-66
52
10
-54
87
-91
56
-13
-87
117
-50
21
-32
4
74
-121
155
-117
41
58
-243
96
234
-267
212
-151
100
-47
-19
166
-336
130
159
-128
47
-34
32
-14
-8
-23
30
-51
53
-66
34
333
-619
230
84
-119
138
-158
115
244
-423
64
139
-160
170
-133
70
112
-186
69
-22
42
-17
-115
146
-63
15
62
-111
118
-83
-23
69
-87
65
28
-64
56
-34
-8
23
-29
23
-12
3
7
-12
13
-10
1
0
-5
3
-1
-1
-1
-1
0
0
1
-1
0
0
0
4
-6
1
2
-9
14
-12
8
3
-12
24
-29
24
-6
-34
56
-63
28
66
-87
70
-22
-83
119
-111
63
15
-63
146
-115
-16
43
-21
70
-185
113
71
-132
171
-158
141
66
-422
248
117
-155
141
-116
87
233
-616
338
38
-61
56
-43
35
-15
-8
-26
34
-54
54
-7
-55
356
-623
210
148
-125
99
-29
-75
374
-570
84
269
-141
48
49
-123
49
-21
18
-2
-59
96
-3
-61
84
-111
70
-22
-114
197
-81
-6
73
-111
23
37
-53
64
-18
-8
18
-30
16
-10
-7
16
-15
14
-3
-7
5
-5
1
0
0
-1
-1
0
0
-1
1
1
2
-4
6
-6
-2
16
-14
17
-6
-9
16
-29
19
-8
-19
64
-54
38
23
-111
74
-6
-79
198
-113
-21
71
-111
84
-61
-3
97
-57
0
21
-20
50
-122
52
50
-139
270
86
-569
378
-70
-25
103
-121
150
213
-622
359
-51
-3
57
-48
39
-17
-9
-26
34
-55
60
3
-74
304
-577
238
134
-120
88
7
-128
146
-172
-20
237
-138
11
68
-184
89
46
-38
20
-65
149
-70
-97
112
-91
-11
131
-109
80
-18
-67
77
-92
15
125
-86
-1
18
-34
30
-22
8
17
-21
14
-10
5
-1
-9
6
-1
-1
0
-1
-1
-2
0
0
0
1
1
0
0
8
-8
0
5
-9
14
-21
19
10
-21
31
-34
19
-1
-87
125
15
-92
78
-66
-17
80
-108
133
-10
-91
112
-96
-71
150
-65
20
-39
47
89
-181
70
12
-135
238
-19
-171
148
-125
10
91
-116
138
242
-574
307
-70
6
63
-48
39
-18
-9
-24
35
-54
59
-47
46
298
-791
428
90
-157
200
-159
72
115
-450
273
104
-142
146
-105
-36
67
-71
72
-83
53
36
-52
55
-67
3
36
-105
105
67
-119
91
-95
31
13
-57
81
-3
-39
39
-45
17
2
-17
25
-17
10
-7
0
4
-10
3
0
-1
-1
-1
-1
1
0
0
0
-1
2
4
-9
5
0
-4
11
-17
26
-17
2
18
-44
39
-39
-2
81
-58
15
31
-94
91
-119
67
106
-105
35
3
-66
56
-51
36
55
-83
74
-70
68
-34
-105
147
-140
106
274
-449
118
75
-155
203
-153
93
430
-789
302
50
-43
62
-45
39
-16
-9
-24
33
-48
49
-115
203
207
-782
473
-20
-84
172
-218
294
30
-567
431
-160
84
8
-86
203
-139
-39
50
-9
41
-164
156
-39
-23
71
-70
64
-30
-115
145
-101
79
-6
-33
86
-93
9
25
-27
34
-29
22
-2
-14
15
-16
9
-11
1
5
-4
0
-2
0
-2
-2
0
0
0
0
0
1
-3
5
2
-9
10
-15
15
-13
-1
23
-28
34
-27
26
9
-93
85
-34
-6
80
-101
145
-114
-31
65
-70
71
-23
-39
157
-163
43
-7
51
-37
-137
204
-84
9
86
-158
433
-566
33
296
-215
175
-81
-16
476
-780
210
207
-110
52
-40
37
-15
-8
-22
28
-36
27
-150
291
-15
-338
250
-130
73
-33
-86
255
-132
-72
119
-176
161
-147
113
-65
0
102
-103
63
-85
155
-110
-37
88
-111
92
-67
24
104
-130
92
-72
36
-1
-95
117
-32
4
5
-14
28
-38
21
-13
2
4
-10
10
-9
7
-3
-2
0
-1
-1
-1
0
0
0
0
1
-1
-2
6
-8
11
-8
6
2
-13
22
-38
29
-13
6
4
-33
118
-95
-2
36
-71
93
-130
105
25
-67
92
-111
88
-36
-109
156
-85
63
-101
102
1
-63
114
-146
163
-175
121
-71
-130
258
-83
-30
77
-127
255
-336
-11
294
-147
30
-30
33
-15
-9
-19
23
-24
2
-145
294
-323
372
-136
-187
215
-246
191
-135
-97
414
-327
162
-107
52
25
-151
130
-69
56
-51
57
-94
49
60
-77
68
-58
50
-20
-74
102
-77
65
-78
58
38
-69
60
-53
29
-16
5
-4
-12
18
-13
10
-9
6
-4
0
0
-3
0
-1
0
0
-1
0
1
-1
1
-2
0
1
-3
8
-7
10
-12
18
-10
-3
6
-15
30
-54
61
-70
39
57
-78
65
-77
103
-74
-20
50
-56
68
-76
60
50
-95
58
-51
57
-67
132
-150
28
53
-105
162
-326
415
-95
-131
195
-244
218
-184
-131
374
-321
298
-142
5
-16
27
-11
-8
-19
21
-16
-6
-138
272
-436
620
-233
-217
248
-265
239
-235
-77
409
-302
182
-142
99
-73
45
37
-153
109
-37
61
-108
64
-10
-9
29
-56
92
-90
93
-71
26
1
-30
69
-125
83
-2
-18
33
-36
29
-24
21
-17
2
-3
2
-4
0
-1
-3
0
-1
-1
0
-1
1
0
0
0
-1
1
-2
0
1
-2
3
-1
4
-16
22
-23
30
-35
34
-18
-2
84
-125
71
-30
1
27
-70
93
-88
92
-55
29
-8
-8
66
-107
61
-37
110
-152
38
46
-72
99
-140
183
-301
410
-74
-233
242
-262
251
-215
-229
623
-432
276
-135
-2
-9
26
-10
-8
-20
26
-26
16
-176
291
-325
374
-73
-216
186
-154
14
89
-227
286
-125
27
6
-53
109
-128
90
-70
5
27
-11
21
-86
105
-57
14
-13
10
33
-44
28
-21
23
-6
-38
37
-40
33
2
-17
30
-31
23
-18
5
0
-8
3
-1
1
-5
1
-1
-2
-1
0
-1
-1
-1
0
-1
0
1
2
-4
2
-1
6
-6
2
6
-17
24
-30
30
-16
2
34
-40
37
-37
-6
22
-20
29
-43
34
10
-12
14
-58
105
-86
22
-10
28
7
-69
93
-128
109
-53
7
30
-125
287
-224
93
17
-150
189
-214
-69
376
-321
295
-173
19
-19
30
-13
-7
-26
34
-47
46
-143
117
244
-318
-9
126
-191
211
-150
-28
301
-274
79
-9
-47
79
-93
31
19
-11
16
-15
2
16
-29
16
-13
16
-5
-26
40
-45
36
-18
-5
38
-32
21
1
-36
26
-4
-7
16
-19
14
-3
-9
6
-6
2
-2
0
0
-1
0
-1
0
-1
0
-1
0
1
1
-1
1
0
-1
3
-4
7
-8
-3
15
-17
17
-7
-5
27
-35
1
22
-32
38
-5
-19
36
-45
41
-26
-3
16
-12
17
-28
17
3
-13
17
-9
21
33
-93
80
-45
-7
81
-273
304
-25
-148
214
-188
130
-4
-316
247
122
-139
49
-40
39
-17
-7
-30
36
-46
2
169
-195
-59
70
50
-93
159
-29
-180
35
90
-57
55
-18
-23
44
-43
-57
66
13
-26
6
-3
2
-13
13
-10
-1
-10
25
-9
-10
15
-8
-3
5
-19
28
-2
-2
-10
6
-1
-3
6
0
-6
4
-6
1
1
-3
1
0
-1
0
0
-1
1
0
0
-1
-1
0
-1
-1
1
-2
2
2
-6
4
-6
2
8
-2
-1
7
-11
-2
-2
27
-19
5
-4
-7
15
-10
-7
25
-9
-1
-11
13
-12
3
-1
7
-24
14
68
-57
-40
46
-22
-16
56
-56
93
39
-177
-25
162
-90
54
72
-55
-192
173
6
-38
41
-20
-7
-19
13
18
-2
-102
-29
202
-81
-70
-28
88
54
-103
-36
50
12
-9
-15
5
-9
-1
13
-8
-5
3
1
-3
-3
7
-12
3
5
-10
12
-8
-4
4
-3
4
1
-11
15
-3
-6
4
1
0
0
1
-4
0
-1
0
-1
-1
-1
-1
1
0
-1
-1
-2
-1
-1
0
0
0
0
0
1
0
0
0
1
0
0
1
-3
1
1
0
1
4
-6
-4
14
-11
2
4
-3
5
-3
-6
12
-9
5
4
-11
8
-3
-2
2
3
-3
-6
16
0
-9
6
-13
-8
13
54
-33
-100
58
91
-24
-68
-79
207
-25
-98
1
26
18
-10
-10
-1
-14
3
-4
-11
24
-51
37
-9
-4
7
-14
7
-11
1
-1
1
3
-9
5
-7
5
-7
1
1
-4
-2
-2
2
-1
-3
0
0
3
-3
3
-1
0
-2
1
3
-4
5
2
-1
-3
3
1
-3
2
0
-3
2
-2
0
0
-1
-1
-1
-1
-1
0
0
0
-1
0
0
0
0
0
0
1
0
-1
3
-2
0
2
-2
2
2
-3
-1
3
5
-4
3
1
-2
-1
-1
4
-2
3
0
0
-3
0
3
-1
-1
-2
2
3
-5
6
-6
6
-8
4
2
0
4
-8
10
-12
10
-2
-7
38
-48
27
-6
-1
10
-8
7
-8
-5
-2
-5
-5
-12
6
22
-30
-5
10
-16
5
0
-2
-1
-6
-2
0
0
0
-3
-4
3
-4
4
-2
1
-5
-2
2
0
0
-2
1
-1
2
-1
0
2
2
-1
3
-2
-4
4
0
0
-1
-1
0
0
-1
-1
0
-1
-1
-1
-1
0
0
-1
-1
0
0
0
0
-1
0
0
1
0
0
2
1
0
0
0
1
-1
0
1
-1
4
-4
-1
4
-1
2
2
0
-1
1
-1
2
-1
0
1
3
0
-4
2
-1
3
-3
4
-2
-2
1
2
1
-1
-5
2
1
3
7
-14
13
-2
-28
25
10
-9
-1
3
2
3
-9
-5
-6
0
-10
-2
2
-10
6
-13
11
-9
1
-6
3
-12
9
-3
-4
2
-3
0
-3
4
-5
1
-1
2
-8
4
-3
-4
7
-3
-1
-2
3
-3
3
-2
2
-1
1
0
3
-4
1
0
0
-1
-2
-2
1
-2
1
-2
0
-1
0
-2
0
-1
0
0
0
0
0
0
0
-1
1
-1
1
-1
2
-2
1
0
0
0
1
0
0
-3
2
0
0
-1
2
0
3
-3
3
0
0
-3
7
-3
-1
4
-7
4
0
2
-4
4
-1
1
-2
3
-2
-2
10
-8
6
-4
4
-5
14
-10
9
-6
6
1
-7
7
0
2
-9
-4
-4
-5
-2
-9
7
-10
2
-6
4
-7
-1
-6
2
-4
-2
2
-4
1
-2
1
-2
0
-1
-2
0
1
-1
-2
0
-2
0
1
-3
3
-1
1
-2
1
1
1
0
-1
2
-4
2
0
-1
0
-2
-1
0
-1
0
-2
0
0
0
-2
0
-2
0
-1
-1
0
1
-1
1
0
0
0
1
0
1
-1
0
0
-1
1
0
0
2
-3
3
-1
0
0
1
1
-3
1
-2
4
-2
1
0
-1
0
-3
0
2
1
-1
0
1
-1
1
-1
2
-3
4
-1
-2
5
-3
2
-3
7
-3
4
-7
10
-5
1
3
1
3
-8
-6
-4
-5
-5
-1
6
-16
2
-5
6
-4
-2
1
-5
-10
10
-4
-1
0
-1
-1
-1
1
-3
2
-2
1
-2
-1
1
-4
1
0
-3
3
-7
5
-4
2
2
-1
1
1
-1
1
-1
0
-1
1
-2
-2
0
0
0
1
-1
-1
0
-1
0
0
-1
-1
1
0
0
-1
0
0
0
0
0
0
0
0
0
0
-1
2
0
1
-1
0
0
-1
0
-1
2
1
-4
6
-6
4
-2
2
1
-3
2
-1
-2
1
-1
3
-2
2
0
0
-1
0
0
-3
11
-7
-3
4
1
-1
8
-1
3
-12
9
3
-2
2
0
2
-9
-6
-4
-6
-2
-7
-2
15
-27
3
2
-4
-1
-4
-3
0
-4
1
-2
-2
-1
-1
0
0
-4
1
-2
-1
1
-2
-3
1
1
-3
5
-5
3
1
0
-2
1
1
1
-1
0
2
-1
0
0
-1
0
-1
0
-1
-1
0
-2
-1
0
-1
-1
0
0
-1
0
0
0
-1
0
0
0
1
-1
1
1
0
0
-1
2
-1
1
0
0
2
1
0
1
2
1
-1
-1
0
4
-5
5
-3
1
2
-3
-1
1
0
-2
2
-2
2
1
-1
0
1
-1
2
-4
2
0
-1
2
-2
5
6
-25
18
3
-4
1
0
1
2
-8
-5
-4
-6
-2
-4
4
-16
7
-4
0
-2
-3
-2
-3
-2
-2
-1
-1
0
0
0
-4
1
0
-3
1
-1
0
2
-5
1
0
1
-4
3
-2
0
1
-1
1
-1
1
0
1
0
-1
0
-1
0
-2
-1
-1
-1
1
-1
0
-2
-1
-1
0
0
-2
-1
-1
0
0
0
0
0
0
0
1
-1
1
0
-1
1
0
1
0
0
0
0
1
0
2
-1
1
0
2
0
-2
4
-2
2
0
1
-5
2
0
-1
0
-2
1
2
0
1
0
0
-1
0
-1
1
0
0
0
2
2
-1
9
-11
8
0
0
1
0
2
-8
-6
-3
-5
-3
-4
-2
0
-6
-2
0
-2
-2
-4
0
-4
-1
-1
-1
-2
-1
0
-2
0
-3
0
-2
0
-4
1
-3
-1
0
-1
1
0
-2
0
2
-1
-1
0
1
-1
2
-2
1
-1
-1
-1
-1
0
0
0
0
1
-1
-1
-2
-1
-1
-1
-1
-1
-1
-1
0
0
0
0
0
1
-1
1
1
1
0
0
-1
0
0
0
1
-3
3
0
1
0
-1
0
4
2
-2
0
1
-1
0
0
-2
2
-3
0
-2
2
-2
1
-1
0
0
-1
0
0
0
-2
4
-1
0
2
3
0
-5
5
3
1
0
2
1
1
-8
-5
-3
-4
-3
-5
2
-4
-2
-4
0
-4
0
-5
0
-3
0
-2
-1
-1
-2
0
0
-2
-1
-2
-2
-1
0
-1
0
-2
1
0
-2
2
-2
0
0
0
1
0
0
1
-1
0
0
-1
-1
-1
0
-1
1
-1
0
-1
-1
-2
-1
-2
-1
-1
0
-1
0
0
0
0
-1
0
0
-1
0
0
1
0
0
-1
1
0
0
0
-1
0
1
0
1
-1
1
1
1
1
-1
3
-1
1
1
-2
0
-1
0
0
0
0
0
-1
1
0
-1
1
0
0
1
-1
2
-1
2
-2
3
-1
-1
-1
8
-3
0
2
1
2
-8
-6
-4
-6
-2
-5
3
-7
-1
1
-5
-1
-2
-2
-3
-2
-2
0
0
-1
-1
0
-3
1
-2
0
-1
-1
1
-1
-4
1
1
-1
0
1
-4
3
-2
0
0
0
1
-1
1
-1
1
-1
0
0
0
-1
0
0
-1
-1
-1
-2
0
-1
0
-1
-2
-1
0
0
0
0
0
1
1
0
-1
1
1
0
0
0
0
0
0
-1
1
0
1
0
2
1
-1
1
0
4
-3
2
2
0
1
2
-3
-1
2
-1
0
0
-1
2
-1
1
-1
-1
1
0
-1
0
1
0
1
2
-2
3
1
-4
7
-1
0
2
1
3
-9
-5
-3
-5
-1
-4
0
-8
3
-4
-3
0
-5
-2
-2
-2
0
0
-1
0
-1
-1
-1
-2
0
-2
0
-3
0
-1
0
-2
1
-1
-1
-1
2
-1
-2
1
0
-1
0
0
-1
-1
0
-1
-1
-1
-1
-2
-1
-1
-1
0
-1
-1
0
1
0
-1
-1
-1
0
0
0
0
0
-1
-1
-1
0
0
1
0
0
-1
1
0
0
1
1
0
0
0
1
-1
0
1
0
-2
3
-1
0
1
1
-1
1
0
2
-1
1
-1
2
-1
0
0
0
0
1
0
1
-1
0
1
-2
3
0
1
5
-5
4
-1
1
2
1
1
-10
-4
-1
-5
-6
-7
3
1
-5
-4
-3
1
-3
-7
1
3
-2
-7
-4
5
5
-4
-7
2
5
0
-3
-5
0
0
-1
-2
1
0
-1
-1
1
0
0
0
0
1
-1
-1
1
0
-1
-1
-1
-1
0
-1
-1
0
-1
0
-2
-1
-1
-1
-1
-1
0
-1
-1
1
0
0
-1
0
0
0
-1
1
1
0
-1
-1
-1
1
0
0
0
1
1
-1
0
3
1
-1
1
1
1
0
0
1
1
-2
0
1
1
-2
-2
1
6
2
-7
-3
5
6
-3
-4
-1
6
4
-5
0
4
-1
-2
-3
5
6
-4
-3
2
4
3
-7
-6
-3
-7
0
-6
-2
-3
0
-1
-4
-1
-7
7
-5
-14
14
-4
-1
-2
-2
-1
1
-2
-2
-3
-1
0
-1
1
-3
0
0
1
-1
-1
0
0
-1
0
0
-1
0
2
-1
-1
-1
0
0
-1
0
-2
0
-2
0
0
-1
-1
-1
-1
-1
0
-1
-1
-1
0
-1
1
-1
0
0
0
0
0
0
-1
1
-1
0
-1
1
0
0
-1
0
2
-1
-1
0
0
0
0
1
-1
-1
1
0
1
-3
0
0
0
0
-2
-1
0
2
1
-1
0
-1
-2
15
-11
-2
12
-5
3
-2
2
1
1
2
-3
3
0
2
1
-7
-10
5
-47
65
-41
9
-9
2
1
-9
3
-8
9
-21
26
-38
12
26
-34
24
-28
13
12
-24
10
-5
1
-1
-3
3
-5
1
-1
2
-1
-1
0
1
0
0
0
-1
0
0
0
0
2
-2
-2
0
-4
1
-1
-1
-1
-1
0
0
-1
-1
-1
0
0
-1
-1
0
0
0
0
-2
0
0
1
0
-1
3
-2
1
-1
-1
1
1
0
0
1
-1
2
0
0
0
1
0
-1
2
-1
1
-3
4
-2
0
2
-3
10
-22
13
15
-25
25
-33
26
11
-37
29
-18
11
-5
7
-6
4
3
-6
11
-38
68
-39
10
-3
-15
2
9
-42
22
5
-15
-8
-4
2
5
-8
-2
-7
2
4
-7
-24
49
-34
-3
4
10
-24
18
-5
-1
-3
-1
0
-2
-2
0
0
-2
0
0
0
0
-1
0
-1
1
0
0
0
0
1
-2
-1
-1
0
-1
0
-1
-1
-1
-1
-1
0
-1
-1
0
-1
1
0
0
0
-1
1
0
1
0
0
0
-1
0
2
0
0
-1
1
-1
0
0
0
1
0
1
0
0
0
0
0
-2
2
0
-2
0
3
0
0
0
-5
19
-22
12
5
-3
-34
50
-22
-6
8
5
-4
1
-4
9
3
-2
-3
-11
8
25
-35
14
10
0
-2
-4
-7
-7
-3
1
-1
-3
-4
-1
1
-3
-5
-2
1
-1
-5
-4
1
3
-1
-4
-2
2
1
-1
-3
-1
0
-1
-1
0
0
0
-1
0
0
0
0
0
0
1
-1
0
0
1
0
0
0
-1
-1
0
-1
0
0
0
0
0
-1
0
0
0
-2
0
-1
0
0
0
0
1
0
0
1
1
0
0
0
0
0
1
0
0
0
-1
0
1
2
0
0
1
0
0
-1
-1
1
0
-1
-1
0
0
-1
0
2
3
-2
-2
0
4
1
-3
-3
0
3
0
-3
1
3
2
-2
-2
3
5
1
-3
-2
1
2
