0
-2
1
-2
3
-3
1
8
-8
6
-13
16
8
-60
43
17
-12
-6
-6
0
25
-18
-10
10
-1
-3
12
-9
-12
20
2
-7
-4
0
1
-1
7
-11
3
-3
-9
12
2
-11
11
-2
-5
-1
8
-6
-4
0
0
1
-1
0
-1
0
-1
1
0
-1
-1
-1
0
0
0
-1
-1
-1
1
-1
0
0
0
0
-2
-1
2
5
-8
1
5
1
-12
11
-2
-14
8
2
-5
9
-8
0
-2
-1
3
6
-3
-21
12
8
-12
3
1
-12
9
19
-25
-1
6
6
12
-18
-44
58
-10
-18
12
-7
7
-7
-1
3
-6
-2
-2
-2
0
-2
2
-3
1
-3
3
3
5
-21
18
-2
-5
81
-166
105
-43
19
-22
39
11
-54
42
-26
8
2
1
1
25
-36
-3
5
15
-10
0
3
2
-10
16
-28
14
14
-11
-14
18
-7
0
0
1
6
-19
11
0
-1
-1
-1
-2
-2
3
-3
0
-1
0
0
0
0
0
0
-1
1
-4
1
1
1
-2
0
0
-11
18
-8
-2
0
0
7
-20
14
10
-15
-15
26
-17
10
-3
-4
-2
8
-15
-6
3
34
-25
-1
-2
-2
-8
25
-43
53
-11
-40
22
-19
42
-104
164
-82
3
0
-21
19
-5
-4
-4
1
-2
1
-3
-2
0
-1
-2
-1
5
-4
8
-37
38
-9
-3
-1
68
34
-263
173
-19
13
3
19
-70
-4
67
-19
1
0
-13
10
-20
45
-51
8
25
-14
0
-1
-6
23
-13
-23
24
0
-6
12
-18
10
-8
0
14
-32
29
-5
-6
2
1
0
-5
2
2
-1
0
-1
0
-1
0
0
0
0
0
1
-3
-3
5
-1
-1
-3
5
4
-29
31
-14
0
7
-11
18
-13
4
-1
-25
22
13
-23
5
1
-1
13
-25
-10
50
-46
19
-11
13
0
-1
18
-68
3
70
-20
-3
-13
19
-175
262
-35
-70
-1
0
6
-39
36
-10
4
-6
-2
1
-4
0
0
-3
2
-5
12
-11
-18
31
-27
43
-41
0
-5
30
10
-43
28
-12
-12
20
-12
37
-40
16
-9
-11
42
19
-106
35
22
12
-16
8
-10
0
10
-49
130
-117
13
19
-12
26
-18
1
4
-15
-11
43
-34
13
-5
-2
7
-3
0
-8
4
-1
-1
0
0
0
-1
-1
0
0
-5
6
0
2
-7
2
2
-14
34
-44
10
14
-5
-3
17
-27
12
-21
-14
117
-131
48
-10
-1
10
-8
15
-13
-22
-35
105
-19
-42
12
7
-17
40
-37
12
-20
12
11
-28
42
-11
-30
5
-2
39
-44
25
-31
18
10
-12
4
-6
0
-2
0
-1
1
-2
2
7
-32
47
-36
20
-4
-7
2
-128
195
-2
-79
-20
25
30
-22
10
3
-36
40
-27
30
-44
110
-138
59
4
-29
29
2
-6
2
-20
-8
-50
155
-65
-31
0
24
-16
9
-6
16
-2
-10
-13
13
-3
5
-6
-2
3
0
-1
1
0
0
1
0
0
0
0
-1
0
-1
-4
1
6
-5
1
-14
11
10
1
-17
6
-10
16
-25
0
30
65
-156
50
9
19
-3
6
-3
-28
28
-5
-58
138
-110
45
-31
26
-40
36
-3
-9
23
-30
-26
20
78
1
-196
126
-4
5
2
-21
36
-48
29
-7
-3
0
-2
-3
0
-1
-5
2
26
-50
27
-21
51
-23
-86
214
-471
622
-359
134
-122
59
-13
-4
31
-25
3
23
-37
28
9
-71
77
-40
33
-16
-2
3
0
-1
-24
19
29
-35
56
-102
68
2
-36
17
6
-34
50
-20
17
-26
5
0
0
-6
11
-11
8
-2
0
0
0
-1
0
0
-1
0
0
1
-7
11
-12
5
-1
1
-7
25
-17
20
-50
34
-7
-18
36
-5
-69
101
-57
34
-30
-19
24
1
-1
-5
1
17
-34
39
-76
70
-10
-28
36
-24
-3
22
-31
4
13
-58
122
-135
357
-624
470
-215
85
20
-51
20
-27
47
-27
-7
4
-4
0
0
-3
8
-10
0
-2
-1
35
-34
-11
-14
42
-58
103
-145
146
-69
12
-59
109
-13
-71
26
0
17
-6
-2
-11
-46
93
-36
-6
-9
12
-7
-4
20
-38
-23
98
-37
-15
0
-9
8
10
-14
3
-11
7
9
-3
-3
-4
10
-6
-3
-1
1
1
0
-1
-1
0
0
0
1
-1
-3
1
1
5
-10
4
2
2
-10
-7
10
-4
13
-10
-8
9
-2
15
36
-99
22
37
-20
3
6
-13
7
6
36
-93
46
10
1
5
-18
0
-27
72
13
-109
59
-13
70
-147
143
-104
56
-43
12
9
31
-35
0
0
-1
9
-10
2
-4
0
-1
2
-7
12
-9
-6
-33
80
-66
38
-9
-33
-86
260
-160
-6
-11
42
3
-7
31
-82
21
42
-42
37
-52
66
-50
44
-39
7
4
-5
18
-31
82
-175
152
-25
-42
42
-31
26
-22
8
6
8
-48
48
-18
3
2
-1
-3
5
-4
1
0
1
-2
-1
0
0
0
0
0
-2
0
-2
4
-6
5
0
-2
-4
19
-49
47
-8
-7
-8
20
-26
31
-43
40
24
-155
175
-83
30
-18
5
-5
-7
38
-43
49
-66
52
-36
40
-42
-22
82
-32
6
-5
-42
11
6
158
-262
83
31
7
-41
64
-81
33
5
7
-13
5
-3
-4
0
0
2
-1
-18
25
-43
88
-87
30
49
-93
-53
199
-128
8
56
-80
26
45
-8
-63
19
25
-19
13
21
-74
74
0
-59
46
-32
20
-11
23
-34
6
-31
167
-174
26
30
0
-25
19
-11
5
-1
9
-12
7
-5
0
0
2
0
-6
5
-2
2
-1
0
0
0
0
-1
0
-2
2
-7
7
0
-3
-1
-2
5
-8
10
-10
0
-6
11
-19
25
-2
-31
-28
173
-168
30
-9
33
-25
11
-22
32
-47
58
0
-74
75
-21
-13
18
-27
-20
62
7
-46
-27
78
-57
-9
127
-202
53
91
-51
-33
87
-90
41
-26
16
-1
-4
-5
0
12
-12
-6
4
5
3
14
10
-75
38
44
-48
-95
196
-111
7
52
-83
20
88
-64
-16
4
9
15
-53
95
-34
-125
164
-78
8
15
-8
-2
22
-58
102
-123
75
-33
32
-43
48
-32
11
-5
8
-6
-4
4
2
-1
0
-2
-2
6
-4
1
-1
0
-1
0
0
-1
0
0
0
-2
4
-7
2
2
-1
1
-2
-4
2
7
-8
4
-10
31
-47
41
-33
33
-76
123
-104
58
-23
1
7
-15
-8
77
-165
125
34
-95
52
-16
-9
-6
16
64
-89
-20
82
-52
-7
110
-198
94
47
-46
-40
73
-10
-14
-4
-7
-5
4
10
-17
0
-33
45
-42
19
-1
-93
239
-250
174
-36
-184
312
-292
246
-249
192
-72
29
6
-112
112
-29
19
-24
-8
92
-145
37
109
-80
-18
36
-13
-10
18
-16
-5
30
-9
-10
-6
4
-3
-4
15
-12
6
-19
22
-12
3
0
-3
1
0
1
-4
3
-2
-1
0
0
0
0
-1
-1
-1
0
1
-3
4
-1
-1
-2
1
-1
-5
10
-23
18
-9
11
-17
4
2
-6
5
9
9
-31
5
15
-19
9
12
-36
18
79
-109
-37
143
-92
8
25
-18
28
-112
112
-6
-30
72
-193
250
-246
290
-314
182
35
-177
250
-240
92
-1
-20
40
-46
29
0
-34
-13
35
44
-83
-144
397
-177
-195
139
-56
677
-1268
696
199
-353
20
92
105
-40
-171
137
-16
-34
-7
1
205
-442
387
-76
-80
0
55
-29
7
3
-10
-14
14
-7
32
-28
14
-9
-3
-5
10
-9
14
-10
-1
2
-1
-2
11
-12
0
2
0
0
-1
-1
-1
0
0
0
0
-1
0
-2
-2
11
-11
2
1
-3
0
11
-15
9
-11
4
3
8
-15
26
-32
6
-14
14
9
-3
-9
28
-56
0
79
75
-386
441
-204
-2
7
34
16
-136
170
40
-105
-92
-22
353
-200
-696
1268
-679
53
-140
193
176
-398
142
82
-45
-37
12
30
0
-6
5
-19
-10
-38
-140
416
-153
-56
-7
-49
-285
600
-231
42
-117
-10
51
-155
53
259
-163
-36
35
-4
-54
-20
65
177
-206
-16
51
8
-6
-7
2
-2
1
67
-113
46
-18
23
-14
16
-11
9
-10
3
-2
4
-2
3
-5
9
-5
0
-1
1
0
1
0
-1
0
0
0
0
0
-2
1
-1
5
-10
5
-3
2
-4
2
-5
10
-9
11
-16
13
-24
17
-48
112
-69
-2
0
-2
5
6
-9
-52
15
207
-177
-64
20
55
2
-35
34
161
-260
-53
155
-51
8
117
-43
229
-601
284
49
6
54
153
-417
137
37
8
17
-6
2
0
-4
12
-7
41
15
-114
194
-74
-72
-17
91
245
-787
477
-40
-8
20
45
-58
-15
87
63
-34
-37
1
-72
-86
142
60
8
-84
-1
15
-11
5
5
3
1
-24
28
-9
-16
26
-20
-1
7
-5
3
5
-5
-2
0
-1
-4
4
0
1
-3
-1
1
-1
-1
0
0
1
0
0
-1
0
2
0
-1
-5
3
-2
-1
0
4
-6
-3
4
-8
0
19
-27
15
8
-29
24
-2
-4
-6
-6
10
-15
0
85
-9
-60
-142
86
72
-1
38
33
-63
-86
15
58
-46
-19
8
38
-478
786
-246
-93
14
70
74
-194
112
-18
-44
5
-14
-1
0
4
26
25
-71
-44
143
-266
301
-64
-55
47
13
-186
-16
237
15
-87
-58
-24
-51
103
65
3
-1
-110
51
64
-46
-27
-23
-3
46
-4
-6
-1
-3
6
-2
3
-9
20
-27
6
-3
10
-4
2
0
-6
2
2
0
-4
-2
10
-7
6
-4
1
0
0
0
-1
0
0
-1
0
0
-1
3
-6
7
-9
1
4
0
-2
-2
7
0
-3
3
-11
2
-8
26
-22
8
-4
1
-6
3
1
5
2
-46
4
22
27
46
-63
-52
109
1
-2
-65
-104
52
23
58
88
-15
-238
14
185
-14
-48
54
63
-301
266
-146
43
70
-28
-27
-6
0
25
7
-66
12
113
-76
79
-227
65
275
-82
-228
-76
177
105
11
-274
83
234
9
-113
-167
85
81
-14
-147
6
130
47
14
-73
-41
26
2
11
-18
11
3
-24
25
-12
6
7
-8
-7
3
0
2
-6
1
3
-2
-2
3
-2
-1
-5
1
1
0
0
-1
-1
0
0
0
1
0
-1
-2
3
0
2
-4
0
1
-4
-2
5
-3
-1
-5
5
8
-8
-6
12
-27
24
-3
-11
17
-12
-3
-28
40
72
-13
-49
-130
-6
147
14
-82
-86
167
113
-9
-234
-84
274
-12
-105
-179
73
227
82
-276
-66
225
-80
75
-115
-15
64
-8
-29
0
42
-57
-12
121
-154
147
-160
179
-283
376
-14
-250
-277
551
-87
-346
287
164
-444
67
196
77
-185
116
-39
-156
144
214
-265
22
0
49
-15
-12
14
-15
3
0
9
-10
10
-14
5
-1
4
-4
4
-9
12
-11
5
-4
4
-7
3
-2
-1
-1
0
1
1
0
-1
0
0
-1
-1
-1
-1
-1
0
1
-5
5
-5
4
-5
9
-12
8
-4
3
-4
1
-5
14
-11
8
-10
-2
-3
15
-14
11
14
-49
-1
-23
264
-214
-145
156
39
-116
184
-77
-197
-67
444
-164
-287
345
85
-552
275
250
11
-379
280
-181
159
-149
153
-122
9
56
-47
0
36
-77
107
-80
-66
129
-15
-107
240
-285
97
573
-1066
569
153
-505
439
-122
-273
406
-58
-182
163
-166
157
-50
-131
120
105
-130
-53
96
-28
-1
0
-4
6
6
-27
41
-39
16
-2
-4
4
-4
4
-10
10
-6
1
-1
0
-4
11
-9
-3
4
-1
-1
1
0
0
0
0
0
-1
0
1
-5
2
8
-12
3
0
0
-1
5
-12
9
-4
4
-5
2
2
-16
37
-42
26
-7
-8
3
-1
1
27
-96
53
129
-105
-121
128
50
-158
166
-164
181
57
-407
270
121
-440
504
-153
-571
1066
-574
-99
283
-241
106
15
-129
65
79
-109
75
-41
0
18
-46
95
-194
310
-171
-165
278
-257
323
-492
448
99
-588
522
-205
-70
292
-599
753
-321
-146
155
-100
160
-233
237
-5
-334
325
-62
-46
26
-10
7
-17
17
-20
26
-24
5
11
-10
1
4
-1
-3
3
-4
-1
2
-2
4
-10
9
-3
-3
2
-1
-2
0
0
1
0
-1
0
0
0
0
-4
3
2
-9
9
-5
2
-3
0
2
-3
2
0
-5
-2
9
-12
-7
23
-26
19
-18
17
-8
10
-28
45
61
-326
334
4
-238
234
-162
99
-156
145
321
-754
599
-293
69
205
-524
587
-100
-450
491
-326
256
-279
165
171
-312
192
-98
45
-23
0
1
-5
12
-58
168
-331
500
-477
340
-330
531
-409
-286
652
-578
471
-381
449
-440
-81
557
-387
131
-76
93
-251
480
-431
18
220
-113
7
12
-7
-6
6
-12
25
-36
31
-6
-17
22
-20
10
0
-2
-1
1
-4
3
-4
8
-14
14
-9
1
2
-1
0
0
0
0
0
0
0
0
-2
0
-2
-2
8
-15
13
-9
3
-4
4
-2
0
1
-2
-10
20
-22
17
5
-32
33
-25
11
-6
4
7
-13
-7
112
-221
-20
430
-481
252
-93
75
-131
388
-558
81
439
-450
381
-472
578
-652
285
407
-532
328
-342
478
-500
330
-169
56
-16
5
-7
0
-10
31
-71
144
-174
26
201
-210
84
-78
119
-289
629
-719
574
-489
382
-368
611
-876
753
-330
91
-126
213
-290
441
-524
217
230
-308
148
-52
16
-1
0
8
-23
30
-26
9
-6
17
-22
12
-8
5
-3
0
2
-1
-3
5
-5
-2
-1
5
-3
2
-1
-1
0
-1
0
0
0
-1
0
-2
3
-6
0
2
4
-6
2
1
-3
0
3
-6
8
-14
21
-18
5
-9
25
-32
22
-8
-1
0
-17
51
-149
308
-230
-216
523
-442
289
-213
125
-92
330
-753
875
-612
366
-383
489
-575
718
-630
288
-119
76
-87
208
-203
-27
173
-145
67
-32
4
0
-20
59
-100
226
-320
188
-156
279
-330
341
-346
367
-516
590
-429
301
-123
-217
237
412
-810
401
-17
-142
283
-399
580
-922
1010
-519
114
-54
31
-11
5
-5
-5
8
-17
30
-41
31
-16
13
-14
10
-7
3
-2
0
-1
0
2
1
-7
11
-9
3
-2
1
-1
-1
0
0
0
0
0
-1
2
-4
7
-12
8
-1
-2
0
1
-1
1
-3
8
-12
13
-14
15
-32
39
-31
17
-9
3
4
-5
10
-31
53
-115
517
-1009
922
-581
398
-283
141
17
-401
810
-412
-238
215
122
-301
428
-591
514
-367
345
-342
328
-279
155
-189
318
-228
98
-60
17
0
-29
70
-99
205
-335
306
-309
243
64
-426
801
-1103
1094
-820
586
-443
266
11
-169
-111
265
-43
-74
79
-31
-71
146
-108
-140
349
-258
87
-9
-12
11
-15
13
-7
-11
26
-31
26
-21
11
-1
-4
5
-11
9
-3
0
-1
0
-3
4
-5
3
-3
0
0
-1
0
0
0
0
-1
0
0
-1
2
-4
4
-4
2
-1
1
-1
3
-10
10
-6
3
-1
-12
21
-28
30
-28
10
8
-14
14
-12
11
8
-88
257
-349
140
107
-147
71
30
-79
74
42
-264
111
168
-12
-267
442
-587
818
-1096
1102
-802
425
-66
-244
308
-306
333
-206
96
-71
24
0
-31
65
-93
136
-263
288
-100
-42
121
-135
-57
170
-108
151
-296
330
-226
205
-287
202
-23
-63
60
12
-104
279
-612
759
-491
218
-128
61
-31
7
26
-44
36
-20
-2
21
-27
21
-18
10
-4
2
-3
4
-5
2
0
-6
10
-11
5
-1
0
-1
0
0
1
0
-1
0
0
0
-2
0
-1
0
0
0
-6
10
-9
5
-1
-2
4
-4
2
-2
3
-10
16
-21
24
-23
2
19
-38
42
-27
-9
30
-62
128
-219
490
-760
612
-280
104
-13
-60
63
23
-203
287
-206
225
-330
294
-152
108
-171
54
133
-123
41
99
-290
262
-138
90
-66
27
0
-3
-10
11
12
-68
124
-109
27
-7
64
-43
-116
216
-123
15
-14
-6
63
-40
58
-160
176
-120
34
-7
-1
23
-6
35
-61
29
-11
5
-1
0
-1
-2
4
-6
8
-6
1
1
-1
1
-2
3
-3
1
-2
0
2
-5
0
0
0
0
0
-1
-1
-1
-1
0
0
-1
-1
-1
0
-1
-1
0
-1
1
-2
3
-3
-1
1
-2
2
-5
1
0
1
-2
-1
4
-9
4
-4
1
1
-1
-1
-5
11
-28
60
-35
5
-25
0
7
-35
119
-176
159
-59
39
-63
5
13
-16
121
-218
114
42
-66
5
-28
109
-126
67
-14
-14
7
-3
0
18
-18
0
4
27
-14
-43
-32
145
-91
-16
33
-44
40
-9
15
-18
-2
-28
116
-103
18
-5
7
-16
16
31
-40
-14
33
-20
15
-7
1
-5
3
-1
-1
-1
7
-8
0
2
0
-1
-3
3
-5
4
-3
0
-1
-1
0
1
-1
1
-1
-1
-1
0
0
0
0
-1
0
0
0
0
0
-2
1
0
-2
0
0
-1
3
-6
4
-4
2
-1
0
-4
-1
6
-8
0
0
0
-4
5
-3
6
-16
20
-34
14
39
-33
-17
16
-8
5
-18
103
-117
28
1
17
-16
8
-40
42
-34
14
88
-146
31
43
12
-27
-6
-3
17
-23
0
15
-16
8
-14
17
-2
6
-9
-49
36
27
8
-40
26
0
-41
12
48
-49
3
-9
48
-25
5
-6
-9
9
-3
1
-9
10
9
-19
9
0
-3
2
-2
-3
9
-10
2
0
-1
0
-1
-1
0
-1
2
-3
3
-4
1
0
-1
-1
0
0
0
0
0
-1
0
0
0
-1
-1
0
-1
-1
0
0
-3
4
-4
2
-2
1
-1
1
0
-1
1
-2
-2
10
-10
4
1
-3
1
0
-9
17
-9
-11
10
-1
2
-10
8
6
-6
24
-48
8
-4
48
-50
-13
40
-2
-26
38
-10
-29
-38
47
8
-6
0
-19
13
-11
14
-20
0
-1
9
-9
1
19
-71
62
10
-39
4
86
-128
101
-65
-6
28
14
-67
82
-19
-15
-16
12
14
-21
35
-57
27
3
9
-13
11
-2
-5
0
2
0
-2
-1
4
-2
-5
4
-3
0
1
2
-2
2
-1
0
0
-1
0
-2
0
0
-1
-1
-1
0
0
-2
0
0
0
-1
0
0
-2
0
0
0
0
0
-1
0
0
-3
1
-2
-1
-1
1
-6
4
1
-5
-1
2
-2
-3
1
4
2
-11
12
-10
-3
-27
56
-36
21
-15
-13
15
14
19
-82
66
-14
-29
5
63
-102
126
-88
-6
37
-10
-63
71
-21
-2
5
-10
-2
0
4
7
-5
-12
29
-46
31
-36
62
-19
-73
68
-31
35
-18
0
-12
11
12
-37
39
-24
2
15
0
-32
32
-26
19
1
-7
3
-1
-3
2
-2
3
-2
2
-3
3
-2
-2
2
-2
2
-2
0
-1
-1
-1
0
1
-1
0
0
-2
1
0
1
1
-1
-1
0
0
-1
-1
0
1
-1
1
0
-2
2
-3
-1
-1
0
0
-1
1
-3
0
-3
1
1
-3
3
-3
2
-4
1
-1
3
0
-4
6
-2
-18
26
-31
30
-1
-16
-2
23
-38
36
-12
-12
10
-1
16
-37
28
-69
70
17
-66
35
-30
45
-30
10
1
-9
-8
0
8
-2
-1
-8
0
20
-33
31
-35
-12
35
76
-122
32
6
0
9
-8
9
-28
12
26
-24
7
-1
-10
22
-11
7
-12
8
-4
1
-1
4
-1
-2
-1
4
-4
0
-1
1
0
0
-1
-1
-2
2
-1
2
-1
-1
0
0
-2
0
-2
0
-1
0
0
-1
0
-1
0
0
0
-1
0
0
0
-2
0
1
1
-3
0
-4
1
1
-1
0
-1
-2
0
-2
4
-3
1
1
0
-4
1
-1
3
-8
12
-7
11
-21
10
0
-8
23
-27
-11
28
-8
8
-9
-1
-9
-33
121
-77
-38
11
33
-32
34
-21
-1
7
-3
0
-13
0
12
-7
-4
2
-11
3
6
22
-26
0
41
-90
59
-6
5
-9
-4
10
-14
-38
72
-19
-13
8
9
-21
2
24
-31
13
6
-9
9
-7
2
1
-1
1
0
0
0
-1
-2
0
0
-2
-1
2
-2
0
-1
1
-1
1
-1
2
-1
0
-1
0
-1
0
0
0
0
-1
0
-1
-1
0
0
-2
0
-2
1
-2
1
-1
1
-3
-1
1
0
0
0
-1
-2
0
-1
-1
0
-1
-2
7
-10
9
-6
-13
29
-24
-2
20
-9
-8
13
19
-71
38
13
-11
4
8
-7
4
-61
89
-43
-3
24
-22
-8
-3
10
-2
0
6
-16
0
0
3
3
-2
-7
-2
5
4
-5
-7
0
4
2
-1
-3
-4
-4
2
9
7
-4
-9
-5
3
5
0
-2
0
1
-2
-2
1
1
-1
-2
0
0
-1
-1
0
1
-1
-1
-1
0
0
-1
-1
0
-1
-2
0
1
0
-1
0
0
0
-2
-1
0
-1
-1
0
0
0
-1
-1
0
0
0
-1
1
0
-1
0
0
-1
0
0
0
0
-1
0
0
0
-2
-1
1
0
-1
-1
1
-1
-2
-2
0
1
-2
0
1
-1
-6
-5
5
10
3
-8
-9
-3
1
3
2
0
-5
-6
0
5
2
-6
-7
1
5
0
-5
-4
-1
