-7
-7
-3
-6
-9
10
-7
-2
-6
-1
2
-10
6
-9
4
-13
5
2
-1
-5
-3
-1
5
3
-14
9
-5
-1
0
-2
-2
2
-2
0
0
-3
2
-2
-1
1
0
1
0
-1
3
-1
0
0
-3
3
-3
0
1
-2
-1
-2
1
-1
0
0
-2
-1
-1
0
-1
-1
0
0
-1
0
0
-1
1
0
1
-1
1
1
-2
3
-2
2
0
-2
3
-1
0
2
0
0
1
-2
2
-2
0
1
-2
2
-2
-1
1
0
-5
10
-13
5
6
1
-2
-2
0
3
5
-11
8
-5
9
-6
5
2
-4
2
-4
13
-5
1
2
1
9
-22
4
-9
4
-1
-10
5
-14
-2
8
-11
9
-10
-13
11
4
-7
-11
2
5
-10
0
11
-12
1
0
-1
-6
4
0
-5
0
2
-1
0
-1
1
1
-3
2
3
-2
0
0
-1
0
-1
-1
0
0
-2
-2
-1
-1
0
-3
0
-1
-1
-1
-1
-1
-1
-1
0
0
0
0
1
0
1
-2
2
0
1
-1
0
0
1
0
0
2
0
1
1
-2
4
2
-3
1
1
0
0
-1
3
0
-4
1
5
-6
1
3
1
-11
12
1
-6
6
2
-11
-6
5
14
-9
-6
12
-8
12
0
-12
11
-5
1
6
-1
9
-14
-30
51
-74
18
-13
20
-30
6
6
-18
16
1
-27
25
-12
7
-31
21
-2
-19
13
-2
12
-24
14
-4
0
-4
-1
-1
1
0
-2
1
0
0
1
-2
3
-3
5
-6
2
-1
2
-1
0
4
-2
-4
2
-2
0
-2
2
1
-3
-1
-3
1
-2
-1
-1
-1
0
-1
-1
-1
-1
1
-1
1
-2
2
1
-1
1
-1
3
-3
-1
4
0
-1
2
-1
2
-5
5
-2
3
-3
2
0
0
2
-2
1
2
0
0
-2
0
-2
16
-23
13
1
14
-19
-2
23
-30
10
-9
30
-25
3
19
-15
8
10
-26
25
-10
26
-70
59
-8
0
-7
-12
23
-36
-8
40
-55
15
5
7
1
-22
-11
40
-53
-1
58
-54
1
31
-14
-51
80
-35
-7
2
-5
1
-2
1
-5
4
0
-1
-1
2
1
-5
5
-4
2
4
-4
2
-3
6
-6
3
-4
1
0
-1
-1
1
-2
0
-4
3
-1
-3
0
-1
0
0
0
-1
0
3
-4
1
-1
2
0
0
1
0
-4
3
-5
7
-2
2
-3
4
2
-3
6
-4
1
2
1
-2
1
4
-5
3
0
1
-4
4
-4
-34
81
-50
-13
32
2
-51
59
0
-52
43
-8
-18
4
10
7
18
-53
43
-3
-35
26
-4
-2
8
11
-68
58
27
-85
70
-16
-20
-80
102
-32
-16
25
-1
7
-55
-5
23
39
-35
1
81
-120
-16
72
-15
-2
-4
3
-9
0
4
-7
6
-1
-1
1
3
-12
11
4
-4
-4
2
4
-1
2
-4
1
0
-2
-3
4
-8
6
1
-3
-4
1
2
-2
-1
-2
0
-1
0
-1
1
-1
3
2
-4
-2
3
7
-8
5
-1
0
0
2
-4
1
0
5
2
-3
-3
4
10
-11
3
2
0
-1
5
-7
5
1
-8
4
-2
-1
-13
74
-16
-119
80
2
-36
39
24
-4
-53
9
3
28
-13
-29
105
-78
-16
-12
75
-82
35
63
-58
-16
30
-34
-63
-54
240
-146
-47
192
-164
-6
-39
113
-94
79
-70
-18
96
-125
123
-99
165
-255
203
-117
46
-14
3
3
-3
-4
3
-1
0
1
1
-2
4
-8
7
0
-5
9
-6
6
1
-11
9
1
-16
15
-9
3
-3
3
-4
-6
9
-7
-1
-1
0
-1
0
1
0
0
0
0
2
-5
9
-5
-2
4
-2
4
-7
15
-15
2
10
-10
2
7
-6
8
-6
1
7
-6
4
-2
1
-1
0
-1
5
-3
-3
4
3
-12
48
-116
206
-253
167
-98
123
-123
97
-17
-67
83
-92
117
-36
-3
-161
194
-43
-142
243
-50
-56
-30
37
-19
31
-72
69
-208
364
-239
109
-255
258
-102
-44
100
-10
-97
133
-77
-43
79
-87
89
20
-152
106
-36
-1
24
-17
4
-1
3
-13
10
-6
3
-2
-1
4
-8
16
-22
23
-8
-4
9
-7
5
-9
12
-18
13
-9
3
4
-11
12
-12
9
-7
0
0
-1
-1
-1
0
0
0
1
0
1
-6
10
-11
12
-10
5
3
-8
13
-18
13
-7
5
-7
9
-4
-8
22
-22
16
-8
3
-1
-1
5
-5
10
-11
4
0
5
-15
25
0
-35
108
-151
21
90
-86
80
-42
-76
137
-93
-7
103
-41
-99
261
-253
113
-234
367
-204
75
-67
39
-2
-64
81
-49
-152
349
-233
-41
315
-300
31
30
-2
-68
-13
157
95
-304
70
35
26
137
-259
32
72
21
-18
-9
-9
16
-9
2
-1
-1
0
0
-1
5
-12
7
7
-10
11
-13
7
2
1
-6
8
-12
0
9
-7
6
-4
-14
14
-5
2
-5
0
0
-2
0
0
0
-1
1
1
-3
2
-3
15
-13
-3
8
-6
10
0
-12
9
-5
1
3
7
-14
11
-10
8
8
-11
5
-1
0
1
-1
-1
2
-10
17
-8
-8
-17
22
73
34
-257
139
26
36
72
-303
96
159
-10
-65
0
33
35
-297
317
-38
-228
352
-149
-42
85
-56
1
3
-5
-61
-97
302
-131
65
-421
375
-62
98
-183
110
-125
135
36
-190
145
-73
3
89
-148
145
-99
37
-4
-20
22
-12
3
-5
2
5
-6
1
-1
2
6
-7
4
-1
1
2
3
-3
1
-2
-3
-1
11
-11
1
-11
13
8
-17
1
6
-6
2
-2
-1
-1
1
1
0
0
2
-6
7
1
-16
10
14
-11
1
-10
12
-1
-2
-1
1
-3
3
2
0
0
4
-7
6
1
0
2
-6
6
2
-3
4
-12
23
-19
-2
38
-98
147
-147
90
4
-74
146
-188
37
138
-121
113
-180
102
-59
378
-419
69
-127
307
-94
-55
0
10
-24
42
-98
103
-198
261
-138
-118
391
-345
66
18
3
-74
125
-116
-87
252
-167
105
-113
-36
193
-205
134
-46
11
-12
-9
16
-10
-1
7
-8
7
-3
0
4
-12
21
-27
16
4
5
-13
4
2
-3
-4
8
-11
10
-11
-4
14
-20
18
-12
0
2
-2
0
-2
1
-1
1
0
0
-2
3
1
-10
19
-19
15
-3
-10
12
-10
9
-3
-2
3
4
-12
4
4
16
-26
21
-12
4
0
-2
8
-8
7
0
-10
17
-8
-11
12
-46
136
-205
194
-34
-111
108
-166
254
-86
-113
128
-72
6
20
69
-343
393
-115
-133
266
-195
110
-93
51
-8
-53
86
-79
-37
144
-114
96
-172
106
37
-178
197
-48
75
-185
-116
275
5
-67
-38
-207
309
25
-136
-3
10
5
8
-14
3
-3
3
4
-9
2
-1
-2
10
-9
2
-10
17
-10
2
4
4
-12
10
-7
-2
6
-12
21
-18
-3
7
-7
-3
4
-1
-1
-1
-1
1
0
1
0
-1
4
-2
-5
8
-1
-17
22
-11
7
-2
-8
11
-13
3
4
2
-10
17
-8
3
-9
11
-1
-1
2
-8
5
3
-2
3
-12
9
6
10
-2
-134
26
310
-204
-37
-66
6
277
-115
-182
78
-45
201
-174
41
109
-170
99
-111
148
-33
-71
91
-43
5
-12
8
-42
-9
75
-47
43
-180
125
48
-57
-12
25
101
-287
345
-242
-33
150
-88
-7
104
-150
106
-34
-7
22
-17
3
0
-1
4
-10
6
3
-4
1
-2
-5
15
-18
16
-1
-7
7
-3
-4
6
-13
15
-3
-12
4
-10
30
-20
-7
8
-8
1
0
-1
0
0
0
0
-1
2
-7
9
-6
-19
32
-9
4
-12
-2
16
-12
7
-2
-3
7
-7
0
15
-18
15
-4
-1
2
-4
2
7
-12
4
0
0
4
-16
22
-6
-32
107
-149
106
-8
-87
152
-32
-243
346
-284
105
27
-8
-53
52
130
-177
48
-42
79
-6
-34
13
-4
-25
49
-107
107
-82
-2
41
-213
551
-496
132
117
-198
15
170
-305
361
-320
211
-110
21
195
-349
240
-106
29
-10
10
5
-12
7
-2
-6
8
-5
0
2
0
-9
12
-10
3
8
0
-3
-6
9
-8
-3
11
-16
14
-8
-11
26
-34
25
-9
4
-4
-2
-2
0
-1
0
-1
1
0
-1
-4
5
-8
26
-35
27
-10
-7
16
-15
13
-2
-8
9
-5
-2
0
8
2
-10
12
-7
1
2
1
-4
9
-6
-1
8
-11
6
12
-10
30
-105
242
-347
197
21
-110
211
-319
362
-303
173
19
-195
121
135
-493
553
-210
45
1
-79
113
-101
57
-2
-48
84
-99
108
-102
48
171
-620
490
-2
-73
-13
98
-10
-191
29
157
-157
47
83
126
-299
27
99
5
-21
-5
-2
5
-4
2
-9
4
3
-3
1
-5
17
-15
-8
2
18
-12
1
8
-5
-3
3
1
-10
9
-12
16
-19
16
-11
0
-2
4
-2
-2
2
-1
0
-1
1
-2
-1
6
0
0
-10
17
-17
16
-11
9
-9
3
4
-1
-5
9
1
-11
18
2
-8
-15
19
-4
2
-3
4
5
-9
3
-2
5
-1
-4
-20
6
101
29
-297
126
85
49
-155
159
30
-187
-6
102
-10
-69
0
492
-618
175
51
-98
110
-93
89
-39
-4
-25
15
11
91
-254
67
-32
461
-474
115
-178
305
-232
-10
247
-333
263
28
-163
29
139
-292
299
-182
24
28
-16
-7
14
1
-4
-5
-1
5
-3
-4
4
3
-13
12
-2
-1
-1
4
-8
1
6
0
-2
-11
6
2
-2
-5
-13
15
7
-10
0
0
-1
-1
0
-1
0
-1
0
0
0
-9
7
16
-14
-3
0
4
6
-10
-1
1
6
1
-8
5
-1
-1
-1
12
-13
4
6
-4
0
6
1
-5
-3
2
15
-7
-14
30
25
-181
303
-290
141
31
-161
29
264
-332
251
-6
-229
308
-176
118
-471
464
-28
71
-249
95
17
20
-16
-24
59
-95
58
145
-394
274
10
-349
381
-135
-84
169
-11
-251
455
-428
277
-186
107
-86
155
-244
117
16
-9
2
-6
1
-5
-8
8
1
-8
7
-4
-1
-2
6
-13
17
-24
19
-7
5
-11
16
-9
-2
12
-22
19
-10
-5
11
-20
18
-15
8
-5
1
-1
-3
1
-1
1
-1
-1
2
-3
9
-16
18
-18
12
-3
-9
20
-21
13
-1
-8
15
-12
6
-7
20
-25
18
-13
8
0
-1
-3
8
-7
1
9
-6
-5
1
-6
3
-9
18
117
-243
156
-85
109
-184
277
-427
460
-247
-8
172
-80
-132
384
-347
12
278
-391
148
66
-90
67
8
-35
54
-89
259
-466
286
-146
297
-215
-33
77
-31
-80
107
-56
-131
296
-157
-26
96
53
-238
80
60
-13
-19
14
3
-24
19
-19
13
-3
-3
-1
4
-3
-1
6
-12
12
-5
-2
6
4
-13
12
-13
19
-17
1
5
-8
10
-17
18
-15
7
-4
-1
-3
1
-3
1
-2
1
0
0
-2
8
-14
19
-15
11
-5
6
3
-16
20
-12
12
-12
4
7
-2
-5
13
-12
7
-2
-2
5
-1
-2
-2
13
-18
20
-22
4
16
-18
-12
61
81
-236
54
96
-25
-155
298
-130
-53
110
-77
-29
80
-30
-212
299
-141
290
-461
261
-82
60
-27
-10
-45
38
66
86
-378
194
58
-110
89
-54
194
-301
150
130
-498
284
206
-73
-112
32
107
-297
200
-28
5
-1
18
-14
-10
2
3
0
-3
1
3
-5
2
0
-2
-4
6
0
-3
13
-5
-10
2
5
4
-14
0
9
-12
-3
17
-9
2
-12
6
-2
1
-1
0
0
0
-1
1
-1
6
-12
4
-8
18
-1
-11
10
1
-13
5
6
3
-9
-5
13
-4
1
7
-3
-3
0
2
-4
3
1
-2
0
4
2
-8
-13
21
0
6
-27
200
-295
109
32
-111
-70
207
285
-494
134
153
-298
198
-52
92
-109
62
197
-374
88
73
42
-37
-19
52
-62
-51
115
-140
7
104
-26
-84
98
99
-322
300
-279
315
-347
325
-158
-24
76
40
-231
171
-52
30
-15
5
1
-8
-2
14
-16
8
1
-3
0
-6
14
-17
9
5
-10
11
-20
24
-18
1
7
2
-14
14
-5
-11
11
-6
4
5
-9
2
-1
-1
0
-2
0
-1
1
0
0
3
-9
5
4
-6
12
-10
-4
15
-14
4
8
2
-18
23
-18
11
-10
6
10
-17
14
-6
0
-2
1
8
-16
15
-1
-8
3
7
-14
32
-51
172
-230
43
77
-22
-157
325
-346
319
-276
304
-320
102
101
-82
-24
107
13
-136
118
-44
-57
60
3
0
-36
42
-182
329
-210
55
-122
120
-13
133
-260
-44
138
67
-132
164
-170
121
-127
33
159
-123
-31
32
-19
10
0
-10
-1
9
-1
-6
0
2
-3
5
-12
12
-12
13
-2
-10
16
-14
13
-9
3
-9
10
-15
12
-4
4
-5
-3
-1
5
-6
1
0
-2
0
0
0
-1
2
2
-5
6
2
-2
-4
6
-3
12
-13
10
-6
4
-9
14
-15
16
-10
-2
13
-12
13
-10
5
-2
3
1
-3
-1
9
0
-9
2
11
-18
34
-29
-121
161
35
-125
123
-169
167
-131
70
141
-42
-256
136
-10
123
-120
58
-207
335
-179
49
-30
8
-4
-61
77
-35
-261
561
-297
-62
146
-109
-73
207
-262
157
38
-148
51
37
-31
6
58
-129
132
-27
-47
-1
15
1
1
-11
10
-6
-5
4
0
3
-3
3
0
-5
0
10
-2
-4
-6
2
9
0
-9
7
-4
-2
1
1
-1
-2
4
-3
-2
0
-1
1
-1
-1
0
1
-1
-1
0
2
-2
-2
5
-1
-2
2
0
-2
-2
10
-8
1
10
0
-6
-3
-2
10
0
-5
1
2
-3
5
0
5
-5
-4
11
-10
1
2
17
0
-45
-27
133
-130
59
8
-29
39
52
-145
41
161
-259
209
-69
-105
147
-59
-292
564
-258
-27
81
-52
-16
30
-103
80
-91
156
-53
-110
76
17
-11
-17
-64
96
-65
28
-20
6
-1
14
-34
-7
47
-17
-19
15
-5
-2
2
-3
0
-4
0
2
-2
-1
0
-2
5
-4
2
1
0
-2
3
1
-3
3
-1
-3
2
-5
3
-1
-2
0
-2
1
-2
-1
0
-1
-1
-1
0
-1
0
-1
1
0
-2
1
-1
2
0
-1
4
-3
3
-2
0
3
-3
1
4
-2
0
1
2
-4
5
-2
1
0
-2
2
0
0
1
-2
2
-2
-3
17
-18
-14
48
-6
-32
16
2
8
-19
30
-62
98
-60
-13
-8
20
78
-107
-50
160
-87
88
-99
38
1
-15
16
-27
-8
26
-29
27
-60
34
-1
-9
7
-22
4
5
-6
8
-12
7
0
-18
27
-14
-6
2
0
2
-4
0
-2
-1
0
0
0
2
-3
4
-5
1
0
1
-1
0
-2
3
-3
0
1
-2
-1
3
-5
1
-1
-2
-1
-1
-1
0
0
0
0
-1
0
0
0
0
0
1
-2
-1
1
-1
1
3
-4
5
-1
-1
2
0
-2
3
-1
1
-1
2
0
1
-4
5
-3
3
0
1
0
0
0
1
-3
4
0
1
-6
-12
27
-16
0
10
-12
8
-5
9
7
-19
10
-6
2
38
-58
32
-25
30
-4
-19
20
-7
-8
-6
-9
6
-12
-3
2
-2
-9
-9
15
-11
7
-18
11
-15
-5
22
-3
-26
19
-3
-2
0
-9
6
-3
2
-4
-1
-1
-1
1
-2
2
-1
0
0
1
-1
0
0
2
-2
2
-1
-1
-2
3
-2
-3
2
-4
0
0
-1
-2
1
-2
-1
0
0
0
0
0
-1
0
1
1
-1
-1
2
-1
-1
2
3
-3
4
-3
0
4
-1
0
0
3
-2
4
0
1
-1
2
0
1
1
3
-1
1
0
0
1
-3
2
-1
7
-8
3
1
-3
19
-25
-2
22
-4
-12
14
-13
10
-9
17
-7
-7
1
7
0
-9
13
-4
3
-10
0
-15
4
-1
-17
13
-12
0
-9
12
-3
-19
23
-10
-11
-1
-1
8
-15
11
2
-16
7
-1
0
-1
-2
-1
1
-2
-1
3
-4
3
-3
1
1
1
-1
-1
1
-2
3
0
1
-1
-1
2
-3
0
-1
0
-1
1
-2
0
-1
-2
1
-1
-1
-1
0
0
0
-1
-1
0
1
0
0
1
-1
3
1
1
0
0
-2
3
0
-1
1
1
3
-1
2
-1
1
3
-1
1
-3
2
-4
3
-1
-1
2
-1
-2
-2
2
0
7
-13
3
11
-13
9
0
0
-7
-5
25
-16
1
14
-8
1
-8
17
-13
2
12
-10
7
-14
-4
2
-12
10
-29
7
9
-28
27
-11
-7
5
1
-33
37
-14
-10
8
1
-9
12
-14
1
6
-8
5
-4
4
-3
-3
1
-1
4
-4
1
0
1
-2
-1
2
-1
0
-2
1
0
2
-2
-2
3
-3
0
-3
3
-3
0
-1
-2
-1
-1
-1
-1
1
-1
-1
-1
1
0
0
-1
1
0
0
1
-2
4
-3
1
-2
3
-1
0
2
0
1
-1
1
1
1
-1
-1
2
0
1
-3
5
-1
2
-1
-3
4
-4
5
-7
7
2
-13
12
-8
2
9
-8
-13
39
-31
3
8
-4
-8
29
-25
13
10
-26
15
-5
7
3
3
-11
-6
-2
4
-33
26
-16
9
-1
-12
1
0
-12
0
0
-3
-1
1
-12
11
-3
2
-13
8
-4
2
-1
-3
-2
2
-2
-2
3
0
-2
-1
1
1
-2
0
-1
4
-1
-2
4
0
-4
1
0
-1
1
-1
-1
0
0
0
-3
0
0
0
0
-1
-1
0
0
-1
0
0
0
0
-2
1
2
0
-1
-1
0
-1
0
1
-2
1
3
-2
-2
4
0
0
-1
1
1
-1
-1
1
4
-2
-2
2
-1
-2
0
3
-5
10
-11
4
-2
12
-11
1
2
-2
4
5
-8
3
4
-9
1
10
-13
30
-29
6
4
0
-3
-7
-9
1
-8
8
-27
17
-4
-21
18
-7
-7
2
-9
22
-39
19
3
-12
17
-18
3
1
0
-4
1
-2
3
-6
1
0
0
-3
-1
6
-3
0
2
-5
1
5
-3
1
1
0
-3
3
-1
-1
-1
0
1
-5
0
0
0
-1
-1
-2
-1
-1
-1
-1
-1
-1
1
0
1
-1
-1
1
1
0
0
0
1
-3
2
1
1
0
-1
5
-3
1
1
1
-2
5
2
-4
3
0
-2
5
0
-3
1
1
2
-5
2
-2
4
-3
1
2
4
-16
18
-11
2
20
-36
25
-5
6
-3
-4
20
-20
0
21
-24
12
0
6
-2
-25
5
-6
-6
6
-9
-12
3
14
-28
21
-14
9
-7
-12
4
-3
8
-8
0
0
-4
6
-7
2
1
-3
0
0
-1
0
-5
2
0
-2
1
-2
1
-1
1
1
2
-2
2
-1
-1
2
-2
-1
0
-2
1
-2
2
0
-2
1
-1
-2
0
0
0
0
-2
-1
-1
-1
-1
1
-1
0
-1
2
-1
1
1
-1
2
-1
1
0
-2
3
-1
0
2
-2
0
1
0
0
-1
-1
2
-2
0
2
-5
1
0
0
1
-2
2
3
-4
7
-3
1
2
-7
9
-3
6
-9
-4
11
-11
24
-24
16
6
-8
-6
8
1
-1
12
3
-11
-6
-2
-5
-4
5
-11
-10
0
9
-8
-8
9
-18
7
-7
12
-8
-2
3
-8
8
-7
-3
-1
0
1
-4
1
-2
1
-5
7
-4
1
-1
2
-2
0
0
0
0
1
0
-1
-1
-1
1
-1
-1
-2
1
-2
-1
0
-1
0
-1
-2
0
0
-2
0
0
0
0
-1
2
0
-1
2
0
1
1
0
2
0
0
-1
2
-1
-1
0
1
2
-1
0
0
1
-2
2
0
1
-3
6
-5
1
-1
3
-2
2
1
0
-1
-4
9
-6
4
0
-8
14
-6
10
-15
13
-5
-4
12
4
-8
-7
10
0
-1
6
0
-4
-4
-9
-3
-2
-6
-1
4
-10
4
-3
-8
3
0
-15
13
-6
-8
7
-4
0
-1
-5
3
-6
5
-3
-7
5
-2
-4
3
-4
2
-3
2
-4
3
-2
1
-3
1
-2
1
1
0
1
0
-2
1
0
-1
-2
0
1
1
-1
-1
-1
0
-1
-1
0
-1
-1
0
-1
0
1
0
0
2
-1
0
0
2
0
1
-2
0
1
2
-2
1
1
-1
2
1
-1
1
-2
2
-1
3
-3
2
-1
2
-3
4
-4
-1
7
-6
-2
6
-5
4
-3
0
2
-3
9
-7
-3
15
-10
2
6
-6
0
6
-7
7
3
-3
4
1
1
-2
-3
-5
-2
1
-3
-6
-5
2
1
-4
-4
-1
-1
-4
-6
-1
2
-1
-4
-2
2
1
-2
-2
-1
0
-1
-2
1
1
-2
-1
0
0
0
0
-1
0
-1
0
1
1
0
0
0
0
1
-1
-1
0
-1
-1
0
0
-1
0
0
0
-1
-1
-1
0
0
-1
1
0
1
0
0
0
0
0
0
1
1
-1
0
1
0
0
0
2
2
0
0
1
1
0
0
0
-1
0
1
1
1
-1
-1
1
0
-1
-1
1
0
-1
0
2
2
-1
-2
0
3
0
-3
-1
3
2
-2
-1
3
3
0
-2
1
4
2
-1
0
