-22
0
-3
-6
-2
1
-15
11
-19
23
-14
0
-6
-4
3
-23
6
19
-13
-2
-2
7
-6
-4
1
-2
-1
5
-3
-7
5
-9
12
-25
24
-3
-7
9
-8
-6
13
2
-24
34
-24
15
-10
2
0
2
-11
10
-2
-3
1
-5
6
-10
6
-3
3
-5
5
-3
1
-2
4
-4
3
-3
7
-8
7
-3
3
-2
-2
11
-10
2
1
3
-9
16
-24
34
-24
2
12
-6
-9
9
-7
-2
24
-26
12
-7
6
-6
-2
6
0
0
2
-3
-5
8
-1
-2
-12
19
7
-20
6
-1
-3
4
-11
26
-16
13
-11
5
0
0
2
9
-16
-6
0
-4
-6
4
-23
-1
31
-9
-29
22
-27
45
-65
12
13
-6
2
-2
5
-5
-1
-3
-10
23
-23
14
-10
4
-4
10
-32
23
9
-10
-2
2
-2
2
0
-1
3
6
-10
6
2
-6
4
-2
-1
-2
0
1
-4
-1
-7
13
-5
-8
8
-6
4
-4
2
-3
4
-5
8
-7
-5
14
-6
0
-2
2
1
-1
0
-1
5
-7
2
5
-9
5
2
-2
0
2
-3
3
-2
-9
9
23
-32
10
-4
7
-9
16
-21
23
-8
-1
1
-4
5
-2
3
-7
14
16
-62
50
-25
25
-26
-3
33
2
-18
7
-3
3
4
2
-24
3
-5
-2
-7
-7
11
-12
-10
21
-14
5
-32
23
-13
15
-16
1
2
1
4
-13
1
6
-27
53
-38
7
-6
5
-15
6
3
-1
6
-9
3
5
-9
5
3
-3
3
1
-2
2
-2
1
1
-4
1
0
0
-4
1
-1
-3
-1
-3
1
1
1
-2
0
-1
0
-2
1
1
0
-2
1
-2
2
2
-2
0
0
2
-4
2
0
0
3
-2
1
3
-2
3
5
-9
6
3
-8
7
-1
3
7
-14
6
-5
8
-37
53
-26
6
2
-11
5
2
3
3
-15
18
-10
25
-29
9
-11
24
-9
-8
13
-3
-3
5
-1
12
-3
-10
-3
-5
-6
4
-9
-1
-1
7
-19
4
18
-40
34
-29
10
-5
2
-1
-5
8
-14
9
-25
28
-16
7
-2
-5
-2
7
-8
3
-4
2
1
-2
4
-5
3
-3
3
-3
1
2
-1
1
-2
1
-3
0
-2
-1
2
-6
4
-2
-6
6
-5
0
0
-1
1
-2
1
0
-4
6
-4
0
5
-5
4
0
-2
2
-2
3
-1
2
-1
3
1
-2
3
-2
3
-3
4
-2
1
2
-4
5
-8
8
0
-5
0
7
-15
29
-25
10
-12
11
-3
0
2
-4
11
-26
37
-36
21
6
-17
10
1
2
-6
7
-2
2
2
-3
-23
3
-10
-2
-2
-6
6
-13
9
-19
11
-1
11
-50
61
-48
15
-8
8
-10
6
-4
-1
-13
22
-12
1
-4
-3
-1
4
0
-9
5
2
-2
1
0
1
1
2
1
-4
6
0
-2
-2
3
-4
-1
1
-2
-2
2
-2
-2
1
-1
-1
-2
1
1
-4
1
-2
2
-4
3
2
-2
0
1
2
-2
-1
2
-2
0
3
0
-3
3
-2
-1
0
5
-4
0
2
0
1
-2
2
-2
3
6
-9
2
5
-1
-2
-1
3
-12
23
-13
2
-2
7
-8
9
-9
16
-46
63
-47
14
2
14
-16
11
-8
10
-3
2
5
-6
11
-20
11
-35
19
-11
-9
-2
27
-2
-57
21
10
16
-33
5
-10
24
-18
-10
15
-5
-7
10
-2
-13
12
-5
-3
0
5
-20
14
4
-11
7
-2
1
0
-3
1
-2
2
0
0
-1
0
1
3
-3
1
-2
-3
2
-3
2
-3
-1
2
-2
0
0
-2
0
-2
1
0
1
-1
1
0
-3
4
-1
-4
2
-1
3
-1
-1
3
-2
3
0
0
0
0
0
2
-2
2
-2
1
1
-2
7
-11
4
14
-19
7
0
-1
-4
13
-13
-1
11
-6
-5
16
-8
-16
25
-6
8
-30
19
13
25
-55
-1
30
2
-5
-8
26
-31
19
-40
15
-17
21
-45
-7
73
-13
-113
29
71
5
-57
-58
107
-37
-9
-12
20
-15
3
10
-32
0
56
-53
6
5
3
-2
-8
3
7
-3
-2
1
-2
1
0
2
-1
-2
1
1
-4
3
2
-3
-1
1
-2
0
-1
0
-2
3
-3
-1
0
-1
1
-3
-1
-1
0
0
0
-3
1
-1
1
-1
-2
5
-3
2
0
1
-1
2
0
-3
2
3
-3
2
1
0
0
2
1
1
-2
2
-2
-3
7
2
-8
-2
5
6
7
-54
57
1
-31
11
5
-12
22
-10
-8
-33
109
-55
-53
9
74
30
-111
-9
76
-2
-41
28
-12
24
-30
11
-18
28
-56
-16
95
-7
-116
4
95
-13
-59
-2
44
-27
2
-4
0
-1
1
14
-34
-4
29
5
-22
-9
10
5
-12
-10
13
1
3
-6
-1
1
4
-2
-3
4
5
-5
0
-1
1
-2
0
-1
-4
-1
1
2
-6
1
1
-4
2
-1
-1
-2
1
1
-3
1
0
-1
1
-1
2
-3
2
2
-5
4
1
0
-3
1
1
0
2
1
0
-4
6
4
-2
-2
4
1
0
-6
3
1
13
-8
-11
6
11
-7
-20
6
30
-2
-32
15
2
1
0
-3
3
-24
47
2
-55
-10
98
7
-114
-4
99
-12
-52
35
-13
20
-29
11
-15
27
-59
-29
120
26
-218
61
120
-34
-82
-7
98
-49
-19
9
2
-9
11
10
-41
1
34
-18
2
-10
13
-4
-17
-8
37
-12
-22
10
7
1
-8
2
-2
2
4
-1
-1
2
-3
2
0
-3
1
-1
3
-5
-4
2
0
-3
-2
-1
1
-1
-2
0
-1
0
-1
1
1
-1
-1
-1
1
3
-2
-4
4
0
1
-2
1
2
-2
3
-1
0
2
1
-3
3
-7
1
7
11
-21
-13
37
-6
-17
-3
14
-7
4
-17
35
2
-41
13
12
-7
4
10
-18
-45
102
-3
-78
-31
122
66
-216
31
123
-25
-56
35
-11
20
-12
-3
-8
28
-65
-18
108
69
-297
96
139
-49
-70
-26
124
-58
-27
15
1
-5
5
13
-45
24
7
3
-12
-8
15
0
-18
-8
33
-5
-23
4
14
-6
-5
1
3
-5
6
-1
-2
0
0
-2
3
-3
-1
-1
-1
3
-7
1
-2
-1
-2
4
-3
-3
-1
1
-1
0
1
-1
-3
4
0
0
-1
2
-5
5
0
1
-1
-2
4
-1
0
0
-1
-1
7
-4
3
2
-4
-4
13
3
-22
-4
33
-8
-17
1
15
-8
-10
3
9
25
-43
14
6
-5
2
16
-26
-54
127
-22
-67
-45
141
98
-295
73
110
-14
-62
36
-4
5
-6
-3
-10
29
-68
-25
120
118
-375
126
125
-37
-76
-26
138
-77
-4
-8
17
-9
8
1
-36
14
36
-27
-5
1
8
2
-18
-11
44
-17
-31
22
6
-7
1
0
0
-8
15
-7
0
-1
1
0
0
0
-5
1
2
0
-6
3
1
-1
-1
-2
1
-4
1
0
-1
1
1
-4
3
-1
1
-1
2
4
-4
2
2
1
-3
1
1
-1
2
-2
1
-6
15
-8
0
0
2
-8
7
22
-31
-15
44
-11
-16
2
9
3
-4
-25
37
13
-34
2
9
-8
18
-8
-3
-73
141
-23
-73
-33
128
129
-373
121
122
-23
-65
37
-6
6
10
-13
-11
32
-70
-59
148
230
-526
159
112
-2
-92
-25
129
-62
-14
-6
22
-2
-23
12
8
-6
-19
6
15
-12
1
13
-20
-8
23
2
-19
6
11
1
-13
3
9
-2
-6
1
7
-1
-2
1
-2
-1
0
1
-3
-1
2
-4
0
0
-2
1
-2
2
-1
-1
0
0
-1
3
-2
0
-2
1
2
-3
4
-1
-3
2
1
0
-1
1
-1
-1
9
1
-6
-1
9
2
-14
2
11
6
-20
1
23
-8
-18
13
2
-13
17
9
-17
-5
10
13
-22
-1
23
-5
-13
-58
132
-21
-89
1
116
162
-524
234
151
-55
-67
39
-6
-4
13
-12
-16
36
-69
-91
213
118
-400
126
92
1
-88
-39
151
-81
-7
-6
21
2
-17
-19
31
30
-76
20
20
-7
-10
4
0
0
-7
-13
32
-5
-17
4
10
-3
-6
10
-10
7
-2
0
3
-2
0
-1
-5
3
0
-6
3
1
-1
-3
2
1
-2
1
-1
-1
0
0
0
1
-2
1
3
-2
-1
1
4
-5
1
3
-4
1
1
-2
3
-1
-2
7
-10
11
-6
-3
10
5
-17
-5
32
-13
-7
-1
1
5
-8
-5
21
22
-75
31
33
-18
-16
3
22
-5
-6
-78
155
-35
-85
4
95
130
-398
122
217
-87
-66
44
-11
-3
10
-1
-25
38
-55
-136
275
-145
1
2
10
28
-63
14
1
-17
29
-13
-7
-1
5
-10
3
-7
6
9
-16
-2
3
-5
4
7
-27
39
-26
-5
10
5
-3
-6
5
2
4
-12
8
-1
1
-1
-4
1
-1
0
-2
-4
3
-3
-2
-5
5
0
-5
3
-2
-1
0
0
-2
4
-4
1
6
-5
-1
-3
6
-2
-1
2
0
1
-3
0
2
-1
9
-12
3
2
5
-6
-4
6
10
-4
-26
39
-27
8
5
-3
4
-1
-15
10
8
-4
5
-10
7
0
-7
-9
30
-13
4
18
-59
31
13
5
3
-139
280
-132
-51
46
-21
6
32
-12
-32
18
-13
-36
83
-137
99
23
-52
-32
14
85
-92
17
-1
-1
-4
3
-4
5
-9
9
3
-25
9
9
-3
-3
-7
8
24
-45
12
11
4
-10
-3
7
-4
2
-3
14
-13
7
-2
1
-2
-1
0
0
-1
-3
-1
-2
2
-5
3
-3
-1
-2
1
-3
0
-2
3
-2
0
-2
5
-3
3
-1
1
0
0
0
1
1
-1
1
-2
7
-13
13
-5
2
-4
9
-2
-10
4
11
13
-45
24
8
-8
-2
-2
10
10
-24
5
10
-7
6
-3
4
-3
1
0
21
-88
88
16
-30
-49
25
101
-134
87
-31
-9
27
-28
-2
22
2
-34
-25
48
-2
-63
46
-12
-12
-3
17
-14
-6
12
-15
1
1
0
-5
3
2
-10
-3
14
-17
6
0
0
-4
0
6
-7
0
5
-6
1
4
-3
-1
3
-2
1
2
0
-2
2
-1
0
-3
0
-1
0
-1
0
1
-2
0
1
-2
-1
2
-1
-2
2
-1
0
0
0
-1
1
0
-1
1
1
0
0
0
2
-1
1
-1
2
-2
0
1
1
-2
4
0
-2
4
2
-6
6
-1
-7
7
0
-4
1
1
7
-16
15
-2
-9
3
5
-4
2
3
2
-12
15
-3
-10
21
-1
-9
-11
50
-60
1
51
-16
-29
9
-6
-11
5
-11
-3
-1
-3
-6
3
-1
-2
-3
-1
-3
-4
1
-2
-2
-1
0
-3
1
-1
-3
1
-2
-1
-1
-2
1
-2
-3
-3
5
-2
-1
3
-3
1
0
0
-1
-1
1
0
1
1
-4
0
0
-1
-1
1
0
-4
1
-2
0
-1
0
0
0
-2
0
0
0
-2
0
0
0
0
1
-1
2
-2
0
2
-1
-1
2
1
-2
2
0
-1
0
0
0
1
0
2
-3
2
-1
-1
4
-3
-1
0
1
-1
0
-1
-1
2
-2
0
2
-1
1
0
-2
-1
4
-1
-1
1
-1
0
2
5
-3
0
2
0
-3
10
-3
-10
-7
-1
-5
-2
-5
1
-4
-2
-1
-2
-4
-1
0
-8
-1
0
-1
0
-4
1
-2
1
-2
0
-2
-2
0
0
-1
-1
-2
-1
0
-1
-1
0
-2
1
-1
1
-1
0
1
-1
1
-2
-1
1
-4
1
-1
-1
1
-2
-1
1
-2
3
-1
-1
0
-1
-1
1
0
0
1
0
-1
3
-3
2
0
-1
1
-1
1
1
-2
2
-1
-1
2
0
1
1
-2
1
-2
2
-1
1
0
1
1
-1
1
0
-2
1
1
0
-1
1
-1
3
-1
1
-2
2
-1
1
2
-5
5
2
-3
2
1
1
-2
5
-2
1
2
5
1
-4
-6
-4
-6
-2
-3
-2
-3
-2
-2
-1
-4
2
-7
-2
-1
-1
0
0
-3
2
-1
-3
-1
1
-1
0
-1
-3
2
-3
0
0
-1
0
0
1
-1
-1
-1
2
-2
-1
2
0
-1
1
-2
2
-1
-1
-1
0
-2
1
-1
-2
0
-1
0
-1
-2
-1
0
0
-1
0
-2
0
0
0
1
-1
-1
1
-2
1
0
0
-1
3
-2
1
-2
1
2
-2
-2
2
-3
0
-1
2
-1
1
0
0
0
-2
2
-1
-1
0
0
2
0
-1
0
3
-1
1
0
0
1
2
-4
5
-2
1
1
0
2
0
0
1
0
2
1
-16
-4
1
-7
-2
-3
-3
-3
-2
-2
0
-2
-3
-1
-4
0
-3
2
-4
1
-1
-2
0
-3
1
-3
0
-1
-1
-1
0
0
1
-1
2
-2
2
0
0
-2
0
1
0
0
0
-1
-1
3
-4
2
-1
-1
0
0
1
-3
-1
-2
1
-3
3
-2
-1
-1
-1
0
1
-2
4
-2
1
-1
0
-1
2
0
0
-2
-1
2
-3
2
1
-1
1
1
1
0
0
-1
1
0
2
-1
3
0
1
1
0
-1
0
1
0
-2
2
-1
1
1
-1
3
-3
3
-2
2
0
2
0
1
1
0
0
0
2
3
0
0
5
3
-6
-5
-5
-3
-3
-3
-2
-4
0
-3
-2
-1
-2
-1
-5
-2
0
-3
-1
0
-3
1
-3
-1
-2
-1
-1
0
-2
0
-3
0
-1
2
1
-3
4
-1
-1
0
-2
3
-2
2
-2
1
0
-1
-1
-1
1
-3
2
-2
1
-4
1
-1
-2
-1
0
0
-1
0
-1
0
-1
0
0
1
-1
1
2
-3
2
-2
3
-2
2
-1
0
0
1
2
-2
1
-2
4
-3
1
-1
0
5
-4
1
2
-1
2
-2
0
0
0
-1
0
-1
1
-1
3
-2
1
0
-1
1
1
-2
1
1
1
0
1
2
-1
2
0
1
2
0
2
-19
0
-3
-5
-4
-2
-3
-3
-1
-2
-1
-4
-2
-3
-2
-3
-1
0
-4
1
0
-3
-2
0
-1
-4
0
-2
0
-4
0
-2
0
0
0
1
0
0
1
0
-1
1
-2
3
0
-1
1
-2
-3
1
-1
0
0
-1
0
2
0
-1
-1
-1
-1
-1
0
-1
1
0
1
-2
0
1
-1
0
1
1
0
-1
1
1
0
0
-2
-1
4
-1
0
3
-2
2
-1
1
0
0
0
2
0
1
0
-1
1
-2
1
-2
2
0
0
2
0
0
0
2
-2
1
0
-1
1
-1
1
-1
1
0
1
1
0
1
0
1
2
7
-2
-10
-2
-5
-2
-4
-1
-1
-3
-1
-3
-3
-1
-4
-3
-3
1
-1
-1
-2
-1
0
-1
0
-3
2
-2
-1
-3
2
-4
2
-3
3
-1
1
-1
0
0
0
0
-1
1
1
-2
2
-1
0
-1
-1
0
-3
2
-2
0
-2
1
-1
-2
-1
0
-2
-1
-2
1
-1
1
0
0
0
-2
0
2
-1
1
-1
2
-2
0
-1
0
1
-1
2
-2
1
2
-2
0
2
-2
2
-1
0
-1
3
-3
3
-3
3
-2
0
-1
2
-1
1
0
0
-1
-1
1
-1
1
1
1
0
1
0
0
1
-2
1
2
-1
-1
1
2
-2
-14
1
-8
-4
-2
-3
-2
-2
-1
-1
-3
-2
-3
-3
-1
-5
2
0
0
-2
-1
0
-1
0
0
-2
-2
1
-2
-1
-1
-2
2
0
0
-1
-2
2
-2
1
1
-1
0
0
-1
2
-3
-1
2
-1
-3
2
-2
1
-3
0
-1
1
-3
0
-2
0
1
-1
2
-1
0
-1
-1
1
-2
0
-1
1
-3
2
-2
3
-2
0
2
0
-3
2
0
-1
-1
-1
1
0
0
3
-1
0
0
1
2
-2
1
0
-1
2
0
0
0
0
0
0
0
0
1
0
2
-2
3
0
1
0
-1
0
0
1
0
0
2
2
-2
8
7
-16
1
-7
-2
-1
-3
-2
-1
-2
-3
0
-2
-3
0
-4
0
-1
0
-3
-2
0
-3
-2
1
-3
1
-4
1
-3
1
1
-2
-1
1
-2
1
1
-1
-2
1
-1
0
-1
-1
4
0
-2
2
-4
1
-3
0
1
-2
0
0
-1
-1
0
-1
-2
1
-1
-1
0
1
0
-2
2
0
-1
1
1
-1
2
0
-3
2
-3
3
-3
1
3
-1
0
0
0
1
-1
-1
1
1
-2
1
-1
-2
1
0
-3
1
-3
1
-3
2
-1
-1
2
-1
-1
1
0
1
-1
1
0
-1
1
0
1
1
0
0
0
0
0
5
-7
-16
0
0
-12
-3
0
-6
1
-2
-10
5
0
-10
3
3
-14
9
0
-17
12
8
-22
5
18
-21
-2
14
-11
-2
9
-15
2
14
-19
2
20
-19
-6
26
-17
-10
31
-18
-21
32
0
-29
24
7
-32
18
11
-28
11
13
-23
4
15
-19
3
11
-14
2
7
-11
8
4
-13
12
4
-19
17
5
-22
14
12
-27
11
19
-31
8
25
-30
0
32
-22
-18
32
-11
-17
27
-5
-18
20
2
-18
14
3
-14
10
-1
-10
15
0
-20
18
7
-21
9
13
-15
1
10
-10
5
7
-7
3
7
-8
0
5
-4
4
0
-6
5
8
57
-43
4
-7
-3
1
-8
2
-2
-3
-2
-2
-1
-5
4
-9
2
-5
1
-4
1
-1
-2
0
-6
1
-2
0
-2
-3
5
-3
1
-3
2
-2
3
-1
-1
-1
-1
1
1
2
-2
2
-1
0
-2
-2
3
-3
-1
0
-2
1
-2
1
-2
0
-2
1
0
-2
1
0
0
1
-1
0
-1
3
-1
1
-2
1
0
-2
4
-2
-1
1
-1
2
-2
2
0
1
-1
-1
0
-1
4
-2
3
-2
1
-2
5
-3
0
2
-1
3
-5
1
1
0
2
-1
1
-3
3
-5
8
-2
2
0
1
0
-1
5
-5
3
-1
-1
8
-35
-1
-16
7
-6
-4
-3
-1
-4
-1
-3
-2
-2
-3
-5
0
-3
-3
2
-4
2
-2
0
-3
1
-1
-3
-1
-1
0
-1
-2
-2
0
0
3
-6
3
-1
1
1
1
1
-3
2
-1
2
-1
1
-2
-1
1
1
-2
0
-1
-2
0
-2
1
-1
0
-1
1
-2
1
-1
0
0
0
-1
0
-2
0
-1
1
0
-2
2
2
0
-2
0
1
2
-1
2
-2
1
1
0
1
-1
3
-5
3
0
0
0
-1
0
1
0
0
-2
1
1
-1
3
-2
3
-3
2
-2
0
2
-1
1
1
1
1
1
-1
2
0
0
1
10
-7
-8
-18
24
10
-58
15
15
-19
2
-1
-7
4
1
-16
10
-8
-11
0
33
-27
-9
29
-21
-30
30
15
-24
-2
10
-13
8
-2
3
-11
7
0
-8
8
3
-8
-5
16
-5
-3
0
-1
-1
1
-1
0
-1
-4
0
-2
1
-3
1
-2
-1
0
-1
2
-2
-2
2
-2
-1
1
0
0
0
-1
2
-3
2
-1
0
-2
0
1
0
1
0
-1
0
-3
-4
15
-5
-8
3
8
-7
1
8
-10
3
-2
10
-13
10
0
-23
16
31
-28
-18
30
-9
-26
35
2
-11
-5
13
-13
3
7
-5
3
4
-15
19
20
-55
19
28
-10
-2
17
-46
4
-14
16
-2
0
-2
-6
-5
1
-2
-1
-1
-3
-5
-16
-4
13
4
-2
5
2
7
-12
-11
-10
7
-3
10
-1
-1
-5
2
-2
-4
2
1
0
-1
1
5
0
-1
-1
-2
3
-2
0
-1
-3
1
-1
-3
0
0
-1
-2
-3
1
0
-2
0
-1
1
-2
1
2
-2
-1
0
1
2
-2
0
2
-2
-1
1
-1
4
-2
0
-1
1
5
0
-1
2
2
1
-4
-1
2
-5
-1
0
10
-3
8
-8
-11
-9
8
3
7
1
4
16
-2
-15
-4
-1
2
3
1
4
-2
-3
0
3
2
20
-12
11
-42
26
-5
-22
42
-32
-20
10
-3
-3
-2
-2
-2
-3
-1
-4
-4
-1
-6
-3
11
15
-24
0
1
-2
2
-18
15
0
-2
-3
5
-7
-14
28
-13
-2
2
-1
2
1
-3
2
3
0
-1
-2
2
-3
1
-2
1
-1
-1
-1
0
-4
2
0
-4
0
-1
-1
0
-2
1
-1
1
0
0
2
-3
1
3
-3
1
1
0
-1
1
-2
2
-2
3
-4
0
0
3
1
-3
0
2
0
3
-1
-11
28
-14
-5
6
-4
-2
1
16
-16
2
-1
3
2
-23
16
12
-2
-5
3
-1
0
2
-1
1
0
0
2
0
13
-17
-24
47
-15
-10
-8
-2
1
1
-1
-4
-6
-3
0
1
-3
-6
-3
3
-2
-9
-9
4
14
11
0
-7
-10
-14
-12
1
12
10
-5
-15
-5
13
15
1
-10
-6
4
8
-3
-10
-8
0
6
4
-2
-3
0
1
-1
-1
0
1
-1
-2
-2
0
0
-1
-1
-1
0
0
-1
0
0
0
0
-1
0
-1
-1
1
-1
0
0
1
0
-1
0
2
1
-2
-1
5
6
1
-7
-10
-1
9
6
-6
-10
0
14
13
-3
-14
-6
10
14
1
-10
-13
-10
-6
1
12
15
4
-8
-8
2
6
1
-3
0
3
2
-1
-2
0
2
4
7
4
-3
