-8
-6
-3
-6
-2
-3
-2
-3
-2
-1
-6
2
-5
-4
-2
-1
14
-23
8
1
-5
-1
-5
0
-8
41
-41
5
-12
14
-6
-6
12
-11
14
-2
-5
-3
-14
32
-17
-5
9
-3
1
0
1
-1
0
-2
0
-3
0
0
0
0
-1
-2
0
0
-1
1
-1
0
-1
-1
-1
-1
0
0
1
0
1
1
1
1
1
-2
1
-2
1
-2
2
0
3
-3
9
-5
-16
32
-14
-3
-4
-2
14
-9
12
-5
-5
15
-11
7
-40
41
-7
2
-2
1
-4
2
8
-21
15
1
1
-1
-3
6
-4
3
0
0
-1
0
0
2
1
2
-8
-6
-4
-6
-1
-3
-2
-3
-1
-4
0
-3
-5
-2
-1
4
7
-66
53
7
-12
-9
14
-33
35
-23
33
-54
42
-21
7
-10
14
-11
14
-15
18
-30
27
-19
18
-3
-15
11
0
0
-4
5
-2
-1
-1
-1
0
0
-2
-1
0
-2
1
0
0
0
-1
0
0
0
-1
0
1
0
1
0
1
1
0
0
0
0
0
-1
-1
5
-4
0
0
12
-14
-3
18
-18
27
-30
19
-15
15
-11
14
-9
8
-21
43
-53
34
-22
35
-30
16
-8
-10
9
56
-66
8
7
3
1
-1
1
4
-3
1
0
0
1
2
2
1
2
-8
-7
-3
-5
-3
-2
-7
-2
0
1
-10
9
-12
4
-4
-14
38
-50
36
-21
-12
41
-35
3
11
-1
-25
29
-17
0
2
0
11
-27
-9
36
-29
54
-58
27
0
-18
19
-10
5
-2
1
1
0
-3
2
-1
0
-1
-1
-1
0
0
0
0
-1
0
-1
0
-1
0
0
0
-2
1
0
-1
0
1
1
1
0
0
2
-2
1
1
2
-2
5
-10
18
-18
0
28
-57
53
-29
35
-9
-27
11
0
4
1
-15
30
-22
0
12
4
-35
42
-11
-19
38
-49
38
-11
-2
8
-8
14
-8
3
1
1
-2
3
-1
2
2
2
-8
-6
-4
-6
-2
-2
-3
-3
-1
-15
17
-13
-3
8
-10
-14
2
12
4
-8
-12
-4
23
-26
30
-14
-30
28
0
-6
1
-7
4
3
10
-11
-29
26
13
-6
-1
-3
-2
4
-1
2
-3
4
-2
-1
0
-2
0
-1
0
-1
-1
0
-1
0
-1
1
-1
-1
-1
-1
0
1
0
0
0
1
0
0
1
0
1
-1
0
0
-1
2
-2
2
-1
4
-2
-3
-1
-6
13
26
-29
-11
12
4
4
-6
2
-5
1
29
-28
-14
31
-25
24
-3
-11
-5
6
13
3
-11
-6
10
0
-10
19
-11
2
1
1
2
0
2
1
1
-9
-7
-3
-5
-2
-3
-5
-3
-1
-1
-2
-3
-4
-1
-6
-7
12
5
-25
15
-10
10
2
-33
43
-34
32
-33
10
0
-2
4
-17
20
-9
3
-4
1
-4
-1
8
-6
1
3
-1
2
0
0
-1
0
-1
-1
0
-1
-1
-1
0
0
-1
0
-1
0
0
0
0
-1
0
0
0
0
-1
1
0
1
0
-1
1
0
0
-1
0
0
1
1
-2
3
2
-6
8
-1
-4
4
-4
4
-8
21
-17
6
-2
2
10
-31
32
-32
43
-33
4
11
-10
18
-25
6
13
-4
-3
3
-1
0
0
1
0
0
-1
1
1
2
1
2
-10
3
3
-28
6
-11
10
1
-15
11
-23
21
-21
11
-14
-4
5
-2
6
-7
3
-6
7
-13
9
-2
-5
0
5
-6
1
-5
5
-2
1
-7
15
-9
2
-6
2
5
-3
1
0
0
0
0
-2
0
-1
0
-2
-1
-1
-2
-1
-1
0
-1
0
-1
0
-1
1
-1
0
0
0
1
1
0
0
1
-1
2
-1
0
-1
0
-1
0
0
-1
1
1
-3
6
2
-5
4
-8
14
-6
2
-1
5
-5
1
-5
6
1
-4
-2
10
-12
9
-6
4
-4
7
0
6
-2
-10
14
-18
24
-21
14
-13
4
13
-8
10
-21
8
12
-2
95
-273
181
-35
-54
46
103
-90
-224
519
-400
223
-172
-6
-36
256
-359
281
-241
199
-180
184
-160
220
-227
156
-94
59
-34
-7
34
-82
89
-83
100
-145
141
-61
19
-19
12
4
-5
0
2
1
-4
0
0
0
-2
0
-2
1
-2
0
0
-1
0
0
-2
-1
-1
0
0
0
-2
0
0
0
0
1
-1
1
-1
2
-1
-1
2
1
-3
1
3
2
-6
3
12
-19
20
-61
141
-144
101
-83
89
-82
36
-7
-34
60
-93
157
-225
221
-159
185
-179
200
-240
282
-359
257
-34
-4
-168
226
-397
523
-221
-89
108
49
-51
-32
189
-269
102
-4
65
-188
46
163
-121
72
-160
207
-61
-383
435
-35
-94
-46
79
83
-177
-61
208
-142
153
-37
-144
191
-250
179
-119
119
-12
-40
25
-21
-52
63
-95
208
-170
96
-57
8
-3
2
0
1
1
0
0
-1
0
-1
-1
-1
-1
-1
-1
-1
0
-1
-2
-1
-1
-1
0
0
-1
0
-1
0
-1
-1
0
-1
0
0
1
0
-1
0
1
0
1
0
1
2
1
1
-3
8
-58
95
-169
208
-94
64
-52
-21
26
-38
-10
120
-118
181
-249
192
-143
-35
155
-140
209
-59
-175
84
81
-42
-91
-32
439
-378
-58
209
-157
73
-117
167
54
-183
74
-5
24
-63
42
16
266
-850
664
-241
119
169
-97
-329
348
-284
219
128
-201
-111
191
-95
-40
350
-441
253
-176
-38
222
-99
-27
2
59
-122
162
-64
-108
164
-177
153
-67
8
19
-8
-2
1
1
0
1
-1
-1
0
-2
0
-2
-1
1
-1
-1
0
0
0
-1
-1
0
1
0
-1
0
0
0
1
0
0
2
1
1
0
-1
1
0
0
1
-1
1
1
-2
-8
20
8
-67
154
-176
165
-108
-65
162
-122
60
2
-25
-99
223
-36
-177
255
-439
350
-38
-95
192
-109
-199
129
223
-281
352
-327
-94
170
123
-239
668
-846
270
18
50
-57
31
-10
-30
54
22
-139
10
184
-287
312
285
-960
534
-27
-31
57
41
-248
224
14
-54
-40
160
-345
247
25
-128
103
-18
-64
42
20
-35
-9
25
1
-40
198
-248
87
-21
0
28
-10
-1
1
2
1
-3
2
-1
-1
-1
-1
-1
-1
-1
-1
-1
-1
0
-1
-1
0
-2
0
-1
0
0
0
1
0
0
0
0
0
0
0
0
-1
0
3
-3
1
2
1
-1
-10
27
1
-21
87
-248
198
-38
1
24
-9
-36
21
42
-63
-16
104
-126
26
249
-343
161
-39
-53
15
226
-247
43
61
-28
-23
537
-956
286
314
-283
188
15
-137
30
59
-21
-9
-72
135
-12
-135
-116
335
-436
609
-73
-460
-29
357
-370
431
-142
-126
-104
319
-100
-105
112
-135
1
136
-39
-73
70
-68
28
11
43
-93
17
33
47
-120
102
-85
53
-10
1
2
1
-1
0
-4
3
-2
1
-1
-1
-1
0
-1
0
-1
0
-1
-2
0
-1
-1
0
0
0
0
0
0
0
0
1
0
0
1
-1
0
0
0
1
-1
2
-1
1
0
1
2
2
-9
53
-85
103
-119
49
34
18
-93
44
12
29
-66
70
-72
-38
137
3
-133
112
-103
-99
320
-103
-125
-139
434
-367
360
-25
-457
-71
612
-433
338
-112
-132
-5
139
-65
-11
-54
93
-5
-79
-35
90
-232
299
108
-425
425
-213
-192
205
144
-313
170
-35
-41
19
108
-120
81
-42
-88
95
28
-60
0
14
3
-9
23
-5
-54
71
-88
76
-12
0
-3
-1
4
-3
-1
6
-10
6
-3
-2
1
-4
1
-1
-2
1
-3
0
-1
-1
-1
-1
-2
0
0
0
0
1
-1
1
-1
1
0
-1
3
-3
2
-1
-1
7
-10
6
0
-2
3
-2
-3
1
-12
75
-88
71
-53
-4
23
-9
4
14
1
-59
29
97
-87
-41
82
-118
107
19
-41
-34
170
-312
147
208
-188
-210
428
-422
111
300
-229
93
-32
-76
2
98
-45
-7
-20
11
-9
-19
243
-414
175
91
-232
106
394
-601
332
-182
150
-135
97
-78
40
46
-137
164
-116
12
66
-69
14
16
-7
-14
28
-9
-11
-5
19
-61
129
-101
35
-13
-1
2
1
-3
6
-6
3
-1
1
-2
-1
-1
-2
-1
-1
-1
0
0
-1
-1
-1
-1
0
-1
-1
-1
1
0
1
0
0
0
0
1
-1
0
-1
0
2
0
3
-6
7
-2
1
3
0
-14
35
-99
128
-61
20
-4
-10
-9
28
-13
-7
15
16
-67
67
13
-116
165
-136
47
41
-77
99
-134
153
-180
335
-598
398
110
-230
93
178
-410
247
-17
-2
15
-13
-7
9
-39
-49
60
416
-713
337
-140
3
296
-407
263
-139
7
134
-69
-80
109
-78
40
40
-121
113
-50
-15
25
-17
2
2
-5
-2
1
1
-4
2
-31
72
-42
4
2
-5
2
1
-2
3
-1
1
-3
0
0
-2
0
-1
-1
1
-1
0
-1
0
0
-3
-1
0
-1
1
0
-1
1
0
-1
1
0
2
0
-1
1
0
1
0
-2
1
0
3
-2
1
1
-2
3
4
-42
71
-31
3
-3
1
1
0
-4
4
2
-15
27
-13
-49
114
-120
42
41
-77
110
-79
-68
138
10
-136
266
-404
300
6
-138
342
-712
419
63
-41
-35
17
-22
43
-44
-39
77
-2
-174
161
-105
40
-29
231
-268
64
53
-83
35
-5
7
6
-23
-16
43
-11
-14
7
-11
10
-10
2
-5
9
-6
-1
1
-1
3
-2
2
0
-2
1
0
1
0
-1
1
-3
1
-1
-2
2
-4
2
-2
-2
1
-2
0
-1
-1
-1
0
-1
0
0
0
-1
0
0
1
-2
2
0
0
4
-3
4
-1
-1
2
-1
1
-1
0
2
0
2
-2
0
2
-2
3
0
1
0
-6
9
-4
3
-9
11
-9
9
-13
-9
43
-15
-22
7
7
-5
36
-80
55
67
-264
233
-26
44
-103
165
-171
2
80
-33
-40
50
-12
15
-35
13
-8
-27
15
37
-80
56
-43
-26
75
19
-93
63
-35
12
-7
-14
17
-4
-11
17
-14
2
0
0
-4
1
-1
-1
-2
2
1
0
0
1
-1
-1
-1
1
-1
0
0
0
1
-1
-2
1
-1
-1
-1
-1
-1
-1
0
0
0
0
-1
-1
-1
-1
-1
0
0
0
0
0
0
0
0
1
1
1
0
1
0
1
-1
-1
1
-1
0
1
0
1
0
0
0
1
0
0
1
2
-2
0
0
2
-3
2
1
4
-13
18
-9
-4
18
-12
-6
14
-34
67
-90
20
78
-22
-41
60
-78
41
19
-23
-5
22
-30
22
-10
-4
-4
-6
-8
45
-87
34
21
-53
66
-73
78
-38
-56
45
-5
2
-9
6
-5
5
-5
-7
4
-1
-1
-2
-2
1
-1
1
-5
3
-1
-1
0
1
0
0
1
0
1
0
0
0
1
0
0
0
-1
-1
0
-1
-1
-1
0
-1
0
-1
-1
0
0
-1
-1
-1
0
0
0
0
0
-1
1
0
0
1
0
1
-1
0
1
1
1
1
0
1
0
1
1
0
-1
1
1
-1
1
5
-5
1
1
1
-1
1
0
0
5
-4
-4
6
-3
6
-9
4
-4
48
-53
-36
82
-70
70
-50
23
37
-83
49
-5
1
0
4
-9
-3
-8
-8
10
5
-27
-8
32
-51
23
65
-116
26
26
-9
-2
-10
10
-6
0
-5
3
-6
2
-1
1
-2
0
-1
-2
1
-1
1
0
-1
-1
2
0
0
-1
0
0
0
1
-1
1
1
-3
1
-1
-3
0
1
-4
-1
1
-2
0
-1
-1
-1
-1
0
0
0
0
0
0
1
1
-2
2
0
-2
3
0
-2
1
2
-2
2
1
1
1
0
1
0
0
1
0
1
0
0
1
1
-1
1
0
1
0
-1
2
-2
3
-5
5
-3
1
-5
11
-8
-1
-6
29
29
-113
69
26
-47
34
-4
-23
8
12
-1
-3
5
-8
-3
-7
-6
2
0
-12
6
-22
30
-15
-21
11
0
18
-42
21
-8
1
-1
-1
0
0
-1
-3
-1
0
0
-1
-2
0
0
0
0
0
0
0
0
1
-1
-1
0
0
1
0
-1
2
-1
0
0
-1
0
0
-1
-1
0
-1
-1
-1
-1
-1
-1
1
0
0
0
1
0
0
0
0
0
-1
0
0
1
1
0
0
-1
1
-1
2
0
0
0
0
0
-1
0
1
0
0
1
0
0
0
-1
0
-1
0
1
1
1
-2
0
0
0
0
2
1
-7
22
-39
21
4
14
-18
-12
33
-20
10
-8
3
5
2
-3
4
-9
-6
-6
-5
-1
-6
-3
16
-34
40
-42
37
-45
-1
1
13
-2
-5
-4
0
-1
-1
0
-2
-1
-1
0
-3
0
-2
-1
0
-1
1
-1
0
-1
1
1
0
0
0
1
1
0
0
1
0
0
-2
-1
-1
-1
-1
-2
0
-1
-1
-1
-1
0
-1
0
-1
0
-1
0
0
0
-1
1
0
0
0
0
1
0
0
1
-1
0
0
1
0
1
1
0
1
0
1
0
1
0
1
-1
0
-1
0
0
-1
1
0
1
0
0
-1
1
-1
-1
2
-4
-1
-1
16
3
3
-42
41
-40
44
-32
18
-1
-2
2
2
-2
4
-9
-6
-5
-5
-1
-6
-3
-12
22
-20
2
29
-75
46
8
-26
5
-2
-1
-1
1
-4
0
-1
-1
-1
0
-1
-1
-1
-2
0
0
0
-1
0
0
-1
0
0
-1
0
1
0
0
0
-2
0
-1
-1
-1
0
-1
-2
-1
-1
0
-1
-1
-2
0
0
-1
-1
0
0
-1
-1
0
0
0
1
0
1
1
0
-1
1
0
0
0
1
-1
-1
1
1
1
-1
-1
0
1
0
1
0
0
0
0
0
-1
0
-1
1
1
0
0
0
1
-1
2
-1
-1
0
6
-23
10
48
-71
32
5
-16
23
-8
-1
-1
2
2
0
1
-9
-5
-5
-6
-2
-2
2
-29
34
-18
2
1
-7
-6
-4
8
-8
1
-1
-2
0
0
0
-1
-1
-1
-1
-1
-1
-2
-1
-1
0
-1
1
0
0
-1
-1
-1
1
-1
1
-1
0
0
0
0
-1
-2
-1
-1
0
-2
0
-1
0
-1
0
-1
0
-1
-1
-1
-1
-1
0
-1
0
-1
0
1
0
0
0
0
0
-1
-1
1
0
1
0
0
0
0
1
-1
1
0
0
0
0
1
1
-1
0
-1
0
0
0
0
1
0
0
0
1
0
1
0
-1
2
-7
12
0
-2
-4
3
4
-14
36
-26
6
3
0
2
0
3
-9
-4
-6
-3
-3
6
-19
-2
10
-8
-2
0
-3
-1
1
-5
1
0
-1
-2
-1
-1
0
-1
-1
-2
0
-2
-1
-1
0
0
0
-1
1
0
0
0
-1
0
1
0
0
1
-1
1
-1
0
-1
-1
-1
-1
0
-1
0
-1
-1
-2
0
-1
1
-1
-2
0
-1
-1
-1
-1
1
0
-1
0
0
1
0
0
1
1
-1
0
0
1
-1
0
-1
1
0
0
0
0
-1
0
0
-1
0
0
0
0
0
1
0
-1
1
0
0
1
1
0
0
0
0
0
2
-3
4
1
-1
2
1
-5
12
2
-14
10
-2
3
-1
3
-8
-6
-3
-5
-2
-2
-9
0
1
-4
-1
-2
-3
-5
2
-4
-1
-2
0
-1
-1
-1
0
0
-1
-3
-1
0
-1
-2
-2
0
0
0
0
0
0
-1
0
0
0
0
1
0
0
-1
0
-2
0
-1
-1
-1
-1
-1
0
-1
-1
0
-1
-1
-1
-1
-1
-1
0
-1
0
-1
0
0
0
1
1
0
0
0
-1
0
1
-1
0
0
0
-1
-1
0
0
1
0
0
-1
0
0
0
0
1
0
0
-1
0
1
0
1
0
0
0
1
1
0
0
1
1
0
-1
6
-2
0
2
2
-1
2
4
-7
1
0
1
1
2
-8
-6
-4
-4
-5
-2
-1
-4
-2
0
-1
0
-10
11
-16
1
-1
-2
-3
-1
-1
-1
-1
-1
-1
0
-2
-2
-2
-1
0
0
0
0
0
1
1
-1
-1
1
0
0
2
0
1
0
-1
0
-1
0
-1
-1
-1
0
0
0
-1
-1
-1
-1
0
0
-1
1
0
0
-1
0
-1
0
0
0
0
1
2
0
-1
1
-1
0
0
1
0
1
1
0
2
1
-1
1
1
-1
2
1
0
0
0
1
0
0
-1
2
0
0
0
1
1
0
0
0
-2
1
0
6
-13
13
-7
2
2
2
-1
0
3
0
-2
4
0
2
-8
-5
-4
-4
-3
-3
-2
-2
-3
0
-4
2
-10
3
-6
-1
-1
-1
-2
-1
-2
-1
-1
-2
-1
-1
-1
-1
-1
-1
-1
1
-1
1
0
0
-1
0
0
0
0
0
0
1
0
0
0
1
-1
0
-1
-1
-1
0
-1
-1
0
0
0
-1
1
-2
0
-1
0
-1
0
0
0
0
-1
0
0
1
0
0
0
-1
-1
0
0
1
0
2
0
1
0
1
0
1
0
-1
0
0
-1
1
-1
0
0
0
0
0
0
0
0
0
0
0
-1
0
-2
1
0
2
-4
7
-7
5
-1
2
-2
1
2
1
-1
3
0
1
-8
-5
-3
-4
0
-5
-1
-2
-3
0
-6
2
-4
-2
-1
-2
0
0
-1
0
-1
-1
-1
-2
0
0
-1
-1
0
0
-1
0
0
0
0
0
1
0
0
0
0
0
1
0
0
0
0
0
-1
-1
-1
-1
-1
0
-1
-1
-1
-1
-1
-1
0
-1
-1
-1
0
0
0
0
0
1
-1
1
0
0
0
1
-1
0
0
0
0
0
-1
0
0
0
-1
0
0
1
1
0
0
0
1
0
0
0
-1
0
0
1
0
1
0
0
0
1
0
0
0
1
0
1
1
0
-1
5
-3
3
-2
-1
1
-1
2
2
0
3
-8
-5
-3
-5
-3
-2
-3
-1
0
-3
-2
0
-4
-2
-1
-3
0
-2
-2
-2
-1
-1
-1
-2
0
-1
-2
0
0
-1
-2
-1
0
0
1
1
0
-1
0
0
0
1
1
0
0
-1
0
0
-1
0
-1
-1
-1
0
0
-1
0
0
-1
0
-1
0
-1
-2
0
-1
-1
-1
-1
0
0
0
1
0
0
0
0
-1
0
0
0
1
0
-1
0
1
-1
2
0
0
1
1
0
1
0
1
0
-1
0
0
1
1
1
0
1
1
0
0
0
0
0
1
1
0
2
0
-2
3
1
0
2
0
-1
1
-1
2
2
2
-8
-6
-2
-8
0
-3
-3
-3
-1
-1
1
-5
-1
-2
-3
-2
-5
-3
3
0
1
0
-2
0
0
0
-1
-2
-1
-2
-2
-3
0
-2
0
4
0
-2
3
0
-2
1
0
0
-1
0
-3
0
2
-1
0
1
-1
0
-1
1
-2
-1
1
-1
-1
0
-1
-1
-1
0
0
0
0
-1
1
0
-1
2
0
1
0
2
1
-1
3
0
-1
0
-1
-2
0
1
-1
1
2
0
1
4
1
-1
0
-3
0
0
0
-1
-1
0
1
1
1
2
2
0
4
-3
-4
0
-1
1
1
-3
4
0
0
1
1
1
3
0
2
1
-3
-11
-10
-5
4
-4
5
-12
0
-6
4
1
-15
-2
-3
-12
-1
40
-12
-28
-1
12
-9
-2
5
0
-2
-5
6
-2
-4
3
-4
-21
60
-45
5
1
3
-1
2
-4
5
-2
0
0
0
3
1
0
-6
0
-2
1
-1
-1
0
0
-1
-3
-1
-1
0
-1
0
0
-1
0
0
-2
0
0
0
0
0
1
-2
1
-5
2
2
2
1
0
2
-2
4
-4
2
0
5
1
5
-43
61
-20
-4
3
-3
-1
6
-2
-2
0
6
0
-8
14
1
-26
-12
43
0
-8
0
2
-11
4
7
-4
2
-8
9
-1
7
3
-5
-3
-17
-3
63
-96
15
-6
9
-7
2
-5
-1
-1
-8
3
-3
-18
32
-12
-9
-14
53
-114
137
-103
73
-46
-5
16
-8
-1
0
2
3
-28
72
-121
139
-110
58
-7
-24
29
-21
11
-5
4
-5
3
-2
0
-3
2
-4
0
-2
-3
1
-2
-1
-2
0
-2
-1
0
-1
-1
0
-1
0
0
1
-1
1
-1
0
2
-2
4
-2
2
-1
3
-4
4
-4
11
-21
28
-24
-6
58
-110
139
-120
71
-27
3
2
1
0
-7
18
-2
-45
74
-100
139
-112
54
-13
-8
-11
33
-16
1
5
-5
2
3
-1
3
-1
12
-3
19
-88
67
6
17
-8
-33
-10
29
23
-15
-25
1
12
-4
-13
0
8
-5
-10
-1
-4
-18
-9
27
40
8
-33
-35
-10
10
10
6
0
-6
-2
10
5
-22
-31
5
44
33
-14
-33
-9
15
8
-6
-2
5
-1
-6
-2
4
-2
-6
-2
5
-1
-6
-1
4
-1
-5
-1
3
-1
-4
-1
5
0
-5
0
4
0
-4
0
5
0
-5
0
5
0
-5
1
5
-2
-5
8
15
-9
-33
-14
33
44
6
-30
-21
5
10
-1
-6
0
7
12
11
-9
-35
-31
11
42
28
-8
-17
-3
0
-6
0
11
3
-10
-1
14
3
-22
-12
26
32
-6
-28
-2
