0
-4
4
-3
0
-3
4
17
-22
-7
14
-5
4
-14
10
-2
16
-15
-26
70
-130
87
17
-31
49
-76
56
-38
40
-28
9
1
-7
3
0
-30
34
-14
25
-29
17
-16
5
2
-3
3
-3
6
-6
-8
9
2
-8
1
10
-17
7
2
-3
1
-1
-1
-1
0
0
0
-1
0
1
-1
2
-2
-8
15
-11
-1
8
-3
-9
7
6
-7
1
-2
2
-6
-6
14
-18
30
-26
13
-35
28
0
-4
6
-3
-9
27
-40
37
-58
75
-49
31
-18
-88
130
-70
26
13
-16
1
-12
14
-6
3
-17
4
22
-18
-4
1
-1
1
-4
-1
0
1
-3
1
2
-9
10
-3
-3
-7
7
2
-3
9
-22
34
-29
-7
-4
23
-37
92
-61
-43
61
-28
-3
28
-18
-7
18
2
-17
10
-43
98
-67
-2
18
-18
8
1
3
-14
13
-2
-1
-6
-3
12
-4
-6
1
2
4
-15
19
-12
1
2
-2
-1
0
-1
0
1
-1
0
2
-3
-2
11
-20
15
-4
-3
-1
5
2
-13
2
5
0
2
-13
13
-4
-3
-9
18
-19
2
66
-99
44
-11
16
-3
-18
7
18
-27
3
28
-61
43
61
-93
37
-23
3
7
28
-34
19
-11
2
-3
-8
5
2
1
-12
7
-3
-3
1
-6
0
-6
6
-1
-3
-13
34
-22
13
-15
3
7
-15
13
-7
1
9
-43
59
-44
29
-27
97
-159
145
-60
-6
-6
13
-4
-13
27
-23
13
-35
21
41
-47
19
-9
-2
7
-12
10
0
0
1
-5
0
1
6
-6
-5
12
-5
-2
-3
2
3
-5
0
-2
1
0
0
0
-1
0
-1
2
-3
-3
2
-1
5
-11
3
6
-6
-2
0
5
-1
0
-1
-11
12
-9
0
8
-20
47
-41
-21
34
-13
22
-28
12
3
-14
5
5
59
-146
158
-96
27
-29
43
-59
44
-9
-1
5
-15
14
-8
-6
14
-14
23
-34
13
1
-2
-7
2
0
-12
10
-8
5
11
-12
41
-10
-39
1
-2
22
-14
-6
31
-34
11
3
3
-44
24
54
-57
38
-39
35
-18
5
-7
10
-1
-7
3
0
-43
74
-39
10
-2
-1
-6
10
-12
11
-2
-6
5
-4
-6
11
-5
2
0
-4
1
-1
3
-5
4
-2
-1
0
-1
0
0
-1
0
1
-5
4
-2
0
-1
3
-1
-4
5
-11
6
4
-5
5
1
-11
12
-11
5
0
2
-11
39
-75
43
-2
-3
7
-1
-11
8
-6
17
-36
39
-39
57
-56
-24
43
-4
-4
-12
34
-32
5
14
-24
1
-4
39
8
-42
11
-12
-7
6
-11
9
0
-34
73
-68
48
75
-182
202
-183
66
-28
12
24
10
-6
-75
81
-10
-20
26
19
-125
137
-44
-14
20
-2
-11
10
-7
17
-32
25
-13
13
-8
10
-7
7
-12
-4
10
-5
3
-3
-7
7
3
-3
-3
0
0
-1
5
-5
1
-3
4
-3
1
1
-1
0
-1
0
0
-1
1
-1
-1
1
-5
2
-1
4
-6
0
-1
0
2
3
-4
-7
6
2
-4
4
-10
3
11
-8
6
-10
7
-14
12
-26
31
-17
7
-10
13
1
-20
13
43
-137
126
-19
-26
19
10
-81
73
5
-13
-25
-13
27
-70
182
-203
181
-76
-50
64
-74
31
0
-25
45
-51
41
172
-415
553
-563
321
-153
18
79
-54
76
-37
-40
-38
82
40
-107
95
-69
32
11
-42
22
1
-2
5
-4
-10
7
4
9
-38
47
-22
-21
29
-10
0
6
0
-5
-6
3
12
-10
-2
5
-5
12
-16
5
-10
13
-7
10
-10
1
0
-1
0
0
-1
0
0
-2
9
-10
6
-13
9
-6
14
-12
6
-6
1
10
-14
-3
5
5
-1
-7
1
9
-28
19
21
-47
37
-10
-7
-7
10
4
-6
2
-2
-24
43
-12
-31
67
-95
107
-40
-83
37
40
36
-77
53
-80
-20
151
-322
562
-554
414
-173
-42
49
-47
21
0
-10
23
-57
75
-77
92
-284
311
-40
-64
42
-63
139
-109
-23
55
-60
-13
101
-143
167
-162
134
-45
-22
37
-26
2
3
-2
-9
30
-17
-21
22
-10
11
-14
14
-10
-6
18
-20
14
-3
1
1
-1
-2
0
1
-2
1
-4
8
-2
-2
0
-1
0
-1
0
-1
0
0
0
-1
-1
1
-2
1
1
-10
4
-1
2
-2
-1
1
1
-1
-1
2
-14
19
-19
6
9
-15
13
-13
10
-22
20
17
-31
8
1
-3
-2
25
-37
22
44
-134
161
-168
143
-102
11
58
-55
22
109
-140
61
-45
62
39
-312
283
-93
75
-77
53
-24
5
0
7
-26
26
-10
-35
-104
408
-404
225
-147
84
-26
-23
112
-208
161
-75
61
-134
242
-299
274
-141
51
-48
34
-29
24
-9
-2
3
1
25
-85
106
-81
56
-45
29
-10
4
-5
4
-6
7
-7
2
0
-5
8
-6
-3
4
3
-8
0
2
-5
6
-5
2
-1
-1
0
0
0
-3
4
-7
4
-3
-1
7
-3
-6
3
5
-8
4
-1
-4
7
-8
5
-5
5
-4
10
-29
45
-56
80
-108
83
-25
-2
-5
1
10
-24
29
-35
47
-51
141
-274
299
-242
133
-61
74
-162
207
-112
21
24
-86
145
-228
404
-410
104
33
8
-28
25
-11
0
25
-38
9
12
35
35
-264
97
220
-178
99
-159
202
-50
-83
6
-10
84
-96
136
-139
74
-19
-17
26
-32
20
-11
18
-27
35
-42
34
3
-26
35
-41
16
0
6
-1
-23
29
-13
-1
3
6
-7
0
-1
4
1
-9
1
13
-19
10
0
-5
2
0
-1
0
0
1
0
1
-2
5
-1
-10
19
-14
-2
8
-1
-5
1
0
7
-5
-4
0
13
-29
22
0
-7
-1
-17
40
-35
24
-3
-35
42
-37
27
-19
10
-21
31
-26
16
17
-74
140
-135
94
-84
9
-6
82
49
-204
158
-100
177
-221
-98
264
-35
-36
-12
-12
39
-29
0
26
-38
-29
70
-24
-27
-6
58
-69
16
74
-69
35
-88
90
59
-79
-82
104
-52
59
-64
101
-128
61
-1
-27
41
-25
0
25
-44
39
44
-92
19
18
-13
16
-6
-6
3
2
-6
-2
6
-4
5
-6
0
-1
-4
9
-5
0
-1
-9
7
0
0
-2
1
-1
0
0
-1
1
0
0
-8
7
-1
-1
3
-9
4
-1
0
4
-5
2
-8
1
6
-2
-3
4
4
-17
12
-20
-19
92
-45
-40
44
-24
0
23
-40
27
0
-63
127
-102
64
-61
52
-105
81
78
-59
-91
87
-37
68
-76
-18
68
-59
5
27
22
-72
26
38
-30
0
9
-19
24
-35
43
-122
326
-233
-107
106
60
-21
-98
172
-179
34
88
-32
32
-199
148
106
-52
-114
35
52
-10
-9
5
-8
-14
4
40
-23
-32
23
10
-1
-16
6
-2
6
-3
-2
5
-13
3
2
4
-4
0
-6
15
-18
8
1
-6
6
-2
-1
-1
0
-1
0
1
-1
0
1
1
-7
6
-1
-10
17
-15
5
-1
3
-5
-2
-4
12
-6
1
2
-8
3
-7
15
0
-12
-23
32
21
-41
-4
13
6
-5
9
10
-52
-36
113
52
-105
-147
199
-32
32
-89
-34
178
-173
97
20
-61
-109
104
232
-326
121
-44
34
-27
19
-14
0
-16
22
1
5
-21
139
-392
326
-103
-9
91
46
-166
53
16
53
-78
15
-21
70
-108
124
-23
-44
4
8
2
2
-7
12
-16
2
22
-17
9
-25
27
-10
-3
6
-10
8
-4
9
-10
0
4
-5
8
-6
2
-5
6
0
-3
-5
10
-8
5
-2
-1
0
1
0
-1
-1
0
2
-6
8
-11
4
2
0
-6
5
-1
5
-8
5
-6
-2
9
-10
4
-8
8
-7
2
9
-29
24
-8
17
-24
-2
16
-11
8
-2
-2
-7
-5
43
24
-123
107
-70
20
-15
79
-53
-18
-53
166
-47
-93
7
102
-327
391
-140
18
-6
-4
-24
13
0
-31
48
-62
48
29
-128
246
-264
177
-93
45
66
-165
21
83
-40
29
-25
-31
118
-156
151
-77
-18
46
-40
14
3
6
-20
27
-7
-6
6
-19
11
1
-7
10
-3
-4
8
-8
4
-3
-6
11
-2
0
-3
-3
6
-9
13
-13
4
3
-6
1
-1
2
-2
0
0
-1
1
-2
1
-2
5
-5
-5
12
-13
7
-6
3
2
-1
2
-12
6
0
-5
9
-9
3
2
-11
6
-1
-11
19
-8
6
7
-27
20
-7
-3
-14
40
-46
16
77
-150
155
-119
30
25
-29
40
-85
-22
165
-66
-47
90
-178
263
-246
127
-30
-50
59
-50
26
0
-22
33
-8
15
-113
144
-71
12
9
20
-34
59
-90
5
70
-81
78
-41
56
-141
171
-131
70
-30
26
-24
2
11
-7
6
-12
10
7
-27
26
-23
12
0
0
-5
7
-2
-8
13
-15
8
2
-10
9
1
-9
4
-3
0
3
-4
3
-5
1
-1
-2
-1
1
0
-1
0
0
0
-2
4
-4
3
-5
-1
2
-4
8
-2
-9
10
-5
-8
15
-14
6
1
-7
4
-1
-1
-12
22
-25
26
-8
-11
10
-7
6
-12
-3
23
-27
29
-71
131
-173
140
-54
40
-78
81
-71
-6
89
-61
32
-22
-10
-12
70
-145
112
-18
3
-34
17
0
3
-10
10
-31
165
-107
-237
321
-195
109
-43
5
41
-72
23
54
-58
25
-49
101
-36
-82
80
-31
7
4
-2
0
-4
2
4
-13
18
-9
19
-32
24
-13
3
-7
5
-1
2
4
-13
6
-1
5
-11
13
-3
-11
9
-2
-2
6
-4
1
-4
3
-2
0
-2
0
1
-1
1
-3
3
-3
3
-6
2
2
-9
10
2
-14
12
-5
-1
-6
13
-6
-3
1
-6
5
-4
13
-25
31
-20
8
-19
13
-5
-2
4
-1
1
-6
-8
31
-81
82
36
-101
48
-27
57
-54
-23
72
-43
-7
40
-112
193
-322
238
106
-165
29
-13
8
-5
0
29
-42
5
43
-193
121
361
-429
110
-14
5
-37
33
68
-71
-15
30
4
-6
-54
29
92
-73
-2
1
2
10
-11
-2
7
12
-30
29
-5
-48
59
-20
1
7
-8
-2
4
-7
7
-4
-2
5
-4
-2
5
-2
-4
-1
5
-5
3
-1
-3
2
-1
-1
0
0
0
0
0
2
1
-3
2
0
-3
4
-5
0
4
1
-7
2
3
-5
-1
4
-7
6
-5
0
8
-7
-2
20
-59
48
3
-31
29
-10
-8
2
11
-10
-1
-1
1
72
-94
-30
54
6
-5
-30
14
71
-70
-34
35
-6
13
-111
429
-362
-122
193
-45
-8
41
-31
0
30
-53
15
-7
115
18
-482
447
-40
-32
-31
5
24
61
-138
55
12
-17
12
12
-24
32
-54
51
-30
18
-8
0
-1
10
0
-19
7
0
-4
10
-7
3
-1
-5
7
-4
-2
-4
9
-1
-6
1
5
-4
-4
3
5
-6
-2
1
4
-4
2
-2
2
0
-1
0
0
1
-2
3
-2
3
-4
-3
1
5
-4
-3
3
3
-5
-2
4
-1
-10
3
1
4
-9
4
-1
-5
6
-10
2
0
-10
18
0
-10
0
0
8
-19
30
-52
52
-32
25
-12
-13
17
-12
-56
136
-62
-25
-7
29
30
40
-448
482
-18
-116
6
-17
51
-35
0
16
-28
8
-9
13
-119
438
-400
25
58
2
-30
25
50
-91
34
14
4
-36
-45
129
-50
-18
-2
13
-4
1
-2
-5
6
5
-15
4
11
-14
8
-12
14
-5
1
-5
7
-13
8
5
-8
1
-3
3
-5
0
-1
8
-6
-1
4
-9
3
0
1
0
-1
0
0
-1
1
1
-2
0
-3
8
-5
-1
5
-8
1
1
4
-5
3
-1
7
-6
-9
13
-8
3
-2
5
-16
12
-8
12
-12
-4
14
-5
-7
4
2
-2
4
-13
1
18
50
-130
45
37
-6
-14
-34
91
-51
-27
28
-3
-61
-26
399
-439
118
-14
8
-10
26
-19
0
-13
23
16
-2
-169
323
-462
356
-28
-67
18
-27
78
-78
30
-36
41
25
-82
15
71
-58
7
14
-10
1
-2
6
-7
1
8
-10
-1
15
-15
-2
1
17
-17
-2
0
18
-19
3
6
-11
10
-4
-4
9
-3
-10
10
-5
1
3
-5
-3
5
-2
-1
1
0
0
-1
-1
2
2
-6
1
3
-3
-1
4
-11
10
4
-9
4
3
-11
12
-8
-4
18
-19
-1
1
16
-18
-2
1
14
-16
0
9
-7
-1
6
-7
2
-1
10
-16
-6
57
-73
-17
81
-25
-43
35
-31
76
-79
25
-19
64
26
-357
462
-324
167
1
-18
-24
9
0
-40
56
-14
-62
217
-286
280
-217
56
-18
39
-16
-2
-24
31
-20
34
-28
-3
31
-35
18
3
-8
0
1
2
-7
2
-3
13
-7
-6
5
-4
4
-3
0
0
8
-10
-9
16
-9
5
-4
4
-7
6
-8
7
-2
4
-11
2
-1
1
1
-2
1
-2
0
-1
0
-1
-1
0
-2
1
-2
-1
-1
-4
10
-4
1
-7
8
-6
6
-5
4
-6
9
-17
7
9
-10
0
-1
3
-4
5
-6
4
6
-13
3
-3
7
-4
-2
-1
8
-3
-19
35
-32
3
29
-36
19
-31
22
1
14
-39
16
-57
216
-282
285
-219
61
12
-58
34
0
-40
73
-48
47
-108
51
39
11
-41
6
0
28
-56
36
-11
-25
46
-14
-20
15
-5
1
10
-12
9
-9
0
7
-3
-5
10
-1
-16
17
-1
-5
6
-9
9
-11
13
-8
4
-6
2
-2
2
2
0
0
-5
7
-2
-3
-4
4
-2
-1
0
-1
1
-2
0
0
0
0
-2
1
-1
-1
0
-5
2
1
2
-9
4
-1
1
-3
-2
1
-3
6
-5
7
-14
9
-8
8
-6
5
0
-18
16
1
-10
5
0
-8
1
7
-9
12
-9
-1
5
-16
19
13
-46
24
11
-38
55
-30
-2
-8
39
-13
-40
-52
108
-49
46
-74
36
0
-10
18
-13
8
-29
63
-115
88
5
-10
-30
45
-42
-5
27
-16
14
-4
-2
1
-7
10
-7
0
1
-3
4
-7
3
2
3
-6
-4
5
0
7
-17
11
-3
-4
8
-7
-4
0
2
6
-9
1
4
-10
9
-5
0
0
6
-6
-2
2
1
-1
0
1
-1
0
0
-1
0
1
0
-4
1
6
-6
0
-1
5
-9
9
-4
-1
8
-7
-3
-1
3
4
-9
4
2
-11
15
-8
-2
-6
3
5
-4
-2
-3
7
-6
2
-3
0
6
-12
6
-1
2
2
-14
16
-28
3
39
-46
29
9
-7
-88
114
-63
27
-9
10
-19
6
0
1
-4
4
-14
39
-50
61
-59
28
8
-41
41
-42
28
3
-16
20
-12
-4
1
0
14
-14
8
-8
5
2
-4
6
-8
3
-6
2
-4
5
1
-5
7
-9
1
7
-13
9
-3
-4
6
-9
5
-1
4
-7
-1
0
1
3
-6
1
2
0
-1
1
0
0
0
0
0
0
0
0
-2
-2
5
-4
-1
-1
1
5
-6
1
-5
6
-7
4
2
-9
11
-9
-3
9
-8
5
-1
-6
3
-2
5
-5
8
-8
4
-2
-5
8
-8
13
-15
-1
-2
3
10
-20
16
-2
-31
41
-42
40
-10
-32
59
-62
50
-39
13
-6
3
-6
0
7
-16
13
-1
-25
21
12
-10
-13
23
-30
19
-15
1
0
1
15
-14
-4
10
-10
1
1
7
-7
5
-6
7
-8
1
4
5
-16
16
-5
-10
10
-2
2
-7
6
0
-1
1
-2
-1
2
-2
-4
7
-6
3
1
-5
-2
8
-6
2
-1
-2
1
0
-1
0
0
0
-3
2
-1
-2
6
-9
1
4
-1
-3
4
-7
3
1
-3
0
1
-2
1
0
-6
6
-3
2
-9
9
6
-18
15
-6
-4
-2
8
-7
5
-6
6
-8
-1
0
9
-11
4
14
-16
-2
-1
-3
13
-21
27
-26
11
9
-14
-22
24
1
-17
14
-11
0
11
-14
-9
16
4
5
-29
32
-37
24
-3
5
-12
-15
30
-16
4
-3
-3
25
-30
6
2
0
1
-1
1
-3
7
-5
-5
14
-14
2
2
1
-1
-4
1
2
-3
1
0
0
-6
7
2
-8
5
-4
1
-1
3
-7
2
2
0
-2
1
-2
-1
-1
0
0
0
0
-1
2
-3
1
-1
-3
-3
7
-4
1
-2
2
-6
8
-2
-7
5
0
-2
-3
3
-3
-2
3
0
-3
-3
-3
13
-15
4
5
-7
2
-3
-1
-2
-1
-2
-8
29
-26
2
2
-3
16
-32
13
11
-6
1
-26
35
-33
28
-5
-4
-18
6
13
-16
0
0
-4
-6
8
4
-20
33
-25
8
-10
10
5
-27
5
18
-2
-11
10
-2
2
-6
2
-2
-2
-3
7
-7
6
-8
2
8
-5
1
-2
-5
6
-5
3
4
-4
1
-1
-3
-1
-1
1
1
3
-13
6
8
-9
-3
8
-4
-3
3
-1
-2
3
-1
-1
0
0
0
1
0
-2
1
1
-3
2
4
-8
1
8
-10
-6
12
-3
-2
-2
0
0
4
0
-3
3
-5
-3
4
-7
5
0
-1
4
-8
-2
8
-6
6
-7
1
1
0
-3
7
-3
2
-11
11
2
-18
-8
27
-5
-11
7
-9
24
-34
19
-6
-10
3
3
-4
0
1
-7
13
-17
6
6
-26
24
10
-19
9
-7
8
-18
11
9
-14
5
2
-11
16
-12
0
8
-10
12
-7
1
0
-3
15
-15
2
-3
4
3
-11
8
-9
9
-1
-4
9
-12
2
2
-1
3
1
-13
7
4
-9
6
-4
-4
2
0
-1
0
1
-1
-1
0
-1
1
-1
-2
2
-1
-2
3
2
-8
9
-5
-8
12
-2
-3
1
-2
-2
10
-10
4
1
-10
7
-9
11
-3
-5
3
-3
15
-14
2
0
-1
8
-11
9
-8
0
13
-18
11
-3
-6
12
-9
-12
17
-10
5
-10
17
-11
-24
26
-6
-7
16
-16
5
-6
0
-2
0
2
-4
-3
4
9
-9
-5
1
6
-5
0
3
0
-10
6
-3
0
8
-9
3
-3
5
-3
0
-3
7
-5
0
6
-7
7
-9
2
1
2
-7
8
-11
5
5
-5
1
-5
7
1
-6
0
-1
4
-10
10
-9
6
-3
1
-1
-3
2
1
-1
-1
0
-1
0
-1
-2
2
-1
-1
2
-5
8
-12
9
-5
-1
-2
5
-1
-8
5
-2
5
-5
-5
10
-8
7
-3
-2
-4
8
-8
7
-6
-1
5
-7
3
-2
4
-6
3
-3
8
-8
-2
3
-6
9
-1
-5
-2
3
-7
-4
1
8
-10
-6
4
3
-5
-2
-2
0
-7
8
-11
16
-16
9
-3
1
-11
9
2
-9
7
4
-13
7
0
-5
7
-10
8
-6
8
-3
-8
10
-8
9
-8
4
-3
-1
4
-6
3
0
4
-7
5
-3
2
-7
8
3
-13
8
-4
-2
4
-3
4
-2
-5
6
-2
-4
1
3
-3
0
0
0
0
0
0
0
-1
0
2
-4
-2
3
1
-7
5
1
-5
2
-4
1
2
-10
12
-3
-8
6
-2
2
-6
6
-4
0
-3
6
-6
1
2
-4
7
-10
7
-10
7
2
-9
6
-8
10
-9
4
0
-8
11
-5
-8
8
-3
-10
10
-1
2
-10
14
-17
7
-8
2
0
-1
3
-6
2
14
-16
3
-1
6
-8
3
-4
5
-5
4
0
2
-12
17
-13
3
-2
4
-4
3
2
-3
1
-5
5
2
-5
7
-9
3
2
-3
5
-3
-1
1
-4
7
-3
4
-10
3
4
0
-3
0
4
-9
6
0
-7
4
-1
0
-2
0
0
0
0
0
0
-1
1
0
-1
-4
5
-1
-5
8
-5
0
2
-1
-4
-4
9
-4
3
-9
3
-1
0
3
-6
3
-2
-4
8
-7
4
-3
-5
6
-1
2
-3
-3
3
-5
1
-3
13
-17
11
-2
0
-3
4
-6
2
-5
6
-8
1
-3
15
-15
-4
3
-5
-2
0
-3
4
0
0
-8
4
11
-11
8
-5
-3
3
1
-6
3
3
-5
6
-5
3
-9
12
-4
-2
5
-5
-1
-3
10
-5
2
2
-15
13
2
-3
-6
7
-5
-2
-1
6
-2
-8
6
3
-11
12
-4
-3
2
-3
2
4
-3
0
-1
1
-2
1
-1
-1
0
0
-1
-1
1
-1
1
-2
0
-1
2
-3
-2
3
-2
2
4
-12
11
-5
-6
7
1
-7
0
1
3
-8
5
3
-2
-13
13
-3
-2
6
-10
3
0
5
-5
2
4
-12
10
-4
2
-7
4
-3
-3
4
0
-5
2
3
-10
11
-11
-5
8
-1
-2
-6
-1
0
1
0
1
0
0
0
-1
-1
0
1
0
-2
-2
-1
0
0
-1
-1
0
0
-1
0
0
-1
-1
0
2
1
-1
-1
0
3
0
-1
0
1
0
-1
0
2
1
-2
-2
1
1
-1
-2
0
2
1
-2
-1
-1
-1
-1
-1
1
1
-1
-1
-1
0
-1
0
0
-1
1
1
-1
-1
0
0
1
0
0
1
1
-2
-2
-1
1
0
-3
-1
1
2
-2
-3
-1
1
0
-2
1
2
0
-3
-2
1
2
-1
-2
-1
0
0
-1
0
1
-1
-1
0
1
-1
-2
-1
1
1
-2
-2
-2
-1
0
0
0
-2
-2
-1
-1
