-6
-7
-5
-4
-2
-1
-6
-4
-1
-3
5
-11
3
-6
-6
13
-5
1
-23
13
23
-45
29
-9
-4
-3
2
-1
2
-6
5
-6
-1
5
-1
-1
3
-5
9
-9
3
-9
11
1
-9
10
-5
-3
3
-1
-5
4
-5
-1
2
-2
-3
1
-2
-1
0
1
1
0
1
0
0
0
0
0
-1
2
-2
-1
4
0
-4
4
-5
0
4
-3
-4
11
-8
1
11
-8
3
-9
10
-4
3
1
-1
5
-1
-6
6
-5
3
0
4
-3
-3
-8
32
-45
24
15
-22
1
-4
15
-3
-3
6
-9
8
1
0
2
-2
2
0
4
0
1
-10
-4
-6
-6
8
-23
7
-1
-3
-3
-2
4
-9
-2
2
-19
19
4
-28
25
-7
-9
12
-16
17
-21
8
-3
1
-4
-1
3
-9
7
-2
1
0
-3
0
4
-9
7
-4
6
-1
-5
1
5
-5
3
-5
-1
-2
-2
6
-7
-3
1
3
-3
0
0
-1
1
0
0
-1
1
0
-2
3
1
-2
-6
7
-1
-1
-1
-4
4
-4
5
0
-6
-1
8
-4
8
-9
6
1
-2
0
2
-1
8
-9
5
0
-3
3
-2
9
-19
19
-14
15
-9
-6
26
-27
5
20
-16
5
1
-6
6
0
0
0
2
11
-21
11
2
-1
5
-8
-7
-5
1
-10
-1
-1
1
-11
2
-3
-1
-2
1
-29
40
-31
19
-3
-11
7
-14
15
-26
16
9
-15
-1
9
-11
2
11
-17
-3
5
8
2
-6
-10
11
2
4
-9
6
-10
3
7
-11
3
3
-3
-1
-3
3
-3
0
-4
0
1
-3
3
-2
-1
-1
-1
0
0
-2
3
-2
2
1
-3
1
-3
4
-1
0
-3
4
4
-11
8
4
-9
7
-9
3
2
12
-10
-6
1
9
5
-2
-17
13
3
-9
10
-1
-14
10
17
-24
18
-15
7
-11
-2
20
-30
43
-27
3
2
3
0
6
-8
4
3
2
-6
7
-1
2
-9
-5
-8
3
-8
4
-13
-5
10
-8
-9
10
-15
26
-32
30
-70
70
-37
32
15
-75
15
19
8
-1
-29
36
-15
-18
31
-35
16
3
-18
13
0
1
0
-3
2
3
-6
11
-5
-9
12
-5
-5
9
-5
-2
1
0
1
-8
3
1
0
-2
-1
-1
-1
-1
0
0
0
0
0
-1
2
2
3
-6
1
1
1
1
-6
10
-4
-5
12
-8
-4
10
-7
3
3
-3
1
0
1
14
-18
4
16
-35
33
-16
-14
37
-28
0
9
20
15
-76
15
34
-35
71
-69
32
-29
30
-13
14
-7
-5
12
-1
-9
8
-5
9
-2
3
-9
-5
-5
-12
21
-37
11
9
-10
1
-8
8
-9
-6
-29
97
-129
61
-8
7
31
-4
-116
104
-35
32
-42
24
-12
18
-22
-3
23
-9
-2
-11
13
-7
11
-10
6
-5
-2
-4
31
-39
16
0
-1
-12
16
-9
3
-3
-8
13
-10
5
-6
3
0
1
-2
-1
0
0
-2
0
0
2
-5
5
-9
14
-7
-2
4
-8
17
-11
0
-1
16
-37
32
-2
-3
-5
6
-8
12
-7
13
-10
-1
-8
23
-2
-21
18
-11
25
-40
34
-33
105
-115
-3
31
7
-6
62
-128
100
-26
-2
-6
13
-6
4
-8
11
14
-33
25
-5
0
3
-9
-4
-10
9
-29
29
-10
-19
10
-1
-22
37
-32
16
18
-99
23
77
11
-134
86
-116
320
-268
35
30
10
-41
23
-1
-7
-4
8
-2
-3
-9
14
-10
6
-4
5
-6
15
-18
-11
43
-37
11
1
3
-6
-9
9
-2
0
-2
6
-13
4
2
-3
1
-2
-1
0
0
-1
1
-2
1
5
-11
7
0
1
-2
10
-9
-6
2
2
13
-37
44
-10
-17
14
-7
5
-3
6
-11
15
-8
-2
0
8
-3
-7
1
24
-39
12
31
36
-266
322
-117
87
-134
12
78
24
-97
22
20
-29
41
-20
1
11
-15
-6
33
-25
16
-4
3
-10
-5
-9
-2
-8
14
19
-68
13
14
10
-10
-25
0
31
89
-221
46
86
-16
47
-44
-117
156
-31
-28
-14
30
-15
-2
18
-37
14
7
6
-22
22
-15
12
-4
-13
22
-17
6
4
-2
4
-4
0
-2
9
-17
11
-4
0
-4
-1
1
5
-8
2
-2
0
1
0
-1
1
-3
2
-8
6
2
1
-4
1
-3
12
-17
10
-1
1
-3
4
-2
5
5
-16
22
-13
-3
12
-15
22
-23
7
8
14
-37
18
-2
-14
31
-14
-26
-29
157
-116
-43
47
-14
87
47
-220
92
34
3
-22
-8
13
16
15
-63
22
17
-5
6
-4
4
-7
-7
-7
3
-22
41
-68
66
-49
27
-12
4
-35
18
-35
124
-108
-3
-14
-14
142
-94
-25
33
-15
4
-11
-3
22
-21
4
1
-9
7
-21
21
8
-7
-7
-2
8
27
-49
15
18
-2
-10
1
-10
15
-11
5
-5
5
-10
2
-3
9
0
-11
4
0
1
0
0
-1
0
0
4
-11
1
8
-2
3
-8
6
-4
6
-10
15
-9
1
-9
-1
19
15
-49
27
8
-4
-7
-8
9
22
-21
7
-9
3
6
-20
23
-3
-10
6
-14
35
-23
-93
142
-14
-13
-3
-107
128
-32
21
-33
8
-11
30
-48
68
-64
44
-19
10
-3
1
-9
-5
-4
-6
9
-42
73
-87
61
-30
-3
-6
30
-1
-192
225
-33
-39
97
-195
102
48
12
-111
54
1
-2
-14
-15
24
-7
7
0
-19
19
-13
2
5
-7
-2
16
-23
27
-34
36
-17
0
3
-11
7
3
-9
2
-1
0
-8
0
11
-11
0
1
-1
0
-1
0
0
1
-2
3
2
-10
12
0
-6
2
1
3
-8
4
7
-10
3
0
-15
35
-33
27
-22
17
-1
-7
4
2
-12
18
-19
0
8
-6
26
-15
-12
-2
2
55
-110
14
50
103
-193
98
-38
-32
228
-191
2
34
-2
0
-28
63
-82
75
-37
12
0
0
4
-8
-7
-16
9
-1
40
-31
-12
-78
71
-22
-20
80
-109
99
-117
119
-40
-32
19
-9
2
-31
110
-120
45
-12
-1
-4
30
-25
-18
17
-3
11
-15
8
8
-19
15
3
-7
0
-18
29
-19
19
-16
4
12
-16
0
6
-5
-4
4
1
-20
23
-6
-5
-1
1
-2
0
-1
1
1
-4
-5
22
-21
2
6
-4
-2
6
3
-15
13
5
-15
19
-19
30
-19
1
-8
3
15
-19
8
9
-15
11
-1
17
-18
-24
31
-3
0
-11
47
-118
110
-29
2
-8
21
-32
-40
120
-114
102
-106
83
-17
-20
73
-76
-8
-27
44
3
15
-11
2
-11
-1
-14
17
-44
-41
72
117
-207
86
-31
-22
46
-80
48
16
-25
111
-73
-83
84
21
-17
-135
97
11
-24
21
1
-23
18
-11
6
0
-2
8
-11
-3
9
-19
18
14
-16
14
-28
23
-23
22
-23
24
-18
7
-6
5
5
-14
-13
28
-12
-5
6
-3
0
-1
0
0
1
-2
6
-5
-11
29
-12
-14
7
6
-5
9
-17
25
-22
22
-23
24
-27
14
-16
15
18
-18
9
-1
-10
9
-1
0
6
-8
18
-23
1
23
-24
11
97
-134
-16
23
85
-80
-72
113
-24
19
51
-76
49
-20
-29
89
-205
122
77
-36
-42
25
-9
8
-7
-5
-12
7
-23
62
-116
71
-47
75
-52
-3
-7
129
-476
574
-151
-138
27
107
-150
22
66
47
-75
-2
7
6
-2
-19
25
-10
-9
9
-4
-1
0
7
12
-12
-48
60
-1
-56
77
-57
18
-5
3
3
8
-32
31
-4
-38
37
-46
93
-86
36
-19
11
-3
-1
-1
0
-3
11
-18
37
-85
94
-45
38
-37
-4
32
-31
9
5
4
-5
19
-57
79
-57
-2
60
-47
-12
13
8
0
0
-3
10
-9
-10
25
-18
-2
9
9
-2
-74
48
68
24
-148
107
28
-136
-150
577
-473
134
-4
1
-48
78
-45
75
-111
66
-20
14
-7
3
-10
-4
-11
3
-5
46
-123
47
41
-16
-32
-9
73
34
-219
166
-77
76
-15
-48
104
-119
28
-19
16
-1
10
-2
-28
47
-46
35
-25
15
-12
-3
14
-11
16
-84
198
-118
-53
33
25
-20
14
0
-18
15
0
15
-29
8
-32
39
3
-16
3
-8
10
-6
0
-2
0
0
1
-6
12
-8
5
-16
4
40
-31
8
-28
16
1
14
-17
0
14
-19
25
33
-53
-117
198
-83
16
-10
15
-3
-12
15
-25
34
-44
48
-27
-2
12
1
17
-17
30
-117
104
-46
-14
78
-76
169
-214
37
76
-4
-29
-13
44
52
-119
50
-2
11
-5
4
-6
-7
-2
-12
10
-6
26
-77
54
-44
21
39
-84
63
-25
8
14
-39
-45
66
-61
194
-265
244
-256
161
-37
-14
13
3
-5
0
-7
5
-10
18
-9
13
-88
184
-157
33
23
3
-17
13
-9
-2
7
-4
11
-37
38
-43
64
-61
55
-51
17
1
-5
2
-2
1
-1
1
-2
2
-4
4
18
-51
56
-60
65
-42
39
-36
13
-4
8
-1
-8
14
-16
4
23
33
-157
184
-88
13
-8
21
-10
5
-7
1
-4
4
13
-13
-38
165
-255
245
-263
195
-60
67
-44
-38
15
11
-21
68
-81
40
23
-41
56
-72
31
-3
14
-5
4
0
-13
4
-5
-25
26
9
-83
68
-9
-17
3
-18
12
15
-8
-8
-35
21
34
-35
-45
126
-110
2
42
-7
-12
4
-1
-6
-5
-2
14
-13
16
-15
5
-4
-32
90
-74
37
-49
42
-19
21
-20
10
-7
8
-10
10
-6
-13
6
18
-54
78
-58
12
5
-3
-2
0
0
0
-2
-1
6
14
-57
79
-53
20
8
-13
-5
11
-9
8
-6
10
-19
21
-18
42
-50
36
-74
92
-33
-3
5
-14
17
-13
14
-1
-3
-5
0
5
-11
-5
43
3
-108
127
-44
-34
36
23
-34
-4
-4
18
15
-15
5
-14
-7
71
-79
12
29
-19
1
12
29
-9
-77
49
-6
326
-668
429
-85
4
47
-66
-80
-145
591
-341
-96
-289
168
867
-520
-740
363
250
427
-632
103
-25
46
148
-100
-65
32
13
-5
13
-9
20
39
-152
108
73
-90
-51
64
-11
-3
22
-14
-10
15
-11
-3
2
8
15
-37
-8
44
-24
-7
5
-1
1
1
0
1
5
-7
-22
45
-6
-36
15
10
3
-2
-11
16
-10
-13
22
-2
-11
65
-51
-89
72
108
-153
38
20
-10
14
-5
14
32
-64
-99
149
46
-24
105
-632
429
250
364
-739
-520
869
169
-286
-95
-339
594
-142
-77
-63
49
6
-83
434
-664
329
-3
56
-72
1
10
-54
61
-26
142
202
-506
-112
82
190
147
-88
-103
513
-1304
838
48
418
-134
65
-1229
337
159
328
-310
455
-4
-156
40
-229
188
-74
36
-1
68
37
-7
-44
-76
9
-177
246
31
6
-50
-88
-20
44
63
41
-21
-49
-68
23
24
70
-76
36
-53
27
-5
6
-4
3
3
2
-2
7
-5
29
-51
37
-75
72
25
23
-66
-49
-20
41
64
45
-20
-90
-48
6
30
247
-178
10
-74
-43
-7
38
69
-1
36
-72
190
-228
40
-154
-2
456
-309
328
161
340
-1228
67
-134
419
49
842
-1301
517
-100
-85
150
194
85
-109
-503
207
145
-19
67
-45
21
-39
26
-90
79
383
-331
-447
359
98
-332
403
195
-39
-1195
1115
71
-913
409
1213
-941
-670
306
590
-251
-332
222
171
-252
174
-71
57
40
-173
8
212
-87
-256
153
345
-312
-130
247
-28
-194
109
162
-168
-98
201
20
-231
112
145
-175
-23
135
-31
-88
44
21
-8
-13
0
11
0
-12
-8
22
44
-87
-30
136
-21
-174
146
113
-230
21
201
-97
-169
162
110
-194
-27
247
-130
-312
344
153
-256
-86
213
9
-172
40
58
-70
172
-250
174
223
-331
-250
590
307
-668
-941
1214
410
-911
72
1120
-1192
-35
198
405
-329
100
360
-443
-328
388
82
-82
30
-30
-12
42
-119
142
-46
-476
675
-199
-87
137
-255
432
-886
1415
-687
-692
1023
-923
549
619
-1701
1359
-381
-289
774
-667
52
176
-236
292
-50
-124
72
33
-86
98
-65
-34
334
-606
255
243
-259
173
-172
119
-26
-91
168
-165
97
-17
-52
85
-51
-49
98
-67
47
-44
12
5
-7
3
-1
4
-6
5
13
-43
49
-67
99
-49
-50
85
-52
-16
96
-164
169
-90
-26
120
-172
172
-258
244
255
-605
334
-33
-65
99
-85
33
72
-123
-49
294
-234
179
54
-665
776
-288
-380
1361
-1699
620
549
-922
1024
-690
-683
1420
-882
436
-253
139
-85
-195
679
-472
-42
151
-115
49
-19
9
9
-70
223
-513
149
462
-216
-307
541
-561
799
-1580
1769
-1143
521
-203
54
205
74
-710
654
-257
240
-536
417
-111
-31
119
-31
-79
96
-120
137
-132
162
-127
266
-562
508
-355
197
-50
10
75
-97
97
-116
114
-159
198
-159
133
-135
96
-113
120
-64
41
-30
9
-7
6
-6
6
-7
9
-30
41
-64
120
-112
97
-135
135
-159
199
-158
115
-115
97
-95
76
11
-51
196
-355
509
-561
266
-127
163
-131
136
-120
96
-77
-30
119
-30
-109
417
-534
242
-255
656
-708
76
206
54
-202
522
-1138
1771
-1577
801
-560
544
-305
-215
468
153
-510
226
-61
14
16
-20
-15
56
-51
-206
765
-1136
936
-445
-100
164
428
-1438
2347
-2054
608
567
-667
-203
1372
-2117
1929
-1062
-5
685
-744
514
-226
-46
236
-261
235
-261
179
49
-277
323
-114
-126
364
-502
296
16
-227
246
-33
-229
334
-225
-8
203
-240
98
81
-181
143
-10
-98
103
-55
23
-7
-10
18
-24
19
-8
-7
23
-54
104
-97
-9
145
-179
80
99
-239
204
-7
-224
335
-228
-33
246
-227
16
296
-501
365
-126
-115
324
-277
50
178
-261
235
-260
237
-45
-225
514
-743
687
-4
-1060
1932
-2116
1373
-202
-664
568
612
-2052
2349
-1434
432
168
-97
-443
938
-1131
769
-203
-45
60
-7
-3
11
-60
51
174
-822
1294
-725
-68
-15
4
268
570
-2078
1823
-226
-159
-482
257
1284
-2225
1019
265
114
-821
658
-149
-9
-5
-84
99
-108
170
-39
-161
63
176
-37
-372
255
239
-252
-82
118
97
-110
-82
120
56
-115
-49
111
24
-85
-22
85
-14
-55
8
42
-19
-12
9
1
-7
1
9
-12
-18
43
9
-53
-13
87
-22
-86
25
112
-49
-113
57
120
-81
-110
97
117
-82
-252
239
256
-372
-37
175
65
-160
-39
170
-106
100
-84
-5
-7
-148
658
-819
115
267
1021
-2225
1285
258
-481
-158
-224
1826
-2075
573
270
7
-12
-65
-722
1297
-817
177
59
-55
20
12
12
-63
-3
-126
365
-11
-322
62
24
-16
-267
53
1340
-1345
122
71
-247
-44
1226
-911
-188
97
-108
369
-126
-48
58
25
-238
245
-13
-95
-40
44
52
41
8
-35
-232
205
-38
71
35
-67
-56
-20
24
44
51
-12
-34
-54
-13
48
34
-21
13
-21
-22
13
9
0
-4
-4
-3
1
9
13
-20
-20
15
-21
35
49
-12
-54
-35
-12
52
45
24
-21
-55
-67
35
70
-38
206
-231
-36
9
42
52
45
-39
-95
-11
246
-237
26
58
-49
-127
370
-106
98
-186
-909
1229
-42
-246
72
126
-1342
1344
57
-265
-13
26
64
-319
-7
368
-122
5
-59
20
23
-38
26
-4
52
55
-758
712
15
31
-30
86
-610
421
94
-18
-175
-9
-246
295
468
-436
-53
4
33
50
-33
50
49
-172
11
33
35
-21
11
-12
10
12
63
-63
28
-64
45
-23
-13
44
-47
14
-20
18
-9
-18
36
-19
26
-16
5
21
-33
19
-10
-2
-2
0
0
-1
-2
-1
-9
18
-34
21
6
-13
29
-17
37
-18
-8
18
-19
14
-46
43
-12
-22
45
-64
28
-64
64
12
10
-11
12
-20
35
33
11
-171
49
51
-33
52
35
5
-50
-437
469
295
-245
-9
-174
-14
96
424
-607
90
-26
34
16
715
-754
59
55
4
31
-29
5
-72
56
-38
32
-43
525
-664
45
13
259
139
-249
-320
151
-47
-13
264
163
352
-809
146
-86
-21
178
-7
58
-107
17
-146
210
-39
-1
-14
-8
-13
18
57
-59
-54
61
-27
15
-21
63
-28
19
-30
6
-30
7
33
-36
44
-38
52
-62
13
-12
21
-1
3
-3
-2
-2
-2
-2
4
0
22
-12
14
-61
54
-37
45
-36
34
8
-28
7
-28
19
-27
63
-21
15
-27
62
-54
-58
57
19
-13
-8
-13
-1
-38
211
-145
17
-106
59
-6
179
-20
-84
147
-807
352
165
265
-12
-45
154
-316
-245
142
263
16
47
-659
529
-38
35
-31
60
-64
2
-30
94
49
-122
-335
126
420
-167
-244
91
386
-275
-93
-102
193
177
-38
-456
-314
728
67
-182
-93
96
15
10
-125
14
66
13
-26
-18
10
8
-12
7
4
-11
66
-92
-33
82
9
-40
18
0
2
-7
4
-11
6
-1
7
-13
6
4
-22
18
-3
-3
0
-2
-2
0
-1
-1
1
-2
-3
19
-22
5
8
-11
9
-1
7
-10
5
-6
2
1
18
-40
9
83
-32
-92
67
-10
5
7
-11
9
11
-18
-26
14
67
14
-125
11
17
98
-93
-181
68
729
-313
-456
-37
178
197
-98
-91
-271
388
93
-240
-166
426
129
-332
-119
56
99
-22
-21
26
-130
160
-97
253
-299
6
85
-34
-1
-192
166
144
-152
4
50
-100
363
-418
115
-24
37
-65
102
-126
109
-61
20
26
18
-74
39
-7
-13
4
12
15
-60
41
28
-56
43
-14
-1
1
-9
17
-29
39
-28
-1
10
18
-40
19
18
-34
13
3
-6
2
0
-1
0
-1
0
3
-5
3
14
-33
19
22
-40
19
10
0
-27
38
-28
17
-8
1
-1
-15
44
-55
28
42
-59
15
13
5
-13
-7
39
-74
18
27
22
-59
110
-125
103
-63
39
-22
116
-418
364
-97
51
7
-147
146
169
-188
3
-31
87
10
-296
257
-94
167
-125
34
-19
-2
19
-38
88
-223
189
-66
19
-11
-15
42
30
-131
45
21
2
-53
106
-67
-36
30
18
-21
0
12
-21
18
-8
-16
20
-6
-2
-2
4
-3
2
0
1
-2
-5
12
-7
-3
1
0
2
5
-11
3
2
-4
3
-3
2
-6
2
-4
3
-5
1
-1
-1
0
1
0
0
-1
1
-2
2
-3
3
-3
2
-2
3
-2
3
3
-10
6
3
0
1
-3
-8
12
-5
-1
0
0
2
-3
4
-1
-2
-5
20
-14
-7
19
-21
12
1
-21
21
32
-35
-65
107
-51
3
23
49
-128
33
44
-11
-9
20
-63
193
-218
91
-31
26
5
-16
1
-7
-1
-26
25
27
-76
42
-6
-43
86
-30
-110
97
-19
-15
21
-19
18
-53
60
-30
-6
16
4
-28
26
-41
62
-47
12
1
-2
1
-3
2
0
8
-13
11
-11
14
-2
-7
3
4
-4
0
3
-8
5
-7
4
-2
-1
2
-2
-1
0
-1
-2
0
-1
0
-1
1
1
0
1
-1
-1
2
0
-1
5
-6
6
-7
4
1
-4
4
4
-6
-2
14
-12
12
-12
8
1
2
-3
1
-1
1
13
-45
63
-40
27
-26
5
18
-4
-29
62
-52
19
-19
22
-14
-16
100
-105
-28
90
-40
-3
44
-71
30
29
-22
7
-2
11
-12
3
-25
10
13
-21
-31
49
-23
-6
-23
52
-79
82
-29
-22
0
1
29
-63
57
-31
8
-3
-11
17
-4
-12
2
-5
2
3
1
-1
-1
1
0
0
2
-10
2
15
-14
3
-3
5
-1
0
-5
2
1
-2
-4
2
-2
1
-2
2
-2
1
-2
-2
0
0
0
-1
0
0
0
0
-1
2
-2
2
-1
3
-3
-1
2
2
-4
0
-1
4
-2
3
-13
17
2
-9
4
-1
0
2
0
0
1
3
3
-6
3
-10
-2
20
-10
-1
11
-28
59
-62
30
3
1
-19
-25
83
-77
55
-20
-3
-22
54
-29
-17
16
17
-20
11
-10
-4
-10
-5
-17
54
-40
-1
-13
-4
22
-33
5
6
-6
2
6
-6
4
17
-42
5
6
0
7
-1
-7
-3
1
-10
13
-7
1
-2
4
-3
-1
2
2
0
-6
5
3
-4
3
-2
-1
1
-2
3
-5
5
-3
-1
0
-1
-1
1
-1
-1
0
-1
-1
-1
1
-1
0
-2
1
0
-1
1
0
0
0
1
-3
5
-4
4
-1
0
0
-2
4
-4
3
4
-6
1
2
2
-1
-2
3
-3
1
-7
15
-9
1
-1
-7
0
8
1
8
7
-41
18
5
-6
7
6
-3
10
9
-30
25
-1
-11
3
-35
57
-13
3
-5
5
-6
-3
1
-2
-8
-10
0
5
1
-9
-8
2
9
2
-8
-10
-1
1
-2
-4
0
2
-1
-5
-3
1
2
-1
-4
-1
0
-1
0
0
1
-1
-1
0
1
2
-1
0
-1
1
0
2
0
0
-1
-1
0
-1
-1
-1
0
0
0
0
0
-1
-1
-1
-2
-1
-1
0
1
1
0
-1
0
1
0
1
0
0
0
-1
-1
0
0
0
1
0
1
0
0
-2
0
1
1
-1
-1
0
2
0
0
0
1
-1
-3
-1
3
2
-2
-2
1
4
1
-2
0
3
0
-6
-5
5
13
6
-5
-6
3
9
4
-5
-5
3
5
0
