0
-2
2
-3
3
5
-7
-1
8
-22
18
5
-3
-5
4
-4
4
1
-6
8
-6
9
-11
3
1
7
-4
0
0
-1
0
1
-2
6
-7
-3
11
-8
0
2
-1
-3
2
0
-1
2
-1
-1
2
-5
3
-2
2
-2
2
-2
1
-1
0
0
0
0
1
-2
0
0
-1
-1
0
0
-1
0
-2
2
-2
2
-2
1
-2
3
-3
1
1
-2
2
0
-4
1
0
-3
-1
8
-12
2
5
-8
1
-1
0
1
-1
-1
4
-8
-2
-2
11
-9
6
-7
4
-2
-5
3
-4
5
2
-7
-18
20
-8
0
7
-7
-3
0
-3
-3
0
-4
-2
7
-3
-4
10
-15
15
6
-21
4
2
3
-8
9
-11
-2
15
-15
9
-7
15
-16
0
13
-6
0
3
-7
5
-2
6
-7
0
6
-8
3
-2
5
-7
6
-4
-3
5
-5
0
1
-3
2
0
-3
4
-3
0
-1
0
1
-1
-1
-1
0
-1
-1
0
-1
1
0
0
-1
0
1
0
-1
-1
2
-3
3
1
-3
2
-2
-2
4
-6
3
3
-7
7
-6
2
-4
7
-6
-2
5
-6
2
-5
7
-3
-1
5
-13
0
16
-15
8
-9
13
-16
1
10
-11
7
-4
-3
-6
20
-9
-16
14
-11
4
1
-10
0
0
0
-5
24
-37
-22
60
-35
63
-38
-28
18
-23
4
22
-9
15
-33
8
3
-6
23
-4
0
-3
-14
3
8
5
1
-14
5
0
-1
9
-1
-7
12
-18
9
-4
3
-2
3
-5
0
7
-9
6
-4
3
-3
0
2
-1
-2
-1
-1
0
-1
0
0
0
-1
0
0
0
-1
1
0
0
0
-1
0
-1
1
0
-3
1
1
-3
3
-6
7
-8
0
6
-3
2
-4
5
-11
18
-14
6
0
-10
1
0
-5
15
0
-5
-9
-5
13
3
0
3
-23
7
-3
-8
32
-17
7
-24
-6
21
-20
27
37
-65
34
-62
21
34
-26
0
0
0
-13
12
-95
249
-132
-356
509
-96
-151
85
-35
39
9
-111
86
127
-242
108
19
-46
131
-168
39
52
-31
43
-65
-11
93
-71
6
46
-42
-42
83
-24
-21
16
-7
7
-6
-3
10
-15
6
7
-7
4
-3
2
-2
-1
1
0
-1
0
0
0
0
0
-1
0
0
0
-1
0
0
0
0
-1
0
0
-2
1
1
-3
2
-3
7
-8
-7
15
-11
1
6
-7
6
-16
20
24
-84
42
41
-47
-7
70
-93
10
66
-43
29
-52
-39
168
-132
47
-18
-107
241
-127
-86
112
-10
-40
33
-87
149
96
-510
355
130
-250
93
-15
12
-3
0
-4
2
-5
-91
172
-175
457
-479
73
43
-17
41
-32
-36
103
-156
389
-428
258
-285
144
104
-113
8
39
-18
44
-77
95
-122
87
-89
72
-62
161
-134
51
-31
1
9
-7
-5
19
-22
28
-27
13
-6
3
-2
-1
1
-1
-2
0
0
0
0
-1
1
-1
1
0
0
0
-1
1
-1
-1
0
0
-1
-1
0
0
-2
0
1
-4
6
-13
26
-29
21
-18
5
7
-10
-2
31
-51
132
-163
61
-72
88
-86
121
-94
76
-44
18
-41
-8
114
-105
-145
284
-259
428
-389
156
-104
35
30
-43
16
-44
-76
478
-457
174
-174
89
3
-3
-1
0
1
-5
11
-111
223
55
-681
660
-72
-138
69
-39
28
-39
37
113
-290
133
211
-300
93
63
-21
-74
89
-37
4
14
-51
56
-46
79
-54
-41
58
-4
-19
7
-1
1
7
-10
0
5
0
-6
7
-6
0
2
-2
0
-1
-2
1
-1
-1
-1
-1
0
-1
-1
1
0
-1
-1
-1
-1
0
1
0
-1
-1
2
-1
0
1
-3
0
6
-8
6
-1
-6
1
9
-7
-2
1
-8
20
4
-59
40
53
-79
45
-57
50
-14
-4
37
-90
73
20
-64
-93
301
-210
-133
289
-113
-39
37
-30
37
-72
137
71
-660
680
-57
-224
111
-14
4
-5
0
-10
25
-19
-155
214
-387
1058
-931
389
-304
141
-104
46
170
-168
426
-840
498
-179
151
78
-210
80
162
-149
-5
7
-49
177
-131
114
-120
62
-91
38
3
22
0
-14
4
12
-23
4
17
-14
7
1
-4
1
-1
-1
1
0
-2
-1
1
0
-1
0
0
0
-1
-1
0
0
0
1
0
-1
0
-1
-2
1
0
1
-1
0
1
-3
4
-1
-8
12
-17
-6
22
-14
-4
13
-1
-22
-3
-38
90
-62
119
-114
131
-178
49
-7
5
149
-162
-81
211
-77
-151
178
-499
841
-426
166
-171
-47
102
-142
302
-391
931
-1058
385
-214
154
17
-25
4
0
8
-34
35
-43
80
172
-575
502
-485
494
-64
-146
108
-226
112
640
-1001
283
329
-160
-326
349
-31
30
-62
26
1
-260
343
-21
-181
90
85
-124
26
19
-7
-25
30
-11
12
-80
120
-37
-30
13
4
-4
-2
1
-2
1
-1
1
-2
1
-1
-1
0
-1
0
0
-1
0
0
0
-1
0
0
0
0
-2
2
-1
0
-2
0
-2
1
4
-5
-14
28
36
-121
80
-15
10
-31
23
7
-18
-27
123
-86
-91
179
20
-343
260
-1
-28
63
-31
30
-350
325
160
-330
-283
1001
-640
-114
223
-110
146
63
-497
485
-503
573
-172
-82
42
-36
33
-12
0
-12
34
-43
139
-173
376
-768
332
557
-604
293
-266
164
-64
184
-667
673
-240
225
-257
345
-123
-592
718
-222
16
-106
258
-251
164
-136
26
12
8
1
-1
-5
4
5
-25
70
-172
173
-48
-11
5
-4
2
-3
3
-1
-1
1
-1
0
0
-1
-1
0
-1
0
-1
1
0
-1
0
0
1
-1
1
1
-1
1
1
-1
1
-1
-4
3
-3
3
-6
10
48
-174
171
-70
23
-5
-5
3
0
-2
-9
-12
-27
135
-164
253
-258
106
-16
221
-719
592
123
-345
257
-226
240
-674
666
-183
62
-165
264
-294
603
-560
-333
768
-376
173
-140
41
-35
7
0
1
-13
9
10
1
230
-440
440
-926
862
-18
-237
-44
206
-311
797
-732
35
159
5
-130
43
309
-415
182
-30
129
-377
351
-322
316
-67
-64
39
-4
3
30
-57
17
-15
-36
157
-128
36
-30
14
-2
6
-1
-2
0
0
-1
-1
-2
1
0
-1
0
0
0
0
0
0
0
-1
0
0
-1
0
-1
-2
2
0
0
-1
0
0
0
-6
1
-14
29
-36
128
-158
36
14
-17
56
-31
-4
5
-39
62
66
-316
322
-351
376
-129
30
-182
414
-309
-44
130
-6
-159
-35
731
-797
310
-207
42
236
16
-864
925
-440
439
-231
-3
-11
-12
10
-5
0
4
-15
31
-187
241
82
-390
-169
1351
-1168
19
275
-225
394
94
-1165
1023
-182
19
67
-243
157
-24
-24
142
-211
144
-97
-30
221
-169
20
-19
2
54
-33
-38
37
41
-86
2
95
-60
-8
15
-4
4
-6
-2
2
0
-1
0
0
-2
2
0
-1
-1
0
0
0
0
0
0
-1
0
-1
0
0
-1
-2
1
0
-1
0
-2
-2
1
5
-5
4
-15
8
58
-96
-3
85
-42
-38
36
32
-55
-1
18
-20
168
-221
29
98
-145
210
-143
24
23
-157
242
-66
-20
181
-1023
1164
-95
-395
224
-276
-20
1167
-1353
169
390
-82
-241
185
-33
14
-10
0
-12
33
-35
78
-92
251
-352
501
-1048
834
-262
181
-225
239
-279
546
-392
14
13
-114
175
-374
795
-540
115
-156
167
-46
23
-145
140
-25
-25
-22
52
-55
79
-39
0
1
-56
88
-59
43
-17
2
-12
7
-3
0
0
0
-1
-1
0
-2
1
0
0
-1
0
-1
-1
0
0
-1
-1
0
0
-1
0
1
-1
-1
-1
0
1
-1
2
-8
11
-3
18
-44
58
-90
57
-2
-1
38
-81
54
-53
21
25
25
-140
144
-23
44
-166
154
-115
538
-796
373
-176
114
-14
-14
392
-547
278
-240
225
-183
262
-835
1047
-502
351
-251
91
-79
33
-34
7
0
0
-6
-6
66
-93
443
-731
773
-1138
668
256
-297
57
-47
-505
1135
-628
240
-272
-67
217
-189
274
-249
222
-200
151
-183
188
-197
117
15
-31
17
-24
-44
96
-148
251
-156
-16
62
-51
25
-11
7
-4
-1
2
-3
1
0
-1
1
-1
0
-1
0
-1
-1
0
0
0
0
-1
0
0
0
0
-1
0
-1
1
-2
-1
1
-2
2
-3
0
3
-8
11
-26
50
-62
16
155
-251
147
-96
44
22
-18
29
-16
-116
197
-189
183
-151
200
-223
248
-275
189
-217
67
272
-240
627
-1136
504
46
-59
296
-258
-670
1136
-774
730
-445
91
-67
3
5
-5
0
10
-33
46
-127
84
356
-554
298
-171
75
-22
-22
406
-523
-253
722
-245
-144
41
316
-259
-349
370
20
-3
-59
80
-74
-91
167
-72
3
42
-88
-1
126
-58
-63
54
-15
5
0
-14
18
-11
4
3
-6
3
-5
1
3
-2
-1
0
-1
0
0
0
-1
-1
0
-1
0
-1
-1
0
0
0
-1
-1
0
-1
1
1
-3
-2
4
-4
5
-3
-4
9
-19
14
-1
-5
14
-55
61
58
-126
0
88
-42
-4
72
-167
90
75
-81
60
2
-20
-370
350
258
-316
-42
145
243
-723
251
521
-408
21
22
-77
169
-298
553
-358
-86
126
-48
33
-15
0
-6
7
-32
148
-99
-352
437
187
-415
314
-503
400
-195
-30
505
-479
28
113
-197
294
-308
569
-396
-227
280
-52
15
-3
12
-25
-13
49
-86
66
-71
79
67
-121
-43
106
-54
50
-28
-19
13
1
-3
1
2
-3
0
0
1
-1
-1
0
-1
-1
0
-1
0
0
0
0
0
0
0
-1
0
1
0
0
1
0
-1
-1
-1
3
-3
-1
1
-2
-13
18
28
-51
53
-106
43
120
-67
-80
70
-68
86
-49
12
24
-11
2
-15
51
-280
226
396
-570
308
-294
198
-115
-28
479
-506
29
194
-402
502
-316
413
-187
-438
351
98
-150
29
-8
2
0
-20
46
-25
-25
-24
107
-159
556
-687
397
-310
267
-243
253
-408
333
-111
107
-179
215
-237
227
149
-462
293
-74
10
33
-54
-5
38
5
-14
17
-83
92
-64
32
54
-57
4
2
5
-3
-9
6
0
-1
0
1
-1
-1
1
-2
0
0
-1
-1
1
-1
0
-1
-2
0
0
-1
-1
0
-1
0
0
-1
-1
1
-1
0
0
-1
-1
0
0
-6
7
2
-5
-3
-3
56
-53
-33
63
-93
82
-18
13
-5
-38
4
53
-34
-11
74
-293
463
-149
-227
237
-216
179
-107
110
-334
406
-255
242
-270
308
-398
685
-556
158
-108
22
23
23
-47
15
0
-16
48
14
-125
173
-183
256
-772
887
-316
31
123
-234
246
-287
249
-186
33
75
-21
32
-100
162
-131
-35
72
3
-25
9
-5
13
-10
-3
6
6
-20
0
2
15
13
-37
29
-12
-4
9
-6
3
-3
0
0
-2
2
-1
1
1
-2
0
-2
-1
0
0
0
0
0
1
0
1
-1
-1
0
0
0
-2
-1
1
-2
1
-1
0
2
-4
5
-10
4
10
-30
35
-14
-14
-3
-2
19
-8
-8
2
9
-13
6
-10
25
-2
-73
34
130
-162
99
-32
21
-76
-33
185
-250
285
-247
232
-124
-33
314
-891
771
-257
181
-175
124
-18
-50
11
0
-15
0
27
-5
-99
230
-254
384
-408
110
81
-65
13
-53
104
-105
61
-37
61
-73
44
-4
-69
117
-83
96
-108
54
-25
31
-26
-2
27
-14
-12
8
-16
28
-15
3
4
-4
0
4
-3
0
2
-2
1
-3
0
-2
-1
0
-1
0
-1
-1
-1
0
0
0
1
0
-2
0
-1
-1
0
0
-1
-1
-2
-1
-1
1
-2
1
-3
1
-1
-1
3
-5
1
3
-5
-4
14
-27
16
-9
11
13
-27
1
25
-30
24
-55
108
-97
83
-118
68
4
-45
73
-62
36
-62
104
-106
53
-13
63
-83
-113
406
-384
253
-232
98
4
-30
-1
11
0
-11
2
17
-22
-10
17
25
48
-160
74
18
-16
52
-83
30
13
13
-4
-45
22
-44
106
-63
11
7
-11
8
-14
12
-29
34
-20
13
-7
-5
4
7
6
-7
-8
-3
5
-3
1
-2
1
-1
0
-1
-2
2
-1
-1
-1
1
-1
-1
0
-1
1
-1
1
0
0
-1
0
1
-1
0
-1
0
0
-2
1
-1
1
-4
1
-1
-1
0
-1
1
-2
3
-5
1
7
7
-7
-7
-4
6
6
-13
19
-35
28
-13
14
-7
12
-8
-12
63
-107
44
-22
43
3
-13
-14
-32
81
-54
14
-19
-76
159
-50
-25
-18
9
20
-20
-3
6
0
-5
6
-9
2
-15
44
-36
-5
36
-24
-13
10
1
15
-51
42
33
-48
-4
51
-45
-21
38
4
-10
-20
26
-15
15
-7
0
-5
3
7
-8
-2
5
7
-6
-7
5
-7
8
-6
3
-1
-2
0
1
-2
2
-1
-1
0
1
-1
0
-1
0
-1
-1
0
0
0
0
0
0
0
-2
0
-1
0
-1
-1
0
2
-2
1
-2
-1
1
1
-4
5
-9
5
-7
6
5
-8
-5
2
9
-9
-4
5
-1
7
-15
16
-27
19
8
-4
-38
21
45
-50
3
47
-35
-43
49
-15
-1
-11
12
22
-40
5
36
-45
14
-3
6
-8
1
0
-6
15
-7
-7
15
-54
65
-89
96
3
-51
-2
31
6
-124
189
-92
0
11
-48
99
-110
77
-8
-30
10
6
-13
5
9
-10
2
6
-12
8
-3
3
3
-7
7
-4
3
-1
0
-2
0
0
-2
0
-3
3
-2
1
-1
-1
0
-1
-1
-1
0
0
0
0
0
0
-1
-1
0
0
0
-1
0
0
-1
-1
2
-3
2
-2
1
-2
-2
1
0
0
-4
3
-7
7
-5
-2
2
-9
11
-7
-3
9
-9
-5
12
-7
-11
29
8
-77
110
-101
48
-13
-1
91
-190
124
-7
-33
1
49
-5
-98
89
-64
52
-17
5
5
-16
3
0
-7
8
-11
28
-37
19
1
45
-89
16
47
-46
56
-72
87
-99
61
-23
0
23
-38
17
37
-15
-10
-10
-12
23
-7
3
-4
0
-2
9
-7
-2
10
-9
-7
13
-5
-1
-1
-5
6
-2
3
-1
-1
-1
1
-2
-1
-2
0
-1
0
-1
0
-1
0
0
-1
0
-1
0
-1
0
-1
1
-1
0
0
0
-1
1
-1
1
0
0
-2
2
-8
4
0
0
5
-14
6
7
-11
0
7
-10
1
0
5
-3
7
-23
10
10
9
14
-37
-17
39
-23
0
22
-61
98
-89
70
-57
44
-48
-19
86
-45
-2
-20
36
-29
8
-9
2
0
-4
3
-2
-12
16
-36
58
45
-137
83
-44
32
-20
27
-14
-2
-15
26
-21
26
-7
-9
-20
36
-23
2
-3
18
-14
5
-3
10
-18
12
-6
-2
5
-2
-4
7
-6
2
0
-5
4
-3
0
2
0
-2
-1
0
0
0
-1
0
0
0
0
0
0
0
0
0
0
0
0
-1
0
-2
-2
-1
0
0
0
-1
0
1
-1
-3
0
1
-5
4
-2
-2
5
-8
3
2
-6
2
6
-13
17
-10
3
-5
14
-18
1
-2
22
-37
20
8
7
-27
21
-27
15
1
13
-30
20
-31
42
-85
135
-45
-60
35
-17
11
-2
-4
0
0
-4
8
-7
0
0
-2
-18
84
-109
51
-13
2
-11
20
-1
-19
3
-1
11
-4
-2
6
2
-30
32
-12
13
-26
16
0
-1
1
-10
6
-1
-2
-4
4
-3
0
1
-1
-1
3
-6
3
0
-2
1
-2
2
-1
0
-1
-1
-1
-1
-1
0
0
-1
-1
-1
0
0
0
-1
-1
-1
0
0
0
0
0
-1
1
-2
1
-1
2
0
-3
4
-5
1
1
-3
-1
2
-5
3
1
-2
-7
6
-2
0
-1
-17
25
-13
12
-33
30
-2
-6
2
4
-13
0
-3
19
0
-22
9
-3
10
-52
108
-84
17
0
0
-2
3
-10
0
0
-8
12
-13
21
-16
-5
33
-77
71
-9
-20
5
13
-14
40
-92
55
2
-2
-9
22
-30
15
-5
17
-12
-4
3
1
-8
8
-1
0
-4
10
-6
-1
5
-9
7
-5
1
-1
0
0
-2
2
-2
0
1
-1
2
-3
1
-1
-1
-1
0
-1
0
-1
0
0
0
-1
0
1
0
0
0
1
0
0
-2
0
-2
1
-2
-2
1
-3
1
0
0
1
-2
3
-8
8
-5
-1
5
-10
4
0
1
-8
7
-2
-3
4
12
-17
4
-15
30
-23
8
1
-1
-55
91
-41
13
-14
-5
19
8
-72
77
-33
4
14
-22
11
-13
4
0
-3
4
-1
-6
4
-8
10
-12
30
-32
13
-2
1
-9
3
9
-13
10
-7
-4
15
-8
-18
22
-4
-2
3
-13
12
1
-6
4
-5
5
-2
-1
1
3
-10
12
-5
0
0
-2
3
0
-2
0
1
-3
1
-2
-1
0
0
-1
-1
0
-1
0
0
0
-1
0
0
0
0
0
0
-1
0
0
0
-1
0
1
-3
1
-1
0
0
0
-3
1
-2
-2
5
-13
10
-4
-2
0
2
-6
4
-4
5
-2
-13
13
-2
3
3
-23
17
7
-15
3
6
-11
14
-9
-4
7
-3
1
-15
31
-31
11
-10
7
-5
5
-1
-5
-2
0
-3
1
0
-4
7
-8
11
-14
12
-7
12
-24
22
-15
13
-24
16
-3
5
-12
7
11
-16
2
12
-4
-1
-11
10
-11
8
-2
2
0
-6
4
2
-1
-4
3
0
-4
1
-3
1
2
-1
-2
1
-4
1
1
-2
0
-1
-1
0
0
-1
0
-1
-1
-1
0
-1
0
-1
0
-1
0
-1
0
0
1
0
-1
-1
3
-1
1
0
-3
-1
2
-3
3
-1
-4
2
2
-4
-4
6
-1
-2
2
-9
11
-11
10
0
3
-12
-3
16
-12
-7
12
-7
2
-17
23
-13
15
-24
23
-13
4
-12
13
-12
8
-8
3
-3
-2
-1
0
-2
2
-4
4
2
-25
32
5
-25
6
1
-10
32
-38
-1
34
-27
5
2
-7
3
16
-27
22
-11
10
-17
9
1
8
-12
4
-1
-1
4
0
-1
-2
4
-7
2
-1
0
0
-1
1
0
1
-3
0
2
-2
1
1
0
0
-1
0
0
0
-1
0
-1
0
0
0
0
0
1
0
-1
0
0
-1
-1
2
-2
-3
2
-2
-1
-1
1
0
-1
-1
-4
6
-6
0
1
0
-4
0
0
-5
12
-8
-1
-10
16
-11
11
-23
27
-17
-4
7
-2
-5
26
-35
-1
36
-33
8
-4
-9
23
-5
-33
24
-4
-5
0
-3
-3
0
-5
8
-5
-5
4
-1
4
-6
4
-6
2
11
-29
15
-11
40
-33
5
-7
19
-21
31
-38
20
-5
9
-4
-3
1
-2
1
0
-1
-3
5
-1
0
-1
2
-2
0
0
1
0
1
-2
3
-2
0
1
-2
1
-2
1
0
0
1
-1
0
0
-1
1
0
0
0
-1
0
0
0
0
-1
0
0
-1
1
-1
1
-1
0
2
-2
0
-1
-1
-1
0
-2
1
-3
1
0
-1
-4
2
-1
0
-2
1
-1
3
3
-10
5
-20
38
-31
21
-20
8
-5
33
-40
9
-17
27
-13
-2
4
-5
5
-4
0
-6
4
2
-8
1
0
-6
5
-7
11
-12
7
2
-6
-3
-1
11
-7
-3
-11
30
-32
12
7
-10
4
-11
11
9
-13
0
5
-11
9
-7
7
-6
3
2
-5
2
0
-2
-1
3
-2
-1
0
2
-4
1
-3
2
-3
0
-1
-1
0
0
-2
1
-1
0
0
0
-1
0
0
0
0
0
-1
-1
0
-1
0
-1
0
-1
1
-1
-1
0
0
-1
3
-3
2
-4
3
-2
-2
1
1
-4
0
2
-1
-3
5
-3
-4
6
-8
7
-9
10
-7
-1
13
-10
-12
12
-6
10
-8
-13
32
-32
9
1
5
-12
-1
0
5
-3
-8
11
-13
3
-7
1
0
6
16
-17
-6
4
-18
19
13
-31
18
-8
5
5
-14
-4
32
-28
15
-9
1
0
2
-12
10
5
-5
-3
9
-3
0
-1
-1
-2
2
0
-1
1
-3
-4
7
-3
2
-2
0
-1
1
-3
2
0
-1
0
-2
0
0
0
-1
0
-1
1
0
0
-1
-1
0
-1
-1
0
-1
-1
-1
-1
0
-2
1
-1
1
0
0
-1
-3
3
-2
-1
-1
2
-2
1
-8
5
3
-2
0
-2
-2
1
1
0
-1
3
-9
3
5
-5
-9
12
-2
-1
-2
7
-16
27
-33
3
13
-5
-6
7
-20
29
-14
-20
17
-5
5
14
-17
-10
0
10
4
-9
-9
3
10
3
-5
-6
0
4
1
-2
-2
-3
0
5
4
-1
-4
-3
4
4
-1
-5
-2
2
3
0
-2
0
1
0
-1
-1
0
0
1
0
-2
-1
-1
0
0
-1
-1
1
0
0
-1
-1
-1
1
-1
-1
0
-1
0
0
-1
0
0
0
0
0
-1
-1
0
0
0
-1
-1
0
0
0
-1
0
0
0
-1
-1
0
-1
-1
-2
0
1
1
1
-2
-2
1
0
0
-1
-1
0
1
0
-3
-2
3
5
0
-5
-5
1
4
-1
-4
-4
-1
2
2
1
-2
-5
-2
4
4
-3
-10
-3
8
7
-6
-11
