0
30
-11
1
0
1
-6
8
-8
3
0
13
-40
49
-50
17
18
-15
-13
37
-41
24
-10
-5
21
3
-51
29
11
-2
-7
3
-4
-1
1
-4
-1
8
-5
6
-13
13
-4
-12
6
5
-11
5
1
1
-6
7
-4
1
-4
4
-2
-3
3
-2
0
-1
0
-1
0
1
-1
0
1
2
-5
2
1
-3
3
-2
3
-8
5
-2
-1
-6
11
-7
-6
9
5
-13
12
-7
4
-9
1
2
-3
-1
3
-5
6
1
-12
-29
51
-5
-22
4
10
-26
42
-37
13
15
-18
-19
48
-50
38
-13
-2
-6
6
-8
4
-2
-1
-3
11
-34
0
-40
15
-2
-1
-4
24
-39
19
-6
19
-24
38
-37
5
-12
44
-75
92
-45
-21
9
30
-23
3
-40
-4
55
10
-3
-22
-4
18
-14
-9
6
5
-8
7
24
-57
12
45
-37
13
4
-25
26
-21
8
1
3
-21
19
-4
-7
9
-8
3
-2
1
0
0
-1
0
0
0
0
-1
2
-4
7
-10
6
3
-20
20
-3
-2
-9
20
-27
24
-6
-13
36
-46
-13
57
-25
-8
7
-7
-7
9
13
-19
3
22
3
-10
-54
3
40
-3
22
-31
-11
20
44
-94
74
-45
11
-6
35
-40
23
-21
6
-20
40
-26
3
0
-1
-17
35
0
29
-12
8
-7
12
-7
-35
30
-8
12
36
-231
281
-92
-7
19
22
-86
-26
84
32
-54
0
27
-4
4
-141
160
-36
-13
23
0
-30
-11
44
-20
-11
12
43
-112
72
1
-9
9
-5
-26
42
-20
-36
64
-27
-71
108
48
-131
-27
113
-31
-28
21
-5
-3
2
0
-2
2
5
-22
27
29
-114
27
131
-47
-108
71
26
-64
34
20
-43
25
3
-10
7
-2
-73
111
-44
-12
9
18
-46
10
29
-1
-22
13
34
-161
140
-4
3
-27
-1
55
-32
-84
27
85
-23
-19
5
90
-282
229
-38
-14
4
-31
34
6
-14
5
-10
11
-34
0
-38
10
9
-16
-3
26
4
-29
9
-24
44
-106
183
-80
-61
59
-22
-14
4
69
-98
48
10
-41
133
35
-319
134
63
-41
43
-1
-55
61
-37
15
-31
34
-28
44
-31
8
-22
28
-33
13
11
6
-10
2
-17
-6
52
-43
7
-10
8
8
-6
-1
0
-1
0
0
-1
0
-1
0
5
-8
-8
9
-9
43
-53
5
16
-2
9
-6
-11
-13
33
-29
21
-9
30
-45
26
-34
29
-15
36
-61
55
1
-44
41
-64
-134
319
-35
-136
40
-11
-49
97
-70
-4
13
20
-59
60
79
-183
105
-47
21
-11
27
-7
-26
2
14
-12
-12
34
0
28
-6
-13
24
28
-96
40
28
-18
-18
26
35
-32
-54
10
74
-48
11
1
0
-1
-26
-3
41
303
-890
717
-81
-80
29
-33
31
-23
4
5
-3
-33
55
-12
57
-133
93
-36
-60
114
-45
4
-25
56
-50
-17
46
-47
52
-47
10
33
-26
4
-3
0
-2
0
0
-1
1
-2
3
-5
25
-33
-11
47
-53
46
-47
16
49
-57
24
-5
43
-115
59
36
-93
132
-58
11
-56
32
2
-6
-4
22
-31
34
-29
79
81
-718
890
-304
-42
3
25
-1
-1
-2
-11
47
-75
-10
53
29
-36
-28
16
16
-29
-40
93
-28
-26
11
3
-32
0
-28
5
-2
13
-19
54
-73
26
22
-44
18
-219
434
-256
94
-104
76
60
-174
158
-79
-17
22
2
180
-446
221
202
-131
-60
51
34
-102
64
-7
19
-62
100
-128
-46
250
-45
-232
161
39
-134
78
51
-115
45
16
37
-100
116
-58
-24
37
-18
12
-5
-1
0
-1
0
1
-1
0
4
-11
19
-37
22
58
-115
99
-38
-15
-46
114
-52
-78
133
-41
-162
233
44
-253
45
127
-101
62
-19
6
-64
101
-35
-50
60
131
-201
-220
446
-180
-3
-23
16
79
-158
173
-62
-76
103
-96
255
-435
218
-19
42
-24
-27
72
-56
18
-14
0
-7
23
0
37
-20
23
-24
18
-29
27
-62
58
3
-41
-20
147
-95
4
15
-24
-172
304
-184
83
-14
-65
136
-475
673
-145
-302
198
-1
-61
14
58
-97
26
3
45
-88
198
-138
-203
349
-298
250
-122
12
61
-180
211
-80
10
-163
301
-246
136
-74
34
15
-44
17
1
-1
0
0
0
1
-2
-18
43
-17
-35
73
-136
245
-302
163
-12
79
-211
179
-64
-13
121
-251
296
-350
201
137
-199
87
-47
-4
-27
96
-59
-14
59
1
-198
303
144
-674
474
-137
66
13
-85
184
-304
172
25
-16
-4
94
-150
18
40
-6
-62
61
-29
28
-19
22
-24
19
-41
0
21
-31
17
-92
319
-462
416
-311
206
-193
436
-641
314
65
-97
80
-124
153
-123
23
43
2
-33
26
-19
-96
179
-93
15
-6
21
-47
32
18
-14
-15
-25
46
51
-122
-59
201
-52
-126
287
-363
257
-158
105
-23
-42
-16
86
-83
51
-4
-28
48
-36
-2
6
0
0
0
0
0
-7
2
38
-49
28
3
-53
81
-87
16
41
22
-105
157
-258
362
-286
126
50
-202
59
121
-52
-48
24
14
12
-20
-34
47
-20
6
-15
93
-180
95
18
-27
33
-2
-43
-24
122
-154
124
-81
96
-66
-315
640
-437
191
-207
310
-417
461
-321
92
-20
30
-26
0
-56
219
-225
165
-282
301
-19
-289
433
-387
114
-58
382
-297
-90
237
-296
403
-492
373
-200
130
-60
-35
204
-435
445
-193
-41
216
-343
349
-324
271
-95
-77
295
-547
734
-764
94
844
-1105
668
-125
-71
104
-26
-115
156
-187
251
-219
75
-34
49
-7
-30
35
-29
17
-11
4
0
-4
10
-20
28
-35
30
6
-50
33
-75
218
-251
187
-156
112
25
-105
70
125
-668
1106
-846
-96
764
-733
545
-297
77
95
-271
322
-349
344
-216
42
194
-445
434
-205
34
59
-131
200
-373
492
-404
297
-238
88
296
-382
57
-118
385
-435
289
18
-302
282
-165
222
-220
52
0
132
-179
247
-719
1052
-481
-152
306
-337
333
-835
1160
-177
-527
295
-139
183
-295
23
373
-266
34
-17
88
-225
327
-241
145
-63
-152
359
-469
430
-167
-123
203
-234
270
-346
643
-636
256
113
-398
284
-19
-82
113
-101
40
-60
135
-102
31
-17
21
10
-52
78
-80
63
-43
23
0
-22
42
-64
80
-77
53
-11
-22
15
-31
102
-136
59
-40
100
-114
82
19
-284
398
-115
-257
636
-644
345
-273
233
-203
122
165
-430
469
-361
151
63
-146
240
-328
225
-89
16
-34
265
-373
-24
293
-183
138
-296
525
176
-1161
832
-335
336
-306
152
479
-1054
718
-250
177
-135
0
192
-223
-71
437
20
-531
159
244
-215
-64
425
-480
6
105
322
-390
-48
480
-19
-438
0
247
-81
-60
158
-106
-104
107
51
-99
85
-20
-86
66
39
-21
-61
106
52
-517
550
185
-572
204
103
-136
173
-149
75
-31
-8
29
-49
23
12
16
-37
7
15
-6
-3
1
0
0
-1
-2
4
6
-16
-7
36
-17
-12
-24
48
-29
7
31
-76
149
-173
135
-103
-204
571
-186
-550
516
-54
-107
61
21
-39
-66
86
20
-85
99
-51
-107
105
106
-159
60
81
-248
0
438
20
-481
49
390
-323
-106
-7
478
-425
62
214
-244
-159
531
-21
-439
68
222
-195
0
-46
99
53
-187
144
-116
-7
-50
47
130
33
-19
-62
-37
19
-1
-68
212
-444
284
47
18
-39
-20
58
-133
101
-37
10
15
-18
-15
49
-2
-46
9
-11
19
44
36
-47
-205
183
17
10
-97
110
-51
-15
51
-106
119
-9
-79
32
16
-26
23
-5
-1
-2
0
-1
0
0
-1
2
1
4
-24
27
-17
-31
78
8
-119
106
-53
16
50
-111
97
-12
-18
-183
204
45
-37
-44
-20
12
-9
44
1
-50
14
17
-15
-11
37
-102
132
-57
20
38
-19
-47
-284
443
-213
67
0
-20
36
60
18
-34
-131
-47
50
5
116
-145
186
-55
-101
41
0
-58
6
77
24
-322
330
-100
-24
61
15
-204
-29
283
19
-149
1
26
-35
174
-108
-76
47
-24
-7
-21
200
-200
43
6
-7
-11
-6
37
-4
-9
3
1
14
-63
-23
277
-364
412
-452
270
-61
-75
27
123
-138
14
20
52
-107
143
-85
-21
30
-7
4
0
0
0
0
-1
-1
-1
-5
6
-30
20
85
-144
105
-52
-22
-14
137
-125
-27
73
61
-271
451
-412
364
-278
22
62
-15
-2
-3
9
2
-38
5
11
8
-6
-43
199
-203
20
7
26
-48
75
108
-174
34
-25
-1
148
-20
-284
29
202
-17
-63
23
99
-330
320
-26
-78
-7
54
0
-32
30
-21
219
-486
244
-3
39
-62
82
-220
211
143
-153
-43
68
-82
147
-335
200
89
-80
30
-13
-31
73
-47
-17
14
4
-2
2
6
26
-82
72
-24
14
29
43
-161
120
-403
543
-222
44
-15
-24
51
-35
34
-22
-51
66
-32
31
-18
-13
23
-13
0
1
0
0
0
-2
-1
13
-23
12
17
-32
32
-66
48
21
-36
34
-52
24
14
-45
222
-544
402
-121
160
-44
-30
-15
23
-74
82
-27
-7
-2
1
-5
-14
16
46
-73
29
13
-30
78
-89
-201
334
-147
82
-68
42
151
-144
-213
219
-83
60
-39
1
-245
485
-221
18
-31
28
0
-27
-74
-3
404
-573
261
59
-84
-38
13
109
-18
-111
77
-49
39
-31
-81
234
-197
56
7
6
-15
29
-37
-19
43
-4
-1
6
-28
6
52
-85
21
41
-21
34
-91
279
-377
-32
320
-153
19
-7
25
1
-28
-34
55
31
-29
-64
40
3
-5
8
5
-7
0
-1
0
0
-1
5
-6
-8
4
-3
-41
63
28
-31
-55
34
27
-2
-26
7
-21
153
-321
32
376
-280
90
-34
19
-41
-21
85
-53
-6
27
-6
1
3
-42
18
36
-30
14
-5
-7
-56
196
-235
80
32
-40
48
-79
110
18
-111
-14
36
83
-59
-262
573
-406
0
73
23
0
-11
117
-217
428
-509
304
-208
153
-69
80
-133
269
-297
97
-8
93
-206
334
-363
239
-115
38
2
12
-17
43
-110
75
11
-30
27
-11
-10
33
-58
-11
70
-17
-6
130
-469
657
-342
-56
65
-2
10
-22
54
-31
-42
22
75
-102
80
-60
41
-41
32
-7
-3
0
-1
0
0
-2
3
5
-34
42
-42
59
-81
100
-74
-24
42
31
-55
22
-10
1
-68
55
341
-657
468
-132
5
15
-71
10
58
-34
9
10
-28
29
-13
-76
110
-43
16
-13
-2
-39
115
-238
363
-334
206
-93
5
-99
296
-271
132
-82
67
-154
208
-305
507
-430
214
-117
8
0
98
-73
-91
123
165
-301
104
-38
135
-159
69
-17
104
-109
-45
93
28
-75
-171
327
-146
-6
24
-16
9
66
-107
20
24
-15
1
9
12
-22
17
-9
17
-20
46
-81
-193
589
-427
15
-29
119
-39
-3
-17
46
-44
-30
82
12
-113
103
-59
16
-1
2
-5
2
0
0
0
-3
5
-3
-1
-18
58
-103
111
-14
-83
28
43
-47
17
3
38
-120
28
-15
428
-590
191
80
-48
19
-19
10
-17
21
-12
-9
-3
15
-24
-20
106
-66
-9
16
-25
6
147
-327
170
74
-30
-93
45
107
-106
16
-70
156
-137
38
-104
301
-165
-124
89
72
-102
0
8
-18
10
-61
13
119
-127
63
27
-33
9
-158
175
-65
12
40
-65
106
-5
-90
28
-27
12
20
7
32
-83
0
28
1
7
3
-6
-27
29
13
-13
2
-12
-12
68
-72
52
-79
68
-27
-4
28
-40
65
-94
102
-104
46
51
-59
10
-5
4
6
-4
-1
0
0
-1
0
3
-7
-6
4
-10
58
-52
-47
104
-103
93
-66
40
-29
2
26
-69
78
-52
72
-70
11
12
-2
12
-13
-29
26
5
-4
-7
-2
-29
0
85
-32
-9
-21
-13
26
-29
90
5
-107
65
-41
-14
64
-177
158
-11
31
-28
-64
125
-121
-14
59
-12
17
-13
0
-62
44
-41
44
63
-113
60
-24
-10
-20
73
113
-261
109
-21
-9
30
17
-47
31
7
-20
18
-7
4
31
-90
59
-4
6
-2
-4
-12
35
-42
40
-23
7
-17
31
98
-208
45
53
-8
20
-38
63
-60
-2
52
-41
33
-57
22
14
-11
7
-6
0
2
-1
0
0
0
-1
-2
0
5
-7
11
-15
-23
56
-32
40
-52
0
60
-64
38
-19
7
-53
-46
206
-98
-31
16
-8
23
-40
41
-37
12
3
2
-5
4
-59
90
-31
-3
6
-19
19
-6
-31
46
-18
-30
8
20
-111
261
-114
-74
18
8
24
-61
111
-64
-46
38
-44
58
0
-15
33
68
-238
272
-116
-47
34
15
-37
147
-190
80
-5
-6
-57
-6
260
-281
106
-40
23
1
-6
0
58
-86
33
-6
1
0
9
-3
35
-100
52
38
-43
20
-4
32
-152
165
-32
-12
-34
46
-29
7
-3
-14
34
45
-161
121
-35
10
14
-13
-2
1
-1
0
0
0
1
-1
1
11
-14
-12
34
-123
161
-45
-35
14
2
-7
28
-47
34
11
31
-167
151
-32
3
-21
43
-38
-53
98
-36
2
-9
-1
0
6
-34
85
-57
0
6
-1
-23
38
-106
282
-260
5
56
4
3
-81
187
-149
34
-16
-34
45
114
-272
237
-72
-35
11
0
39
-39
-14
33
25
-52
6
19
-6
-45
93
-37
-60
37
20
-8
-145
289
-189
47
-17
2
5
-2
-5
55
-99
65
-14
7
-8
14
-21
16
-17
24
-20
3
3
-30
91
-112
74
-47
17
-19
50
-38
-4
24
-27
24
-2
-35
46
-26
4
6
-9
4
-2
0
-1
0
-1
0
1
-5
8
-8
-5
24
-46
34
4
-25
26
-24
3
38
-51
17
-17
46
-76
112
-93
29
-4
-4
17
-24
15
-17
19
-14
8
-5
14
-65
99
-54
6
2
-4
-2
16
-48
190
-289
145
8
-22
-39
59
35
-95
42
4
-20
-7
51
-28
-35
12
38
-44
0
37
-11
-21
33
-24
7
12
-14
-15
15
2
20
-27
-7
18
25
-93
82
-17
14
-18
0
-2
7
0
-12
6
3
2
-1
-2
-3
1
6
1
-13
4
5
-3
-3
-26
52
-4
-16
-10
-4
19
-12
1
-5
8
-2
10
-26
12
5
-3
-5
3
0
-1
0
-1
0
0
-1
1
0
-3
4
3
-6
-13
25
-11
2
-8
2
-1
11
-18
3
9
16
4
-54
24
2
1
-5
-5
12
-3
-7
-1
2
1
1
-3
-3
-6
12
0
-8
3
0
18
-15
17
-83
92
-26
-18
5
27
-21
-2
-16
12
14
-13
-7
21
-34
18
8
-41
0
-48
14
-6
4
3
1
5
-8
-1
1
3
-5
-7
4
2
-2
5
-4
2
-2
1
-1
3
-1
-3
1
-1
3
-2
-1
2
-4
5
-5
5
-6
3
-2
2
-1
-2
-1
-4
4
0
0
0
0
-4
1
-2
3
-2
1
-2
-3
1
-1
-2
0
1
1
0
0
0
-1
-1
-1
1
-1
-3
2
0
-3
2
-4
1
0
3
-1
-2
0
0
-5
3
0
1
0
-2
2
-5
4
-6
3
-7
3
-3
0
1
-3
0
-1
2
1
-4
2
-2
3
-1
3
-6
1
-2
-5
5
3
-5
-4
-2
7
-4
-3
-4
-6
4
-16
44
0
29
-9
-3
1
-1
0
-1
1
-3
0
-1
-1
0
-2
0
0
2
-7
5
-1
0
-3
3
-1
1
-2
4
-1
-1
-1
3
-1
-1
2
0
-3
0
1
-2
0
-3
7
-6
-2
-1
0
0
1
-2
-3
1
1
-2
1
2
-4
2
-2
-1
0
-1
-1
-1
0
-1
-1
0
-1
1
1
-2
3
-3
-2
1
0
-1
2
0
-2
-1
-1
-1
2
5
-8
1
-1
1
-3
-1
3
-1
-2
-1
1
-3
1
0
0
-4
2
-2
0
-3
3
-1
0
-6
7
-4
-1
-1
0
-2
0
0
-3
0
-2
1
-1
-2
-2
0
7
-34
0
-35
9
0
0
0
1
2
-2
-1
0
-2
0
0
-3
2
-1
-1
-2
1
1
0
-1
3
-4
3
-1
1
-1
0
0
-1
2
-3
1
1
-1
2
-2
1
0
-1
1
0
-1
2
-1
-2
1
-1
-1
1
-1
0
-2
3
-2
0
0
-1
-1
-1
-1
-1
0
0
-1
0
-1
-1
0
0
1
-2
1
-1
0
-2
0
0
-2
1
0
-4
1
0
-1
1
-1
-2
2
-2
1
-2
-1
1
-3
1
0
0
0
-2
0
-3
3
-5
1
2
-1
-1
1
-1
0
-3
1
0
-2
0
-2
-1
1
-1
-1
-1
-1
-2
-11
31
0
27
-7
-2
-1
-2
-1
-1
0
-1
0
-3
4
-3
-2
0
1
1
-5
2
-1
-1
0
-1
0
0
1
-1
2
-1
-1
1
-2
-1
2
-2
1
-2
0
2
-2
1
-4
1
2
-2
-1
-1
1
-2
2
-2
-1
0
-2
0
0
-1
-1
1
0
0
0
0
0
-1
0
0
-1
0
0
-1
0
-1
0
-1
1
1
-3
2
-2
1
0
0
-3
-3
3
-2
2
-2
-1
1
-2
0
-4
1
2
-2
0
0
-2
0
-2
1
0
1
-1
-1
1
-3
4
-2
-2
-2
-1
3
-5
1
-3
-1
-1
0
-1
-1
0
-2
6
-32
0
-36
11
-1
1
0
-1
0
0
-1
-2
0
-2
1
0
-1
-1
0
0
0
-2
2
-2
0
1
-2
0
1
-1
0
-2
2
-3
1
-2
1
-2
0
-1
1
-1
-1
1
-2
-1
-1
2
1
-3
1
-3
0
1
-2
-1
2
-2
0
-1
-2
0
-1
0
-1
0
0
-1
0
-1
0
-1
-2
1
-2
0
2
-1
-2
1
-2
2
-2
-2
1
0
1
-2
0
1
-2
2
-1
1
-3
0
-1
2
-3
1
-1
0
-2
0
1
-2
-1
1
-2
1
0
0
-1
0
1
-2
-3
1
-2
-1
-1
-1
0
-1
0
-4
-1
-11
32
0
28
-6
-4
-2
1
0
-1
0
1
-1
0
-2
-1
1
0
1
-1
0
3
-1
-1
1
1
0
0
1
-2
1
0
1
0
0
0
-1
2
-1
0
1
-3
2
0
-1
-1
1
-1
-1
0
1
-3
1
-1
1
0
-2
0
-1
-1
0
-1
0
0
0
-2
0
0
-1
0
0
0
-1
1
0
0
0
-2
-1
1
-2
3
-1
0
0
0
-2
0
0
-1
-3
1
-4
-1
1
-2
-1
-1
-1
-1
-1
0
0
0
-1
0
0
0
-1
1
2
-4
0
0
-1
-1
-2
-1
1
-2
-1
-2
-1
0
-1
-2
0
2
4
-32
0
-36
9
1
0
0
0
1
-2
-1
-1
-1
-1
-1
-3
1
0
0
0
-1
1
2
-2
1
0
1
-2
1
-1
0
1
0
-1
3
-3
-1
0
-1
1
-1
1
-1
1
-1
-1
-1
0
0
0
-1
-1
-1
2
-1
-1
1
-2
-1
-1
0
-2
0
-1
0
0
0
-1
0
0
-1
0
0
1
-2
-1
2
-3
1
0
0
0
-1
0
0
1
0
-1
1
-2
1
-2
0
0
-1
2
-3
1
2
-1
-1
1
-2
1
0
0
-1
1
-3
-1
0
0
0
0
-1
1
-1
-1
-1
0
-2
1
-1
-1
0
-1
-3
-10
31
0
26
-5
-4
1
-2
0
0
-1
-1
0
0
-2
1
-1
-2
1
1
-2
2
-2
1
0
0
2
-2
0
-1
4
-1
0
1
0
-2
1
0
-3
1
1
-1
-1
0
2
-2
0
1
-2
-2
2
-1
1
0
-1
-1
0
1
-1
-1
0
0
0
-1
0
0
0
0
0
0
0
-1
1
0
0
0
-1
0
0
-1
0
0
-2
2
0
-3
-1
1
-3
-1
0
0
-1
-2
1
-1
-2
2
-1
-1
-1
2
-4
1
0
1
-3
0
0
0
1
-2
2
-2
-1
-1
0
-2
0
-1
-1
-1
1
-1
-1
0
-3
1
4
-31
0
-31
8
0
2
-2
1
0
1
-2
-2
0
-4
2
-6
5
-1
1
-4
4
-2
0
0
0
2
-5
5
-4
3
-4
3
-1
-2
-2
2
-4
1
4
-4
3
-6
6
-8
8
-6
7
-8
1
4
-5
3
-6
7
-6
2
-2
2
-3
0
-1
1
-1
0
-1
0
0
0
0
-2
-1
0
3
-3
0
-3
6
-9
6
-3
4
-4
-3
7
-8
5
-7
7
-6
5
-4
3
-3
-2
3
-3
0
1
1
-4
3
-4
4
-5
5
-2
-1
0
-1
1
-3
3
-2
1
-7
5
-5
3
-2
0
0
-2
1
-1
1
-3
-3
-9
27
0
6
5
0
-2
-1
1
0
-1
1
3
2
-4
-7
-1
5
5
-2
-6
0
9
3
-6
-8
3
7
-4
-13
-2
16
17
-3
-18
-8
8
7
-7
-10
3
14
9
-6
-12
-5
2
-1
-6
0
10
13
3
-12
-13
-1
7
2
-6
-3
5
5
-3
-7
1
4
0
-6
-1
6
3
-6
-6
2
5
-4
-8
2
13
11
-3
-15
-11
-1
3
-1
-3
5
10
4
-10
-15
-3
9
7
-8
-8
8
18
3
-17
-16
2
12
4
-7
-3
7
5
-5
-8
-2
5
1
-6
-6
0
5
2
-3
-5
-2
0
1
-1
0
1
-1
-7
-7
