0
15
-16
41
-93
132
-237
377
-813
805
-45
-226
153
-173
-355
870
-303
-380
348
-254
213
-117
-45
327
-337
219
-200
-83
262
-61
-54
66
-85
45
-34
18
34
-32
5
-9
39
-44
8
2
4
1
-2
0
-1
0
-1
1
1
-3
7
-16
15
-1
-5
0
0
0
1
-1
0
-1
0
-1
0
-1
5
0
-15
16
-8
3
-2
-1
0
-1
0
-1
2
-1
-4
-4
-8
44
-40
7
-6
31
-34
-20
33
-45
84
-65
54
60
-261
82
200
-220
337
-326
46
117
-212
252
-348
379
302
-872
353
170
-154
224
44
-807
812
-377
235
-133
92
-44
16
-18
0
-21
31
-32
39
-64
9
-75
731
-841
167
102
-302
422
-519
578
44
-476
372
-332
272
-269
298
-328
264
-176
111
156
-263
160
-108
149
-187
101
-45
9
27
-11
1
7
-40
28
19
-26
8
-1
0
-1
0
0
-1
3
-9
19
-16
4
0
-3
3
-4
2
-2
0
-1
0
0
0
1
-3
3
-4
3
0
-4
15
-20
9
-4
0
1
-1
-1
1
1
-9
26
-20
-29
39
-7
-2
11
-28
-10
44
-102
187
-149
108
-160
263
-157
-112
174
-264
328
-299
269
-272
332
-373
475
-45
-580
518
-424
302
-104
-169
839
-731
75
-10
62
-40
29
-33
15
0
-10
20
-52
115
-121
197
105
-1052
1020
-164
-106
163
-210
455
-751
805
-680
463
-440
296
-57
108
-271
262
-190
197
-338
319
-178
114
-58
97
-174
147
-65
37
-17
0
5
4
-2
-19
15
-2
0
0
-2
1
-2
2
-4
5
-4
13
-20
10
-5
3
-5
1
0
0
0
0
-1
-1
-1
-2
3
-5
6
-11
19
-14
3
-6
3
-2
2
-2
0
-1
-1
2
-15
19
1
-4
-5
-1
15
-37
65
-149
173
-98
57
-115
179
-319
337
-197
188
-262
270
-108
56
-296
440
-464
679
-806
750
-457
209
-165
104
161
-1022
1052
-105
-198
119
-117
49
-21
5
0
-45
80
-62
29
21
-187
-476
1969
-1596
193
72
-116
119
30
3
-225
258
-8
-123
198
-258
347
-411
256
-102
95
-195
160
-89
17
94
-131
197
-168
70
-33
8
-7
-6
36
-51
34
-12
3
-3
1
-1
0
-1
-1
4
-4
2
-4
1
0
4
-4
2
-1
1
0
0
0
-1
0
-2
0
-3
3
-4
0
-2
3
-3
3
-4
0
-1
0
-1
-2
3
-4
10
-34
51
-37
6
6
-9
32
-72
168
-199
130
-93
-17
88
-160
193
-97
100
-257
411
-347
257
-199
123
6
-260
225
-4
-30
-121
115
-73
-195
1594
-1970
476
185
-21
-32
59
-82
41
0
-28
74
-16
-55
113
-139
596
-1520
1079
-12
-153
182
-69
-126
135
-90
58
-275
360
-149
-26
327
-511
404
-268
192
-152
30
57
-59
29
-26
62
-35
6
3
-14
8
-1
-12
38
-34
9
-2
1
-1
1
-1
-1
0
-1
0
2
-10
18
-19
12
-7
2
0
0
0
0
0
0
-1
0
-1
-1
7
-12
17
-19
9
-3
-1
-1
1
0
1
-1
-1
-2
2
-10
33
-38
11
0
-7
13
-3
-6
35
-63
26
-29
58
-57
-30
151
-190
268
-404
512
-327
25
149
-361
275
-59
90
-137
125
69
-183
152
11
-1082
1519
-596
138
-114
53
13
-75
24
0
-18
48
25
-114
58
110
400
-1389
1055
-237
274
-527
467
-305
100
172
-263
379
-314
45
84
-332
397
-124
-45
300
-430
286
-201
54
34
-76
152
-70
-22
22
-14
4
6
1
-13
10
-9
5
1
0
-1
-1
1
-2
3
1
-10
18
-26
21
-8
2
-1
-2
1
0
-1
0
0
0
0
1
-1
-3
7
-22
25
-18
10
-2
-3
1
-1
0
-1
2
-2
-7
8
-12
11
-1
-7
-3
12
-23
21
70
-153
76
-33
-54
201
-287
430
-301
44
123
-396
332
-85
-46
316
-380
261
-173
-101
302
-469
526
-275
235
-1056
1388
-401
-110
-60
112
-28
-49
13
0
-8
28
28
-117
-18
105
-681
1719
-1163
-9
35
215
-425
746
-606
311
-81
-376
355
-53
-15
196
-215
-85
178
-202
192
7
-76
55
-5
-115
128
-68
50
-12
-16
-1
7
15
-35
24
-13
6
1
-1
1
-1
-1
0
-1
4
-10
-6
27
-19
6
-1
-2
1
0
0
-1
0
0
-1
0
-1
2
0
-6
19
-27
5
10
-4
1
0
0
0
0
0
-2
-7
13
-24
33
-16
-7
1
15
12
-49
67
-129
115
5
-56
76
-6
-192
202
-178
84
215
-197
16
52
-355
376
80
-312
604
-746
425
-216
-37
7
1162
-1719
681
-106
16
116
-31
-29
4
0
1
-4
29
-76
-32
123
-825
1852
-1191
170
-204
402
-115
-509
612
-555
309
246
-258
-24
75
-61
-16
215
-232
59
45
-171
189
-13
-57
64
-70
-24
69
-20
-7
-2
7
12
-19
12
-16
6
2
-2
-1
0
-1
1
-2
-4
15
-15
6
-4
-5
5
0
0
-1
1
-2
0
-1
-1
-1
0
-1
-6
4
3
-7
13
-16
3
1
0
0
0
-1
1
-3
-6
15
-13
18
-13
-7
2
8
20
-70
23
69
-65
57
13
-190
171
-45
-60
231
-215
16
61
-75
24
257
-246
-310
555
-612
508
113
-404
203
-172
1190
-1852
825
-123
30
75
-32
3
-5
0
9
-31
18
1
-29
59
-159
323
-250
98
84
-334
281
-202
44
401
-352
-126
187
-28
44
-24
-15
-193
239
152
-294
135
-78
-49
129
32
-129
34
24
-8
-1
-2
5
19
-43
21
0
-2
1
-1
0
0
0
-2
3
-5
10
-2
-21
14
7
-8
2
0
0
0
0
0
0
-1
0
0
-3
8
-8
-15
20
3
-13
4
-3
1
0
-1
0
0
-2
0
0
-22
42
-19
-6
0
0
8
-25
-35
128
-32
-129
48
77
-135
294
-153
-240
192
16
23
-43
28
-187
125
351
-402
-46
201
-282
333
-85
-99
248
-324
159
-59
27
-3
-22
29
-14
0
19
-45
-2
85
47
-187
763
-1721
1192
-200
81
-137
3
559
-576
-111
236
122
-164
-96
125
190
-272
104
-64
-78
185
28
-185
53
62
-2
-65
33
9
-10
2
-1
10
1
-38
29
1
-5
-1
-1
0
-1
0
-1
-2
3
-4
3
11
-16
-3
9
-2
-1
0
0
0
0
0
-1
-1
1
2
-9
2
15
-11
-4
4
-4
2
0
-1
0
-1
1
0
4
-3
-29
37
-3
-11
1
-2
10
-9
-34
64
1
-63
-53
184
-28
-187
77
63
-105
272
-190
-125
95
163
-123
-237
110
575
-561
-4
135
-82
198
-1193
1720
-764
187
-49
-87
0
44
-24
0
23
-66
6
107
-8
-155
413
-826
513
111
-164
113
2
-449
493
83
-260
-168
349
-48
-113
-32
99
10
-76
-114
311
-67
-227
199
-112
44
-32
30
26
-26
-1
0
2
-6
18
-22
4
3
-2
-1
0
-1
0
0
-3
5
-4
-5
1
-2
5
-4
0
0
-1
-1
-1
0
0
0
0
0
-1
3
-6
2
-2
3
1
-6
2
0
0
0
-1
1
2
-3
-5
21
-20
5
-4
0
0
25
-27
-31
31
-45
112
-199
226
67
-309
114
75
-11
-98
33
113
48
-349
168
260
-84
-495
446
-3
-115
162
-111
-514
826
-415
153
7
-108
-8
66
-29
0
35
-83
37
-17
-58
169
-445
1191
-986
-57
176
255
-259
-215
364
51
-330
60
265
-143
-34
90
-219
159
149
-122
-299
327
15
-108
56
-48
32
-40
38
-17
2
1
-2
8
-12
-4
9
0
-1
0
-1
0
-1
-1
2
-11
15
6
-26
12
3
-3
-2
1
0
0
0
0
-1
0
-1
-2
1
1
-3
-13
25
-7
-16
10
-3
0
0
0
0
-2
1
0
-9
3
11
-9
2
-2
-2
16
-38
40
-34
48
-57
107
-17
-328
297
121
-150
-160
218
-90
34
142
-267
-60
330
-51
-364
213
257
-257
-177
54
985
-1193
446
-171
56
16
-41
81
-39
0
21
-54
79
-122
117
-51
277
-1058
963
132
-369
-323
605
6
-440
338
-326
98
182
-132
212
-250
121
-29
-219
283
46
-226
142
-104
39
83
-90
35
-14
-1
5
-2
20
-57
60
-13
-13
8
-4
0
1
0
-1
1
-5
-1
13
-14
-3
9
-11
8
-3
0
0
0
0
0
-1
1
-2
-1
3
-8
10
-10
2
12
-13
0
4
-2
1
-1
0
-1
2
-9
13
13
-60
57
-20
1
-5
0
14
-36
89
-84
-40
103
-143
227
-46
-283
219
28
-120
250
-212
131
-183
-99
325
-339
438
-8
-607
322
366
-134
-965
1056
-277
50
-119
120
-83
52
-27
0
-8
9
-39
88
-103
60
-123
551
-605
96
44
-279
552
-150
9
-181
105
-53
0
78
-179
264
-461
535
-345
298
-195
58
-70
91
-50
-112
169
-91
51
-26
4
-3
-4
4
14
-21
17
-12
2
-1
-1
0
-3
2
-7
12
-9
6
-4
-8
8
-5
3
0
-1
0
-1
0
0
0
0
-1
-4
4
-9
6
3
-8
8
-13
6
-2
1
0
0
-2
-3
11
-18
20
-15
-4
4
3
-6
26
-53
90
-170
111
49
-90
70
-58
193
-298
345
-536
461
-264
179
-78
-1
52
-105
181
-11
149
-553
278
-46
-98
603
-552
124
-61
101
-89
34
-10
4
0
-21
46
-26
8
33
-203
173
68
-123
84
-95
109
10
-284
260
62
-250
210
-134
163
-223
273
-297
236
-71
-99
134
-103
115
-105
50
-42
73
-47
19
-21
8
-2
-1
5
-4
-6
6
-3
2
-1
0
-1
0
-1
-1
4
-7
6
-11
12
-6
4
-3
1
-2
-1
0
0
-1
0
0
-1
3
-4
4
-13
11
-7
8
-4
-1
1
-2
0
-1
0
-3
3
-8
5
3
-5
1
1
-8
21
-19
46
-75
41
-51
105
-116
102
-134
98
70
-237
298
-274
223
-164
134
-211
249
-63
-260
284
-13
-110
93
-85
123
-68
-174
201
-34
-10
22
-48
16
0
1
8
29
-112
135
39
-178
11
77
3
-32
97
-303
436
-302
31
156
-116
-48
67
-80
150
-47
-31
-32
83
-67
52
-30
7
-56
82
-59
36
-19
7
-1
-1
1
-10
17
-4
-7
2
0
0
1
-1
0
1
0
1
-5
6
-3
-2
2
-2
1
-1
0
0
-1
0
0
0
-2
0
-2
1
-2
1
3
-7
4
-1
0
-1
-1
0
-1
-1
-1
-3
7
3
-18
8
-1
0
1
-8
19
-37
58
-83
55
-9
29
-52
69
-83
32
30
47
-150
80
-68
49
114
-157
-32
300
-439
302
-99
31
-4
-79
-12
177
-41
-137
109
-32
-10
-5
0
-21
54
-43
12
-21
24
-6
34
-42
-41
75
-45
21
48
-65
5
-9
15
24
-48
-5
115
-142
113
-73
0
36
-28
3
48
-60
30
-8
-6
7
-1
-1
2
-9
11
-7
2
-1
0
-1
0
0
0
-1
0
-1
0
-1
1
-2
-1
0
-1
0
0
-1
0
1
0
-1
0
1
0
-1
-1
-2
-1
1
-2
0
0
0
-1
0
0
0
0
0
-1
0
-2
6
-12
9
-4
1
0
-8
4
6
-30
61
-49
-3
28
-37
-1
73
-113
142
-116
5
47
-24
-16
10
-5
64
-49
-22
43
-76
40
41
-35
6
-25
20
-13
40
-56
16
0
-36
57
-22
-13
0
29
-3
-68
57
-39
71
-1
-59
-61
85
34
-63
42
-17
-26
8
15
14
-6
-19
26
-32
46
-42
24
-14
17
-34
17
4
-4
1
-1
1
0
-3
1
0
-1
0
-1
-1
1
-1
0
-1
0
0
0
-1
1
-1
-1
-1
-1
-1
-1
-1
0
0
-1
0
-1
0
0
-1
-1
-1
0
0
-1
0
-1
0
-1
-1
0
0
0
-1
-2
2
0
-2
0
0
3
-5
-18
34
-18
13
-24
41
-45
33
-26
19
6
-15
-15
-8
25
18
-42
63
-34
-85
59
58
0
-73
37
-60
67
3
-29
-2
11
19
-58
31
0
-16
38
-21
-5
15
-37
-18
109
-70
-33
81
-66
23
-19
50
-43
8
16
-51
30
29
-62
37
0
-4
12
-2
-23
33
-43
17
-1
20
-21
9
-2
0
0
-2
0
0
0
-1
1
0
-1
-1
-1
0
0
0
-1
1
-1
0
1
0
-1
-1
-1
0
0
-1
0
0
0
-1
0
0
0
0
-1
0
0
-1
1
0
-1
-1
0
-2
0
1
-2
-1
0
0
0
0
-1
0
1
-10
20
-19
0
-16
43
-33
22
2
-13
3
0
-37
61
-31
-31
50
-17
-8
42
-52
18
-25
63
-82
31
68
-109
18
36
-16
3
17
-39
12
0
-2
8
-2
-7
5
-7
-16
44
-25
-1
4
-12
19
-2
-41
41
-13
4
-12
8
15
-18
8
0
8
-14
3
-6
10
-20
22
0
-10
6
-5
3
-2
1
0
0
-1
0
0
-1
0
0
1
-1
-2
-2
0
-1
0
-1
-1
-1
1
-1
0
0
0
0
0
0
0
0
0
-1
0
-2
-1
0
0
0
0
0
0
0
-1
0
-1
0
-1
0
-1
-1
-1
-1
1
-2
1
-3
3
-7
10
-1
-21
20
-12
6
-5
13
-10
0
-8
18
-16
-8
12
-4
12
-42
40
1
-21
11
-5
-1
23
-45
15
5
-6
4
0
-8
-2
0
-2
-1
-1
2
-6
13
-9
-11
12
-6
7
-11
0
32
-38
-1
14
-7
1
6
-5
3
-13
16
-8
0
-1
-3
8
1
-12
11
0
-2
-1
-1
0
0
-1
0
0
0
0
-1
0
1
0
0
-1
0
-1
1
-1
-1
0
-1
1
0
-1
0
1
0
0
0
0
0
-1
0
1
0
-1
0
-1
1
-2
-2
1
-1
-1
-1
0
0
0
0
0
-2
0
0
-1
-1
-1
0
-1
1
1
-11
11
-1
-8
2
0
-1
7
-16
11
-4
5
-8
-3
6
-14
0
36
-33
-1
10
-10
4
-13
10
8
-14
6
-4
-2
0
-3
0
-2
1
-2
1
-1
1
-1
-5
4
-7
9
-4
4
-7
6
-3
-4
3
0
-3
6
-4
2
5
-2
-8
10
-1
-3
3
0
1
-2
-1
1
-1
-1
0
-1
-1
0
-1
-1
0
1
0
-1
0
-1
-1
-1
0
-1
-1
-1
0
-1
-1
-1
-1
-1
0
-1
0
-1
0
-1
0
-1
0
-1
0
0
0
-1
0
-1
-2
0
0
-1
-1
0
-1
-1
0
-1
0
-1
0
0
1
-3
-1
1
-1
0
-3
3
0
-11
8
2
-5
-2
4
-5
4
-1
-3
3
3
-8
5
-5
3
-11
6
-6
5
0
-2
-2
-3
-1
-2
-3
0
-3
2
-1
0
-2
3
-1
1
-4
-5
7
-4
0
0
-2
-1
3
-1
-1
2
0
0
-2
2
2
-2
-2
4
-1
-2
0
0
0
1
0
0
0
1
-2
-1
1
0
1
0
-1
1
0
0
0
0
0
0
-1
1
-2
0
-1
-1
0
0
0
0
0
0
0
-1
0
0
0
0
-1
-1
-1
-2
0
-1
0
0
-1
0
-2
-1
1
0
0
0
-2
0
0
-1
-1
0
0
0
0
-1
-1
1
1
-3
0
2
-1
-3
1
0
-1
-3
0
0
-3
1
0
-3
0
3
-8
3
2
-2
0
-4
2
-2
-1
-4
-2
0
-2
1
-1
0
0
-1
2
0
0
0
0
-2
2
-3
3
-3
0
0
-2
1
0
0
0
0
-1
1
0
-1
0
1
0
0
-1
-1
0
-1
-1
-1
0
0
-1
-1
-1
-1
0
0
0
1
-1
0
0
0
-1
0
1
0
-1
0
1
-1
-1
0
-2
0
-1
-1
0
-1
-1
-1
-1
0
0
0
-1
0
0
-1
1
-1
0
-1
0
0
0
-1
-1
0
0
-1
-1
0
-1
0
0
-1
0
0
-1
0
0
-3
1
0
-2
0
-1
-1
2
-1
0
3
-5
1
-3
1
-1
0
-1
0
-1
0
-1
-1
-2
-2
-2
0
-2
0
-2
0
-1
0
-2
-1
-1
-1
0
-1
-2
-1
0
0
0
0
2
0
1
0
1
0
1
0
-1
0
1
-1
0
0
0
0
-1
0
-1
-1
-1
0
-1
-1
0
0
0
0
0
0
-1
0
-1
0
0
0
-1
-1
0
-1
-1
-1
0
0
-2
0
-1
0
-1
0
-1
0
-1
0
-1
0
0
-1
-1
-1
0
0
-1
-1
-1
-1
-1
0
-1
0
0
-1
0
-1
-1
-1
-1
0
0
-1
-1
0
-1
-1
-1
0
-1
-1
0
0
-1
-1
-1
0
-1
-1
0
-1
0
-1
-1
-1
0
-3
0
-2
-1
-1
-3
0
-2
0
-1
0
0
-1
1
-1
0
0
0
-1
0
-2
0
1
-1
-1
0
-1
-1
1
-1
0
0
-1
0
-1
-1
0
0
0
0
-1
0
0
0
0
0
0
-1
0
0
0
0
0
0
0
-1
-1
-1
0
-1
-1
-1
0
0
0
0
-1
0
-1
0
0
-1
0
-1
0
-1
-1
-1
-1
-1
0
0
-1
-1
-1
0
0
-1
-1
-1
-1
-1
-1
0
-1
0
-1
0
-1
-2
0
-1
-1
0
0
0
0
0
0
-2
-1
1
-1
0
1
-2
0
-1
-1
-1
-1
-2
-1
-1
-1
-1
0
-2
0
0
-2
0
-2
-1
0
-2
1
-2
0
0
2
0
0
-2
0
-1
-2
0
-1
0
1
-1
0
0
0
0
0
0
-1
0
-1
0
0
-1
-1
0
0
0
-2
0
-1
0
0
-1
0
0
-1
0
0
0
-1
-1
0
-1
0
-1
0
-1
-1
-1
0
0
-2
0
0
-1
0
-1
0
0
0
-1
0
0
0
0
-1
0
0
0
-1
0
0
-1
0
0
-1
-1
0
0
-1
0
0
-1
-1
-1
-1
-1
-1
0
-1
-1
0
0
-1
0
-1
0
0
-1
-1
1
0
0
-1
0
-1
-1
0
-2
0
0
-2
0
0
-1
-2
-1
-2
-1
-1
-1
0
-3
1
-2
1
-1
0
-1
1
-1
0
0
0
-1
0
-1
0
-1
-1
-1
-1
-1
1
1
-1
1
0
-1
0
-1
-1
0
0
0
-1
0
-1
0
0
0
0
-1
-1
0
0
-1
1
0
0
-1
-1
0
0
-1
-1
0
-1
1
0
-1
0
-1
-1
0
0
0
0
0
0
-1
0
-1
0
-1
-1
0
0
-1
-1
0
0
-1
-1
0
0
-1
-1
0
-1
0
0
-1
0
-1
0
0
0
0
-1
1
-1
1
0
-1
1
-1
-2
0
0
0
0
0
0
-1
-1
0
0
-1
-1
-1
-3
0
0
-1
-1
-1
-1
-1
0
-2
0
-1
0
-1
2
-2
0
-1
-1
-1
0
-2
1
-1
0
1
0
-1
0
1
0
1
-1
0
-1
-1
0
0
0
0
0
-2
0
-1
-1
-1
-1
0
-1
0
-1
1
-1
0
1
0
0
0
-1
0
-1
-1
0
-1
-1
0
0
0
-1
-1
0
0
0
0
0
-1
0
-1
1
0
0
0
-1
0
0
-1
0
0
0
0
-1
-1
0
-1
0
-1
-1
0
-1
-1
0
0
0
-1
0
-1
0
-1
0
0
1
0
0
-1
-1
0
0
0
0
0
0
-2
-2
0
-1
-1
0
-2
-1
0
-3
0
-1
-2
-2
-2
0
-2
-1
-1
0
-1
-1
1
-1
-1
0
-1
1
-1
-1
0
-1
2
-1
0
0
1
0
0
0
0
0
-1
0
0
1
-2
0
0
0
0
0
0
-1
-1
-1
-1
1
0
0
0
-1
0
0
0
-1
0
-2
0
-1
0
0
1
0
-1
-1
-1
-1
-1
0
0
-1
0
0
-1
-1
0
-1
0
0
-1
1
-1
-1
0
-1
0
-1
0
0
0
-1
-1
-1
0
0
0
0
0
0
-1
-1
2
-2
1
-1
0
1
0
-1
-1
0
-1
0
0
1
-1
0
-1
-1
0
-2
-1
-1
-1
0
-3
0
-1
-1
-1
-1
-1
0
-1
-5
-1
2
0
-1
1
-2
1
-1
-1
-1
0
-2
0
0
2
-3
0
-1
1
0
-2
4
-3
1
-2
1
1
-1
-1
1
0
0
0
-1
-1
0
0
0
-1
-2
0
-1
0
-1
1
-1
0
0
-2
0
0
-1
-1
0
-1
0
-1
0
0
0
-2
0
0
0
0
-1
0
-1
0
-1
-1
-1
0
0
0
0
-1
0
-1
-1
-1
0
-1
0
-1
0
0
-1
0
0
-2
-1
-1
-1
0
0
-1
-1
2
-2
2
-4
1
-2
-1
1
-1
2
-2
-1
-2
1
-3
1
0
-1
-2
1
-2
-1
-2
-3
-3
3
-4
0
17
6
-15
-12
5
11
-1
-9
-1
6
-3
-9
0
13
5
-12
-14
1
10
1
-7
0
11
7
-5
-9
-2
4
-1
-5
0
5
3
-2
-2
-1
1
-1
0
1
1
-1
-1
1
0
0
-1
1
0
-2
-2
0
1
-1
-1
0
1
-1
-3
-1
2
0
-2
0
0
0
-2
0
1
0
-1
-1
2
0
-1
-2
1
1
-1
-1
0
0
-1
-2
1
0
0
-2
0
1
0
-1
1
1
-4
-5
-1
3
1
-4
0
9
6
-8
-12
-1
7
-1
-11
-3
13
12
-6
-15
-2
9
1
-8
0
8
0
-14
-7
12
13
-7
-18
