0
-2
1
-3
1
-3
4
-1
0
-1
-1
0
-1
-1
2
0
-3
6
-7
1
4
-2
1
-1
-7
11
-7
5
-2
0
1
-1
-1
1
1
1
-3
-1
1
0
0
-1
-2
-1
0
0
-2
1
-2
2
-1
0
1
-1
-1
0
-1
-2
0
-1
1
0
0
-2
0
-1
-1
0
0
0
-1
0
0
-1
0
0
-1
-1
2
-4
2
-2
2
-2
-1
0
1
0
0
0
-1
-1
1
-2
-1
-1
1
1
-1
-2
2
-6
6
-11
6
0
-1
1
-5
-2
6
-7
3
-2
-2
0
0
-2
-2
0
-1
0
-5
3
-3
-1
-2
-2
0
-3
1
-1
0
1
-1
0
2
2
-8
6
-3
-4
2
-2
11
-25
15
-3
5
-10
13
-16
9
-2
4
-4
2
2
5
-6
-4
6
2
-8
4
-1
-1
2
-1
0
-2
2
-1
-1
-2
3
-3
3
-4
2
-2
2
0
0
1
-1
0
0
0
0
0
0
0
-1
-1
1
-1
-1
0
1
-2
1
0
-3
1
-3
2
-3
2
-3
0
0
0
-2
2
-1
-1
-2
0
0
-5
7
-3
-7
3
5
-5
-1
-2
4
-4
1
-10
16
-13
10
-5
3
-16
22
-12
0
-3
3
1
-7
5
-3
-2
-1
1
-1
-1
-1
-3
-1
0
-1
0
-1
-3
2
0
-2
2
-6
5
-5
-3
-3
5
-3
16
-26
13
0
1
-1
7
-22
25
-6
-12
-1
10
-3
-5
5
5
-17
12
1
-8
9
-9
8
-8
4
-1
0
0
-3
-1
5
-4
-2
3
-3
-2
0
1
-2
-2
0
-1
0
0
0
0
0
0
0
0
0
-1
0
0
-2
0
1
-3
0
1
2
-3
2
3
-6
-1
2
-2
0
0
-5
7
-8
8
-10
7
-2
-14
17
-5
-6
5
3
-12
1
11
5
-26
23
-8
1
-2
0
-13
26
-17
3
-6
0
1
3
-7
3
-3
1
-1
-5
1
-2
-1
-3
0
-1
1
0
-2
1
-3
4
-2
2
-3
3
3
-6
2
-18
43
-47
18
4
2
-8
17
-30
22
16
-33
5
5
8
-14
21
-9
-6
5
-7
4
1
-5
5
4
-8
1
-5
1
1
0
-1
2
0
-2
1
-1
-4
5
-2
-1
0
-1
0
0
-1
-1
-1
0
0
-1
0
0
-1
0
-2
1
3
-5
4
0
-2
1
1
-3
0
-2
-1
-2
3
-2
7
-5
-4
4
-1
-6
7
-4
5
9
-20
13
-7
-5
-6
31
-16
-22
30
-18
7
-3
-5
-19
45
-44
18
-4
5
-4
-3
2
-4
2
-5
2
-3
0
-1
-3
-2
0
-1
1
-3
2
1
-4
-1
11
-18
8
9
-10
2
-22
20
-3
-7
35
-58
44
-24
22
-9
-14
18
-8
-10
38
-46
37
-21
3
-5
12
-8
-10
7
12
-18
3
9
-11
-2
6
-4
3
-3
3
1
-8
2
4
-3
-1
-1
1
-2
0
-1
0
0
-1
0
0
-1
-1
0
0
0
-1
2
-2
0
0
2
-6
-1
7
-3
-3
2
-4
2
-7
1
9
-11
-4
17
-13
-8
10
6
-13
4
-4
21
-39
45
-38
10
8
-19
14
9
-23
26
-44
56
-35
7
3
-22
20
-3
9
-13
-10
16
-11
-1
2
-2
-3
1
-2
-2
0
-1
-1
-1
-1
1
-3
0
5
0
-12
10
11
-28
7
-5
21
-17
5
-30
32
-15
49
-22
-43
11
48
-48
24
-8
-5
-2
31
-44
9
12
-1
-1
4
-15
4
2
3
-1
3
-6
4
-5
1
3
-6
3
0
3
-4
-3
2
-2
2
-1
0
1
0
0
0
0
0
-1
0
0
-3
2
-3
1
2
-3
0
-3
5
-4
-1
3
-5
4
-4
0
-3
-2
-5
13
-3
1
1
-14
-10
42
-32
-1
4
6
-24
48
-47
-11
42
22
-50
15
-32
29
-7
16
-21
2
-8
25
-12
-11
10
-1
-5
0
0
-2
-1
-3
-1
-3
0
-3
3
-2
-2
1
1
3
-11
7
-1
9
-25
4
44
-62
16
27
-39
41
-26
-19
45
-19
-26
52
-38
10
-12
9
-10
26
-20
-1
9
-7
-3
11
-11
8
-11
14
-13
3
3
-10
10
10
-17
1
3
-1
-3
5
-3
-3
2
-1
0
0
0
-2
-1
0
0
-1
0
0
0
0
-1
1
-3
1
2
-6
2
1
-4
-1
16
-10
-11
9
-3
-4
13
-14
9
-7
10
-13
2
7
-10
-1
20
-27
10
-10
12
-11
38
-52
25
18
-45
18
26
-41
39
-28
-17
60
-46
-5
24
-11
-2
-9
10
-4
-2
-2
1
-1
-4
-2
0
0
-3
-1
3
-5
3
-2
-15
32
-31
19
-14
10
-18
21
-9
6
-11
6
4
0
-38
30
11
12
-37
17
6
-16
8
2
-1
1
-14
3
20
-18
13
-7
-5
4
1
2
-5
-3
10
-5
-1
0
0
-1
1
-2
-1
-2
2
-3
0
0
0
0
0
-1
0
0
0
0
0
-1
-2
3
-3
-1
0
1
-1
0
-1
-1
0
4
-9
2
4
-2
-2
-5
5
5
-13
18
-21
-4
12
-2
1
-2
-9
16
-7
-17
37
-12
-11
-30
38
-1
-4
-8
11
-8
8
-22
17
-12
13
-19
29
-35
15
0
-4
3
-4
-2
1
-5
0
-2
-13
13
-2
-3
2
-3
8
-5
-4
11
-15
15
1
-29
8
24
-17
0
16
-18
13
-5
-6
22
-31
4
7
12
-3
-7
-1
-10
16
-3
-10
18
-17
1
8
0
-1
1
-3
-1
-7
7
0
-2
-3
2
-2
0
0
-1
-1
0
0
1
0
-1
0
-1
0
0
-1
0
1
-2
-1
0
0
-1
0
0
1
-3
2
1
-1
-9
6
-1
3
-1
-1
1
-8
-2
17
-18
10
2
-17
10
1
6
2
-12
-8
-4
29
-23
6
4
-14
17
-16
-1
16
-24
-9
26
-3
-15
14
-13
2
5
-9
4
-3
2
1
-16
10
-3
0
-26
121
-123
133
-257
278
-248
243
-15
-260
307
-296
283
-278
126
272
-526
406
-270
206
-116
31
127
-320
344
-197
71
-47
27
35
-90
116
-110
104
-113
49
89
-167
146
-97
51
5
-63
75
-40
4
5
-5
1
2
-3
2
-4
3
-2
-2
1
-2
0
-1
0
-1
-1
0
-1
0
0
1
-2
2
-3
1
1
-4
3
-2
1
-3
-2
4
-6
-4
40
-75
63
-7
-52
95
-145
165
-90
-50
112
-105
109
-117
89
-35
-27
46
-72
196
-344
319
-127
-31
117
-206
269
-408
526
-273
-127
277
-284
294
-310
259
13
-245
247
-279
257
-133
120
-122
21
0
8
-26
32
-72
49
-1
-56
292
-292
243
-345
325
-417
339
-182
142
-181
159
211
-335
300
-376
262
-315
283
-93
-18
251
-260
224
-250
58
13
-88
150
-108
187
-205
267
-274
212
-195
120
-93
38
-7
16
5
-6
-2
0
1
3
3
-7
7
-9
5
-3
1
0
0
0
0
0
-1
0
-3
4
-6
9
-7
8
-3
-3
-1
-1
1
4
-6
-16
8
-38
93
-121
194
-213
274
-269
205
-188
106
-152
87
-13
-58
249
-224
259
-251
18
94
-284
315
-261
375
-300
334
-211
-160
181
-143
181
-340
416
-327
345
-244
290
-292
55
0
-49
70
-34
24
-12
0
18
-44
16
15
-147
381
-364
139
-87
115
161
-615
537
48
-623
893
-602
361
-429
228
212
-550
625
-431
262
-110
-164
280
-222
37
186
-292
348
-252
1
182
-302
365
-344
261
-165
68
48
-94
74
-48
15
-1
4
-8
3
3
-10
14
-13
9
-2
-3
2
-2
1
-1
-1
0
0
0
-1
2
-4
1
2
-9
14
-14
11
-3
-3
7
-4
0
-15
47
-75
93
-48
-70
163
-262
344
-367
302
-184
-1
250
-349
292
-186
-39
222
-280
164
109
-263
431
-625
549
-212
-229
429
-361
600
-894
621
-49
-538
614
-163
-116
86
-140
363
-381
147
-16
-18
42
-21
0
24
-64
16
70
48
-329
238
2
-61
317
-290
-379
532
43
-284
532
-744
135
394
-165
-144
207
-390
263
336
-406
-3
134
-61
12
112
-187
-56
280
-158
57
9
-186
139
6
-21
60
-76
2
26
-10
9
-7
0
3
-5
4
0
-3
0
2
0
-1
0
0
-1
0
-1
0
0
0
1
0
-1
0
-1
-2
0
3
-2
-6
3
-3
-1
6
-11
9
-27
-3
75
-62
21
-7
-138
185
-10
-58
157
-281
54
187
-113
-14
61
-134
2
405
-337
-263
389
-208
145
165
-395
-137
743
-533
284
-45
-534
378
288
-319
59
-3
-239
330
-50
-73
-18
64
-29
0
3
-6
38
-130
33
294
-203
-580
797
26
-315
-354
591
256
-858
167
450
-51
-396
171
227
-113
-332
266
318
-380
-30
107
48
-38
-40
-61
119
39
-173
88
111
-156
-4
113
-47
-53
38
14
-31
19
-3
-4
1
0
2
-3
-3
4
1
-10
4
5
-4
-1
0
-1
0
0
-1
0
0
0
4
-6
-4
9
-1
-5
1
2
-3
-1
-1
4
1
-19
30
-15
-39
52
46
-114
3
155
-112
-89
173
-41
-120
60
39
36
-49
-106
29
381
-319
-267
330
112
-226
-172
395
50
-451
-167
856
-259
-593
353
314
-28
-798
579
202
-294
-34
128
-41
4
-7
0
-25
57
-52
72
23
-276
187
190
-151
36
13
-500
549
-30
116
-322
69
-166
295
-82
57
127
-413
0
403
-109
-27
4
-169
121
-68
76
148
-138
-124
28
83
103
-62
-146
71
33
42
-40
-39
29
5
1
-2
-2
2
-3
9
-3
-9
6
-3
3
-1
-1
-1
-1
0
0
-1
-1
0
0
1
-3
3
-8
8
4
-10
4
-2
2
1
-1
-4
-29
39
40
-42
-34
-72
145
62
-103
-84
-29
124
138
-149
-76
68
-121
169
-4
26
109
-404
-1
415
-127
-57
82
-296
165
-69
322
-119
29
-551
499
-16
-37
151
-191
-189
275
-25
-73
50
-59
21
0
-27
65
-52
13
-55
172
-259
702
-864
275
59
-170
230
-449
779
-447
6
62
-36
6
-68
105
-260
352
-204
191
-135
45
-64
75
-58
9
23
-123
146
-127
182
-102
19
-6
-32
25
-28
39
-26
15
-6
3
-2
-1
-1
4
-5
6
-6
1
0
-1
-2
0
-2
0
-1
0
0
0
0
-1
1
0
0
-2
6
-6
4
-5
0
0
1
-3
6
-16
26
-40
28
-25
30
6
-20
101
-182
125
-147
122
-23
-10
59
-75
63
-46
134
-191
204
-352
261
-107
67
-8
36
-64
-6
447
-781
448
-230
169
-61
-277
863
-702
259
-173
54
-14
49
-65
22
0
2
4
17
-115
155
-199
257
-431
527
-391
517
-620
487
-430
500
-537
375
-257
136
-44
-28
147
-159
152
-101
175
-205
80
-79
54
-73
63
13
-16
9
58
-21
-25
16
-37
18
-28
26
-9
8
-9
4
0
0
-1
-3
6
-5
2
-1
0
-1
4
-1
0
0
-2
-1
0
0
0
-2
0
1
-3
1
-1
-1
-3
4
-5
2
-1
1
0
-6
8
-8
9
-27
28
-19
37
-17
24
20
-59
-10
14
-13
-64
72
-54
78
-80
205
-177
100
-152
157
-147
28
44
-136
256
-376
537
-502
430
-488
619
-519
389
-529
431
-257
198
-158
113
-20
-6
-6
0
27
-72
15
73
-123
291
-182
-261
278
-400
748
-803
659
-21
-293
126
-324
342
-122
-20
278
-344
61
117
-261
342
-220
180
-58
-144
169
-103
-32
236
-382
434
-329
148
-53
-79
176
-144
134
-124
64
-21
-4
6
7
-11
4
-1
0
-5
11
-12
8
-5
4
1
-2
0
0
0
0
0
1
0
-3
5
-8
11
-11
5
0
1
-5
9
-8
-6
3
20
-63
124
-135
142
-177
78
52
-150
328
-436
381
-237
31
102
-169
144
58
-179
220
-343
260
-117
-61
343
-279
20
121
-343
324
-126
290
18
-660
801
-750
398
-281
261
182
-292
122
-74
-16
71
-32
0
33
-76
5
80
44
-197
175
-158
-82
450
-254
30
148
-822
807
-248
71
99
-90
-122
99
127
-165
95
-92
-43
127
-33
-19
22
-24
-49
104
66
-219
175
-141
-12
164
-76
-11
42
-94
63
-11
9
-5
-1
2
0
0
1
-5
-1
6
-6
-1
5
-5
1
0
-1
1
0
1
0
-1
-1
4
-5
1
5
-7
0
6
-3
0
0
-2
1
4
-10
11
-63
94
-43
11
75
-164
10
139
-176
220
-68
-105
49
24
-22
20
33
-125
41
92
-96
165
-127
-98
123
88
-101
-72
248
-809
820
-149
-31
251
-452
81
158
-175
197
-45
-80
-8
75
-35
0
25
-63
15
44
53
-240
-71
705
-551
17
102
-219
121
517
-592
24
97
44
-33
-41
39
22
-46
216
-320
7
163
38
-104
-19
75
17
-83
49
11
-148
206
-24
-118
44
30
-32
81
-60
-31
29
6
-5
-7
4
2
-3
-2
1
4
-7
1
4
-2
-1
-2
0
-1
0
0
-1
0
0
1
-4
-1
7
-5
0
0
2
-1
-5
6
4
-6
-30
29
59
-81
31
-31
-45
117
23
-206
147
-12
-49
85
-17
-76
20
104
-38
-163
-8
320
-216
48
-22
-39
42
33
-45
-97
-25
589
-518
-121
218
-104
-18
551
-705
69
238
-55
-46
-17
61
-30
0
13
-39
48
-62
13
80
26
-133
-29
-58
214
120
-279
-229
518
-157
-127
24
150
-98
-75
91
108
-175
-101
202
5
-102
20
57
-23
-42
24
58
-11
-100
14
93
-42
-33
20
9
13
-20
-15
26
-2
-12
6
-1
-4
16
-11
-21
34
-22
8
-3
-3
3
-1
-1
0
0
-1
0
1
-3
2
2
-9
21
-35
20
11
-17
4
0
-8
12
1
-27
15
21
-13
-11
-19
32
41
-95
-15
100
10
-60
-25
41
22
-57
-19
102
-5
-202
100
174
-109
-91
74
98
-149
-25
127
157
-518
228
277
-122
-216
56
27
133
-28
-81
-14
60
-51
37
-19
0
16
-32
27
-45
10
65
108
-257
159
-44
-107
33
61
73
-157
155
-40
-45
-49
98
-17
-46
-26
133
-13
-140
57
28
-5
-2
-24
6
17
7
-23
51
-43
-31
29
20
-16
-28
23
24
-31
-6
15
5
-8
4
-10
-7
21
-4
-9
4
-3
2
-1
-1
1
-1
0
0
0
0
-1
1
0
-3
2
-5
10
3
-22
7
9
-6
8
-5
-16
6
32
-24
-24
25
14
-21
-30
30
43
-51
21
-8
-18
-6
24
1
4
-28
-56
140
13
-134
26
45
18
-98
48
44
40
-155
156
-75
-62
-33
105
42
-160
256
-110
-66
-12
43
-30
31
-20
0
28
-48
8
7
45
-41
-39
29
59
-36
-63
69
-38
-14
115
-64
-60
31
17
17
-34
-39
80
-3
-52
20
2
2
2
-8
5
6
-16
9
8
-22
1
25
-11
-9
3
7
-4
-5
3
4
-6
-2
3
3
-4
2
-1
-2
-2
2
-1
-1
-1
0
0
-1
-1
0
0
0
-1
-1
2
0
0
-2
1
1
0
-2
3
-3
-3
1
6
-4
-4
5
3
-8
-3
7
10
-26
-1
22
-10
-9
14
-6
-6
7
-3
-2
-3
-20
51
3
-80
38
33
-16
-19
-31
59
63
-116
13
37
-70
62
34
-62
-29
40
39
-44
-8
-12
49
-32
0
35
-57
12
34
-43
14
6
3
11
13
-41
15
28
-136
157
-39
-25
15
-6
8
-1
2
-8
9
-8
-13
18
1
-3
-5
5
-2
4
-6
16
-22
4
5
-6
7
-10
13
-6
-9
20
-20
9
-1
0
-1
-2
0
4
-7
0
2
2
-2
-2
1
0
0
0
0
0
-1
0
-1
1
1
-1
-3
0
5
-5
0
0
0
0
1
-10
19
-20
8
7
-13
8
-8
5
-5
-4
22
-18
4
-5
2
-4
5
3
-2
-18
12
8
-10
7
-3
0
-7
6
-16
24
39
-158
133
-29
-17
39
-14
-13
-3
-7
-15
43
-35
-13
57
-40
0
-5
-7
-2
17
-15
11
-15
-8
27
-21
17
-3
-18
-10
15
20
-26
8
13
-21
11
-6
14
-15
11
1
-4
-4
5
-2
4
-7
13
-17
11
-3
-2
0
9
-13
9
-4
2
-1
-2
2
-1
-2
3
1
-2
1
0
-1
0
-1
-1
0
0
0
-1
0
-1
0
0
-1
0
-1
-1
1
1
0
-1
1
-1
-1
1
-2
-3
1
2
-5
3
1
-2
4
-10
12
-10
-1
3
3
-10
17
-12
7
-3
1
-5
3
3
-1
-11
14
-13
6
-9
20
-13
-9
27
-21
-15
10
15
1
-19
19
-28
7
14
-12
12
-19
-1
5
0
0
-3
1
-3
0
-2
5
-19
36
-26
3
2
-14
3
25
-24
1
8
-5
0
4
-4
0
4
0
-3
-1
2
-1
1
-1
1
0
5
-9
9
-6
3
-3
3
-1
-1
-1
1
-2
-2
2
-1
0
1
-3
2
-2
0
-2
2
-2
-1
0
0
-1
-1
0
0
0
0
-1
0
1
0
0
0
0
-2
2
0
1
-4
2
-2
0
2
-3
1
1
-2
-1
2
0
-4
3
-3
5
-8
8
-5
0
0
2
-2
1
-2
2
2
0
-5
0
4
-4
-2
4
-9
-1
23
-26
-4
12
-2
-7
23
-36
18
-7
2
-2
1
-3
0
0
-5
7
-4
-1
-1
-3
-7
30
-21
-5
-4
19
-12
-19
17
7
-11
1
10
-10
7
-2
0
0
2
-3
1
-1
-2
1
0
2
-3
-1
2
2
-4
1
-2
1
1
-3
3
1
-3
-1
3
-2
-2
3
-5
5
-3
1
-1
0
0
-1
1
-1
0
0
0
0
-1
0
0
-1
-1
-1
0
-1
0
-1
3
-6
5
-4
1
2
-3
1
1
-1
-3
2
-1
-2
1
-1
3
-3
-4
-1
3
-2
1
-3
1
1
-2
2
-3
-1
-1
3
-5
9
-10
-3
11
-7
-19
18
10
-20
2
3
20
-30
6
2
0
0
0
-8
0
0
-7
9
-2
-4
1
2
1
-13
19
-12
4
-4
-1
2
-3
3
0
4
-6
-1
2
-2
2
0
0
2
-1
1
1
-2
3
-9
10
-3
-6
7
-5
7
-8
3
-2
2
1
-1
-2
-1
4
-6
4
-2
-1
0
0
-1
1
1
-1
-1
-1
-2
0
0
0
0
0
0
0
1
-1
0
0
-1
-1
1
-2
-1
1
1
-4
5
-5
0
1
1
-2
-2
2
-5
8
-8
3
-7
5
2
-10
8
-3
1
-1
-1
2
-2
1
0
-1
2
-3
1
5
-5
-1
-4
0
-2
-1
3
-6
8
-21
13
-3
-2
-2
2
0
-10
2
0
-5
7
-3
-2
2
1
-1
-9
7
5
-8
4
-10
9
-1
-14
14
-11
6
-1
3
-5
-1
4
0
2
-3
0
3
-7
5
-3
2
4
-8
4
0
0
0
-2
3
-3
0
1
-5
4
-4
3
-2
1
-1
-2
1
-2
1
-2
2
-2
-1
-1
0
-1
-1
0
0
0
0
0
0
0
-2
1
-3
1
-2
1
-1
-1
2
-4
3
-4
2
-1
-1
2
-4
1
1
-2
1
-5
8
-5
-3
2
-6
7
-2
-1
3
-3
-1
-4
0
5
-2
0
-6
9
-14
13
0
-11
8
-5
6
-6
-8
8
1
-3
-4
1
1
-8
0
0
-4
4
-3
0
-2
0
-2
8
-4
-8
6
1
-2
-9
13
-1
-7
4
-2
0
1
-1
4
-3
-1
4
-1
0
-3
4
-3
-1
0
-1
2
-1
-1
-2
3
-1
-1
1
-2
4
0
-2
2
-3
-1
2
-1
-1
0
-2
2
-1
1
-1
0
0
-1
0
0
0
-1
0
0
-1
0
0
0
0
-3
0
1
0
1
-4
0
3
-3
2
-1
-4
0
-2
3
0
-4
1
-1
0
-3
0
0
0
2
-4
3
-1
0
-4
1
2
-4
1
-1
0
2
-5
6
1
-15
8
2
-3
-7
6
3
-8
0
-1
1
-1
-1
-5
0
0
-5
5
-3
0
1
-3
2
0
-1
3
-5
1
-2
2
-2
-2
3
-3
1
1
0
-2
1
0
-3
2
0
-1
1
-2
2
-3
4
-3
-2
6
-8
4
-3
0
2
-3
2
-3
4
-4
0
-1
3
-3
1
1
0
-1
0
0
0
0
1
0
0
1
-1
0
0
-1
0
0
-1
-1
-1
-1
0
0
0
-1
-1
3
-4
0
-2
4
-5
2
-4
3
-2
-2
1
-6
7
-7
1
2
-5
3
-2
2
0
-1
1
-3
2
0
-2
1
2
-1
-1
2
-4
1
1
-3
1
-2
3
-4
-2
-2
-3
3
-2
-1
1
-6
1
0
-8
-5
3
5
0
-5
-3
1
1
0
-2
-1
-1
-2
0
2
0
-1
0
1
0
-1
-1
0
1
0
0
0
-1
-1
0
0
0
-1
0
1
0
-1
0
0
1
0
-1
0
0
-1
-1
1
0
-1
-1
0
0
0
-1
-1
1
0
-1
0
0
-1
0
0
0
0
0
0
0
-1
-1
0
1
0
-1
-1
0
0
0
-1
-1
0
-1
0
0
-1
-2
-1
1
0
-1
-1
-1
1
0
-1
0
-1
0
0
0
0
-1
0
1
0
-1
-2
0
1
0
-2
-2
0
0
0
0
-1
-3
-2
1
3
0
-6
-5
4
5
