0
2
0
0
-25
72
-68
23
1
-5
-1
-9
16
-6
-5
0
9
-29
34
4
-26
-16
41
-42
40
-24
11
-4
-4
6
-5
9
-6
1
-9
15
-15
2
0
8
-7
15
-20
8
-9
13
-7
14
-16
-11
27
-23
9
3
-8
6
-8
3
0
-1
0
0
0
-1
0
1
0
-1
-1
1
0
-5
7
-7
7
-3
-10
21
-28
8
15
-15
7
-14
8
-9
19
-15
6
-7
0
-2
14
-17
8
0
6
-11
5
-6
5
4
-12
23
-42
41
-41
16
25
-4
-35
30
-10
-1
3
4
-17
7
-1
3
-2
-23
68
-73
24
-3
-1
-6
0
-11
9
-13
-6
12
59
-110
49
2
-4
-7
9
-5
3
-18
27
-10
-23
26
35
-29
-17
12
-29
29
-4
0
-14
7
5
-4
2
4
-5
-3
2
1
-2
6
-8
16
-21
18
-18
18
-12
-4
5
3
-13
14
-10
9
-6
-7
5
-2
1
0
-1
0
-1
-1
0
0
-1
-1
1
0
-2
2
-6
7
4
-10
10
-15
11
-5
-6
3
10
-19
18
-19
22
-17
7
-5
1
0
-2
2
5
-6
-3
4
-6
-7
13
0
4
-31
28
-14
17
29
-35
-25
23
9
-28
17
-5
3
-11
5
2
-3
-50
109
-62
-14
5
10
-10
7
0
-6
20
-14
2
35
-125
130
-44
-10
22
-7
-16
11
2
-30
53
-15
-7
-130
251
-149
1
30
-5
-27
50
-41
12
3
5
-11
5
7
-10
-1
15
-14
-2
-12
22
-4
1
-12
2
22
-30
6
5
5
-13
20
-9
-14
6
-1
-3
3
-2
1
-1
-2
0
0
0
0
-1
0
-1
-1
1
-2
2
-2
-7
12
8
-22
12
-6
-5
-8
29
-23
-2
12
-3
3
-24
12
1
12
-16
0
10
-7
-5
11
-5
-3
-12
41
-50
27
5
-31
-2
149
-252
130
7
15
-53
29
-2
-13
14
6
-24
8
44
-131
123
-37
-4
10
-21
2
0
-12
11
-7
-2
9
-36
51
-28
12
-22
20
-1
-4
-5
-6
-9
24
-32
36
43
-55
46
-107
59
8
-21
9
11
-6
-5
10
-11
16
-25
13
3
1
-6
6
-2
-4
4
2
-13
-1
26
-25
7
3
7
-25
23
-15
5
1
-2
-1
-1
0
0
0
-1
0
0
0
0
0
0
-2
0
1
2
-2
-7
13
-24
24
-9
-4
-7
25
-27
1
13
-3
-6
3
1
-8
6
-1
-4
-14
25
-16
10
-10
4
4
-9
-9
19
-8
-59
106
-46
55
-44
-37
31
-26
9
5
4
3
-1
-21
20
-14
27
-52
35
-12
1
2
-12
9
0
11
2
0
-5
-31
98
-90
19
8
-3
4
-25
28
-12
-7
47
-97
145
-203
137
27
-175
153
28
-71
42
-47
31
-13
-5
-6
15
7
-20
11
-12
13
0
-13
5
9
-11
14
-4
-15
22
-16
-2
18
-27
15
9
-9
-1
-8
8
-5
3
-3
0
0
0
0
0
-1
0
-1
-1
2
-4
3
-9
8
0
8
-10
-16
26
-19
2
15
-22
13
3
-14
10
-11
-6
14
-2
-14
11
-12
19
-8
-16
5
5
13
-32
45
-42
70
-28
-154
175
-27
-137
202
-147
96
-47
6
11
-29
24
-6
0
-10
-18
91
-98
31
3
-3
-3
-16
0
-131
167
-87
115
-132
6
36
-1
-3
6
-16
29
-23
-3
7
14
-61
36
31
0
-1
-43
27
9
-24
1
34
-44
15
-2
6
9
-5
-19
19
-6
-1
4
-12
10
-8
13
-14
1
-2
4
11
-29
20
-3
3
-6
0
-5
3
2
-3
-2
1
0
-1
0
0
0
0
-1
0
-1
-3
2
1
-3
-4
4
-2
5
-3
2
-21
28
-11
-5
1
-1
13
-13
6
-11
11
-3
-1
5
-21
19
4
-10
-7
2
-16
44
-34
-2
24
-9
-27
42
1
0
-32
-38
60
-15
-9
2
20
-30
15
-8
2
0
-37
-7
131
-116
85
-168
127
0
109
-116
85
80
-224
72
31
-3
-6
8
4
-1
-3
-3
16
-28
41
-37
-87
193
-73
-62
42
-11
32
-10
-58
25
46
-24
-16
27
-14
-6
9
-8
0
8
-14
3
2
5
-22
43
-35
-5
20
-2
-12
25
-29
-3
23
-6
-7
0
3
-3
0
0
-1
0
-1
0
0
-1
0
-1
-1
2
-3
0
6
5
-25
3
28
-26
12
2
-20
4
33
-44
22
-5
-4
-4
12
-9
0
7
-11
5
13
-27
15
24
-47
-26
57
10
-33
9
-42
62
73
-193
86
38
-42
28
-18
1
1
-1
-5
-9
5
2
-32
-72
223
-82
-88
115
-112
0
-84
61
0
35
-6
-110
109
-47
14
14
-37
38
-30
17
-32
75
-89
82
-64
-97
183
-100
86
-12
-32
4
-16
10
3
-18
42
-52
29
-11
12
-9
11
-9
-2
5
-4
-7
19
-18
5
2
6
-12
-8
15
-6
-1
14
-13
3
-1
2
0
-1
0
-1
0
0
0
-1
0
0
0
1
-1
0
0
-2
12
-14
1
6
-16
7
11
-6
-4
-6
17
-20
6
4
-7
2
8
-11
8
-11
10
-30
51
-44
18
-3
-10
17
-6
32
12
-84
101
-183
97
63
-83
88
-76
31
-18
28
-39
35
-17
-16
47
-110
108
5
-36
-4
-62
79
0
15
-38
128
-289
334
-188
25
27
0
-45
34
28
-15
-13
14
-83
58
74
-26
-192
226
14
-188
167
-61
14
-55
30
13
3
21
-44
8
23
-17
-5
-4
12
8
-12
5
-8
9
4
-8
-11
16
4
-2
-7
-3
-3
13
-1
-15
9
-1
-2
0
0
-2
0
0
0
0
-2
1
-1
-1
1
0
-10
13
0
-12
2
1
7
3
-4
-15
11
7
-4
-9
7
-6
11
-9
-12
5
5
17
-24
-9
43
-22
-3
-13
-30
55
-15
60
-167
188
-13
-227
192
26
-75
-58
83
-16
12
14
-28
-36
43
-2
-28
-26
187
-335
288
-131
38
-19
0
-1
-63
25
371
-503
177
-49
51
-1
-6
8
-32
43
-27
26
-59
114
-150
20
341
-424
74
44
43
-5
-8
-19
-8
15
37
-45
-3
24
-12
1
10
-8
-7
2
13
-10
-4
12
-9
-11
29
-28
26
-25
9
0
-6
10
-15
12
-10
7
-3
-1
0
-1
0
-1
0
0
0
-1
-1
0
3
-7
9
-13
14
-12
6
-1
-10
25
-27
27
-29
10
9
-13
5
10
-15
-2
7
7
-11
-1
10
-24
2
44
-38
-14
9
19
7
4
-43
-45
-74
424
-342
-21
151
-113
58
-26
25
-44
31
-9
5
0
-51
48
-179
502
-371
-27
62
-3
0
-49
58
47
-334
352
-38
-10
-49
-9
48
-47
-15
36
-21
49
-74
93
-97
7
198
-331
223
-134
94
-25
22
-37
54
-43
1
-1
0
8
6
-21
35
-20
0
-5
1
2
16
-47
39
-7
-6
9
-22
26
-14
12
-10
0
11
-16
7
1
-1
-1
0
-1
-1
-1
0
0
0
-1
0
1
0
-2
-7
16
-12
1
9
-12
14
-27
21
-9
5
7
-41
47
-16
-5
-2
4
-1
19
-36
21
-7
-8
0
0
-2
43
-55
37
-23
23
-94
134
-223
330
-199
-8
96
-94
73
-50
19
-38
14
46
-51
8
49
9
38
-354
333
-50
-61
45
0
57
-23
-91
225
-276
178
-88
48
-16
-12
23
-26
39
-17
17
-106
105
-24
-247
587
-401
186
-311
217
-40
-9
22
-2
-1
27
-38
8
-8
22
-8
-13
10
-7
-9
20
-21
8
17
-22
-2
22
-28
23
-10
3
0
0
-10
16
-15
10
-5
1
0
0
0
-1
1
0
-2
0
-1
0
0
-2
4
-12
13
-17
9
-1
0
-3
10
-24
27
-22
3
21
-19
-9
22
-22
9
6
-13
12
6
-23
7
-9
38
-27
0
1
-22
9
40
-218
311
-186
401
-587
246
24
-106
105
-19
16
-40
24
-25
10
15
-49
85
-178
275
-226
89
22
-62
0
-84
129
-100
109
-265
257
-72
6
10
-42
16
8
6
-5
-61
96
-50
65
-99
133
-132
3
70
-9
-17
19
24
-70
13
25
-33
27
-27
37
-24
8
-24
35
-3
-25
32
-22
9
-16
21
-5
-23
27
-15
20
-20
1
2
3
-7
3
1
0
-1
0
-1
-2
0
0
0
0
0
-1
1
0
-1
-4
6
-4
-3
-2
17
-21
15
-27
21
5
-21
15
-10
21
-33
24
2
-35
24
-8
23
-38
26
-28
32
-25
-13
70
-25
-19
17
9
-70
-4
131
-133
99
-67
50
-96
60
3
-8
-10
-17
40
-12
-6
70
-258
265
-110
98
-130
78
0
103
-29
-119
-74
228
-49
-28
-36
46
22
-99
121
-86
27
12
-266
568
-537
158
398
-635
335
35
-80
21
-45
46
-30
-9
56
-55
29
-15
11
-16
24
-16
2
-4
15
-14
-2
3
7
-7
-7
1
8
-4
1
-4
2
2
-1
1
-5
4
-3
-1
0
0
0
0
0
-1
-1
0
0
0
2
-5
5
-2
0
-2
-3
4
-2
6
-9
-1
6
6
-9
-3
1
14
-16
4
-3
15
-25
16
-12
15
-29
56
-57
9
30
-47
45
-23
80
-36
-336
634
-399
-159
537
-567
265
-13
-29
85
-123
97
-24
-48
36
28
48
-229
72
116
27
-109
0
-122
164
-212
359
-103
-354
161
112
-1
-53
60
-178
162
-18
65
-378
456
-77
-302
344
-81
-169
262
-177
42
7
-27
6
43
-41
23
-13
-14
22
0
-9
-2
3
-1
3
-18
15
2
-11
7
-6
4
5
-23
29
-22
12
-3
-2
-5
3
0
0
1
0
-1
0
0
0
-1
0
0
0
0
0
-1
-5
5
1
3
-13
22
-30
22
-6
-6
5
-9
10
-3
-17
17
-4
1
-4
1
7
1
-23
14
13
-24
39
-42
-6
25
-7
-41
176
-263
168
81
-344
303
76
-457
377
-66
16
-164
176
-61
51
-1
-113
-161
353
102
-361
210
-165
117
0
142
-63
-71
-31
-62
206
-167
143
-68
-41
3
79
-20
-59
124
-109
-68
109
-51
147
-108
80
-191
123
-7
-9
-9
-51
93
-50
18
-4
3
-16
4
9
-29
46
-28
-10
24
-16
-1
7
13
-14
-21
28
1
-12
-5
13
-21
17
5
-9
-3
3
0
-1
-1
0
0
0
0
-1
0
1
0
-3
3
7
-6
-17
20
-13
5
10
-2
-29
20
13
-14
-7
-1
16
-25
8
26
-46
27
-9
-6
15
-4
4
-18
49
-94
50
7
8
5
-124
192
-82
107
-147
50
-109
67
108
-125
58
19
-79
-5
40
67
-144
166
-207
60
30
68
62
-147
0
-148
191
-180
175
-38
-144
200
-75
-109
139
-120
108
-29
-74
-151
340
-4
-145
-8
3
7
112
-175
93
-31
21
-12
23
-25
12
-18
29
-49
27
1
10
-5
-12
9
-8
7
11
-14
-3
23
-33
10
14
-13
9
-15
17
-11
9
-10
3
0
0
-1
0
-1
-1
1
0
1
-1
0
0
1
-1
0
-5
9
-9
9
-17
15
-9
13
-14
-11
32
-23
2
13
-11
-9
7
-10
11
4
-11
-2
-27
48
-29
17
-13
24
-23
12
-22
30
-94
175
-114
-6
-3
8
144
3
-340
149
72
28
-109
118
-141
106
74
-200
142
37
-176
176
-193
144
0
145
-75
-77
-23
102
-96
77
63
-111
24
-59
236
-207
-22
-1
31
136
-32
-155
241
-378
243
26
-84
52
16
-51
-4
39
-36
20
22
-42
20
-20
22
3
-30
39
-20
-2
23
-32
-2
24
-15
5
-5
2
-4
-2
10
-5
5
-5
-2
1
2
-1
0
0
-1
-1
0
0
-1
-1
-1
1
-2
-2
2
4
-5
5
-11
2
2
-2
4
-6
13
-25
2
31
-24
0
20
-40
30
-4
-23
20
-20
43
-23
-21
36
-39
4
49
-18
-53
83
-26
-244
378
-241
156
32
-136
-32
-1
20
205
-237
58
-27
110
-63
-78
94
-101
21
74
74
-150
0
-147
158
-86
21
-68
96
105
-121
-41
-17
70
-22
25
-93
93
-93
229
-261
248
-327
222
142
-357
196
-28
-9
21
-15
18
-25
14
-5
33
-47
17
-20
35
-25
9
-1
2
1
-30
44
-29
14
4
-12
14
-19
21
-21
14
-9
4
-3
2
0
1
-1
0
-1
0
0
0
-1
-1
0
0
0
-2
2
-4
9
-14
21
-22
19
-15
12
-4
-15
29
-45
29
-2
-1
0
-10
25
-35
19
-20
45
-34
5
-14
24
-17
15
-22
8
27
-197
356
-141
-224
326
-247
261
-230
93
-94
92
-27
22
-70
15
39
120
-105
-97
68
-22
84
-159
143
0
137
-94
-38
115
-316
483
-394
137
-11
38
-78
110
23
-137
-64
277
-201
34
-30
62
75
-171
78
17
-33
8
-2
-6
18
-8
6
-21
32
-19
3
-4
-2
8
-7
-8
6
7
14
-33
7
6
-3
15
-8
-15
14
-9
2
-2
3
-4
3
0
-1
0
-1
0
0
0
0
-1
0
-1
1
0
-3
4
-5
1
-3
8
-14
13
7
-16
3
-6
-7
32
-14
-8
-7
7
5
-9
2
3
-3
17
-32
21
-5
7
-18
6
1
-9
31
-18
-80
172
-75
-62
29
-35
200
-278
63
135
-24
-113
76
-41
9
-137
394
-483
314
-118
35
94
-142
0
-128
136
-59
-79
121
106
-140
-5
-29
58
-369
523
14
-147
-22
-198
265
-84
47
-259
316
-137
30
1
-13
-13
45
-38
-4
19
-11
9
-16
9
0
-2
4
2
-6
-1
-1
10
11
-51
27
-5
31
-29
1
7
-15
22
-9
-4
5
-1
-2
0
0
0
0
1
-1
0
-1
-1
0
-1
-2
-2
2
1
-6
3
8
-22
15
-7
-2
28
-33
4
-27
51
-12
-11
1
0
5
-3
-4
2
-1
-10
17
-9
10
-19
3
37
-46
12
12
-2
-29
136
-317
258
-48
83
-265
197
20
146
-16
-525
367
-59
26
5
139
-108
-123
77
56
-138
124
0
117
-35
-49
-142
479
-800
688
-172
-12
-163
-41
327
-244
128
-69
47
-6
-18
51
-284
487
-296
-1
51
-23
20
-32
51
-31
12
19
-57
35
-6
13
-17
-9
11
7
1
2
-23
21
-15
1
15
-4
-3
-16
20
-2
2
-15
13
-9
5
-3
0
0
0
-1
0
-1
0
0
0
0
0
-1
-1
3
-6
8
-13
15
-3
2
-20
15
3
3
-15
-1
14
-22
20
-3
-2
-8
-11
9
16
-15
5
-36
56
-19
-12
31
-51
33
-20
21
-52
-1
297
-487
284
-51
18
5
-47
68
-129
241
-328
38
162
10
171
-688
799
-480
141
47
33
-122
0
-107
125
-108
47
397
-532
-63
260
-117
-17
349
-130
-463
396
-99
41
-13
-37
105
-161
122
-42
10
-26
22
11
-18
15
3
-25
32
-32
20
-12
-6
19
6
-34
22
-6
3
2
-7
6
-9
7
14
-21
13
-19
20
-5
-9
6
-3
-1
3
-3
1
0
-1
0
-1
0
0
0
0
-2
-1
3
-5
0
1
-7
8
3
-21
18
-13
20
-15
-7
8
-6
6
-3
-4
5
-22
33
-7
-19
5
11
-20
32
-33
25
-3
-16
18
-11
-22
25
-10
43
-123
161
-106
36
12
-42
97
-397
462
129
-351
15
115
-261
63
532
-398
-49
104
-125
102
0
0
16
-39
64
-5
-115
111
-30
-15
-1
38
-61
47
-42
46
-30
29
-13
-1
-8
-25
50
-23
12
-7
-6
-8
15
-8
-15
28
-2
-14
-2
9
-3
0
3
3
-24
15
14
-19
5
13
-32
30
-15
17
-7
-6
-1
0
9
-13
10
-6
1
-2
0
0
1
0
0
0
-1
1
0
0
-1
5
-11
12
-9
1
2
5
6
-17
15
-30
32
-13
-5
19
-15
-16
23
-4
-3
0
2
-9
1
13
1
-29
16
6
-16
7
5
6
-13
22
-51
26
8
0
13
-29
30
-47
41
-48
60
-40
-2
13
29
-110
114
4
-65
38
-17
-5
0
17
-13
7
-14
72
-128
91
-43
17
-3
-28
51
14
-75
14
36
-27
11
20
-34
38
-36
8
2
0
-4
4
0
2
-12
11
-4
15
-14
10
-19
11
-11
16
-7
-3
8
-7
18
-32
23
-6
-5
-8
12
-4
-1
3
4
-6
1
-2
1
-1
-1
1
-1
0
0
0
-1
-1
1
0
-2
1
-1
4
-6
-4
0
4
-12
8
4
5
-24
32
-20
6
-8
2
6
-16
10
-11
17
-11
13
-16
4
-10
10
-1
-1
-6
3
1
-2
-8
36
-38
33
-21
-13
25
-37
-16
74
-16
-53
26
0
-19
42
-92
126
-73
13
-9
10
-21
0
-1
0
13
6
-20
16
-49
49
-41
76
-52
-16
12
-7
16
3
-28
28
-14
-2
23
-29
6
4
8
-9
-7
11
0
-7
7
-3
-1
6
-15
20
-14
-3
9
-9
13
-25
28
-23
17
0
-14
10
-3
13
-18
1
3
2
-5
1
0
-1
-1
1
-1
0
1
0
-1
0
-1
-1
1
-1
-2
-2
4
-3
-4
-2
16
-13
2
-10
14
0
-17
23
-29
26
-14
9
-11
2
14
-20
14
-7
0
2
-7
8
0
-11
7
9
-8
-5
-6
28
-25
1
14
-28
27
-3
-17
7
-14
16
50
-79
38
-50
48
-18
19
-6
-17
-2
-2
0
-6
5
-3
-33
58
-39
23
-3
7
-29
24
-42
39
-32
23
9
-13
6
0
-2
-23
33
-18
3
-1
13
-12
8
-11
14
-18
21
-17
7
1
-11
11
-8
8
-3
5
-1
-13
11
-13
14
-5
6
-5
-2
-2
4
0
-1
-1
3
-3
0
1
-1
1
0
0
0
-1
-1
0
0
-1
0
2
-4
1
1
-1
-4
0
2
5
-6
4
-14
12
-11
13
0
-6
1
-9
8
-11
10
-2
-8
16
-22
17
-12
10
-8
11
-13
0
-4
18
-34
23
2
-1
-6
13
-9
-25
31
-41
41
-24
27
-7
2
-23
38
-59
32
-2
-6
1
0
-1
9
-18
27
-51
61
-40
7
1
11
-8
-2
27
-26
1
2
-5
1
-6
25
-22
2
0
5
-5
7
-1
-4
1
-7
13
-13
2
4
-9
8
4
-12
13
-10
-5
9
-12
14
-18
27
-15
-6
7
-1
-8
6
-1
-1
0
-1
-2
0
0
-1
0
0
-1
0
0
0
-1
0
0
-1
0
0
0
1
1
-6
8
-1
-9
6
12
-28
16
-16
11
-10
4
10
-13
10
-5
-8
8
-5
-3
12
-15
5
-2
4
1
-8
7
-5
-1
-2
23
-25
5
-2
2
-2
-2
24
-27
1
8
-12
-2
-7
40
-63
50
-29
15
-10
-3
0
-3
-2
7
-7
9
-13
9
3
-6
-10
21
-18
16
-39
33
-8
0
-5
18
-5
-17
10
-4
-1
12
-15
11
-6
0
2
5
-9
6
-5
2
0
-1
-13
19
-18
6
5
0
0
-8
0
9
-5
-17
32
-32
13
-1
2
-5
-1
1
-1
-3
0
0
0
0
0
-1
-1
0
0
1
0
-4
-1
3
-1
0
-14
31
-35
16
4
-10
0
8
0
-2
-6
-8
17
-19
12
2
-1
-4
3
-6
9
-5
-4
1
6
-11
16
-12
0
3
-11
15
6
-18
4
-1
7
-34
38
-18
17
-21
9
4
-3
-10
11
-9
6
-10
1
-1
0
-2
-10
13
6
-11
-18
22
2
-14
20
-23
20
-21
17
-9
-10
22
-22
6
11
-14
5
3
2
-7
4
-2
-2
13
-20
22
-17
10
-14
15
-22
21
-23
27
-18
4
-1
8
4
-22
21
-7
1
-9
11
3
-9
-11
18
-10
5
-4
0
-1
0
0
0
-1
0
0
0
0
-1
1
-2
3
-7
8
-19
11
8
-4
-11
8
-2
7
-22
20
-4
-10
1
-4
18
-27
22
-23
21
-17
12
-10
16
-22
18
-13
1
2
-4
7
-2
-1
-5
13
-11
-7
21
-24
9
7
-18
19
-22
23
-23
13
-2
-22
16
10
-8
-13
9
-2
0
-12
11
-6
0
9
-7
-3
0
2
6
-18
9
10
-8
-6
-7
16
-4
3
-18
13
8
-9
5
-7
8
-10
10
-9
6
3
-11
9
2
-8
9
-8
11
-12
1
-1
0
13
-7
-11
15
2
-18
13
2
-16
26
-20
7
-5
5
-3
-1
1
-1
0
0
-1
0
0
1
-1
0
-1
0
2
-6
4
-9
20
-26
17
-2
-14
18
-2
-15
9
7
-13
0
-1
-2
12
-13
7
-9
8
-4
-10
10
-3
-6
8
-10
9
-9
7
-5
9
-8
-13
18
-4
3
-17
7
5
7
-11
-10
15
-7
-5
0
2
6
-10
-1
3
-12
7
0
7
5
-4
-5
0
4
1
-2
-3
1
1
-2
-3
-2
1
2
-1
-2
-2
1
3
1
-1
-2
-1
1
2
-2
-2
0
1
0
-2
-1
2
1
-1
-2
-1
1
1
-1
-1
0
1
0
-2
-1
1
2
2
-1
-2
-2
0
1
0
-1
-1
0
-1
-1
-1
0
0
0
-1
0
0
0
-2
-2
-1
2
1
0
-2
-3
-1
0
1
0
-1
-2
1
1
-1
-1
1
3
2
-2
-1
0
1
0
-2
-1
2
1
-2
-2
1
2
0
-3
-3
0
1
2
0
-3
-3
0
3
0
-2
-2
1
2
-3
-5
-1
4
3
-6
-9
