61
-39
-3
-6
0
-5
-5
-1
-2
-2
-3
1
-8
-1
5
-6
-11
2
0
2
-6
12
-19
10
-6
2
-3
1
1
-5
3
-3
3
-3
1
-1
-2
4
0
-1
-3
2
0
0
-1
0
0
0
-2
0
0
-1
1
-4
2
-4
0
-1
0
-1
0
0
-1
-1
-1
0
0
-1
0
0
-1
0
1
-2
2
-2
2
1
0
2
-1
0
1
0
0
1
-2
2
-2
0
-1
5
-2
0
1
-3
3
-3
3
-4
2
1
-1
2
-5
10
-18
16
-6
3
2
4
-10
-3
9
1
-5
4
1
1
-1
4
-1
-1
3
1
2
-32
60
-41
-4
-4
-5
1
-5
-10
5
-1
-3
-4
-8
41
-88
61
-20
-7
13
-14
18
-14
0
5
2
-24
20
-3
-7
1
-3
2
-4
4
-6
0
4
0
1
-3
-3
9
-8
1
3
6
-9
-3
7
-1
-5
-3
4
0
-4
-1
-1
-1
-1
-2
-2
-1
0
0
0
0
-1
0
0
0
0
0
1
1
-3
2
5
-3
-4
0
8
-2
-8
6
4
2
-8
9
-3
-2
2
0
4
1
-5
5
-4
3
-2
2
-5
-1
22
-22
3
7
1
-13
18
-13
13
-5
-19
65
-84
46
-5
-1
-1
1
7
-6
-1
4
-1
3
1
-33
61
-40
-2
-6
-4
-3
0
-10
7
-4
-7
3
-7
-18
42
-40
16
-9
9
-19
14
-4
-13
13
24
-68
46
-12
3
2
-3
-2
-1
3
-7
16
-11
-4
4
2
-2
6
-19
20
-7
-3
7
-8
2
-2
-1
1
-3
-1
0
-1
0
-2
0
-1
0
-1
0
-1
-1
0
0
0
1
-1
2
-2
1
1
0
1
-3
1
1
0
3
-7
9
-3
-7
21
-19
6
-2
2
4
-2
-12
17
-7
3
-1
-2
-4
1
4
-11
48
-67
25
15
-11
-4
15
-18
10
-8
17
-37
46
-16
-4
8
-5
-2
8
-7
4
1
0
1
1
-31
61
-40
-2
-9
3
-9
1
-8
4
-7
14
-26
18
-3
-24
15
-32
41
-22
6
-28
53
-30
-15
21
17
-52
22
9
-7
0
3
-5
-4
1
-1
0
9
-16
13
2
-4
-1
0
-2
3
0
-3
3
-3
1
-2
-1
1
0
0
-2
1
-1
-1
0
0
-1
-2
0
-1
0
0
1
0
0
1
-1
1
1
1
-1
-1
1
-3
4
-2
0
2
-2
1
-1
-3
2
15
-15
7
0
0
2
-2
-5
3
1
-7
10
23
-50
18
22
-14
-29
54
-27
7
-22
42
-31
20
-21
0
21
-23
16
-4
7
-5
5
-6
7
-2
2
-32
62
-42
-5
-1
-8
2
9
-27
1
7
3
-15
13
1
-50
79
-49
-22
1
60
-51
15
-1
9
-41
37
-30
16
-3
-3
-3
-1
7
-9
8
-5
0
4
-4
5
-10
9
2
6
-10
3
-8
10
-1
-5
8
-10
3
3
-6
1
1
-3
0
0
-1
0
-1
-2
0
-1
-1
0
0
0
0
0
1
3
-5
4
3
-9
8
-4
0
10
-8
4
-9
7
2
7
-10
4
-3
3
1
-5
8
-7
7
0
-2
-1
-2
16
-28
38
-40
11
1
15
-49
61
2
-21
-48
81
-47
5
17
-12
6
9
2
-24
13
6
-4
6
0
-33
59
-40
-3
-7
2
-7
-9
7
-9
3
1
-26
67
-89
31
-12
26
-14
7
-22
25
-17
38
-117
31
118
-89
5
4
14
-15
6
-20
28
-22
25
-46
61
-35
16
-24
7
9
4
-9
0
0
3
-3
-8
8
-2
1
-5
2
0
-3
0
-1
-2
1
-1
0
0
0
0
0
0
1
-2
1
2
-2
1
2
-5
2
0
8
-7
-2
3
1
2
-8
5
9
7
-24
17
-35
61
-46
25
-22
28
-20
8
-15
15
5
6
-88
119
32
-114
39
-15
25
-21
8
-13
27
-9
34
-86
69
-23
3
6
-7
12
-5
-3
4
0
1
-32
62
-41
-4
-5
-2
-15
11
2
-6
-13
7
-36
69
-36
-42
44
-16
-1
13
-53
59
-60
77
-36
-39
73
-56
6
-4
22
-13
-13
31
-22
-18
20
3
5
-16
10
-1
3
-7
10
-9
7
-4
0
-4
13
-13
-3
4
-1
-4
1
0
-3
0
-1
-1
0
-1
-2
-1
0
0
0
-1
-1
1
-2
1
2
-2
0
6
-2
-13
14
-3
2
-3
7
-8
9
-7
4
-1
9
-16
5
2
21
-17
-21
31
-11
-12
22
-4
6
-54
73
-37
-34
77
-58
59
-51
14
0
-15
48
-39
-32
72
-33
9
-9
-3
6
15
-10
1
2
2
-34
62
-41
-4
-8
11
-17
-28
22
8
-19
18
1
-31
36
-28
-34
4
27
19
-7
17
-71
54
-52
15
39
-30
8
-11
1
0
3
-23
46
-47
45
-39
13
-8
17
-12
10
-20
22
-2
-4
-13
14
0
-4
-1
-7
11
-8
1
1
-3
0
-3
-1
0
0
-1
1
0
0
-1
0
0
-1
-2
1
-2
2
3
-7
11
-4
-1
-2
1
13
-14
-2
-1
22
-19
12
-12
18
-7
14
-39
45
-47
47
-23
4
0
2
-10
10
-29
40
16
-51
56
-69
19
-6
20
28
5
-31
-26
40
-27
3
21
-15
10
26
-24
-12
14
0
1
-34
62
-47
15
-21
-23
20
24
-10
-32
3
9
9
-46
26
-5
59
-164
136
2
-50
15
47
-96
46
-3
-12
22
-24
13
8
-26
8
1
6
-5
7
-20
7
-4
23
-5
-25
37
-35
23
6
-36
30
-11
-1
6
-7
1
-4
2
1
-5
0
-1
-1
0
-1
-1
-1
0
0
0
0
1
0
1
0
-4
4
4
-4
2
-6
6
-1
-10
30
-35
6
23
-34
37
-25
-4
23
-2
7
-20
7
-4
7
1
8
-25
8
14
-24
24
-11
-1
46
-95
48
16
-48
3
137
-163
63
-2
30
-42
13
11
6
-30
-6
27
24
-21
-14
19
-39
56
-22
-36
21
11
-122
157
-46
-96
161
-175
76
80
-123
38
22
-71
104
-58
-2
-18
2
26
-8
-9
15
-35
33
-6
-33
35
-2
-20
-2
26
-22
30
-48
19
20
-17
28
-27
-7
6
4
-2
12
-7
-5
0
-3
3
-3
-2
3
-2
-1
0
-1
-2
0
-1
-1
0
1
0
-1
-1
0
1
0
-2
3
-1
-1
4
-1
1
-5
-6
12
-1
6
6
-7
-29
28
-17
20
19
-49
31
-21
26
-2
-20
-1
37
-32
-5
33
-32
17
-8
-6
27
3
-17
-1
-57
104
-70
25
42
-120
84
80
-173
164
-94
-42
161
-117
14
29
-31
-15
61
-34
-21
-16
112
-120
-109
209
-60
-110
126
26
-139
34
59
-66
39
-26
9
16
-1
-36
25
-6
4
5
-40
13
57
-48
2
-43
112
-113
52
-1
5
-33
48
-35
16
10
-39
35
-20
9
11
-20
11
-2
5
-5
-4
6
-6
2
-2
1
-2
0
-1
-1
-1
0
1
0
0
1
-1
1
0
2
-2
4
-4
7
-3
-4
7
-2
12
-20
12
9
-19
36
-38
11
16
-35
48
-34
5
0
53
-113
112
-42
3
-46
58
14
-41
6
5
-5
27
-34
0
17
10
-25
40
-64
63
37
-136
29
130
-107
-58
212
-105
-115
115
-8
-17
-26
65
-56
35
-60
0
62
64
-171
-8
116
76
-290
225
-143
88
24
-64
-34
80
-7
-77
57
6
-21
10
2
-12
-14
-25
44
28
-77
53
-7
-14
2
-9
0
51
-37
-39
17
52
-16
-21
-3
-10
28
-14
-4
5
-2
-1
-1
0
1
-3
0
0
-1
-1
-1
1
-1
0
0
1
-1
0
-1
0
1
-2
1
1
0
-1
-2
6
-3
-13
29
-9
-2
-21
-14
52
18
-39
-36
51
1
-9
2
-13
-6
53
-76
30
45
-24
-13
-11
4
11
-19
8
57
-76
-6
82
-33
-63
28
92
-139
229
-287
79
120
-6
-167
68
66
3
-52
39
-48
71
-66
51
-10
-79
-7
-15
138
-60
20
26
-286
274
-118
102
-31
-78
59
-15
27
-22
-11
-1
12
2
-15
8
-26
24
-11
10
8
-23
-2
15
-5
18
-16
-15
-6
0
17
21
5
-27
-6
6
6
-10
11
-7
-6
4
1
-4
0
0
0
-1
-1
-1
0
0
0
0
1
0
0
0
-1
1
0
1
-1
-3
2
4
-5
-6
11
-9
7
7
-6
-27
4
22
16
1
-7
-14
-17
19
-4
15
0
-23
9
12
-10
25
-25
8
-14
3
12
0
-8
-21
29
-14
59
-77
-27
105
-115
277
-283
29
24
-57
143
-12
-2
-75
-3
55
-58
69
-65
26
0
5
-14
17
-156
145
-55
73
-36
49
-101
25
-3
-46
84
-31
17
-38
17
-13
10
10
-16
17
-23
13
-42
24
9
18
-30
-2
19
-41
43
-23
46
-51
32
-37
56
-88
95
-81
56
-25
13
-16
5
-1
0
1
-4
1
-1
0
-1
0
0
-2
0
0
0
-1
0
0
0
0
-1
2
-2
1
0
0
5
-15
15
-24
57
-81
96
-88
56
-37
32
-51
47
-21
42
-41
20
-1
-29
18
9
25
-42
15
-22
18
-15
12
11
-12
19
-37
19
-31
84
-45
0
28
-97
52
-34
76
-52
146
-153
20
-10
9
6
31
-59
69
-55
-11
13
66
-24
-75
21
-10
-23
-10
4
17
-11
17
-12
31
-17
24
-82
50
-20
10
3
0
17
-25
26
-61
55
-64
56
-57
53
-16
7
-13
23
-19
17
-20
-4
15
-18
1
22
-34
43
-22
4
0
-8
6
-6
3
-1
0
-2
0
-1
-1
-1
-1
0
1
0
-1
0
-1
-1
1
-2
1
0
3
-5
5
-7
1
5
-21
42
-33
23
2
-17
15
-3
-19
17
-19
23
-12
8
-15
54
-57
57
-63
56
-60
29
-24
18
2
6
12
-19
51
-81
24
-16
32
-9
21
-8
20
8
-7
-18
-8
24
-70
-19
69
21
-7
-46
67
-43
-31
14
57
-121
1
127
-61
22
23
-86
44
-43
25
-20
24
-44
61
-75
36
-10
10
4
2
15
-56
10
36
-15
19
-37
31
-27
20
-21
39
-54
42
-33
20
1
-13
21
-25
28
-11
-2
4
-5
0
1
-5
1
-1
0
-3
0
-1
-2
0
0
-1
0
-2
1
-1
0
1
0
0
1
-2
1
0
1
-5
3
0
-4
5
-3
-10
28
-25
20
-13
2
19
-32
42
-54
39
-20
20
-26
31
-37
19
-13
37
11
-55
15
3
4
12
-8
36
-74
62
-43
25
-16
29
-38
48
-83
27
25
-59
131
5
-119
59
21
-26
-35
72
-32
-29
11
-52
-70
248
-193
74
-47
-4
25
-29
51
-49
37
-41
16
2
-8
13
-27
16
-2
10
-42
19
-38
49
29
-77
80
-63
21
0
-7
20
-38
56
-56
40
-10
-25
50
-60
38
-1
-17
13
-12
8
-3
2
-2
-3
2
-3
-1
-1
-1
-1
0
0
-1
0
0
0
-1
-1
0
-1
2
-2
3
-1
-1
1
-3
8
-12
14
-16
-2
38
-60
51
-25
-10
40
-54
56
-37
20
-7
1
22
-63
81
-76
30
50
-38
20
-40
12
0
19
-25
15
-6
3
17
-40
39
-45
54
-26
28
-2
-44
75
-190
251
-66
-49
18
-25
-25
66
-32
-26
4
-94
274
-291
184
-126
-17
274
-309
-26
153
-43
-41
63
-42
-38
113
-83
-1
21
-15
14
-89
55
145
-115
-79
132
-49
-80
96
-23
-50
79
-44
-36
87
-55
10
55
-52
-50
70
9
-41
11
1
-6
9
-2
-6
2
-1
-2
0
-2
0
-1
-1
0
-1
0
1
0
0
1
1
-2
0
-1
0
4
-6
0
10
-4
2
12
-41
9
69
-50
-51
55
9
-55
87
-35
-45
79
-49
-21
97
-80
-49
133
-79
-115
147
57
-88
15
-13
22
-1
-83
114
-38
-40
64
-39
-40
157
-22
-304
278
-14
-124
188
-286
278
-91
9
-21
-22
63
-32
-8
-11
123
-173
-28
66
19
-18
-158
236
-119
48
-16
-29
34
23
-71
34
5
-17
4
-4
-7
14
85
-147
42
-7
5
36
-37
1
23
-30
7
28
-19
4
13
11
-52
17
9
-13
19
-6
-1
2
-6
5
-3
2
-2
-2
0
-1
-2
-1
-1
-1
-2
-1
0
0
0
0
-1
-1
-1
0
1
0
0
2
-3
5
-6
2
0
-5
19
-13
9
18
-53
11
13
3
-19
28
8
-30
23
2
-37
37
5
-5
43
-145
86
16
-6
-3
6
-17
5
34
-70
23
35
-26
-12
50
-115
241
-155
-14
20
71
-23
-169
125
-6
-4
-24
63
-31
2
-31
-33
-23
109
-80
76
20
-80
-153
193
-29
-35
25
15
-35
-22
53
-47
11
14
-8
3
-34
23
69
-111
64
-50
3
55
-20
-41
45
51
-94
-23
62
-7
-15
32
7
-28
-47
31
52
-33
-12
11
-4
-3
2
-1
-3
-1
0
-2
-1
0
-1
-1
0
0
0
0
0
1
0
-2
3
0
-3
1
3
-3
-3
12
-11
-32
53
32
-47
-28
7
32
-15
-7
62
-22
-96
51
46
-41
-20
55
4
-49
65
-111
71
24
-34
5
-7
14
14
-45
55
-22
-33
16
29
-32
-27
196
-148
-77
23
78
-77
113
-19
-29
-23
7
-23
63
-35
-9
-24
-146
394
-237
-29
-1
-28
-12
128
-54
-18
-31
-3
7
70
-72
19
-16
4
4
2
-5
-46
116
-60
-62
41
12
7
-16
-11
27
-14
-47
89
-34
-7
-1
-5
-10
22
-12
18
-20
6
2
0
-1
1
0
-4
1
-1
-1
0
-2
0
-1
0
0
-1
1
-1
-1
0
0
1
0
1
0
0
2
-4
1
1
-2
1
3
6
-20
20
-11
22
-9
-6
-1
-6
-32
88
-47
-15
27
-11
-16
9
14
42
-61
-58
117
-44
-4
2
5
5
-16
22
-71
73
8
0
-28
-14
-51
131
-9
-24
0
-25
-233
398
-142
-16
-4
-27
64
-49
-17
-39
176
-115
-64
-1
14
92
-8
-102
11
29
8
6
-42
4
21
-6
2
-7
-7
3
15
-40
36
15
-48
7
18
-5
-1
-1
-6
0
8
-13
6
-8
16
-8
13
-28
16
-4
11
-7
-6
2
-3
-2
1
2
-2
-3
-1
-1
-1
-1
-1
-2
-1
0
0
-1
0
0
-1
0
0
-1
-1
-1
-1
3
2
-2
-2
4
-5
-7
11
-4
16
-28
13
-7
16
-6
6
-13
9
1
-5
0
-1
-5
19
7
-47
16
37
-39
16
2
-6
-6
3
-3
22
6
-41
9
11
33
14
-98
-5
93
16
2
-60
-111
179
-32
-12
-41
61
-43
-6
14
-45
44
-41
33
-17
-7
-33
47
-13
-10
0
-3
-2
1
-3
-2
0
1
-2
-1
-1
-4
-4
10
-2
-6
-3
2
-2
0
1
-2
2
-2
4
-2
5
-7
-1
7
-2
-4
2
5
-2
0
-3
-1
0
0
-2
0
-2
0
-1
1
-1
-1
-1
-1
0
-1
-1
0
0
0
-2
1
-1
2
-1
0
1
-1
-2
0
-1
6
2
-5
-1
5
-1
-6
6
-2
4
-2
2
0
1
0
-2
5
-1
-6
-1
12
-3
-3
0
1
0
2
1
0
-2
1
-1
1
3
-7
-10
49
-30
-5
-15
36
-37
48
-41
21
0
-34
63
-42
-5
-1
16
-50
31
-10
-5
0
30
-52
17
-8
3
-6
0
1
-5
3
-4
2
-3
1
-3
5
-17
14
-5
-3
-5
6
-2
-4
4
-2
0
2
-3
2
-5
0
7
-7
2
-4
8
-8
4
-3
-1
0
-2
0
0
-1
0
0
0
-2
0
0
0
-1
0
-1
0
-1
1
0
2
0
0
-1
1
0
-1
1
1
0
4
-7
8
-5
3
-5
9
-1
-4
3
-2
3
0
-1
5
-3
-2
7
-5
-2
-3
15
-17
6
-2
2
-1
3
-3
4
-4
2
1
-3
6
-4
19
-49
34
2
-3
-6
34
-46
19
7
0
-35
63
-42
-2
-1
-3
-7
2
-12
5
-14
12
-6
7
-16
1
0
-5
0
1
-5
2
-4
0
-2
0
-2
-1
3
-6
0
3
-5
-1
3
-4
0
1
0
0
-2
3
-3
-2
6
-7
5
1
-7
1
0
-1
1
-3
2
-1
0
-1
-1
0
-1
-1
0
0
-1
0
0
0
0
1
1
-1
0
1
1
-1
3
-2
2
0
0
2
-7
1
4
-7
9
-3
-1
3
0
2
1
1
0
-3
3
-1
-5
4
1
-5
3
-1
-1
1
-1
2
-3
3
-2
1
1
-4
3
4
-12
10
-4
15
-12
7
-10
4
-4
-1
6
3
-34
62
-41
-2
0
-20
9
2
-7
-5
10
-21
8
-5
1
-4
-2
-4
4
-4
0
-1
-2
-4
3
-1
-6
9
-7
1
-5
5
-6
3
-2
4
-6
1
-2
3
0
-5
4
3
-1
-3
3
-3
1
2
-1
-1
1
-2
-1
-1
-1
-1
0
-1
-1
0
-1
0
-1
0
0
1
0
0
0
-1
1
0
0
0
0
-2
2
-1
0
3
2
-4
3
-3
0
2
3
-3
0
3
-2
1
-4
5
-1
3
-5
6
-5
2
-4
9
-5
0
3
-3
0
0
1
-3
5
-3
1
0
3
-1
11
-18
12
-4
-3
5
13
-17
8
3
-31
60
-41
2
-10
-5
-3
-2
-2
2
-15
5
14
-17
-6
3
-5
-2
-2
-2
2
-5
-1
0
1
-2
-2
0
-4
1
0
-7
4
-2
0
-2
3
0
-2
3
-3
3
-2
1
1
1
-7
4
1
-1
0
-2
-2
1
-2
0
-1
-1
1
-1
-2
-1
0
0
0
0
0
0
0
-1
0
0
1
-1
0
0
-1
1
0
-3
1
0
1
3
-7
1
2
0
-2
3
-2
3
-2
0
3
-2
2
-2
5
-6
2
3
-2
1
-1
-2
2
1
1
-3
3
-1
-1
-1
-2
6
-2
-14
17
8
-11
4
3
2
0
-2
-4
7
-33
62
-38
-4
-9
4
-6
-5
-1
-1
9
-27
10
7
-8
-4
-2
-1
-1
-3
4
-4
0
-2
-1
0
-3
5
-6
-1
-4
1
0
-2
1
-1
0
1
0
-1
4
-1
1
-2
5
-4
0
-2
4
-1
-4
0
0
-2
2
-3
-1
0
-1
0
-2
0
-1
0
-2
0
0
1
-1
0
0
1
-2
1
1
-2
3
-2
2
0
-2
0
4
-1
1
-3
6
-2
0
-1
4
-2
0
1
0
0
0
-2
2
2
-1
1
-5
7
-1
1
-1
1
0
-3
5
-2
1
0
1
0
-5
9
13
-24
11
1
2
-1
-3
7
-1
0
-30
61
-38
-6
-2
-13
8
-2
-7
-2
-11
13
0
-10
-6
1
-6
1
-3
0
-1
-1
0
2
-3
1
-3
-3
0
3
-1
-2
-3
2
-1
-1
2
-3
2
-2
1
2
-3
2
-2
3
1
-4
5
-5
2
-3
1
-1
-2
3
-1
-1
0
-2
-1
-1
-1
0
-1
1
0
1
0
-1
1
-1
2
-1
-1
3
-1
0
2
-2
3
-4
5
-4
1
2
-1
3
-3
2
1
-2
3
-2
4
-1
0
2
-3
0
-1
4
0
-2
-1
1
-2
2
0
0
1
1
-2
2
-3
6
-2
-7
3
16
-8
0
-4
1
12
-10
6
0
-31
60
-39
-4
-5
-3
4
-19
13
-6
5
-13
1
1
-5
1
-5
0
-3
1
-4
2
-4
-1
0
0
0
-3
-3
4
-4
-2
-1
2
-3
4
-7
6
-3
0
2
0
2
-2
4
-1
1
-4
4
-2
-2
1
-3
1
-3
1
0
-1
0
-1
-1
0
0
-2
0
-1
0
-1
-1
0
-1
1
1
-1
1
2
-3
1
-2
2
-1
-1
4
-3
1
-1
4
-3
2
-1
2
0
-2
6
-6
4
-2
2
0
-1
-4
5
-1
-3
1
1
2
0
-3
4
-3
2
-1
1
-3
3
-2
5
3
-10
7
-5
19
-16
8
1
2
0
-30
60
-38
-3
-6
4
-15
7
-4
-5
-2
7
-10
-4
3
-5
-2
-1
-2
1
-4
-1
-1
0
-3
1
-1
-6
4
-3
-2
-1
3
-4
3
0
-1
2
-3
2
-1
3
-5
2
2
-1
2
-1
-3
3
-2
0
1
-3
1
-1
0
-1
-2
1
-2
0
-1
-1
-1
0
-1
0
-1
1
-1
0
-1
0
-1
1
1
-2
1
0
0
4
-3
-2
3
0
2
2
-4
3
-1
2
-3
3
-2
0
2
-4
5
-1
0
-2
5
-4
1
1
-2
2
1
0
-1
3
-1
0
0
-2
7
-1
-5
9
1
-3
0
10
-13
7
1
1
-29
3
0
-6
-6
-1
0
-3
-5
-2
0
-1
-2
-3
-2
-2
-3
-1
-1
-1
-1
-1
0
-1
-1
-1
-1
-1
-2
-2
-2
-1
-1
0
0
0
0
0
0
0
0
0
-1
0
0
0
0
0
-1
0
0
0
-1
-1
0
0
-1
-1
-1
0
0
-1
-1
-1
-1
0
0
-1
-1
0
0
1
0
0
0
1
1
0
-1
-1
0
0
-1
-1
1
1
0
0
-1
-1
0
0
0
0
0
0
0
0
0
0
0
-1
0
0
0
0
0
0
0
0
0
0
0
0
0
0
0
-1
0
2
1
0
-1
1
2
2
0
-1
2
