-9
-4
-5
-4
-3
-3
-5
3
-24
20
-3
-18
10
16
-25
3
-7
6
-13
26
17
-114
82
-14
-10
59
-42
-11
-6
6
107
-237
71
165
-175
119
-5
-171
200
-85
3
20
-25
27
-23
33
-37
17
-24
29
-9
-1
-1
1
-3
-1
0
-1
0
0
-1
0
0
-1
0
0
-1
-1
0
0
-1
0
1
1
-3
2
-1
0
-9
29
-23
17
-36
33
-23
28
-26
20
4
-83
200
-172
-4
120
-175
165
71
-236
108
8
-5
-9
-42
61
-9
-12
84
-112
18
27
-11
8
-6
7
-22
20
13
-15
0
24
-22
7
-2
1
-1
4
0
3
-12
-3
-6
-4
-3
-3
1
-25
31
-16
1
-8
-10
25
2
-85
38
53
-99
73
176
-468
323
23
-131
104
-67
17
0
-53
138
-55
-48
-19
25
-56
179
-310
276
-62
-24
-21
104
-85
-37
77
-40
8
-8
11
-6
-3
4
-4
-1
1
-2
0
-1
-1
-1
0
-1
-1
-1
-1
0
0
0
-1
0
0
-1
2
1
-3
5
0
-5
12
-7
7
-39
79
-36
-84
105
-21
-24
-63
276
-310
179
-56
26
-18
-48
-54
139
-52
0
19
-65
106
-130
25
326
-465
177
75
-98
55
39
-82
5
28
-7
-5
4
-12
34
-21
5
0
0
2
-1
5
-9
-4
-7
-3
-3
-4
2
-22
24
-13
-26
39
-21
16
-36
87
-144
81
-9
30
13
-117
56
6
41
-20
-74
55
-16
-18
-5
191
-239
227
-244
88
-226
522
-342
18
75
-17
-42
41
-50
4
54
-39
20
-20
5
2
-5
-3
1
3
-2
1
0
-1
-1
1
-1
0
0
0
0
0
0
0
0
0
-1
3
1
-1
-4
4
6
-18
21
-39
55
5
-50
42
-42
-15
75
18
-343
523
-225
89
-243
229
-239
192
-5
-17
-15
57
-74
-20
42
8
58
-117
14
32
-7
81
-143
89
-33
18
-18
42
-24
-10
25
-17
6
-1
0
4
-1
4
-11
-5
-3
-8
1
-5
0
-5
-3
-12
24
-31
9
-26
60
21
-112
-73
205
-98
308
-488
28
208
-23
-108
136
-60
-28
-14
104
-128
87
17
-127
152
-30
-7
27
-79
8
-162
354
-180
-9
-47
98
-42
15
-24
6
1
7
-2
-16
15
-15
9
-5
0
0
0
-1
0
1
0
-1
0
0
1
-3
9
-13
16
-14
-2
8
2
7
-23
16
-41
98
-47
-8
-181
354
-162
8
-79
28
-7
-29
153
-126
17
87
-128
106
-11
-27
-59
137
-106
-22
209
29
-487
309
-96
206
-72
-111
24
63
-23
12
-28
27
-9
-1
-1
5
0
4
-2
2
4
-10
-4
-5
-6
-1
-3
3
-21
23
-18
-13
49
-84
51
-67
150
-164
90
-35
-110
264
-105
-71
-40
35
10
105
-126
61
-4
33
-79
-30
-56
155
-140
161
-92
50
5
-135
153
-6
-28
-53
11
79
-64
11
1
4
-9
6
8
-22
7
-2
-4
4
-1
-1
-1
1
0
0
0
0
-1
-1
-1
4
-4
-1
8
-20
8
7
-6
4
2
12
-65
80
10
-52
-28
-5
153
-135
6
51
-92
161
-140
156
-55
-30
-77
34
-3
62
-125
106
11
36
-39
-70
-105
264
-109
-34
92
-163
154
-63
54
-80
51
-10
-14
24
-16
7
0
1
0
0
5
-10
-5
-2
-8
-1
-7
4
-18
16
-16
1
59
-86
9
39
-58
9
49
-55
-26
221
-650
593
245
-432
86
-127
86
27
-33
80
-174
326
-297
-83
-34
576
-653
468
-272
102
-73
150
-206
152
37
-169
98
14
-36
11
9
-21
-15
23
0
-4
7
-7
-1
-1
-2
-1
-2
-1
0
0
-1
0
0
-6
7
-3
1
23
-15
-20
11
12
-35
15
100
-168
37
152
-208
149
-73
102
-273
468
-655
576
-32
-81
-297
326
-172
81
-32
29
88
-125
88
-431
248
594
-649
223
-24
-53
49
10
-54
43
12
-82
62
5
-13
18
-14
6
-4
2
0
3
3
-9
-4
-5
-5
-2
-2
-3
4
-23
22
-69
167
-173
54
-17
104
-223
41
208
-234
293
-414
595
-541
119
-24
152
-70
18
37
-369
447
-239
-127
830
-1056
930
-739
410
-193
-87
226
72
-320
189
-91
109
-97
43
-4
2
5
24
-82
59
4
-24
9
-2
-2
0
0
-1
0
0
0
-1
0
0
0
-1
10
-23
5
59
-81
26
7
4
-4
44
-95
109
-90
189
-320
72
228
-87
-192
411
-738
929
-1056
832
-126
-239
448
-368
37
18
-69
153
-25
120
-541
596
-413
294
-232
208
42
-222
108
-14
57
-170
169
-66
25
-21
7
0
0
1
3
0
3
-8
-8
-4
-4
-6
-1
-8
-5
11
1
-41
-67
222
-186
100
-143
224
-153
152
-251
149
-70
162
-205
-91
266
-122
39
-33
-124
299
188
-771
320
113
5
-122
212
-227
207
-236
330
-183
79
-276
252
10
-112
57
-3
-12
20
-42
-3
29
-6
-6
3
-3
-1
-1
-1
-1
0
0
0
0
0
-1
0
-2
4
-5
-6
31
-1
-42
22
-10
-2
58
-111
11
254
-275
79
-183
330
-237
208
-227
212
-122
5
113
321
-771
190
299
-124
-32
40
-121
266
-90
-203
164
-69
150
-250
153
-150
225
-141
103
-183
226
-64
-38
5
13
-1
-3
3
-2
4
2
0
-8
-6
-3
-6
-4
0
-2
-12
-11
36
-133
232
-155
50
-107
187
-180
19
-31
87
104
101
-265
-33
-26
144
-42
-25
27
-4
-31
422
-686
140
369
-207
125
-158
-222
290
-183
130
57
18
-31
-72
11
19
5
2
-11
6
41
-66
5
22
-9
7
-4
-2
0
0
-1
-2
1
0
0
1
-1
-1
-4
8
-9
23
7
-65
42
6
-9
3
6
20
11
-74
-30
17
56
129
-182
292
-222
-157
125
-207
369
141
-686
422
-31
-2
28
-23
-41
144
-25
-32
-263
102
105
88
-29
20
-179
190
-105
52
-153
235
-130
40
-10
-8
3
5
-2
2
1
2
-7
-5
-9
0
-3
-6
-2
-10
33
-73
55
-3
-17
26
26
-248
385
-272
71
25
234
-575
255
-99
301
-107
-39
13
5
-45
-79
355
-349
444
-716
303
154
39
-352
233
-34
141
-184
28
38
52
-69
28
11
-26
7
-11
9
-10
12
10
-24
11
-5
2
0
-1
-1
-1
0
0
0
1
1
3
-5
12
-23
11
12
-9
10
-11
8
-26
12
28
-68
53
38
29
-184
141
-34
233
-352
38
153
304
-715
445
-349
355
-79
-43
6
13
-36
-107
302
-97
258
-573
234
25
72
-270
386
-245
30
29
-14
1
58
-71
34
-6
3
-2
1
8
-5
3
-7
-9
1
-8
-6
-1
0
-15
8
-8
3
-57
124
-99
25
26
8
-42
-104
234
-379
372
-7
-277
165
-26
54
-69
15
15
88
-38
-307
561
-450
120
-203
465
-321
73
-31
277
-516
250
170
-217
48
44
-30
12
-7
-15
24
6
-28
10
3
-4
0
-2
0
0
0
0
1
-1
0
1
0
-1
0
-2
4
11
-28
6
25
-14
-7
13
-29
44
48
-217
171
250
-516
278
-31
72
-321
465
-203
120
-450
563
-307
-37
89
17
16
-66
55
-25
166
-276
-5
373
-378
235
-104
-41
9
29
29
-95
128
-54
7
-5
10
-11
4
4
-3
-2
6
-1
-7
-7
-6
-5
-4
-5
-7
0
9
-2
14
-25
2
-62
144
-144
94
-26
-40
21
60
-250
333
-190
81
-45
-2
-12
15
-52
104
-122
-17
229
-191
43
36
-97
111
-38
19
10
-106
44
77
-69
34
-32
9
-6
4
11
-16
7
-3
-11
10
-1
-1
-1
-1
-1
-1
-1
0
0
0
-1
0
-1
0
1
11
-10
-1
8
-16
13
4
-5
10
-32
34
-68
77
43
-106
11
19
-38
111
-96
37
44
-190
231
-17
-121
106
-51
17
-10
0
-45
83
-189
335
-249
62
23
-38
-25
95
-141
148
-58
5
-22
17
0
11
4
-3
1
-1
3
-2
0
-6
-11
1
-12
-13
76
-86
-34
40
118
-104
-79
22
27
135
-111
-35
-41
111
-49
-74
-329
717
-297
35
-168
133
-21
-33
55
98
-136
-350
392
-267
499
-199
57
-253
207
-159
-236
617
-715
738
-203
-132
-65
60
8
-16
-7
73
-40
-41
24
-3
6
-6
-1
0
-1
-2
-1
0
-1
0
-1
0
0
-4
8
-3
24
-39
-39
73
-6
-16
9
61
-65
-132
-202
738
-715
617
-235
-159
207
-253
57
-199
499
-267
392
-350
-136
99
57
-31
-20
134
-167
37
-295
717
-327
-73
-48
112
-39
-34
-108
139
31
25
-75
-102
120
42
-30
-82
79
-10
-5
6
-1
-6
2
-13
-11
83
-169
153
52
-689
743
18
-297
57
31
108
-227
171
-53
-75
-106
814
-1023
458
-208
172
-35
-14
12
-25
8
109
-180
181
-467
576
-14
-410
449
-546
243
46
109
-550
901
-406
-46
17
-31
10
29
-34
-31
97
-94
45
-5
-9
5
-3
-1
0
-1
-1
0
0
0
0
0
1
0
-1
7
-8
-3
47
-93
98
-31
-33
29
11
-30
17
-45
-405
901
-552
109
46
243
-546
448
-410
-14
578
-466
181
-179
110
9
-24
13
-13
-33
173
-208
459
-1022
815
-106
-73
-53
172
-224
113
36
60
-294
21
747
-687
55
157
-167
87
-4
-9
9
-9
-13
-22
74
8
-191
81
-349
1224
-1166
337
724
-871
-559
473
405
-343
294
-219
342
-387
-398
783
-316
204
-215
68
-57
52
5
149
-762
997
-206
-653
747
197
-709
74
-60
348
-205
-332
1053
-850
-9
381
-284
151
-99
55
-23
54
-106
97
-46
13
-6
-2
0
-1
0
-1
0
-1
1
0
0
0
1
0
-5
14
-44
97
-106
54
-22
56
-98
152
-283
381
-9
-850
1053
-332
-202
348
-59
73
-708
198
747
-653
-206
997
-761
150
6
54
-56
68
-214
206
-315
785
-395
-386
342
-217
295
-342
407
476
-557
-868
727
340
-1163
1225
-345
85
-187
11
82
-17
-5
-3
-12
38
-111
180
-193
130
155
-681
384
239
-283
232
-162
-190
511
-333
-377
906
-620
-402
1855
-1878
678
-285
191
-5
-36
49
-41
-199
221
61
335
-1073
944
-697
1272
-1294
349
270
-458
52
321
-53
80
-197
53
-25
50
-17
29
-36
44
-58
19
-3
7
-7
1
-1
-1
-2
0
0
-1
-1
-1
-1
2
-6
8
-2
21
-57
45
-36
30
-18
50
-24
54
-196
80
-53
321
52
-459
270
349
-1293
1273
-698
945
-1072
334
61
223
-198
-40
50
-34
-6
192
-284
679
-1876
1856
-401
-618
907
-376
-332
513
-187
-160
235
-279
241
387
-679
157
134
-189
183
-104
43
-3
-6
-5
0
-7
92
-157
66
493
-1195
171
885
-415
-338
821
681
-1660
-153
296
799
473
-617
-1650
1226
417
-105
-321
263
-192
74
49
-268
365
201
-207
-740
660
322
-610
118
310
-493
317
-118
402
-368
11
31
-30
72
-13
-51
2
65
-60
17
7
-12
6
0
-1
-1
-1
-1
1
-1
0
0
-1
-1
0
1
6
-11
7
18
-59
66
3
-50
-12
73
-31
32
10
-366
402
-117
317
-493
311
119
-609
322
660
-739
-207
201
367
-268
49
75
-191
264
-320
-104
419
1226
-1649
-616
475
801
297
-152
-1655
683
825
-335
-412
888
175
-1193
495
69
-153
95
0
4
4
-8
-11
-38
97
-31
-87
52
19
29
-312
477
-424
-556
1753
-1210
114
618
-1233
1350
-1528
2266
-2909
1834
-68
-373
136
69
-15
-172
-90
-85
1049
-1607
1165
266
-1250
995
-19
-584
219
-57
-42
225
-320
387
-172
-18
96
-89
53
-53
40
-40
12
16
-20
11
-7
0
-1
-1
-1
-1
-1
0
-1
0
-1
0
-1
0
-6
12
-19
17
14
-39
41
-53
55
-88
97
-17
-172
387
-318
225
-41
-57
219
-582
-19
996
-1250
265
1166
-1607
1050
-84
-89
-172
-13
70
137
-372
-67
1836
-2908
2266
-1528
1352
-1234
619
116
-1208
1757
-552
-420
479
-308
31
23
55
-83
-28
103
-34
-3
-8
-9
14
-58
28
-13
8
-273
422
354
-1008
973
-1446
1864
-1319
492
2
-695
844
213
-1163
1394
-584
-278
403
-296
68
-5
-1
191
-522
777
-574
-791
1649
-1075
807
-739
232
-63
454
-789
664
79
-507
322
-224
172
-54
-8
9
-39
37
9
-15
-8
0
2
-3
-1
0
-1
-1
-1
0
-1
0
0
0
1
-1
4
0
-7
-13
10
38
-39
11
-8
-53
171
-222
323
-507
80
665
-787
454
-62
233
-739
806
-1075
1650
-792
-574
778
-521
190
0
-3
68
-296
405
-277
-583
1395
-1161
214
845
-692
3
495
-1316
1869
-1443
976
-1005
356
424
-269
11
-8
32
-50
19
0
-7
-3
19
-61
-31
108
-89
-369
968
-949
646
-306
-364
618
161
-500
-8
250
143
-903
797
-165
-235
302
-23
-180
136
-1
-19
-122
442
148
-819
-582
1032
460
-132
-776
83
358
-118
57
169
-555
381
-69
175
-181
55
-20
-10
44
-49
20
-25
29
-12
0
-2
-1
0
0
-2
-1
1
0
0
0
0
0
-2
1
-11
30
-25
21
-48
46
-9
-18
56
-179
176
-70
381
-556
169
58
-118
357
83
-777
-132
461
1034
-582
-819
149
442
-120
-17
0
136
-179
-21
304
-233
-163
798
-902
144
251
-7
-496
163
621
-360
-303
648
-944
970
-365
-86
114
-28
-53
23
5
-8
-8
-4
14
-90
110
-31
-526
1124
-949
839
-1109
1210
-1042
464
151
-512
737
-341
-480
931
-1143
867
-249
-114
189
-141
71
-8
100
-525
1091
-1292
1298
-1135
350
515
-871
662
-228
-277
898
-974
506
-293
239
-58
-76
83
-34
2
6
2
-40
48
-24
4
2
-2
0
-2
0
-1
0
0
1
-1
0
0
0
-2
3
5
-23
50
-38
3
7
3
-31
84
-75
-57
238
-292
506
-974
897
-276
-228
662
-869
515
350
-1134
1298
-1292
1092
-524
101
-7
72
-141
190
-113
-249
868
-1142
932
-479
-340
737
-511
153
466
-1038
1213
-1106
841
-947
1126
-522
-27
114
-86
21
-1
1
-11
-8
-24
49
-52
7
-8
-612
1199
-320
-761
1022
-124
-1005
908
-128
-637
132
279
590
-338
-532
280
16
-45
214
-280
124
-28
-7
97
-426
694
365
-1388
928
-50
-557
294
-21
423
-224
-214
-74
170
37
23
-69
-5
53
-26
1
-6
27
-27
3
3
-2
1
0
-1
0
-1
0
-1
1
-1
0
0
1
2
-2
4
4
-26
27
-5
2
-25
53
-4
-69
23
37
171
-75
-214
-224
424
-22
293
-556
-50
930
-1388
365
694
-425
98
-6
-27
126
-278
215
-43
17
282
-530
-337
590
280
133
-636
-123
910
-1003
-121
1024
-757
-315
1201
-607
-4
9
-49
55
-19
1
-8
-7
-14
19
51
-105
-5
-641
1316
-429
-432
254
459
-727
-209
787
-520
-189
744
-738
652
-470
59
96
86
-77
-34
-17
34
-48
255
-444
395
233
-701
151
171
26
-154
169
-59
124
-39
-359
359
-130
38
3
41
-35
-9
-1
22
-35
24
-3
-4
1
-3
-1
-1
0
-1
0
1
-1
0
-1
0
0
-2
2
-3
-4
25
-34
22
1
-8
-34
42
2
38
-131
359
-359
-37
124
-59
171
-154
27
171
151
-700
234
395
-443
257
-47
34
-15
-34
-77
86
97
60
-469
654
-736
746
-188
-519
792
-206
-724
462
256
-429
-428
1318
-638
-1
-102
54
26
-9
1
-9
-4
16
-70
122
-176
220
-633
986
-757
562
-576
621
-771
820
-519
106
-49
62
102
166
-699
535
-205
111
-51
30
41
-80
69
-107
251
-610
955
-801
437
-477
502
-207
116
-328
355
-251
386
-382
140
-72
73
-23
8
-5
-10
20
-13
-3
2
1
0
-2
-1
0
0
-2
0
0
0
-1
0
1
0
-2
1
1
2
-1
-13
21
-8
-3
8
-22
73
-72
139
-382
387
-251
354
-328
117
-207
502
-477
438
-801
956
-610
251
-107
71
-80
42
32
-50
112
-203
538
-699
168
102
63
-48
107
-516
823
-767
624
-573
566
-754
987
-628
225
-172
124
-64
20
5
-9
-3
13
-50
20
71
-264
45
325
-97
-50
-108
16
87
-325
506
-289
-50
-43
450
10
-658
280
39
50
-68
36
-16
14
-35
190
10
-490
-87
645
-163
-67
119
-283
97
117
-382
609
-326
54
-38
30
-12
-5
5
5
-9
-2
2
1
-5
3
-2
-1
1
0
-1
-2
0
0
0
-1
0
0
1
0
-1
3
-4
2
3
-1
-7
7
6
-4
-12
31
-37
54
-326
609
-382
118
97
-283
118
-67
-163
646
-86
-490
10
191
-35
16
-14
38
-66
51
39
284
-658
11
451
-42
-48
-288
509
-321
91
20
-106
-46
-92
327
50
-260
76
24
-41
18
5
-11
-5
-17
42
-87
0
159
-182
113
-31
2
-41
-160
336
-169
45
-127
40
-60
258
-243
132
-118
40
27
34
-74
23
27
-43
-61
203
-176
170
-195
61
48
-103
177
-129
-122
141
30
29
-20
-60
29
-11
4
-5
7
-11
5
1
5
-11
3
-1
0
-1
-1
-2
0
0
0
1
0
-1
0
0
1
-1
4
-11
7
2
5
-10
8
-3
5
-9
29
-59
-20
30
30
141
-123
-127
177
-103
48
61
-194
170
-176
202
-60
-42
28
24
-73
36
28
41
-117
133
-242
260
-58
41
-126
49
-166
338
-157
-37
4
-27
115
-178
162
4
-83
50
-12
2
-11
-3
-13
8
-15
23
-48
12
1
56
-16
-107
170
-74
-328
366
-35
4
-94
27
139
-210
113
-49
6
23
-10
-40
42
-12
30
-21
25
-36
-24
-8
-1
36
29
-33
-12
-47
147
-139
75
2
-40
23
0
-14
9
-2
-1
3
-10
7
-2
-1
-1
-1
-1
-1
-1
-1
0
0
0
0
0
0
-1
0
-1
7
-8
2
-1
-2
10
-14
1
24
-39
1
75
-140
147
-46
-12
-33
30
36
0
-6
-24
-37
25
-20
31
-11
44
-38
-9
23
7
-48
114
-209
140
29
-92
5
-34
369
-325
-70
174
-104
-14
60
2
15
-45
27
-11
15
-9
5
-11
-4
-6
-8
12
-15
14
-41
26
-145
184
26
-87
-155
500
-468
170
-148
88
46
169
-414
210
-6
0
-25
38
-15
-19
36
-12
-66
61
161
-287
95
29
2
-47
67
-14
-10
-3
2
0
9
-9
-1
1
-3
8
-12
10
-7
-1
3
-3
0
-1
-1
-1
-2
0
0
0
-1
0
-1
0
0
-1
0
-2
3
0
-6
10
-12
8
-2
2
0
-8
8
0
3
-3
-8
-14
67
-46
3
29
95
-287
162
61
-65
-12
35
-17
-14
38
-23
1
-6
212
-413
170
48
89
-147
171
-464
502
-151
-84
28
188
-143
27
-37
17
-11
16
0
-2
5
-10
-4
-8
12
-35
9
21
7
-59
41
41
-128
148
-50
-340
379
-12
7
-141
65
179
-346
168
8
-7
-33
57
-38
0
-8
-17
57
-37
81
-93
-32
83
-53
27
-24
18
-72
143
-69
-14
-4
28
-16
-5
6
-1
0
-4
6
-4
-1
-1
0
-1
-1
-1
-1
0
-1
0
0
1
0
0
0
0
0
0
0
-4
6
-4
1
-1
7
-4
-16
29
-5
-14
-69
143
-71
18
-23
29
-53
83
-32
-93
81
-37
58
-16
-8
1
-36
59
-33
-6
9
169
-343
179
66
-140
8
-11
382
-336
-47
151
-126
44
44
-56
11
26
12
-32
21
-4
4
-10
-5
-7
-13
20
-30
26
-10
-41
75
-47
-77
146
-264
453
-397
107
87
-126
41
23
-74
68
-8
-20
9
1
-1
-11
34
-25
37
-123
67
100
-145
59
17
-15
-33
92
-91
46
-19
16
-18
5
5
-9
8
-4
-1
1
-7
5
-2
0
-1
-1
-2
0
-1
0
0
0
0
0
0
0
0
-1
0
0
-2
6
-7
3
-1
-3
10
-8
5
6
-19
16
-18
46
-91
92
-34
-15
17
60
-143
100
69
-123
38
-24
36
-10
1
1
10
-19
-6
70
-72
24
42
-125
89
108
-393
457
-260
150
-74
-44
79
-39
-5
29
-25
23
-6
-1
5
-9
-5
-1
-7
12
-22
-30
43
-5
-63
19
107
-9
-141
24
30
20
-64
72
11
-33
-2
-34
39
-16
18
-21
15
-16
4
33
-61
2
12
38
7
-54
34
-29
13
-10
42
-25
-15
16
3
-8
-3
0
3
-2
2
-5
4
-6
2
-1
0
-1
-1
0
0
0
-1
0
1
0
1
1
1
0
0
-1
2
-4
5
-3
1
-2
5
1
-2
-7
3
17
-15
-26
42
-10
13
-27
35
-53
9
39
13
2
-59
34
4
-16
17
-20
18
-15
41
-33
-1
-33
11
72
-63
21
34
27
-137
-6
109
21
-60
-3
47
-28
-19
14
0
3
3
-18
-5
11
-3
-21
-6
21
13
-16
-23
1
9
-9
-17
3
18
8
-9
-9
-4
-4
-3
6
6
-5
-11
-2
5
-1
-4
7
9
-9
-22
-4
20
16
-8
-14
2
8
-2
-6
4
7
-3
-7
1
4
-3
-5
2
5
-3
-6
1
5
-2
-6
0
4
-2
-6
0
5
0
-6
-1
5
1
-5
-1
5
2
-5
-1
6
2
-4
-2
5
1
-6
-1
7
4
-6
-2
8
2
-14
-8
16
21
-4
-20
-9
9
7
-4
-1
6
-1
-10
-4
8
7
0
-2
-2
-8
-8
9
21
6
-14
-6
12
4
-20
-15
16
25
-2
-18
2
16
0
