-9
-6
-4
-5
-3
-3
-4
-4
-2
-1
-5
1
-3
-2
-6
10
-19
7
-2
-1
-2
-2
0
-1
-2
-1
0
3
-5
-7
-9
55
-53
10
-5
6
3
-2
-1
-2
13
-18
0
9
-2
1
-1
-1
4
-11
12
-14
9
-2
-11
13
-11
2
-3
1
-1
0
0
-1
0
-1
-1
-1
-2
2
-1
3
-10
14
-10
-2
10
-12
14
-10
5
-1
0
0
-2
9
-1
-17
14
-1
0
0
4
6
-4
11
-53
56
-8
-6
-3
4
1
0
-1
0
2
1
-1
0
0
8
-18
13
-4
2
-1
3
-3
2
1
0
1
1
0
3
1
3
-9
-6
-3
-6
-2
-7
3
-8
-1
-5
3
-6
1
-1
-5
-12
12
-6
-3
1
-2
3
-4
0
0
-3
-3
3
-11
10
5
-24
17
-14
8
12
-10
-1
-3
6
4
-20
15
1
-2
1
0
-1
1
-1
-3
12
-1
-37
35
-6
2
-7
1
0
-2
0
-3
1
-1
1
-1
1
-1
1
2
-6
3
-5
36
-37
0
14
-3
0
2
-1
1
2
-2
1
15
-20
4
6
-3
-1
-9
13
8
-13
17
-22
6
12
-11
5
-1
-1
2
1
-3
4
-1
2
-1
-5
13
-9
-1
1
3
-1
6
-2
1
-4
7
-2
1
1
2
3
-15
14
-15
-28
-4
17
7
2
-26
-12
18
13
-15
-20
-19
11
44
-20
-16
-4
7
-1
-2
-9
2
5
-6
3
-11
15
7
-25
-21
-2
10
51
-2
-37
-22
25
13
32
-71
-1
24
5
4
-16
-13
20
4
-6
10
-20
10
-8
14
-11
1
0
-6
3
2
-6
6
-6
2
4
-5
0
2
-11
15
-5
11
-20
11
-4
5
22
-12
-16
4
6
25
-1
-72
32
13
26
-20
-36
-2
52
11
-1
-21
-25
9
17
-11
3
-4
7
3
-7
-1
1
8
-3
-14
-19
45
14
-17
-17
-12
17
20
-9
-25
7
11
21
0
-21
-10
21
-20
22
-16
-34
-15
2
46
7
-31
-42
-2
56
14
-33
-20
-38
18
19
8
6
-27
-2
15
1
-14
-2
-1
14
19
-32
-37
-7
30
30
13
3
-44
-17
3
83
-47
-11
-39
5
21
49
21
-69
-40
11
22
36
-2
-19
-1
-20
12
15
-9
-2
-4
1
2
0
-4
0
3
1
-4
-1
-9
14
14
-19
2
-19
-2
36
22
12
-39
-69
21
50
21
4
-39
-12
-46
84
4
-17
-44
5
14
29
30
-5
-36
-32
19
16
0
-2
-13
2
17
-1
-25
9
10
20
19
-33
-16
-29
17
59
1
-39
-29
11
51
6
-11
-26
-11
31
-23
-15
-14
63
-77
33
37
-49
-6
8
12
-17
-41
61
-38
13
16
-45
3
21
-21
5
6
-8
0
4
-4
-6
-3
56
-82
41
-17
44
-9
-61
6
33
0
24
-56
68
-72
26
12
-25
7
41
44
-88
-42
43
4
22
-20
-11
8
3
-2
-5
4
-3
-6
3
1
4
-5
-1
4
-3
-1
4
10
-10
-18
23
4
44
-41
-86
45
41
9
-24
11
27
-71
70
-56
26
2
33
6
-60
-8
44
-17
42
-82
57
-2
-3
-2
6
2
-7
8
5
-20
22
4
-45
17
16
-34
63
-38
-14
15
12
-4
-45
41
36
-74
70
-9
-7
-20
-3
-5
-82
177
-104
11
-29
0
21
-28
17
45
-116
92
-9
-99
79
-23
18
-9
4
4
-10
6
-10
11
-15
19
-63
42
5
-5
1
-43
107
-64
14
-31
34
-9
-18
9
12
-6
-5
20
-17
-56
53
17
-9
-11
5
-4
10
-23
18
-8
-1
1
0
-3
0
3
0
-2
0
1
0
-6
18
-23
11
-3
6
-10
-8
18
54
-55
-17
20
-4
-5
13
10
-20
-9
33
-31
15
-63
108
-44
1
-5
5
42
-61
20
-13
11
-7
7
-9
5
4
-8
18
-22
81
-98
-6
96
-114
48
19
-24
25
2
-26
14
-99
181
-74
0
4
-14
28
-28
8
-131
122
25
-29
-28
4
-42
1
175
-140
-10
-108
130
14
-17
-35
13
4
-16
9
3
6
2
-20
83
-259
225
-3
51
-175
1
187
-155
90
-47
30
-109
49
118
-91
2
-8
-58
144
-8
-151
73
33
-42
39
-39
11
-6
11
0
-7
0
-5
8
3
-13
2
9
-4
2
-7
1
13
-6
12
-39
40
-41
34
75
-151
-7
145
-57
-9
3
-91
118
49
-109
30
-48
90
-154
188
1
-175
51
-4
225
-258
84
-19
2
6
3
11
-14
5
13
-34
-17
15
131
-104
-6
-139
178
5
-38
7
-26
-25
28
127
-128
16
-24
35
10
-34
4
151
-343
216
21
-98
107
-46
-58
118
-206
109
104
-166
130
-59
-39
42
2
-24
15
6
-22
4
13
3
-83
181
-218
183
-74
-54
137
-207
151
37
-114
33
73
-168
233
-231
159
-20
-134
275
-357
285
-128
30
-14
-4
9
3
-8
10
-3
-11
8
-2
0
-2
2
-3
2
-3
9
-9
-2
10
-8
4
10
-3
-13
32
-126
285
-356
275
-136
-20
159
-230
232
-167
73
35
-113
39
152
-206
137
-52
-74
184
-218
183
-82
2
14
6
-22
8
16
-23
3
42
-38
-58
131
-163
107
111
-202
121
-54
-43
109
-96
24
221
-339
157
8
-28
3
-26
31
-1
-134
183
-96
-1
26
-55
71
-111
206
-208
79
40
-178
177
-69
15
-13
13
-2
-30
37
-35
27
-43
130
-198
65
162
-309
244
52
-238
152
-87
108
-153
139
46
-185
106
15
-25
21
-111
104
88
-171
21
42
45
-49
-10
17
-16
15
-13
9
-12
7
-6
2
-4
7
-10
10
-12
15
-15
18
-8
-49
46
43
22
-170
89
105
-109
22
-25
16
106
-186
46
140
-153
108
-87
153
-238
54
245
-309
163
66
-196
131
-41
27
-33
39
-28
0
16
-13
16
-69
179
-177
42
82
-205
208
-108
73
-51
28
2
-92
186
-131
6
36
-18
-18
30
-23
-57
1
77
-83
85
-37
-36
-23
14
31
9
5
-47
-18
6
33
-6
-10
-8
-5
23
0
-27
-6
25
34
19
-86
-35
-21
65
4
32
22
-53
-19
15
5
24
11
-18
-30
-11
22
17
13
6
-37
-13
21
-13
6
16
-19
-4
9
-8
0
7
-1
-3
-4
-1
0
8
0
-6
11
-3
-19
17
7
-13
21
-12
-37
8
14
18
22
-11
-30
-18
10
25
4
15
-19
-54
22
33
4
66
-21
-33
-85
20
35
27
-6
-27
1
25
-4
-6
-10
-4
34
6
-17
-43
8
12
35
18
-20
-32
-36
90
-79
80
5
-48
-18
38
-1
-33
13
23
-23
-40
54
-13
-27
9
23
-45
75
-126
78
-26
31
-39
23
-12
-4
1
-2
8
-12
-1
9
5
-4
-32
4
17
-46
64
-27
99
-118
14
9
4
9
-49
70
-57
53
-18
-15
-46
68
-5
1
-10
-38
50
-32
23
-8
-6
4
-6
5
-5
-1
0
1
2
-1
-4
6
-6
4
-5
-7
24
-31
51
-37
-9
2
-4
69
-45
-14
-18
53
-57
71
-49
9
3
10
14
-117
99
-27
64
-46
19
4
-31
-3
6
12
1
-10
9
-1
3
-2
-11
24
-38
32
-21
81
-122
79
-42
27
12
-24
-10
58
-36
-20
31
18
-25
-28
23
-29
60
-67
-9
-7
-5
1
-3
21
-18
82
-73
10
3
-123
102
-15
18
-9
-15
13
2
-9
3
8
-8
14
6
-86
33
-47
115
120
-258
88
7
4
35
-57
-71
124
-15
-24
2
64
-28
-151
121
-1
12
-70
98
-62
14
-7
1
1
1
-2
-1
3
-6
3
-6
3
1
-1
1
1
2
-6
15
-62
99
-68
13
0
121
-150
-27
65
4
-23
-13
124
-71
-56
36
4
8
89
-258
120
116
-47
34
-84
6
14
-7
10
3
-8
2
14
-12
-8
20
-14
102
-122
6
14
-69
85
-15
24
0
3
0
-5
-5
-64
69
-24
30
6
-33
3
66
-104
66
-53
-1
77
-119
121
-51
-153
212
-100
68
-126
90
-22
2
-8
13
-16
4
12
-29
38
-34
-13
78
-103
51
26
-117
166
-128
67
1
-34
9
-5
38
-42
-7
45
-26
-43
147
-211
157
-62
3
32
-44
42
-35
12
-3
0
5
-6
2
-3
1
-1
2
-1
3
-6
6
-1
-3
13
-34
42
-43
33
3
-61
158
-210
148
-42
-27
46
-8
-41
37
-5
10
-34
1
67
-126
167
-116
26
52
-102
79
-12
-34
38
-28
13
6
-15
14
-8
4
-22
91
-125
70
-98
217
-150
-48
125
-114
79
3
-49
69
-101
71
8
-25
-10
-16
24
-14
-28
18
-2
-15
2
13
-2
-47
26
10
-5
-13
23
-31
7
-3
8
-3
-3
-3
4
-1
-4
0
-14
37
-27
-9
16
-20
12
14
-16
6
-7
-3
1
-2
13
-12
-1
10
-6
10
-21
8
-1
0
-4
3
3
-8
3
-1
-2
-1
1
-2
1
1
-1
0
1
-2
3
-1
0
-1
4
-7
4
5
-4
2
-1
9
-20
11
-4
10
-1
-12
12
-2
2
-2
-7
7
-15
17
12
-18
16
-7
-26
37
-14
1
-4
-2
5
-1
-2
-2
9
-2
8
-31
24
-11
0
13
29
-45
2
17
4
-10
1
21
-25
-6
29
-6
-3
-31
28
-18
11
-19
2
-2
-5
2
-22
47
-60
31
-17
-6
21
-12
-3
1
0
-7
2
-1
0
-3
-5
8
-2
-3
0
3
0
-3
-5
-11
11
5
-4
4
-7
11
-10
10
-11
10
-6
-3
8
0
-13
7
-6
9
-5
-3
0
2
0
0
-1
0
-1
0
1
-1
0
-1
0
1
-1
2
0
-1
-4
10
-6
7
-11
1
9
-3
-4
11
-11
9
-10
11
-7
3
-4
7
11
-10
-3
-4
0
3
1
-1
-1
7
-5
-2
1
-1
4
-4
1
3
-2
-11
22
-4
-15
34
-56
51
-19
5
-3
1
5
-15
15
-11
33
-22
-13
-7
6
-13
-3
2
-1
-9
4
-6
2
2
-3
-6
-9
0
5
-4
1
-6
1
0
-2
-1
0
1
-2
0
-6
6
-4
1
6
-10
-2
15
-13
4
2
-2
3
-9
9
0
1
-5
2
-5
12
-6
-6
2
3
-2
0
-2
-1
-1
0
-1
-1
-1
-1
-1
-1
0
0
0
0
1
0
-1
0
0
1
-1
3
3
-6
-5
13
-5
2
-4
0
1
9
-9
3
-1
3
5
-13
14
-2
-10
6
1
-4
5
-4
1
-2
2
1
1
0
1
2
-5
3
-4
6
3
-6
-2
0
4
4
-3
5
-5
3
5
0
-7
12
0
-9
-14
17
-18
-1
-2
-4
0
-4
-2
5
1
-25
13
-6
0
3
-9
4
-3
-1
-2
-1
-1
-2
-1
-2
1
-1
2
-12
5
1
1
-4
-8
15
-7
1
-1
2
0
1
-4
2
1
0
-1
3
-2
-2
0
-1
1
-1
-1
0
1
-1
1
-1
0
0
0
0
0
0
0
-1
1
0
1
1
1
0
1
-1
1
-1
-1
4
-2
-1
1
2
-5
1
-1
2
-1
2
-7
15
-7
-3
1
1
7
-11
4
0
2
-2
0
0
1
1
0
0
-2
7
-6
3
2
-2
17
-22
4
7
1
-2
3
-2
1
2
-11
21
-7
-8
-12
10
-17
0
-3
-2
-3
-4
2
-3
-11
22
-21
-3
1
1
-3
-2
1
-3
0
-2
-1
-1
-1
-1
-1
-1
-1
-4
7
-12
2
-1
6
-3
-2
1
1
-1
3
-2
1
1
2
2
-5
3
-1
0
0
-1
0
0
-1
0
-2
0
-1
-1
0
-1
-1
0
0
0
0
1
-1
0
-2
1
0
0
-1
0
1
0
0
4
-5
2
1
3
0
-2
2
-1
0
2
0
-3
7
0
3
-12
9
-2
0
0
0
-1
1
1
0
-1
3
-2
4
1
-2
2
6
0
-18
24
-9
-1
4
-2
2
1
0
3
-9
15
-3
-9
-5
-4
2
-14
3
-5
-3
0
-2
-1
2
-16
8
-4
-2
-2
0
0
-2
0
-2
-1
-1
0
-1
-1
-2
-2
0
-4
-2
0
7
-16
12
-2
-1
1
-2
1
0
0
0
2
0
-2
0
-1
-1
0
-2
-1
0
0
-1
-1
0
-2
-1
0
-1
-1
0
0
0
0
0
0
0
-2
1
0
0
0
-1
0
1
0
1
-1
1
-1
0
1
1
-1
0
2
0
1
-1
-1
13
-16
7
0
0
-2
2
-1
-1
1
0
0
1
-1
-1
0
0
1
0
-1
1
-1
10
-13
5
1
-1
1
0
-2
6
-12
9
-1
3
-8
-4
-3
-6
-3
-2
-3
-2
-1
-2
-3
5
-13
3
-3
-3
1
-1
-2
-1
-1
-1
-1
-1
0
0
-1
0
-2
-2
1
-4
3
1
-6
5
0
0
0
0
1
0
1
0
1
0
1
-1
0
-1
-1
0
-1
0
0
0
0
0
-1
0
-1
-1
-1
-1
-1
1
0
0
0
-1
-1
1
0
1
-1
1
0
1
-1
-1
1
-1
2
-1
0
1
1
1
1
0
0
0
2
5
-6
2
3
-4
3
-1
-1
1
0
0
1
0
0
1
0
1
-2
0
2
0
-1
5
-10
8
-1
-1
1
0
-1
2
0
0
0
2
-8
-6
-2
-5
-2
-3
-2
-2
-1
-1
-1
0
-6
-2
0
-3
-3
1
-1
0
-1
0
-2
-1
-1
-1
-1
-1
-2
0
-1
-2
2
-2
2
-4
2
0
0
0
0
1
0
1
0
0
-1
0
-1
-2
-1
-1
-1
-1
0
1
-1
0
-1
-1
0
-1
0
-2
1
0
0
0
-1
0
-1
0
0
0
0
-1
0
0
1
0
0
0
-1
0
0
0
-1
-1
0
0
0
-1
2
-4
3
-1
2
-1
-1
0
-1
1
0
0
0
1
0
0
0
0
0
0
-2
2
4
0
-4
3
0
1
0
0
0
1
1
1
2
0
-8
-5
-4
-4
-2
-3
-3
-2
0
-2
-1
0
-6
-2
-3
-2
-1
-1
0
0
-1
0
-1
-1
-1
-1
-1
-1
-2
0
-2
-1
-2
3
-4
1
0
-2
-1
-1
0
0
0
0
0
-1
-2
-1
-1
0
-1
-1
-1
-2
-1
0
-1
0
-1
0
1
-1
-1
-1
1
0
-1
0
0
1
-1
1
0
0
0
0
-1
0
-1
1
-1
1
0
0
0
1
-1
1
0
-1
0
-1
-1
1
-3
4
-2
1
-1
1
-2
1
-1
0
0
0
-1
0
-1
-1
0
0
-1
1
0
2
-2
3
1
0
0
1
0
0
-1
2
1
2
-8
-5
-2
-5
-3
-2
-2
-1
-1
-2
-1
-2
-1
0
-3
-2
0
-2
0
0
0
-1
0
-1
-1
-1
-1
0
0
-1
1
-2
1
-2
0
0
-1
1
-1
1
0
0
-1
1
-1
1
-1
1
0
-1
-1
-1
0
0
0
0
0
0
0
-2
0
-1
0
-1
0
0
0
0
0
0
1
0
0
0
0
1
0
1
0
0
0
0
0
0
0
0
0
-1
-1
0
0
1
0
1
1
-1
1
-1
0
-1
1
0
0
0
0
0
0
0
0
0
0
0
0
1
-1
3
2
0
0
0
1
0
0
0
0
1
2
0
-6
-5
-1
-3
-2
-2
-3
-2
0
0
0
0
-3
-1
-2
-2
-1
0
0
-1
-1
-2
0
-1
-1
0
0
-2
-2
-1
-2
-1
-1
-1
-1
0
0
0
-1
1
0
-1
0
0
0
0
0
1
-1
0
0
-1
-1
0
0
-1
-1
0
0
0
0
-1
-1
-1
-1
-1
-1
-1
-1
0
0
0
0
0
0
1
-1
0
0
0
-1
1
0
0
-1
0
0
1
0
0
0
0
0
1
0
0
-1
-1
-1
0
-1
0
0
0
0
0
0
0
0
0
1
1
-1
1
0
2
-1
0
0
0
0
0
0
1
1
1
1
0
-7
-4
-4
-2
-1
-2
-2
-2
-1
-1
0
-2
0
-1
-2
-1
0
0
-1
0
-1
0
-1
0
-1
-1
0
-1
0
-1
-1
-1
1
0
0
0
0
1
-1
1
0
0
1
1
0
1
0
1
0
-1
0
-1
-1
0
0
-1
0
-1
0
-1
0
-1
0
0
0
1
0
0
0
0
0
0
0
-1
1
0
0
-1
0
0
0
1
1
0
0
0
0
0
1
0
0
0
0
1
0
0
1
0
0
0
0
-1
0
0
0
0
0
0
0
0
0
0
0
0
0
0
0
0
0
0
0
0
0
0
0
1
1
0
-6
-8
1
-7
-3
-3
-4
-2
-1
-2
-2
-2
-2
-4
-1
-3
-1
0
-2
-1
-1
-2
-1
-2
0
0
-2
1
-2
-1
0
-1
0
-1
1
-3
4
-2
-4
14
-16
4
10
-18
15
-5
-4
8
-8
3
-1
-1
0
-5
5
-2
-3
6
-5
4
-4
1
0
-1
0
-1
2
2
-3
4
-5
6
-1
-3
6
-4
0
0
1
2
-7
7
-2
-6
16
-18
9
5
-16
15
-4
-2
4
-2
2
-1
0
-1
0
-1
-1
1
-1
-1
2
0
1
1
0
1
1
1
0
1
2
-1
1
1
1
1
1
1
0
1
-1
0
5
-1
-10
-9
1
-7
-2
-1
-4
-3
-1
-3
-2
-1
-1
-3
-2
-1
-3
1
0
-2
0
-1
-2
-1
-1
-1
-1
-1
-1
-1
-1
-1
-1
0
0
0
0
-2
4
-3
0
0
0
0
-1
1
0
1
-1
-1
0
-1
1
-2
-1
3
-5
3
0
-2
0
-1
-2
-1
0
0
0
1
0
0
0
3
-4
3
1
-2
2
-1
-1
-1
0
0
0
1
0
0
1
0
1
-3
4
-1
0
1
0
1
-1
-1
1
-1
0
0
-1
1
0
0
0
1
1
-1
0
2
-2
1
0
-1
1
1
1
1
0
1
-1
3
0
0
6
1
-20
39
-85
44
-9
-5
-3
-3
-1
-3
-3
-2
-3
0
-17
18
-15
5
-3
-2
0
-1
0
2
-7
3
-1
-1
-2
-1
0
-3
-1
1
0
-1
2
-1
0
0
0
1
1
0
0
1
-1
-3
5
-2
0
-3
1
0
-4
-1
2
-1
-1
1
0
-3
-3
2
-3
4
-2
-1
0
1
0
0
3
1
-2
1
1
-1
1
0
5
-4
0
1
0
0
0
1
0
0
1
-2
3
0
0
2
-1
-1
1
-1
1
1
0
4
-7
4
2
-1
0
-1
-1
7
-14
22
-13
3
1
0
1
-1
1
-1
0
-1
-6
51
-79
47
-5
6
-20
-17
9
-2
-2
-7
1
-4
-2
-1
-4
1
-13
-6
12
1
-5
-2
0
-3
5
-5
-3
3
-2
-1
1
-1
-1
-1
-2
0
2
-4
3
0
0
1
-1
3
-2
2
-2
1
1
-3
0
-1
0
-6
5
-9
4
10
-18
10
-7
-2
11
-10
-3
1
3
1
-2
-9
11
-2
-5
10
-17
12
5
-7
6
-6
1
1
1
-2
1
2
-1
4
-2
2
-2
0
0
-1
3
-4
3
1
-2
1
-1
0
1
-1
1
4
-3
-3
7
-2
0
-1
-5
2
13
-3
-11
6
0
2
1
-1
3
-3
2
2
12
-8
-16
14
-2
11
-46
15
-1
-6
0
-4
-1
-3
-3
-2
-1
-6
0
2
-6
-6
3
-1
-1
0
2
-4
2
-3
0
1
-1
-2
-2
-1
2
-2
1
0
0
0
-1
0
0
0
0
0
0
1
-1
0
-1
0
-1
0
0
0
-1
-1
-1
0
-1
-1
-3
-2
2
0
-3
1
2
-2
-2
1
0
1
0
0
0
1
0
-1
0
2
0
0
0
2
0
-1
0
2
0
0
1
0
0
0
2
-2
2
0
0
-1
0
2
0
-3
3
-4
4
0
0
0
4
-5
-5
6
3
-3
2
0
0
0
1
-1
3
-3
2
23
-41
20
-5
-10
12
-26
6
-7
-3
-2
-1
-2
-3
-2
-3
-2
-1
-1
-16
-7
27
-16
-1
-4
7
-3
-5
1
-3
-2
1
-2
-1
-2
2
-3
2
0
0
0
0
-3
4
0
-2
4
-3
-4
11
-10
1
1
2
-3
0
-9
21
-25
16
-8
0
4
-3
2
-4
2
0
2
-4
2
-3
5
0
-7
17
-25
22
-8
0
-3
4
2
2
-11
12
-3
-2
4
-1
0
4
-3
0
2
0
1
3
-1
2
-1
1
-1
1
0
-3
4
-4
-2
8
-2
1
-14
28
-6
-15
4
2
3
1
1
0
1
1
3
0
-3
10
-17
18
-1
-4
-5
-5
-2
1
-2
-4
-4
-1
-1
-3
-2
-1
1
-2
-6
-4
0
1
0
-2
-2
0
1
-1
-1
-1
-1
0
-1
-1
-1
0
1
0
0
1
1
-1
0
0
1
2
-1
0
0
1
0
-1
-2
-2
0
-1
-1
0
0
-1
0
-1
0
-1
-1
0
1
-1
-1
0
0
0
-1
0
0
0
0
0
0
0
1
-1
-1
-1
0
1
0
-2
0
0
1
0
-1
0
1
1
0
-1
0
0
0
0
1
0
1
0
0
0
0
1
0
-1
1
3
1
-3
-3
0
3
1
0
-1
1
1
-1
-1
1
3
2
1
-1
