-8
-6
-3
-7
-1
-2
0
-14
7
-2
-4
-2
-5
0
-6
-4
-4
12
-15
11
-12
5
-2
1
0
-1
-1
-5
6
-8
5
-12
10
-5
-2
1
0
-4
6
3
-4
0
3
2
4
-17
16
-8
9
-10
2
2
-2
-3
1
0
-2
-1
-2
-1
-1
-2
0
0
0
0
0
1
-1
1
0
1
-1
1
2
-3
-2
2
3
-8
10
-9
16
-17
4
3
3
-1
-4
3
6
-5
1
2
0
-4
10
-10
5
-7
7
-2
0
1
1
0
-1
7
-11
11
-13
13
-3
0
-3
5
-2
2
0
1
9
-11
4
2
2
0
3
3
-7
-6
-4
-4
-5
-2
-8
2
-7
11
-9
-2
-4
-12
13
-7
2
-12
18
-26
13
-1
-2
-2
1
-6
7
0
-7
-8
13
-9
6
2
-11
6
-4
7
-5
2
0
-2
9
-8
1
1
2
10
-11
-5
4
-2
-1
3
0
-1
0
-2
-2
-1
0
-1
-2
0
-1
0
0
-1
0
0
0
0
1
-2
1
2
-1
-1
5
-4
-10
10
2
2
2
-8
8
-3
0
2
-4
8
-3
6
-11
2
6
-8
15
-6
-5
1
6
-6
2
-1
-1
0
14
-24
20
-9
3
-5
16
-8
-1
2
-7
13
-6
5
-3
2
-1
3
0
2
-8
-6
-4
-5
-4
-6
18
-34
19
-3
-8
1
-13
7
6
-4
-14
8
-17
17
-8
9
-8
-7
3
-3
-1
-8
5
-1
4
-10
4
-1
-11
18
-14
8
-11
9
-4
4
-11
23
-41
30
6
-24
14
-2
2
-5
-4
4
-3
4
-6
2
-3
1
0
-1
-1
-1
0
0
0
-2
1
1
-3
3
-5
5
-2
5
-2
-6
3
-1
15
-23
6
30
-40
24
-10
4
-3
10
-10
9
-14
18
-10
0
4
-10
5
-1
7
-7
1
-1
5
-5
-6
10
-7
19
-17
10
-13
0
9
10
-10
4
-5
1
20
-31
23
-3
-1
3
1
2
-9
-6
-4
-7
-1
0
-22
13
-5
-6
5
-4
-8
-15
34
-25
1
-6
24
-27
1
-2
2
1
-9
8
-6
-2
-3
8
-3
-11
14
-13
8
-11
14
-3
-14
21
-20
12
-7
-2
24
-32
1
20
-13
13
-11
-4
7
1
-7
5
-7
2
0
0
-1
-1
0
-1
1
-1
2
-2
0
0
0
3
-6
6
-6
1
8
-3
-10
12
-12
21
1
-33
24
-1
-7
12
-19
21
-13
-2
15
-11
8
-11
14
-10
-1
9
-1
-1
-4
9
-7
4
4
-1
2
-24
25
-4
2
-20
38
-11
-5
0
7
-1
-4
18
-18
4
2
0
1
3
-10
-5
-5
-5
-3
-10
12
0
-26
24
-19
2
5
-31
41
-36
23
-21
20
-21
16
-17
2
4
-6
2
1
2
-5
-11
18
-7
-6
6
-7
16
-21
3
10
-2
1
2
2
-1
-9
-11
26
-1
-25
19
1
-10
12
-21
19
-8
-4
-1
2
2
-3
0
0
0
1
0
1
-1
-3
3
2
0
-2
-6
20
-19
12
-8
2
17
-24
-1
26
-10
-8
0
2
4
0
-3
10
2
-20
18
-8
8
-6
-6
19
-10
-4
2
2
1
-5
6
5
-16
16
-22
21
-19
24
-32
46
-28
8
5
-16
27
-24
4
16
-5
0
3
-2
5
-8
-6
-4
-5
1
3
-44
58
-28
-7
-2
0
14
-42
33
-25
11
3
-22
6
13
-10
1
-6
-1
11
-18
22
-21
-9
18
-9
12
-9
-6
8
-5
-6
2
17
-15
13
-34
42
-41
53
-41
21
-20
16
-6
-3
9
-19
6
7
-8
0
-1
-5
7
-4
-1
1
-2
0
0
-3
7
-3
0
2
-7
10
8
-18
10
-2
-5
16
-19
22
-40
53
-41
41
-34
13
-15
18
3
-6
-5
10
-5
-8
12
-9
20
-7
-19
24
-17
12
1
-5
2
-8
15
8
-21
6
12
-22
36
-40
17
2
2
-4
-26
62
-41
4
4
1
1
3
-9
-6
-3
-6
-2
10
-34
17
-3
0
-21
12
12
-10
-40
45
-22
8
6
-10
-20
28
-22
11
-8
12
-16
6
5
-28
33
-18
16
-25
22
-20
19
-7
-11
15
4
-16
16
9
-52
39
-5
3
29
-52
22
-1
-5
7
-9
-3
3
-4
4
3
-5
1
0
1
-1
1
0
1
-4
4
5
-3
4
-2
-8
7
-3
-1
22
-50
30
4
-5
39
-52
9
16
-17
4
15
-9
-7
20
-20
22
-25
16
-18
34
-25
6
8
-15
12
-7
12
-20
29
-20
-9
7
10
-21
47
-37
-8
16
15
-18
2
-2
20
-32
16
1
0
3
2
-9
-6
-4
-4
-10
8
8
-30
-1
22
-32
13
27
-83
69
-32
27
-35
3
24
-7
-9
1
0
1
-6
2
2
5
-31
5
22
-6
10
-20
6
-5
9
6
-15
17
-26
11
4
7
5
-20
10
-12
10
6
-9
-5
-10
25
-12
5
-12
8
-4
1
-2
0
1
0
0
0
-2
2
-4
8
-11
6
-11
25
-9
-4
-9
7
9
-11
10
-18
5
8
4
10
-24
17
-15
6
10
-5
9
-19
11
-6
22
7
-31
5
3
3
-5
2
1
2
-8
-6
25
3
-34
28
-29
72
-80
31
15
-29
26
1
-27
12
12
-6
3
1
2
-8
-5
-4
-5
1
1
-33
21
3
-8
3
-13
2
4
23
-58
27
-12
-20
43
-27
8
10
-1
-29
8
10
-14
31
-7
-29
11
-15
7
27
-26
9
3
-10
-8
19
-19
25
-10
-9
-21
57
-37
0
4
-5
6
-10
8
-6
11
-22
8
0
10
-11
0
1
0
0
0
1
0
-10
11
0
8
-22
13
-6
9
-9
7
-4
5
1
-37
58
-20
-8
-8
26
-18
19
-8
-10
2
10
-24
28
7
-15
14
-27
-7
31
-14
12
8
-28
0
11
9
-25
46
-19
-11
28
-56
25
7
6
-10
5
-3
5
24
-29
4
4
0
1
3
-9
-6
-4
-7
-2
-17
11
11
5
-55
52
-37
-1
-58
145
-60
-29
-14
5
13
3
-5
-16
21
-22
6
3
-1
-13
22
-25
16
-12
10
-15
13
4
-15
21
-30
24
-20
19
11
-25
-10
37
-16
-5
-21
21
-3
6
-5
-19
28
-19
4
4
-3
-2
1
1
-2
0
-1
1
0
-2
-3
4
6
-18
28
-18
-3
6
-2
22
-20
-4
-16
38
-10
-25
12
18
-19
23
-29
21
-17
4
13
-14
10
-12
18
-24
23
-12
0
4
7
-21
22
-14
-4
4
15
6
-13
-28
-56
148
-55
2
-34
55
-52
7
15
15
-13
1
0
1
3
-7
-9
0
-7
-1
-20
56
-71
-27
95
-54
7
-29
53
-43
-13
48
-40
-1
11
-12
18
-16
-2
1
5
-3
-10
12
-12
-1
10
-5
6
-6
-1
2
-10
10
5
-22
35
-51
40
2
-1
12
-28
-34
43
-12
-1
6
-12
2
4
6
-9
0
0
-2
1
-2
-1
0
1
-1
0
-1
1
2
-8
8
4
4
-11
7
0
-11
45
-33
-28
12
0
3
39
-52
36
-22
6
11
-10
3
0
-7
6
-5
9
1
-12
12
-7
-3
6
3
1
-13
18
-10
13
-1
-38
49
-8
-40
56
-26
10
-52
98
-25
-66
60
-17
2
1
4
-1
-10
-3
-5
-5
-5
10
-13
-7
-16
22
0
-6
0
-8
-23
39
-36
21
-7
-25
19
1
-1
2
-15
8
6
-1
-13
-8
11
-5
13
-12
0
-2
19
-22
9
-17
12
-19
46
-50
23
6
19
-40
9
17
-18
2
-1
11
-12
3
-8
10
-7
-1
1
-2
2
-1
1
-1
2
-2
1
0
-5
12
-8
4
-10
11
-1
2
-18
19
10
-41
19
7
23
-49
46
-18
13
-16
9
-21
19
-1
0
-9
13
-4
11
-8
-11
0
7
9
-14
3
-1
3
20
-22
-6
22
-35
44
-19
-5
4
-3
2
25
-14
-2
-10
13
-2
3
0
5
-6
-8
0
-9
-1
6
-56
86
-57
27
-37
3
3
2
21
-32
-9
14
9
-25
11
2
-7
-1
-2
8
-9
2
-6
11
-20
18
-13
1
3
-1
0
9
-16
15
-17
19
-8
-2
5
-38
81
-79
55
-36
7
7
-6
-1
0
-2
1
0
-4
3
-2
-1
-1
-1
0
0
-1
0
-2
4
-3
0
2
-1
1
0
-4
9
8
-34
56
-78
81
-39
6
-2
-8
18
-17
16
-16
9
0
-1
4
4
-13
19
-20
12
-5
4
-8
9
-1
0
-5
5
12
-23
11
15
-8
-28
25
5
6
6
-34
31
-55
90
-53
11
1
-1
5
0
11
-39
22
-6
-2
1
-34
23
-2
13
-34
14
-32
89
-104
38
-20
48
-81
64
-17
-6
-6
8
-6
1
-2
-1
2
-10
7
2
1
-1
-6
0
11
-13
12
-8
-5
6
0
-4
12
-17
3
12
-10
-6
4
1
-2
-7
6
1
-2
-1
-3
0
-2
1
-2
0
-1
0
0
0
-1
1
-1
0
-1
2
6
-7
-2
4
4
-4
-9
11
3
-17
12
-5
1
7
-4
-8
13
-12
11
0
-5
0
1
3
8
-9
3
-1
-2
5
-4
9
-6
-3
-15
65
-80
49
-19
41
-100
92
-29
18
-31
17
0
27
-30
5
2
2
27
-29
1
-2
-21
25
-42
249
-535
281
-44
154
-56
-110
109
10
-162
56
29
-36
79
-23
-35
19
-14
1
6
-11
14
-7
17
-58
14
26
-12
16
-15
4
9
-10
-16
18
-3
-9
4
6
-6
7
-11
0
23
-19
-2
-3
1
1
-2
1
-2
-1
-1
-2
1
-2
-1
0
1
1
0
-1
2
-1
-1
0
-1
3
0
1
2
-1
-1
-19
24
1
-11
8
-6
7
5
-10
-4
19
-16
-9
9
6
-14
18
-12
26
15
-58
18
-6
14
-11
7
4
-13
22
-34
-21
81
-33
30
61
-160
14
112
-108
-52
158
-42
285
-531
254
-38
32
-15
6
0
-6
-15
28
-60
381
-887
525
22
152
-142
-47
152
-245
-113
215
-161
146
311
-400
200
-132
-68
70
-50
100
-27
1
28
-45
-4
-14
12
6
5
-7
8
-7
5
7
-7
4
-1
-9
2
-1
7
-25
37
-6
-10
-5
2
3
-6
1
-3
3
-2
-1
0
1
-1
-1
-2
0
0
-1
1
-1
-2
4
-2
2
-5
3
3
-4
-9
-3
38
-24
7
-1
3
-8
-1
4
-7
7
5
-7
8
-5
5
6
12
-13
-4
-44
29
4
-27
103
-48
70
-66
-130
200
-398
311
147
-160
218
-111
-241
154
-43
-140
156
25
530
-882
385
-58
37
-11
3
-10
-19
-11
3
-65
-127
599
-437
149
-127
-32
212
-120
-160
-50
149
127
-433
397
78
-304
108
95
-78
20
-8
-40
20
-27
29
-14
-9
4
6
-7
13
-10
3
8
-10
4
3
6
1
-2
-1
-5
13
-5
-10
5
-6
3
-4
2
-2
2
-1
-1
-1
0
-1
0
-1
1
-1
0
-1
2
0
0
-1
4
-3
2
-3
4
-4
6
-9
-4
11
-6
1
-1
0
6
2
4
-9
8
4
-8
13
-6
6
4
-7
-14
30
-26
20
-39
-7
20
-76
97
110
-303
79
399
-432
128
152
-47
-157
-117
217
-28
-122
151
-433
602
-123
-62
10
-7
-11
-18
4
28
-21
57
-29
-590
741
-326
-73
300
320
-213
-462
153
130
30
-317
-227
325
386
-225
-41
127
-116
-26
28
-40
-29
12
16
33
14
-16
-10
-23
5
12
3
6
-10
-3
0
1
-1
0
1
0
-4
11
-5
-7
0
-2
0
2
-1
-1
-4
-1
0
0
-1
0
0
0
-1
0
2
0
-2
-1
0
3
1
-2
1
-6
-4
10
-3
0
0
2
0
0
1
-2
-10
8
4
13
5
-22
-9
-16
14
35
17
12
-29
-39
28
-24
-115
129
-40
-223
388
326
-225
-317
31
133
156
-459
-210
323
303
-69
-324
745
-585
-26
60
-14
33
14
-34
-3
23
-73
-69
17
531
-512
235
-176
-202
260
383
-671
264
-121
-190
224
74
339
-605
366
-195
-53
-35
163
119
-82
-79
-22
18
35
22
-27
-12
-1
-5
21
6
-9
-17
12
7
11
-18
-15
13
9
3
-13
-5
1
5
0
-4
1
-2
0
1
-2
0
-1
-1
0
0
-1
0
0
1
-1
2
1
-2
3
-2
2
5
0
-5
-12
4
10
13
-14
-18
10
6
12
-16
-8
6
21
-5
0
-12
-26
22
36
19
-20
-78
-80
119
165
-34
-52
-193
367
-603
340
76
226
-189
-117
268
-668
387
263
-199
-171
237
-509
535
20
-66
-66
26
5
-34
27
-20
20
78
-127
-339
330
65
188
-304
-329
928
-473
-298
-183
375
226
298
-810
416
163
-376
-103
41
324
-42
-193
-44
183
-13
-88
-22
80
-22
-28
29
-4
-5
-8
4
11
-17
5
11
-10
-7
23
-21
5
-15
11
2
-3
-3
3
-2
-3
0
-2
-1
0
0
-1
0
0
1
0
0
-1
2
0
-1
4
-2
-2
2
12
-14
6
-20
24
-7
-9
13
5
-18
12
5
-8
-4
-3
28
-26
-23
82
-22
-88
-11
183
-43
-192
-40
325
42
-102
-374
164
417
-809
299
226
376
-179
-295
-471
931
-326
-300
192
67
333
-335
-123
82
27
-15
35
-42
40
-62
33
-109
34
599
-615
-248
367
158
-745
1443
-1115
-269
708
-134
-673
548
331
-713
581
-128
-279
193
362
-448
61
162
-159
-15
98
-79
29
16
-25
14
0
-22
22
1
-14
14
-6
-3
10
-10
11
-11
-5
13
-4
-4
-2
0
1
1
-4
3
-2
-1
0
-3
-1
0
1
-1
1
1
-2
3
-3
1
0
1
0
-3
-3
14
-4
-10
11
-10
9
-2
-5
14
-13
1
24
-23
-1
15
-23
16
30
-79
99
-14
-160
163
62
-446
363
195
-276
-127
582
-712
332
549
-672
-133
712
-265
-1112
1446
-741
162
369
-246
-612
603
38
-105
39
-57
47
-32
36
-38
-19
67
68
-503
398
138
-324
425
-913
1767
-1767
477
249
-196
228
34
-372
319
-209
90
-68
115
31
-106
50
-76
83
-48
35
-33
15
-7
6
7
-39
44
-20
5
-4
1
7
-6
3
-8
14
-26
33
-16
-13
13
-4
0
-3
3
-4
1
-1
0
-1
-1
-1
-1
0
0
0
1
0
1
-3
4
-3
2
-4
13
-12
-15
33
-25
14
-8
3
-6
8
1
-3
4
-19
44
-39
7
6
-6
16
-33
36
-47
83
-75
50
-106
31
116
-65
92
-209
321
-369
35
230
-195
253
480
-1764
1771
-909
427
-322
140
402
-500
72
70
-13
-33
46
-22
11
-12
-21
32
-239
578
-508
279
-398
398
-482
959
-1151
764
-389
233
-244
180
33
150
-353
144
-133
223
-177
124
-115
130
-107
53
-36
31
-32
14
8
-18
25
1
-25
13
6
-13
13
-7
-2
6
1
-11
13
-22
24
-15
6
-5
-1
0
1
-2
1
0
-1
1
-2
0
-2
1
-1
1
1
-1
2
1
1
-3
5
-14
25
-21
14
-10
2
7
-2
-7
14
-13
6
13
-24
2
25
-18
9
15
-33
31
-34
53
-107
131
-114
124
-176
225
-132
145
-352
151
34
180
-243
234
-386
768
-1148
963
-479
402
-395
281
-505
582
-234
35
-13
-6
20
-2
-27
23
-4
-111
404
-590
337
-140
223
-256
-37
477
-592
343
-113
-6
29
-30
-44
33
152
-174
33
30
-46
32
-12
-8
19
-19
7
2
-8
5
-5
-5
43
-49
27
-16
-1
14
-10
4
0
-1
14
-27
25
-28
23
-11
4
-2
-4
7
-7
3
-3
-1
1
-1
-1
0
0
0
2
-1
-2
3
-6
7
-3
-2
4
-10
25
-27
25
-26
14
0
0
5
-10
13
0
-16
27
-48
43
-5
-5
6
-8
2
7
-17
20
-7
-12
32
-45
31
34
-173
154
35
-43
-28
32
-5
-111
347
-587
480
-33
-254
226
-138
340
-586
407
-107
3
27
-18
12
-42
38
-3
38
-103
-42
108
-8
-21
-104
150
175
-574
348
111
-201
64
-17
159
-206
48
36
-13
-42
44
2
-2
-44
56
-35
-5
15
-2
-9
8
4
-11
7
-8
6
2
-3
-3
6
-2
1
-4
7
-12
2
5
-2
-6
0
1
4
-5
0
1
-1
0
-1
-1
0
0
0
-1
-1
1
1
-6
5
1
0
-4
-1
6
4
-12
8
-3
1
-2
7
-3
-3
2
5
-5
6
-12
5
8
-8
-1
15
-4
-34
57
-42
-2
4
46
-41
-12
38
48
-205
160
-16
66
-200
115
352
-570
177
153
-102
-18
-7
112
-38
-100
42
4
43
-34
15
-49
36
10
9
-68
25
-53
7
76
-21
111
-180
13
-32
87
-79
76
-25
-59
-31
134
-5
-63
-33
71
-23
-5
6
-20
4
3
-2
-1
-2
7
-1
-15
10
-3
0
2
-1
-1
1
1
4
-3
-7
8
-1
-13
9
-1
-1
0
-2
-1
1
-2
0
0
-1
0
0
0
0
0
0
-1
2
1
-1
1
0
-1
9
-12
0
10
-6
-2
4
1
1
0
-1
2
0
-3
12
-15
-1
8
-1
0
-2
4
5
-19
6
-4
-22
72
-32
-61
-3
135
-29
-58
-24
76
-78
91
-29
18
-176
112
-19
80
8
-48
27
-64
13
18
41
-39
18
-46
22
3
-8
-81
186
-173
86
-65
56
159
-376
192
-71
-24
228
-303
253
-114
44
-53
-8
57
-77
43
-20
25
-22
12
-1
-7
6
-3
2
1
-2
0
1
0
0
3
-2
0
0
-3
4
-2
2
-8
1
0
-1
-1
-1
-2
1
-2
-1
-1
0
-1
0
0
-1
1
0
-1
0
0
0
-1
2
-1
1
0
1
1
2
-6
3
-1
5
-2
0
0
-2
2
0
0
1
0
-1
1
2
-1
6
-8
-1
12
-21
28
-19
44
-76
59
-6
-52
45
-113
254
-302
229
-21
-67
194
-373
164
60
-62
88
-170
190
-76
-6
9
27
-36
11
-19
-14
21
7
3
-158
203
-82
-39
51
115
-256
203
-148
40
-1
47
-62
59
-87
93
-54
51
-61
17
5
-4
6
-3
-4
-1
1
1
-2
1
0
-1
3
0
0
1
-2
2
0
-1
1
-1
1
-2
-1
-1
0
-1
0
-1
-1
0
-2
0
0
-1
-1
0
0
0
0
-2
0
1
-1
1
0
1
1
1
0
0
0
-1
2
-1
0
1
1
1
0
2
0
0
2
-1
-1
3
-1
2
1
0
-3
-1
7
-3
6
18
-60
54
-52
94
-86
62
-62
48
0
43
-145
205
-253
118
54
-34
-81
208
-154
6
10
28
-9
-12
9
-27
16
-24
22
-81
170
-149
21
54
-81
111
-168
170
-136
44
-39
90
-15
-94
69
-5
-7
-7
10
-25
23
-4
-13
8
-6
0
-1
0
-2
1
-1
1
-1
2
0
0
0
-1
0
1
1
-2
1
-1
-1
-2
0
-1
0
0
0
1
-2
-2
-1
-2
0
-1
0
0
0
0
0
0
0
0
0
1
1
1
1
-1
1
0
2
-2
2
0
1
-1
0
-1
0
2
0
1
0
2
-2
0
-1
0
-5
10
-13
-3
23
-22
12
-6
-5
-4
70
-93
-15
91
-38
48
-133
174
-165
113
-79
58
23
-145
174
-76
25
-16
20
-19
6
-21
8
-15
1
64
-183
124
5
-18
-33
83
-78
14
-7
27
-34
-78
47
123
-89
-37
68
-70
39
3
-5
-14
6
-1
-2
1
1
-1
2
1
-1
2
-2
0
0
0
1
1
-1
0
0
0
0
0
-1
-1
-1
-1
-1
-1
-1
0
-1
-1
-1
0
-3
-1
0
0
0
0
0
1
0
0
0
-1
-1
1
-1
0
0
0
1
1
0
1
0
0
0
0
0
0
-1
1
0
0
2
-1
1
3
-2
-1
8
-13
-4
5
40
-68
70
-35
-88
124
47
-76
-33
31
-4
17
-75
86
-30
-14
6
128
-180
69
4
-7
12
-12
3
-17
1
-3
-6
-40
142
-132
13
-1
7
6
21
-73
55
-40
25
6
24
-63
-14
52
-16
-10
4
-5
12
-7
-4
1
1
-4
3
-2
0
0
0
0
1
0
0
1
0
1
-1
0
-1
0
-1
0
-1
-1
0
-1
-1
1
-1
-1
0
-1
-1
0
0
-1
1
-1
0
1
0
0
0
0
0
-1
0
0
0
1
-1
2
0
2
-1
0
0
1
1
1
0
1
1
1
0
1
0
-3
3
-3
1
1
-2
-6
13
-4
5
-8
-15
55
-13
-61
26
8
26
-36
57
-68
24
10
10
2
15
-128
145
-36
-3
6
5
-11
-10
-7
2
2
-5
-9
-5
1
2
-4
-5
-1
2
-3
-4
-1
2
-4
-8
-2
5
3
-6
-6
-1
4
-1
-4
-1
2
-1
-5
-1
2
1
-2
-1
1
1
-2
-2
2
1
-2
-3
2
2
-1
-2
0
1
-2
-3
0
1
-1
-2
1
1
-2
-3
-1
2
-1
-3
0
2
0
-2
0
2
-1
-2
-1
2
1
-2
-1
2
1
-1
0
2
1
-1
-1
1
3
-2
-3
2
3
0
-2
2
3
-1
-4
0
2
0
-3
0
5
1
-6
-5
4
6
-1
-5
-2
3
2
-1
1
4
2
-2
0
4
4
-3
-7
-1
7
6
-2
