14
-18
-2
-5
-2
-2
-5
-11
-1
21
-21
-4
-1
31
-80
129
-228
268
-167
56
-20
-6
10
56
-148
-107
358
-71
-134
55
-70
78
-90
31
-40
168
-124
81
-86
28
83
-152
48
81
-41
-93
94
-6
10
-45
14
21
-16
-1
7
-2
-7
-10
18
-9
3
-8
2
1
0
1
3
-8
4
-9
19
-9
-6
-1
6
0
-15
22
15
-43
11
-4
92
-93
-41
80
49
-152
83
30
-86
80
-124
170
-40
33
-90
79
-70
56
-134
-70
359
-105
-147
58
13
-4
-19
58
-167
269
-227
133
-77
35
2
-1
-17
24
0
-7
-2
3
1
2
3
-10
-33
7
-3
-7
-3
-3
-1
-7
0
30
-54
16
-7
-29
36
-46
94
-132
138
-131
90
-12
10
-76
112
-112
101
-75
-6
40
-31
-45
105
-20
-67
-63
158
-50
82
-182
239
-274
138
7
-17
11
7
-14
-17
9
50
-88
45
-18
24
0
-23
5
6
12
-30
12
0
-1
1
-1
0
12
-29
13
7
6
-22
2
26
-18
46
-87
51
11
-16
-13
7
11
-18
8
139
-272
240
-182
83
-49
158
-63
-67
-20
105
-45
-29
41
-5
-75
103
-110
113
-74
11
-11
91
-130
138
-130
95
-43
38
-25
-3
18
-51
34
2
-2
2
1
0
0
1
16
15
-20
-2
-5
-5
5
-13
0
15
-26
-30
74
-41
-13
-22
48
-25
140
-344
309
-184
50
151
-179
47
128
-194
4
14
71
-12
36
-79
109
-177
86
-61
134
-134
146
-50
-46
80
-67
-31
41
33
-55
-19
30
-3
54
-57
28
-21
2
13
-38
37
-19
8
-6
2
-2
0
0
2
-6
9
-18
38
-37
13
1
-21
31
-56
55
-2
32
-18
-55
34
42
-31
-67
80
-47
-49
148
-134
134
-60
86
-176
109
-79
36
-12
71
15
6
-192
128
48
-177
153
51
-183
312
-343
142
-24
51
-19
-10
-38
77
-27
-21
17
4
-9
8
-2
2
3
-12
-31
7
-4
-8
-4
9
-18
21
-68
49
-22
49
-52
-15
79
-49
-104
39
129
-132
65
-13
145
-220
197
-397
292
-24
163
-260
71
4
34
-59
76
-11
-147
257
-160
72
71
-276
203
-19
-20
-57
100
-11
-59
45
-10
-50
37
41
-59
38
-39
31
-20
16
-10
-1
0
0
1
-1
0
0
-10
18
-20
31
-38
39
-58
41
37
-48
-9
46
-58
-12
101
-58
-20
-20
204
-277
72
72
-160
255
-147
-10
76
-59
34
3
73
-260
164
-21
293
-397
198
-218
146
-13
66
-130
131
39
-103
-45
81
-12
-49
52
-19
53
-66
26
-14
13
-1
0
2
15
14
-18
-6
-4
-2
-5
-4
-1
-4
5
-29
43
-27
-8
-34
-46
309
-359
141
-50
-19
190
-164
130
-100
-115
194
-345
476
-247
25
-72
95
13
-208
379
-317
114
-9
55
-113
113
-83
50
-17
-3
2
-24
33
20
-28
-48
99
-67
-6
10
32
-37
-9
24
-14
12
-8
2
-1
3
-8
13
-14
25
-8
-37
33
11
-4
-66
99
-46
-29
20
34
-25
1
-4
-16
50
-84
111
-113
56
-8
113
-317
380
-208
13
95
-71
26
-247
475
-343
195
-113
-99
130
-162
191
-18
-47
143
-358
310
-43
-31
-5
-24
48
-26
8
-1
2
0
-2
1
4
0
-9
-31
7
-6
-3
-6
1
-16
31
-59
34
-5
9
-9
-17
0
38
-8
-117
88
64
-134
106
53
-117
-47
-47
226
-114
90
-221
99
54
17
-124
179
-229
116
-9
113
-131
-9
41
24
-28
28
-83
140
-135
26
100
-109
7
42
-8
-12
-6
17
-10
3
3
-7
-6
4
-1
0
0
4
-7
-6
5
3
-10
17
-4
-10
-8
42
9
-108
101
27
-135
140
-83
29
-28
25
41
-9
-130
114
-9
116
-227
179
-123
17
55
100
-219
91
-112
228
-46
-47
-116
56
108
-133
64
90
-115
-7
40
4
-14
-5
12
-2
36
-57
37
-12
4
-2
5
-2
15
8
-15
-4
-5
-3
-2
1
-17
62
-113
81
-45
-13
69
-59
52
-73
-82
146
12
-109
89
9
41
-101
-39
59
3
-71
89
-27
-4
-2
-39
159
-153
50
-95
105
-30
0
27
-13
-54
48
-2
12
16
-53
34
-50
40
12
-11
-9
10
-22
24
-27
15
4
-6
1
-1
0
-1
0
-5
5
15
-28
25
-22
10
-7
-11
14
40
-49
35
-52
16
12
-1
48
-52
-14
27
0
-30
104
-95
50
-153
158
-38
-2
-3
-26
92
-70
4
60
-39
-99
42
11
91
-107
13
147
-82
-72
57
-55
73
-9
-41
87
-110
64
-14
4
1
0
2
2
-9
-26
3
-3
-4
-4
-2
-2
7
-37
6
19
-18
22
-28
-3
79
-101
32
-47
22
17
22
36
-229
243
122
-379
125
112
-91
50
-27
52
-169
153
99
-169
23
-34
107
-104
73
-29
10
12
-41
31
-31
18
-10
26
-13
-4
6
-3
-4
18
-13
-4
4
-6
4
-4
1
0
1
-3
5
-5
5
-3
-13
19
-5
-3
7
-4
-10
26
-10
18
-30
31
-40
12
10
-28
72
-104
107
-34
24
-169
101
154
-169
52
-26
51
-91
114
127
-379
123
244
-228
38
22
17
24
-45
33
-100
82
1
-25
24
-15
21
10
-34
11
2
2
-1
3
2
10
6
-18
4
-7
-1
-11
6
-5
15
-43
22
19
-12
-39
9
-18
62
6
-119
82
-8
-25
70
-45
-95
147
-105
59
-7
-19
27
-12
-12
35
-73
14
80
-60
40
-119
92
13
-4
-24
12
-15
31
10
-65
38
0
-5
-3
-7
20
-12
-10
8
7
-11
5
-6
1
0
0
0
2
-5
6
-9
7
9
-8
-12
21
-6
-2
-5
1
39
-64
10
31
-15
12
-23
-4
13
93
-120
39
-59
80
14
-73
32
-12
-13
28
-17
-6
61
-105
149
-94
-45
72
-25
-7
84
-117
7
63
-16
12
-36
-8
22
25
-40
17
-2
10
-7
2
0
8
-9
-23
-18
33
-25
-6
3
-3
12
-38
38
-51
65
-64
-18
44
24
-81
70
-24
-10
13
10
-16
-56
59
-54
60
71
-144
61
4
-3
-38
58
-72
110
-101
4
41
-58
74
1
-33
-44
77
-33
3
36
-50
-2
21
-16
-4
23
-13
-6
1
7
-7
3
-4
1
0
0
-1
0
1
1
-3
4
-7
7
2
-5
-13
25
-5
-15
22
-1
-49
37
3
-34
78
-43
-32
1
74
-59
41
4
-99
110
-72
59
-38
-1
6
64
-142
73
61
-52
61
-55
-15
11
14
-9
-23
71
-80
28
47
-14
-61
67
-47
40
-36
16
2
6
-3
-18
38
-9
-1
-34
48
-48
45
-37
-21
49
-113
100
-15
5
-87
93
-78
153
-168
106
7
-164
128
-17
-11
-16
66
-142
221
-278
185
-29
-41
29
8
-23
26
-47
-3
56
25
-27
-101
59
53
-3
-87
101
-48
-32
67
-58
25
7
-15
5
1
-4
-3
-1
-1
-1
1
-2
-1
-1
-1
0
0
-1
2
0
0
1
-2
-3
3
5
-14
9
25
-57
68
-31
-48
101
-86
-2
53
61
-100
-27
27
56
-2
-47
26
-21
8
31
-40
-28
185
-277
221
-140
67
-14
-9
-15
129
-161
9
107
-167
156
-74
97
-84
9
-13
104
-112
53
-18
-35
48
-39
53
-26
-17
-5
5
-6
-20
-13
69
-119
180
-112
-66
57
2
-28
-4
90
-46
-5
-70
-31
114
3
29
-90
-271
494
-240
18
26
-71
107
-114
69
-59
73
-48
45
-19
-13
22
-31
120
-200
33
99
-24
46
-99
67
-55
40
0
-26
19
1
-11
9
-11
2
1
-1
-1
-1
0
0
1
0
0
-1
1
3
-10
10
-9
4
19
-25
0
40
-53
68
-98
45
-25
99
34
-200
120
-30
21
-13
-20
46
-49
74
-57
69
-113
107
-69
28
19
-238
496
-270
-88
31
6
116
-29
-69
-2
-45
93
0
-26
6
61
-64
-108
182
-114
72
-9
-16
2
10
3
-1
0
-20
33
-60
73
-114
96
-129
139
-15
-71
77
-86
84
-29
-122
39
157
-110
-19
28
-69
74
-98
256
-307
263
-242
208
-119
30
-35
27
15
-29
29
-19
-37
64
56
-195
90
68
-2
-80
54
-12
-35
57
-48
22
-13
14
-16
16
-18
15
-13
4
-3
0
-1
0
0
0
0
1
-2
5
-12
15
-17
18
-15
16
-12
23
-47
58
-34
-10
56
-81
-2
68
90
-196
56
63
-36
-18
30
-28
17
29
-35
30
-118
208
-241
265
-306
257
-97
76
-68
31
-18
-108
157
40
-121
-27
87
-82
80
-67
-13
142
-127
102
-111
76
-56
40
-16
7
-10
15
-43
48
-69
81
-121
178
-279
190
-41
49
-98
92
-122
149
-119
15
73
-59
-50
82
-74
196
-337
323
-220
150
-129
104
-66
45
-65
40
-25
112
-172
120
-38
70
-208
200
-9
-86
27
20
-21
-27
94
-99
38
-1
1
-3
5
-1
-7
5
-6
4
-5
2
-1
0
1
0
-2
2
-3
5
-6
5
-7
-1
6
-1
2
-1
38
-99
95
-27
-20
19
28
-87
-9
200
-208
72
-38
120
-171
113
-25
41
-65
45
-64
105
-129
152
-219
325
-335
198
-72
82
-50
-57
74
17
-118
152
-119
94
-95
52
-37
194
-277
180
-116
86
-66
54
-37
24
-8
19
-56
40
-42
3
40
-80
103
-59
-28
5
52
-91
88
-161
304
-177
-45
13
56
-31
-30
-44
197
-152
66
-48
-31
35
-30
25
-51
122
-151
103
-86
122
-77
-36
123
-71
-50
41
64
-32
-100
88
-14
5
10
-28
15
-18
14
-5
-2
2
-3
1
-1
0
-1
0
-1
0
-1
0
0
1
-2
3
-1
-6
15
-19
16
-27
11
7
-13
90
-100
-30
64
41
-50
-72
123
-35
-77
122
-86
103
-151
122
-51
26
-29
37
-30
-46
66
-149
199
-42
-28
-29
57
14
-44
-176
305
-157
92
-88
56
9
-25
-56
104
-76
44
6
-39
48
-51
28
-5
19
-64
24
-3
-85
173
-308
503
-347
90
-84
90
-53
-13
127
-273
173
-14
42
-130
81
56
-79
-35
83
-50
28
31
-72
94
-105
-8
61
6
-28
5
13
-15
21
-39
15
54
-78
-33
91
30
-101
26
48
-40
3
4
-5
4
-1
-2
1
-1
-1
-1
-1
-1
-1
-1
-1
0
1
0
-2
-1
1
-1
1
5
-5
5
3
-39
49
27
-100
31
92
-33
-77
54
16
-39
22
-15
14
6
-28
6
61
-8
-102
96
-72
31
29
-48
84
-34
-77
57
82
-129
43
-12
175
-272
129
-10
-49
93
-81
93
-344
505
-305
177
-81
0
32
-59
28
-14
25
-67
1
51
-124
204
-288
397
-279
78
-25
-33
74
-100
43
-28
43
-36
-27
93
-62
-2
-31
173
-152
-98
159
-41
-23
32
5
-54
19
149
-193
23
26
-21
57
-79
69
-73
140
-123
50
-11
18
-17
-28
34
-11
-4
2
2
-6
8
-12
6
-3
0
-1
0
-1
0
-1
0
-1
1
-3
7
-12
9
-5
3
3
-3
-10
34
-27
-16
17
-10
50
-123
140
-73
68
-80
57
-21
27
23
-193
151
20
-54
7
35
-23
-40
159
-97
-150
174
-31
-1
-59
94
-26
-35
46
-27
46
-96
79
-30
-22
81
-275
399
-283
208
-121
54
9
-61
34
2
16
-64
-10
79
-81
79
-26
-68
56
-48
52
-73
37
43
-73
125
-148
28
48
-89
104
-29
-39
-74
139
69
-176
79
4
-114
144
-73
-4
111
-152
98
-62
33
-14
-52
118
-140
152
-69
-17
16
55
-40
-83
91
-36
10
5
-10
3
4
-8
7
-8
2
-1
-1
-1
-1
0
-1
0
3
-7
7
-8
4
3
-9
5
10
-36
91
-82
-39
54
16
-18
-68
153
-140
117
-52
-14
34
-61
99
-150
110
-4
-73
145
-112
5
80
-175
71
142
-73
-38
-28
106
-88
50
28
-148
126
-71
47
40
-69
55
-46
59
-66
-22
82
-75
81
-2
-59
26
-19
25
-56
-15
87
-16
-76
200
-410
270
-64
17
38
-33
33
10
-199
161
39
-93
83
-62
-56
148
-143
147
-167
104
2
-44
68
-88
16
34
-69
121
-71
5
27
-80
12
71
-96
151
-84
-12
33
20
-68
-17
51
-12
-9
15
-3
-12
10
-8
3
-1
0
0
-1
-1
0
0
0
-1
0
1
3
-6
11
-10
-3
16
-7
-10
51
-16
-67
20
33
-11
-83
151
-96
72
12
-79
27
4
-71
121
-68
34
16
-87
70
-42
3
105
-166
149
-142
149
-56
-61
84
-93
40
162
-198
14
37
-30
41
20
-61
274
-409
204
-72
-13
90
-7
-52
34
7
5
-46
-9
69
32
-158
246
-400
245
-14
-16
31
-35
-36
142
-203
69
24
17
7
-25
-25
8
-61
141
10
-125
52
-31
-7
40
1
-3
25
-122
90
-3
-20
25
10
-57
93
-106
85
-22
-52
143
-116
-33
64
-33
17
2
-6
0
-5
2
-3
8
-6
3
-2
0
0
0
-1
2
-5
8
-3
2
-4
2
-4
4
18
-33
65
-32
-115
144
-51
-22
85
-106
93
-57
10
25
-19
-3
90
-122
25
-2
1
39
-6
-30
53
-122
11
142
-60
10
-24
-24
7
18
24
70
-202
146
-34
-30
34
-14
-11
249
-398
249
-154
36
72
-3
-42
13
-25
20
-40
-4
43
66
-214
214
-235
117
44
-21
-40
23
-33
20
53
-41
-46
49
-65
38
58
-98
134
-91
-81
128
-57
7
13
-36
19
-14
54
-12
-30
-18
22
5
-5
14
10
-44
16
-24
67
-78
45
26
-44
15
-5
0
-1
-2
1
-8
5
-5
6
-4
0
0
0
0
0
-4
7
-4
7
-7
2
0
2
2
-5
15
-43
26
46
-79
68
-24
17
-44
10
14
-5
6
22
-16
-29
-11
55
-13
19
-34
15
7
-56
130
-80
-89
135
-98
58
38
-63
49
-46
-39
54
25
-31
26
-36
-19
46
120
-232
218
-211
69
46
3
-35
28
12
-9
-21
2
6
80
-209
151
-51
-12
47
-17
-59
19
58
-38
-19
30
-35
13
43
-44
-23
58
-172
190
-30
-26
-22
23
0
-5
-5
6
-110
181
-93
37
-15
-8
-6
27
-19
-53
119
-119
70
-3
-31
36
-20
0
3
-3
-2
5
-3
-4
2
1
0
-2
-1
1
0
1
-1
-2
1
1
3
-5
-2
5
-1
-4
4
-1
-18
35
-30
-3
71
-118
118
-54
-19
28
-6
-8
-15
38
-92
183
-108
7
-5
-3
0
23
-21
-25
-30
193
-170
59
-21
-43
44
16
-34
31
-18
-36
61
22
-56
-13
51
-9
-48
154
-205
84
9
8
-16
0
-28
8
-10
7
-29
65
-119
40
69
-65
0
0
21
-30
-16
91
-113
54
-4
-17
-8
33
-46
-31
180
-111
-53
36
12
-15
-20
44
-41
-28
129
-110
34
-6
1
-1
-5
-2
-10
12
0
21
5
-9
-26
12
8
-11
0
5
-4
1
1
-4
-3
6
-5
1
0
-1
0
0
-1
2
-5
7
-3
-2
1
1
-4
6
0
-9
7
12
-25
-9
6
20
0
12
-10
-1
-5
-1
1
-5
34
-111
129
-26
-41
46
-20
-13
13
37
-51
-109
181
-31
-45
34
-7
-16
-4
54
-112
95
-13
-27
24
3
2
-61
70
44
-114
69
-25
14
-5
18
9
-17
8
-21
-19
50
-44
-3
19
-14
-8
0
14
-28
-3
32
-13
-30
23
3
-16
2
23
-69
21
59
-44
1
4
6
-10
-9
23
-26
16
-7
7
-10
4
5
-7
0
2
9
-12
12
-17
10
4
-1
-9
8
-4
-4
3
0
-4
-2
2
-3
1
-2
-1
-1
-1
0
0
0
2
-3
3
1
-3
2
4
-3
-4
9
-9
-1
5
10
-17
11
-12
9
3
0
-7
5
3
-10
6
-6
16
-25
23
-7
-9
6
5
2
-44
59
22
-67
25
4
-14
6
24
-28
-12
37
1
-25
17
3
-5
-10
21
-1
-40
54
-15
-14
14
-9
-31
9
-8
-6
-2
-3
-2
-4
-4
0
-4
-3
0
-5
-1
-1
-9
6
-5
2
-3
0
-5
1
-3
3
-4
-2
-2
-2
1
-1
6
-3
-6
3
-1
0
-1
-1
1
-3
8
0
-2
-5
9
-3
-1
-2
0
1
-2
-2
-1
0
-1
0
0
-1
0
-1
-1
-1
0
-1
-1
0
0
0
0
-1
-1
0
0
-1
-1
2
0
-1
0
-3
10
-5
-2
-1
8
-3
1
-1
-1
0
0
4
-5
-1
6
-1
1
-1
-1
0
-3
3
-1
3
-1
1
-2
3
-4
8
-8
2
3
-1
3
-1
-1
4
-2
0
2
0
1
0
-3
17
15
-19
-2
-4
-2
-4
-1
-4
-2
-3
-3
-1
-1
-2
-6
-1
-1
-3
-3
3
-3
-4
2
-2
-5
5
-4
1
-1
-3
0
1
-5
1
2
-5
5
3
-9
8
-4
3
-6
10
-8
6
-3
3
-4
0
0
-1
1
0
-2
2
-4
2
-3
0
-1
-1
-1
-1
-1
-1
0
-1
-1
1
-2
3
-4
2
-1
0
1
1
0
0
-3
2
-3
6
-7
11
-5
3
-4
9
-9
3
6
-5
3
3
-5
2
2
-2
1
3
-3
6
-3
-1
3
-3
-2
5
-2
-1
0
2
-2
2
1
1
0
0
-1
0
3
-2
1
2
2
-12
-32
8
-5
-7
0
-5
-1
-5
0
-3
-2
-3
-3
-1
-7
2
-6
2
-2
2
-5
0
-1
0
3
-9
4
-7
5
-2
-2
-2
0
3
-2
-2
-1
1
3
-6
4
-4
7
-10
9
-6
2
-4
2
1
-7
3
-3
2
-2
-1
1
-2
-2
-1
0
-2
-2
-1
0
-1
0
0
1
-1
0
0
2
0
-1
2
-2
4
-6
1
3
-4
3
-5
9
-10
7
-4
4
-4
4
2
-1
0
-2
3
0
-2
-1
-1
6
-5
6
-7
5
0
0
1
-3
2
-1
3
-5
6
-4
1
1
0
2
-1
2
-1
2
-1
2
-1
0
16
14
-19
-4
-4
-3
-2
-5
-3
1
-3
-1
-2
-2
-5
-1
-2
-4
4
-7
3
-1
-3
2
-3
-4
0
4
-1
-4
-3
2
-1
-1
3
-4
0
2
0
-4
5
0
-1
1
-2
2
-3
2
-2
-1
0
-1
-3
2
-1
-1
1
0
-1
0
0
0
-2
-1
-1
0
0
-1
0
1
0
1
-2
1
2
-2
0
3
-2
-1
1
0
-2
3
-3
3
-2
0
-1
1
4
-3
2
1
1
-3
3
-1
-1
3
-3
-2
0
4
2
-3
0
5
-3
0
4
-6
6
-3
0
2
-1
1
-1
2
0
3
0
-2
1
0
3
1
-10
-31
7
-4
-7
-2
-3
-3
-3
0
-2
-2
-3
-1
-4
-2
-3
0
-3
0
-1
-2
0
-4
1
3
-5
-1
-3
0
3
-5
0
1
-2
4
0
-6
2
5
-2
0
-2
1
2
1
1
-4
2
-3
2
-3
0
-1
2
-3
0
0
-3
-1
-2
0
-1
-1
0
0
0
1
-1
1
-1
1
-1
1
1
-2
3
-1
0
-2
2
-2
2
-4
0
1
1
1
-2
0
-1
5
4
-6
2
4
-3
1
1
-4
4
0
-1
1
-4
5
2
-3
2
-1
0
1
-2
1
0
1
-2
2
0
2
1
1
0
-1
1
2
1
0
15
14
-17
-3
-5
-2
-3
-4
-2
-4
0
-2
-2
-3
0
-4
-4
2
-1
-3
-1
-1
0
-5
6
-9
5
-6
6
-1
-6
4
-3
-7
9
-3
-5
4
-1
-3
2
-1
4
-5
7
-8
6
-4
2
2
-3
-2
0
1
-1
0
0
0
-2
-1
-1
1
-1
0
-1
0
0
0
0
1
-1
-1
0
1
0
1
-1
1
1
-2
-1
2
2
-3
7
-8
9
-5
4
0
1
-2
-1
5
-3
-2
10
-7
-3
6
-5
0
7
-6
5
-8
7
-3
1
0
0
-3
0
3
0
-1
2
0
2
2
2
-1
2
-1
0
1
3
2
-10
-29
6
-4
-5
-2
-4
-3
-2
-3
-2
-2
-3
-3
-2
-4
0
-1
-1
-4
0
2
-2
-1
-5
3
-1
-5
3
-3
1
-3
1
2
-5
-3
3
2
5
-9
2
5
-4
5
-7
8
-4
2
0
-4
3
-4
3
-4
0
1
0
-2
-1
0
-2
0
-1
-1
-2
0
0
1
1
0
0
0
1
-1
1
2
1
-3
3
-3
3
-3
2
3
-5
9
-7
6
-3
6
3
-8
6
2
3
-3
-6
2
2
-3
4
-3
4
-4
0
5
-3
-1
0
3
2
-3
1
0
3
-1
1
0
0
1
1
-2
1
1
0
0
1
0
14
-3
-4
-2
-2
-2
-2
-2
-3
-1
-1
-1
-1
-2
-2
-3
-3
0
-1
-1
-1
-1
0
-1
-2
-1
-1
-2
-2
-1
1
-1
-1
-1
0
1
0
0
0
0
0
-1
-1
-1
0
1
0
-1
-1
0
0
0
-1
0
1
0
-1
0
-1
-1
-1
-1
-1
0
0
-1
-1
0
0
1
0
-1
0
-1
0
0
0
0
0
-1
-1
1
0
-1
0
2
1
0
-1
-1
1
1
0
0
1
0
0
-1
0
1
1
0
-1
0
-1
-1
-1
-1
-1
0
0
0
-1
1
1
0
0
1
1
0
0
0
0
0
-1
0
2
2
1
