-8
-6
-3
-7
-2
4
-13
-3
3
-3
-3
-3
-1
1
-20
11
-3
-3
0
0
-1
-2
0
0
-1
-1
-1
-1
0
-1
0
0
1
0
0
-1
0
-1
1
-1
0
2
0
2
1
1
0
0
0
-2
0
-2
-1
1
-1
0
0
-1
0
0
0
-1
-1
0
0
0
0
0
1
-1
0
0
1
-1
0
1
0
0
1
0
1
0
0
1
0
1
0
0
0
0
1
0
1
0
0
0
1
0
1
-2
0
0
0
0
0
1
1
1
0
1
0
-1
-2
15
-16
6
0
0
0
0
5
0
-9
9
0
2
1
2
-8
-7
-4
-5
-2
5
-27
12
-2
-3
-1
0
-5
2
4
-15
0
3
-1
-2
1
-2
0
0
-1
-1
-2
0
-2
2
-2
-1
0
0
0
-1
0
0
0
1
-1
0
0
1
0
0
-1
2
-2
0
-2
0
-1
0
-2
0
-1
-2
0
-1
0
0
-1
0
0
0
-1
0
1
0
0
1
0
0
0
1
0
1
0
1
-1
1
-1
1
0
1
0
0
-1
1
1
0
0
0
0
1
0
0
-2
3
-1
2
0
0
0
1
0
-1
2
1
0
4
1
-11
7
4
-2
3
1
0
-1
16
-24
9
0
2
1
1
-9
-6
-4
-6
-6
39
-65
23
0
-3
-2
-5
1
-6
8
-23
11
-6
1
1
-1
-2
-1
-2
0
-1
-1
1
-2
-6
4
-1
0
0
0
-1
-1
1
-2
1
0
1
0
-1
1
0
0
0
-1
-1
-1
-1
0
-1
-1
-1
-1
-1
-1
-1
-1
0
0
-2
0
0
1
-1
-1
1
1
0
1
0
-1
1
0
-1
0
0
0
0
1
0
1
0
0
1
0
2
-1
1
-1
0
0
2
0
-1
4
-6
-2
2
0
0
1
-1
1
0
-1
3
2
-5
12
-20
11
-2
3
-1
0
0
2
26
-63
41
-3
1
1
1
-8
-6
-4
-5
3
-18
-7
8
-2
-3
0
-5
2
12
-62
48
-5
-11
2
2
-4
3
-2
-4
1
-1
-1
-1
-3
4
-6
1
0
-1
2
-2
1
-1
1
-2
1
1
-1
1
1
0
-1
1
-1
0
-1
-2
-1
-1
0
0
0
0
-1
-1
0
-1
-1
-1
0
0
0
0
1
0
-1
0
0
0
1
0
1
0
0
0
0
1
0
0
1
1
-2
0
1
-2
2
-1
2
-1
2
-1
0
2
-5
5
-3
2
-1
0
1
-3
-1
5
-2
3
2
-9
-5
51
-60
16
5
-1
3
-1
0
12
-4
-13
6
2
1
2
-9
-7
-2
-7
-2
1
-5
-5
2
-4
-4
0
-4
8
-14
-3
1
-3
3
-5
-1
0
-3
1
-2
-1
-2
-1
1
-6
1
1
-1
1
-1
0
0
1
1
-2
1
1
1
1
-1
0
1
0
-2
0
0
-1
-1
1
-1
0
0
-2
0
-1
-1
-2
-1
0
-1
0
0
-1
0
0
0
0
1
0
-1
1
-1
1
-1
1
-1
0
1
1
-1
2
0
1
0
-1
2
2
-1
0
0
1
-1
0
2
-5
2
1
0
0
-1
4
-2
1
0
-4
5
0
2
1
-11
11
-1
1
-1
1
4
-2
-2
4
1
0
1
1
-15
4
-12
-13
-61
140
-32
-80
11
29
-29
14
-24
141
-284
219
-108
56
-12
-9
15
-19
5
-1
-4
2
-2
5
-13
4
0
0
-6
7
-1
-2
2
-3
2
0
-1
2
0
1
0
-1
0
-1
0
-1
-2
-1
-1
0
-2
1
-1
-1
0
-2
0
-1
-1
-1
0
0
-1
-1
0
-1
1
0
0
0
-1
0
0
1
0
0
1
0
1
-1
1
1
1
1
-1
0
3
-2
3
-2
-1
7
-6
1
1
4
-13
6
-2
4
-3
0
5
-18
15
-8
-11
58
-107
223
-280
144
-22
17
-26
32
13
-76
-30
144
-58
-4
-6
12
-9
-11
5
-20
-70
393
-534
204
6
-77
143
-177
171
43
-83
-254
202
-67
361
-431
222
-122
43
-72
77
-10
87
-206
259
-237
111
-19
24
-40
16
0
-2
-3
4
-1
0
1
0
0
0
1
0
-1
-1
-1
-1
-2
0
-2
0
0
-1
-1
0
-1
-1
0
-1
0
-1
0
0
-1
0
0
0
0
0
1
2
0
1
0
0
1
0
1
1
1
0
1
0
1
0
-1
5
-2
-1
2
16
-39
24
-16
111
-237
260
-205
87
-9
79
-71
44
-120
222
-428
361
-65
203
-251
-80
46
174
-175
145
-74
8
207
-530
399
-67
-13
10
-4
-17
1
-9
12
-18
159
-312
138
-3
11
-10
-30
73
-114
170
-137
8
10
32
-37
42
-53
7
15
10
-37
7
46
-88
68
-16
19
-37
20
-5
3
-4
1
-1
2
-1
-1
0
1
1
0
0
0
0
-2
-1
0
0
-1
-1
-1
-2
-1
-3
0
-1
-1
-1
-1
-1
0
1
0
-1
1
-1
1
0
1
1
0
0
1
0
0
1
0
1
0
2
1
1
0
0
1
-1
2
-3
2
-5
22
-37
19
-15
69
-87
47
7
-35
11
15
9
-50
43
-35
33
12
9
-133
174
-110
76
-26
-8
15
-1
141
-308
163
-14
17
-3
9
-12
-12
14
-7
24
-170
176
-38
5
-16
-12
10
-44
70
4
-85
13
33
-56
62
-10
-1
-25
4
14
18
-26
-12
-4
35
-27
11
-15
12
-3
-2
0
2
-2
0
0
0
1
0
0
0
-1
0
-1
-1
-1
0
-1
0
-1
-3
0
-2
0
0
0
-1
0
0
0
0
0
0
0
0
-1
-1
1
-1
1
0
0
1
1
-1
0
0
0
1
0
0
1
0
0
2
-1
2
1
-2
-2
12
-15
11
-27
36
-3
-10
-26
19
15
4
-23
1
-9
62
-55
35
14
-82
8
72
-41
13
-9
-13
6
-35
179
-167
27
1
19
-4
-12
-12
13
6
43
-403
555
-241
39
-63
52
-81
117
46
-371
337
-50
10
-156
190
-65
-50
26
-20
71
-70
-11
56
-75
82
-47
16
-6
-8
7
-1
0
0
0
0
0
2
1
0
0
-1
-1
1
-1
0
-1
0
-1
-2
0
-2
0
-1
-1
-1
-1
1
-1
0
0
1
-2
0
0
1
0
0
1
0
1
-1
0
1
-1
1
0
1
0
1
1
0
1
2
0
1
0
0
1
-1
7
-7
-6
16
-46
83
-74
58
-10
-70
72
-18
27
-48
-65
191
-155
13
-49
340
-367
49
120
-78
55
-59
40
-237
559
-398
46
14
18
-5
-13
-12
10
-13
-31
73
-20
-52
23
-4
-5
-46
87
-64
24
41
-72
38
-45
0
24
11
-10
17
-58
54
-16
-5
-2
-17
16
3
2
-11
3
0
1
0
0
0
0
-1
1
0
0
-1
1
-2
0
-2
0
-1
-1
-1
-2
1
0
-2
0
-1
0
-1
-1
-1
-1
0
0
-1
0
0
1
-1
0
1
-1
0
0
1
0
-1
1
-1
1
-1
1
0
0
0
0
1
0
1
1
1
3
-9
2
4
17
-17
-1
-3
-15
54
-56
19
-9
13
24
1
-45
39
-71
44
28
-60
90
-42
-2
-2
25
-49
-17
76
-28
-6
15
-4
-14
-10
9
-5
-45
54
16
-52
8
7
-12
14
-100
166
-130
-7
95
-6
-66
27
-28
32
-2
-19
-4
17
-22
26
-17
7
4
-9
-5
5
-1
1
-1
0
0
1
0
1
0
0
1
0
-1
2
-1
-1
0
-1
0
0
-1
-1
-1
-1
-1
-1
-1
0
0
-1
0
-1
0
0
0
0
0
1
0
1
1
1
0
0
0
0
0
2
0
0
2
1
0
1
0
1
1
1
-1
2
-1
6
-5
-8
5
7
-16
27
-20
18
-3
-17
-2
33
-27
26
-65
-4
96
-3
-126
170
-97
18
-9
10
10
-50
19
58
-41
1
14
-2
-12
-11
13
-16
-64
71
26
-34
2
-23
3
27
-38
-29
52
-13
6
-44
80
-93
28
19
-13
-21
47
-46
20
-16
39
-35
9
-13
7
-1
2
-1
0
0
-1
1
0
0
0
0
0
0
0
0
-1
-2
-1
-2
-1
-2
0
0
0
0
-1
-1
-1
-1
1
-2
0
-2
1
0
0
0
-1
1
0
1
0
0
-1
0
1
0
0
0
2
-1
0
0
0
1
1
0
0
-1
1
-1
1
-2
7
-12
9
-34
39
-15
21
-46
49
-20
-11
21
29
-92
81
-42
7
-10
55
-26
-35
30
6
-20
4
-30
30
75
-61
-6
18
-3
-14
-11
9
-29
-137
424
-376
103
-13
-1
13
-53
186
-142
-219
227
-22
117
-177
59
-62
93
-58
98
-127
22
10
42
-84
113
-114
61
-11
4
-7
4
-2
0
0
1
0
-1
0
0
0
1
-1
1
0
-1
-1
-1
-1
2
-2
-2
0
-1
-1
-1
-1
0
-2
0
0
0
0
0
0
0
-1
-1
1
-1
-1
1
0
0
1
-1
1
1
0
2
0
1
0
0
0
2
1
0
-1
5
-6
6
-11
61
-113
113
-83
45
11
22
-126
99
-56
95
-61
61
-176
118
-21
230
-216
-139
189
-50
16
3
-12
107
-373
428
-135
-23
14
-1
-15
-10
13
-10
30
-177
170
-11
-23
28
-80
69
-110
71
151
-269
98
-53
221
-212
33
39
-18
-15
13
8
-25
33
-8
-27
-3
10
9
-5
-3
2
-1
-1
0
1
-2
1
2
1
0
0
0
-1
0
-3
-1
0
-1
-1
0
0
-1
-2
1
-2
-1
-1
-1
0
0
0
-1
0
-1
0
0
-1
0
1
1
0
-1
0
0
-1
1
0
-1
0
0
0
1
1
-1
2
-1
0
0
3
-2
-5
9
10
-1
-26
-7
33
-24
10
13
-12
-17
41
33
-211
223
-53
99
-266
155
75
-106
73
-77
31
-22
-7
175
-174
33
-2
18
-1
-17
-15
9
54
-130
83
-8
-5
-4
2
0
-102
114
-16
31
-120
48
112
-159
53
14
4
-21
21
-25
-2
31
-42
54
-78
54
-13
-2
-3
4
-3
1
0
-1
2
-1
0
-1
0
0
-1
0
0
0
-1
-1
-1
0
0
-3
0
-2
0
0
-2
0
-1
0
-1
0
0
-1
0
0
-1
0
1
0
1
-1
0
1
-1
0
-1
1
0
1
1
1
0
-1
-1
-1
1
-2
-1
2
-1
4
-1
-2
-10
55
-77
55
-40
31
-2
-24
23
-20
7
15
54
-158
112
49
-117
34
-12
117
-98
3
6
-2
0
-5
87
-127
60
14
-8
-31
29
-32
-24
37
-30
14
-15
6
-6
-11
13
36
-73
25
-12
12
-3
-28
42
-30
19
-1
-4
-18
26
-24
5
3
-4
6
-8
-1
2
1
-4
2
-1
0
1
0
1
-1
0
1
0
-1
0
-2
0
-1
0
-1
0
-1
-1
-1
0
1
-1
-1
0
-2
0
0
1
0
0
-1
-1
1
0
0
0
0
1
-1
0
0
0
-1
0
-1
0
1
1
0
0
0
0
1
-1
3
-2
2
3
-1
-8
8
-2
4
7
-24
29
-16
-3
0
20
-29
43
-27
-3
13
-9
29
-69
39
16
-7
-2
8
-11
18
-27
41
-16
-28
37
-16
13
-21
-15
14
-9
-2
-2
-1
-7
0
2
-9
-8
2
13
-15
6
-10
6
4
-7
-1
0
-2
-7
1
14
-14
4
-4
2
-2
2
1
0
-1
1
0
0
0
0
0
0
1
-1
1
-1
-1
-1
0
-1
-1
0
-1
-1
0
-2
0
-2
0
0
-1
0
-1
0
-1
-1
1
0
0
0
1
1
0
1
0
0
0
0
0
0
0
0
1
1
0
1
1
0
-1
0
0
1
1
2
-2
2
-2
4
-14
14
1
-5
-1
1
2
-6
5
6
-10
7
-14
16
5
-5
-5
6
2
-4
1
3
3
-5
18
-7
-15
21
-7
-5
-8
4
-20
21
-23
9
-6
-8
7
-2
0
-19
10
-1
-6
22
-46
26
-5
2
-2
-4
5
-10
4
-5
3
-3
0
0
-1
0
1
0
-1
0
-1
0
-1
-1
1
0
0
0
0
-1
0
-2
-1
-2
-1
0
-1
-1
0
-1
-1
0
0
1
-1
0
-1
0
0
1
0
0
-1
1
1
0
-1
1
0
-1
-1
0
1
1
0
1
0
0
0
1
0
0
0
1
-1
1
1
0
-1
1
0
-4
5
-4
5
-6
7
-3
1
4
-5
28
-46
22
-5
2
12
-16
3
1
10
-5
-4
12
-19
24
-17
11
-2
2
-9
-5
-5
-4
18
-38
10
-1
-4
-2
8
-21
26
-32
1
9
-1
2
-25
17
0
-1
3
-5
0
-3
-2
1
3
-5
2
-1
-1
0
0
0
1
-1
0
1
-1
-1
1
0
0
-1
0
-1
-1
-1
-1
0
-1
0
0
-3
-1
-1
0
-1
0
0
0
-1
0
1
0
0
0
-1
0
0
1
-1
1
0
-1
1
1
0
0
1
1
0
0
-1
1
0
0
1
-1
0
1
0
0
1
-1
0
3
-5
3
2
-1
-2
1
-5
5
-1
1
18
-24
3
0
12
4
-29
29
-18
10
0
-2
2
14
-36
22
4
0
2
-9
-4
-2
-15
13
-16
3
-5
1
-4
0
-3
-10
12
-10
-1
-2
2
-7
3
3
-9
3
-3
-3
2
0
-2
-6
3
0
-3
0
0
0
0
-1
1
0
0
1
0
1
1
0
1
1
0
0
-1
-1
-1
0
-1
1
-2
-1
-1
0
-2
0
0
0
0
0
1
0
0
1
-2
1
0
0
-1
1
-2
1
0
-1
0
1
0
1
1
1
0
0
1
1
0
1
1
0
0
1
2
0
-2
0
4
-5
0
1
3
-2
0
2
-7
4
4
-6
3
-1
2
-7
14
-7
-1
2
1
4
-2
8
-14
17
-8
3
3
-11
-4
-3
-13
17
-22
5
-3
-2
-3
-1
1
-5
-6
1
-5
3
-8
4
-4
2
0
-7
1
8
-10
4
-3
-1
0
-2
0
0
-2
2
-1
0
0
1
-1
0
1
-1
1
1
-1
1
0
-1
-2
0
-2
0
-1
0
-1
-1
-2
0
-3
-1
-1
-1
0
-1
0
0
1
0
-1
1
-2
-1
1
0
0
0
0
1
-1
0
1
0
-1
2
1
0
0
1
-1
1
2
1
0
2
-1
0
0
0
1
0
-2
4
-10
9
3
-5
2
3
-4
4
-8
3
-1
5
-2
-2
4
3
-1
0
0
9
-19
20
-6
3
3
-9
-6
-2
-6
6
-17
1
-3
0
-1
-3
-4
2
-1
-8
-2
3
-5
1
0
-4
0
0
-4
-1
1
-1
1
-4
0
-1
0
1
-2
1
1
-1
1
1
0
0
0
-1
0
0
0
-2
1
-2
0
0
-1
-1
1
-1
0
-1
-1
-1
1
-1
-2
0
-1
0
-1
0
-1
0
1
0
0
1
0
1
1
0
-1
0
1
-1
1
0
-1
1
0
0
0
0
0
1
1
0
2
2
-1
1
1
-1
0
-2
3
0
2
0
-4
0
1
-3
3
2
-3
4
0
-5
2
5
-1
-1
0
2
-1
5
-13
10
1
2
2
-8
-6
-3
-4
-6
2
-6
-7
1
-3
-2
-4
1
-6
-1
-4
-1
1
-3
1
-1
1
-5
-1
5
-8
4
-4
0
-2
0
-2
1
0
0
0
0
0
-1
0
1
0
0
0
1
0
1
0
-2
0
-1
-1
-1
1
0
-1
-1
-1
0
-1
-1
0
-1
-1
0
0
0
0
-1
-1
0
-1
0
0
0
1
-1
0
-1
0
-1
0
1
-1
1
1
1
0
0
-1
0
0
0
1
0
-1
1
0
1
-2
1
-2
5
-7
6
0
-3
3
-1
2
-2
2
0
-1
4
-3
5
-1
0
0
3
-3
-2
5
-3
3
1
3
-9
-5
-3
-6
-4
-2
-1
-6
0
-2
-1
-2
-4
3
-6
-2
0
-3
3
-7
2
-3
-1
-3
0
-2
0
-2
-1
0
-2
0
0
1
-1
0
1
0
-1
0
1
-1
1
0
-1
1
-1
0
-1
-2
-1
0
-1
-2
0
0
0
-1
0
-1
0
-2
-1
-1
0
-1
0
-1
0
0
0
-1
0
1
1
0
0
0
1
0
0
0
-2
2
0
0
1
-1
1
0
0
-1
1
0
0
0
0
0
-1
0
0
-1
2
0
0
-1
1
0
3
-5
4
-1
0
1
-4
6
-1
1
0
0
1
-2
3
2
-1
1
1
1
-8
-6
-4
-5
-1
-3
-4
-3
-1
-3
0
-4
1
-5
-2
-2
-1
-1
1
-3
1
-3
0
0
-1
-2
1
-1
-1
-1
-1
0
0
0
-1
-1
-1
0
0
-1
0
0
0
0
-1
0
-1
0
0
0
0
0
1
-1
0
-1
0
-1
-1
-1
-1
-1
-1
-1
0
0
0
-1
0
0
0
0
0
-1
0
0
1
0
1
0
0
0
0
0
0
1
0
0
-1
0
0
0
0
-1
0
0
0
0
0
0
0
-1
2
0
0
0
0
-1
2
-2
1
0
0
2
1
-2
3
-1
2
1
0
-1
-1
0
2
2
2
3
-8
-5
-4
-4
-1
-6
-2
-1
-1
-2
-2
-2
-1
-1
-1
-1
-1
0
-3
0
0
-3
-1
-1
-1
-1
-1
-1
-1
-1
-1
-1
0
0
0
-1
0
1
-1
0
-1
0
0
0
0
-1
1
0
-1
0
0
-2
0
0
-1
0
-1
0
-1
-1
0
-1
-1
0
0
-1
0
-1
0
0
-1
1
0
0
0
0
1
-1
0
1
-1
1
2
0
1
1
0
-1
0
0
-1
0
0
0
-1
0
0
1
0
0
0
0
0
1
-1
1
1
-1
1
1
0
1
-1
0
0
1
1
-1
1
0
-1
0
1
-1
2
2
0
1
-8
-5
-3
-4
-2
-6
-1
-3
-1
-1
-1
-1
-1
-2
-2
-2
-1
-1
-1
-1
-1
-1
0
-2
-1
0
0
-1
0
-1
0
-2
0
1
-1
0
0
-1
0
0
0
-1
-1
1
0
-1
0
0
-1
0
-1
-2
0
-1
-1
-1
-1
-2
0
-2
0
-1
-1
0
-1
0
0
-1
0
0
0
0
0
0
0
0
0
0
0
1
-1
-1
1
0
-1
0
0
-1
0
0
0
-1
0
-1
0
0
0
0
0
0
-1
-1
0
1
0
-1
0
0
-1
0
0
0
0
2
-1
0
1
1
0
1
0
-1
0
0
0
1
1
2
-8
-5
-3
-4
-1
-4
-2
-1
-2
0
-2
-1
-3
-2
-2
-2
0
0
-1
-1
-1
-1
-1
0
0
-1
-1
-1
-1
0
-1
-1
0
-1
-1
0
-1
0
0
1
0
-1
1
0
-1
0
-1
-1
0
0
-1
-1
-1
-1
-1
0
0
0
0
-1
-1
0
-1
0
0
-1
1
0
0
-1
-1
0
0
0
1
0
0
0
-1
0
0
0
-1
1
0
1
0
0
0
-1
1
-1
0
1
0
0
0
1
0
1
0
0
0
0
1
0
0
-1
0
-1
-1
0
0
0
0
0
0
1
-1
0
0
0
0
-1
1
1
1
1
-7
-5
-3
-4
-3
-3
-3
-2
-1
-1
-1
-1
-4
-1
-3
-2
-1
-1
-1
-1
0
0
-2
-1
0
-2
-1
-1
-2
-1
-1
-3
-1
0
0
1
0
0
0
0
-1
0
0
0
0
-1
0
-1
-1
-1
-1
0
0
-2
0
-1
-1
-1
0
-1
-1
0
-1
-1
0
0
0
0
-1
0
0
-1
1
1
1
0
1
0
-1
0
0
0
1
-1
0
0
1
1
0
1
-1
0
-1
3
-1
1
-1
-1
0
0
-1
1
0
-1
0
0
-1
0
0
0
0
0
0
0
1
2
-1
1
0
1
0
1
0
0
0
2
1
1
-6
-5
-3
-3
-2
-1
-2
-3
-1
-2
-1
-2
-2
0
-2
-1
1
-2
0
-1
-1
-1
-1
-1
0
0
-1
0
-2
-2
0
0
0
-1
0
0
-1
0
0
1
0
1
0
0
0
-1
0
0
-1
0
0
-1
-1
-1
-1
-2
-1
0
-1
-1
-1
-2
0
-1
0
0
0
0
0
0
0
-1
0
0
0
1
-1
0
0
1
0
0
0
-1
0
-1
0
0
0
2
0
0
0
1
0
0
0
0
0
1
-2
-1
0
0
1
-1
0
0
0
0
0
-1
2
1
0
2
0
-1
0
1
0
0
1
1
0
1
-1
1
-4
-4
-2
-2
-2
-2
-2
-2
-1
-2
-2
0
0
-2
-2
-2
-1
-1
-1
0
-2
-2
-2
-2
-1
-1
-1
-2
-1
-1
0
-1
0
0
0
0
0
0
0
0
0
0
-1
0
0
0
0
0
-1
-2
-1
0
-1
-1
-1
-1
0
-1
-1
-1
-1
-1
0
-1
0
0
0
0
0
0
0
0
0
0
0
0
0
0
0
0
-1
-1
0
0
0
0
0
0
1
0
0
0
0
0
0
0
0
0
0
0
0
0
0
0
0
0
-1
0
0
0
0
0
0
0
1
0
1
1
1
1
0
1
1
1
0
1
2
1
