0
-1
-2
0
-2
1
-3
-1
4
0
-5
0
-6
12
-15
-19
51
-29
-1
-1
5
32
-55
19
3
-3
2
0
-5
4
4
-4
4
-4
0
0
-1
0
-2
1
-1
2
-2
2
-1
0
-1
-1
0
-2
1
0
-1
0
-1
-2
3
-2
-4
4
-3
0
2
-1
0
1
-2
0
3
-5
3
1
-4
2
0
0
-1
-1
-2
0
0
-2
1
-1
1
-1
3
-2
0
-2
1
-2
0
-1
-2
5
-4
4
-4
-5
5
0
-3
1
-5
-18
55
-31
-5
-1
-1
28
-51
17
14
-15
4
-3
2
-1
-5
0
2
-3
0
-3
0
-3
0
-11
13
-6
2
-3
2
4
-3
-4
2
0
-10
3
23
-32
15
-8
15
-22
18
8
-26
5
-2
12
-6
1
7
-12
6
-2
1
0
-2
1
0
0
-2
2
-1
-1
2
-1
1
-2
-1
1
0
-1
-1
3
-3
-3
4
-4
-1
2
0
-3
-2
2
0
0
0
0
0
-2
2
1
-2
-1
0
3
-6
0
3
-3
0
0
-1
-1
0
1
-2
1
-3
0
0
-1
2
0
-1
0
2
-1
-1
1
-7
13
-6
-1
5
-14
1
-6
26
-8
-18
20
-16
7
-16
31
-25
-4
9
-1
-3
1
2
-6
-3
2
-4
3
-14
6
0
16
-18
4
1
-6
8
-10
6
3
-3
4
-4
-9
22
-5
3
-37
44
-24
-1
-12
41
-35
11
-1
2
-5
10
-10
-2
5
-3
1
-2
1
0
-2
1
1
-1
-1
1
-1
0
-1
0
1
0
-1
1
-4
2
0
-2
1
2
-9
12
-5
2
-4
3
-1
0
0
-4
5
-3
5
-12
8
-3
-1
3
0
-3
3
-2
0
-1
-1
0
0
-2
2
-1
1
0
-1
-2
1
-1
-3
1
-2
2
-6
2
9
-11
3
-2
0
-12
34
-41
12
0
23
-44
37
-4
2
-25
8
3
-5
2
-4
-6
9
-9
5
-3
-7
17
-20
0
-22
47
-55
64
-98
82
27
-96
60
-22
35
-38
11
4
-11
4
13
-34
25
-20
47
-24
-5
6
-22
16
-21
26
-3
-10
2
0
0
0
-2
1
-1
-1
2
-3
-1
3
-1
-5
3
-2
-2
2
-3
1
-1
-1
4
-8
7
3
-15
8
-2
1
-2
0
-1
0
0
0
0
-2
0
-9
15
-4
-8
7
-4
1
-2
-2
2
-3
2
1
-5
4
1
-4
-1
2
-3
-1
1
-2
1
-2
-2
-1
-4
9
2
-26
21
-16
20
-8
5
23
-47
21
-26
32
-14
-5
10
-4
-13
37
-36
20
-61
95
-28
-82
97
-65
53
-47
17
0
-19
49
-31
-2
-101
145
7
-97
30
1
4
92
-26
-293
361
-118
-20
-29
11
6
117
-162
74
-28
25
13
-25
-41
55
6
-19
-1
2
0
1
-1
-1
-1
-3
1
3
-2
-4
3
-2
0
0
-2
0
2
-3
-1
3
3
-5
-12
7
21
-21
0
3
0
-1
0
1
-1
-3
-1
20
-21
-7
12
5
-5
-2
0
3
-3
-1
1
0
-1
1
-4
2
2
-5
-2
2
-1
0
0
-1
-1
-3
1
18
-6
-55
40
24
-12
-27
27
-73
161
-118
-7
-12
29
20
117
-362
290
24
-94
-6
-3
-31
96
-7
-146
100
0
29
-50
14
0
18
-14
-8
-25
1
199
-316
218
-111
96
-173
269
-373
353
-31
-249
201
-139
150
-146
185
-197
144
-93
89
-110
113
-51
-37
68
-53
34
-17
7
-9
7
-2
2
-5
8
-7
1
2
-4
2
0
0
-3
4
-4
5
-9
10
-9
8
-4
-14
23
-16
9
-6
2
-2
0
1
-4
6
-11
16
-23
13
2
-7
9
-9
7
-6
3
-5
2
-1
-1
-2
3
-3
-2
7
-10
4
-3
3
-7
7
-8
16
-34
53
-69
37
50
-113
110
-88
92
-145
197
-185
146
-150
138
-204
248
31
-354
371
-271
171
-98
108
-219
315
-199
-3
24
5
13
-23
0
21
-28
-22
26
-56
39
35
-18
23
-4
2
-17
14
-55
57
-69
-9
46
-5
-16
75
-19
-6
-17
-3
-11
-17
24
-10
1
12
-2
4
-6
1
-5
3
-2
0
-1
1
-1
-1
-1
1
-2
3
0
-1
0
-2
-2
1
-5
8
-8
7
4
-9
4
-5
1
-1
0
0
-3
4
-4
9
-5
-7
7
-8
3
-2
2
1
-1
0
-1
-3
1
-2
1
0
1
-1
-1
-1
1
-2
3
-3
5
-4
1
-11
-2
8
-24
16
10
3
16
7
19
-76
16
4
-45
7
68
-59
53
-14
16
-3
2
-27
16
-36
-41
55
-27
20
25
-25
0
-12
11
-28
-2
36
-1
-19
45
-49
11
43
-88
-2
296
-396
103
47
-4
11
-44
-6
65
-13
-6
-15
27
-34
21
11
-32
11
2
-1
0
2
1
-3
-1
2
-1
-3
0
1
1
-3
1
-2
0
1
-1
-2
1
-2
-4
-4
16
-23
21
-9
-2
0
-2
0
0
-1
0
-1
1
9
-22
23
-16
2
3
1
-1
1
1
-2
0
1
-3
2
-3
-2
-1
1
0
-4
0
1
-3
-2
-1
1
-2
-12
31
-12
-21
33
-27
13
6
13
-67
7
43
-11
3
-47
-103
395
-298
1
87
-44
-13
47
-46
18
0
-38
0
25
-11
8
0
37
-10
-34
-71
271
-331
161
55
-81
-17
-11
168
-202
1
224
-264
97
78
-53
-97
193
-116
-18
15
31
-7
-46
65
-23
-24
24
-2
-10
4
1
-1
-1
-2
3
-3
-1
1
-1
1
-1
-3
2
0
-2
0
0
2
-2
-8
11
-3
-9
12
-4
-2
2
-1
-1
0
-1
0
-3
1
5
-12
10
2
-10
7
1
-3
0
-1
2
-1
-3
3
-1
-1
0
-2
0
2
-5
1
0
1
-2
-4
9
2
-25
23
24
-65
45
8
-31
-17
18
116
-194
97
52
-79
-97
263
-226
-2
202
-169
10
15
80
-56
-161
329
-272
70
32
8
-41
0
-55
85
-67
0
139
-96
-135
137
3
-79
176
-229
-53
454
-242
-210
222
-58
-108
191
-51
-116
102
-9
-64
112
-78
-50
102
-23
-37
34
-10
-4
4
-7
4
2
-8
8
-5
-1
0
-1
1
3
-5
1
-1
2
1
-4
4
-3
-12
35
-14
-31
23
6
-9
2
0
0
1
-3
8
-6
-24
30
15
-36
12
2
-5
5
0
-1
0
-1
6
-4
-2
0
-2
1
3
-9
7
-4
-3
6
-6
2
10
-34
38
22
-103
50
77
-113
63
8
-103
116
50
-191
108
58
-224
210
240
-454
52
228
-177
78
-4
-138
135
96
-141
0
65
-86
51
0
45
-44
-5
73
-135
187
-182
92
-9
-4
-50
130
-208
177
-80
25
41
-48
-16
79
-135
103
-12
-29
10
23
-34
41
-34
13
0
-8
8
-3
-1
3
-3
1
1
-3
1
0
-1
-1
1
0
0
1
-1
0
-1
2
-3
2
-5
2
3
-7
4
-2
-1
0
0
0
0
0
0
1
-4
6
-4
-3
4
-3
2
-1
-1
0
1
-2
0
-1
-1
1
0
-1
-1
2
-2
-2
3
-3
0
1
-8
7
0
-11
34
-41
34
-23
-10
29
11
-104
135
-80
14
48
-41
-26
79
-178
208
-131
47
2
7
-93
180
-188
135
-74
2
42
-50
0
-44
5
61
-43
-131
114
101
-74
-3
-54
68
19
113
-182
-166
225
-31
-23
-26
37
39
-33
3
-15
37
-40
-2
38
-2
-14
-7
-5
6
0
-1
1
-1
0
0
-3
4
-5
1
0
0
0
-2
2
-2
0
-2
4
-4
4
-1
1
1
-14
10
1
1
-2
0
0
-1
1
-1
-2
-10
14
-2
-1
2
-5
4
-4
2
-2
2
-2
2
-1
0
-2
-3
5
-6
2
-1
-1
1
-2
-1
-1
-7
4
7
13
1
-39
2
39
-37
16
-4
32
-40
-37
26
23
30
-225
165
181
-115
-21
-69
51
2
73
-100
-115
130
41
-63
-7
40
0
39
-72
82
-100
233
-358
322
-204
95
-21
-33
61
-87
17
127
-132
10
110
-191
234
-206
115
-48
27
-8
-21
47
-59
53
-41
29
-12
3
-3
3
0
-3
2
-2
2
-3
-1
1
1
-3
2
0
-2
1
-1
0
2
-3
2
-1
1
-2
-2
3
-3
-1
0
-1
0
-1
0
-1
2
-4
1
4
-3
1
-2
2
-2
-2
2
-1
2
1
-3
4
-2
-1
0
1
-3
2
-3
3
-1
-3
3
-4
11
-29
41
-54
59
-46
21
8
-28
47
-115
206
-235
191
-110
-10
132
-128
-18
84
-63
31
21
-98
203
-322
357
-233
99
-85
71
-42
0
-18
7
-20
34
-27
-33
148
-66
-21
-20
-25
-41
51
100
-92
52
0
-48
-12
52
-68
12
40
-20
20
-4
-7
-13
-20
34
7
-11
-1
-3
-1
1
-1
2
1
-4
2
-1
-2
4
-2
1
0
-2
2
0
-1
3
-3
-1
-2
3
-4
2
-5
4
-2
-1
-1
0
0
1
1
-4
3
-3
2
-4
2
-1
2
-3
1
0
-2
2
-1
-1
0
-5
2
0
-3
4
-1
-2
0
0
-1
2
-2
10
-8
-34
20
13
5
4
-18
18
-42
-12
68
-52
11
46
0
-52
91
-101
-53
41
23
18
19
65
-150
33
27
-36
17
-9
14
0
-4
18
-18
4
-224
410
-208
31
-23
47
-105
121
-87
-85
281
-237
134
-145
172
-94
-49
76
-28
4
-6
9
-15
54
-88
69
-36
15
-3
-2
1
1
-2
0
-1
1
0
-1
-5
5
-2
-2
0
-1
1
-1
0
-2
0
1
-4
4
13
-27
21
-8
0
-1
0
0
-1
1
-1
7
-20
26
-14
-4
4
-1
-2
1
-1
0
-1
0
-1
0
0
-6
3
0
-1
-2
1
-2
2
-1
-1
1
2
-16
35
-69
88
-55
14
-10
5
-4
26
-76
48
94
-172
144
-135
236
-283
84
85
-122
104
-48
20
-32
208
-411
222
-6
16
-19
0
0
36
-21
-26
8
44
-89
105
-76
9
6
-7
-18
43
3
-49
36
-9
-24
50
18
-69
29
1
-4
4
-13
19
3
-20
-3
15
-6
-1
-1
3
-1
0
-1
1
-1
1
2
-1
-3
-1
2
-2
0
2
-2
0
-1
-1
0
-2
1
-5
5
-1
0
0
-1
-1
0
0
0
-1
-1
2
-6
2
-2
-1
-2
0
1
-1
1
-3
-1
1
-4
0
3
-1
-2
0
0
-2
0
-1
1
-4
0
0
5
-16
2
20
-3
-18
11
-5
4
0
-29
69
-18
-50
24
9
-37
47
-4
-45
16
5
-10
-12
75
-107
88
-45
-11
24
19
-39
0
-35
13
8
33
16
-83
-8
30
-3
-10
29
-17
-3
88
-83
-18
4
7
15
27
-42
1
8
-5
6
-3
-4
13
-12
7
-2
1
-1
0
0
0
2
-4
1
1
-1
1
0
0
-1
1
-3
3
-1
-1
1
-2
0
-1
-4
2
1
-2
4
-3
0
-1
0
0
-1
-1
-1
3
-3
1
-1
-3
2
0
-1
2
-1
0
1
-3
2
-1
-1
0
0
-1
1
-2
-2
3
-2
0
0
0
1
-2
2
-7
11
-13
5
3
-8
4
-7
-2
42
-27
-16
-8
-4
18
82
-89
1
15
-31
7
0
-31
6
83
-16
-34
-10
-13
31
0
51
-73
63
-67
116
-170
141
-71
19
26
-67
76
-85
111
-95
28
14
-31
32
-15
2
-2
6
-1
-1
3
-19
30
-22
10
0
-2
1
0
-1
0
2
-1
1
-1
-1
2
-2
0
0
-2
-3
4
-4
1
1
-2
-1
-1
-1
3
-4
1
-2
2
-2
0
0
0
0
-1
1
-2
0
-2
4
-3
1
0
-1
1
-1
-2
4
-4
2
1
-1
-1
1
-4
1
0
-1
1
-3
-1
1
0
-4
1
-1
-9
23
-30
20
-2
0
0
-6
1
-1
13
-33
31
-14
-28
94
-113
83
-77
65
-27
-20
71
-141
168
-117
65
-65
71
-56
0
-23
30
-9
-27
47
-14
-26
9
5
-1
17
-18
-19
13
18
-10
-14
4
18
0
-13
8
-5
-3
2
0
1
0
1
2
-2
2
-3
3
-3
2
0
0
0
-3
-1
4
-6
4
0
-2
1
-4
3
-2
-1
1
2
-3
1
0
0
-2
2
-1
-1
0
-2
0
0
-1
0
1
-1
1
0
-1
-2
2
-2
-1
0
1
-3
4
-3
1
0
-4
5
-6
1
2
-2
-1
0
-2
1
-4
2
-2
3
-2
-1
0
-3
1
-3
3
5
-9
14
-1
-18
-5
13
10
-18
-14
18
17
-19
0
-7
-9
27
15
-48
26
7
-31
17
0
-11
8
3
-5
-4
11
-5
0
-2
3
-5
4
-4
10
-15
10
-2
-4
7
-7
5
-5
0
8
-6
-5
2
5
2
-3
1
0
-2
-1
2
-1
-3
3
1
-3
1
2
-2
-2
4
-2
0
0
-3
2
-2
1
1
-1
0
0
0
-2
0
0
-1
0
0
0
0
0
0
0
-1
1
0
-1
-1
0
-1
-1
1
-2
2
0
-1
2
-3
1
2
-3
-2
2
0
-4
2
0
-2
-1
0
0
-2
4
-3
-5
-4
5
6
-8
1
3
-5
6
-9
3
2
-10
15
-11
1
-4
3
-5
0
0
3
-12
4
5
-5
-9
7
0
-5
4
-3
2
-4
4
-3
-1
3
0
-3
6
2
-30
29
-7
-2
-4
6
5
-11
7
-2
-1
3
-5
4
-2
1
1
1
-1
0
1
-1
-2
3
-1
-1
0
1
-2
2
-2
2
-1
-2
2
-2
1
1
-2
0
-1
2
-3
1
0
-1
0
-1
0
0
0
0
-1
1
0
0
0
-2
1
-1
1
-1
1
-1
-2
1
-3
2
0
-1
1
-2
2
-1
-1
1
0
-4
0
-1
-1
0
1
-1
-1
1
1
-6
4
-4
0
3
-8
12
-5
-7
3
0
6
-30
30
-4
-8
2
-3
-3
0
3
-4
3
-4
-1
-5
-1
0
-3
-2
2
2
-4
6
-6
3
-1
-7
6
7
-1
-6
-6
1
5
0
-1
0
-3
0
3
-2
-3
7
-7
0
3
-2
0
1
-2
-1
1
0
-3
1
-1
0
1
-2
0
0
1
0
-2
0
2
-3
2
-1
0
0
0
0
1
-1
1
0
-1
1
0
0
0
-1
-1
0
-2
2
-1
-1
0
0
-2
1
-3
2
-1
0
1
-1
-1
-1
0
2
-2
-1
0
-2
2
-1
-2
0
0
-2
-1
2
-4
-1
7
-7
2
1
-3
0
2
0
0
0
-5
-1
5
5
-1
-8
-6
6
-1
-3
5
-7
3
-3
-6
1
-3
0
2
-3
1
1
-8
11
-5
-1
1
-5
-2
6
22
-47
13
12
-5
-1
1
-1
-1
2
-3
3
-5
4
-7
5
2
-5
1
1
-1
1
-1
0
-1
1
-1
-2
1
1
-1
-1
-1
1
-1
0
-2
0
3
-4
1
0
-1
-1
1
-1
0
0
0
-1
0
0
-1
0
-1
0
-1
0
-1
-1
-1
-1
-1
3
-4
-1
2
0
0
-2
0
1
-1
-2
-2
0
1
-2
1
0
1
-3
-1
-2
-1
5
-2
-4
6
-5
3
-4
2
-3
-1
2
-2
1
4
-12
-15
46
-23
-7
2
2
-3
0
5
-11
5
-4
-3
1
-5
0
-6
8
-8
1
-1
8
-3
-1
1
-1
3
-3
-7
11
-16
12
-7
4
-1
-1
5
-9
4
1
2
-4
0
6
-3
1
-3
2
-2
1
2
-3
4
-1
-2
-2
2
-1
-4
3
-2
1
-2
2
-4
0
-1
0
0
1
-2
-1
-2
0
0
0
0
0
0
0
0
-1
0
0
-1
-1
0
0
0
-2
-1
0
0
0
2
-3
0
-2
1
-4
3
1
-3
2
0
1
-4
3
-2
-1
2
-2
2
-1
3
-7
1
4
-2
-2
-5
8
-5
0
1
-5
6
-13
13
-13
6
2
-5
0
-2
1
3
-9
0
-2
4
-9
0
0
0
0
-6
2
-3
2
1
-2
-3
0
-2
-4
9
-6
2
-7
1
6
-7
4
-3
6
-9
8
-3
-3
-1
2
-3
4
-1
-1
1
-1
3
-4
1
-3
2
-1
0
1
-2
1
-2
-1
1
-2
3
-1
-2
1
0
0
0
-2
-1
-1
-1
-1
-1
-1
-1
0
-1
0
0
1
0
0
-1
1
-1
0
-1
-2
1
-1
-4
2
-2
0
1
-1
1
-1
-1
0
-2
2
-2
3
-3
0
-1
1
1
-4
2
-2
1
1
3
-8
9
-7
3
-4
7
-8
-3
7
-3
4
-11
3
2
-3
1
2
-3
-3
1
-4
3
-2
-4
0
-5
5
-1
-9
11
-7
2
-3
-1
1
2
-4
6
-15
20
-9
1
1
-4
0
3
3
-2
-4
11
-10
1
-2
3
-2
1
0
0
-2
0
-2
2
-3
2
-4
3
0
-1
0
-1
-1
2
-1
0
0
-4
0
0
-2
0
-2
0
-1
0
-1
1
-1
0
0
0
-1
0
0
-2
0
-1
0
-1
0
0
-2
2
-2
0
1
-2
0
0
-1
0
-1
-3
2
-4
1
-1
1
-1
1
0
-1
-1
2
-4
1
-3
9
-12
4
3
-4
-3
0
4
-2
-3
9
-21
15
-7
2
-3
-2
-1
2
-2
5
-13
7
-2
-6
1
0
0
-2
-2
1
0
-2
4
-2
-1
-1
0
-1
2
-6
4
-4
2
-1
-2
-1
3
-1
-3
3
2
-5
1
-2
1
1
-2
3
0
-3
3
-1
0
1
-2
1
-1
-1
-1
1
0
-2
1
0
-1
-1
-1
2
-1
1
-1
1
-3
0
-1
-1
1
0
0
0
0
-1
-1
0
0
-1
0
-2
1
0
-1
-2
1
0
-2
-1
-1
1
-1
-1
-1
-1
0
-3
2
-1
-1
1
-3
1
-1
-3
2
-2
-2
1
-1
4
-3
-4
3
0
-4
1
0
0
-3
3
-6
5
-3
-1
-2
-1
0
2
-4
1
-1
-2
-1
1
-5
0
-3
2
0
3
-3
-4
5
-2
0
1
-3
4
-7
8
-4
-1
1
-1
0
0
-1
1
1
1
-4
4
-3
3
-1
2
-2
1
0
0
-1
0
-1
0
-1
0
0
-2
2
-3
2
-2
-1
1
-2
2
-2
1
-1
0
0
-1
0
-1
0
0
0
-1
1
0
0
-1
0
-1
-1
0
-1
0
-1
0
1
-2
0
-2
1
-2
-1
1
-4
3
-3
-1
-1
-1
1
-1
0
-1
0
-1
-1
-2
3
-2
3
-3
2
-4
3
-2
-1
-2
0
-1
-1
0
-2
0
3
-9
4
-5
1
-1
-1
2
-7
2
2
-5
-2
-3
-1
0
-1
0
-3
2
-2
-3
2
-2
-2
0
0
-2
0
-4
8
-10
3
4
-2
1
-2
2
1
-4
0
4
3
-5
0
0
2
-1
0
2
-1
1
-2
0
0
0
-1
-1
0
0
0
0
-1
2
-2
3
-3
4
-1
-1
0
1
-1
0
0
0
1
1
-1
0
0
0
1
0
0
-1
1
-2
0
0
1
-3
2
-3
1
-2
1
0
1
-1
0
-1
-1
-1
0
-2
1
-2
1
-1
0
0
-2
0
-2
4
-2
-4
1
3
-1
-2
1
-1
1
-4
-4
10
-9
3
-3
1
-1
-1
0
1
-4
0
1
-3
-1
-3
-4
0
-3
1
0
-1
-3
1
1
1
-5
2
1
0
-7
4
4
-6
6
-5
3
-1
-2
-1
4
-3
-1
5
-7
6
0
-4
3
-2
0
1
1
-4
0
1
-1
1
-1
-1
-4
2
1
-2
-1
3
-3
2
-1
-2
1
-2
0
1
0
-1
1
-1
0
-1
-1
0
0
-1
0
0
-1
-1
1
-2
0
0
-2
1
0
-2
2
-3
0
1
-2
-2
1
0
0
-2
0
-2
-2
3
-2
0
0
2
-3
3
0
-7
7
-5
0
2
-4
1
1
-1
-3
4
-6
6
-4
-6
5
-1
-2
-4
2
-2
-2
-2
1
-1
-4
-1
-3
0
-2
0
-1
1
-4
1
0
0
-2
-3
2
-3
5
-10
3
0
1
-3
-1
5
-3
-3
5
-6
2
4
-2
-1
-1
4
-2
1
0
-2
2
-1
-3
2
-3
0
0
0
1
-1
-2
-1
0
0
0
0
1
-1
-1
-2
0
-1
0
-1
0
0
-1
0
0
0
-1
0
0
0
0
0
0
1
-1
-1
1
1
-2
-1
0
0
-1
-1
0
0
-1
0
-2
-1
2
-2
2
-1
-4
1
-1
-1
3
-4
1
1
1
-4
-2
5
-7
3
2
-5
1
2
-2
0
-5
9
-7
1
-3
0
-1
-1
-1
-4
1
-3
-2
-1
-1
0
1
1
-1
-1
0
1
0
0
-1
-1
-1
0
0
0
-1
-1
-1
1
0
0
-1
0
1
1
0
0
-1
0
0
-1
0
0
0
0
0
0
0
0
0
0
0
-1
-1
0
0
1
0
-1
-1
0
1
-1
-2
-1
0
0
-1
0
-1
0
-1
-1
-1
0
0
0
-1
-1
0
0
0
0
-1
-1
0
0
0
-1
-1
0
1
-1
-1
-1
0
0
-1
-1
-1
0
-1
-1
-1
0
0
-1
-1
-1
0
0
-1
0
0
-1
-1
0
0
-1
-1
0
0
0
0
-1
-1
-2
-1
0
0
0
-2
-2
-1
-1
-1
-1
-2
