0
-4
4
-3
13
-25
37
-36
6
5
-2
0
-6
13
-3
21
-71
92
-100
72
-52
35
-20
14
5
-3
-2
0
1
-2
-3
5
0
-4
3
-2
1
0
1
0
0
0
1
-1
0
-1
-1
0
0
0
0
-1
1
0
0
0
0
0
-1
0
-1
0
-1
0
0
0
0
0
0
-1
1
-1
-1
0
-1
-1
0
0
1
-1
0
0
0
-1
-1
1
-1
0
-1
1
-1
-1
-1
2
-5
3
0
-4
3
1
-1
1
1
2
-7
-13
19
-35
51
-73
98
-92
71
-23
2
-14
3
-2
0
-6
-7
34
-38
25
-15
2
-5
-1
0
-8
20
-4
-19
19
-41
46
-25
17
-17
12
-1
14
13
-145
144
-72
16
170
-190
101
-114
54
-5
9
-2
-3
1
-1
19
-17
4
-6
-4
9
-3
-2
3
-7
4
1
-1
1
-1
0
1
-1
0
-1
0
-1
0
-2
2
-2
0
0
-1
0
-2
-1
0
-1
0
0
0
0
0
-1
0
0
-1
1
-2
0
-1
-1
-1
-1
0
-1
-1
0
0
-2
0
-1
-4
7
-4
3
2
-11
3
4
-5
17
-20
1
-1
3
2
-8
5
-54
113
-100
189
-171
-16
71
-144
144
-16
-17
-1
-14
16
-19
24
-49
41
-21
18
1
-21
3
0
-4
4
-8
24
-18
23
-47
15
5
-10
32
9
-99
10
181
-137
138
-271
-80
402
-97
-145
60
-4
4
1
-3
8
-11
0
15
-5
-9
5
7
-9
-11
19
-2
-8
2
0
-2
1
-1
1
-2
0
0
0
-2
0
2
-3
2
-1
0
-1
0
-1
0
-1
0
0
0
0
1
0
0
0
0
0
-3
3
-2
-1
1
-1
-1
0
0
-2
0
-1
1
-2
-3
7
2
-20
11
8
-7
-6
8
4
-15
0
12
-7
2
-2
-5
2
-59
143
96
-402
79
270
-138
137
-183
-12
97
-11
-35
8
-8
-16
47
-24
16
-24
6
-5
0
0
9
-29
24
-24
-13
152
-174
71
-50
-20
106
-44
-81
181
-379
104
847
-877
-167
546
-91
-216
102
22
-9
-5
3
23
-31
-12
36
-16
2
9
-26
20
-12
8
-1
-4
1
0
-2
1
0
-3
2
-1
0
-1
0
0
-1
0
-1
0
0
-1
-1
0
0
0
0
0
0
0
0
0
-1
0
0
-1
0
-2
1
-1
-1
-1
-1
1
-2
3
0
-3
1
-1
-3
3
0
-9
11
-21
25
-10
-3
15
-36
10
32
-23
-5
5
8
-23
-101
216
91
-546
167
877
-848
-104
377
-183
79
41
-109
19
47
-71
173
-153
12
22
-27
27
-13
0
8
-30
28
-10
24
-208
282
7
-203
44
87
-189
412
-460
723
-723
-546
1296
-897
655
-264
-107
73
-4
-5
22
-34
33
-43
18
10
2
-26
8
44
-55
57
-68
33
-7
4
-3
7
-7
0
5
-6
1
0
-1
1
-1
-1
-1
0
1
-1
0
0
0
-1
0
0
0
-1
0
0
-1
-1
0
0
-1
0
-1
0
-1
-1
0
0
-2
4
-5
0
6
-8
2
-5
6
-33
67
-59
55
-45
-9
26
-2
-11
-18
43
-33
33
-23
4
4
-73
107
265
-655
896
-1297
546
722
-724
459
-413
187
-89
-45
202
-8
-281
207
-24
8
-31
28
-13
0
-9
25
-23
28
-24
28
-45
150
-249
122
37
72
-253
304
-792
1047
-1157
1314
-837
665
-513
270
-192
26
3
-16
33
-13
-4
22
-46
38
-54
68
-48
45
-27
0
12
-15
8
0
-7
4
5
-5
2
-1
-1
-1
0
-1
0
-2
1
-2
2
0
1
0
-1
-1
-1
0
1
0
0
0
-1
0
-1
1
-1
1
-1
1
-1
1
0
0
-3
5
-5
-5
7
-1
-8
14
-12
-1
25
-45
50
-69
54
-39
46
-21
3
12
-34
15
-4
-26
193
-272
512
-665
837
-1315
1156
-1048
791
-305
253
-73
-37
-125
247
-151
44
-28
24
-29
20
-26
5
0
-10
30
-14
-48
20
240
-337
256
-273
182
-132
94
-100
-27
835
-1107
437
-188
-191
798
-516
30
26
-8
4
-28
43
-7
-17
4
-9
1
43
-34
-43
71
-29
0
11
-26
17
1
-2
-3
-2
2
2
-3
1
-1
0
1
-1
-1
1
-1
0
0
0
0
0
0
0
0
-1
0
0
0
-1
0
0
0
-1
0
-1
-1
0
-1
-1
2
-2
-2
2
3
1
-2
-18
25
-12
0
28
-71
44
32
-45
-1
8
-5
17
7
-44
28
-5
7
-27
-30
516
-798
191
187
-436
1106
-836
26
99
-94
130
-184
271
-256
337
-241
-22
47
11
-31
7
0
8
-31
12
58
-37
-161
175
154
-295
189
-210
-12
479
-336
-358
332
929
-1358
-132
1051
-340
-308
189
1
-2
-9
7
19
-37
-41
134
-64
-54
23
67
-68
-7
35
-1
-23
19
-12
2
7
-5
-2
4
0
-1
-1
0
0
-1
-2
1
0
-1
-1
0
-1
1
0
-1
0
0
0
-1
1
-2
-1
0
0
-2
1
-1
0
0
0
1
0
-5
1
5
-7
-3
10
-18
21
1
-35
7
68
-67
-24
54
63
-132
40
36
-19
-7
7
2
-2
-189
308
340
-1052
132
1357
-930
-332
356
335
-479
11
208
-190
292
-155
-175
160
36
-59
-15
29
-12
0
14
-37
45
-84
96
-142
155
17
-102
83
-70
294
-775
676
-548
401
948
-1366
-359
1230
-586
225
-115
-18
-6
42
-48
41
-38
-39
113
-89
75
-23
-38
31
-63
67
-6
-16
-1
10
0
-10
7
-9
11
-4
-1
0
-1
-1
0
-1
0
0
-1
0
0
0
-1
-1
0
0
0
1
0
0
0
-1
0
-2
0
0
-1
1
0
0
-2
3
-11
9
-8
8
0
-9
1
15
4
-68
62
-32
36
23
-77
88
-113
39
37
-41
48
-43
5
17
114
-225
587
-1230
359
1364
-948
-402
547
-677
772
-295
70
-84
100
-17
-156
142
-96
84
-48
36
-18
0
-6
6
-35
91
-125
300
-318
-74
266
-86
-9
-55
71
-69
260
-176
-831
1230
-1167
1317
-728
369
-247
19
18
-39
30
-11
-13
-27
65
-60
53
-28
17
-9
14
-16
2
-10
-2
9
-10
10
-6
3
1
-2
0
0
1
1
0
-1
-1
0
0
-1
1
0
-1
0
-1
0
0
0
0
-1
0
0
0
0
0
0
0
-1
-2
-1
0
1
0
-4
5
-9
10
-9
1
9
-3
15
-15
8
-18
26
-54
59
-65
27
11
11
-32
38
-18
-19
246
-369
729
-1317
1165
-1231
830
175
-261
67
-72
53
7
84
-269
74
318
-302
125
-92
32
-8
2
0
-13
37
0
-52
113
-327
356
-254
153
143
-287
-231
637
-971
1465
-1484
1913
-1752
1124
-795
136
65
-13
44
-34
29
-19
10
-43
138
-115
-39
88
-71
65
-56
64
-27
-11
1
-1
3
5
-6
-1
-4
5
-2
-1
1
0
-1
0
-1
0
0
-1
-1
0
0
-1
0
-1
0
1
-1
0
0
0
1
1
-1
0
0
0
-1
0
-1
0
1
-5
2
-1
6
-6
-4
1
-2
9
26
-65
55
-66
69
-90
39
115
-138
42
-11
19
-30
33
-44
13
-66
-137
794
-1124
1752
-1913
1483
-1465
970
-639
229
286
-146
-154
254
-356
326
-114
50
-3
-38
9
0
-9
17
-9
-40
-34
328
-432
623
-693
418
-370
-194
833
-628
612
-189
-1031
1073
-869
964
-165
-303
100
-22
12
18
-14
41
-33
-123
188
-48
-27
21
-46
6
72
-42
-19
9
4
-3
-5
1
4
-1
4
-4
0
-1
0
-1
-1
0
-1
-1
0
-1
0
-1
0
1
0
0
0
-1
0
0
0
0
-1
-1
0
0
0
0
0
0
-1
3
-6
0
-3
-2
4
1
-6
-10
17
42
-73
-6
46
-22
26
48
-188
123
34
-40
14
-19
-13
22
-101
302
165
-964
868
-1075
1030
188
-613
627
-835
193
367
-419
691
-624
431
-330
34
39
6
-20
5
0
4
-17
-22
130
-36
-310
340
-262
250
157
-394
-443
1291
87
-2098
1234
742
-626
-390
448
-28
-115
74
-43
-14
67
-24
-38
-34
172
-107
-98
119
55
-115
-24
102
-26
-41
23
-3
-9
36
-37
2
4
12
-10
1
-1
1
-1
0
0
-1
-1
-2
-1
0
0
0
0
0
0
0
-1
0
0
-1
0
1
0
-1
0
1
1
-1
-1
-2
10
-12
-5
-3
37
-37
9
2
-24
41
23
-101
24
114
-56
-119
97
106
-173
33
39
24
-68
14
43
-74
114
28
-448
390
627
-742
-1234
2096
-89
-1292
442
392
-159
-253
262
-339
309
33
-132
19
15
-8
0
15
-42
64
-150
67
351
-436
-129
379
-18
-276
-432
1622
-991
-642
831
-90
-160
527
-901
204
356
-167
-25
1
112
-101
11
24
-131
205
-80
-18
63
-181
150
66
-138
67
-28
12
-12
-10
38
-25
-15
28
-10
-2
1
-1
0
0
-2
0
0
-1
-1
0
1
0
-1
-1
0
1
-1
0
-1
0
0
0
-1
-1
0
-1
0
0
0
1
9
-29
14
24
-39
10
11
-14
28
-68
138
-66
-151
178
-64
16
80
-206
131
-26
-10
101
-114
-1
24
166
-356
-205
901
-528
159
89
-832
640
991
-1623
431
274
15
-381
129
436
-352
-68
149
-66
41
-19
0
6
-22
3
54
22
-341
195
646
-812
174
94
-601
1128
-1537
2360
-1357
-143
483
-1448
1494
-477
205
-61
-97
81
-101
16
85
-95
133
-159
165
-139
140
-145
47
-37
11
56
-38
4
0
13
-34
52
-46
26
-12
1
0
-1
0
0
0
-1
1
-1
0
-2
-1
-2
1
-1
0
0
-1
0
0
0
0
-1
-1
-1
0
0
-1
-1
-2
-2
12
-27
45
-53
32
-15
0
-5
37
-56
-12
37
-47
144
-141
138
-165
158
-133
94
-85
-18
102
-81
97
60
-206
477
-1493
1447
-484
143
1357
-2362
1536
-1129
599
-97
-174
810
-647
-198
341
-21
-56
-5
21
-10
0
-13
26
-44
76
-153
435
-364
-169
328
-399
453
-452
729
-1042
1000
-767
899
-864
837
-731
245
-77
101
-81
103
-170
117
-65
89
-120
119
-50
21
14
-75
113
-137
89
-55
34
12
-8
-5
7
7
-27
13
-6
4
-2
1
1
-1
0
-1
0
-1
-1
0
0
0
0
-1
0
-1
0
-1
0
0
0
-1
0
-1
-2
-1
-1
-1
1
-5
6
-15
26
-8
-8
4
7
-13
-35
56
-90
136
-114
74
-14
-22
50
-120
119
-90
64
-119
169
-102
81
-101
76
-247
732
-837
864
-900
767
-1001
1041
-732
450
-453
398
-330
169
363
-436
153
-76
41
-27
9
0
-15
46
14
-151
298
-503
435
-243
233
-180
198
99
-929
1055
-589
286
296
-776
692
-538
303
16
-71
-1
9
60
-102
32
24
-15
-7
24
-33
26
22
-52
8
15
-4
-2
-2
-6
18
-4
-11
18
-14
6
-2
0
-1
-1
0
1
-1
-1
0
-1
-1
0
-1
-1
0
0
-1
0
0
-1
1
-1
0
-1
0
-1
0
0
0
-1
2
-7
14
-18
12
3
-18
6
2
1
5
-15
-10
51
-23
-27
30
-25
5
14
-24
-32
100
-60
-10
0
71
-16
-304
537
-693
775
-297
-287
587
-1057
929
-100
-200
177
-234
242
-436
503
-299
151
-17
-48
12
0
-9
20
-18
-9
36
-56
27
93
-119
-37
147
-27
-95
20
60
-64
58
-32
5
-37
45
-7
-17
13
-1
-5
-5
21
-9
-13
5
7
11
-21
8
13
-26
-1
17
-1
-1
1
-15
14
-7
0
2
-2
0
0
-1
0
-1
-1
0
0
-1
0
-1
0
-1
-1
0
0
-1
0
0
0
-1
0
0
0
-2
1
0
-1
0
-1
1
1
-3
-1
6
-15
14
-1
2
0
-17
0
24
-14
-9
20
-12
-7
-4
13
10
-22
6
5
-1
-14
18
7
-45
36
-7
30
-59
63
-61
-21
95
25
-149
35
117
-94
-27
57
-37
7
15
-20
4
0
-5
6
-8
8
-12
16
-15
-9
41
-43
24
68
-125
106
-133
74
22
-18
-36
46
23
-60
25
-1
4
0
-17
21
1
-18
12
1
-6
4
-2
12
-27
13
-2
1
-5
3
3
-4
4
-4
2
0
-1
-1
0
0
-1
-1
-1
0
0
-1
0
-1
1
0
0
0
-1
-1
-1
0
-1
-1
1
0
0
0
0
-1
0
0
-1
-1
-2
3
-5
4
-4
-4
4
-2
2
-13
25
-13
0
-6
6
-2
-13
17
-1
-21
18
0
-5
0
-25
60
-23
-46
36
18
-22
-75
132
-107
125
-70
-26
41
-43
8
15
-17
12
-10
5
-7
0
0
-4
3
-1
-5
12
9
-36
10
13
-13
13
84
-204
183
-122
52
0
-18
49
-59
18
8
-7
7
-4
-2
4
-7
4
2
-1
-2
4
-5
5
2
-14
18
-14
3
4
-2
-1
4
-4
1
-1
1
-1
-1
0
-1
-1
0
1
0
0
-1
0
0
-1
0
0
0
0
-1
0
-1
-1
1
-1
-1
0
0
0
-1
0
0
0
-2
0
-2
3
-4
1
2
-4
-3
14
-18
14
-2
-6
4
-5
2
1
-2
-4
6
-5
1
3
-8
5
-7
-20
58
-50
16
0
-53
121
-185
204
-85
-16
10
-13
-11
36
-10
-12
2
-1
-3
-2
0
0
-3
0
6
-5
-30
38
41
-99
55
-9
29
-74
52
-3
-17
0
34
-29
6
-9
10
-2
2
-4
1
-6
11
-6
1
0
-2
6
-3
0
5
-8
7
-5
1
0
-1
1
-1
0
-1
-2
1
-1
0
0
-1
0
-1
0
-1
0
-1
0
0
0
-1
-1
0
0
-1
-1
-1
-2
0
-2
-1
-1
0
-1
0
-1
-1
1
-2
1
-1
0
0
-2
0
1
-2
5
-9
9
-5
-1
3
-7
2
0
-1
6
-11
4
-1
3
-3
2
-10
8
-7
28
-34
0
16
2
-53
74
-30
7
-57
97
-42
-39
28
3
-8
-2
2
-5
0
-2
0
2
-14
-4
56
-56
18
-9
-7
12
9
-42
25
30
-38
34
-27
-6
15
1
-5
2
-1
-2
2
-3
1
0
3
-5
6
-6
1
0
3
-4
0
-1
1
-1
1
1
-1
-1
1
-1
-1
0
0
0
-1
-1
0
-1
-1
0
1
-1
0
0
-1
0
0
-1
-1
0
-1
0
-1
-1
0
0
-1
0
0
-1
0
0
1
0
-1
-1
1
-1
-1
-1
-2
1
-2
3
-3
-2
-1
5
-6
4
-3
0
-1
3
-3
1
0
-3
4
-2
-16
5
26
-35
38
-31
-26
42
-10
-13
7
7
-19
55
-58
1
12
-5
-2
-3
0
-5
10
-9
15
-8
-29
49
-51
44
-22
2
3
16
-19
-18
20
-6
0
15
-14
-3
9
-4
3
-1
-2
9
-10
2
1
1
-6
9
-3
0
0
1
-1
2
-1
1
-4
3
-1
-1
-1
-1
0
-1
1
-1
0
-2
0
0
0
-1
-1
-1
0
0
0
-1
0
0
0
0
0
1
0
0
0
0
-1
0
0
-1
-1
0
0
0
0
0
1
-3
2
-1
0
-1
0
-1
0
-2
3
-10
6
-1
-1
-3
10
-8
2
1
-3
3
-9
3
14
-15
0
5
-20
17
17
-18
-3
-3
20
-45
51
-49
29
6
-17
8
-10
0
0
-2
-1
0
1
-6
8
-7
19
-27
13
-3
7
-13
13
-27
11
20
-16
2
0
1
-4
4
-2
2
0
-2
2
-1
-1
-2
-1
3
-2
-1
0
0
-2
0
0
-1
2
-2
1
1
-1
1
-1
0
-1
0
-1
-1
-1
1
-1
0
0
-1
0
-1
-1
-1
0
1
-1
0
0
0
0
0
1
0
-1
0
0
-2
0
-2
0
-2
0
-1
-1
2
-2
0
-1
-1
1
-1
0
0
2
-4
1
2
-1
0
-2
2
0
-1
1
-5
4
-1
1
-2
14
-21
-12
27
-14
12
-9
2
-15
25
-20
7
-9
5
-2
-2
-1
-3
0
-2
0
1
-7
7
-6
4
0
-2
0
1
11
-26
8
10
3
-27
24
-15
13
-3
0
-1
0
0
0
-2
3
0
-1
2
-1
1
-1
2
-1
-2
0
-1
-1
0
-1
2
-3
1
-1
0
0
-1
0
-1
0
-1
-1
0
0
0
-1
0
0
0
0
0
0
-1
-1
0
-1
0
0
0
-1
0
0
0
0
0
0
0
-1
-1
1
-2
3
-3
0
0
0
-2
-1
0
0
-1
0
-2
1
-1
1
1
-3
1
-1
-1
0
1
0
2
-13
15
-25
27
-4
-10
-12
24
-12
-2
-2
1
-1
-5
6
-9
6
-3
-1
-3
0
-5
7
-11
14
-12
1
6
-14
13
-6
3
4
-12
-6
27
-20
5
-3
7
-9
2
-1
3
-3
0
0
3
-4
3
-3
1
0
-1
1
-1
-1
-1
0
-2
0
0
-1
-2
-1
-1
0
2
-2
0
0
0
0
-1
0
-1
0
0
1
0
-1
0
-1
0
0
0
0
0
0
-1
-1
0
-1
0
0
0
0
-1
0
-1
2
-2
0
0
1
-1
-1
0
0
0
-1
-1
0
1
-2
1
-1
-2
3
-3
3
-2
1
-2
2
-3
0
-2
8
-8
3
-7
20
-27
5
9
-7
-4
5
-15
14
-7
-2
12
-16
8
-9
0
0
-1
1
-2
-4
6
-3
2
5
-12
3
0
-2
6
-8
-3
7
-1
-6
3
-2
0
2
-1
-1
1
-1
-1
2
-1
1
0
0
0
0
1
-1
0
0
0
0
0
0
-2
1
1
1
-1
1
-1
0
0
0
-1
-1
0
0
0
0
0
-1
-1
0
-1
0
0
0
0
0
-1
-1
-1
-1
0
-1
0
-1
0
-1
0
-2
0
-1
0
-2
1
-1
-1
-1
0
-2
-1
-1
-2
0
-2
0
-1
-1
1
-1
0
-1
-1
1
0
-1
-1
1
-3
5
0
-8
2
6
-6
1
-1
-5
10
-5
-4
4
-9
2
-1
-3
-2
0
-1
0
-1
-3
8
-15
16
-4
-1
-1
0
3
-5
-4
25
-15
-7
8
-7
7
-3
0
0
0
-1
0
-2
2
-1
2
0
-1
0
-2
1
-1
0
-2
0
-1
1
-1
0
-1
1
-1
2
-1
-1
0
0
-1
-1
0
0
1
0
0
-1
0
1
-1
1
0
0
0
0
0
-1
1
0
-1
0
0
0
0
-1
0
0
0
-2
0
0
0
-1
0
-2
0
-1
1
-2
0
-2
0
0
0
0
-2
1
-2
0
-1
0
0
-1
-1
2
-7
7
-9
7
14
-26
3
5
-2
-1
-2
-1
3
-16
15
-9
2
-2
-1
-3
0
-3
2
-2
2
-8
19
-18
2
2
-3
1
-1
-3
-4
10
0
-11
13
-3
-2
1
-1
2
-2
1
0
0
-3
2
-1
0
0
0
0
0
0
-2
0
-1
0
-1
-1
2
-2
2
-1
1
-1
0
1
-1
0
0
0
1
0
-2
-1
0
-1
0
0
0
0
0
0
-1
0
-2
1
0
-1
-1
-1
1
-1
0
-1
-1
1
-2
1
-2
2
-2
1
0
-1
0
0
-1
-1
-1
0
0
-1
0
0
-3
3
-2
0
-1
2
-2
1
-1
1
4
-13
11
0
-11
3
3
0
-3
0
-3
-3
17
-21
8
-3
0
-4
-2
0
-2
1
-2
-1
2
-7
2
10
-7
-1
-2
5
-8
-4
13
-1
-13
10
1
-4
2
-1
0
1
1
-3
-1
6
-3
-3
3
0
-3
4
-1
-3
1
-1
0
0
-2
1
-1
-3
2
3
-6
3
1
-2
0
0
-1
-1
1
-1
0
0
0
-1
0
-1
0
0
0
0
0
0
-1
0
0
0
-1
0
-1
-2
0
1
-2
-3
5
-4
-3
3
0
-2
0
0
0
0
-3
2
1
-5
1
0
-4
3
1
-6
-1
2
-2
-1
-1
1
-2
4
-2
-11
13
1
-13
2
7
-6
1
-1
6
-10
-2
6
-3
-1
-2
-2
-3
0
-2
3
-5
1
1
1
-7
12
-6
0
-1
3
-4
-4
-5
31
5
-54
-28
81
6
-32
-11
8
4
14
-2
-47
31
31
-25
-21
22
11
-15
-3
3
2
-2
0
-1
-2
2
1
-3
-1
3
-4
-1
-1
2
-3
0
-2
-2
0
0
-1
-1
0
-1
0
-1
0
-1
-1
-1
0
0
-1
0
-1
0
0
-1
2
-3
0
-1
3
-3
-1
2
-1
-3
0
1
-2
1
-3
-5
3
15
-11
-24
20
23
-31
-32
48
2
-14
-4
-9
11
32
-7
-82
28
54
-6
-32
4
3
3
-5
0
-2
5
-13
7
-3
-2
-2
2
-5
-2
0
7
4
-4
-4
1
4
-3
-6
3
10
-4
-16
0
22
10
-25
-28
15
37
2
-34
-13
27
19
-23
-26
17
31
-5
-28
-1
24
3
-25
-10
21
14
-15
-15
9
12
-8
-13
6
11
-3
-11
2
10
-2
-9
2
8
-2
-9
1
7
-1
-9
1
8
0
-9
0
7
0
-9
-1
7
1
-8
-2
8
2
-8
-3
8
2
-10
-2
10
3
-12
-5
13
8
-14
-10
13
14
-15
-21
9
24
-3
-25
0
27
5
-31
-18
24
23
-19
-27
14
34
-2
-38
-15
26
25
-11
-23
0
14
1
-11
-5
5
3
-4
-3
2
4
-5
-8
