0
0
0
0
-2
3
-7
17
-25
12
3
-7
9
-8
8
-11
4
-7
21
-31
23
5
-10
-13
17
-5
-4
1
13
-31
26
-14
5
-5
1
3
-9
15
-4
-15
19
-14
5
-6
2
2
9
-14
8
-2
0
-4
9
-7
1
-1
3
-2
0
0
0
0
0
0
0
-1
0
-1
-1
0
0
1
-3
1
-1
7
-10
4
-1
1
-8
14
-10
-1
-3
7
-5
12
-19
14
3
-14
8
-6
-1
4
-6
13
-27
30
-14
0
4
4
-18
11
11
-5
-24
30
-22
5
-4
8
-8
7
-10
5
-4
-13
24
-17
6
-3
1
-3
-1
-3
0
-4
3
-1
0
-5
12
-8
8
-15
9
-4
2
-1
-4
4
-9
9
6
-32
46
-44
21
28
-65
36
4
-13
14
3
-24
10
23
-16
-23
49
-27
-2
-2
-7
15
-1
-3
-15
14
-9
17
-11
-2
-9
23
-12
-4
2
-1
0
-2
0
2
-2
1
-3
1
0
0
0
-1
2
-2
1
-3
0
0
-1
0
-2
4
10
-23
7
2
10
-19
9
-14
16
1
0
-17
8
1
1
26
-48
23
16
-24
-9
24
-2
-15
13
-4
-35
65
-28
-22
44
-48
31
-7
-9
9
-5
3
-1
-3
1
-11
13
-9
7
-12
4
-2
-3
-4
0
0
-1
0
1
-1
-1
4
-7
-9
21
-17
10
-16
18
-7
12
-14
-11
26
8
-54
39
-31
84
-85
1
27
0
20
-28
21
-66
61
6
-6
-64
55
4
30
-40
-14
-12
32
1
-25
14
0
2
4
-13
2
3
8
-13
3
-1
1
1
0
-3
3
-2
0
0
0
-1
0
1
-2
2
1
-1
-1
0
-4
14
-10
-3
-3
12
-5
-4
-1
-14
25
-3
-33
11
13
39
-31
-5
-55
63
5
-8
-62
66
-22
27
-20
-1
-27
-3
85
-84
30
-41
53
-7
-27
12
13
-12
6
-18
15
-10
15
-22
9
6
-5
-1
0
-2
0
-4
0
-3
2
1
-2
4
-2
-3
10
-23
22
-8
-7
6
-12
2
8
49
-57
-50
89
-31
20
-107
172
-96
3
-6
19
-8
-13
32
-7
-20
4
9
-15
-31
76
8
-70
33
-31
48
-36
21
-17
0
32
-21
-6
6
1
-7
5
-5
3
-2
1
-6
5
-1
-2
0
0
-1
1
1
-6
4
-3
2
-3
4
-6
8
-3
-6
6
20
-32
0
15
-21
36
-48
30
-33
70
-8
-77
32
14
-10
-6
20
6
-32
13
6
-20
5
-5
97
-173
107
-21
32
-89
49
56
-49
-8
-2
11
-7
5
6
-22
21
-11
4
2
-5
1
-2
-3
-1
0
-1
2
-3
0
-7
6
21
-45
34
-10
10
-22
14
-3
-1
-10
68
-106
112
-171
162
-98
-11
110
-100
133
-136
106
-20
-72
19
51
-105
71
-11
-32
68
-55
41
23
-51
-24
50
-9
-24
14
46
-78
24
33
-36
23
-20
5
7
-10
6
-4
4
-2
-5
2
-3
0
1
-4
3
2
-4
3
-7
10
-9
-5
19
-24
35
-33
-25
77
-47
-14
24
8
-51
24
51
-23
-41
54
-70
31
9
-70
104
-51
-19
73
19
-107
136
-134
99
-111
13
97
-162
171
-113
106
-69
9
-1
3
-16
21
-12
9
-37
45
-22
-7
7
-2
0
-2
-3
0
-2
0
1
-8
10
-3
4
-6
-9
19
23
-100
88
-29
-16
17
105
-228
162
2
-101
139
-37
-93
36
-18
75
-48
13
4
33
-152
123
44
-111
66
23
-10
-115
109
-1
-56
78
-18
-108
120
-49
10
4
-2
-2
-9
-3
7
6
-8
1
-5
5
-6
6
-2
-3
0
2
1
-7
6
-7
6
-1
7
-7
-8
2
7
1
2
-5
-11
49
-122
107
18
-79
55
-1
-110
115
9
-24
-67
110
-44
-123
151
-34
-4
-13
47
-75
16
-38
93
37
-139
101
-2
-163
227
-104
-18
16
26
-90
98
-26
-21
6
4
-5
2
-11
6
-3
-2
-2
0
-1
1
2
-3
-9
28
-53
37
22
-44
38
-17
-19
3
-24
-45
260
-302
18
256
-222
9
244
-175
-143
162
-12
-51
-26
89
56
-248
361
-348
279
-207
44
49
-10
-54
106
-133
89
-21
-13
5
9
-21
39
-41
19
-17
27
-2
-21
15
-14
3
7
-4
-4
0
1
0
-1
-1
4
3
-8
-4
14
-16
19
2
-28
17
-19
41
-40
21
-12
-6
13
20
-90
133
-108
54
8
-49
-45
207
-280
347
-362
247
-57
-89
24
52
11
-162
142
174
-244
-8
221
-256
-18
301
-260
45
23
-5
15
15
-41
42
-22
-38
52
-29
7
1
-4
-1
-4
0
-3
2
0
-2
-1
10
-17
20
0
-37
47
-14
-39
16
39
-93
11
182
-200
142
-305
410
-103
-71
17
-79
53
175
-424
284
43
-113
61
-1
26
-18
-144
115
60
-106
46
8
16
-44
1
68
-84
56
-32
21
-23
15
3
-1
-8
8
-9
8
-4
-6
6
1
-2
0
2
-1
-5
6
3
-10
8
-9
7
1
-4
-15
22
-21
31
-56
83
-68
0
43
-18
-7
-47
105
-60
-115
142
18
-26
-1
-61
113
-45
-285
425
-175
-53
79
-16
70
101
-410
305
-143
200
-183
-9
93
-40
-17
37
12
-51
33
-4
-21
17
-11
0
1
-2
-4
0
0
0
3
-3
-2
6
-28
23
-5
39
-75
126
-138
67
-28
100
-334
364
-64
-113
208
-188
41
-116
147
-30
54
-138
283
-328
121
0
-9
34
-60
54
13
-42
21
49
-60
-20
-34
99
-53
-2
-2
12
27
-46
25
-17
14
-10
-1
5
-3
0
-1
1
-2
2
1
-1
0
1
-1
-3
3
-1
0
0
2
-5
1
9
-15
17
-26
45
-27
-14
0
1
53
-101
32
19
59
-50
-22
40
-14
-54
58
-35
9
0
-121
327
-282
137
-54
30
-147
115
-40
188
-207
112
63
-365
334
-101
27
-68
137
-128
73
-39
4
-24
27
-7
1
0
-4
-3
0
1
1
-4
3
-12
36
-30
-45
78
-18
-6
-37
23
-8
0
-18
64
-2
-37
-4
80
-33
-43
-90
114
-9
-86
191
-158
93
-174
202
-105
68
-42
-7
-39
78
-70
60
-62
75
-21
-70
84
-28
-23
37
-16
-18
14
7
-30
25
-4
-3
-1
6
-4
0
0
0
-1
0
0
1
-1
0
4
-6
1
2
4
-25
29
-7
-16
16
16
-38
22
27
-83
70
19
-75
62
-61
69
-78
38
6
42
-68
104
-202
173
-94
158
-191
86
8
-114
89
42
33
-82
3
38
0
-66
17
-1
8
-25
36
5
16
-79
43
28
-37
11
-4
1
-1
-5
0
-37
53
-35
16
1
-20
55
-16
-107
109
-50
78
-48
59
-245
230
-57
37
-65
75
-14
-137
97
46
-34
0
31
-84
45
-52
179
-194
98
-17
-38
52
-37
16
6
-60
106
-80
40
-54
22
22
32
-44
20
-49
54
-44
51
-37
1
21
-24
10
-1
-2
2
1
-1
0
2
-1
-2
1
1
-11
24
-22
-2
37
-52
43
-55
48
-21
44
-31
-23
-22
54
-41
80
-107
60
-7
-16
37
-53
38
15
-99
193
-179
52
-45
83
-30
-1
32
-46
-98
138
14
-77
65
-37
56
-230
244
-60
47
-79
48
-111
105
16
-56
19
-4
-17
33
-54
33
0
-6
-8
46
-62
27
152
-76
-392
382
-25
-116
121
-25
-105
37
157
-126
-44
69
8
-66
36
69
-108
70
20
-100
65
-8
8
-27
38
-6
-50
31
44
-77
20
-22
50
10
9
-38
-12
36
-20
-46
32
40
-24
-30
54
-41
7
1
1
-2
-4
5
-1
1
-1
0
0
-1
0
-1
0
-6
4
0
-2
0
-8
41
-55
29
23
-41
-32
46
19
-37
11
36
-11
-11
-51
21
-21
77
-44
-32
49
5
-39
26
-9
7
-65
101
-21
-71
108
-68
-36
66
-9
-70
43
124
-157
-37
104
23
-123
114
23
-385
391
76
-153
-27
59
-48
5
1
0
47
-44
-54
6
110
-16
-216
587
-503
-19
-8
124
45
-192
312
-108
-133
60
-35
43
-20
46
13
-53
-32
99
-119
14
108
-13
-101
73
-7
-14
3
-5
9
23
-83
132
-97
-45
62
43
-36
-5
15
-24
-20
20
14
-11
13
5
-24
0
8
1
-2
0
-1
-2
0
0
0
1
0
-2
1
-1
-9
-1
25
-6
-14
11
-14
-21
19
23
-15
3
35
-44
-63
44
96
-133
83
-22
-10
4
-5
14
7
-74
102
13
-109
-14
118
-100
33
52
-14
-47
21
-44
36
-60
133
107
-312
190
-47
-126
6
18
501
-589
214
15
-111
-7
51
43
-51
0
-27
18
43
-92
137
-201
376
-733
706
-301
66
92
-261
500
-770
625
-276
198
-236
202
-99
44
-11
-22
-2
-1
24
-64
81
-66
55
-26
14
-5
-33
86
-135
159
-147
112
-106
56
14
-25
9
-10
18
-30
49
-62
80
-93
87
-67
38
-13
2
-1
0
-1
1
-1
0
0
-1
1
-2
2
-1
0
-2
12
-38
66
-88
93
-80
61
-49
29
-18
10
-10
25
-15
-58
105
-112
146
-160
135
-87
32
3
-15
26
-54
65
-81
63
-24
0
1
22
10
-45
99
-202
235
-198
275
-626
768
-502
260
-93
-67
299
-708
733
-376
199
-137
91
-47
-19
23
0
-32
45
-36
-5
59
-303
253
551
-813
341
-60
-91
298
-278
-69
334
-326
150
12
-174
207
-103
-68
140
-98
115
-76
-24
94
-85
53
-10
-21
23
-69
70
-3
-82
121
70
-224
119
-12
-14
32
-45
19
-12
-13
46
-33
8
25
-23
-11
12
3
-4
-2
1
-1
0
0
0
-1
-1
0
-1
2
4
-3
-13
11
22
-26
-8
32
-46
13
12
-21
44
-34
14
11
-119
222
-71
-122
81
4
-71
68
-24
19
10
-53
85
-94
25
74
-116
98
-141
67
102
-207
174
-14
-150
325
-334
68
277
-299
89
57
-343
811
-551
-251
303
-60
4
32
-47
28
0
41
-41
-27
35
-3
142
12
-706
521
200
31
-220
-266
172
274
-170
31
-25
25
-43
-52
33
194
-152
-61
-37
103
53
-65
-52
31
21
18
-27
-4
-41
78
130
-191
-116
142
61
-32
-36
-36
78
-31
27
-31
-6
17
-41
21
39
-29
6
-7
3
-3
1
-2
-1
-1
0
0
-1
0
-2
1
-3
6
-7
28
-41
-21
40
-17
5
29
-28
31
-79
34
35
32
-61
-144
115
190
-131
-77
40
4
26
-18
-21
-31
52
64
-53
-103
36
60
152
-193
-34
51
43
-26
25
-31
169
-276
-173
265
218
-33
-201
-523
705
-13
-142
2
-37
23
40
-46
0
-15
-9
67
-64
-26
203
-378
478
-481
391
-279
135
34
-276
419
-278
160
-150
65
15
-34
66
-110
101
-66
33
8
-40
50
-45
32
-12
-10
-14
44
-72
185
-295
267
-201
188
-182
134
-45
-31
63
-20
-36
49
-12
-38
23
-1
4
-5
0
1
-1
-3
2
-1
0
-2
0
0
0
0
-2
1
-1
-2
-1
5
-5
0
-24
37
12
-49
36
19
-65
29
44
-133
181
-187
200
-266
295
-186
71
-45
13
9
12
-33
43
-50
40
-8
-34
65
-102
109
-66
34
-16
-66
150
-160
278
-420
275
-36
-137
278
-394
480
-479
378
-204
25
63
-71
8
11
0
-31
40
-22
-18
113
-404
70
809
-693
129
44
-224
397
-162
-115
27
36
-35
46
-61
92
-28
-68
51
-18
-17
63
-73
64
-19
-41
35
-12
27
-21
16
7
-70
-26
112
-8
-72
74
-71
61
-12
-57
89
-37
-52
52
-20
0
-1
10
5
-7
-2
-1
0
-1
-1
0
0
0
-1
0
0
-1
2
6
-6
-11
1
0
20
-53
52
35
-89
57
12
-61
70
-75
71
8
-113
25
70
-9
-18
20
-28
10
-36
41
19
-65
73
-64
18
17
-52
68
28
-93
61
-48
34
-37
-27
113
161
-397
222
-47
-130
691
-810
-72
402
-114
16
19
-42
26
0
48
-30
-61
-40
36
338
-399
129
157
-184
-142
-74
361
-29
-237
298
-152
-37
-5
-43
95
41
-80
21
-36
69
-66
21
16
15
-36
7
-5
3
32
27
-99
5
29
4
-35
94
-53
36
-79
24
35
-94
86
73
-126
28
33
-45
37
-12
-4
1
1
0
0
0
1
0
-1
-1
1
-1
0
-1
4
11
-38
46
-33
-28
125
-73
-86
93
-35
-24
79
-37
53
-95
34
-6
-29
-5
97
-28
-32
-4
4
-8
34
-15
-16
-21
66
-70
35
-21
80
-42
-94
42
6
36
151
-299
237
28
-363
73
141
181
-159
-130
399
-339
-38
38
59
29
-54
0
-42
45
6
-87
226
-429
509
-422
214
-110
190
-264
309
-328
222
-69
63
-126
175
-178
120
-32
-30
-18
65
-43
42
-41
15
4
-25
36
-18
-5
-9
29
-38
66
-71
16
38
-47
24
-1
25
-54
24
-11
20
-26
7
7
4
-20
23
-17
4
5
-1
-1
1
0
0
0
0
0
-1
1
1
-5
-5
16
-25
19
-5
-7
-8
25
-21
11
-24
53
-26
0
-25
45
-39
-17
71
-66
37
-29
6
4
15
-36
25
-4
-16
41
-43
42
-66
18
31
32
-120
178
-175
125
-61
69
-223
326
-311
262
-192
108
-217
422
-510
428
-227
86
-10
-46
38
0
13
-48
79
-20
-86
146
-25
-83
-124
86
173
30
-167
7
-79
191
-181
60
60
-30
-41
48
104
-183
17
64
1
-69
26
56
1
-39
0
8
-6
30
-21
-35
-57
143
-12
-23
-98
93
15
-30
-22
-15
97
-100
44
-24
-2
11
18
-13
-8
-2
6
-3
-1
0
0
0
0
-1
1
2
-7
0
5
12
-19
-12
2
23
-46
99
-97
14
21
30
-16
-94
96
25
10
-143
56
34
22
-31
4
-9
-1
39
-2
-56
-27
68
-1
-65
-18
183
-105
-48
40
30
-61
-60
181
-192
78
-7
166
-31
-175
-88
122
82
25
-147
83
19
-82
47
-18
0
9
-38
48
58
-214
318
-458
389
43
-278
161
102
-439
639
-507
186
38
-114
83
63
-140
57
12
-68
106
-104
23
120
-172
117
-25
-43
28
15
-17
-2
14
-51
73
-67
28
28
-30
34
-14
-33
-3
39
-20
14
-32
3
53
-76
46
2
-26
19
-4
-1
1
-1
-1
0
-1
1
-2
0
6
-20
25
-2
-47
75
-52
-4
30
-15
20
-39
2
32
13
-35
31
-29
-27
66
-74
50
-15
-1
16
-15
-28
43
24
-118
171
-120
-24
103
-106
67
-11
-57
139
-63
-83
114
-38
-186
505
-640
437
-104
-163
277
-46
-389
458
-318
213
-59
-51
36
-14
0
-39
53
-23
-35
211
-400
-17
475
-316
98
48
-293
312
30
-296
274
-122
-51
176
-198
84
72
-91
60
-70
7
58
-59
36
49
-114
69
-10
-3
1
-1
-3
4
35
-64
18
5
-11
-3
54
-25
-132
212
-98
-63
101
-29
-19
24
-27
19
-14
-2
7
-3
1
0
-1
0
1
-1
-2
3
-8
0
14
-20
24
-24
19
28
-102
62
97
-212
131
24
-53
3
10
-6
-18
63
-37
-6
2
1
-3
1
9
-69
113
-48
-36
59
-60
-8
69
-61
91
-72
-85
198
-176
50
121
-274
294
-32
-315
291
-50
-100
315
-476
18
399
-213
34
19
-53
36
0
57
-22
-56
-25
221
-326
147
69
-36
-67
9
158
-62
-155
131
-50
-6
-21
69
10
-65
36
6
-10
-2
-28
67
-41
-52
65
-16
10
-1
-14
11
8
-9
-55
87
-28
-36
50
-20
-18
34
-17
-10
-2
27
-41
5
51
-93
104
-62
10
10
-8
-2
2
0
-2
0
0
-1
0
-1
-3
0
6
-12
-11
62
-104
92
-52
-4
41
-28
1
10
15
-35
17
19
-51
33
27
-88
54
9
-9
-12
15
0
-11
15
-65
50
41
-68
27
3
10
-5
-37
65
-10
-69
21
6
49
-131
153
61
-159
-10
66
34
-70
-148
326
-222
23
53
22
-60
0
-6
34
-33
-12
15
13
0
-9
-4
-6
7
-18
23
-20
7
-1
4
-4
8
-11
13
-9
1
-8
4
-2
3
23
-20
-16
19
-2
-10
1
14
-11
-18
15
15
-5
-22
8
6
14
-12
-6
-4
8
-7
6
-8
2
-1
14
-6
-8
1
4
2
-4
-1
1
-1
0
-1
-2
0
4
-3
-5
-2
8
6
-14
0
-1
7
-6
6
-9
2
5
13
-14
-6
-9
22
4
-17
-16
18
12
-15
-3
9
1
-20
15
19
-24
-3
0
-4
7
-2
8
-13
10
-8
3
-5
0
-9
18
-25
17
-8
4
0
9
-1
-13
-17
10
30
-35
1
0
-2
4
-2
0
-2
2
2
-9
2
-1
-3
13
-19
-1
14
-9
6
-6
1
2
1
-3
9
-8
-3
5
0
-1
-6
12
-7
1
-3
2
1
-1
-1
1
-1
7
-13
1
6
-6
5
2
-4
-1
3
-5
7
-9
9
-2
-4
2
0
-2
2
-1
0
0
0
0
0
0
0
1
-3
1
0
-3
4
1
-9
9
-8
4
-5
1
4
-3
-6
6
-6
-2
12
-8
1
-1
1
1
-3
-4
3
-1
7
-13
6
1
0
-5
3
8
-8
3
-2
-2
0
4
-6
9
-15
0
18
-14
1
-2
-4
8
-4
-2
0
-2
-1
-5
-3
0
-5
4
-2
-1
1
2
2
-11
6
4
-10
16
-28
31
-21
4
5
-7
9
-9
6
0
-7
4
-1
1
-2
-1
3
-2
-5
3
3
-4
6
-8
2
-1
3
3
-5
0
3
4
-12
9
1
-7
5
-1
-3
4
-3
1
-2
-1
3
-1
0
-1
-1
0
0
0
0
0
1
0
0
0
-3
1
2
-1
2
-5
3
0
-6
6
0
-10
13
-5
-3
-1
4
-3
-3
1
-2
6
-7
4
-5
-3
4
1
-4
0
1
-1
-1
-5
7
-1
-5
7
-9
6
-5
-5
20
-32
26
-18
8
-6
-7
10
-5
-3
-2
0
-1
-5
-1
0
-2
0
-1
0
1
0
-5
13
-11
7
-6
-21
32
-8
-7
9
-11
2
0
2
0
0
-4
5
-4
4
0
-2
8
-7
-4
6
-4
6
-5
5
-11
6
0
-2
1
1
-5
3
6
-10
7
-6
8
-5
0
3
-5
3
-3
2
-1
-1
0
0
-1
0
0
0
-1
-1
1
0
-1
0
0
-3
4
-4
5
-4
-1
4
-8
6
-7
9
-7
-2
5
-1
-3
0
1
-7
10
-6
3
-7
4
-6
3
7
-8
3
-1
-4
5
-6
4
0
0
-3
0
-4
10
-9
6
7
-34
20
4
-9
9
-15
4
0
-1
-1
-2
-1
-2
0
-3
1
-2
-1
0
1
-7
11
-9
6
-3
-15
20
-13
6
-4
2
-2
-4
6
-1
5
-8
4
2
-6
5
4
-7
-3
4
-2
-3
2
2
-2
-2
0
3
-7
-1
7
-6
0
1
-3
1
-1
2
0
-2
1
-2
0
0
-1
0
0
0
-2
0
0
-1
0
-1
-1
-1
1
-1
-1
-2
1
0
-1
1
-3
2
0
-2
1
-2
1
-1
-1
4
-8
-1
6
-4
-2
2
2
-3
-5
1
1
-5
2
7
-5
-4
4
-3
-5
8
-5
1
-6
5
1
-5
4
-8
11
-21
13
1
-8
7
-12
8
-1
-3
-2
-1
-2
-1
0
-1
1
-2
0
0
-5
3
-3
1
-3
-3
8
6
-25
16
-4
2
-1
-2
4
-4
3
-2
3
-2
3
0
-2
7
-9
2
1
-2
0
-2
0
3
-5
2
1
-6
4
-5
3
-4
3
2
-6
5
-7
9
-8
2
1
-2
-1
0
-2
0
0
-1
0
-1
0
0
0
0
-1
0
1
-2
-1
2
-2
-3
7
-9
6
-5
5
-2
-4
3
-3
4
-5
5
-1
-2
3
-3
-2
1
-1
0
-1
-3
8
-7
2
0
-3
3
-3
3
-3
4
-4
2
1
-1
3
-16
25
-6
-9
3
2
-2
2
-5
4
-2
-2
-1
-2
-3
0
-3
1
-1
0
0
0
4
-12
7
-2
0
-3
3
-12
12
-4
1
0
-6
5
1
1
-6
7
-2
-1
1
1
0
-3
6
-4
3
-2
-5
11
-7
3
-6
5
-4
2
3
-2
-2
-2
2
4
-6
3
-5
0
-1
1
-3
0
-1
0
2
-1
0
-1
0
0
-1
0
-1
1
0
-1
0
0
2
-3
0
-1
3
-5
6
-4
-2
1
1
2
-4
-3
4
-5
5
-3
6
-11
5
2
-3
3
-6
4
-1
-2
0
0
1
-7
7
-2
-1
-5
6
-1
-2
4
-13
10
-5
2
-2
1
-9
12
-5
-2
-1
-1
0
-2
-2
0
1
1
0
-1
0
0
0
0
-1
-2
-2
0
2
1
-1
-2
-1
1
0
-1
0
1
0
-1
-1
0
0
-1
-1
0
1
-1
-1
0
2
0
-2
-1
1
1
-1
-1
0
1
0
0
-1
-1
-1
0
-1
0
1
-1
-1
0
0
-1
0
-1
0
0
-1
0
0
1
0
-1
0
0
0
0
0
0
-1
0
-1
0
-1
1
2
1
-1
-1
0
2
0
-2
-1
0
1
-1
-2
-1
1
0
-1
-1
1
0
-1
-1
1
1
-1
-2
0
1
0
-1
0
2
-1
-2
-3
-2
-1
-1
-1
0
0
-1
-2
-1
0
-2
-2
