-5
-9
-2
-7
0
-6
-2
-5
-2
3
-4
-5
0
-3
-1
-2
-6
5
-12
27
-26
-7
12
4
-27
47
-50
25
-5
-8
4
4
-5
1
-4
7
-1
-12
21
-28
24
-13
3
7
-6
5
-8
8
-5
0
-2
3
-3
0
0
1
0
-3
0
0
-2
-1
-2
-1
0
-1
0
0
-1
1
0
-4
1
2
2
0
-2
3
-2
1
-4
8
-9
5
-4
7
3
-13
25
-28
21
-12
-2
7
-3
2
-5
6
4
-6
-4
27
-48
48
-26
6
11
-5
-25
27
-11
6
-5
0
2
0
2
-2
1
5
-1
-2
2
-2
3
0
3
-2
-10
-4
-5
-3
-3
-6
1
0
-18
13
-5
-4
3
8
-19
-2
-4
-7
28
-35
42
-36
10
-23
23
8
-17
0
8
-21
-2
23
6
-17
-8
3
15
-19
10
21
-36
0
13
-6
8
1
-9
5
-4
6
-2
-7
8
-5
-3
1
-3
1
-2
-1
2
-2
-1
-2
-1
-1
0
-2
3
1
-3
2
-2
2
-2
-3
9
-6
-1
6
-3
4
-9
2
8
-6
14
-1
-37
22
10
-18
16
6
-7
-17
6
23
-2
-20
9
1
-15
9
24
-22
12
-34
42
-34
30
-6
-3
2
-14
10
5
0
-3
16
-16
4
4
-1
0
4
0
4
-7
-6
-5
-7
2
-8
-4
18
-33
3
9
-14
7
2
-3
-12
4
3
-18
8
-20
27
-41
75
-37
-11
3
2
-8
-18
20
-8
16
-30
-1
16
33
-50
18
0
-31
58
-24
-20
20
-5
3
2
-6
5
-10
8
-3
-6
1
0
1
-3
1
-4
2
-2
0
0
0
0
1
-2
3
-3
1
-3
2
-1
3
-4
-3
9
-10
6
-5
2
5
-6
21
-19
-23
58
-31
-1
19
-49
33
17
0
-28
16
-8
21
-18
-6
3
3
-10
-35
77
-39
28
-20
8
-17
4
5
-8
0
5
10
-11
11
7
-31
22
0
-6
5
0
0
2
-12
-5
-3
-8
0
1
-8
12
-33
17
4
-11
-2
8
-17
-3
2
5
34
-96
81
-30
16
-85
208
-174
0
21
37
-53
52
-53
22
34
-38
-6
-52
116
-23
-24
0
-17
33
-24
3
-23
49
-40
33
-23
15
-22
9
6
-3
-2
-7
8
-6
0
-2
1
-1
-2
1
-1
0
1
-1
1
-5
9
-6
-1
-2
7
9
-20
16
-22
34
-38
50
-23
4
-23
32
-17
0
-24
-22
117
-52
-5
-37
35
22
-52
53
-52
38
22
0
-173
209
-84
17
-28
83
-97
35
6
3
2
-14
11
1
-9
6
20
-31
15
-5
5
3
1
2
3
-8
-7
-1
-9
-2
12
-25
7
-34
59
-37
4
6
-17
4
-4
35
-6
-109
68
-1
-31
94
-126
132
-53
-20
13
2
-82
101
-43
128
-270
171
16
-13
-48
42
-14
8
17
-58
46
-11
22
-59
40
11
-26
11
-9
1
7
-6
6
-17
10
0
-1
1
0
-1
0
0
-1
1
-1
1
-2
0
11
-16
7
-4
8
2
-8
12
-23
12
39
-59
22
-10
46
-58
16
9
-14
43
-47
-13
17
171
-268
128
-44
101
-82
3
13
-19
-52
133
-124
95
-29
-1
69
-107
-6
36
-1
7
-13
9
7
-34
62
-32
12
-21
14
1
-3
4
1
-10
-5
-4
-5
-5
2
-1
-26
18
8
-22
20
-28
11
-12
2
81
-138
-24
110
-78
160
-154
135
-149
17
42
-31
95
-112
31
-15
103
-118
-53
142
-134
176
-154
99
-92
106
-132
120
-36
-19
9
9
-2
-9
-1
11
-18
20
-25
12
3
-8
3
-3
-4
6
-5
2
-1
2
-4
7
-4
0
3
-9
4
14
-23
21
-18
12
-1
-9
-1
10
10
-19
-36
120
-132
105
-92
98
-153
176
-134
143
-53
-119
103
-14
32
-110
96
-31
43
18
-147
138
-153
161
-77
110
-22
-136
82
5
-9
13
-25
23
-19
10
21
-22
2
5
-2
3
1
2
-8
-6
-4
-7
4
-20
-1
5
51
-86
48
-54
46
-11
-26
30
62
-201
76
215
-63
-222
59
73
-117
114
-36
85
-173
266
-148
-123
64
49
-5
90
-258
270
-82
20
-211
266
-110
-25
74
-102
102
-4
-43
7
6
-8
12
-29
30
-15
7
-10
5
-3
-1
-1
-2
1
-3
2
-1
0
1
-3
6
-9
7
-14
31
-28
13
-8
6
9
-42
-3
102
-102
73
-24
-109
267
-210
19
-81
270
-257
90
-4
49
64
-123
-147
266
-172
85
-36
115
-116
75
60
-221
-62
218
78
-200
63
33
-24
-8
50
-51
50
-82
52
10
3
-15
8
1
0
2
-10
-4
-6
-4
0
0
-22
72
-134
70
-7
7
-44
46
8
-91
5
147
-38
-90
10
1
290
-383
-11
163
-40
20
-71
0
44
93
-159
46
60
-66
2
65
-57
39
-110
104
-35
29
-4
-31
66
-69
13
9
4
-4
1
-6
-6
23
-33
17
2
-12
8
-3
-3
1
0
2
-2
-3
9
-11
4
18
-32
25
-5
-4
1
-3
5
10
14
-69
66
-30
-3
30
-35
103
-109
40
-56
65
4
-64
61
47
-159
93
45
1
-70
21
-39
164
-9
-381
291
2
11
-88
-37
149
6
-89
12
50
-40
10
-4
73
-132
75
-17
4
3
3
-2
5
-8
-7
-5
-5
-2
-3
-21
90
-105
3
8
22
-92
139
-69
-25
-104
245
-103
29
-62
-25
-10
-2
75
8
-54
35
-119
217
-249
196
-23
-72
7
6
-4
39
-61
81
-69
15
39
-25
-12
7
-5
11
6
-25
11
-1
0
-17
17
-1
-7
3
-6
5
-3
0
-1
0
0
1
0
0
-3
6
-6
3
-6
0
18
-17
0
-1
12
-24
7
13
-5
7
-11
-24
39
15
-69
84
-60
39
-4
7
8
-71
-23
197
-249
218
-117
36
-53
10
76
-1
-9
-24
-61
29
-101
246
-103
-22
-65
142
-89
25
11
5
-102
95
-18
3
0
2
0
2
-5
-5
-6
-3
-3
-9
33
-39
-94
134
-29
-43
139
-176
-10
259
-406
416
-391
177
65
-64
-35
-14
172
-189
9
18
101
-28
-72
52
-61
74
-83
25
39
-32
46
-65
37
3
-28
36
-6
-21
-6
27
-9
-4
7
-25
16
31
-39
0
2
2
-3
0
2
-3
-2
0
-1
1
0
-3
3
0
-1
3
3
2
-37
32
16
-24
8
-2
-8
28
-4
-21
-7
37
-27
3
37
-66
46
-32
40
26
-83
74
-61
53
-71
-26
102
20
10
-188
174
-11
-33
-63
66
178
-390
417
-405
263
-7
-172
143
-40
-26
137
-92
-35
36
-5
0
6
-3
2
-22
17
-38
36
-55
35
-20
132
-278
156
-5
2
-68
170
-126
-69
139
-181
87
57
-4
-115
177
-117
-11
5
29
31
-23
-34
-41
34
29
-6
24
-68
17
25
37
-122
140
-78
12
6
12
-35
3
42
-42
26
-22
20
-34
58
-48
19
-13
5
-2
1
-1
-1
-3
1
1
0
-1
-1
0
2
-1
6
-12
20
-47
58
-33
19
-21
27
-41
43
3
-34
13
8
12
-77
139
-122
37
27
18
-67
26
-6
29
35
-40
-33
-22
33
30
5
-10
-115
178
-114
-3
60
88
-180
140
-66
-121
173
-65
7
-2
159
-276
135
-15
38
-52
44
-34
25
5
-55
68
-48
-29
91
-20
-81
-14
132
-133
107
-55
-172
214
132
-207
-54
59
107
-229
36
276
-230
21
50
-23
18
15
-80
-11
66
12
20
-105
94
-76
52
2
-41
28
11
0
-42
13
80
-90
59
-23
-41
-3
51
21
-40
-27
33
-8
-3
0
1
0
-1
0
-1
0
1
1
0
0
1
1
-2
-6
32
-26
-39
20
52
-3
-40
-22
58
-90
81
14
-42
1
10
28
-41
2
51
-76
94
-104
20
12
67
-11
-79
16
19
-22
53
22
-229
277
39
-227
108
60
-53
-206
134
217
-170
-52
111
-129
135
-12
-77
-15
97
-26
-40
72
-46
-13
5
-16
-11
-9
27
145
-314
233
-88
-86
4
101
152
-74
-371
335
-165
33
77
-31
82
-34
-81
33
-96
133
13
-53
-25
50
-49
-11
38
-14
31
-16
-46
91
-82
-68
140
13
-110
87
-20
-53
37
-3
11
9
-9
1
-12
-27
34
-12
3
-3
-2
1
-1
0
0
0
0
1
-1
2
0
-2
4
-11
35
-26
-11
2
-8
9
11
-2
37
-52
-19
86
-109
14
138
-67
-81
92
-46
-15
32
-13
37
-11
-49
51
-23
-52
13
134
-95
34
-78
-32
84
-30
77
34
-164
336
-367
-71
154
104
7
-84
-83
235
-309
149
31
-6
-3
-11
13
-15
30
-66
56
-13
-80
219
-274
78
-22
140
-225
295
-301
284
-309
190
-100
69
53
-179
184
-155
165
-142
92
-87
72
-66
73
-27
-26
27
-25
-1
31
-95
189
-231
210
-144
102
-110
77
-15
9
-10
-25
37
-43
46
-34
36
-41
27
-24
17
-4
-6
2
0
-1
-2
0
1
0
0
0
0
3
-6
-4
18
-24
29
-40
36
-33
48
-42
38
-24
-9
9
-14
78
-111
103
-144
210
-230
189
-95
32
0
-24
27
-25
-26
74
-65
73
-86
92
-141
166
-153
185
-178
56
71
-98
191
-306
288
-298
298
-223
143
-18
79
-270
224
-77
-10
63
-62
37
-2
-34
58
-87
122
-162
19
160
-195
-1
250
-336
261
-115
-175
615
-510
6
210
-225
156
-47
-92
194
-257
143
25
-90
76
-39
-26
51
3
-23
12
10
26
-188
125
108
-84
-53
117
-89
1
51
-27
7
-29
10
-9
2
6
10
-21
15
-7
2
-1
-2
0
-1
-1
-1
0
0
0
0
1
-1
-1
3
-6
16
-21
11
7
3
-8
11
-28
7
-26
53
2
-89
118
-52
-84
109
127
-188
27
9
13
-23
3
52
-26
-40
78
-89
26
144
-256
195
-90
-45
156
-225
211
7
-509
619
-172
-112
263
-334
253
3
-194
164
22
-158
125
-78
64
-27
-4
-21
-2
55
27
-127
-195
448
-358
110
121
-50
-15
-169
-176
744
-338
-200
-55
130
87
35
-135
4
-7
50
-28
16
-21
11
-4
-24
46
-24
-27
75
54
-200
0
187
-146
111
-80
38
-7
-65
92
15
-27
-32
-78
88
67
-86
29
-15
5
-11
9
-4
-1
-1
0
-1
0
0
1
1
-1
-2
9
-9
6
-15
30
-85
68
89
-77
-30
-26
14
93
-65
-7
37
-79
112
-146
187
2
-200
54
76
-26
-23
46
-23
-3
12
-19
16
-27
51
-5
6
-135
38
87
132
-55
-198
-337
747
-173
-166
-12
-46
123
113
-356
451
-192
-123
31
62
3
-12
-24
37
-61
10
67
-212
329
-560
856
-643
133
152
-368
469
-560
526
-281
72
46
-96
82
-95
68
-8
22
-41
-27
62
-42
13
-1
-29
31
5
-32
41
-39
27
-6
24
-86
99
-17
-34
0
12
-4
19
-44
38
4
-24
7
-5
14
-13
9
-11
3
1
-1
0
-1
0
0
0
0
0
-1
1
4
-10
9
-12
15
-4
7
-24
5
40
-43
19
-3
12
1
-34
-17
99
-85
25
-5
28
-39
42
-33
6
31
-28
-1
14
-41
64
-26
-40
23
-7
69
-95
83
-95
48
73
-280
529
-557
474
-365
156
136
-642
858
-556
332
-207
70
18
-57
43
4
-39
65
-92
143
-144
-42
300
-467
124
293
-369
197
144
-353
244
58
-159
39
-34
7
91
-140
112
9
-113
129
-89
14
29
-36
6
-5
9
-2
-18
61
-25
-23
15
-81
67
43
-49
-11
72
-95
57
9
-62
75
-14
-38
-14
30
-2
-8
0
2
0
-1
-1
-2
-1
-1
0
-1
0
0
1
2
1
-7
-2
31
-12
-37
-13
75
-62
10
58
-94
73
-10
-50
43
70
-81
16
-24
-25
61
-17
-1
9
-5
8
-35
30
15
-89
131
-111
10
113
-139
93
7
-32
41
-157
59
248
-350
147
200
-365
297
127
-465
303
-38
-141
147
-85
69
-31
-13
-1
-17
12
28
-83
116
415
-1109
552
60
62
-179
89
304
-340
-19
9
28
111
-151
87
-41
53
-71
-6
51
0
-2
-39
27
-5
-11
13
-8
-5
-17
57
-83
42
100
-96
-45
92
11
-145
70
69
-17
-67
65
7
-107
106
-30
-19
15
-10
-1
2
0
0
-1
1
0
0
-1
0
0
2
-1
-9
16
-17
-28
107
-105
8
66
-66
-16
70
71
-145
11
93
-45
-97
100
41
-83
57
-17
-5
-8
13
-11
-4
29
-37
-2
1
52
-5
-70
55
-39
87
-151
113
28
10
-18
-338
308
94
-176
66
64
555
-1107
419
121
-79
30
19
-12
8
-16
22
-65
89
-106
132
-216
650
-1130
834
-423
341
-373
425
-456
424
-322
136
64
-138
69
10
23
-27
-49
37
4
-21
36
-64
58
-20
-18
28
-24
16
-29
38
-7
-15
2
38
-54
7
-7
83
-65
5
-21
29
-38
45
-25
-2
1
17
-23
13
-8
3
-1
-1
-2
0
0
1
0
0
0
3
-8
15
-22
19
2
-1
-24
47
-37
31
-20
7
-65
83
-7
7
-54
38
2
-15
-7
38
-28
15
-24
28
-18
-18
59
-63
37
-19
5
37
-48
-25
25
12
70
-138
66
138
-321
428
-452
429
-370
344
-421
837
-1128
655
-213
135
-102
96
-62
30
2
-51
43
6
-128
18
325
271
-924
207
283
-71
-299
197
433
-272
-140
-24
162
-110
-103
142
23
-58
-22
71
7
-82
25
33
-59
42
-16
21
-26
7
16
20
-37
44
-82
32
-76
147
-19
-17
-93
92
-30
22
-6
-51
15
14
26
-5
-27
-3
8
2
-2
-2
-1
-1
0
1
-1
-1
-2
2
7
-2
-26
-4
28
15
16
-49
-5
23
-29
94
-92
-16
-19
147
-76
32
-82
44
-37
21
17
7
-26
22
-16
42
-59
33
26
-81
7
72
-21
-55
24
144
-102
-110
163
-22
-139
-269
435
199
-296
-67
285
211
-922
274
329
23
-124
13
48
-43
-22
45
-40
-53
74
46
-323
640
-759
430
-33
-228
401
-391
177
41
-193
150
26
-122
188
-194
64
37
-52
-9
77
-86
-17
116
-155
162
-97
6
8
15
-27
27
-23
33
-31
-25
40
6
4
-52
41
20
-41
17
-59
99
-67
20
2
-14
10
-7
2
3
-5
1
-1
-1
0
-1
-1
1
-4
4
3
-7
11
-13
4
21
-66
100
-58
18
-40
20
42
-52
4
7
40
-24
-30
33
-23
28
-26
16
9
7
-97
162
-153
117
-17
-85
79
-8
-50
39
67
-191
188
-121
27
151
-192
46
179
-388
404
-224
-31
432
-757
645
-317
48
77
-45
-34
52
4
-43
77
-112
165
-84
-158
175
-52
-92
209
-220
157
64
-341
191
47
-79
83
-7
-91
31
45
-15
-5
-10
19
-33
20
55
-119
37
41
-34
12
-4
2
-24
60
-61
15
23
28
-83
49
17
-78
69
74
-139
-9
87
-47
10
-1
2
0
1
-6
-5
1
0
-2
0
0
0
0
1
1
-3
-6
3
1
3
0
12
-46
88
-8
-138
75
68
-78
18
50
-83
27
22
16
-61
60
-25
2
-2
13
-32
41
38
-118
55
22
-31
20
-8
-4
-13
46
32
-90
-5
84
-78
48
195
-338
67
159
-217
211
-90
-49
179
-155
-81
168
-104
81
-36
-11
18
-10
-25
-99
44
232
-340
179
61
-43
-86
-50
330
-451
170
50
-16
-27
-17
79
-71
36
-2
-16
-10
-3
-2
34
-17
-6
8
-12
2
-5
2
-4
14
16
-54
67
-34
-34
53
-16
-42
49
25
-100
90
-6
-45
41
-30
-8
28
-20
2
5
-6
3
-2
-2
-1
0
0
-1
-2
4
-7
6
2
-19
30
-8
-29
42
-45
-5
92
-99
26
49
-43
-16
53
-33
-33
67
-54
17
14
-4
1
-6
2
-12
10
-5
-17
34
-1
-2
-9
-15
0
37
-70
80
-16
-27
-14
51
172
-448
335
-47
-83
-40
64
182
-336
235
48
-96
-17
-6
27
-19
-16
9
18
-30
-14
9
4
5
-3
-8
-2
-17
30
-36
3
-4
1
11
-5
-9
3
-3
5
2
-10
0
-9
-1
28
-21
-2
1
7
-13
3
7
0
-21
15
16
-7
-16
-4
14
5
-3
-8
3
4
-5
1
-5
-8
8
8
-2
-10
0
5
-3
0
-2
0
0
0
-1
-1
-1
5
0
-9
-1
7
8
-7
-5
2
-3
4
4
-7
-2
6
14
-4
-15
-6
16
17
-22
0
8
3
-12
8
1
-2
-19
28
-1
-6
1
-7
3
7
-2
5
-7
-5
11
3
-3
6
-33
34
-14
0
-6
0
7
8
13
-10
-27
27
16
-6
-2
-8
-7
-2
-3
-4
-2
-2
-9
8
-8
1
-15
5
18
-27
0
2
4
-13
12
-7
-3
-1
3
-5
-2
5
-1
-7
2
5
-9
-2
4
0
-9
18
-18
8
-1
1
2
-2
2
-6
6
-10
5
2
-4
2
-2
3
-3
-3
3
-1
-1
-2
0
0
0
-2
0
0
0
1
1
-1
0
0
4
-3
-2
5
-1
2
-4
1
6
-10
7
-4
2
0
2
2
-1
9
-18
18
-7
0
4
-1
-9
6
4
-6
0
5
-1
-4
3
1
-2
-6
14
-11
5
3
1
-24
21
9
-11
5
-5
13
-7
1
3
1
0
5
-3
-1
-13
-2
-5
-6
-3
0
-9
0
6
-10
-3
-6
24
-31
-2
12
-6
-5
-1
0
8
-5
-5
4
-6
0
-5
7
-3
-3
-2
3
-7
5
-1
-5
7
-8
4
6
-13
12
-3
2
-1
-5
7
-7
7
-5
-2
-1
-3
6
-3
-3
1
-4
1
-1
-2
-1
-1
-1
-1
1
0
0
-1
1
1
-2
2
-2
-2
8
-3
0
-1
-4
8
-4
8
-4
0
2
-4
11
-13
6
5
-7
8
-3
0
5
-7
4
-1
0
-2
9
-4
3
-5
6
-4
-4
8
2
0
-4
-5
16
1
-26
27
-5
0
-7
8
4
-5
3
0
3
0
6
-6
-7
-3
-5
-3
-4
-1
-3
0
-8
3
-6
15
-21
-4
4
-1
-3
1
-1
-4
4
-5
4
-6
5
-8
4
-5
-5
5
1
-7
7
-1
-10
16
-4
-8
6
-5
6
-3
2
0
2
-1
1
-3
2
-8
11
-4
-4
-1
1
-1
-1
0
-2
1
-1
-1
-1
0
0
0
0
1
0
1
0
0
1
0
-3
-3
11
-8
3
-2
1
0
2
0
1
-4
5
-5
6
-7
-4
17
-8
-3
5
-7
2
6
-4
-4
6
-6
7
-5
5
-4
5
-3
-1
3
-2
0
8
-2
-17
19
-3
5
-5
2
0
2
-1
1
2
1
1
-10
-6
-4
-6
-1
-3
-2
-6
-1
0
2
-7
-14
21
-24
8
-6
5
-5
0
-3
-5
9
-8
2
-3
-4
6
-6
0
-1
-2
5
-2
-4
0
3
-5
2
-2
4
3
-8
7
0
-2
4
-10
8
-8
4
-1
-3
0
1
-3
2
-2
0
-1
0
0
-2
-1
-1
0
0
-1
0
-1
0
-2
3
-3
2
0
-2
-1
4
-6
9
-9
4
-1
0
6
-8
3
4
-1
4
-5
4
0
-3
-1
5
-2
-2
1
-5
6
-2
-1
4
-8
11
-3
-2
2
-3
6
-5
12
-21
24
-11
-3
5
2
1
-2
2
0
1
3
1
3
-8
-5
-4
-5
-2
-3
-5
-3
0
0
-3
-1
-6
3
-9
0
4
-6
1
1
-3
0
1
-1
-4
4
-5
1
-3
7
-5
-10
10
-1
-4
-1
3
10
-12
3
3
-1
-4
4
1
-2
3
-7
4
0
0
0
-6
1
1
-2
-1
0
-1
-1
0
-1
-1
-1
0
0
0
0
0
-2
-1
2
0
-1
2
2
-5
1
1
1
5
-6
4
-2
2
4
-5
0
2
4
-11
8
3
1
-5
0
10
-8
-5
7
-2
4
-6
4
-3
0
3
0
-2
3
2
-6
5
3
-6
7
-4
3
0
4
2
1
-1
3
2
1
2
2
-10
-5
-3
-7
-2
-5
3
-7
-1
-2
-3
1
1
-11
4
-6
8
-12
3
-4
2
0
-4
-1
-2
0
-1
-2
1
0
-6
4
-1
1
-5
2
-1
3
-2
-3
7
-8
9
-5
1
3
-4
2
-1
0
-2
-3
0
0
2
-1
-3
0
-1
0
0
0
0
0
-1
0
1
-1
1
0
0
2
-3
1
3
1
0
-3
-1
0
0
3
-4
3
1
-5
10
-9
8
-1
-3
3
-1
3
-5
1
-1
3
-4
0
2
-1
-1
1
-1
1
-2
1
3
-3
5
-10
9
-3
7
-9
4
5
0
1
1
-4
7
-1
2
1
2
3
-4
-4
-3
-2
-2
-3
-2
-2
-1
-1
-1
-2
-4
-2
-1
0
0
-3
-1
0
0
-1
-2
0
0
-2
-1
0
1
-1
-2
-1
1
-1
-1
0
2
1
-1
-1
1
1
0
-1
0
0
1
0
-2
-2
-1
-1
-1
0
0
-1
-1
0
0
0
-1
0
-1
-1
-1
0
0
-1
0
0
0
0
-1
-1
0
0
0
0
0
-1
-1
0
3
1
0
-1
1
2
1
-2
-1
1
1
0
-1
1
1
0
-1
-2
2
1
-1
-1
1
2
0
0
0
1
0
0
1
4
2
1
-2
-1
1
1
0
0
0
0
-1
1
3
0
