0
-4
-1
1
5
-16
9
-1
-1
0
-2
-1
-1
0
6
-21
21
-4
-4
1
-1
0
0
0
0
1
-1
2
-1
-1
-7
18
-3
-12
6
0
-1
1
0
2
-1
0
1
-2
-1
1
0
0
-1
0
-1
-1
0
-1
0
0
0
0
1
0
0
-1
-1
-1
0
-1
-1
-1
-1
-1
0
0
0
-2
-1
1
0
1
-1
-1
0
-2
-1
-2
0
0
-1
0
0
-2
0
-1
0
0
-8
12
2
-19
7
1
1
-1
1
0
-1
-1
-1
-1
-1
-3
4
2
-22
20
-7
-1
0
-1
0
-2
0
-1
-10
15
-7
-3
0
-2
0
-48
73
-32
-7
5
-4
6
-4
1
-1
-2
0
-2
3
-7
6
-3
2
2
-1
0
0
0
0
0
0
-1
0
-1
-1
1
-11
19
-11
2
-1
0
-1
0
0
-1
0
-1
0
0
0
0
-1
1
0
0
0
-2
-1
0
0
-1
-1
0
0
1
0
0
0
0
-1
-1
0
0
0
0
-1
0
0
0
-1
0
0
-1
1
0
0
-1
0
-1
-1
-1
0
-1
1
0
-1
-2
10
-20
10
-1
2
-1
-1
0
1
-1
0
-1
-1
1
0
-2
-4
3
-6
6
-4
0
-2
-2
-1
-2
3
-8
3
-5
5
29
-74
43
0
75
-164
130
27
-96
25
32
-22
-4
6
-2
9
-1
-28
17
12
-20
11
4
-2
-6
6
-5
0
3
-4
0
0
0
-3
-10
31
-15
-4
0
-1
-1
0
1
-1
0
0
0
1
-1
-1
0
-1
-1
-1
-1
-1
-1
1
1
-1
-1
1
0
0
-1
0
-1
0
-1
0
0
0
0
-1
-1
-1
0
0
0
0
1
-1
0
0
-1
0
0
-1
0
-1
-1
0
-2
-1
1
0
-1
3
14
-32
9
3
-2
1
-1
4
-4
-1
4
-6
6
2
-4
-11
19
-13
-18
27
-1
-10
1
-8
4
21
-33
-25
97
-28
-132
163
-79
0
-85
-43
185
-237
198
-84
36
-23
7
-5
1
-6
3
42
-44
-70
125
-100
82
-67
46
-14
-14
21
-18
9
-3
2
-8
13
-20
15
8
-15
5
-2
0
-1
1
-1
0
0
0
1
0
0
0
0
1
0
-1
0
0
0
1
-2
1
-1
0
0
-1
1
-1
0
0
0
0
1
-1
1
-3
1
-2
1
-1
-1
1
-1
-1
0
-1
0
0
-1
-1
-1
0
0
0
0
0
1
-7
13
-9
-15
20
-13
7
-3
2
-9
17
-22
14
13
-47
67
-82
101
-127
70
42
-44
-4
5
-3
3
-8
23
-37
83
-200
235
-187
43
80
0
30
53
-206
55
159
-62
-62
33
6
-13
3
1
27
-52
16
-52
123
-57
-42
28
29
-20
2
-12
9
-1
-1
1
-11
32
-10
-45
40
-10
2
0
-1
-1
0
-1
0
-1
0
-1
-1
0
1
0
-1
0
0
0
1
0
1
0
2
-1
-1
0
-1
-1
0
0
0
0
-1
0
-1
1
-1
0
-1
-1
-1
1
0
0
0
0
-1
-1
-1
0
-1
0
-1
0
-2
1
-1
0
-4
9
-40
44
10
-32
11
-1
1
0
-11
12
-2
21
-30
-28
43
56
-125
52
-17
51
-28
-2
-6
10
-9
-34
60
61
-160
-56
201
-54
-35
0
52
-75
7
22
81
-103
26
-1
-11
7
4
3
-21
-9
36
46
-102
90
-88
43
25
-50
40
-29
12
6
-2
-7
7
-22
74
-99
59
-18
4
-1
0
0
-1
0
-1
0
0
0
0
-1
-1
0
-1
-1
-1
-2
0
-1
-1
0
-2
0
-1
1
-2
0
0
0
-1
0
0
-1
-1
-2
1
-1
0
-1
-2
1
-1
-1
0
-1
-1
0
0
0
0
-1
-1
0
0
-1
0
0
-5
18
-60
99
-74
22
-6
6
0
-7
-12
29
-40
49
-24
-43
89
-90
103
-47
-37
7
18
-4
-6
-8
9
0
-27
102
-82
-23
-8
74
-56
0
21
52
-32
12
-108
88
-16
-12
19
-1
-3
4
-26
-6
0
92
-59
17
-49
56
-52
-6
24
6
-3
-1
1
2
1
-27
22
21
-17
-6
6
-1
-1
-1
-2
0
0
-2
0
0
-1
0
-1
-1
-1
0
0
0
0
-1
1
0
1
-3
1
0
-1
1
-1
0
-1
-1
0
1
-1
2
-1
-1
-1
0
0
-1
-1
-1
-1
1
0
-1
0
-1
-1
1
-1
-1
1
-1
-1
0
-5
5
17
-21
-22
26
-1
-2
-2
0
3
-6
-22
5
51
-57
49
-19
58
-92
0
4
24
-4
2
-1
-22
11
14
-88
106
-14
31
-53
-27
0
-24
28
109
-400
424
-125
-49
17
17
-25
28
-21
48
-117
182
-164
-1
146
-101
-47
89
-29
2
5
-10
5
-3
4
-8
-7
27
-16
3
-1
-2
-1
0
-1
0
0
1
-1
0
0
-1
0
-2
0
0
0
-1
0
0
0
-1
4
-8
2
1
0
0
0
-1
0
1
0
-1
0
-1
-3
7
-6
0
0
-1
0
0
0
0
0
1
-1
-1
-1
0
0
0
-1
0
0
0
0
2
-1
-4
16
-26
6
8
-4
2
-5
9
-6
-3
28
-90
46
100
-146
-1
164
-182
116
-48
20
-28
21
-20
-18
47
124
-425
399
-112
-29
20
0
-84
-132
315
-126
-93
67
-46
83
-69
37
-33
70
-37
-87
83
63
-174
169
-88
10
21
-14
0
5
-8
4
1
3
-6
-15
40
-32
8
0
2
-2
-2
1
-2
0
0
-1
1
-2
0
0
-1
0
0
0
-1
0
0
0
2
-4
5
-1
-1
1
-1
0
0
0
0
0
0
0
0
1
-5
3
-1
0
0
0
0
0
0
0
0
-1
-1
2
-1
0
-1
-2
1
-2
0
1
-2
-1
-8
31
-40
14
6
-3
-1
-5
9
-6
0
13
-21
-11
87
-171
173
-63
-82
84
34
-71
32
-38
68
-84
46
-68
92
124
-318
130
80
0
86
-65
33
48
-47
-34
21
-24
31
13
-25
37
-52
3
-11
10
23
3
-36
62
-33
11
-13
0
5
-3
1
0
5
-23
37
-20
-1
0
1
-1
1
-2
1
0
0
0
-1
1
0
0
0
1
0
-2
0
0
-2
-1
-1
0
1
-3
0
-1
-1
0
-1
0
0
-1
0
0
-3
2
-1
-1
0
-1
-1
-1
0
-1
-1
-1
-1
-1
-1
-2
0
0
-2
-1
-1
1
-2
1
-3
-1
-1
19
-38
22
-5
0
-2
2
-6
0
14
-12
33
-62
36
-3
-25
-10
10
-5
51
-38
23
-15
-34
22
-21
33
46
-49
-35
64
-91
0
-10
10
-28
69
-20
12
-23
14
-21
-11
46
-55
51
-45
3
25
-13
-26
71
-75
38
-9
7
-8
4
-4
0
0
2
0
-4
5
-2
0
-1
1
-1
1
-1
0
-1
-1
0
0
0
0
0
-1
1
-1
0
-1
-1
-1
-1
0
-2
0
0
-1
-1
-1
-1
0
-1
0
1
0
-2
-1
0
-1
-1
0
1
0
-1
0
-2
0
0
-1
0
-1
-1
-1
-1
-1
-1
-1
-1
-1
-2
-1
1
-6
4
-1
-3
0
-1
5
-5
7
-8
9
-39
76
-71
25
12
-26
-5
45
-52
54
-47
8
19
-15
23
-14
17
-70
25
-13
6
0
-59
74
-3
-8
-21
11
0
-8
11
-17
24
-23
13
0
-8
15
-19
-13
27
-12
2
-3
1
-1
1
1
1
0
0
-4
8
-5
1
-2
0
0
0
-1
-1
0
0
0
0
1
0
0
1
0
-1
0
-1
1
-1
0
-1
1
-1
-1
0
0
-1
-2
0
0
-1
0
0
0
-1
0
0
-1
0
0
-1
-1
0
-1
0
0
-1
-1
0
-1
-2
-1
0
-1
0
-1
0
0
-1
1
-1
4
-9
4
1
-1
0
-2
-1
0
-1
3
-3
11
-28
12
17
-15
6
-1
-14
22
-27
16
-11
8
-1
-12
20
7
1
-75
54
0
-31
-17
117
-102
40
-21
6
0
2
-6
4
-8
15
-24
30
-36
18
7
-5
-10
9
-1
0
0
0
-1
0
1
-2
1
1
-2
0
-1
0
0
-1
0
-1
0
0
0
0
0
-1
0
-1
0
-2
-1
-1
0
0
0
0
0
0
-1
-1
1
-1
1
-1
0
0
-1
0
0
0
0
1
0
1
-1
-1
0
0
-1
-1
-1
0
0
0
0
0
-2
0
-1
0
-1
-1
0
-1
-1
-1
1
0
-1
2
-1
-1
1
-2
0
-1
1
-10
9
4
-7
-18
35
-31
23
-17
7
-5
5
-4
0
-7
22
-41
100
-120
16
26
0
21
-34
7
10
2
-4
14
-20
5
3
0
-6
13
-19
27
-29
2
23
-19
18
-13
-1
3
-1
0
-1
0
0
0
-1
1
-1
0
0
1
-1
1
0
0
0
-2
0
0
-1
-1
0
-1
0
1
-1
0
0
-1
-1
0
-1
1
-1
0
-1
0
-1
-1
0
0
0
0
0
0
0
0
0
0
0
0
-1
-1
0
-1
0
0
-1
0
-1
-1
-1
0
-1
-1
-1
-2
0
-2
-1
-1
1
-1
0
0
0
0
0
-1
0
-3
0
12
-19
19
-23
-3
29
-27
19
-14
6
-1
-3
-6
20
-15
5
-4
-12
-9
33
-25
0
-14
17
-24
52
-53
8
8
-3
-1
-4
11
-11
4
-6
17
-27
6
13
-10
-3
10
-6
1
-1
0
0
-1
0
0
-1
1
-1
-1
0
-1
0
0
-1
0
0
0
0
0
0
0
0
0
0
-2
-1
0
0
-1
0
1
0
-1
0
-1
-1
1
0
1
0
0
-1
0
0
0
0
0
0
0
0
0
0
1
0
0
-1
0
0
0
0
-1
0
-1
-1
-1
1
-1
-1
0
-1
-2
1
-3
1
-2
0
1
-1
-1
1
-2
6
-9
3
9
-16
-6
26
-19
4
-4
8
-13
2
0
3
-9
-9
52
-54
22
-19
9
0
31
-41
15
-7
9
-3
-11
12
-6
2
-5
9
-12
11
-22
17
4
-11
8
-1
-4
2
-1
0
-1
0
1
-1
0
0
2
-1
-1
0
-2
1
-2
0
-1
0
-1
-1
0
0
1
0
-1
0
0
-1
0
-1
0
0
0
0
-1
1
-1
0
0
1
-1
0
0
-1
0
-1
1
0
-1
-1
0
0
-1
0
0
0
-1
-1
0
0
0
-1
-2
-1
-1
0
-1
0
0
-1
0
-2
0
0
0
-1
1
1
0
0
-1
0
1
-4
3
1
-9
11
-4
-18
21
-13
11
-10
2
-4
3
-13
10
1
-11
6
-19
39
-35
0
-21
30
-21
-11
26
-11
-1
0
1
0
-1
0
-2
1
-10
11
-6
1
0
1
-1
2
0
0
0
0
-1
0
-1
1
0
0
0
0
0
0
1
-1
-1
-1
-1
0
1
0
-1
0
-1
1
-1
1
-1
0
-1
-1
-1
0
-1
0
0
-1
1
-1
-1
0
0
0
-1
0
-1
-1
-1
-1
0
0
-1
0
1
-1
0
-1
0
0
0
-1
-1
-1
0
0
-1
0
-1
0
0
-1
0
-1
0
-2
0
0
1
0
-1
0
0
-2
2
-1
0
-1
5
-11
8
-4
1
-1
-1
-2
-1
0
0
9
-28
9
18
-32
16
0
8
-1
-27
35
-19
-1
5
-4
-1
-2
2
0
-2
-6
5
7
-14
5
1
-2
1
1
0
0
0
0
0
0
0
-1
-1
0
0
-1
0
-1
0
-1
0
-1
0
0
-1
1
-1
0
0
-1
0
0
-1
0
0
-1
0
0
-1
0
0
0
-1
1
0
0
-1
-1
0
0
0
-1
0
0
-2
-1
0
-1
0
0
0
0
-1
-1
0
-1
-1
-1
-1
1
0
0
0
0
-2
0
-1
-1
0
0
-1
0
0
0
0
-1
-1
-1
1
1
-3
-6
13
-8
-7
5
2
-2
-4
0
0
3
-8
-1
18
-37
23
-1
-12
0
-5
2
0
-3
5
-1
2
-2
2
-2
1
2
-7
-1
6
6
-6
1
0
-1
2
0
0
0
0
0
-1
0
-1
1
0
-1
-1
0
-1
-1
0
-1
1
0
0
-1
0
0
-1
-1
1
0
-1
0
0
-1
0
0
-1
-1
0
-1
0
-1
-1
0
-1
0
0
0
0
0
-1
0
0
0
0
-1
1
0
0
-1
0
0
0
-1
0
-1
0
0
-1
0
-1
-1
-2
0
1
-1
-2
1
-1
-1
0
-1
-1
0
-1
0
0
-2
-1
1
-1
-1
5
-6
-7
-1
7
-4
-3
0
-3
2
-2
0
-5
2
-2
-4
2
0
-1
-4
5
-5
1
0
-3
4
-2
0
-1
-2
3
-4
-2
6
-5
1
0
1
0
-1
1
0
1
-1
1
-1
0
-1
1
0
0
0
0
0
0
-1
1
0
-2
-1
0
0
-1
0
0
0
0
0
0
0
0
-1
0
1
-1
0
0
0
-1
-1
-1
0
0
0
0
-1
1
-1
0
-1
0
1
0
0
-1
0
0
0
-1
0
-1
0
-1
-1
-1
0
0
0
-1
0
0
-2
0
0
-1
0
0
1
-1
0
-1
0
-1
0
0
-1
0
-3
4
-6
0
3
-5
0
0
-1
1
-5
1
-2
-3
3
-9
2
-5
0
-2
-1
-4
5
-3
0
-2
1
0
-1
-2
6
-4
-1
0
3
0
-2
1
-1
0
-1
0
0
0
0
0
-1
0
-1
0
0
-1
0
0
0
-1
0
0
0
-1
0
0
0
-1
-1
-1
0
0
0
0
0
0
0
-1
0
-1
0
0
-1
-1
0
-1
0
0
0
0
-1
0
1
0
-1
0
1
-1
0
0
-1
0
0
-2
0
-1
-1
0
0
0
-1
0
-2
0
-1
0
1
0
-1
-1
0
0
1
-2
0
-1
-1
0
0
-1
0
-2
1
0
-3
-1
0
3
-7
1
0
-2
-2
1
-1
3
-7
1
0
-4
0
7
-26
-13
21
16
-24
8
7
-11
-1
30
-32
-37
49
6
-26
0
30
-4
-37
17
23
-24
4
10
-6
-2
12
-5
-38
28
40
-35
-17
27
2
-40
17
44
-33
-29
40
9
-40
12
10
-7
-8
19
0
-28
15
5
-5
-2
6
-4
-3
3
0
-2
-2
1
0
-1
1
1
-1
-4
2
3
-6
2
5
-6
-16
28
-1
-19
8
4
-12
-13
40
-10
-41
29
32
-44
-18
39
-3
-28
16
35
-40
-28
37
6
-12
1
5
-10
-4
23
-22
-18
37
3
-31
0
26
-7
-49
36
29
-29
0
7
-8
-9
23
-17
-24
11
24
-12
0
2
-1
-21
13
-9
11
-2
-2
-1
9
-10
-18
32
11
-44
15
5
15
-51
70
-39
-9
21
1
-21
20
4
-26
29
-24
25
-43
40
6
-15
-9
21
-21
3
6
-2
4
-6
11
-25
16
2
-6
-1
-1
8
-9
3
5
-14
13
-5
0
1
0
1
0
0
0
1
0
-1
-1
-1
-1
6
-14
14
-6
-4
7
-9
1
-1
5
-2
-17
24
-12
6
-4
0
-7
-2
20
-21
10
14
-6
-40
43
-25
23
-29
26
-3
-21
21
-1
-20
9
39
-70
51
-16
-5
-16
43
-12
-34
17
10
-11
0
1
2
-12
8
-14
17
1
-6
0
-147
241
-210
71
-1
-1
1
0
0
2
-7
12
-23
23
-35
94
-120
106
-91
44
-5
-13
11
0
-2
1
1
1
-3
8
-15
16
-13
8
-2
-6
10
-11
3
-3
6
-6
1
4
2
-6
2
-3
2
0
1
-2
2
-1
-3
1
0
-1
0
0
0
0
0
0
0
-1
1
0
-2
0
-1
-2
1
1
-1
1
0
0
-4
3
-4
5
-2
-4
-1
4
-5
2
-4
9
-11
6
1
-8
11
-16
15
-8
4
-1
-1
-2
2
-1
-11
12
5
-44
91
-105
120
-94
35
-24
21
-14
6
-3
0
-1
-2
0
0
-72
207
-243
143
0
245
-686
621
-206
-8
38
-26
11
-3
6
-14
19
24
-47
-252
607
-347
-229
334
-41
-79
8
6
3
-1
4
-2
2
-1
-9
11
-5
6
-5
1
-4
0
3
-1
-4
2
0
0
-2
0
-1
2
-3
2
-2
0
0
-1
-1
2
0
-1
-2
1
0
0
1
0
0
-1
-1
1
0
-1
1
-1
0
-2
0
1
0
-1
0
-2
2
-2
0
-2
1
1
-1
-2
3
0
-5
-1
3
-3
4
-7
5
-12
9
0
-3
2
-5
0
-3
-6
-8
78
41
-335
230
346
-608
251
46
-25
-20
13
-8
1
-11
26
-39
8
204
-623
684
-249
0
-331
851
-801
302
-60
11
-12
22
0
-16
1
6
24
-34
-18
-25
80
-52
77
-69
6
57
-79
46
-18
-1
-4
10
-8
3
3
-7
5
-2
-2
0
2
-4
5
-9
7
-2
0
0
-1
0
0
-2
3
-3
-1
1
0
-1
-1
1
-4
0
-1
-1
-1
-1
0
0
-1
0
-1
-1
-1
-1
2
-2
0
0
0
-1
0
1
-3
2
0
0
0
-1
0
1
-8
8
-5
4
-3
-1
1
0
-7
6
-3
-3
8
-11
4
0
18
-47
79
-58
-6
69
-77
51
-81
25
16
32
-27
-7
-2
13
-2
-23
12
-11
60
-303
799
-853
327
0
-571
663
-111
-97
16
-7
4
-9
6
-8
2
-6
16
-34
85
-124
40
53
-30
-58
51
68
-93
28
10
-13
7
3
-5
-1
4
-4
1
2
-3
1
-1
3
1
-3
0
1
-2
0
1
-1
-2
1
-1
0
1
-2
-1
2
0
0
-2
2
-2
0
-1
-1
-2
0
-1
0
0
-1
1
-3
2
0
0
-3
0
1
-1
-1
1
-1
1
0
-1
-1
1
-2
0
3
0
-3
2
-1
1
-3
-1
4
-4
1
4
-4
-7
13
-10
-28
93
-68
-53
59
30
-53
-41
124
-86
33
-18
4
-3
6
-7
8
-4
5
-18
95
107
-665
566
0
-140
-60
352
-191
2
-7
11
-9
0
-5
1
2
-8
17
-70
144
-106
50
-85
129
-142
139
-158
112
-26
-1
0
4
-4
1
2
-1
0
1
-1
-1
2
-3
2
-1
1
-1
1
0
0
-1
0
0
1
-1
0
-1
0
1
-2
0
0
-1
0
-1
0
0
0
0
0
0
0
1
0
0
0
-1
1
-2
1
0
0
0
0
0
-1
0
-1
-1
-1
1
-1
1
-2
2
-4
0
0
-1
-1
1
-2
-1
3
-4
-1
0
24
-112
158
-138
142
-129
83
-51
105
-144
70
-19
6
-3
-4
2
-2
9
-13
7
-3
189
-355
60
135
0
352
-551
152
107
-54
25
-6
2
-1
0
-3
1
0
-6
15
-33
50
-46
54
-70
37
19
-119
192
-68
-58
10
24
-3
-8
5
4
-3
-1
1
-1
-1
2
-1
1
-1
1
0
0
1
0
-1
0
-1
-1
0
0
0
2
-1
0
-1
0
-2
-2
0
0
-2
0
0
-1
0
1
0
0
1
-1
1
-3
0
0
0
0
0
-1
0
0
-1
0
0
-1
0
-1
0
-3
0
1
-1
0
3
-5
-4
7
2
-24
-10
56
67
-193
118
-19
-37
70
-55
45
-50
32
-16
5
-1
-2
1
-2
0
-2
6
-26
54
-108
-155
550
-356
0
514
-884
298
122
-37
11
-11
13
-10
3
-3
5
-14
24
-43
21
53
-83
36
11
1
-50
30
31
-47
15
1
10
-5
-3
4
-5
2
-1
0
0
0
0
0
0
0
-1
-1
-1
0
-1
0
0
0
-1
-1
0
0
0
1
-1
0
0
0
-1
0
0
-1
0
-1
-1
1
-1
0
1
-2
-1
-1
0
0
0
0
-1
0
0
0
-1
-1
0
0
-1
-1
0
-2
-1
0
0
-1
0
-4
4
-5
4
4
-10
-3
-16
45
-31
-28
49
-2
-12
-36
82
-54
-21
41
-25
12
-6
0
-5
6
-13
10
-12
36
-124
-302
883
-519
0
334
-482
-12
187
-28
9
-5
4
-1
-1
0
3
-14
24
-33
-48
135
-61
-20
36
-38
-3
78
-123
75
-20
6
-3
0
4
-10
12
-7
0
0
-1
1
0
0
-1
0
0
0
-1
-1
-2
2
-2
-1
1
-1
2
-3
2
-1
0
0
-1
0
-1
-1
0
0
0
-1
-1
0
0
0
0
-1
-1
0
-2
3
-3
1
-1
0
1
-2
-1
0
0
0
0
-2
0
-2
-1
-1
1
-1
-1
5
-12
9
-5
-1
3
-5
18
-75
123
-79
3
37
-37
18
60
-134
47
32
-24
12
-5
-2
-1
0
-4
5
-9
27
-190
10
481
-338
0
-18
-32
-26
3
25
14
-10
-11
4
8
-7
-11
3
10
0
-11
-4
7
5
-6
-4
4
3
-6
-5
4
7
0
-6
-2
2
0
-2
0
2
-1
-3
1
1
0
-1
0
1
-1
-3
0
1
-1
-1
-1
0
0
-2
0
1
0
-1
0
1
0
-1
-1
1
0
-2
-1
0
0
-1
0
0
0
-1
0
1
0
-1
0
1
0
-2
-1
1
0
-2
-1
1
0
-2
0
2
0
-3
-1
0
0
-2
1
5
0
-8
-5
5
5
-3
-4
4
5
-5
-7
4
10
0
-13
-4
10
5
-12
-7
10
8
-16
-27
-5
24
30
16
