-9
-7
-1
-5
-3
-4
4
-7
0
-4
-3
-2
-2
-2
-3
6
-15
2
3
-3
1
-2
1
0
-1
-1
-2
-1
0
0
-12
10
-8
5
-3
3
-1
-1
1
0
1
0
1
0
1
0
0
0
-1
0
-1
-1
0
0
-1
0
0
-1
0
-1
0
0
0
0
0
0
0
0
1
0
1
-1
0
1
-1
1
0
0
1
0
0
0
0
0
0
0
0
0
1
0
1
0
-1
3
-3
6
-8
10
-11
1
1
0
0
1
0
0
2
-2
2
-1
3
2
-14
10
-1
0
1
2
-1
0
2
-4
7
0
-1
2
3
0
-49
39
-29
7
-46
58
-38
2
0
-3
-2
-2
-2
-3
-9
10
-15
11
-8
0
1
-3
1
-1
-2
-1
-1
-1
0
0
-5
7
2
-11
1
-1
1
0
1
0
0
0
0
0
0
-1
0
0
-1
0
-2
0
-1
0
0
-1
-1
-1
-1
-1
-1
-1
-1
-1
0
-1
0
0
0
0
0
1
0
1
1
0
0
1
-1
1
0
0
0
1
0
0
0
0
0
0
0
0
1
1
2
-10
2
9
-5
0
0
-1
1
0
-1
1
3
-2
1
1
-7
12
-14
15
-6
0
2
1
0
1
2
6
-35
62
-44
15
-25
48
-89
126
-178
56
114
-152
47
4
7
-10
-7
0
-3
16
20
-170
207
-83
-5
11
-12
6
3
-6
-1
0
-2
0
-2
-1
3
1
-17
20
-7
-1
1
0
1
1
-1
0
1
1
0
-1
0
0
0
-1
-1
-1
0
-1
-1
0
0
-1
-1
0
0
-1
-1
-1
0
-2
-1
0
0
0
1
-1
1
0
1
0
0
1
0
-1
1
0
0
1
1
0
2
0
-1
1
1
-1
0
0
-7
21
-17
2
3
1
-2
0
-1
0
0
-4
5
7
-11
11
-3
-83
208
-166
23
19
1
2
-4
-7
8
7
51
-149
118
62
-174
135
6
-93
200
-196
59
39
-63
43
-43
22
-8
3
-16
9
23
-127
161
-82
32
-16
-35
89
-99
52
-13
-3
2
-2
-1
-4
31
-45
-22
52
-13
-3
2
-2
-1
0
0
1
0
1
-1
0
0
0
0
0
-2
0
-1
-1
-1
0
0
1
-1
0
-1
0
0
-2
0
-1
0
0
0
-1
-1
1
0
0
1
0
0
1
0
0
1
0
0
0
1
0
0
0
0
1
-1
-1
2
-3
-11
52
-22
-43
32
-4
0
-1
4
-3
-12
54
-98
91
-34
-16
33
-79
162
-123
26
13
-14
6
-6
25
-41
47
-59
42
62
-190
206
-85
120
-154
68
-29
32
94
-118
4
38
-32
1
2
3
-14
-72
93
6
57
-152
40
9
62
-61
-4
2
11
-4
-1
1
9
-9
-54
80
-31
3
-5
2
1
0
0
0
1
2
0
0
0
-1
0
-1
0
0
-1
-1
-1
-1
0
-2
0
0
0
-1
-1
-2
-1
1
0
0
0
1
0
1
1
-1
0
1
0
0
0
0
1
0
1
0
-1
1
0
1
1
0
0
0
1
2
-6
4
-30
80
-53
-8
10
1
1
-3
11
3
-2
-60
64
10
43
-151
58
7
98
-69
-11
7
7
3
-28
40
6
-114
97
35
-21
73
-146
-20
88
-168
124
-186
167
-14
-40
3
5
0
-6
-6
-6
1
-68
153
-98
-4
43
-118
152
-99
30
15
-29
12
-4
-2
-5
47
-84
64
-38
25
-9
0
0
0
1
0
1
1
1
0
1
0
-1
-1
0
0
-1
-1
0
-1
-1
-1
-2
0
0
-1
1
0
-2
0
-1
0
0
-1
-1
1
-1
0
0
1
0
1
-1
0
0
0
-1
0
-1
1
1
0
-1
0
1
1
0
1
-9
25
-38
64
-83
48
-4
-1
-4
13
-28
16
32
-99
153
-118
45
-2
-97
154
-64
4
-2
-3
-4
2
7
5
-37
-10
171
-183
131
-162
98
-72
-52
129
-65
182
-301
148
-48
10
-1
-11
10
14
-2
-33
-116
163
-36
22
-44
85
-84
8
0
-10
13
-5
-1
3
-7
-6
19
-10
-5
6
-4
1
-1
0
0
0
1
0
0
-1
1
0
0
-1
-2
-1
-1
0
0
-2
0
-1
1
-2
0
-2
0
-1
-1
0
-1
1
0
-1
0
-1
1
0
1
0
1
1
-2
0
-1
0
-1
0
1
0
1
1
1
1
-1
1
1
1
-3
6
-4
-10
19
-5
-6
4
0
-4
15
-9
1
9
-83
86
-42
23
-35
164
-113
-31
1
18
14
-8
3
11
-44
151
-297
184
-58
135
-45
-100
174
-304
231
-23
-98
27
54
-78
11
33
7
-32
-16
48
-191
349
-265
26
66
5
-70
48
-16
4
0
-11
7
-3
7
-25
24
-20
11
4
-1
-2
-1
0
-1
0
0
0
0
1
0
1
-1
0
-1
-1
-1
0
0
-1
-1
1
5
-11
2
1
0
-1
0
0
1
-1
-1
2
4
-11
5
2
1
0
1
0
-1
0
0
1
-1
1
0
1
1
1
0
0
0
0
0
-1
-1
5
13
-20
24
-24
7
-2
8
-10
3
5
-15
49
-69
6
68
28
-263
350
-189
53
-12
-28
10
36
16
-77
58
31
-94
-20
238
-300
183
69
-130
106
128
-397
312
-99
28
0
-33
30
-24
44
-97
39
146
-224
65
100
-161
92
-11
0
0
-7
-2
4
-4
0
-12
29
-21
-10
11
-3
2
-1
0
1
-2
0
0
2
1
-1
-1
-1
0
-2
-1
-1
-2
-1
-1
0
0
1
-4
2
0
-1
-1
-1
-1
0
0
0
0
0
1
1
-3
2
1
0
0
1
0
0
2
-1
1
0
0
0
1
2
-1
0
-1
2
1
0
2
-3
13
-10
-21
31
-11
1
-3
5
1
-6
2
1
-10
93
-158
102
67
-223
149
41
-93
48
-21
34
-30
1
31
-95
315
-394
138
111
-123
62
-83
119
-4
-106
-31
29
7
9
11
-33
13
-43
24
63
-44
-67
49
20
3
-64
45
-8
1
-4
-5
5
-3
1
-5
8
-17
12
-2
1
-2
-1
1
0
1
0
1
0
0
0
0
1
1
-1
0
-1
-1
0
-1
0
-1
-1
-1
0
-1
0
0
-1
0
-1
0
-1
0
1
0
1
0
1
-1
1
1
0
0
0
1
0
1
0
0
0
0
1
0
1
1
1
0
0
-1
2
-1
12
-16
9
-5
1
-3
6
-3
-3
2
-6
46
-64
4
21
51
-66
-40
66
28
-40
18
-30
14
11
11
32
-27
-104
2
125
-74
8
34
-89
-46
104
-53
9
17
-4
-5
-33
19
11
5
1
-38
15
-12
25
-26
16
-11
-1
1
-3
2
-3
-1
1
-1
0
0
0
-2
0
0
0
1
0
-1
0
0
0
0
1
-1
0
0
-1
0
0
0
-1
0
-1
-2
0
0
-2
-1
0
-1
-1
1
-1
0
0
0
1
1
-1
1
1
0
1
2
-1
0
0
0
0
1
0
1
0
0
1
1
0
1
0
0
0
1
1
-1
0
1
0
-1
1
-1
-3
4
-1
2
1
-9
16
-25
27
-11
16
-36
6
8
14
22
-30
-2
-3
21
14
-50
107
-39
-85
42
-104
132
-160
80
-13
-22
12
-11
3
-8
7
-9
-7
17
-28
19
-15
32
-52
31
-1
-11
0
-1
-3
-1
-2
-2
-1
0
0
-8
6
-3
0
1
-2
0
1
1
-1
1
0
0
0
1
1
-1
0
-1
0
-1
-1
0
-1
-1
-2
0
-1
1
0
-1
-1
0
-1
0
0
-1
0
0
-1
1
-1
1
0
0
-1
-1
0
-1
0
0
0
0
0
1
0
0
-1
0
0
-1
-1
1
1
-1
6
-7
0
0
0
0
0
1
-2
2
1
-9
0
32
-50
33
-14
22
-25
20
-4
-6
9
-5
5
-8
16
-17
-11
87
-154
140
-11
-4
-12
-8
29
-32
9
-10
0
0
2
3
-14
-6
2
5
-10
0
-3
10
-15
9
-4
0
-1
-2
0
-1
0
0
-5
2
-2
0
0
0
1
0
0
-1
0
0
0
1
0
0
0
0
0
-2
-1
-1
0
-1
-1
0
-1
-1
-1
-1
-1
0
0
0
0
0
0
0
0
0
0
-1
0
1
1
1
1
-1
-1
0
1
0
0
-1
1
0
-1
0
0
0
0
0
1
1
1
0
-2
3
-4
1
1
0
1
0
0
1
-3
10
-14
11
-3
1
-9
9
5
-3
-11
8
4
2
0
-6
12
-29
32
-1
-7
3
31
-74
91
-82
9
35
-29
6
0
-14
5
1
-2
-22
23
-26
17
-6
-6
10
-1
-8
3
-3
0
-1
0
0
-1
-1
0
-3
0
0
0
0
-1
0
0
0
0
1
0
1
0
0
1
0
-1
0
-1
-2
0
-1
-1
0
-1
-1
-1
-1
-1
0
-2
-1
1
-1
-1
-1
0
0
-1
1
0
1
1
1
0
0
0
0
0
0
0
1
0
0
-1
0
0
0
0
0
-1
1
0
1
0
-1
0
-1
-1
0
0
0
0
-2
3
-7
1
10
-4
-4
18
-24
25
-20
2
5
7
-10
2
11
-25
39
11
-75
96
-65
-21
3
11
-25
-1
-5
4
0
-14
4
-1
-11
15
-19
-1
5
-8
5
3
-13
8
-5
-3
-1
0
-1
-1
-1
-3
0
-1
-1
1
0
-1
-1
-1
-1
0
1
0
0
1
1
1
-1
0
0
-1
-1
-1
-1
0
-1
-1
0
-1
-2
-1
0
-1
-1
0
-1
1
-1
0
0
-1
0
0
-1
1
0
1
0
0
0
-1
1
0
1
0
1
1
0
1
1
0
0
0
-1
0
0
1
0
1
0
1
-1
-1
0
0
1
1
1
-1
-4
10
-10
4
5
-7
8
2
-15
18
-7
2
7
-12
6
9
-1
2
-18
15
11
-7
-6
2
-31
40
-38
1
0
0
-3
1
-9
8
-13
4
-14
18
-12
6
-14
8
0
-3
1
0
-1
-2
0
0
0
-1
1
-1
0
0
0
0
0
1
0
0
0
0
0
0
0
0
-1
-1
-1
-1
-1
0
-1
-1
-2
-1
-1
-1
-1
0
0
0
-1
0
-1
-1
0
0
0
-1
0
0
1
2
0
-1
1
1
-1
0
0
1
0
0
0
0
1
0
-1
0
1
0
0
1
-1
-1
1
0
1
0
0
0
0
1
2
-2
2
9
-12
7
-10
18
-12
7
-10
10
-5
4
-1
2
4
5
-33
44
-23
8
1
-16
5
-8
-8
-24
17
0
-18
12
-8
-1
-4
-2
-1
-9
-9
30
-40
24
-6
-2
0
0
0
-1
-1
-2
0
-1
-1
-2
0
0
0
-1
0
1
0
0
1
0
1
0
1
0
-1
0
1
-1
-1
-2
-1
0
0
0
-1
-2
-1
0
-1
-1
0
-1
-1
1
-1
0
0
0
1
1
0
-1
1
1
-1
1
0
0
-1
0
0
1
0
0
0
1
0
-1
0
0
0
1
0
0
0
0
1
-1
0
0
1
0
1
-1
0
2
1
-2
-4
24
-39
31
-6
-6
1
2
0
2
-5
14
-14
5
21
-19
-1
-2
14
-5
-8
-6
0
-14
9
-5
-8
6
-7
-1
-3
0
-6
5
-11
8
-9
-1
-2
2
-2
-2
1
-1
0
-1
0
0
-1
-1
1
-1
0
0
0
0
1
-1
0
0
-1
0
-1
0
-1
0
0
1
-1
-2
-1
0
0
-1
-1
-1
-1
-1
0
0
-1
-1
0
0
0
-1
-1
-1
1
0
0
0
0
0
1
0
0
1
0
1
0
1
-1
1
0
0
0
0
0
-1
0
0
1
0
1
-1
1
0
-1
1
0
-1
-1
0
2
-1
-1
3
1
0
-7
9
-8
9
-4
3
0
2
-3
8
-4
-2
14
-11
7
-1
0
-4
-10
-5
-1
9
-18
1
0
-4
-1
-2
-4
-3
-1
2
-8
2
-4
2
0
0
-2
0
-2
-1
-2
0
-2
0
-1
-1
-1
-1
0
0
-1
-1
0
0
0
0
0
1
1
0
0
0
0
-1
-2
-1
-1
1
-1
0
1
-1
-1
-1
-1
-1
0
-1
-1
-2
0
0
0
1
-1
0
0
0
-1
1
1
0
-1
0
0
0
0
0
0
0
0
0
1
-1
1
1
1
0
1
1
1
-1
-1
0
-1
0
0
1
0
0
-2
2
-1
0
1
4
-4
3
-6
6
2
-1
0
1
1
-3
2
4
-14
12
5
1
-3
-12
-3
-9
8
-14
1
-4
-3
0
-3
-1
0
-3
-7
6
-11
5
-4
0
-1
-1
-1
1
-2
0
-1
0
-1
-1
1
-4
0
-1
0
-1
0
-1
1
-1
0
0
0
1
-1
1
0
-1
-1
0
-1
-1
0
0
1
0
0
-1
-1
-1
-1
0
-1
-2
-1
0
0
-1
0
1
0
-1
1
0
0
0
0
0
0
1
-1
1
0
-1
0
0
0
1
0
0
0
-1
1
0
1
1
1
-1
1
-1
1
-1
1
0
-1
1
0
2
0
-1
0
1
-3
6
-7
8
-4
0
2
2
0
3
-1
-2
6
-11
15
-3
5
-5
-8
-4
-6
5
-7
-2
-3
-1
-3
-1
-1
1
-6
-2
0
-3
-1
0
0
-2
0
-1
0
-1
0
-1
-1
0
-1
-1
0
0
1
0
1
0
-1
0
-1
0
0
1
0
1
1
-1
1
-1
-2
0
-2
1
-1
-1
-1
-1
-1
-1
-1
-1
0
0
-1
0
0
0
0
0
0
0
0
0
0
1
0
1
-1
0
-1
0
1
0
0
0
0
0
0
0
0
1
-1
0
-1
1
0
0
1
-1
-1
0
0
-1
1
0
0
1
1
-1
1
1
1
-3
3
1
-3
4
0
0
-1
1
-2
1
-3
9
0
0
0
-6
-16
-18
21
10
-22
-4
7
-10
-4
7
-5
-40
27
33
-42
-12
36
-11
-34
15
19
-17
-5
10
-5
-5
5
1
-29
19
40
-35
-27
28
10
-30
4
51
-30
-39
40
17
-40
2
25
-8
-6
7
7
-26
6
18
-11
-5
5
-2
-4
2
1
-3
-1
1
-1
-2
1
0
0
-2
1
4
-3
-1
6
-3
-8
19
6
-26
7
8
-6
-9
25
2
-40
17
40
-38
-29
51
4
-30
10
29
-27
-35
41
21
-28
2
6
-5
-1
12
-3
-15
20
16
-32
-10
37
-11
-39
37
30
-36
-1
10
0
-8
11
0
-18
13
28
-13
-8
-19
-18
40
-24
-18
0
0
-7
3
-6
-4
14
-20
-9
36
-36
9
-10
9
-2
-38
63
-43
-1
18
-19
8
10
-42
48
-25
1
6
-25
24
5
-11
6
-7
5
-1
-2
2
1
2
6
-22
15
-2
-5
6
-15
9
-4
6
-13
9
-2
-5
2
-2
0
0
0
1
-1
1
2
-3
2
-4
-1
10
-12
7
-3
9
-13
6
-5
-1
17
-21
7
2
2
2
-4
0
4
-6
7
-12
5
25
-24
6
2
-25
49
-41
10
9
-17
19
1
-41
65
-37
1
10
-8
10
-33
39
-5
-17
19
-2
-3
5
-3
3
5
-15
-16
45
-10
-58
96
-149
23
68
-38
5
-6
2
-6
-5
10
-13
-7
-16
58
-62
55
-79
78
-54
19
-9
6
-2
4
-9
2
3
-6
4
0
-3
-9
11
-6
3
-4
1
7
-15
10
-1
-7
9
-6
3
0
0
-3
-2
0
0
0
-1
0
0
0
-1
-2
-1
0
-1
-2
0
0
-1
1
-1
-1
0
1
0
-1
1
0
1
2
-1
-2
1
1
4
-5
10
-7
0
10
-14
8
3
-4
4
-4
12
-8
-3
0
5
-5
4
3
-8
5
-1
7
-8
19
-54
79
-78
57
-61
60
-12
-4
-10
14
-3
-2
4
-2
8
-34
71
31
-144
103
-79
319
-754
656
-173
-39
-1
7
-14
4
5
-14
4
24
-22
52
-273
416
-225
-56
109
-28
-16
0
7
4
-12
6
-7
10
-9
-4
-7
13
-5
7
-3
-9
5
4
-1
-1
0
2
-3
1
0
1
-1
-2
0
-3
1
-1
2
-3
0
1
-2
-1
-1
0
0
0
-1
-1
0
1
0
1
-1
2
1
-2
3
0
1
-1
1
0
0
1
0
2
-3
2
-1
0
-1
5
5
-7
-2
8
-4
14
-7
-1
-8
11
-7
6
-10
5
8
2
-14
-27
110
-56
-225
417
-272
55
-18
26
7
-11
7
6
-13
10
3
-36
-171
663
-749
327
-50
218
-195
-170
155
19
-39
3
4
-1
-2
-2
-17
14
16
-122
251
-297
246
-126
50
-62
37
-4
-32
34
-16
3
7
-3
-6
3
-3
1
1
1
-3
2
-1
-3
6
-5
4
-3
2
0
0
0
-3
1
0
-1
-2
1
-1
0
-1
0
0
-2
-1
-1
0
-1
1
0
0
0
0
-1
1
0
0
1
0
0
-2
0
1
1
-2
1
0
1
2
-2
5
-7
6
-3
-1
4
-2
2
1
1
-3
5
-4
-1
8
3
-15
35
-30
-3
38
-60
51
-124
247
-297
252
-118
19
17
-14
1
1
3
5
8
-35
21
157
-163
-190
226
59
-219
588
-630
239
-63
33
-7
-1
-6
7
-3
-5
-7
14
-28
-42
107
-102
105
-154
199
-215
189
-167
125
-68
22
-12
3
6
-6
-1
1
0
-1
1
-1
0
0
0
0
1
-1
1
0
-1
2
-2
0
0
-2
0
-2
0
-2
1
-1
0
0
-1
-1
0
-1
-1
0
1
-1
0
1
-1
0
2
-1
2
0
0
0
0
1
-1
2
-1
0
1
-1
1
0
0
1
0
-1
2
1
0
3
-1
-5
7
4
-11
24
-68
128
-165
190
-212
201
-152
107
-100
108
-41
-25
19
-3
-2
0
10
-5
1
-2
37
-58
242
-625
592
-213
132
-521
524
124
-267
71
-20
-10
4
-9
5
-9
11
-20
-4
1
23
-63
58
-1
-17
51
-71
-58
138
-125
77
-27
9
-5
-2
0
-1
-2
2
-2
0
2
-2
1
-1
2
-1
0
0
0
2
-1
0
-1
0
-2
1
-1
-2
0
-1
-1
-1
-2
0
-1
-1
-1
0
-1
0
0
0
0
-1
0
1
2
-2
0
2
-1
0
0
1
0
2
-1
1
0
-1
3
-1
1
-2
3
-1
-1
2
-1
-1
2
-2
-4
10
-26
79
-124
139
-55
-70
52
-16
0
59
-61
24
4
0
-16
15
-5
7
-6
6
-6
-17
75
-264
132
529
-512
116
-516
598
20
-206
24
-7
1
-6
4
-9
0
-3
7
-20
40
-71
49
-55
70
-30
63
-178
74
132
-99
-3
-6
15
-2
-5
-16
15
-4
2
-1
0
0
-1
1
0
-2
0
2
0
-1
0
0
0
-3
0
-1
-2
0
-1
1
-1
0
-2
1
-1
-2
0
-1
-1
-1
0
-1
-1
1
-1
1
0
1
-1
1
-1
1
1
-1
1
-1
1
1
0
2
0
-1
1
1
0
0
0
-2
3
-4
15
-14
-4
-1
16
-4
-2
-98
133
76
-177
63
-29
71
-54
49
-70
44
-18
10
0
2
-5
6
-5
5
-4
29
-203
27
604
-507
59
-181
147
80
-80
-29
13
-9
1
-2
-1
-3
-1
4
-22
-17
70
-16
-47
-2
-4
53
-8
-56
-10
89
-51
-15
7
4
3
1
-9
3
-1
1
-1
-1
1
0
1
-1
0
1
0
0
1
-1
0
-3
-2
0
-2
0
-2
0
-1
1
-1
0
-1
0
0
-1
0
0
0
0
0
0
-1
2
0
2
1
2
-2
2
-1
1
1
-1
-1
1
1
0
1
1
1
0
1
0
-1
2
0
5
-9
2
4
4
8
-14
-51
91
-9
-54
-7
54
-3
0
-46
-16
71
-14
-20
7
2
0
3
1
3
-5
17
-26
-76
86
151
-173
43
-38
-120
223
-102
-11
0
-2
-4
-3
-2
3
-9
-8
25
-74
89
-11
-76
73
-17
-38
52
-76
79
5
-53
-2
19
-2
-15
13
-1
-2
-1
0
1
0
0
0
1
0
1
0
1
0
-1
1
-3
0
0
-1
0
-2
3
-3
0
0
-1
-2
0
-1
0
-1
-1
0
-1
0
0
-1
0
1
0
-2
3
-2
1
1
1
0
-2
2
0
1
1
0
1
0
0
0
0
-1
1
1
0
0
-1
13
-16
0
20
0
-51
6
80
-75
54
-37
-15
73
-74
-10
90
-71
29
-4
-6
7
0
0
-2
1
3
-7
-99
230
-115
-29
26
20
2
-25
-34
-12
12
9
-8
-12
3
8
-7
-14
-1
9
2
-10
-5
4
3
-7
-5
4
2
-7
-9
1
6
1
-4
-2
1
0
-2
1
2
-2
-2
0
1
0
-1
0
1
0
-2
0
0
-1
-1
-1
0
-1
-2
0
1
-2
-2
-1
0
-1
-2
0
2
0
-1
0
1
1
-2
-1
1
0
-1
-1
1
0
0
0
1
0
-1
0
1
1
0
0
2
0
-3
0
2
2
-1
0
1
-2
-3
1
7
2
-8
-6
4
5
-3
-4
4
6
-4
-9
3
12
3
-11
-4
12
6
-8
-7
13
16
-9
-31
-20
7
25
