0
15
-1
-24
14
-43
112
-99
72
-75
46
-24
56
-60
7
-10
53
-35
-4
-5
4
8
-9
20
-13
7
-23
35
-49
47
-20
-15
42
-46
24
1
-10
17
-62
99
-70
55
-32
-33
20
5
11
2
-22
15
-11
17
-15
-14
40
-7
-31
8
15
-7
-3
3
-3
1
0
-1
1
-4
3
6
-16
-7
31
6
-40
12
15
-19
10
-15
21
-3
-13
-6
-20
32
30
-56
68
-99
60
-17
9
-1
-25
44
-43
16
20
-48
48
-36
22
-7
12
-20
9
-7
-3
5
2
35
-54
9
-7
58
-57
23
-47
74
-73
98
-112
42
-15
20
0
-19
0
6
-12
14
-6
-44
108
-80
29
-25
25
-27
-3
12
26
-63
59
-26
16
-48
60
-48
25
40
-59
19
0
-34
68
-51
32
-49
42
-3
-1
-42
65
-40
3
17
-27
-2
14
18
-3
-28
20
1
-15
1
22
-24
9
0
-20
40
-41
24
-8
0
0
-1
0
-1
0
-1
0
0
0
0
7
-25
41
-42
19
-1
-10
24
-23
-2
15
-2
-21
28
2
-19
-16
1
26
-17
-3
40
-65
41
1
2
-43
49
-33
50
-67
34
-2
-19
58
-40
-25
48
-60
46
-18
27
-59
60
-27
-12
2
25
-27
23
-29
80
-109
44
5
-16
10
-10
0
-4
0
-7
-19
58
-43
9
-5
39
-35
-21
-12
52
-36
29
3
-38
45
-14
-10
-6
3
18
-11
-28
35
-34
47
-38
46
-50
15
-13
28
-23
25
-16
-62
132
-106
64
1
-80
59
2
-5
-5
2
-21
23
-15
27
-24
-1
27
-21
-11
17
-4
-1
-4
1
0
0
0
-2
3
1
4
-17
11
19
-25
0
23
-27
14
-23
20
-2
5
4
-1
-60
81
-2
-64
105
-133
61
15
-26
22
-29
12
-15
49
-47
38
-48
33
-35
27
10
-19
-4
5
10
14
-45
38
-3
-30
35
-52
10
19
33
-41
4
-10
42
-59
18
5
0
-1
0
-5
-3
29
-30
73
-152
102
-42
69
-64
16
15
-24
36
-80
85
-71
23
52
-16
-7
-50
-1
106
-107
75
-40
17
-52
43
-3
4
-26
43
-74
31
20
-10
106
-153
33
-5
52
-32
-4
14
6
-12
-14
0
20
-11
-21
47
-11
-30
2
13
-2
-2
-2
1
0
0
-1
-2
1
1
2
-13
-3
29
11
-47
20
10
-21
0
12
12
-6
-14
4
30
-54
4
-35
153
-106
10
-21
-33
74
-44
26
-5
2
-44
53
-18
38
-75
107
-106
2
50
6
15
-53
-23
71
-85
79
-37
23
-17
-17
63
-71
42
-103
151
-75
28
-31
1
1
0
13
-11
-1
23
28
-97
39
1
18
1
5
-41
36
-51
67
-34
-52
210
-323
224
-60
-23
72
-105
93
-17
-19
17
-76
112
-60
0
46
-75
115
-83
-152
113
186
-165
19
27
19
-61
22
-11
-1
25
-11
-32
43
-36
32
-25
19
-32
35
-23
7
-4
3
-1
-1
0
0
1
-4
3
-8
21
-36
31
-20
24
-33
35
-45
31
11
-26
-1
12
-23
61
-20
-28
-22
164
-187
-114
151
82
-115
74
-46
0
59
-112
76
-18
18
17
-94
104
-71
23
60
-224
321
-211
50
33
-69
49
-37
38
-8
-3
-20
-2
-40
98
-28
-24
-1
10
-17
0
-13
12
11
-20
-24
27
18
-41
33
-23
12
39
-50
5
-34
78
-45
-2
3
42
-86
117
-87
-73
42
-47
190
7
-53
-172
168
-35
24
-21
93
-204
-224
503
-167
-4
-15
-5
12
16
-31
-4
-13
73
-74
16
21
-14
-3
-1
2
8
-16
16
-7
-4
6
-4
1
0
-1
2
-6
4
7
-17
16
-9
-3
0
2
14
-20
-16
73
-73
12
2
31
-16
-13
4
14
3
167
-505
223
204
-94
19
-24
34
-168
171
51
-7
-190
46
-42
72
86
-118
86
-42
-4
0
44
-78
33
-7
48
-41
-13
22
-34
41
-17
-28
22
18
-14
-12
9
0
-16
5
2
14
-53
83
-4
-85
37
33
-59
79
-61
36
-56
59
-174
286
-60
-90
-36
108
-78
-158
287
-128
-8
136
-245
160
100
-196
78
-128
43
24
504
-573
144
-26
-23
-62
110
-11
-47
76
-63
13
16
-16
-8
20
-19
12
-14
20
-11
4
-7
3
-5
4
-2
0
1
-5
6
-3
7
-6
9
-20
14
-12
17
-21
8
15
-16
-14
62
-77
47
9
-112
62
23
26
-146
573
-505
-26
-44
127
-79
196
-101
-160
244
-136
7
128
-286
157
77
-108
35
89
59
-286
175
-60
54
-37
59
-80
57
-34
-39
85
5
-83
51
-15
-4
-6
12
0
15
-12
4
-9
-22
87
-102
91
-35
24
-163
132
-1
0
-59
222
-85
-444
515
-181
38
6
-29
126
-278
242
-122
104
-220
219
-25
-67
87
-239
445
-459
100
345
-392
217
-39
-83
10
53
7
-87
62
17
-17
-8
-5
4
-1
-3
4
19
-30
11
6
-9
4
-5
0
0
-2
4
-4
8
-8
-12
30
-20
-6
2
1
-4
3
6
17
-17
-63
85
-8
-55
-11
83
37
-218
391
-345
-102
458
-445
237
-87
66
25
-219
220
-105
120
-242
279
-126
30
-6
-39
180
-516
444
84
-222
58
-1
1
-133
161
-26
32
-92
101
-89
22
8
-7
11
-20
0
22
-28
-10
21
38
-87
32
15
-45
47
-7
22
-22
69
-165
138
-164
281
-265
120
-31
87
-153
102
-111
160
-94
17
13
-39
173
-277
188
-60
249
-457
229
-39
161
-318
180
43
-66
22
-2
45
-79
39
27
-46
6
1
-2
32
-66
61
-9
-7
-10
2
0
2
0
0
-1
-1
0
-4
8
6
8
-62
66
-31
0
-3
-7
47
-29
-39
78
-46
1
-23
65
-43
-181
316
-162
37
-231
457
-249
59
-187
277
-174
39
-12
-17
93
-160
110
-103
154
-87
30
-120
263
-282
162
-138
164
-70
20
-23
5
-48
42
-16
-33
86
-39
-23
7
27
-27
0
68
-114
29
48
37
-190
181
-112
105
-72
-36
110
-89
-164
384
-87
-386
424
37
-243
58
-21
-26
12
102
-56
-44
132
-216
240
-197
59
119
-134
-5
95
-112
21
66
77
-219
139
-20
27
-44
-1
-24
60
-36
12
2
-3
-17
16
-10
27
-33
11
-4
5
-5
-1
1
0
-3
0
4
-5
3
-11
33
-28
9
-16
15
2
-2
-13
36
-60
23
0
44
-27
19
-139
220
-78
-67
-21
112
-95
5
132
-119
-59
197
-241
217
-133
44
55
-104
-13
26
20
-57
243
-37
-424
385
87
-385
162
86
-112
34
70
-109
112
-183
190
-38
-48
-32
114
-74
0
94
-120
37
9
-21
-33
66
-34
44
-65
153
-248
123
100
-235
388
-860
1034
-426
0
-16
-31
162
-209
94
6
7
-43
28
9
-63
165
-216
249
-274
143
-74
220
-155
-174
177
41
-61
39
-38
-12
14
10
-10
-12
18
11
1
-47
19
13
-20
34
-16
3
-10
4
1
0
-1
-5
9
-4
17
-34
20
-14
-21
47
-1
-12
-20
11
9
-11
-16
12
37
-39
60
-42
-177
173
154
-221
74
-144
273
-251
217
-165
63
-10
-28
43
-9
-7
-94
208
-163
30
15
-1
425
-1034
859
-389
233
-103
-124
247
-154
62
-45
33
-68
32
19
-11
-39
119
-99
0
-66
132
-95
57
-61
60
18
-146
175
-206
273
-95
-72
-42
-7
63
-80
397
-451
126
31
79
-241
159
62
-153
154
-95
8
27
-79
138
-193
222
-130
61
-102
137
-121
-37
59
109
-73
-62
68
-25
2
3
-19
29
2
-35
15
44
-65
39
-5
-18
12
1
-3
1
-2
0
2
-2
3
-2
-13
17
4
-40
66
-45
-15
35
-3
-29
18
-3
-4
25
-70
62
72
-110
-60
35
119
-137
100
-61
129
-223
193
-138
78
-27
-9
95
-155
152
-62
-160
239
-80
-32
-126
450
-398
77
-63
5
41
72
94
-273
205
-177
146
-20
-60
60
-59
92
-133
61
0
-269
423
-196
-3
33
24
-71
92
-135
26
218
-362
193
81
-54
-194
242
72
-144
-77
127
-120
-15
102
-4
-79
89
-2
-76
75
-22
-90
202
-156
4
-114
133
151
-135
-3
-37
83
-100
16
68
-74
12
53
-59
48
-33
-2
15
-1
-30
42
-11
-6
2
-2
1
-4
1
0
-2
3
-2
2
-3
7
11
-43
29
1
-16
2
32
-48
58
-53
-13
73
-70
-17
97
-85
38
2
134
-152
-135
113
-4
154
-203
89
21
-76
74
3
-90
79
4
-103
13
119
-128
76
144
-73
-242
194
53
-83
-194
361
-220
-27
134
-92
71
-24
-33
2
193
-425
264
0
-256
376
-89
-74
-125
197
-20
75
-281
3
482
-327
113
-710
909
-385
192
-215
158
-49
89
-226
148
-44
83
-91
8
39
3
83
-303
296
-128
70
-178
156
-9
92
-308
349
-148
1
19
-55
56
-5
-36
19
-6
13
8
-17
-10
7
-3
9
-1
-8
12
-13
7
0
-2
0
1
-1
-8
13
-13
8
0
-10
2
-6
10
18
-8
-13
5
-20
36
4
-57
53
-21
-1
148
-350
306
-94
7
-156
177
-70
126
-297
303
-85
-3
-40
-7
90
-82
44
-148
225
-90
49
-158
215
-193
384
-911
709
-114
326
-484
-5
277
-76
19
-198
123
73
86
-378
252
0
30
-50
8
0
118
-117
-92
61
183
-378
307
89
-236
203
-308
234
54
-134
-33
91
-17
-19
-72
70
-4
49
-22
-41
20
62
-233
270
-111
-36
96
-92
180
-432
464
-212
31
64
-71
19
-21
38
-12
-29
-7
40
-13
17
-47
53
-37
-16
23
-2
9
-13
3
-3
0
0
0
2
-4
12
-9
1
-25
15
35
-53
46
-18
12
-41
6
28
12
-39
21
-20
71
-66
-32
211
-464
431
-181
92
-97
35
108
-270
232
-63
-20
40
20
-49
2
-71
72
19
18
-91
32
133
-55
-235
305
-205
234
-90
-309
376
-185
-62
93
116
-120
-2
-11
49
-34
0
326
-487
120
139
-159
18
159
-310
496
-560
532
-323
26
146
-52
-97
-32
309
-223
-84
201
-288
225
-119
84
18
-97
67
-1
63
-110
-51
142
31
-199
270
-393
322
35
-134
-47
48
23
-24
-1
-4
48
-55
42
-33
16
-23
37
-35
19
-17
20
-7
3
-13
10
-3
0
0
-2
1
-11
12
-4
6
-21
16
-20
35
-37
23
-17
32
-43
54
-49
3
1
23
-24
-48
47
132
-36
-323
391
-271
197
-32
-144
51
110
-63
1
-69
96
-17
-82
118
-226
288
-201
84
223
-309
30
96
52
-147
-29
322
-534
558
-498
309
-160
-18
157
-141
-123
486
-331
0
289
-471
275
-164
272
-233
11
-42
201
-217
233
-252
342
-439
403
-323
78
105
57
-190
144
-138
212
-164
58
-34
1
13
-84
242
-237
134
-51
-95
288
-278
49
7
-53
100
61
-147
104
-81
53
-2
-2
-30
14
-7
23
-10
-23
6
34
-34
-6
51
-50
12
0
0
1
0
-1
0
-1
-13
49
-53
5
34
-36
-6
22
10
-24
7
-16
30
1
1
-56
80
-104
147
-61
-101
52
-7
-51
277
-289
94
50
-135
236
-240
83
-14
-2
33
-57
163
-211
138
-143
190
-58
-106
-79
323
-405
438
-344
250
-236
214
-202
41
-12
232
-272
162
-278
470
-293
0
-77
122
-78
85
-214
235
-55
-95
50
-21
85
5
-100
181
-257
138
-138
103
136
-224
186
-36
-207
229
-90
10
19
1
11
-113
79
106
-179
98
48
-124
58
37
13
-81
38
-46
72
-45
10
27
-22
-32
45
-6
0
-24
-9
54
-36
23
5
-43
11
10
2
-3
0
0
0
3
-3
-11
-10
42
-6
-24
34
-53
9
24
1
6
-46
31
21
-28
-11
45
-72
44
-38
80
-15
-38
-57
125
-49
-98
179
-106
-81
113
-10
-1
-18
-11
90
-230
207
37
-187
224
-137
-104
137
-139
256
-183
100
-7
-88
20
-51
94
55
-235
213
-87
76
-123
73
0
-374
582
-217
-75
108
-11
-74
20
10
20
-65
40
21
87
-219
155
-160
182
-63
42
-124
68
74
-68
-32
27
-1
9
6
22
-49
-32
40
132
-261
141
-97
242
-317
268
-103
26
-56
44
-10
-46
73
-48
25
-21
0
26
-18
-9
10
-2
-24
20
15
-8
-9
3
0
0
0
-4
8
7
-15
-21
23
2
-11
8
17
-27
-1
20
-26
47
-73
46
10
-43
55
-27
102
-269
316
-241
95
-142
261
-133
-42
32
49
-21
-7
-9
0
-29
33
67
-74
-68
123
-42
63
-183
158
-156
216
-88
-23
-41
63
-22
-12
-20
72
9
-108
75
214
-583
368
0
-207
299
-83
-65
39
28
-50
-25
36
67
-103
124
-49
-228
123
189
-145
51
-93
95
-14
-45
3
46
-10
1
-43
39
-25
59
-79
89
-154
191
-113
-35
139
-238
288
-73
-106
86
-102
60
18
-36
28
-28
38
-41
20
-18
16
-5
8
-23
27
-39
51
-26
2
-3
0
0
-1
2
-3
27
-53
38
-28
22
-8
4
-16
17
-20
39
-39
27
-30
36
-19
-61
101
-88
107
72
-289
237
-140
34
111
-192
152
-90
79
-58
24
-40
42
-2
10
-46
-2
44
14
-94
92
-52
145
-190
-123
226
48
-125
102
-68
-38
25
48
-29
-40
64
80
-300
203
0
264
-381
98
138
-246
211
-26
-159
203
-126
95
-77
-43
198
-182
74
-67
91
18
-92
36
23
-98
68
0
0
1
0
-14
45
-107
171
-34
-124
-21
175
-199
192
-142
43
56
-56
17
-29
33
-33
30
-19
-5
34
-47
31
-8
4
4
-3
-30
26
-5
-2
5
-4
3
0
-2
2
-5
2
3
-27
30
2
-5
-6
7
-31
45
-35
4
18
-31
31
-35
28
-18
55
-57
-44
140
-194
198
-177
19
123
34
-171
106
-46
14
0
-2
0
1
-69
97
-22
-37
92
-18
-92
66
-75
181
-199
41
77
-96
123
-204
158
25
-213
245
-138
-101
381
-268
0
315
-456
188
-84
233
-276
140
-19
-17
31
-1
-21
-33
79
-48
32
-12
7
-61
13
13
59
-22
-46
33
0
-22
40
-39
41
-54
18
47
-49
-17
90
-67
9
-17
-30
55
-20
17
16
-52
-7
58
-26
-4
10
-17
13
1
-13
10
-14
25
-30
12
8
-8
-4
2
0
-3
2
8
-9
-13
28
-26
13
-10
12
-1
-13
17
-11
2
25
-58
6
52
-18
-18
19
-55
29
17
-9
65
-91
15
48
-47
-18
53
-41
39
-40
22
0
-34
46
21
-59
-14
-14
60
-7
12
-33
47
-81
32
19
0
-33
16
19
-140
274
-233
82
-192
454
-319
0
-91
79
-7
-3
11
-51
45
-2
24
32
-121
-2
65
4
-5
-8
-44
82
-89
70
-43
70
-69
23
-1
-2
-11
27
-15
-18
-20
118
-126
10
102
-115
48
-1
-24
60
-48
-49
87
1
-30
-9
4
-20
36
-27
15
1
-4
-22
44
-49
21
6
-6
-1
1
-2
-1
0
0
0
-2
1
5
-8
-21
49
-44
21
3
-2
-15
26
-38
19
-4
8
30
-2
-88
48
47
-61
22
0
-49
115
-103
-11
125
-118
18
17
13
-28
10
3
-1
-23
70
-70
42
-70
88
-81
44
7
3
-6
-68
1
119
-34
-26
1
-46
50
-11
0
5
-79
89
0
-179
316
-193
14
54
-67
53
2
-55
39
-36
31
-1
-26
14
31
-64
38
3
13
-16
-4
-16
19
8
-16
15
-16
20
-23
35
-34
-11
25
14
-43
50
-66
64
-19
4
-32
10
27
-4
-33
28
-10
-4
-10
17
17
-55
73
-45
-14
13
12
-11
1
3
-2
-1
0
-2
2
-1
-1
11
-13
-14
14
44
-74
53
-16
-19
9
3
9
-28
33
4
-27
-11
30
-6
17
-65
66
-50
42
-15
-27
11
33
-35
22
-19
16
-15
16
-9
-20
16
4
17
-13
-3
-38
64
-32
-16
24
-1
-34
35
-41
53
-3
-55
65
-56
-15
191
-317
174
0
-52
79
-15
-1
-62
83
-104
128
-85
42
-58
52
13
-74
48
-5
34
-53
19
15
-22
-1
-7
32
-19
10
-23
25
-22
9
21
-35
13
-19
34
17
-44
16
5
-16
9
-10
15
-45
58
-11
-13
14
-14
-7
23
-20
30
-50
30
-5
-1
-3
7
-9
6
-2
-1
0
-1
1
-6
8
-8
2
-1
4
-31
50
-30
19
-23
8
14
-14
11
10
-58
45
-15
9
-9
15
-6
-16
44
-19
-35
17
-14
35
-20
-9
23
-24
23
-11
18
-33
8
1
21
-15
-20
52
-34
5
-50
73
-14
-54
58
-44
83
-128
103
-84
62
-1
12
-81
47
0
18
-32
10
-7
-32
91
-56
27
-11
-9
19
-72
45
54
-40
-13
-17
44
-41
29
-13
-4
2
8
14
-24
14
-12
5
-1
-2
8
20
-46
11
11
16
-37
14
-7
39
-36
10
8
-50
66
-34
8
-2
1
-2
21
-23
-2
2
7
-18
14
1
-2
-2
0
-1
0
1
-1
1
1
-1
-14
18
-7
-2
0
23
-22
1
-2
2
-8
34
-67
49
-7
-10
36
-40
6
-15
35
-17
-12
-12
45
-21
-8
1
2
-6
13
-14
23
-14
-8
-4
4
12
-29
42
-44
16
13
39
-56
-46
70
-20
7
10
-28
56
-93
33
6
-14
30
-24
0
53
-69
16
-8
5
31
7
-36
-7
18
27
-74
50
-16
3
-15
30
-3
-34
32
3
-15
7
-11
12
-1
-1
-3
11
-6
-22
14
30
-46
25
-13
-1
24
4
-34
0
26
-17
6
-10
2
-3
13
7
-23
9
16
-41
37
-23
11
3
-6
1
1
-3
0
1
0
-1
0
2
-2
-1
5
-3
-12
23
-37
40
-16
-10
22
-8
-14
3
-3
10
-6
15
-26
-1
33
-5
-25
1
13
-25
46
-31
-14
22
5
-12
3
-1
1
-11
10
-6
14
-3
-32
34
2
-31
14
-4
15
-52
73
-27
-21
5
35
-8
-32
-7
7
-20
68
-57
0
27
-43
5
3
46
-73
0
37
21
-14
-26
34
-40
36
-30
18
-4
-17
30
-27
5
18
-23
26
-25
21
-12
-4
19
-24
12
-12
20
2
-9
-11
4
30
-2
-63
50
-1
-38
48
-18
1
-34
59
-49
33
-25
20
3
-27
0
33
-23
4
-2
-4
7
-5
1
0
-2
4
-8
3
0
-3
21
-34
-1
27
-3
-21
24
-35
48
-59
34
-1
17
-49
38
-1
-52
62
1
-30
-5
11
9
-2
-20
11
-12
24
-19
2
11
-21
26
-27
23
-20
-5
27
-31
17
5
-18
29
-38
39
-37
24
13
-22
-38
-2
71
-47
-5
-8
41
-32
0
-7
-4
-3
18
27
-93
16
68
-23
-1
-26
21
-16
8
2
-4
4
-5
-7
29
-36
18
-15
31
-25
20
-15
-3
15
-28
39
-13
-51
53
-3
37
-78
16
48
-50
8
4
30
-51
32
20
-39
1
34
-35
8
-1
3
6
-38
39
9
-23
-1
4
2
-2
0
0
-2
2
-3
-5
0
24
-10
-40
37
-7
-4
0
-10
33
-35
-2
39
-21
-33
50
-32
-5
-9
49
-48
-17
80
-39
1
-54
50
12
-39
27
-14
2
14
-21
24
-31
14
-19
36
-29
7
5
-5
3
-4
-10
14
-24
23
-1
21
-69
-16
91
-27
-20
0
3
3
0
-15
20
13
-35
33
-18
-8
14
-9
-1
17
-35
24
-9
1
0
0
20
-32
12
-7
37
-59
35
-6
6
-1
-3
2
-17
11
8
-9
7
-11
1
13
-1
2
-30
13
-14
44
-18
-16
1
-8
29
-18
-4
31
-34
5
15
-7
-2
-13
22
-8
0
-1
0
-2
0
1
-1
0
-1
8
-22
13
1
7
-15
-4
33
-30
4
18
-29
9
-2
15
17
-45
13
-13
28
-4
-1
-15
-2
10
-7
9
-9
-13
16
-1
3
1
-6
6
-36
58
-38
5
-11
32
-22
0
0
-3
7
-26
33
-19
0
7
-15
7
18
-34
32
-16
-21
12
0
-28
41
-32
26
-11
-4
-5
8
-28
43
-28
23
-5
10
-22
-8
20
-21
28
-36
41
-27
-7
29
-10
-4
2
-7
2
12
3
-24
13
-10
-15
20
22
-38
54
-45
12
-6
-8
29
-41
22
-14
10
13
-27
37
-22
12
-35
0
34
-6
-4
-4
0
2
0
-1
0
-1
-1
-2
0
4
4
7
-35
1
33
-10
20
-37
25
-13
-11
14
-22
38
-30
7
7
-12
44
-54
39
-23
-21
16
10
-14
24
-4
-12
-3
6
-3
4
9
-30
7
26
-42
36
-28
21
-20
7
21
-11
4
-24
27
-44
27
-9
4
3
10
-27
29
-43
24
0
9
3
-10
-5
8
12
0
-9
-7
-1
0
0
4
1
-4
-4
1
4
1
-3
-2
2
1
-2
-2
0
1
0
-1
-1
-1
3
6
0
-9
-6
5
8
-2
-10
-3
5
1
-5
0
10
6
-8
-10
2
8
-1
-7
-3
5
2
-3
-3
1
0
-2
-1
2
0
-3
0
1
-1
-2
2
2
-3
-5
1
6
0
-8
-2
9
8
-7
-11
-2
4
-3
-5
2
9
2
-8
-6
6
8
-1
-6
-3
1
0
0
0
-1
-1
2
1
-1
-3
0
3
0
-4
-1
4
1
-3
-4
-2
-1
-1
4
9
-1
-13
-11
4
9
-4
-12
