-9
-5
-4
-5
-3
-3
-2
-3
-1
-3
-2
-1
-3
-3
-3
-2
0
-14
32
-29
-8
50
-72
43
-15
0
-3
0
0
-1
-1
-1
-1
-1
1
1
0
1
-1
0
0
0
0
-1
0
0
-1
-1
-1
-1
-1
0
-1
-1
-1
-2
-1
1
-1
-1
0
0
-1
-1
0
0
-1
0
1
1
-1
0
0
1
0
-1
0
0
0
-1
0
1
0
0
1
1
0
1
0
0
0
1
0
0
1
1
-1
-1
1
0
0
1
-1
1
-13
45
-71
52
-7
-27
33
-13
0
2
1
0
0
1
0
0
0
1
1
2
0
2
2
2
-9
-6
-4
-5
-3
-3
-1
-3
-1
-2
-3
-1
-3
1
-3
-12
4
-9
14
15
-57
46
-13
-6
3
-4
3
-2
0
-2
-3
0
1
0
0
0
0
2
0
0
0
0
1
2
0
1
0
0
-2
-1
0
0
-1
0
-1
0
-1
0
-2
0
0
-1
-1
-1
0
0
0
0
-1
1
1
0
0
1
0
0
0
2
0
0
-1
1
1
0
1
1
0
0
0
1
1
0
-1
2
2
-1
1
0
-1
-1
1
0
4
-1
4
-6
-11
47
-56
17
15
-8
5
-8
-1
6
1
2
1
-1
0
0
3
0
0
1
1
3
-8
-6
-4
-6
-4
-3
-2
-4
-2
-1
-2
-2
-2
-6
-15
27
-5
-24
-24
32
1
32
-39
6
15
-27
7
2
-1
-3
2
-2
-2
1
0
-1
-1
0
-1
0
0
1
0
1
0
-1
0
0
-1
-1
-1
-1
-1
0
-1
-2
-1
-1
-1
-2
-1
0
-1
-1
0
-1
0
0
0
-1
0
0
0
0
0
1
0
-1
0
-1
0
1
0
1
0
1
1
1
1
0
1
0
0
1
1
1
-2
0
4
-3
0
3
8
-25
17
6
-39
33
1
32
-21
-22
-4
30
-11
-2
1
1
1
1
0
0
1
0
0
2
1
2
-9
-9
2
0
-25
12
-8
4
-5
-3
-2
-1
-2
-2
-6
-4
-12
26
11
-73
64
-1
2
-54
46
-19
2
0
6
-20
16
-4
-3
2
-1
0
-1
0
0
1
0
1
0
1
-1
0
1
-1
-2
1
-3
1
-1
-1
0
-1
-1
-1
0
-1
0
0
0
-1
0
0
0
0
0
-1
0
-1
0
0
1
-1
-1
1
-2
1
-1
0
1
0
0
1
0
0
0
0
0
1
-1
2
-2
2
-3
-4
18
-21
7
0
4
-17
46
-52
4
0
64
-72
13
27
-11
0
-4
1
0
1
1
1
-4
8
-4
15
-22
8
6
1
-12
8
-49
44
-2
-14
-33
36
-18
-1
-1
-2
-2
-3
-7
2
8
-20
-24
55
57
-163
59
41
-17
-9
2
-3
7
4
-12
-2
3
0
-5
5
-2
0
0
1
0
0
1
0
0
0
0
0
0
-1
-1
1
-2
0
0
-1
-1
-1
-1
-1
-1
-1
-1
-1
0
0
0
-1
0
0
-1
1
0
-1
1
0
-1
2
-1
-2
1
0
0
0
1
0
1
1
1
2
0
0
-1
5
-4
1
3
0
-11
4
7
-2
3
-9
-16
42
60
-163
59
57
-23
-19
9
5
-3
0
1
0
-1
3
-16
41
-30
-12
0
52
-44
16
17
-46
6
59
-91
63
-41
17
-6
-2
-2
-4
-2
-3
-7
20
-10
-54
99
-127
150
-95
-25
52
-34
17
-2
-3
10
-15
8
-2
4
-5
4
0
-1
0
1
0
0
-2
2
-1
0
0
-1
0
-2
3
-9
3
-1
-1
-1
-1
-2
0
-1
0
1
-1
0
0
0
0
1
-1
0
0
-1
2
-1
0
0
1
-1
5
-9
4
-1
1
0
1
0
-1
2
-1
0
1
2
0
-1
2
4
-6
4
-2
9
-16
11
-1
-2
19
-33
53
-24
-93
151
-124
101
-54
-9
23
-3
0
2
-1
-1
0
-4
19
-38
67
-88
67
12
-40
-10
-33
112
-180
116
0
-64
8
17
-12
5
-7
2
-11
5
-20
30
8
-44
8
16
-9
18
-6
-46
42
-29
21
-4
-3
-10
22
-15
6
-13
14
-5
-3
8
-3
-1
0
2
0
1
-2
-1
7
-8
2
-4
4
-2
-5
3
0
-2
0
1
-5
2
-3
1
-1
0
-1
1
-2
3
-3
1
0
0
1
3
-4
-1
5
-4
3
-7
8
0
-1
2
-1
2
1
0
-3
8
-3
-6
15
-13
7
-15
24
-10
-3
-3
22
-28
44
-45
-6
19
-8
16
10
-43
9
31
-18
9
-8
5
-4
8
-9
20
12
-60
4
121
-171
117
-24
-54
58
-32
-1
-14
-36
46
-48
38
-13
-2
-4
-1
-42
105
-143
16
65
84
-63
-228
241
-41
-108
61
49
-15
3
-20
115
-211
46
93
-30
-48
59
-25
6
-7
0
2
-1
-1
0
1
-1
-1
8
-7
22
-29
-7
8
3
-2
0
-1
-2
-2
5
-9
2
0
0
-1
-1
0
2
-7
6
0
0
1
1
-2
4
9
-6
-29
21
-6
9
0
-1
1
0
-1
-1
2
0
-6
6
-24
58
-47
-28
93
47
-209
117
-19
4
-14
48
63
-107
-40
242
-227
-61
86
66
17
-139
109
-37
1
1
1
-9
41
-44
50
-31
-11
8
-28
67
15
17
-172
85
-30
185
-96
-39
0
14
-1
-46
41
45
-51
-95
98
-40
85
-8
-86
-48
96
2
-25
-50
68
7
-46
-79
78
71
15
-79
13
-34
23
4
-1
0
1
0
0
1
1
-1
15
-17
-39
36
51
-58
13
1
-3
0
0
-1
-1
-3
1
0
-3
-2
2
-1
-2
1
1
-1
0
1
1
1
-3
0
14
-58
51
37
-38
-17
14
-2
1
1
1
0
1
2
0
4
22
-34
15
-77
15
72
79
-77
-45
8
69
-49
-24
3
96
-47
-84
-8
86
-37
99
-92
-47
48
44
-42
2
18
2
-35
-92
189
-26
94
-167
27
52
-138
287
-458
218
231
-233
68
-64
59
-52
26
-27
48
-5
-173
299
-310
239
-194
27
273
-232
52
-42
-4
-8
28
69
-246
381
-290
12
161
-134
39
4
-1
1
0
-6
9
-4
1
0
-1
-2
-15
38
-46
33
4
-18
3
-4
-1
1
-1
-1
-4
8
-6
-1
0
-2
0
0
-5
9
-3
-1
-1
2
1
-2
3
-17
5
34
-45
39
-15
-1
0
0
1
-4
9
-6
1
0
0
5
39
-134
162
12
-289
382
-246
69
30
-6
-3
-40
52
-231
275
27
-193
240
-308
300
-169
-1
51
-24
29
-49
63
-63
72
-229
233
221
-450
292
-130
-9
42
-171
246
-333
312
-79
-73
24
21
-39
26
-21
64
-210
321
-276
135
-17
-281
630
-526
90
211
-219
69
54
-136
136
-106
19
120
-121
43
-46
38
-3
-5
1
0
0
3
-3
2
2
-1
-2
17
-99
158
-112
41
-12
2
2
-4
0
-1
-1
-2
-2
0
0
0
2
0
0
0
-1
-1
0
0
1
-1
3
3
-11
42
-111
159
-98
18
-2
-1
2
2
-3
3
1
1
2
-5
-3
39
-45
44
-121
121
19
-107
136
-134
55
70
-217
210
91
-524
631
-279
-16
137
-275
324
-206
68
-18
30
-38
25
25
-70
-76
316
-331
253
-166
51
-81
52
53
219
-673
470
-124
26
-29
13
-15
-33
74
-88
-47
227
-100
63
-97
-271
479
-239
86
-75
-37
35
-71
37
224
-178
-176
170
-3
33
-33
16
-33
15
1
-2
0
-1
1
2
1
-2
-8
0
-1
67
-52
-45
39
-3
-1
-1
-2
0
1
3
-10
-1
5
-1
-1
-1
4
0
-9
5
1
1
-1
0
-1
-2
39
-44
-51
68
0
0
-8
-2
2
0
0
-1
0
-1
1
15
-32
16
-33
34
-3
171
-176
-178
225
38
-70
37
-35
-73
88
-236
480
-269
-97
64
-99
230
-44
-86
76
-30
-12
16
-27
29
-119
474
-669
226
58
61
13
-19
-89
220
-294
256
-151
29
29
-41
-3
64
-96
-14
91
37
-107
32
54
-114
-28
67
61
17
-128
-70
294
-159
-70
40
104
-168
86
-26
61
-40
-7
11
-2
0
2
-2
1
0
1
-1
-1
6
-20
23
-11
3
2
-10
3
0
0
-1
-2
0
0
0
0
-1
0
0
0
-1
0
2
-1
0
1
0
4
-10
2
4
-11
23
-19
5
0
-1
1
-1
1
-2
2
-1
-1
11
-7
-39
62
-26
86
-166
104
41
-70
-157
296
-69
-126
18
62
69
-26
-115
55
33
-106
42
94
-10
-92
67
-1
-37
30
32
-147
262
-291
229
-84
-11
66
-96
114
-504
664
-200
22
-90
61
-70
60
-57
56
-172
178
-109
165
-226
241
-110
-138
154
-31
-16
22
-7
-132
310
-299
137
-64
106
-155
124
-38
-23
7
15
-7
-1
-2
2
2
0
2
-2
4
-6
18
-67
76
-28
-1
-5
4
-3
0
-2
-1
-1
1
-1
-2
-1
0
0
-1
0
2
0
0
0
1
-1
4
-5
0
-27
76
-67
19
-5
5
-2
2
0
1
3
-1
1
-7
15
9
-21
-38
125
-155
106
-63
139
-297
312
-130
-6
24
-16
-29
154
-137
-107
241
-223
166
-105
181
-169
60
-54
65
-67
62
-86
26
-196
667
-496
119
-88
-21
17
19
-122
102
-32
-5
20
-46
30
5
-44
22
71
-79
-9
2
-25
67
-33
7
-28
29
-15
-4
-12
30
61
-104
15
1
7
13
-8
-17
26
-10
1
0
0
0
2
0
-1
1
-2
0
-3
-1
4
3
-10
2
0
-1
-1
0
-1
1
-2
0
-2
-1
-2
0
-1
0
0
0
-1
1
-1
1
-1
0
1
3
-10
3
5
0
-3
2
-1
1
0
1
1
0
-1
1
1
-10
28
-17
-9
13
7
1
16
-103
62
30
-11
-3
-14
31
-26
8
-32
68
-25
3
-6
-76
74
25
-41
8
34
-44
24
-2
-29
106
-115
24
25
-72
74
-90
156
-189
40
21
-4
-10
8
-9
8
-2
-49
79
-85
60
-45
23
18
-34
8
9
-16
3
3
-30
73
-65
-2
20
-15
5
15
-1
-23
20
-13
5
-2
0
0
0
-1
2
0
-1
1
-1
1
-4
1
-1
2
-3
1
-2
0
-2
-1
0
-2
-1
0
0
0
0
-1
0
-1
0
1
-2
3
-2
2
0
2
-2
0
0
1
-1
-1
3
0
0
1
1
0
6
-11
21
-22
-1
15
5
-15
20
-1
-64
76
-28
3
4
-14
10
10
-33
19
26
-43
61
-82
82
-44
2
9
-5
11
-8
-2
24
43
-187
163
-86
83
-50
35
-14
32
-99
43
7
-19
14
-7
-10
4
-17
40
-62
56
-44
26
-11
-7
10
-24
12
12
-31
24
-5
-4
-3
-3
13
-22
11
-2
-1
3
0
-1
0
0
0
2
0
1
0
0
1
-1
-1
-1
-2
-1
0
-1
-1
0
0
-1
1
-1
0
0
0
-1
-1
0
0
0
0
0
0
0
1
-1
1
-1
0
1
-2
1
0
1
0
1
1
1
-1
0
1
0
0
-1
0
5
0
-2
11
-21
15
-2
-2
-4
-4
26
-30
13
14
-22
11
-5
-9
27
-43
59
-58
43
-13
6
-8
-2
15
-15
10
49
-95
39
-10
42
-3
-20
9
-31
44
-26
-6
7
-1
-12
-3
8
-25
31
-76
98
-36
-23
-3
44
-48
17
-6
8
-22
25
-28
8
16
-23
-6
13
1
0
-2
1
-3
0
0
1
0
1
0
0
0
0
0
0
-2
0
-1
-1
-1
0
-1
1
-2
-1
-1
-1
0
-2
-2
-2
0
0
0
-1
0
0
0
0
-1
1
0
0
-1
0
1
0
-1
0
0
0
0
1
0
2
0
1
0
0
-2
1
-3
-1
1
15
-5
-21
17
10
-28
25
-21
10
-4
18
-48
46
-3
-22
-35
102
-73
35
-21
12
0
-9
1
10
-2
-22
47
-24
13
-11
18
-46
30
-9
-11
3
-1
-15
20
-17
-1
9
-28
13
-16
28
-33
14
-15
34
-31
2
11
0
-7
-8
17
-52
51
-20
16
-10
-12
10
-1
-2
1
0
-1
0
0
1
0
0
0
-1
0
-1
-1
0
-2
0
-1
-1
-1
-2
-1
-2
0
0
0
0
-1
-1
0
0
0
1
0
1
0
0
1
0
0
0
-1
1
-1
2
0
0
0
1
0
-1
0
0
0
2
-1
1
2
-2
0
13
-12
-9
17
-21
52
-49
18
-6
-5
0
11
4
-30
35
-14
15
-32
30
-12
17
-24
13
3
-15
22
-11
3
6
-7
-2
34
-39
-11
-4
-7
26
-46
5
3
-7
6
-4
-3
-9
15
-10
-1
-15
21
-19
11
-16
10
-3
5
-5
-3
3
-6
15
-25
13
-11
3
3
1
-1
-2
0
0
-2
0
0
0
0
0
0
0
-1
-1
0
0
0
-1
-1
-1
-1
-1
-1
-1
-1
-1
0
-1
0
0
0
0
0
-1
1
1
0
-1
0
0
0
-1
0
0
1
0
1
-1
0
-1
1
1
-1
0
0
2
0
0
0
-1
0
2
3
3
-10
13
-24
18
-5
4
-2
-4
7
-2
11
-16
12
-18
22
-11
2
-8
17
-5
-1
-1
8
-3
6
8
-43
34
-3
5
-29
26
-30
1
-3
-9
4
-3
-4
-2
1
-6
-12
19
-24
22
-20
5
8
-6
-12
0
5
1
-8
10
-13
18
-29
17
-6
-5
7
-2
-3
2
-1
0
0
1
0
0
0
1
-1
0
0
0
-1
0
-1
-1
-1
0
-1
-1
0
0
-2
0
0
0
-2
0
0
0
-1
1
0
1
-1
1
0
1
0
1
0
0
1
1
0
0
1
0
0
1
0
0
0
1
1
-1
-1
2
-2
-1
7
-4
-6
18
-27
20
-13
12
-7
2
6
3
-11
-5
8
7
-19
25
-21
22
-8
-3
3
1
-2
1
8
-6
1
9
-25
35
-6
-8
-9
-12
23
-15
-2
-6
5
-5
-1
-2
-2
-7
-2
7
-8
-2
8
-16
-2
8
-2
-2
0
-3
3
-12
8
5
-7
2
-4
2
-2
0
1
0
0
0
0
-1
-1
1
-1
0
0
0
-1
0
-1
-1
-1
-1
0
-1
-1
0
-2
0
0
0
-1
0
0
0
0
0
1
0
0
0
0
0
0
0
0
1
-1
0
0
0
1
1
0
0
0
0
0
0
0
-1
1
1
-1
2
-4
3
-7
7
8
-12
3
-2
1
-1
0
9
-2
-14
9
-1
-7
11
2
-4
1
1
1
-3
7
-2
1
-11
26
-6
-4
-1
3
-24
19
-23
12
-9
-3
-3
-3
-1
-4
1
-9
1
2
-27
26
-8
-10
3
14
-19
5
-2
2
-1
-8
-6
12
0
-6
1
1
-2
-1
2
0
1
-1
0
2
0
1
1
-1
-1
0
-1
-1
0
-1
0
-2
1
-1
-2
-1
-1
-1
-2
-1
-1
-1
-1
0
0
0
1
0
-1
0
0
1
1
0
0
-1
0
-1
0
0
0
1
0
1
1
0
-1
1
0
-1
0
0
2
-1
-1
1
1
-5
1
13
-5
-8
1
2
-1
7
-18
15
6
-8
-7
27
-24
5
4
-6
5
1
1
-1
1
1
-6
14
-16
24
-17
-8
-4
-11
4
-15
3
-4
-3
-2
-2
-2
-3
1
-7
-2
-1
-14
16
-12
-1
11
-6
-4
-2
0
-3
2
-5
5
-7
0
0
0
-1
2
-2
0
0
0
-1
0
1
-1
0
0
1
0
1
0
-1
-1
-2
-1
-1
-1
-1
-1
0
-2
0
-2
-1
1
0
0
0
0
0
-1
0
0
0
0
0
0
1
0
0
0
1
1
-1
-1
1
0
0
0
0
0
0
1
1
1
1
2
-1
0
1
1
-6
7
-3
2
-1
1
1
-3
-4
12
-1
-11
17
-13
2
2
-3
4
-1
1
2
1
1
0
6
-12
12
-6
4
-16
2
-2
-13
-1
-3
-3
-5
0
-1
-2
-4
6
-17
6
-5
7
-14
-1
21
-25
8
0
0
-2
0
-4
1
0
-6
1
-2
-1
-1
2
0
1
0
1
-1
-1
1
-1
0
-1
0
1
-1
-1
0
-1
-1
-1
0
0
0
-1
-1
0
-1
0
0
-1
0
0
0
0
-1
0
0
0
0
0
1
0
1
-1
-1
1
0
0
0
2
0
0
1
0
0
-1
0
1
-1
0
0
2
-2
-1
0
3
-4
1
2
-2
1
-1
1
2
8
-23
21
-1
-13
8
-1
9
-13
10
-1
-1
1
2
-2
0
2
3
-6
3
11
-7
-5
-17
14
-16
3
-5
0
-4
-1
-1
0
-8
0
0
-10
-3
6
-11
19
-17
5
-4
-1
0
-1
0
-4
2
-4
2
-1
0
-1
-1
0
0
0
0
0
0
0
0
0
1
0
0
0
-1
0
-1
0
0
0
-1
0
0
-1
0
-1
-1
0
-1
-2
0
0
0
1
-1
2
0
0
0
0
0
1
0
-1
0
0
0
0
0
0
1
0
0
0
0
-1
-1
0
0
0
0
-1
0
-1
2
-3
3
-2
0
0
0
-1
-2
7
-16
19
-10
8
-3
-6
4
5
-5
2
1
2
-2
2
-2
7
-13
22
-12
2
-3
-15
10
-10
-5
-4
-1
-3
-1
-2
-1
-1
-4
-1
0
-9
3
-1
-8
8
-5
-2
0
-2
-2
-1
-2
0
-1
0
-3
0
-1
0
1
0
0
0
0
1
0
0
1
0
1
0
-1
0
-1
-1
-1
-2
-1
-1
-1
0
0
0
-1
-2
0
0
0
-1
1
0
0
0
0
-1
0
-1
1
1
1
0
1
-1
1
-1
0
1
0
0
2
0
1
0
0
0
0
1
0
2
1
1
-1
1
-1
1
0
-1
-1
1
0
1
1
0
-4
9
-7
1
4
-6
3
3
-1
1
1
1
0
0
3
-2
-2
-3
14
-8
-6
-6
-4
-5
0
-5
-2
-2
-2
-1
-2
0
-9
3
-1
-7
0
-2
-2
2
-2
-2
-2
-1
1
-2
-2
1
-3
-1
-1
-1
-1
-1
-1
-1
0
0
-1
-1
0
0
0
0
0
1
-1
0
-1
-1
-1
-1
-1
0
-1
-1
-1
0
-1
-2
0
-1
-1
0
1
0
0
0
0
-1
0
0
0
0
-1
1
0
0
-1
0
0
0
0
0
-1
0
0
0
0
0
0
0
0
1
-2
1
-1
0
0
0
-2
2
-1
-2
1
0
0
0
-1
3
0
0
1
-4
2
6
-6
2
1
2
-1
1
2
-1
1
3
0
0
-11
-3
-2
-8
2
-5
-2
-2
0
-2
-1
-3
-2
-3
-1
-2
-2
-2
0
1
-2
-1
-1
-1
-1
-1
-1
-2
1
-1
-2
-1
0
1
-1
0
1
0
-1
1
0
0
0
-1
1
0
0
-1
-1
0
0
-2
-1
-2
-1
-1
-1
-1
-1
0
0
-1
-1
-1
0
0
-1
0
0
0
-1
0
0
0
0
0
0
1
2
-1
0
-1
0
0
0
0
0
0
0
1
0
-1
0
0
0
0
0
0
0
-1
2
-2
0
0
0
0
0
-1
-1
1
1
-1
-1
0
0
0
1
-1
0
0
0
0
0
-2
5
-3
3
3
-10
-1
-8
-2
-2
-4
-2
-2
-2
0
-1
-2
-1
-2
-6
3
-3
0
-2
0
-4
1
-2
0
-1
0
-1
-2
-1
1
-2
-1
-1
-1
0
0
0
0
-1
0
0
0
0
0
1
0
0
2
-1
-1
-1
0
-1
0
0
-1
-1
0
-1
0
-1
0
-1
-1
1
-1
0
1
0
0
-1
0
0
0
0
-1
1
0
0
1
0
1
0
0
0
0
0
0
0
0
0
0
0
1
1
1
-1
1
-2
2
0
0
0
0
0
0
-1
1
-3
1
-1
2
-2
6
-3
1
1
0
1
1
0
0
1
-1
0
5
-3
6
-8
-5
-4
-2
-9
-2
-2
-3
-1
-2
-2
-1
-4
-1
-4
-2
-3
0
-2
-3
-1
-1
0
-1
-1
0
-1
-1
0
-1
0
-1
0
0
1
0
0
0
0
0
0
0
-1
0
0
0
0
-1
-1
0
0
-1
-1
0
0
0
-1
0
1
-1
-1
0
-1
0
-1
1
-1
0
0
0
0
0
0
0
0
1
1
-1
-1
0
0
1
0
1
0
1
0
0
0
0
0
0
1
1
1
1
0
0
-1
1
1
0
0
0
-1
0
1
0
0
-1
0
1
-2
2
-1
3
-1
2
2
1
-1
0
1
2
-7
5
1
1
-3
-4
-4
-4
-2
-2
-2
-3
-2
-1
0
-1
-3
-2
-2
-1
0
0
-1
0
0
-1
-1
-1
0
-1
-2
-1
-1
0
0
-1
0
0
0
0
-1
0
0
0
0
0
0
0
0
-1
0
0
0
-1
-1
-1
-1
-1
0
-1
-1
-1
-1
-1
-1
-1
-1
0
-1
0
0
0
0
0
0
0
0
0
0
0
-1
0
0
0
0
0
0
0
0
0
-1
0
0
0
0
0
0
0
0
1
0
-1
0
0
0
-1
0
1
1
0
0
0
1
1
0
-1
0
0
0
-1
0
2
0
0
0
0
1
1
1
0
-1
0
