0
-3
1
-4
2
-1
10
-18
6
-1
0
-4
2
20
-38
19
-7
8
-8
7
-7
4
-1
0
0
-1
1
-1
2
-1
-4
1
0
3
-3
0
-1
-1
0
0
-1
-1
1
-1
-1
3
-5
-1
1
1
-1
-1
0
0
-2
2
-1
2
-2
-1
-1
0
-1
-1
0
0
0
-1
-1
0
1
-3
1
-3
1
-1
0
1
0
0
-1
-1
4
-5
0
-1
-1
-1
-1
-1
0
-1
0
-1
3
-4
-1
0
4
0
-3
0
0
0
-1
1
1
-5
6
-7
8
-10
7
-21
37
-21
-3
3
-2
-2
-7
16
-11
-1
-3
0
-3
-1
0
-2
1
-2
-3
9
-5
-6
6
-1
-2
2
2
-8
10
-17
10
5
-5
0
5
-4
1
-1
1
0
1
1
-2
1
3
4
-8
7
-5
1
0
-1
0
0
-1
-2
0
-1
1
-1
-1
0
1
-2
0
0
-1
1
1
-3
2
1
-2
0
0
0
-1
0
0
0
0
-1
-1
1
0
-1
-3
2
-1
-1
1
-1
-2
1
-1
-2
0
0
-1
1
-2
0
0
-2
-1
0
0
-2
3
-7
7
-3
-3
-1
2
-1
0
0
-2
0
1
3
-5
-1
4
-5
-10
17
-11
7
-3
-4
-1
0
-7
5
3
-10
1
-1
-2
-2
0
-2
1
-2
0
2
-4
6
-5
1
-2
2
-1
5
-23
26
-21
5
7
-2
-1
-1
-1
1
0
-1
0
-1
-1
6
-8
3
1
0
0
-2
1
0
0
0
-1
0
0
-1
1
3
-6
2
0
-1
0
0
0
-2
-2
2
-5
4
-3
0
-1
0
0
-1
0
0
0
0
-1
-1
2
-5
4
-3
1
1
-1
0
-1
1
-1
-3
5
-5
-1
0
-1
-1
0
0
0
0
-1
0
0
-1
-1
-3
7
-6
0
0
0
0
-1
0
0
1
0
2
-7
-5
20
-26
22
-6
-1
-4
1
-3
5
-7
4
-5
-2
0
-2
-2
0
3
-2
-1
-3
5
-13
12
-2
-3
-1
12
-40
54
-27
-11
7
6
-7
-1
7
-4
1
0
1
-3
1
2
-4
0
1
4
-2
-1
-3
3
0
0
0
0
1
-1
1
-3
2
-3
4
-2
1
0
0
-1
-1
0
-1
0
-1
-1
0
-1
0
0
-2
0
0
0
0
0
0
-1
-2
2
-1
0
-1
-1
0
-1
0
0
-1
1
-5
3
-3
1
-2
0
-2
0
-1
0
1
-3
2
1
2
-5
-2
0
3
-1
-1
2
-1
0
0
4
-6
-1
7
-9
-7
9
26
-56
39
-13
-2
2
1
-11
12
-6
2
-2
0
-8
0
6
-2
0
5
-11
6
8
-5
-3
-3
1
9
-31
37
-21
4
18
-14
-2
1
2
0
0
0
0
-1
-1
2
-3
5
-3
2
-6
3
1
-1
0
0
0
0
0
-1
0
-4
2
1
-1
1
-2
0
0
-1
0
-1
0
-1
0
-2
0
-1
1
-1
-1
0
-1
0
-1
-1
-2
2
1
0
-2
1
-1
0
0
-1
1
-1
1
-2
-4
2
-1
-1
0
0
-1
0
1
0
-1
-4
5
-3
4
-5
3
-3
0
0
0
-1
0
0
-2
-2
1
13
-18
-4
20
-39
31
-10
-3
0
2
5
-9
-7
12
-6
-3
1
-10
0
-2
4
-2
-5
18
-38
42
-14
-3
-6
6
3
-23
31
-15
16
-30
17
0
0
-3
1
0
0
-1
0
-3
2
-1
2
-2
-1
4
-5
2
1
-1
0
2
-5
2
0
0
0
-1
0
-3
0
1
-1
0
-2
5
-6
-1
2
0
-1
-2
-1
-1
1
0
0
-1
-1
0
-1
1
1
-1
-3
0
6
-6
2
-1
0
-1
0
2
0
0
-1
-2
0
-3
4
-1
-1
0
-1
-3
5
-5
0
2
-2
1
-3
1
-1
0
0
-1
-1
3
-1
0
-17
29
-16
13
-32
22
-4
-7
3
2
13
-43
38
-20
4
-1
-6
-3
0
-6
2
-1
-9
16
-25
22
2
-5
-1
-15
24
10
-31
10
-8
10
-10
13
-8
3
0
-1
0
0
0
-2
2
-1
-3
5
-2
-2
1
-1
0
0
2
-4
-3
2
0
-2
4
0
-5
1
1
0
-2
0
3
-12
13
-7
-2
-1
2
1
-2
0
1
-1
0
1
-1
0
2
-2
-1
1
0
6
-15
10
-3
-1
1
0
-2
-2
4
0
-6
1
0
-2
2
2
-4
1
-1
1
-2
0
2
-6
3
-1
-1
0
0
-2
-1
0
-1
-3
8
-13
10
-10
7
-11
29
-11
-25
13
0
2
-2
-23
24
-18
8
0
-3
1
0
-12
0
1
-9
-9
98
-104
0
24
-16
44
-75
85
-65
16
-1
16
-10
11
-8
-3
1
0
-1
3
-4
2
1
-1
2
-1
3
-2
0
0
1
1
0
2
-4
-1
1
0
-1
1
2
-6
4
-4
1
-1
0
-1
1
1
-2
-3
2
-1
0
-1
-1
-2
0
-1
0
-1
0
0
-3
2
1
-2
0
0
0
1
-2
3
-5
3
-3
-2
0
1
-2
-1
3
-3
0
-1
-1
1
-1
3
-3
1
-2
1
-1
-2
3
-4
1
0
-2
2
8
-11
10
-16
0
-16
63
-87
74
-46
15
-27
0
103
-99
7
7
-5
-1
8
0
-16
-5
4
44
-41
4
-28
44
-15
8
-43
77
-142
129
-37
-4
26
-15
-8
-4
4
2
0
-1
2
-1
-1
0
-2
5
-2
-7
6
-3
2
0
-3
-4
9
-5
-3
2
3
-7
7
-2
-1
2
-3
1
0
2
-6
6
-4
2
-5
2
1
-3
-1
0
-1
0
0
-1
0
1
-2
-3
4
-3
4
-5
5
-3
0
-1
3
-2
0
1
-6
6
-3
-3
2
4
-11
4
1
-1
-2
2
-6
6
2
-7
2
0
0
0
-3
1
0
-1
-4
3
7
15
-25
4
34
-130
142
-79
41
-11
14
-44
27
-5
39
-45
-6
4
10
0
-15
-2
2
48
-35
-137
169
-27
-23
-12
51
-48
70
-79
12
12
-41
63
-22
-2
0
1
-2
-2
4
0
-2
-1
7
-7
1
7
-6
1
0
-1
0
0
-1
9
-12
2
2
-5
5
-2
0
1
-1
0
0
2
1
-6
6
-2
1
-3
1
-1
0
-1
0
0
-1
-1
-1
1
-2
2
-1
2
-8
5
-1
-1
-1
-1
1
-1
-1
1
-5
4
-4
-4
12
-10
1
-1
-2
0
-1
-1
6
-8
-1
6
-6
1
2
-1
-4
1
1
-2
-2
2
22
-64
40
-12
-13
78
-70
47
-53
11
23
27
-170
135
35
-49
-5
1
10
0
-17
19
-1
-39
36
-63
131
-117
40
7
51
-109
43
-38
78
-97
144
-101
18
-3
0
3
-3
-5
13
-9
3
-4
5
3
-12
6
-4
5
-3
-2
2
5
-8
-6
17
-9
-3
3
-3
3
-3
1
-1
0
0
0
3
-2
-7
0
2
2
-3
0
-1
-1
1
0
-1
-1
0
-1
2
-4
-2
-1
6
1
-4
-1
0
0
-1
-2
2
-4
2
-3
3
8
-19
6
7
-5
-2
1
3
-7
3
-7
11
-4
-5
3
-3
9
-14
5
2
-3
-1
2
-20
101
-145
96
-78
37
-44
106
-53
-9
-41
116
-131
63
-37
38
-2
-21
12
0
-17
24
-31
-36
74
-35
57
-28
-79
-14
209
-167
8
13
8
-66
123
-79
27
0
-5
0
3
-11
15
-11
5
-9
-1
16
-6
-13
1
9
-3
4
-6
-5
22
-19
6
-4
-6
6
0
-4
3
-1
1
0
-1
2
-3
-3
9
-5
-8
4
1
-1
1
-1
0
0
0
0
-1
0
0
-5
6
4
-11
3
3
-2
1
0
-2
1
-3
3
-2
-6
5
2
-7
18
-23
4
5
-4
3
-9
-3
12
6
-16
-1
9
-6
11
-16
10
-3
-1
5
0
-27
78
-123
66
-9
-14
-9
166
-211
13
78
27
-58
33
-75
35
28
-27
12
0
-15
-7
12
43
-177
311
-206
42
-60
113
-154
143
-80
52
48
-134
-33
157
-56
-11
3
-5
12
-6
0
-3
2
-5
10
-9
5
20
-33
17
-7
2
-5
13
-25
19
3
-18
5
2
3
0
-1
1
0
0
-2
3
-10
19
-26
15
-4
-1
-3
2
0
0
-1
0
0
-2
-1
-2
2
-1
3
-15
23
-20
9
-4
2
0
0
-1
0
0
-3
-3
-7
18
-5
-20
22
-13
4
-3
5
-19
34
-20
-4
8
-9
5
-2
3
1
6
-12
5
-3
11
57
-158
32
134
-50
-54
78
-145
153
-114
59
-42
204
-312
176
-44
-14
5
11
0
-4
27
-39
40
-91
192
-198
24
119
-80
70
-194
129
3
-7
40
-27
-7
-8
11
-11
6
0
-7
9
-5
-2
3
1
-4
8
-20
15
-3
1
-1
6
-21
19
6
-24
7
5
0
-6
5
0
0
-1
1
1
1
-7
1
10
-16
13
-6
-3
4
0
-1
0
0
-1
0
0
-4
2
5
-13
15
-10
-2
7
-1
0
-1
0
-1
0
-4
5
-1
-7
-9
24
-7
-20
21
-6
1
-2
3
-15
20
-9
3
-1
-4
0
4
-10
7
-1
-6
10
-11
7
6
27
-41
6
-5
-130
192
-72
78
-120
-25
198
-193
89
-41
36
-29
-1
0
31
-45
68
-113
41
112
-119
87
-110
53
161
-314
127
36
83
-230
244
-159
76
-25
1
-2
12
-15
5
1
-1
2
2
-8
6
-5
3
-2
-1
0
-2
13
-30
31
-10
-1
-7
3
1
-1
0
-3
0
-1
0
-1
5
-4
-2
-3
5
-1
0
-2
-1
0
0
0
0
-1
0
1
-1
0
-7
3
1
4
-5
0
0
-1
-2
2
0
-1
-2
-3
7
0
10
-33
31
-14
1
-1
1
1
-4
4
-7
6
-2
-2
1
-2
-6
14
-14
2
-1
26
-75
159
-244
229
-85
-37
-128
312
-162
-55
108
-88
117
-112
-41
112
-71
43
-36
0
16
-1
-35
6
15
-72
194
-146
33
55
-21
-116
92
10
-90
53
85
-127
65
-13
0
-3
8
-3
-5
3
0
-2
10
-6
-14
18
-9
4
-1
1
-6
2
15
-25
17
-19
21
-10
1
-1
1
0
0
0
0
-2
-3
10
-15
6
0
-1
-3
2
0
0
-1
0
0
0
0
-2
2
-1
0
-7
14
-11
2
1
-2
-1
-1
0
0
0
-2
10
-22
17
-19
24
-16
-3
5
-1
0
-5
10
-19
15
6
-11
2
0
-3
3
2
-8
2
-1
13
-65
126
-85
-53
88
-11
-92
114
20
-57
-35
146
-194
72
-16
-7
32
0
-19
0
-21
20
-13
7
-32
-3
106
-50
-36
67
-75
9
16
-16
-4
15
60
-72
-4
16
1
-4
4
3
-3
-4
4
-4
5
2
-14
13
-5
1
2
-3
-3
-10
22
-1
-10
-3
10
-6
2
-2
1
-1
-1
0
0
-1
2
-6
4
-8
5
-2
1
-3
0
0
-1
0
0
0
0
2
-2
1
-5
7
-6
5
-3
0
0
1
0
0
-2
1
-1
6
-10
2
9
0
-23
9
2
3
-2
-3
4
-14
13
-3
-5
4
-5
4
1
-4
-4
3
0
-16
4
71
-60
-16
2
15
-17
-11
74
-68
34
49
-106
2
30
-9
11
-22
15
0
-13
-4
3
-37
-31
227
-217
77
-6
-28
2
15
-8
-16
36
-33
61
-57
18
-5
-3
-1
7
4
-9
6
-2
-3
7
-1
-6
0
2
1
-3
0
3
-8
4
-3
4
3
-6
1
-4
3
-2
0
0
0
-1
0
-4
5
-1
-3
1
0
-4
-1
0
-1
-1
0
1
0
0
-1
2
0
-1
2
1
-7
3
-1
0
-1
0
-1
1
-3
2
-2
5
-3
-4
3
-5
8
-4
-1
3
-3
-2
-1
5
0
-6
3
1
-5
10
-4
-6
2
2
4
-18
58
-63
32
-37
15
6
-16
-4
27
4
-77
217
-229
31
36
-6
4
8
0
-12
10
22
-98
-18
202
-97
-64
68
-47
6
18
43
-54
-9
-37
57
16
-8
-13
3
-3
3
-3
4
-6
3
-3
4
-4
3
1
-4
-1
2
-3
-3
20
-29
-5
45
-38
6
1
5
-3
0
0
1
-1
0
-2
0
2
-6
4
-4
3
-2
-1
-1
0
0
0
0
0
0
0
1
-5
5
-4
7
-3
-1
1
-1
0
0
0
-1
2
-4
-2
-6
38
-46
4
28
-20
2
2
-4
0
2
-1
-4
3
-5
4
-4
6
-4
2
-4
1
-2
13
8
-18
-57
37
8
52
-45
-18
-8
46
-68
63
98
-204
16
96
-25
-12
8
0
-18
-6
21
12
-81
125
-90
66
-79
73
-135
130
16
-47
33
-82
55
-6
1
1
-1
-1
-8
15
-12
5
-3
1
2
2
-2
-1
0
1
1
-3
6
-13
14
-14
22
-16
14
-15
4
0
1
-1
0
0
0
1
-2
-2
4
-1
-2
-2
0
-1
0
-1
0
0
0
0
0
1
-1
1
0
0
-5
1
1
-1
1
-1
-1
0
-2
0
-6
14
-15
17
-23
13
-14
13
-6
2
-1
-3
-1
1
2
-2
-2
-1
3
-6
12
-16
8
0
1
-2
-2
5
-55
81
-33
46
-17
-131
136
-75
77
-67
90
-127
80
-14
-24
5
13
0
2
37
-99
71
6
-4
-21
20
-44
90
-80
46
-42
31
-18
4
0
10
-7
0
-1
-1
8
-11
1
7
-7
5
-1
0
-1
1
-2
0
-1
2
-6
5
-7
5
3
-8
4
1
-3
0
-1
0
-1
-1
0
-1
0
-3
5
-4
0
0
1
-1
0
0
-1
0
0
0
-1
1
-2
-1
-2
3
-5
2
0
-1
0
-1
0
-1
0
-1
2
-2
-6
8
-4
-6
8
-7
4
-3
1
-1
0
-2
1
-1
2
-5
6
-8
-1
10
-8
0
1
0
6
-10
0
-5
17
-33
41
-47
79
-92
43
-21
20
3
-7
-71
95
-38
-7
0
11
-11
-6
17
-3
-20
46
-43
-6
31
-20
1
12
-9
-17
27
-15
1
6
-4
1
-2
1
4
-5
1
-1
-2
0
-1
-3
3
-5
3
-1
0
2
-1
-1
-2
0
0
2
0
0
-2
0
0
0
1
0
1
-1
3
-4
1
0
0
-2
-1
-2
1
-2
0
0
-1
0
0
1
-1
-1
-1
2
-3
0
-1
0
-1
0
0
-1
1
-1
0
-2
-1
1
0
1
0
-2
-1
0
-4
4
-4
2
0
-2
2
0
-2
4
-5
-1
2
-1
3
-6
-2
15
-27
17
8
-12
-3
18
-34
4
42
-49
18
1
-18
5
11
-15
0
-2
7
-14
12
-14
19
-24
11
5
0
-17
13
-5
-1
0
5
-2
1
-2
0
1
1
1
0
0
0
0
1
0
0
1
-1
1
0
0
-2
-1
0
2
-4
4
-5
3
-1
-1
0
1
0
-1
0
-1
0
-2
0
-2
0
0
-1
0
-1
0
0
-1
0
0
0
-1
0
-1
0
-1
0
0
-1
1
-1
0
0
0
0
0
-1
-1
1
-4
5
-4
2
-5
0
-1
1
0
0
-2
1
-1
0
-1
-1
1
0
-1
0
-1
0
0
0
2
-1
1
-5
-2
-1
5
-15
14
-3
-6
-11
24
-22
14
-13
10
-10
-4
0
-3
-3
4
-1
-3
8
-12
10
-8
12
-19
5
1
-3
3
-2
0
0
-1
0
0
-1
2
0
0
1
-1
1
0
0
0
0
0
-1
1
0
-1
0
2
-3
2
-2
0
0
-1
-1
-1
0
0
0
0
-1
0
0
0
-1
0
-1
0
0
0
0
-2
0
0
-2
0
-1
0
-1
0
-1
0
0
0
0
-1
-1
0
-1
-1
-1
1
-1
-1
2
-2
1
-1
0
0
-2
0
0
-3
-1
0
-1
0
-1
1
-1
0
0
-1
1
-1
-1
0
-1
0
1
-5
2
-3
-6
17
-13
4
-11
13
-9
1
0
-6
0
0
0
-2
0
0
-2
1
0
0
-2
-2
5
-7
6
-5
0
1
-2
1
-5
4
-1
-1
0
-1
0
-1
-1
0
-1
1
0
0
0
-1
0
-1
0
-1
0
0
-1
0
0
0
-1
0
0
0
-1
0
-1
1
0
-1
-1
0
0
0
0
0
0
0
0
0
0
0
-1
1
-2
0
-2
-1
-1
0
0
0
0
0
0
0
0
-1
0
-1
0
-1
-1
0
0
0
-1
0
-2
0
-1
0
-1
0
-1
-1
1
-1
-1
-1
-1
0
-1
0
0
-5
4
-2
1
-3
-1
4
-7
5
-7
1
1
-2
0
-3
1
-3
-1
-3
0
-1
0
1
-1
-1
-2
1
0
-3
4
-4
-2
1
-1
-2
2
2
-5
5
0
0
-1
1
0
0
0
-1
0
0
-1
0
0
-1
0
0
0
1
0
0
0
-1
-1
-1
0
-1
0
0
-1
0
0
0
-1
-1
-1
0
-1
0
0
0
0
-1
-1
-1
0
0
0
1
0
0
-1
0
0
-1
0
0
-1
0
0
0
0
-1
-1
-1
-1
-1
-1
0
0
-1
0
-1
0
-1
-1
0
0
0
0
0
-1
1
0
0
1
-1
0
0
0
-3
4
-2
-3
1
0
-3
0
2
-6
1
-1
-3
0
-1
-1
-3
-1
-3
0
-4
2
-2
-1
7
-8
3
-2
-1
1
-2
-3
1
0
0
-2
-1
2
-2
2
-1
-1
0
0
0
0
0
-1
1
1
0
0
0
0
0
-1
0
0
1
-2
0
0
0
0
0
0
0
-1
0
0
0
-1
0
-1
-1
0
0
0
-1
0
0
0
-1
0
0
0
-1
0
0
-1
0
-1
-1
0
0
0
0
-1
0
0
-1
-1
-1
-1
-2
0
-2
1
-2
0
-2
0
-1
0
-1
-1
0
-1
-1
-1
1
0
1
-1
-2
0
-1
-1
1
-2
-1
1
-1
-1
-2
2
0
-3
-1
1
-4
7
-6
0
0
-4
-1
0
-2
3
-4
0
2
-1
2
-1
0
-1
2
-6
-1
2
1
-3
0
2
-2
0
0
0
-1
0
0
-1
-2
0
1
-1
1
0
0
-1
-1
0
-1
-1
-1
-1
-1
0
-1
0
-2
0
-1
0
0
0
-1
1
0
0
0
0
-1
0
-1
1
0
0
-2
0
0
0
0
-1
0
0
-1
-1
0
-1
0
-1
-1
0
-1
0
-1
0
0
0
-1
-1
0
0
-1
0
0
-1
1
-2
-1
0
0
0
0
-1
0
0
0
0
-1
1
0
-1
0
-3
0
3
-2
-2
2
4
-5
-1
-2
0
-1
1
-2
-1
1
-4
-2
0
-1
-2
2
-2
-1
1
1
0
-1
-4
9
-9
3
2
-3
0
-2
2
0
1
-1
0
-1
-1
1
0
1
1
-2
0
0
0
-1
0
0
0
0
-1
-1
-1
0
0
-1
-1
0
0
0
-1
1
-1
-1
1
0
-1
-1
-1
-1
0
0
1
0
0
0
0
1
-1
0
0
0
0
-1
0
-1
0
1
-1
0
-1
0
0
-1
-1
-2
0
-1
0
-1
1
0
0
-1
0
0
0
0
0
0
-1
1
-1
0
-1
0
0
0
-1
0
-1
-2
-2
1
-1
3
-4
-3
7
-10
3
-1
-1
-1
-3
1
0
-4
1
-3
0
-2
-1
2
-1
-2
0
-1
0
0
1
2
-6
6
-5
2
2
-7
8
-3
0
1
1
-3
5
-4
1
1
1
-2
1
-3
1
0
0
0
0
-1
-1
-2
1
-1
-3
2
-1
0
1
0
-1
-1
1
-2
-5
7
-2
-1
-1
0
0
0
-1
0
0
0
0
-1
0
-1
1
-1
-1
0
1
0
3
-7
3
2
-1
-1
1
-1
-2
-2
1
-2
2
0
-2
0
1
0
-1
0
-2
-1
-2
1
-1
0
-1
0
-2
4
-5
2
-2
-1
-1
3
-9
5
-2
-2
3
-7
4
-3
-3
-2
0
1
-1
-1
-1
-4
0
-3
0
-1
1
-5
4
-3
-2
1
3
-3
-4
9
-7
11
-27
11
7
-3
-2
-1
1
0
-2
4
6
-10
-3
-1
5
0
1
2
-2
-1
1
-2
2
-2
4
-7
6
-5
3
-2
-1
4
-4
2
0
-4
6
-4
3
-3
-3
5
-9
3
0
3
-3
-1
0
-1
0
-1
-1
-1
2
-2
0
-3
8
-6
2
3
-5
3
-7
3
0
-3
3
-5
0
0
-4
4
-7
7
-5
2
-3
0
-1
0
2
-2
0
0
-6
-1
2
8
-6
-5
3
0
-1
0
0
2
-7
-12
24
-14
7
-11
2
3
-4
-1
2
0
-5
2
-3
-3
0
0
0
0
0
-1
0
0
-1
-2
-1
2
2
-2
-5
-3
3
3
0
-2
-2
1
0
0
0
0
0
-1
0
0
0
-1
-1
0
0
-2
0
1
0
-1
-2
0
1
0
0
0
0
-1
-1
1
1
0
-3
-3
-1
1
0
-1
-1
0
-1
-1
0
0
0
-1
-1
1
0
-1
0
1
-1
-2
-1
1
3
-1
-2
-1
1
-1
-1
0
1
-1
-2
-1
0
0
-1
-1
1
0
-2
-2
0
0
0
-2
-1
0
0
0
-1
0
0
-1
1
1
-1
-4
-3
2
5
1
-3
-3
-1
1
0
-2
-1
0
-1
-2
-1
-2
