0
-2
0
-1
0
-1
0
2
-2
-1
4
-3
-6
-3
32
-46
35
-40
41
-33
20
2
12
-34
16
0
-2
5
1
-4
-13
20
2
-12
4
3
-27
49
-26
-2
2
-4
3
-2
2
3
-6
3
0
0
-2
3
-2
-3
7
-6
0
-2
0
1
-1
0
0
0
0
0
-1
0
1
-1
-1
0
-1
5
-7
1
2
-3
2
0
-1
-3
7
-4
-2
1
-4
5
-3
1
25
-50
27
-4
-5
12
-3
-20
14
4
-2
-6
1
-1
-17
34
-13
-2
-20
33
-42
38
-36
45
-33
2
5
0
-5
-1
1
-3
-1
-1
-1
-3
-1
-3
0
-1
0
-1
1
-1
-2
1
0
1
-3
0
0
-32
64
-70
97
-85
26
-1
2
11
-33
18
1
1
1
17
-35
14
18
-18
14
-34
32
-10
15
-28
13
0
1
4
-15
11
-4
11
-21
11
-1
3
-4
2
-4
1
0
0
1
-4
6
-3
-1
-1
0
-1
0
-1
0
-1
0
2
-7
5
-1
0
-1
-1
4
-3
3
-4
1
-11
19
-12
3
-12
15
-6
-1
-1
-15
27
-16
9
-33
31
-14
18
-18
-15
34
-16
0
-1
-2
-20
33
-11
-2
1
-28
85
-97
70
-64
30
-1
-2
2
-1
0
-1
0
0
-2
-1
-2
-3
0
-2
2
-2
0
-5
2
5
-4
-1
-2
7
-20
16
26
-55
27
-3
-4
3
-10
32
-1
-33
9
8
-15
23
17
-58
39
-4
-9
7
0
-10
29
-44
23
-1
-4
3
-6
1
8
-8
0
1
0
-4
4
1
-5
3
0
-1
-3
2
0
0
-1
1
0
1
0
-1
0
-1
2
-1
-2
-4
2
0
-1
-4
4
-1
-5
3
0
-1
-2
7
-9
-2
6
-4
4
0
-24
44
-29
10
-1
-9
9
3
-39
58
-17
-23
13
-8
-9
33
1
-32
10
-5
4
3
-27
54
-25
-19
19
-9
0
-1
3
-6
-2
2
-2
-1
-2
-2
0
-2
2
-2
0
0
-3
5
-1
-2
3
-9
25
-29
12
-50
90
-43
-11
12
2
19
-56
33
-4
5
-3
-5
42
-80
62
-13
-2
-4
-3
6
-5
15
-15
4
-2
2
10
-14
-6
5
1
6
-8
-1
5
0
0
-1
0
-1
-3
8
-11
8
-1
-1
1
-1
0
0
-1
0
1
-8
10
-7
2
-1
-1
1
-1
0
-6
0
8
-6
-1
-7
5
13
-12
-1
1
-5
13
-15
5
-5
2
4
1
13
-62
79
-42
6
2
-4
3
-33
56
-19
-2
-12
10
43
-90
48
-14
27
-26
9
-5
0
0
-5
2
-1
-2
-1
-3
-3
0
-2
3
-4
0
3
-6
9
-5
-1
2
-10
29
-106
154
-70
-11
16
-6
11
-7
-4
5
-6
-2
8
-2
5
-18
31
-27
-1
17
-4
-1
-9
5
7
-17
9
-3
3
-8
7
0
-6
4
-3
4
-4
3
-2
1
-2
0
-2
-1
-2
2
-1
-1
1
0
0
0
-1
0
-1
0
0
-4
0
0
0
-1
1
-2
1
-3
3
-4
2
-4
5
-1
-8
6
-3
2
-9
17
-9
-6
7
0
2
-17
1
27
-31
17
-6
2
-8
2
5
-6
5
7
-11
5
-17
11
69
-155
105
-31
8
-3
-1
5
-9
5
-5
-1
1
-3
-2
0
-3
4
-6
2
8
-6
1
2
0
2
-8
25
-112
137
-46
-25
20
11
-9
3
-14
23
-21
7
1
-3
12
-20
11
-2
13
-4
-8
-2
4
9
-19
12
-3
0
2
-1
0
-1
1
-1
-2
2
-2
0
-2
1
-1
-2
0
-2
4
-2
-5
4
-1
0
0
0
-1
-1
1
-4
4
1
-5
1
-1
2
-1
-2
1
-1
1
-3
1
0
-1
2
-1
1
-3
-1
3
-13
19
-9
-5
1
8
4
-14
2
-11
20
-13
4
-2
-7
22
-23
14
-3
9
-12
-22
24
46
-138
112
-27
6
-3
-1
-2
-1
6
-9
-3
3
-6
-2
0
-3
2
-2
6
-14
16
-13
6
-7
-1
72
-152
48
153
-154
38
-1
-4
8
7
-64
72
-27
6
-1
-8
-7
12
66
-89
26
-8
13
-6
-1
6
-22
16
1
-5
2
-1
-1
0
0
-1
2
-3
2
-2
1
1
-1
1
0
-2
-2
2
1
-3
0
-1
-1
0
1
0
-2
2
-2
-3
1
0
0
-3
1
-1
-1
1
-3
3
-3
0
-2
0
1
-1
-3
4
-1
-17
20
-7
0
6
-14
8
-26
89
-67
-12
6
7
0
-6
26
-73
63
-7
-9
4
0
-38
152
-155
-50
152
-75
-1
6
-7
13
-17
12
-7
-1
-3
-2
0
-2
1
3
6
-24
45
-57
25
-10
12
61
125
-430
274
-85
57
18
-4
19
-110
127
-65
22
-12
7
5
-14
53
-165
201
-93
29
-35
24
-7
-17
38
-27
4
-2
1
-2
1
-3
2
-3
4
-1
0
-1
1
-1
2
-1
0
0
1
-4
5
-2
-1
-1
0
0
0
0
0
1
-6
4
-2
0
0
0
-1
0
1
0
0
1
-4
2
-3
2
-3
1
-2
1
-6
26
-40
17
6
-26
34
-29
93
-202
165
-53
14
-6
-6
12
-22
64
-126
110
-20
4
-19
-57
85
-275
428
-125
-61
-14
10
-26
58
-46
24
-7
-5
-3
-2
0
2
-4
-1
7
4
12
-63
48
7
-17
-28
255
-522
416
-220
164
-60
-19
41
13
-69
-18
53
-2
3
13
-18
9
-104
122
-38
39
-42
5
12
-7
-8
5
3
2
-5
1
0
0
-1
-3
4
-2
-1
0
0
-1
-1
0
1
-8
17
-14
1
5
-2
1
-1
0
0
0
1
-5
1
13
-17
8
-2
0
1
0
-1
-1
0
2
-5
3
0
-1
-1
-1
4
-3
-3
-6
8
6
-13
-6
40
-39
38
-123
104
-10
16
-13
-4
2
-52
18
70
-12
-42
17
60
-164
218
-417
519
-257
26
14
-8
-48
63
-12
-7
-7
-2
3
-7
0
-2
2
-5
0
13
12
-47
19
7
-11
76
-237
224
-65
37
8
-53
-5
42
48
-110
30
-5
9
7
12
-25
-26
72
-43
15
-32
44
-28
4
13
-18
7
4
-7
2
0
0
1
-1
-4
5
-4
-2
0
-1
-1
-2
1
-1
0
-2
19
-22
1
4
-1
-1
0
0
0
-5
-1
22
-19
2
-1
0
-2
0
1
0
0
1
4
-6
2
0
-2
0
-1
-3
6
-5
-10
17
-13
-4
28
-44
32
-15
42
-73
25
23
-11
-9
-8
6
-31
109
-48
-42
4
52
-8
-38
64
-226
235
-78
10
-9
-19
48
-13
-15
-1
2
-4
-2
0
-2
2
2
-3
-2
38
-59
30
-18
21
1
-111
120
63
-100
-23
78
-64
32
5
-27
4
12
-6
9
-8
-35
47
55
-81
23
-27
28
6
-14
4
-32
37
-10
1
1
0
-1
1
0
2
-3
-1
0
-1
2
0
0
0
-1
8
-6
-18
17
5
-5
-1
-3
0
2
0
5
-6
-17
17
6
-9
1
-1
-1
1
-3
-1
0
1
2
-4
0
-2
2
-1
-1
-2
10
-36
32
-4
12
-7
-28
27
-23
79
-56
-48
35
8
-10
6
-10
-4
27
-5
-31
64
-80
23
99
-65
-123
110
-2
-21
16
-31
59
-38
1
2
-4
-2
-1
0
-19
6
0
13
-9
-35
58
-32
6
9
-35
41
-61
61
57
-164
68
23
16
-43
19
42
-54
11
-1
16
-51
76
-11
-91
85
-17
-19
12
26
-40
119
-173
63
3
10
-6
3
-5
-1
6
-8
7
-5
5
-3
4
-3
-3
21
-23
-27
-4
95
-62
-9
8
-1
0
1
-10
7
61
-95
2
26
23
-21
1
3
-4
3
-5
4
-7
8
-7
0
3
-3
5
-10
-4
-62
173
-120
40
-26
-11
17
17
-86
91
11
-76
51
-17
1
-11
53
-43
-20
43
-17
-24
-68
164
-60
-63
59
-42
33
-11
-9
32
-59
35
8
-14
-3
-8
15
0
-101
76
-13
0
-32
65
-60
22
-7
30
-15
-261
478
-214
-1
-93
74
78
-80
-24
51
-30
6
3
-7
29
-29
7
39
-74
33
24
-7
-34
21
88
-183
112
-46
29
-2
4
-2
-7
2
3
-1
0
-3
6
0
-2
-8
9
-25
20
-17
38
-24
6
-6
1
0
0
0
-1
7
-8
22
-37
16
-21
24
-10
6
0
-1
-6
3
0
0
-3
-2
6
1
-5
2
-30
46
-113
183
-88
-23
33
4
-25
-33
74
-39
-7
29
-30
8
-3
-6
29
-52
24
79
-78
-74
93
1
213
-481
259
13
-30
4
-24
57
-66
30
-2
10
-77
95
0
-45
-33
47
-47
133
-106
-19
45
-14
-18
15
16
-43
-17
97
-4
-62
-12
42
-29
21
-20
11
3
7
-25
20
46
-149
198
-111
-21
44
-28
18
37
-71
48
-16
-3
2
2
-9
10
-2
-2
1
0
0
0
18
-56
37
8
-15
-6
23
-32
20
0
-2
0
-1
0
1
0
0
-1
-20
32
-23
5
14
-7
-39
54
-19
-1
-2
0
-2
1
1
-10
7
-4
-4
2
14
-49
69
-38
-20
27
-46
21
112
-197
149
-46
-21
24
-7
-3
-12
21
-21
29
-42
11
63
4
-99
15
43
-18
-17
17
10
-45
19
104
-133
45
-51
31
40
0
0
-49
36
-178
182
99
-126
10
51
-108
6
-15
81
62
-103
30
23
-54
33
-29
-31
102
-58
-3
8
7
13
-34
44
-89
59
2
-9
37
-43
-38
65
17
-29
-10
9
-4
-5
13
-13
7
-5
1
-1
-11
6
52
-66
35
-73
93
-30
-10
-19
15
7
-5
0
0
-1
5
-7
-18
19
9
29
-93
72
-37
64
-53
-6
10
1
-2
4
-9
13
-13
5
3
-10
10
28
-17
-65
37
43
-38
7
-2
-58
89
-44
35
-13
-8
-9
3
58
-102
31
29
-35
52
-25
-31
103
-64
-82
13
-8
106
-53
-10
126
-102
-183
177
-38
48
-5
0
-151
-15
120
301
-511
200
-49
61
-23
-281
421
332
-814
436
-29
-98
-21
47
14
-17
46
-62
42
-16
12
-13
8
7
-15
31
-79
88
-67
36
20
-51
66
-67
33
-21
15
-1
-5
6
-2
-1
-1
0
0
-2
11
24
-98
60
5
-36
83
-51
-6
6
-2
0
0
0
0
-1
2
-6
5
50
-83
36
-5
-62
98
-24
-12
1
0
-1
-1
-1
1
-6
4
0
-16
21
-32
65
-66
51
-20
-37
67
-88
78
-32
15
-7
-8
11
-11
15
-43
61
-45
17
-16
-47
21
97
28
-437
814
-333
-422
279
22
-62
48
-201
509
-302
-123
14
147
0
-260
259
68
-399
336
-94
24
-30
24
-23
-247
548
-363
21
46
144
-270
106
-2
87
-76
29
-23
7
-4
3
17
6
-182
271
-146
45
-34
89
-61
-20
-32
69
-18
-2
-8
2
-3
5
-4
1
0
2
10
-31
74
-138
63
-5
47
-13
45
-127
83
-14
-2
0
1
0
0
0
2
14
-84
125
-47
12
-48
4
-65
137
-75
31
-10
-2
-1
-2
2
-7
3
-4
6
1
17
-71
31
19
61
-90
33
-46
146
-272
183
-7
-18
-3
3
-8
24
-29
75
-88
2
-107
270
-144
-48
-22
363
-549
245
21
-26
30
-24
94
-337
398
-71
-260
257
0
-233
266
-358
498
-632
499
-109
-71
96
-539
1040
-590
-130
176
-9
103
-288
308
-217
38
63
-36
22
-2
-17
11
-11
13
15
-88
162
-148
42
44
-28
16
-17
-1
-20
27
-10
0
-1
4
8
-42
56
-90
94
15
-250
340
-20
-317
337
-192
82
-48
49
-49
12
0
-1
0
-1
-1
-13
48
-52
48
-83
191
-339
316
19
-340
249
-16
-96
89
-58
42
-9
-5
0
-2
9
-28
18
1
16
-16
27
-45
-43
148
-162
89
-15
-14
11
-11
16
1
-22
37
-63
-39
216
-308
287
-104
7
-177
128
588
-1041
537
-100
69
109
-500
631
-500
355
-268
228
0
-109
-95
123
-233
670
-713
350
-111
26
-165
651
-1157
1049
-459
65
158
-354
353
-193
-61
168
-52
-27
26
-17
3
-19
-40
358
-554
302
-21
-13
16
-41
59
-116
67
17
-18
2
2
-1
6
-1
-30
53
-88
125
38
-383
249
254
-309
117
-22
-43
114
-141
59
-4
0
0
0
0
0
2
-61
140
-116
42
22
-118
308
-255
-250
382
-38
-124
87
-54
28
0
-6
1
-3
-3
17
-19
-68
115
-60
40
-17
13
20
-303
555
-358
40
20
-2
17
-27
28
52
-169
60
193
-354
354
-159
-66
457
-1051
1155
-653
163
-28
110
-350
712
-671
232
-125
94
104
0
-31
-232
369
-84
-571
537
40
-97
-20
-122
418
-351
-174
389
-93
-45
-107
10
88
44
-94
43
-15
7
8
-13
34
-122
135
-20
-34
79
-87
5
-11
27
1
-9
8
-1
-11
7
-4
0
10
-5
0
1
-24
142
-227
163
-173
120
11
-22
21
0
-38
14
12
-4
-2
0
1
4
-13
-15
37
0
-22
20
-12
-121
173
-164
227
-142
24
-1
1
4
-11
0
2
-8
11
0
-10
9
-2
-28
10
-5
86
-79
34
19
-135
121
-35
12
-10
-7
14
-44
93
-44
-88
-10
106
45
92
-390
174
349
-420
120
19
96
-41
-538
569
82
-372
231
26
0
-117
209
-273
-173
773
-360
-161
89
45
-237
-160
810
-586
145
-78
5
149
-213
129
-15
-69
69
-26
-4
23
-13
-32
68
-99
153
-141
214
-155
-141
147
6
-61
37
13
-13
5
-1
0
1
-9
8
-1
-21
41
0
-31
101
-269
223
-32
-43
49
-65
82
-53
10
-1
1
0
-1
1
-10
51
-84
65
-49
42
32
-224
268
-102
30
-1
-42
20
1
-8
8
-1
-1
1
-5
13
-14
-38
61
-7
-148
139
156
-214
141
-154
98
-68
32
12
-24
3
25
-69
68
15
-128
213
-148
-6
78
-147
586
-812
158
235
-48
-91
162
359
-773
171
269
-210
113
0
-105
136
64
-367
881
-586
-206
144
113
371
-548
20
-148
248
166
-331
157
73
-98
-22
114
-110
66
-20
-5
11
-6
-18
90
-114
104
-183
164
-74
21
70
-93
37
-5
-11
11
-2
-1
-1
-7
6
-4
-16
49
62
-255
310
-236
144
-96
54
-36
-1
44
-26
3
-1
0
0
-1
1
-3
25
-45
0
34
-55
96
-144
236
-310
255
-62
-51
16
2
-7
6
-1
0
2
-13
10
6
-38
93
-71
-22
74
-164
183
-104
114
-91
18
6
-12
5
20
-66
108
-115
21
96
-75
-158
331
-168
-249
145
-22
546
-374
-117
-145
206
586
-881
365
-67
-138
99
0
187
-135
68
129
-685
733
-317
7
130
10
-262
213
-13
-115
192
-93
54
-161
94
33
-31
46
-48
7
15
-14
21
-59
83
-22
123
-259
93
-18
64
1
-55
32
4
-12
9
-1
-1
5
2
-13
11
-13
27
-6
-100
196
-115
-6
-9
-14
78
-79
64
-33
2
-1
-2
0
-1
0
-3
32
-65
79
-79
13
9
5
114
-196
98
5
-27
12
-11
11
-1
-5
0
2
-8
11
-4
-32
55
-1
-66
17
-93
258
-125
22
-83
59
-22
14
-15
-7
47
-46
30
-32
-95
161
-54
92
-194
114
13
-214
261
-12
-131
-8
315
-735
684
-131
-70
134
-191
0
277
-148
-37
540
-1061
698
-264
75
-30
188
29
-152
39
-27
-131
142
116
-166
-19
101
-46
-12
18
-3
-10
11
-3
48
-88
36
133
-273
158
-1
-12
-34
51
-15
-2
-6
6
-2
1
-1
2
-14
19
-22
29
3
-14
-72
93
-67
73
-49
11
6
-15
9
-3
0
0
0
0
-1
1
-8
13
-7
-10
49
-75
67
-93
72
12
-2
-31
22
-20
12
-3
0
-1
2
-7
5
3
15
-50
33
11
-1
-158
273
-133
-36
87
-49
3
-11
8
2
-19
11
47
-102
19
165
-116
-142
131
26
-41
152
-31
-190
29
-76
265
-698
1062
-541
34
147
-280
0
61
-126
197
-17
-146
8
68
14
-84
212
-253
109
-69
76
6
-50
60
-23
-44
47
-19
0
8
-4
5
-2
-6
-20
49
-47
41
-11
-32
24
-7
1
8
-2
-9
7
-7
2
-2
-1
7
-6
2
6
-26
21
36
-62
35
-41
19
22
-17
12
-17
10
-4
1
-1
0
1
-3
3
-11
15
-12
17
-23
-20
40
-35
61
-37
-23
26
-6
-2
5
-7
-1
1
-4
5
-8
9
1
-9
-2
6
-25
32
10
-42
46
-50
19
6
1
-6
3
-9
0
20
-48
43
21
-60
50
-7
-78
67
-110
252
-213
82
-15
-68
-10
145
17
-200
125
-66
0
60
-44
36
-95
191
-178
68
-10
68
-105
11
42
-45
28
5
8
-22
14
-15
15
-14
9
1
-3
1
-1
-1
3
-10
21
-30
52
-38
0
5
10
-16
6
3
-3
1
-2
1
1
1
-1
1
-5
10
-6
-13
20
-8
-7
11
-3
-2
1
-3
1
0
-1
0
0
0
-1
-1
0
2
-2
2
3
-11
7
7
-21
13
5
-9
5
-1
0
-1
0
0
-1
-1
2
-3
-7
15
-10
-5
-1
37
-52
30
-21
11
-3
0
0
0
2
-2
-11
15
-15
14
-14
21
-8
-6
-29
43
-44
-13
104
-70
9
-68
177
-192
93
-40
42
-66
0
-15
10
2
-112
223
-150
31
0
-21
18
46
-52
13
-27
11
31
-31
14
-6
-2
4
-4
1
0
1
-2
1
14
-16
-6
-2
13
1
-4
-3
2
-1
3
2
-4
-1
0
0
1
-1
0
-1
-1
-3
-3
14
-8
3
-6
2
-2
-4
6
0
-3
1
0
-1
0
0
-1
-2
3
-2
-6
5
2
-2
4
-4
8
-14
3
1
0
0
-2
0
-1
-1
-2
-1
4
-2
-3
1
-1
3
3
-2
-13
1
4
15
-15
-1
2
-1
0
-3
3
-4
1
5
-15
32
-32
-12
27
-15
52
-48
-20
18
-1
-31
149
-225
111
-6
-11
11
0
-76
58
4
-15
-75
102
-40
6
11
-38
47
-24
-10
7
7
2
-7
1
0
0
4
0
-3
1
0
0
0
-7
7
3
-13
11
-3
-2
5
-5
1
-2
1
-1
0
-1
0
-1
-1
1
-2
3
-3
-2
5
-2
-5
4
-2
-2
4
-2
1
-2
-1
-1
1
0
-1
0
-1
2
-2
1
-4
1
2
-5
3
2
-5
2
2
-3
1
-1
0
1
-1
-1
-1
1
-2
0
-2
4
-5
1
2
-12
12
-3
-8
6
-2
-1
-1
-1
1
0
-4
0
0
-2
6
-2
-8
-8
9
23
-49
35
-13
-6
40
-104
73
13
-6
-59
71
0
-17
-18
13
24
0
-31
-4
17
6
-11
18
-14
-12
10
-9
15
-14
6
0
2
-2
-1
2
1
-1
-1
0
-1
5
-3
0
-5
9
-4
-1
2
-2
2
-3
2
0
-1
-1
1
0
-2
1
-2
3
-6
5
-5
0
1
0
-3
5
-5
1
0
-1
-1
1
0
0
0
0
-1
-2
5
-5
2
-1
-1
-1
4
-7
5
-3
2
-1
0
0
-1
-1
-1
-1
-3
2
-2
0
-2
2
3
-9
5
0
2
-4
1
0
0
1
-2
-2
1
2
-2
0
-8
15
-15
8
-12
11
12
-21
9
-7
-17
5
30
-2
-26
-15
16
13
0
-46
54
-52
28
8
-26
7
10
-15
22
-5
-16
12
-8
1
4
2
-4
1
-1
3
-2
0
0
0
-1
-1
3
-5
8
-7
4
-1
-2
0
2
-1
0
0
-2
1
0
0
0
-1
0
0
1
-2
-1
2
1
0
0
0
1
-2
0
0
0
0
0
-1
0
1
0
1
0
-1
-1
1
-2
1
-1
0
0
-2
-1
1
-1
0
0
1
-2
-1
-1
-2
1
-1
0
0
-2
-1
0
0
-5
6
-8
5
-3
1
-1
-1
-1
0
1
-3
1
-1
3
-2
-4
-2
6
-12
15
3
-24
13
-10
-8
24
-8
-29
50
-54
41
0
27
-55
26
-4
-4
12
-11
-1
19
-19
-1
-11
18
-8
3
-2
0
1
0
0
0
-1
1
1
0
0
1
-1
3
-5
3
-4
3
-1
-1
1
-1
0
0
0
-1
0
0
-1
-1
-1
-1
0
0
-1
-1
0
-1
3
-4
1
1
-3
1
0
-1
-1
0
0
-1
1
-1
-1
-2
1
-1
-2
3
-3
1
0
0
1
0
0
-1
0
-1
0
0
-1
0
-1
-2
0
1
-2
0
-1
-4
3
-4
4
-3
0
0
-1
-1
-1
-2
1
0
-1
-1
-1
-1
2
-4
8
-20
10
-1
18
-21
0
8
-12
2
2
-29
53
-32
0
-1
0
1
1
1
0
-1
-2
-2
0
0
-3
-3
-2
1
2
-1
-3
0
1
-1
0
0
0
0
-1
-1
0
0
-1
0
1
1
-1
-1
-1
0
0
-1
0
0
-1
-1
0
0
-1
-1
0
1
0
-1
0
-1
0
0
0
-1
-1
0
1
1
0
-1
0
0
0
0
-1
0
0
0
-2
-1
0
-1
-1
0
-1
-1
0
0
0
0
0
-1
-1
-1
0
0
0
0
-1
0
-1
-2
-1
0
0
-1
-1
0
1
-1
-1
0
0
0
-2
0
3
1
-2
-3
-1
2
1
-1
-2
-1
1
0
0
-2
-3
-2
-2
-1
