0
5
-2
0
-3
2
3
-5
3
-1
2
-5
3
-3
-1
0
5
-16
6
4
10
-18
15
-15
14
-11
9
-4
2
1
0
-1
-5
12
-15
8
1
-3
-3
7
-7
-2
5
-6
5
-9
8
-6
5
-8
7
-6
5
-4
0
-1
2
0
-1
-1
1
0
0
0
0
0
0
0
-1
0
0
0
-2
0
-1
3
-5
5
-7
7
-5
4
-10
8
-6
5
-6
1
6
-7
0
1
-3
-9
14
-13
5
-1
0
-1
-2
4
-10
11
-14
16
-14
18
-11
-4
-7
14
-5
-1
0
0
-4
2
-4
0
-4
5
-4
-3
2
-3
1
-9
0
-2
0
4
-2
-6
4
1
-2
-1
0
0
0
-3
-1
6
-6
-2
5
-12
12
-4
10
-13
-2
10
-4
-2
-1
5
-3
-1
-2
-6
13
-4
-7
6
-1
-5
6
-5
4
-6
2
3
-3
3
-4
1
-1
-2
4
-2
-2
-1
2
-1
2
-1
0
-1
-1
1
0
-1
-1
-1
0
1
-2
2
-3
0
0
2
-5
1
0
-2
4
-4
2
-4
-3
5
-3
3
-7
3
1
-6
7
4
-14
5
2
-1
3
-6
1
2
3
-11
1
13
-10
4
-12
10
-5
1
6
-8
-1
2
-1
-2
-2
-1
1
-1
-5
5
0
-5
-1
-2
0
-3
1
-1
-2
5
-5
7
-5
0
2
-2
-2
0
8
-14
2
1
5
6
-20
21
0
-9
2
-3
-1
6
3
-3
1
-9
21
-25
15
1
1
-9
3
0
3
-3
-4
2
5
-3
-3
12
-14
3
-5
7
-6
6
-1
-2
-2
0
-3
1
0
-1
-1
-1
0
0
0
0
0
-2
2
-2
1
1
0
-5
6
-9
4
-2
13
-12
3
2
-5
-2
3
2
-4
-1
-3
9
-1
-1
-15
24
-22
8
-2
4
-3
-5
1
2
-3
10
0
-21
20
-6
-6
0
-3
12
-9
0
0
1
-4
-3
4
-6
4
-7
1
-3
-3
-1
0
1
-1
-4
3
-1
7
-9
0
4
-4
3
-2
-5
-4
21
-16
23
-56
60
-48
-14
91
-57
-5
-4
11
-4
1
-4
-1
9
-7
-5
1
12
-29
26
-3
-11
-1
5
-4
4
-4
-5
9
-3
-4
-2
5
-1
-5
5
-4
-2
4
-2
1
-2
0
0
-2
1
0
-1
1
-1
-1
2
-1
3
-5
1
3
-5
3
0
-6
3
3
3
-10
4
4
-6
3
-5
-1
8
2
-28
28
-13
-1
4
6
-10
0
3
-2
3
-12
4
4
55
-91
13
48
-61
56
-24
15
-22
3
4
0
-3
2
-4
-2
10
-8
-1
-5
1
0
-5
0
3
-1
-1
-1
9
-12
-1
2
6
0
-3
0
2
-20
6
35
-67
101
-71
-2
35
-51
28
0
35
-51
19
-2
6
-7
6
-2
-17
12
11
-23
10
29
-39
22
-14
10
-14
16
-9
5
-4
0
0
3
-4
6
1
-4
0
2
-1
0
-1
1
0
-1
-1
0
0
0
-1
-1
0
-1
2
-2
-2
4
-1
-5
4
-3
0
0
4
-5
9
-17
14
-11
12
-22
39
-29
-10
22
-12
-13
15
2
-6
7
-7
2
-20
50
-35
0
-29
49
-34
2
71
-102
66
-35
-8
19
-3
-2
0
-1
-7
-2
0
12
-10
1
-2
1
-8
0
-1
1
-2
-2
8
-5
2
-13
16
-9
3
-8
11
-25
21
-8
65
-118
87
-58
2
123
-157
33
87
-44
-32
27
-8
-17
27
-4
-13
15
10
-46
26
23
-37
9
21
-15
-19
45
-41
19
-1
-1
-21
19
3
-3
-7
1
0
3
-2
-2
2
0
0
-1
1
0
0
1
0
-1
-2
2
2
-4
0
-2
7
3
-5
-20
20
1
0
-19
41
-47
17
14
-22
-10
36
-23
-25
44
-10
-16
13
3
-26
17
8
-27
32
43
-86
-33
158
-123
-3
57
-88
117
-65
8
-22
23
-10
7
-5
7
-18
12
-1
3
-9
1
-1
-1
-4
0
-4
2
1
-9
25
-36
15
17
-20
8
-8
-4
8
-43
176
-243
152
-85
56
30
-95
82
-75
21
-1
42
-19
-2
4
-14
8
1
3
-22
70
-58
-19
50
-24
-14
13
16
-27
2
12
-8
-13
34
-17
-2
-6
-1
12
-7
2
-3
3
0
-1
0
-1
1
-1
0
-1
-1
1
-1
-1
0
-2
3
-3
6
-12
0
6
1
16
-35
12
7
-12
-4
26
-17
-14
14
21
-51
19
57
-71
21
-4
-1
-7
15
-4
1
19
-42
1
-22
74
-82
94
-30
-57
85
-153
242
-177
42
-9
2
7
-9
19
-17
-14
35
-26
8
-3
-2
0
0
-2
2
-3
-5
12
-24
37
-30
9
0
-6
13
-29
62
-38
-35
46
18
-31
-18
-19
67
-77
70
-62
43
25
-47
19
-4
33
-70
22
47
-27
-6
9
-10
18
-21
6
-19
50
-63
41
-5
-8
1
5
-20
22
-4
-3
-4
3
-1
3
-1
-1
-1
2
-1
0
0
-1
1
-2
0
2
2
-4
1
-4
3
1
4
-22
19
-6
-1
6
5
-41
62
-51
19
-7
20
-18
8
-8
6
26
-48
-22
70
-33
4
-19
47
-25
-42
61
-71
79
-67
17
19
32
-19
-47
35
37
-63
28
-14
4
-1
-11
30
-38
23
-12
3
-1
-3
-2
0
2
0
0
-8
18
-4
-15
12
-9
11
-13
14
-8
-48
109
-114
26
35
19
-86
150
-102
-26
9
27
-2
-2
3
-14
14
0
10
-58
53
-21
29
-31
-7
25
0
-10
-3
4
-13
21
-23
23
-8
23
-47
25
-2
3
-4
2
-4
-1
5
-4
-1
-1
-1
-1
0
1
-1
0
1
4
-7
-1
4
-3
3
-3
1
-25
46
-24
8
-23
21
-21
14
-5
2
9
-1
-25
6
30
-31
20
-54
57
-10
0
-15
14
-3
3
2
-29
-10
27
101
-150
86
-19
-35
-26
114
-110
45
7
-15
11
-13
9
-13
14
4
-19
7
-3
-1
-5
0
-4
6
-9
6
-6
-3
34
-59
30
6
-4
-17
37
-62
141
-193
118
-36
10
45
-117
97
-39
32
-17
12
-26
25
-11
3
-16
35
-37
27
9
-34
-19
68
-40
-11
12
-15
25
-21
33
-34
-2
13
13
-19
3
-2
4
-4
4
4
-10
-4
9
-2
-1
0
-1
0
0
0
0
2
-10
3
10
-5
-4
3
-4
2
-3
17
-14
-13
2
34
-33
19
-25
15
-14
10
38
-69
17
33
-9
-27
36
-36
15
-4
10
-26
25
-12
17
-32
40
-97
116
-45
-9
35
-118
193
-142
60
-38
16
5
-8
-30
58
-35
1
5
-7
6
-8
-1
0
2
1
-5
2
-2
-9
-9
47
-37
10
0
-7
25
13
-76
1
37
46
-98
47
-7
87
-119
56
-15
18
-26
11
4
-2
12
-37
35
-26
19
10
-60
70
-35
-3
31
-14
-38
47
-24
17
-28
15
13
-10
-7
0
11
-7
4
-8
9
-4
-2
2
0
0
0
0
-1
0
0
-2
1
4
-10
8
-4
7
-10
-1
6
9
-13
-15
27
-17
21
-47
38
13
-31
2
35
-72
60
-10
-21
25
-37
36
-14
0
-4
-11
26
-18
14
-56
120
-87
6
-47
96
-47
-38
-1
75
-15
-27
6
-2
-12
36
-48
9
8
1
-3
3
-2
-7
0
-6
6
-2
-3
12
-21
13
-1
-4
8
-10
-1
20
-61
102
-36
-87
54
-7
45
-28
-29
66
-60
22
-8
4
-1
5
-3
-4
-2
-5
23
15
-34
-2
-17
18
15
5
-20
0
-2
-24
45
-7
-9
4
-3
1
-2
-1
3
-1
-2
2
-3
2
0
0
0
-2
0
0
-1
0
0
-2
2
-2
1
1
-3
-1
2
-1
2
-4
9
6
-45
23
2
0
20
-5
-16
-20
16
1
35
-15
-24
3
1
5
2
-5
1
-4
9
-23
59
-67
28
28
-44
6
-57
87
36
-102
59
-21
-1
8
-9
4
0
-13
18
-13
1
0
-7
1
0
-22
18
-5
1
-2
-4
11
-6
-13
19
-17
14
7
-21
-38
74
-27
-14
-4
99
-150
49
43
-35
11
-10
4
9
5
-14
-6
-1
21
-10
-20
43
-5
-37
14
-17
7
14
13
-9
-13
11
-5
-15
28
-16
-2
7
-4
1
-1
0
-2
0
0
1
-2
-1
0
0
0
-1
1
-1
-2
-1
1
0
-1
-3
4
-8
2
15
-29
15
3
-12
11
8
-13
-14
-7
16
-15
36
4
-44
19
10
-20
0
5
14
-5
-9
-5
11
-11
34
-43
-49
149
-98
4
13
27
-74
37
19
-8
-15
15
-21
10
6
-11
1
2
-3
2
-20
17
0
81
-101
86
-102
80
110
-242
89
19
15
-7
-38
118
-98
-109
171
-21
-88
125
-76
-118
235
-133
9
49
-73
65
-30
1
-23
10
109
-153
-21
197
-152
9
57
-59
28
5
-21
22
-21
6
9
-9
-4
11
-13
3
1
-3
6
-7
2
1
0
-3
2
0
-2
0
0
0
0
0
-2
3
-1
-2
-2
6
-5
3
-2
-5
12
-12
3
7
-10
-8
20
-23
21
-5
-29
59
-58
-10
150
-197
20
152
-109
-10
22
-1
29
-65
72
-48
-10
132
-236
117
74
-125
88
20
-172
108
96
-121
38
5
-17
-21
-89
240
-110
-82
101
-88
99
-87
0
8
25
-11
-70
103
-109
156
-160
76
-28
30
-13
-14
-37
127
-87
-36
145
-193
75
111
-228
228
-133
56
10
-72
69
-32
48
-158
341
-442
373
-253
154
-28
-62
31
21
-23
21
-4
-19
6
12
-3
-19
19
-2
-3
-3
2
1
-2
-2
2
-4
2
-1
0
1
-1
0
0
0
1
1
-3
3
-2
1
1
-3
-3
3
3
1
-20
19
2
-13
-6
19
3
-23
23
-22
-32
62
27
-154
252
-374
442
-341
158
-49
32
-69
73
-10
-56
132
-229
228
-112
-75
192
-146
37
87
-128
36
14
11
-30
27
-77
160
-157
108
-105
69
9
-25
-12
0
-104
91
12
-1
-74
-97
323
-309
95
43
24
29
-147
-5
72
14
5
-47
-97
44
212
-47
-115
68
-47
-8
-5
23
-22
-36
135
271
-497
51
75
98
-98
1
-19
41
-3
2
0
-29
31
-13
12
-6
-4
-1
3
1
4
-5
0
1
-2
0
-1
-1
-1
-1
1
0
0
0
-1
0
0
0
1
-2
0
4
-5
-1
-3
0
3
5
-13
13
-31
28
-2
-4
2
-41
19
-1
99
-99
-76
-52
498
-272
-135
34
22
-23
3
8
46
-69
116
48
-212
-44
96
48
-7
-15
-74
4
147
-30
-28
-45
-98
309
-325
96
73
0
-17
-93
100
0
89
-115
83
-19
-143
358
-11
-450
205
6
45
25
-127
43
106
-146
81
74
-161
-82
318
2
-224
104
-46
-33
148
-141
114
-91
-187
388
19
-435
66
298
-159
-23
74
-15
-5
7
-41
40
-9
-7
8
-1
-2
-3
6
-7
-1
2
3
-6
2
-2
0
-2
0
1
-1
0
0
-1
0
2
-1
1
-3
5
-3
-4
1
5
-7
2
1
1
-8
6
8
-40
40
-7
3
14
-75
22
158
-299
-67
435
-20
-388
187
91
-115
140
-148
34
46
-105
224
-2
-318
82
160
-75
-79
146
-107
-44
127
-26
-46
-9
-207
450
10
-359
141
18
-86
114
-93
0
12
45
-81
-40
294
-588
754
-582
178
35
0
-231
496
-334
107
-193
240
-209
213
-192
143
-198
201
28
-195
151
-115
79
24
28
-275
477
-558
667
-688
460
-242
217
-207
121
-60
52
-81
100
-59
4
-9
30
-19
-11
28
-21
3
3
-4
2
-4
3
-3
0
0
-1
-1
0
0
-1
0
0
2
-4
1
-4
3
-3
-4
21
-30
10
19
-31
8
-4
57
-100
79
-54
60
-122
206
-218
241
-461
688
-669
556
-478
276
-29
-24
-79
115
-151
196
-29
-201
198
-143
192
-215
209
-240
192
-108
333
-497
231
-3
-37
-180
582
-754
587
-296
39
78
-46
-17
0
-112
84
16
-16
-109
202
-26
-287
266
-4
35
-238
-21
512
-455
-8
4
9
142
130
-114
-196
222
-67
16
-19
-73
0
163
-130
-158
569
-91
-575
-40
439
-177
61
-83
87
17
-31
-27
30
12
-11
-9
9
0
6
-9
-5
-1
-3
9
-5
1
-1
0
0
-1
-1
-1
0
1
0
-1
1
-1
0
-1
4
-8
2
1
5
8
-8
0
-10
9
10
-12
-30
27
30
-17
-88
81
-63
176
-440
38
575
90
-569
158
130
-162
-1
72
19
-16
65
-223
194
112
-130
-142
-9
-4
7
455
-514
18
237
-37
3
-267
286
25
-203
108
14
-18
-85
108
0
108
-161
158
-148
70
428
-567
-35
121
134
-41
-215
534
-525
40
255
-119
-91
241
-207
-363
666
-210
-131
209
-167
55
-40
134
-19
-438
582
382
-1126
290
400
-299
105
28
0
-29
-5
46
-31
-14
37
-24
2
5
-7
4
0
-8
9
-5
5
-1
-6
8
-3
1
-1
-2
0
0
0
-2
4
-7
6
1
-5
6
-10
6
0
-5
6
-6
-2
23
-39
13
30
-47
4
27
0
-27
-106
297
-401
-289
1126
-382
-583
438
18
-135
40
-57
167
-210
130
209
-668
363
207
-242
89
117
-255
-43
523
-536
213
39
-136
-123
34
566
-429
-71
147
-160
158
-112
0
-7
41
8
-120
52
88
-69
-51
116
-80
-19
251
-697
810
-415
62
96
-121
62
11
-88
145
-183
173
-62
-12
-41
36
147
-338
515
-1002
1332
-1025
503
-73
-149
138
-58
73
-125
83
-23
-5
20
-29
7
19
-20
11
-9
4
3
-4
1
-2
5
-4
2
0
-2
0
-1
0
-1
-1
0
0
-1
3
-3
1
-1
3
-4
-4
8
-13
21
-20
-7
28
-21
4
23
-84
124
-74
56
-138
149
73
-504
1023
-1334
1001
-516
337
-148
-36
40
11
61
-173
183
-146
88
-10
-61
121
-96
-63
413
-813
695
-253
18
79
-119
51
69
-90
-53
119
-11
-43
2
0
-98
148
-44
-92
92
-554
782
-150
-167
27
46
-65
63
30
-87
13
48
31
-162
36
221
-222
56
3
25
-13
-25
103
108
-217
-301
-27
407
318
-371
-99
205
-219
141
-33
32
-45
-23
34
-3
17
-8
-4
-6
8
-8
3
1
-4
1
3
-1
0
-2
1
0
0
0
0
-1
0
0
-2
2
0
-1
-4
-2
4
-1
-4
9
-8
6
4
7
-17
3
-35
22
45
-33
32
-142
218
-206
98
370
-319
-407
27
301
217
-108
-104
26
12
-26
-3
-56
221
-222
-35
163
-31
-50
-13
85
-30
-63
64
-48
-29
165
150
-783
553
-93
91
42
-149
93
0
123
-153
122
-224
383
-299
131
-34
18
-109
204
-312
406
-243
-83
197
-167
213
-272
200
-17
-183
204
-103
53
-40
36
-56
197
-370
258
193
-626
576
-82
-210
191
-150
72
-15
-27
29
37
-69
46
-28
17
-10
6
-4
-2
1
-4
10
-13
3
-2
3
-2
0
0
-2
0
0
-1
0
0
-1
2
-4
3
-4
12
-12
4
-1
1
2
-6
10
-17
27
-48
69
-37
-30
24
13
-73
150
-193
210
82
-577
624
-193
-259
368
-196
55
-35
38
-55
102
-205
183
17
-200
273
-213
166
-197
81
242
-408
312
-205
106
-21
33
-133
299
-385
224
-125
152
-127
0
-59
21
103
-92
-79
256
-257
74
-12
-6
149
-248
103
115
-166
71
37
7
-168
302
-320
188
-18
-50
9
36
-7
-25
-65
306
-375
-23
433
-450
239
-37
-30
26
-36
15
4
-5
4
-7
3
4
-4
3
-6
6
-1
-12
15
-11
2
1
2
-3
0
-1
-1
1
0
0
1
-1
1
-1
1
2
-3
-2
-2
10
-16
11
1
-7
6
-3
3
-5
-4
6
-5
3
-5
-16
35
-27
29
36
-239
449
-435
23
374
-307
65
24
5
-36
-10
49
18
-187
319
-301
168
-8
-38
-71
165
-116
-104
246
-150
3
10
-76
256
-257
78
90
-106
-22
54
0
-18
19
15
16
-188
170
-23
-20
33
-40
52
-51
4
2
21
-20
6
5
-17
43
-79
78
-50
24
3
3
-38
21
16
-3
26
-61
72
-66
9
7
-3
8
15
-18
-2
-1
10
-6
-2
2
-2
-1
-1
-2
6
-6
-1
-1
2
0
-1
1
0
-2
-1
0
-1
0
-1
-1
-1
1
-1
-1
1
0
-3
0
0
5
-6
0
0
1
1
-3
1
6
-11
0
1
17
-15
-9
4
-7
-10
64
-73
60
-26
3
-17
-20
38
-4
-4
-24
49
-79
77
-43
17
-6
-6
20
-23
-5
-4
51
-53
37
-34
19
23
-171
186
-17
-17
-20
13
0
18
-13
-3
34
-50
-5
35
-12
-4
2
1
24
-60
45
-20
18
-13
12
-13
-18
34
-6
-7
8
-15
10
-2
3
1
-25
22
19
-35
13
13
-12
-9
13
-7
4
-7
10
-12
6
-1
-4
2
0
-3
4
0
-5
8
-5
-2
0
0
-2
1
0
-1
0
0
0
1
-1
1
-1
-1
2
-2
0
1
6
-9
3
-1
-5
2
0
-3
3
1
-7
10
-12
5
-5
7
-15
7
12
-13
-16
35
-20
-24
24
-2
-3
2
-11
14
-8
7
5
-34
18
12
-14
14
-18
18
-46
60
-26
-3
-4
4
11
-36
4
48
-35
1
12
-23
0
-19
12
2
-21
45
-46
20
8
-18
-1
-2
11
17
-28
8
-17
14
8
-22
28
-15
9
-7
-8
8
-10
9
-1
8
-13
1
9
-7
-10
15
-10
4
3
0
-7
3
-1
-2
6
-4
0
-2
6
-7
3
-1
-6
6
-4
1
3
-7
3
0
-2
0
0
-1
0
0
-1
0
1
0
-4
7
-3
-1
4
-7
6
0
-5
6
-6
1
-2
3
-6
2
0
-4
7
-1
-3
-5
10
-16
9
7
-10
-2
11
-9
1
-10
9
-8
8
6
-9
14
-28
23
-10
-12
17
-8
27
-19
-13
1
0
13
-9
-20
45
-47
21
-4
-14
15
0
6
-5
-5
8
-32
39
-16
7
-4
-4
16
-25
3
5
4
-1
-2
0
-1
-11
5
7
2
-1
-2
-2
6
-8
3
11
-31
33
-21
8
4
-8
2
4
-6
3
-1
3
-1
-4
4
4
-6
2
1
-3
5
-10
9
-2
-3
1
0
-4
2
-1
0
0
0
0
0
0
-1
0
-4
4
-1
-2
3
2
-10
9
-6
2
-2
-2
6
-4
-3
4
1
-4
1
-4
6
-5
-2
7
-5
-9
21
-34
31
-12
-4
8
-7
2
2
0
-2
-8
-5
11
1
0
2
1
-5
-6
-4
24
-17
2
2
-8
16
-39
30
-10
3
3
-11
0
-11
2
-1
-5
16
3
-22
4
2
4
3
-17
15
-9
4
0
-1
1
-4
11
-10
3
4
-5
1
3
-7
10
-10
14
-12
9
-8
5
-2
-3
4
-5
3
3
-7
3
-3
4
-4
3
-2
4
-7
3
-3
3
-1
-7
6
-3
-2
0
0
-1
0
-1
-2
0
0
0
-1
1
0
-1
0
2
-8
5
1
-4
2
-3
6
-4
1
-2
4
-5
3
-4
6
-4
-4
4
-5
3
1
-5
7
-10
11
-15
10
-10
6
-2
0
4
-5
-3
11
-11
5
-3
1
0
-5
9
-18
17
-4
-6
-5
-4
21
-4
-18
3
-2
-4
5
0
5
-6
2
1
-6
2
6
-8
3
2
-8
12
-14
8
0
-5
1
2
0
-4
2
-5
6
-1
-2
1
0
-1
-5
15
-11
-3
7
-7
3
4
-3
-4
1
-2
6
-2
0
-1
1
-5
-1
5
-4
5
-4
3
-4
-1
4
-3
1
-1
0
-1
-1
-1
-2
0
0
-1
0
-1
-1
1
-3
2
-5
1
3
-4
3
-5
3
-5
0
3
-3
1
-2
2
-6
1
-2
3
2
-5
-4
6
-8
2
11
-15
4
1
0
-1
3
1
-7
4
-3
3
0
-2
-2
5
-1
-10
12
-12
6
-4
-5
7
-6
-3
4
-2
-5
5
-9
0
3
-3
1
2
-10
1
14
-11
4
-1
-8
10
-7
4
-5
0
1
0
-1
1
0
-2
2
2
-4
-3
9
-5
-1
3
6
-13
6
0
-3
-1
2
1
-4
-3
6
-5
1
-3
2
3
1
-2
1
-1
-1
2
-3
2
-5
2
0
0
-2
0
0
-1
0
0
0
-1
0
-1
1
-1
0
-2
4
-3
3
-3
0
-1
0
2
-1
-3
-2
3
-2
4
-7
1
3
-3
-3
1
1
-2
-7
12
-6
-4
1
5
-8
2
3
-3
-1
2
0
-2
0
0
-1
0
3
-6
6
-12
6
-1
-7
10
-16
-1
8
-4
-4
0
-7
0
2
0
-1
-1
0
1
0
-1
-2
0
0
-1
-2
-2
-1
1
0
0
1
0
-1
-1
0
1
0
0
0
0
-1
-1
1
1
0
-1
-1
0
1
0
-1
-1
1
1
0
-1
0
0
0
-1
-1
0
0
0
-1
-1
0
0
0
-1
0
0
-1
-1
0
0
0
-1
-1
0
0
0
-1
-1
0
1
0
0
-1
-1
-1
1
1
0
0
0
-1
0
-1
0
1
0
-1
0
0
0
-1
-2
-1
0
0
-1
-1
0
0
-2
0
0
1
0
-1
-1
-1
-1
-1
0
0
0
-2
-2
0
0
0
-2
-1
0
-1
-3
-3
