-8
-6
-6
1
-9
4
-11
-4
6
-4
-5
5
-5
0
-29
22
-3
0
-5
-5
7
-5
-4
2
-1
23
-53
43
-24
9
-12
4
0
3
-3
2
0
1
-1
-2
2
-2
1
-1
1
4
-4
1
1
-3
2
-3
-6
7
-7
3
-2
0
-4
5
-7
2
1
-2
1
-1
1
2
-6
6
-4
1
-1
3
-4
8
-5
-2
3
-1
2
2
-4
3
2
-1
1
-2
2
0
0
1
1
2
-2
3
0
5
-10
10
-22
45
-51
24
0
3
-2
-3
7
-3
-4
1
-2
24
-26
5
-2
8
-4
0
7
-1
-9
7
-5
9
-1
3
-8
-5
-7
-4
1
-21
39
-35
0
-1
-4
0
-3
-13
26
-36
32
-14
-20
4
9
3
-5
-3
10
-19
30
-36
-26
62
-35
0
13
-8
0
-2
2
0
-2
2
-1
0
3
-4
2
0
0
0
-1
-1
1
-8
10
-6
0
3
-6
-1
4
0
-8
2
1
-3
-1
-1
1
3
-7
1
6
0
-6
4
2
-4
10
-7
2
-1
0
0
0
0
2
-3
3
1
-1
1
-2
1
3
0
1
-7
13
0
-34
62
-25
-35
31
-16
12
-2
-2
3
10
5
-20
-12
33
-30
30
-11
1
4
-2
2
2
-30
43
-17
4
3
-2
3
-9
-5
-4
-7
-4
-8
30
-62
38
-7
-4
1
6
0
-68
56
-10
9
-18
-4
18
-7
-3
5
-10
-10
17
-24
92
-144
70
-4
-9
10
-2
0
-1
-1
2
1
0
2
-3
0
3
0
3
-4
-1
-1
4
-7
5
-3
-1
5
-10
4
-4
6
-5
1
-3
0
0
1
-2
3
-5
7
-3
4
-9
6
-1
-2
5
-6
5
0
0
-4
4
-1
4
0
-3
1
0
0
1
0
-1
1
-3
11
-9
-4
70
-143
93
-23
19
-9
-9
6
-2
-7
20
-4
-16
10
-9
59
-63
4
10
3
-1
-4
39
-59
34
-4
-1
0
1
4
-9
-8
-3
-8
14
-34
1
39
-34
3
-3
-22
35
-3
47
-158
97
-33
100
-97
-18
45
-10
3
3
-49
-30
195
-5
-270
157
-15
17
-16
5
-2
0
3
-6
-1
8
-5
6
0
-6
3
-2
-1
2
-3
-1
-1
-1
-1
3
-6
-2
-2
5
-2
-4
3
-3
-3
4
-3
-2
4
-4
-1
5
-1
-1
-4
4
1
0
1
0
-2
3
0
-1
3
-5
0
8
-4
9
0
-6
3
1
-3
5
-15
17
-15
158
-270
-4
196
-29
-49
4
5
-9
46
-17
-95
102
-33
98
-153
50
-1
38
-19
-1
6
-32
42
4
-30
17
-1
2
1
-8
-7
3
-8
-7
7
8
-91
87
-25
8
-14
-1
-9
52
-101
46
11
-78
160
-99
7
-5
0
-37
155
-155
-93
155
20
-41
-16
-2
6
2
-1
-4
5
-4
-14
31
-19
2
4
0
-3
-4
5
-2
0
-4
5
-3
-1
-3
5
-4
2
-9
5
-3
0
1
-4
5
-4
2
0
-2
7
-9
4
-3
4
-1
-1
-3
7
-4
0
-1
5
-3
-2
1
4
3
-19
31
-13
-4
5
-3
0
3
6
-2
-14
-40
20
156
-91
-155
155
-37
3
-4
8
-98
162
-77
13
47
-98
55
-6
3
-11
10
-21
89
-88
11
11
-3
-1
9
1
-8
-8
-6
-1
7
19
-27
-43
14
15
-29
22
62
-167
116
19
13
-165
164
63
-214
72
39
-18
24
-95
206
-143
-124
139
0
-23
18
-10
-1
0
1
-3
2
-1
-2
4
-4
6
-1
-7
10
-7
-7
13
-8
3
-8
6
0
-8
9
-3
-5
1
0
-3
-1
4
-5
2
0
-2
2
1
-3
-2
9
-8
1
6
-8
4
-7
15
-6
-6
11
-7
-1
7
-4
4
-1
0
2
-4
3
0
-2
-10
18
-22
0
139
-123
-143
208
-95
25
-17
40
72
-212
63
167
-163
14
23
120
-163
66
24
-27
18
16
-40
-23
23
10
5
-1
2
-8
-9
-2
-3
-23
56
-52
-1
21
-27
22
-54
59
-5
-186
310
-146
-91
108
3
-51
79
-77
31
-19
10
-21
27
-25
-51
64
7
2
-9
-7
0
3
4
-12
17
-10
-8
12
2
3
-6
-11
17
-8
11
-13
-2
5
-6
7
-11
1
10
-9
-5
-3
4
-4
3
-7
3
-2
5
-2
-3
-8
11
2
-10
8
-6
6
-2
-11
12
-7
17
-11
-6
2
2
10
-9
-9
18
-11
4
4
1
-7
-8
2
7
65
-51
-24
28
-20
12
-17
33
-76
81
-50
4
109
-89
-145
314
-183
-2
62
-50
24
-25
23
4
-49
59
-21
4
2
-1
-9
-6
1
-17
7
-45
1
84
-38
-27
58
-94
0
63
-122
170
-26
-162
154
-31
128
-245
90
1
48
-137
149
-72
-77
187
-92
-10
1
-5
0
3
-6
11
-1
1
-3
5
-14
29
-23
0
1
24
-35
14
6
-13
14
-10
2
0
-2
-1
2
-7
2
0
-1
1
1
1
-1
0
3
-5
3
-1
0
1
3
-10
15
-13
7
15
-34
24
0
0
-22
29
-15
3
-3
1
-3
11
-5
5
0
-4
1
-9
-90
189
-77
-69
151
-136
48
3
91
-244
129
-30
155
-160
-25
173
-118
65
3
-91
61
-23
-36
89
4
-42
10
-9
6
3
-13
0
-7
-25
12
-71
167
-42
-97
48
-21
-11
10
-138
41
349
-318
13
172
-249
138
-26
-10
14
-8
24
-79
213
-221
-25
137
-72
20
-1
0
1
-12
21
-13
8
-17
-8
29
-5
-2
-3
-4
-3
0
2
10
-8
-4
-7
6
-2
2
2
-10
9
-6
3
-4
2
1
2
-4
3
-5
9
-9
2
3
-3
7
-5
-3
-6
11
3
1
-4
-3
-2
-1
-4
30
-7
-17
8
-13
22
-12
2
-1
0
20
-71
138
-24
-220
216
-77
24
-6
15
-9
-24
139
-249
174
14
-317
353
45
-136
13
-7
-17
53
-94
-38
170
-67
15
-17
-1
8
-4
-11
4
1
32
107
-606
568
-72
-50
-34
19
92
-87
-102
31
139
-149
105
65
-163
28
48
-35
-6
91
-6
-360
278
167
-164
6
-11
1
6
-3
11
-14
9
-2
13
-41
13
60
-72
25
7
-18
-17
71
-49
8
-4
-10
3
10
-9
0
-3
5
-6
0
1
-5
9
-6
1
1
-6
6
-3
2
-7
10
4
-11
-3
10
-48
71
-16
-17
7
26
-71
61
13
-40
14
-1
9
-14
12
-3
6
2
-11
6
-162
168
279
-358
-3
92
-5
-34
51
28
-163
66
106
-148
140
33
-98
-84
96
23
-31
-48
-70
571
-601
110
36
9
8
-3
-6
-1
-14
-8
-17
-46
162
-86
-49
33
-81
35
133
-28
-31
-89
-19
82
6
-220
278
-53
-90
61
-33
48
-30
89
-197
91
29
-14
-5
-3
1
-2
13
-18
2
21
-33
19
1
18
-22
0
4
-11
-15
65
-50
8
4
-28
27
-7
-1
-1
1
-6
0
-1
3
-6
7
-5
3
-1
1
-5
2
0
0
-7
28
-27
5
8
-49
68
-14
-11
3
1
-21
18
1
18
-34
21
1
-17
14
-1
1
-3
-5
-13
31
92
-196
91
-29
49
-32
62
-89
-53
278
-218
7
84
-18
-88
-27
-24
136
37
-78
35
-47
-84
167
-43
-14
0
-8
7
2
-39
46
-26
27
-123
117
-38
-7
-8
30
-40
94
2
-130
-9
142
-117
-12
-9
66
5
-47
58
-56
86
-117
-109
165
-48
74
-48
6
5
-8
-1
5
-7
6
-1
-37
77
-40
-15
-12
25
0
28
-52
15
14
-9
15
-14
5
-11
6
-3
-2
3
-4
0
-2
-4
4
-2
-1
2
-3
5
0
-2
7
-10
8
-14
14
-7
15
16
-51
29
1
25
-13
-16
-40
78
-37
-1
7
-6
6
0
-8
6
6
-47
76
-47
167
-107
-116
88
-55
59
-44
6
66
-7
-10
-115
143
-5
-126
5
96
-36
34
-4
-5
-32
120
-119
30
-19
50
-30
-1
-56
43
-11
14
-169
493
-414
87
-3
-71
94
-43
46
-470
473
15
-31
44
-87
-59
60
-20
5
-26
0
91
70
-148
-16
9
-7
11
6
3
2
-16
17
2
-13
21
-24
-7
45
-17
-12
0
-5
-13
38
-25
2
-13
20
-9
1
-6
2
-3
-2
3
-6
4
3
-9
3
4
-5
4
0
-2
3
-5
2
-8
22
-12
3
-23
40
-12
-4
1
-13
-17
45
-8
-23
21
-12
2
18
-15
1
4
7
11
-6
10
-14
-148
71
93
2
-24
6
-18
60
-59
-86
45
-31
16
476
-466
49
-40
97
-68
0
89
-409
497
-165
18
-4
48
-49
-2
-24
-50
119
-104
101
-91
-7
71
-71
2
14
63
23
-98
13
-3
-67
30
-89
154
-7
-28
10
-40
59
5
-47
1
-7
-7
2
7
3
-6
3
-8
23
-23
-1
12
13
-20
28
-49
29
6
-18
16
-16
-2
7
10
-25
20
-8
-4
4
-6
0
3
1
-4
-4
6
-3
-4
0
4
1
-6
5
-4
-7
22
-24
12
8
-1
-17
17
-18
8
29
-48
28
-20
13
12
1
-22
24
-7
4
-6
4
7
3
-6
-5
2
-47
5
61
-39
12
-26
-5
155
-88
29
-66
-2
15
-95
27
66
17
4
-67
73
-3
-89
103
-102
127
-45
-15
5
14
-70
139
-130
192
-595
437
-13
46
-69
-93
152
-61
193
-287
21
-70
255
60
-145
-67
11
46
4
3
-149
-15
181
-24
-36
2
7
1
0
-7
0
5
-9
-5
31
-15
-12
0
2
7
13
-18
5
-13
0
7
20
-24
-6
-5
18
-6
-2
-1
3
-5
1
0
-4
1
1
-4
4
1
-1
-6
19
-4
-5
-24
21
8
1
-11
6
-18
14
8
2
-1
-11
-16
31
-5
-9
4
0
-6
1
3
7
3
-36
-25
182
-14
-147
4
4
48
13
-66
-145
61
256
-69
22
-283
197
-58
155
-91
-66
49
-11
441
-592
195
-127
147
-65
22
0
80
-118
-74
122
-486
932
-439
-62
-34
66
-83
-58
177
-2
-52
-97
-26
208
6
-182
53
37
-46
24
44
-20
-107
23
83
-26
-5
0
0
-3
1
-1
-12
31
-25
22
-26
0
23
-3
-3
-17
11
21
-28
-8
28
-4
-30
16
12
-9
-7
4
-2
0
-1
0
-2
3
-1
0
0
0
0
5
-6
-8
12
16
-29
-3
28
-7
-27
22
12
-17
-3
-2
22
0
-24
22
-24
31
-12
0
2
-2
0
0
-5
-24
83
23
-106
-19
46
25
-44
38
55
-181
8
208
-25
-96
-48
1
181
-54
-79
70
-32
-60
-435
937
-483
125
-66
-113
88
0
85
-187
-91
357
-184
-1
-147
170
-30
30
-28
-140
200
-10
-121
78
146
-349
-82
278
71
-97
-25
-37
71
211
-272
-83
161
-52
10
7
-14
6
-3
8
3
-9
1
-5
21
-35
40
-28
10
8
-8
10
-16
-2
1
16
-11
-4
12
-21
13
-1
-3
0
-3
2
-5
4
-5
3
-2
1
-4
-1
14
-20
14
-3
-12
17
3
-1
-15
11
-7
8
11
-27
41
-36
21
-5
2
-10
3
8
-3
7
-14
7
11
-50
163
-81
-270
213
71
-36
-25
-95
72
279
-81
-347
147
79
-117
-7
202
-138
-25
33
-28
171
-144
3
-179
361
-83
-183
93
-25
21
-87
190
-358
503
-440
225
-92
-14
34
77
-352
448
-160
-140
198
-281
372
-132
-115
22
67
-45
-31
129
-169
-10
168
-84
1
-3
-1
4
-3
-3
5
-12
27
-18
-9
21
-25
28
-10
1
-13
15
-3
0
-4
16
-43
45
-21
-15
26
-16
5
-3
2
-3
2
-5
4
-4
2
-3
2
-2
6
-16
27
-13
-19
46
-43
17
-4
1
-2
14
-13
1
-10
28
-25
21
-10
-17
28
-12
5
-2
-2
5
-1
-2
1
-83
170
-10
-168
130
-30
-42
69
23
-114
-130
373
-280
199
-138
-157
450
-348
80
38
-11
-91
228
-437
508
-355
198
-82
29
-42
-43
138
9
-149
-165
215
140
-228
116
-122
222
-476
645
-473
251
-232
309
-450
409
-139
-72
76
-39
76
-106
-3
205
-314
243
-103
18
-4
4
-2
-3
2
1
4
-7
7
-10
9
-1
0
-5
14
-14
3
0
-11
23
-30
31
-23
6
-1
0
-2
1
-3
2
-3
0
0
-1
-1
3
-2
1
-2
0
0
6
-22
32
-30
24
-10
3
4
-13
14
-3
1
-1
9
-9
7
-7
5
1
2
-3
-1
6
-4
18
-104
245
-312
207
-3
-105
77
-39
78
-70
-137
410
-449
310
-231
255
-469
649
-473
226
-119
119
-225
145
220
-161
-145
17
142
-35
-49
-58
204
-411
575
-249
6
-287
269
-5
-172
246
-343
408
-360
213
9
-214
280
-217
99
-12
-39
37
-7
-76
200
-248
134
-48
38
-20
5
-4
1
3
-10
15
-10
2
-6
5
-1
5
-1
-3
-1
11
-11
-6
3
3
-16
17
-7
8
-12
3
-1
-1
1
-1
-1
-3
4
-2
-1
-1
1
0
0
4
-11
10
-6
17
-16
4
3
-4
-10
11
0
-2
0
5
-1
5
-6
3
-9
13
-9
4
2
-3
5
-19
39
-48
135
-248
202
-76
-5
39
-37
-10
100
-216
282
-211
10
216
-357
411
-339
249
-170
0
272
-285
10
-244
578
-403
209
-51
-30
-8
75
-6
-140
-70
48
286
-261
47
3
55
-211
249
-71
-48
13
76
-218
233
-123
52
-45
24
13
-110
275
-320
202
-129
57
-4
-4
6
-5
5
-3
-2
-1
7
-3
6
-7
0
1
1
-2
-1
8
-14
-1
15
-18
18
-18
8
-1
-2
-1
0
1
-4
1
-1
2
-1
2
-3
2
0
-1
-2
0
9
-17
20
-18
15
0
-14
9
-1
-2
1
1
1
-7
6
-3
7
0
-1
-2
6
-6
7
-4
-2
59
-129
203
-317
277
-108
14
26
-43
52
-122
233
-217
77
14
-45
-68
252
-208
58
5
50
-258
290
53
-66
-136
0
80
1
-15
26
-64
166
-235
-43
228
-156
143
-145
50
44
-93
48
29
-57
25
2
23
-101
82
-14
-11
5
-16
42
-76
80
-69
45
-20
-1
0
2
-2
2
-2
2
0
2
-6
2
1
2
0
-3
3
-5
6
-3
-6
-1
30
-45
15
9
-3
-7
4
-3
0
-1
-3
5
-7
5
-1
0
0
-1
4
-7
-2
9
16
-45
31
0
-5
-3
7
-4
4
-3
0
3
1
3
-6
3
1
3
-2
3
-1
2
0
0
-19
46
-67
82
-74
44
-15
6
-10
-14
84
-99
23
5
26
-53
33
52
-90
47
52
-142
145
-154
232
-39
-232
172
-60
33
-9
18
-58
-65
85
173
-203
21
-26
37
-16
50
-132
117
-42
-14
34
-23
-41
56
-19
-13
14
-3
-5
-1
9
-5
6
-9
-6
4
-2
2
1
-4
3
-1
0
2
-2
-4
4
-1
1
0
-2
0
-2
0
-1
2
0
1
-9
8
-8
6
-2
-3
2
-1
-1
-2
2
-1
-1
-2
3
-1
-1
6
-8
10
-8
1
1
2
0
0
-1
1
-1
0
1
-1
6
-3
-1
1
1
-2
4
-2
0
3
-2
5
-5
-9
7
-4
10
0
-4
-2
14
-11
-17
57
-40
-21
35
-11
-39
119
-128
54
-13
40
-24
25
-199
177
88
-57
-52
25
-4
37
-108
27
73
-118
92
-51
21
7
-30
47
-79
63
-24
-27
7
19
-18
28
-40
37
-32
2
8
7
-22
4
4
-11
10
-2
0
-2
2
1
-2
-2
5
1
-8
8
-1
0
-3
2
0
-3
-3
2
-5
0
2
-1
-5
9
-10
1
0
2
-2
-1
2
0
-1
0
1
0
-3
2
1
2
-9
10
-4
0
3
2
-5
3
-2
0
1
3
-2
2
-2
9
-7
2
4
-1
-2
1
2
-3
0
0
11
-10
5
6
-22
8
9
4
-30
40
-40
30
-17
20
8
-23
-21
67
-76
50
-27
10
23
-46
96
-114
76
34
-103
45
-2
15
-46
35
-76
5
113
-84
0
-23
55
-29
-30
20
-21
28
-14
-14
25
3
-22
6
4
-12
7
-9
-5
14
-9
1
-5
-6
8
-1
1
0
-3
1
0
-2
0
0
-2
4
-3
2
-2
-1
-1
4
-5
0
-15
12
1
-3
-4
0
2
-3
-2
1
-2
0
-1
1
-1
2
-2
-1
2
2
-3
-2
2
15
-14
2
-3
6
0
0
-1
3
-3
5
-2
1
0
-3
1
2
-2
-1
3
0
8
-5
-3
1
-9
15
-4
-7
8
-10
4
8
-21
4
25
-14
-14
31
-18
24
-28
-25
58
-19
1
-80
118
10
-74
43
-41
22
-10
-33
86
-104
40
25
-99
82
-33
7
-16
16
-16
25
-22
-18
38
-58
31
19
-29
16
-6
-12
12
-8
8
-13
7
-3
-3
3
-6
8
-6
3
-3
3
-3
1
1
1
3
-2
-1
1
-3
8
-10
4
-2
-7
9
-6
0
-4
4
-2
-1
-2
-1
0
-1
0
0
0
-1
0
1
-1
0
-2
5
-3
1
-4
10
-6
-1
6
-9
9
-3
1
0
-1
2
1
1
2
-3
3
-2
1
-5
9
-6
4
-3
-2
7
-11
10
-7
12
-9
-4
16
-28
21
32
-57
39
-15
-20
28
-14
20
-13
10
-32
85
-96
28
43
-95
90
-24
-9
-38
88
-125
122
-89
15
-21
27
-7
-17
1
39
-69
38
-7
-8
2
23
-44
23
-11
12
-14
2
3
-10
11
-6
-5
0
1
-3
-2
3
-3
1
-3
6
-6
-2
5
1
2
-5
3
-1
1
-4
5
-4
-3
1
-1
0
-1
2
-1
-1
-1
0
-1
-1
-2
1
0
0
-1
0
1
-1
-2
2
0
1
-1
2
-3
-4
4
-3
1
-1
3
-4
2
0
6
-2
-5
6
-2
1
-1
4
0
-3
2
1
-4
-4
12
-9
3
3
-12
13
-9
23
-41
24
4
-7
-3
40
-65
42
4
-15
-3
29
-17
19
-85
126
-116
93
-28
-8
-16
16
-4
-109
218
-177
69
-37
26
-19
-9
-8
1
15
-2
-13
3
-34
41
-18
4
-3
6
-7
0
-4
-1
3
-3
0
0
-3
5
-3
0
-1
2
1
-3
5
-2
-1
3
0
-1
-1
3
-4
5
-4
4
-6
4
-2
-1
-3
2
-1
-2
0
0
0
-3
4
-3
0
1
1
-1
0
1
-2
1
-1
4
-6
3
-4
6
-3
3
0
-2
0
3
0
-3
5
-3
1
0
-1
1
-1
4
-3
1
1
-3
4
0
-4
1
-5
7
-2
5
-17
43
-31
4
-12
1
18
4
-4
-5
-16
30
-34
73
-174
222
-105
2
21
-7
-9
9
-41
60
-28
-163
223
-94
11
-3
5
-19
0
-19
32
-24
10
-2
0
-2
-13
15
-6
-7
-2
3
4
-6
-1
0
-2
-1
2
-1
0
1
-1
1
-7
8
-5
3
-1
3
-5
4
0
-1
-1
0
-1
1
-1
-4
2
-2
0
-2
1
-2
0
1
-2
-1
0
-1
-1
1
1
-1
1
-1
1
1
2
-2
-1
2
1
0
0
-1
1
4
-5
4
-2
4
-6
9
-7
2
0
1
2
0
2
0
-1
2
-1
-5
5
4
-1
-6
-4
16
-12
-1
0
0
11
-20
35
-17
3
-16
7
-1
13
-91
227
-161
-26
67
-37
17
-8
11
-59
28
0
74
-119
22
17
-5
-1
-13
8
-25
39
-29
-5
16
3
-38
30
-10
0
-2
1
-8
16
-13
5
-5
1
-1
0
-2
1
-1
-2
4
-5
8
-8
5
-2
1
-2
2
-2
-3
3
-2
0
-1
-6
1
1
-2
-1
-3
2
-1
-2
1
-4
-2
4
-2
-2
2
-1
1
2
-3
0
-1
2
2
-4
2
-1
-1
4
-2
-2
3
-2
1
-2
6
-8
8
-6
5
-1
0
1
-2
0
1
2
-5
6
-13
17
-6
1
0
1
-8
30
-36
4
17
-4
-25
44
-22
11
-10
2
-1
19
26
-115
78
4
36
-54
20
-8
-1
-15
9
16
-99
57
46
-69
22
17
-25
3
-11
12
-5
0
8
-53
64
-28
2
-4
6
-9
7
-5
-4
4
-2
-2
-1
0
1
-2
3
-1
1
-2
2
-2
1
1
-1
1
0
0
-1
0
0
0
-2
-3
0
3
-2
0
-3
0
0
-4
0
-1
0
-2
2
-1
1
-3
1
2
-2
1
-1
4
1
-2
-1
0
1
1
0
-1
1
2
-2
1
1
-2
2
-1
1
0
3
-2
0
0
0
-1
0
4
-2
-5
8
-9
7
-3
3
-27
64
-51
9
1
-1
16
-8
6
-22
19
25
-67
50
61
-96
19
18
-10
8
8
-4
-15
-4
15
7
-15
-19
1
9
-3
-12
-3
6
1
-9
-3
5
2
-8
-8
1
5
1
-5
-2
0
-2
-3
0
1
0
-2
0
1
-1
-1
0
0
0
-1
1
2
0
-1
0
2
0
-3
-1
1
0
-1
-1
0
0
-2
-1
-1
-1
-1
-1
0
-1
-1
0
0
0
0
0
1
0
-1
1
1
0
-1
0
2
0
-2
0
2
1
-2
0
1
0
-1
-1
1
0
-1
0
2
0
-2
0
2
1
-2
0
2
0
-3
1
7
2
-7
-7
3
6
-2
-6
4
10
0
-7
1
12
2
-16
-12
12
17
2
-11
0
