0
0
1
-3
1
-2
-1
1
-2
1
-1
-1
-1
-1
2
-4
1
-2
10
-16
6
0
0
0
0
-1
2
-1
-2
-1
2
-1
-1
0
0
-1
-1
3
-3
1
-2
1
2
-2
2
-1
-2
-1
0
0
0
0
-1
3
-1
-1
2
0
0
0
0
0
-1
-1
0
0
-1
0
-1
0
0
0
-3
1
1
-3
0
0
0
0
0
0
1
0
-3
3
-2
-2
1
-2
2
-3
0
1
-1
-2
0
0
-1
0
1
0
-1
1
0
-1
0
0
-6
15
-11
0
-1
2
-2
0
-1
0
0
-4
1
-1
0
0
-4
0
-3
-3
0
0
1
-6
4
-2
1
-1
2
-2
0
0
1
-3
2
-2
-1
1
5
-23
22
-5
-2
1
-1
0
1
0
0
-1
2
2
-2
2
0
-3
2
0
-1
0
-2
1
0
-2
2
-1
-1
0
0
-1
1
-2
2
0
-1
-2
1
0
-2
2
-1
-1
-1
-1
0
0
-1
-1
1
-2
1
-1
-2
1
0
-1
-1
3
-2
1
-1
-1
0
1
-2
3
-1
-2
1
-1
0
-1
-2
2
-1
-3
2
1
-1
0
1
-1
-2
-1
-1
-1
1
6
-23
23
-5
-2
0
1
-4
2
-3
-2
-1
0
-3
0
-3
2
-5
2
-3
-5
0
-6
3
-5
10
-5
-1
1
0
-1
-1
-2
-2
1
-1
-2
2
2
-6
5
-4
0
2
0
-2
1
0
-1
0
-1
1
-1
2
-2
-3
4
-3
-1
0
1
1
-4
4
-1
-1
4
-4
-1
4
-3
0
0
0
-1
1
0
1
-2
0
0
1
0
0
-1
0
0
0
0
-1
0
0
0
-1
0
-2
0
0
-1
-1
1
-4
0
3
-4
0
0
-4
2
-1
-2
0
-1
2
-5
1
0
-2
0
-2
0
-1
0
-1
-2
2
-1
-2
-2
4
-6
6
-2
-2
0
-1
-2
0
0
-1
0
0
-3
0
5
-10
1
-5
0
0
-1
13
-8
-39
23
18
-5
0
-4
0
-3
4
-1
-18
18
-9
5
10
-3
-14
4
1
2
0
0
1
-1
2
-1
-1
1
-1
0
-1
1
0
0
-1
0
-1
-1
0
2
-4
0
3
-2
0
-1
1
-2
0
1
-3
-1
2
-1
1
-1
2
-1
0
0
0
0
-1
1
-2
0
-1
2
-3
0
1
-2
0
0
-1
1
-1
1
-4
-2
2
-3
0
-1
0
-1
1
0
-1
-1
0
-1
0
-1
0
0
-2
0
-2
0
-1
-2
-1
-4
13
4
-10
-4
8
-21
15
-1
-5
1
-2
2
-1
5
-21
-26
37
6
-15
-3
0
8
19
-55
69
-36
-7
16
-13
8
-5
-1
-2
-13
40
-35
19
-1
-15
-25
50
-20
3
-2
-1
0
-2
2
0
-1
-1
1
-4
3
-1
-2
-1
2
0
0
-2
1
-1
1
1
-3
2
-2
1
-1
0
-1
-1
-1
1
-1
0
-2
-1
0
0
0
0
0
0
0
0
0
0
-1
0
1
-1
-1
-2
0
0
1
-1
1
-1
3
-2
2
-2
-1
0
-1
1
-1
0
-2
1
0
0
-5
3
-1
-1
0
0
-1
1
0
1
1
-4
20
-51
24
15
0
-19
34
-42
12
1
-2
2
-10
12
-17
7
36
-71
53
-20
-14
0
-23
-9
0
65
-58
3
12
-5
3
0
-1
-1
-14
28
-15
-8
1
6
0
-9
10
-2
0
-2
2
-1
0
0
1
-2
3
-2
-1
1
-2
0
-1
0
0
0
0
1
-1
1
0
-1
2
-1
-1
1
-1
1
-1
-1
-2
1
0
-1
1
-1
0
0
0
0
0
-1
0
0
-1
1
0
-2
1
-1
0
-1
1
-2
0
1
-2
0
1
-1
0
-2
-1
0
0
0
-1
-1
1
-1
0
2
-4
1
-2
-1
0
1
-3
2
0
2
-10
7
0
-7
-2
8
13
-28
14
-1
0
-1
-4
4
-12
-5
57
-67
-2
8
19
0
1
-12
-14
27
35
-29
-29
23
-6
-1
3
-8
11
-13
7
-14
14
40
-59
-2
21
-3
-3
-2
5
-2
0
-1
2
0
-1
0
1
0
-1
2
-4
3
-2
0
-1
0
0
0
2
-2
0
0
-1
1
-1
1
-4
4
-4
1
0
-2
1
-1
0
0
0
0
0
0
-1
1
-2
1
-2
-2
3
-4
2
-2
1
-2
0
0
-2
1
-3
0
0
0
0
0
1
-4
2
-3
0
-1
-3
0
2
0
-2
0
-1
1
-5
1
2
2
-22
2
58
-41
-14
14
-9
12
-13
7
-6
-1
4
-23
29
28
-35
-28
12
12
-6
0
21
17
-69
74
-71
45
-11
5
-5
-4
11
-23
24
-18
19
-17
12
-16
37
-42
22
-8
2
-2
3
-1
2
-3
2
-1
2
-4
5
-3
1
0
1
-1
0
1
0
-2
1
-1
-1
1
-1
0
-2
1
1
0
-3
2
-3
0
0
-1
-1
-1
0
-1
-2
0
0
0
0
0
-1
0
-1
-1
3
-2
2
-1
-1
-1
1
-1
0
-1
0
1
-3
2
0
-2
1
0
-2
-1
0
3
-5
3
-2
0
-2
2
-2
2
-4
1
-3
7
-23
42
-37
16
-13
16
-20
18
-25
22
-12
3
2
-6
11
-44
69
-75
65
-20
-26
0
-10
-19
-1
67
-56
-20
40
-9
-3
0
3
3
-28
30
-13
2
-7
2
25
-27
4
3
0
0
-2
0
1
-1
2
-1
1
0
0
-1
0
0
0
-1
0
0
1
-1
0
1
-1
-2
2
0
-2
0
3
2
-5
4
-4
1
1
-1
0
0
0
-1
-2
0
-1
0
0
-1
-1
0
-1
-2
4
-5
5
-3
-2
-1
1
0
-3
0
0
-2
-2
0
-1
0
-1
1
1
-1
-2
0
-1
0
-1
0
-2
0
0
0
0
-1
-1
-4
-4
27
-26
-3
7
-2
11
-32
27
-5
-5
-3
1
8
-40
20
54
-69
-1
18
5
0
-4
1
-32
34
39
-16
-44
22
-4
-2
9
0
-27
10
10
-1
0
-13
7
1
-1
2
-3
0
2
-1
-1
1
0
-2
2
-2
1
-1
1
-1
-1
2
-2
2
-1
0
0
-1
0
0
0
1
-2
1
-2
4
-4
0
0
0
-2
0
-1
1
-1
-1
0
0
0
1
-1
-1
-1
0
-1
0
-1
-1
3
-4
3
-2
0
-1
0
-1
-1
1
-1
-1
0
-3
2
-3
1
0
-2
-1
-3
2
-2
1
0
-1
1
-1
-3
-1
2
-4
0
-2
-7
12
-1
1
-12
-11
25
-1
-12
1
2
-23
44
16
-39
-34
29
-1
-1
0
10
9
-52
41
32
-75
51
-16
0
3
-8
9
-13
23
-27
17
-18
22
-33
37
-20
3
1
1
-2
-2
2
-1
-1
1
-1
2
-3
1
-1
1
-2
0
1
-2
-1
3
-3
1
1
-2
3
-3
2
0
-1
2
-5
2
0
-2
1
0
-1
-2
0
0
0
0
0
0
-1
0
0
-1
-2
1
-1
-3
4
-2
0
-1
-1
3
-3
2
-1
-2
2
-3
0
1
-2
-2
0
-2
1
-1
2
-2
0
-1
-1
1
-3
1
0
-2
-2
-3
21
-38
32
-24
16
-17
27
-25
11
-11
7
-3
-2
15
-52
74
-32
-43
46
-10
-14
0
-3
-26
12
73
-111
74
-25
-3
5
0
-14
-6
62
-72
25
-1
13
-30
13
4
-2
0
2
-3
2
-2
0
0
1
-1
1
-1
0
-1
0
1
0
-2
3
-2
1
-1
2
0
-1
0
-1
-1
3
-4
0
0
1
-4
2
0
-1
0
1
-1
-2
0
0
0
0
0
1
-1
0
0
0
0
-1
2
-3
-1
0
2
-4
1
1
-1
1
-1
-2
0
-2
2
-3
2
-1
-1
-1
0
-1
1
-1
0
-1
0
0
1
-2
2
-2
0
2
-4
-14
30
-15
1
-26
69
-63
4
13
-1
-7
2
23
-74
109
-75
-14
25
0
0
-7
19
-22
31
-43
7
11
1
1
0
-15
21
-8
11
-13
2
3
-3
3
-8
1
2
1
-1
0
1
0
-2
0
0
0
0
-1
1
-2
-1
0
1
-2
2
-3
1
-2
0
1
-2
1
1
-1
-3
2
-5
6
-5
0
0
0
-1
2
-1
1
0
-1
0
0
-1
-1
1
-1
0
-1
0
0
4
-8
5
-4
2
0
-1
-1
1
-2
-1
0
-1
1
-2
1
-2
0
0
-1
-3
1
-1
0
-1
-1
1
0
-1
-1
1
1
-3
-2
7
-5
2
-5
-2
12
-13
8
-23
15
-1
-2
-1
-10
-8
41
-32
19
-20
3
0
-5
6
-9
18
-25
14
-4
3
-6
-1
-4
9
0
-15
11
-2
2
-1
-1
-4
3
0
-2
1
1
0
0
0
1
-2
2
-1
-1
-1
2
-1
0
0
0
0
-2
3
-4
1
-1
2
-3
4
-4
0
-2
2
-3
2
0
1
-2
0
0
-1
1
0
0
0
-1
0
0
0
-2
-1
2
-2
0
-2
3
-3
0
-2
3
-4
2
-3
1
-2
3
-4
0
-1
0
-1
-1
0
-2
0
0
0
-2
1
0
-1
0
0
-1
-1
2
-2
-4
4
0
0
-2
2
-13
12
-2
-11
3
-1
5
-3
2
-15
23
-21
6
-5
1
0
7
-1
-5
11
-11
-3
7
-2
-3
-1
3
-4
4
-1
-3
0
-1
2
-2
3
-1
2
-2
2
-1
1
1
-2
3
0
-1
0
0
-1
1
-1
0
-1
-1
2
-4
3
-3
1
-1
2
0
-2
1
-1
2
-1
0
0
-1
0
0
-1
1
0
0
0
-1
0
-1
0
0
0
-2
1
-1
-1
0
-1
-1
1
-1
-1
-2
1
-1
-2
1
-1
3
-4
4
-3
0
0
-2
0
-2
0
-1
-1
1
-1
-3
2
-1
-1
1
-4
3
-1
2
-2
3
-2
1
-1
2
-1
-6
3
-5
0
1
1
-9
1
10
-12
3
-1
-10
0
5
-5
2
-3
4
0
-4
-1
1
0
0
-2
1
-5
1
1
-1
0
0
0
0
0
2
-1
-1
0
-1
2
-1
0
-2
2
-2
0
-1
0
0
-1
0
0
-2
1
-1
0
0
-3
3
-3
2
-2
2
0
-4
2
-2
-1
1
-1
-2
0
-1
0
-1
0
-1
0
-1
-1
1
0
-1
0
0
-2
2
-1
-3
2
-3
2
-3
2
-1
-1
0
-1
0
-1
-1
0
-1
-1
0
0
1
-2
0
0
0
-3
1
-1
1
1
-3
0
0
0
0
1
0
-2
-2
3
-3
0
-2
-1
-4
1
3
-1
-6
1
-4
3
-10
0
-6
3
0
-4
7
-3
-2
2
-5
1
-1
1
-3
-3
4
-2
-1
1
-3
4
-3
1
-1
1
1
-1
1
-2
0
1
1
-2
1
0
-1
-1
1
-1
0
1
-2
0
-1
2
-3
0
-2
2
0
-4
3
-1
0
0
0
-2
1
-1
0
1
-1
-1
0
0
-1
0
0
-1
0
0
-1
1
-1
-1
-1
1
-4
3
1
-3
0
0
2
-3
-1
-1
1
-2
-1
1
-2
1
0
-1
-2
1
-1
-2
0
2
-2
1
0
-2
2
0
2
-4
3
-1
1
1
-5
2
3
-3
0
-3
2
-3
1
2
-9
2
-1
-4
1
0
-3
0
2
-3
0
2
2
-4
3
-2
-1
-1
-1
-1
1
-1
-2
1
1
-1
1
-3
1
0
0
2
0
0
-1
0
0
-1
1
-2
-2
1
0
-1
0
-1
1
-3
0
3
-2
1
-3
3
-4
1
0
-1
1
0
0
0
-1
1
-1
-1
-1
1
0
0
0
0
-1
0
0
0
-1
0
0
0
-2
0
1
-2
2
-4
2
-2
1
-3
-1
2
0
0
-1
-1
0
-3
0
0
-2
1
-1
-1
1
-1
0
-2
1
0
-2
1
0
0
-2
-1
0
0
-2
-1
-1
0
-2
0
-4
4
-2
-2
-1
2
-6
0
-2
0
2
-2
3
-6
1
1
-1
3
-1
-2
1
-3
4
-4
0
-1
-1
0
1
1
0
-1
2
0
-3
1
0
-1
1
0
-2
4
-4
1
1
-1
-1
1
-2
3
-2
0
1
-2
-1
0
1
-2
2
-1
0
-2
2
-2
1
-1
0
-1
-1
0
-1
-2
0
0
-1
0
-1
-1
0
0
0
0
-2
1
-2
1
-1
-1
-2
1
-2
0
-1
0
-1
0
2
-3
2
-3
0
0
-1
-1
3
-4
2
0
-1
0
0
-2
1
0
-2
-1
-1
-1
-1
0
1
0
-3
3
-5
2
-2
0
-2
-2
2
-2
-2
4
-6
0
-5
0
-1
2
-3
-3
2
-2
0
0
0
-1
-2
1
-3
3
-3
0
1
-1
-2
1
0
-1
1
-1
0
0
1
-2
1
0
0
-1
-1
1
-1
3
-3
3
-1
-1
0
0
-1
-2
2
-2
-1
0
0
1
-2
-1
1
-4
3
-2
1
0
-1
0
0
-1
0
0
0
0
0
0
0
0
-2
1
-2
1
-3
0
3
-1
-1
-1
0
1
-5
2
0
-1
-1
0
-1
-4
3
-2
-1
-2
0
0
0
0
-1
2
-1
-1
-1
0
-1
1
-1
-1
1
-1
-1
-1
1
-4
2
-3
-1
0
-2
0
-1
1
-4
1
0
-2
-3
0
-5
0
-1
-2
3
-2
-1
-1
0
-1
1
0
-2
2
-4
0
0
0
-3
2
-1
1
-2
1
-2
0
-2
2
-1
-1
0
0
0
-1
1
-1
1
1
-1
-1
-1
-1
0
0
0
1
-3
-1
1
0
0
0
-1
1
-1
1
-1
-1
0
0
0
-1
0
0
0
-1
0
-1
0
-1
-1
-2
0
-2
1
-1
0
1
-1
0
3
-1
0
0
-2
0
0
-1
1
0
-1
1
-1
0
-1
0
0
1
0
-1
1
-1
-1
-2
2
0
-1
-3
1
-1
-1
-1
1
-3
0
-2
-2
0
-2
0
0
0
-4
1
-2
-1
-1
0
0
0
-2
0
1
-1
0
1
-3
-1
-2
2
-3
0
-1
2
0
-1
0
1
-1
0
-1
0
-1
0
1
-1
1
0
-1
-1
3
-2
0
1
-2
0
1
0
-1
-1
3
-2
0
0
0
1
-2
1
0
-2
0
-1
2
-1
-1
0
-1
-1
0
0
0
0
0
-1
0
-1
-1
0
0
0
-2
0
-2
0
-1
-1
1
-1
-1
0
-1
1
-3
0
0
-1
-2
-1
1
-2
-1
0
-4
1
2
-1
-1
0
1
-1
0
-1
1
-2
2
-2
0
0
-1
-2
0
-3
2
-4
0
-1
0
-2
-1
0
-4
-2
-1
-1
-5
0
-2
0
-3
1
-3
0
-1
-1
1
-1
-1
1
-3
-1
1
-1
-1
-1
0
0
1
0
1
0
-1
0
2
-3
3
-2
1
0
-2
2
1
-1
1
0
-1
-1
1
-4
1
-1
-2
0
0
1
-2
1
0
0
0
-1
1
0
0
-1
-1
1
-1
0
0
0
0
0
-1
-1
0
0
-1
0
-1
1
-1
-1
-2
-2
2
-2
-1
-1
0
0
-3
2
-3
0
0
1
-3
0
-1
-1
0
0
-2
1
-4
4
-2
0
0
0
1
-2
-1
1
-1
0
-1
0
-2
0
0
-3
0
-1
-2
0
0
-3
2
-3
0
-1
-4
0
-4
1
-1
0
-2
1
-1
-1
0
-1
0
-1
-1
-1
-1
-1
1
0
-1
0
1
0
-1
1
-1
0
1
-2
1
1
0
-5
2
-1
0
0
0
1
0
-1
1
-1
-2
0
1
-2
1
1
-2
0
-1
1
-1
1
-1
0
-1
1
-1
0
0
0
0
0
0
-1
0
-1
1
-1
0
-1
0
-1
-1
-1
-1
-2
0
-2
-2
2
-2
0
1
-1
-2
0
0
-2
1
0
-1
0
-3
4
0
-2
1
2
-1
0
0
-1
2
0
-1
0
0
0
-2
0
-2
0
0
-1
-1
1
-2
0
0
-3
2
-2
0
-2
-1
0
-4
3
-1
-1
-1
0
0
1
-2
-2
-1
-2
-3
2
-1
0
-1
-1
-1
-1
0
0
1
1
0
-1
-1
1
-1
-1
2
0
-1
0
0
0
1
0
0
2
-1
-4
4
0
-1
2
-1
1
-1
-2
0
1
-2
0
-1
-1
0
0
-1
1
0
-1
0
0
0
0
0
-2
0
0
1
0
-1
-1
0
-2
0
0
0
-1
0
-3
0
1
-5
4
1
-2
1
-2
-2
1
0
-1
-1
0
-4
1
1
-2
1
-1
-1
-1
-1
-2
1
0
-1
0
-1
0
-1
-4
2
0
-2
0
-1
-1
-1
-1
-1
0
-2
-2
0
0
-2
0
3
-9
2
1
-1
2
-3
0
0
-2
-4
2
-1
-2
2
-1
2
-2
-1
1
2
-1
-1
0
1
0
2
-2
-1
3
0
-2
1
-1
0
-1
0
0
-1
-1
3
-2
1
-2
2
-3
-2
1
-2
2
0
0
-1
1
-1
-1
0
1
-1
-1
-1
0
-1
-1
0
-1
-1
0
0
-1
1
0
-1
-3
1
-2
-1
3
-2
1
-2
0
-2
1
0
-1
-1
-1
-1
0
-1
0
0
-4
2
1
-1
0
-2
0
-1
1
-2
0
0
2
-2
0
-1
2
-1
-6
2
0
-3
-2
1
-2
-1
-3
-2
6
-6
-2
-3
0
-1
-1
6
-9
3
3
-1
-2
3
-1
0
2
-35
57
-23
-12
-5
37
-23
-5
10
-6
-2
1
13
-14
2
4
0
-1
0
-1
3
-4
0
0
2
-6
4
0
-2
-1
2
-2
2
-2
-3
2
2
-2
1
1
-4
0
2
-1
-3
4
-2
-2
1
0
-1
0
1
0
-1
1
1
-5
2
1
-2
-1
5
-2
-1
1
-2
-2
3
1
-3
2
-3
1
2
0
-6
4
-2
0
-1
4
-4
1
0
1
0
-4
-3
13
-13
-1
3
6
-10
6
22
-38
3
12
22
-58
33
-3
-1
1
-4
1
1
-3
-3
8
-8
-1
-2
0
-4
4
-8
6
-5
1
1
-1
0
-3
7
-9
11
-22
13
7
-7
-9
9
4
-9
4
-3
2
0
-1
3
-3
0
3
-5
5
-4
0
2
-2
0
0
3
-5
3
1
-6
5
0
-6
6
-8
5
-2
-3
2
-2
-2
0
-1
2
-4
0
-1
-2
1
-1
0
0
-1
-1
0
-2
4
-3
0
-2
2
1
-4
2
0
-6
7
-7
5
-2
-6
5
-1
-3
4
-4
0
-1
1
-4
0
2
-6
4
-4
0
2
-4
1
1
-3
2
-4
9
-6
-10
7
6
-8
-14
21
-11
8
-6
0
-2
0
-2
-2
5
-8
4
-5
1
0
-1
1
-3
0
1
1
0
-1
2
-3
-6
11
-11
16
-7
-12
10
-3
-6
1
10
-6
2
0
1
-1
1
-1
-2
6
-7
5
-2
-2
3
-3
2
-1
-3
3
-1
0
1
-3
5
-6
2
1
-3
0
1
0
-1
-1
1
-1
3
-2
0
0
-1
0
-1
0
0
-1
1
-1
0
2
-1
0
-1
0
1
-1
-2
-1
1
-2
-3
5
-6
2
-2
-1
-1
-3
2
1
-4
2
-3
2
1
-6
8
-6
3
1
-1
0
0
0
-1
6
-9
-1
5
1
-11
11
6
-17
10
-11
4
1
-3
1
0
-1
-3
-2
2
-2
-3
0
0
1
-5
3
0
0
-1
-1
2
-4
1
0
1
-12
11
-1
9
-1
-10
-4
3
-2
6
-5
5
-1
-3
2
0
-3
0
1
-4
3
-4
3
-3
4
-4
-1
-1
5
-6
2
-1
0
-1
2
-2
1
-2
1
-3
2
-2
2
-2
-1
3
-3
-1
0
0
0
0
-1
0
1
-3
1
1
-3
2
-3
2
-2
2
-1
0
-2
0
-1
2
-2
5
-6
0
-1
2
-4
2
-3
2
-4
3
-1
-2
1
-1
-2
4
-1
-6
5
-6
2
-5
3
9
-1
-9
1
-13
12
-3
-1
-3
2
-3
0
0
-1
0
-4
4
-2
-5
0
-2
3
-5
2
-2
1
0
-1
0
1
-5
1
-4
13
-16
8
1
6
-22
14
3
-1
-1
-3
2
-2
2
-2
0
-1
2
-2
-1
3
-3
4
-2
0
0
-2
2
-1
1
-2
3
-3
0
0
-1
-1
2
1
-2
2
1
-4
2
-1
0
-1
0
-1
-1
0
1
0
-1
1
-1
-1
-2
3
-1
-2
1
-1
-2
1
0
-1
-1
1
-4
2
-2
-1
-1
1
-1
0
1
-5
3
-4
0
2
-2
1
-1
0
-3
1
-3
1
-1
2
-5
-14
22
-7
-2
-9
14
-16
2
-3
4
-3
-2
0
1
-2
1
-3
3
-6
-2
0
1
0
-2
-1
1
2
-1
-1
-2
0
0
-2
-1
0
1
1
-1
0
2
2
0
-2
-1
1
0
-1
-1
1
0
0
-1
0
0
0
0
-1
0
0
0
-1
-1
-1
-1
-1
-2
0
1
0
-1
-1
0
1
0
-1
-1
1
0
-2
0
1
0
-1
-1
0
0
0
-1
0
0
0
-1
-1
-1
0
0
-1
-1
0
0
0
-1
-1
0
-1
-1
-2
-1
1
-1
-1
-1
0
0
0
-1
0
0
0
0
0
0
0
-1
-1
0
1
1
-2
-3
-1
0
-1
-3
-2
0
1
-2
-2
0
1
0
-2
-1
0
0
-2
-3
