0
-3
0
-1
1
-3
7
1
-15
12
-1
-3
4
-1
-1
-1
2
-3
10
-21
14
-5
2
-1
-2
2
0
-1
-2
3
-2
2
1
-5
2
-1
1
-1
1
-1
-1
1
0
1
-2
3
-2
1
2
-2
0
2
-6
5
-2
-1
0
0
0
0
0
0
-1
0
0
-1
-1
0
0
0
0
-1
-1
0
1
-5
6
-3
-1
2
-3
-1
1
-2
1
0
0
-1
0
0
-1
1
-2
0
-2
4
-1
-2
1
-2
2
-1
0
-2
1
3
-2
5
-15
19
-11
2
-3
0
-1
-1
-5
4
-1
-14
15
-1
-8
2
-1
-2
-2
-2
0
0
-2
-3
6
-7
0
4
0
0
-8
7
-6
3
-2
-2
8
-13
13
-2
2
-9
10
0
-6
0
8
-9
7
-4
0
3
-11
7
-2
0
0
2
-2
-1
1
0
1
0
0
-1
1
0
0
-3
3
2
-3
0
1
-1
-1
0
-1
0
0
0
0
-1
0
-1
0
0
0
-1
-1
0
-1
1
-1
-2
2
-1
-3
3
0
-1
-1
1
0
-1
-1
0
-1
0
0
-1
0
0
0
-9
10
-4
-2
3
-7
9
-9
0
6
1
-10
10
-1
1
-14
14
-8
1
1
-4
4
-6
6
-1
-1
-5
-1
6
-8
0
0
-4
0
1
-8
-4
28
-44
75
-100
88
-50
30
-38
32
-24
17
-27
18
-19
39
-51
43
-22
17
-18
13
-8
1
2
0
-1
0
-1
2
-1
0
0
1
-2
1
-1
0
-1
2
-2
-2
2
-1
-3
2
-2
-4
4
1
-4
3
-1
-1
0
0
0
-1
0
0
0
0
-1
0
0
-1
0
-1
0
0
2
-3
3
-2
-4
4
0
-3
1
0
-2
1
1
-4
0
-1
0
-1
2
-1
-1
0
1
-2
1
-1
1
0
-2
-3
8
-14
18
-18
21
-43
52
-40
18
-19
26
-19
23
-34
36
-31
48
-89
99
-76
42
-29
2
6
-5
0
-4
7
-9
17
25
-87
142
-351
355
-116
19
22
-32
34
-52
-18
58
-79
95
-78
79
-75
91
-79
37
-26
10
-1
5
-1
-3
-8
15
-13
4
-1
0
-2
1
0
-5
11
-17
11
-5
3
-3
5
-6
5
-5
-2
4
-2
1
-1
0
-1
1
0
0
0
-1
0
1
-1
-1
-1
0
-1
-1
0
0
-1
-6
1
4
-6
5
-6
3
-4
4
-12
16
-10
3
-1
-2
1
-2
0
-5
10
-16
8
3
1
-7
-1
-12
26
-37
78
-91
75
-80
77
-97
77
-58
17
50
-37
30
-23
-21
114
-357
351
-145
86
-26
-19
6
-9
-1
0
-6
9
3
-18
21
-60
-87
410
-381
163
-60
-32
18
14
-30
132
-138
103
-76
-101
185
-214
234
-134
91
-71
39
-27
21
9
-31
30
-41
24
-3
1
0
3
-7
6
-6
10
-14
15
-11
1
1
-6
12
-8
5
-2
-3
0
-2
0
-1
-2
0
0
0
-1
-1
0
1
0
0
-1
0
-1
-1
-1
-1
-2
3
2
-6
9
-12
5
-3
-2
10
-16
14
-11
5
-7
7
-5
-1
-1
1
-25
39
-31
30
-9
-21
27
-39
70
-91
133
-234
213
-185
102
76
-103
138
-133
29
-15
-20
31
60
-165
379
-411
85
58
-22
16
-6
-11
1
0
-8
15
10
-52
-9
107
-96
78
-36
-59
49
0
5
5
11
-180
200
17
-109
189
-205
28
44
-46
45
-2
-4
-24
38
7
-52
51
-51
29
0
3
-13
15
-27
18
14
-14
-14
23
-16
9
1
-3
-13
15
-9
6
1
-6
1
0
-1
0
0
0
-1
0
-1
0
-1
0
-1
0
0
0
-1
-1
-1
6
-3
-6
9
-17
11
3
-1
-9
16
-24
12
13
-14
-19
26
-16
11
-4
-1
-29
50
-52
51
-7
-39
24
4
2
-46
46
-43
-30
205
-188
107
-19
-201
180
-11
-7
-5
-1
-49
56
35
-79
96
-108
8
51
-14
-17
3
0
-9
18
9
-47
-9
126
57
-416
346
-163
92
45
-55
-57
39
181
-178
-188
268
-66
-26
267
-390
203
-107
64
-41
21
16
8
-37
35
-41
23
5
-6
-3
-5
24
-26
13
-21
50
-50
25
-15
1
1
13
-18
-1
8
-8
4
-2
-1
-1
-1
0
0
0
-1
0
0
-1
0
0
0
-1
-1
-1
1
1
-5
7
-9
0
16
-14
-1
-2
14
-25
48
-50
20
-14
25
-25
4
2
6
-7
-24
41
-35
36
-8
-16
-22
39
-64
105
-204
390
-267
25
65
-268
187
178
-181
-40
56
53
-46
-95
161
-349
416
-56
-127
8
45
-11
-20
5
0
-9
17
-10
0
21
-75
7
150
-214
283
-197
-50
75
14
-15
-68
23
313
-358
-117
286
13
-171
138
-113
57
-21
-7
28
6
-36
1
41
-25
-6
0
18
-4
-35
43
-43
37
-28
17
9
-9
-6
9
-6
6
-9
10
-9
8
-4
-1
-1
-1
1
0
0
0
0
0
0
-1
0
-1
-1
1
-1
1
3
-8
8
-11
9
-6
6
-9
7
9
-10
-18
27
-38
41
-43
34
4
-19
0
5
23
-41
-2
36
-7
-28
6
20
-58
112
-139
171
-15
-286
117
357
-313
-24
68
13
-15
-76
48
195
-284
213
-150
-8
74
-22
-1
8
-18
4
0
-6
12
-27
52
6
-122
11
269
-153
-255
239
47
-112
115
-70
-230
330
-118
18
-72
128
-156
166
-51
-53
31
-12
-7
33
-20
2
9
-27
22
-7
7
-26
20
30
-37
-12
27
-30
29
-13
6
-5
5
-4
-4
2
1
0
-6
3
0
-1
-1
-1
0
1
-1
-1
0
0
0
0
0
1
1
0
0
-4
5
-1
-1
-2
3
3
-5
4
-7
12
-30
30
-29
12
36
-31
-21
24
-8
6
-23
26
-9
-1
19
-32
6
12
-32
52
51
-166
155
-129
71
-19
117
-331
230
69
-116
110
-48
-241
253
151
-269
-11
121
-7
-53
25
-13
3
0
-3
1
-20
47
-54
95
27
-362
268
191
-232
-4
81
-238
252
253
-470
19
233
-116
58
-108
136
-46
-42
10
38
-27
5
3
-15
1
27
-19
-3
4
-10
5
0
7
-2
-9
-27
59
-25
1
-5
1
0
-7
10
-10
3
4
-6
2
1
-1
1
-1
0
1
0
0
1
-1
0
0
-2
0
0
-3
4
-5
-3
9
-10
6
-2
-2
5
-1
24
-59
28
9
1
-8
-3
-6
8
-4
2
18
-28
-2
15
-3
-5
27
-40
-11
40
45
-136
106
-59
117
-235
-19
470
-254
-253
237
-83
3
230
-192
-271
361
-27
-97
52
-48
17
-3
0
0
3
-9
9
-22
-11
62
-111
274
-200
-182
237
-76
22
38
-88
246
-341
-3
247
-137
76
-23
-79
58
6
-21
24
-16
-1
-3
29
-22
-29
35
3
-21
25
-34
2
28
-7
-17
-14
67
-43
-18
25
-14
7
-3
0
4
-7
-1
4
-1
1
-1
0
-1
-1
-1
0
0
0
0
0
0
-1
0
-1
0
-4
0
5
-5
-1
2
-8
13
-26
18
43
-67
13
17
7
-29
-2
33
-25
19
-5
-34
27
21
-28
4
0
15
-25
20
-7
-59
78
22
-77
137
-248
2
341
-247
87
-40
-24
74
-240
182
197
-275
109
-63
10
20
-12
8
-8
0
6
-17
29
-47
74
-125
138
-225
167
152
-241
151
-146
269
-316
64
76
-102
165
-110
82
9
-169
101
36
-39
3
5
0
-4
-15
25
4
-14
-10
14
6
-24
14
3
-4
4
-6
-17
15
19
-29
7
1
-7
9
-6
1
1
0
0
0
-1
1
0
0
0
0
0
0
-1
0
0
-1
-1
0
-1
-1
-1
-1
5
-11
6
-3
-8
28
-20
-16
16
5
-5
2
-4
-15
23
-6
-16
8
14
-4
-26
15
3
0
-6
-4
39
-36
-103
169
-9
-82
109
-164
102
-76
-65
315
-271
145
-154
240
-154
-171
224
-138
123
-75
46
-31
15
-10
0
4
-17
8
-2
-15
38
-92
257
-226
-67
158
-104
90
-81
76
-212
323
-212
142
-142
149
-90
23
-18
-38
44
-4
-7
1
-6
1
17
-4
-19
5
5
-3
3
18
-63
44
18
-29
23
-14
-30
45
-16
3
-2
1
-5
5
-3
4
-3
0
0
0
0
0
0
-1
0
0
0
-1
-1
-1
-1
-1
2
-5
3
-5
5
-2
1
-4
15
-46
29
14
-23
29
-20
-44
63
-19
-4
2
-6
-8
18
2
-17
-2
6
-2
6
3
-43
36
17
-22
90
-149
141
-142
211
-324
211
-78
79
-92
104
-160
64
224
-258
92
-39
13
1
-10
16
-9
0
1
-7
-13
46
-51
79
-1
-232
222
-10
-40
-36
81
-219
303
-324
372
-213
88
-76
47
-48
75
-69
24
-9
-5
3
5
-12
30
-39
32
-28
14
2
-12
22
-4
-24
29
-48
44
-9
-18
46
-46
27
-18
5
-1
-3
7
-8
6
-5
-1
0
-1
0
-1
-2
1
0
1
-1
0
0
-1
-1
0
3
-7
7
-8
1
2
-6
17
-28
46
-46
18
9
-45
47
-31
23
2
-23
11
-3
-14
29
-33
39
-30
12
-7
-4
4
9
-24
68
-76
46
-48
75
-89
212
-372
323
-303
217
-82
35
37
9
-225
231
0
-80
49
-47
10
6
-5
0
-4
6
-3
1
26
-113
49
175
-175
69
-70
83
-86
-46
159
-242
322
-166
30
14
-96
111
-143
121
-41
16
-8
3
-2
-1
13
-21
17
-16
1
8
-16
32
-29
37
-41
31
-27
24
-28
16
-5
8
-13
6
0
-1
5
-5
3
-2
0
-1
-1
0
-1
-1
-1
0
-1
0
0
0
0
1
0
1
-4
4
-5
2
-1
-8
13
-9
4
-16
28
-24
26
-33
40
-39
29
-33
16
-8
-2
14
-18
21
-13
0
1
-3
7
-16
40
-121
142
-111
95
-15
-32
165
-323
241
-160
45
85
-85
68
-71
172
-176
-48
112
-27
-2
-1
-8
-1
0
-8
18
4
-47
11
96
-44
-149
155
-106
107
6
-70
-19
68
-129
218
-87
-80
47
-3
-31
126
-108
15
-8
28
-28
8
3
0
0
5
-17
11
4
2
-22
24
-23
27
-28
34
-61
61
-25
16
-3
-15
4
5
-5
2
-2
1
-1
1
-1
-1
1
-1
-1
0
0
-1
0
0
-1
1
0
0
0
-1
1
-3
5
-6
-4
14
2
-17
24
-61
61
-34
27
-27
22
-25
22
-3
-4
-12
17
-8
0
0
-3
-10
27
-29
7
-14
108
-126
31
4
-46
77
85
-218
128
-70
17
68
-7
-108
102
-158
149
44
-97
-12
46
-7
-17
3
0
-8
15
-11
5
2
-17
15
7
-18
30
-36
-27
42
56
-98
-30
140
-46
-68
8
92
-41
-65
60
-11
8
-20
14
3
-11
4
8
-3
-10
3
4
11
-31
18
5
-13
14
-16
17
-4
-25
30
-6
-4
0
-1
1
-2
0
0
-1
0
0
-1
-1
-1
-1
0
0
0
0
-1
0
1
-1
-1
0
-1
-1
2
-1
1
-1
4
6
-30
24
4
-17
16
-16
11
-6
-19
30
-11
-3
-3
9
3
-9
-2
8
-4
-14
20
-9
11
-61
65
41
-92
-7
67
46
-141
30
97
-57
-43
25
34
-33
15
-7
-13
16
-4
-7
9
-15
3
0
-5
8
-22
51
-10
-100
12
177
-138
68
-57
-22
54
40
-118
1
112
-43
-30
4
25
-10
-12
5
13
-12
2
0
-2
3
-12
16
2
-16
11
-9
5
0
-6
9
-4
-11
14
-7
1
18
-24
-2
13
-5
-4
4
-3
0
1
-1
1
-1
-1
0
1
-2
0
0
-1
1
0
-1
1
0
-1
0
-2
0
4
-5
3
3
-14
1
24
-18
-2
8
-16
10
3
-10
6
-1
-6
9
-12
14
-2
-17
13
-3
0
0
-3
12
-14
-6
13
9
-26
-4
28
42
-112
-2
116
-41
-55
21
55
-69
136
-178
-13
100
8
-51
18
-9
0
0
-1
-3
-1
6
-53
115
-76
20
-8
-64
72
31
-57
37
-56
3
54
-9
-25
18
-36
10
45
-29
-13
15
-3
-2
-1
4
-5
7
-2
-3
1
-2
2
2
1
-11
4
8
-12
3
9
-10
-2
-2
6
-3
-1
0
1
-2
0
1
0
0
-1
0
0
-1
-1
0
0
-1
0
0
0
-1
0
-1
0
0
-2
-1
0
2
-7
2
1
9
-10
-4
11
-9
-5
10
-2
-3
-2
1
-2
3
2
-7
5
-4
0
2
1
-16
12
28
-47
-10
36
-19
23
7
-55
-3
55
-38
54
-33
-75
62
6
-21
77
-115
51
-8
-3
1
-4
0
-5
6
-6
6
-12
31
-1
-77
67
11
-36
15
-16
19
-10
-8
23
-8
-17
11
3
7
-25
15
4
-4
-4
7
-3
0
9
-11
3
-3
5
-4
-1
6
-4
6
-4
-1
1
-4
3
1
-5
0
2
-1
-1
-1
3
-2
0
-1
1
0
0
-1
0
-1
-1
0
0
0
0
1
0
0
-1
0
0
2
-3
2
2
0
-2
-1
4
-3
-5
4
-2
0
4
-7
5
-6
1
4
-4
2
-3
10
-8
0
3
-8
4
3
-3
-16
24
-8
-4
-12
16
8
-24
7
9
-21
15
-17
34
-14
-70
76
0
-31
12
-7
5
-8
0
0
-5
8
-2
-10
15
-22
17
11
-22
13
-5
1
-7
25
-30
-11
31
1
-23
10
5
-9
15
-12
1
0
2
0
-2
1
-1
1
1
-2
0
1
-3
2
0
-3
-1
2
-4
9
-9
-1
2
-1
1
-1
-2
0
1
0
-1
-1
0
0
0
0
0
-1
1
0
0
1
-1
0
-2
0
0
0
1
1
0
-1
1
0
-1
0
-4
0
8
-10
2
-3
1
2
0
-4
2
-2
-2
1
-1
-1
1
-1
1
0
-2
0
-2
12
-15
9
-5
-11
23
-2
-31
10
30
-28
5
-1
3
-15
21
-11
-18
23
-16
9
-1
-8
1
0
-1
-1
3
-8
6
-2
-7
23
-10
-26
29
-20
9
16
-27
5
10
-4
-4
6
-11
12
-7
5
-3
2
-2
3
1
-2
-5
7
-1
-2
0
1
0
0
0
-1
0
0
0
-3
6
-4
2
0
-2
0
0
0
-2
0
1
0
0
-1
0
0
0
-1
0
0
0
-1
-1
0
0
0
0
0
-1
-1
1
-1
0
-1
1
0
-3
3
-7
2
1
-1
-2
0
0
0
0
-2
0
1
1
-8
5
1
-1
-3
2
-2
3
-4
7
-12
11
-6
2
4
-9
-5
26
-19
-10
17
-31
24
9
-23
7
0
-6
6
-6
0
-3
0
0
-1
0
0
-3
10
-5
-12
10
18
-26
5
3
-18
26
-19
14
-7
2
1
-4
3
-6
7
0
0
-1
1
2
-2
3
0
1
-5
3
1
-1
-1
-1
1
-1
0
-2
5
-4
1
0
-2
2
-1
-1
1
-2
0
-1
0
1
0
0
-1
-2
0
-1
0
0
-1
0
0
0
-1
-1
-1
1
-1
-1
-1
0
0
-3
2
0
-1
3
-4
1
0
1
-3
-1
1
1
-2
-3
6
-3
-1
-2
2
-1
-1
0
1
-1
-7
7
-3
4
-2
-2
6
-14
19
-28
16
-4
-6
25
-20
-10
11
4
-12
3
-2
-3
-1
-4
0
-1
-1
-2
4
-1
-3
3
-1
1
-12
9
11
-20
1
6
1
-3
1
0
0
0
-1
7
-8
3
-1
2
-2
1
1
-2
2
-1
-3
3
-2
-1
0
3
-2
0
2
-2
0
0
-1
-1
1
0
-2
1
0
-1
-1
0
0
0
-1
0
-1
-1
0
0
0
0
-1
1
-1
-2
0
0
0
-1
1
0
-1
-1
0
0
-1
0
0
-2
0
0
-4
0
2
-2
-2
0
2
-4
1
0
-3
1
-1
-2
1
-1
0
-4
8
-8
0
0
-1
-1
-2
3
-1
-7
-3
18
-12
-11
8
-2
0
-3
2
-1
-5
-1
-1
-4
0
-1
-2
-1
1
-1
-2
0
1
-1
1
-1
0
-6
4
-5
5
-5
-1
2
1
-2
4
-10
6
1
-3
1
0
-1
1
1
-3
1
-1
1
0
-1
0
0
1
0
1
-2
1
-1
0
-1
0
0
0
-2
1
-1
1
-1
0
-1
0
0
0
-1
-1
-1
0
-1
0
-1
-1
0
-1
1
-2
0
-2
1
-1
0
-1
-1
-1
-1
0
0
-2
1
-1
-1
-2
2
-1
0
-1
-1
0
-3
3
-1
-1
1
0
-2
2
-1
-7
9
-4
1
-1
-2
0
5
-6
5
-7
3
-2
-1
-2
0
-2
-1
1
-1
-2
-2
0
-3
0
-1
-2
0
-2
2
-1
-4
13
-12
3
0
-10
9
2
-10
3
0
2
-1
1
-1
1
1
-1
0
2
1
2
0
0
0
0
-1
0
-2
0
0
-2
0
-1
0
1
0
0
0
0
-1
0
1
-2
0
1
-1
-1
0
0
-1
0
1
0
0
-1
-2
0
1
-1
1
0
0
-1
0
-1
-1
1
-2
-2
-1
1
-1
0
0
0
-1
-1
-1
-1
-1
0
0
1
-2
-1
0
0
-1
-1
1
0
0
-2
1
-2
1
1
-1
-1
3
-2
1
0
-1
-3
8
-4
-11
9
-2
-4
9
-13
2
1
-2
0
-3
0
-2
0
-2
0
-1
0
-1
0
1
-6
4
-2
0
-1
-1
3
-8
5
-2
1
0
0
2
-2
0
0
2
-1
2
-1
-2
2
0
0
-1
0
0
0
0
-1
0
-2
0
0
-2
-1
3
-1
0
0
-2
0
0
-1
-1
-1
-1
0
0
-2
-1
0
-2
-1
0
0
-1
-1
-1
-1
-1
1
-1
-1
-1
0
0
0
0
0
0
0
-2
0
-2
1
2
-1
-2
0
0
0
-1
-1
-1
0
0
-1
0
-2
1
0
-4
1
-1
-1
0
1
-2
-1
0
-1
1
-5
6
-5
-1
-1
-2
1
-6
5
-3
0
-1
-1
0
-1
-3
0
-2
0
-1
2
-3
6
-2
0
-1
-2
1
4
-5
-6
6
-1
0
0
-1
0
0
0
1
0
0
0
0
1
-1
0
0
0
-1
-1
1
0
-1
0
-1
1
0
0
0
1
-2
1
0
0
1
-1
1
-1
-1
-1
0
0
-1
0
-1
-1
-1
0
-1
0
-1
0
0
0
-1
0
0
0
-1
0
0
0
-1
0
-1
0
0
-2
1
-1
-1
1
-1
-1
0
-1
0
0
-1
0
0
-1
0
-1
2
0
-1
-1
-1
0
0
-1
1
0
-1
0
-1
1
-7
5
3
-5
-3
0
-1
-1
1
-6
2
-2
-2
-1
-3
0
-1
-1
0
0
0
0
3
-4
2
3
-4
1
0
0
3
-4
3
0
-3
2
-2
2
-2
3
-1
-1
2
1
-1
2
0
1
-1
-1
0
0
1
-3
0
-1
-1
-1
-2
1
0
1
0
-1
0
0
0
0
1
0
0
0
-1
0
-1
0
-1
0
-1
0
1
0
-1
0
0
0
0
-1
-1
0
0
0
1
0
0
0
0
-1
0
-1
-1
-1
-1
0
-2
2
-2
-1
-1
-1
0
-1
0
-2
2
0
-1
0
0
-3
3
-3
1
-2
2
-1
-4
3
-3
0
0
-1
3
-4
-3
3
-2
0
-2
-1
-2
-1
-3
0
-2
1
-1
-2
2
-3
0
8
-6
-1
3
-1
-2
-1
3
-3
1
0
0
-1
4
-4
3
-2
1
0
1
0
0
0
0
0
1
-1
1
0
2
-1
-1
-1
0
0
0
-1
0
0
-2
0
1
0
1
0
0
0
0
-1
-1
-1
0
0
0
-1
-1
0
0
0
-1
0
0
0
0
0
-1
-1
0
0
0
0
0
-1
1
0
-2
1
-1
-1
-1
1
0
1
-3
1
-1
0
-1
-1
-1
-1
-1
0
0
0
-2
2
-3
3
-4
1
-1
0
-2
2
-4
1
0
-1
-3
0
3
-9
-1
2
-2
0
-2
-2
-3
0
-5
10
-3
-8
1
4
0
-9
7
-2
0
-1
1
0
-3
4
-2
-3
4
-2
1
-2
2
-3
2
-3
1
1
0
1
-1
1
0
-1
-1
0
0
1
-3
-1
1
-1
1
-2
0
2
1
-2
0
0
1
0
0
-2
-1
0
-1
0
-2
0
0
-1
0
0
0
0
0
-1
0
0
-1
-1
0
1
-1
0
-1
-1
-1
1
-2
-1
0
0
-2
-1
-2
0
1
-2
0
-1
0
0
-1
-1
1
-1
1
0
-2
1
-2
3
-3
1
-2
2
-3
2
1
-5
3
-2
-3
0
-1
0
-9
8
-1
-5
-3
5
2
-11
-1
0
4
4
1
-2
-2
0
3
1
-3
-3
-1
1
-1
-1
-3
0
0
0
-1
0
1
0
-1
-1
-1
-1
-1
0
0
-1
0
0
0
-1
-1
0
0
-1
0
-1
-1
-1
-1
0
0
0
-1
-1
-1
0
0
-1
-1
0
-1
0
-1
1
0
0
-1
0
-1
0
0
0
0
0
0
-1
-1
0
-1
-1
-1
0
-1
-1
-1
1
-1
0
-1
-1
0
0
0
0
-1
-2
-1
-1
0
0
0
-1
0
0
0
0
-1
0
0
0
1
0
-1
-1
-1
-1
-1
0
0
0
-1
-2
-1
0
0
-2
-4
-2
2
2
-2
-5
-5
