0
5
-2
-1
0
0
-7
8
-9
3
9
-8
-4
-2
28
-44
38
-18
-12
3
21
16
-68
47
10
-16
-3
4
0
-7
13
-14
8
-3
0
6
-10
10
-9
1
12
-11
-2
-3
10
-4
-1
-4
1
4
-1
-5
3
-2
2
1
-4
0
1
-1
0
0
0
-1
0
0
0
0
0
0
-2
1
2
-2
-2
2
-4
4
0
-4
-1
3
0
2
-11
1
2
10
-13
-1
9
-10
9
-5
-1
3
-9
14
-14
6
0
-4
2
15
-10
-48
67
-16
-22
-3
12
18
-38
43
-28
1
3
6
-8
-6
8
-9
6
-2
-2
-2
1
-9
0
-7
3
-2
0
2
-3
2
-2
4
-7
5
-12
-8
61
-64
17
6
2
-13
15
-26
41
-37
34
-35
24
-5
-4
-4
13
-13
24
-27
1
6
1
0
-4
-2
3
2
1
-5
-4
12
-6
-5
10
-17
14
-5
-1
-1
8
-10
6
-3
-1
0
0
0
0
0
0
0
1
0
-1
0
0
1
-7
9
-8
0
1
4
-16
16
-10
4
5
-12
3
5
-2
-3
-4
1
3
0
-2
-7
-2
26
-25
12
-14
4
3
4
-25
34
-34
37
-42
27
-16
13
-2
-7
-17
64
-63
6
10
-8
6
-6
1
-3
2
-2
-2
-1
-4
3
0
4
-2
-3
-1
-1
2
6
-5
-12
17
-21
12
17
-2
-89
103
-30
7
-14
19
-15
-19
28
4
-18
10
-1
-1
2
0
-8
10
-10
2
5
-5
5
-9
7
-4
0
7
-8
-8
22
-19
14
-17
13
-3
-4
-2
3
3
-6
2
-1
1
-1
0
0
-1
0
0
-1
-1
-2
1
1
-1
0
-3
6
-3
-5
2
4
3
-13
16
-14
18
-24
8
8
-8
-2
3
-9
7
-6
5
-6
-4
9
-11
8
-1
-3
1
1
-10
18
-5
-27
18
16
-18
13
-8
27
-104
88
1
-18
-13
19
-19
9
4
-6
-2
0
0
0
-1
-7
0
-5
1
0
-1
-2
1
5
-8
7
-8
14
-16
3
-17
87
-149
112
-47
26
7
-50
43
-29
14
0
-3
2
6
-14
9
-1
-2
-3
0
2
-1
3
-5
-2
3
5
-8
8
-2
-2
8
-6
-8
11
-3
-10
12
-13
7
-3
1
0
-1
0
0
-2
1
0
0
0
-2
-1
-1
-1
1
0
-1
2
-8
11
-14
9
2
-12
8
6
-9
2
1
-7
7
-5
-3
1
5
-3
0
-2
-1
1
1
1
-10
14
-7
-3
3
-1
-14
27
-43
50
-7
-26
45
-112
149
-88
16
-4
15
-17
5
-8
8
-4
-2
0
-1
-2
-2
0
0
2
-4
0
1
-1
-2
2
-5
18
-19
2
7
-9
6
-9
15
-25
19
-6
11
-24
22
0
-18
16
-6
-1
0
1
0
-2
-3
9
-4
1
-3
-1
-3
1
-3
8
-7
6
-7
-4
2
7
2
-15
8
-7
3
2
-3
3
-1
2
-4
1
-1
-1
1
0
0
1
-2
0
0
-2
4
-1
1
-3
3
-2
-4
6
-9
14
-3
-7
-3
4
6
-6
5
-9
2
-2
1
-1
2
-2
2
-8
2
2
-1
0
-1
2
5
-16
16
0
-22
23
-12
6
-20
25
-16
8
-8
8
-9
-3
18
-20
4
-4
1
1
-3
-3
2
-7
0
10
-17
-4
7
4
3
-9
6
-4
0
-1
3
2
-7
-2
6
2
-11
-12
45
-36
7
5
-12
9
-3
-5
6
2
-7
3
-3
7
-4
-2
0
3
-2
2
-4
8
-3
-5
10
-18
15
-9
4
2
0
-9
13
-11
4
-2
-2
3
1
-3
3
-1
-1
-1
0
0
0
1
-3
3
-1
-2
1
2
-6
11
-13
9
-1
-3
-4
9
-14
17
-11
4
3
-8
4
-3
1
-3
-1
0
2
-8
2
-2
7
-2
-6
5
2
-10
11
-6
-7
36
-45
11
11
-2
-6
1
6
-4
-5
-1
0
1
-6
8
-4
-6
-7
2
16
-14
0
30
-50
-42
94
110
-217
149
-164
-52
149
46
-18
144
-332
227
-167
-129
283
46
-183
308
-371
102
52
-72
54
30
-38
-19
29
-23
18
5
-4
-11
9
-4
5
2
-12
3
4
8
-7
4
0
-2
-15
-5
26
-8
-9
7
-4
3
-3
3
-2
1
0
1
1
-1
0
0
-1
-1
-1
-1
3
-3
2
-4
4
-9
8
7
-26
5
14
1
-1
-4
6
-8
-5
-4
11
-1
-5
5
-10
9
4
-6
-18
24
-29
18
37
-30
-54
71
-54
-103
370
-308
183
-48
-282
129
166
-227
329
-146
15
-48
-151
49
163
-150
216
-111
-95
40
49
-35
0
-12
-8
62
13
-182
387
-602
740
-567
125
167
-421
763
-927
789
-515
214
145
-481
680
-722
525
-255
103
5
-61
82
-74
34
1
-31
44
-34
17
-8
3
1
-2
-2
-4
2
3
3
-3
-17
30
-33
29
-26
15
1
-1
-1
-4
1
2
-2
0
-1
-1
-1
0
-1
0
0
0
0
0
0
0
0
-3
-2
3
0
1
-1
-17
26
-29
32
-30
16
1
-3
-3
-3
3
1
2
-2
-4
5
-17
33
-45
32
-1
-36
74
-83
60
-6
-104
254
-525
720
-680
480
-144
-214
515
-791
926
-764
419
-170
-127
564
-741
601
-388
181
-15
-66
7
7
0
-17
39
-70
116
-86
-98
385
-510
152
253
-373
466
-115
-1190
1510
-410
-262
509
-702
37
1077
-883
137
155
-292
286
-225
71
149
-316
251
71
-203
93
-50
26
13
-25
27
-60
85
-72
-39
168
-190
10
206
-98
-95
117
-88
37
3
-21
22
-19
13
-3
-4
5
-2
-1
-1
0
0
-1
2
-5
4
3
-14
18
-23
20
-4
-37
88
-118
93
98
-207
-10
188
-169
39
71
-86
60
-28
23
-13
-26
49
-94
202
-71
-251
316
-150
-71
226
-288
293
-155
-138
883
-1077
-37
702
-509
261
410
-1511
1188
113
-467
370
-256
-153
509
-386
96
86
-117
67
-41
14
0
20
19
-57
-69
-51
406
-481
143
305
-60
-179
-163
688
-508
-605
540
215
-315
-370
941
-190
-442
283
181
-207
-151
2
184
-68
-280
408
-119
-30
14
10
30
-64
-5
-27
62
30
-20
-100
175
49
-324
229
-35
-85
33
47
-13
-21
13
18
-4
-15
-1
9
-5
0
0
-1
0
0
-1
0
4
-11
1
17
2
-19
-15
21
13
-49
-32
85
35
-229
323
-48
-175
98
19
-31
-63
27
4
62
-31
-11
-16
29
118
-408
279
69
-184
-1
148
207
-182
-282
443
188
-941
369
314
-215
-540
604
506
-690
161
177
57
-308
-143
480
-407
49
68
55
-20
-24
0
-23
49
-92
132
-242
407
-491
122
432
-530
446
-496
615
231
-1454
1271
-671
450
-335
-433
1347
-857
109
55
-138
166
-222
304
-378
277
171
-359
146
-69
80
-77
35
1
17
-34
44
-23
-47
121
-118
28
150
-342
264
-77
0
42
-50
39
-27
17
-12
5
0
-4
2
-2
0
0
-1
1
-4
3
0
-6
13
-19
27
-40
51
-43
-1
77
-265
342
-150
-29
115
-122
47
22
-45
33
-19
-2
-35
76
-81
67
-147
358
-171
-277
377
-304
221
-167
138
-56
-109
858
-1347
433
334
-451
671
-1271
1452
-232
-616
494
-448
529
-433
-123
490
-408
241
-135
89
-51
18
0
20
26
-42
-77
-61
286
-166
-285
476
2
-174
-217
519
422
-1262
295
396
-39
-365
-440
1414
-932
-8
300
109
-144
-106
43
180
-20
-545
562
-213
50
-6
-39
91
-18
-21
-48
42
34
-62
-77
94
130
-209
19
167
-80
-61
53
25
-33
-28
5
16
-2
-8
8
4
0
-4
0
4
0
-5
-8
7
1
-17
-5
27
32
-27
-54
60
78
-167
-20
207
-130
-93
76
62
-35
-42
47
19
19
-93
39
6
-50
212
-562
545
19
-180
-43
106
144
-109
-300
9
932
-1416
440
366
39
-396
-296
1262
-424
-520
216
173
-4
-476
284
165
-288
60
75
40
-26
-24
0
-24
46
-91
137
-298
316
160
-524
493
-307
180
185
-1028
1053
-359
-66
332
-565
827
-911
477
350
-681
463
-236
69
61
-199
387
-327
-170
320
-69
-14
-23
69
-85
65
-28
-23
80
-136
170
-148
21
173
-369
401
-159
-72
124
-110
74
-27
-33
72
-75
50
-16
-11
22
-21
13
0
-12
20
-23
11
14
-51
74
-73
32
25
-73
110
-125
71
158
-401
367
-174
-22
148
-170
135
-82
21
28
-66
83
-70
20
14
69
-321
170
325
-386
199
-61
-70
237
-464
681
-349
-476
912
-827
565
-334
66
358
-1054
1027
-187
-182
305
-494
522
-161
-317
297
-139
89
-47
20
0
22
19
-39
-67
-90
440
-565
142
299
-82
-162
-267
1370
-1238
-29
358
146
-262
-586
606
490
-939
287
299
-57
-131
-25
172
80
-570
753
-511
112
47
-78
28
71
4
-97
36
118
-112
-153
156
168
-323
-76
474
-207
-125
89
85
-54
-71
64
25
-71
-11
45
-1
-19
1
13
0
-14
-1
17
2
-45
11
70
-26
-65
71
53
-86
-88
127
206
-475
76
321
-170
-156
152
110
-118
-37
96
-3
-71
-29
78
-48
-114
511
-753
570
-80
-172
25
131
56
-299
-288
938
-491
-605
585
262
-148
-359
27
1237
-1370
266
160
81
-299
-142
564
-441
87
65
36
-20
-28
0
-30
54
-94
119
-322
514
-169
-203
296
-317
491
-500
-581
1261
-741
340
-156
-56
353
-839
1143
-465
-365
455
-378
356
-341
317
-137
-183
313
-217
15
24
84
-67
10
33
-83
127
-174
200
-187
73
132
-311
318
-40
-231
288
-234
133
-45
-40
94
-108
87
-48
5
20
-29
21
-11
0
11
-22
28
-21
-7
47
-88
108
-95
38
45
-133
234
-291
230
40
-320
311
-132
-73
187
-202
173
-128
82
-34
-10
66
-86
-26
-15
216
-315
183
137
-317
340
-356
379
-455
364
464
-1144
840
-352
56
155
-340
740
-1263
578
499
-493
315
-297
203
171
-514
321
-120
91
-56
26
0
34
-1
-63
-29
-162
429
344
-853
320
223
-152
-392
-212
938
-678
129
161
290
191
-1169
862
-35
-288
-88
128
189
72
-110
-239
217
103
-426
345
-125
80
33
-95
20
7
46
-27
-59
-2
193
-12
-336
166
249
-383
87
125
-2
-47
-29
53
17
-45
-10
23
5
-13
-1
7
0
-9
0
12
-5
-25
10
45
-17
-54
29
46
1
-125
-87
382
-249
-168
336
10
-193
1
58
26
-46
-6
-20
94
-34
-81
126
-347
426
-103
-217
239
110
-74
-189
-129
88
288
35
-863
1169
-190
-290
-162
-129
677
-939
210
389
150
-224
-322
853
-346
-429
160
27
61
0
-39
0
-44
63
-64
35
-59
412
-1231
1414
-777
375
-434
479
443
-1124
722
-597
679
-612
715
-497
-273
422
-154
207
-291
323
-276
248
-298
418
-188
-397
384
-66
31
-61
70
-44
15
2
8
-33
35
-21
21
-54
89
-102
78
-41
-28
77
-66
35
-17
10
-10
8
-2
-1
-2
2
-1
0
0
-2
0
1
2
-8
8
-11
17
-35
66
-78
28
41
-78
101
-91
53
-21
19
-37
33
-9
-3
-16
44
-71
59
-31
65
-385
397
188
-419
297
-248
274
-324
290
-207
154
-421
271
497
-716
611
-678
596
-723
1122
-446
-480
431
-377
775
-1415
1230
-413
58
-37
61
-65
40
0
40
-34
-5
95
-94
-362
723
-292
-17
-76
-335
566
12
-341
49
-38
168
80
67
-549
358
56
30
-75
-82
25
-8
82
74
-58
-257
319
-128
2
20
-11
-15
23
-16
13
-1
8
-2
-53
55
12
-5
-78
54
27
-23
-5
-3
13
-8
1
-1
-1
0
-1
-2
-1
0
0
-1
-1
0
0
-1
1
-1
-1
8
-14
2
4
22
-27
-55
78
5
-12
-55
52
0
-9
0
-13
16
-24
16
11
-21
-2
128
-320
256
58
-75
-82
8
-26
83
74
-29
-55
-357
548
-68
-81
-168
38
-50
341
-13
-567
335
74
16
292
-724
361
93
-97
3
32
-46
0
-7
3
-2
2
16
-46
35
-3
-2
-2
20
-5
-92
91
-3
-38
40
-2
-46
64
-52
16
26
-46
31
-11
-1
16
-24
12
-17
25
-5
-7
0
2
-3
2
1
-3
1
-1
3
-6
7
-7
7
-2
-16
9
2
0
1
-2
0
0
1
0
-2
0
-1
0
-2
0
0
0
0
-1
1
0
-1
0
0
2
-2
0
-2
-9
15
1
-10
6
-8
5
-4
0
-1
2
-1
-3
2
-3
-2
5
4
-26
17
-13
23
-17
0
11
-30
46
-26
-17
51
-65
46
3
-41
37
2
-92
91
4
-22
1
-1
3
-37
45
-17
-4
1
-4
2
0
7
-2
-3
1
1
-9
23
-19
-2
1
14
-34
37
-14
-14
-7
33
-3
-37
41
-20
13
6
-21
17
-29
11
38
-62
65
-14
-33
12
2
-5
6
-5
2
3
-5
4
-7
4
-5
6
-1
5
-10
4
-2
-3
2
-1
0
0
1
-2
0
0
0
-1
0
0
0
0
0
-1
-1
-2
0
1
-2
0
-1
2
-3
1
2
-5
10
-6
0
-7
4
-4
6
-4
3
-3
-3
4
-8
5
-2
-13
32
14
-66
61
-38
-11
28
-17
20
-5
-12
21
-41
37
2
-33
7
12
12
-39
32
-15
-4
0
18
-23
9
-3
-3
-1
1
-11
0
-10
3
0
-2
2
5
-13
9
1
-8
11
-10
-5
-9
14
-14
16
0
9
-33
27
-25
26
-21
16
-2
-6
-8
14
-11
8
-2
0
2
-5
1
-2
2
-3
2
2
-7
6
-1
-2
2
1
2
-7
3
-3
4
-1
-6
5
-3
0
-1
0
0
-1
-1
0
0
0
0
0
-1
-1
-1
0
2
-6
5
0
-5
1
-4
7
-2
-1
-3
2
0
-6
6
-3
-3
2
-2
0
-1
3
-3
-1
1
-8
10
-14
7
6
3
-17
20
-27
25
-27
33
-9
-2
-17
14
-16
8
3
8
-13
6
-2
-9
12
-6
-3
-1
-3
-4
7
0
6
-1
-3
0
2
-2
-3
7
-10
9
-2
-11
30
-47
35
-21
8
19
-2
-25
-1
27
-25
15
-7
1
0
0
9
-4
-43
47
-9
0
-2
-2
5
-8
8
-5
1
-2
1
2
3
-12
9
-6
10
-11
1
3
-3
3
-1
1
-1
-1
-1
1
0
0
1
0
0
-1
0
-1
0
-1
0
-2
1
-3
3
-3
-1
9
-10
6
-9
12
-4
-3
-1
0
-1
4
-8
7
-5
1
0
0
9
-47
42
3
-9
-1
0
-2
5
-16
24
-27
1
24
2
-19
-8
21
-36
46
-30
10
1
-11
9
-8
3
1
-2
-1
0
-1
-10
0
-9
2
0
0
5
-11
20
-19
7
-1
0
-5
-10
25
0
-27
26
-20
17
-27
44
-32
8
-6
15
-10
4
5
-11
-8
8
10
-1
-8
3
-2
5
-8
2
0
-2
4
-5
4
-5
7
-12
7
0
-3
2
2
-5
2
-1
0
-2
0
1
-1
0
-1
0
0
0
0
-1
1
-1
-1
0
-1
0
-2
5
-3
-3
2
0
-7
11
-8
5
-5
4
-4
0
-1
-2
7
-5
2
-5
7
0
-10
-8
6
10
-6
-4
9
-16
6
-10
31
-44
29
-18
20
-27
27
-2
-26
8
3
-2
-1
-8
18
-20
8
-4
-1
-2
-3
5
0
4
-2
-1
1
2
-5
-8
15
-7
1
-11
22
-9
3
-17
19
-10
-1
-9
6
18
-3
-11
4
0
-12
26
-13
-12
32
-25
17
-20
14
-8
2
-1
1
-3
1
-1
3
-5
5
-1
-6
8
1
-9
3
0
-1
-1
-1
0
0
0
0
0
0
-1
0
-1
0
0
-1
0
0
0
-1
-1
0
1
0
1
1
-1
-3
8
-2
-8
4
0
-6
4
-4
1
-3
2
-1
-1
-2
7
-13
19
-18
25
-32
12
13
-25
11
0
-5
11
2
-18
-6
9
1
10
-20
15
-4
8
-22
11
-4
5
-16
7
5
-3
-2
-3
1
-9
0
-9
3
-1
0
1
-9
15
-8
-5
7
-5
-3
10
-16
13
1
-15
13
-13
-4
39
-39
25
-21
9
2
-11
3
6
6
-25
26
-11
2
-8
8
-3
3
-1
-2
1
0
2
-6
6
-7
-1
10
-7
3
-3
0
-1
0
1
-2
1
0
-2
0
0
-1
0
0
0
-1
0
-1
0
-1
-1
1
-1
0
0
-1
3
-5
7
-10
1
6
-6
5
-2
-1
-2
1
1
-4
3
-9
8
-4
10
-27
24
-8
-6
-3
11
-2
-12
21
-27
39
-40
4
13
-13
14
-1
-14
15
-10
3
2
-9
3
8
-14
8
-2
-1
0
-5
5
0
4
-2
-2
0
0
0
-1
2
-4
-6
17
-6
-34
28
2
5
-9
-13
27
-26
24
-19
14
-9
3
-6
2
-1
6
-4
-4
4
3
-3
-2
2
-2
2
0
-2
-1
-1
2
-7
8
-8
7
1
-2
-3
3
-3
1
-1
-2
1
-2
1
-1
0
-1
-1
0
0
-1
0
1
0
0
-2
1
-2
0
0
-2
2
-4
1
1
-2
-8
7
-8
7
-3
-1
0
1
-1
-4
2
-3
1
1
-4
-4
5
4
-7
1
-3
4
-3
9
-15
18
-23
26
-27
12
9
-6
-3
-29
33
4
-20
4
1
-3
1
0
-1
-1
-2
1
-11
0
-8
3
-1
0
0
-1
2
2
-1
-10
7
2
9
-26
14
-2
2
-3
4
-9
-4
13
2
-13
10
-6
3
-6
14
-11
-10
18
-9
-1
0
1
-5
3
1
-1
-1
0
0
0
-4
6
-6
4
-3
1
0
1
-3
1
-2
-1
2
-2
-1
0
0
-1
-1
0
-1
0
0
0
0
0
-2
-1
2
-2
2
-1
-1
-2
2
-4
5
-6
3
0
-1
-1
1
0
-2
-4
3
-1
0
-1
7
-19
9
9
-13
6
-3
6
-10
12
-3
-13
2
9
-4
3
-2
2
-15
24
-11
-4
-8
8
-1
-4
-2
0
-1
-1
-1
-5
2
0
3
-1
-1
4
-1
-2
-11
10
3
9
-5
-12
-20
1
23
-8
27
-24
7
-11
2
-2
6
-8
0
2
6
4
-5
-19
9
-2
11
3
-1
-14
-7
3
6
8
0
-8
-6
-1
2
11
2
-16
3
-2
10
2
-3
-8
-2
4
4
1
-4
-2
0
0
0
0
-1
-1
-1
2
3
-2
-4
-4
0
9
2
-3
-10
1
-3
15
-4
-12
-2
1
6
6
-1
-9
-7
-4
6
13
0
-4
-13
1
-11
19
3
-4
-7
-3
-1
7
-6
1
-2
10
-7
24
-27
7
-23
-2
19
11
2
-10
-5
-10
10
1
0
-4
-3
1
-8
0
-5
0
0
0
3
-9
19
-18
2
4
-3
-7
7
1
3
-19
21
-12
-11
18
-6
6
-6
3
-5
4
-1
2
2
-11
0
23
-15
5
-5
-2
1
4
-7
1
0
1
-2
-1
2
-2
0
1
-1
-2
0
1
-1
1
2
-2
1
0
0
0
0
-1
0
0
0
-1
0
-1
-1
-1
-1
1
-2
-1
2
-1
0
1
0
-1
-1
0
-1
0
0
-1
0
-2
6
-5
-1
1
4
-5
14
-23
0
11
-2
-3
1
-4
5
-3
7
-6
5
-20
9
12
-22
19
-6
-3
-8
5
1
-6
-4
17
-20
8
-3
-2
-3
-1
0
0
-12
40
-36
23
-12
0
-13
10
-4
-3
1
5
-15
7
-1
1
39
-30
-2
1
-14
15
14
-6
-3
-2
-1
-3
10
-16
22
-15
15
-25
7
4
-4
6
-13
1
10
-5
-1
-3
4
0
5
-9
6
-10
14
-7
1
1
-3
2
0
-3
0
0
1
-1
-1
0
-1
0
-2
0
-2
1
-1
-2
1
-1
-1
7
-13
10
-8
8
-5
-1
-4
3
-1
4
-12
-2
12
-7
4
-4
-9
24
-17
15
-21
16
-9
4
1
2
2
6
-14
-16
13
-1
2
31
-39
-2
-1
-9
14
-8
-3
2
3
-10
14
-1
11
-25
33
-40
6
0
-13
14
7
-28
22
-3
5
-2
-14
13
-8
-2
32
-38
27
-44
104
-96
-138
353
-182
-379
340
335
-433
173
8
-177
230
-95
-165
278
-136
-131
153
47
-71
21
-11
-38
74
-52
15
-3
1
0
-6
9
-9
-4
18
-8
-9
9
-10
5
2
-6
5
0
-1
1
-1
0
-1
-1
0
0
-5
6
-2
-5
10
-11
8
8
-18
3
9
-10
6
-1
-1
2
-16
52
-74
36
10
-22
70
-47
-153
130
135
-278
165
94
-230
177
-8
-175
432
-336
-340
379
180
-354
139
96
-104
43
-28
36
-33
1
7
-15
13
1
-6
2
-22
27
-10
-14
10
0
-1
-3
0
4
5
0
-6
-3
4
5
-4
-8
0
4
-1
-5
6
17
2
-26
-27
6
32
20
-10
-17
-1
5
-4
-3
10
10
-7
-16
-1
16
7
-8
-10
0
3
-2
0
6
2
-7
-4
5
5
-5
-6
2
5
-1
-6
0
4
-1
-5
0
4
-1
-5
0
4
0
-5
-1
3
1
-5
-2
4
0
-8
-3
6
4
-5
-5
3
5
-2
-7
-2
0
-3
-2
10
8
-9
-16
0
16
6
-10
-10
3
3
-5
1
17
10
-21
-33
-5
28
26
-2
-17
-6
5
0
-5
0
5
3
-6
-6
2
5
-2
-6
-6
-1
1
0
