-8
-5
-5
-5
-3
16
-39
5
26
-41
38
-31
18
-13
0
-16
5
20
-25
11
-3
-4
-2
1
-2
-1
-1
-2
0
1
-4
0
2
-2
-1
4
-16
32
-24
-5
10
-1
4
-4
3
1
-1
-1
0
-2
-1
0
-2
0
-1
-1
-2
-1
-1
-2
-1
0
0
0
0
1
-1
0
-1
-1
0
1
0
1
0
0
-1
1
0
-1
1
-1
0
1
3
-3
4
-1
10
-4
-23
33
-15
4
0
-1
2
0
-3
2
0
0
1
0
0
5
-1
-2
-3
12
-23
20
6
-13
4
-10
21
-29
40
-38
28
8
-34
20
0
2
-1
3
-8
-6
-4
-4
-3
-24
4
32
-21
9
-22
22
-29
-3
-4
27
-18
-9
23
-27
15
-9
-4
5
-2
-3
-1
1
-4
2
-2
-2
2
1
-2
0
4
-12
21
-21
16
-12
3
4
7
-13
5
-2
0
-1
-2
1
-1
-1
0
-1
-1
-1
0
-1
0
-2
0
-1
0
0
0
-1
0
0
0
-1
1
-1
2
0
-1
1
-2
0
1
0
5
-12
7
4
3
-12
17
-22
22
-12
4
2
-2
0
2
-1
0
2
-3
3
-1
0
-1
6
-3
-8
16
-25
23
-8
-17
29
0
-1
-26
25
-19
11
-19
36
8
-21
0
3
1
2
-8
-6
-4
-8
-5
-6
33
-54
25
-31
31
0
-15
2
-13
-8
23
-28
28
-25
20
-31
23
-5
-3
-1
-2
-2
-1
0
-2
0
0
-1
1
1
2
-8
13
-9
-6
13
-5
-6
12
-4
-3
3
-3
-1
0
0
0
-1
-1
-1
0
-2
-1
-1
1
-1
0
0
0
0
0
-1
1
1
0
0
1
1
0
0
0
1
1
-2
-2
2
-2
-4
12
-7
-5
13
-6
-8
14
-8
3
1
1
-2
0
2
-2
1
0
1
-1
0
-2
-4
25
-31
21
-24
28
-26
24
-4
-9
5
-12
4
34
-27
28
-51
38
-3
-1
-2
1
3
-9
-5
-5
-5
-11
7
-6
14
-19
-3
-12
34
-24
-36
54
-29
21
-47
26
-8
8
-2
-8
5
-3
0
-1
-2
-2
5
-9
6
-4
2
-6
15
-12
9
2
-17
8
8
-7
6
-15
13
2
-5
1
-1
-3
1
-2
-1
-1
-1
-1
-2
-1
0
0
0
0
-2
1
0
0
0
0
1
0
0
0
-1
0
1
-2
2
-3
0
2
-4
3
12
-15
5
-6
9
8
-17
4
9
-11
14
-7
3
-4
7
-8
6
-1
1
0
2
-1
6
-7
-2
10
-6
27
-47
22
-27
57
-32
-20
38
-8
1
-18
17
-2
11
-7
2
1
4
-10
-1
-10
-3
-6
-10
41
-72
48
-22
10
-33
48
-47
7
14
7
-31
0
33
-48
25
-4
3
-4
-1
-1
-2
-2
3
0
-5
5
-4
1
-9
16
-7
-11
22
-9
-11
14
-3
1
5
-13
6
0
4
-5
0
4
-4
2
0
0
-3
0
-3
0
0
0
-1
0
-1
0
0
0
-2
0
-3
1
0
2
-3
4
0
-5
4
1
5
-13
6
3
-4
12
-11
-9
23
-11
-6
16
-8
1
-4
5
-4
0
3
-1
-1
1
0
-3
3
-3
25
-47
33
1
-29
8
17
10
-43
50
-29
13
-19
50
-67
44
-6
-3
4
-5
7
-11
-33
59
-41
-22
7
47
-26
-52
31
-2
2
-9
-2
6
-16
-7
17
-9
16
-25
3
9
-10
5
-3
-1
-3
2
-3
-2
0
1
2
2
0
-5
-6
4
13
-8
-10
12
10
-10
-14
17
0
-9
0
1
0
-3
3
-4
-1
0
0
-1
-1
-1
0
-1
-1
0
0
0
0
0
0
-1
0
1
0
-2
1
-1
2
1
1
-8
1
18
-14
-9
10
13
-11
-8
12
4
-7
-5
1
2
2
1
1
-1
-3
4
-1
0
-3
7
-10
11
6
-24
16
-8
19
-6
-13
10
1
-6
5
0
34
-50
-20
52
11
-18
-33
64
-26
1
-94
136
-3
-92
-63
159
-8
-93
-12
42
10
-34
13
2
7
-6
-64
62
5
-10
-28
25
-6
-3
-1
0
-1
-2
0
-1
-3
3
5
-11
-15
1
35
13
-51
4
12
27
-26
-20
32
-3
-15
6
1
4
-8
0
4
-3
-2
2
0
-2
-1
0
0
-2
-2
-1
-1
-1
0
1
0
-1
1
2
1
-1
5
0
-9
5
2
7
-15
-2
33
-20
-25
27
13
5
-52
12
35
2
-15
-9
6
3
-4
0
2
-1
1
1
0
-2
-4
26
-26
-9
5
63
-62
-5
10
5
16
-31
13
45
-10
-92
-4
162
-59
-90
4
141
-85
-12
7
-8
-21
-4
-8
8
45
-75
6
30
-2
-32
10
21
-24
-16
9
30
-44
6
30
-32
11
-4
1
-1
0
-1
-1
1
-3
2
-3
2
2
-10
15
-6
-13
7
11
-20
26
-12
-5
5
-4
4
-1
-3
-2
4
-3
-4
2
-1
-2
0
-1
-1
-1
0
1
0
0
1
0
0
0
2
-1
0
3
-3
-1
5
-1
-3
0
5
-3
5
-5
-12
26
-19
12
7
-13
-5
14
-11
3
2
-2
2
-2
1
0
-1
0
-1
2
-2
12
-29
32
6
-43
31
11
-15
-21
24
11
-29
2
34
10
-74
49
13
-4
-1
-12
-4
16
-22
68
-126
76
23
-201
405
-475
299
-171
151
-176
183
-138
62
2
-32
8
-14
43
-86
100
-76
38
-13
1
0
-3
2
-2
-3
10
-13
3
19
-56
89
-94
71
-60
64
-44
18
-10
14
-14
1
-4
18
-14
-4
12
-6
6
-9
1
3
-4
0
-2
0
0
-1
-1
0
0
0
0
1
0
2
-3
4
2
-9
6
-6
12
-3
-13
19
-4
1
-14
13
-11
18
-44
65
-60
71
-95
90
-55
18
3
-13
12
-3
-2
2
-2
1
3
-12
39
-74
100
-85
45
-12
10
-31
4
66
-135
186
-174
155
-168
301
-471
409
-198
26
83
-122
76
1
-33
50
-58
-2
-3
35
-28
31
-12
28
-52
-11
45
-42
10
-122
123
27
-46
26
-4
-23
-3
4
1
3
-11
4
-1
-1
-1
8
-13
7
-12
-19
22
22
-22
-2
71
-83
9
22
-33
28
-2
-11
12
1
-10
14
-10
-4
5
-2
-1
1
0
-1
1
-1
-2
0
0
0
0
0
0
1
-1
-1
6
-2
-10
15
-9
2
12
-10
-2
28
-32
22
9
-83
71
-2
-22
21
23
-18
-11
6
-12
8
-1
1
-1
5
-9
4
2
5
-2
-21
-2
27
-45
28
125
-121
14
-39
49
-7
-50
32
-10
33
-25
39
0
2
-51
55
-25
5
-68
71
18
11
-140
202
-268
-22
269
-111
-33
145
-64
-154
-36
246
-184
64
77
-77
-58
68
-21
7
-3
-13
11
-5
0
-5
-5
1
17
-5
2
26
-61
-13
42
-34
56
19
-60
30
-41
30
-18
8
20
-16
-5
-5
12
-4
-6
5
-5
0
0
-1
0
-1
-1
0
0
0
0
1
0
1
-2
6
-5
-2
13
-5
-4
-15
22
9
-19
29
-39
30
-59
19
59
-34
42
-14
-59
27
3
-5
17
1
-4
-4
2
-4
12
-12
0
8
-20
69
-55
-75
79
65
-184
247
-33
-151
-62
149
-30
-108
273
-20
-264
205
-136
14
26
76
-59
-31
48
-108
114
-6
-225
382
-410
377
-313
234
-262
264
-225
180
-170
228
-220
98
-30
-9
33
-23
-1
-3
1
10
-14
6
-5
-4
15
-31
53
-81
104
-128
158
-163
119
-107
138
-138
116
-106
65
3
-29
22
-9
-7
10
-7
0
-6
5
-5
4
-5
0
-1
0
-1
0
-1
0
0
1
-1
1
-4
4
-4
6
-6
1
-6
11
-5
-9
23
-28
3
65
-106
117
-138
138
-107
120
-162
159
-128
104
-81
53
-31
16
-3
-4
7
-13
10
2
-2
0
-22
36
-9
-29
98
-219
229
-168
184
-222
266
-259
238
-309
378
-406
386
-222
-3
121
-104
57
9
-50
54
-20
-86
-46
342
-267
81
-141
228
-109
-131
13
227
-299
181
-62
105
-76
-7
-17
28
-8
-2
9
-18
2
7
-3
-3
13
-10
-31
19
14
-3
13
-16
54
-41
-61
39
-27
52
-27
57
-28
-9
-17
1
20
-20
7
-1
1
-7
5
-2
-2
0
0
-3
0
0
0
-1
1
1
-1
-1
7
-6
2
0
9
-19
20
2
-15
-8
-27
57
-27
51
-27
39
-62
-41
55
-16
13
-3
15
20
-30
-10
13
-2
-2
8
4
-18
9
0
-7
30
-15
-6
-75
106
-61
182
-296
230
17
-127
-106
230
-138
83
-264
347
-42
-83
-10
60
-41
-22
32
-9
-89
97
-74
-37
340
-500
327
-277
272
-96
-108
214
-314
311
-156
12
29
-62
79
-53
10
2
3
-14
8
-4
-2
-1
4
-12
12
3
-52
102
-78
51
-107
125
-14
-53
11
-10
39
-16
-4
2
1
-6
1
0
0
0
-5
2
0
-4
-1
0
-1
0
-1
0
0
1
0
1
0
-3
1
3
-4
2
0
0
2
-5
2
3
-4
-14
39
-10
11
-53
-15
124
-108
52
-78
102
-51
3
14
-12
4
0
1
-2
10
-14
4
3
11
-50
80
-61
31
14
-153
312
-311
218
-105
-92
276
-273
330
-498
343
-35
-69
100
-82
-3
40
6
-35
93
-135
45
180
-248
-279
258
293
-123
-193
129
78
-237
189
-87
78
-134
84
1
-43
10
15
-11
12
-10
-4
2
-1
-5
12
-8
-4
8
-6
19
-40
57
-62
-2
28
22
-24
-6
56
-28
-34
18
5
-4
-1
-2
-4
9
-10
6
-1
-5
0
0
0
-1
-2
0
-1
0
-1
0
1
-4
1
7
-8
10
-4
-1
0
-2
5
19
-33
-28
56
-5
-25
22
28
-2
-63
58
-41
18
-5
8
-5
-8
14
-4
1
3
-3
-9
13
-9
17
12
-42
1
85
-133
80
-86
192
-233
81
132
-189
-120
297
259
-275
-244
183
48
-128
97
-27
-21
22
35
-147
79
128
-379
477
-499
428
-141
-86
72
-6
-95
164
-131
39
23
-54
51
-43
22
-6
4
-7
0
3
-5
-1
-2
5
-12
9
6
-17
1
-9
-1
30
-24
51
-81
52
-3
-25
24
3
-30
26
-11
-1
-1
-1
5
-13
10
-5
1
-1
-2
-1
-1
-1
0
-1
0
0
-1
-1
1
-4
10
-11
5
0
-1
1
-10
27
-29
4
24
-25
-2
51
-81
51
-24
32
1
-8
1
-16
6
12
-12
6
0
-1
-5
4
1
-6
5
-6
23
-42
52
-52
24
40
-130
168
-92
-3
75
-82
-139
432
-498
480
-374
132
82
-139
41
29
4
-34
87
-121
24
128
-123
-184
25
352
-166
-84
95
12
-137
91
18
-16
-53
32
20
-44
9
9
-4
1
-2
-4
4
-4
-2
3
-6
-2
13
-20
-46
94
-4
-40
-45
73
-6
-6
-44
41
2
-9
-2
-1
1
0
-3
0
0
-2
-3
4
-3
0
-1
-1
-1
0
0
0
-1
0
0
1
-2
3
-1
-1
0
1
-2
1
1
0
-1
-9
2
41
-44
-6
-6
74
-45
-39
-4
94
-46
-19
14
-1
-6
6
-1
-4
5
-4
0
2
-3
10
10
-42
20
34
-51
-15
19
95
-133
16
99
-81
-163
355
27
-180
-119
131
27
-114
91
-25
-20
17
24
-112
70
11
-108
168
-294
403
-227
-35
107
-49
-123
244
-193
74
-16
-14
15
-30
31
-11
-1
0
-6
5
-4
-3
2
4
-14
13
10
-45
94
-145
133
-43
-35
74
-78
33
5
-11
-2
21
-25
17
-8
2
-2
1
-2
-1
-1
-3
1
-3
-1
0
0
0
-1
0
-1
0
0
-1
2
-2
1
1
-1
1
-1
2
-8
17
-24
22
-1
-11
7
33
-79
74
-35
-41
134
-144
95
-44
10
13
-14
5
2
-1
-3
7
-5
2
0
-11
33
-28
16
-13
-15
75
-192
247
-119
-46
110
-31
-223
408
-292
172
-104
13
74
-104
28
25
5
-34
61
-73
-5
10
26
-69
34
85
-29
-56
-6
70
-87
7
24
-4
-20
29
-28
23
-14
4
-2
-1
2
-6
2
0
-5
8
-4
-12
18
-7
1
-8
-8
40
-28
-28
32
-3
12
-2
-3
-7
0
3
-12
3
4
-1
-5
2
-1
-2
-1
0
-1
-2
-2
-1
-1
0
0
-2
0
1
-1
-1
0
2
-2
-1
5
3
-10
4
1
-6
-3
-1
13
-3
31
-29
-28
41
-9
-8
1
-6
19
-13
-4
9
-4
2
3
-6
3
1
-2
6
-13
26
-28
29
-20
-2
25
11
-84
73
-3
-53
-25
87
36
-65
29
14
-2
-66
66
-26
-23
26
-11
-59
82
-154
213
-287
222
25
-117
-2
87
-86
57
-55
20
8
-23
29
-34
18
-8
6
-4
-1
-1
1
-6
6
-3
-8
13
-12
10
-11
2
4
26
-41
-1
21
8
-27
17
2
-7
2
-1
-1
0
0
0
0
-1
-5
6
-7
0
0
0
-1
-1
0
0
0
0
-1
1
1
2
-6
7
-4
0
0
0
0
1
-2
0
2
-7
2
17
-28
8
22
-1
-40
26
5
2
-10
10
-12
13
-6
-2
7
-6
2
1
0
-3
7
-7
18
-33
30
-21
9
21
-51
60
-82
91
2
-113
28
224
-283
215
-151
86
-50
-7
35
9
-48
54
-37
-33
-38
177
-172
127
-81
9
-25
14
64
28
-178
67
26
-16
-8
26
-13
-4
-1
0
-3
-1
-1
-2
1
3
-7
-4
11
-7
0
4
30
-30
-54
64
-22
20
-8
7
-4
-6
0
-1
4
-1
-5
0
0
-2
0
-3
-1
1
-2
-1
-1
0
-1
0
-1
0
0
-1
-1
3
0
-2
1
0
1
1
-3
0
6
0
1
-6
-2
7
-9
19
-23
64
-53
-29
28
4
1
-7
13
-4
-7
4
2
0
0
0
-1
1
1
-3
-10
26
-6
-15
27
68
-175
33
67
17
-23
12
-77
129
-168
181
-33
-30
-29
59
-39
-29
44
-55
-7
51
-126
113
-44
23
-4
-31
-10
55
-43
-39
53
-10
-2
-10
18
-33
20
-1
-5
-1
1
-1
-1
-1
-14
15
-3
-1
3
-7
8
-12
31
-44
54
-53
30
-9
-13
22
-12
5
3
-8
5
-5
-1
-1
-1
-1
0
-2
-1
-2
0
-1
-1
0
0
0
0
1
-1
0
1
-2
-1
-1
1
1
1
0
0
-4
7
-7
3
6
-11
22
-10
-8
31
-53
53
-43
31
-11
8
-8
4
-1
-3
15
-13
1
1
0
1
0
-4
1
20
-32
20
-10
1
-9
56
-35
-39
58
-8
-28
-1
25
-40
116
-122
54
1
-49
51
12
-57
35
2
12
63
-164
-2
91
13
-20
-68
92
-52
-18
35
-18
-14
-4
26
-20
0
1
-2
0
-1
-2
-3
-1
10
0
-15
3
2
4
-7
-6
6
9
3
1
-24
10
19
-12
-4
10
-9
-1
5
-5
-3
3
-2
-1
0
-5
2
-2
0
0
0
-1
-1
0
-1
0
0
1
1
-2
3
-4
2
-1
0
4
-2
-5
6
0
-8
11
-3
-12
20
11
-26
1
3
9
5
-6
-6
5
4
3
-14
1
10
0
-1
-1
0
1
-1
3
3
-18
27
-2
-12
-17
39
-14
-47
95
-65
-16
15
93
2
-160
67
15
9
40
-48
-19
28
-100
117
-45
-15
5
-48
43
-14
-8
21
-37
39
-23
-5
-1
0
-4
1
2
-2
-1
-1
-1
-1
0
-1
-1
-4
1
-2
4
-1
-1
0
0
3
-3
-3
0
8
-4
3
-4
3
-2
2
-2
2
-3
1
-2
0
2
-3
2
-1
-1
-1
-1
0
-1
0
-1
0
0
0
1
1
0
1
3
-2
2
0
0
0
-2
2
-1
3
-1
3
-4
3
-4
7
0
-4
-2
3
0
1
-1
-2
4
-2
2
-2
0
0
0
0
-1
0
0
-2
2
2
-3
2
0
-2
-21
43
-33
23
-5
-12
45
-44
9
-11
-42
124
-96
35
-13
-10
5
2
-9
-9
2
-4
2
-5
1
-4
-1
-3
-3
-6
1
-2
1
-2
-1
0
0
-1
-1
-1
0
-1
-1
-2
2
-3
2
-1
0
1
0
3
-4
2
1
-3
3
-1
2
-3
1
-2
1
-1
0
-2
1
-1
-1
-1
-1
-2
0
-1
-2
0
0
-1
0
0
0
-1
0
0
1
-1
0
1
0
0
1
-2
1
-1
1
-2
1
-2
2
0
3
-3
1
4
-4
2
0
1
1
0
2
-3
3
0
-1
0
1
-1
1
0
0
1
1
-2
2
0
1
-2
1
0
3
-2
3
-2
3
0
6
-6
-6
10
9
-1
-8
-4
-5
-3
-4
-5
3
-8
2
-5
-1
-2
-2
-3
-1
-3
0
-1
-1
-1
-1
-1
0
0
0
-1
0
-2
0
-2
1
-4
2
-1
1
-2
-1
2
-2
0
-1
5
-6
4
-2
-1
1
-1
0
0
-1
-1
0
-1
-1
0
-1
0
0
-1
0
-2
-2
0
-1
1
0
0
0
0
0
1
0
-1
0
0
1
0
-1
1
1
-1
0
0
-1
4
-6
5
-1
0
-2
2
-1
0
2
0
2
-4
2
-2
1
0
1
-1
0
-1
2
0
0
0
-1
1
0
-1
2
-1
0
1
2
-1
4
-5
7
-1
-1
3
-1
3
-8
-7
-4
-3
-2
-2
0
-2
-4
-1
-1
-3
-1
-3
-2
-2
-1
2
-3
-1
-2
0
-1
0
-1
-1
-1
-3
-1
-1
-1
-1
-1
0
0
0
0
-2
1
0
0
1
0
2
-1
1
-1
0
-1
0
-1
0
-1
0
-1
0
-1
0
-2
-1
-1
-1
-1
0
0
1
0
-1
0
1
0
-1
0
0
0
-2
-1
1
-1
1
0
0
0
0
-1
1
0
0
0
-1
1
-2
0
0
1
0
-1
1
-1
1
0
0
1
2
0
1
0
1
-1
1
-2
2
-1
1
1
0
1
0
1
1
-3
2
3
1
0
3
1
2
-8
-3
-4
-4
-1
-3
-2
-2
1
-4
-1
-1
-3
-2
-2
0
-2
0
-1
-1
-1
0
-1
-1
0
-1
-1
0
-2
0
0
0
-1
0
0
-2
2
-1
-1
0
0
1
-1
2
0
0
0
-1
0
-1
0
-1
-1
0
0
-1
-2
-1
0
0
-1
0
0
-1
0
0
-1
0
-1
1
0
0
-1
0
1
-1
-1
0
0
0
0
0
1
0
0
1
-1
1
0
1
-1
-1
3
-1
0
1
-1
0
0
1
0
0
1
0
1
0
-1
1
1
0
-1
0
-1
2
-1
0
0
0
2
-1
3
0
1
-1
2
1
0
3
-7
-5
-4
-3
-1
-4
-1
-2
-2
-2
-2
-2
-1
-1
-4
-2
0
-1
-1
-2
0
0
-1
0
-1
-1
-1
-1
-1
0
-2
0
-1
0
0
0
0
0
-2
0
1
-1
0
0
0
1
-1
0
-1
-1
-2
0
-1
0
-1
0
-1
-1
1
-2
-1
0
-1
-1
0
0
-1
0
0
0
1
-1
1
0
1
0
-1
2
-1
0
0
1
0
1
0
0
0
-1
1
2
-2
1
0
0
0
0
-1
-1
0
0
0
-1
1
0
-1
0
0
0
0
-1
0
1
0
1
-1
0
1
0
2
0
-1
2
3
-1
2
1
1
1
-8
-4
-5
-3
-3
-2
-3
-3
-1
-2
-3
-2
-1
-2
-2
-2
-1
-1
-1
-1
-1
-1
0
-1
-1
0
1
-1
0
-1
0
-1
1
-1
0
0
0
1
0
-1
1
0
1
0
0
0
0
1
-1
-1
-1
1
-1
0
0
-2
-1
-1
0
-1
-1
0
-1
0
0
1
0
0
-1
0
-1
0
0
-1
1
1
-1
2
-1
1
0
0
0
0
1
-1
0
0
2
-1
1
0
0
0
0
-1
1
0
0
-1
1
0
0
0
0
0
2
1
0
1
0
1
0
1
0
0
1
1
0
1
1
-1
0
1
0
3
-2
3
-7
-7
-3
-3
-3
-3
-3
-3
-1
-2
-2
-1
-2
-2
-1
-3
-1
-1
0
-1
-1
-1
-1
-2
0
-2
-1
-1
-1
-2
0
-1
0
0
1
0
1
-1
0
-1
0
1
0
0
1
0
0
0
-1
0
-2
-1
-1
0
-1
-2
0
-1
-1
-1
-1
-1
-1
0
0
-1
0
0
1
0
-1
0
0
-1
0
0
-1
0
1
0
0
0
0
0
0
-1
-1
2
0
-1
2
-1
2
1
0
1
0
1
0
-1
0
-1
0
0
0
1
1
0
0
0
0
0
0
0
2
0
1
1
-1
-1
0
1
-1
1
0
3
1
0
-4
-4
-2
-2
-1
-2
-3
-2
0
0
0
0
0
-2
-2
-2
-1
-1
-2
-1
-1
0
-1
-2
-1
0
0
-1
0
-1
-1
-2
-1
-1
-1
-1
0
-1
-1
0
0
0
0
0
0
-1
0
0
0
-1
-1
-1
-1
0
0
-1
-1
0
0
-1
0
0
0
0
0
0
0
0
0
0
0
0
0
0
0
0
0
0
0
-1
0
1
0
0
0
1
1
0
0
0
0
0
0
0
0
0
-1
-1
-1
-1
0
0
0
0
0
0
0
0
0
0
0
0
0
0
-1
0
0
0
1
1
0
0
0
0
0
2
2
1
