0
236
59
6
43
-371
208
155
-82
-107
-29
101
236
-504
351
-51
-78
-6
27
112
-133
11
16
7
6
-17
3
30
-40
12
36
-43
-30
60
-17
10
-11
-24
-2
23
16
6
-20
-4
-14
11
6
-1
0
-1
-1
1
0
-1
0
0
1
-3
0
3
-1
0
-2
0
0
0
-1
0
0
-3
0
2
-2
0
0
-1
0
-2
0
1
-1
1
-6
-12
13
4
20
-8
-17
-23
1
24
10
-10
17
-60
29
43
-35
-14
39
-30
-4
16
-6
-6
-17
-11
132
-112
-27
5
77
50
-353
503
-237
-101
28
105
82
-156
-210
371
-45
-7
-60
-242
0
306
-334
35
345
-600
551
-402
363
-340
251
-83
-29
-137
292
-185
44
51
-151
192
-157
128
-118
96
-65
46
-48
69
-58
34
-37
31
-27
32
-29
23
-11
-7
3
10
-16
8
-2
6
-7
5
-3
5
-7
7
-6
3
-3
5
-7
5
-1
-2
0
-1
-1
0
-1
1
0
0
0
0
-1
1
-2
2
-1
-4
6
-6
3
-2
4
-7
6
-5
3
-5
7
-7
1
-10
15
-9
-4
6
11
-24
28
-32
27
-31
36
-35
57
-69
48
-45
64
-95
118
-129
158
-193
152
-51
-45
184
-295
135
27
82
-253
339
-363
401
-553
600
-346
-37
333
-310
0
-511
424
-381
449
-11
-574
372
173
-280
26
347
-377
-160
394
-6
-212
65
232
-279
-116
227
14
-129
92
28
-96
-29
143
5
-93
-37
91
-15
-58
10
37
-6
-25
39
-1
-25
5
-5
2
5
-3
1
-5
4
0
-2
0
-2
0
2
-5
-2
4
-1
-1
0
-1
1
0
-1
0
0
0
1
-5
0
4
-2
-1
0
-1
2
-1
-5
5
-2
2
-6
-3
4
-7
25
0
-39
24
5
-38
-10
57
13
-92
37
93
-6
-144
28
95
-28
-92
130
-15
-227
115
278
-233
-66
212
5
-395
160
375
-348
-28
278
-174
-374
573
11
-450
378
-424
506
0
-370
79
75
47
-80
280
-179
-41
-4
-6
-92
-18
322
-514
377
-54
-53
77
90
-203
88
32
-62
-31
59
24
-219
336
-173
-29
75
-17
-92
90
33
-95
56
24
-71
43
22
-62
42
0
-23
11
12
-13
4
1
-1
-2
0
0
-2
1
-4
8
-6
1
-1
0
0
0
0
0
-1
-1
4
-9
4
-1
0
-1
-1
1
0
-1
-4
13
-12
-11
23
0
-43
61
-23
-44
69
-24
-58
94
-35
-91
91
17
-77
29
174
-336
219
-24
-59
31
60
-32
-89
202
-90
-76
52
54
-378
513
-322
17
92
4
3
40
178
-281
79
-47
-79
-80
366
0
347
-265
134
-293
214
134
-149
60
-65
9
-81
362
-244
-126
166
-135
155
-226
79
203
-207
123
-86
48
-29
11
90
-144
62
-20
7
3
-10
33
-58
60
-38
9
20
-41
40
-26
5
10
-13
10
-4
-2
3
-1
-1
0
-1
0
-2
3
-3
-1
3
-3
0
-1
0
0
0
0
-1
2
-3
0
1
-3
0
-1
0
0
0
1
-5
1
4
-11
13
-10
-6
24
-40
40
-21
-9
37
-60
55
-33
8
-4
-8
19
-63
144
-90
-13
30
-49
85
-123
207
-203
-79
225
-154
134
-168
125
243
-363
80
-10
62
-61
148
-135
-216
292
-137
264
-351
0
115
58
-29
140
2
-330
64
120
177
-39
-101
-623
972
-341
-87
6
-24
162
-78
-177
109
105
11
-51
-96
-108
428
-263
-60
109
-25
-18
-26
28
32
-7
-22
-13
0
8
13
-1
-4
-2
0
-6
2
4
-1
-3
-1
1
-1
-1
-3
5
-2
-6
6
-1
-1
-1
-1
0
0
0
0
1
-5
5
1
-6
2
0
1
0
-1
3
-1
-4
-4
5
-2
1
2
0
-13
-9
0
12
21
7
-32
-29
26
17
25
-110
60
263
-429
108
97
51
-12
-105
-109
177
77
-163
24
-6
86
340
-974
621
99
38
-179
-121
-65
329
-3
-141
26
-60
-119
0
286
-290
-115
721
-1087
862
-556
461
-384
282
-132
164
-435
505
-298
43
169
-335
367
-189
43
-82
164
-216
247
-309
343
-262
150
-93
85
-90
74
-53
36
-29
28
-26
21
-10
-6
11
-13
12
-8
0
4
-1
-2
1
-1
-1
-1
-2
0
-3
4
-5
6
-3
1
0
0
0
0
0
-2
2
-6
5
-5
3
-2
0
0
-1
2
-2
2
1
-5
-1
7
-13
13
-11
5
9
-21
26
-29
27
-38
52
-75
90
-86
93
-151
262
-345
309
-247
215
-163
82
-45
190
-368
335
-169
-43
295
-507
434
-166
130
-284
382
-462
556
-863
1086
-723
113
290
-290
0
-548
460
-376
279
76
-63
-281
380
-102
-342
268
172
-36
-211
-25
252
-211
-110
74
314
-230
-32
79
34
-128
-35
41
173
-73
-87
29
50
-56
-30
38
20
4
-7
-21
6
-23
32
-1
-13
9
-8
0
3
-2
0
-1
0
0
-1
0
-1
3
-2
-3
1
0
-2
1
0
0
-1
-1
-3
3
1
-3
0
-1
0
0
0
0
-1
2
-3
-1
7
-10
11
0
-33
23
-6
19
6
-4
-21
-40
29
55
-50
-30
87
73
-173
-41
33
128
-35
-79
32
229
-315
-76
110
210
-252
24
209
35
-174
-271
340
99
-381
283
61
-78
-280
373
-461
543
0
-123
25
-78
-135
254
-164
178
-169
164
-102
22
138
-489
495
-183
99
-86
-35
105
-41
-1
8
-2
-25
23
-65
94
-60
45
-2
-53
54
-28
-3
30
-51
64
-78
74
-68
50
-16
-2
6
-13
20
-15
7
-3
0
-1
-1
0
-1
-1
0
1
-1
-2
0
-1
-2
-1
0
-1
1
-1
0
2
-2
-1
-1
0
-1
-1
1
-1
0
2
-7
13
-20
12
-7
2
16
-51
67
-75
78
-65
49
-31
1
28
-54
54
2
-47
60
-94
64
-23
25
3
-9
0
41
-105
36
84
-99
182
-497
488
-139
-24
99
-165
168
-179
163
-255
133
74
-26
119
0
293
-136
-55
63
255
-380
94
3
51
-86
-64
295
110
-428
71
82
-51
76
67
-158
55
-13
-10
26
-28
67
52
-141
4
37
-14
13
24
-44
10
27
-19
4
12
-18
9
8
-15
4
11
-12
-2
7
-2
1
-1
0
0
-1
1
-2
1
1
-2
-1
2
0
0
0
0
0
-1
0
1
-2
-2
1
-1
-1
0
-1
0
-2
2
-7
2
11
-11
-6
16
-10
-10
17
-12
-5
19
-27
-10
43
-25
-13
14
-38
-5
141
-53
-67
26
-26
10
13
-55
158
-67
-77
50
-82
-73
426
-110
-296
62
84
-52
-4
-94
379
-257
-63
51
134
-298
0
153
40
59
-177
-48
373
-330
-83
290
24
-274
-49
467
-548
264
44
-108
-51
187
-198
95
71
-76
-50
94
92
-314
351
-206
-5
94
-48
-30
56
-27
-29
39
-11
-10
10
13
-9
-13
5
18
-17
-3
6
-3
-2
-1
0
-1
0
1
-1
0
0
-2
2
0
0
0
0
1
0
0
-3
2
-1
0
0
-1
-1
0
-1
1
0
2
-6
3
17
-19
-6
12
8
-13
-10
9
10
-41
28
25
-58
29
47
-94
4
206
-351
314
-94
-95
50
76
-71
-96
197
-187
50
107
-44
-264
546
-469
47
274
-26
-291
83
329
-374
48
176
-61
-41
-158
0
-69
-97
169
-68
-365
553
-273
78
66
-203
392
-520
196
198
-250
113
49
-209
287
-155
-22
83
-85
67
8
-175
165
62
-182
170
-101
0
52
-37
-22
92
-103
52
-21
10
1
-6
2
6
-23
35
-40
27
-21
26
-32
37
-36
23
2
-27
36
-34
27
-19
9
-2
0
0
0
1
-9
20
-27
33
-36
25
-3
-25
37
-37
32
-27
21
-27
37
-36
21
-6
-4
4
0
-11
21
-53
102
-93
23
36
-54
-1
102
-170
182
-63
-165
174
-8
-68
85
-83
22
155
-287
210
-49
-113
247
-199
-198
519
-393
202
-68
-79
272
-555
365
66
-172
95
65
0
-359
115
-12
115
-100
-45
145
-36
-39
-9
21
77
-35
-60
21
3
-5
-59
84
-9
-23
-19
9
19
14
-93
123
-25
-32
-13
3
17
23
-60
21
53
-39
-25
19
33
-32
-25
36
-4
-5
-19
21
-6
-4
6
-7
5
-4
-1
4
-9
9
-7
6
-5
2
-1
-1
0
-1
1
-3
5
-7
7
-9
8
-5
1
3
-6
6
-7
3
5
-22
19
2
3
-38
24
30
-33
-20
25
39
-54
-22
60
-24
-17
-4
13
31
25
-124
92
-13
-20
-10
18
24
7
-84
59
4
-4
-22
59
33
-79
-23
8
37
34
-145
43
100
-116
9
-117
355
0
306
-211
77
-76
180
-165
64
-35
13
1
6
-133
156
-30
11
6
-106
142
-79
35
-26
17
-4
3
-18
23
-26
12
2
21
-32
-20
138
-257
219
-66
-13
12
-3
1
8
-29
32
-10
-16
15
-2
-4
-1
-3
11
-8
-18
35
-22
-4
7
-3
4
-12
9
0
-2
0
2
-1
-10
11
-5
2
-8
3
22
-36
16
7
-13
3
0
3
0
-16
15
9
-33
27
-9
-1
2
-14
12
66
-220
257
-140
19
32
-22
-1
-13
25
-24
19
-4
4
-18
26
-35
79
-143
105
-7
-11
28
-159
131
-7
-3
-15
34
-66
164
-181
73
-78
210
-311
0
193
-141
6
5
8
-10
17
0
-20
12
-10
11
0
1
-15
26
-27
18
-5
-12
12
-4
-4
-1
3
-5
12
-12
4
-1
0
-4
18
-26
27
-27
10
8
-14
14
-15
13
-14
17
-14
5
-3
3
-3
0
2
-1
0
-2
0
4
-3
1
0
-2
2
-2
0
0
0
0
-2
2
-1
-3
4
-4
1
2
-2
1
-2
1
2
-4
3
-6
12
-17
14
-14
14
-13
12
-9
-12
26
-28
25
-19
4
0
1
-6
11
-13
6
-4
0
2
3
-14
11
4
-19
26
-27
14
-1
-3
-13
8
-13
18
-1
-17
8
-10
-7
-9
140
-198
0
-107
48
-12
13
0
-3
2
1
-2
-3
0
-6
8
-7
0
-1
6
-6
0
4
-2
2
-1
1
-1
1
0
1
0
1
2
-1
1
-1
-1
-1
0
0
-1
-1
0
-1
0
-1
0
1
-3
1
0
0
0
-1
-1
-1
0
0
0
0
-1
0
-1
0
0
0
-1
0
0
0
-1
0
-1
0
-1
0
-1
0
0
0
0
-1
0
-2
0
1
0
-1
-1
-1
0
-1
-1
-1
0
-1
-1
0
-2
0
-1
-1
0
0
0
-2
1
-2
2
-4
0
6
-6
1
0
4
-10
4
-2
2
-1
-3
0
2
-1
-14
10
-48
102
0
3
-1
0
-5
11
-5
-4
-1
5
-7
3
2
-6
2
-2
7
-9
4
4
-6
2
-1
3
-8
8
-3
-1
-2
3
-3
1
0
-1
-1
0
0
0
-1
0
-3
4
-4
2
0
-2
2
-2
0
-1
-1
0
-1
1
-1
-1
-1
0
-1
-1
0
-1
0
-1
0
0
0
0
0
0
0
-2
0
-1
1
-1
-1
0
-1
1
0
1
-2
1
-1
-4
3
-4
1
-1
0
-1
0
-1
1
-2
-1
-2
2
-3
1
1
2
-8
7
-3
0
-2
6
-4
-4
8
-7
1
-4
6
-3
-4
5
-7
0
3
4
-12
4
-3
1
-8
0
-10
1
3
2
-13
10
-2
0
0
0
2
-7
6
-3
-3
3
-3
5
-6
4
1
-3
-2
3
-4
2
-2
2
0
1
0
-1
-1
-1
0
-1
0
-1
-1
0
1
-1
0
0
0
0
-1
1
-2
1
0
1
-1
1
-1
-1
-1
-1
0
0
-1
0
0
0
0
0
0
0
-1
0
1
0
1
-2
1
-2
0
-1
2
-1
1
0
-1
-1
0
1
-2
-1
0
-1
0
0
-1
0
-1
0
0
-1
1
-3
0
-2
4
-3
-1
2
-1
-4
5
-5
2
-3
2
2
-9
6
-4
-1
-1
0
3
-12
12
-4
-6
-3
6
0
-1
-1
-1
-2
8
-10
3
3
0
-6
5
-4
-1
-1
1
-2
5
-5
4
-2
-1
1
2
-4
5
-4
1
2
0
-1
0
0
-1
0
0
-2
0
1
-2
-1
-1
1
-1
0
0
-1
1
0
-3
2
-1
-1
1
0
-1
0
-1
0
-1
-1
1
0
1
0
-1
-1
-1
-1
-1
-1
0
-1
1
0
-2
1
0
-1
0
0
-1
-1
0
-1
0
-2
0
1
-1
-2
-1
1
-1
0
0
-1
-1
1
-2
-1
-2
4
-6
4
-3
-1
0
2
-3
4
-7
2
-2
1
-1
3
-5
4
-2
-4
-2
10
-11
1
-1
0
-4
0
0
-3
1
6
-4
-3
1
0
1
-2
2
-8
7
-4
0
-1
0
-1
3
-5
4
-1
0
2
-3
-3
2
0
2
-2
0
1
-3
2
-2
0
-2
0
-2
0
0
-1
-1
-1
0
0
0
1
-2
0
0
-1
-1
0
-1
0
-1
-1
0
-1
-1
-1
0
0
-1
0
0
0
0
0
0
-1
1
0
0
-1
-1
0
1
-1
0
-1
0
0
-1
-1
0
-1
0
-1
1
-1
0
-3
2
-2
0
2
-2
-1
-1
2
1
-3
1
0
-4
5
-4
0
-2
1
-2
3
-9
6
-3
1
-3
-1
-2
2
3
-7
-3
1
-4
0
3
0
-5
5
-6
0
3
-2
4
-6
2
-7
8
-1
-4
6
-6
2
0
0
0
1
-1
1
0
-1
2
0
-1
1
0
-2
1
-2
2
-2
-1
1
1
-1
0
-1
-1
2
-3
2
-2
1
-1
0
0
-1
0
-1
-1
-1
-1
-1
-1
-1
-2
0
-1
0
0
0
-1
0
0
-1
0
-1
-1
0
-1
0
0
0
1
-1
1
-2
2
-2
0
0
-1
-1
0
-2
-1
1
-3
1
-2
2
-1
-2
2
-1
-2
1
0
-2
2
-1
0
0
-2
-2
4
-6
4
0
-9
4
-3
5
-6
1
-4
-2
3
-7
3
0
-7
0
1
1
-3
-2
3
-3
1
4
-8
5
-8
4
0
1
0
-4
3
2
-3
0
2
0
0
0
1
-2
-2
5
-1
0
0
1
0
-2
2
0
0
-1
0
0
1
1
0
1
-1
-1
-1
1
-1
-1
1
-2
0
-1
0
-1
1
0
0
0
0
0
-1
0
1
-1
1
0
0
0
0
0
0
-1
-1
1
-1
-1
1
-1
0
-1
-1
-2
-1
-1
1
-1
-1
0
0
0
-2
0
-1
-1
-1
0
2
-5
1
1
-2
0
0
0
-2
0
2
-2
-3
4
-1
-2
-2
-5
7
-7
5
-4
-2
3
-5
1
0
-3
-6
0
0
-1
1
-2
-1
-3
4
-4
2
-3
5
-12
13
-4
-2
3
-5
3
-2
1
0
-1
1
0
-2
0
2
-1
0
0
1
-2
2
0
0
-1
0
1
1
-1
0
1
0
0
0
-1
-1
0
1
1
-1
1
-1
0
0
1
-2
-1
0
0
-1
-1
0
0
0
0
-1
1
0
-1
1
-2
1
-2
1
0
2
-2
1
0
0
-1
0
0
-1
-1
0
0
-1
-1
0
0
0
-2
-2
1
0
1
0
1
-2
0
2
-1
-1
0
0
0
1
-4
4
-3
3
2
-13
10
-5
0
-3
4
-5
0
-2
0
-3
-2
-3
0
191
-107
58
-68
47
-51
53
-28
-4
-22
135
-289
213
63
-134
43
-11
33
-68
94
-121
136
-130
100
-75
46
1
-30
25
-5
-15
39
-43
-19
98
-143
160
-147
116
-83
53
-21
-10
40
-77
97
-85
57
-29
8
-6
10
-12
10
-8
6
-13
22
-17
6
0
-2
0
0
0
0
-1
-6
17
-23
12
-7
9
-12
14
-11
6
-8
28
-58
84
-97
76
-40
9
20
-52
82
-117
146
-161
142
-99
19
43
-39
15
5
-26
30
-1
-46
74
-100
128
-137
121
-94
67
-33
11
-44
133
-64
-213
288
-136
20
3
27
-54
51
-48
66
-60
105
-195
0
-84
27
-28
12
8
1
-3
3
-13
7
-5
-21
36
20
-12
-36
14
14
-8
-1
1
1
-4
0
-4
14
-10
0
1
1
3
1
-12
8
0
1
-3
-2
1
-2
1
-2
0
8
-14
5
0
0
-1
-1
0
0
1
0
0
-1
0
1
0
-2
0
0
1
0
0
0
1
1
-1
-1
-1
1
-1
0
-1
-1
1
0
0
-1
-1
-6
12
-8
-2
0
-1
1
-1
-1
1
-1
-1
-8
11
-2
-3
-1
-1
-1
10
-15
3
0
3
-2
-2
1
7
-14
-17
35
13
-21
-39
19
4
-8
10
-4
3
-1
-9
-13
25
-28
81
0
227
39
-123
48
-23
13
-10
2
2
-7
-5
-1
1
26
-8
-70
70
3
-18
-15
18
-9
8
-5
3
-16
31
-24
13
-11
12
-3
-15
-1
32
-14
-14
15
-12
10
-11
14
-17
14
-6
1
1
-1
0
0
1
1
0
-2
0
0
-1
0
-1
0
0
0
-2
0
0
-1
1
0
0
-1
2
-2
-1
1
-2
-1
0
-1
-2
1
-1
-1
6
-15
17
-15
10
-11
11
-15
14
14
-34
1
14
3
-12
11
-13
24
-31
15
-3
4
-7
8
-17
14
18
-3
-71
70
7
-28
-3
-1
2
4
-4
-3
9
-13
21
-49
119
-40
-231
0
-223
92
11
-14
9
-4
1
2
2
-3
-1
0
2
-7
-7
35
-25
-28
41
-8
-4
0
2
-2
5
-9
5
-2
4
-3
-2
4
0
-3
-2
0
2
-1
-3
1
-4
3
3
0
-8
5
-2
2
-2
1
0
-2
0
0
0
-2
0
0
-1
0
0
0
0
0
0
0
-1
-1
0
-1
-2
2
-1
-1
-2
1
-2
-1
1
-2
1
-5
7
-2
-2
-3
2
-2
2
1
-4
-1
1
2
-1
-4
1
2
-4
2
-7
8
-6
2
-3
-1
4
8
-39
27
25
-35
6
7
-3
-2
-1
1
-3
-2
-2
3
-9
12
-13
-93
219
0
-80
32
15
-12
1
-2
1
1
-9
7
2
-4
2
-5
-5
-6
5
17
0
-26
13
-3
3
-3
-2
-2
8
-3
-2
1
3
-6
10
-2
-7
4
-4
0
4
-17
15
11
-46
36
-3
-4
0
1
-2
0
0
0
0
-1
0
0
-1
0
0
-1
0
-1
0
0
0
0
-1
1
-1
0
0
0
-2
0
0
0
0
-1
0
-1
0
3
2
-36
45
-11
-15
17
-5
-1
3
-5
7
1
-11
6
-3
-1
1
3
-9
2
1
2
-4
2
-15
25
-3
-18
-6
6
3
2
-4
2
-4
-8
7
-2
-2
1
-1
11
-18
-32
75
0
132
-98
49
-24
0
1
1
2
-5
4
-8
6
-4
-6
6
10
3
-32
6
11
6
-7
-3
6
1
-1
-5
-4
7
0
-5
8
-13
17
-11
-4
10
-2
-10
7
-13
22
3
-24
7
1
1
-1
1
-1
0
0
1
0
0
-1
0
-1
0
1
-1
1
0
0
0
-1
2
-2
-1
0
0
0
0
0
0
-1
0
0
-1
1
-1
-3
-8
23
-4
-24
13
-8
9
2
-13
4
11
-17
12
-8
4
0
-6
3
4
0
-3
-6
2
6
-6
-12
-8
31
-5
-10
-8
4
3
-8
6
-6
3
-2
-3
-2
-2
23
-52
95
-136
0
103
-75
14
3
-11
2
11
-13
4
6
-15
10
5
-23
34
-58
65
-35
4
5
-7
19
-31
16
19
-38
21
-14
18
-9
-9
30
-60
88
-79
40
-14
3
-2
1
8
-12
4
-2
0
3
-4
1
1
-1
0
-1
1
-1
-1
0
-2
1
-1
0
-1
0
-1
0
0
-1
0
0
-1
-1
0
-1
0
0
-1
1
-1
1
-1
-1
3
-3
0
1
-6
11
-9
-2
2
-3
14
-40
79
-89
60
-30
10
8
-18
12
-22
37
-20
-16
30
-19
7
-6
-4
33
-66
58
-35
22
-6
-11
12
-9
-5
12
-11
-4
9
-5
-16
73
-108
0
-29
47
-72
41
1
-6
1
0
1
-8
-2
14
-12
-7
15
-23
38
-5
-60
76
-46
2
23
-7
-28
53
-53
23
2
-3
-5
6
-1
-13
23
-17
2
7
-14
-8
33
-43
39
-26
7
1
-4
1
0
0
0
1
-2
0
-2
0
0
-1
-1
1
-1
-2
-1
0
-1
0
0
-1
1
0
-1
-1
0
-1
0
-2
1
0
0
-2
1
-2
-8
25
-40
42
-34
6
13
-9
-4
16
-24
11
1
-7
4
1
-2
-24
53
-54
26
6
-24
-2
46
-77
59
4
-38
22
-17
5
11
-16
1
5
-3
0
-2
6
-3
-42
69
-48
24
0
28
18
-10
-16
1
11
1
-8
-3
4
1
-5
-2
3
1
-2
0
4
1
-3
-3
2
1
-4
-3
3
4
-1
-5
-2
3
1
-1
-1
-1
-1
-1
2
1
0
-2
0
-1
-1
-1
0
0
-1
-1
0
1
-1
-2
0
0
-1
-2
0
0
0
-1
0
1
0
-2
-1
1
0
-2
-1
1
0
-1
-1
1
0
-2
-2
1
1
-1
-1
0
0
0
0
1
0
-3
-2
0
0
0
0
0
-1
-3
0
3
1
-4
-3
3
3
-2
-3
2
3
-2
-5
-1
2
-2
-4
2
4
-2
-5
1
7
-2
-12
-3
14
9
-19
-29
