-9
-6
-1
-10
-6
29
-48
13
-8
16
4
-29
15
-6
11
-30
36
-81
41
-7
46
-40
3
2
-1
2
2
-18
7
-2
4
-5
7
-8
2
-3
1
0
-2
1
0
1
0
1
0
-2
1
0
0
-1
1
-2
2
-3
1
0
-1
-1
-1
1
-1
0
-1
0
0
0
0
0
0
0
-1
1
0
1
1
-2
3
-2
2
-1
1
0
2
-2
1
1
-1
0
0
1
-2
0
2
-1
2
-7
7
-5
4
0
8
-16
3
3
-1
3
5
-39
48
-5
42
-78
37
-26
15
-4
18
-27
7
20
-6
18
-44
32
-3
-1
5
1
-8
-9
2
-8
-2
-2
3
-13
-10
13
-32
44
-13
-52
47
35
-48
-48
49
1
-18
17
-28
12
-2
5
7
-32
38
-10
-15
10
-7
1
6
-7
4
0
-1
2
-1
1
0
1
0
-4
3
0
0
-1
0
-2
1
-7
4
-2
-2
1
-2
-1
0
-1
0
0
-2
1
-1
0
-1
0
-1
2
-1
-1
5
-5
2
-1
1
1
1
0
3
-5
2
1
0
0
-1
3
-1
-1
5
-6
6
1
-7
10
-15
-10
39
-31
9
5
-1
14
-26
19
-17
2
51
-47
-47
37
50
-47
-10
48
-29
17
-7
-10
7
2
1
-1
7
-1
-8
-4
-3
-3
8
-48
23
22
-44
42
19
-129
136
24
-296
282
-95
53
-8
-42
-6
39
-21
4
-3
3
-22
6
27
-45
30
-4
4
-10
-2
5
-2
0
-3
6
0
0
0
8
-14
4
4
-3
1
-3
-1
7
-4
-7
3
-1
0
-1
-1
-1
-1
1
0
-1
-1
0
-1
1
0
-1
1
0
0
0
3
-5
-4
9
0
-2
2
-2
5
5
-14
9
0
-1
0
6
-4
1
-1
5
-1
-9
4
-3
31
-46
27
9
-22
4
-1
6
-19
39
-6
-42
-7
55
-94
285
-292
27
139
-127
21
46
-42
26
28
-44
10
5
2
5
-8
-4
-5
-19
37
-48
10
6
-13
-22
115
-154
83
-26
47
-94
17
43
-2
-38
25
-16
-1
9
-3
-4
-5
9
-7
-9
13
-5
-4
-4
5
-1
0
-1
-1
2
1
-2
-7
23
-20
1
-4
12
-7
1
0
-6
8
-9
3
0
2
-7
2
-1
0
-1
-1
-1
-2
1
0
-1
1
0
3
-6
3
0
4
-8
8
-5
0
2
-6
13
-3
0
-20
22
-5
-1
2
1
-1
0
0
0
5
-3
-4
-4
15
-7
-7
10
-4
-2
-2
11
2
-15
26
-38
-1
45
18
-91
51
-22
86
-150
119
-21
-12
10
14
-45
40
-11
-1
4
-8
-3
-12
0
-23
54
-56
16
-6
7
-23
53
-149
168
-182
245
-191
70
-23
-5
17
-3
-2
-4
-3
2
3
-22
15
2
-13
7
1
-3
-2
10
-5
1
-3
7
-8
5
8
-14
-4
30
-39
33
-16
2
-2
0
6
-11
0
3
-2
-1
2
-3
0
-2
-2
1
-1
1
-1
-1
1
-2
2
-1
-1
6
1
-10
7
0
-1
3
-15
32
-39
32
-3
-13
7
4
-9
7
-3
1
-5
11
-3
-3
1
7
-11
4
15
-21
5
4
-2
-2
-1
-4
18
-4
-22
72
-190
248
-177
171
-147
55
-20
10
-3
21
-54
58
-21
7
-7
5
-22
25
-32
-8
5
-16
32
-38
28
-50
-1
118
-184
82
94
-184
116
-30
-25
69
-70
26
-13
9
-4
1
-2
3
-3
3
0
-6
3
-6
6
2
-3
3
-8
6
2
5
-19
12
5
11
-21
1
18
-26
10
-3
2
7
-9
2
-12
15
-8
-4
2
0
-1
0
1
0
-1
-1
3
-3
-8
17
-11
3
-8
8
3
-3
11
-24
19
2
-19
11
5
13
-20
6
2
7
-8
2
-3
2
7
-5
3
-6
0
4
-3
3
-1
1
-3
10
-11
28
-68
71
-24
-29
117
-181
97
86
-181
121
2
-47
30
-34
35
-12
8
0
-27
33
-10
-9
90
-230
50
281
-202
-30
-69
189
-128
-93
436
-698
677
-267
-269
268
-33
-44
73
-47
-7
9
0
0
-2
-9
13
0
-34
31
5
-29
33
-31
18
-1
-17
41
-16
-27
30
-31
22
50
-102
58
-4
-16
14
-11
11
-17
16
-12
-3
14
-18
7
-5
3
-2
-1
1
-1
-2
3
-4
8
-17
15
-2
-9
18
-16
12
-11
15
-14
-3
61
-102
51
22
-31
30
-27
-15
41
-17
0
20
-30
35
-29
5
31
-33
-1
14
-7
0
2
2
10
-6
-45
73
-43
-32
269
-268
-264
681
-694
439
-90
-125
193
-68
-26
-199
285
54
-223
95
-2
-140
33
135
-254
323
-584
696
-408
245
-242
-84
615
-903
1005
-936
402
21
-94
42
63
-109
85
-29
-11
7
-1
0
-15
22
-29
38
-15
-37
38
-11
-17
37
-16
-34
71
-32
-48
86
-113
104
-16
-42
24
-9
10
-7
7
-13
10
-7
-1
-2
4
-5
1
1
-3
0
1
-3
0
2
-2
1
1
-4
5
-1
-1
-7
11
-12
9
-5
11
-8
25
-40
-16
105
-112
86
-47
-31
72
-33
-15
38
-17
-10
38
-37
-15
39
-28
23
-13
1
0
8
-11
-28
86
-108
63
42
-92
22
404
-933
1008
-901
618
-82
-238
247
-403
700
-579
326
-247
139
40
-270
382
-468
382
-108
-409
423
-36
-79
13
88
-410
761
-665
109
256
-256
122
-65
103
-50
-46
38
-12
1
-2
-5
9
4
-65
118
-89
21
11
-17
21
-27
28
-22
15
-19
27
-15
-20
37
-17
-8
13
-10
10
-12
6
-2
1
-11
11
-3
-7
4
-5
2
-3
-1
-1
0
-1
0
-2
3
-5
5
-5
-2
13
-10
3
-1
5
-11
10
-9
12
-7
-17
38
-20
-16
28
-19
16
-22
29
-26
22
-17
13
21
-87
119
-65
5
10
-5
-1
1
-10
40
-44
-50
104
-63
122
-255
259
112
-662
763
-406
92
16
-77
-32
427
-404
-105
389
-463
391
15
-167
242
-15
-92
70
-135
106
-146
-18
63
124
11
160
-288
-153
108
100
-5
-27
-28
29
2
-5
-4
19
-21
-11
-9
8
36
-2
-25
-21
25
10
-6
-12
-14
31
6
4
-34
-21
47
-7
6
-18
14
-5
-7
6
-3
-1
0
-2
-1
3
2
-6
-4
2
-1
0
-1
0
0
3
-3
-3
3
3
-1
-2
2
0
-2
6
-5
-4
15
-18
7
-7
48
-22
-35
3
6
31
-14
-11
-6
12
26
-20
-25
-1
37
8
-9
-9
-20
21
-3
-3
3
30
-28
-25
-4
100
109
-149
-284
164
14
127
65
-13
-144
110
-132
73
-89
-7
246
-160
133
-64
84
-186
194
21
-377
226
45
-49
-100
275
-206
20
-115
44
131
-48
8
2
-67
48
-8
0
-4
-1
3
7
-20
-13
25
11
-17
-13
10
2
-1
2
0
0
-2
1
-2
0
10
-7
-13
20
-11
-3
4
-1
-2
0
0
-1
-1
0
-2
-1
0
1
1
0
-2
-1
1
1
1
0
-3
1
0
0
0
1
-1
0
5
-3
-10
21
-12
-7
11
0
-1
1
-2
0
0
3
0
3
9
-13
-17
12
26
-12
-19
10
5
1
-2
2
-6
50
-66
3
8
-47
132
48
-112
24
-203
278
-97
-46
47
229
-373
23
197
-179
89
-55
73
-24
-1
-70
94
-508
793
-376
57
-89
69
-121
-195
530
-88
-95
-106
22
42
-19
-55
49
-2
3
-5
0
2
20
-13
12
-101
86
-7
-4
-3
2
9
-9
-8
1
8
8
0
31
-70
25
5
2
-4
3
-1
0
-1
0
1
-2
4
-4
0
-2
2
-1
1
-5
4
-5
2
0
2
-3
0
-3
6
-2
1
0
1
0
-1
4
-3
1
6
25
-69
31
-1
9
9
3
-7
-10
10
3
-2
-4
-7
87
-101
13
-12
21
4
-1
-4
4
-2
52
-55
-17
42
24
-105
-91
-84
532
-192
-117
72
-87
59
-372
796
-504
97
-62
4
-15
-168
102
104
-336
380
-501
466
-189
199
-298
69
265
-711
1022
-788
340
-157
114
-30
-98
123
-49
1
-5
6
1
-23
19
24
-99
136
-100
47
-11
-14
11
0
1
-1
-3
-3
25
-66
101
-71
7
11
1
10
-20
9
-3
2
-5
1
3
-11
11
-4
-3
2
0
0
-2
0
-2
0
0
2
-3
-4
12
-10
4
3
-4
3
-3
9
-19
11
1
12
7
-71
100
-66
26
-3
-3
0
2
0
11
-14
-10
47
-100
137
-97
25
20
-22
2
7
-4
1
-47
124
-96
-30
114
-156
345
-784
1025
-708
269
71
-295
200
-186
470
-496
383
-329
110
110
-62
-63
254
-147
-197
126
75
-126
148
67
-259
-155
281
258
-175
-243
92
93
-42
-18
-4
10
2
-7
5
-12
9
14
-26
-37
36
55
-62
-5
13
13
-18
4
9
-18
2
8
34
8
-77
7
37
4
-17
4
1
-3
0
-2
3
-6
0
4
0
-6
1
-2
0
1
0
0
-1
-1
2
-6
1
5
1
-7
4
0
0
-2
1
5
-16
4
38
8
-77
8
34
8
1
-17
9
4
-18
13
13
-3
-62
58
37
-35
-26
17
10
-12
6
-6
3
13
-3
-16
-40
93
93
-239
-171
261
285
-152
-256
70
150
-124
79
131
-194
-139
259
-55
62
-10
-46
5
-77
420
-466
21
59
17
-1
68
-89
-11
33
-9
38
-53
41
-19
-12
0
0
0
-2
1
-3
-2
-1
-3
15
3
-17
-6
12
-5
1
-1
0
1
-2
1
26
-43
17
-3
9
-6
-1
5
-6
1
-1
-2
1
-3
1
-5
6
-3
-1
1
-1
0
0
1
-1
1
0
-2
6
-4
2
-2
1
0
-1
1
-6
6
0
-6
10
-2
17
-42
25
2
-2
1
0
-1
1
-4
12
-7
-17
4
16
-2
0
-1
-2
2
-1
2
1
3
-11
-19
43
-52
39
-5
36
-7
-86
72
1
21
61
25
-462
423
-73
12
-41
-1
57
-174
123
-34
268
-386
180
6
-70
-29
-167
280
355
-553
-136
247
180
-153
19
-141
115
-8
-3
-8
3
-5
2
6
4
-14
-25
33
-9
3
8
-15
3
6
-15
15
-7
26
-2
-93
106
2
-47
16
-2
-6
9
-4
-1
0
-1
0
-1
4
-11
1
5
-2
-2
2
-5
4
-2
-2
5
2
-11
4
0
0
-1
2
-1
-4
9
-6
-1
15
-47
2
107
-93
-2
26
-7
15
-15
7
3
-14
9
5
-9
35
-25
-15
6
6
3
-4
4
-6
-1
-7
116
-140
21
-152
181
250
-132
-549
357
283
-163
-27
-68
10
184
-383
271
-27
127
-165
-209
212
-127
-120
264
-152
3
-62
122
-104
-39
327
-507
114
382
-390
152
24
-95
110
-83
22
1
-4
-1
3
-11
12
-8
-12
14
-1
-4
-2
0
18
-27
19
-3
-13
23
-24
37
-29
-10
22
-9
0
-2
12
-18
5
0
1
-5
1
1
-8
19
-18
1
1
0
-3
1
-2
1
1
2
-15
19
-8
2
1
-4
2
1
5
-18
13
-1
0
-8
23
-9
-28
38
-25
23
-13
-4
20
-27
18
0
-2
-4
1
15
-11
-7
13
-10
5
1
-2
1
23
-82
109
-94
25
153
-387
385
117
-504
331
-37
-101
124
-58
6
-147
266
-113
-122
220
77
-62
9
-19
68
-121
87
-77
65
-28
9
-98
155
-63
-42
20
69
-93
15
18
-8
0
-2
-3
0
-1
0
-2
-5
6
-3
0
0
0
4
-7
4
-4
1
2
5
-10
-4
13
0
-3
-4
2
-1
1
1
-3
-2
-1
-2
0
0
-2
-3
4
-4
-1
1
1
-3
2
1
-1
-2
4
-1
-2
1
0
-1
0
0
-2
3
1
0
2
-4
-3
0
13
-4
-10
5
2
1
-2
4
-6
5
-1
0
0
-3
6
-4
-1
0
0
2
-2
0
2
-7
19
17
-92
70
23
-38
-59
159
-93
12
-24
67
-71
91
-117
71
-12
15
-54
121
-158
97
-74
35
110
-134
48
-23
-5
-32
96
-28
-25
-44
11
-14
40
-9
-10
6
-5
0
-2
0
-2
1
-9
11
-4
-5
0
2
-2
-1
3
0
-2
-4
6
-2
9
-9
2
5
-10
-1
11
-13
13
-9
0
0
-2
1
-1
0
-5
-2
7
-6
0
-1
0
-1
1
-1
-1
-5
8
-1
-3
1
-1
3
0
1
1
-9
15
-12
10
-1
-9
6
3
-10
8
-2
7
-3
-3
0
2
-1
-1
2
3
-5
-3
12
-8
1
0
1
-3
1
-4
7
-7
-7
41
-13
15
-40
-21
-25
99
-28
-3
-21
52
-130
113
38
-65
101
-151
-98
58
-11
-17
31
-108
56
25
-18
3
-3
-23
21
-14
-11
11
-4
0
-2
-3
1
-3
2
-2
-2
1
-5
1
3
-7
3
-4
-1
1
2
-2
0
0
-1
1
-1
2
2
0
0
-1
3
-1
-2
1
-1
-2
1
-2
-1
0
-2
2
-1
-1
-2
1
0
-1
-1
0
0
1
-1
0
0
3
-1
1
-1
-1
2
-1
1
1
-1
-1
4
-2
1
1
1
0
-1
2
0
1
0
-1
2
2
-1
-2
5
-6
4
1
-3
3
0
0
2
-3
2
-1
-1
2
-3
16
-8
-10
24
-20
1
5
-17
30
60
-104
34
-8
-6
67
-24
21
-27
-18
26
5
-32
-2
7
-3
-3
-9
16
-11
-8
-9
13
-8
2
-4
-1
1
-1
-3
0
1
-4
2
-2
3
-6
0
0
-1
4
-4
1
0
-1
1
-2
2
-2
1
-2
4
-4
3
-1
-1
0
-1
-1
1
-2
-2
0
1
-1
-2
0
-1
-1
-1
0
0
0
-1
1
-1
-1
2
1
-2
-1
2
0
-1
2
-1
0
3
-4
4
-2
2
-3
4
-1
1
0
0
2
-4
4
-1
0
2
-5
4
-2
2
-3
3
1
-1
0
2
0
-3
4
-7
14
-5
-3
-9
19
-4
0
1
9
1
-28
9
29
-10
-22
30
21
-23
-6
2
-12
32
-47
12
-9
7
-5
1
-14
28
-33
7
2
-12
9
-5
-1
-1
-1
-1
-2
0
-1
-2
1
-1
-1
-3
2
0
0
-2
1
0
0
-2
1
0
0
-1
1
1
-1
1
-1
1
-2
1
-3
-1
1
0
-2
-1
1
-1
0
-1
-1
-1
1
-1
0
0
0
-1
1
0
-1
1
1
0
-2
4
-1
0
0
1
0
2
2
-1
-1
0
2
-1
0
1
1
-1
0
0
2
-2
-1
2
1
-1
0
1
-1
1
1
0
0
-4
10
-10
3
10
-30
30
-10
5
-2
10
-6
15
-43
36
-8
9
-2
-15
-2
-15
11
-33
25
-14
10
-17
6
-3
-3
-2
-13
27
-32
10
-4
0
-2
-1
-2
-1
-2
0
-2
0
0
-3
1
-3
1
-1
-1
0
2
-2
1
-1
0
1
-2
1
2
-3
1
0
-1
0
-1
-2
0
-1
-1
-1
-1
-1
-1
-1
-1
-1
0
-1
-1
0
0
0
0
0
1
-1
0
-1
0
0
0
0
-1
0
1
0
0
1
0
1
2
-3
3
1
-2
1
0
-2
2
-1
2
0
-1
0
2
-2
2
-2
0
-1
0
0
0
1
0
0
-2
2
-3
13
-29
31
-10
2
-1
0
7
-12
14
-12
28
-25
16
-7
-19
9
-14
-8
13
-43
39
-17
-3
4
-10
16
-27
-6
25
-32
19
-2
-6
-1
-1
-2
0
0
-1
0
-1
-1
-2
0
-1
-1
2
-2
2
-1
-1
2
-1
-1
2
-1
1
1
1
-1
1
-2
0
-1
0
0
-2
1
-2
0
-1
0
0
0
-1
1
-1
-1
1
0
0
0
0
-1
1
-1
-1
1
-1
1
-1
1
0
-1
1
-2
1
0
1
-1
0
0
2
0
0
2
-1
-1
2
-2
2
-1
0
0
-1
1
0
1
0
0
1
-1
1
1
-5
-1
20
-28
28
-1
-24
20
-7
6
-2
-14
43
-38
16
-1
-10
17
-9
-6
-4
-8
2
-1
-14
-2
7
-7
1
1
-10
-3
1
-6
-4
8
-7
-1
-1
-1
-1
-1
-1
-2
-1
1
0
-3
1
-2
1
-1
-1
0
0
0
-1
1
-1
1
1
1
0
-1
0
0
0
-1
-1
0
-2
1
0
-2
1
-2
0
-1
0
-1
-1
0
-2
1
-1
-1
0
-1
-1
-2
2
-2
1
1
-2
1
-1
-1
1
1
0
0
0
0
0
2
-1
0
0
0
0
1
0
0
1
-1
2
-3
1
1
0
1
0
0
1
0
0
0
-6
10
-3
-2
4
0
-6
5
4
-5
9
2
-9
4
5
0
1
2
-9
-8
-1
-7
-2
5
-16
4
-7
-2
-6
6
-7
-2
-10
11
-4
-4
1
-1
-2
-1
-1
-1
-1
-1
-1
-2
0
-3
0
-1
-1
0
0
0
0
0
0
-1
2
-2
2
0
0
-1
0
-1
-1
-1
0
-2
-1
-2
-1
-1
-1
0
-1
0
0
-1
-2
0
0
0
-1
0
1
1
-1
0
0
0
0
0
0
-1
0
1
0
0
1
0
0
0
1
-1
2
-1
0
1
0
1
1
1
-1
-2
2
-3
1
0
0
-1
0
1
0
0
-1
1
1
-3
-3
14
-7
0
-4
9
-3
2
-5
8
-12
9
1
0
5
-1
-7
-6
-4
-8
9
-32
21
-10
2
-6
4
-10
5
-13
14
-15
3
-4
3
-2
-1
-2
-1
0
-1
-2
0
-1
-1
0
-1
-1
0
1
-1
0
-1
1
0
0
-1
1
2
0
0
-1
0
-1
0
-2
0
-2
0
-2
-1
-2
-1
0
-1
-1
0
-1
0
0
1
0
0
0
1
0
0
0
0
-1
1
-1
2
-1
2
-1
1
0
1
-1
2
0
1
1
-1
0
0
1
-1
1
0
1
0
-1
0
1
-1
0
0
0
0
1
1
0
0
0
4
-3
3
-12
17
-11
8
-5
7
-4
3
-7
24
-30
12
-1
2
3
-10
-5
-3
-4
-8
14
-26
9
-10
5
-2
-7
1
9
-24
6
7
-8
0
0
-1
-2
-1
-1
-1
1
-3
1
-2
1
0
-3
1
1
0
0
0
0
1
0
0
0
1
-1
2
-2
1
0
-1
1
0
-1
0
-1
-2
-1
0
-1
-1
-2
1
0
1
0
-1
-1
0
-1
1
-1
-1
0
1
1
0
0
1
0
0
2
0
1
1
-1
2
-1
1
0
0
0
1
1
0
1
-1
1
1
0
0
0
-1
1
-1
0
0
0
1
0
0
2
1
-6
8
9
-21
12
5
-4
1
8
-8
13
-22
18
-5
2
2
4
-9
-5
0
-8
-2
-18
16
0
-8
-2
0
-11
14
-17
7
-7
1
0
-2
-1
1
-1
-2
0
-1
-1
0
0
0
-2
-2
-3
0
1
-1
1
-1
-1
-1
-1
0
-1
1
0
1
0
0
1
-1
-1
0
-1
0
-1
-1
-1
-2
-1
-3
0
-2
0
-2
-1
1
0
0
1
-1
2
-1
0
-1
1
1
0
0
-1
1
-1
0
0
0
0
1
1
1
0
0
0
0
0
0
1
-1
2
0
-1
0
0
0
0
0
-1
0
0
-1
0
2
0
0
0
2
-4
10
-14
17
-9
2
0
-6
4
20
-15
1
-1
5
3
-7
-9
1
-27
42
-39
-4
12
-19
26
-91
166
-158
116
-162
236
-242
134
-35
4
-5
-1
3
-4
0
0
-6
6
-10
8
-9
6
-9
8
-4
0
0
0
0
-1
0
3
-3
9
-6
6
-3
1
-2
1
-1
-2
0
-2
5
-6
2
-3
-1
1
-2
0
0
-2
-1
0
1
1
-2
2
0
-1
3
-4
5
-3
2
0
0
3
-1
3
-3
4
-5
8
-3
1
1
-1
0
-1
1
1
-3
9
-9
6
-8
9
-9
8
-5
1
1
-4
4
0
-4
6
-33
135
-241
240
-159
119
-155
170
-88
28
-17
14
-1
-33
45
-19
6
0
-6
-7
0
-6
-23
32
-34
8
-5
-11
20
-18
32
-92
85
-4
-74
69
-29
-2
4
0
-5
2
1
-1
-5
0
8
-19
15
-10
1
-1
1
-2
1
-1
0
2
-3
2
-2
3
-3
2
-6
4
-1
1
-4
2
-1
-2
-1
5
-10
7
-7
2
-1
0
-1
-2
2
-1
-1
-1
0
5
-6
7
-9
6
0
-1
0
3
-4
3
0
4
-5
2
-1
5
-3
3
-3
1
0
1
2
-1
2
0
1
-8
16
-17
9
2
-4
-1
2
2
-4
-1
5
1
-27
69
-73
0
88
-88
35
-15
23
-8
-4
12
-30
36
-20
1
5
1
-8
-3
3
-3
-9
-6
3
0
-6
-4
5
1
-10
-9
4
8
-2
-12
-4
6
3
-6
-5
2
2
-4
-4
1
2
-2
-3
0
1
-1
-1
2
1
-2
-2
1
2
-2
0
1
1
-1
-1
1
1
-2
-2
-1
2
-2
-3
0
2
-1
-2
-1
1
-1
-3
0
2
0
-2
0
2
0
-1
0
3
1
-2
-1
2
2
-2
0
2
2
-2
0
2
1
-1
0
2
2
-1
-2
2
2
-2
-2
1
1
-2
-1
3
2
-3
-2
3
4
-3
-5
3
8
-2
-10
-1
11
7
-6
-7
3
8
-1
-4
3
7
-2
-7
1
8
1
