-11
-3
-5
-5
-3
2
-17
6
-1
-3
-1
-3
-2
-3
-5
0
-3
0
9
-18
6
-1
-6
8
-11
10
-15
4
8
-13
8
9
-32
16
2
1
-1
-3
3
1
-2
1
0
0
0
0
0
1
-2
1
0
0
-1
-1
-1
-1
-2
-1
-1
0
-2
0
-1
-1
0
0
0
-1
-1
0
-1
0
0
1
0
0
0
0
0
1
-1
1
0
1
0
0
0
3
-1
1
4
-3
-1
0
3
17
-32
11
8
-12
10
5
-13
11
-10
8
-4
1
6
-17
11
2
-2
5
-2
-1
2
-1
2
-1
1
9
-13
6
1
2
-1
5
-9
-6
-3
-7
-4
0
-2
-10
3
-2
-3
-2
-2
-4
-1
-4
-4
16
-30
10
-3
8
-7
1
-6
7
-4
-8
2
3
5
-12
-8
8
4
-3
7
-9
0
1
0
1
1
-1
0
3
-4
1
0
0
0
0
0
-1
1
-2
0
-1
0
-1
-1
0
-1
0
0
0
0
0
0
0
0
-1
1
-2
1
-1
1
0
0
-1
1
2
-3
3
0
-1
1
2
0
1
1
-8
7
-1
5
9
-8
-12
6
5
3
-7
-2
8
-4
3
-6
10
-1
11
-29
16
-3
0
2
-1
1
1
-2
1
4
-5
2
4
-1
1
2
3
-9
-4
-3
-8
-2
-4
-14
29
-24
-2
0
0
-6
-3
1
-7
-3
-7
65
-64
-49
85
-35
-23
35
0
-21
-2
11
-7
-1
23
-27
2
-20
32
-14
0
-2
0
2
0
-1
1
0
0
-1
-1
-2
0
-1
-1
-1
-1
-1
-2
-1
-2
0
-1
-1
-1
-1
0
0
1
0
0
0
-1
1
0
0
0
1
1
1
-1
0
0
-1
0
0
1
0
1
1
1
2
1
-2
1
-14
34
-19
3
-27
24
0
-6
13
0
-20
0
37
-22
-33
86
-48
-62
67
-5
-2
-4
4
0
-2
3
3
1
-22
32
-11
2
1
-1
2
4
-9
-6
-4
-6
-2
-7
23
-67
62
-24
-2
0
-3
-2
-2
-8
-14
19
-89
207
-168
40
-1
-20
41
-37
17
12
-22
8
-5
-23
-27
100
-77
45
-44
24
3
-4
1
0
0
1
0
-1
4
-2
-1
1
-3
3
-2
0
0
-1
-2
0
-1
0
-1
0
-1
0
-1
0
0
0
-1
1
-1
1
-1
0
1
1
-2
2
-3
2
0
-2
5
-2
0
2
0
0
1
-5
3
22
-45
45
-75
101
-27
-22
-4
9
-21
12
18
-35
43
-18
0
41
-167
208
-87
20
-13
-4
1
1
-1
3
2
-20
64
-66
26
-3
1
2
1
3
-9
-5
-3
-5
1
-17
23
7
-48
17
1
-3
-1
-3
-8
4
36
-194
332
-158
-96
107
-15
-44
49
-65
67
-39
19
6
-61
72
-63
77
-40
8
-13
-8
8
-2
4
0
2
-1
0
2
0
-1
-2
0
0
-3
1
-1
-3
0
-1
-1
-1
-2
0
1
-2
-1
0
0
0
0
1
0
1
-3
0
1
-1
1
2
-1
1
1
-1
1
1
1
0
-1
0
-1
4
-1
7
-7
-13
9
-39
78
-63
73
-60
7
20
-38
67
-63
50
-43
-14
108
-95
-157
333
-193
37
7
-5
0
2
0
3
21
-45
10
27
-17
4
2
1
2
-8
-6
-4
-7
-6
29
-38
-3
-18
22
-5
-2
-2
4
-31
15
-22
-54
168
-38
-96
33
5
18
-50
50
-61
47
-19
55
-62
-42
107
-63
-4
28
-9
-21
23
-8
-4
3
2
-1
2
-1
0
2
-2
-1
0
-1
-1
0
-1
-2
1
-1
-1
-2
-1
-2
-1
0
1
0
0
0
0
0
0
0
1
-1
1
0
1
1
1
0
-1
2
0
-2
2
-2
1
4
-3
-7
24
-20
-9
29
-2
-61
107
-42
-62
56
-19
48
-60
51
-49
20
6
36
-95
-38
169
-52
-21
18
-26
7
1
1
-1
25
-16
2
-33
34
-3
0
0
2
-8
-7
-2
-7
-4
3
-15
-12
41
-36
4
-3
2
-11
1
25
-98
182
-167
52
-8
-53
127
-91
13
16
-1
-62
65
-10
-3
66
-131
43
22
8
-23
23
-21
10
1
-2
-2
1
0
1
0
-7
4
-1
0
-3
2
-1
-1
-1
-1
-2
1
-3
-1
0
-1
0
0
0
-1
0
0
-1
1
-1
1
0
0
1
3
-1
1
-1
5
-6
0
2
1
2
-2
-2
2
11
-20
23
-23
7
22
43
-131
67
-3
-8
65
-61
0
19
14
-91
129
-51
-8
54
-165
183
-97
29
6
-9
4
-1
7
-32
43
-8
-12
6
0
2
2
1
-7
-13
5
-5
1
-32
36
-27
15
-10
-4
5
-9
5
-4
-21
43
-102
119
-80
35
10
-30
28
-35
5
18
-20
11
12
7
-83
90
-41
-6
21
11
-16
1
5
-2
-7
15
-9
2
-1
3
-5
2
1
-5
4
-3
-1
-2
2
-1
-2
-1
-1
0
-1
0
-2
0
-1
1
-1
1
0
0
1
-1
2
-1
1
-2
5
-4
2
3
-5
3
-1
2
-10
16
-7
-2
6
1
-16
11
21
-6
-40
90
-83
7
14
11
-19
19
7
-34
29
-30
13
37
-78
119
-101
44
-17
-2
8
-6
8
0
-8
16
-23
40
-30
3
2
8
-4
-21
43
-65
2
2
12
-27
56
-84
40
-5
-3
-7
32
-60
18
-95
263
-222
50
59
-98
65
-73
65
14
-56
11
51
-26
-44
29
-36
118
-127
65
-34
15
7
-19
7
1
-2
5
4
-6
-1
0
-2
4
-3
-1
2
-3
1
0
-2
-1
-2
-1
-1
-1
-1
-1
0
-1
0
-1
0
1
0
0
-2
0
2
-2
3
-1
-2
5
-1
-1
-1
-5
4
5
-3
3
7
-19
8
16
-34
65
-126
119
-36
30
-44
-24
52
12
-55
15
66
-72
66
-96
60
51
-222
265
-94
22
-57
36
-4
0
-3
43
-82
60
-23
17
4
10
-59
52
30
-83
79
-32
-43
100
-97
50
-47
30
-10
0
-27
48
-71
55
2
-74
174
-270
297
-254
152
-80
26
13
-56
95
-115
112
-108
121
-201
293
-250
124
-38
-9
19
-3
-11
5
22
-27
0
5
1
0
0
-1
-1
0
-1
0
-2
-1
0
-1
-1
-2
-1
-1
-1
-1
0
0
0
0
0
1
0
0
0
1
-1
2
0
1
0
1
1
0
1
5
1
-27
23
6
-11
-3
19
-8
-37
124
-250
295
-201
121
-107
112
-114
95
-55
14
27
-77
153
-253
299
-269
176
-72
3
59
-69
52
-24
4
-6
33
-45
54
-93
104
-40
-25
83
-75
-58
83
-12
-103
7
-57
198
-152
81
-66
-1
18
-19
-50
-39
113
567
-931
323
-122
148
-39
120
-112
46
-54
-18
18
45
-94
103
-21
-34
58
-132
142
-74
22
-7
18
-3
-13
-9
-8
-6
62
-42
7
-2
0
-2
2
-4
2
-3
1
-1
-1
-1
-1
0
0
-1
-1
1
0
-1
0
0
0
0
0
0
1
-1
3
-2
2
-2
0
-1
8
-40
61
-6
-6
-8
-12
-3
19
-7
22
-74
143
-131
57
-34
-19
103
-92
46
19
-19
-51
47
-110
121
-37
149
-120
324
-929
568
117
-36
-48
-15
21
3
-63
83
-148
202
-52
10
-96
-7
91
43
-98
117
-99
47
100
-389
407
-95
-65
20
32
-68
101
-210
656
-957
114
790
-921
618
-99
-177
152
-51
-29
76
-40
-65
77
-24
-48
61
-79
93
-6
-44
18
13
-15
-5
-7
-11
60
-16
-5
-30
12
0
1
0
-4
1
-1
-2
-2
2
-1
-1
-1
0
0
0
0
1
0
0
1
1
-2
0
-1
3
-1
-1
1
1
-2
2
2
1
13
-30
-5
-16
60
-12
-6
-5
-14
13
19
-44
-4
94
-77
61
-48
-24
77
-64
-39
77
-27
-50
154
-175
-97
620
-921
790
117
-956
659
-205
103
-64
35
22
-61
-93
411
-385
103
50
-91
122
-91
-12
19
-117
82
65
-13
-382
673
-538
212
-55
18
12
60
-173
137
135
-352
178
75
-240
300
-204
34
-10
6
103
-103
-35
137
-126
56
-23
50
-101
102
-38
-33
26
8
-8
1
33
-69
73
-66
33
-2
-4
-2
6
-2
-6
3
1
-1
-3
-1
0
-2
0
-1
0
0
-1
0
-1
0
1
-1
0
1
-2
0
2
4
-5
-1
7
-1
-3
-1
33
-66
74
-68
32
2
-8
10
25
-32
-38
104
-101
49
-23
56
-125
138
-35
-103
105
5
-9
36
-203
301
-240
76
179
-349
136
141
-169
62
15
22
-53
215
-536
677
-377
-8
68
90
-111
27
-34
67
-175
123
102
-224
-149
379
-1
-145
-16
81
-110
12
106
-70
-130
87
-83
171
141
-199
-105
117
-17
-17
31
-22
23
-59
70
4
-35
-33
-46
126
-12
-35
-20
13
7
6
9
-44
46
-30
3
19
-8
-5
3
-3
-4
6
-7
-1
0
-1
-1
-1
0
0
-2
0
0
0
0
0
0
0
0
0
1
1
-5
8
-2
-1
3
-4
-7
18
4
-29
47
-45
9
8
7
13
-20
-34
-13
128
-45
-30
-35
4
70
-57
23
-21
32
-15
-15
117
-103
-197
141
172
-82
89
-129
-66
109
14
-107
84
-14
-142
1
382
-145
-219
106
128
-170
74
68
-155
173
-108
-26
248
-414
163
304
-294
11
41
53
-273
507
-393
-24
49
100
-162
198
-145
169
-145
47
-17
15
10
-54
59
-48
15
-134
319
-279
167
-112
54
-24
33
-42
25
9
-5
-27
25
-21
17
-2
-5
1
-3
2
-3
1
-3
-1
1
-2
0
0
-1
0
0
0
-1
0
-1
0
0
0
2
0
-2
2
-2
3
-1
2
-4
-1
18
-20
25
-27
-4
8
25
-41
33
-21
55
-112
167
-278
320
-134
15
-48
59
-53
11
16
-16
48
-143
171
-144
198
-161
101
50
-23
-389
510
-271
57
44
15
-291
307
167
-411
252
-22
-101
178
-147
-76
116
19
-92
-47
-302
426
73
-408
274
-49
-21
27
-19
109
-303
84
180
-31
-98
62
-235
452
-192
-41
6
-34
8
7
1
40
-58
-32
3
55
9
32
-60
10
-4
8
-5
-9
-15
24
20
-10
-18
9
-4
3
-2
1
-3
2
-2
-2
3
-2
-2
0
-1
-1
-1
-1
1
-1
0
1
-1
-2
4
-1
-1
4
-3
1
0
3
-4
10
-18
-9
19
23
-15
-9
-5
9
-3
12
-59
32
8
55
3
-32
-57
41
2
8
10
-34
9
-40
-190
453
-235
63
-97
-30
180
85
-300
113
-15
31
-18
-46
279
-406
77
430
-299
-44
-84
24
124
16
-41
-30
136
-315
409
243
-663
31
164
7
116
-296
324
-144
61
-275
470
-466
226
163
-400
296
-13
-137
125
-80
3
61
-102
96
-11
-137
77
182
-203
33
54
-65
15
18
-6
5
-7
-19
44
-23
3
-5
0
-3
5
-4
-1
-1
-1
-1
2
-1
-1
-2
0
0
-1
0
0
0
0
-1
0
-1
1
-1
0
1
0
-3
5
-2
2
-4
3
-22
46
-19
-5
5
-6
18
15
-65
55
33
-203
183
78
-137
-12
98
-102
61
5
-78
126
-136
-11
298
-398
164
226
-464
471
-274
65
-140
327
-293
119
9
166
32
-660
247
413
-312
142
-26
-32
48
-83
-31
210
-224
39
276
-353
57
92
-120
145
-107
-60
427
-558
268
-262
267
147
-441
409
-361
237
-50
-27
24
6
-46
49
-29
0
-9
18
36
-74
52
-12
-28
36
-25
13
0
0
-4
3
-2
2
-1
-5
1
-1
-1
0
-1
-4
3
-3
0
-1
1
0
0
-1
0
0
0
-1
1
0
1
-3
4
-2
1
1
0
1
2
-3
0
3
0
4
-4
-1
0
15
-25
36
-28
-12
53
-73
37
19
-9
3
-27
49
-45
9
26
-25
-49
238
-359
410
-440
149
267
-260
269
-554
431
-57
-104
148
-116
94
60
-348
280
42
-220
217
-27
-75
-101
143
-25
-11
24
-385
-56
583
-233
-73
89
51
-98
-101
-152
421
-101
-45
-51
98
-167
196
-253
171
-16
-7
-30
2
-4
31
0
-46
71
-56
6
2
8
1
11
1
-22
0
39
-51
6
7
23
-12
-4
0
-1
-4
4
-2
-3
5
-4
-1
-1
1
0
-1
-1
0
0
0
-1
0
0
0
1
0
-4
6
-3
-1
5
-5
1
1
-3
-11
24
7
6
-51
40
-1
-21
2
12
0
8
2
6
-56
71
-46
1
32
-3
4
-28
-4
-15
171
-253
198
-167
100
-50
-44
-100
423
-149
-98
-95
54
92
-69
-231
586
-52
-382
27
-3
-20
152
27
-78
17
103
-400
619
17
-340
-187
178
21
69
-256
281
-86
-166
99
290
-386
259
-137
-106
144
-58
58
-70
22
76
-142
128
-82
-9
59
-56
77
-78
62
-44
-6
27
-10
2
19
-37
32
-21
6
-2
2
-2
-3
0
-3
0
0
-3
1
0
-2
0
-1
-1
-1
-2
1
-1
1
-2
0
1
-1
-1
2
-2
0
2
-2
2
0
0
3
-1
7
-20
33
-37
19
1
-10
28
-6
-43
62
-77
79
-56
59
-9
-81
129
-141
79
24
-69
59
-58
145
-104
-135
262
-384
291
100
-163
-82
285
-253
71
25
182
-185
-336
23
624
-396
112
21
-69
37
-70
-12
158
-279
360
-440
577
-625
381
-147
127
-172
154
-133
12
40
-96
284
-390
440
-424
230
-67
26
-28
23
-13
-2
6
-3
14
18
-19
-44
8
27
-1
-10
19
-21
13
-28
47
-25
8
-4
-1
1
-1
-1
-3
-2
4
-4
-2
1
-1
-1
-1
-1
0
-1
-1
0
0
-1
0
0
0
0
-1
1
0
-3
4
-1
-1
0
0
2
0
-5
7
-24
48
-29
13
-20
19
-10
0
28
8
-43
-18
18
15
-2
8
-1
-13
24
-26
27
-67
232
-422
440
-388
285
-97
41
15
-128
158
-169
131
-144
384
-623
580
-436
365
-275
164
-8
-61
-90
96
6
-55
66
-448
599
-205
-94
23
32
-71
-11
39
263
-371
120
-120
178
66
-103
-73
60
-15
4
-2
-7
20
-11
3
-32
-16
71
-26
-8
5
-1
-4
-6
17
-18
15
-41
72
-35
-5
4
0
-2
0
0
-3
0
-1
0
-1
-1
0
0
-2
-1
-1
-1
0
0
0
0
1
0
0
1
0
0
0
1
-1
1
-3
1
1
-1
0
5
-6
-34
71
-40
15
-18
16
-5
-4
0
7
-7
-25
71
-15
-30
5
-10
20
-6
-1
4
-11
61
-70
-102
68
178
-118
121
-368
266
41
-9
-68
35
26
-91
-200
602
-445
69
-48
11
105
-3
-12
-11
22
89
-240
29
83
54
-37
-21
12
-42
21
17
24
-31
0
-41
-36
212
-200
63
3
-23
7
1
1
0
-7
4
-44
68
-20
-3
-10
9
1
-13
13
-1
-2
-10
21
-9
-1
-2
4
-2
-1
-2
2
-2
-2
0
-2
-1
-1
0
0
-1
0
0
-1
1
0
1
-1
0
-1
0
0
0
1
1
-1
-2
2
-1
1
-1
4
-2
0
-9
21
-10
-1
0
14
-12
1
10
-10
-3
-19
68
-43
4
-6
1
3
2
7
-22
4
65
-200
213
-34
-40
1
-30
27
20
25
-38
16
-16
-33
56
87
33
-236
92
30
-6
-5
-2
-1
-30
19
-49
71
6
-89
46
-5
30
-72
39
-28
-4
50
-22
-29
34
-35
19
-19
21
-11
1
-1
6
-7
-10
11
-10
11
-9
1
-3
4
-2
-1
6
-5
0
4
2
-5
0
4
-1
-4
2
-1
-1
0
-6
3
-2
0
-1
-2
0
-1
0
0
0
0
0
0
-1
-1
0
0
0
0
0
0
0
4
-5
1
0
-1
3
-4
0
5
1
-6
2
4
0
-5
7
-3
-1
4
-3
1
-9
12
-9
13
-9
-6
7
1
1
-10
23
-18
20
-35
35
-30
-21
54
-2
-25
43
-69
34
-1
48
-86
9
76
-45
27
-26
6
-11
8
-8
-32
7
43
-76
39
6
-17
-6
5
-12
26
-13
-29
29
-20
8
-4
4
-6
-9
3
1
-6
4
-7
8
-8
-3
4
1
-9
6
-3
3
2
-3
4
-1
-1
4
-6
4
-2
3
-1
-1
-2
0
-2
1
-2
0
-2
-1
0
-1
-2
-1
-1
-1
-1
0
-1
0
0
0
1
0
1
0
0
0
-1
2
-1
0
-1
0
-1
3
-1
4
-6
4
0
-1
4
-2
3
4
-3
7
-11
1
5
-2
-7
9
-5
6
-4
2
6
-7
-3
5
-3
9
-19
30
-24
-9
29
-9
8
-4
-14
8
42
-71
49
9
-26
-3
16
20
-49
22
3
10
-76
80
-36
2
10
-12
-22
23
-8
-23
5
24
-4
-31
16
12
-12
-6
-1
4
1
-4
1
-5
0
3
6
-15
7
-5
8
-1
-2
2
-2
2
-2
2
3
0
1
0
1
0
-1
-1
2
-2
0
-1
-1
0
-1
-1
-1
0
-1
-1
-1
1
-1
0
0
0
0
0
-1
1
0
0
2
-1
2
-2
0
1
2
0
0
0
0
2
-3
2
-2
3
-2
0
8
-5
8
-15
7
4
2
-4
3
-3
2
6
0
-4
-10
12
18
-30
-2
25
9
-20
-5
26
-19
-9
12
4
-32
83
-71
13
11
27
-41
-1
-9
-9
5
10
-51
12
25
-17
3
-6
0
1
-7
-6
3
13
-22
8
-3
-3
19
-33
9
5
-2
0
-5
0
4
-7
-1
8
-11
8
-6
0
5
-2
-3
6
-3
3
0
-2
4
0
-1
0
-1
-2
-1
1
0
0
0
-1
1
-1
0
0
-1
-1
0
0
0
-1
0
1
0
-1
0
0
1
1
0
1
0
-1
-1
1
0
-1
3
-2
0
2
-3
5
-3
-2
4
1
-5
9
-10
8
-1
-6
5
1
-3
1
-1
6
11
-32
20
-2
-1
9
-21
14
5
-3
-5
4
4
-3
5
-15
29
17
-47
12
12
-4
-1
-14
5
-10
-10
-15
23
3
-26
8
-13
7
9
-28
11
22
-50
23
1
4
-17
14
-14
11
-9
2
-3
1
-1
-3
3
-2
-1
3
-6
1
1
-2
0
4
-4
1
1
0
0
-1
1
-1
-1
0
0
0
-1
0
-3
-1
1
-2
1
-1
-1
0
0
-1
-1
0
-1
0
0
0
0
0
0
-1
2
1
-1
0
-1
1
0
1
0
0
2
-1
1
0
1
2
-3
5
0
-2
1
2
-5
3
0
-2
4
-2
0
2
-1
3
-9
13
-12
15
-16
5
2
24
-45
25
15
-25
13
11
-9
9
-22
7
27
-11
-3
-5
14
6
-30
14
-4
-4
0
-41
52
-28
0
0
2
-10
-14
32
-39
17
-1
-3
-7
9
-13
19
-17
3
-7
11
-3
-8
4
-3
2
-2
-1
1
1
0
-2
4
-1
1
-1
2
-2
0
0
0
-1
0
-3
-1
0
-2
0
-1
-1
-1
0
0
-1
0
-1
-2
-1
0
-1
0
0
0
-1
0
-1
0
0
0
0
-2
1
0
-2
1
-1
0
-1
2
-1
2
0
1
-2
4
-2
-1
2
0
-1
-2
3
-2
5
-7
-2
12
-5
4
-15
20
-12
10
-5
-1
-1
18
-37
36
-11
-7
5
4
4
-27
58
-36
3
0
3
19
-21
-8
-4
-3
-14
3
-13
31
-30
-12
12
-6
-3
-1
4
-25
20
-9
-6
3
0
-2
4
-1
-4
-2
-1
-1
-3
0
-2
0
0
1
-1
1
-1
1
0
-2
2
-1
0
1
0
2
-2
0
2
0
-1
-1
-3
1
-2
-1
2
-2
0
-1
-1
0
-1
0
0
-1
0
0
0
0
0
0
0
-1
1
-1
0
2
-2
0
1
1
0
0
-1
2
-1
0
1
0
3
-2
2
1
-1
2
-2
1
0
0
-1
1
-1
-1
2
0
-3
1
5
-1
1
4
-5
-8
24
-22
8
3
1
-5
15
-10
-26
35
-8
6
-6
3
5
-10
-3
-8
-7
5
-2
-20
19
-25
13
-6
-7
2
-5
9
-15
-3
7
-5
2
-4
-1
-3
0
-1
0
-2
1
-5
2
-2
-2
2
-1
-1
1
-1
1
-1
1
1
-2
1
0
-1
-1
-1
-1
1
-1
-2
0
0
-2
0
-1
-1
0
-2
1
0
-1
-1
-1
0
0
0
0
0
0
0
0
1
0
1
0
0
1
-1
0
2
0
-1
1
0
1
1
0
2
0
0
0
-1
1
0
0
2
-1
-1
2
-4
2
-1
1
0
1
0
0
-2
4
-3
8
-2
-12
13
-1
4
-3
-1
16
-23
24
-16
2
8
0
-2
4
-5
-3
-1
-2
-5
-4
-2
-1
-2
-5
-2
0
-1
-3
-5
-2
0
0
-1
-1
0
0
0
-1
-2
-1
0
0
-1
-1
-2
0
0
0
1
0
0
-1
0
0
1
0
0
0
0
-1
0
1
0
-1
0
-2
-1
-1
-1
0
0
0
-1
-1
-1
-1
0
-1
-1
0
0
0
0
0
0
0
0
-1
1
0
-1
0
0
0
0
0
-1
0
0
0
0
0
0
-1
0
0
0
0
0
0
0
0
0
-1
0
0
0
-1
-1
0
0
1
0
-1
-1
0
1
1
-1
-1
2
3
0
-1
-1
2
2
-2
-1
2
3
0
