0
4
17
-18
15
-25
19
10
-37
46
-36
88
-197
161
-31
-9
-21
-233
572
-381
21
98
-97
16
129
-117
-56
64
0
37
-49
0
27
-29
48
-79
68
-53
47
-23
-6
44
-41
-28
51
-37
19
22
-27
5
5
0
-39
84
-61
-24
56
-25
3
-11
6
0
0
-1
0
0
0
-1
-6
11
-5
25
-57
24
60
-86
39
-1
-6
-7
26
-23
-19
37
-53
27
41
-44
4
21
-47
53
-68
79
-48
27
-28
-1
49
-38
-1
-65
55
116
-130
-16
97
-99
-22
382
-573
233
20
7
29
-162
195
-88
35
-48
36
-10
-19
23
-17
16
-17
-9
0
9
-10
-1
13
-26
37
-20
-14
20
1
-15
1
-37
84
-42
27
-491
975
-798
367
-55
-64
211
-162
-89
56
9
18
0
-15
45
-65
36
-19
7
-65
144
-73
-10
16
-3
-51
24
30
29
-120
136
-63
3
-7
14
3
10
-27
13
-19
12
2
1
-12
6
5
-3
0
3
-4
-7
11
-1
-3
-14
18
-14
27
-10
-4
-15
6
-5
63
-137
119
-30
-32
-26
50
2
-18
10
72
-145
64
-9
17
-36
64
-44
14
0
-18
-8
-57
89
161
-211
62
55
-367
797
-975
491
-27
40
-85
35
-2
13
-2
-22
13
19
-39
25
-15
-1
9
-12
0
-35
27
11
-41
11
15
52
-93
17
38
-71
116
-164
187
-52
-1
-355
267
269
-197
23
-33
-66
61
8
-34
29
12
-22
12
-22
-3
0
11
14
-68
134
-100
26
-15
32
-62
79
-38
0
15
-21
7
-12
8
-6
45
-81
53
-9
-31
43
5
-33
5
8
1
-5
0
4
-3
-9
-5
34
-7
-43
30
8
-54
80
-46
6
-10
12
-7
22
-17
0
39
-80
61
-32
13
-25
101
-135
67
-15
-11
-2
3
20
-13
23
-12
-30
33
-7
-62
65
32
-21
196
-270
-268
355
1
51
-187
162
-117
69
-39
-18
91
-52
-17
-11
40
-13
-29
32
0
-40
29
-33
4
-25
74
61
-172
84
-8
14
-99
113
-116
212
-144
-247
528
-327
82
93
-83
-175
119
208
-221
51
-55
49
5
-49
92
-59
23
-87
108
-54
16
-1
5
-10
5
-21
49
-61
68
-52
1
4
3
23
-18
-11
-2
22
-1
-24
-1
19
0
-9
0
-1
0
0
0
8
-1
-18
1
23
0
-23
2
11
18
-24
-4
-5
-1
51
-70
59
-50
20
-6
10
-7
1
-16
53
-108
86
-23
58
-93
49
-7
-51
54
-51
220
-210
-119
175
82
-93
-83
327
-530
247
144
-212
115
-115
97
-18
7
-86
172
-62
-74
24
-6
31
-30
35
0
-31
-47
101
-74
37
-41
53
-34
18
-38
71
-224
309
-179
111
-138
255
-510
578
-131
-350
400
-155
-11
-171
239
-32
-62
44
-10
-34
83
-95
14
59
-4
-80
90
-67
31
-4
-10
17
-12
40
-86
74
-38
9
14
-29
40
-35
24
-5
1
-71
83
-27
17
-14
3
-3
0
2
-4
13
-17
25
-83
71
-2
5
-26
35
-40
28
-14
-10
37
-75
85
-40
11
-16
9
3
-32
68
-91
78
3
-59
-14
94
-83
34
10
-45
62
32
-241
171
11
155
-400
350
131
-578
510
-255
137
-112
177
-311
223
-73
36
-19
33
-54
42
-39
73
-104
46
27
0
92
73
-214
124
-60
178
-181
52
-8
8
-22
-53
96
9
-4
-79
-44
212
-306
199
-19
31
-55
106
-106
24
-11
0
7
2
-3
33
-42
-19
0
28
41
-63
24
11
-27
9
-13
8
14
22
-61
36
-4
-8
17
-26
-5
25
6
-36
45
-5
-46
42
-12
-1
-2
0
1
0
11
-43
46
5
-47
36
-5
-25
4
26
-18
6
2
-36
61
-22
-14
-8
13
-10
26
-12
-24
63
-42
-29
-1
19
41
-34
3
-3
-7
0
10
-24
104
-107
54
-33
18
-200
306
-214
43
79
2
-11
-96
51
20
-11
8
-53
180
-179
59
-126
211
-74
-97
0
27
-176
55
197
-5
-327
138
115
-31
-12
-30
98
-240
241
-148
145
-90
79
73
-348
191
2
87
-179
92
52
-26
-12
-10
12
-9
-25
67
-52
-75
169
-58
-44
24
-12
-3
56
-56
-35
64
-26
28
-30
-6
7
11
1
-6
-6
-6
29
-34
26
-22
14
-4
-4
1
0
-3
3
3
-16
21
-26
34
-30
5
5
6
-3
-11
-7
6
29
-29
26
-65
34
55
-57
1
11
-26
44
59
-170
75
52
-69
25
8
-12
10
12
24
-52
-92
179
-87
-3
-191
349
-73
-79
89
-146
146
-242
238
-100
29
10
29
-116
-139
326
4
-199
-57
175
-30
0
-221
381
-349
237
-148
-26
152
-123
28
11
-17
39
-81
59
3
51
189
-272
-174
177
-51
164
-138
130
-147
52
27
-11
4
-15
11
-7
1
23
-65
2
112
-96
37
3
-19
-29
50
-10
0
-10
3
-1
9
-10
5
-30
47
-36
52
-86
70
-45
39
-21
5
-4
1
0
-1
3
-5
20
-39
42
-70
86
-51
35
-48
29
-5
8
-9
0
-4
9
-1
9
-51
29
17
-3
-38
95
-113
-2
65
-24
-1
6
-11
15
-4
11
-29
-52
146
-130
139
-165
50
-178
173
271
-190
-52
-3
-61
81
-39
15
-12
-29
122
-154
25
147
-238
346
-383
217
0
62
-312
349
-107
-160
290
102
-438
236
-63
37
-44
-157
508
-627
303
380
-1029
1106
-477
-134
261
-93
-23
-15
-19
75
-25
-11
-6
24
-35
4
17
32
10
-85
49
-18
10
-22
13
42
-24
-21
12
-8
11
-7
15
-6
-5
-22
25
10
5
-86
115
-63
11
0
1
-1
0
1
-2
0
-12
63
-115
84
-5
-11
-26
20
5
5
-16
6
-12
7
-13
21
23
-43
-14
21
-11
16
-50
86
-10
-32
-18
-5
34
-25
5
12
25
-74
18
16
22
92
-262
133
477
-1105
1029
-382
-304
627
-510
154
43
-39
62
-238
438
-103
-292
158
106
-352
310
-66
0
103
170
-151
-77
84
-240
-114
465
-64
-180
49
148
-150
-66
74
54
208
-665
704
-350
224
-205
78
-93
43
3
1
22
-5
11
-9
-33
62
-37
-28
166
-240
95
1
31
-52
21
31
-17
-38
27
3
3
-20
24
-15
4
-13
21
-12
4
27
-34
-24
25
1
-4
1
0
-2
3
-3
-25
23
34
-27
-4
10
-21
13
-6
14
-25
19
-3
-3
-26
37
16
-32
-21
50
-32
-1
-95
238
-167
27
37
-63
32
9
-11
4
-22
-2
-3
-45
92
-78
206
-224
349
-704
665
-208
-54
-74
65
149
-149
-52
178
63
-466
114
240
-84
76
147
-171
-107
0
-41
-177
351
-257
-42
421
-363
40
30
-66
70
92
-165
129
-111
-53
76
21
117
1
-90
-68
-39
43
173
-174
-17
87
-49
21
2
-27
30
-9
-44
13
63
0
-61
29
13
-3
-29
14
1
10
-17
3
-11
17
0
-11
8
0
-6
-17
24
-2
-22
18
-3
-2
1
0
-1
1
2
-17
21
2
-25
16
4
-1
-9
11
0
-17
9
-4
17
-11
-3
-15
28
2
-13
-29
61
-2
-63
-14
44
8
-31
27
-3
-22
48
-88
18
174
-174
-44
39
67
88
-1
-117
-20
-77
52
109
-130
165
-92
-71
65
-31
-41
362
-423
41
256
-354
176
37
0
-152
219
-212
94
73
-306
925
-947
4
422
-186
-23
65
-125
230
-131
-90
501
-858
408
-56
301
-312
224
-236
239
-186
94
-37
9
1
-31
75
-64
-40
197
-206
68
-18
-8
20
-1
34
-51
35
-27
4
7
12
-6
-31
41
-50
38
6
-29
47
-43
38
-43
8
11
-7
0
7
-12
-9
43
-39
41
-48
28
-6
-39
49
-41
30
5
-11
-7
-4
26
-36
51
-34
0
-19
7
17
-70
205
-198
40
61
-77
30
-2
-8
36
-95
186
-239
235
-225
312
-301
56
-408
859
-503
90
131
-232
123
-66
22
185
-424
-6
946
-926
305
-75
-95
209
-221
148
0
116
-55
-189
220
99
-197
-293
632
-346
59
-20
-358
745
-513
265
-47
-125
66
-203
263
-203
258
-85
-213
190
49
-128
22
38
-2
-8
-21
22
-9
63
-156
117
9
-58
26
-39
55
-5
-42
48
-14
-22
20
-12
16
-10
-6
3
3
6
-6
-11
4
9
-13
0
10
-6
0
4
-10
-1
12
-10
-5
10
5
-8
-2
-5
5
9
-17
11
-20
22
14
-49
41
5
-57
39
-27
56
-10
-119
155
-64
9
-23
20
9
2
-38
-23
128
-51
-190
212
85
-259
203
-265
203
-67
125
47
-265
510
-747
357
19
-61
346
-632
292
196
-101
-222
186
55
-120
0
114
-200
38
66
-71
515
-892
841
-343
-286
367
-270
367
-399
57
-87
269
-128
197
-247
475
-501
43
195
-156
83
-80
75
-56
41
31
-77
28
-15
81
-291
373
-128
0
-27
-9
38
5
-19
-14
-9
23
2
-20
26
-39
37
8
8
-81
52
-1
15
-28
15
1
-6
3
0
-3
6
-2
-15
27
-17
0
-53
82
-10
-7
-38
37
-26
19
-2
-22
8
13
19
-4
-38
7
25
-1
127
-373
290
-82
13
-30
77
-31
-41
56
-75
79
-84
155
-196
-44
501
-476
248
-197
127
-270
87
-58
398
-369
268
-370
283
341
-842
891
-516
70
-67
-40
198
-117
0
-176
340
-190
-60
250
-794
1287
-843
64
-47
153
418
-794
387
-153
259
-367
290
75
-71
-155
141
-152
129
-44
33
27
-87
39
6
5
12
-21
-28
-44
165
-124
47
-27
34
-31
9
-10
38
-43
-4
36
-21
1
34
-51
21
11
-17
4
-16
29
-31
12
4
-3
0
-3
0
2
-1
3
-5
-13
30
-31
15
-5
16
-12
-21
51
-34
-2
21
-36
4
44
-39
9
-10
32
-35
26
-49
121
-165
43
26
19
-12
-6
-7
-39
88
-28
-32
43
-130
152
-140
156
70
-74
-291
366
-259
151
-388
792
-419
-154
45
-66
842
-1288
793
-250
60
188
-341
171
0
14
-247
448
-333
-99
577
-683
543
-530
478
-225
210
282
-1016
533
-55
149
-136
148
-63
-139
213
-62
-150
211
-155
87
-25
-20
17
-7
17
15
9
-63
-4
32
17
-11
-35
45
-13
1
-13
7
-10
18
-10
-2
-3
22
-36
14
10
-22
65
-96
49
-7
2
-1
0
-1
0
0
-1
1
-3
6
-50
96
-66
22
-11
-15
35
-23
3
-1
10
-19
9
-7
12
-1
12
-45
34
10
-16
-33
3
62
-10
-16
-18
7
-17
19
25
-87
154
-210
149
62
-214
139
62
-148
135
-150
55
-535
1015
-283
-212
224
-480
529
-543
682
-578
97
332
-451
246
-17
0
106
143
-144
-50
-82
230
-536
710
-433
267
-294
-16
1203
-1952
900
86
41
-53
-173
49
1
157
-135
69
-71
0
113
-70
-3
-2
4
-8
10
-74
187
-159
57
-30
9
13
-22
15
-8
10
9
-46
50
-20
-2
0
22
-28
9
4
-3
-27
24
17
-16
0
-1
3
-3
0
2
-3
1
-1
17
-17
-26
27
2
-5
-10
29
-22
0
2
19
-51
45
-11
-11
7
-15
22
-13
-10
29
-58
158
-187
73
-11
8
-5
2
3
70
-114
-1
69
-69
136
-158
-1
-50
171
52
-41
-87
-901
1950
-1203
15
293
-269
432
-711
535
-232
80
48
142
-145
-110
0
64
-281
220
203
-110
-682
1170
-834
269
-187
219
-323
818
-872
253
104
-58
80
-254
232
30
-105
-21
57
-4
-38
37
10
-26
8
6
-19
0
43
-34
-2
-17
16
9
-16
11
6
5
-17
14
-30
26
-2
-3
3
-17
19
-17
0
10
-2
-10
22
-21
5
3
-7
2
0
-3
6
-4
-5
21
-22
10
1
-10
-2
14
-19
16
-3
1
2
-27
29
-15
17
-6
-8
-11
15
-9
-17
15
2
32
-44
0
19
-6
-9
24
-9
-37
38
4
-58
22
103
-29
-231
254
-81
59
-104
-255
870
-820
321
-221
185
-271
833
-1171
683
110
-205
-222
280
-69
0
-139
260
-238
159
-204
452
-514
211
123
-248
-3
405
-512
294
-23
-158
154
44
-148
66
-36
19
47
-68
27
-9
21
-9
1
-6
10
-10
42
-80
34
14
-7
-5
9
-14
12
-1
-1
-3
3
-2
8
-7
-7
16
-9
0
-7
10
-11
-1
17
-18
7
-4
3
-4
1
0
-1
1
-2
4
-10
17
-18
0
10
-11
7
-1
9
-17
7
7
-8
1
-3
2
1
0
-13
13
-8
4
7
-15
-35
77
-42
9
-11
7
-1
8
-22
8
-28
67
-47
-21
35
-67
148
-45
-155
158
22
-296
511
-408
2
247
-125
-212
512
-452
204
-161
235
-262
134
0
-74
164
-142
81
-156
313
-382
302
-104
-39
76
-108
71
-66
-7
210
-194
53
-27
22
-8
-32
37
6
-17
0
-4
7
2
-5
-2
-3
13
-17
1
7
5
-5
-2
-18
37
-43
39
-20
2
2
-4
4
-7
5
-7
7
-11
4
2
8
-18
5
3
-5
2
-1
-1
0
-1
1
-3
4
-4
-6
17
-9
-4
-4
10
-9
5
-6
6
-4
3
-3
-3
19
-40
43
-37
17
2
4
-5
-8
-2
16
-13
2
1
4
-4
-6
3
0
16
-7
-37
31
7
-23
26
-55
193
-210
6
64
-74
106
-79
38
101
-302
380
-315
156
-82
139
-166
69
0
45
-76
50
24
-26
-145
370
-349
133
-35
2
-27
90
27
-111
-40
111
4
-80
77
-101
86
-38
33
-20
2
3
-10
9
-9
10
-11
9
-15
31
-34
18
-6
5
-4
-2
1
-3
14
-17
4
8
-11
6
-6
9
-10
4
-6
4
-1
6
-5
-2
1
-1
2
-2
0
1
-2
0
-2
1
6
-7
0
-5
6
-4
9
-9
6
-8
10
-9
-5
16
-15
2
-2
1
2
-4
5
-18
34
-31
13
-10
11
-9
9
-11
9
-4
-2
19
-34
38
-85
100
-77
79
-5
-112
39
110
-28
-92
26
-3
32
-134
349
-370
144
25
-25
-53
74
-49
0
27
18
-57
6
-20
132
-144
75
-73
115
-84
9
-58
123
-108
97
-70
26
-13
5
-11
0
28
-44
33
-13
-2
0
13
-17
8
6
-15
18
-13
-6
6
4
-5
6
-9
7
0
-14
22
-17
1
6
-2
4
-3
-6
12
-8
4
-7
8
-8
3
0
0
-1
0
0
-1
1
-1
-1
-3
8
-8
6
-5
8
-12
5
2
-4
3
-7
0
16
-23
13
-2
-6
9
-7
4
-4
-7
4
12
-19
16
-7
-9
17
-12
-1
0
14
-34
44
-29
-1
10
-6
11
-26
69
-98
106
-124
57
-10
82
-117
71
-76
143
-134
19
-7
54
-19
-31
0
10
-58
71
-30
-8
9
6
12
-15
-9
18
-23
18
-21
1
21
-17
-12
38
-18
-5
6
0
0
-4
-1
1
10
-12
5
0
-11
18
-14
14
-12
-5
6
-5
9
-1
-5
-4
11
-3
-2
-2
-2
7
-6
2
1
-5
3
2
-7
6
-6
0
2
-2
0
-1
0
0
-2
2
-3
-1
5
-7
6
-3
-4
4
-2
-3
6
-7
2
2
1
2
-12
3
6
0
-10
5
-7
4
10
-15
13
-19
10
-1
-6
12
-11
-1
0
3
0
-1
-7
6
19
-40
12
16
-21
-2
18
-20
21
-20
6
12
-12
-6
-9
6
29
-73
56
-13
0
-22
28
-16
14
29
-135
104
-10
3
-25
16
-23
60
-43
5
-13
9
-4
31
-15
-28
37
-18
12
-6
-7
9
0
-8
8
2
-8
6
-7
4
-2
8
-11
9
-6
2
-5
5
-3
0
2
-6
3
4
-5
3
3
-8
4
-1
0
0
-1
-2
1
0
0
-1
0
0
0
0
-1
1
-1
-1
-1
1
-6
6
-3
-2
6
-5
-3
6
-4
-1
3
-7
4
-3
6
-10
10
-8
2
-5
6
-8
7
-2
-9
8
0
-9
6
6
-12
19
-36
28
15
-33
4
-9
13
-6
43
-61
21
-18
24
-5
9
-105
134
-31
-15
13
-29
17
0
11
-23
17
-13
2
21
19
-44
14
-12
-7
13
-1
16
-28
16
-23
15
21
-42
46
-28
6
-2
-2
5
8
-21
10
6
-6
-7
7
-2
-1
10
-24
17
-5
3
-7
7
1
-2
-9
10
-5
4
-5
-3
9
-10
7
-4
1
3
-7
4
0
-1
-2
-1
1
0
0
-1
-1
0
-1
-3
6
-4
-1
3
-7
8
-10
3
4
-4
5
-10
8
1
-3
-7
7
-5
4
-19
24
-11
0
1
-8
7
5
-6
-12
20
-8
-5
0
1
-6
29
-47
42
-21
-15
23
-16
27
-17
-1
-15
5
9
-16
42
-21
-20
-3
11
-18
23
-17
0
9
-1
7
-37
26
43
-49
22
-2
-30
19
-8
-1
17
1
-12
6
4
-21
12
22
-35
15
1
-6
2
5
-8
7
-8
3
5
-6
1
-2
2
2
0
-11
12
-6
0
1
-2
2
-1
-3
2
0
3
-8
6
-3
-3
1
1
1
-1
2
-1
-1
0
-1
0
1
-1
0
0
-1
1
0
-2
0
2
1
-7
7
-4
0
-3
1
-1
-3
0
-2
-1
6
-13
9
0
-4
-3
0
-2
4
-5
-3
7
-7
7
-6
-2
5
-3
-16
36
-23
-13
20
-5
-6
11
-2
-18
0
6
-20
29
1
-23
48
-43
-26
34
-10
1
-14
0
-19
24
-36
30
8
-36
9
12
4
-4
-12
10
7
-33
39
-31
27
-15
-14
16
-3
7
-3
3
-7
4
-3
4
3
-9
-1
13
-8
-2
6
-3
-10
6
4
-3
-6
6
2
-3
-6
7
-3
2
-4
-2
4
0
-4
4
-6
2
-2
-1
2
-2
1
0
0
0
1
0
-1
2
-2
1
-1
-3
6
-5
3
0
-7
2
3
-3
3
-8
6
3
-2
-7
6
2
-7
-6
9
3
-7
0
7
-13
0
9
-4
-4
2
-4
6
-3
3
-8
2
-16
15
13
-27
30
-40
32
-9
-11
11
1
-7
-12
-10
34
-9
-32
33
-26
14
0
-9
-12
20
-3
-16
22
7
-37
26
-8
0
-2
8
-8
1
-14
20
-15
1
13
-17
7
-2
3
3
-5
1
-2
7
-5
4
-2
-6
11
-5
-7
2
8
-9
3
2
-2
-3
6
-7
8
-14
11
-4
2
-2
-3
0
-2
3
-1
-1
-1
2
-1
0
-1
0
0
-1
0
-1
1
-2
1
0
1
-2
1
0
2
1
-3
3
-11
12
-9
6
-7
0
2
-3
-4
7
-8
-3
5
4
-11
6
2
-4
6
-8
2
0
5
-3
-4
2
-7
16
-14
-3
15
-20
14
-3
7
-10
1
-1
6
-27
37
-6
-23
14
1
-23
10
5
0
7
4
-19
15
-17
12
5
-12
-3
7
3
-9
6
-6
0
0
5
-10
12
-2
20
-32
9
2
3
-3
1
0
-1
1
-1
3
-1
-7
4
6
1
-13
4
8
-6
2
0
3
-3
4
-8
7
-8
5
5
-11
6
-3
-1
3
-3
4
-3
-1
1
-1
1
0
0
0
-2
0
2
-4
2
-4
-1
1
-7
11
-4
-6
8
-7
8
-4
3
-4
0
-2
7
-9
-4
12
-1
-7
-5
7
0
-4
1
-3
1
-1
-3
3
-3
-2
-9
32
-19
0
-12
9
-6
0
-1
4
-6
8
-5
-8
1
12
-6
-13
16
-17
16
-7
-12
0
-8
-4
14
-16
20
-18
-20
49
-29
2
6
-3
5
-25
22
-23
19
-4
18
-22
1
5
-4
9
-11
8
-4
-2
1
-1
5
-5
-1
6
-6
-4
11
-1
-5
2
-3
0
0
3
-2
-3
0
2
3
-9
5
-2
0
-4
3
0
1
-1
-4
2
0
0
0
0
0
0
-1
-3
3
0
-1
-1
-3
4
-1
2
-5
9
-4
-2
-1
2
1
-5
-1
-2
3
-3
4
0
-10
4
5
-6
0
4
-5
0
-1
1
4
-9
10
-9
3
-5
-2
21
-17
2
-20
23
-23
23
-8
1
-8
-4
27
-50
21
18
-21
13
-17
3
3
0
-13
16
-4
-17
17
-5
-18
35
-27
16
-8
-7
4
5
-10
11
-3
-4
7
-8
-12
21
-7
4
-3
2
0
-6
4
0
0
4
-7
-1
6
-8
6
-7
5
-4
3
-5
1
3
-4
0
1
-4
1
0
-3
7
0
-5
5
-6
1
-1
3
-1
-1
0
-1
0
0
0
1
0
-4
1
-1
6
-4
5
1
-8
3
-1
-1
3
-1
-2
2
-3
-3
4
-5
4
-5
5
-6
6
-8
-1
7
-4
0
-2
-4
5
-1
-3
2
-4
7
-22
12
8
-8
3
4
-12
9
-5
-5
5
7
-18
26
-36
16
3
-19
15
1
-17
8
0
6
2
-5
-1
3
2
-4
-2
2
-2
-7
-2
5
7
-4
-7
-1
4
-1
-6
1
7
2
-5
-4
2
3
-1
-3
0
1
-1
-1
0
0
-1
1
2
-1
-3
-1
2
0
-3
-2
4
2
-3
-4
1
3
-1
-4
-1
2
0
-2
0
2
0
-2
0
2
0
-2
-1
1
0
-2
0
2
-1
-3
0
3
0
-4
-1
3
3
-3
-3
1
2
-1
-4
0
2
-2
-3
-2
0
0
-2
0
0
-2
-1
3
1
-3
-3
3
4
-3
-8
-1
6
2
-4
0
7
2
-8
-8
1
5
0
-3
1
2
-2
-5
-1
3
-4
-7
