0
-2
1
-2
0
0
-2
0
3
2
-9
1
-1
-4
4
0
-6
8
-3
-3
6
-6
-8
20
-15
5
2
-2
2
0
0
1
-1
0
-1
0
-1
1
-2
-1
0
-2
-1
1
0
0
-1
0
0
-1
-1
0
-1
-1
1
-1
-1
0
1
-1
0
-1
-1
-1
0
-1
0
0
-1
-1
-1
-1
0
0
-1
0
0
-1
0
-1
-1
-1
0
-1
-1
0
-2
0
-1
0
0
0
0
-2
0
-1
0
-1
0
0
-3
3
-3
-6
15
-20
7
6
-7
3
2
-6
5
-1
-6
3
-1
-3
8
-5
-3
-1
1
-1
0
-1
-3
-2
0
-2
1
-3
0
-1
3
-11
29
-40
20
-8
6
-6
10
-7
-12
18
-9
-3
-1
3
4
0
-1
-2
1
-1
1
0
0
-1
0
0
-1
0
0
-1
-1
0
0
-1
0
0
0
-1
0
1
0
0
1
0
-1
0
-1
0
0
-1
1
0
-1
-1
0
0
0
0
0
0
0
1
-1
0
-1
1
0
-1
0
0
-1
-1
0
-1
-1
1
-1
0
-1
-1
-1
-1
-1
0
-1
0
-1
-1
0
1
0
-1
-1
2
-2
3
0
-1
-4
-3
0
2
9
-18
12
6
-11
6
-6
6
-23
39
-30
9
-4
0
-1
-1
-2
-2
0
-2
0
-1
-1
2
-6
-2
8
6
-17
0
11
-9
-6
5
2
12
-9
-11
6
6
-11
2
11
-7
1
2
-1
-3
2
-2
2
-4
3
-1
0
1
0
0
-1
0
-1
-1
1
0
-1
1
0
-1
-1
1
-3
1
1
-1
1
-1
0
0
-1
-1
0
-1
0
0
-1
0
0
1
-2
0
-2
0
-1
-1
2
-2
0
0
0
-1
0
1
-1
0
0
-1
0
0
0
-1
-1
0
-3
3
-3
1
-3
3
0
-3
-1
7
-11
-1
11
-7
-6
10
9
-14
-2
-5
4
6
-12
-1
15
-8
-8
0
4
-3
-1
-1
-1
-2
0
-2
1
-2
-1
-2
5
1
-12
32
-55
33
-1
3
-20
30
-27
-3
15
2
-16
21
-3
-20
12
-8
5
2
-4
0
-1
3
-3
2
-3
1
-2
1
-1
-1
0
-1
1
0
-2
0
0
2
-2
2
-1
1
-2
2
-1
1
0
0
0
1
-1
-1
0
0
0
-1
0
0
0
0
0
0
0
-1
0
-2
1
0
0
-1
2
-1
0
-1
1
0
-1
0
-1
0
-1
-2
1
-3
2
-4
3
-3
0
-1
3
-2
-6
7
-13
20
2
-21
16
-2
-14
1
27
-31
18
-4
-2
-35
54
-34
11
0
-5
0
-1
-2
-3
-3
0
-1
1
-2
0
2
2
-20
56
-59
2
21
-16
17
-6
27
-62
13
21
5
-17
8
3
-10
11
-5
0
1
-4
5
-2
0
-1
-2
3
-3
0
-1
-1
-1
0
-1
-1
-1
0
0
1
-1
3
-3
4
-4
-1
9
-14
7
-2
-1
0
0
0
0
-1
0
0
0
0
-1
0
-1
-1
0
1
-9
13
-10
1
3
-5
4
-3
-1
-2
-1
0
-2
-1
0
-1
0
0
-1
-1
1
-4
1
0
-1
1
-4
3
-4
0
2
-12
12
-4
-8
16
-5
-22
-14
62
-28
4
-19
16
-23
-4
56
-57
20
-3
-4
0
0
-1
-2
0
-2
1
-2
0
2
-1
-11
19
-41
47
-13
15
-28
-4
19
-9
-14
22
-24
25
-27
26
-9
-3
2
1
-5
2
4
-3
0
-2
4
-1
0
0
-1
-2
0
0
0
-1
1
0
-1
-1
-1
1
-3
2
-1
-2
0
4
-4
0
-1
0
-1
0
1
0
0
0
-1
0
0
0
-1
0
-1
-1
3
-5
1
2
0
-3
2
-1
-1
-1
1
0
-2
-1
0
-1
-1
1
-1
-1
-1
0
-5
1
1
2
-4
-1
4
-1
-3
3
9
-27
24
-25
24
-24
14
9
-21
3
25
-15
12
-49
38
-19
9
-1
-3
-1
-1
-3
-2
0
-2
0
0
2
-9
6
4
-20
17
25
-49
52
-38
-27
64
-2
-57
57
-30
-7
17
8
-19
9
4
-6
4
-2
1
-3
2
0
-1
1
-1
-1
-1
0
0
0
1
-1
0
-1
-1
0
-1
1
0
-1
0
-1
-1
1
-1
1
-1
0
1
0
-1
-1
-1
0
-1
-1
0
0
0
0
0
-1
1
0
1
0
0
-1
1
-2
1
-1
0
1
-1
-1
-2
0
-1
-2
-1
0
0
-2
0
0
-2
2
-2
1
-4
6
-3
-9
19
-9
-16
6
28
-58
58
1
-64
25
36
-54
48
-26
-18
20
-4
-5
7
-3
-3
-2
-3
0
-1
1
-3
-1
3
0
-12
6
-12
17
28
-39
-6
7
-42
88
-46
10
-15
5
2
2
8
-7
-3
3
-3
4
0
2
-1
-1
2
-1
0
0
1
0
1
0
-1
0
1
-1
-1
0
0
0
0
0
-1
-1
0
-1
0
-1
-1
0
0
-1
-1
-1
0
0
-1
-1
-1
0
0
-1
0
-1
-1
0
-1
0
0
-1
1
0
-1
-1
0
0
-1
0
-1
-1
-1
0
1
-1
-2
0
-2
1
0
0
1
-5
4
-4
3
6
-7
-2
-1
-5
14
-11
46
-88
40
-9
5
37
-31
-20
11
-7
11
-2
-5
-1
-1
-2
-2
0
-2
1
-1
1
-6
6
-6
-2
6
3
8
-19
1
21
-27
15
-11
3
5
4
-27
27
-1
-8
3
0
2
-2
1
-2
2
-1
-2
0
0
0
0
-1
0
0
-2
0
0
0
0
-2
0
1
-1
0
-1
0
-1
1
-1
0
0
-1
1
0
0
0
-1
0
-1
0
-1
0
-1
-1
0
-1
0
0
0
0
1
0
0
-2
-1
1
-1
0
-1
0
0
-1
-2
0
-1
0
-1
-1
1
0
-1
1
-1
2
-1
1
-4
8
1
-27
27
-4
-7
-4
9
-16
25
-22
-3
18
-9
-4
-6
1
6
-7
4
-3
-1
-2
-3
0
1
-6
4
-6
4
-1
-3
-7
38
-40
13
-22
33
-40
49
-33
0
10
-4
7
-17
13
1
-8
5
-1
2
-1
0
0
0
-2
-1
1
0
0
0
-1
-2
-1
-1
-1
0
0
1
-2
0
0
0
-1
0
-1
-1
-1
-1
0
-2
1
0
-1
-1
1
-1
0
0
-1
0
0
0
0
0
-1
0
0
1
0
-1
-1
1
0
-1
0
-2
0
0
0
0
0
-1
0
0
-1
-1
-2
-1
1
-1
-1
-1
1
-1
-1
-6
8
-1
-13
17
-8
5
-11
-1
33
-51
39
-35
21
-16
39
-43
6
3
1
-6
4
-7
4
-6
0
4
-10
9
5
-27
43
-25
-107
148
-38
-13
30
-38
85
-140
72
-15
-6
32
-42
58
-35
8
-7
0
3
-5
7
-7
1
6
-2
-3
2
-1
0
-1
1
0
-1
0
1
0
0
-1
0
1
0
1
-1
-1
1
0
-2
0
-1
0
1
-1
0
0
0
1
0
1
-1
1
0
1
0
-1
0
-1
1
0
-1
1
0
-1
-1
0
-1
0
-1
0
-1
-1
-1
-1
0
0
-1
0
-1
1
2
-6
-1
7
-8
6
-4
-1
6
-8
34
-58
42
-32
6
15
-73
138
-87
38
-31
11
37
-150
105
23
-45
25
-6
-11
8
-9
0
-7
4
6
-10
7
-23
-14
77
33
-97
-14
10
28
-2
21
-18
-17
6
33
-40
-10
38
-10
2
-11
7
1
-4
-1
0
11
-8
-1
-2
4
-1
-1
0
0
0
-1
0
-1
0
-1
0
-2
0
-1
-1
0
-2
0
0
-1
0
-1
0
0
0
0
-1
0
0
0
-1
1
-1
0
0
0
-1
1
-1
0
0
-1
-1
0
-1
1
-1
-1
0
0
-1
-1
-1
0
-1
-2
0
-4
1
-1
8
-11
1
1
5
-2
-7
11
-2
10
-39
10
41
-33
-8
16
17
-23
1
-29
-11
13
96
-33
-78
13
22
-7
9
-10
-5
2
0
-1
9
-27
27
-13
3
40
-93
3
55
47
-143
198
-215
153
-53
13
-16
20
-70
105
-66
19
-10
8
-5
6
-5
2
-1
0
8
-11
4
-2
0
1
0
-1
0
0
-1
0
0
-1
1
-1
-1
2
-3
0
0
-1
1
-1
-1
-1
0
0
0
-2
-1
0
0
0
-1
1
-1
0
0
0
0
0
-3
0
-1
-1
2
-2
0
1
-1
0
-1
-1
0
-2
-1
0
-1
1
-1
0
-5
10
-8
-1
1
-3
4
-6
5
-8
10
-19
66
-106
69
-22
15
-13
52
-155
214
-200
142
-48
-58
-6
91
-42
-3
13
-28
25
-10
-3
0
0
-4
-2
25
-37
15
55
-101
-48
63
146
-234
125
145
-192
21
-9
32
-4
-47
65
-2
-21
-1
7
-8
1
0
2
-2
-1
2
1
-2
1
-1
-1
1
0
-1
0
-1
-1
0
-1
-1
1
0
-1
0
-1
0
-1
0
-1
0
-1
0
0
-1
-1
0
-1
0
-1
-1
0
0
-1
0
1
-1
0
0
-1
-1
0
-1
1
0
-1
0
1
-1
0
0
0
0
-1
-3
1
0
-1
1
-2
-2
1
2
-2
-1
-2
7
-8
0
22
1
-64
46
3
-32
8
-21
192
-147
-125
233
-148
-65
46
100
-57
-16
35
-26
0
3
-5
0
-9
-1
17
-3
-27
38
13
-90
191
-181
11
135
-141
-17
100
-62
30
0
-35
43
-11
-5
1
-4
3
1
2
-4
3
-3
-1
4
0
-2
0
0
0
0
0
-2
0
-1
0
1
0
1
0
0
0
0
0
0
-1
0
-1
0
-2
1
-1
-1
0
0
-1
0
0
-1
0
0
1
-1
0
-1
0
0
2
0
-1
-1
1
0
-1
-1
0
-1
-2
-2
-2
0
-1
-1
-1
1
-2
1
-1
-5
1
2
-3
4
-2
-2
-5
3
0
5
11
-42
35
0
-30
62
-101
16
139
-137
-12
179
-192
89
-14
-39
26
1
-19
1
3
0
4
-10
23
-35
50
-63
77
-24
-152
217
-109
2
209
-411
221
15
-33
41
-52
40
-15
-18
23
-13
3
6
-10
10
-6
-1
6
-9
7
-3
0
0
-1
0
-1
0
-2
0
0
0
-1
1
1
-6
6
-3
0
0
1
-3
2
0
0
0
-1
0
0
0
0
0
0
1
-1
0
0
-1
-1
0
-3
1
-3
0
-1
3
-6
5
-2
0
0
0
1
0
0
-1
0
0
0
0
-1
2
-8
9
-7
0
5
-10
9
-6
-2
12
-24
16
15
-41
52
-42
32
-16
-223
408
-210
-3
107
-220
152
23
-78
61
-52
34
-23
10
-7
0
-7
5
1
-1
7
-13
-55
110
-41
-38
12
41
152
-384
185
24
-3
-26
5
37
0
-35
9
6
-5
1
-3
6
-2
-5
0
3
-2
0
2
0
-1
1
0
0
-1
0
0
0
0
0
-3
3
0
1
-1
-1
1
-2
0
0
0
0
0
-1
0
0
-1
0
-1
0
-1
-1
0
-1
0
0
-2
2
-2
1
0
-1
1
-3
1
-1
0
-1
-1
0
-1
-1
0
0
0
0
-2
-1
0
-3
0
5
1
-6
0
-2
5
-6
-8
34
-2
-38
-5
26
2
-24
-185
383
-154
-43
-16
37
37
-111
53
12
-9
0
-3
-6
2
0
1
2
-17
40
-58
68
-101
66
76
-136
91
-63
143
-250
180
-106
105
-94
96
-94
40
16
-16
3
-1
-1
1
-2
5
-5
-1
6
-6
2
-1
0
0
-1
-1
0
-1
0
-1
0
1
-1
2
-1
-1
1
-2
0
-1
0
0
0
0
-1
0
0
0
0
-1
0
0
0
-1
1
1
1
0
-1
-1
-1
1
-1
0
-2
0
0
-1
0
0
0
0
-1
0
-1
0
0
-2
0
0
-3
6
-7
0
5
-4
1
-2
-1
0
-5
15
-16
-41
94
-95
96
-106
105
-181
249
-145
61
-93
134
-78
-68
100
-68
59
-42
14
-3
-6
0
-5
10
-8
-25
-1
31
97
-131
11
-18
31
46
2
-122
133
-57
-5
1
6
-6
33
-24
-12
0
6
6
-9
4
-1
-1
1
2
-1
-1
0
0
-1
-1
0
-1
1
-1
0
0
0
0
1
0
-1
-1
0
-1
-1
1
-1
0
0
-1
0
0
-1
0
0
0
0
0
0
0
-1
-1
1
0
0
-1
0
0
-1
0
-1
-1
-1
0
-1
-1
0
0
0
0
-2
-1
-1
-1
0
-1
1
-3
0
1
0
-5
9
-6
-7
0
11
23
-33
6
-5
-1
4
56
-134
121
-4
-47
-31
16
-13
130
-97
-31
-1
23
6
-10
0
0
1
4
-18
31
-56
124
-217
188
-94
88
-81
80
-223
244
-79
34
-72
91
-111
161
-205
129
-35
24
-28
21
-19
22
-25
24
-16
12
-11
7
-5
2
1
-1
-1
0
0
-1
1
0
-1
0
-1
1
-1
0
-1
0
-1
0
-1
0
0
-2
-1
0
-1
0
-1
0
1
-1
0
-1
-2
1
-1
-2
0
-1
0
0
0
-2
1
-1
0
-1
-1
-1
0
0
-2
-1
-1
0
-1
-2
4
-8
10
-13
17
-24
25
-21
18
-23
27
-25
34
-129
205
-162
112
-92
71
-34
77
-246
223
-81
77
-90
93
-189
216
-123
55
-32
14
-5
-6
0
-4
10
-13
-12
-24
57
60
-72
-35
-13
16
28
104
-103
-76
49
4
26
14
7
-75
20
19
10
-11
-3
5
11
-3
-33
27
-6
1
1
-3
0
-1
-1
1
-2
0
0
-1
-1
-1
0
-1
1
-1
-1
0
-1
0
-2
0
-1
1
-1
1
-1
-1
-1
-1
0
-1
0
0
-1
-1
-1
-1
0
-2
0
-1
0
-1
1
-1
-2
0
-1
0
0
-2
-1
-1
1
0
0
1
-2
3
-2
-3
5
-27
32
2
-11
-7
2
11
-11
-21
-21
74
-7
-14
-27
-5
-50
74
102
-105
-29
-18
11
32
71
-62
-57
23
11
10
-11
-1
0
0
4
-17
35
-58
55
-36
51
-71
56
-55
110
-134
68
-38
43
-43
55
-66
79
-61
29
-25
21
-10
10
-12
18
-17
5
-9
10
-1
-2
1
-1
1
-1
1
0
0
0
0
1
-1
0
-1
1
0
-1
-1
-1
0
0
0
0
-1
-1
0
0
-1
0
-1
0
0
0
0
0
0
1
0
0
0
0
1
1
0
0
0
-1
-1
-1
0
-2
0
-1
-1
-1
-1
1
-1
0
-3
1
0
-11
9
-4
16
-18
12
-10
10
-20
24
-29
61
-80
66
-56
43
-43
36
-70
132
-112
54
-58
70
-52
38
-56
57
-37
15
-4
-4
0
-2
0
2
-1
4
-13
5
-6
19
-19
9
7
-60
76
-27
-3
1
3
-3
-4
7
-4
2
-2
4
-3
1
0
0
-3
1
2
0
-1
-1
0
-1
1
1
0
-2
0
0
-1
-1
0
0
0
-1
-1
0
-1
0
0
-1
0
0
-1
1
-1
0
0
-1
0
0
0
-1
-1
0
0
-1
0
-1
-1
0
0
0
-1
0
-1
0
-1
-1
0
-1
0
-1
-1
0
-1
0
0
0
1
0
-2
0
1
0
-1
-2
3
-4
2
-3
3
-8
4
3
-3
-1
2
26
-78
59
-8
-10
18
-21
6
-7
11
-4
0
-5
-1
-1
0
-1
1
-1
0
2
-4
-1
1
-2
5
-1
-11
17
-10
-2
-2
7
-3
-1
-2
10
-8
2
-1
0
-1
0
-1
2
-1
0
-1
-1
0
1
0
1
-1
0
-1
1
-1
-1
0
-1
0
0
1
-1
0
0
-1
-1
-1
-1
0
0
0
1
-1
0
0
0
0
0
0
-1
0
0
0
-1
0
1
-1
-1
0
0
-1
0
-1
1
-1
-1
-1
1
-1
-2
0
-1
0
-1
-1
-1
-1
0
0
0
1
-2
1
0
1
0
0
-2
8
-13
2
0
2
-7
2
1
9
-17
9
0
-7
-1
-2
0
4
-2
-2
-1
-1
-1
0
-2
1
-1
0
-2
-4
9
-12
19
-16
1
4
-8
7
-3
5
-6
-2
2
-3
6
-6
0
-1
2
0
-2
1
-2
1
0
0
0
-1
0
1
-1
0
0
-1
0
-1
-1
0
-2
0
-1
0
-1
0
-1
-1
0
-1
-1
-1
-1
-1
0
-2
1
1
-1
0
0
-1
0
-1
-1
0
-1
0
-1
0
0
0
0
-1
0
-1
0
0
0
0
-1
-1
-1
0
1
-1
0
-1
-1
-1
0
0
-1
-1
0
-1
1
-2
-2
0
-1
5
-7
2
-3
2
5
-6
3
-10
8
-5
-2
15
-21
11
-10
3
1
-1
-1
-3
-2
0
-2
1
-2
-1
5
-2
-5
9
-14
4
9
-9
6
-3
0
1
-1
0
-1
0
7
-6
-2
0
0
-1
0
0
-1
-1
0
0
0
0
0
0
0
0
0
0
0
0
0
0
-1
0
0
0
0
-1
-1
0
0
0
1
0
-2
-1
0
0
1
0
0
0
0
0
0
1
-1
-1
1
-1
0
0
-1
0
0
0
0
-1
-1
-1
-1
0
0
-1
-1
-1
0
-1
0
-1
0
-2
-1
0
-1
-1
-1
-1
0
0
-1
-1
0
5
-8
0
0
-1
1
-2
-1
2
-7
7
-10
-6
13
-10
5
1
-4
-1
-1
-2
-2
0
-2
0
-2
1
-1
-1
-1
5
-2
-5
6
-6
-2
6
-3
-2
5
-3
1
1
-3
2
-1
0
0
0
1
0
1
-1
0
-1
0
0
0
1
0
-1
0
-1
0
-1
0
0
-1
-1
0
-1
0
-1
-1
0
0
-1
-1
0
0
-1
-1
0
0
-2
0
0
0
-1
0
0
0
0
0
0
-1
-1
0
0
0
0
0
0
-1
0
-1
-1
-1
0
-1
0
0
0
-2
-1
0
0
0
0
0
0
-1
0
-1
0
1
-1
1
-2
2
-1
-2
2
-4
1
3
-8
1
5
-7
3
1
-6
0
0
0
-2
-1
-2
-2
0
-3
1
-2
0
-1
0
5
-5
-1
1
1
-9
5
-2
0
-1
0
-1
1
-1
-2
2
-2
0
-1
0
0
-1
0
0
-1
0
0
0
-1
0
-1
-1
1
-1
-1
-1
-1
-1
-1
-1
1
0
-1
-1
0
-1
0
1
0
0
0
-1
1
0
-1
0
0
0
0
0
-1
0
-1
0
-1
-1
-1
-1
0
1
-1
0
-1
0
0
0
0
-1
-1
0
-1
0
-1
0
0
-1
-1
-1
-1
0
-1
0
0
0
-1
0
0
-1
1
-1
1
1
-3
1
-1
1
-3
2
-7
8
-3
-3
-2
4
-6
0
-1
-2
0
-2
-2
0
-1
1
-2
1
-2
4
-5
5
-3
2
-1
-3
1
-2
0
-1
0
-1
1
0
0
-2
3
-1
1
0
0
0
0
-1
0
-1
0
-1
0
0
-1
1
-1
0
0
0
0
0
-1
-1
-1
1
0
0
1
0
0
-1
0
0
0
-1
0
0
-1
0
-1
0
0
0
0
0
-1
0
0
-1
0
-1
-1
0
-1
0
-1
-1
0
0
0
0
-1
0
-2
-1
0
-1
-1
-1
-1
0
-1
0
-1
0
-1
0
0
0
-1
1
-1
1
-1
0
-1
-1
-2
1
0
-1
-3
1
-1
-3
1
-5
5
-4
0
-3
-1
-1
-2
0
-2
0
-1
-1
-1
1
-1
1
-2
-1
0
-1
0
0
0
0
-1
0
1
0
0
-1
0
1
0
-1
0
0
-1
0
0
-1
0
0
-1
-1
0
0
0
-1
-1
-1
0
-1
0
0
0
0
-1
0
-1
0
-1
0
0
0
-1
-1
-1
0
-1
0
0
0
-1
0
0
-1
-1
1
0
-1
0
0
0
-1
-1
0
0
0
-1
-1
-1
0
0
0
-1
0
0
-2
-1
0
-1
0
0
0
-1
-1
0
-1
-2
0
0
-1
-1
0
0
-1
-2
0
0
0
0
-2
-1
0
-2
0
0
-1
-1
-4
-2
0
-1
-1
0
0
-1
1
-1
-1
-1
3
0
0
-2
-1
0
-2
0
0
0
0
0
-1
0
0
1
0
0
0
1
0
0
0
1
0
-1
0
0
-1
0
0
-1
-1
0
0
-1
-1
-1
0
-1
1
0
1
-1
0
0
0
0
0
0
0
0
-1
0
-1
0
-1
0
0
0
0
0
0
-1
-1
0
0
-1
-1
-1
0
0
-1
0
-1
0
-1
0
-1
-1
1
-1
0
0
-1
-1
-2
-1
-1
0
-1
1
-1
-1
0
0
0
-1
0
0
-1
-1
-1
-1
-1
0
0
0
-2
-1
0
-2
-2
-1
0
0
-3
-1
-1
-1
-2
0
0
0
0
-1
0
-1
0
-1
0
-1
-1
0
-1
-1
-1
-1
0
0
1
1
0
1
-1
1
0
1
1
0
0
0
-1
0
-1
-1
0
0
0
0
0
0
0
0
0
0
-1
0
0
0
-1
-1
0
0
0
0
-1
0
0
-1
-1
0
0
-1
-2
-1
0
0
0
-1
0
0
-1
0
0
0
0
0
-1
-1
-1
-1
0
0
0
0
0
0
-1
-1
0
0
-1
-1
0
0
-1
-1
0
0
0
-1
0
0
-1
0
0
0
0
-1
-1
0
0
0
-1
-1
-1
-1
0
-1
-1
0
0
-1
-1
-1
0
-1
-2
-2
