-19
1
-6
-4
-5
-2
-3
16
-41
23
-5
0
-4
-5
-2
3
-4
1
-1
-8
8
-1
-6
3
-12
6
5
-4
-2
1
-3
0
6
-6
-6
6
-3
2
3
-1
-1
-1
1
0
5
-1
-1
1
1
-1
-1
0
-2
0
0
-1
-1
-1
0
0
-1
1
-1
-1
0
1
0
1
-1
0
0
1
0
0
0
0
0
0
0
-1
1
0
-1
-1
5
0
1
-1
-1
-2
2
3
-2
7
-6
-5
6
2
-3
1
-1
-2
6
7
-11
5
-5
0
8
-7
1
2
-3
7
1
-1
-1
3
-2
26
-39
20
0
3
-3
3
0
9
-8
-7
-3
-6
-1
-2
-14
20
-33
12
-2
-3
1
-4
-13
3
7
-18
20
-16
3
-10
8
6
-24
18
-3
-1
-5
-3
-7
16
-17
12
-2
-6
6
-8
22
-25
14
-3
-3
10
-12
5
1
-1
-1
0
-1
-1
0
-2
-1
0
-2
2
-2
0
-1
1
-1
0
-1
0
-1
1
-1
1
-2
3
-1
1
0
1
1
-1
1
1
0
1
0
4
-10
11
-3
-3
15
-27
22
-9
7
-5
-1
11
-17
18
-6
-2
-4
1
-1
20
-23
6
9
-11
5
-14
22
-17
8
7
-9
0
4
0
0
16
-31
23
-9
3
2
1
2
1
-20
-2
0
-6
-3
-5
2
-19
26
-23
-2
2
2
-8
-2
-15
25
-45
48
-17
2
-24
14
5
2
-18
6
7
-6
0
-1
-1
4
-12
15
-9
2
-2
-2
1
-1
1
9
-6
-1
-1
1
1
-1
-1
0
-3
0
-2
0
-2
2
-3
0
0
-2
-1
-1
0
0
0
-1
1
-1
0
1
-3
3
-1
1
-1
1
-1
1
0
0
1
2
0
-1
-4
9
0
-1
3
-2
-1
3
-8
16
-11
4
-1
0
1
-6
8
6
-17
3
6
14
-23
3
-15
48
-43
26
-10
1
-6
6
6
1
-19
28
-16
5
-2
0
1
4
6
-8
-7
-2
-8
3
-13
3
-3
-1
-2
-2
-7
4
-8
0
7
-19
23
-30
12
1
-6
0
7
-23
23
-4
-12
1
3
-3
4
-8
5
-3
6
-10
17
-29
19
0
-7
11
-8
1
1
-2
0
0
0
-1
-1
-1
0
-1
-1
0
0
-2
-1
1
-2
-1
0
0
0
0
0
1
0
-2
0
0
0
1
1
-1
0
0
0
1
-1
-1
1
1
-8
12
-8
0
20
-29
18
-9
6
-3
5
-8
5
-1
3
2
-10
-2
26
-22
8
1
-5
2
13
-29
24
-18
10
3
-5
7
-3
2
2
1
1
6
-8
6
0
3
1
-11
-4
-2
-8
-1
-3
-6
4
-12
1
8
-12
3
-9
5
-22
37
-16
-32
26
4
-16
7
6
-19
24
-18
2
3
-10
5
-2
4
-12
11
-3
0
1
0
3
-3
-2
-2
5
1
0
1
0
-2
-1
0
-1
0
0
1
0
0
0
-1
1
-1
-1
0
0
-1
0
1
-1
0
1
-1
0
1
-1
1
1
1
1
0
-1
-1
1
2
-1
1
5
-2
-1
-3
3
1
1
0
-2
11
-12
4
0
5
-10
5
4
-16
24
-19
6
7
-16
5
28
-31
-14
38
-19
8
-6
7
-9
11
3
-10
8
-2
1
3
-1
1
3
-9
-4
-7
-3
-4
-4
-3
1
-2
-8
4
-1
-4
-7
0
-3
1
2
-11
15
-20
12
-4
-3
-1
-7
21
-18
-3
7
-14
14
-1
-3
-8
3
4
-4
7
-4
3
-2
-1
2
-1
0
2
-2
1
-1
-1
-1
0
-1
-1
-1
-1
0
-2
-1
0
-3
-1
-1
-1
1
0
-1
1
0
-2
-1
0
0
0
1
1
0
1
0
2
-1
2
0
-1
1
-1
-2
3
-5
7
-4
4
4
-8
-1
-1
15
-13
8
-2
-16
21
-6
0
-2
-2
14
-20
16
-10
3
2
0
4
-4
-1
2
7
-5
0
4
-1
0
-1
5
-2
3
-16
0
-12
0
0
-7
-3
-3
5
-12
-4
8
-10
-6
4
3
-26
28
-27
19
-5
-3
-2
2
-19
39
-33
5
6
-9
8
-2
1
-9
-4
7
8
-9
-1
8
-8
4
-1
1
3
-2
3
-3
1
-1
-1
-1
-1
1
-1
-1
0
-1
-2
1
-1
0
-1
-1
-1
0
0
1
-1
2
-1
-1
1
1
0
0
-1
0
-2
0
2
-4
3
-3
3
1
-1
4
-8
8
0
-10
8
8
-4
-7
1
-1
8
-8
7
6
-31
41
-18
3
-1
-1
-3
19
-25
29
-25
7
7
-4
-7
10
0
-7
7
1
0
-4
2
6
-8
8
-10
9
-33
21
-54
81
-65
21
46
-166
146
-26
-42
91
-204
181
80
-256
151
5
-115
137
-87
38
31
-101
100
-44
-46
93
-77
13
58
-72
23
14
-15
5
1
-2
1
-1
0
1
0
1
0
1
-2
0
0
-1
-1
0
-1
0
-1
-1
-1
-2
0
-1
0
0
-1
0
1
0
0
0
0
0
-1
0
0
1
-1
1
-1
1
-1
1
-1
1
0
3
0
-1
1
-2
1
5
-15
15
23
-72
58
14
-77
93
-45
-43
102
-99
32
39
-86
137
-114
5
152
-254
81
184
-201
92
-39
-24
149
-163
48
25
-61
85
-50
29
-28
16
-8
13
-39
35
-9
-67
72
-77
-71
298
-247
82
40
-169
182
-140
-14
42
147
-121
-52
65
-26
-39
69
-30
-39
161
-136
-30
52
-21
-31
89
-33
-31
24
-10
-2
9
-7
5
-1
-2
3
-3
1
-1
0
-2
0
-1
0
-2
1
-1
0
0
1
-1
0
-1
-1
0
0
0
0
-1
0
-1
0
1
0
-1
1
0
1
0
1
-1
1
-1
2
-3
4
-1
0
4
-7
9
-2
-9
25
-30
-33
89
-31
-21
52
-32
-135
161
-38
-28
70
-38
-25
67
-51
-119
148
42
-13
-137
184
-167
43
84
-243
302
-69
-72
75
-63
-6
41
-34
21
-6
-10
5
-30
-6
76
-25
-48
-158
265
-84
21
-82
-126
298
-411
365
138
-177
-215
0
256
-14
-70
-110
29
124
-77
8
25
-24
-19
-31
82
-23
-6
-17
11
4
-3
-2
3
-3
1
1
-1
2
-1
0
-1
-2
0
-1
0
0
-1
-2
-1
0
0
-1
-2
0
-1
0
-1
0
-1
0
0
1
-2
-1
1
1
0
-1
0
-2
0
1
0
1
0
2
2
-3
3
-2
-2
4
11
-18
-7
-22
83
-31
-18
-23
25
8
-78
126
29
-109
-68
-12
257
0
-212
-175
140
366
-407
302
-123
-79
24
-82
268
-156
-44
-22
79
-3
-22
9
-2
0
-24
8
11
-46
49
-21
-41
108
-166
181
-31
-156
143
-8
-126
127
-141
260
-261
97
30
-118
126
-97
50
68
-279
319
-158
33
8
-33
77
-71
19
5
-6
1
2
1
-2
3
-2
1
-1
0
0
-2
0
-2
-1
0
0
0
0
1
-1
0
0
-1
-1
-1
0
-1
0
0
1
-1
0
0
-1
2
0
1
1
1
-1
-1
0
-1
1
1
0
2
-1
4
-2
1
4
2
-6
6
22
-69
79
-33
9
34
-158
320
-279
70
50
-96
127
-117
32
98
-260
262
-140
128
-123
-5
146
-154
-28
182
-162
110
-39
-17
53
-45
18
12
-16
-10
4
-12
-15
12
1
-27
63
-97
102
-151
171
-174
282
-80
-541
621
-349
213
-66
-50
99
-122
168
-225
236
-267
310
-147
-88
131
-124
104
-56
-8
19
-7
15
-9
5
-4
4
-5
4
-1
0
-1
3
-2
-2
0
-1
-1
-1
-2
0
-1
-1
-1
-1
-1
-1
-1
-1
0
0
0
-1
-1
1
0
0
0
0
0
2
-1
0
1
1
-1
2
0
0
0
5
-5
4
-4
5
-9
16
-7
20
-7
-55
104
-123
132
-88
-146
312
-265
238
-225
169
-122
100
-48
-64
213
-347
622
-537
-76
285
-170
174
-148
105
-95
67
-23
5
16
-9
-7
12
1
-8
-7
-2
16
-52
14
-14
108
141
-562
362
24
-402
55
994
-737
-17
-269
316
279
-294
-102
163
-69
-122
21
246
-48
-144
-47
84
61
-23
-70
37
0
-6
-2
11
-6
0
3
0
-5
3
2
-2
-1
2
-2
-3
1
-2
0
-1
0
-1
0
0
-2
-1
-1
0
-1
0
0
-1
-1
0
1
0
0
1
1
-1
1
-1
-2
2
0
-1
2
3
-5
0
3
-1
-6
12
0
-5
1
38
-70
-21
61
86
-47
-144
-47
248
23
-122
-68
165
-100
-293
280
320
-268
-15
-736
997
59
-400
28
364
-558
143
109
-12
18
-48
19
6
-2
-1
0
-23
13
-2
17
-60
56
-9
-132
157
-93
-84
116
197
-468
576
-386
21
268
-162
-369
420
-155
-81
162
20
-184
260
-214
75
59
-58
-54
88
-78
34
2
-5
-4
8
0
0
-2
5
-5
-1
4
-1
-2
2
-2
-1
0
0
0
0
-1
-1
-1
0
0
-1
-1
0
0
0
0
-1
0
2
-1
1
1
-1
0
-1
1
0
-2
2
-1
-1
4
-1
-4
5
-3
-1
0
8
-4
-3
2
36
-77
88
-54
-57
60
75
-213
263
-182
21
163
-79
-153
423
-368
-160
270
23
-385
581
-465
199
120
-80
-90
159
-130
-4
60
-57
21
5
19
-14
-2
0
-15
-15
41
-78
52
-82
189
-306
415
-373
303
-357
579
-903
500
90
-159
129
-65
47
-91
22
28
46
-165
215
-231
234
-182
170
-198
107
-19
15
-11
8
-11
11
-7
6
-7
10
-7
5
-5
3
-2
0
-2
-1
0
-1
0
-2
1
-2
1
-1
0
0
0
0
0
0
0
0
1
-1
2
-1
1
0
1
0
1
0
-1
1
-1
3
-4
7
-7
9
-7
6
-7
10
-11
9
-11
16
-19
109
-198
171
-180
234
-230
217
-164
50
30
21
-90
49
-63
131
-158
92
501
-901
581
-354
307
-370
418
-302
191
-79
55
-75
44
-8
-10
8
-3
2
-24
17
15
-75
53
29
-215
120
215
-183
-9
194
-125
-380
339
51
-260
242
170
-326
138
69
-207
106
64
-250
157
102
-67
-62
114
-89
10
7
4
-3
3
0
-4
1
2
-3
3
0
-5
4
-3
-4
2
1
-2
0
-1
0
-1
-1
0
-1
-2
-1
-2
-1
-1
1
0
1
-2
1
1
0
0
2
1
2
-1
2
3
-3
-2
4
-4
1
4
-2
2
0
-3
1
4
-3
4
8
10
-89
114
-60
-66
102
158
-248
64
106
-206
71
140
-326
170
242
-260
51
340
-376
-120
196
-6
-181
218
123
-213
32
56
-72
19
24
-19
11
0
-24
21
-25
17
-33
-13
-3
173
-123
-181
176
-88
147
-504
1138
-859
38
121
15
-252
209
82
39
-231
-1
143
-17
-99
140
0
-134
66
21
-46
26
-3
8
-7
-1
3
0
4
-3
-1
2
-2
-1
0
2
-4
1
0
-1
-1
0
-2
-1
0
0
-2
0
-2
-1
0
0
0
0
-1
1
1
-1
-1
1
1
-1
0
0
-4
1
1
0
-1
2
-1
-3
4
0
3
-1
-8
7
-2
28
-47
21
66
-133
2
142
-98
-16
144
2
-230
41
84
211
-251
16
121
40
-858
1142
-502
150
-84
177
-180
-120
175
1
-9
-29
20
-18
27
-17
-4
-15
7
-5
-26
54
-50
94
-272
358
-310
201
-12
-330
692
-1004
794
-308
216
-261
282
-241
108
11
-121
187
-255
263
-184
124
-83
44
-72
80
-35
1
11
-9
-1
1
3
1
-4
4
0
-3
3
-2
2
-3
0
-3
1
0
0
-2
2
-1
-1
0
-2
0
-1
0
-1
0
0
0
-1
0
0
-2
2
-1
1
0
1
-1
1
-3
3
-1
2
-3
0
3
-4
0
3
0
1
-8
11
1
-35
81
-72
46
-83
123
-182
264
-252
188
-119
12
109
-239
284
-260
217
-306
795
-999
695
-328
-8
203
-307
362
-271
99
-47
56
-23
3
12
-5
-11
10
-30
-1
-47
97
-48
-113
306
-267
65
3
-71
208
-145
-56
60
-53
13
87
-202
176
-34
-20
47
-102
87
-36
-3
45
-43
2
52
-39
-19
9
3
5
-4
2
-1
-1
2
-1
0
1
-2
2
-3
2
-1
0
-1
0
-3
0
-2
-1
0
-1
0
-1
0
-1
0
0
1
-1
1
0
0
0
-1
1
0
1
0
1
-1
2
-2
3
-2
3
1
-1
2
-1
-1
3
-4
6
3
9
-18
-39
52
4
-42
46
-3
-35
89
-102
48
-18
-32
178
-201
89
13
-51
61
-53
-142
212
-69
7
68
-262
308
-108
-44
100
-44
7
-24
18
-8
-3
-7
-10
-48
119
-69
-31
-15
18
79
-96
17
-12
-95
317
-235
-26
33
10
69
-64
-56
28
42
-22
9
-40
23
4
22
-34
-15
21
-1
4
-2
-3
3
1
-3
1
1
-2
2
0
-3
0
1
0
0
-1
-1
0
-1
-1
-2
0
0
-1
-1
0
-1
-1
0
0
1
0
0
-1
0
0
-1
0
0
0
0
1
0
0
2
0
-2
2
3
-2
2
1
-2
1
3
-2
-1
4
-1
22
-15
-33
22
5
24
-40
11
-20
44
30
-54
-64
70
11
34
-25
-234
320
-91
-9
20
-92
84
22
-13
-27
-65
122
-45
-3
-2
6
-9
-15
13
-4
-22
7
10
-5
-41
55
-77
30
62
-106
143
-245
211
-58
-6
11
-40
54
-53
18
7
16
-26
-18
37
-26
5
-3
16
-14
1
0
0
0
-2
1
-1
1
-1
1
0
0
-1
0
0
0
-2
0
-1
0
-1
0
0
-2
-1
-1
-1
-1
-1
0
0
0
0
0
0
-1
1
-1
1
1
0
1
0
0
-1
0
1
2
0
0
1
1
0
1
-1
1
0
2
1
2
2
-13
16
-2
6
-27
37
-16
-24
18
9
19
-51
55
-39
13
-4
-57
212
-240
147
-102
64
33
-75
59
-40
-1
15
10
-19
3
18
-7
-9
-4
-2
-5
-6
-3
0
-9
35
-26
-43
12
30
2
-52
72
-49
7
-9
-6
30
-14
-27
23
-7
-10
9
2
-4
-10
12
-3
-8
6
1
-2
2
-1
1
-2
-1
2
0
0
-2
2
-2
0
-1
-3
0
0
0
-2
-2
0
0
-1
-1
-1
-1
0
-1
-2
0
-1
0
-1
-1
1
-1
-2
0
0
0
-1
0
0
1
-3
0
1
-1
3
-1
0
0
1
0
-1
1
-1
2
-2
2
7
-8
-3
12
-9
-3
3
11
-9
-6
25
-26
-13
30
-4
-8
10
-48
74
-50
5
33
16
-40
-23
37
-6
4
0
-2
2
2
3
-8
-14
10
-12
-4
4
-5
8
-38
13
27
-31
12
-17
-13
58
-42
-7
4
10
-36
26
5
-11
-2
0
4
-1
-2
-7
0
2
4
-5
3
-2
1
0
-3
1
0
-2
0
1
-1
-1
1
-2
0
1
-1
-2
1
-1
1
-1
-2
-2
-1
0
-1
-1
0
0
-1
0
0
0
0
1
0
0
0
1
2
-1
2
-1
0
1
1
-1
0
0
0
1
1
-1
0
2
-2
0
1
-2
2
-6
4
2
1
-7
-2
1
4
1
-1
-11
6
28
-35
12
5
-6
-41
60
-10
-13
15
-29
30
18
-36
13
-1
8
-1
-5
15
-6
-10
-6
0
-8
-8
15
-13
-3
-1
-16
26
-11
-10
14
-10
-53
63
-38
12
-4
20
-28
18
-14
6
-7
11
-23
15
-7
1
-1
-4
4
-2
0
1
-2
2
1
-1
-1
2
-1
2
0
-1
0
1
0
-1
0
-2
-1
0
-3
0
-1
0
-1
-1
-1
-1
-1
0
-1
0
0
1
-1
2
-1
1
0
1
1
-1
0
0
0
2
0
1
0
3
-1
2
-1
-1
1
2
-1
1
0
-3
6
-4
-1
2
-6
17
-22
13
-6
7
-12
20
-27
22
-3
13
-37
64
-50
-6
17
-6
-7
29
-12
0
2
-10
19
-5
-1
5
1
-7
-3
-12
-2
-6
4
-9
-2
12
-29
25
-21
14
-27
7
29
-18
-26
21
-2
-19
11
7
-8
-1
5
-3
-6
-1
2
-4
1
2
-1
-2
0
0
0
0
-1
-1
-1
0
2
-1
-1
0
1
-1
-1
0
-2
0
-1
-1
0
-1
-1
0
-2
0
-1
-1
-1
0
0
0
-1
0
0
0
-1
0
1
0
0
1
0
0
1
0
0
0
0
0
1
1
1
0
0
1
1
0
1
-2
0
2
2
-4
3
1
-5
-3
6
0
-7
10
11
-19
-2
22
-24
-17
32
11
-24
17
-18
27
-27
14
2
-6
7
-2
5
-5
5
-6
-9
-2
-4
-2
-4
-2
-1
-11
22
-34
1
21
-13
-19
49
-39
-5
4
0
3
-3
-10
5
6
-13
17
-20
3
4
-2
-3
4
-3
1
-2
1
0
-1
1
-1
0
0
0
0
0
0
1
-1
0
-2
-2
0
-2
-1
0
-1
-1
-1
-1
-1
-1
1
-1
0
0
0
0
0
1
0
-1
0
1
-1
-1
2
-1
-1
1
0
0
0
0
0
1
0
0
-1
0
-1
1
1
-1
1
-3
4
-3
-2
5
4
-17
18
-14
8
5
-8
-2
4
0
5
-3
-38
52
-15
-10
23
4
-32
25
-9
2
2
0
1
2
2
0
-4
-10
-2
-8
2
-11
6
-11
15
-21
6
-15
19
-12
11
-47
38
-14
2
-3
11
-5
-15
8
-2
1
1
-11
3
4
-2
-3
1
1
1
-1
0
1
0
1
-1
1
1
0
1
0
0
0
0
-2
0
0
-1
0
0
-1
0
-1
1
-1
-1
0
0
0
0
0
1
0
0
-1
1
0
1
1
0
1
0
1
0
-1
1
1
0
0
1
0
0
1
-1
0
0
1
-1
0
1
1
1
-3
0
5
4
-12
2
2
-1
11
-14
-5
11
-1
4
-13
39
-45
15
-10
22
-12
9
-18
18
-8
9
-7
5
0
3
-1
-15
-1
-4
-5
-1
-9
2
0
-11
-2
9
-14
9
-7
-1
6
-14
1
0
4
-16
14
-10
3
-3
-2
-5
13
-12
1
-3
2
0
-1
-1
1
1
1
1
-2
1
0
1
0
-1
-1
-1
0
-1
-1
-1
-2
0
-2
-1
0
-1
0
-1
-1
-1
-1
0
0
0
0
1
1
0
0
0
-1
0
1
2
-1
1
1
0
0
0
0
0
1
0
0
1
1
1
-1
2
0
1
2
0
1
0
1
-2
3
-12
15
-3
-1
-2
5
-9
15
-15
4
2
2
-13
9
1
-4
12
-12
12
1
-9
3
5
-6
2
3
0
7
-8
-6
-2
-6
0
-5
-7
3
-5
-6
15
-17
7
-9
-1
10
-10
-2
1
-6
12
-10
-2
-3
2
0
-7
6
-4
-3
-1
0
-3
2
-2
0
1
0
-1
0
0
0
0
-1
0
1
1
0
0
-1
-2
-1
-1
-1
-1
-1
0
-1
-1
0
-1
-1
0
-1
0
0
1
-1
0
0
0
0
0
0
0
1
0
1
0
0
1
-1
1
1
1
0
1
-2
0
1
0
-2
1
1
-1
3
-3
2
1
-3
-4
8
-7
1
4
-2
0
-10
13
-5
2
-1
-9
13
2
-8
11
-14
17
-4
-4
7
-3
-1
2
0
2
3
-11
-5
-4
-5
-1
-4
-5
0
-4
1
-7
2
-4
-4
4
-5
-2
-7
6
-3
-6
7
-8
1
-1
-2
0
2
-4
1
-1
-2
0
-2
0
0
1
0
0
-1
2
-1
0
1
-1
1
1
1
0
-1
-1
0
-2
-1
0
-1
-1
-1
-1
-1
-1
-1
-1
0
0
-1
0
-1
0
0
-1
0
0
1
1
0
0
1
0
-1
1
0
0
0
0
1
2
-1
2
-1
0
0
1
1
1
-1
0
-1
-1
2
-3
2
0
-1
0
3
-7
10
-4
-3
8
-6
-1
-1
7
-1
-1
4
-4
3
-3
4
-1
-2
2
2
0
4
-7
-6
-6
-4
-2
-4
-2
-4
-2
1
-11
8
-11
9
-7
-23
18
-4
0
-5
7
-7
0
1
-5
1
-2
-2
-2
2
-3
0
-1
-1
1
-1
0
-1
1
0
1
0
1
1
-1
1
-1
0
-1
-2
-1
-1
-1
0
-1
-1
0
-1
-1
-1
0
-1
-1
0
0
0
-1
-1
0
0
0
0
0
0
1
1
0
0
0
0
0
0
-1
1
0
0
1
2
1
-1
2
0
1
0
1
0
-1
0
-1
3
-1
-1
0
2
-4
4
1
-6
8
-4
1
-2
19
-20
-4
12
-8
11
-7
5
0
0
1
-1
1
4
0
2
-3
-3
-3
-2
-1
-2
-4
-3
1
0
-1
-2
-3
-2
-2
-2
-2
-2
-1
-2
-1
0
0
-1
-3
-1
0
0
-2
-2
-2
-1
0
-1
0
0
0
-1
-1
-1
0
0
0
0
0
0
0
0
-1
-1
-1
0
-1
0
-2
-1
0
0
-1
-1
0
0
-1
-1
1
1
0
-1
0
0
-1
0
1
0
0
-1
1
1
0
0
0
2
0
0
1
0
0
0
1
0
0
0
-1
2
1
0
0
0
1
-1
-1
1
1
0
-1
0
0
0
0
1
1
0
-1
0
2
1
0
-1
1
3
2
0
-1
0
1
2
2
1
