0
-1
1
1
-4
4
4
-4
-1
-5
9
-2
-5
-3
9
-4
3
-3
-20
34
-16
5
-12
10
-1
-3
-1
3
-6
9
-3
-7
10
-15
15
-8
5
-5
4
-11
5
7
-6
0
-1
1
-2
0
-1
-3
2
0
-2
1
-2
1
-1
-1
-3
1
-1
0
0
-1
0
0
-1
0
0
-1
0
-1
0
-2
2
-1
1
-1
-2
4
0
-2
0
-2
0
-1
4
-6
-6
10
-3
3
-5
7
-16
15
-11
7
3
-9
5
-3
1
2
0
-10
12
-5
15
-33
18
1
-4
3
-9
2
3
2
-11
5
0
2
-4
-5
3
-3
-1
-3
0
-2
2
-6
7
-2
-3
11
-15
-4
10
-7
1
10
-8
10
-37
22
5
4
-15
20
-25
13
-4
10
-9
4
-4
-8
16
5
-21
10
-1
0
-5
18
-23
20
-20
20
-14
1
1
2
-6
6
-7
6
-6
4
-2
1
-1
2
-1
-1
-1
0
0
-2
0
0
0
0
0
0
0
-1
1
0
-1
0
0
-3
1
-6
6
-6
7
-6
5
-4
-2
-2
13
-21
20
-21
23
-17
4
-1
0
-10
21
-4
-17
7
3
-3
8
-10
3
-15
25
-21
16
-5
-4
-22
37
-10
6
-10
-3
5
-12
1
14
-11
1
2
-8
4
-4
-1
0
1
-3
0
5
0
-22
22
4
-7
-8
2
8
0
-6
9
-26
17
13
-14
-20
10
23
-9
-16
13
-7
11
-15
19
-26
7
5
-6
13
-4
-8
2
7
-4
10
-23
24
-15
4
2
-7
1
6
-2
-6
5
-4
3
0
3
-6
7
-6
3
-2
0
1
1
0
0
-1
-1
2
-4
6
-6
5
-3
0
-3
4
-5
6
2
-7
-2
6
-3
-5
14
-25
22
-11
3
-7
-1
7
3
-13
4
-6
-7
26
-21
14
-12
6
-14
15
9
-23
-11
20
15
-15
-18
25
-10
4
-2
-9
-3
7
6
-4
-22
21
0
-7
-2
2
-5
0
-1
-5
-4
15
-20
-3
65
-71
29
-33
36
-23
-4
56
-58
-14
49
-39
28
3
-18
32
-31
-4
18
-5
3
-9
-12
33
-34
57
-49
12
-13
3
15
7
-56
67
-24
4
-4
-7
7
-3
0
-2
-4
6
2
-3
-1
-8
16
-13
6
-5
2
1
-2
-1
-1
0
-1
-1
1
0
-2
4
-8
11
-17
8
1
2
-2
-7
3
2
0
3
-8
6
1
-5
24
-68
55
-6
-15
-5
12
-12
49
-57
34
-33
11
10
-3
4
-18
4
31
-32
18
-3
-29
37
-49
14
58
-57
3
22
-37
32
-32
71
-64
2
19
-16
1
3
-5
0
-2
4
-5
4
-9
41
-95
63
3
-7
5
-10
10
-56
71
-37
69
-87
67
-66
25
8
19
-33
15
-4
2
-25
32
-1
-12
13
-20
11
-19
46
-43
15
7
-27
22
-5
-1
0
-1
-3
2
1
-16
22
-7
-6
1
-1
8
-5
-6
5
-2
0
0
0
0
0
0
0
-2
-1
0
-6
5
5
-9
2
-3
6
7
-24
15
-1
-4
2
1
-2
-1
5
-24
26
-8
-16
42
-47
19
-12
20
-14
13
0
-32
25
-3
4
-15
32
-20
-9
-27
65
-66
87
-69
37
-72
54
-12
9
-5
5
-5
-64
94
-44
9
-6
0
-4
-2
0
-8
9
-3
-1
-7
30
-16
-18
10
-1
0
12
-41
22
6
32
-48
25
26
-76
-8
66
0
-13
-20
18
-8
4
-16
70
-94
46
14
-28
-4
13
9
-29
32
-17
-13
24
-7
-5
3
-1
2
-5
8
-11
10
0
-9
1
9
-15
12
-5
0
1
0
-2
0
0
0
1
0
-2
1
3
-13
15
-10
-3
8
-1
-10
9
-8
4
-4
1
-3
4
6
-23
12
16
-34
28
-10
-14
3
26
-15
-46
93
-71
16
-4
8
-18
19
12
0
-67
8
76
-27
-25
47
-33
-7
-23
40
-13
-1
-1
-11
17
16
-30
5
0
0
-10
3
0
0
3
5
-17
19
-58
87
-36
-6
-9
12
5
11
-20
-26
48
-38
36
-39
39
-59
67
-19
-2
-16
6
19
-16
10
-33
50
-32
-1
9
0
3
-15
9
22
-28
-3
15
-3
-4
4
-4
3
-3
2
-5
3
-3
-4
5
-6
7
-4
-3
1
-4
1
-1
-2
0
0
-1
0
3
-3
3
2
-8
5
-7
2
2
-5
5
-3
2
-4
4
-6
4
1
-16
1
27
-21
-11
14
-3
-2
-11
0
32
-49
32
-10
16
-20
-7
16
2
19
-68
58
-39
38
-37
37
-49
24
20
-13
-7
-13
7
5
35
-88
56
-19
15
-8
-5
-4
0
-12
14
7
-22
14
-35
56
-32
12
15
-68
55
26
-93
79
-53
22
14
8
-35
44
-41
24
-10
-6
-3
9
22
-26
8
-12
8
5
-18
18
-8
7
-2
0
-11
3
7
-5
0
1
-2
2
-6
6
-2
-2
2
-2
-1
1
5
-9
9
-4
0
1
-1
-2
0
1
0
-1
1
3
-9
9
-6
0
-1
3
-3
2
0
-6
5
-2
1
-2
0
4
-8
-4
10
-1
0
-8
7
-19
17
-5
-9
12
-8
27
-22
-8
2
5
9
-25
41
-45
35
-8
-15
-22
52
-80
90
-26
-57
67
-17
-14
30
-57
33
-16
21
-10
-16
8
0
39
-28
-8
21
3
-43
67
-52
11
17
-33
27
-63
114
-89
46
-27
0
6
0
14
-21
0
14
-3
10
-37
26
17
-36
36
-37
26
-16
12
-2
3
-21
13
5
-11
4
1
-4
1
0
0
-2
3
-9
8
-3
-1
2
-9
4
-1
4
-1
-4
3
-2
0
0
-1
1
-3
3
1
-4
1
-5
8
-2
-1
2
-7
6
-5
2
-1
-1
-2
3
-2
-6
9
-5
-14
20
-3
1
-13
15
-28
37
-37
36
-17
-27
35
-10
2
-15
-1
21
-14
0
-8
0
27
-46
87
-115
62
-29
30
-18
-13
51
-67
41
-6
-23
8
27
-43
0
-101
36
16
41
-11
2
-81
47
26
-9
-26
32
-17
-22
22
11
-36
15
52
-78
38
-5
4
-15
22
8
-4
-21
-23
31
10
-7
-8
3
-6
10
1
-34
37
-2
-8
0
-1
0
0
-2
2
1
-3
-1
1
-2
3
-5
6
0
-3
-3
3
-2
1
0
0
0
-2
0
-3
1
-5
4
3
-1
-5
3
-4
1
-2
1
2
-1
-2
1
-1
0
-2
-2
7
0
-38
33
-2
-10
5
-5
7
7
-11
-31
22
20
4
-9
-22
14
-4
4
-39
77
-52
-16
35
-11
-23
22
16
-33
23
6
-28
-48
80
-3
10
-44
-18
-35
96
0
33
-65
75
-2
-258
107
489
-502
197
16
-492
611
27
-465
295
47
-340
169
367
-351
-168
358
-164
-40
109
-74
37
-28
-20
59
-10
-26
18
-12
4
3
-7
-3
5
6
-6
1
-5
5
-4
-1
2
-2
2
-3
4
-4
2
0
-2
1
5
-8
2
0
-2
3
0
0
-1
-2
1
-1
-3
6
-5
-1
3
0
-3
4
-4
2
-2
2
-2
0
1
-5
4
-3
5
-7
-6
3
5
-4
-4
10
-18
26
10
-58
19
29
-37
73
-112
40
164
-358
167
351
-369
-170
340
-47
-297
464
-30
-612
490
-17
-200
500
-490
-108
257
1
-78
63
-38
0
58
-23
72
-253
134
219
-431
325
-20
-130
52
195
-351
159
28
-57
-6
133
-70
-123
197
-152
44
73
-66
-35
60
-22
-14
14
11
-14
2
4
-4
2
-7
10
-3
-6
3
-5
2
0
1
-3
1
-1
1
-4
5
2
-5
-2
13
-9
-3
8
-3
-3
3
-2
-1
0
0
0
-2
3
2
-7
3
8
-13
3
5
-2
-5
4
-1
0
-2
2
-2
0
-3
3
-5
5
2
-11
7
-2
4
-5
-3
14
-10
-15
14
23
-61
34
66
-74
-46
150
-197
123
69
-135
6
56
-29
-159
350
-196
-53
128
19
-325
429
-221
-134
251
-75
22
-64
0
-178
231
-185
52
202
201
-745
271
56
175
-99
-356
437
-166
74
62
-131
16
17
-10
19
99
-90
-43
29
34
-32
-14
42
-8
-27
13
6
-8
4
-3
-2
15
-9
-6
10
-9
1
2
0
-2
2
-3
2
1
0
-4
1
4
-7
2
2
-1
-2
1
0
-1
1
0
-2
0
-1
-1
2
0
-4
-3
7
-5
-2
3
-1
-1
-1
2
-3
1
-1
-2
-2
8
-11
5
8
-15
2
3
-5
7
-7
-13
27
7
-42
14
31
-34
-27
42
90
-98
-19
9
-16
-16
130
-63
-74
164
-439
355
98
-177
-58
-271
744
-202
-202
-53
183
-233
174
0
188
-135
-139
424
-651
1061
-1044
310
-35
292
-422
309
-18
-137
84
-109
203
-286
376
-397
271
-159
128
-59
9
-13
29
-1
-14
-21
25
-6
-4
3
-1
-2
5
-12
12
-10
5
-2
3
-3
2
-3
1
1
-3
5
-7
9
-9
1
8
-13
13
-11
6
-5
3
-1
0
0
0
1
-3
5
-8
11
-14
12
-8
-3
7
-9
7
-7
3
-1
-1
1
-2
3
-4
2
-5
9
-12
11
-6
1
0
-4
5
6
-26
20
13
1
-30
13
-10
58
-129
158
-270
396
-377
286
-203
109
-85
135
18
-310
421
-294
33
-310
1043
-1061
650
-425
136
133
-192
0
-71
-48
-55
267
161
-431
61
130
82
-54
-411
762
-438
5
-83
145
11
-224
132
106
-53
-170
188
-32
8
-29
17
-22
15
-8
1
9
-3
1
-2
0
1
-3
2
3
-2
-5
0
-1
1
-1
1
-1
-1
-1
-1
1
-1
0
-1
-4
7
-4
0
-3
1
-1
-1
0
-1
0
-2
1
-3
4
-8
3
2
0
-1
-1
0
1
0
0
-2
0
-2
0
-1
4
0
-4
-2
3
-2
0
1
-1
2
-10
-1
8
-15
21
-17
29
-8
32
-190
169
51
-106
-133
223
-11
-146
81
-6
437
-763
409
53
-84
-130
-61
429
-163
-269
53
47
67
0
-75
46
-93
346
-470
-441
1189
-319
-349
406
-100
-795
660
258
-513
226
282
-395
-140
326
-2
-185
106
6
-9
2
-15
24
-7
-13
14
-5
-5
7
-3
2
-1
-6
-3
17
-14
1
3
-4
3
-4
1
0
-1
1
-5
1
2
-7
9
-6
-2
5
-3
0
-1
0
0
0
0
-2
0
-1
1
-4
2
5
-10
7
-3
-2
5
-2
0
0
-2
3
-5
3
-3
-3
14
-17
3
6
-1
-2
3
-8
5
5
-13
14
7
-24
15
-3
7
-6
-107
185
2
-327
139
395
-283
-226
512
-259
-661
794
99
-407
347
318
-1189
441
468
-347
91
-48
71
0
164
-33
-116
-96
555
-1536
1965
-801
-129
349
-595
648
-526
344
-206
18
192
-209
75
-2
71
-149
101
-40
-11
62
-36
-22
52
-53
26
-3
-6
3
0
0
-9
23
-21
7
-5
4
-1
-2
2
-2
0
0
0
2
-6
6
1
-5
0
3
-1
-1
-1
2
-1
-1
1
0
-2
-1
0
-1
1
0
1
-4
-1
4
0
-6
6
-2
0
0
0
1
-2
2
-1
-5
4
-8
20
-24
8
0
0
-5
4
2
-26
54
-53
21
36
-63
10
39
-101
148
-70
2
-76
209
-194
-18
205
-344
526
-650
592
-351
127
800
-1966
1535
-557
95
113
33
-168
0
-182
208
82
-267
-246
-518
1716
-886
292
-71
-478
-17
139
339
-125
57
-58
-292
319
-176
158
-103
17
25
-33
28
-11
-2
1
-4
16
-18
6
0
-2
4
3
-20
18
-11
13
-7
-4
2
1
-1
0
-1
0
0
0
2
-3
-3
3
-1
2
-3
-2
1
-1
1
0
0
1
-2
-1
-2
1
2
-2
0
-5
2
3
-1
-1
-2
0
1
-1
-1
-2
-2
4
5
-13
11
-18
18
-5
-4
2
-1
-6
17
-17
5
-1
2
10
-28
33
-26
-17
102
-159
176
-321
291
55
-57
123
-341
-140
16
477
70
-294
885
-1716
516
246
265
-85
-211
178
0
102
-171
280
-495
696
-1030
1109
-481
46
155
-581
780
-670
410
-128
15
241
-577
391
-194
194
3
-97
45
-33
5
-2
22
-9
1
-3
-5
-1
5
1
-2
-2
6
-10
17
-18
8
-6
4
-5
4
-3
2
-3
1
-2
1
-2
3
-3
2
0
-6
5
-4
3
-2
-2
0
0
0
-3
4
-6
5
-1
-2
1
-4
2
-1
2
-2
2
-2
2
-5
3
-4
5
-9
16
-17
9
-7
1
3
-2
-5
0
5
3
-1
7
-22
1
-4
32
-46
96
-5
-195
195
-391
576
-241
-15
127
-411
668
-781
580
-157
-46
480
-1109
1029
-697
493
-282
169
-107
0
21
-107
119
66
-374
106
433
-193
-218
164
166
-316
103
85
-42
-70
180
-321
374
-214
-57
152
-108
31
-22
39
-7
-11
-4
22
-7
-22
16
3
0
-3
3
-24
39
-12
-21
16
-3
1
-2
0
1
0
1
1
-2
-1
1
0
-2
-2
3
-2
-3
2
1
-2
0
0
0
1
-2
-2
2
2
-5
2
1
-1
-2
1
1
-2
-1
-1
-2
0
3
-2
2
-16
19
12
-38
23
-4
1
1
-4
-17
21
7
-23
4
10
7
-40
22
-32
108
-153
57
213
-375
321
-181
69
42
-86
-106
314
-167
-167
217
193
-433
-108
374
-67
-123
106
-26
0
-140
156
-267
449
-196
-165
208
-13
-266
235
89
-272
281
-187
-14
202
-46
-298
75
410
-413
-13
219
-88
-6
37
-37
14
23
-18
-6
2
3
-6
3
-3
12
-17
8
-2
4
-8
7
-5
5
-2
-11
6
15
-3
-17
-9
15
17
-14
-19
19
6
-10
-2
-3
4
-1
0
1
-4
2
2
9
-6
-19
18
15
-17
-15
7
16
2
-16
-7
10
1
-5
4
-8
8
-4
1
-9
16
-12
3
-4
5
-5
-2
3
18
-23
-14
38
-38
5
87
-219
12
412
-410
-75
297
46
-203
13
186
-281
270
-91
-236
264
12
-210
163
193
-451
266
-157
136
0
186
-51
-274
392
-221
264
-254
-192
366
-270
144
93
-62
-174
198
-126
74
-150
358
-134
-303
301
-157
93
-57
22
47
-58
-4
3
15
12
-13
1
1
2
-1
-2
11
-14
8
-8
5
-2
-4
2
-3
-5
4
7
2
6
-2
-11
-1
1
-9
7
-4
0
0
0
1
0
-2
0
-1
-1
2
-8
8
-2
-1
10
2
-6
-2
-7
-5
4
2
-3
3
1
-8
7
-7
13
-12
3
1
-2
-2
-1
12
-12
-16
-3
3
57
-46
-22
56
-94
158
-302
303
132
-358
150
-75
125
-200
172
61
-94
-146
269
-368
191
253
-264
220
-394
271
50
-191
0
-171
106
56
-87
-15
478
-662
159
117
-109
107
-91
166
-198
128
-65
79
34
-315
164
6
146
-47
-22
-48
22
-7
10
-24
41
-16
-5
-1
5
-6
1
-1
1
2
7
-16
6
2
-8
15
-15
11
-4
-2
4
-9
16
-22
17
-9
1
2
0
-2
-1
4
-4
1
0
-1
3
-4
0
2
-1
-2
-2
8
-18
22
-16
8
-5
2
4
-13
15
-16
8
-3
-7
14
-8
-2
-2
-1
-2
5
-5
1
4
16
-43
23
-10
7
-21
50
21
48
-145
-7
-165
314
-34
-79
65
-129
197
-168
90
-110
108
-118
-160
661
-480
15
87
-59
-107
165
0
30
-128
369
-309
-256
554
-464
312
-196
10
213
-179
-17
64
34
-105
223
-124
-167
150
-64
92
-59
-10
35
-23
39
-39
-3
25
-5
-7
-4
5
-3
2
-3
12
-23
3
11
-4
1
-3
3
-2
1
0
3
-3
-1
-1
0
-3
1
-2
0
0
-3
2
-1
-2
1
0
-1
1
0
-3
2
-2
-1
2
-4
3
-1
1
-1
2
-3
0
-2
1
-3
2
-2
4
-12
-4
22
-14
2
-2
1
-7
3
7
5
-25
2
39
-39
23
-37
8
60
-91
65
-151
167
124
-223
105
-36
-66
16
177
-213
-12
194
-313
465
-553
256
307
-373
127
-35
0
116
15
-25
-205
303
-252
116
43
-65
17
-5
-13
59
-74
44
9
-97
158
-72
-60
63
-31
-2
39
-24
-15
29
-19
2
-1
4
-2
0
-1
-1
0
1
1
-3
4
-3
-2
0
0
1
-2
0
2
-3
2
-2
-1
2
-3
1
-1
-1
1
0
-2
2
-2
1
0
-1
2
-3
2
1
-2
-1
0
-2
3
-3
0
2
-2
1
-2
-1
1
-1
0
-1
1
2
-5
3
-1
-1
0
1
0
-2
1
-5
1
-3
18
-31
15
23
-39
1
31
-63
59
72
-157
96
-9
-45
72
-60
11
3
-17
64
-44
-116
251
-304
203
22
-16
-120
0
-6
35
-11
-53
67
-69
89
-78
22
33
-45
16
-2
6
0
-10
8
0
-7
17
-15
-4
10
-5
3
-3
-1
1
4
-4
3
1
0
0
0
0
0
-1
2
-1
-1
0
-1
-1
1
0
1
0
-1
1
-4
2
0
-1
-1
-1
-1
0
0
0
0
1
0
0
0
-1
0
0
-1
-1
-1
0
-1
0
-1
-2
2
-2
-1
0
-1
-1
0
0
-1
0
1
-1
-1
0
-1
0
-1
-1
0
-2
-2
6
-4
-1
1
1
-3
4
-9
3
14
-17
6
-2
-8
10
-1
-8
1
-17
44
-34
-25
77
-90
68
-69
53
8
-38
1
0
-12
11
2
-19
1
-4
44
-41
11
10
-21
15
-15
14
-9
12
-14
6
9
-8
-2
4
-3
3
-2
-1
4
-4
1
0
1
0
0
0
0
-1
0
0
1
-1
0
-1
-1
0
0
0
0
1
0
0
-1
-1
0
0
0
-1
0
0
-1
0
0
0
0
0
0
-1
0
0
-1
0
-1
0
-1
-1
-1
0
-1
0
-1
-2
-1
0
-1
-1
-1
0
-1
1
0
-1
0
0
-2
-1
0
-1
0
0
-2
4
-5
1
2
-4
3
-5
2
8
-9
-6
13
-13
8
-15
14
-17
19
-12
-13
40
-45
4
-3
17
-5
-13
8
0
1
-6
7
-14
32
-47
43
-12
-8
1
8
-13
-1
13
-4
-7
7
7
-15
11
-16
15
-7
0
-2
2
-4
4
-3
1
-1
0
0
-1
0
-1
-1
-1
2
-1
-2
0
-2
2
-2
0
0
0
0
0
0
1
-3
1
0
0
-1
0
0
-2
0
-1
0
0
-1
0
-1
0
-1
0
0
-2
0
-1
1
-2
0
0
-1
0
-1
0
0
-2
0
0
0
-1
-2
2
0
0
-1
1
-1
0
0
-1
1
-3
2
-2
2
-1
6
-17
15
-11
14
-8
-6
7
3
-14
0
12
-9
-3
6
12
-44
46
-32
13
-9
4
-5
0
-11
13
-21
39
-40
4
15
2
-4
-9
10
-17
12
0
-5
0
5
-3
2
-6
3
7
-6
-1
-1
0
1
-1
0
-1
0
-1
-1
-1
0
-1
0
0
-1
1
0
0
1
0
-1
0
-1
0
0
-2
-1
0
-1
0
-1
0
-1
0
-1
-1
-1
0
0
0
0
0
0
0
0
-1
0
-1
0
-1
0
-1
-1
0
-1
0
-1
0
-1
0
-1
0
0
-1
1
1
0
1
-2
1
-2
0
0
0
-1
2
-1
-1
0
0
5
-7
-3
5
-3
1
-5
0
4
0
-14
16
-12
8
2
-3
-17
-5
39
-40
18
-14
6
0
-10
11
-31
55
-44
19
-3
-6
6
-2
-6
8
-3
-5
-1
5
-5
3
-2
2
-2
1
-1
-3
4
-2
-1
2
-2
0
1
-1
-2
-1
0
0
0
-1
0
0
-1
0
1
0
0
0
1
0
-2
0
-1
1
-2
0
2
-2
1
0
-1
0
0
-1
-1
0
0
0
-1
0
0
-1
-1
1
-2
0
1
-1
0
0
1
-1
-3
0
-1
0
-1
0
0
-1
0
1
0
0
-1
0
0
0
-1
-1
1
-1
0
2
-5
3
2
-1
1
-2
2
-3
5
-6
0
3
2
-9
4
1
-7
5
2
-21
42
-56
28
-12
5
0
-2
0
-20
31
3
-11
3
-8
-3
14
-21
13
0
-11
8
-4
2
-2
8
-8
5
-3
2
-2
-2
0
1
-1
-2
1
-1
0
-1
1
-2
0
1
-1
0
-1
-1
0
1
0
-1
-1
0
-1
1
-2
0
1
-2
0
-1
0
0
0
0
-1
0
-1
0
0
0
0
0
0
0
0
-1
0
0
-1
1
-1
-1
1
-2
0
0
0
0
0
-1
-1
0
0
-1
0
-1
-1
0
-1
1
0
0
-1
1
0
0
0
0
1
-2
2
-5
8
-8
1
-2
3
-9
10
-3
-16
18
-16
2
7
-5
11
-4
-33
19
-1
-1
0
-1
0
2
1
-2
-2
2
4
1
-1
-2
-2
-1
0
0
1
0
0
1
1
0
-2
-1
1
0
0
-1
0
1
0
0
0
0
0
0
0
0
0
0
-1
0
-1
-1
0
1
-1
0
0
-1
-1
-1
0
-1
-1
-1
-1
0
0
0
0
0
0
-1
0
0
0
-1
0
0
-1
-1
-1
0
-1
0
0
0
0
0
0
0
-1
-1
0
0
-1
-2
-1
-1
0
0
-1
-1
0
-1
-1
0
0
0
0
1
0
-1
-2
0
1
0
-1
-2
0
0
-1
-2
-2
0
1
0
-1
-3
-5
-3
1
1
-2
-2
-1
-1
