-5
-9
-1
-9
1
-2
-9
8
-16
4
1
-6
-6
1
-7
21
-4
-22
11
-5
30
-51
15
4
1
-3
0
-3
1
3
-11
1
6
-1
0
-3
5
-3
-6
10
2
1
-4
2
0
-1
1
0
-2
-2
0
-1
0
-3
3
-2
-2
1
-1
-2
-2
-1
-1
-1
0
-1
1
0
-1
0
0
1
-1
1
3
-3
0
1
1
0
-1
-1
3
-1
0
3
-5
2
2
10
-6
-5
6
-3
0
-1
6
2
-10
4
3
-2
2
-3
3
6
17
-51
32
-3
10
-22
-4
24
-5
2
-3
-3
4
8
-15
10
-6
2
4
-2
4
-1
-6
-6
-4
-9
-1
-6
6
-5
-10
2
-10
20
-29
18
-22
1
8
7
-39
44
-9
-22
11
-11
8
-2
-9
12
-2
-14
15
1
-19
15
-9
1
8
0
-14
16
0
-11
9
-10
12
-6
-1
2
-3
3
-2
1
-6
2
-2
0
-1
-2
0
0
-1
-1
-1
0
0
0
0
0
-1
1
1
-1
-1
1
-1
4
-4
1
-2
3
-2
3
1
-6
12
-10
11
-11
0
17
-15
-1
8
1
-9
16
-19
1
15
-13
-1
15
-8
-1
10
-9
13
-20
-8
44
-39
8
9
3
-18
21
-25
24
-7
5
-8
-2
12
-2
3
-1
1
2
-9
-6
-5
-12
12
-12
-38
91
-77
12
-4
6
30
-97
80
-21
24
-45
-10
47
-64
66
-29
-10
4
11
-16
5
7
-18
-13
26
-8
17
-25
6
11
-23
16
17
-32
21
-13
7
-4
7
-8
4
2
-7
3
0
-3
2
0
1
-1
-8
9
-6
0
-1
0
-1
0
-1
0
-1
0
-4
9
-7
0
2
1
2
-2
0
4
-6
3
4
-9
8
-3
8
-13
21
-33
17
16
-23
11
6
-24
19
-8
26
-11
-17
8
7
-14
13
5
-9
-27
68
-64
48
-8
-45
25
-17
83
-93
34
9
-1
14
-75
95
-34
-7
15
-3
1
3
-9
-5
-2
-5
-13
9
-32
64
-68
21
-7
5
-6
-20
75
-57
-72
106
-73
15
77
-81
9
-12
24
-17
-7
24
-24
-2
16
0
-6
5
-10
4
6
-33
66
-40
-25
29
-11
16
-12
7
-7
4
-3
4
-5
3
-8
-3
9
-3
-2
-4
3
0
-2
-1
1
-1
-1
0
1
-1
-2
1
3
-4
-1
-2
9
-3
-6
4
-5
4
-2
5
-7
9
-12
16
-12
29
-26
-38
66
-34
6
4
-9
7
-6
1
18
-1
-23
25
-5
-15
25
-9
10
-79
77
15
-72
107
-71
-54
78
-16
-3
9
-3
25
-66
67
-28
11
-9
3
3
3
-7
-8
-2
-3
-11
13
-23
-4
14
-1
-12
-17
16
29
-27
-15
29
-40
-6
58
-51
16
-20
11
7
0
-10
-5
13
-8
-16
16
28
-49
31
3
-37
33
-3
7
-54
71
-41
16
-11
9
-2
1
0
-7
7
-9
4
-2
1
-6
8
-8
3
-3
-1
2
-2
-1
0
-1
-1
2
0
-3
4
-6
9
-5
2
-1
5
-8
9
-6
1
1
-3
10
-11
16
-41
70
-54
7
-2
33
-37
1
31
-50
28
17
-15
-8
14
-4
-8
1
8
13
-18
16
-51
60
-6
-39
30
-13
-24
30
19
-14
-9
3
15
0
-20
16
-9
4
2
2
-10
-4
-2
-4
-6
-29
53
-63
43
-25
12
9
-20
-30
37
-9
-26
26
-2
-16
3
28
-47
16
-3
34
-52
15
10
20
-41
19
-14
16
-12
28
-45
26
-4
-25
11
41
-33
-1
11
-6
2
-2
-1
1
3
-10
6
-3
-2
13
-19
18
-12
-2
6
-3
-1
0
0
1
-1
-2
7
0
-12
20
-18
14
-1
-2
7
-10
3
2
0
-2
2
-5
11
0
-34
44
12
-24
-4
25
-44
29
-11
16
-14
20
-40
21
10
16
-51
36
-2
17
-45
29
4
-15
-1
28
-25
-6
41
-28
-17
13
16
-23
45
-58
57
-23
-3
3
3
3
-7
-9
-1
-3
-20
14
6
-34
17
-8
-8
13
8
-25
15
-30
43
-36
-9
34
-39
2
40
-34
6
5
-18
0
35
-68
48
12
-34
0
16
-12
16
2
-45
81
-63
23
-11
6
4
-3
1
1
-2
3
-4
-1
1
-1
-5
-2
4
0
-6
6
-3
-1
-3
0
-1
1
-2
-1
-3
7
-6
2
5
0
-3
0
1
1
-4
4
-1
0
1
-3
4
6
-11
22
-63
80
-43
3
16
-12
16
2
-34
12
48
-67
36
0
-16
6
7
-32
41
2
-37
35
-8
-36
44
-27
19
-23
11
16
-6
-5
20
-30
11
18
-16
4
3
0
-12
-5
-5
0
0
-32
16
18
-19
-5
-12
12
-2
36
-72
19
20
-4
-49
62
-8
-38
8
39
-45
3
27
-24
1
19
-27
-3
3
15
5
-21
16
-26
56
-65
25
2
0
0
1
-1
1
2
-5
8
-9
1
4
-8
3
-9
12
-8
0
3
-3
-4
1
-2
-1
0
1
-3
-2
3
0
-7
13
-7
4
-6
5
1
-9
9
-4
2
0
-2
1
2
1
3
25
-64
56
-25
16
-20
6
16
3
-4
-27
19
3
-23
28
4
-43
40
10
-37
-7
63
-48
-3
21
22
-67
39
1
15
-9
0
-17
22
20
-27
4
7
0
4
-10
14
-28
-1
-17
17
15
-22
-43
46
-24
20
3
-1
-67
29
25
-41
60
-2
-76
59
-16
1
4
-11
-2
16
-40
27
2
14
-27
13
-7
-3
13
-11
4
2
5
-13
7
0
1
-1
-4
2
-4
3
2
-6
-2
1
0
-4
0
-1
1
-4
4
-3
-1
1
-2
1
0
-2
4
-3
2
1
1
-2
3
3
-1
-4
3
4
-3
3
-3
0
1
1
7
-12
5
2
4
-12
13
-3
-7
14
-27
15
2
28
-39
17
-1
-10
6
2
-14
60
-76
-1
60
-40
26
31
-64
2
6
24
-22
50
-41
-19
18
21
-13
8
-24
22
34
-130
135
-18
-17
11
-48
38
-47
5
42
-39
19
19
-21
-54
31
19
-41
29
64
-107
23
16
5
-3
3
-21
-7
7
29
-32
23
-12
-2
-7
4
11
-4
-7
11
-14
5
1
-2
-1
3
2
-4
1
-2
0
2
-1
0
-3
7
-10
0
1
0
-1
0
-1
0
-1
1
0
1
2
1
-9
7
-3
2
-1
2
1
-1
1
-3
1
3
0
-2
1
6
-13
12
-5
-4
11
4
-7
-1
-13
23
-31
30
8
-6
-21
4
-3
7
17
25
-105
65
30
-40
18
32
-51
-17
23
23
-37
45
7
-45
41
-44
14
-14
-10
139
-123
-82
167
-200
140
-207
35
244
-143
-93
242
-447
300
254
-694
472
106
-321
24
316
-291
-124
422
-119
-250
202
-60
0
32
-35
3
20
-38
26
-5
-4
4
-1
2
0
-26
22
7
-5
-1
-1
0
2
-2
1
-3
2
0
-3
3
-1
-3
2
-2
0
1
-3
0
-1
0
0
-1
0
1
-3
3
0
-2
3
-2
0
4
-2
1
3
-2
2
-2
3
1
0
0
-6
7
23
-25
1
4
-1
5
-3
-4
26
-37
21
4
-34
33
1
-60
203
-249
-117
424
-124
-289
317
25
-320
110
475
-690
257
303
-444
245
-91
-139
248
38
-204
148
-195
176
76
-162
73
41
166
-408
464
-476
163
145
-27
-140
207
-252
184
-83
39
-49
-45
215
-242
110
30
-124
117
-43
7
-16
3
16
-31
31
-17
3
-3
2
-1
3
-7
10
-3
-5
9
-6
1
1
-1
-1
-1
0
-2
-6
6
-2
-6
-1
10
-13
1
3
-2
-1
0
0
0
0
0
-1
-1
4
2
-11
11
0
-4
-1
6
-4
0
2
0
-1
0
3
1
-6
9
-5
-3
11
-7
5
-1
4
-2
3
-17
31
-30
16
3
-15
7
-40
118
-124
32
111
-242
217
-46
-48
40
-80
187
-249
210
-136
-24
149
164
-473
468
-404
170
49
78
-153
-65
84
-101
-134
320
80
-132
-379
226
132
2
-168
-169
138
293
-256
-27
103
-13
-136
234
-106
-84
54
56
-53
-9
35
-39
35
-33
11
9
-10
2
0
-3
5
-9
0
15
-4
-5
3
1
-2
1
1
-2
2
-1
-3
-1
5
-4
-5
7
-2
-3
2
-1
-1
0
-1
1
1
0
0
-1
3
-5
-3
8
-4
-3
4
0
-2
-1
4
-1
1
2
-2
2
3
-5
-5
14
0
-8
5
-2
0
4
-9
9
12
-33
36
-38
35
-8
-51
57
55
-83
-104
234
-136
-12
104
-26
-252
296
142
-166
-166
7
134
228
-374
-128
84
323
-126
-96
92
-47
43
45
-231
317
-385
784
-1127
647
-214
266
-520
786
-549
237
-275
240
-203
210
-83
-82
79
-66
93
-96
48
13
-16
2
3
-1
-16
11
-1
0
-2
0
4
-6
2
-8
11
-3
2
-1
-1
1
-1
1
-3
1
-2
-2
4
-10
15
-19
17
-9
2
0
-3
-1
-1
1
-1
0
-3
2
2
-9
17
-19
16
-8
5
-1
-2
2
-3
2
-1
1
-1
0
2
-3
10
-8
3
-5
5
0
-1
2
0
11
-15
0
2
3
-15
14
50
-94
94
-64
79
-81
-82
211
-202
241
-273
241
-545
789
-516
269
-212
648
-1123
787
-382
320
-224
51
51
82
-177
147
-49
-106
279
678
-1599
840
-80
214
-316
-157
319
-12
-231
93
85
84
-329
328
-37
-52
-56
84
-91
71
-51
39
-38
3
12
9
-11
1
1
-2
1
6
0
-10
7
-5
4
0
0
0
1
-3
-1
0
-2
0
0
-1
-4
0
1
0
-2
-3
1
0
-1
-1
1
0
0
-1
-1
2
3
1
-4
0
1
0
-1
0
1
-2
2
0
1
0
3
-4
8
-10
1
7
0
-1
2
2
-11
9
13
5
-38
40
-49
71
-89
85
-55
-51
-36
329
-328
84
86
94
-227
-9
322
-154
-314
218
-77
842
-1595
681
283
-103
-43
152
-169
-91
173
-242
281
-280
-146
781
-852
194
196
210
-552
-16
490
-335
-32
379
-385
-27
305
-105
-182
162
36
-95
50
0
-36
33
-22
-2
17
-17
5
-2
1
-2
3
4
-11
4
3
0
-4
3
2
-4
3
-4
3
-3
-1
4
-5
1
1
-8
5
-3
0
-1
-1
0
0
1
-1
1
-1
0
0
-2
6
-7
3
4
-5
5
-2
-2
4
-3
3
-3
2
2
-5
0
4
4
-10
4
4
-1
2
-1
6
-17
18
-2
-22
33
-32
1
50
-94
38
161
-181
-104
307
-26
-384
380
-28
-331
493
-13
-550
213
199
196
-848
783
-141
-278
289
-236
181
37
-80
36
201
-451
290
116
-199
-19
-117
368
-441
381
-35
-201
91
-65
145
-299
382
-167
-28
-13
72
-73
4
53
-28
-55
53
13
-33
20
-20
4
5
-3
1
2
-6
-1
10
-5
-1
2
-5
3
1
-4
0
3
-5
-2
4
-5
-2
4
-7
6
-3
-2
2
-2
0
0
0
-1
2
-2
-1
6
-8
5
-1
-4
6
-1
-5
4
1
-3
1
3
-3
3
2
-7
9
-1
-7
3
2
-3
5
5
-19
20
-32
14
55
-54
-25
54
6
-72
74
-12
-26
-166
383
-299
147
-64
95
-197
-33
384
-437
371
-115
-17
-194
118
295
-447
208
40
-71
21
-69
155
-89
-129
146
-558
899
-357
-95
26
111
-174
66
72
-2
-171
160
-101
2
72
-8
31
-76
19
-2
-13
32
-41
18
15
-19
11
-16
10
-2
0
-3
-5
14
0
-1
-4
1
0
3
-5
1
0
-2
2
-3
-2
0
0
1
3
-9
2
-1
2
-1
0
-1
0
0
0
0
3
-1
2
-10
4
1
1
2
-2
-2
4
-1
1
3
-4
3
0
2
-5
-2
1
13
-5
-2
1
-1
10
-15
11
-19
16
19
-41
32
-11
0
20
-74
33
-6
72
3
-100
160
-170
1
75
69
-170
114
29
-92
-355
903
-553
149
-126
-81
160
-59
-91
140
-80
-167
289
-223
-775
1535
-719
212
-562
608
-126
-477
595
-411
415
-475
272
26
-305
380
-229
102
-42
6
-30
19
-15
33
-37
28
-11
0
1
-1
-1
5
-12
11
11
-16
7
-4
3
-3
3
-1
-3
2
-3
0
-2
-1
2
-7
7
-13
14
-10
5
-2
1
-1
-1
0
0
-3
5
-10
13
-13
8
-6
3
-1
-1
1
-3
3
-2
0
4
-2
3
-5
7
-15
12
10
-12
4
-2
-2
1
1
-11
28
-36
34
-14
21
-29
7
-40
103
-228
381
-304
27
273
-473
416
-408
599
-474
-122
611
-560
216
-717
1540
-771
-220
292
-161
-74
148
84
-189
72
-88
336
81
-1236
1648
-593
-28
-348
491
-151
-332
399
-188
43
-9
-28
33
-83
138
-114
61
-13
-22
31
-24
29
-34
18
1
-13
1
2
1
-1
0
1
-24
38
-8
-16
8
4
-1
0
0
-1
0
0
-1
-3
-1
0
2
-6
0
2
-7
3
0
-1
0
-1
0
0
0
3
-7
4
3
-5
3
1
-1
-1
1
0
0
0
1
-1
0
5
7
-16
-8
38
-24
1
1
-1
1
2
3
-13
2
20
-32
31
-24
31
-20
-11
63
-113
140
-83
35
-27
-7
44
-185
401
-329
-148
495
-345
-25
-591
1652
-1232
86
340
-80
75
-180
-74
143
-234
158
145
-610
-218
1487
-1017
116
86
-61
-39
-53
173
-25
-111
-120
368
-72
-245
76
118
-90
-29
24
6
-15
12
14
-46
34
-2
-4
-5
4
1
-1
-11
13
18
-34
8
10
-4
0
-7
7
13
-7
-20
-2
19
8
-21
-12
20
4
-8
-3
-3
7
0
-3
0
-3
0
6
-2
-2
-7
4
20
-11
-20
10
20
-1
-18
-8
14
8
-7
0
-3
11
9
-33
18
15
-9
0
1
5
-5
-3
-2
35
-45
15
14
-14
6
26
-29
-89
120
78
-243
-73
370
-119
-110
-21
177
-50
-36
-58
90
120
-1015
1491
-215
-606
148
166
-229
152
6
-35
53
70
-442
796
-1228
1297
-549
-157
337
-329
257
-249
193
-52
52
-333
569
-483
329
-318
275
-118
-32
43
-12
-9
7
-16
48
-52
13
9
-8
0
1
-1
0
15
-18
11
0
-3
2
3
-2
2
-5
-13
8
-2
5
8
3
-5
0
-6
1
1
-9
4
-2
0
0
0
-1
6
-7
3
2
-6
1
-5
3
7
5
-1
9
-12
-4
1
-2
4
2
-3
1
10
-18
14
-1
-1
1
2
-8
9
13
-51
49
-15
8
-8
-10
45
-30
-118
278
-317
331
-481
569
-331
53
-49
197
-247
261
-324
339
-154
-548
1302
-1224
801
-439
77
58
-28
56
-131
240
58
-361
-285
305
252
-26
73
-137
-123
-74
249
-89
-68
-38
-122
410
-219
158
-220
42
16
16
-15
-1
29
-34
34
-40
11
0
3
1
-6
3
3
-7
7
-13
6
5
-6
8
-7
1
8
-14
11
-9
9
-9
2
6
-16
13
-10
6
-10
6
0
-2
-1
-1
0
0
1
6
-9
7
-8
14
-15
8
4
-9
10
-8
14
-13
8
1
-6
8
-5
5
5
-12
7
-5
3
4
-5
2
4
0
13
-40
34
-34
30
0
-15
18
17
44
-219
157
-219
410
-120
-37
-64
-86
252
-71
-120
-133
75
-24
255
310
-281
-358
65
243
-121
-126
211
-233
318
-713
709
-111
-332
301
-288
293
-214
114
-4
-30
-74
65
22
-138
282
-274
107
7
-36
51
-48
17
-14
19
4
-50
32
1
-5
2
-1
-1
0
4
-2
-3
-3
6
-2
0
-2
1
0
-1
1
-1
0
-1
0
-4
3
-4
2
-1
0
-1
-4
2
-1
0
0
3
-3
0
1
0
2
-4
5
-2
0
0
0
0
2
0
-1
1
-2
0
-1
7
-3
-3
-3
4
1
0
0
2
-4
1
32
-49
4
21
-14
18
-47
53
-35
7
108
-272
284
-137
25
66
-70
-26
-1
117
-211
295
-286
303
-327
-108
713
-710
326
-227
219
5
-90
16
385
-690
499
-27
-248
62
211
-315
184
3
-43
-16
20
27
-58
63
-28
-36
38
1
-33
25
-4
-4
6
-7
-17
14
0
-2
0
1
0
0
-1
-1
-2
3
0
0
0
0
2
-1
-1
-1
2
-3
2
-3
1
0
-4
1
-1
-3
3
-3
0
0
-1
0
-1
0
1
-2
3
-1
0
3
-3
0
3
-2
4
-3
2
0
0
-2
1
0
0
-1
1
3
-1
0
0
0
0
1
2
-2
-1
16
-16
-5
7
-1
-3
26
-33
2
40
-35
-27
65
-56
28
24
-13
-40
5
186
-312
213
64
-246
-23
503
-686
392
22
-82
69
-92
45
21
-53
-3
61
-63
10
-8
1
19
-21
7
-15
5
-8
14
-30
35
-31
17
-10
3
-2
4
-2
-5
-2
1
0
-3
1
1
-1
1
0
1
1
1
0
0
1
0
-1
1
-1
0
-3
1
-2
-1
1
-3
1
-1
-2
0
-2
0
-1
0
0
-1
0
0
1
-1
0
0
-1
0
-1
0
2
-2
1
0
-1
2
-2
1
-1
0
0
-1
0
0
0
0
1
1
1
2
-1
0
1
-1
1
2
-1
-3
-1
5
0
3
-10
20
-31
35
-29
15
-7
7
-11
10
-18
23
4
-5
12
-59
64
1
-50
28
49
-84
-13
0
-11
-26
25
38
-41
-52
55
-16
-20
30
-17
-7
2
-7
-1
3
-6
4
4
-11
5
1
-7
5
-5
-1
0
-3
1
-2
0
0
0
0
0
0
1
-1
1
0
0
0
0
0
-1
-1
0
-2
0
0
-2
-1
1
-1
0
-1
-2
-1
0
-1
0
-1
0
0
1
0
0
1
-2
1
0
-1
2
-1
-1
0
0
0
1
0
0
0
1
0
1
-1
1
-1
1
-1
0
0
0
1
0
-2
2
-2
1
0
-3
6
-6
2
7
-10
5
4
-5
3
0
-6
7
-3
-14
34
-17
-13
57
-48
-38
41
29
-20
-7
7
2
-18
4
-28
60
-77
67
-79
58
-34
12
8
-13
-9
10
-11
6
3
-27
30
-6
-8
-2
-4
7
-6
0
-2
0
1
-4
-1
1
-2
1
0
-1
0
0
-1
0
-1
1
-1
1
0
-1
1
-1
-1
0
-2
0
1
1
0
-1
0
0
-1
-1
0
-2
1
0
0
0
1
0
0
0
1
0
0
1
1
0
-1
2
-1
-1
1
0
1
1
-2
1
-1
0
0
0
0
0
1
2
-1
1
0
-3
2
1
-1
1
-6
8
-3
1
-6
-6
31
-26
4
7
-8
14
-6
-10
11
17
-32
61
-77
70
-73
64
-21
9
-10
1
-15
2
-17
25
-9
-6
-29
16
7
-6
-12
5
-11
11
-6
-6
7
-14
18
-18
8
-7
6
-5
-4
3
-1
0
0
-3
2
0
-1
0
1
0
0
-1
-1
0
0
0
2
-1
0
-1
0
-1
0
1
-1
0
1
-2
0
-1
0
-1
0
-1
0
-1
-1
0
0
-1
0
0
0
-1
0
-1
0
-1
2
0
-1
0
0
0
1
-1
1
0
0
0
0
1
0
0
0
0
0
1
0
0
2
-3
0
1
0
2
-2
-3
8
-6
10
-17
19
-13
8
-5
-2
13
-6
8
-8
-4
11
18
-26
-2
-6
28
-9
7
-7
-14
0
-3
-7
-5
-13
28
-39
7
7
8
-35
20
-9
2
-2
0
-3
1
-11
3
11
-15
7
-4
0
-3
1
-1
-1
-2
0
0
1
0
-2
0
0
-1
0
0
1
-1
0
0
-1
-1
0
-1
-1
-1
0
-1
-1
0
1
0
-1
-1
0
0
-1
-1
0
-1
-1
1
0
0
-1
1
0
0
0
1
-1
0
1
-1
0
0
1
0
0
1
0
0
0
0
0
0
0
1
0
0
1
0
1
-1
-2
-1
2
-1
0
-3
9
-13
11
5
-10
2
-2
1
2
6
-5
23
-33
11
11
9
-34
32
-9
-2
1
2
8
-14
0
-4
-9
-14
35
-5
-53
26
1
-1
-13
-1
-1
0
-2
2
-5
-2
6
-5
-3
3
1
-2
-2
2
-1
-1
-1
0
-3
0
0
1
-1
1
0
1
0
1
0
2
0
0
0
0
0
-1
-1
0
-2
-1
-1
0
-2
-1
0
-2
-1
-1
-1
-1
-1
0
-1
0
0
0
0
0
1
0
0
1
-1
1
0
0
0
0
1
0
0
1
1
1
-1
2
-1
2
-1
1
-1
2
1
0
-2
1
-1
0
1
2
-2
-1
3
3
-2
-4
7
-2
-4
3
1
4
1
2
-9
2
5
28
-51
-1
39
-11
-2
0
8
-2
-4
-6
-4
0
-2
-5
-5
-2
-1
0
-1
-2
-3
-3
-2
-1
0
-2
-2
-1
0
0
-2
-2
-1
0
-1
-2
-1
0
-1
0
0
0
0
0
0
0
0
0
1
1
0
-1
0
1
0
-1
-1
0
-1
-1
-1
0
0
-2
-2
-1
-1
-1
0
0
0
-1
0
0
0
0
-1
1
0
-1
1
0
0
-1
0
0
0
0
0
-1
0
0
0
1
1
0
0
0
0
1
1
0
0
0
-1
0
-1
-1
0
1
1
-1
0
1
2
1
-1
-1
0
0
0
0
-1
0
2
2
3
0
-3
-1
2
2
0
-1
1
