0
-2
2
-3
1
-3
6
-10
15
-15
4
6
-7
-6
7
4
-6
-2
12
-8
-3
7
-3
-3
10
-10
3
1
-3
3
-1
0
0
0
0
0
0
0
0
0
0
-1
0
1
-1
0
0
0
-1
0
0
0
0
0
0
-1
-1
-1
-1
-1
1
0
1
-1
0
0
-1
0
-1
0
-1
0
1
1
0
-1
-1
0
-1
0
0
0
0
0
0
-1
-1
0
0
-1
-1
-1
0
-2
-1
-1
0
0
2
-2
3
-1
-4
8
-11
4
3
-7
3
7
-12
1
5
-4
-8
6
6
-8
-6
14
-16
8
-6
3
-2
0
-4
-2
0
-1
-1
-2
2
-6
8
-9
7
-10
12
-5
-8
11
-7
9
-5
-2
-1
4
6
-8
-1
5
1
-2
0
0
1
-2
2
1
0
0
-1
-1
0
1
-1
-1
0
0
0
-1
0
-1
1
0
-1
-1
-1
0
0
1
0
0
0
-1
0
0
0
-1
0
-1
0
0
0
0
-1
0
0
0
0
0
0
0
0
0
0
-1
1
-1
-1
0
0
-1
-1
-1
-1
-1
-1
-1
-1
-1
0
-1
0
0
-3
2
-1
0
-3
3
-1
-4
0
9
-6
-4
0
3
5
-9
6
-12
7
4
-14
8
-7
8
-9
4
-4
-1
0
-4
0
-2
2
-3
2
-3
3
7
-17
6
6
-4
-9
14
-14
3
6
-2
8
-15
12
-4
-12
14
5
-8
4
-10
12
0
-2
0
1
-2
-1
-1
0
0
0
0
-1
0
-1
0
0
0
0
0
0
0
-1
1
0
-1
0
0
-1
-1
-1
0
0
0
-1
-1
0
1
0
0
1
0
1
-1
0
0
-1
0
0
0
0
-1
-1
-2
-1
-1
0
-1
0
0
0
-1
-1
-1
-1
-1
0
-1
-1
0
0
0
-11
10
-4
9
-7
-14
12
4
-12
14
-7
0
-7
-4
12
-15
8
2
-9
-7
16
-7
-2
1
-3
0
-3
-2
0
-3
2
-2
0
-3
3
-10
8
8
-15
3
9
-19
19
-14
6
-2
-4
1
7
-13
19
7
-18
-3
7
5
-4
0
1
0
1
0
-1
-1
0
-1
1
0
-1
0
-1
1
-1
0
0
0
0
0
0
-1
0
-1
0
-2
0
1
-1
0
0
-1
0
-1
0
0
-1
1
-1
-1
-1
-1
-1
0
-1
0
0
0
-1
0
0
-2
0
-1
0
-1
-1
-2
0
0
0
0
-1
-1
0
1
-1
0
-2
-1
4
-5
-6
2
18
-6
-19
15
-7
-2
3
2
-6
13
-21
18
-11
-5
14
-10
-8
8
-4
1
-1
0
-2
-2
0
-1
-3
3
-2
-2
4
-19
66
-73
29
-7
-7
21
-18
4
-3
-2
14
-13
1
4
-5
20
-34
7
8
2
-5
2
3
-2
-1
-1
0
1
0
1
-1
0
-1
0
-1
0
0
-1
0
1
-1
0
-1
0
1
0
-1
0
-1
0
0
0
0
0
-1
-1
0
0
-1
0
0
-1
-1
-1
0
-2
0
-1
-1
1
-1
-1
0
0
-1
0
0
-1
0
0
0
0
0
-1
0
-1
-2
0
0
3
-3
-2
6
-3
-8
-9
32
-21
5
-6
-1
11
-15
2
2
-6
16
-22
5
6
-31
71
-66
18
-4
1
1
-4
0
-4
0
-1
0
0
-4
7
-1
5
-40
39
-14
-1
-1
10
6
-32
33
-6
-37
44
-11
-26
20
32
-18
-29
10
9
1
-4
-1
0
0
0
0
-1
1
-1
0
-1
0
0
0
0
0
-1
0
-1
0
0
0
0
0
-1
-1
0
0
-2
0
0
-2
0
0
-1
0
0
-1
0
0
-1
0
-1
0
0
0
0
-1
-1
-1
-1
-1
0
-1
0
0
-1
0
0
0
0
-1
0
-1
0
0
0
-1
-1
0
2
-2
-9
-10
29
18
-33
-20
25
11
-45
36
5
-34
30
-8
-12
-1
-2
13
-40
40
-7
1
-9
2
-2
-2
-4
0
-1
-2
2
-1
-2
-5
-22
110
-125
62
-30
-8
42
-27
-2
4
-16
46
-42
15
15
-50
12
31
-22
16
-1
-11
3
0
1
-1
-1
0
0
-1
-1
0
-1
-1
1
0
0
0
-1
-1
0
0
0
0
0
0
0
1
-1
0
0
-1
-1
-1
-1
-1
-1
0
0
-1
0
0
-1
-1
0
-1
1
0
0
1
0
0
-1
-1
-1
-1
1
0
-1
-1
-1
0
-1
-1
0
0
-1
0
-1
1
-2
0
-3
12
-2
-17
20
-31
-14
49
-16
-16
41
-46
14
-5
-1
27
-43
6
29
-64
123
-111
22
5
1
-1
-5
0
-3
0
-3
3
-1
1
1
-4
-13
-22
101
-93
37
-32
32
-19
29
-41
20
-13
22
16
-54
38
-35
39
-8
-25
18
-1
-3
2
0
2
-2
1
0
-1
-1
-1
-1
-1
0
0
0
0
1
0
0
0
1
-1
0
-1
1
-1
0
0
0
-1
0
0
-1
0
-1
0
0
-1
0
-1
0
0
-1
-1
-1
-1
-1
0
0
1
0
-1
0
0
-1
0
0
-1
0
0
-1
0
-2
0
0
-1
1
-2
1
-1
3
1
-18
24
7
-40
35
-38
54
-15
-23
13
-21
40
-29
18
-32
30
-38
90
-103
22
13
4
-3
-3
-2
-3
-3
0
-3
2
0
-13
31
-83
68
95
-207
165
-75
31
-41
43
-34
11
25
-75
85
-20
-110
131
21
-64
-5
22
-15
6
-1
4
0
0
-1
-2
1
0
1
0
-1
0
0
-1
-1
1
1
-1
0
0
0
0
0
0
-1
0
-1
0
-1
-1
2
-1
0
0
-2
0
-1
-1
0
0
-1
-1
0
-1
-1
0
-1
-1
-1
0
0
-1
-1
-1
-1
0
0
0
-1
-1
0
-1
-1
-1
-2
1
0
0
0
-5
1
-5
15
-21
4
63
-21
-131
109
19
-85
75
-25
-12
33
-44
40
-32
73
-167
204
-96
-68
81
-32
12
-2
-4
-2
0
-6
10
-13
10
-91
404
-478
138
-81
192
-22
-92
2
19
16
-32
29
-1
-12
72
-112
11
26
1
7
-24
32
-16
13
-13
2
0
1
-1
0
0
-1
0
1
0
0
-2
0
0
0
0
1
0
0
0
1
-1
-1
0
-1
0
0
-1
0
0
0
-1
0
0
-1
1
0
-1
-1
0
-1
0
0
0
-1
0
0
-1
-1
0
1
0
-1
0
0
0
0
0
-1
0
0
-1
0
0
-1
0
-1
13
-13
16
-33
24
-7
-2
-28
-12
111
-72
11
1
-29
32
-18
-21
-3
91
19
-194
79
-139
477
-405
89
-11
11
-12
1
0
-11
24
-36
27
-123
671
-924
427
-284
393
-82
-122
4
30
9
-3
37
-19
-53
71
-97
82
27
-100
49
8
5
-2
0
-26
19
0
-2
0
2
-1
0
0
-1
-1
-1
0
-1
0
0
0
0
-1
1
-1
-1
-1
0
-1
0
-1
-1
0
0
0
0
-1
-1
0
-1
0
0
0
0
0
-1
-1
0
0
1
0
1
0
0
0
0
-1
0
0
-1
-1
0
0
-1
-1
0
0
-2
-1
1
0
-20
26
0
1
-5
-10
-49
99
-27
-82
97
-71
52
18
-35
2
-11
-31
-6
120
80
-394
281
-428
924
-671
123
-28
33
-25
7
0
0
9
-7
60
-50
-119
-52
207
52
-145
36
-2
-10
10
-13
9
26
20
-94
87
-48
14
-29
14
35
-32
19
-3
-3
-15
11
0
-1
1
-1
1
-1
0
-1
0
0
-1
0
0
0
0
0
0
-1
0
-1
-1
0
-1
0
-1
-1
0
-1
0
-1
-1
-1
0
0
0
-1
0
-2
1
0
0
0
-1
0
0
0
-1
1
0
-2
0
-1
0
-1
0
0
0
1
-2
0
0
0
-2
0
0
-12
13
2
3
-18
31
-36
-14
29
-15
46
-87
94
-20
-26
-9
11
-11
9
0
-37
142
-53
-207
50
119
49
-61
4
-11
-4
0
18
-35
18
-8
159
-511
559
-107
-177
-26
200
-81
-37
20
3
20
-54
40
27
-109
89
-4
25
-46
-4
10
13
1
-7
1
0
-2
1
-2
0
0
0
-1
-1
-1
-1
1
0
0
0
0
0
-1
0
-1
0
0
-2
0
-1
-1
-1
-1
0
-1
-1
-1
0
0
0
-1
0
0
-1
0
0
0
1
-1
0
0
-1
1
-1
0
0
-1
0
-1
-1
-1
-1
0
1
0
-1
-1
0
1
-2
2
-2
-2
7
-1
-13
-9
2
45
-24
4
-90
109
-29
-42
53
-21
-4
-21
35
79
-202
25
176
106
-559
511
-160
8
-21
34
-23
0
22
-64
33
25
-217
382
-244
248
-215
-80
136
29
-106
37
10
-4
-2
17
-75
121
-55
-5
4
-10
-9
17
6
2
-23
9
1
0
0
0
0
-2
1
0
-1
0
-1
1
0
0
-1
-1
-1
0
0
-1
0
-1
-1
0
0
1
0
0
0
0
0
-1
0
0
0
0
-1
0
-1
0
-1
-1
0
-1
-1
0
0
0
0
0
1
-1
0
-1
1
-1
-1
-1
-2
-1
-1
0
0
0
-1
0
-2
-10
23
-2
-8
-19
8
9
-6
4
55
-122
76
-17
2
4
-11
-39
104
-30
-138
79
213
-249
243
-383
215
-27
-35
63
-25
0
4
-18
-11
38
-343
837
-673
219
-90
-108
249
-89
-42
10
1
11
-33
99
-99
24
-21
32
26
-54
8
17
6
-9
-18
16
-1
0
-1
0
1
-1
-1
0
0
-1
-2
1
0
-1
1
-1
-2
0
1
-1
0
0
-1
0
0
0
0
-1
0
0
0
0
-1
0
0
0
0
1
-1
0
0
-1
0
0
-1
0
-1
-1
1
-1
-1
0
-1
1
0
-1
1
-1
-1
0
0
-1
-2
-1
-1
-1
0
-16
19
9
-8
-17
-9
53
-26
-33
20
-25
101
-99
32
-12
-3
-12
41
88
-250
105
89
-220
673
-839
343
-39
7
18
-9
0
-8
14
-46
103
165
-663
621
-247
-200
187
327
-264
24
-13
-43
63
-78
126
-142
129
-67
-17
20
6
-12
-3
5
8
-7
-6
9
-2
-2
1
0
0
-1
0
0
0
0
-1
0
0
-1
0
0
0
-1
0
0
1
-1
0
0
0
0
-1
-1
0
0
0
-1
0
0
0
0
0
0
0
0
-1
-1
-1
0
0
-1
0
1
0
-1
-1
1
-1
0
0
0
-2
-2
0
0
-1
1
-1
-1
2
-9
5
6
-8
-6
3
12
-6
-20
18
66
-129
142
-127
78
-63
40
12
-26
262
-330
-189
198
247
-622
662
-166
-104
44
-15
3
0
-29
50
-27
-47
-541
1508
-1104
305
-81
-13
-80
58
9
-17
17
-5
-64
81
5
-18
-6
5
13
-30
16
2
5
-22
-1
11
0
-2
0
1
0
-1
-1
1
-1
1
0
0
-1
0
0
-1
-1
0
-1
0
0
-1
0
0
0
1
-1
0
0
0
1
-1
0
0
1
-1
0
-1
-1
-1
-1
-1
1
0
0
0
-1
0
0
0
-1
-1
1
-2
-1
0
0
-1
0
-1
0
-1
0
-2
-2
1
0
-13
0
21
-7
-4
-15
29
-13
-5
5
18
-5
-81
63
5
-18
16
-10
-59
78
13
78
-305
1103
-1508
540
46
25
-52
25
0
-27
56
7
-99
-334
732
-286
25
-291
354
-149
16
8
-21
10
-11
-17
26
-10
18
-11
11
-30
9
22
-19
35
-46
9
-1
6
-2
1
-1
0
0
-1
1
-1
-1
0
0
1
0
1
0
0
1
0
-1
0
0
-1
0
0
0
-1
-1
-1
-1
-1
-1
0
0
0
1
0
0
0
0
1
-1
0
0
1
0
-1
-1
0
-1
-1
0
-1
-1
-1
-1
0
-1
1
-1
0
0
-1
-1
-3
2
-7
-1
-9
47
-36
19
-22
-10
28
-12
10
-18
9
-27
16
11
-11
20
-8
-18
146
-355
290
-25
286
-733
333
98
-8
-57
23
0
5
-4
-40
-86
458
-704
529
-143
-86
22
55
19
-44
14
-3
-8
12
-31
72
-53
-24
36
-25
18
18
-29
61
-72
4
18
-1
0
0
0
0
0
0
0
1
0
-1
-1
0
0
0
0
-1
0
-1
-1
-1
0
0
0
0
-1
0
-1
1
0
0
-1
-1
0
-1
1
0
0
0
0
-1
0
-1
0
0
0
0
-1
0
-1
0
-2
-1
-1
-1
-1
0
0
0
-1
1
0
-1
-1
0
0
1
-19
-6
71
-60
28
-18
-18
25
-37
24
53
-73
29
-10
7
3
-16
42
-20
-56
-24
86
143
-529
702
-459
85
38
2
-10
0
19
-37
-22
16
189
-211
93
-254
294
-161
50
45
-27
-8
0
14
-30
47
-42
23
-13
7
-18
29
-20
5
17
-30
7
10
-3
0
0
-1
0
0
-1
0
-1
-1
0
-1
0
0
-1
0
0
0
0
0
0
0
0
0
-1
0
0
-1
-1
1
0
0
-1
0
-1
0
0
-1
-1
-1
1
-1
-1
0
0
0
0
-1
0
-1
-1
-1
-1
0
0
-1
-2
0
0
-2
-1
0
0
-1
-1
0
2
-10
-6
31
-17
-7
20
-30
18
-8
13
-23
41
-47
29
-15
-1
7
25
-47
-53
158
-297
252
-94
210
-190
-17
21
35
-24
0
30
-63
21
-54
131
-189
196
-124
142
-3
-121
3
9
5
12
1
-33
69
-71
25
2
3
2
-16
25
-26
20
-1
-17
11
-1
2
-1
-1
1
0
-1
-1
0
-1
1
-1
-1
0
-1
-1
0
-1
0
0
0
0
-1
-1
0
-1
-1
-1
0
-1
0
-1
-1
0
-1
0
0
0
0
0
-1
0
0
0
0
0
1
0
-2
0
-1
-1
0
-2
1
0
-1
-1
0
-1
0
0
-3
1
0
-2
2
-12
18
1
-20
26
-26
16
-2
-5
-3
-26
70
-70
33
-2
-14
-5
-11
-5
119
0
-145
124
-198
187
-133
51
-23
62
-35
0
26
-62
54
-32
37
-133
208
20
-282
198
-56
36
-22
16
-7
3
-28
47
-25
-4
-4
18
1
-28
21
2
-30
38
-4
-14
3
1
0
1
-1
0
0
-1
1
-1
0
0
0
0
0
0
0
0
0
-1
0
0
-2
0
-1
0
0
0
1
0
0
0
-1
0
-2
-1
1
0
-1
0
0
-1
0
0
0
-1
-1
0
-1
0
-1
0
0
-1
-2
0
0
0
0
0
0
0
0
-1
-1
-1
-3
13
3
-38
29
-3
-21
27
-2
-18
4
4
25
-48
28
-3
4
-17
20
-37
55
-199
280
-21
-208
132
-37
30
-56
61
-31
0
4
-10
1
1
52
-110
48
56
-62
-82
186
-81
-16
4
1
2
-11
22
-24
18
-6
-2
3
-7
9
-17
35
-25
0
2
3
-2
-1
-1
0
-1
1
0
-1
-1
-1
0
-1
1
-1
0
0
0
0
0
0
0
0
-1
0
-1
0
0
0
0
0
0
-1
0
0
0
0
0
0
-1
-1
-1
-1
0
0
0
0
0
-1
0
-1
0
-1
-1
-2
-1
-1
0
1
-1
-1
0
0
-1
-1
2
-4
-2
-1
25
-36
18
-9
6
-4
2
6
-18
22
-22
11
-2
-3
-5
14
80
-188
80
60
-57
-48
109
-54
-2
-4
10
-9
0
-6
10
5
-49
44
41
-35
-77
161
-159
54
30
-26
-3
4
-10
24
-29
13
4
0
-11
15
-10
2
8
-28
12
13
-7
1
1
0
-1
0
0
0
-1
-1
-1
0
0
-1
0
0
0
0
0
-1
0
0
0
0
-1
-1
0
1
-1
0
0
-1
0
0
0
0
-1
0
-1
0
-1
0
0
0
-1
0
0
0
0
0
-1
-1
0
-2
-1
0
-1
-2
0
0
-1
-1
0
0
-1
-1
-1
-1
7
-12
-13
28
-8
-2
9
-16
11
-1
-5
-13
28
-24
9
-5
1
23
-31
-58
157
-162
77
33
-41
-46
46
-8
-12
0
0
-10
13
-7
-2
5
5
4
-68
83
-3
-74
67
-21
0
-4
4
-1
-1
0
-4
9
-10
14
-18
23
4
-36
-1
24
-6
2
-2
0
0
0
0
-1
0
0
0
0
0
0
0
0
0
-1
0
0
0
-1
-1
0
0
-1
0
0
1
-1
0
-1
0
0
0
1
0
0
0
1
-1
1
-1
1
-1
0
-1
1
0
-1
0
-1
-1
0
-1
-1
0
0
-1
0
0
0
-1
0
-1
-1
1
-4
7
-24
0
38
-3
-24
17
-15
9
-10
2
-1
0
1
-4
3
-2
21
-68
72
1
-84
68
-5
-7
-6
1
4
-15
4
0
-7
14
-5
2
10
-161
236
-110
60
-76
62
-49
28
-18
8
2
-2
-2
-14
14
-1
0
2
-3
-8
8
11
-25
21
-4
0
0
-1
0
-1
0
-1
0
1
0
-1
0
1
-1
-1
0
-1
0
-1
0
0
1
-1
1
-1
-1
0
-1
-1
0
-1
0
-1
0
-2
0
-1
-1
-1
0
-1
1
0
0
0
0
0
-1
-1
-1
0
0
0
0
-2
-1
0
0
-1
-1
-1
-1
-1
-1
0
-1
1
5
-21
26
-10
-8
8
2
-1
0
0
-15
13
1
1
-3
-10
17
-29
48
-64
75
-62
109
-236
161
-12
-3
2
-15
2
0
1
-4
15
17
-46
-21
66
-52
37
-19
-14
22
-12
8
-4
-2
5
-1
-5
4
-3
8
-13
8
-1
0
-17
26
-7
-3
1
-1
0
1
0
1
0
0
0
-1
-1
0
-1
0
-1
0
-1
0
-2
-1
0
0
-1
-1
-1
0
0
-1
-1
0
0
0
1
0
0
-1
0
0
-1
0
-1
0
-1
0
-1
0
1
-1
-1
-1
0
1
-1
-1
-1
0
0
0
0
-1
-1
-1
-1
0
0
1
-1
3
7
-26
18
-1
1
-8
13
-8
2
-4
3
0
-6
1
3
-10
10
-24
12
16
-39
52
-67
20
45
-19
-17
3
-4
0
1
-10
11
7
-93
160
-105
48
-22
22
-47
21
6
-4
-6
10
-17
21
-12
2
-1
-4
8
-1
-1
-6
4
2
-3
1
0
1
-2
-1
0
0
-1
1
-1
-1
0
0
-1
0
0
-1
0
0
1
-1
0
-1
0
0
1
-1
0
-1
0
-1
0
-1
0
0
-1
1
-1
1
0
0
-1
-1
0
-1
-1
1
0
0
0
0
-1
-1
0
-1
0
0
-1
-1
0
-1
0
-1
0
-1
2
-1
-1
-1
2
-2
-5
5
1
0
-8
3
1
-3
11
-22
16
-10
6
1
-6
-22
46
-25
20
-49
105
-161
92
-8
-12
8
-7
0
1
-8
13
-55
83
-101
129
-40
-24
17
-54
40
-5
-1
1
1
3
-12
13
-6
2
-3
4
1
-8
3
0
5
-2
-1
-1
0
0
-1
0
1
0
1
-1
-1
-1
0
0
0
0
0
0
0
0
-1
-1
-1
0
0
1
-1
0
-1
0
-1
0
0
-1
0
0
0
0
0
0
0
0
0
-1
0
-1
0
-1
-1
-1
-1
0
-1
0
-1
-1
-2
-1
-1
-1
-1
-1
-1
-2
0
-1
-1
-1
1
3
-5
-1
-4
7
-2
-6
3
-2
6
-14
12
-3
-2
-3
-1
4
-41
50
-18
23
39
-130
100
-84
53
-15
7
-5
0
1
-4
-3
-29
60
40
-84
28
-37
34
-12
3
0
4
-5
2
-4
14
-23
14
4
-6
1
4
-5
3
-6
8
-2
-4
2
-1
0
-1
-1
-1
-1
-1
1
0
0
0
1
0
-1
0
-1
0
0
-1
0
-1
-1
-1
-1
0
-1
0
0
0
0
1
-2
0
-1
-1
0
0
-2
0
0
0
0
-1
0
-1
0
-1
-1
0
-1
0
-1
-1
-1
0
0
-1
0
0
0
1
0
-1
-1
1
-1
2
2
-8
5
-4
7
-4
-1
6
-5
-14
22
-14
2
-2
4
-6
-2
-4
11
-36
36
-29
83
-40
-60
27
1
3
-6
0
-4
3
4
1
-39
62
-53
17
-14
38
-22
2
-6
8
-8
-2
11
-9
3
-3
2
-10
16
-12
8
-8
2
3
-4
1
0
0
0
0
-1
1
-2
-1
0
-1
-1
0
-1
1
1
-1
-1
-1
0
-1
0
0
1
0
0
0
0
-1
-1
0
-1
0
0
0
0
-1
-1
-2
0
0
1
0
-2
-1
-1
0
-1
0
-1
0
-2
0
-1
0
-1
0
0
0
0
-1
-1
-1
-1
-1
-1
0
0
-2
4
-3
-2
8
-8
11
-18
8
-4
3
-5
8
-11
1
7
-9
4
-3
21
-39
13
-17
53
-64
37
-2
-6
-5
-1
0
-2
4
8
-1
-12
-8
7
12
1
-8
-4
4
2
-2
-2
1
2
0
-1
1
-1
-2
1
3
-1
-2
-2
1
1
-1
0
1
0
-1
-1
1
0
-1
-1
1
0
-2
-1
1
1
-1
-1
0
0
-1
-2
0
1
0
-1
0
0
0
-1
0
0
0
-1
0
0
0
-1
-1
0
-1
-1
0
1
0
-1
-1
1
0
-1
-1
1
0
-1
-1
0
0
-2
-1
1
0
-1
-2
1
0
-1
-1
0
1
-1
-1
1
1
-1
-3
-1
1
0
0
0
-2
-2
-2
2
0
-4
-5
2
7
-2
-12
-7
6
11
0
-8
-5
0
