62
-41
-11
6
1
-4
-78
124
-81
36
-27
24
-55
32
35
-75
14
48
-7
-50
40
-33
-41
51
42
-60
25
-3
-15
4
7
-22
11
54
-45
-29
36
-15
-3
10
-6
-2
5
5
-8
16
-17
-3
2
8
-12
3
2
-4
0
-6
6
-1
-3
-3
0
0
-2
0
-1
0
-1
0
2
-2
-1
0
7
-4
2
-4
3
3
-12
10
3
-2
-15
16
-8
5
6
-3
-5
10
-2
-15
37
-28
-44
54
11
-21
7
5
-14
-1
27
-59
43
52
-40
-31
42
-48
-6
49
15
-72
39
36
-52
27
-24
39
-79
128
-74
0
4
14
-6
-32
86
-50
-11
-13
42
-37
-54
83
-38
-4
-3
8
6
-12
-28
19
-34
76
-29
-20
-60
77
56
-151
111
-52
14
1
-9
-8
13
-19
38
-18
-20
11
4
-3
-2
11
-6
1
0
-3
-1
12
-8
-5
13
-16
7
-2
1
3
-19
16
3
-11
4
-3
0
0
-2
0
-1
0
-1
1
0
-3
4
-9
4
17
-18
4
2
-1
7
-15
14
-5
-8
13
0
-3
1
1
-6
12
-2
-5
4
11
-20
-17
38
-17
15
-7
-8
3
16
-51
113
-149
58
78
-59
-19
-28
78
-33
23
-24
-8
9
10
0
-2
-36
87
-51
-32
45
-6
-6
-42
51
-46
-1
7
-15
6
3
-13
2
1
-3
-9
-20
39
-33
18
-14
4
18
-20
-56
19
73
-28
-10
1
-17
-2
16
-5
-14
-6
17
-8
6
9
-20
15
-2
-5
5
-6
2
12
-34
55
-38
16
-5
-21
25
-7
-9
-3
14
-11
2
1
0
-3
2
-2
-1
1
0
0
-2
-1
4
-3
-1
2
3
-11
15
-2
-9
-6
28
-21
-4
15
-36
56
-34
12
2
-5
5
-6
-1
15
-19
10
6
-8
17
-5
-12
-5
17
1
-16
3
-8
-26
74
22
-55
-18
18
7
-13
21
-30
42
-17
-5
-1
5
4
-10
7
11
-12
14
4
-37
-32
88
-133
28
80
-40
-155
122
17
-10
-38
35
-12
-28
-1
71
-67
-80
124
-26
-25
-3
-34
87
-27
-35
21
-11
5
-3
-9
18
5
-53
50
-8
-5
0
5
-5
1
3
0
-2
3
-5
1
2
5
-5
-5
0
3
1
-7
-3
-3
11
-4
-2
-5
2
0
-1
0
0
1
2
-4
0
-4
11
-1
-3
-5
4
4
0
-4
-4
6
1
1
-5
4
0
0
2
1
-5
5
1
-5
-7
50
-53
5
20
-8
-2
6
-10
23
-34
-25
89
-34
-2
-23
-25
124
-79
-66
75
2
-24
-9
37
-36
-7
19
126
-152
-36
83
35
-128
96
11
-31
82
-91
-86
323
-386
256
-212
160
-67
-39
92
-75
56
-63
-53
218
-232
211
-200
143
-163
168
-122
63
-15
-15
15
12
-68
86
-66
45
-13
-9
1
7
0
-10
15
-11
10
-8
-18
47
-34
18
-21
11
-8
9
-14
15
-9
4
-14
17
-11
3
-2
-2
0
-2
1
-1
1
-1
-1
4
-10
16
-13
4
-9
15
-13
9
-7
13
-20
21
-35
48
-17
-8
10
-11
15
-11
1
7
2
-10
-12
46
-66
87
-67
13
15
-13
-14
65
-120
170
-162
144
-199
212
-231
219
-52
-60
59
-72
94
-36
-65
164
-211
260
-382
327
-84
-84
86
-24
61
-112
98
-15
-6
-193
497
-408
3
33
8
-17
41
56
-89
-3
-143
415
-165
-138
43
14
103
-135
-25
36
-2
9
-10
7
69
-143
28
146
-95
-11
14
-3
-15
20
-17
6
-7
-2
20
-11
21
-27
7
-6
5
21
-24
-6
-2
6
-7
8
0
-2
-1
0
-1
-1
-1
-1
0
0
-1
0
0
9
-6
7
0
-5
-24
22
6
-5
8
-27
21
-9
20
-2
-7
6
-18
22
-15
-3
14
-10
-95
148
28
-142
69
8
-9
11
-2
38
-24
-133
104
15
44
-136
-165
415
-142
0
-86
59
45
-14
11
35
5
-404
500
-190
-3
-7
103
-104
-2
54
-144
121
138
-326
-167
399
-9
-167
89
21
-111
68
116
-211
-263
532
34
-376
-11
258
28
-239
86
74
-69
12
20
-81
-41
169
-9
-71
-30
57
-3
-22
21
-7
-21
16
4
-25
18
33
-49
21
2
5
-29
7
27
-25
-1
13
-7
-3
0
1
-2
-1
-2
-1
-1
0
0
0
-1
2
0
-1
-6
13
0
-23
27
8
-28
7
3
22
-48
32
18
-24
3
15
-20
-6
23
-22
-3
57
-30
-72
-9
170
-40
-80
21
14
-68
75
87
-236
30
259
-9
-376
35
533
-262
-208
121
73
-107
24
92
-164
-7
402
-164
-322
142
128
-139
63
-95
74
12
-176
275
-599
836
-318
-205
130
-16
-23
65
-102
98
-157
-68
699
-994
801
-735
783
-556
173
3
1
-17
5
-36
160
-329
284
53
-337
296
-133
54
-34
32
-38
32
-22
25
-19
15
-44
71
-64
60
-72
69
-63
43
-21
1
6
-12
7
-3
1
-1
-2
0
-2
0
0
1
-1
0
2
-4
8
-11
8
2
-20
45
-62
71
-72
61
-63
71
-43
15
-18
24
-22
33
-38
32
-33
55
-131
296
-337
53
285
-328
159
-35
6
-16
1
5
176
-554
784
-735
803
-993
702
-67
-153
101
-99
68
-21
-13
133
-203
-314
840
-595
278
-169
16
83
3
-40
25
80
-61
-373
787
-677
345
-89
-136
106
78
-208
107
263
-834
1106
-792
209
332
-558
467
-234
13
56
-39
1
-30
120
-246
336
-333
248
-124
9
25
-4
-12
8
1
-6
6
1
-18
34
-15
-29
24
26
-44
14
13
-17
3
-6
8
0
-10
3
1
-3
0
0
0
0
0
-1
1
4
-9
2
8
-5
5
-16
14
14
-44
28
25
-26
-16
34
-18
3
6
-5
2
7
-12
-5
26
10
-123
249
-333
336
-244
122
-29
2
-37
57
14
-232
470
-557
333
210
-791
1107
-833
266
110
-204
81
110
-133
-86
347
-673
792
-370
-57
87
30
-32
-4
4
-67
-10
0
250
-284
-33
158
2
-53
-13
-58
33
106
77
-538
505
56
-229
-156
304
-33
-128
23
37
5
-22
19
-11
-85
177
-137
3
72
-38
-2
3
-6
6
2
4
-9
-2
5
3
2
-10
4
2
-4
-3
6
-9
0
3
-4
7
-6
-1
-2
1
0
-1
0
0
1
0
-1
0
-3
9
-3
4
1
-8
6
-1
-2
3
5
-8
3
3
6
-2
-9
5
3
6
-5
4
-2
-38
72
3
-137
179
-84
-9
20
-22
6
37
24
-127
-31
306
-155
-227
57
505
-537
81
109
36
-55
-9
-51
4
160
-29
-281
254
3
-3
-62
11
90
-92
10
44
7
70
-596
722
-235
-7
30
-19
0
34
-49
-17
-368
495
-70
26
11
-249
123
26
9
-10
2
-8
-15
7
91
-106
-39
62
11
-10
-6
-3
6
-2
2
0
-2
-1
-5
14
-10
6
-1
1
-6
6
-13
3
9
-11
7
-6
1
-3
-1
0
-1
-1
0
0
1
1
0
-1
2
-5
8
-10
9
4
-12
7
-4
1
0
6
-10
13
-5
-1
-1
-1
2
-3
5
-2
-6
-9
12
62
-39
-105
90
7
-14
-6
4
-9
10
28
123
-248
12
27
-68
496
-367
-13
-46
37
4
-15
33
-3
-233
726
-592
73
10
51
15
-84
-20
-83
95
-16
-25
-42
217
-106
4
-95
21
9
5
-26
57
-20
-3
-209
162
-76
53
46
-14
21
-33
12
-7
10
-6
-37
16
25
8
-9
-12
2
-4
2
-1
2
-4
0
-2
4
6
-2
-6
-2
0
-1
0
4
-5
-4
9
-10
3
0
-2
-1
-2
0
-1
-1
0
0
0
1
-1
0
-1
1
4
-10
9
-4
-3
6
1
0
1
-2
-6
0
6
4
-1
2
-3
1
0
3
-4
3
-11
-8
8
25
17
-35
-5
11
-7
13
-32
21
-12
47
54
-76
164
-206
-2
-17
61
-23
8
14
24
-91
6
-102
221
-39
-22
-8
99
-75
65
-114
153
-56
-8
-8
-142
-97
219
27
-15
36
21
-93
54
-30
-50
-117
78
41
63
-74
42
3
-17
-21
-2
7
9
0
3
-29
17
3
-3
0
-3
2
2
-2
-6
6
-5
15
-27
23
-5
9
-8
-17
14
3
-2
-8
3
-4
3
-3
1
-3
-1
-2
-1
-1
0
0
0
0
1
-1
1
-1
5
-2
6
-9
-1
4
14
-14
-7
10
-5
23
-26
13
-4
6
-5
-2
3
4
-2
0
-3
4
17
-29
4
0
10
9
-1
-20
-16
7
43
-72
63
43
79
-116
-49
-27
58
-89
24
38
-11
29
222
-94
-139
-3
-5
-48
160
-106
-73
4
72
-82
-55
-38
98
324
-336
62
-126
6
3
40
196
-85
-24
-175
-29
86
-73
189
-21
-29
-43
-4
15
4
2
-5
-2
-40
0
23
20
3
-14
-2
4
1
2
-3
-1
-13
20
0
0
1
-14
8
-11
-7
19
-3
0
-9
6
-5
-6
3
1
1
-1
0
-1
0
-1
-1
1
4
-4
-4
7
-7
1
-3
20
-7
-10
11
-13
1
1
0
20
-14
0
-3
2
1
4
-3
-13
5
21
24
0
-38
-1
-4
3
6
15
-4
-42
-27
-18
190
-72
88
-28
-174
-23
-82
200
45
6
9
-122
66
-333
327
102
-33
-52
-75
76
12
-11
31
-36
-56
44
77
-20
-222
150
-93
189
-23
-87
-110
2
100
174
-137
-71
-33
8
164
-41
-66
-17
21
3
-4
-19
7
59
-3
-31
-49
11
17
8
-6
-2
8
-6
1
-3
2
7
9
-16
-10
25
-5
-7
-22
24
2
-12
2
-4
2
2
-3
-3
1
-1
-1
-1
0
0
1
-2
-1
3
4
-3
3
-12
3
24
-19
-6
-5
26
-10
-15
10
7
1
-3
1
-6
9
-1
-6
9
17
11
-49
-31
-2
59
8
-18
-3
2
23
-15
-65
-40
166
9
-32
-70
-137
175
103
4
-106
-84
-20
192
-90
151
-217
-17
82
47
-48
-31
40
-150
153
-132
5
94
-12
-223
151
-21
154
-224
72
100
20
-265
46
121
94
-115
-89
51
109
-8
-98
18
20
-3
-26
43
-35
-35
9
30
39
-20
-33
16
1
-7
3
-1
4
-9
10
14
-25
11
2
-3
-13
18
-8
-7
16
-15
-1
11
-11
1
1
-1
-3
-1
0
0
0
0
-2
0
4
1
-9
12
1
-15
16
-6
-7
20
-12
-2
2
11
-24
15
11
-10
5
-1
4
-7
2
16
-32
-19
40
30
11
-35
-35
45
-25
-2
20
19
-97
-7
111
52
-87
-114
96
122
49
-261
23
103
75
-221
158
-19
155
-220
-8
98
12
-128
161
-43
96
-152
65
15
-167
101
256
-163
-212
209
-40
-187
86
368
-283
-156
134
57
-127
-34
188
-57
-69
30
10
-28
24
-35
2
56
23
-63
-29
30
16
-19
7
2
-8
7
1
-1
0
11
-3
-22
20
-5
-10
14
1
-1
-32
34
-12
-1
2
-1
-3
1
-1
-1
0
0
0
0
-1
2
-2
0
2
0
-13
35
-30
-1
2
15
-9
-4
20
-20
-3
11
-1
-2
0
7
-9
2
8
-19
16
31
-28
-63
24
57
2
-35
25
-26
10
32
-67
-56
189
-32
-125
58
137
-155
-280
371
90
-183
-37
212
-208
-162
259
104
-163
18
72
-147
106
-168
162
-140
80
-61
-24
227
-314
31
181
-114
-8
167
-202
-194
423
-178
-14
35
-10
-88
64
53
-54
14
-6
-5
-1
3
-8
19
-38
0
37
-17
-3
12
-11
6
-5
4
-4
20
-23
13
-11
6
-3
2
-7
19
-23
-5
14
-7
4
-4
-1
1
-2
0
-1
-1
-2
0
0
0
0
0
-2
2
1
-3
5
-5
16
-4
-22
20
-7
3
-2
7
-11
13
-24
20
-5
4
-5
7
-11
12
-3
-17
38
0
-37
20
-7
4
1
-4
-6
16
-53
55
65
-87
-9
38
-13
-177
425
-191
-198
170
-6
-112
184
33
-309
230
-21
-58
87
-136
170
-36
59
-77
45
-95
182
-151
-63
130
-76
27
35
-174
224
-51
-117
101
-46
8
9
-64
82
-29
-2
-1
-2
5
-8
0
5
13
-46
32
-10
8
-6
0
1
0
1
2
-6
-2
15
-10
5
-6
-3
11
-14
9
0
-14
21
-21
7
-6
5
-3
1
-2
1
-2
0
-1
0
0
1
-1
3
-2
6
-5
8
-20
22
-14
0
10
-14
12
-2
-4
5
-10
15
-1
-5
2
2
1
0
1
-5
9
-8
32
-45
14
6
1
-8
5
-2
0
-1
-28
85
-63
11
9
-45
102
-113
-48
228
-170
38
31
-72
132
-59
-148
185
-92
53
-72
67
-59
57
-72
50
-65
91
-99
64
-39
0
15
-11
-22
45
-49
40
-42
21
-8
-3
-6
23
-16
-1
-4
7
-7
-1
4
-14
13
-8
0
9
-14
5
3
-2
-1
-4
5
0
-10
14
-6
0
6
-2
-2
-1
-2
1
0
-4
4
-4
0
-1
-3
1
-1
-1
-1
-1
0
0
0
-1
0
3
-2
0
1
-3
6
-4
0
1
-1
0
-1
-1
6
0
-6
14
-11
1
5
-3
0
-2
3
7
-12
11
0
-9
14
-13
6
2
-5
7
-4
0
-13
26
-5
-2
-7
23
-41
44
-47
48
-20
-7
19
3
-37
67
-96
94
-62
58
-67
66
94
-69
7
-4
-6
3
-4
-4
-1
-3
-2
-2
2
-5
-4
-2
0
2
-6
-4
8
-3
-8
5
2
-3
-2
0
-3
4
-4
0
2
2
-5
1
-1
1
1
-4
1
4
-3
1
3
-4
4
-1
0
0
-1
-4
5
-5
-1
2
-3
0
-1
-2
-1
0
0
0
-1
1
0
0
0
-1
-1
0
-1
2
1
-5
6
-3
-1
1
1
-1
4
-4
4
0
-2
3
1
-3
1
2
0
0
-4
3
2
1
-4
4
-2
1
-1
-1
2
5
-7
-2
8
-2
-4
3
1
3
-1
-3
5
-2
0
-1
1
0
-1
6
-2
4
11
-61
-119
55
-10
-3
-4
-4
-5
-1
-3
-1
-1
-5
-2
-5
-2
-1
-1
0
1
-4
-2
2
-3
1
-5
1
0
-2
3
-5
4
-6
2
2
0
-3
2
2
-4
2
0
-2
3
-1
0
0
0
1
0
-4
0
2
-6
3
-2
0
0
-2
-1
0
-1
0
-1
0
0
-1
0
1
-1
1
-2
-1
1
1
-2
5
-5
2
1
-1
0
3
0
-1
1
-2
3
-3
0
2
-2
1
3
-1
0
2
2
-5
6
-5
4
-1
1
2
-4
3
-2
3
-2
-2
2
0
0
2
0
0
1
-1
3
3
-1
2
-2
1
-2
4
-5
63
-36
3
-2
-1
-3
-6
-3
-5
3
-4
-2
-5
1
-2
-5
-1
-1
3
-5
-1
1
-1
-3
-1
-1
0
-2
-1
-2
-1
1
-5
3
-3
3
-1
2
-5
4
-3
2
-2
1
1
-4
5
-4
2
-1
0
1
-4
0
1
-1
-1
0
-2
0
-1
0
-1
-1
-1
0
-1
0
-1
0
-1
1
0
1
-1
1
2
1
-5
2
1
-1
3
-4
6
-4
2
1
-1
3
-2
4
-4
2
1
2
-2
3
-3
2
-1
-1
0
-1
2
1
-1
-2
2
2
1
-4
4
0
1
-3
1
4
-1
0
-2
5
-2
0
-2
1
6
3
11
-98
41
-12
2
-5
-1
-6
-4
-1
0
-3
-3
-3
-2
-1
-6
0
-3
2
-5
2
0
-3
2
-3
2
-4
2
-1
1
-4
1
0
-4
4
-2
2
-3
0
1
1
0
0
1
-2
2
1
0
-4
3
-3
0
0
4
-8
4
-5
0
0
0
-1
0
-1
1
0
0
0
0
0
1
0
2
-4
4
-7
5
0
-1
-2
3
-3
0
2
1
-2
1
-1
0
2
2
-1
-3
3
-1
5
-3
0
2
-3
2
0
2
-3
2
-2
3
-1
1
3
-4
2
0
1
-3
2
1
0
0
0
3
1
0
-2
3
-2
8
-7
49
-22
-1
-4
2
-5
-2
-5
-4
4
-9
0
2
-10
2
0
-8
0
5
-9
3
-5
2
-1
0
1
-5
-1
1
-3
0
-1
1
-3
4
-4
0
2
1
-5
5
-4
3
-1
-1
3
-1
-3
5
-2
-2
4
-5
1
-1
-1
-2
0
-1
-2
-1
0
-1
-1
-1
-1
0
0
0
1
-1
-1
-1
0
0
0
1
2
-5
5
-1
-2
5
-2
-1
3
-1
-1
4
-3
5
-4
2
3
1
-2
5
-3
0
-1
2
-2
3
-1
-3
2
1
-1
3
-4
5
-7
7
1
-5
1
5
-7
6
2
-6
6
-1
-3
3
-3
8
0
6
-52
15
-2
-6
-3
-3
-2
-3
-2
-4
-3
0
-5
1
-5
-2
0
-1
1
-8
9
-10
6
-4
-1
0
0
-4
0
1
-6
1
1
-1
0
-2
1
-2
1
-2
2
0
4
-4
2
0
-2
-1
3
-4
2
-1
1
0
-1
0
1
-4
1
-2
-2
0
1
0
-1
0
1
0
-1
0
2
-4
2
0
-1
0
2
-1
2
-3
4
-1
-1
1
3
-3
3
1
3
-2
1
-2
2
-2
1
0
1
2
-4
1
1
-3
0
2
0
-3
7
-8
11
-7
2
0
1
0
-2
3
-2
3
0
1
1
-1
1
0
0
0
3
24
1
-12
-1
-9
0
-4
-3
-3
-2
-2
-2
-2
0
-5
-1
-5
1
-3
3
-5
3
-7
4
-4
2
0
-2
-3
-1
-1
-1
1
-1
-1
2
-2
1
-1
-1
2
-1
2
0
-2
2
-2
1
-1
0
-1
1
-1
-4
1
0
-2
1
-4
1
-1
-1
-1
-2
-1
0
0
-1
0
0
-1
1
-2
2
0
1
2
-3
0
1
0
1
-1
1
-1
2
0
-1
2
-1
0
0
0
1
-2
2
0
-1
1
0
-1
1
-1
0
0
3
-3
4
-6
4
-3
4
-2
2
-1
2
-3
4
-1
0
1
0
1
1
0
4
-1
5
-3
-11
-4
-3
-9
-1
-5
-3
-2
-1
-3
0
-3
-1
-4
-4
0
-5
3
-3
-2
0
0
1
-5
4
-6
3
-3
-5
3
-1
-4
1
2
-1
0
2
-2
0
0
2
-1
0
-1
2
0
1
-4
7
-7
3
-1
-2
0
2
-3
0
0
-1
0
0
-1
-1
0
0
0
-1
0
1
0
-1
-1
1
-1
3
1
-1
0
3
-6
8
-4
1
-1
2
0
0
-1
2
1
0
-1
3
1
-2
2
1
-3
0
4
-4
0
4
-5
5
-5
2
2
1
-1
-3
6
-4
3
-1
0
1
0
3
0
1
2
0
0
3
-1
1
4
2
-11
-3
-4
-5
-1
-3
-2
0
-2
-2
-3
0
-5
0
-3
-4
1
-1
-3
2
-3
1
-1
-1
0
-1
-2
-1
-2
-1
1
-2
-2
1
0
-2
1
1
0
-2
0
1
2
1
-2
1
0
0
-4
2
-1
-1
-1
0
0
-2
1
-1
-1
-1
-1
-1
0
0
-1
-1
0
0
0
0
0
-1
1
1
0
0
0
2
-3
1
2
1
-2
0
2
0
1
-2
0
1
2
-1
1
2
-2
-2
2
0
-2
0
0
0
0
0
-1
3
-3
3
-2
1
3
-3
1
3
-2
2
-1
1
0
2
2
0
2
-2
3
1
-2
13
-16
-5
-4
-4
-2
-3
-3
-2
-1
-2
-2
-3
0
-3
-2
0
0
-4
1
1
-3
0
-2
0
0
-3
1
-1
-1
-3
1
-1
0
-1
0
-1
1
-1
2
-1
0
2
-2
2
-1
1
-1
-3
-1
2
-1
-4
3
-4
1
0
-1
0
-1
0
-1
-1
-1
0
0
0
0
0
0
0
0
1
2
-2
3
-3
1
2
0
-2
0
2
-1
2
-4
1
1
-1
2
-1
1
-1
1
-1
1
-1
2
-1
-1
0
3
-1
0
1
-2
2
-2
1
2
-4
0
1
0
-1
3
1
1
0
2
0
1
0
1
0
4
0
-8
-8
-5
-3
-6
-3
-3
-2
-5
2
-5
-2
0
-4
0
-3
-4
2
-3
1
-3
-1
-1
0
-3
0
0
0
-2
-1
0
2
-3
1
-1
0
0
0
1
-1
0
0
1
1
-2
0
0
0
1
-1
1
0
0
-4
1
-3
2
-1
-1
1
-3
1
0
-1
0
-1
1
0
0
1
-2
2
-1
-1
3
-2
2
-2
1
0
0
0
2
0
1
-1
-3
2
1
1
1
-1
2
1
-1
2
0
1
-4
3
1
-1
-1
1
0
1
-1
1
0
0
-2
3
-2
3
-1
0
2
-2
3
0
-2
4
-2
1
1
-1
2
0
3
8
0
-11
-8
3
1
-7
-8
1
2
-4
-7
-2
2
-2
-6
-2
2
1
-4
-2
1
0
-3
-3
0
0
-2
-2
-1
1
-2
-1
1
0
-1
-1
0
0
-1
0
1
2
-1
-2
1
2
0
-2
-2
0
-1
-2
-1
-1
-1
-1
-1
1
-1
-1
0
-1
-1
-1
0
1
0
-1
0
0
0
0
0
1
-1
-2
1
2
-1
-1
0
2
1
-2
0
1
2
0
-1
0
0
0
-1
1
2
-1
-1
1
0
-1
-1
1
1
-1
-1
2
2
-1
-2
1
4
-1
-4
1
4
0
-3
0
5
3
-4
-2
5
6
-3
-6
5
