0
-47
56
7
90
-242
105
6
38
-25
-26
7
36
71
-23
111
-494
201
143
32
-98
53
56
-149
-56
91
81
127
-46
-183
5
44
-4
-10
28
-12
12
-3
-2
0
4
5
-16
-5
8
4
-4
5
4
-31
25
-7
7
1
-10
4
2
-5
4
-1
0
-2
-1
0
0
-1
0
0
0
0
-5
4
-2
-6
11
-2
-7
7
-25
30
-4
-6
3
-5
-9
4
15
-6
-5
-1
2
3
-12
11
-28
8
3
-44
-5
183
46
-126
-80
-90
56
149
-58
-55
98
-32
-144
-201
494
-111
22
-72
-37
-10
25
24
-39
-6
-106
240
-92
-10
-58
43
0
-31
52
-49
-11
24
37
-72
67
-37
-15
66
-50
-110
222
347
-681
-44
418
104
-442
-185
470
167
-353
-114
286
40
-94
-101
-35
262
-205
18
85
-83
38
-12
15
-23
4
22
-11
-32
36
-1
-22
16
-4
8
-27
18
9
-26
15
1
-6
1
3
-3
-1
0
-2
0
0
-1
0
0
-1
2
-4
-1
6
-2
-16
25
-10
-19
27
-10
4
-17
21
1
-37
32
9
-23
-6
23
-17
11
-40
82
-86
-18
204
-262
34
100
94
-40
-287
114
352
-167
-469
184
441
-105
-419
44
681
-348
-223
108
49
-69
13
36
-68
71
-37
-24
9
47
-53
27
0
25
-68
115
-266
277
-43
-50
8
7
-21
22
1
-40
244
-505
386
-132
57
207
-471
296
-139
0
282
-298
150
13
-216
265
-156
74
-84
104
-55
-3
9
-1
-2
-2
8
4
-24
26
-15
13
-15
10
-11
-5
21
-16
9
-10
7
-4
0
2
1
-1
-2
0
0
0
0
0
-1
-1
2
-1
-1
-1
-1
3
-7
10
-10
16
-22
5
10
-11
13
-15
15
-25
23
-6
-8
1
2
1
-9
4
54
-106
83
-74
155
-266
216
-13
-150
298
-283
0
138
-296
470
-210
-57
131
-387
505
-245
39
-2
-23
20
-9
-8
49
43
-279
265
-117
67
-30
0
23
18
-100
366
-458
176
1
-58
70
5
-87
133
-129
-54
247
-93
-13
-179
450
-597
505
-378
283
-225
192
-145
60
-59
162
-148
84
-80
91
-37
-40
25
5
1
1
-15
12
1
-6
-10
7
18
-20
-7
28
-19
1
-5
9
-12
12
-1
-11
10
-5
-1
1
-2
-1
0
0
-1
-1
0
5
-10
10
1
-12
11
-9
5
-3
18
-27
7
20
-20
-8
10
7
-2
-13
14
-1
-1
-5
-25
39
36
-92
79
-85
148
-163
59
-60
144
-194
223
-283
377
-505
597
-450
178
13
93
-248
52
128
-135
87
-8
-72
57
0
-176
456
-367
96
-20
-27
0
20
-6
18
-43
50
-37
8
2
-15
-19
81
3
-137
-24
348
-392
162
73
-131
-10
183
-249
90
135
-177
97
6
-61
8
117
-148
62
-2
-15
20
-11
11
-9
-8
-7
28
-11
-28
35
-8
-7
-3
13
-6
-11
8
0
-4
4
5
-5
-6
5
1
-1
-1
1
0
0
-1
0
0
1
-1
-6
4
4
-5
-4
4
0
-9
9
4
-14
3
6
8
-36
27
10
-28
6
8
8
-13
10
-22
14
1
-63
149
-117
-8
60
-7
-97
178
-135
-89
250
-183
9
131
-73
-163
391
-350
23
136
-4
-82
18
12
-3
-9
36
-51
43
-21
4
-24
0
1
-41
68
-353
512
-217
17
21
-18
24
-13
42
-75
22
-203
224
64
-77
-80
20
-3
206
-117
-145
49
47
65
-63
-23
91
-111
130
-119
4
41
-14
9
-2
3
-18
7
-4
7
12
-9
-1
1
-4
4
1
-7
7
-8
5
-3
1
-1
-3
2
-1
1
0
0
0
0
-1
0
1
-3
2
-1
-2
2
-5
7
-7
6
-2
-4
3
1
1
10
-12
-8
3
-7
17
-4
2
-8
13
-42
-4
116
-130
110
-92
24
63
-66
-47
-48
144
117
-205
3
-20
80
77
-65
-225
202
-23
74
-44
11
-26
16
-21
-18
217
-512
352
-70
39
-6
0
-60
90
-61
28
9
-90
115
-54
4
-17
34
61
-86
68
-306
318
-115
106
-35
-38
-21
-42
73
30
-7
-45
9
-12
86
1
-140
104
-75
77
-43
5
7
-3
0
-5
15
-18
-6
19
-8
10
-13
6
-4
3
6
-12
-2
11
-9
1
9
-9
1
3
-1
-1
0
0
-1
0
1
-3
-2
8
-8
-1
8
-11
0
12
-6
-4
3
-6
12
-11
6
-21
5
16
-15
5
1
2
-7
-6
42
-78
75
-105
139
-3
-86
11
-10
44
7
-31
-74
42
21
37
34
-108
114
-318
305
-69
85
-63
-35
15
-6
53
-116
89
-11
-30
60
-91
55
0
-12
-19
-4
303
-378
-6
168
-93
41
-10
-21
87
-48
-244
414
-163
-82
126
64
-357
265
9
-121
155
-158
88
72
-182
174
-59
-90
107
-14
-46
32
-2
0
-10
5
-6
16
-13
-15
36
-25
-2
10
-1
6
-24
23
-7
-3
-2
15
-19
10
-4
-1
2
-2
1
-1
0
0
-2
2
-1
1
4
-11
19
-14
1
3
7
-23
22
-7
0
-10
2
25
-36
15
12
-17
5
-5
8
-1
1
-35
45
13
-107
89
59
-174
181
-72
-89
157
-156
120
-9
-263
357
-66
-126
81
162
-414
243
47
-88
19
7
-42
92
-168
5
378
-304
2
16
7
0
37
-33
-1
84
-62
-93
69
26
-36
36
-69
112
-111
105
-27
-111
121
-1
-100
180
-165
43
-109
222
-213
126
-29
-8
111
-152
130
-157
89
-15
12
-11
4
8
-18
17
0
-25
32
-17
-1
0
12
-20
11
-3
5
-17
20
-18
12
-7
3
-1
-1
0
-1
0
0
0
0
-1
0
-1
1
0
-3
6
-13
17
-21
16
-6
3
-12
19
-13
0
0
16
-33
24
0
-17
18
-9
-6
10
-11
14
-90
156
-130
151
-111
8
28
-126
214
-222
109
-43
163
-181
100
2
-120
110
25
-106
109
-113
68
-37
34
-27
-70
91
61
-85
-2
33
-40
0
28
2
18
-116
213
-205
32
58
3
-23
-24
45
-2
-112
191
-165
20
88
88
-267
145
91
-154
49
30
-10
-14
-131
214
-69
-81
68
-8
-2
3
4
3
-4
0
-15
6
2
-21
30
-11
-5
7
4
-17
13
8
-21
6
8
-6
-4
2
3
-3
-1
0
0
-2
0
0
-1
-2
0
3
-4
-3
3
6
-8
-7
21
-9
-15
16
-5
-7
5
11
-30
22
-3
-6
13
-1
2
-5
-5
-3
1
8
-69
82
68
-214
130
13
9
-32
-50
151
-92
-145
267
-90
-88
-20
164
-192
111
0
-47
23
22
-4
-59
-32
205
-215
115
-22
-3
-32
0
-25
-13
6
-72
147
-62
53
-60
18
0
-28
11
-40
80
0
-116
118
-96
-34
8
236
-180
139
-140
-2
-12
52
34
19
-143
90
-19
24
-6
-27
28
1
-27
17
-5
1
4
2
-12
-9
10
10
-2
-11
-1
13
-7
0
-7
7
-5
4
-3
1
-1
1
-1
0
0
-1
0
0
0
-1
3
-6
4
-6
7
0
6
-14
1
11
1
-11
-11
9
10
-3
-6
-3
3
-18
25
-1
-28
26
6
-24
19
-89
143
-19
-34
-52
11
2
139
-139
178
-235
-9
33
96
-120
115
0
-81
39
-13
27
-3
-19
59
-54
61
-149
71
-9
11
22
0
-50
73
-79
-64
126
137
-219
23
94
-87
-19
98
147
-419
320
-161
106
-43
-131
134
119
-111
-141
161
21
-35
-105
78
17
-102
236
-187
36
3
19
-25
-12
44
-32
-24
54
-27
-5
16
-24
13
5
-8
-15
14
17
-21
-1
7
3
-8
1
2
0
-1
1
0
-1
0
0
-1
-1
1
-1
-2
-2
7
-2
-7
1
21
-17
-15
14
7
-6
-13
24
-16
4
26
-56
23
30
-45
9
25
-19
-4
-37
187
-237
102
-18
-79
103
33
-23
-161
141
110
-120
-134
130
43
-107
160
-321
417
-148
-99
18
86
-97
-24
220
-137
-128
63
74
-76
46
0
35
-56
63
-137
215
-163
121
-116
78
-68
87
-106
80
-72
105
-80
2
54
-55
7
-73
166
-143
133
-74
-14
35
-112
122
25
-93
49
-12
-4
0
8
4
-13
7
-19
32
-55
69
-56
33
-16
10
-14
13
2
-28
35
-26
14
-7
6
-7
6
-3
-1
1
-1
0
0
0
0
0
0
2
-6
7
-7
6
-15
25
-35
27
-3
-15
13
-10
15
-34
56
-69
54
-32
18
-7
12
-4
-9
-1
2
12
-50
93
-26
-121
112
-36
13
74
-134
143
-166
73
-8
54
-55
-3
79
-108
71
-81
105
-88
65
-80
114
-122
163
-215
136
-67
56
-39
0
27
-4
33
-121
167
-166
58
42
-13
1
-47
43
-152
280
-160
-54
182
-74
-204
223
-6
-34
-85
155
-114
-21
115
-85
48
-60
48
-4
-28
42
-38
-8
35
-20
-3
23
-17
-7
-6
21
-11
17
-14
9
-28
23
-4
-9
12
-6
0
2
0
-1
-1
0
1
0
0
0
-1
0
-1
0
-1
0
0
-3
1
5
-11
8
3
-23
28
-9
13
-19
11
-22
5
7
16
-23
2
19
-35
7
37
-42
27
3
-49
60
-48
85
-114
21
113
-155
83
33
6
-222
205
73
-184
54
157
-281
151
-44
47
-4
11
-42
-58
164
-168
120
-36
3
-32
0
-43
17
15
16
-120
199
-126
27
-55
58
27
7
-263
372
-183
121
-159
124
-188
258
-154
1
36
-9
-25
53
4
37
-139
54
20
-13
-3
23
-11
7
-11
7
2
-34
-10
37
41
-34
-5
5
-8
1
4
4
0
-14
7
-2
-2
6
-5
4
-4
1
-1
0
0
0
0
-1
1
-1
2
-5
3
-6
2
0
-8
12
0
-5
-5
-1
7
-5
5
34
-42
-36
10
33
-2
-7
11
-8
10
-24
2
13
-21
-55
138
-38
-4
-52
24
9
-34
-1
154
-258
188
-124
159
-121
183
-372
261
-9
-29
-59
54
-27
125
-200
119
-17
-17
-17
37
0
-25
27
-78
161
-171
83
27
-14
-97
143
4
-257
197
72
-123
44
-35
89
-160
171
-68
-7
-9
31
-58
57
26
-43
-38
31
6
-7
4
-3
-12
44
-33
-17
31
-2
-35
13
49
-48
14
-8
10
-3
-5
3
-2
0
-5
7
-3
0
1
0
-2
2
1
-1
-1
0
-1
0
-1
-2
1
-1
-1
-1
3
-7
4
-1
1
-4
3
2
-9
7
-15
48
-50
-14
35
1
-31
16
32
-44
11
2
-5
7
-8
-31
39
43
-27
-57
58
-31
10
7
68
-170
160
-89
34
-45
120
-74
-198
256
-6
-143
94
13
-28
-84
171
-162
74
-30
21
0
28
-22
21
-43
-9
36
1
4
-8
-18
55
-67
64
-31
-27
1
4
-18
44
13
-32
20
-17
11
-9
22
-48
47
-39
14
30
-52
26
6
-13
4
8
-8
6
-11
10
-11
11
-7
3
-4
0
7
-8
4
-5
4
0
-4
1
-1
1
-2
1
-1
1
-2
1
0
0
1
-1
2
-2
1
-2
1
-3
2
-2
-4
5
-4
7
-8
-1
3
-3
6
-12
10
-10
10
-6
6
-7
-5
12
-6
-27
52
-30
-15
39
-48
47
-23
8
-11
17
-20
31
-12
-43
17
-4
-2
26
29
-66
65
-57
18
6
-4
-2
-37
6
42
-23
20
-32
0
-63
16
10
-9
27
-41
17
6
0
-3
7
-12
24
-44
46
-44
33
24
-158
181
-67
22
-20
2
20
-33
15
12
-30
16
16
-12
-3
10
-12
4
-4
5
-2
1
-1
0
-2
2
0
-2
1
0
-2
4
-4
2
-1
-1
-2
2
-1
-1
1
-1
-1
0
-1
0
0
-1
0
0
-1
0
2
-3
0
0
0
-3
5
-4
1
0
-1
2
-1
-2
3
-2
1
-2
0
-4
4
-4
10
-11
2
12
-16
-15
29
-13
-16
32
-21
-2
20
-22
67
-181
158
-24
-33
44
-49
42
-26
11
-8
1
0
-6
-17
40
-27
7
-13
-17
59
0
42
-11
-7
-7
5
7
-3
-4
0
-2
4
-32
46
-32
31
-37
31
-61
104
-49
-38
23
4
7
-19
23
-24
9
22
-40
37
-14
-10
12
-6
3
2
-4
2
-4
2
-2
4
-4
2
-7
6
-1
-2
-2
0
1
-4
2
-1
-1
0
0
-1
0
-1
-1
-1
0
0
0
-1
0
-1
-1
-1
0
1
-4
1
-1
-2
2
1
0
-5
6
-2
3
-4
2
-4
4
-2
3
-2
-4
6
-12
10
14
-37
39
-23
-11
25
-24
19
-8
-4
-25
37
48
-105
60
-32
36
-31
31
-48
31
-5
0
-2
3
3
-8
-8
5
5
10
-47
0
1
1
-2
-10
9
16
-18
-4
10
-5
-1
8
-45
66
-38
18
-17
18
-37
37
-31
7
25
-20
-4
19
-5
-4
9
-22
13
-3
2
-2
-6
8
1
-2
-3
11
-17
8
2
-1
-2
-3
6
-2
-3
3
-2
3
-4
1
0
1
-3
0
0
0
-1
0
0
0
0
-1
0
-1
0
0
1
-2
0
-1
3
-3
0
-4
4
1
-6
1
1
1
-3
-9
15
-11
2
0
-1
-8
5
1
-4
3
-13
21
-10
4
4
-20
4
20
-27
-8
30
-37
38
-19
17
-19
37
-68
44
-10
0
2
-12
4
17
-17
-11
9
-2
-2
-6
0
-4
4
-2
-12
16
-1
-1
-8
11
-11
10
-32
49
-19
3
-7
-24
39
16
-54
18
24
-31
22
-30
35
-42
45
-22
-6
17
-5
-3
3
-7
2
1
2
-7
8
-9
11
-12
2
1
-1
0
-2
1
0
1
-2
1
-1
-1
-1
1
-2
2
-1
0
0
-1
0
0
-1
0
1
-2
1
0
0
0
0
-1
0
0
-2
-1
2
-1
-1
-2
-3
9
-12
8
-10
7
-2
-1
-2
4
-5
3
5
-17
5
22
-45
42
-36
29
-23
30
-25
-19
54
-17
-40
23
7
-5
17
-49
31
-9
10
-11
7
0
-1
-17
11
0
-4
-2
0
5
0
-4
-6
15
-12
3
7
-1
-22
18
-10
18
-24
23
-28
14
12
-25
7
15
-11
12
-29
46
-35
2
16
-34
34
-15
11
-14
9
-8
10
-6
-1
4
-10
4
9
-15
5
2
-6
1
1
-6
10
-10
7
-4
2
-1
1
-1
-1
-2
0
-1
-1
-1
0
-1
0
0
-1
1
0
0
-2
0
-2
2
-7
10
-9
6
-2
-3
4
-4
-6
15
-10
-5
9
-4
-1
6
-11
7
-10
13
-12
14
-33
34
-16
-3
34
-47
29
-11
11
-14
-8
24
-12
-15
27
-24
23
-20
8
-20
20
0
-7
-3
11
-16
4
1
-1
-9
0
-4
-1
-2
-1
-1
10
-12
2
-3
-2
-3
3
9
-17
0
35
-42
35
-49
14
12
5
-10
7
-7
17
-25
1
21
-6
-7
-5
8
-8
6
-2
-2
-1
-2
10
-6
-2
-5
4
4
-3
-1
0
-3
2
-1
-2
1
-3
0
-2
0
-1
1
0
-2
0
0
0
-1
-1
0
0
-1
1
0
1
-3
0
-1
1
-1
-2
2
0
1
1
-4
-4
4
1
5
-12
2
0
1
0
-8
8
-8
5
6
7
-22
-2
25
-17
6
-8
10
-6
-12
-15
48
-37
40
-35
-1
16
-10
-5
2
0
0
-3
9
-12
0
-1
-1
0
1
0
-4
4
-3
-2
8
-14
12
-1
-11
5
7
-23
19
2
-22
14
1
5
28
-71
46
-12
-1
7
-1
10
-18
4
-12
13
2
-12
11
-6
3
-6
7
-2
-1
-3
12
-15
7
-3
2
-1
1
-1
-2
-1
2
-2
0
2
-1
-2
0
0
0
0
0
-1
0
0
0
0
1
-1
0
-1
0
1
0
-1
-1
1
-2
0
1
0
-3
-1
-1
2
-9
14
-12
3
1
2
-7
6
-5
5
-12
12
-3
-14
12
-5
17
-10
0
-7
2
11
-47
70
-29
-5
-2
-15
20
-3
-20
21
-9
-7
9
1
-14
13
-10
0
2
-3
0
0
-2
1
-1
-10
13
-6
-1
-5
13
-14
5
8
-20
6
12
-33
38
-28
19
-24
15
4
-8
2
5
-18
34
-27
5
-1
7
-8
0
4
1
-5
4
-4
2
0
-3
1
-4
3
0
0
-1
-2
3
-6
4
1
-4
4
-2
0
-1
-1
0
0
-1
0
-1
0
0
-1
0
0
-1
0
-1
-1
1
-3
3
-2
-4
5
-5
2
0
-1
0
-4
2
-3
3
-1
-3
4
-5
4
-1
-4
-1
7
-7
0
-5
26
-34
15
-7
-3
8
-5
-15
24
-20
27
-38
33
-14
-8
18
-10
-8
12
-15
5
0
4
-15
8
-3
-3
-3
0
-2
0
-2
-4
7
0
-5
0
-2
3
-7
8
-3
-17
21
-17
12
2
-3
-23
22
-2
3
-6
9
-13
7
6
-13
10
-5
3
-4
1
1
-1
1
-3
2
0
-3
-1
2
1
-1
-3
1
3
-4
1
-2
0
-1
-3
-1
1
-2
1
-1
0
-1
0
0
0
0
1
0
-2
1
0
1
-2
-1
1
0
-1
0
-2
3
-3
-1
2
0
-1
-2
0
2
-1
-4
2
-2
0
-1
-1
4
-4
4
-11
13
-7
-6
12
-9
5
-4
3
-22
23
4
-2
-12
17
-21
15
1
-10
5
-5
-1
-1
4
-1
-8
2
-1
-2
-1
0
-1
-1
-1
2
-2
-2
2
-1
-2
0
-3
14
-11
-2
-4
15
-14
2
15
-24
15
0
-8
8
-6
10
-18
12
-4
6
2
-1
-3
-8
10
-4
-2
3
1
-3
2
-3
2
-2
-5
6
-3
0
1
-2
0
1
-1
0
0
-1
0
-1
-1
0
-1
0
-1
0
-1
0
0
0
-1
0
0
0
0
-2
2
-1
-2
3
-3
0
3
-7
5
1
-4
2
-3
2
-2
-4
2
4
-11
6
2
0
-3
-8
3
-12
16
-11
4
-9
8
0
-16
24
-16
-3
13
-15
3
1
9
-15
2
-1
1
0
-4
0
1
-3
-1
-1
-3
0
-4
1
0
-1
3
-8
5
-4
1
6
-12
14
-2
-13
-7
30
-27
1
24
-23
11
-6
12
-10
8
-5
1
4
5
-8
-10
13
-4
1
-2
-2
9
-7
1
2
-2
-2
-1
3
-1
-2
-1
2
-1
-2
1
-2
0
0
1
-1
0
-1
0
0
-1
-1
0
0
-1
0
0
-1
0
-1
0
1
-1
-2
-1
1
-2
0
1
-2
0
0
0
-3
0
0
1
-3
-3
6
-9
2
3
-1
5
-14
9
8
-6
-4
-2
5
-8
10
-11
6
-10
23
-24
-1
27
-30
6
11
0
-16
11
-8
-4
4
-6
6
-5
0
-2
-3
-1
0
-1
1
-2
-2
3
2
-2
0
-1
-5
2
8
-8
1
6
-14
9
17
-49
36
0
0
-14
16
-5
-6
5
-7
12
-5
-4
7
-8
4
0
-5
7
-3
2
-4
5
-3
0
1
-3
2
2
-4
5
-2
-1
-1
0
3
-2
-1
1
-2
-1
-1
-1
0
0
0
-1
-1
0
-1
0
0
-1
2
1
-5
0
1
0
0
-5
4
-2
-3
1
-2
-2
2
-6
3
-3
3
-7
3
0
-6
7
-8
5
4
-12
6
-5
6
4
-17
14
0
0
-37
47
-17
-9
14
-8
-2
8
-9
-3
4
0
-1
2
-5
-3
1
0
-3
-3
0
-2
0
-3
1
1
-3
3
4
-7
-1
-2
6
1
-14
17
-18
13
-7
26
-34
8
0
1
3
-5
0
-1
4
0
-1
-8
8
0
-5
4
-5
3
-5
3
0
-3
-2
5
-4
-1
4
-3
4
-3
-1
1
-1
-5
5
-5
1
-2
1
-2
0
-1
0
0
0
-1
0
-1
0
-1
-1
1
-1
5
-7
3
0
-3
0
3
-5
3
-3
1
3
-6
2
3
-1
-3
3
-3
4
-5
5
-1
-9
7
0
-1
-4
1
-1
5
-4
-1
1
-10
32
-26
8
-13
17
-17
15
-2
-8
1
-2
5
-5
-3
1
-3
-3
-1
-2
-2
0
-3
-8
-1
8
-1
-6
-2
5
-7
-19
26
20
-13
-14
13
-7
-35
37
9
-4
-42
14
10
2
4
13
-17
-11
12
12
7
-7
-32
-3
39
12
-52
-5
44
-4
-19
17
-6
-24
11
26
-18
-23
18
11
-13
3
3
-12
-2
14
-5
-8
2
2
0
-1
-1
0
0
0
0
-2
-3
5
5
-15
1
11
-4
-3
11
-12
-18
22
17
-27
-11
25
5
-18
17
3
-46
5
50
-13
-40
3
30
6
-7
-13
-13
11
16
-13
-4
-2
-11
-14
41
4
-10
-37
32
6
-14
13
10
-22
-27
16
5
-6
3
6
0
-10
-1
7
-2
0
35
19
-17
-18
8
13
-5
-11
6
10
-11
-20
1
20
10
-7
-4
7
3
-9
-8
6
9
-2
-9
-1
6
3
-1
0
0
-2
-2
0
2
0
-2
1
0
-3
-2
3
2
-2
-4
1
3
0
-3
-1
1
0
-1
0
2
-1
-2
0
2
0
-3
-1
1
0
-2
-1
1
-1
-3
0
2
0
-2
-1
1
0
-2
0
2
-1
-3
-2
3
2
-4
-3
2
2
-2
-2
1
0
-2
-2
1
2
0
0
1
-3
-7
0
7
2
-9
-6
8
9
-4
-7
5
6
-11
-21
-1
19
9
-12
-8
11
5
-15
-8
17
16
-22
-36
