-189
15
173
-172
65
-17
-232
588
-423
21
73
-101
128
-116
125
-248
351
-175
-213
412
-355
214
-155
130
-68
13
8
-11
-11
2
32
-72
42
20
-8
-37
48
-27
13
46
-57
5
19
-52
58
-60
62
-15
-34
35
-19
0
-3
25
-29
22
-18
4
5
-5
0
-1
0
-2
0
-1
0
0
1
-5
5
5
-18
23
-28
24
-3
1
-18
35
-33
-15
62
-58
59
-52
20
5
-57
46
12
-28
48
-36
-8
21
42
-72
33
2
-10
-9
10
15
-67
131
-155
216
-355
413
-211
-173
352
-246
128
-112
131
-98
76
23
-421
592
-228
-13
69
-164
179
22
-16
67
-156
187
-199
199
-13
-589
637
3
-210
-16
109
-111
114
-134
-69
362
-149
-210
154
-41
-21
39
-21
52
-92
28
99
-106
63
34
-189
128
-16
-33
112
-104
-18
13
59
-17
25
-19
-15
-37
9
42
7
-40
11
34
-44
-11
20
13
-13
4
-7
1
1
0
-1
-2
0
0
0
-1
2
0
-6
6
-12
14
21
-11
-43
34
12
-40
8
42
10
-36
-14
-19
26
-17
59
14
-17
-104
112
-32
-15
129
-189
35
63
-105
100
30
-92
54
-19
41
-20
-39
155
-209
-147
364
-68
-129
117
-108
113
-13
-208
6
639
-584
-11
203
-196
195
-152
74
-22
12
-48
71
-16
-427
353
886
-1114
13
131
364
-320
73
99
-305
-103
581
-53
-407
2
222
-42
-9
-29
-26
107
-90
-29
30
69
-71
2
77
-122
-5
94
32
-17
-203
144
131
-66
-130
19
101
-13
-43
-4
26
13
-43
35
-33
24
-13
7
3
-12
7
-2
-1
-1
1
0
1
-1
0
0
9
-12
2
7
-11
24
-32
37
-42
14
27
-3
-43
-13
102
18
-130
-66
132
145
-203
-17
34
95
-4
-122
77
2
-70
70
29
-29
-89
109
-25
-27
-7
-40
225
2
-406
-52
583
-102
-301
101
76
-317
367
134
17
-1112
890
357
-424
-13
80
-44
20
-188
156
-58
-137
173
97
-30
-940
1129
-192
-75
-194
53
224
-22
-377
-102
768
-398
-69
20
-50
222
-235
89
5
-227
232
118
-148
-106
14
274
-201
12
-70
128
-42
2
42
-177
102
79
41
-204
70
84
-70
38
-16
8
-7
-21
28
-3
-20
12
-11
8
-6
2
-2
0
-1
-1
0
1
-1
2
-5
10
-10
13
-19
-2
28
-21
-6
9
-16
39
-69
84
70
-203
41
78
103
-177
42
2
-42
128
-69
13
-201
274
15
-105
-148
119
233
-226
7
90
-235
224
-49
21
-69
-398
769
-101
-374
-18
228
56
-191
-71
-188
1131
-935
-26
101
175
-130
-53
164
147
-46
-144
42
36
297
-478
466
-367
-117
224
16
-29
-35
-8
-40
-311
825
-272
-293
122
-94
-71
219
186
-378
149
-113
-4
135
-24
-4
-19
-73
34
69
35
-29
-124
98
-91
33
183
-124
-58
48
-62
34
110
-87
-46
114
-112
40
43
-59
2
28
-15
-7
5
3
-6
-2
6
-3
-5
3
6
-5
-14
30
3
-58
44
42
-111
116
-44
-87
111
34
-61
47
-57
-124
182
33
-91
97
-126
-28
35
69
36
-74
-19
-3
-23
136
-4
-112
150
-377
187
221
-70
-92
123
-292
-270
827
-310
-37
-4
-31
-26
20
226
-113
-365
470
-474
300
39
50
-139
-38
-336
161
53
-122
72
-158
42
1048
-1674
1016
-369
-177
248
60
-192
317
284
-1272
1168
-688
172
249
-146
54
313
-597
326
-156
-112
170
232
-210
-60
38
-51
42
117
-108
-68
276
-322
152
-22
-87
100
44
-94
92
-97
19
44
-43
-24
85
-63
26
-15
-3
8
-5
-1
0
0
-1
0
0
0
-1
0
-6
10
-2
-14
28
-64
87
-23
-41
45
19
-96
92
-93
44
99
-86
-23
152
-322
276
-68
-110
118
43
-50
38
-60
-209
233
171
-111
-156
325
-596
314
55
-144
250
173
-686
1169
-1271
285
320
-188
63
251
-174
-366
1020
-1672
1053
46
-154
75
-114
57
168
292
-155
-19
71
-20
-413
706
-1028
1165
-767
358
239
-380
90
180
-517
475
-523
328
-51
20
202
-108
50
104
-486
391
-360
196
70
80
-203
126
32
-142
206
-135
-62
120
-191
61
93
29
-65
110
-88
-6
-40
99
-25
-132
213
-211
140
-43
-44
79
-79
59
-25
6
-2
-5
7
-12
6
-5
-1
7
-23
61
-78
80
-42
-42
141
-211
213
-132
-23
100
-39
-6
-88
111
-65
30
94
61
-191
121
-62
-134
208
-141
33
126
-203
81
71
197
-358
392
-486
105
52
-107
202
22
-48
331
-522
476
-514
184
95
-376
242
362
-765
1167
-1024
709
-411
-16
78
-14
-147
-463
178
64
120
-257
157
-26
-364
465
59
-126
-353
419
-377
187
193
-772
1447
-1493
1247
-927
526
-126
-275
769
-970
803
-747
407
9
-271
241
-126
195
-287
220
-39
-135
348
-422
454
-479
343
-132
84
-73
-45
83
-47
-7
-18
45
3
-50
47
-3
-16
29
-22
1
-4
-1
-3
-2
0
-1
-1
0
-4
1
-21
29
-15
-2
49
-51
4
45
-18
-4
-46
84
-45
-73
83
-133
344
-481
454
-421
349
-135
-39
221
-286
196
-126
241
-269
10
409
-746
805
-968
770
-274
-125
529
-926
1248
-1491
1449
-771
196
191
-374
424
-350
-123
63
467
-360
-22
161
-254
127
68
187
413
-286
118
-94
-62
378
-613
1012
-904
-91
401
-222
17
201
-356
543
-1015
1506
-1202
776
-462
179
-235
237
4
-25
-442
530
-254
165
-150
203
-245
88
100
-152
186
-295
397
-386
322
-239
122
-43
14
91
-237
292
-315
357
-325
287
-288
250
-199
143
-112
78
-37
8
2
-10
9
-11
11
-12
9
-9
3
9
-36
80
-110
144
-197
251
-288
288
-324
358
-314
292
-237
91
15
-42
123
-239
323
-387
397
-294
187
-154
100
88
-245
205
-148
166
-253
532
-441
-23
6
238
-234
180
-461
776
-1202
1508
-1014
545
-353
206
20
-218
405
-88
-902
1017
-610
381
-59
-87
123
-277
-564
264
26
-98
235
-427
647
-1235
977
239
-695
805
-752
347
-264
378
-1036
1704
-1309
746
-421
201
-339
364
-291
-20
725
-817
491
-512
550
-546
535
-395
247
-285
343
-342
314
-75
-171
317
-423
420
-345
186
26
-132
35
-10
58
-65
86
-60
21
-22
16
-6
10
-14
5
0
-1
-1
0
0
1
0
6
-14
11
-6
16
-20
22
-59
86
-65
58
-8
36
-131
25
186
-346
420
-423
318
-171
-74
315
-342
344
-284
249
-395
535
-545
551
-510
492
-817
726
-17
-290
366
-338
203
-420
747
-1307
1705
-1035
380
-259
350
-748
810
-692
244
978
-1231
652
-424
238
-90
30
272
529
-327
81
-49
-23
139
-420
949
-628
-466
590
-238
-10
195
-214
219
-497
557
211
-424
-146
240
14
31
-368
175
187
-156
143
-137
96
117
-204
57
-147
240
-141
-60
248
-469
288
156
-237
270
-236
136
-157
90
41
-171
285
-199
35
103
-189
93
-11
-45
86
-55
32
-14
-9
14
-24
15
-7
-14
34
-53
87
-43
-10
95
-189
104
36
-199
286
-172
42
91
-157
137
-236
270
-236
157
289
-469
250
-59
-140
240
-146
58
-204
119
97
-136
143
-155
188
176
-367
32
16
243
-144
-423
211
558
-496
223
-211
197
-6
-235
593
-462
-626
953
-417
142
-20
-43
86
-318
-679
410
-141
151
-157
46
159
-417
352
-38
324
-1015
650
38
-398
569
474
-1264
270
423
-145
-53
231
-241
55
0
-153
30
292
-35
-266
115
27
-202
204
158
-310
315
37
-726
351
405
-131
-209
105
-32
-56
29
162
-192
78
-1
-65
63
-4
-13
6
1
-19
12
0
-2
-1
-2
0
0
-1
0
1
13
-19
2
7
-14
-3
64
-64
0
79
-191
163
28
-55
-32
106
-208
-130
406
351
-726
37
315
-309
159
205
-200
27
115
-265
-34
293
31
-153
1
56
-240
232
-52
-144
424
271
-1261
475
573
-394
42
653
-1011
328
-34
355
-412
163
50
-154
158
-136
418
638
-339
-40
8
88
-134
233
-541
381
335
-171
-513
344
25
-263
518
-514
260
106
-228
-3
160
-167
-16
280
-69
-379
275
1
142
-263
42
49
104
-158
39
-57
249
37
-468
101
278
110
-361
52
100
13
-46
19
38
-85
52
5
-13
-15
-25
64
-17
-27
8
13
-5
-13
0
12
1
-12
-5
15
8
-28
-16
65
-24
-13
-11
5
53
-84
39
20
-45
14
100
52
-361
111
279
101
-467
37
250
-56
40
-157
105
49
42
-262
141
2
275
-377
-68
282
-15
-166
161
-2
-226
107
261
-513
520
-262
29
347
-509
-168
339
384
-538
238
-130
91
16
-37
-330
-749
455
-80
-117
76
143
-550
1034
-693
-74
115
111
-124
55
25
-157
60
163
-94
-82
80
-6
-52
-113
314
-209
64
15
-61
-159
200
2
-10
-35
38
-64
-9
55
191
-372
139
115
-154
55
123
-132
-4
54
-54
27
-2
14
-8
-30
22
13
-15
-8
9
0
-1
-1
0
-1
-1
0
-1
-1
-1
1
10
-7
-14
13
24
-29
-8
14
0
27
-53
54
-3
-133
124
56
-153
115
140
-372
191
54
-9
-63
38
-34
-10
2
202
-157
-60
17
65
-208
315
-112
-51
-3
81
-81
-93
165
61
-153
28
59
-121
112
118
-71
-691
1037
-546
148
79
-109
-74
462
704
-439
16
63
-43
30
-32
26
94
-253
139
69
0
-21
-105
61
-80
138
-44
-41
28
-41
34
21
-63
85
-120
87
-30
10
-1
-29
45
-6
-14
-16
30
-60
102
-75
15
24
-26
1
7
12
-34
32
-39
35
-2
-11
6
-26
25
-4
-10
6
3
-6
0
-2
-2
-1
0
-1
0
0
1
-4
3
7
-10
-3
25
-25
7
-10
-1
35
-38
33
-32
13
7
1
-24
22
15
-74
102
-59
31
-15
-13
-6
45
-29
-1
11
-29
88
-117
87
-62
22
37
-39
29
-39
-43
140
-79
64
-102
-18
4
71
143
-251
96
30
-28
33
-40
69
20
-432
-772
438
-3
-72
-9
9
16
-21
-46
85
-47
-11
5
-11
30
-61
41
-3
-22
24
-14
14
-32
6
20
-6
14
-45
30
7
-20
22
-39
31
-35
58
-56
19
18
-20
26
-15
-31
30
-13
26
-45
50
-20
-7
3
3
-13
35
-44
20
-3
-3
-2
-1
-1
-1
0
-1
0
1
0
-1
0
0
-1
-1
-2
21
-43
37
-12
3
4
-7
-19
52
-46
26
-12
31
-31
-14
27
-19
17
20
-56
58
-34
33
-39
21
-20
9
31
-42
14
-5
21
8
-29
15
-13
25
-21
-1
42
-57
33
-6
8
-8
-45
88
-44
-19
19
14
-6
-66
3
445
689
-447
46
43
-12
-19
26
10
-44
17
36
-53
-4
13
-22
26
50
-117
58
-15
14
-2
-16
-13
24
27
-49
-1
25
11
-41
4
1
23
-21
25
-28
2
12
21
-36
9
11
-6
14
-8
-29
21
19
1
-25
-18
15
42
-31
-17
7
7
-7
0
0
0
0
-1
0
0
0
0
1
2
-7
7
8
-15
-29
43
16
-17
-23
3
20
21
-29
-8
14
-6
12
8
-36
20
12
3
-28
25
-21
25
1
4
-40
11
25
0
-48
28
25
-10
-14
0
15
-12
60
-116
51
29
-19
16
-1
-50
39
20
-43
12
31
-16
-9
51
51
-439
-743
457
-85
-30
30
-55
7
25
9
-68
78
-36
-2
-24
6
53
-104
70
-1
-13
-16
8
-4
23
-28
12
-42
67
-59
46
-42
23
15
-55
59
-46
24
3
3
2
-18
-6
40
-55
60
-43
-6
41
-24
8
-11
6
-2
0
-8
5
-2
0
-3
1
-3
1
-3
-1
0
0
-1
2
-2
2
0
0
-1
6
-7
1
-1
7
-12
8
-23
41
-7
-43
61
-55
41
-6
-18
2
4
3
24
-46
59
-54
15
23
-40
46
-58
68
-41
12
-27
25
-4
10
-14
-13
1
71
-103
55
10
-21
2
-32
81
-64
11
29
12
-52
34
-24
-80
464
621
-435
131
-18
-15
28
-51
11
11
-17
-1
54
-58
-11
18
-4
-30
63
-31
-25
15
25
-51
34
-27
19
29
-53
21
-5
-8
4
34
-53
19
11
-23
28
-2
-35
34
-7
22
-46
21
7
-29
47
-36
7
-13
39
-17
-42
54
-23
-12
13
-5
3
-3
0
0
-1
0
0
0
1
-2
4
-4
15
-11
-22
54
-41
-16
41
-14
8
-35
47
-29
7
21
-46
23
-8
35
-36
-1
30
-23
12
20
-53
34
4
-7
-4
21
-52
30
19
-26
34
-49
26
16
-23
-29
64
-29
-1
22
-7
-55
55
1
-14
13
16
-48
30
-11
-10
135
-427
-648
418
-166
56
-18
37
-23
-46
41
-27
19
1
0
-52
63
-44
-41
103
-66
20
-8
-12
15
0
-8
4
-38
34
17
-37
16
5
-11
-17
10
0
5
13
-2
-19
9
0
-5
0
17
-19
7
-1
-4
2
10
-9
10
-46
44
-9
-8
1
3
-2
-2
1
-2
0
0
0
-1
0
-1
-1
2
2
-6
-8
44
-44
10
-9
10
3
-3
-1
7
-19
17
1
-6
1
10
-18
-2
14
6
0
11
-17
-11
8
17
-35
17
35
-37
4
-7
3
16
-9
-8
21
-64
103
-40
-42
66
-49
2
4
22
-25
43
-42
-18
42
-15
64
-160
427
494
-352
158
-90
20
-52
61
-7
-24
5
-25
55
-52
-7
27
-37
78
-82
-5
35
-20
13
-12
-9
33
-38
40
-34
-2
8
15
-40
35
-5
-6
-12
8
10
-2
-18
23
-18
16
-8
-13
9
16
-25
27
-31
23
0
-34
40
-33
22
-10
-4
5
-1
-1
-1
-1
0
0
-1
0
-1
0
-1
5
-4
-9
23
-31
42
-34
2
25
-31
28
-25
17
9
-13
-9
16
-17
24
-17
-3
10
8
-11
-5
-4
35
-39
14
10
-2
-32
41
-36
34
-7
-10
14
-18
36
-3
-80
79
-33
32
-4
-49
58
-23
9
-22
-5
65
-48
24
-83
162
-344
-518
307
-110
75
-18
-34
3
26
-32
10
-31
74
-55
-23
23
3
19
-66
65
-60
37
2
-25
12
-23
35
-33
32
-9
-23
13
9
-23
21
-3
-22
-7
61
-51
8
3
0
15
-17
27
-34
30
-46
53
-17
-25
16
-28
66
-45
3
9
-10
1
-1
0
1
0
-2
-1
1
0
0
1
-1
1
-10
10
4
-44
67
-27
17
-25
-17
54
-46
31
-34
27
-17
14
0
3
8
-51
61
-6
-21
-2
21
-23
12
13
-23
-8
34
-32
36
-21
13
-24
5
38
-58
67
-63
20
7
27
-21
-51
77
-27
14
-31
28
5
-31
-15
82
-106
316
341
-201
25
-37
11
47
-78
59
-48
41
-58
76
-59
-5
30
-15
-18
4
8
7
-17
-4
23
-26
21
-26
20
-9
5
-7
-9
36
-55
34
-3
7
-22
27
-17
0
10
-8
9
-13
18
-37
62
-29
-20
-6
30
-12
4
12
-32
20
-9
9
-11
5
-1
0
0
-1
0
0
0
0
-1
6
-11
11
-8
21
-31
14
4
-11
31
-5
-19
-29
62
-36
18
-13
9
-9
9
1
-18
27
-22
7
-2
35
-55
36
-9
-5
6
-8
20
-25
22
-25
23
-3
-15
8
10
6
-17
-11
34
-2
-56
79
-55
44
-46
63
-76
51
14
-29
29
-192
-373
167
48
-39
-33
28
-12
-18
8
34
-80
76
-56
23
-11
3
-13
33
-60
51
-27
15
-25
45
-63
45
2
-36
23
-12
-6
18
-21
14
13
-12
-13
18
-34
52
-27
5
-16
8
13
-17
38
-41
-2
7
-2
11
15
-69
57
-12
0
5
-11
0
1
0
-2
0
-1
0
-1
0
1
2
-9
5
1
-12
58
-68
15
12
-2
9
-1
-40
38
-17
13
8
-17
6
-26
52
-33
18
-13
-13
14
12
-21
19
-5
-10
24
-36
3
45
-62
46
-24
15
-26
52
-59
35
-12
5
-7
26
-52
80
-78
37
10
-15
-8
32
-29
-31
53
175
172
-56
-122
97
-5
-71
80
-72
40
-1
-46
55
-59
41
-29
40
-75
59
-11
-18
16
-5
4
-18
30
-25
-33
55
-16
-11
5
0
-9
6
9
-8
-7
2
-9
18
7
-25
32
-26
9
-23
47
-51
61
-56
36
-40
34
-31
18
-2
-3
3
-9
6
-2
0
-1
0
1
0
1
0
-1
6
-8
5
-2
1
20
-33
35
-38
37
-55
62
-51
47
-23
9
-26
32
-24
8
19
-9
2
-7
-8
9
6
-9
3
5
-9
-15
56
-33
-24
31
-17
5
-3
17
-17
-10
59
-74
43
-26
43
-56
58
-43
1
42
-68
84
-67
-1
104
-117
-47
-207
48
132
-132
36
-5
-1
-20
28
-11
-30
51
-66
55
-42
14
14
-42
38
-17
-8
-1
8
1
-8
-9
52
-62
9
13
-1
-12
4
12
-15
17
-32
30
-11
6
-5
-12
10
21
-8
-30
26
-15
23
-23
-11
31
-7
-21
21
-19
8
0
-1
-1
-2
0
0
-1
1
0
0
0
-1
-1
-1
1
9
-18
23
-21
-7
31
-10
-22
24
-15
27
-30
-7
21
11
-11
-5
7
-11
30
-32
17
-15
14
4
-12
0
14
10
-61
53
-8
-7
2
9
-1
-6
-16
38
-40
15
17
-39
59
-62
53
-27
-7
29
-17
2
-3
39
-125
136
55
-6
49
-124
86
-55
62
-75
53
-24
-13
-1
30
-56
70
-60
-10
86
-111
61
-12
-15
29
-28
4
13
-10
-24
37
-14
-8
8
-27
44
-31
-4
19
-16
20
-13
-3
4
11
-13
9
-5
-6
10
11
-41
28
3
-21
-10
47
-25
-2
2
-11
14
-8
0
-1
0
0
-1
0
0
-1
1
-7
14
-11
2
-1
-24
48
-8
-21
4
29
-40
12
10
-5
-4
10
-13
11
4
-4
-11
20
-16
20
-4
-31
44
-26
10
-6
-13
38
-23
-10
15
4
-26
30
-14
-12
62
-109
87
-5
-57
72
-53
31
2
-10
-22
58
-71
67
-52
94
-120
56
-29
-24
38
-20
16
-27
-10
38
-50
23
7
-14
-30
66
-60
7
5
8
-7
-6
4
-13
10
18
-29
6
12
-30
30
-20
4
7
-10
15
-18
1
-1
23
-25
8
1
8
-1
-17
25
-32
22
19
-56
30
20
-25
-15
45
-27
0
-4
6
-4
-2
1
-3
0
0
0
0
1
-1
1
-1
-4
7
-3
1
-25
46
-15
-24
21
33
-55
21
22
-33
26
-17
-1
9
2
6
-24
23
0
1
-18
14
-10
8
5
-19
30
-29
12
7
-28
19
11
-13
5
-4
-6
11
6
9
-56
68
-28
-10
10
27
-48
41
-6
-23
19
-12
43
-15
-176
96
21
-75
32
-31
36
-13
-35
15
47
-81
-9
105
-84
6
-12
29
-3
-13
-8
25
-30
10
16
-56
78
-53
10
-3
2
14
-49
49
-1
-43
53
-35
-4
10
20
-25
19
-18
-8
29
-46
75
-79
66
-47
26
-10
-13
14
-16
7
3
1
-8
3
-1
0
0
0
-1
0
-2
4
-6
1
3
8
-15
15
-11
-9
27
-46
67
-78
75
-45
30
-7
-15
20
-25
20
9
-3
-34
52
-41
0
50
-49
14
2
-2
11
-52
80
-56
18
12
-28
26
-7
-13
-2
29
-11
10
-82
108
-6
-78
50
18
-33
-8
41
-26
34
-68
26
105
135
-52
-119
117
-73
57
-6
-49
24
-15
23
-3
-44
42
-28
29
-44
15
20
-23
1
10
0
-4
-15
16
-36
36
-13
3
1
0
-18
7
28
-20
-4
-21
38
-7
-10
-10
6
32
-21
-23
14
12
14
-44
42
-7
-14
-32
45
-9
-4
-5
0
1
1
-1
-1
-1
0
0
0
-1
0
1
0
-4
-4
-8
46
-29
-14
-7
42
-44
15
12
14
-24
-21
32
5
-11
-10
-5
37
-22
-4
-20
28
8
-18
1
2
4
-12
37
-35
17
-14
-3
2
11
1
-23
20
18
-43
32
-25
46
-42
0
26
-10
26
-46
-2
62
-70
125
-114
-43
-322
128
88
-66
-17
25
-57
17
21
-31
38
-9
-56
56
-20
7
-14
-9
-2
12
5
-41
44
-38
30
-16
47
-64
29
-23
-5
8
5
6
-4
14
-9
-16
54
-101
79
-32
0
27
-4
-31
0
28
15
-45
26
-20
16
-22
17
-2
-12
5
5
-6
2
-1
-1
-1
0
1
-1
-1
3
-6
6
6
-11
-1
19
-21
17
-17
26
-44
16
29
0
-30
-3
26
-1
-32
79
-100
54
-16
-8
14
-4
7
5
9
-5
-23
30
-62
49
-15
31
-36
45
-39
6
13
-1
-7
-13
9
-17
58
-54
-6
40
-27
23
21
-55
29
-14
-59
92
138
84
28
-57
-58
8
34
0
-25
-5
13
0
-14
-3
9
-1
-11
-1
3
-9
-12
9
22
1
-24
-15
13
13
-10
-14
6
15
-3
-14
-3
11
0
-12
-2
15
11
-8
-13
-3
7
3
1
1
-1
-5
-5
2
5
0
-5
-4
0
0
-2
-2
0
0
0
-1
0
1
0
0
0
1
0
-1
-2
2
1
-3
-4
1
6
3
-4
-4
0
1
0
4
6
-2
-13
-7
11
14
-2
-11
1
11
-1
-14
-2
16
8
-14
-8
14
12
-14
-22
4
24
9
-10
-7
4
0
-8
2
11
0
-11
4
16
-3
-22
4
38
10
-53
-51
33
