-17
2
-7
-7
-1
-4
-1
-10
4
-5
-1
-3
0
-10
7
-6
1
-1
1
-3
3
-4
-1
0
-1
-2
0
-2
-1
0
0
-1
0
-1
1
0
-1
1
1
0
1
-1
0
1
-1
1
-1
0
-1
-1
0
-1
1
-1
0
-1
-1
0
0
0
-1
-1
-1
-1
0
-1
0
1
0
0
0
-1
1
1
0
0
1
-1
0
0
0
0
0
0
0
1
0
0
1
0
1
1
1
0
0
1
0
0
0
-1
0
0
1
0
0
1
1
-3
3
-1
1
-1
1
-2
11
-8
2
2
2
-1
6
-6
3
0
2
-1
-2
10
-11
-4
-3
-4
-2
0
-6
-6
6
-8
2
-6
-1
4
-13
0
2
-2
-1
1
-1
-1
-1
-1
-2
0
-1
-1
0
0
-2
-1
-1
1
-1
-1
0
0
0
-2
1
0
1
-1
0
1
0
-1
-1
-1
-1
-1
-1
0
-1
0
-1
0
-1
-1
-1
-1
0
-1
-1
0
0
0
1
0
0
0
0
0
0
1
0
0
0
1
0
1
0
0
0
0
0
-1
1
0
0
-1
1
1
-1
1
-1
1
0
0
0
0
0
1
-1
1
1
1
-1
3
-2
0
2
4
-11
8
1
-4
5
-4
8
-2
-2
4
1
4
1
3
-8
-1
-11
1
-9
-6
5
6
-16
0
-1
-1
-11
12
-11
-4
1
-1
-2
-1
0
-2
-4
3
-3
0
-3
0
0
0
0
-1
-1
0
-1
1
-1
0
-1
0
0
1
0
-1
0
0
-1
0
-1
-1
0
0
-1
1
0
0
-1
-1
0
0
-1
0
-1
-1
-1
0
0
1
0
-1
0
0
0
-1
1
0
-1
0
1
-1
-1
0
0
2
0
0
1
1
-1
0
0
0
0
2
0
2
-1
0
1
1
0
-1
-1
0
-2
4
-2
0
0
1
-1
-1
2
0
-6
17
-7
1
1
3
-14
9
9
-2
-6
7
-6
5
-8
-1
-6
-6
-3
2
-3
-42
59
-32
-14
30
-46
72
-75
25
-11
6
-3
1
-8
22
-27
10
-3
-4
1
-3
0
-1
-1
-1
0
-1
-1
-1
0
0
-1
0
0
-1
0
0
1
-1
2
-2
0
-1
0
-1
-1
-1
-2
-1
-1
0
-1
0
-1
-1
-1
0
0
0
-1
0
0
1
-1
0
-1
0
0
0
0
0
1
-2
1
0
0
-1
0
0
1
0
0
1
0
0
1
0
0
0
0
-1
0
-2
0
-2
3
-3
-1
11
-25
23
-7
2
-2
8
-10
29
-72
75
-43
34
-11
-28
61
-39
1
6
0
1
-1
5
-6
-14
1
-3
3
-10
-11
31
-44
17
-23
45
-9
-96
96
-34
10
-10
2
-2
-12
31
-31
11
-2
-2
-2
1
-2
0
0
0
0
-1
0
0
0
0
1
0
0
0
0
1
0
-1
0
1
-1
-1
0
-1
0
-1
0
-1
-1
0
-1
0
0
0
0
1
0
0
1
-1
0
0
0
0
-1
0
1
0
-1
0
1
0
0
1
0
0
0
1
1
1
1
-1
1
0
0
0
0
0
0
0
0
1
-2
3
-2
1
-1
12
-31
32
-10
-2
3
-10
11
-30
100
-94
-7
48
-20
20
-42
35
-7
-7
6
5
5
-6
-11
-7
1
-9
3
28
-59
11
-24
26
-14
-11
34
6
-32
15
-29
19
-1
-9
29
-84
64
-10
-1
-3
0
0
-1
-1
-1
-2
-1
2
0
1
1
0
0
0
0
1
1
-1
0
1
1
0
0
-1
-1
-1
-1
-1
-2
0
-1
-2
-1
1
-1
-1
0
0
0
0
1
0
-1
0
1
1
0
1
0
0
0
0
0
-1
1
1
1
1
1
0
1
1
0
0
0
0
1
1
0
3
-1
1
0
0
0
-1
2
-2
-1
-8
65
-82
30
-8
0
20
-28
18
-29
10
38
-7
-11
31
-23
14
-57
31
7
-2
6
1
-12
0
-13
4
1
18
-63
32
-15
26
-11
-38
-17
62
3
-38
23
-26
11
-15
-3
22
-21
9
1
-8
-2
1
0
-2
-1
0
1
0
0
-1
0
0
0
0
0
0
0
2
-1
1
0
0
-1
-1
-1
-1
0
-1
-2
0
-2
-2
-1
-1
-2
-1
-1
0
0
0
0
-1
-1
1
-1
-1
-1
2
0
1
1
-1
-1
0
0
0
0
1
0
1
0
1
0
1
0
0
0
1
0
-1
1
0
1
-2
1
2
-1
-6
3
10
-20
23
-3
-13
11
-25
24
-34
7
66
-13
-35
-8
29
-13
36
-59
23
4
11
-8
8
-16
9
-18
-9
-10
27
-44
-5
83
-77
22
29
-99
33
73
-53
-33
44
-20
4
-34
48
4
-29
-5
13
-7
0
0
-2
0
0
-1
-1
1
-1
0
1
0
-1
1
0
0
-2
1
0
0
0
-2
0
-2
0
0
-1
0
0
-1
-1
-1
-1
0
0
-1
-1
0
-1
0
0
0
0
0
0
0
1
1
1
0
0
-1
0
-1
1
0
-1
1
0
1
0
0
0
0
0
0
0
1
-1
-1
1
0
-1
1
1
-6
14
-4
-28
6
49
-33
5
-19
46
-32
-50
76
36
-96
33
24
-74
85
-1
-41
32
-7
-1
-13
17
-8
-11
8
-2
-12
-36
47
-58
102
-95
50
-70
44
-30
70
-82
57
-22
-15
11
1
-35
57
-40
12
-8
2
-2
1
-3
-1
-1
-1
0
-1
0
2
-2
1
0
0
2
0
1
0
1
1
0
-1
-1
0
-1
0
-2
-1
0
-1
0
0
0
0
0
-1
-1
1
0
0
-1
0
0
1
0
0
0
0
0
0
0
1
0
0
-1
0
0
1
2
0
0
1
0
0
-2
2
1
0
0
-1
1
0
-2
1
-1
3
-7
14
-37
58
-33
3
12
-13
-22
58
-78
73
-27
47
-66
54
-92
105
-53
50
-33
-10
4
12
-2
0
-15
7
-29
31
-46
30
-28
42
-3
-70
99
-118
88
-37
-32
53
-19
-12
1
51
-85
51
-35
24
-12
2
-1
-2
0
-2
0
-1
1
-1
0
-1
1
-2
0
1
0
1
2
-1
1
0
0
-1
-1
0
-2
-1
0
0
-1
-2
0
0
0
-1
0
-1
-1
-1
0
0
0
0
0
1
0
0
1
1
0
0
-1
0
0
0
1
0
1
0
1
1
-1
1
1
-1
1
1
1
0
1
-1
2
-2
1
-1
0
2
-10
25
-33
52
-83
52
2
-10
-19
54
-30
-33
92
-115
103
-67
1
44
-24
33
-43
33
-23
12
-7
-1
-11
-19
35
-49
60
-60
-23
49
-3
-2
-80
122
-51
-49
13
26
4
-31
23
-52
115
-113
37
6
-10
2
-2
1
-2
0
-2
0
-1
1
0
0
-1
0
-1
0
2
0
1
-1
0
0
1
-1
0
-1
-2
0
0
-2
-2
-1
0
-1
-1
-1
0
-1
-1
-1
0
0
0
0
1
0
0
0
0
0
0
0
-1
1
0
0
1
0
1
-1
2
0
1
0
0
1
-1
1
1
0
1
0
-2
1
-3
2
1
2
-8
7
38
-112
115
-51
24
-31
6
27
15
-46
-47
126
-77
1
0
51
-18
-56
65
-46
41
-14
-2
-4
-12
16
-47
50
-53
24
-22
20
-13
44
-28
-54
-10
52
-7
16
-18
-15
4
51
-111
82
-19
2
-6
0
-1
-1
1
-2
0
0
0
-1
0
0
0
-1
0
0
0
-1
1
1
0
0
0
-1
-1
-2
-1
0
-1
0
0
-1
-1
-1
-1
0
-1
-1
0
0
-1
0
-1
0
0
0
1
0
0
0
0
0
1
-1
0
0
0
1
0
1
1
1
0
0
-1
0
1
0
1
-1
0
0
-1
-2
1
1
0
1
-6
3
-18
83
-110
52
5
-15
-16
17
-3
55
-9
-51
-25
47
-11
21
-16
27
-49
54
-40
20
-4
-10
-10
3
3
-30
21
-6
-12
10
-27
-3
19
4
3
-41
35
-37
19
4
-17
33
-48
7
7
-5
6
1
-2
0
-3
0
-1
-1
1
-1
0
0
-1
1
0
0
0
1
0
0
0
1
0
0
-1
0
-1
0
0
0
-2
-1
-2
-1
-1
-1
0
0
-1
0
-1
0
1
-1
0
1
-1
0
0
1
0
0
0
-1
1
1
0
0
-1
0
0
0
1
1
0
0
-1
0
1
0
1
-1
-1
1
-1
1
-2
2
7
-4
9
8
-46
34
-15
6
21
-36
39
-38
7
8
23
0
-23
12
-8
-2
25
-27
9
7
-2
-10
-2
-21
33
-25
-7
-22
42
-17
-17
-11
-22
35
39
-10
-60
43
-26
2
-11
31
-9
-33
11
4
-1
1
-2
-1
-1
0
-1
0
0
1
-1
1
-2
0
0
1
-1
-1
0
1
0
1
0
-1
-1
-1
-1
0
0
-1
-1
-1
-1
-1
-2
-1
0
0
-1
0
0
0
0
0
0
1
0
1
0
-1
0
0
1
0
0
0
1
0
0
1
1
0
1
1
-2
1
-1
1
-1
0
1
0
0
0
0
0
-1
1
0
5
13
-31
-7
33
-9
3
-25
44
-55
-6
43
38
-20
-8
-14
-15
45
-18
-3
-22
38
-17
6
-9
-4
3
-45
31
8
6
-48
-6
38
-4
-39
28
-23
15
4
-28
19
-6
8
-22
-4
17
-4
2
-6
-1
-1
-1
-3
-1
-1
0
0
-1
0
-2
1
-1
1
-1
0
0
1
0
0
0
0
-1
-1
-1
-1
-1
0
-1
0
0
-2
-1
-1
-1
-1
-1
0
0
0
0
-1
0
1
-1
0
0
0
0
1
0
0
0
0
0
1
0
0
2
1
1
1
-1
1
0
0
-1
2
0
1
0
1
0
-1
0
1
1
-5
3
-4
18
-3
-21
10
-4
20
-27
9
19
-19
30
-35
-1
41
-4
-42
8
12
34
-36
8
4
-10
-2
2
-17
6
-14
-9
7
17
-22
12
-25
8
15
-16
-4
-9
11
4
-4
-7
6
-5
-3
1
-1
0
-3
2
-1
0
0
-1
1
0
0
0
0
0
-1
0
1
0
1
0
-1
2
-2
0
-1
0
-1
-1
0
-1
0
-2
-1
-1
-2
-1
-1
0
0
1
0
0
0
0
0
0
-1
-1
0
1
1
-1
1
0
0
1
0
1
0
0
0
1
1
1
0
0
0
1
1
1
1
-1
0
0
-1
2
-1
2
1
2
-2
-4
9
-6
-3
6
12
-8
-3
-13
17
12
-23
15
-18
19
12
-5
-11
9
-10
7
5
-9
-8
-5
8
-17
3
-8
6
-3
-6
-4
-7
19
-16
-2
-8
3
0
-7
9
-6
-1
0
-4
-2
-1
1
-4
0
0
-2
-2
0
-1
1
0
1
1
-2
1
0
1
-1
1
0
0
0
0
-1
-1
-1
0
0
-1
-1
0
-1
0
-1
-1
0
0
-1
0
-1
0
0
-1
1
-1
-2
1
0
0
0
1
1
-1
0
1
0
1
1
0
0
2
0
0
0
0
-1
1
1
0
2
0
0
0
-1
1
1
-1
2
1
0
-2
1
1
-4
10
-7
0
4
-4
2
-11
23
-4
-2
-2
-1
9
-6
7
-14
15
0
1
-10
-1
-9
-1
2
-15
11
-18
2
5
-11
1
18
-39
17
-3
0
-2
-5
3
-1
2
-9
7
-5
-1
0
-1
-1
-2
1
-2
1
-1
1
0
0
0
0
-2
0
1
-2
1
1
0
0
0
-1
-1
-1
0
0
0
-1
-1
-1
0
-2
0
0
-1
-1
1
0
1
0
0
0
0
0
1
0
0
1
0
0
0
0
0
0
0
0
-1
1
3
-1
1
1
0
0
0
0
1
1
0
1
-2
1
-1
0
0
0
0
-3
10
-8
3
0
4
-6
-1
1
1
20
-37
22
4
-7
7
3
-14
14
-11
5
7
-3
6
-9
-5
-4
-5
0
-6
0
-2
-5
-3
-3
6
-10
1
-6
-1
-1
1
-6
1
0
-4
3
-5
0
-1
0
-1
-1
0
-3
0
-1
0
0
0
0
0
-1
0
0
0
1
1
0
0
0
1
0
0
-1
-1
0
-1
0
-1
-2
-1
0
-1
-1
0
0
0
-1
0
0
0
0
0
0
0
-1
1
2
0
0
0
0
1
1
0
0
1
0
0
1
1
-1
1
0
0
0
0
0
1
-1
1
-2
1
0
1
0
0
1
-2
4
-3
1
2
-4
2
-1
2
-3
4
-7
10
0
0
-3
1
3
-2
2
2
0
2
-9
-5
-5
-6
-1
-2
-3
-3
2
-7
-3
4
-13
8
-6
-2
-7
7
-5
-1
2
-4
-2
0
0
-2
-1
0
-2
-1
0
-1
0
0
-1
0
-1
2
0
-1
0
0
1
0
0
1
0
0
-1
0
0
-1
0
-1
0
-2
0
-1
-1
-1
0
0
-1
-1
0
-1
0
0
0
0
0
-1
0
-1
0
0
1
1
0
1
0
0
1
0
1
0
1
1
0
0
0
1
-1
0
0
2
0
0
0
0
-1
0
1
0
0
0
-1
1
3
0
-4
8
-6
0
-4
11
-10
9
0
-4
4
0
0
0
1
0
1
4
-10
-4
-4
-6
-3
0
-5
-2
-7
7
-9
5
-6
1
-4
1
-7
5
-3
-1
1
0
-2
-3
1
-1
-1
-1
-1
0
0
0
-1
0
-1
0
0
0
0
0
1
1
0
0
1
-1
-2
0
-1
-1
-2
0
-1
-1
-1
0
-2
-1
-1
-1
-1
-1
0
-1
-1
0
0
0
0
0
0
0
0
0
0
0
0
1
-1
0
0
0
0
0
0
1
0
-1
1
1
0
0
0
0
0
0
-1
0
1
-1
0
0
0
0
2
-1
0
1
0
0
-3
7
-7
2
-2
3
-3
7
-5
8
-5
2
-1
3
0
2
0
3
-8
-6
-5
0
-5
-2
-4
-2
2
-5
1
-3
-3
0
-6
0
-7
5
-4
-1
1
-5
2
-1
-3
-1
-1
0
-1
0
0
-1
-1
0
0
-1
0
-1
1
-1
1
0
-1
2
-1
0
1
-1
-1
0
-1
0
-1
-1
-1
-1
-1
-1
-1
0
-1
-1
-1
-1
0
-1
-1
0
-1
1
-1
0
0
1
0
1
0
0
1
0
0
0
0
1
0
2
-1
1
1
-2
1
-1
0
0
0
0
-1
0
1
0
0
1
0
0
-2
2
3
-2
1
0
-2
5
-6
4
-3
4
-1
-1
4
-4
3
1
-2
2
-2
6
-1
1
-12
0
-6
-4
-2
-3
-1
-2
-3
-2
0
-4
0
-7
2
-6
-1
0
-3
0
-1
-3
2
-3
0
0
-1
-1
0
-1
-1
0
0
0
-1
-1
0
0
0
-1
1
1
1
1
0
0
0
-1
-1
0
-1
0
-1
-1
0
-1
-1
-1
-1
0
-1
-1
-1
-1
0
0
0
0
0
0
0
0
0
0
0
0
0
0
0
1
0
0
1
0
0
0
0
1
1
0
1
1
0
1
0
1
0
0
-1
0
0
0
0
0
1
-2
4
-3
0
2
-1
1
0
-3
5
-4
2
-1
2
1
-1
1
3
0
1
0
-1
6
-11
-1
-2
-9
1
-7
-1
-3
1
-4
0
-5
0
-5
0
-2
0
-2
-1
-2
-2
2
-3
0
-2
0
0
-1
0
-1
0
-1
-1
-1
1
-2
1
0
1
0
1
0
1
1
0
0
0
-1
0
-1
-1
0
0
-1
-1
-1
-1
0
-1
-2
0
0
-1
-1
0
0
0
0
0
0
0
0
0
0
2
-1
0
0
0
0
1
-1
0
0
1
0
1
-1
1
0
0
1
0
0
2
-1
-1
-1
0
0
1
-1
0
-1
-1
1
-3
3
-1
-1
0
-2
1
-1
4
-3
3
-2
2
-1
3
-1
2
-4
5
-2
2
5
-12
-2
-4
-4
-3
-4
-1
-3
-6
5
-3
-2
-3
0
-6
-1
-1
-2
-1
-1
-1
0
-1
0
-2
-1
-1
1
-1
0
-1
-1
0
0
0
1
-1
1
0
-1
0
-1
1
1
0
-1
0
-1
-1
-1
0
0
-1
-1
-1
0
-1
1
-1
0
-1
-1
0
0
-1
0
0
1
0
0
0
1
-1
2
-1
0
-1
0
-1
0
0
0
1
0
0
-1
1
0
0
0
0
1
0
1
0
1
0
0
0
0
-1
0
0
0
-1
2
0
1
0
0
0
-1
0
2
-2
4
0
0
0
6
-5
1
2
0
-1
2
0
4
-6
-5
-2
-4
-2
-3
-3
-2
-1
-2
-3
0
-2
-4
0
-2
-3
1
-3
-2
0
-1
-1
-2
0
-1
-1
-1
-2
-1
0
-1
-1
0
0
1
-1
-1
0
0
0
1
-1
1
0
0
-1
0
0
0
-1
-1
-1
0
-1
-1
-1
0
-1
0
0
1
-1
-1
0
0
0
0
0
0
-1
0
0
1
-1
1
0
-1
0
0
0
-1
1
0
0
1
-1
0
0
0
1
-1
0
0
1
0
-1
1
0
0
0
0
1
-1
0
-1
-1
1
1
2
-2
2
-2
1
2
-2
1
3
-1
0
1
0
0
0
0
3
1
2
-8
-4
-4
-4
-1
-4
-3
-2
0
-1
-4
0
-1
-4
1
-4
0
0
-1
0
-1
-1
-5
2
-2
1
-1
-1
-1
-1
-1
0
-1
0
0
-1
1
1
0
-1
0
0
-1
1
0
0
0
-1
0
0
0
0
-1
1
-2
0
-1
0
0
-1
-1
-1
-1
-1
-1
0
0
0
0
0
0
0
0
1
-1
0
0
0
0
0
1
0
0
0
1
1
-2
2
1
1
0
0
1
0
1
0
-1
1
-1
0
0
-1
-1
0
-1
3
-4
0
0
0
1
0
1
-2
4
-2
0
4
-2
2
1
0
1
-1
1
2
1
2
-12
-1
-4
-4
-2
-2
-4
-3
1
-3
0
-4
-2
-1
-2
-1
-1
-3
0
-2
-1
1
-2
-1
-1
-2
-1
0
0
-1
-1
0
0
-1
0
0
0
1
-1
0
0
0
0
1
0
0
0
-1
-2
1
-2
0
-1
-1
-1
-1
0
-1
-1
-1
0
0
-1
0
0
0
-1
0
0
0
-1
0
1
0
1
0
0
0
0
0
-1
0
1
0
0
1
0
0
0
2
-1
1
0
0
0
1
0
0
0
0
0
0
1
-1
0
0
0
2
0
0
1
0
0
1
0
1
0
0
1
0
3
-1
0
1
0
1
-1
5
-13
-3
-4
-5
-3
-4
0
-3
-3
-1
-3
-3
1
-6
-3
-2
-1
-2
-1
-1
-1
-1
-1
0
-1
0
-3
-1
-1
-1
-1
0
0
-1
0
0
0
-1
0
0
0
0
0
0
0
0
-1
0
0
-2
0
0
-1
-2
-2
1
0
-1
-1
-1
-1
0
-1
0
0
0
1
-1
0
0
0
0
0
0
0
-1
1
0
-1
-1
1
0
1
1
-1
0
1
0
0
1
0
1
0
0
1
0
0
0
1
0
0
1
-1
1
0
-1
0
0
-1
0
1
1
0
2
0
-2
3
2
-1
2
-1
1
3
-1
1
2
0
4
-1
-10
-2
-5
-1
-3
-3
-2
-1
-1
-2
0
-5
3
-6
-3
2
-2
-3
1
-2
0
-1
-1
-1
-1
-1
-2
0
-1
-1
0
-1
-1
-1
0
-1
-1
-1
-1
0
0
1
1
-1
1
-1
0
-1
0
-1
0
-1
-1
-1
-1
0
-1
-1
-1
-1
-1
-2
0
0
0
-2
0
-1
1
0
0
0
0
-1
0
0
1
0
0
0
0
0
0
-1
-1
-1
0
-1
0
0
0
-1
1
0
0
-1
0
-1
-1
0
0
0
-1
-1
1
-1
1
-1
2
-2
-1
3
0
-2
6
-2
3
0
3
1
2
1
0
2
1
2
-3
-1
-10
-1
-4
0
1
-6
-2
1
-3
-2
-1
-3
0
-2
-1
-2
0
-1
-3
0
0
0
-1
-1
-2
0
-2
0
-2
-1
-1
0
0
0
0
0
0
0
0
-1
1
0
1
0
0
-1
0
0
-2
0
0
-1
-1
-1
-1
0
-1
-1
-1
0
-2
0
-2
0
0
0
0
0
0
0
-1
0
-1
0
0
0
-1
1
0
1
-1
0
0
1
0
0
1
-1
0
0
0
0
0
0
0
0
-1
0
0
1
0
1
0
0
0
0
1
0
0
0
1
-1
2
0
3
-1
1
-1
0
3
2
-3
1
3
1
3
-3
-4
-4
-4
-3
-1
-1
-2
-2
0
-1
-1
0
-1
-1
-3
-1
0
-1
-1
-1
-1
-1
0
0
0
-1
-1
-1
-1
-1
-1
-1
0
-1
-1
0
0
0
0
0
0
0
0
0
0
0
0
0
0
-1
-1
-1
0
0
0
0
0
-1
-1
0
0
0
-1
-1
0
0
0
0
0
0
0
0
0
0
0
1
0
0
0
0
0
0
0
1
0
0
0
0
0
1
1
-1
0
0
0
1
0
0
0
0
0
0
0
0
0
1
1
1
0
0
0
0
0
0
0
0
0
0
0
0
0
0
0
1
0
0
1
0
