-15
-3
-4
-5
-3
-1
-4
-2
-4
-1
-3
-4
0
1
-13
5
-2
2
-4
-4
10
-14
-1
3
12
-24
7
-2
1
-3
0
-3
1
-1
-1
0
-1
0
0
1
-2
0
-1
2
-3
2
0
-1
-1
0
-1
0
-1
-1
0
0
-1
-1
-1
0
1
-1
0
-1
1
0
0
1
1
0
0
0
0
1
0
1
-1
0
0
2
-1
-1
0
2
-2
3
-2
1
-1
1
1
1
0
1
0
0
1
0
1
-3
2
-1
8
-23
14
4
0
-12
12
-2
-3
3
-1
8
-10
5
3
0
0
2
-2
1
0
1
0
1
2
5
-13
-3
-3
-5
-2
-3
-5
0
-3
-3
-2
0
-3
3
-18
5
3
-6
-11
26
-31
17
-7
-10
17
-21
9
1
-8
4
0
-2
-2
0
0
1
-2
1
1
-1
-1
1
-1
3
-4
2
-2
-2
3
-1
-1
-1
0
1
-2
-1
0
0
-1
0
0
0
-1
-1
0
0
0
0
0
1
-1
1
0
2
-1
1
1
0
-1
-1
4
-3
-2
1
-3
3
-1
2
-1
0
1
2
-2
2
0
-1
-2
-1
1
4
-7
2
10
-21
18
-10
-5
19
-30
27
-8
-4
4
9
-13
7
1
2
1
0
-1
4
-2
0
2
1
1
5
-6
-7
-5
-5
-2
-1
-5
-1
-5
0
-3
-3
1
-5
-14
14
-2
-5
5
-19
16
-2
-3
-14
21
-10
-6
-6
5
-1
-2
-2
3
-1
-2
1
-1
-2
-1
2
-2
1
0
2
-2
-4
6
-3
-1
0
-2
0
0
-4
3
-1
-1
-1
-1
-1
0
1
-1
-1
0
1
0
0
0
0
0
0
0
1
3
-3
0
1
-1
1
0
-3
7
-2
-1
2
0
2
-2
3
0
-1
1
2
-1
0
3
-1
-1
-1
7
-3
-6
-9
22
-11
-1
-1
18
-19
6
-5
-1
18
-11
-1
3
0
0
3
-3
2
-1
2
-1
1
1
2
-1
-7
-5
-6
-1
-3
-5
0
-4
0
0
-5
1
-7
-1
-5
2
-4
2
-7
4
0
-5
6
-15
12
-7
-4
0
3
0
-6
3
-1
-2
2
-1
-2
2
-1
0
0
1
1
-2
1
5
-6
1
-4
4
-1
-2
1
-3
2
0
0
-1
-1
-1
0
-1
-1
0
-1
0
0
0
1
0
1
1
2
-1
1
-1
-1
5
-3
2
-5
5
2
-2
1
0
-1
0
-2
3
0
0
3
-1
0
3
-5
0
3
1
-3
-6
12
-14
7
-4
1
6
-5
4
-4
3
-1
4
-5
4
-1
2
2
-2
3
-2
0
2
0
0
0
-22
0
-3
-5
-4
-3
-2
-7
2
-3
1
-6
-5
1
2
-12
5
-4
2
-10
11
-3
-6
3
-4
10
-15
7
-10
9
-2
-3
-1
1
0
-1
-1
0
1
1
0
-2
3
0
-4
3
3
3
-6
0
0
-4
0
2
-1
-1
-3
0
-1
-2
-1
-1
-1
-1
0
0
0
0
0
-1
0
1
-2
1
0
3
0
-3
1
2
-5
4
3
3
-4
0
2
-1
0
1
1
0
0
0
0
3
-1
-2
-2
9
-9
8
-14
10
-3
5
-4
-2
12
-7
2
-2
6
-8
6
4
-1
-2
4
1
4
-4
2
1
-1
2
2
8
-28
3
-3
-5
-2
-3
-5
-2
2
-7
-1
-3
-3
-4
4
-6
-5
2
0
1
-6
5
-4
-4
4
-9
8
-7
1
2
-5
1
-2
1
0
-1
3
-2
4
-3
2
1
0
1
0
1
-3
6
-7
3
-3
-1
-1
-1
2
-3
-1
-1
0
0
-1
-2
0
0
-1
-1
1
0
-1
0
0
0
0
-1
1
1
0
1
-2
3
-6
6
-2
1
0
0
-1
2
2
-2
3
-1
2
-1
0
1
-2
4
-3
3
1
-7
10
-8
5
-2
-1
6
-6
2
1
4
-4
-3
7
-1
0
0
2
-4
5
1
-1
2
0
1
1
10
-7
-12
14
-8
-11
-12
-3
-2
12
3
0
-3
-13
2
-29
0
9
7
10
0
-1
-10
-7
-4
0
11
2
-6
1
-1
-11
-3
-2
2
3
4
1
-1
-3
1
0
1
1
0
0
-2
-6
-4
1
9
2
1
-4
-2
-1
0
-2
1
-1
-2
-1
-1
0
0
-1
0
0
-1
-1
-1
0
2
0
0
-1
1
-5
2
3
10
2
-3
-6
-2
1
0
0
2
1
0
-2
-1
2
5
4
3
-2
-4
-10
0
2
-4
4
11
2
-2
-5
-8
0
1
10
7
10
3
-26
7
-10
0
4
9
14
2
0
-9
-9
0
19
-4
4
-14
-7
-3
-2
9
-16
-7
0
-2
1
-1
13
-24
-10
9
-2
-2
-1
-12
12
1
-1
-3
2
1
-16
-8
18
-10
4
6
-11
2
5
-6
3
1
-2
0
0
1
-1
-1
6
-9
12
-12
11
2
-9
-2
6
-4
-1
0
-2
0
-2
-1
0
0
-1
-2
0
0
1
0
1
0
-1
1
-1
1
1
-4
6
-1
-9
3
12
-12
11
-9
5
-1
-1
2
1
1
-1
2
4
-7
6
2
-11
6
6
-10
19
-7
-15
2
3
-2
0
2
12
-11
1
-2
-1
12
-8
-21
16
1
3
1
3
-3
-13
12
1
4
-2
-4
16
-16
-6
-4
19
-65
18
19
0
-5
-6
2
49
-97
20
3
10
-2
16
13
-48
11
6
-1
1
-1
-30
49
-12
-6
-19
2
2
11
-5
1
-2
2
0
0
0
1
2
-5
5
-7
14
-5
5
-21
12
-4
5
-3
0
0
-1
0
0
-1
0
-1
-2
-1
1
-1
0
0
1
-1
1
1
0
0
1
-2
6
-4
14
-20
6
-5
14
-8
6
-5
2
1
0
0
0
1
-2
1
-6
12
2
3
-19
-5
-11
51
-29
1
3
0
7
11
-47
13
16
-2
11
7
23
-95
52
4
-3
-1
2
22
22
-60
23
4
-1
-7
7
-11
0
-9
17
-114
114
-14
-7
-11
2
9
-67
12
58
-4
-25
19
-30
-90
127
-19
-10
-7
-9
5
25
-84
49
25
-3
-8
-30
10
14
-5
3
-1
3
-4
1
3
4
-8
-12
-4
51
-13
-31
-16
18
15
-7
-6
-3
1
-3
-1
0
-1
1
-1
-1
-2
0
0
-1
0
1
0
1
0
-1
3
-1
-4
-6
16
19
-14
-30
-12
51
-3
-12
-7
4
2
1
-4
3
-3
3
-3
15
11
-30
-7
-3
27
50
-82
26
8
-8
-5
-9
-18
127
-89
-29
21
-24
-1
62
15
-64
13
5
-7
-5
-10
117
-111
20
-1
5
-4
-1
-19
4
20
-20
-40
55
-70
51
-1
-36
-16
121
-200
162
-77
-16
53
-21
-30
48
-49
24
4
-17
6
0
4
-20
44
-63
44
-1
-23
19
-13
5
3
-4
0
1
4
-6
-3
28
-54
65
-47
12
6
-14
14
-8
0
1
-1
-3
0
0
-2
0
0
0
0
0
0
0
0
1
-1
0
2
-2
0
2
-1
-7
14
-13
7
13
-47
65
-54
28
-3
-7
4
1
1
-4
2
6
-12
20
-22
-1
44
-63
44
-19
4
1
6
-15
5
26
-48
49
-27
-21
54
-15
-73
166
-195
125
-12
-33
2
53
-66
59
-35
-17
27
9
-11
-10
-11
22
-35
-22
59
-30
3
-55
73
-64
15
24
34
-105
33
49
-113
189
-257
228
-143
80
-41
3
13
-25
55
-99
113
-96
56
-32
25
-19
5
9
-10
6
-3
-1
3
2
-9
24
-40
33
-18
20
-19
11
-17
14
-10
3
2
-8
7
-6
3
-3
0
-1
0
0
1
0
1
-2
4
-6
7
-7
3
5
-10
15
-16
12
-18
21
-17
33
-40
25
-9
3
5
-2
-4
7
-10
9
5
-18
24
-32
57
-95
115
-98
56
-23
15
4
-39
81
-142
229
-255
190
-113
50
38
-102
37
27
18
-61
77
-52
7
-26
63
-19
-26
26
-3
-28
21
-44
41
-100
126
-23
-100
106
-80
52
-37
-100
229
-134
-50
116
-134
128
-20
-110
98
-41
1
21
-29
30
-52
42
19
-70
55
-9
-32
43
-24
6
1
-8
7
-3
1
-7
19
-16
-23
52
-17
-34
37
-12
-13
11
-8
6
-7
4
1
-4
1
-2
0
0
0
0
-1
0
0
-1
1
-4
0
5
-7
8
-8
12
-12
-12
39
-33
-16
52
-21
-15
20
-6
1
-3
7
-8
2
7
-22
43
-33
-9
57
-68
19
42
-51
31
-28
22
4
-40
101
-109
-19
130
-133
117
-48
-130
232
-97
-33
57
-76
108
-97
-19
130
-97
48
-40
30
-24
5
1
-42
12
47
4
-80
4
44
9
-68
-71
112
52
-12
-100
-7
72
18
-25
-51
8
30
1
-26
-1
27
-5
-20
-20
25
12
-3
-16
-2
9
2
-4
-1
2
-2
-3
7
11
-5
-19
-8
12
13
0
-14
-1
6
-3
-6
1
5
-1
-3
0
0
-1
0
-1
1
0
0
0
-3
0
5
1
-6
-2
7
1
-13
-1
14
13
-6
-19
-5
12
7
-3
-3
2
0
-4
3
9
-2
-14
-2
12
25
-20
-19
-4
29
0
-24
1
33
11
-48
-24
19
73
-6
-99
-9
55
115
-68
-64
12
48
6
-75
8
51
15
-33
5
12
-4
-25
19
0
12
-59
38
0
-27
4
-22
1
-45
105
-31
-34
31
-13
5
-6
2
1
-14
-3
-10
3
-3
-2
3
14
-8
-4
17
-21
8
-4
-2
0
-6
7
-3
4
0
5
1
-9
8
-21
20
-9
0
-2
0
1
-2
1
-2
0
-4
0
0
0
-1
-1
0
0
0
-1
0
1
-3
2
0
3
-1
3
1
-2
1
-8
21
-22
8
-9
1
4
1
4
-3
8
-5
0
-1
-2
8
-21
17
-3
-7
13
3
1
-2
5
-8
-1
-13
2
2
-6
8
-12
32
-32
-28
109
-43
5
-19
7
-25
4
42
-55
14
8
25
-18
1
-9
-9
5
24
-89
43
19
-18
-7
8
-28
-29
138
-88
-4
-2
-5
-25
11
18
-5
-2
-2
-2
0
-3
-4
-1
-14
16
-10
13
-19
12
4
-2
-2
1
0
0
2
-1
0
5
-1
-8
-3
6
-6
2
-1
0
-2
-1
0
-1
1
-2
-1
0
-1
-1
1
-1
0
0
-1
1
0
-1
1
0
2
1
-1
1
-1
3
-6
7
-2
-7
-1
5
1
0
3
0
0
2
-1
-2
5
12
-19
13
-8
17
-12
-1
-1
0
1
-1
0
0
-3
19
13
-23
-3
-1
0
-84
142
-26
-24
11
-4
-16
22
45
-86
27
12
-5
-1
20
-16
-1
-6
37
-127
63
12
6
-6
-4
2
118
-237
75
10
11
-16
63
2
-64
8
-1
3
-4
1
6
-3
-8
23
1
-25
-4
-14
25
-1
4
-3
1
-9
3
-1
4
3
1
-9
-18
29
10
-29
4
2
2
0
-5
0
3
-1
0
-3
-2
-1
0
-1
0
0
0
-1
-1
-1
0
0
4
2
-4
0
2
3
4
-27
11
30
-17
-8
1
4
4
0
3
-8
1
-1
3
0
26
-14
-4
-24
1
23
-7
-2
6
2
-3
5
-1
11
-64
3
63
-16
12
13
79
-235
121
5
-3
-3
7
16
68
-124
41
2
3
-8
21
-30
-4
18
18
-105
120
-64
-20
32
23
-84
104
-67
-50
81
4
-108
135
-76
-10
28
1
-18
1
14
-11
-9
11
10
-36
32
1
-44
61
-36
-5
16
2
-13
8
0
2
-4
-3
17
-30
28
-6
-15
9
-7
2
-2
5
-6
-1
5
-6
0
0
-1
0
-1
-1
0
0
-1
0
2
-5
5
-1
-4
7
-2
2
-6
11
-13
-5
29
-31
18
-2
-3
2
-2
8
-12
2
15
-5
-35
62
-44
1
32
-35
10
12
-8
-11
16
2
-17
2
29
-9
-75
136
-106
5
84
-47
-64
106
-79
26
35
-19
-61
124
-101
21
26
1
-21
-15
0
4
-35
28
1
-40
30
-24
9
-18
74
-121
83
-57
48
-56
62
-44
9
-4
4
-5
0
-3
2
-4
3
-5
3
-8
7
-6
2
3
-11
14
-11
9
-10
7
-2
1
0
0
4
0
-12
21
-21
7
-2
1
-3
3
-7
6
-3
0
-3
1
-1
-1
1
-1
0
0
-1
1
-2
0
-3
7
-7
5
-3
2
-1
8
-20
22
-12
-1
3
0
0
1
-3
7
-9
10
-11
14
-10
4
4
-6
7
-7
5
-4
4
-3
2
-2
3
-4
6
-3
10
-43
63
-55
51
-53
85
-119
78
-17
13
-22
32
-37
6
31
-30
8
9
1
-11
-1
-5
-2
-3
-2
-2
-1
-2
-1
-1
-6
-1
-1
-3
-2
1
-1
-5
1
0
-2
0
-2
-1
-1
0
-2
0
-1
1
-1
1
0
1
0
1
0
-1
0
-1
0
0
0
-1
-1
3
-1
-1
-1
-1
0
-1
0
-1
0
-1
-2
-1
0
-1
0
0
0
-1
0
0
0
1
0
0
0
0
0
0
0
0
0
1
0
1
-1
0
1
-1
0
0
0
-1
0
0
0
0
0
1
-1
0
0
0
0
1
0
1
0
0
0
0
2
-3
0
2
-1
0
1
3
-3
0
2
0
0
-1
0
-1
1
2
3
-4
2
-9
-2
-5
-2
-2
-3
-2
-2
-2
-1
-1
-3
0
-3
-2
-2
0
0
-4
0
-1
0
-1
-1
-2
-2
-1
-2
0
-2
-1
-1
0
1
0
-1
1
1
-1
0
1
0
-1
0
-1
0
1
-1
-1
-1
0
-1
-1
-1
-1
0
0
-1
-2
0
-2
0
-1
0
1
0
0
0
-1
0
0
0
0
0
0
0
0
1
0
0
0
0
0
0
0
0
0
0
0
0
0
-1
0
1
2
-1
0
0
-1
0
1
0
0
0
0
1
-1
1
-2
2
0
-1
2
-1
3
-1
0
-1
0
0
0
0
-1
1
0
2
-2
-9
-6
-4
-4
-2
-3
-2
-3
-1
-2
-2
0
-2
-3
-3
-2
-1
0
-4
0
0
-2
-1
-1
-1
-1
0
0
0
-1
0
-2
0
1
-1
0
0
0
-1
1
0
0
0
0
0
0
0
0
1
0
-2
1
0
-1
0
-1
0
-1
0
0
-1
0
-2
0
1
0
-1
1
-1
-1
0
-1
0
0
0
0
0
0
-2
1
1
-2
1
0
0
-1
0
0
0
-1
0
0
0
0
-1
1
0
0
0
0
0
0
0
0
0
0
0
-1
0
2
-2
1
0
0
0
0
0
0
0
0
1
1
0
0
0
2
1
1
-27
2
-3
-5
-3
-2
-3
-1
-2
-1
-1
-2
-2
-3
-2
-2
-1
0
-3
1
-2
0
-1
-1
-2
-1
-1
-2
-1
-2
-1
-1
0
0
0
0
-1
1
-1
1
-1
1
0
1
0
0
0
-2
0
-1
0
0
0
0
0
-1
0
-1
-1
0
-1
1
0
0
0
0
0
0
0
0
-1
-1
0
-1
0
0
0
0
-1
0
1
0
1
0
0
1
-1
1
-1
0
0
1
-1
1
-1
0
0
0
0
-1
1
0
0
1
-1
2
0
0
-1
1
-1
2
0
1
0
0
1
1
1
0
0
0
-1
0
0
1
1
9
-55
16
-3
-5
-2
-4
-2
-4
-1
-2
-1
-2
-2
-2
-1
-3
-1
-1
-2
0
0
-1
-1
-1
-1
-1
-1
-1
-1
-2
-1
-1
0
0
-1
3
-1
0
0
1
0
0
0
1
0
-1
-2
0
-1
-1
0
-2
0
0
0
0
0
-1
-1
-1
0
-1
-1
-1
-1
0
0
0
0
0
0
0
0
-1
0
0
0
0
0
-1
-1
1
0
0
1
2
-1
0
-1
0
1
0
0
1
-1
0
0
-1
0
0
-1
0
1
0
0
-1
0
0
0
0
0
1
0
-1
1
-2
1
1
1
0
0
-1
0
0
0
0
1
24
-55
16
-2
-5
-1
-3
-2
-3
-1
-1
-2
-2
-1
-1
-1
-2
0
0
-2
1
-1
-2
0
-2
-1
-1
0
-2
0
-1
0
-3
0
0
0
0
0
1
0
0
1
0
1
1
-1
1
-1
0
-1
-1
0
-1
0
-1
-1
1
-1
0
0
-1
0
0
0
1
-1
1
0
1
0
1
-1
0
0
1
0
0
0
-1
0
0
0
0
0
1
-1
1
1
0
0
0
0
0
0
1
0
0
0
0
0
0
0
-1
0
-1
0
0
1
0
0
1
-1
1
0
-1
0
0
1
0
0
1
0
1
0
0
0
2
0
25
-24
0
-3
-6
-2
-4
-2
-3
-1
0
-2
-1
-3
-2
-2
-3
-1
-1
-1
0
-2
1
-1
-2
0
-1
-1
-1
0
-1
-2
0
-1
-1
0
-1
0
1
-1
1
-1
0
0
0
0
0
-1
0
-1
-2
0
-2
-1
-2
-1
0
0
0
0
-1
0
0
-1
0
0
-1
-1
0
0
1
1
-1
0
1
0
0
0
0
1
-1
-1
1
-1
0
0
0
1
1
0
-1
-1
1
0
1
0
-1
-1
1
0
0
0
2
-1
0
0
0
0
1
-1
1
0
1
0
0
0
1
-1
2
1
0
0
0
0
0
0
1
1
8
10
-12
-3
-5
-2
-1
-2
-3
-1
-2
-2
-1
-1
-2
-1
-3
0
0
-1
-1
-1
-1
-1
-1
-1
0
-2
0
-1
0
-1
-2
1
-2
0
-1
1
0
-1
0
-1
-1
1
0
1
0
0
0
0
0
0
-1
0
0
-1
-1
0
0
0
-1
0
0
0
0
0
0
-1
0
0
0
0
0
0
0
0
0
0
0
1
-1
0
0
1
0
1
0
0
0
-1
0
-1
0
1
0
-1
-1
1
-1
0
0
0
0
-1
0
0
0
0
0
0
0
0
1
0
0
1
0
1
1
0
0
1
0
0
0
0
2
0
-5
33
-25
-2
-5
-2
-1
-2
-1
-1
0
0
-1
-2
-2
-2
-4
0
-1
0
-1
-2
0
-1
0
0
-1
0
-1
-2
1
-1
-1
0
-1
-1
0
1
-1
1
-1
0
0
0
1
-1
1
0
1
0
-1
-1
0
-1
0
0
-1
0
0
0
0
-1
-1
0
-1
0
0
0
0
0
-1
0
0
-1
0
0
0
1
1
0
-1
0
-1
0
1
-1
0
-1
0
0
0
0
0
1
0
-1
0
0
-1
-1
1
-1
0
1
-1
0
0
0
1
-1
0
1
-2
1
-1
1
0
1
0
0
0
0
1
0
1
0
2
0
-18
30
-24
-3
-5
-2
-1
-1
-2
-2
0
-3
-1
-2
-2
-2
-3
0
-1
-1
-1
-1
-1
0
-1
0
-1
-1
0
-2
-1
-1
-2
0
0
1
-1
0
0
-1
-1
0
0
0
1
-1
-1
0
0
0
-1
-1
0
0
-1
-1
0
-1
-1
0
0
-1
-2
-1
-1
0
0
-1
-1
0
0
0
0
0
0
1
0
-1
1
0
0
1
-1
0
0
-1
1
0
0
1
-1
0
0
1
-1
1
-1
0
-1
0
-1
-1
1
0
0
0
0
1
0
0
0
0
0
0
2
0
1
1
0
0
1
-1
-1
1
0
1
2
0
-15
16
-16
-2
-5
-2
0
-2
-2
0
-2
-1
-1
-2
-1
-2
-3
0
0
0
-1
-1
-1
-1
-2
0
-1
0
-1
-1
-1
-1
0
0
0
0
0
-1
1
0
0
0
-1
1
0
0
0
0
2
0
0
-1
0
-1
-1
0
-1
-1
-1
-1
-1
-1
0
-1
-2
0
0
0
0
0
0
-1
0
-1
0
1
-1
0
0
0
0
0
0
0
-1
1
0
0
1
1
0
0
0
0
0
-1
1
0
1
0
-1
-1
0
0
-2
1
-1
0
0
0
1
0
0
0
0
1
1
1
0
0
0
1
-1
0
0
1
2
1
-8
-6
-4
-2
-3
-2
-2
-2
-2
0
-1
-1
-1
-1
-1
-2
-1
-1
-1
-2
0
-1
0
-1
0
0
-1
-1
0
0
0
-1
0
0
0
0
0
0
-1
0
0
0
0
0
0
0
0
0
0
0
-1
-1
-1
-1
0
0
0
0
0
0
0
0
0
0
0
-1
-1
0
1
0
0
0
0
0
0
0
0
0
0
-1
0
0
1
0
0
0
0
0
0
0
0
0
0
0
0
-1
0
0
-1
0
0
1
-1
0
1
0
0
0
0
0
0
0
0
0
0
-1
0
1
0
1
0
0
0
0
0
0
1
1
0
-4
-4
-4
-3
-1
-2
-3
-2
0
-1
-2
0
-1
-1
-2
-1
0
-1
-1
-1
-1
0
0
0
0
-1
-1
-1
-1
0
-1
-1
0
0
0
0
0
0
0
0
0
0
0
0
0
0
0
0
0
0
0
0
-1
-1
-1
0
0
0
0
-1
-1
-1
-1
-1
0
0
0
0
0
0
0
0
0
0
0
1
-1
0
0
0
0
0
0
0
0
0
0
0
0
-1
-1
-1
0
0
1
1
0
0
0
0
0
0
0
0
0
0
0
1
0
0
0
0
0
1
1
0
0
1
0
0
0
0
1
1
0
1
0
0
