0
-2
0
-1
0
-1
3
-6
3
-2
3
-1
-4
-1
8
-20
1
21
-11
1
-1
0
1
-1
0
0
-1
1
0
-2
0
1
-1
1
-1
0
1
-2
0
-1
-1
1
-1
1
0
-1
0
0
0
0
-1
1
-1
0
-1
0
0
0
-1
0
-1
-1
-1
0
0
-1
0
-1
0
0
-1
-1
0
-1
0
-1
0
-1
0
0
0
1
-1
1
0
-1
0
-1
-1
1
-1
0
-1
0
1
-2
0
-1
0
1
-1
-1
0
-1
-1
1
-2
-2
-1
-2
10
-22
-1
19
-9
0
2
-1
-4
0
-4
5
-4
-1
-2
-2
-1
-2
0
-1
0
-2
0
0
2
-9
7
-1
3
-1
6
-31
20
9
0
-17
10
-7
-3
12
-4
-2
0
2
-1
-2
1
0
-1
2
-1
0
0
0
0
-1
-1
0
-1
-1
-1
0
-1
1
-2
-1
1
-1
1
-1
0
-1
1
0
-1
0
0
1
0
0
-1
-1
0
0
-1
0
0
-1
-1
0
0
1
-1
0
-1
0
-1
0
-1
0
1
-3
1
-1
-1
0
0
-2
1
1
0
-1
0
-1
0
-2
1
-1
-1
0
1
-2
0
1
2
-12
4
6
-10
16
0
-11
-22
30
-7
0
-3
0
-7
8
-5
-1
-1
-2
-1
-3
0
-2
1
-1
0
0
2
-4
1
0
4
7
-38
34
-9
-26
19
16
-9
0
-13
14
-3
1
-9
16
-10
1
1
1
0
1
0
-1
-1
0
-1
-1
0
-1
-1
0
0
0
0
1
-2
2
-1
1
-1
0
0
0
0
-1
0
1
-1
-1
0
-1
0
-1
0
0
0
0
0
0
-1
-1
-1
0
-1
0
0
0
0
0
0
-1
2
-2
-1
-1
-1
-1
0
-1
0
0
0
-1
0
-2
0
-1
-1
0
-1
-1
9
-16
9
-2
4
-15
13
-1
9
-16
-20
26
8
-37
36
-9
-6
-3
-2
2
-4
-1
-2
-1
-2
-3
0
-1
2
-4
2
-4
2
-3
1
1
-5
12
-21
-2
5
16
-3
4
-13
-1
3
3
-1
2
-13
4
9
-2
0
-1
1
2
-1
-1
0
0
-1
1
-1
0
-2
1
-1
0
1
-1
1
-1
0
0
0
-1
0
-2
-1
0
0
0
0
0
1
0
0
-1
0
0
-1
-1
0
-1
0
0
0
-1
-1
-1
0
-1
-1
0
0
1
-2
1
0
0
0
-3
1
-1
0
-2
-1
0
0
-1
1
-1
0
1
0
3
-10
-5
12
-3
1
-2
-3
0
11
-4
3
-18
-6
1
19
-13
4
-2
-2
2
-4
2
-3
1
-4
-3
0
13
-38
22
-1
-2
44
-68
33
-29
22
-13
39
-52
-10
42
2
-4
-11
-1
4
6
-14
-8
48
-39
10
-8
5
0
0
-2
1
2
-2
0
1
0
-1
-1
-1
0
0
-1
1
-3
2
-2
1
0
-1
0
1
0
1
0
-1
0
-1
-1
0
-1
0
0
0
0
-1
0
-1
-1
-1
-1
0
0
0
0
0
0
0
0
-2
1
-3
3
-2
1
-1
0
-1
0
-1
1
-1
0
1
-3
-2
3
0
0
-5
6
-9
38
-49
7
13
-6
-5
0
11
4
-3
-44
9
51
-40
10
-24
28
-33
67
-47
1
0
-24
36
-18
0
9
-31
19
7
10
-121
143
30
-113
19
50
32
-161
-7
377
-353
29
69
15
-42
-43
93
18
-170
130
16
-33
-12
0
44
-52
23
-2
-10
12
-11
9
-1
1
-3
-4
8
12
-44
50
-33
15
-12
8
-4
0
0
-1
-1
0
-1
0
0
0
0
0
0
-1
0
-1
-1
-2
0
1
0
-1
1
-1
0
1
0
-2
4
-10
12
-16
33
-52
44
-13
-8
4
3
-2
1
-8
11
-13
9
2
-24
51
-45
0
12
32
-17
-132
170
-19
-93
41
42
-15
-68
-30
353
-378
5
158
-33
-50
-20
110
-30
-144
120
-9
-8
-23
30
-13
0
-11
24
-15
-21
-32
221
-196
-53
97
-13
-7
62
-106
-66
242
-121
-63
52
-3
-9
73
-70
-28
11
113
-114
26
12
-33
32
-2
-4
-6
-4
2
1
0
6
-3
-8
7
0
6
-13
0
11
-3
-7
4
0
0
-1
0
0
-1
0
0
-1
1
-1
-1
-1
0
0
-1
-1
0
0
0
-1
0
-1
0
-1
1
0
-1
-1
-4
7
1
-11
-1
11
-8
-1
-8
7
3
-7
-1
-1
-3
2
5
3
2
-33
33
-12
-26
114
-113
-12
27
69
-73
8
3
-53
63
121
-243
65
106
-63
6
11
-99
52
196
-223
31
19
13
-25
7
0
-16
35
-12
-2
112
-350
247
26
-20
-22
60
-232
237
-67
-14
13
12
-41
53
-64
56
-22
28
2
-47
21
1
0
8
-2
-19
15
-1
-1
-4
5
-5
4
-2
0
0
-4
2
-3
11
-8
0
1
0
0
0
0
0
1
0
0
-1
-1
0
1
0
-1
-1
0
0
0
-1
-2
0
-1
-1
-1
0
0
1
0
1
-1
1
-2
-1
8
-11
3
-2
2
0
-2
1
-5
4
-5
4
1
0
-16
19
1
-7
-1
-1
-22
47
-2
-28
22
-55
64
-54
41
-13
-14
14
65
-237
231
-62
20
18
-26
-248
349
-112
1
10
-37
12
0
-18
37
-27
6
18
-32
-56
174
-146
59
-88
206
-128
-88
74
17
-39
76
-72
63
-58
36
-21
-99
162
-59
2
-2
0
-4
0
0
-4
5
0
-4
3
-3
3
-3
1
2
-2
-10
17
-11
3
-1
0
-2
0
0
0
-1
0
-1
0
-1
0
1
0
-1
0
0
0
-1
0
-2
-1
0
0
-1
1
1
0
-1
-1
1
-2
0
-3
12
-18
9
1
-3
-2
1
-5
1
-4
3
0
-7
2
0
-1
3
-1
0
-3
58
-162
98
20
-37
57
-63
72
-75
39
-18
-75
86
126
-207
87
-62
145
-175
56
32
-20
-7
24
-37
15
0
-20
41
-46
48
-55
54
24
-121
55
54
-145
235
-199
165
16
-301
245
-96
71
-66
37
2
-22
61
-41
8
-7
-7
10
-1
-9
5
6
-3
-3
-1
2
2
0
-2
2
-3
2
4
-9
0
3
-4
3
-1
1
-1
1
1
0
0
0
0
0
0
0
0
-1
0
0
0
-1
0
-1
0
0
-1
-1
-1
0
-1
0
1
-3
3
-5
-1
9
-5
-5
2
-4
1
0
-3
-2
0
1
2
-8
-5
9
0
-11
6
8
-7
41
-61
23
-2
-38
66
-70
95
-245
300
-17
-165
199
-237
142
-57
-58
120
-25
-54
54
-50
43
-44
15
0
-20
35
-43
51
-92
149
-35
-94
36
3
-4
-9
-42
126
-12
-96
72
-62
37
-11
15
-25
29
-32
24
-11
0
8
-6
-5
6
-3
5
-12
9
-3
-1
0
-1
2
3
-9
7
3
-9
5
0
1
-2
0
0
-1
0
0
-2
-1
0
0
-1
0
0
-1
0
0
0
-1
0
-1
1
-1
1
-1
1
-1
-1
0
0
-1
0
-1
0
-5
8
-5
-5
9
-4
-3
0
-1
0
1
-8
11
-7
3
-6
5
6
-9
-1
10
-26
31
-30
25
-16
10
-37
62
-72
96
11
-128
41
7
4
-5
-39
93
35
-149
92
-53
41
-36
16
0
-19
33
-35
34
-73
116
-25
-64
27
0
-10
19
-75
123
-28
-22
18
-58
40
-5
-1
-9
25
-36
18
5
3
-9
7
-4
7
-5
3
-7
3
-1
2
-1
-1
-1
5
-9
0
7
-7
5
-2
-2
0
-1
0
-1
0
-1
0
-1
-1
-1
0
0
-2
-1
-1
0
1
0
0
0
-1
0
-1
0
-1
0
-1
0
0
0
-1
1
1
-6
6
-7
0
9
-6
0
1
-1
-3
0
-4
6
-5
5
-6
4
-7
9
-4
-6
-18
35
-24
9
1
5
-42
58
-18
21
25
-124
73
-19
9
0
-30
64
23
-117
70
-36
32
-34
15
0
-19
36
-35
35
-49
60
-89
104
-51
18
-99
157
-101
-3
172
-222
87
-27
17
-3
-7
20
-32
51
-34
2
8
-8
6
0
-1
-6
15
-11
8
-7
1
-2
1
1
-2
0
-2
3
15
-18
4
0
0
-1
1
-1
-1
0
0
0
0
-1
0
-1
-2
0
0
0
0
-1
0
-1
0
0
1
-1
1
-1
0
1
-1
0
-2
-1
-3
18
-15
-4
1
0
1
-2
-1
2
-3
6
-9
9
-14
5
1
0
-7
7
-9
-3
33
-52
33
-20
7
3
-17
26
-87
221
-173
1
99
-159
97
-20
49
-105
87
-60
48
-37
33
-37
15
0
-19
34
-21
1
66
-68
-100
161
-66
28
-87
93
35
-76
-7
11
-2
5
6
-10
14
-7
8
-14
8
6
-13
12
-1
0
-6
4
3
-4
1
2
-4
2
-3
-3
10
-5
-4
5
-6
4
2
-2
0
-1
0
0
0
1
0
0
-1
-1
-1
0
0
-1
0
0
0
0
0
-1
-1
-1
-1
0
-1
0
0
-1
-1
1
-1
2
-2
-3
6
-6
4
6
-10
2
2
-3
3
-3
0
2
-3
-4
6
-1
1
-12
13
-7
-6
13
-7
7
-14
10
-6
-5
2
-11
5
74
-38
-95
86
-31
63
-161
98
67
-67
-2
19
-35
13
0
-17
21
9
-25
54
-104
89
-45
22
-21
16
9
-33
18
10
-1
-4
-14
10
1
-1
0
-4
8
0
-4
-5
10
-7
-7
10
-8
2
2
-3
0
-1
0
-1
0
-3
1
2
-7
9
-4
-5
3
-3
0
0
-1
0
0
0
0
-1
-1
1
0
-1
0
-1
0
-1
0
0
0
0
0
0
0
0
-1
-1
-1
0
-1
0
-4
4
2
-11
6
-2
-2
3
-1
-1
-1
0
-1
2
-4
-4
8
-11
6
6
-12
3
3
-1
-9
4
0
1
-1
-10
14
4
0
-12
-19
33
-11
-18
19
-23
44
-89
102
-55
24
-11
-22
14
0
10
-17
14
-10
9
-7
-20
24
-1
-11
1
11
-19
27
-40
36
-11
1
-2
3
-1
0
3
-5
3
-2
1
0
0
0
0
0
2
-4
1
0
1
0
0
0
0
0
-1
1
-2
0
0
0
0
-1
0
0
-1
0
-1
1
0
0
-1
1
0
0
-1
0
-1
-1
-1
-1
1
-1
0
-1
-1
1
-1
-1
0
0
0
0
-1
0
0
-2
-1
-1
-2
0
0
1
-1
0
-2
3
-3
-1
1
0
0
0
-2
2
-4
5
-4
0
0
-2
2
0
11
-36
40
-29
18
-12
-3
8
-2
-25
19
6
-10
9
-18
16
-17
0
5
-11
6
-2
10
-24
34
-39
20
-12
5
-4
7
-7
1
-1
3
-3
0
-2
0
3
-2
3
-10
8
1
-2
2
0
1
0
-2
2
-1
0
-1
-1
0
0
0
0
0
-1
0
-1
0
-1
0
0
0
-1
-1
0
-1
0
0
0
0
-1
-1
0
0
0
0
0
0
0
0
-1
1
-1
0
0
-1
0
-1
-1
0
0
0
0
0
1
-1
1
-1
-2
0
0
-1
0
0
-2
1
0
-1
1
-2
2
-1
-9
10
-3
1
-3
0
2
-2
2
-3
0
-3
7
-9
2
-6
10
-22
38
-36
23
-13
0
-8
10
-9
0
-2
-1
0
-2
9
-12
11
-13
8
-10
11
-8
1
1
-5
8
-5
5
-3
2
1
-2
-5
8
-3
-2
0
2
-2
3
-2
0
-1
0
-2
1
0
-1
-1
-1
1
-2
0
-1
0
0
0
0
-1
-1
-1
0
0
-1
0
-1
-1
0
-1
0
0
0
-1
0
0
-1
0
0
0
0
0
-1
-2
1
-1
0
0
0
-1
0
1
0
-1
1
-1
-1
0
-1
0
-1
-1
-2
0
-1
0
-1
1
-3
2
-2
1
0
2
-9
3
1
0
-1
2
-6
5
-8
5
-2
-3
6
-12
9
-10
12
-12
12
-10
0
-2
-1
-3
0
-2
1
-2
1
5
-12
13
-14
5
-3
4
-10
9
-3
-6
7
-5
1
3
-5
3
-3
3
0
-1
0
0
0
1
-1
0
-2
0
0
-1
0
0
-1
1
0
-2
0
0
0
0
0
-1
-1
0
-1
0
0
-2
0
-1
1
0
-1
0
0
-2
0
0
0
1
0
0
0
0
0
0
-1
-1
0
0
0
-1
-1
0
0
0
-2
0
-1
0
0
1
-1
0
0
-1
-1
0
-1
-1
1
-1
1
-1
-1
0
0
1
0
-2
1
-3
4
-3
0
3
-8
4
2
-11
9
-6
2
-7
13
-15
10
-6
-2
0
-3
-2
0
-3
2
-3
1
0
-3
1
-2
-2
0
0
-5
2
2
-3
2
-2
0
-1
1
1
0
-1
0
0
0
0
0
0
0
-1
1
-1
0
0
0
-1
-1
1
0
-1
0
0
0
-1
0
0
-1
0
0
0
-1
0
-1
-1
0
-1
-1
-1
0
0
-1
0
0
-1
0
-1
0
-1
0
1
-1
0
0
0
0
0
0
0
0
0
-1
0
0
0
-1
0
-1
-1
-1
-1
0
1
-1
1
-1
0
0
-2
0
0
-1
1
-1
1
0
-1
0
0
-1
0
-3
1
-3
-4
3
-1
-3
-1
1
-3
2
-1
-3
1
-3
-1
0
-1
0
-1
0
0
-2
0
0
0
-1
1
-3
0
-1
1
-1
0
-1
1
0
-1
0
0
0
0
0
0
0
0
1
-1
-1
-1
-1
0
0
0
0
0
0
0
-1
0
0
-1
0
0
0
-1
-1
-1
0
-1
0
-2
0
-1
0
-1
0
0
-1
-1
0
-1
0
-1
0
-1
0
0
0
0
-1
0
0
0
0
-1
0
0
-1
0
0
0
-1
1
0
0
0
0
-1
0
-1
-1
0
-1
0
0
0
0
0
-1
0
-1
0
0
1
0
1
0
1
-3
-1
-2
2
-1
-1
-2
0
-1
0
-1
-2
0
-3
-2
0
-2
2
-2
0
0
0
1
2
-1
-2
-1
1
-2
-3
1
-1
1
0
0
0
0
1
-1
0
0
0
0
0
0
-1
-1
0
0
0
0
0
-1
-1
-1
-1
0
0
0
0
0
0
1
0
-1
0
0
0
0
0
-1
0
0
0
0
-1
0
1
-1
0
-1
-1
-1
-1
0
0
0
0
0
-1
-1
-1
0
0
0
-1
-1
-1
0
0
0
-1
-1
0
0
0
0
0
-2
-1
0
-1
-1
0
-1
-1
0
-1
-1
-1
-1
-1
0
0
0
-2
0
0
-4
2
0
-3
0
0
-1
-3
-1
0
-1
-1
-1
-4
-1
0
-1
1
0
0
0
0
-2
2
0
-1
0
-1
1
-2
1
1
0
-1
0
0
1
0
0
0
0
1
0
0
0
0
-1
0
1
-1
0
-1
-1
0
0
0
0
1
-1
0
0
0
-1
0
0
0
-1
0
0
0
-1
0
0
0
-1
-1
0
0
-1
0
-1
0
0
0
0
0
-1
0
0
-1
0
-1
0
0
0
0
-1
0
-1
-1
0
-1
-2
0
0
0
0
0
-1
-1
-1
0
0
-1
0
0
-1
-1
0
0
0
0
-1
0
-1
-1
-1
-1
-2
2
-2
0
1
-1
-1
-2
0
-1
-2
-1
-1
-2
-2
0
-1
0
-1
1
-1
0
-1
1
-1
0
0
-1
0
-1
-2
0
0
-1
0
-1
0
0
-1
0
0
0
-1
0
0
0
-1
0
0
0
0
-1
-1
0
0
0
0
0
-1
0
0
1
0
0
0
0
0
-1
-1
0
0
-1
-1
0
-1
-1
-1
-1
-2
0
0
0
-1
0
0
0
0
0
0
0
-1
-1
0
0
-1
-1
0
0
0
-1
0
-1
0
0
-1
0
-1
0
0
1
0
0
1
-1
0
0
0
-1
0
0
0
-1
0
0
-1
0
0
-1
0
0
-2
-1
-1
-1
1
-1
-1
0
-1
-1
-1
-1
-2
0
-3
5
-2
0
-1
-1
1
2
-1
-2
7
-21
21
-3
-30
39
-23
5
6
-6
-3
7
3
-24
29
-15
3
0
0
-1
0
0
-1
0
1
-1
-2
1
0
-2
0
-2
2
0
-1
1
-1
0
-2
2
-2
2
-2
-1
2
-3
1
0
0
0
1
-1
-1
0
0
0
-1
0
-1
0
-1
1
-3
1
1
-3
2
-2
1
-1
-1
-1
1
0
-3
1
-2
0
-1
-2
1
0
-3
0
0
-1
0
0
0
-2
-3
15
-31
23
-4
-8
3
6
-5
-5
22
-40
28
2
-23
19
-10
2
-1
-3
0
1
0
-1
-2
-6
0
0
-24
12
75
-91
13
7
5
-1
-1
-3
3
-1
-8
16
-29
37
14
-51
-8
58
-44
-3
39
-8
-44
31
1
-4
9
-18
15
2
-20
18
1
-9
4
0
-3
-1
2
0
-1
-1
-1
-1
0
0
-1
0
-1
-1
-1
-1
0
0
-1
0
-1
0
-1
-1
0
0
0
0
0
0
-1
0
1
0
-1
0
0
0
-1
0
-2
-1
-1
0
0
-1
0
-1
-1
0
2
-1
-5
9
-1
-18
20
-2
-16
18
-10
4
-2
-32
44
7
-39
2
43
-59
8
50
-14
-38
28
-17
6
0
-5
1
-1
0
-7
-8
-14
89
-80
-14
18
0
13
-4
-26
21
-6
-4
5
1
0
-1
-5
14
-16
8
-22
39
26
-82
27
68
-117
41
-33
126
-123
52
-2
-2
-2
11
-16
11
-35
48
1
-42
33
-2
-18
10
-4
2
-1
0
-2
-1
-2
2
-2
0
0
0
0
0
-1
0
0
-1
0
0
0
0
-1
0
0
-1
0
0
-1
0
0
-1
1
0
-1
1
-1
0
1
-2
1
0
-1
-1
1
-4
3
-11
18
1
-33
41
-2
-48
35
-12
17
-10
3
2
1
-52
123
-127
32
-42
117
-68
-27
80
-27
-39
20
-11
14
-15
4
0
-1
-1
-6
3
4
-22
24
2
-18
0
-1
63
-146
69
27
-29
15
-3
-3
4
-6
5
-6
9
-23
26
-24
25
-45
132
-84
-98
141
-245
339
-151
-16
6
28
-14
-22
1
20
-7
-13
37
-24
6
-15
10
-3
1
-1
0
0
-2
1
0
0
0
-2
0
-1
0
0
0
1
0
-1
0
1
0
0
0
-1
0
-1
0
0
-1
0
-1
0
0
0
0
0
-1
0
0
-2
1
-1
-1
0
-2
4
-12
14
-8
24
-38
13
6
-20
-2
22
15
-28
-7
15
150
-339
244
-141
97
83
-133
44
-26
26
-26
21
-11
5
-6
6
-6
1
2
-16
28
-27
-71
143
-64
-3
0
-6
74
-145
91
-21
2
-3
6
-3
0
-7
8
-2
1
-2
-14
2
5
34
98
-270
167
-135
304
-363
159
32
16
-11
-45
-6
17
-11
53
21
-101
74
-44
9
2
-5
11
-4
1
-1
1
-1
0
-2
0
0
0
1
0
-1
0
0
-2
0
-1
1
0
0
0
-1
0
0
0
0
0
1
0
-1
0
0
-1
-1
0
1
0
1
-2
1
-2
4
-11
4
-3
-10
44
-74
99
-21
-54
12
-17
6
44
10
-16
-34
-160
363
-305
136
-169
270
-98
-33
-6
-3
14
0
-3
1
-9
5
-1
0
-7
2
-2
21
-93
141
-76
2
0
-3
69
-111
20
36
-24
15
-7
2
-2
1
-3
3
-3
4
-13
11
-26
44
-51
168
-297
197
130
-320
192
-78
42
-27
23
31
-44
7
-20
146
-256
146
-8
-15
6
1
15
-17
1
1
1
-1
-7
3
1
-1
0
1
0
-1
0
1
0
0
1
0
-2
0
0
0
0
0
0
-1
-1
0
0
-1
0
0
-1
0
-2
-4
6
-1
-2
-2
-1
17
-16
-1
-7
15
6
-148
255
-146
20
-7
44
-30
-23
27
-41
78
-192
319
-130
-197
297
-170
51
-45
26
-14
12
-7
2
-5
2
-1
1
-3
7
-16
23
-38
-22
107
-68
-1
0
2
-7
0
12
-15
6
3
-4
0
-1
-4
4
-3
0
6
-14
11
8
23
-75
-27
229
-182
-207
497
-450
191
6
36
-129
94
-51
129
-100
-135
272
-137
-64
95
-39
-2
13
-6
-3
9
-12
11
-13
9
-3
0
0
-1
0
-1
-1
-1
-1
0
0
-1
0
-1
0
-1
-1
-1
0
-1
0
0
0
0
0
1
0
-1
4
-11
13
-13
11
-9
2
4
-14
1
38
-95
65
135
-272
135
100
-130
51
-94
128
-36
-6
-193
450
-497
206
183
-229
26
74
-25
-9
-12
14
-6
-1
0
-4
3
-1
-3
3
-4
-6
14
-13
-3
6
-6
0
-3
1
7
8
0
-9
-6
4
7
-2
-9
-3
7
4
-8
-7
5
6
-3
6
34
28
-36
-92
-52
53
91
16
-62
-35
46
53
-23
-65
-18
40
30
-16
-20
12
19
-6
-17
1
12
0
-10
-2
6
0
-6
0
5
-1
-6
0
4
-2
-5
0
4
-1
-6
0
5
-1
-6
-1
4
0
-5
0
4
0
-7
-1
6
0
-7
1
9
-1
-12
-1
15
6
-20
-12
20
15
-31
-42
17
64
21
-54
-46
35
62
-17
-91
-53
52
92
36
-29
-35
-6
2
-7
-6
6
7
-6
-9
0
7
-1
-9
-4
5
7
-1
-9
-10
-2
1
