0
-2
1
-1
0
0
0
-1
-1
0
-1
-2
-1
-1
0
-10
50
-83
64
-17
-7
4
0
0
-4
7
-4
10
-28
56
-67
38
-8
-1
1
-1
0
-2
1
0
0
0
-4
5
-1
-1
0
-1
0
0
-1
1
0
0
1
0
0
-1
0
0
-1
-1
0
0
0
0
0
0
0
0
-1
1
-1
0
-1
0
0
1
0
-1
0
0
0
0
0
-5
5
-1
-1
0
-2
0
-1
-1
-2
1
7
-38
65
-56
27
-10
4
-6
3
-1
0
-4
6
16
-65
83
-50
9
1
-1
-1
0
-2
0
0
-1
-1
0
-2
-2
-2
-2
0
-2
0
-1
0
-1
0
0
0
1
-2
0
0
0
-7
-25
110
-131
69
-20
-1
1
-1
2
-6
11
-1
16
-73
52
16
-23
4
2
-2
0
0
-1
0
1
-1
0
1
-5
2
0
0
0
-1
1
-1
0
0
-1
0
-1
0
-1
0
0
0
-1
0
-1
0
0
-1
0
0
0
-1
0
0
0
0
0
0
-2
0
-2
1
-1
0
0
-2
4
-3
-1
0
-1
0
-1
-1
0
1
-3
-5
23
-16
-54
73
-18
-1
-12
6
-3
1
-3
0
18
-70
130
-110
23
5
-1
-1
-1
0
-1
0
-1
-1
0
-2
-1
-2
-3
0
-1
0
-2
0
0
0
0
0
-1
-1
-3
3
0
-2
3
-48
115
-103
25
17
-8
-3
4
-3
9
-1
-21
6
41
-62
55
-21
-8
8
-1
0
-1
1
-1
-1
-2
-2
5
-3
0
-1
0
0
0
-1
0
1
0
-1
-1
-1
-1
-1
0
0
-1
0
0
0
0
-1
-1
0
0
0
0
0
0
0
0
-1
0
-1
0
0
-1
1
-3
3
-5
1
2
0
1
-1
1
-1
2
-9
7
20
-54
62
-41
-6
20
1
-9
3
-5
2
8
-17
-26
101
-116
48
-3
0
-2
-3
1
-1
-1
-1
-1
-1
-1
-1
-1
-2
-3
0
-2
1
-2
0
0
-2
1
0
-2
0
1
-3
1
3
-11
38
-80
56
0
-7
2
-2
-4
7
7
-24
37
-24
1
6
-5
0
9
-12
3
-1
2
0
-2
-1
2
11
-23
8
1
0
0
0
0
-1
-1
-1
-1
0
0
0
0
0
0
0
-1
-1
0
0
-1
0
0
-1
0
-1
1
0
-1
0
-1
0
0
-1
0
0
-1
0
-2
-8
21
-14
-3
0
1
0
-2
1
-4
10
-10
0
4
-7
-1
24
-38
24
-7
-7
6
2
-2
7
0
-57
79
-38
10
-5
-2
2
-1
-2
-1
-1
-1
0
-3
-2
-2
-2
-3
0
-2
1
0
-4
1
1
-1
0
-1
-2
1
-2
1
-6
14
-55
35
38
-16
-31
10
7
-25
39
-29
-4
23
22
-59
45
-25
8
-6
9
-2
-1
3
-6
2
-1
4
-19
30
-22
7
-2
-1
0
-1
-1
-1
1
0
0
1
-1
-1
0
-1
-1
0
1
-1
0
0
-1
0
0
-1
-1
0
-1
0
0
0
-1
0
0
0
-1
-1
0
-8
20
-31
18
-4
0
-3
3
-3
1
2
-9
6
-9
25
-45
60
-22
-24
3
28
-39
25
-7
-12
31
15
-40
-36
54
-16
3
-3
1
-3
0
-1
-1
-1
-1
-3
1
-3
-1
-3
0
-2
0
-2
9
-11
4
-1
0
0
-2
5
-6
-6
14
-61
113
-13
-107
96
-57
17
3
-9
28
3
-44
-4
55
-14
-9
-42
48
-9
-2
-1
0
0
0
-4
6
-11
21
-40
36
-16
2
1
0
-1
-1
0
0
1
-2
-1
-1
0
-1
1
0
0
-1
-1
0
-1
0
-1
0
-1
0
0
-1
-1
0
0
0
-2
0
0
-1
0
-3
16
-36
38
-21
8
-8
3
0
1
0
0
2
10
-49
41
9
12
-56
6
44
-5
-28
8
-3
-18
57
-95
106
13
-114
59
-15
5
3
-6
0
-2
-1
-1
-3
10
-11
0
-1
-3
0
-2
1
-1
-4
2
2
0
1
0
2
-27
29
-5
18
-63
-10
154
-154
58
-11
-2
7
-31
45
7
1
-91
107
-54
23
-20
16
0
-1
-3
-1
-1
4
-17
35
-28
0
16
-20
15
-13
5
0
-1
0
-1
-1
-1
0
1
-2
0
-1
0
0
-1
-1
0
0
0
0
0
-1
0
0
0
0
-1
0
-1
0
-1
-1
0
0
-5
12
-15
20
-18
-2
27
-36
16
-5
1
0
3
1
0
-17
19
-22
54
-107
90
-1
-8
-46
29
-7
1
11
-58
153
-154
10
62
-20
3
-31
26
-4
-3
-2
0
-3
-4
2
-1
-2
-2
0
-2
1
-1
0
-7
12
0
-6
0
-5
29
-35
18
-50
-12
277
-374
154
47
-57
-5
1
21
-11
10
3
-47
59
-28
28
-10
-42
15
26
-11
0
-3
16
-43
17
41
-23
-35
30
-14
13
-3
-1
-1
-1
1
0
0
0
-1
0
0
-2
0
-1
-1
-1
-1
0
0
-1
0
1
-1
1
0
0
0
-2
0
1
0
-1
-1
0
4
-14
13
-30
33
23
-42
-18
42
-18
3
-1
11
-26
-15
42
9
-29
30
-59
46
-4
-11
11
-23
-1
6
56
-48
-156
375
-278
12
47
-18
34
-31
3
-2
5
0
-12
6
-1
-1
-2
-3
0
-3
2
-1
3
-15
21
-5
-5
-3
8
-5
8
-10
-65
119
-164
181
-52
-39
37
-17
-6
-9
81
-127
53
-37
82
-52
105
-112
-42
59
-8
3
0
-2
-5
39
-62
-20
101
-33
-9
-15
3
1
0
0
0
0
-1
1
-3
2
-2
0
0
-1
1
1
0
-1
0
1
0
0
0
1
0
-1
0
-2
2
-2
0
-1
0
-1
-1
-2
-4
14
8
33
-102
19
61
-38
5
2
-1
-4
8
-61
41
110
-104
51
-82
36
-54
126
-83
8
5
16
-36
39
52
-182
163
-120
65
8
-9
3
-11
2
5
5
-21
13
-4
-1
-3
-1
0
-2
1
-1
-17
23
5
-23
19
-16
12
-34
52
-20
-16
-125
233
-120
85
-40
-7
-55
35
-1
23
-9
-56
119
-116
4
-42
230
-222
63
12
-4
2
-14
24
-9
-7
-36
34
26
-34
20
-10
0
0
-1
0
0
-1
-1
1
-1
-1
1
0
0
0
-1
-1
-1
0
0
0
0
-1
0
0
-1
1
-1
-2
1
0
1
-1
0
0
1
9
-21
33
-28
-35
34
6
9
-25
14
-2
3
-15
-65
222
-230
41
-6
116
-119
56
9
-23
2
-36
53
6
41
-86
120
-233
124
13
17
-54
30
-14
15
-20
22
-7
-24
15
-1
-2
-2
0
0
1
-4
3
-5
4
0
-9
5
5
1
-5
20
-27
-7
-98
188
-141
103
-33
-11
-6
-77
171
-129
71
0
-68
14
90
-109
-6
79
-33
0
-2
-8
39
-41
17
-57
85
-30
-4
-18
22
-7
-1
0
-1
1
-1
1
-2
-2
3
-3
0
1
-1
0
0
-1
0
0
0
-1
0
-1
0
1
-4
2
1
-2
-1
0
1
-1
0
6
-22
18
3
29
-86
56
-18
40
-40
8
1
-1
32
-79
5
109
-90
-13
68
-1
-73
126
-171
77
6
10
32
-104
138
-189
97
5
26
-21
3
-1
-7
-7
10
-1
-4
3
-5
-1
-2
-4
0
4
-2
-2
16
-26
1
12
-8
8
-16
49
-76
77
-34
6
-47
104
-121
37
16
-19
4
19
-3
60
-136
162
-178
150
-99
98
-67
0
0
8
-4
-2
29
-12
-91
104
46
-101
42
-22
9
-1
1
0
-1
3
-12
19
-12
1
0
1
1
0
0
0
0
-1
0
0
0
-1
0
0
0
0
0
-2
11
-20
12
-3
0
1
-1
0
-9
23
-42
100
-47
-104
91
10
-28
1
4
-9
0
0
66
-98
99
-150
178
-163
135
-60
3
-19
-5
18
-17
-36
121
-105
47
-8
32
-79
76
-50
14
-11
7
-13
-3
24
-17
-1
1
-7
0
3
-1
2
-16
4
25
-11
-13
27
-19
-23
48
4
-44
-42
194
-269
157
15
-54
17
1
-103
159
-8
-123
131
-55
-54
40
33
-6
-15
2
2
-6
8
-27
23
-18
14
28
-1
-67
38
4
-2
0
-1
0
5
-16
16
-3
-4
2
0
-1
-1
0
0
0
0
0
0
0
0
0
0
-1
-2
-2
5
4
-18
16
-5
0
0
-1
2
-4
-39
66
-1
-29
-15
17
-24
27
-8
6
-3
-3
14
6
-33
-40
54
55
-130
123
8
-160
104
-2
-18
52
-15
-157
270
-195
42
42
-6
-49
23
18
-29
13
11
-26
-5
13
-4
0
-7
0
0
0
-1
-16
31
-6
-7
-46
74
3
-37
-52
48
95
-102
-33
-32
100
-20
20
0
-42
32
-67
97
-24
-108
162
-104
19
17
-24
43
-34
-4
33
-35
-10
-3
21
96
-189
131
-34
-22
21
-5
0
-1
-1
4
-12
7
2
-2
-2
1
-2
0
-1
1
0
-1
0
1
0
-1
1
-1
1
0
0
2
-3
-7
11
-4
0
1
0
4
-20
20
34
-131
188
-97
-22
1
9
34
-34
3
33
-43
24
-19
-20
103
-163
106
23
-99
65
-32
42
0
-20
19
-100
31
33
102
-98
-49
52
36
-6
-76
46
5
5
-33
16
-3
-1
-6
0
-1
0
-4
13
-29
39
-34
9
1
4
-21
36
-47
116
-216
299
-293
130
-33
40
-56
44
-9
73
-80
-18
50
-88
150
-164
126
2
-83
34
16
-29
6
8
18
-23
22
-63
7
103
-57
-12
6
0
0
-1
-3
10
-11
3
-1
0
1
-1
0
0
0
-1
-1
0
0
0
0
0
-1
0
-1
0
0
-4
11
-10
2
0
0
0
-6
12
57
-103
-8
62
-22
22
-18
-8
-6
29
-17
-35
83
-3
-126
163
-150
88
-49
17
81
-74
7
-43
56
-40
32
-131
293
-299
215
-118
46
-37
19
-7
-1
-10
33
-40
29
-16
1
-1
-5
0
-44
23
-4
4
-12
2
3
16
8
-35
18
51
-139
64
55
-42
42
2
-146
91
63
-56
30
-82
85
-12
-39
-11
51
3
-47
36
6
-7
-21
14
0
-25
37
-19
17
11
-15
-20
4
1
2
0
0
0
1
-3
1
0
0
-1
0
0
-1
0
0
-1
1
0
0
0
0
0
0
0
-1
0
1
-1
-2
2
-1
-2
0
-1
-4
-2
-4
20
14
-10
-16
17
-39
24
-2
-14
21
5
-7
-36
46
-4
-52
12
38
12
-87
81
-30
55
-64
-92
146
-1
-43
41
-57
-66
139
-52
-20
34
-11
-18
-2
-3
10
-5
2
-24
38
0
-6
-21
58
-21
-83
87
-3
-26
12
36
-142
359
-358
-159
517
-239
-186
207
7
-38
-41
34
-67
112
39
-273
283
126
-438
184
168
-147
-41
57
-1
-4
-9
13
-6
41
-133
122
0
-42
24
-14
3
-1
0
-1
1
-4
1
0
1
0
-1
-1
0
1
1
-2
0
0
-1
0
-1
0
0
0
-1
-1
-2
-1
-3
3
-2
-1
0
0
-4
14
-25
40
-1
-123
133
-42
7
-15
9
3
0
-58
41
146
-167
-185
437
-126
-282
273
-39
-112
67
-34
39
38
-8
-207
186
238
-517
157
355
-360
141
-38
-14
26
4
-86
81
20
-61
20
2
0
172
-41
-120
64
194
-530
387
-9
-96
224
-482
572
-355
110
160
-568
822
-905
1021
-979
587
-228
60
112
-65
-335
741
-784
568
-571
544
-199
21
-63
34
4
5
6
-54
63
-41
42
-35
18
-8
0
1
0
0
0
0
1
-2
0
-2
0
0
0
0
-1
0
-1
0
0
-1
0
-1
0
0
-1
0
0
0
-1
1
-1
-2
-1
0
0
-1
-1
8
-19
34
-42
40
-64
54
-6
-7
-5
-35
62
-23
199
-544
571
-568
785
-741
335
65
-113
-61
229
-587
979
-1022
904
-822
568
-162
-111
354
-573
480
-226
95
7
-388
529
-195
-66
116
40
-178
0
-48
-42
79
-2
14
654
-1094
372
-119
225
-10
-46
615
408
-2015
83
769
232
382
-910
531
40
-370
216
286
10
-635
222
-100
731
-565
-20
36
78
14
-41
6
10
52
-38
-39
-98
75
11
52
29
-16
-48
-23
16
20
-10
-22
-13
10
27
25
-6
-27
-20
2
11
9
0
-10
-12
-2
19
26
6
-25
-29
-11
14
22
9
-22
-17
22
48
16
-30
-52
-11
-76
97
39
36
-53
-9
-7
41
-15
-77
-36
19
565
-732
99
-223
635
-10
-287
-217
370
-42
-531
910
-381
-233
-771
-83
2014
-409
-617
45
8
-225
118
-373
1094
-656
-14
1
-81
41
43
0
-82
31
29
76
-296
965
-1260
427
233
-296
541
-1056
474
2507
-3604
159
2041
-1281
65
540
-156
-140
119
-310
308
94
-148
54
-302
295
30
-75
-101
8
327
-371
-90
471
-300
-74
224
-220
229
-120
-200
414
-181
-262
365
-93
-137
132
-91
90
-4
-133
137
-12
-67
44
-3
-10
4
0
-6
9
2
-44
66
11
-139
133
5
-91
89
-133
135
91
-367
261
180
-416
201
120
-230
219
-225
73
300
-471
88
370
-327
-9
101
74
-30
-296
302
-54
149
-94
-308
309
-121
139
156
-540
-65
1280
-2041
-160
3603
-2508
-475
1055
-543
293
-235
-427
1260
-966
294
-77
-30
-32
77
0
86
44
-115
-109
110
118
67
-333
316
-233
-229
1165
-2495
4336
-4704
1620
1699
-2217
1194
-196
-175
335
-229
-344
546
-218
46
-106
20
-134
436
-394
236
-506
902
-811
254
367
-631
441
-43
-239
139
314
-731
788
-455
-46
406
-465
273
-55
-19
-40
93
-50
-51
108
-87
37
-9
4
-4
0
5
-5
9
-38
86
-108
50
50
-94
39
18
54
-274
465
-407
45
455
-789
732
-314
-139
239
42
-442
631
-368
-256
810
-904
506
-237
394
-435
134
-21
104
-46
217
-546
344
228
-335
175
195
-1194
2216
-1700
-1621
4704
-4337
2495
-1167
228
232
-319
333
-68
-119
-111
108
113
-44
-90
0
-129
165
-23
-133
114
-1327
2460
-1248
-162
254
108
214
-253
1369
-3582
2068
429
-498
44
350
-347
112
-409
993
-963
195
488
-370
82
-380
592
-245
10
-436
2
415
446
-44
-405
-251
221
209
-90
-337
-175
228
376
133
-173
-230
-61
64
68
24
-1
-11
-19
-11
8
17
4
-15
-18
0
17
14
-5
-16
-8
11
17
10
0
-25
-69
-65
62
229
172
-134
-379
-230
174
337
89
-209
-222
250
405
44
-447
-416
-4
434
-11
244
-594
378
-82
369
-489
-196
961
-993
408
-112
348
-350
-44
496
-429
-2069
3582
-1370
251
-216
-108
-255
162
1248
-2461
1326
-116
132
20
-167
125
0
66
-177
285
-255
282
-1558
2172
-669
77
-439
760
-1745
1809
2140
-5315
3268
-1607
1618
-709
-608
1012
-496
231
-566
449
213
-263
-97
305
-335
156
-121
416
-720
720
-244
-422
946
-1150
963
-705
574
-558
531
-330
-94
598
-902
862
-505
166
-32
22
-85
84
-61
67
-69
46
-18
7
-5
6
0
-7
4
-9
18
-46
69
-69
60
-85
84
-23
32
-167
503
-863
901
-599
94
329
-531
557
-575
705
-964
1151
-946
419
244
-722
719
-418
121
-157
335
-307
98
263
-213
-450
566
-232
495
-1011
607
709
-1618
1607
-3269
5314
-2142
-1810
1744
-762
437
-79
668
-2172
1558
-284
253
-288
176
-71
0
94
-39
60
-150
71
66
-133
276
-410
95
640
-501
-1937
5628
-5493
782
1741
-335
-1478
1728
-892
201
39
386
-915
1011
-985
678
-67
-294
181
-69
342
-552
81
740
-865
25
749
-641
216
-266
505
-180
-582
806
-143
-553
497
18
-327
310
-186
17
159
-148
-88
252
-140
-67
110
-3
-62
0
61
2
-110
68
139
-253
86
147
-160
-17
186
-310
326
-19
-498
553
141
-806
581
179
-506
267
-217
640
-749
-25
866
-741
-82
551
-343
68
-181
294
66
-678
984
-1011
915
-387
-40
-203
890
-1728
1478
335
-1741
-782
5494
-5629
1936
501
-642
-97
408
-277
132
-68
-71
148
-64
36
-98
0
-186
216
-24
-193
-146
1125
-1354
622
-220
215
606
-321
-1013
-1919
3457
-162
-858
2
30
153
50
38
-885
1357
-755
-264
340
25
387
-515
-17
-7
340
86
-189
-207
-37
203
51
-100
-11
79
106
-84
-301
-194
158
304
155
-68
-120
-31
18
-10
-31
-10
13
14
15
15
2
-18
-18
0
19
17
-3
-15
-15
-16
-13
10
31
10
-18
30
119
68
-155
-304
-159
194
301
83
-108
-80
10
99
-52
-203
36
206
188
-86
-341
7
17
516
-387
-27
-338
265
754
-1358
887
-39
-50
-155
-30
-2
857
162
-3458
1917
1012
320
-608
-216
217
-624
1353
-1125
145
191
21
-217
181
0
37
-125
188
-354
789
-869
307
78
-172
43
170
611
-3488
4683
-1123
-1069
873
-2363
2799
-724
-563
-60
946
-729
127
-195
276
-130
-90
291
-308
359
-504
485
-306
124
71
-207
276
-492
814
-884
519
121
-790
1166
-962
377
111
-345
360
-169
-50
87
-27
3
40
-117
138
-116
96
-67
27
0
-27
66
-96
116
-138
116
-42
-3
27
-85
49
167
-361
344
-111
-378
962
-1165
790
-121
-519
884
-815
492
-277
205
-72
-126
307
-486
504
-360
308
-292
91
129
-275
195
-128
729
-946
58
563
724
-2801
2363
-873
1068
1122
-4685
3486
-613
-171
-46
171
-79
-308
868
-791
352
-190
123
-42
0
144
-10
-86
-62
227
-837
1311
-711
250
-286
-624
1937
-3672
5040
-3264
355
1541
-2773
2879
-1659
126
382
158
-750
620
-354
263
-245
264
18
-269
141
115
-328
441
-351
97
122
-150
-14
148
-42
-232
481
-579
459
-158
-164
316
-252
71
63
-57
-49
144
-151
77
-2
-24
5
17
-24
13
0
-14
22
-18
-5
23
0
-77
149
-144
49
57
-63
-72
251
-315
164
157
-460
578
-483
231
40
-149
13
149
-123
-98
350
-441
328
-116
-141
270
-19
-263
244
-264
353
-621
748
-158
-383
-127
1658
-2880
2773
-1542
-355
3262
-5043
3669
-1938
623
285
-251
710
-1311
836
-228
61
83
8
-149
0
-39
-85
-1
-151
-227
1784
-1916
944
-339
213
-242
-478
-486
3687
-3484
422
-387
760
655
-768
144
-371
553
-550
562
-362
69
136
-18
-231
303
-45
-245
39
222
124
-221
-172
71
137
-37
-39
141
-36
-210
-59
220
150
-112
-141
12
66
0
4
32
-11
-40
-6
16
4
-4
-1
-1
0
1
1
3
-5
-17
5
39
10
-32
-3
0
-67
-14
141
111
-151
-220
59
207
36
-142
39
35
-139
-71
172
220
-124
-222
-40
246
44
-303
230
18
-136
-70
361
-563
549
-555
371
-144
767
-654
-761
387
-423
3484
-3687
485
476
242
-214
337
-945
1915
-1786
226
149
-1
84
34
0
-195
221
40
-454
166
0
604
-470
-184
101
538
7
335
-1853
480
727
-16
-231
571
-999
459
118
42
59
-337
127
32
212
-178
115
-156
-19
25
48
-15
-4
-13
14
-7
3
25
-21
-28
16
39
-50
14
11
4
1
-26
12
8
-6
-2
3
0
-1
0
-1
0
0
0
0
0
-1
-1
0
0
-1
0
-4
3
5
-8
-13
26
-2
-4
-12
-16
49
-39
-16
27
20
-26
-4
6
-15
13
4
14
-48
-25
18
155
-116
176
-213
-32
-127
338
-59
-42
-118
-460
999
-572
231
15
-728
-481
1852
-336
-9
-538
-103
181
469
-606
-2
-168
452
-44
-223
191
0
-94
55
-203
442
-202
-82
29
-42
90
264
-855
440
1359
-2220
851
260
175
-339
-140
138
29
-24
270
-566
339
137
-337
104
362
-385
17
91
5
-6
-22
9
9
-4
-11
30
-35
11
-15
26
-21
15
-16
16
-8
4
-3
-2
-2
2
0
-2
-1
-1
0
-1
-1
0
0
0
0
-1
0
0
-1
0
0
1
0
-2
2
2
1
-7
6
-16
15
-15
20
-27
14
-13
34
-31
12
4
-10
-11
22
4
-5
-91
-15
384
-363
-105
338
-139
-339
564
-271
23
-30
-138
139
339
-177
-260
-851
2219
-1361
-441
854
-266
-94
41
-28
81
201
-443
202
-57
89
0
22
21
-71
52
-44
-48
311
-447
263
-204
379
198
-243
-1199
1148
200
-236
-270
200
-90
30
99
-95
76
-129
73
36
-30
21
-19
-7
2
-15
15
6
-8
4
-3
-4
1
14
-18
0
3
7
-1
-7
3
3
-5
1
0
0
0
0
1
0
0
0
0
0
0
-1
0
0
-1
0
0
1
-1
1
-1
0
-1
-2
0
1
4
-3
-3
7
0
-9
-4
-1
17
-14
-2
4
3
-5
8
-5
-17
14
-3
6
17
-22
29
-36
-73
130
-76
94
-99
-29
90
-202
269
235
-200
-1148
1197
241
-199
-380
201
-265
446
-313
46
42
-54
68
-23
-26
0
-2
-11
-6
17
19
-17
-36
7
57
24
-66
-90
-1
97
92
-4
-81
-73
-9
45
47
15
-16
-17
4
11
-3
-14
-4
9
3
-8
-4
7
3
-7
-5
4
2
-5
-4
6
4
-5
-6
3
6
-4
-6
3
5
-3
-7
1
5
-2
-5
1
5
-1
-6
0
5
0
-6
-1
6
1
-7
-1
6
0
-6
-2
6
3
-7
-4
6
4
-6
-5
7
5
-5
-6
2
4
-4
-5
5
6
-5
-7
3
8
-4
-10
2
13
3
-12
-5
16
16
-15
-48
-44
8
72
82
4
-93
-99
0
88
64
-24
-58
-7
35
17
-20
-18
6
10
0
