-9
-6
-4
-7
-1
-7
-1
-2
-1
-4
0
0
-8
2
-4
-5
1
-4
10
-11
5
-6
-1
4
-1
0
-7
0
8
-8
-1
-1
2
0
-2
5
-4
1
-2
5
-5
1
1
-1
0
0
-3
1
2
-4
0
-2
1
0
-4
1
-1
-1
0
-2
-1
0
-1
0
-1
0
0
1
-1
0
1
1
0
2
-2
0
2
0
1
-3
3
2
-3
0
0
0
0
3
-5
5
-1
3
-4
6
-2
1
2
-1
-1
-7
8
1
-6
2
0
5
2
-5
6
-11
11
-3
2
-2
-1
5
-5
3
3
-1
1
0
3
-2
3
0
1
0
-6
-7
-5
-2
-5
-5
9
-13
-1
4
-5
-4
3
-9
3
-4
0
4
-25
13
14
-16
5
-5
3
-1
-3
-1
1
-3
-1
-1
-1
-2
4
-1
-4
5
-2
0
-2
4
-2
2
-1
0
0
2
-4
0
0
-1
-1
-1
-1
-2
0
-2
-1
0
-1
-1
0
0
-1
0
0
0
0
1
0
-1
2
0
1
0
1
0
1
0
-3
3
2
0
-1
2
-2
3
-1
-1
-1
5
-3
0
4
-1
-1
0
0
-2
2
1
-3
0
4
-4
6
-16
15
14
-23
6
1
-1
6
-6
6
-1
-3
7
1
-10
13
-2
-2
5
-1
1
-7
-8
-1
-7
-8
8
-10
-2
-8
1
2
-7
3
-11
1
4
-6
4
-29
24
11
-14
-6
5
-1
-1
-2
-1
-5
4
-4
0
-3
1
0
-1
-2
2
0
-2
2
-1
-2
7
-11
8
0
-5
-2
2
0
-2
-1
1
-4
2
-4
1
-2
-1
0
0
-2
-2
0
-1
-1
0
0
0
-1
2
-3
3
-4
2
-1
-1
1
2
-1
-2
1
8
-11
7
-2
-1
2
-2
0
2
-2
0
2
2
-3
2
-3
5
-3
0
0
1
-1
5
-4
-14
12
26
-27
5
-5
6
4
-8
7
-3
5
3
-5
3
-5
12
-4
0
3
0
-7
-7
-3
-6
-3
2
-14
4
-3
-2
1
-6
1
-9
-5
15
-10
-10
-8
47
-34
-6
4
0
-1
-4
2
-2
1
-3
3
-3
0
0
-2
3
0
0
-1
1
0
2
-5
4
-3
2
-2
2
-2
-1
0
-3
0
2
-3
1
-3
1
-2
-1
0
1
-2
-1
0
0
-1
0
0
0
0
2
-2
1
-2
2
1
-1
0
0
-1
3
-3
1
-2
5
-5
2
1
2
-1
0
0
4
-1
0
0
-2
3
-3
3
-2
3
-3
0
3
5
-4
-34
47
-7
-9
-9
17
-2
-6
3
-4
5
0
-2
8
-10
5
0
2
1
0
-3
-12
1
-5
0
-10
-2
1
-3
-4
-2
1
0
-7
-8
7
-1
-9
3
-7
5
1
-5
2
-1
0
-2
-4
3
-3
-2
1
-2
1
-2
2
-2
3
-2
0
2
-1
1
-1
0
-2
5
-4
1
-1
-2
-3
0
-2
0
0
-2
0
-1
-1
0
0
-1
-1
0
-1
0
0
1
-1
0
0
-1
1
0
-1
2
-1
-1
0
2
-3
5
-2
1
0
0
-2
2
1
-2
3
-1
3
-2
2
-2
2
0
-2
3
-3
-1
0
0
2
-5
3
5
-6
5
-8
0
11
-4
-3
3
3
0
-2
-2
4
2
-6
3
3
5
-4
-7
-9
-3
-1
-3
7
-42
30
-6
-2
-1
-10
-5
6
2
-10
1
5
-28
42
-25
-7
5
0
-4
-2
1
-4
1
-3
-1
-4
5
-4
2
-2
-3
8
-5
1
2
-1
1
1
-1
-1
-3
2
-4
2
-3
2
-2
0
-2
-2
0
-1
-1
0
-2
-3
-2
-2
0
1
0
0
-1
0
0
0
0
0
-1
0
-1
3
-1
4
-3
4
-3
1
0
2
0
-1
2
0
-4
8
-4
-2
3
-4
5
-2
0
-3
2
-1
3
0
-3
1
7
-5
-23
43
-27
5
2
-7
4
9
-2
-5
2
1
-4
34
-39
10
1
7
2
0
-17
-2
-13
8
-16
57
-107
33
24
-20
27
-30
-1
-28
33
8
-34
31
-52
37
10
-24
7
-4
1
-3
2
-2
-5
3
-3
1
-4
3
-4
2
-3
5
-1
-4
6
-3
4
-3
2
-2
4
-5
0
-2
-1
0
-1
0
0
-1
-1
0
0
-2
-1
-1
-1
-1
0
0
0
-1
-1
-1
1
0
1
-1
1
1
-1
0
0
0
1
-4
6
-2
1
-2
3
-4
6
-4
-1
5
-3
4
-3
4
-4
3
-2
3
-3
0
3
-2
3
-2
10
-24
11
38
-51
30
-33
10
36
-24
3
-27
30
-16
26
37
-103
63
-12
15
-8
8
-21
1
-8
2
14
-12
-84
101
-28
0
-3
-32
-9
31
46
-74
7
-3
3
35
-44
3
8
-1
-5
3
-7
4
-9
2
0
-3
5
-5
1
0
1
-2
5
-6
4
2
-1
1
-2
-3
7
-2
-3
-2
0
0
-2
0
1
-1
-1
0
0
0
-1
0
0
-1
0
-1
-1
0
-1
0
0
-1
0
-1
1
0
-2
1
1
-1
-2
-2
8
-2
-2
1
-1
1
4
-6
4
0
1
1
1
-4
5
-3
1
3
-7
6
-5
5
-4
1
11
4
-43
36
5
-2
8
-73
49
35
-6
-30
0
3
-26
105
-80
-7
18
10
-4
9
-25
2
-4
4
28
-100
32
63
-38
-15
-23
37
27
-53
-42
60
15
-23
-72
109
-31
-30
10
4
0
-4
-4
3
-7
4
-4
2
-4
1
2
-2
-3
1
2
-4
2
0
4
-4
1
3
2
-4
-3
3
-2
-3
3
-2
-1
3
-3
0
0
-2
0
-1
0
-1
0
-1
0
0
1
0
-1
1
-2
3
-1
-1
3
-1
-1
4
-2
-4
1
3
1
-4
3
-1
2
-4
2
2
-2
-1
3
3
-4
3
-3
5
-6
5
-3
-3
1
6
12
-29
-30
110
-70
-22
16
64
-39
-50
30
40
-20
-13
-37
65
37
-95
31
12
0
12
-29
3
2
-1
1
-64
113
-108
33
-12
25
1
-53
18
45
-44
-17
30
3
-39
44
-20
-5
5
-3
3
-8
4
-4
0
-1
-4
1
1
0
-2
2
4
-2
-6
6
-2
1
5
-3
-3
3
1
-1
0
-1
0
-1
-2
0
-1
-1
-2
-1
-1
0
-1
-1
-1
1
0
0
1
0
0
0
1
0
0
2
0
1
1
-1
0
0
2
3
-2
-3
2
0
-3
6
-6
-1
5
2
-1
0
0
1
-2
0
2
-2
5
-7
4
-1
7
-2
-19
44
-38
4
30
-16
-42
48
21
-49
5
28
-8
35
-105
117
-61
4
6
6
11
-29
3
7
-8
-37
27
44
-92
38
15
-27
-31
71
-44
-36
52
0
-32
17
-17
10
9
-12
-2
1
3
-5
1
-2
1
-7
4
0
-2
-2
3
-2
-2
1
2
-3
0
3
-1
2
2
-4
2
-1
1
-4
0
1
-1
-2
1
-2
0
-1
0
-2
0
0
-1
0
0
-1
-1
-1
1
-1
1
-1
1
0
0
0
2
-2
1
0
3
-4
2
1
-2
3
1
-3
2
2
-1
-1
3
-2
0
0
5
-6
2
-1
2
-4
4
2
0
-10
11
10
-15
18
-30
1
55
-33
-43
74
-26
-24
18
40
-89
48
31
-33
-1
12
12
-29
10
4
-21
-35
111
-180
146
-46
-27
8
59
-118
106
-66
5
25
3
-91
132
-92
34
-2
-14
1
2
-3
-3
2
-2
-4
3
-1
-3
5
-4
0
3
1
-7
5
-1
-2
3
-1
-2
7
-6
-1
-1
1
1
-3
-1
0
1
-2
-1
0
-1
0
-1
0
-2
1
0
0
0
0
0
1
-1
-1
2
0
1
-3
0
2
0
0
-4
7
-3
-2
5
-1
-1
6
-6
2
5
1
-3
5
-3
-1
3
-2
-1
3
-2
-1
4
3
-12
1
36
-91
134
-90
4
26
8
-63
109
-114
62
10
-24
-44
150
-177
115
-31
-15
10
18
-31
16
-9
-31
49
-81
93
-82
17
40
-55
8
55
-108
94
-54
16
26
-91
110
-78
44
-21
4
-1
-4
1
2
-9
9
-7
0
-1
-2
4
-4
4
-1
-3
7
-5
0
-1
2
-2
-2
6
-6
2
0
-1
-1
-1
0
0
-3
0
-3
-1
-1
-1
-1
0
-1
0
-1
0
1
0
0
0
0
1
-1
1
1
-1
0
0
1
3
-7
7
-2
-1
2
0
1
-4
7
-3
0
4
-2
4
-1
-1
1
-5
10
-9
2
2
-2
0
5
-20
44
-78
110
-90
27
17
-51
98
-106
58
10
-53
43
19
-78
97
-78
52
-25
-4
24
-24
17
-31
6
16
-39
-9
59
-45
-22
67
-107
128
-116
70
-50
37
-44
64
-77
49
-20
8
-7
4
-3
-1
1
-6
6
-6
2
-1
0
0
0
0
0
-2
8
-9
4
-2
4
-3
0
1
-1
-2
0
-2
-3
0
-1
-1
-2
-1
-1
-1
-1
0
-1
-1
-1
1
-1
0
-1
0
-1
0
-1
0
0
0
0
0
-1
-1
1
-1
0
1
2
-3
5
-2
5
-9
7
-3
0
0
1
1
-1
-1
2
-5
7
-5
2
0
0
5
-7
9
-19
50
-76
64
-43
38
-46
73
-113
131
-104
70
-19
-44
61
-5
-34
19
13
-25
26
-18
13
-32
30
-78
87
14
-120
92
-70
97
-133
123
-58
-35
46
-36
31
-20
3
5
-18
16
-13
8
-6
4
-4
0
-1
-1
-3
2
-1
1
-1
-2
1
1
0
1
-3
5
-6
6
-4
3
-5
1
-3
0
-2
-1
0
0
0
-1
-1
-1
0
-1
0
-1
-1
0
0
0
1
0
1
0
1
0
0
1
0
0
0
1
-1
2
-4
3
-3
6
-6
4
-2
1
0
0
1
-2
0
1
0
2
0
-1
-1
1
-3
5
-5
9
-12
18
-16
6
6
-19
31
-36
49
-31
-53
126
-131
101
-66
94
-116
17
90
-75
38
-28
21
-10
-5
0
-24
56
-43
-83
83
0
-40
61
-53
-26
67
-36
-24
46
-50
8
48
-36
-4
6
-3
-3
3
-5
4
-8
0
2
-1
-1
3
-2
-2
5
-3
-3
5
4
-9
7
-4
3
-3
5
-6
2
-2
2
-3
1
0
-1
1
-2
0
-2
-2
-1
0
-1
-1
0
0
0
0
-1
0
-2
1
-1
1
-1
0
1
-2
2
-1
3
-5
5
-2
3
-4
7
-9
5
3
-2
-3
5
-1
-1
4
-1
0
2
2
-7
5
-4
4
-2
-2
7
-4
-35
49
8
-49
47
-20
-32
70
-23
-49
64
-38
1
88
-79
-38
59
-16
5
4
3
-23
17
-4
-51
-6
99
-33
-48
-7
42
11
-66
3
25
9
-29
-8
5
43
-20
-25
14
-3
-2
-1
-1
0
0
-7
3
-1
-1
-2
2
-1
0
-3
2
-2
6
-5
0
2
2
-6
5
-3
-1
0
-1
-2
0
-1
0
-2
0
-1
-1
-1
1
-2
0
-1
-1
-1
1
-1
1
0
0
-1
1
-1
2
0
1
-1
-1
1
0
-3
6
-6
3
3
0
-4
5
-2
3
-4
1
0
3
-2
-1
0
5
-7
0
2
0
0
-1
-2
16
-25
-20
45
6
-9
-28
13
29
6
-63
14
45
-3
-47
-30
102
-2
-48
3
23
-16
10
-29
3
-9
22
6
-34
17
-26
-12
10
17
-4
5
-26
7
-15
6
-31
40
1
-9
-4
-2
-2
0
-3
4
-4
-3
-2
2
-3
0
2
-1
1
-1
0
-2
1
2
0
3
-3
-1
2
-2
-2
1
-1
-2
-2
-2
0
-1
-1
1
-1
-2
0
-2
0
0
0
0
0
-1
1
-1
-1
2
0
0
1
0
0
0
-1
1
-1
-3
2
0
-3
3
-1
0
1
-2
1
-1
1
-1
4
1
-3
2
-1
-1
-3
4
-2
2
0
0
-3
-8
2
41
-30
6
-14
12
-23
9
0
20
14
-7
-24
21
-31
11
25
-1
7
-21
7
-16
2
2
-7
-26
-4
20
-9
0
-7
2
-5
9
-10
-11
15
-6
-21
37
-28
4
5
-6
1
-1
-1
1
-5
3
-2
2
-1
-2
2
-1
0
0
-2
3
-1
0
-2
3
2
-3
2
0
-1
-1
0
-1
-2
-1
0
-2
-1
-1
-2
0
0
-1
-1
0
-1
0
1
0
1
0
1
1
0
0
1
0
0
-1
0
0
0
0
1
-3
2
3
-1
1
-1
2
0
0
0
-1
4
-1
-1
2
-2
5
-5
1
0
0
2
-4
5
5
-28
39
-20
-4
16
-9
-6
11
-2
4
-5
2
-7
26
1
-23
-4
10
6
-9
2
-12
-5
-12
46
-50
-10
5
-4
8
-2
15
-16
-22
15
-13
7
-4
29
-53
21
-1
-4
0
-1
0
0
-4
6
-7
1
0
-2
1
-1
1
-2
0
0
-2
7
-3
0
-1
1
-2
2
-1
0
0
-1
-1
-1
0
-1
0
-1
-2
0
-1
-1
0
0
0
0
-1
0
-1
0
0
0
-2
0
0
1
0
0
0
-1
0
1
-1
2
-2
2
-1
-1
-3
7
-2
0
0
-1
1
0
2
-2
1
2
-5
6
-4
1
1
0
1
-1
2
22
-52
31
-3
8
-10
18
-19
-13
18
1
10
-2
9
-6
-45
49
-5
0
-4
-8
-10
-5
2
-10
14
-4
-21
2
8
-17
-7
32
-28
4
-6
0
-1
-4
3
1
-4
-2
-1
1
-3
-1
0
-3
0
-2
-1
2
-2
-1
2
-2
1
-1
1
-1
-1
2
-1
3
-1
0
-2
2
-2
0
-2
0
-1
-1
-1
0
-1
-1
-2
-1
0
-2
-1
0
-1
-1
0
1
-1
1
0
0
0
0
0
1
0
0
-1
2
-2
1
0
3
-1
1
-1
-1
3
-1
1
-1
1
-1
-1
2
-1
-1
2
-2
2
-1
-1
2
-1
0
-4
2
4
-4
0
1
-3
8
-24
34
-3
-13
13
4
-16
0
17
-7
9
1
-1
-19
4
-11
-4
-3
-10
-1
5
-8
2
-2
-8
-1
3
-7
-4
0
-1
1
1
-5
0
1
-2
2
-3
-2
1
-3
0
-1
-1
0
-1
1
0
-2
0
-1
1
0
1
0
1
0
-1
1
0
-2
1
-2
1
-1
0
-1
1
-1
-1
-2
0
0
-1
-2
-1
0
-1
0
-1
-1
1
0
1
-1
1
0
0
0
1
0
1
-2
0
2
-1
0
1
1
0
-1
1
-1
2
-2
0
1
0
0
-2
0
1
-2
2
0
-1
3
0
2
1
-4
2
3
1
1
-2
-4
6
2
-5
-1
5
-7
9
3
-5
-1
3
-7
12
-10
-5
-4
-5
-3
1
-5
-4
1
-3
-5
-2
-2
0
-8
1
-2
-3
2
-3
1
-4
2
-1
1
-5
-1
0
1
-4
1
-1
-1
-1
0
0
0
-1
1
1
-1
2
-1
1
1
-1
0
0
0
-1
-1
1
-3
0
0
-2
0
-1
-2
-1
-1
-1
-1
-1
0
0
0
0
-1
0
-1
0
0
0
0
1
-2
2
-2
0
0
-1
0
-1
1
1
-1
1
-1
1
0
-2
0
0
1
-1
-1
-1
1
-4
2
1
1
-2
2
0
3
-1
2
-2
3
-1
-1
4
-6
4
2
2
-3
1
3
-1
-2
6
0
3
0
3
-8
-5
-3
-9
1
-9
7
-9
3
-6
-3
-1
-2
-3
1
-4
-3
2
0
-4
2
-3
1
-3
-1
1
-3
-2
0
-3
-1
-4
1
0
-1
2
-1
1
0
-2
1
1
-3
1
0
0
0
-1
0
1
-2
0
-1
0
0
-2
-1
-1
-1
-1
1
0
-1
0
0
0
-1
0
1
0
-1
0
0
-1
0
0
-1
0
-1
1
1
0
0
0
1
3
-1
2
1
-1
1
0
-2
2
0
0
1
-2
1
-1
0
0
-2
2
1
-1
3
-2
3
-3
0
3
-2
-1
6
0
0
4
-1
-2
5
-8
10
-7
4
-2
2
2
-11
-3
-5
-3
-1
-6
0
-5
1
-4
-3
2
-3
-6
1
-6
1
2
-2
-1
-3
0
-1
0
-4
1
-3
1
-2
-1
-1
0
0
-1
1
1
0
-1
0
1
-1
3
-2
1
0
-1
-1
1
-1
1
-1
-2
-1
-2
0
0
0
-1
0
-1
-1
0
-1
1
-1
0
0
1
-1
0
0
-1
0
0
0
-1
0
0
-1
1
0
1
0
0
0
0
-2
2
-1
1
1
-1
0
1
2
-2
0
1
0
1
-2
1
0
2
-3
2
0
2
-2
0
-1
2
1
-4
5
-4
-2
5
1
-1
3
-2
4
-3
3
3
-1
4
-8
-5
-2
-6
-1
-4
-3
-2
1
-6
2
-2
-7
-1
-1
-1
-2
-2
0
-1
0
-2
2
-2
-2
1
0
-3
2
-3
1
-1
0
0
0
0
-1
1
0
-1
2
-2
1
1
0
0
0
1
0
-1
1
0
-1
1
-1
0
-1
0
-1
-2
0
-2
1
-1
0
0
0
0
1
0
1
1
0
0
0
1
-1
1
1
-1
0
-1
0
1
0
0
0
-2
1
-1
0
0
-1
0
1
0
0
-2
3
-3
3
-2
1
1
-1
-2
3
-1
0
-1
1
-1
-1
1
1
1
-4
2
5
-4
2
0
0
-1
2
-1
2
1
-8
-5
-4
-5
-2
-4
-3
-1
-2
-4
2
-4
0
-9
5
-5
-1
-2
5
-6
1
0
-3
-1
-1
-2
-1
-1
-1
-1
0
0
0
0
-2
1
-1
-1
2
-1
1
-2
2
-1
-1
1
0
2
-2
-1
-1
-1
-1
0
0
-1
-1
0
-1
-1
-1
-1
-1
0
-1
1
0
0
0
0
0
-1
0
-1
0
1
-1
0
0
-1
-2
2
-1
1
0
-1
2
-1
1
-1
1
0
-1
1
-1
1
0
-1
1
-1
-1
1
1
1
0
1
-3
1
2
-6
6
-1
0
-4
8
-6
3
-1
4
-3
-1
3
1
0
1
0
1
2
-9
-6
-3
-4
-4
-2
-4
-5
1
-3
1
-8
2
-2
-7
0
1
-5
3
-1
-3
-2
0
-3
2
0
-2
-3
-1
0
-1
-1
0
-1
0
1
-1
0
1
0
-2
2
1
0
0
0
0
1
-1
-1
-2
1
-1
0
-2
0
-1
-1
-2
0
-1
-1
-1
-1
0
0
0
-2
0
0
0
-1
-1
1
-1
1
0
1
-2
0
0
1
0
1
-1
0
1
1
-2
2
1
0
-1
3
1
-1
0
0
0
1
-1
-1
-1
0
2
-2
2
-1
-1
-1
5
-4
2
5
-3
1
6
-5
4
0
3
-2
-2
1
1
3
1
2
-6
-7
-2
-6
-2
-4
-1
-3
0
-5
0
-4
0
0
-3
-3
1
-3
-1
-2
-2
1
-4
0
-3
1
-2
-1
0
0
-1
-1
0
0
-2
1
0
-1
0
-1
1
0
0
2
-1
1
-1
0
-1
1
-3
0
-1
-1
-2
-1
1
-2
-1
0
0
-1
-1
0
0
0
0
-1
1
0
1
-1
2
-1
0
1
-1
1
-1
1
0
0
-1
1
0
2
0
-1
2
-1
0
-1
0
2
-1
0
0
0
0
0
1
-1
-1
2
-1
1
-2
2
0
-1
1
-1
1
0
-1
2
3
-1
3
-2
1
1
1
0
0
1
2
0
-7
-6
-2
-4
-5
-3
0
-4
-2
0
-2
-1
-8
1
0
-4
-1
2
-3
0
-2
0
-2
1
-2
-2
1
-3
1
-2
0
-2
0
-1
-1
1
-2
1
0
0
2
-1
2
1
-1
-1
1
-1
1
-1
-1
-1
-2
0
-1
0
-2
0
-2
0
0
0
-1
-1
0
1
0
0
0
0
0
0
-1
2
-1
2
-1
0
1
0
1
1
1
-1
-1
1
1
-2
2
1
0
0
-2
2
-1
-1
0
-1
0
-2
2
-1
2
-1
-1
2
0
1
-2
2
-2
3
0
-2
2
5
-4
2
1
3
-1
-1
1
0
-2
4
2
0
-10
-4
-2
-7
-3
-2
-3
-5
-2
-3
2
-4
-5
2
-5
0
-1
-2
1
-2
-1
0
-2
-1
0
-2
0
-2
0
0
-4
1
-2
1
0
0
1
-1
1
-1
1
-1
2
0
1
0
-1
0
-1
0
0
-2
-1
-1
0
-1
-1
-1
-1
0
-1
-1
-1
-1
0
0
0
-1
0
0
0
0
0
0
1
1
1
-2
0
0
-1
0
-1
1
1
0
2
0
1
-2
1
0
1
0
0
2
-2
1
-2
1
1
-1
0
-1
1
0
-1
1
0
-2
2
0
-1
2
-1
5
-3
-1
5
0
0
-1
1
2
0
0
1
3
-3
-3
-3
-2
0
-2
-2
-2
0
-2
-2
0
0
-2
-2
-2
-1
-1
-1
-1
0
-2
-1
-1
0
-1
-1
-1
0
-2
-1
-1
0
0
0
0
0
-1
-1
0
0
0
0
0
0
-1
-1
-1
0
0
-1
-1
0
-1
0
0
0
-1
-1
0
0
-1
-1
-1
0
0
-1
0
0
0
-1
-1
0
0
0
0
0
0
0
0
0
0
0
0
0
1
0
0
0
0
1
0
0
1
0
0
0
1
1
0
0
0
0
0
0
0
0
0
0
0
0
0
0
0
-1
-1
0
0
1
1
0
1
1
1
0
0
1
1
