0
-1
0
0
-6
5
-6
9
-7
14
-34
25
-4
-4
-11
10
6
-3
-4
-4
0
17
-10
-5
1
-2
3
2
6
-10
7
1
-13
8
2
-8
2
-2
-5
9
-10
7
1
-7
-3
5
-1
-7
9
-4
0
-5
1
0
0
0
0
-1
0
-2
0
-1
-1
-1
0
-1
0
0
-1
0
-1
0
-1
-1
0
-1
-3
4
-1
3
-10
5
2
-6
3
6
-3
-8
8
-11
4
1
-3
7
-3
-10
13
-2
-7
10
-6
-2
-3
2
-1
5
11
-19
-1
3
3
1
-7
-10
10
2
2
-27
32
-15
6
-10
5
-7
5
-3
-1
-3
0
-1
-1
3
-1
0
-4
-12
20
-11
6
-8
2
-1
5
1
-21
23
-6
8
-16
14
-23
21
-6
9
-12
5
-1
1
-2
0
0
0
6
-4
0
-13
13
-2
-2
-1
-4
2
0
1
-1
-4
4
1
0
-5
3
-3
1
-2
1
0
1
-1
0
0
-1
0
0
0
0
0
0
-1
-1
1
-1
1
-2
1
-3
5
-1
-1
-4
4
0
-2
1
-3
3
0
1
0
-15
11
-1
4
-7
-1
0
0
2
-1
1
-4
11
-10
5
-22
23
-15
16
-7
6
-23
21
-2
-6
0
-5
6
-8
9
-21
10
3
-1
0
-5
0
-4
0
-3
5
-2
-5
3
4
-8
12
-43
90
-84
34
2
-40
12
41
-28
-1
20
2
-16
-21
21
5
-8
0
12
-11
-7
22
-18
4
5
-5
-1
3
-12
8
14
-11
-14
25
-12
-9
5
-1
9
-9
7
-8
2
-4
2
2
-3
0
0
-1
-1
-1
0
0
-1
0
0
0
-1
0
-1
0
0
0
2
-2
-4
2
-2
8
-8
9
-9
2
-7
8
11
-26
12
10
-15
-9
12
-4
0
3
-5
-5
18
-22
7
10
-12
0
8
-5
-21
21
15
-3
-19
0
28
-41
-13
39
-2
-36
83
-92
41
-12
7
-6
-4
4
0
-5
-2
0
-2
-1
-2
2
2
4
-10
1
-3
9
-25
25
30
-54
-42
122
-74
7
18
-23
7
-25
33
-7
-5
6
1
-10
14
-10
5
-3
0
5
-9
-6
26
-32
20
0
1
-2
-20
27
-14
-5
7
-2
1
-2
12
-17
8
-4
1
0
-1
-1
0
-1
0
0
-1
0
-1
0
0
0
-1
-1
0
0
-1
3
-9
18
-12
0
-1
2
-7
4
13
-28
19
1
-2
0
-21
32
-25
6
9
-5
-1
2
-5
9
-15
10
-1
-6
6
7
-33
23
-8
23
-18
-9
73
-122
42
51
-31
-26
24
-10
2
-1
9
-5
-3
-3
-1
0
-2
0
-8
10
-3
6
-13
14
-43
44
2
17
-36
-18
22
63
-135
82
-15
6
18
-121
192
-90
-1
-7
11
-19
52
-64
41
-8
-8
11
-18
23
-16
0
-16
39
-32
9
2
1
-35
35
-3
-4
-2
-1
7
-6
3
-15
16
-5
0
0
-1
-1
0
-1
-1
0
-1
0
0
-1
0
0
-1
0
0
-1
0
5
-15
14
-3
4
-8
1
3
3
2
-36
34
-2
-3
-10
32
-40
15
-1
16
-24
17
-11
8
8
-42
65
-52
18
-12
6
2
90
-190
122
-19
-8
16
-82
132
-64
-25
16
35
-19
-4
-44
42
-15
12
-7
1
-11
4
0
19
-9
-9
1
9
-3
6
-17
21
-33
53
-36
-66
88
-31
35
52
-136
19
25
95
-87
-2
13
-14
15
-21
19
7
-19
5
-2
2
-12
23
-17
4
20
-36
23
-3
-8
-12
39
-34
12
5
-26
15
9
-2
-16
17
-10
2
1
-1
0
0
0
1
0
0
0
0
1
-1
0
0
-1
0
-1
-1
8
-17
15
2
-9
-15
25
-7
-13
32
-39
10
8
2
-24
34
-20
-5
16
-23
10
-4
1
-6
19
-8
-19
21
-17
12
-13
1
86
-95
-25
-19
135
-54
-36
32
-90
63
35
-55
30
-23
17
-6
2
-10
-3
7
8
-22
0
-7
10
-12
11
0
9
-33
28
-25
34
-94
116
-49
12
-25
-23
110
-105
97
-102
-6
98
-49
-4
8
-2
5
-24
37
-36
5
13
-8
17
-10
-19
42
-41
31
-37
40
-43
9
37
-33
7
-18
23
-2
10
-23
6
1
-4
1
1
1
0
-2
0
-1
0
-1
0
-1
-1
-1
-1
1
0
-1
-2
-2
4
-1
-7
22
-12
1
-23
17
-7
31
-39
-8
42
-41
35
-33
40
-44
18
10
-18
7
-14
-5
36
-37
24
-6
2
-8
4
49
-98
6
102
-99
104
-112
23
24
-12
49
-118
92
-36
22
-29
30
-10
-1
-13
9
-12
3
0
-17
15
-10
5
-3
-18
79
-95
17
20
26
2
-105
40
59
-87
119
-63
-32
72
-11
-43
21
-9
-6
34
-38
-4
25
-7
-5
-1
-1
25
-20
-46
80
-62
49
-20
-42
59
-1
-2
-26
2
15
-17
1
19
-24
-3
16
-4
3
-4
2
0
-1
0
0
-1
0
0
0
0
-1
0
0
-2
-1
4
-4
5
-17
4
23
-19
-2
17
-16
-4
25
1
0
-61
40
19
-51
62
-81
46
19
-27
-1
0
6
7
-25
4
39
-35
4
8
-21
43
10
-73
30
63
-120
87
-60
-42
103
-3
-28
-22
-19
94
-80
16
1
-7
6
-17
12
0
3
-10
4
31
-61
31
-50
101
-49
-89
172
-144
150
-160
-14
110
8
-54
26
-69
118
-74
16
6
-15
-20
49
-16
-11
-6
19
-24
29
-35
20
-20
25
-6
32
-42
-5
-37
83
-19
-28
22
-15
2
7
-14
3
-4
10
-5
1
-2
-1
0
0
0
0
-1
0
0
0
0
-1
0
0
-1
0
1
-2
2
-10
4
-4
12
-8
-3
15
-23
26
17
-82
35
3
41
-32
6
-26
19
-21
35
-29
23
-21
5
10
15
-50
20
17
-6
-17
74
-117
68
-26
52
-7
-111
13
159
-151
142
-173
86
47
-101
50
-30
60
-33
-7
9
-8
0
-18
-15
6
0
-11
31
-86
91
-43
27
16
-14
-43
43
-66
61
8
52
-63
-73
2
107
-41
-6
8
-23
48
-28
-28
68
-60
-14
56
-4
-35
5
22
-43
59
-51
-9
44
14
-37
6
8
-13
12
-23
12
16
-11
-3
-2
6
-2
-1
-1
-1
0
-2
-1
-1
0
-1
0
-1
0
0
0
1
1
-6
1
4
10
-16
-13
23
-12
13
-10
-6
35
-15
-46
10
51
-61
40
-23
-6
34
3
-56
13
60
-69
26
27
-47
23
-8
6
41
-108
-2
73
62
-53
-7
-61
64
-44
42
12
-17
-30
40
-92
84
-32
9
-1
-11
14
13
0
-58
44
8
3
-41
128
-286
134
53
-15
-113
188
-35
-255
381
-426
428
-163
-71
230
-297
149
-36
1
-6
-1
18
-38
8
62
20
-57
19
-40
10
8
-5
13
-2
-37
85
-116
82
-34
8
-8
12
-3
16
-12
-1
-10
3
0
1
-2
0
0
0
0
-1
1
-1
0
0
0
0
0
0
-2
-1
2
-2
-1
-6
10
2
11
-16
2
-12
7
-9
34
-82
116
-85
36
1
-14
4
-9
-10
39
-20
57
-20
-64
-10
38
-18
1
5
-1
36
-149
297
-231
69
163
-429
425
-383
253
34
-189
111
12
-54
-135
284
-131
39
-4
-11
-46
53
0
-18
1
23
41
-104
88
-259
196
-13
45
106
-208
133
4
-12
-302
336
-181
224
134
-430
158
-2
44
-97
88
-142
208
-139
159
-142
58
-44
-6
39
-29
42
-69
53
-41
59
-44
10
-3
1
0
6
-25
23
6
-8
-6
0
4
2
-2
-2
0
0
-1
0
0
0
0
0
0
-1
0
-1
0
1
1
-2
-4
-1
6
8
-6
-24
25
-7
0
-1
2
-10
42
-60
39
-53
69
-44
29
-40
5
43
-58
142
-161
139
-208
141
-88
96
-45
2
-158
431
-134
-225
180
-337
302
11
-5
-134
207
-106
-47
10
-197
259
-89
102
-42
-25
-1
15
0
7
-57
-23
150
-23
120
-543
454
-2
-57
-268
263
-178
572
-599
-66
389
-52
-214
58
204
-183
8
75
-82
22
42
-83
80
-29
-23
-8
91
-84
20
10
-50
78
-30
-74
62
77
-68
-37
36
-13
21
-30
-3
31
-23
0
18
-8
-3
1
1
-1
-1
-1
0
0
0
0
-1
0
0
1
1
2
-2
-2
2
7
-17
-1
22
-31
3
29
-23
12
-36
38
67
-79
-63
73
28
-78
49
-11
-21
83
-92
7
22
27
-81
82
-43
-22
82
-75
-10
183
-206
-58
213
52
-390
65
598
-573
177
-265
266
55
-1
-455
543
-121
22
-151
20
56
-10
0
-30
-19
1
356
-362
-516
1130
-674
30
-119
496
-294
-164
303
-58
-525
612
58
-201
-320
320
-191
343
-148
-146
-10
490
-661
274
203
-207
-168
252
53
-258
162
105
-273
82
175
-136
-39
78
50
-155
78
83
-112
6
63
-56
-4
50
-35
-5
19
-9
-3
5
-2
1
-1
-1
0
0
-1
-1
2
-5
2
8
-20
5
34
-52
4
55
-63
-7
111
-82
-80
155
-50
-80
37
135
-176
-84
270
-105
-163
256
-54
-254
168
204
-203
-273
661
-490
9
146
147
-342
191
-321
319
201
-59
-611
524
56
-304
163
292
-498
117
-31
673
-1131
516
360
-357
-4
19
26
0
-38
74
155
-450
150
720
-1139
722
-196
-54
104
-137
594
-1716
2297
-1386
374
-33
-278
551
-321
-81
121
-18
-67
162
-171
151
-223
86
217
-273
103
107
-222
124
134
-312
220
88
-305
209
47
-189
149
-22
-114
169
-94
-41
115
-100
37
14
-27
12
0
-3
0
0
-1
0
-1
0
0
0
0
-1
-1
2
-1
-13
26
-15
-39
100
-117
40
93
-170
114
20
-150
189
-48
-209
305
-90
-221
312
-134
-124
221
-108
-104
272
-217
-85
222
-152
172
-164
68
17
-120
81
320
-551
278
31
-373
1385
-2298
1714
-594
136
-105
52
195
-723
1138
-720
-151
450
-158
-75
34
0
-5
106
-127
67
237
-779
945
-711
388
-23
-132
52
236
-401
-191
359
140
-440
1228
-1988
1652
-864
346
105
-397
152
250
-209
16
-28
-78
349
-484
420
-332
240
-57
-194
383
-428
346
-223
118
-25
-96
197
-197
124
-78
47
3
-45
60
-55
36
-20
7
-2
-2
1
-2
0
0
0
0
-1
1
-1
0
2
-8
19
-37
53
-62
45
-3
-48
78
-125
195
-199
96
24
-119
222
-347
426
-384
192
55
-240
330
-422
484
-350
76
27
-15
208
-251
-153
395
-106
-346
865
-1651
1987
-1229
438
-140
-360
189
399
-238
-53
131
22
-391
709
-946
778
-239
-68
124
-107
0
0
106
-83
-111
342
-618
818
-328
-273
170
191
-286
225
-979
2357
-1911
476
-241
701
-1268
316
1242
-1283
653
-144
214
-790
612
150
-442
513
-598
632
-599
583
-742
872
-863
817
-728
577
-423
290
-194
177
-276
266
-70
-43
-1
49
10
-114
72
58
-78
8
16
-4
-1
0
1
0
0
0
1
-1
-1
0
0
3
-17
-9
77
-59
-73
113
-11
-50
-1
43
70
-267
276
-178
193
-291
421
-577
726
-818
862
-874
741
-585
598
-632
598
-513
441
-150
-613
789
-213
144
-655
1282
-1243
-317
1267
-701
240
-476
1910
-2359
978
-226
284
-193
-172
272
327
-818
617
-344
107
83
-110
0
107
-140
213
-461
671
-451
-329
748
-408
269
-300
437
-718
-322
1437
-1080
387
168
-1430
2235
-513
-1024
679
-371
227
508
-736
-26
709
-854
455
150
-520
655
-666
313
210
-479
579
-527
80
395
-398
350
-338
-57
323
-134
72
-143
-47
152
-14
26
-77
-9
28
-1
2
-1
-2
0
0
0
0
0
1
1
-1
0
-29
8
75
-26
13
-153
46
143
-73
134
-324
57
339
-350
397
-396
-79
526
-579
479
-211
-314
667
-656
519
-150
-454
854
-709
25
735
-509
-227
370
-678
1025
514
-2235
1429
-169
-389
1080
-1438
321
717
-438
298
-271
407
-749
328
450
-672
460
-217
139
-111
0
33
-40
-65
376
-299
-354
179
515
-489
188
12
-577
832
277
-486
-495
584
-22
-1062
764
521
-11
-511
113
320
-106
-467
-181
764
-173
-392
268
217
-320
-140
301
86
-278
88
227
-177
-207
281
22
-292
121
129
-94
-3
55
-1
0
-15
-15
-7
-3
1
2
3
1
0
0
-1
0
0
0
0
-2
-5
-3
0
2
6
14
15
0
1
-56
1
94
-130
-122
292
-22
-282
206
175
-228
-89
278
-87
-301
140
320
-218
-269
392
173
-766
182
467
106
-321
-114
511
11
-522
-764
1062
22
-584
495
486
-279
-833
575
-14
-189
487
-516
-180
353
299
-378
62
38
-38
0
-88
122
-43
-272
2
677
-445
193
-287
114
193
91
84
-1288
310
517
431
-278
163
236
-766
113
101
150
70
88
-385
-136
111
159
90
56
2
-156
-159
7
231
157
-142
-55
-111
-4
159
10
-67
-39
29
-66
59
35
1
-20
5
0
-15
0
4
-2
-1
0
0
-1
0
0
0
0
0
0
0
1
-5
-1
14
-1
-5
20
0
-35
-61
66
-31
39
67
-11
-160
2
109
55
142
-156
-231
-7
159
154
-3
-56
-90
-160
-111
136
385
-89
-71
-151
-101
-113
764
-237
-165
277
-431
-517
-313
1286
-85
-92
-195
-116
285
-193
444
-679
-4
271
40
-124
84
0
-133
33
55
107
-302
633
-532
136
-154
61
-130
209
274
-24
-506
13
297
196
105
-1018
512
228
-117
88
26
150
-305
-254
307
153
-167
-12
58
-15
-48
62
23
-117
-49
159
29
-135
55
-37
54
-23
13
-29
8
-3
1
7
12
10
2
-4
-5
-3
-2
-1
-1
0
-1
0
0
0
0
1
0
3
5
4
-3
-10
-13
-7
-1
3
-9
28
-14
22
-54
36
-55
133
-29
-159
48
116
-24
-62
47
15
-60
12
167
-154
-309
254
305
-149
-26
-88
116
-230
-513
1017
-106
-196
-299
-14
505
23
-277
-211
127
-62
150
-137
530
-633
300
-110
-58
-34
128
0
-45
41
-35
-19
88
-438
379
-35
12
14
170
-507
-801
2575
-1354
-350
334
129
-1040
1222
-305
-130
41
139
-77
126
-668
468
200
-318
74
58
63
-2
-64
-19
-15
27
40
-40
-5
20
-88
25
31
-4
59
-28
-7
-33
-11
38
36
-10
-25
-11
-2
3
2
0
0
0
0
0
1
0
1
-1
-3
-3
2
9
23
9
-35
-39
11
32
6
28
-59
3
-31
-26
87
-20
5
39
-41
-29
14
18
63
1
-63
-59
-75
318
-200
-468
669
-127
77
-140
-42
128
303
-1223
1040
-129
-335
350
1353
-2577
801
506
-172
-17
-14
35
-379
438
-89
17
33
-43
41
0
16
-62
49
180
355
-1205
643
-52
240
-102
-203
635
-2065
2395
-608
-437
206
-282
1725
-2355
828
-137
330
253
-524
-449
955
-11
-535
345
-154
-47
-9
-82
105
73
8
46
48
-38
-190
-30
205
23
-171
-41
73
45
15
17
-26
-42
-2
22
9
-6
-2
0
-1
0
-2
0
0
0
-1
-1
0
0
0
-1
1
5
-10
-24
2
42
24
-19
-15
-45
-73
40
168
-24
-206
30
190
36
-49
-47
-11
-72
-106
81
7
46
154
-346
535
10
-955
449
524
-254
-332
136
-829
2355
-1725
282
-207
437
605
-2397
2063
-635
201
101
-242
52
-644
1204
-356
-182
-50
60
-21
0
13
-4
-64
-390
1203
-960
134
-12
98
-238
335
265
-908
673
-169
138
-60
248
-1346
1822
-891
-207
659
-752
432
507
-1231
852
157
-423
-98
270
116
-157
-153
4
211
77
-203
-80
35
158
14
-107
-51
42
63
-4
-50
-5
27
0
-10
2
2
-4
0
-1
1
0
-1
-1
0
0
0
0
0
-1
-1
-1
0
4
-3
-3
10
0
-27
4
48
3
-63
-42
50
107
-16
-160
-35
79
203
-79
-212
-4
152
157
-116
-271
98
422
-158
-852
1231
-506
-433
751
-658
208
891
-1821
1345
-248
61
-139
166
-675
907
-267
-336
236
-101
12
-134
959
-1204
388
62
2
-18
0
-41
36
255
-689
611
20
-301
83
-13
420
-864
776
-394
40
60
112
-255
497
-915
887
-312
-149
146
-73
344
-667
398
107
39
-374
357
-127
-167
309
-216
-32
223
-210
-19
226
-188
15
116
-133
64
34
-83
24
66
-112
109
-60
14
-19
24
-12
4
-2
0
0
0
0
-1
0
0
-1
0
-2
-1
1
-4
12
-23
17
-14
60
-109
112
-66
-25
81
-36
-64
132
-116
-16
187
-226
18
209
-223
31
216
-310
166
127
-358
374
-38
-107
-399
666
-345
73
-146
149
310
-888
914
-498
254
-113
-61
-42
393
-777
863
-424
11
-83
300
-20
-611
688
-258
-37
36
0
34
-124
108
51
-50
-86
74
-6
-13
62
77
-232
144
-115
5
102
-91
114
-5
-61
1
-9
32
-22
37
-60
-36
81
-7
33
-55
3
45
-73
32
40
-52
11
14
2
-21
7
22
-28
8
4
8
-24
19
-1
-12
7
2
-3
-4
7
-5
1
-1
0
-1
-2
-1
0
-1
0
-2
0
-1
-1
4
-7
3
2
-3
-8
11
0
-21
24
-8
-5
-10
28
-23
-6
19
-2
-14
-12
53
-40
-32
73
-45
-4
54
-33
6
-81
35
59
-38
22
-31
10
-1
60
5
-115
91
-102
-6
113
-147
231
-80
-65
13
4
-75
86
49
-52
-111
123
-38
0
-6
3
-4
3
38
-76
50
-4
-11
-28
62
-107
133
-10
-87
58
-50
-37
144
-129
54
11
-18
16
-38
49
-31
-7
33
-13
-17
14
-1
-5
3
-1
3
-5
0
-5
6
-3
-1
1
-1
-2
4
-1
-3
5
-5
1
0
-2
0
-1
0
0
-1
0
-1
-1
0
0
-1
0
0
-1
1
-1
1
0
-2
0
0
-2
4
-6
2
1
-3
1
1
-3
1
3
-9
3
-1
4
-3
0
-4
5
1
-15
17
12
-34
5
33
-49
37
-16
19
-11
-54
129
-145
37
49
-58
86
8
-135
106
-63
26
9
3
-52
74
-40
-4
3
-4
2
0
1
8
12
-36
11
6
12
-17
12
-23
15
-43
43
59
-102
47
-5
20
-46
61
-71
33
-4
28
-60
18
67
-80
42
-15
9
-1
-5
3
-2
2
1
-6
3
8
-9
0
1
0
-3
1
1
2
-6
1
3
1
-1
0
0
-1
0
0
-1
0
-1
-1
-1
0
0
0
1
-1
0
-1
-1
0
-3
-1
1
-1
-3
-1
6
-3
-1
-2
2
-1
-3
-1
10
-9
-2
6
-1
-2
1
-3
5
1
-9
15
-41
80
-68
-18
60
-29
5
-33
70
-61
46
-21
4
-48
101
-62
-43
42
-17
21
-15
16
-12
-9
-11
34
-14
-10
-4
0
-8
6
-15
28
-14
-2
2
-6
21
-29
25
-16
15
-49
58
-10
-22
26
-56
21
24
-8
-2
-14
57
-56
32
-12
-19
7
11
-6
-3
2
1
3
-3
-4
8
-6
1
0
3
-7
4
-1
-1
1
0
-2
3
-3
1
0
1
-1
-1
0
-1
0
0
-1
-1
0
0
-1
0
-1
0
-1
0
-1
-1
1
-2
2
-3
1
-1
-1
1
0
-5
6
-4
-1
-2
5
-9
4
3
-3
-1
-2
3
6
-12
-8
18
13
-34
55
-57
14
3
8
-26
-20
56
-27
21
10
-58
46
-16
15
-26
27
-23
5
-2
1
12
-29
12
-7
4
0
-7
3
-4
10
0
-19
11
-1
2
-7
3
-4
15
-22
31
-30
4
56
-80
26
-4
4
19
-35
0
36
-35
8
10
2
-11
4
1
-3
0
-3
8
-11
3
1
2
-4
2
-3
-1
4
-5
0
1
1
-4
-2
2
-1
-1
-1
-1
0
0
1
-1
0
0
0
0
-1
1
-1
1
-1
0
0
-1
-1
-4
1
2
-1
-2
-1
4
-6
0
2
-3
3
-3
-2
-1
9
-8
2
-2
2
-2
-4
10
-3
-12
-10
34
-37
-2
35
-20
-4
3
-27
78
-56
-5
29
-32
20
-16
2
-4
5
-5
1
-12
19
-2
-12
1
-5
2
0
0
-2
6
-27
39
-30
14
-2
-8
10
-5
16
-50
55
-13
3
-23
9
2
0
2
-5
14
-24
21
7
-23
12
-9
4
5
-3
0
1
-2
-3
4
-2
-2
4
-5
5
-8
3
3
-2
-2
1
-1
0
-1
-2
3
-2
0
-1
0
1
0
-1
0
0
0
0
0
-1
0
0
0
-1
0
0
-2
1
-3
0
1
-1
0
-1
1
0
-3
-4
5
-7
4
-6
2
0
-4
1
1
-3
-2
2
-5
-3
9
-12
23
-8
-22
24
-14
4
-2
-1
-4
-11
22
-3
11
-57
49
-17
3
-11
5
1
-15
29
-40
25
-10
0
-5
0
0
0
-1
2
3
-1
-3
-1
0
0
-3
-1
3
3
-2
-5
-1
6
4
-4
-6
-1
4
0
-5
-2
4
5
0
-3
-1
2
1
-3
-1
1
1
-1
-2
0
1
0
-1
-1
0
1
-1
-1
0
0
-1
0
0
0
0
-1
-1
0
0
0
-1
0
0
0
-1
-1
-1
-1
-1
-1
0
0
0
0
0
0
0
-1
-2
0
0
-1
0
0
1
-1
-1
0
0
-1
-1
-1
0
2
-2
-2
1
3
0
-5
-4
2
3
-1
-4
0
5
3
-4
-5
0
4
0
-5
-4
1
0
-2
-3
0
2
0
-3
-3
0
-1
-2
