-23
4
-9
0
-9
8
-40
56
-48
19
-13
10
-24
5
2
86
-160
57
36
-22
-52
95
10
-71
-24
36
13
-47
13
79
-130
110
-41
-24
31
-20
6
-9
12
11
-89
292
-386
368
-401
184
143
-156
-41
207
-233
124
-9
-12
-33
14
18
-21
24
-10
-9
4
-3
1
-2
3
-2
4
-8
-10
25
-19
19
16
-32
-11
-9
125
-233
206
-40
-155
144
186
-401
368
-387
292
-89
11
13
-8
6
-19
32
-23
-41
112
-128
80
14
-45
13
38
-23
-71
11
98
-51
-21
36
58
-159
89
5
7
-22
13
-10
22
-46
60
-36
12
-6
8
-5
13
8
-16
-5
-1
0
-33
44
-36
25
-22
7
-17
28
-48
67
-122
113
-64
26
9
-110
132
-15
-10
-9
-21
-21
43
-23
-2
60
-64
19
-11
28
-26
3
1
1
2
-35
-13
396
-655
351
102
-236
19
153
-160
176
-126
23
-11
14
-16
15
-7
16
-10
4
-10
0
0
0
1
0
-9
3
-9
18
-6
16
-15
14
-11
23
-125
177
-159
154
20
-236
102
351
-656
396
-12
-35
2
2
3
3
-25
29
-11
19
-63
62
-3
-22
43
-20
-19
-9
-8
-14
134
-109
10
27
-63
114
-118
70
-46
31
-14
10
-18
27
-31
49
-29
3
7
0
-8
-27
6
-5
-4
4
-28
19
-4
-9
0
6
3
-9
7
-35
61
-92
80
-81
-5
131
-91
-14
23
-10
12
-42
84
-103
118
-40
-78
49
13
-28
8
39
-65
33
7
70
-224
263
-258
214
-156
154
-98
65
-43
42
-94
122
-119
65
-38
14
21
-14
12
-16
1
-2
1
-1
2
-1
1
-15
14
-13
21
14
-39
66
-118
123
-94
44
-43
66
-98
154
-156
214
-259
263
-223
71
7
34
-63
40
9
-27
13
49
-77
-39
119
-102
85
-42
13
-9
25
-12
-90
132
-4
-79
81
-91
64
-32
8
-5
6
9
2
-7
-1
23
-26
7
3
0
14
9
-15
-7
-4
4
0
-10
-15
16
-14
9
-23
14
-25
33
49
-109
52
-20
-75
137
-50
-5
-21
17
-3
-6
5
-40
63
-32
-6
13
-4
-21
22
-3
10
-36
40
-12
32
-34
-163
353
-352
218
-93
181
-239
117
-68
81
-21
-40
9
-25
48
-13
0
2
-8
1
-1
0
1
1
-7
3
1
-12
49
-25
11
-39
-21
82
-67
117
-238
182
-92
218
-353
353
-165
-34
34
-12
41
-36
10
-3
23
-21
-1
13
-5
-31
65
-39
7
-6
-1
18
-20
-4
-48
139
-75
-20
53
-108
52
36
-20
17
-19
13
-11
17
-11
-6
4
8
3
-2
-7
-27
4
-2
-5
-7
18
-41
17
-2
4
-8
-2
-16
32
10
-89
44
35
-19
33
-139
151
-61
4
-3
14
-25
-3
-2
37
-32
32
-46
23
-13
11
2
-3
-5
-11
60
-46
32
-147
174
-74
60
-98
37
71
-49
-30
40
-22
9
22
-50
5
17
6
-22
9
1
-2
1
-2
1
9
-21
8
17
6
-49
24
10
-21
41
-28
-49
72
38
-98
61
-74
174
-146
33
-47
60
-10
-4
-3
3
11
-12
23
-46
34
-31
38
-1
-1
-24
16
-1
6
-59
153
-138
34
-19
36
45
-86
12
35
-13
1
-4
7
0
20
-38
20
-4
1
3
13
7
-14
-4
-7
-3
-11
27
-37
8
-4
6
4
-35
32
-26
55
-88
58
-27
-30
77
-25
-33
2
4
7
-11
14
-11
-3
21
-37
31
-13
-30
47
-17
-3
-9
20
-24
57
-63
-12
115
-205
219
-31
-167
48
107
-95
19
54
-13
-44
50
-55
14
10
-16
9
0
-1
-1
-1
1
10
-16
12
14
-54
51
-43
-11
55
20
-94
108
48
-166
-30
220
-204
115
-13
-62
58
-24
21
-8
-2
-17
47
-30
-12
31
-36
23
-3
-9
14
-11
9
4
4
-31
-22
77
-28
-26
60
-87
58
-24
35
-32
7
10
-1
10
-33
31
-7
1
1
2
-5
-29
4
1
-5
3
-21
-1
-5
14
-21
6
5
3
-24
47
-98
24
62
-40
6
22
-62
38
20
-35
1
16
-5
-23
-33
107
-62
-10
5
9
-15
12
-2
-6
19
-70
118
-7
-112
108
44
-155
-21
55
47
-44
94
-147
91
-1
-48
66
-32
-16
7
2
1
0
-4
2
-3
1
2
3
8
-16
-30
67
-47
0
92
-146
96
-44
47
56
-22
-155
45
109
-112
-7
118
-70
19
-6
-2
12
-13
10
6
-10
-61
109
-32
-23
-2
18
2
-34
22
40
-62
24
8
-38
63
25
-95
51
-21
6
9
10
-18
16
0
3
-18
6
2
6
12
2
-5
-22
-6
59
-3
-74
-41
79
8
-64
29
88
-86
-72
-97
205
74
-124
-152
181
36
-45
-50
-5
47
-13
-73
81
2
12
-62
13
15
-4
4
-5
7
-2
-4
32
-1
-174
201
5
-104
75
-76
26
65
-72
27
13
-66
55
5
-30
13
6
-13
-3
11
-8
0
0
1
-7
12
-3
-12
7
14
-29
6
57
-64
14
29
-71
66
27
-76
76
-103
5
201
-174
0
31
-4
-2
7
-5
4
-4
17
13
-62
12
2
82
-72
-12
49
-4
-51
-43
38
183
-151
-123
75
206
-93
-69
-82
91
32
-60
10
81
-37
-70
0
61
2
-17
3
-31
17
-25
-8
74
-21
-98
-20
87
14
-76
14
120
17
-274
-92
310
60
-99
-182
23
248
-39
-95
-51
75
10
-58
-34
104
-64
59
-60
-1
21
10
-35
27
-3
-12
-10
76
-105
8
-9
265
-316
45
79
22
-82
5
78
-62
-22
44
14
-13
-71
71
-21
2
-2
-3
3
-2
-1
3
-20
72
-70
-11
15
45
-21
-62
79
7
-81
22
80
44
-315
264
-9
8
-105
75
-10
-11
-2
27
-34
9
21
1
-60
60
-63
104
-32
-57
12
76
-50
-95
-38
249
24
-181
-98
62
311
-88
-271
20
123
17
-73
18
90
-15
-95
-17
78
0
-21
25
-6
3
-1
-30
-15
-46
72
50
-33
-51
-38
42
81
101
-70
-182
-154
96
110
88
-26
49
-68
-112
22
63
35
-38
19
-68
-31
63
20
-8
0
-17
17
-12
7
-13
26
30
-76
-33
25
48
85
-91
-27
19
-22
39
-20
11
-1
-21
21
-31
11
19
1
-12
-7
3
2
4
-7
-11
1
22
13
-31
21
-19
0
12
-20
39
-21
20
-26
-90
84
49
25
-34
-77
29
26
-13
9
-11
18
-17
0
-7
20
64
-29
-66
20
-36
35
66
22
-110
-66
50
-25
90
111
99
-153
-180
-66
104
85
45
-35
-47
-31
54
76
-42
-12
-24
4
12
-33
17
2
-17
-29
26
-19
-39
38
41
29
-3
-40
43
-173
-177
259
-32
13
174
-224
108
25
-48
-25
-21
8
15
8
-11
40
-49
16
-3
-15
13
0
0
0
10
-5
-46
4
-1
222
-343
215
-90
57
-26
27
-49
49
-27
-11
-19
63
-69
56
-36
21
-18
4
-1
1
1
5
-18
22
-36
57
-69
64
-17
-10
-26
51
-48
26
-24
58
-91
214
-344
223
-1
5
-46
-5
11
1
0
0
12
-15
-3
16
-47
41
-10
8
17
10
-20
-24
-45
26
108
-223
175
15
-31
260
-172
-169
48
-37
1
31
47
40
-35
-15
31
-26
-10
6
25
-11
-7
-13
-2
28
54
-107
45
-16
-14
-4
4
-21
134
89
-339
52
103
-40
-5
-210
276
-23
-56
14
-6
-12
22
-26
25
-27
41
-8
-1
-10
-1
-1
-1
-1
-4
-25
58
-6
25
-23
-8
-123
129
21
-84
49
14
-17
-12
-2
0
8
-16
6
11
-15
3
1
0
-2
3
1
2
-14
12
6
-15
8
1
1
-12
-16
14
50
-82
22
130
-122
-8
-23
26
-5
59
-25
-4
-1
1
0
0
-8
0
-8
41
-27
26
-25
23
-10
-6
15
-54
-22
277
-209
-3
-39
106
53
-335
92
138
-18
8
-2
-12
-14
49
-102
57
31
5
-8
1
-21
2
-9
20
-9
-83
33
33
3
-7
-29
1
40
308
-497
53
118
-43
-4
47
121
-250
61
63
-16
-37
4
51
-26
16
-7
-6
-8
5
-9
13
-10
2
-4
6
-12
26
-29
101
-201
231
-182
120
-111
58
0
8
-8
-14
31
-31
24
-38
20
7
-17
11
-7
1
0
2
-7
12
-16
8
20
-36
25
-29
31
-12
-8
9
0
59
-110
120
-181
230
-201
102
-29
28
-12
7
-4
2
-9
15
-8
6
-8
-6
-5
16
-25
52
6
-36
-15
63
61
-249
123
48
-3
-42
119
55
-494
310
42
4
-25
-4
5
38
37
-79
-6
27
-5
10
-2
-17
4
-17
-24
59
48
-100
-2
17
10
-44
92
258
-660
294
-20
-9
62
-41
-60
257
-153
1
0
-13
-13
30
-1
10
-64
30
-19
29
-22
22
-10
1
-1
-4
-3
-43
243
-210
-68
194
-310
268
-73
-10
49
-42
7
4
-12
23
-54
29
38
-39
14
-11
1
-1
1
-2
0
-10
14
-38
39
28
-53
25
-12
4
7
-41
49
-8
-72
268
-310
192
-67
-210
244
-42
-3
-4
0
0
-9
22
-22
29
-19
30
-63
11
0
31
-12
-12
2
1
-152
258
-59
-40
64
-8
-19
298
-656
261
95
-39
12
21
-1
-97
51
63
-22
-11
8
-9
-9
-8
10
-17
65
-125
-49
144
-27
-8
22
-33
143
-477
330
71
-31
4
-62
5
-220
281
-28
5
-38
-27
25
-20
-37
49
33
-59
27
-19
3
17
-12
5
-1
4
6
-22
-89
115
97
-159
-59
185
-95
2
38
-27
33
-55
8
14
-20
34
-30
15
-1
-9
3
0
-1
1
4
-8
0
16
-27
35
-19
16
9
-53
34
-26
39
3
-94
185
-57
-159
97
116
-89
-22
7
4
0
5
-11
17
3
-18
27
-58
33
49
-36
-18
26
-25
-36
7
-26
283
-218
5
-61
4
-30
73
333
-474
147
-30
25
-4
-25
147
-46
-119
68
-10
15
-1
1
-11
1
-8
-84
135
14
-167
68
16
55
-21
58
-628
932
-408
-110
77
101
70
-388
290
11
-43
-57
30
-14
43
20
-106
62
21
-33
-13
24
2
-4
-1
0
-4
-47
54
94
-55
-81
-74
145
53
-54
-65
-14
64
3
1
-22
-3
-3
-7
6
-3
3
6
-8
-1
0
0
-6
5
4
-4
8
-6
-2
-2
-20
2
3
66
-13
-65
-53
53
145
-73
-80
-55
94
55
-48
-4
0
-1
-3
0
24
-13
-33
22
62
-104
20
45
-14
31
-57
-41
12
291
-388
71
102
79
-109
-404
935
-624
61
-19
57
20
70
-163
17
140
-81
1
6
-3
2
-7
-25
6
72
-203
237
-107
-55
33
65
-59
-243
817
-909
322
128
-242
94
173
-312
217
-42
-24
6
-4
12
-25
34
-55
20
41
-27
-3
-8
0
14
-5
-1
3
-5
-52
25
123
-117
18
46
-72
5
82
-31
-55
17
24
2
-17
-3
-9
7
13
-14
1
-2
1
0
2
-2
2
-13
15
8
-8
-2
-17
3
25
19
-54
-32
82
6
-72
46
19
-116
123
24
-52
-5
4
-1
-4
14
1
-8
-3
-27
41
22
-54
35
-24
12
-2
7
-21
-41
218
-312
175
95
-240
129
326
-904
820
-240
-57
69
36
-54
-103
241
-199
75
12
-20
2
-1
-13
-2
12
-79
197
-310
287
-177
37
68
-126
213
-442
487
-285
151
-76
-29
137
-261
237
-116
62
-30
0
3
-37
46
-8
-21
20
-21
10
-7
23
-25
1
8
-7
-4
-13
-10
35
72
-26
-24
-43
-1
14
14
-35
13
21
-7
-6
15
-21
1
4
-1
-1
0
-2
-1
-1
0
0
0
5
1
-20
16
-5
-7
23
14
-33
15
14
0
-45
-23
-26
72
35
-11
-13
-4
-6
9
1
-25
25
-6
10
-21
22
-20
-7
47
-35
4
1
-29
62
-114
238
-259
138
-28
-74
152
-282
491
-440
216
-122
71
41
-175
292
-306
201
-76
19
3
-6
5
-22
22
-46
77
-210
295
-176
46
-58
72
-119
119
62
-230
168
-129
167
-203
188
-130
81
-43
2
18
-20
-6
44
-54
35
-33
37
-29
17
2
-50
62
-35
15
8
-20
17
-29
1
14
90
-175
114
-50
39
-24
3
27
-49
42
-4
-43
65
-47
11
-5
10
-10
4
-2
3
-9
10
-4
12
-47
67
-42
-3
43
-48
28
4
-24
40
-49
114
-174
91
14
1
-29
18
-20
10
15
-35
63
-49
2
18
-29
39
-31
37
-54
46
-5
-19
20
2
-42
83
-130
190
-202
168
-128
171
-228
65
123
-115
76
-55
48
-172
299
-207
79
-40
27
-14
-14
-8
0
9
-72
153
-92
-135
184
-103
48
14
-140
135
63
-188
129
-48
-46
140
-113
-1
40
-37
25
-13
6
-5
-9
24
-37
23
-2
2
-7
19
-44
39
-13
3
-8
0
11
-3
-3
23
-14
-7
4
-18
33
-32
1
23
-21
6
-8
-54
118
-69
5
5
-4
-1
1
-1
-3
5
6
-69
120
-53
-8
7
-19
25
2
-32
34
-19
5
-7
-13
24
-2
-2
11
0
-7
3
-11
40
-44
19
-6
3
-2
23
-38
25
-8
-4
8
-12
26
-35
42
1
-112
142
-46
-47
130
-185
66
139
-137
18
51
-100
186
-130
-87
158
-70
16
4
0
-2
-8
-16
11
37
-58
-67
83
32
-76
16
65
8
-186
108
56
-54
-48
19
88
-48
-15
-4
9
-16
13
-6
-22
35
-3
-23
1
4
5
4
19
-46
35
-46
52
-23
9
-38
84
-61
13
-9
4
-42
59
-3
-19
9
1
-19
16
3
-10
11
-19
2
5
1
-2
-1
-2
1
5
2
-18
12
-10
4
18
-18
1
10
-20
-3
61
-41
4
-8
13
-61
84
-37
9
-23
52
-45
34
-46
19
5
6
4
1
-22
-3
36
-22
-4
14
-15
10
-2
-13
-47
89
21
-47
-53
59
112
-183
11
69
19
-73
33
86
-63
-54
40
18
-11
0
-30
11
-1
-13
0
-26
26
6
-10
-9
-17
42
-61
15
22
-23
17
-42
24
5
13
-17
4
-16
5
5
-9
0
3
-1
-4
-3
3
2
-3
2
-8
4
4
4
-1
-8
-27
46
-4
-3
-17
7
-3
16
-18
1
0
-1
2
-2
-2
3
-1
-3
2
-1
0
-2
0
-1
0
-1
3
-2
0
4
-1
-1
3
0
0
2
-17
16
-3
7
-16
-2
-4
46
-26
-8
-1
3
6
3
-9
3
-3
3
3
-2
-4
1
3
2
-7
6
7
-15
6
-15
14
7
25
-40
18
-21
25
17
-59
46
-13
-7
-7
10
30
-21
2
-6
3
18
1
-14
1
-7
-1
-9
5
-6
1
0
1
-6
-8
13
-32
27
-12
-3
5
-14
1
6
1
-7
1
-1
0
-6
4
-5
0
0
-3
5
-6
3
2
-5
6
-5
1
4
-7
5
4
-6
3
4
-8
-6
9
-3
1
-5
0
5
-4
-1
0
-1
-1
0
1
0
0
-1
0
0
0
0
0
0
-3
4
1
-5
2
-3
11
-4
-7
3
3
-6
4
6
-7
4
1
-5
6
-5
2
4
-5
5
-3
1
1
-5
4
-4
1
1
1
-5
2
8
2
-12
5
-1
-11
30
-27
15
-4
-3
4
3
3
-3
9
-6
2
-1
6
-5
-25
6
-8
-5
-2
-2
-5
-3
1
-7
0
2
-11
11
-18
3
-5
10
-13
2
0
-2
2
-3
3
-10
5
-1
0
-3
-2
0
-2
5
-7
7
-6
3
2
-5
1
-2
3
1
1
0
-2
1
2
-1
-7
1
3
-2
1
-4
2
-1
-3
1
-1
-1
0
0
0
-1
0
-1
-1
2
-1
-1
3
-4
2
0
4
2
-6
0
3
1
-1
-1
1
1
3
-3
1
-4
3
3
-6
9
-7
6
-2
0
-1
-3
1
1
5
-10
4
0
3
1
0
4
-12
13
-5
7
-15
14
-8
5
3
-4
3
1
-2
1
1
3
-3
14
9
-17
1
-7
-2
-4
-2
-5
1
-5
-3
-1
6
-19
11
-8
7
-6
-2
2
-1
-8
9
-3
-6
1
2
-10
7
-1
-3
0
0
1
2
-4
3
-4
3
2
-4
7
-6
6
-1
-5
6
-4
4
-4
0
-2
6
-10
4
-5
1
-3
0
0
-2
1
-1
-2
0
-1
0
0
0
1
1
-1
2
-4
5
-7
8
-1
1
-5
5
-4
6
-6
0
6
-4
4
-5
1
2
-4
4
-2
2
2
0
1
-2
-1
8
-10
3
3
-6
-1
11
-8
1
3
-2
-5
8
-5
15
-16
9
3
0
0
3
-1
2
0
2
-1
6
-8
-24
4
-7
-3
-3
-2
-3
1
-6
-2
-1
-2
-1
-6
-7
6
-4
-5
6
-7
-1
-3
4
-2
1
-3
-2
2
-2
1
1
-3
1
0
0
-1
5
-2
-1
-3
5
1
-2
1
1
3
-3
2
-2
2
-1
-3
0
2
-2
-3
-1
0
1
-3
-1
-1
-2
0
0
0
-1
0
0
-2
1
1
0
-2
-2
3
1
-2
1
2
-1
3
-4
3
2
2
-2
0
5
-4
-1
-1
5
-1
0
1
1
-2
1
1
-2
3
-1
-2
3
0
6
-1
0
-5
7
-4
-3
10
-4
-4
3
2
2
1
-5
3
0
3
-1
3
-2
13
11
-16
-1
-5
-3
-3
-1
-6
-2
-1
-2
1
-4
-1
-4
-5
2
-4
6
-9
0
-1
2
-4
2
-5
4
-3
-2
0
-1
-3
-1
2
-2
4
-8
5
1
-2
2
2
-2
0
3
-1
1
1
-4
1
1
-3
2
-3
0
3
-5
3
-3
0
-1
-1
0
0
0
0
0
-1
-1
0
-1
2
-5
4
0
-3
3
-1
3
2
-3
1
2
-2
3
-1
-3
2
3
-3
1
6
-7
4
-2
4
-1
-3
1
0
-2
-2
5
-5
3
-3
3
1
0
-8
5
-4
3
-1
-1
2
-1
3
0
1
0
-2
2
0
-1
3
4
-9
-29
7
-5
-8
-2
-2
-5
-2
-3
-2
-3
1
-5
-2
-3
-3
2
-1
1
-8
1
0
-2
-2
1
-3
2
-4
0
-2
1
-2
1
0
-1
2
1
-1
-1
4
-7
4
-2
2
3
-7
4
-4
2
1
-4
2
-4
2
-1
0
-1
1
-2
0
0
-1
0
-1
0
0
1
-1
0
0
-1
2
-1
0
0
3
-4
3
-3
1
3
-4
4
-6
4
2
-3
4
-7
5
-2
-1
0
2
-1
1
1
-2
2
-2
1
-3
2
-1
2
-1
0
2
2
-6
2
1
3
0
-1
0
-3
4
1
1
-1
3
-1
2
1
-1
0
15
7
-13
-5
-4
-3
-3
-3
-4
0
-3
-2
-2
-4
2
-13
6
-2
-4
1
0
-7
1
-2
2
-2
-1
-5
1
1
-3
-3
1
-2
2
-4
3
0
-3
0
0
2
1
-1
0
3
-6
7
-8
5
-1
-2
-1
1
-2
-4
3
1
-2
-1
0
0
0
0
0
-1
0
0
-1
0
1
-1
-1
2
3
-4
-2
1
0
-2
-1
6
-7
7
-5
4
0
0
1
2
1
-1
-2
1
5
-4
3
-2
2
-3
-2
2
3
-5
2
-1
2
-1
3
-6
2
3
-2
-1
10
-10
6
-1
0
1
0
2
-1
0
1
0
4
0
-5
-27
4
-1
-7
-2
-3
-3
-1
-2
-3
-1
-2
-6
6
-14
2
4
-9
2
-3
-2
5
-3
0
-3
4
-2
-7
1
0
-4
3
-1
-1
0
0
-1
4
-3
4
-7
6
-2
-1
-1
3
-3
2
0
-1
-5
3
-1
-1
-2
1
-1
-1
-3
0
-1
0
-1
0
0
0
0
1
-1
3
-2
1
-1
2
-1
-1
1
4
-6
-1
0
3
-3
4
-1
0
-1
7
-7
5
-3
5
-1
0
1
-1
-1
5
-3
1
3
-5
0
5
-2
2
-1
6
-2
-2
4
-7
5
5
-11
9
-3
1
0
-1
0
1
0
0
1
2
2
10
6
-12
-5
-5
-2
-2
-3
-3
-1
-3
-2
-3
-4
0
-6
3
-8
1
3
-9
4
-4
-2
-3
0
1
-5
-2
0
-2
-1
-1
1
-3
1
-1
1
0
0
0
-1
1
1
0
1
0
3
-6
4
-2
-4
2
-1
-4
2
-5
0
1
-2
0
-1
0
0
-1
0
0
-1
0
0
0
0
2
2
-3
4
-3
-1
3
-3
-1
5
-5
3
0
1
1
1
0
0
-1
1
0
1
-2
2
-3
1
0
1
-2
1
-1
-4
4
1
-2
0
-1
5
-7
4
1
-7
7
-4
3
-1
0
3
1
1
1
0
2
1
1
0
-4
-4
-4
-2
-1
-3
-3
-2
-1
-2
-3
-1
-1
-2
-2
-1
-1
-1
-3
-1
0
0
-2
-2
-1
0
-1
-1
-1
-1
-1
0
-1
0
-1
0
1
1
0
-1
0
0
0
0
1
1
0
-1
-1
0
0
0
-1
0
1
0
-1
0
0
0
-1
0
0
-1
0
0
0
0
0
-1
0
0
0
0
-1
0
0
0
0
0
1
1
0
0
0
0
0
0
0
0
0
0
0
0
0
1
1
0
0
1
0
-1
-1
-1
-1
0
1
0
-1
0
0
0
-2
0
1
1
-1
0
1
0
1
0
1
0
-1
0
1
3
0
