-9
-6
-4
-5
-4
-1
-4
0
-4
-2
-2
-2
1
-5
-10
2
7
-20
6
24
-34
7
8
-10
1
0
-1
0
-1
0
0
0
-1
0
0
0
0
-1
0
0
0
0
0
0
-1
1
0
0
-1
-1
-1
-1
-1
-2
-1
-1
-1
0
-1
0
-1
-2
-1
-1
-1
0
0
0
0
0
-1
0
0
1
1
0
0
0
1
0
0
0
0
0
0
1
0
0
0
1
0
0
1
0
1
0
-1
0
1
1
-1
1
-2
0
2
-8
10
8
-34
26
8
-19
8
5
-7
-1
4
1
1
1
-2
3
-1
2
-1
2
1
2
-8
-5
-4
-6
2
-8
6
-12
3
-7
1
-1
-9
12
-9
-2
10
-14
-21
14
28
-30
4
12
-12
-7
5
-3
0
1
-1
-1
0
0
0
-1
0
0
0
-1
0
-1
1
0
0
0
0
0
-1
-1
-1
-1
-1
0
-1
0
0
-1
0
-2
-1
-1
-1
0
0
-1
0
-1
1
0
1
-1
0
0
1
0
0
0
0
1
0
0
0
0
1
-1
1
-1
0
0
0
-1
1
0
0
-1
0
0
0
2
1
-2
7
-6
-11
14
6
-29
28
15
-19
-12
11
0
-7
14
-6
2
6
-3
5
-9
10
-5
5
2
0
3
-9
-4
-6
-5
-2
0
-11
-13
20
-10
-4
-1
-14
26
-33
21
-15
11
-25
59
-111
66
-9
16
-9
-23
16
-1
1
-6
0
-2
1
0
0
1
0
-1
1
0
0
2
-1
0
0
0
1
0
-1
-1
-1
0
0
-1
-1
0
-1
-1
-1
-1
-1
-1
0
-1
1
-1
0
-1
0
0
-1
-1
0
1
0
0
1
1
0
-1
0
0
1
0
2
0
0
1
-1
0
1
1
0
0
0
0
1
-1
2
-4
2
1
17
-23
-8
19
-8
67
-110
59
-22
12
-14
25
-30
30
-11
3
0
-6
22
-10
-7
3
1
3
-1
4
-9
-6
-2
-4
-10
5
-7
-13
18
-7
-10
8
-9
-11
16
5
-8
-53
54
-3
-37
80
-112
39
42
-31
4
-11
12
-7
-1
-5
7
-5
1
-1
3
0
-1
1
0
0
1
0
0
1
1
0
0
0
0
-1
0
0
-1
-1
-1
0
-1
0
-1
1
0
0
-1
-1
1
0
-1
1
0
1
0
-1
0
0
1
0
0
0
1
1
1
1
0
-1
0
0
0
1
0
-1
2
0
1
-7
7
-4
0
-5
13
-9
5
-29
43
41
-111
80
-37
-2
54
-50
-7
7
19
-7
-7
11
-7
-4
20
-10
-3
9
-7
3
3
2
-8
-4
-7
-4
-9
7
-15
10
-9
9
-22
20
-18
3
-14
34
-83
95
-84
57
-38
30
76
-130
-11
83
-39
16
-27
19
-6
-3
-1
3
-4
1
-1
1
3
-2
1
0
0
0
0
0
-1
0
-1
-1
-1
-1
-1
-1
-1
-1
-1
-1
-1
-1
0
1
-2
0
0
0
0
0
0
0
-1
1
0
1
0
1
1
0
0
0
0
0
0
1
0
0
-1
0
1
-2
4
2
-1
1
-3
5
-1
-2
-5
19
-26
18
-39
84
-9
-127
78
31
-37
59
-83
96
-82
38
-10
8
-14
24
-20
13
-7
14
-13
11
-6
4
-2
3
-8
-5
-3
-15
6
-1
7
-24
-5
25
-31
21
-13
-16
56
-90
-24
177
-177
43
128
-279
147
67
-19
-43
10
9
-7
-11
16
-17
1
5
-8
9
3
-10
6
2
-3
0
-1
1
0
1
1
0
-1
-2
-1
0
-1
-1
0
-2
0
-1
0
-1
-1
-2
0
0
0
0
1
-1
0
0
0
0
0
0
0
0
1
0
-1
0
0
1
1
0
1
1
-1
1
-2
3
6
-10
4
9
-7
4
1
-16
17
-10
-6
10
11
-43
-18
68
148
-277
129
44
-175
179
-23
-86
60
-13
-10
25
-28
27
-3
-20
10
3
9
-8
2
3
-8
-6
-4
-9
-2
-3
-1
0
17
-43
33
-21
2
7
-9
-6
-193
436
-266
-169
343
-241
223
-89
-155
135
-27
-26
0
15
2
-9
14
-12
-10
17
-12
20
-19
11
-10
13
-9
6
-8
6
-3
0
-2
0
-1
0
-1
-2
-1
-1
-1
-1
0
1
-2
-1
-1
-2
0
1
0
0
-1
0
0
0
0
0
0
1
0
1
0
1
-1
1
-3
6
-7
5
-9
13
-10
12
-18
20
-12
19
-9
-13
14
-7
1
17
2
-25
-26
135
-154
-87
225
-238
344
-167
-264
436
-192
-3
-6
9
5
-18
35
-41
19
4
3
-1
2
0
0
4
-8
-8
-3
-2
-2
4
-23
0
4
0
-11
20
-46
100
-101
98
-148
248
-355
318
-123
-249
216
51
1
-50
-12
36
-19
15
-22
17
-1
-4
-2
-4
6
9
-9
0
-3
-3
23
-33
31
-16
4
1
-2
0
-1
-1
-1
0
-1
0
-1
0
-1
-3
0
0
-1
-1
0
0
-1
0
1
0
0
0
0
1
0
1
1
0
0
2
-1
2
4
-14
32
-33
22
-3
-4
0
-8
8
8
-4
-2
-3
-1
17
-22
16
-18
37
-11
-50
2
53
217
-248
-122
319
-354
249
-147
100
-99
102
-43
22
-8
3
6
3
-20
8
0
5
2
0
-8
-6
-2
-7
-7
-5
15
-19
7
-4
-14
4
18
-23
-14
70
-128
171
-230
118
-60
142
-66
-2
14
-37
-8
0
8
12
-16
-1
4
4
-6
-5
15
-5
0
-4
4
-12
19
-15
6
5
-8
5
-2
0
-2
-1
-1
0
-1
0
0
-1
0
0
-1
-1
-1
-1
-1
0
0
0
1
0
-1
0
1
1
0
0
0
1
0
1
-1
5
-8
5
6
-16
19
-11
5
-5
0
-4
15
-6
-6
5
4
0
-15
13
8
1
-5
-36
16
-1
-63
144
-59
119
-229
173
-127
75
-11
-21
21
7
-11
-1
9
-14
19
-1
-3
1
3
1
-8
-8
4
-15
1
-10
3
42
-93
63
-38
2
18
0
-9
26
-175
245
-159
91
-49
-61
212
-181
8
12
20
-11
-3
-6
12
-9
4
-8
9
3
-7
8
-14
8
5
-2
-3
7
-7
10
-9
6
-3
0
0
-1
-2
0
-1
-1
-1
0
-1
-1
-1
-1
0
-1
0
-1
1
-1
0
0
0
1
0
1
1
-1
0
2
-1
0
-2
6
-10
10
-6
7
-3
-3
5
7
-13
8
-7
3
9
-6
4
-9
12
-5
-3
-9
21
13
9
-178
213
-59
-48
93
-158
247
-174
29
-5
4
22
5
-36
66
-91
45
8
-6
5
-8
9
0
-9
-7
-2
-4
-4
-8
16
5
-52
35
-15
-10
19
23
-49
25
-63
63
-33
6
15
-48
65
-14
-27
6
5
-2
1
-2
-7
3
-1
1
0
-1
-2
4
-2
8
-11
9
-8
7
3
-2
0
0
0
0
-1
-1
0
-1
0
-1
-1
0
-1
-1
0
-1
-1
0
0
0
0
-1
-1
0
0
-1
0
1
1
-1
0
0
-1
0
1
0
0
-3
3
7
-8
10
-11
8
-2
4
-2
-1
2
3
-1
3
-5
-1
2
-1
6
6
-26
-13
66
-47
15
7
-31
64
-62
28
-46
26
22
-7
-13
38
-50
10
20
-6
-1
2
3
0
-8
-7
-2
-6
-2
-1
0
-26
24
11
-36
5
4
-3
-26
57
-65
74
-65
-15
52
-75
58
28
-52
11
7
-14
3
7
-5
-3
2
0
-2
0
4
-3
1
1
-2
-2
6
5
-19
14
-4
0
-2
0
0
-1
-1
-1
-1
0
-1
-1
-1
-1
0
1
-1
0
0
0
1
0
0
1
-1
0
0
1
1
1
0
0
0
1
-1
1
-4
14
-18
7
6
-3
-2
2
0
-3
3
1
-1
0
2
-2
-4
6
4
-12
7
12
-50
30
59
-72
53
-14
-64
75
-64
61
-23
0
8
9
-33
15
25
-21
3
3
1
1
3
0
-7
-37
39
5
-22
-30
41
-34
23
-21
5
-16
24
-48
5
47
-32
21
-33
57
-84
126
-117
35
0
-4
-5
6
-5
2
-1
-3
3
0
-1
0
2
0
-2
4
-1
-7
15
-13
3
7
-7
2
0
-3
1
-1
-1
-1
-1
-1
-1
-2
1
-1
-1
-1
-1
-1
0
0
0
1
0
0
1
-1
0
0
1
0
0
0
1
-2
1
2
-7
6
4
-13
15
-6
-2
4
-2
0
1
0
0
0
3
-2
0
2
-4
6
-4
-3
0
36
-116
127
-83
58
-32
22
-31
50
8
-44
27
-13
9
-19
24
-31
45
-26
-19
13
44
-31
-17
-81
140
-105
32
-130
703
-968
421
-211
387
-357
319
-474
731
-761
314
58
-16
-103
-304
932
-919
540
-272
144
-103
52
-30
16
-20
15
-7
3
0
0
-2
1
-1
-6
12
-2
-12
15
-22
25
-17
8
-3
-2
-1
-1
-1
1
-2
-1
-2
-1
-1
-2
-1
0
-1
-1
0
0
-1
-1
0
-1
1
-1
-1
1
-1
1
0
0
1
-1
-2
10
-17
25
-22
18
-12
-2
12
-5
-2
1
-1
1
1
4
-7
15
-19
17
-29
54
-101
145
-272
541
-917
933
-303
-102
-15
58
315
-758
735
-470
322
-353
390
-208
423
-965
706
-127
34
-98
145
-72
-12
-79
138
-58
-50
23
-57
-306
841
-581
151
94
-355
746
-1334
720
465
-432
-131
323
-448
46
971
-1031
500
-355
255
-191
115
-72
30
-11
6
-5
-2
6
-4
1
4
-5
5
-10
23
-18
-10
24
-17
16
-10
1
-4
1
-3
1
-3
2
-2
1
-2
1
-2
0
-1
-1
-1
0
0
0
0
0
-1
2
-1
3
-1
1
-2
1
-3
2
-9
17
-16
24
-11
-18
23
-10
6
-4
4
1
-2
6
-1
-3
6
-11
31
-70
117
-190
257
-353
502
-1030
972
47
-447
326
-130
-431
466
723
-1331
750
-352
97
154
-579
844
-302
-53
27
-47
-50
144
-70
-11
-81
145
-75
0
-13
67
-731
1211
-634
136
-32
-50
350
-245
-1326
2037
-994
455
-583
875
-1647
1623
-646
254
-192
78
-20
-26
41
-65
70
-79
82
-90
96
-100
105
-107
101
-101
107
-121
143
-120
82
-68
58
-57
52
-47
40
-33
25
-20
11
-5
-2
4
-9
9
-11
10
-11
9
-10
10
-11
10
-8
6
-1
-5
11
-18
25
-32
40
-46
53
-56
56
-67
82
-120
143
-122
106
-100
100
-107
106
-99
96
-91
84
-79
70
-64
42
-25
-19
80
-190
255
-645
1625
-1646
876
-582
456
-992
2038
-1322
-241
354
-47
-29
139
-630
1213
-728
71
-9
4
-68
150
-72
-13
-80
153
-109
68
-307
537
-921
1195
-774
459
-389
372
-997
1452
-1621
1660
-1211
1000
-1572
1409
809
-1817
952
-587
458
-322
172
-74
5
44
-80
108
-123
135
-139
147
-154
150
-142
138
-128
121
-125
93
-34
6
14
-33
44
-59
76
-89
99
-101
100
-94
79
-67
50
-41
29
-25
20
-21
20
-25
28
-40
51
-67
78
-92
101
-100
100
-88
76
-59
44
-32
15
8
-33
94
-125
122
-127
138
-142
150
-154
148
-139
134
-122
108
-78
46
6
-73
172
-320
459
-585
953
-1815
810
1409
-1573
1001
-1210
1661
-1618
1455
-993
376
-385
462
-772
1197
-919
542
-304
72
-103
159
-71
-13
-85
160
-155
166
-650
1004
-631
322
-305
300
-332
375
-999
1064
925
-1960
1150
-910
1546
-1551
127
594
-530
509
-365
278
-142
44
27
-71
94
-108
94
-77
52
-25
-7
32
-64
89
-105
139
-188
183
-159
122
-68
35
-4
-31
63
-86
107
-111
107
-92
66
-46
19
-5
-11
15
-20
20
-20
15
-10
-4
19
-45
68
-91
108
-108
108
-86
64
-29
-4
36
-67
122
-159
183
-189
139
-106
89
-64
33
-7
-25
53
-78
94
-108
96
-70
27
45
-141
279
-364
511
-528
595
129
-1549
1546
-908
1152
-1959
927
1067
-995
379
-331
303
-301
324
-627
1007
-647
169
-147
165
-76
-13
-81
155
-196
238
-725
1012
39
-802
450
-271
295
-440
1386
-1694
400
231
-90
208
-723
892
-560
288
237
-461
342
-248
88
-15
-51
70
-53
30
12
-43
83
-108
130
-122
103
-73
34
9
-64
116
-168
148
-105
65
-24
-23
67
-95
113
-103
85
-56
25
-5
-13
16
-20
17
-18
18
-17
17
-18
16
-13
-4
25
-55
87
-102
114
-94
68
-21
-23
66
-105
148
-169
116
-64
9
34
-73
104
-121
132
-108
85
-44
11
30
-52
70
-50
-14
90
-248
342
-461
238
289
-559
892
-722
209
-88
232
403
-1692
1391
-436
299
-268
455
-800
42
1015
-721
241
-189
161
-73
-11
-78
142
-212
252
-285
198
533
-989
591
-339
310
-197
-232
562
-816
804
-456
159
476
-580
183
-62
-347
481
-278
176
-17
-34
29
-18
-30
40
-48
29
-2
-27
66
-75
77
-53
19
35
-86
91
-99
44
9
-39
69
-72
69
-33
-1
33
-57
46
-42
14
-3
-5
8
-7
5
-4
5
-6
8
-4
-2
16
-40
47
-55
33
0
-31
70
-72
70
-38
9
44
-99
92
-85
35
19
-53
78
-74
67
-26
-2
31
-47
40
-30
-17
29
-34
-16
176
-276
482
-345
-60
183
-580
478
161
-454
805
-814
564
-229
-194
312
-336
594
-987
535
201
-282
255
-205
147
-69
-9
-70
123
-188
186
439
-865
249
142
-121
190
-356
609
-1395
1331
427
-1141
790
-596
199
-74
-83
151
259
-357
172
-98
-20
46
-20
6
18
-10
-25
45
-57
49
-25
-10
49
-56
53
-14
-28
58
-88
48
5
-39
64
-56
35
6
-46
54
-53
18
10
-26
35
-23
9
4
-19
19
-19
4
10
-23
37
-26
10
19
-52
55
-45
6
35
-56
66
-38
5
49
-88
59
-28
-13
53
-57
50
-9
-25
49
-57
45
-22
-10
20
6
-19
47
-19
-96
174
-356
260
152
-81
-73
201
-595
791
-1140
429
1334
-1392
611
-353
192
-117
144
252
-862
442
190
-181
129
-62
-10
-64
104
-138
55
833
-1303
89
639
-494
407
-368
44
1436
-1747
174
403
-429
511
-497
501
-45
-219
-102
220
-120
84
-24
-10
24
-42
22
-2
-14
11
1
-3
-3
2
-5
11
-11
5
20
-11
-17
9
1
3
-4
7
-4
-1
-3
-2
0
-1
0
1
-2
-1
0
-1
1
0
1
-1
-1
1
-1
1
1
0
1
-1
-1
0
-3
6
-4
4
1
9
-18
-10
20
5
-10
11
-5
1
-2
-2
2
12
-14
-2
23
-41
25
-10
-21
86
-118
221
-101
-216
-43
501
-496
513
-427
404
178
-1744
1439
48
-366
410
-492
641
93
-1300
836
58
-129
108
-56
-9
-47
65
64
26
-385
224
23
7
36
-59
211
-135
-406
331
-10
14
70
-46
68
-215
65
52
37
-42
5
-5
-17
14
-13
7
2
-2
1
-2
3
-1
0
0
0
2
0
-5
5
-1
0
1
-2
2
-1
-2
-1
0
-1
-1
-1
0
-2
0
-1
-1
-1
-1
0
0
-1
-1
0
0
-1
0
0
1
0
1
0
0
1
-1
-1
3
-1
2
0
-1
5
-5
0
3
-1
0
0
-1
2
-2
1
-2
2
9
-12
15
-16
-4
6
-41
37
55
65
-214
71
-45
70
15
-6
333
-403
-132
214
-56
38
8
27
227
-381
29
72
71
-38
-16
51
-95
14
21
-40
56
24
-100
35
10
-2
-15
10
-14
-31
50
-23
0
-5
-10
44
-41
3
4
-3
-1
2
-3
0
0
-2
2
-1
0
0
0
0
0
-1
-1
1
0
0
0
-1
-1
1
0
-1
-1
0
0
0
-2
0
-1
-2
-1
-1
-1
-1
-1
0
1
-1
-1
0
0
1
-1
0
0
1
1
1
0
1
0
0
1
1
-1
0
2
0
0
1
0
0
0
0
0
1
0
-1
2
-1
0
-1
-3
2
0
-2
5
4
-40
46
-9
-3
0
-22
51
-27
-11
14
-12
1
14
37
-98
28
60
-36
24
20
-89
59
-16
40
-73
8
16
-22
8
16
-35
15
-5
-4
-5
42
-58
0
21
-16
2
15
-20
18
-24
10
-1
1
-2
-3
3
-2
-3
1
0
-1
0
0
0
1
0
0
0
1
1
1
0
0
0
1
-1
-1
-1
-1
0
0
-1
-1
-1
-1
0
-1
-1
0
-1
0
-1
1
0
0
0
0
1
1
0
1
1
0
1
1
-1
1
0
0
0
0
1
1
0
0
0
0
0
1
1
1
1
-1
0
2
-2
-1
4
-1
-1
0
0
11
-23
19
-19
17
4
-14
22
4
-55
46
-2
-1
-3
17
-34
19
12
-17
19
15
-67
49
-8
-8
-5
-5
-6
39
-57
2
16
-2
-7
-15
26
-55
47
12
-44
31
-30
13
2
-18
23
-17
8
-3
1
-3
1
-3
0
-2
0
0
0
0
0
-1
0
0
0
0
0
-1
-1
0
0
1
-1
-1
-1
0
-1
-1
0
-1
-1
-2
0
-1
-2
-1
-1
0
0
0
0
0
0
0
0
-1
0
0
0
0
0
0
0
1
0
0
0
1
0
1
1
0
0
0
0
0
1
0
0
0
0
-1
2
-2
1
-2
0
-2
10
-17
24
-16
2
15
-29
32
-43
15
51
-51
29
-12
-4
2
18
4
-53
43
-3
2
0
1
-10
-2
-9
-4
2
-14
9
-20
17
-2
-14
3
-4
-4
8
-19
10
-19
25
-15
6
-10
6
-4
-4
5
-4
-1
-1
0
-1
0
0
0
1
-1
0
1
0
0
0
1
0
0
-1
0
0
0
-2
-2
0
-1
-1
0
0
-1
-1
-1
-1
-1
0
-2
-1
-1
0
0
0
-1
1
0
0
0
0
0
0
0
0
0
1
0
-1
0
0
1
1
0
0
0
1
0
1
0
0
0
1
0
0
1
-1
0
0
-1
-2
5
-3
-3
9
-8
7
-15
27
-17
11
-15
12
-2
-1
7
-11
2
19
-17
12
-11
6
3
-4
4
-11
1
-12
0
-1
-25
25
0
-19
5
0
4
-19
32
-40
15
-15
19
-21
6
-4
7
-12
6
-3
-1
1
-1
-1
-1
-1
0
0
0
0
-1
0
0
1
1
0
0
0
0
-1
1
-1
0
0
0
-1
-1
-1
1
0
0
-2
-1
-1
-1
0
1
-1
-1
0
0
0
1
-1
0
-1
1
-1
0
0
1
0
-1
1
0
1
0
1
1
0
1
-1
0
0
1
1
-1
0
0
0
0
0
0
0
-1
0
-1
1
0
-2
9
-10
9
-3
8
-20
20
-14
19
-36
35
-16
7
2
7
-17
3
29
-21
2
7
-8
9
-8
-5
-4
-7
-1
1
-10
4
-14
2
1
1
-10
-12
13
-7
-2
-7
2
-1
3
-4
-2
-4
-1
2
-1
-2
0
-1
-1
-1
0
0
-1
1
0
1
-1
1
0
1
-1
1
0
-1
1
0
-1
0
-1
0
-1
0
-1
0
0
-1
-2
-1
-1
-2
-1
-1
0
0
0
-1
0
0
0
0
0
0
0
0
0
0
0
0
0
0
1
0
0
-1
0
0
0
0
0
0
0
0
0
0
0
0
-1
0
1
0
0
2
1
-2
0
-2
4
-1
3
-6
-1
-2
17
-9
-7
4
5
4
-12
9
-5
4
2
0
1
2
-10
-5
-2
-8
-1
6
-16
3
-7
0
-1
-8
2
0
-3
-12
13
-11
4
7
-19
11
-8
5
-4
0
-3
1
-2
0
0
0
0
0
-1
0
0
0
0
0
0
0
0
1
-1
0
0
0
-1
-2
-1
-1
-1
1
-1
-2
-1
-1
-1
-1
0
-1
-2
0
-1
1
0
0
1
-1
0
0
0
0
1
1
0
0
-1
0
0
1
0
0
0
1
-1
1
1
-1
0
1
0
0
1
1
0
0
0
0
-1
1
-2
1
-3
5
-6
12
-18
10
5
-10
14
-8
0
3
5
-4
2
3
-5
8
-13
10
0
-2
3
2
-8
-6
-2
-7
-4
0
-7
2
-9
-2
1
-1
-4
-3
-3
4
-11
8
-10
-3
5
-9
8
-6
1
-1
0
0
-2
-1
-2
-1
0
0
0
0
1
-1
0
0
1
0
0
-1
-1
0
-1
-1
-1
0
-1
-2
0
-1
-1
0
-1
0
-2
-1
-1
1
0
-1
0
0
0
-1
-1
0
-1
0
-1
0
0
1
0
0
0
1
0
0
1
0
0
-1
0
-2
1
-1
0
0
1
-1
-1
2
0
0
0
0
-1
0
0
-1
1
-5
9
-8
6
0
-7
10
-10
7
1
-1
-2
2
3
2
-7
6
-3
4
-1
0
4
1
-5
-4
-1
-2
-2
-2
-2
-1
-2
-2
0
0
-1
-2
-3
-2
-2
-2
-1
0
0
-2
-1
-1
0
0
-1
-1
0
-1
0
-1
0
0
1
1
0
-1
0
0
0
0
0
-1
0
0
0
0
-1
-1
-1
-1
0
0
0
0
0
-1
0
-1
0
0
0
-1
-1
0
0
0
0
0
0
0
0
-1
0
0
0
1
0
-1
0
0
1
1
0
0
0
0
0
0
-1
-1
0
0
0
0
0
0
0
0
0
0
0
0
0
0
0
0
0
1
0
-1
-1
-1
-1
-1
0
2
1
0
0
0
1
-1
0
1
1
0
