-9
-5
-4
-5
-2
-3
-5
-3
-1
-1
-5
-1
-2
-3
-5
-2
27
-59
40
-9
11
-29
16
2
-7
25
-53
29
-5
1
-1
1
-15
10
-2
33
-47
23
5
-18
14
4
-9
2
0
-2
3
-3
1
0
1
-6
3
-1
0
-2
-1
0
-1
-1
0
-1
-1
0
0
1
-1
-1
1
0
-1
1
0
0
0
-1
4
-4
0
-1
2
-2
2
-1
0
3
-9
4
14
-19
3
23
-47
33
-3
10
-15
1
0
2
-4
30
-52
27
-6
4
16
-28
12
-8
41
-59
28
1
-2
0
0
2
-1
2
2
1
0
1
0
1
1
2
-9
-7
-4
-5
-4
-2
-5
-2
-2
-2
-1
-4
-1
-3
-5
-8
8
21
-55
33
-14
23
-8
-12
-4
5
-1
14
-33
21
0
0
-16
23
-13
-42
63
-22
1
12
-18
11
-5
-1
4
-4
0
5
-6
1
0
-1
-2
-2
2
-1
-2
0
-1
-1
-1
-2
-1
0
-1
-1
1
-1
0
0
-2
0
-1
1
2
-1
-2
0
0
1
-5
5
0
-3
4
-1
-4
11
-18
11
2
-22
64
-42
-12
23
-16
1
0
21
-33
16
-1
6
-2
-10
-8
25
-14
36
-54
23
9
-5
-1
2
1
0
1
1
0
2
-2
2
-1
3
1
3
-9
-5
-4
-5
-3
-3
-3
-3
-2
0
-6
0
-1
0
-4
-8
2
-34
62
-35
-4
3
20
9
-75
80
-48
8
7
-3
-8
7
-5
3
-15
51
-66
23
20
-4
-20
13
-3
3
0
-2
1
0
-2
2
-1
-2
0
-1
0
-1
-1
0
0
-1
0
-1
-1
-2
1
0
0
0
0
0
0
1
0
1
2
0
0
-1
0
2
-1
0
2
-1
0
3
-2
13
-20
-6
20
24
-65
52
-15
3
-5
7
-7
-1
7
9
-46
84
-74
12
20
3
-2
-35
63
-34
2
-4
0
3
2
2
-2
3
0
1
0
1
0
2
1
2
-9
-5
-3
-7
-2
-4
-3
-4
-1
-3
-3
0
-6
1
-7
-2
-12
31
-14
-8
4
-9
5
-18
14
-5
5
-9
11
-10
5
-4
0
-1
-18
27
-7
-13
7
15
-12
-3
1
0
1
1
0
-1
0
0
0
0
-1
0
-1
0
0
-1
-1
-1
0
0
-1
-1
0
-1
-1
-1
1
-1
0
0
0
0
0
1
-1
1
1
0
1
0
0
0
1
0
2
-2
-12
18
7
-14
-6
27
-17
-1
0
-4
7
-11
12
-8
6
-4
16
-15
7
-8
5
-5
-14
32
-11
1
-4
4
-2
3
-1
1
1
0
1
0
2
1
1
4
-10
-6
-2
-3
-7
-5
4
-6
-5
3
0
-13
3
1
-8
0
13
-19
1
4
-4
-3
6
2
-10
-1
3
-5
3
-2
-3
-2
3
-1
2
-10
2
9
-1
-4
3
3
-3
0
1
0
0
0
-1
-2
0
-1
-1
0
-2
0
0
0
-1
-1
-2
0
-1
-1
0
1
-1
0
-1
0
0
1
1
1
0
1
-1
0
0
1
0
1
0
-1
1
0
-3
3
3
-2
-1
9
1
-10
2
-1
3
0
-2
0
4
-2
5
-2
-9
3
7
-2
-3
6
1
-18
14
3
-5
4
7
-10
2
6
-4
-2
8
0
-4
4
3
1
-9
-55
136
-143
57
42
-135
49
58
-64
-24
156
-98
-82
79
-7
-79
110
14
-112
59
49
-113
8
75
-3
-56
32
15
-42
12
7
-16
16
24
-55
8
43
-2
-30
-5
11
2
-2
1
0
1
0
-1
-1
-1
-2
0
0
0
-1
-1
0
-2
-1
-1
-1
0
-1
0
0
0
0
0
1
-1
1
-1
0
1
0
0
-1
0
-1
0
1
0
1
1
-3
2
12
-5
-29
-1
44
9
-55
25
17
-16
7
14
-42
16
32
-56
-2
77
9
-111
51
59
-111
15
111
-78
-3
81
-80
-95
158
-21
-60
60
52
-132
45
60
-137
142
-47
-2
-94
157
-32
-98
-46
50
250
-353
152
-193
472
-284
-111
84
-16
98
-114
-103
117
116
-39
-194
158
-68
46
8
-21
-30
10
31
-26
3
17
-18
38
-5
-70
6
44
0
-6
1
-1
0
1
-1
-2
0
-2
0
0
0
-1
-1
-1
-1
-2
-1
0
-1
0
-1
0
0
-1
0
0
0
0
0
0
0
-1
0
-1
1
0
0
0
1
-1
0
2
-1
0
0
-6
1
43
7
-69
-5
39
-18
18
3
-24
31
11
-29
-19
10
47
-67
159
-192
-38
117
119
-101
-112
99
-13
88
-107
-282
475
-189
155
-351
254
54
-42
-96
-25
162
-84
-7
-18
17
-37
22
63
20
-283
119
213
-512
641
-323
37
109
-78
-172
298
-321
84
138
-40
-85
228
-251
70
43
-109
54
35
-67
53
67
-105
17
68
-153
117
-43
27
-6
-4
3
1
-1
1
-1
1
0
-2
0
-1
0
-1
-2
-1
0
-1
-2
-1
-1
1
-1
-1
0
-1
0
0
-1
1
-1
1
1
0
1
-1
0
-1
1
-1
1
1
0
0
0
0
4
-4
-6
27
-41
117
-153
69
19
-104
67
54
-66
37
54
-108
44
71
-250
230
-84
-38
138
86
-319
299
-171
-75
111
42
-320
644
-510
216
120
-280
23
68
25
-30
23
-11
-16
50
-81
-4
61
-82
241
-469
215
128
-301
371
-243
136
-104
79
-28
17
-38
-26
104
-279
337
-240
197
-171
119
-67
62
-58
15
40
-120
141
-117
104
-85
72
-74
64
-38
10
1
1
1
0
1
-1
-2
0
-2
-1
-1
-2
-1
0
-1
-1
0
-1
-1
-1
-1
0
-1
0
0
0
1
-1
0
-2
0
1
1
1
1
0
-1
2
-1
-1
1
0
1
1
1
9
-38
64
-76
73
-85
104
-116
141
-120
42
16
-58
62
-65
119
-171
198
-239
339
-278
105
-26
-37
20
-27
84
-100
139
-240
375
-299
131
217
-465
246
-78
64
4
-76
58
-16
35
-92
102
-104
53
-97
164
-140
55
251
-482
360
-125
-145
136
-58
28
1
54
-179
373
-344
133
-52
10
11
-41
122
-155
108
-119
166
-124
42
17
-56
80
-83
24
12
0
2
-3
0
2
-1
2
-2
-1
0
-2
3
-2
-1
0
-1
0
-2
-1
0
-1
0
0
0
0
0
-1
0
0
-1
1
0
0
-2
-1
3
-2
0
0
-1
2
-1
2
0
-2
3
-1
12
25
-83
81
-56
17
41
-123
166
-118
109
-155
123
-40
12
11
-51
133
-343
374
-178
56
2
29
-57
140
-142
-122
363
-479
253
58
-139
168
-93
56
-100
111
-87
44
-3
-37
73
-121
61
43
-169
267
-249
81
291
-295
-153
203
-155
119
22
172
-309
47
149
-237
95
129
-16
-125
88
-8
-129
105
28
-72
58
34
-88
48
-15
-14
-14
54
-26
-1
-1
0
4
-4
1
0
-2
1
-1
-1
0
0
0
-1
-1
0
-1
-1
-1
-2
0
-1
0
0
0
0
1
0
0
1
-1
1
1
1
0
0
0
2
-1
0
2
-3
4
1
-1
-1
-26
55
-13
-13
-16
49
-88
34
58
-71
29
107
-129
-8
88
-124
-14
130
96
-235
151
48
-307
174
23
122
-151
206
-150
-292
293
84
-248
272
-165
46
64
-112
79
-29
0
-60
62
45
-34
-112
-28
241
-221
272
-678
836
-543
0
438
-285
42
-114
53
152
-5
-245
110
38
15
-54
6
30
-27
-1
20
-37
55
-64
10
59
-4
-62
20
19
-12
2
0
0
1
-1
1
-1
-1
0
-2
-1
-1
1
-2
-1
-2
-1
-1
-1
-1
0
-1
0
-1
0
0
0
0
0
0
-1
0
1
1
0
0
1
-1
1
0
0
1
0
1
0
0
3
-12
19
21
-63
-3
61
11
-63
55
-35
21
-1
-26
32
5
-53
17
39
110
-245
-5
152
54
-114
43
-281
441
2
-540
840
-675
275
-218
245
-24
-108
-32
52
67
-51
-9
13
-18
-58
70
-48
-55
110
-5
-184
467
-628
515
-528
624
-313
-69
103
-60
-26
133
-225
219
-132
19
23
-20
2
33
-52
47
-9
-40
59
-32
-8
6
-1
25
-40
18
-1
1
1
-1
0
0
0
-1
-1
-1
-1
-1
-1
-1
-1
-1
0
-2
-1
0
-1
0
0
1
0
0
-1
1
0
-1
0
1
1
0
-1
0
0
0
1
0
-1
1
2
-1
2
0
0
18
-39
26
0
6
-7
-31
59
-40
-7
47
-50
34
3
-19
24
20
-131
221
-223
134
-25
-60
105
-68
-309
629
-526
518
-626
470
-180
-3
115
-51
-44
74
-50
-14
20
-19
47
-102
80
-116
173
-123
-16
132
-51
-255
-32
572
-527
373
-158
-53
23
11
-102
163
-156
92
-44
46
-51
26
-20
32
-28
20
-21
17
-24
27
-17
-8
26
-27
18
-6
2
-2
2
-2
2
-2
-1
0
-1
-2
-1
1
-1
1
0
-1
-1
-2
0
-2
-2
-1
-1
1
0
0
0
0
0
0
0
-1
0
0
-1
1
-1
0
1
1
-1
-1
2
-2
2
-2
2
-5
17
-26
26
-8
-16
29
-23
17
-20
22
-26
32
-19
28
-50
47
-42
93
-154
164
-101
13
24
-52
-155
376
-525
575
-28
-252
-47
134
-12
-120
177
-113
88
-96
55
-5
-19
31
-69
33
25
20
-103
-125
292
-131
86
-101
47
-74
38
-36
86
-44
-32
84
-113
-21
96
-36
7
3
-13
11
-9
-2
-2
7
-10
4
-1
-2
7
-3
-1
-2
4
1
1
-2
3
-3
1
0
-1
-1
-2
-1
0
-1
-1
0
-1
0
0
-1
0
-1
0
1
-1
0
0
0
1
0
-1
1
0
0
1
0
-1
0
-1
1
1
-2
4
-2
1
0
3
-2
-1
-2
8
-1
-1
4
-10
7
-1
0
-8
12
-11
5
8
-35
97
-19
-112
85
-31
-42
89
-35
41
-70
52
-98
90
-127
295
-123
-99
25
29
36
-62
36
-11
5
-78
91
9
-18
-100
131
-79
-220
412
-137
59
-339
339
-189
80
-25
-44
64
15
-14
-20
-6
13
-8
5
-11
3
1
-6
5
-11
11
-5
0
-1
12
-13
-7
17
-3
-2
-2
2
1
-4
10
-13
5
-1
-1
-2
0
-1
0
-2
-2
-1
0
0
-1
-1
0
-1
0
-1
0
1
0
-1
0
0
0
0
0
0
0
0
0
0
6
-12
10
-3
2
2
-1
-2
-4
18
-7
-13
13
-1
0
-7
11
-9
5
-5
3
5
-9
7
-7
15
-4
-19
-14
16
64
-43
-24
83
-186
341
-336
61
-133
415
-218
-76
135
-96
-14
16
96
-69
-9
-3
3
-42
44
-19
19
-37
-35
95
33
-96
-92
104
9
-6
-53
41
-26
35
-7
-61
76
-39
3
2
-2
-6
12
-11
1
-4
3
2
3
-6
0
1
0
0
-1
2
-1
1
0
0
-1
0
-1
0
-1
-1
0
-1
0
-1
-1
0
-1
-2
0
-1
0
0
0
0
0
0
0
-1
0
0
0
0
2
0
1
-1
1
0
0
1
1
-1
1
2
-1
2
0
0
-1
3
0
-4
3
2
3
-2
2
-11
14
-5
-1
3
4
-37
78
-59
-6
37
-26
42
-52
-2
11
108
-89
-93
36
98
-33
-34
22
-16
47
-34
7
3
-15
19
-22
-25
21
-17
42
-72
31
-21
33
-23
3
62
-172
131
-37
11
-32
27
-19
38
-33
4
4
-9
2
-3
3
-3
-4
7
-7
5
-4
1
-2
2
0
0
1
0
1
0
0
0
-1
-2
1
-1
-1
0
-1
-2
-1
0
-1
-1
-1
0
-2
0
-1
-1
-1
0
0
0
0
1
1
0
0
1
1
1
0
0
-1
0
2
0
1
0
1
0
1
1
0
-1
1
3
-2
0
-2
5
-7
8
-3
-2
3
-1
4
-7
5
6
-32
39
-18
27
-31
12
-36
135
-169
64
6
-19
37
-18
34
-69
46
-12
24
-18
-17
27
-8
-7
-7
-1
-5
3
0
-28
23
0
-59
40
50
-66
47
-53
14
-1
-1
0
2
0
-3
-1
-2
0
-3
1
0
-2
-1
-2
2
-2
1
-1
2
-2
2
0
0
-1
1
1
-1
0
-1
0
-1
-2
-1
-1
-1
-2
-2
1
-1
-1
-2
0
-1
-1
-1
0
0
0
0
0
0
0
0
0
0
0
0
0
0
0
-1
0
0
0
-1
0
-1
2
1
-1
0
1
3
-1
2
0
1
-1
2
-2
0
-2
1
2
-2
1
-2
1
-1
2
2
1
0
1
15
-50
50
-63
53
43
-58
4
24
-24
3
6
-2
7
-2
1
-10
-5
-4
-4
-4
-3
2
-6
-27
32
-4
21
-75
45
-21
13
-5
-3
0
1
-4
-1
1
-2
0
-1
0
-2
0
0
-2
0
1
-2
0
0
1
-1
-1
0
0
1
0
0
0
1
-1
-1
-1
-2
-1
0
0
-2
-1
0
-1
-1
-1
-1
0
-1
-1
-1
0
0
0
-1
1
-1
-1
0
0
1
0
0
0
0
0
1
0
0
0
1
0
1
0
1
0
1
-2
-1
2
0
0
-2
1
2
-1
-1
0
0
0
0
1
0
2
1
-2
4
0
-1
-4
15
-17
49
-71
25
-1
35
-25
-3
5
1
0
3
1
3
-9
-5
-5
-5
-2
-4
4
-23
6
-1
4
11
-38
16
-5
-5
1
-2
2
-4
2
-2
0
0
-1
0
0
-1
-1
0
-3
3
-7
4
0
0
1
-3
1
1
0
1
1
0
0
1
0
-1
-1
0
-1
-1
-1
0
-1
-1
-1
-2
-1
0
0
-1
-1
0
-1
0
0
-1
0
0
0
0
0
1
0
0
0
0
1
0
0
-1
1
1
0
0
1
1
0
1
2
-2
1
1
0
4
-7
3
-1
0
0
-1
0
1
-1
0
1
0
3
-4
2
0
2
0
-2
20
-34
15
7
3
8
-19
9
0
1
4
-1
3
-7
-5
-4
-4
-4
-2
-2
-3
2
-4
-1
-3
2
-4
-2
-4
3
-7
4
-3
0
-1
0
0
-2
-2
0
-1
-1
0
-2
-1
-2
1
-1
0
0
0
0
-1
1
0
1
-1
1
-1
0
-1
0
0
-1
0
-1
-1
-1
1
-1
-1
0
-1
-1
-1
-1
-1
0
0
0
-1
0
-1
1
0
-1
0
0
0
0
0
0
0
1
0
1
0
1
0
2
0
1
1
1
0
0
1
0
1
-2
0
0
0
-1
0
1
-1
-1
1
1
-1
1
-3
5
-5
4
-1
1
-2
5
-1
0
-2
3
-1
1
2
-1
1
2
1
-9
-4
-3
-6
0
-2
-5
-2
0
-3
0
-2
-2
-3
1
-2
1
-1
-2
0
0
-2
-1
-1
-1
-1
1
-2
0
-2
0
-1
1
0
0
-1
0
0
0
0
0
0
0
0
0
0
0
0
-2
-1
-1
0
-1
-1
-1
-1
-1
-1
-1
0
-1
-1
0
-1
0
0
0
-1
0
0
0
0
0
1
1
1
0
-1
0
0
-1
0
0
0
0
-1
0
-1
0
0
1
0
0
-1
0
0
1
0
0
0
1
-1
0
0
0
0
0
-2
1
0
0
0
2
-1
4
-1
1
1
2
-1
2
0
-1
2
2
-1
2
3
-9
-6
-4
-5
-2
-3
-4
-3
-1
5
-23
15
-5
-4
10
-15
1
-1
-2
1
0
-2
1
-1
-1
-1
-1
-1
0
-1
-2
0
-1
0
0
-2
0
-1
0
-1
0
0
1
-1
0
0
-2
-1
0
-1
0
-1
-1
0
0
-1
-1
-1
-1
-1
0
0
-1
-1
-1
0
-1
0
0
1
0
1
0
0
1
0
0
0
-1
-1
1
0
-1
0
0
-1
1
0
0
0
-1
0
0
0
0
1
-1
0
0
-1
1
0
0
0
0
0
2
0
0
2
-1
0
2
-11
14
-2
-3
17
-19
8
1
0
-1
1
0
3
1
3
-9
-5
-4
-6
-2
-4
-3
-2
-8
7
-2
0
2
-12
-3
1
0
0
-1
-1
0
-1
-2
0
-1
-1
-1
-1
-1
0
-1
1
-1
0
1
0
0
-1
0
0
0
0
0
1
1
-1
0
0
0
-1
-1
-1
0
-1
-1
0
-1
1
-1
-1
-2
1
-1
0
0
0
0
-1
-1
-1
0
0
0
1
0
0
1
0
0
-1
0
0
1
0
1
2
0
0
0
0
0
0
0
0
1
-1
-1
0
-1
-1
0
0
0
1
-1
1
-1
0
0
0
-1
1
0
4
1
-8
4
3
-1
9
-7
2
0
0
1
1
2
2
-9
-5
-3
-3
-3
-1
-3
-2
0
-3
-1
-2
-2
-2
-3
-2
-1
0
-1
-1
-1
-1
-1
0
-1
-1
0
-2
-1
-1
0
-1
0
0
0
-2
0
0
0
0
0
0
0
1
0
0
0
0
-1
0
-1
-1
0
0
-1
0
-1
-1
0
-2
0
0
-1
-1
0
0
-1
1
0
0
0
0
0
0
0
0
1
0
0
1
0
1
0
0
0
0
0
0
0
0
0
0
1
1
0
0
0
0
0
-1
-1
0
-1
0
-1
1
0
0
-1
0
0
1
-1
1
-1
1
1
1
1
0
0
1
0
2
0
2
0
1
-8
-4
-3
-4
-1
-4
-2
-1
-1
-1
-1
-2
-3
-1
-1
-2
-1
-1
0
0
-1
-2
-1
0
0
0
-1
-1
-1
-1
-1
0
-1
-1
0
-1
1
0
0
0
0
0
-1
0
0
0
0
0
0
-1
-2
0
0
-1
-1
0
0
0
0
-1
0
-1
-1
-2
0
0
0
0
1
-1
-1
0
0
0
0
-1
0
0
0
0
0
0
0
0
1
1
0
0
0
0
0
-1
0
1
0
0
-1
0
0
-1
0
-1
0
0
0
0
-1
0
-1
1
1
-1
0
0
1
1
0
0
-1
0
0
0
1
-1
1
0
0
1
-8
-4
-4
-4
-2
-3
-2
-2
-2
-1
-1
-1
-2
-1
-3
0
0
-2
-1
0
-1
0
-1
0
0
-1
-1
-1
0
-1
-1
-1
0
0
0
0
0
0
1
0
0
0
0
-1
0
0
-1
0
-1
0
0
-1
0
-1
0
-1
0
-1
0
0
0
-1
0
-1
0
0
-1
0
0
1
0
0
0
0
-1
0
0
0
0
0
0
1
-1
0
0
0
-1
0
0
1
-1
-1
0
0
0
0
0
0
0
0
1
0
0
1
1
0
0
0
0
0
-1
0
0
1
-1
1
0
0
1
1
0
1
0
0
0
0
1
1
-8
-4
-4
-5
-2
-1
-2
-3
-2
0
-3
-2
-1
-3
-2
-2
-1
-1
0
-2
0
-1
-2
-1
-1
-2
0
-1
-1
0
-1
-1
0
-1
0
-1
0
0
0
-2
0
1
0
0
0
-1
0
0
0
-1
-1
0
-1
-1
-1
-1
-1
-1
0
-1
-1
0
-1
-1
0
0
-1
0
0
0
0
1
0
1
-1
0
0
0
0
0
0
-1
0
0
0
0
0
0
-1
-2
0
0
0
0
0
0
0
-1
0
0
0
0
0
-1
0
0
0
0
0
-1
1
-1
0
-1
2
0
1
0
-1
3
0
1
0
1
0
3
1
3
-8
-5
-2
-6
-3
-1
-2
-2
-6
1
-3
-2
0
-3
-3
-2
0
-2
0
-1
-2
-1
-1
0
-2
-1
-2
-1
-2
-1
-1
-1
0
0
-1
0
0
0
0
-1
0
0
0
0
0
0
-1
-1
0
-1
0
0
-1
0
-1
0
-1
-1
-1
0
-2
-1
-1
-1
0
-1
0
0
0
0
0
0
-1
0
0
-1
0
1
0
-1
1
-1
0
0
0
0
-1
1
0
0
0
0
0
-1
0
0
0
-1
0
0
0
0
0
0
-1
1
0
-1
0
1
0
-1
0
1
0
0
3
1
-1
4
-5
1
1
1
0
1
1
1
-8
-4
-3
-5
-1
-2
-3
-2
0
-1
-2
0
-3
-1
-1
-2
0
-2
0
-1
0
-1
-1
-1
-1
-1
-1
-2
0
-1
-1
-1
0
0
1
0
0
0
-1
0
0
0
0
0
0
0
-1
-1
-1
-1
-1
-1
0
-1
-1
0
-1
0
-1
-1
-1
-1
-1
-1
0
0
-1
0
0
0
-1
0
0
0
-1
1
0
0
0
0
0
0
0
1
0
0
0
1
1
0
-1
1
0
0
1
-1
0
0
0
0
1
-1
-1
1
0
0
0
1
0
0
0
0
1
1
0
2
-1
2
0
0
1
0
-1
0
0
0
0
1
-3
-3
-2
-2
0
-2
-1
-2
-1
-1
-1
-1
-2
-3
-3
-3
-1
-1
0
-1
0
-2
-1
-1
-1
-2
-1
0
-1
-1
-1
-1
-1
-1
0
0
0
0
0
0
0
-1
-1
0
0
-1
-1
-1
-1
-1
-1
-1
0
-1
-1
-2
0
0
-1
0
0
0
0
-1
0
0
0
-1
0
0
0
0
0
1
0
0
0
0
0
0
0
0
0
-1
0
1
0
0
-1
0
0
0
-1
1
1
0
-1
-1
0
0
0
1
0
-1
0
0
0
0
0
0
0
0
0
0
0
-1
0
0
0
1
0
1
0
0
1
2
2
1
