0
-2
1
-2
-1
2
-3
0
0
-1
0
-1
0
0
-2
-1
-1
1
-1
0
-1
-1
0
1
0
-1
0
0
-1
0
0
-1
0
0
-1
-1
1
-1
-1
0
0
-1
0
0
-1
-1
-1
0
1
0
0
-1
0
-1
0
1
-1
0
-1
1
-1
-1
0
0
0
0
0
-1
0
-2
0
0
0
0
0
0
-1
0
0
1
-1
-1
0
-1
1
0
-1
-1
0
0
0
0
-1
-1
0
-1
0
0
0
-1
0
-1
1
-1
0
-1
0
0
-1
0
0
-2
1
-1
1
-1
-1
-1
-1
-1
-1
1
1
-3
-1
-1
-3
-2
0
-1
0
-2
-1
-4
10
-8
1
0
-1
-1
1
5
-20
16
-5
1
-2
0
0
0
1
-1
0
0
-1
1
-1
1
-1
0
1
-1
-2
0
0
0
0
-1
1
0
0
0
0
0
0
-1
0
-1
1
-1
0
0
-1
0
0
0
-1
0
-1
0
0
1
0
0
0
0
0
-2
1
-1
0
-1
0
0
1
0
-1
1
-1
-1
0
0
0
-1
-1
1
-1
1
-1
0
0
-1
-1
0
-2
0
1
-3
1
-1
-1
1
-1
1
0
0
0
0
1
-2
4
-18
19
-6
-3
1
-1
-1
-2
6
-10
3
-1
0
-2
-2
0
-2
1
-1
-1
4
-5
4
-3
0
-1
0
-1
7
-8
2
3
-6
4
-4
2
-3
2
1
0
0
-1
2
0
-3
3
1
-1
0
0
0
0
0
0
0
-1
-1
0
0
-1
0
0
-1
0
0
-1
1
0
0
0
-1
0
-1
0
0
0
-1
0
0
0
0
-1
0
1
0
0
0
-1
1
0
0
0
0
1
-1
0
2
-1
-1
0
-2
-1
-1
0
-1
-1
0
0
-1
-1
0
0
0
-3
3
-1
-2
1
0
-1
-1
-1
2
-3
3
-6
5
-3
-2
8
-8
0
-2
-1
-1
2
-5
5
-6
0
-1
-2
-4
0
-2
2
-2
0
-25
48
-22
2
-3
1
0
1
5
-11
2
-2
11
-8
-1
3
-2
1
1
0
0
-1
-1
1
7
-9
2
-1
0
-2
2
-1
0
-1
1
-1
-1
0
0
-1
0
0
-1
-1
0
1
0
-1
0
-2
-1
0
0
0
-1
-1
-2
0
-1
0
0
0
-1
-1
0
0
0
-1
-1
0
0
0
0
-1
-1
1
-1
-1
-1
0
-1
-1
-1
0
-2
1
0
1
-2
0
-1
0
-3
8
-7
-1
0
1
-1
0
0
-1
1
-3
0
8
-12
2
-3
9
-6
-3
-2
-3
1
-3
21
-49
25
-2
-2
-2
-2
0
-1
1
-2
-3
-10
33
-20
2
0
-3
2
1
12
-44
30
-7
10
-9
1
0
5
-4
1
-1
-1
0
-2
3
-5
4
1
-1
0
-1
2
0
-2
2
-2
0
0
0
-1
0
-1
0
-1
0
0
0
0
-1
0
-1
-1
1
0
-1
1
0
-1
-1
-1
0
0
0
0
0
-1
0
0
-1
1
-1
0
0
0
-2
0
0
1
-1
0
-1
0
-1
0
-1
2
-3
3
-1
-2
1
0
1
0
-5
6
-4
1
0
0
0
-1
4
-5
-1
-1
8
-10
7
-31
42
-14
-3
-3
2
-1
-2
21
-33
10
1
-1
-1
-3
0
-3
1
0
1
-7
5
-2
1
-2
2
-3
-1
7
-8
-2
3
-1
-1
-3
-2
1
3
0
-1
0
-1
0
-1
5
-4
0
1
-2
-1
1
0
0
0
0
-1
-1
-2
1
-2
1
-1
0
0
-1
0
-2
-1
-1
0
-2
1
-1
-1
0
0
0
-1
1
0
-1
0
-1
-1
0
0
0
-1
-1
0
-1
-1
1
-1
0
0
0
0
-1
1
-1
0
-1
0
0
-1
-1
-1
-1
0
1
-2
-2
3
-6
1
-1
0
0
1
0
-5
-2
2
2
1
0
-3
1
7
-9
-1
2
-2
1
-2
0
-7
6
-3
-2
-2
0
0
9
-3
6
70
-318
425
-215
41
-43
49
-60
82
61
-320
250
-18
5
-85
65
-1
-20
9
5
0
2
4
-15
17
-8
11
-11
-3
6
-3
1
-1
-1
1
-2
1
-1
0
-1
0
-1
-1
1
0
0
0
0
-1
-1
0
0
-1
-2
-1
-1
-1
-1
-1
0
0
0
0
0
1
-1
0
0
-1
0
-1
-1
0
0
1
-1
0
-1
0
-1
0
1
0
1
-3
2
-1
0
0
-1
2
-8
2
10
-11
7
-17
15
-3
-2
-1
-5
-8
20
1
-65
83
-4
18
-250
319
-62
-83
58
-50
41
-42
215
-427
315
-70
-9
1
-13
0
-6
2
-8
-13
134
-180
83
-9
-13
-62
72
82
-151
238
-266
78
53
101
-351
288
-164
94
45
-65
-32
136
-77
-142
192
-83
21
20
-28
0
0
6
-4
2
0
0
0
0
-1
-1
0
0
-1
1
-2
0
1
-1
0
-2
0
0
0
0
0
0
0
0
0
0
0
-1
-1
0
-1
0
0
0
-3
0
-1
0
-1
0
1
-1
1
-1
-1
0
-1
-1
0
-1
0
-3
4
-7
-1
-1
26
-21
-22
83
-193
141
76
-137
32
64
-44
-94
164
-289
352
-102
-53
-78
265
-240
149
-83
-73
60
13
9
-85
179
-135
11
4
-4
2
0
2
5
-11
7
-151
257
-96
-25
20
-16
11
43
-115
58
41
-25
-12
-6
-3
32
-18
-7
10
-1
-29
3
32
24
-49
5
15
-23
20
-4
-1
0
1
-3
2
-2
0
-2
-1
0
-1
0
1
-1
0
-1
0
0
-2
-1
0
-1
0
-1
0
1
0
-1
-1
0
0
0
-1
-1
0
0
-1
0
-1
0
1
0
-1
0
-1
0
0
-1
0
0
-1
0
-2
1
-2
2
-1
-1
0
4
-20
23
-15
-6
49
-25
-32
-3
29
1
-9
5
18
-32
2
5
11
24
-43
-60
113
-45
-13
16
-21
24
96
-258
149
-8
7
-8
-7
0
-5
23
-20
26
-192
266
-91
-9
22
-22
-31
58
-15
26
-85
67
11
-136
133
-25
-14
24
2
-49
50
-10
-27
31
-20
-3
21
-18
4
2
0
0
-1
-1
-1
0
-1
-2
0
0
-1
0
-1
0
-2
0
-2
0
-2
0
-1
0
-1
-1
0
0
0
-1
0
0
0
0
0
0
-1
0
0
-1
0
0
0
-1
0
-1
1
-1
1
-2
-1
-1
-1
0
-1
-1
-1
1
0
-1
-1
-3
-5
18
-22
2
22
-32
26
10
-51
50
-2
-25
13
24
-135
135
-10
-68
83
-27
14
-60
31
21
-24
9
91
-267
191
-28
17
-23
0
0
-8
22
-29
-19
190
-181
-34
61
26
-72
46
92
-79
-121
85
17
-62
100
8
-50
-27
34
48
-50
-23
-17
51
20
-64
43
-8
-7
3
-1
1
0
0
-1
-2
2
-2
0
-1
0
-1
0
0
1
-1
0
0
0
-1
0
1
0
-1
0
-1
0
-1
-2
0
0
-1
0
0
0
0
0
0
0
-1
0
-1
-1
0
0
-1
-1
-1
0
1
-1
0
-2
1
-3
2
-1
0
0
-2
-1
-4
6
7
-43
63
-21
-53
18
22
50
-48
-33
26
51
-8
-100
61
-17
-86
120
78
-93
-47
70
-28
-61
34
180
-190
18
27
-23
5
0
-5
19
-18
44
-10
-51
-10
42
-5
-19
-7
90
-114
128
-156
76
-1
26
-86
75
-15
-17
6
-16
44
-16
-13
16
-9
-9
4
7
-6
1
0
-1
0
-1
0
-1
1
-1
-1
-1
-1
0
0
-1
1
-1
0
0
-1
-1
0
0
0
-1
0
0
-1
0
0
0
0
-1
1
0
0
-1
1
-1
0
0
0
0
0
-1
-1
1
-1
-1
1
0
0
0
-1
0
0
-1
0
0
-1
-1
6
-8
-5
8
9
-16
13
15
-46
16
-6
17
16
-76
84
-26
-2
-76
156
-130
113
-91
5
18
3
-42
9
50
9
-46
16
-21
1
0
-3
22
-23
85
-251
256
-105
9
35
-40
-14
57
-25
49
-102
16
61
-100
98
-47
26
-10
-20
63
-70
42
-24
5
19
-17
-4
-1
4
2
-2
1
0
0
0
-1
0
-1
-1
0
-1
1
0
0
-1
1
0
0
0
0
-1
0
0
-2
-2
0
1
0
-1
0
1
0
-1
0
-1
0
-2
-1
0
0
0
-1
0
-1
0
-1
0
0
0
-1
0
0
-1
0
0
0
-1
-1
1
-4
-4
0
4
16
-19
-6
25
-42
69
-65
19
10
-25
47
-98
99
-62
-17
101
-51
24
-59
12
38
-38
-10
103
-257
250
-87
20
-23
-2
0
0
18
-16
83
-180
121
-26
1
6
3
-48
141
-177
94
-17
-14
11
44
-80
29
8
-9
30
-30
4
14
-11
-16
22
0
1
-1
-3
1
1
0
-2
1
-2
0
0
0
1
0
0
1
1
-1
0
-1
-1
-1
1
0
0
-1
1
-1
0
1
0
0
0
0
0
-1
0
-1
1
1
-1
0
0
0
-1
1
-1
0
-1
0
-1
-1
1
-1
-1
-1
-1
-2
-1
0
0
-1
-3
-1
3
0
-1
0
-21
17
10
-14
-5
29
-30
8
-6
-29
81
-45
-12
13
16
-95
175
-142
46
-5
-7
-2
27
-122
180
-84
14
-20
-3
0
1
14
-11
137
-376
277
-18
-3
-56
39
44
-18
19
-156
66
108
-69
-171
280
-126
44
-16
-30
-30
82
-83
95
-10
-95
72
-3
-15
10
-5
-3
1
-1
0
0
0
-1
0
0
0
1
-1
0
0
-1
0
0
-1
-1
0
0
0
-1
0
0
0
-1
0
0
0
-1
-1
0
0
-1
-2
0
-1
0
0
0
0
-1
0
0
0
-1
0
-1
-1
0
-1
-1
-1
0
-1
1
-3
3
5
-11
14
2
-72
94
9
-96
82
-84
29
31
15
-45
126
-280
170
68
-108
-67
155
-20
17
-45
-40
54
3
18
-278
375
-138
10
-16
-4
0
-2
25
-27
-18
66
-33
-13
-2
-11
57
-70
19
-30
104
-10
-93
60
-22
-20
36
-43
26
8
-21
37
-39
10
-1
-3
42
-40
13
2
-4
-2
2
-1
0
0
-1
0
-1
-1
-1
0
0
-1
0
0
-1
1
-1
-1
-1
0
0
0
-1
0
-1
0
0
0
0
-1
0
0
-1
-1
0
0
0
0
0
-1
1
-2
1
-1
0
0
0
-1
0
-1
-1
0
0
-1
-1
0
-2
2
4
-3
-13
41
-41
3
1
-11
40
-38
20
-9
-26
42
-37
19
23
-60
93
7
-106
29
-21
69
-60
7
1
13
32
-68
17
25
-26
-2
0
-9
38
-96
123
-58
-5
3
-13
32
-32
28
17
-57
61
-43
14
-58
50
4
10
-30
30
-30
12
14
-8
15
-50
71
-43
1
5
-2
-1
3
-3
1
-1
2
-1
-1
0
-1
0
0
0
-1
1
-2
-1
0
0
0
-1
0
0
0
-1
0
-2
-1
-1
0
0
0
0
0
1
1
-1
-1
0
-1
0
0
0
0
1
0
-1
0
-1
0
0
0
0
0
0
-2
0
-1
3
-4
-1
1
-5
-1
42
-72
50
-17
7
-15
-13
30
-29
30
-11
-3
-51
58
-14
41
-63
55
-18
-30
30
-34
12
-5
4
56
-124
93
-40
3
0
25
-23
11
-44
77
-46
-3
13
-7
8
-34
68
-74
16
23
-11
9
-45
66
-25
-2
-9
6
-11
43
-46
28
-12
5
-13
10
-4
3
-4
3
-2
0
1
-2
0
0
1
-1
1
0
-1
1
0
0
-1
0
-1
0
0
0
-1
-1
0
0
-1
0
1
0
0
-1
-1
0
0
-1
0
0
-1
-1
-1
0
0
-2
1
0
0
-2
-1
1
-1
0
-1
-1
-1
0
-2
0
3
-4
3
-3
4
-9
13
-6
11
-29
46
-44
11
-6
10
2
26
-66
45
-9
11
-24
-17
72
-70
31
-11
5
-14
3
45
-78
43
-14
21
-29
0
11
-23
25
-25
21
-11
1
4
-1
-5
8
-29
23
-9
24
-20
-16
27
1
-13
1
4
3
-18
22
-11
3
2
-3
3
0
-1
0
-1
0
-1
0
1
-2
0
-1
1
0
0
-2
1
-1
0
0
1
-1
-1
-2
1
-1
-1
0
0
-1
-1
-1
-1
0
0
-1
0
-1
0
0
-1
0
-1
0
-1
0
0
0
0
1
-1
0
-2
1
-1
1
-2
0
-1
0
-1
1
-1
0
0
-1
1
0
-3
3
-1
-4
10
-23
17
-3
-3
-1
13
-1
-27
16
19
-25
8
-25
27
-11
3
-1
-5
-2
11
-22
23
-29
22
-15
0
0
-3
0
13
-32
25
-2
-5
2
-6
0
24
-35
8
5
-2
-19
28
-4
-5
-6
8
-5
4
-2
-2
-1
5
-2
-1
1
-1
1
-1
0
1
-1
0
0
0
-1
0
0
0
0
0
1
-1
-1
0
0
0
0
0
0
0
-1
0
1
-1
-1
0
-1
0
0
0
0
0
-2
0
1
-1
0
-1
0
0
-1
-1
0
0
0
-1
-1
0
-1
-1
-1
-1
0
-1
0
-2
-1
0
-1
1
-2
1
1
-4
1
1
0
-4
4
-8
7
5
2
-31
18
1
-5
-11
34
-25
-2
4
-3
6
1
-27
30
-14
-4
1
-4
0
0
5
-8
-17
28
-6
-1
-4
0
-2
5
-7
-5
-2
16
-12
11
-9
-7
8
5
-6
4
1
-2
-3
8
-6
2
-1
1
0
-1
0
-1
-1
0
0
0
0
0
0
-2
0
0
0
-2
0
-1
-1
0
-1
0
0
-1
1
-1
1
-1
0
-1
0
-1
0
-1
0
0
0
0
-1
0
-1
1
-1
0
0
0
-1
0
-1
0
-1
0
-1
2
-1
0
0
-1
0
-1
0
0
0
-1
-1
-2
1
-2
5
-9
3
1
-2
-4
6
-6
-9
7
9
-11
11
-16
0
3
6
-7
0
-2
3
-1
6
-30
15
5
-5
-4
0
-2
0
9
-17
8
-5
4
2
-5
-2
1
8
-10
1
0
3
-3
3
2
1
-7
3
3
-9
8
1
-3
5
-2
1
0
0
0
-1
1
0
-1
-1
1
-1
0
1
0
0
0
-1
-1
0
-1
0
0
0
0
-2
-1
-1
-1
-1
-1
-1
-1
0
0
0
-1
0
0
0
-1
0
0
0
0
1
-1
-1
-1
-1
-1
0
0
-1
0
0
0
-2
0
0
-1
1
0
-1
-1
0
-1
0
0
0
3
-6
4
0
-7
9
-4
-2
7
-1
-3
-5
3
-3
-1
-3
9
-9
-3
0
1
-3
-3
3
-8
15
-13
-2
-1
0
-2
1
4
-16
16
-13
9
-2
0
-1
-5
7
-9
6
-7
-1
9
-4
-12
8
0
0
-2
-1
0
2
-3
4
-2
0
-1
0
-2
0
0
-1
1
1
-1
-1
0
1
-2
0
0
2
-2
2
-1
0
-1
0
0
-1
0
-1
0
-2
2
-1
0
-1
-1
0
0
0
-1
0
-1
1
-1
0
-1
1
-1
0
0
-1
1
-2
1
-2
0
-1
0
-2
0
0
-1
0
-1
0
1
-1
-1
0
1
-1
2
-4
4
-3
-1
0
1
-1
-1
-9
10
2
-11
1
6
-7
7
-8
3
-1
-3
2
-9
12
-16
14
-7
-2
-3
0
-2
3
-4
-2
4
-1
-1
1
-2
2
-2
-3
7
-6
-1
2
-2
-6
12
-5
-2
0
5
-3
0
2
2
-1
1
0
0
1
-1
0
0
0
0
-1
0
-1
-1
0
1
0
0
0
-1
1
0
0
-2
0
0
-1
-1
0
0
0
-1
1
-1
0
-1
0
0
0
1
-1
1
0
0
-1
0
-1
0
-1
2
0
0
-1
1
0
-1
-2
-1
-1
0
0
-1
0
0
-1
-1
-1
2
-1
-1
0
-1
1
-2
-1
-1
3
-4
0
1
5
-11
4
1
-2
-1
4
-8
1
2
-4
-1
-1
0
-1
-6
1
1
-5
-2
0
-2
1
-3
3
-4
2
-2
1
0
-2
3
-1
-5
3
-3
1
0
0
-2
-2
2
0
1
0
-5
5
-1
-1
1
0
1
0
1
0
-1
0
-1
0
0
-1
-1
0
0
0
0
0
0
0
1
-2
0
0
-1
0
0
-1
0
-1
0
-1
1
-1
0
0
-2
0
0
0
-1
-1
-1
0
-1
-1
1
0
-2
0
-2
0
-1
-1
1
-1
-2
1
0
0
-1
0
0
-2
-1
-1
0
-1
0
1
-2
0
1
-5
5
-1
-1
-1
-2
1
2
-2
0
-1
1
-5
6
0
-5
1
-2
-2
0
-4
2
-3
-1
-2
-3
0
-3
1
-2
2
-3
2
-2
1
-1
-2
1
-5
6
-5
1
0
-2
3
-4
3
-1
-2
1
-1
-1
2
-1
-1
0
0
-1
-1
1
-1
0
0
0
0
-1
-1
0
0
0
0
2
-1
0
0
-1
0
0
0
0
-1
-1
0
0
0
0
0
0
0
0
0
-1
0
0
0
0
-1
0
0
-1
-1
-1
0
0
-1
0
-1
0
1
-2
0
0
0
-1
0
1
-1
-1
-1
0
-1
-1
1
0
-1
-1
1
0
-2
0
1
-2
2
1
-3
3
-3
1
-1
-4
4
-6
5
-2
0
-1
-2
2
-2
2
-4
0
-2
-1
0
-1
1
-1
-1
0
1
-1
1
-2
-3
3
-1
-1
-1
1
-2
0
6
-5
3
0
-1
-1
0
0
1
-1
0
-1
1
1
-1
-1
-1
0
0
0
0
0
-1
0
-1
0
-1
1
-2
0
-1
0
0
0
1
-2
0
-1
-1
0
0
-1
-1
0
-2
0
0
-1
0
0
0
1
-2
0
-1
-1
0
0
-2
1
0
1
0
0
1
-2
0
-1
-1
-1
-1
0
-1
1
-1
-1
0
1
0
0
-1
0
0
1
-1
1
-1
0
0
0
-3
4
-6
1
1
-2
-1
0
0
-6
1
-1
-2
1
-2
-2
-1
-1
-2
-2
0
-1
1
-2
-1
2
-1
0
0
-1
-1
1
-3
2
-2
-1
0
0
-1
0
1
0
0
0
0
0
0
0
0
-1
-2
-1
0
-1
0
-1
0
-1
-1
1
-1
0
0
-1
0
0
-2
1
-1
-1
0
-1
0
1
-1
0
0
-2
0
-1
0
0
-1
-1
0
0
0
0
0
0
-1
0
0
-2
0
0
0
0
-1
0
0
0
1
-1
-1
1
-2
0
0
-1
-1
-1
-1
0
-1
0
0
0
1
-1
0
0
-1
-1
0
0
0
-1
-1
-1
-1
-1
-1
-1
0
-5
1
0
-1
0
0
-1
0
-4
0
0
-1
-1
0
-3
0
-1
0
2
-1
1
0
-1
-1
-1
2
-3
0
-1
-1
0
0
-1
0
-1
0
0
-1
0
-1
0
0
0
0
0
0
-1
0
-1
0
0
-1
-1
1
0
0
0
0
0
0
0
0
0
-1
-1
1
0
-2
0
0
0
-1
0
0
1
-2
0
0
0
0
0
-1
-1
0
-1
0
0
0
-1
0
-1
0
-1
-1
-1
0
-1
-1
0
0
-1
-1
0
0
0
0
-1
0
-1
-1
0
1
-1
0
0
-1
0
1
-1
1
0
-1
0
-1
-1
0
-1
-1
2
-3
0
-1
-1
0
-1
0
-3
0
-1
-1
-2
0
-2
0
-1
-1
1
0
0
0
-1
0
-1
-1
0
-1
-1
0
0
0
0
1
-1
0
1
-1
1
-1
0
0
0
0
0
0
0
-1
-1
0
0
-2
0
-1
-1
-1
-1
0
0
-1
0
0
0
-1
0
-1
-1
0
-1
0
-1
0
0
-1
0
0
-1
0
-1
0
0
-1
0
0
1
-1
1
0
-1
0
-1
-1
-1
0
0
1
-1
-1
0
-1
-1
-1
0
0
-1
-1
0
-1
-1
0
-1
0
-1
0
0
-1
-1
1
1
0
0
-1
0
-1
0
0
0
0
-3
-1
0
-1
-1
-1
-1
0
-3
-1
0
-2
-2
0
-1
0
-1
-1
1
0
0
0
-2
0
-1
-3
1
-1
0
0
-1
0
-1
0
0
0
1
1
-1
0
1
-1
0
0
1
-1
0
1
-2
0
0
0
0
-1
0
-1
0
0
0
0
0
0
-1
-1
0
-1
0
0
0
0
0
0
-1
-1
-1
0
-1
0
0
0
-1
-1
0
0
0
-1
-1
1
-2
0
-1
0
-1
-1
0
0
-1
0
-1
0
-1
1
-1
-1
-1
-1
1
-1
-1
0
-1
0
0
0
1
0
1
-1
0
-1
0
-1
1
-1
-1
-1
-1
0
-4
1
0
-1
0
-1
0
-1
-2
-1
-1
-2
-1
0
0
0
0
0
-1
-1
-1
0
0
0
0
0
-1
-1
-1
-1
-1
-1
0
0
0
0
0
-1
-1
0
0
0
-1
-1
-1
-1
-1
-1
-1
-1
-1
-1
-1
0
0
0
0
-1
-1
-1
0
0
0
0
0
0
-1
-1
-1
0
0
0
0
0
-1
-1
-1
0
0
0
0
0
-1
-1
0
0
0
0
0
0
-1
-1
-1
-1
-1
-1
0
-1
-1
-1
-1
0
0
0
-1
0
-1
-1
-1
0
0
1
0
0
-1
-1
-1
0
0
0
0
0
-1
-1
-1
0
0
0
0
0
0
0
-1
0
0
0
0
0
-1
-1
-1
