-9
14
-45
25
-26
12
11
-34
-1
27
-19
-2
1
-4
-4
-2
1
-7
3
1
-5
3
-5
3
-4
0
-1
3
-5
2
-4
-1
2
0
2
-2
-1
1
0
-1
-1
2
0
0
4
-1
0
-1
0
-5
4
-6
3
-4
2
-2
0
-1
-1
-1
0
0
-1
0
-1
0
-1
-1
1
1
-1
1
2
-2
2
-3
3
-5
6
-3
1
0
0
-1
4
-1
0
2
0
-1
0
2
-1
-1
3
0
2
-1
-3
3
-4
3
1
-1
-3
3
-3
4
-5
1
4
-6
2
2
-1
-1
4
2
-16
30
1
-31
15
15
-23
33
-38
23
-7
3
-11
-24
29
-42
39
-8
-48
23
27
-52
-8
88
46
-228
165
-78
36
-1
-10
-28
7
62
-6
-80
8
19
43
-1
-61
12
4
25
14
-38
-13
17
14
2
-15
-4
8
1
6
-6
-2
1
3
0
-5
0
-1
1
-2
1
-2
-1
-2
-1
-1
-3
1
0
0
-1
1
0
0
0
-1
0
-1
2
-1
1
-1
0
-5
1
4
2
-1
-6
6
1
7
-4
-14
3
14
17
-13
-36
15
25
4
12
-61
0
44
20
9
-80
-5
63
9
-28
-8
2
38
-76
166
-225
49
91
-4
-49
30
26
-47
-4
42
-38
32
-17
-7
11
-2
-35
24
10
-34
8
34
-203
367
-264
64
48
-136
151
-102
52
-71
3
111
-117
50
14
-64
78
-53
3
50
-99
101
-64
7
18
-39
48
-38
23
-8
-12
30
-30
20
-4
-8
14
-8
-9
22
-16
4
1
-4
3
-3
-1
-2
0
-1
-1
-1
0
-1
-1
0
0
0
0
0
0
0
1
0
1
0
1
1
1
-2
2
-3
1
5
-17
23
-10
-7
14
-8
-4
20
-29
29
-12
-7
25
-39
51
-39
19
9
-61
102
-97
52
4
-51
79
-62
15
50
-115
112
4
-70
56
-100
155
-133
51
66
-261
369
-199
38
10
-31
18
29
-26
-21
26
-47
35
-76
96
-82
-188
452
-262
-7
88
-160
151
-63
-88
175
-88
-49
102
-90
38
-5
-79
157
-63
-79
117
-68
-34
98
-82
-6
73
-67
13
31
-40
15
1
-8
19
-18
7
7
-16
11
6
-14
9
-6
0
2
-3
1
-1
0
-2
-2
-1
-1
-1
-1
-1
0
0
1
1
0
0
0
-2
1
0
2
-2
2
1
-5
10
-13
4
10
-16
8
8
-19
20
-8
2
16
-40
32
14
-67
74
-6
-82
98
-33
-67
118
-77
-62
158
-77
-5
39
-89
104
-49
-87
176
-85
-60
154
-156
92
-3
-260
454
-186
-77
100
-73
41
-42
35
-3
-29
35
-26
-12
57
-94
-191
396
-111
-60
-3
18
104
-272
94
101
-75
-33
78
18
2
-76
-28
126
-126
-19
100
-2
-31
-16
62
-42
-23
2
32
-27
-7
28
-3
-9
-3
5
2
-4
-10
9
5
-7
0
2
-1
-3
-3
2
-2
1
-3
0
-3
-1
-1
-1
-1
0
0
0
0
0
-1
0
-3
2
-1
4
-1
-3
0
3
1
-6
6
10
-9
-3
1
5
-1
-9
-3
28
-6
-27
34
2
-23
-42
63
-15
-28
-1
101
-18
-124
127
-26
-76
3
18
80
-31
-74
102
97
-268
107
20
0
-57
-108
398
-187
-91
61
-9
-18
39
-21
-25
23
-20
-42
73
-130
176
-102
-33
59
-69
77
-80
180
-367
454
-343
113
-30
12
8
23
-37
-21
89
-119
119
-120
89
-63
19
25
-26
31
-60
65
-58
52
-34
13
-5
4
-4
4
1
-3
10
-17
9
-5
6
-6
3
-4
2
-2
2
-5
0
-1
1
0
-1
0
0
1
0
-1
1
-1
2
-4
3
0
2
-4
4
-5
7
-5
10
-17
10
-3
1
3
-4
4
-4
13
-34
51
-59
66
-59
32
-26
26
20
-62
90
-118
119
-117
90
-20
-34
23
9
13
-27
115
-342
456
-363
184
-77
80
-66
62
-31
-96
179
-127
76
-35
-16
32
-4
-30
43
-33
-54
-56
150
207
-335
45
-5
-9
44
97
-243
192
45
-99
-56
-18
59
21
55
-17
-130
-12
79
32
-6
-30
3
8
-10
0
-22
14
27
6
-27
-8
5
7
8
-1
-1
-14
11
-3
6
-8
5
-3
-1
0
-2
0
1
-4
0
0
-1
0
-1
0
0
1
0
1
0
1
2
-2
2
2
0
0
0
-3
6
-7
7
-3
11
-15
0
-1
8
7
5
-7
-27
6
27
13
-20
1
-10
9
4
-29
-6
34
81
-11
-129
-15
56
22
60
-16
-55
-97
46
195
-239
101
47
-6
-2
48
-333
210
154
-53
-52
-26
48
-22
-30
32
-25
-43
89
-178
278
-360
230
-9
-50
29
-26
60
-269
397
-290
181
-146
122
-97
96
-143
164
-118
-1
63
-54
52
-69
70
-80
82
-72
53
-41
38
-25
5
5
-7
8
-9
9
-7
18
-25
9
-1
5
-3
-2
-2
-2
0
1
-2
0
-2
1
-2
-1
-1
-1
0
0
0
0
-2
2
0
0
-1
2
2
-1
-2
-1
-2
6
0
10
-24
18
-7
10
-8
8
-7
7
5
-25
39
-40
53
-71
82
-79
73
-68
54
-53
64
0
-117
166
-141
97
-96
124
-144
181
-289
400
-265
62
-24
32
-48
-6
232
-357
282
-174
93
-35
-20
40
4
-45
49
-15
-27
11
120
-269
113
9
49
5
7
-162
136
107
-212
13
42
39
-31
30
-68
32
114
-114
-32
21
27
-5
-28
5
15
25
-26
5
-19
27
-11
-8
2
4
2
-3
3
-12
25
-17
5
-8
5
-3
5
-5
1
-1
-1
-2
0
-3
0
-1
-1
-1
0
-1
0
1
1
-1
1
0
0
1
2
-5
5
-3
6
-7
6
-17
25
-11
4
-3
2
5
2
-7
-11
27
-19
7
-27
26
15
6
-28
-5
28
22
-31
-113
115
33
-66
31
-31
41
43
16
-211
111
139
-159
10
8
52
12
115
-266
123
15
-24
-7
53
-37
-35
50
-67
28
-69
186
-223
96
-5
-72
118
-108
106
-46
-185
199
-30
-36
56
-71
73
-76
56
21
-137
132
-43
-25
49
-54
58
-37
-8
27
-19
12
-5
-15
19
-11
7
0
-7
12
-9
12
-12
4
4
-8
2
-4
2
2
-4
2
-1
0
-2
0
0
0
0
-1
0
0
0
-1
0
0
-2
1
0
2
-4
3
2
-3
3
-7
5
3
-12
11
-8
13
-8
1
6
-11
20
-15
-4
13
-18
27
-8
-36
58
-54
50
-23
-42
133
-136
23
57
-74
74
-70
57
-35
-29
203
-182
-42
109
-105
122
-68
-3
100
-219
191
-67
35
-63
58
20
-60
22
1
72
-157
54
127
-112
-33
66
3
-75
-2
103
-115
62
21
-53
-15
39
12
-51
59
-62
9
14
21
-30
-15
46
-27
-10
25
-13
-4
0
13
-13
1
6
-3
0
1
1
-3
4
-2
-1
-3
2
0
-2
0
-1
-2
-1
0
1
-1
0
-2
-2
-1
0
-1
-1
1
0
-2
1
1
0
0
0
2
-1
1
2
-2
0
-1
4
-4
1
1
1
-3
7
2
-12
14
0
-3
-12
24
-10
-26
47
-15
-29
22
16
10
-60
60
-51
13
40
-14
-52
23
63
-112
108
2
-72
6
68
-29
-111
131
57
-154
76
9
27
-52
-29
35
-61
-2
27
26
-67
40
1
-34
3
20
-26
-8
24
28
-54
3
21
-15
-6
2
-10
34
-26
-2
5
-15
14
-7
2
-6
0
3
-5
5
-5
4
-4
4
-2
1
3
-2
-2
6
-4
1
1
-3
1
-1
-2
1
-2
-1
0
-3
0
-3
0
-1
0
-1
1
-1
0
-1
0
0
1
0
0
1
-2
3
-2
-1
1
-3
2
1
-4
5
-2
-2
3
1
-3
4
-4
5
-4
5
-4
4
0
-4
3
-6
16
-14
7
-3
-25
35
-8
4
-4
-14
22
3
-53
31
27
-4
-23
23
6
-30
2
44
-64
29
30
5
-56
45
-15
4
-11
-4
-7
2
-8
21
-27
-3
14
-26
20
3
-44
27
-8
0
0
-4
-1
-1
3
-6
4
-8
5
3
-9
5
-8
4
-6
9
-4
0
-1
3
-3
2
0
1
0
3
-1
-2
2
-1
-1
-1
1
-2
0
0
0
-2
-2
0
1
-1
0
0
0
-1
1
0
1
-1
1
-1
1
0
-1
0
1
0
0
0
1
-1
0
0
3
-1
-1
3
-1
1
0
3
-3
3
-1
0
-3
11
-6
5
-6
6
-7
4
5
-6
5
-5
4
1
0
-2
2
1
-7
31
-41
6
24
-22
16
0
-25
25
-5
7
-3
2
-7
14
-1
-19
8
-7
-6
-7
25
-50
24
1
-11
7
-9
3
-5
7
-18
6
-3
0
2
-3
2
7
-21
20
-13
-1
4
-8
5
-2
-3
8
-5
-1
4
-2
-3
3
2
-2
-1
3
1
-3
5
-4
1
-1
-1
0
-1
0
-1
0
1
-1
0
-1
-1
-1
0
-1
0
-1
0
0
0
0
1
-1
2
2
-2
1
1
1
0
0
2
-3
5
-3
1
2
-1
-1
1
2
-3
0
5
-2
-5
9
-3
-2
6
-7
4
2
-12
21
-20
8
3
-1
3
1
-2
7
-17
11
-3
6
-5
10
-8
3
26
-46
29
-3
-3
1
13
-11
-8
-6
-5
-6
-2
1
7
-43
28
0
-14
4
-6
-3
-1
1
-5
-4
13
-13
1
2
-4
6
-10
-2
6
-6
3
-4
0
0
-2
2
-1
-3
2
-3
4
-5
2
-1
1
0
1
0
-1
0
-1
0
-1
-2
1
-1
0
-3
1
-2
0
-2
0
0
-1
-1
0
-1
-1
-1
1
0
0
-1
2
-1
1
0
2
-1
0
2
0
-1
0
0
1
0
1
0
2
-3
4
-2
3
-4
0
2
-2
0
1
-3
4
-6
6
-1
-9
8
-2
3
2
-13
13
-3
-4
5
2
0
-2
8
-10
3
30
-40
10
6
1
3
1
2
0
-16
4
-5
-5
-5
8
-13
2
-1
-9
6
5
-20
-1
15
-14
4
-10
9
-6
-1
4
-4
7
-10
-3
5
-3
-4
2
-1
-1
0
0
2
1
-5
6
-4
0
1
0
-1
-1
0
2
0
-2
1
0
-2
1
1
-3
0
1
-1
-2
-2
-1
0
0
-1
0
0
0
0
0
0
-1
1
2
1
-1
0
1
-1
0
0
-1
0
2
1
-1
-1
1
2
0
-2
7
-5
1
2
0
-1
-1
0
3
-4
-3
7
-2
-8
8
-3
5
-1
-5
10
-8
3
-13
19
2
-17
9
8
-7
2
4
-11
13
-2
-2
1
9
-8
-7
-6
-5
-6
-4
7
-13
7
-15
2
0
-2
1
-8
-4
-2
7
-2
-8
2
1
4
-9
0
3
-3
-3
0
2
-5
2
-4
0
1
-3
-1
5
-3
2
0
0
0
-1
4
-1
3
0
-2
-1
-1
1
-2
-1
1
-3
0
-1
-1
-2
-2
-1
0
-1
0
-1
0
-1
1
0
0
0
0
0
1
-1
2
0
-2
1
-1
0
-1
0
1
-1
3
-1
0
0
1
2
-4
5
1
-2
1
0
-3
3
-5
3
1
-3
0
4
2
-8
5
1
4
-8
-1
8
2
0
-5
4
1
2
5
-13
12
-9
11
-1
2
0
4
-4
-11
0
-7
-4
5
-2
-37
25
-5
-3
-3
2
-9
-10
7
13
-22
5
0
1
-5
3
-1
-4
1
1
-6
2
-1
-2
-1
2
-3
1
1
1
-1
-1
2
-1
2
0
1
1
1
-2
1
0
-2
0
-3
0
-2
0
-2
-1
1
-1
-1
-1
-1
0
-2
-1
0
0
0
-1
1
0
1
0
0
2
-1
1
-3
2
-1
1
2
-2
1
1
0
0
1
-1
2
0
-1
1
1
1
-3
2
0
0
0
3
-4
2
3
-2
0
4
-5
2
2
6
-20
14
9
-7
-8
5
0
0
-2
26
-34
2
10
0
1
5
-3
-4
-6
-4
-7
-2
-9
13
-26
14
-4
-3
1
-9
9
-26
5
16
-12
-3
4
-1
0
1
-6
3
-1
-6
5
-2
-5
-1
3
-1
1
-1
1
-1
2
0
0
0
2
-2
2
0
2
-3
3
-3
0
-1
-2
0
-1
-2
2
-3
0
-1
-1
-1
-1
-1
0
0
0
0
0
-1
0
0
2
-2
3
-1
0
0
0
-1
2
-2
1
-2
2
0
2
-1
2
0
-1
-1
2
-1
2
0
1
-1
2
0
-4
-1
5
-5
0
4
-5
3
0
-1
4
-1
-11
17
9
-23
13
-5
5
1
-1
16
-23
16
-4
1
0
0
1
-2
-12
0
-9
3
-4
-11
9
-7
-5
-2
1
-4
1
3
-13
2
-1
-1
-6
4
-1
3
-11
11
-8
0
1
-4
3
-1
0
-2
1
0
-2
2
-1
2
-2
2
0
0
1
0
-1
2
-1
0
-4
0
-1
-1
-1
1
-2
1
-1
-2
0
-1
-1
-1
-1
0
-1
0
0
0
2
-2
1
1
-2
2
-1
0
0
1
-3
1
-1
2
0
0
0
0
-1
2
-2
2
-1
2
-2
0
0
-2
1
-1
2
-3
3
1
-6
12
-9
3
-1
6
-3
0
1
3
-11
7
3
-1
4
0
-1
-6
13
-7
-1
6
-2
5
-3
-5
-7
-2
-8
-1
-1
-5
0
-6
1
-3
-5
-2
0
1
-11
12
-9
0
0
-3
-2
0
0
-5
2
-3
-1
0
-3
0
-3
1
0
-2
-2
2
-2
2
-1
1
-1
-2
3
0
-1
2
-2
1
0
-1
0
-2
1
0
-3
1
-2
1
-3
-1
-1
-2
0
-1
1
-1
0
-1
-1
0
1
1
-2
2
2
-1
1
-1
0
2
-1
1
-2
0
3
0
-1
2
-1
2
-3
3
0
-1
0
1
-2
1
-2
2
0
-2
3
-4
1
1
0
-1
2
1
-9
13
-8
5
3
1
-2
-1
4
-4
4
-1
5
2
-1
1
0
-11
3
-9
-7
-5
0
-3
1
-7
-2
-3
0
-3
0
-3
-1
-7
1
-1
0
-1
-4
1
3
-9
4
-5
4
-3
-1
0
0
0
1
-1
-1
-1
0
1
-5
2
1
-3
4
-4
2
-2
3
-3
-1
0
-1
-3
0
-1
-2
-1
-2
-2
-1
-1
0
-2
-1
0
1
-2
0
0
1
0
1
0
0
1
1
-1
1
1
0
-2
2
0
0
-3
4
-3
2
1
-3
2
1
0
0
0
2
0
0
1
1
-3
6
-4
5
-8
5
2
-2
-1
1
0
4
-6
2
0
2
0
3
0
1
-5
4
1
4
-3
-1
-4
11
8
-47
28
17
-36
17
-5
-20
19
-4
-11
2
0
-7
1
6
-26
33
-35
23
-11
-8
15
-30
38
-26
1
4
-2
-10
15
-16
4
2
-1
-1
2
-3
1
4
-5
4
-1
2
-3
1
-2
-1
1
0
1
-5
2
0
-1
0
-1
-1
-2
-1
0
-1
0
0
0
0
0
0
0
0
-1
1
0
1
0
1
2
-2
2
0
2
0
-1
1
-3
3
0
3
-4
3
2
-3
2
-1
1
2
4
-14
17
-9
-1
6
1
-24
39
-30
18
-8
-10
25
-35
35
-25
8
5
-4
3
5
-7
-1
21
-15
-2
20
-33
24
32
-38
-28
28
-57
37
-11
-15
2
9
-19
3
4
-12
2
-1
-9
9
-8
3
-30
39
-6
-8
-19
35
-25
7
5
-5
-12
1
20
-28
11
6
-10
7
-5
-3
15
-17
3
5
1
-3
0
3
-1
-3
3
-2
0
0
-2
1
-3
1
-2
-1
-1
1
-2
0
-1
0
0
1
-1
0
-1
1
0
0
-1
2
0
3
-1
1
0
-1
4
-3
-1
3
1
-3
1
5
3
-16
15
-4
-4
8
-9
6
11
-28
20
2
-11
-4
6
8
-24
37
-17
-8
-5
40
-31
3
-7
13
-6
1
5
-8
8
7
-17
12
5
-13
-8
45
-51
37
-7
-16
29
-62
54
-11
-28
9
2
-10
1
5
-13
0
7
-16
7
-1
-10
17
-26
19
-4
10
-16
-9
18
-2
-12
7
14
-26
4
-2
20
-12
-10
12
-5
4
-8
6
2
-2
-2
3
-1
-2
1
-2
-2
-2
1
-2
-2
0
-2
0
-2
-1
-1
-1
0
0
0
-1
0
1
0
1
-1
1
-1
2
-1
0
2
-1
-1
0
2
-2
-1
4
-1
-1
2
5
-8
4
-4
12
-9
-11
20
-2
4
-25
16
7
-11
-1
19
-9
-14
12
-3
20
-26
19
-9
0
8
-14
12
3
-11
9
4
-8
4
13
-25
-8
57
-56
34
-9
-19
-12
48
-74
33
-26
8
9
-10
-12
5
8
-13
-4
0
3
-8
4
-6
-21
18
-1
19
-25
12
-12
8
-12
9
-5
1
-1
-10
13
0
-5
-3
10
-12
12
-4
3
-8
5
-1
1
3
-7
5
-7
3
-3
-1
0
2
-4
-3
2
-2
-3
1
-1
-1
-1
1
0
0
-1
2
-2
0
4
-2
-1
2
1
-1
-1
5
-5
6
-6
4
1
0
5
-7
2
-3
11
-10
9
-2
-4
0
14
-10
0
2
-5
10
-10
8
-11
13
-23
19
0
19
-19
-5
6
-7
7
3
-1
-11
11
7
-8
-9
15
11
-22
36
-66
53
-4
-20
21
-37
19
-32
20
-16
10
-17
11
-11
7
-10
3
-5
0
1
1
-13
11
-25
21
17
-12
-24
11
6
-1
-11
6
-5
-7
19
-14
10
-12
-3
4
1
6
-1
-3
1
-1
1
-1
0
2
-2
0
-2
0
-2
2
-5
2
-2
-1
-1
-1
-1
-1
0
0
0
-1
-1
-1
0
0
0
1
-1
4
-4
4
-2
1
0
0
-1
2
0
-3
2
0
1
-2
-1
5
2
3
-3
-12
11
-14
19
-5
-3
6
-11
0
8
11
-23
-11
18
23
-25
13
-12
3
1
2
-3
7
-7
9
-10
14
-14
14
-12
24
-29
27
-34
30
26
-52
-3
59
-53
7
3
-9
5
-9
2
-5
4
-10
-3
-1
2
-3
-6
10
-6
-12
26
-26
0
21
-27
18
0
-13
10
-1
2
-11
0
7
-6
3
8
-12
6
2
-4
4
-3
2
-1
-3
0
-1
1
-3
2
0
-2
1
-3
-1
0
0
0
0
-1
0
0
0
0
0
1
0
2
1
-2
0
1
0
3
-2
2
-1
1
-2
0
2
-3
4
-4
0
6
-12
8
4
-6
7
2
-9
2
-1
11
-12
1
19
-26
22
1
-25
26
-10
-5
10
-5
-3
3
3
0
-5
8
-1
5
-5
7
-5
8
10
-50
67
0
-45
-20
14
-9
-9
-27
18
-4
-10
10
-10
-4
0
-1
-5
-1
-2
-3
2
-8
3
7
-20
29
-31
-9
50
-46
13
2
-4
0
5
-16
3
17
-23
17
-2
-10
12
-8
2
5
-3
0
2
1
-4
2
0
-3
0
0
-1
2
0
-1
-2
-1
-1
1
1
-1
-1
-1
0
-1
0
1
0
0
0
0
-2
3
0
1
1
-2
0
3
-5
1
3
0
-3
4
2
-7
13
-9
-2
17
-23
18
4
-16
8
1
-3
3
15
-45
52
-8
-30
29
-18
9
4
-8
3
-2
1
1
-2
3
2
-1
-7
12
-5
-1
22
-24
-2
-4
23
-26
9
12
-34
-10
3
5
-11
5
-5
-2
1
-6
-2
-5
3
-6
0
-3
4
6
-17
8
-8
5
1
9
-24
10
-9
10
-1
-3
-13
21
-19
17
-3
-3
-9
2
6
2
-3
2
-2
0
0
-2
2
-2
2
-1
-6
1
2
-1
-3
0
-1
-1
-1
0
-1
-1
0
0
-1
0
-1
1
-1
-1
3
3
-4
-1
1
-1
1
-1
0
2
-2
3
-3
1
6
3
-8
-2
-3
18
-18
21
-12
-3
1
12
-10
11
-22
9
1
6
-6
9
-16
7
5
-3
2
-5
5
-2
1
-2
4
1
-1
7
-8
9
5
-8
-26
18
18
14
-45
11
25
-27
7
-13
8
-6
-3
-2
-3
-3
-2
-2
0
-6
1
1
-3
-2
14
-26
14
-12
16
-15
-9
16
-8
2
-8
13
-11
-1
5
-6
6
-9
13
-10
6
-4
1
-1
4
-6
2
1
0
-4
-1
3
-2
-3
1
1
-2
0
-1
-1
1
-1
-1
-1
-1
0
0
0
0
0
-2
2
1
-2
0
4
0
-2
0
2
2
-5
4
0
2
-4
6
-10
14
-9
6
-6
6
-1
-10
13
-7
3
-6
17
-9
-14
17
-10
16
-24
16
-2
-2
2
3
-5
4
-1
1
1
0
1
1
-4
12
-10
12
-25
32
16
-37
-1
-1
-2
-3
-3
-3
-2
-1
0
-1
-1
-2
-2
-3
-1
-1
-1
-1
-1
0
0
0
-1
-1
-2
-1
0
0
0
-1
-1
-2
0
1
0
1
0
0
0
0
-1
0
-1
1
1
0
0
0
-1
-1
-1
-1
-1
-1
-1
0
0
-1
-2
-1
0
-1
-1
-2
0
0
0
0
0
0
1
0
0
0
0
0
0
1
1
0
0
0
0
1
0
0
-1
-1
-1
0
1
0
0
1
1
0
0
0
-1
0
1
2
0
0
-1
0
0
0
1
0
0
-1
0
2
2
0
-1
0
2
1
1
1
0
0
-1
1
1
2
