0
-2
0
-1
0
1
-3
2
-2
0
-1
0
1
-4
0
0
9
6
-45
39
-18
11
-2
4
-7
1
-1
5
-3
-2
1
0
-1
-2
1
0
0
-1
-1
2
-1
-1
-1
-1
0
1
-2
-1
1
-1
0
-2
0
-1
-1
-1
0
0
0
1
1
-1
0
-1
0
0
-1
1
-1
-1
-1
0
-1
-1
-1
0
0
-1
-1
1
-1
0
0
-2
-1
-1
-1
0
0
-2
-1
0
0
-1
-2
1
0
-1
-2
2
2
-5
0
-1
7
-4
2
-12
18
-39
44
-6
-9
0
-2
2
-2
-1
-1
-1
1
-4
3
-3
-1
-2
-1
-3
0
-2
2
-1
0
1
-5
2
2
-2
0
0
2
-6
7
-10
7
-3
-23
47
-22
-3
2
0
-7
10
-1
-5
5
-3
0
0
0
1
-2
0
1
-1
1
-1
0
0
-2
-4
11
-1
0
-11
6
0
0
-1
0
-2
0
0
-1
-1
0
0
-1
-1
-1
-1
0
-1
0
-1
0
-1
-1
0
0
-1
0
0
0
0
-1
0
-6
10
-1
1
-11
4
2
-1
0
1
-1
1
-1
-1
1
-2
0
-1
-1
3
-6
4
2
-11
7
0
-3
3
22
-48
23
3
-7
10
-8
4
-4
-1
-1
0
-3
-3
4
-2
-1
-1
-3
-1
0
0
-2
0
1
2
6
-9
2
1
0
-1
1
-5
0
-6
26
-2
-36
27
-17
9
0
-10
24
-15
5
-13
13
-2
-3
0
1
-1
2
-2
1
1
0
0
0
1
-2
4
-18
8
24
-30
11
0
-1
0
0
-1
0
0
0
0
0
0
0
0
-1
0
0
0
0
0
0
-1
0
0
0
0
-1
-1
0
-1
1
0
-11
28
-25
-9
18
-5
0
-2
0
0
-1
-2
-1
1
-3
1
-2
0
2
2
-13
11
-5
15
-24
12
1
-9
17
-28
34
1
-26
5
0
2
-2
-2
-1
-3
-2
8
-6
-2
-2
-2
1
-6
0
7
-4
-3
-3
4
-3
4
-1
-2
-1
0
2
-6
4
2
-24
20
21
-35
5
3
1
-3
20
-24
4
7
-5
1
2
1
0
-2
1
0
0
1
-1
0
-2
1
-3
0
-2
15
-15
-9
9
-1
0
0
-1
-1
0
-1
1
-1
-1
0
0
-1
-1
-1
0
0
0
0
0
0
-1
0
-1
0
-2
0
1
-1
-1
1
-10
8
13
-14
0
-2
1
-2
1
-1
-1
-2
0
0
-1
0
0
0
-2
0
5
-7
-5
23
-21
3
-2
-4
-5
33
-24
-21
23
-3
-5
5
-3
-1
-2
0
1
-4
2
-4
2
-1
3
-12
0
-9
18
-8
3
-61
114
-63
8
-2
-1
-2
3
-10
13
-21
48
-41
9
-7
6
4
0
-8
3
7
-1
-12
14
-4
0
0
3
-5
1
1
0
-1
-1
0
-1
1
0
1
-15
16
0
-10
6
-1
-1
0
-1
-1
0
-1
-1
-1
-2
0
0
1
0
-1
0
0
0
-1
-1
1
0
-1
0
0
0
0
0
-1
0
0
-6
10
0
-16
15
-2
0
0
0
-1
1
0
0
-1
-2
4
-4
0
-1
5
-14
11
1
-7
-4
8
0
-5
-6
6
-9
41
-48
21
-13
8
-5
0
0
1
-8
62
-115
60
-4
6
-19
5
0
-8
12
15
-55
11
84
-101
48
-10
-2
1
-8
4
-8
16
-41
-11
134
-159
145
-95
12
11
15
-28
18
-18
18
-8
-2
0
11
-15
8
-1
-1
0
1
-2
1
0
-1
-1
-3
8
3
-14
6
0
-1
0
-1
-1
1
-2
0
0
-1
0
0
-1
0
0
0
0
-1
0
-1
-1
-1
1
-1
0
-1
0
0
-1
-1
0
-7
13
-4
-9
3
1
0
0
-2
1
-1
0
1
0
-10
14
-11
1
1
8
-18
18
-18
28
-16
-11
-11
97
-145
159
-135
11
40
-18
7
-7
6
-4
1
8
-49
100
-86
-13
53
-19
-14
5
0
-10
13
36
-82
-14
122
-62
-6
-1
0
2
-1
-11
19
-52
127
-281
325
-154
32
10
-2
-58
60
-16
8
-20
10
1
-5
12
-26
35
-23
4
-1
0
0
0
-1
0
-1
0
-8
7
8
-15
5
0
0
0
-1
-1
0
-1
1
0
-1
1
0
-1
-1
-2
0
0
0
0
0
0
0
-1
-1
1
-1
0
0
-1
0
-1
-5
14
-9
-8
7
-1
-1
-3
0
-1
-1
-1
1
-6
23
-35
25
-12
4
-4
-9
19
-8
16
-60
57
1
-9
-32
154
-325
281
-127
51
-20
9
0
-5
-3
-1
5
62
-121
13
81
-37
-14
6
0
-22
34
14
1
-291
392
-85
-56
4
18
-37
55
-99
124
-174
50
247
-317
316
-257
63
-7
95
-140
51
34
-22
12
-40
50
-62
40
22
-58
53
-24
4
0
-1
-1
-1
0
-2
12
-14
8
-5
2
-1
0
0
-1
0
0
0
-1
0
0
-1
-1
0
-1
-1
0
-1
0
-1
0
-1
-1
-1
0
-1
0
-1
0
1
-1
0
-2
5
-8
13
-13
1
0
-1
0
0
-1
-4
24
-54
57
-21
-41
62
-50
38
-12
21
-33
-52
140
-97
6
-64
258
-317
317
-248
-50
172
-125
98
-56
34
-20
-6
56
87
-391
289
-2
-17
-35
15
0
-41
74
-119
102
132
-239
98
-34
19
-11
25
-34
27
64
-189
137
5
-273
405
-13
-235
65
-31
217
-235
55
96
-222
196
-94
-63
250
-145
-15
28
-29
10
0
1
-1
0
-1
-3
1
2
-3
-2
0
0
0
-1
0
-2
0
-1
0
1
-1
0
0
-1
-1
0
0
0
0
0
0
-1
0
-2
-1
0
-1
0
-1
0
-1
-1
-1
2
1
-3
-1
2
0
-2
0
-1
-2
-12
27
-28
14
145
-250
62
93
-195
222
-96
-56
234
-217
30
-64
235
13
-406
274
-5
-138
188
-65
-28
32
-26
8
-22
32
-99
239
-134
-103
116
-76
37
0
-33
54
-90
56
183
-233
-3
82
-31
3
7
-84
189
-83
-133
171
-68
44
-119
170
-170
140
-60
-180
194
108
-162
50
47
-176
-93
456
-204
-118
59
22
-12
-1
-1
1
0
-5
-2
8
-1
-7
4
-1
-1
0
-1
-1
-1
0
0
1
-1
-1
-2
1
0
-2
1
0
-1
0
0
-1
-1
0
0
-1
0
0
-1
0
0
0
1
0
-6
6
0
-9
1
4
-1
-2
-1
-1
12
-23
-60
118
202
-456
92
176
-49
-51
160
-109
-194
180
60
-141
170
-170
118
-45
67
-172
131
82
-191
82
-9
-3
27
-82
2
233
-184
-57
88
-57
27
0
-10
9
93
-70
-455
629
-129
-84
22
-5
-29
-1
55
-87
118
108
-366
375
-324
8
265
-278
187
184
-296
-68
170
21
-69
10
-63
166
-66
-102
49
51
-30
0
-1
-3
6
-21
55
-51
6
6
1
-2
0
-1
0
-1
-1
0
-2
0
0
-1
0
0
0
0
0
0
-1
-1
-1
-1
0
0
0
-1
-1
-1
0
0
-1
0
0
2
-2
-6
-7
51
-55
21
-8
2
0
0
29
-52
-50
101
67
-166
64
-11
70
-21
-170
67
296
-185
-188
278
-266
-9
325
-376
366
-108
-121
85
-57
-1
27
4
-23
83
129
-630
454
68
-96
-10
5
0
5
-21
118
-210
306
-314
85
39
-17
7
34
18
-198
87
274
150
-908
645
-155
-158
416
-245
78
20
-82
25
-8
-27
58
49
40
-522
440
138
-185
10
-2
4
1
2
-24
37
-17
-9
15
-10
1
0
0
-1
-1
-1
-1
0
0
1
-1
-1
-1
0
0
-1
0
0
0
0
-1
0
0
0
0
-1
0
-1
0
-1
-1
0
0
0
-2
8
-15
9
16
-38
23
-3
-2
-4
2
-11
183
-139
-440
522
-40
-50
-58
27
7
-25
82
-20
-78
244
-418
156
155
-645
908
-150
-276
-88
196
-20
-35
-10
16
-40
-86
312
-307
208
-121
20
-9
0
18
-37
24
-55
427
-609
163
88
-9
-8
-41
25
138
-69
-241
566
-981
610
210
-420
378
-290
218
-248
262
-37
-194
-77
340
-33
-304
544
-570
87
172
-77
27
-4
-2
2
-8
12
8
-26
10
0
1
0
0
0
-1
-1
0
0
0
0
-1
-1
0
-1
-1
0
-1
0
0
0
0
0
0
-1
0
0
0
0
-1
0
-1
-2
1
0
-4
0
-11
25
-8
-13
9
-3
1
5
-27
76
-172
-87
570
-545
305
32
-341
75
194
37
-263
248
-219
291
-378
419
-210
-611
981
-566
238
68
-139
-27
39
5
7
-89
-164
608
-429
54
-27
36
-23
0
21
-39
-63
154
-82
0
62
-103
50
-18
32
-23
-126
122
257
-496
811
-731
-158
455
-245
124
85
-3
-338
265
63
-177
284
4
-544
589
-501
254
39
-28
1
-6
0
17
-40
38
-44
25
-1
0
-1
0
1
-1
0
0
-1
0
-2
-1
0
-1
0
-1
-1
1
-1
0
1
0
-1
1
0
-1
-1
0
0
-1
0
-1
-1
0
-1
0
0
-2
0
-26
42
-39
40
-17
-1
6
-3
28
-41
-254
501
-590
544
-4
-284
177
-65
-266
338
2
-85
-125
246
-455
159
730
-812
496
-257
-123
124
22
-35
16
-53
102
-63
0
80
-154
61
38
-25
0
21
-39
-97
222
-294
348
-82
-151
50
29
9
-43
-32
95
-144
249
-174
-36
305
-438
258
-88
53
-104
280
-308
-96
317
-238
112
407
-659
458
-313
115
-20
9
5
-1
3
-16
36
0
-26
12
-8
2
1
-1
0
0
0
0
0
-1
0
0
0
0
-1
0
-1
-1
0
-1
0
-1
0
-1
0
-1
-1
0
0
1
-1
-1
-1
0
-2
-2
7
-13
25
-1
-37
15
-4
0
-7
-10
18
-117
311
-458
659
-407
-113
237
-318
96
308
-281
104
-53
88
-258
438
-306
36
174
-250
142
-97
30
41
-10
-31
-52
150
81
-349
294
-224
94
38
-26
0
21
-46
-89
216
-312
426
-154
-129
49
30
16
-64
23
16
-269
561
-504
357
158
-577
213
36
6
11
160
-310
123
44
-145
261
-18
-184
115
-128
101
-48
25
0
0
8
-139
229
-142
90
-45
-6
2
-1
0
0
-1
1
-1
0
0
0
-1
-1
-1
0
-1
0
1
0
0
0
0
0
-1
0
0
-1
0
0
0
0
0
-1
0
1
-3
4
43
-90
141
-231
140
-9
-1
-1
-25
47
-102
126
-117
183
18
-261
146
-44
-124
309
-160
-12
-6
-37
-212
577
-158
-358
503
-561
268
-17
-24
62
-19
-31
-50
128
153
-426
312
-217
86
45
-24
0
23
-48
-71
203
-352
472
-178
-109
43
27
36
-103
19
53
-186
389
-321
161
211
-587
312
13
44
-109
177
-269
97
99
-130
190
26
-327
259
-139
65
-16
20
-5
-4
4
-98
203
-150
90
-45
-9
6
-1
-1
-1
0
-1
0
0
1
-1
0
-1
-1
-1
0
0
-1
0
-1
0
0
0
0
-1
0
0
-1
-2
-1
0
-1
0
0
0
-5
8
43
-91
148
-203
97
-5
4
5
-21
16
-67
138
-259
326
-25
-191
128
-100
-96
267
-177
108
-44
-14
-310
586
-211
-162
320
-390
184
-54
-21
101
-38
-27
-45
107
176
-474
350
-205
69
48
-27
0
21
-44
-79
190
-232
295
-90
-128
48
35
17
-82
-3
103
-178
224
-49
-103
268
-447
286
-84
95
-137
163
-195
25
146
-56
-11
316
-682
445
-126
33
11
-4
0
-1
-5
-66
150
-103
51
-22
-15
9
0
-1
0
-1
0
0
0
-1
0
0
0
-1
0
-1
0
-1
0
0
1
0
-1
-1
0
0
-1
1
0
-1
-1
0
-1
-1
0
-10
14
22
-52
102
-151
65
4
1
-1
3
-12
-35
125
-446
681
-316
10
55
-147
-25
195
-162
136
-96
83
-286
446
-268
103
48
-224
177
-104
0
81
-20
-38
-49
127
90
-295
231
-192
76
44
-26
0
22
-45
-70
178
-200
224
-41
-133
53
21
25
-71
-32
121
-88
61
79
-244
326
-312
119
-22
68
-96
134
-150
-14
155
-69
-10
328
-681
418
-100
46
-13
7
0
0
-8
-23
64
-60
49
-14
-15
7
-1
0
-1
-1
0
0
-1
0
-1
0
-1
0
0
-1
0
0
0
-1
0
0
-1
-1
0
-1
0
-1
0
1
-1
0
-1
0
0
-8
16
13
-49
60
-66
22
7
-1
-2
-7
12
-46
100
-419
681
-328
9
67
-155
14
149
-133
95
-68
22
-120
312
-327
244
-80
-62
87
-122
31
69
-25
-22
-54
132
40
-225
199
-179
66
44
-26
0
22
-43
-68
176
-228
254
-51
-119
44
16
31
-75
-13
94
-177
298
-139
-132
307
-363
173
-25
25
-45
91
-102
11
65
-57
42
133
-284
105
30
2
-12
6
-1
-1
8
-56
93
-88
74
-29
-1
1
-1
-2
0
0
0
0
1
-1
-1
0
-1
0
0
0
0
0
0
0
-1
0
0
0
0
0
0
0
-1
-1
-1
0
-1
0
1
-1
0
29
-75
87
-93
56
-8
-1
1
-6
12
-2
-30
-106
283
-133
-43
56
-66
-11
102
-90
45
-25
24
-174
363
-308
132
138
-298
176
-95
13
75
-32
-18
-46
119
50
-255
226
-177
65
43
-27
0
21
-44
-69
176
-197
219
-66
-87
30
27
31
-91
-17
113
-204
351
-167
-87
188
-291
170
-1
0
-40
56
-53
13
27
-32
25
-21
2
-15
46
-27
4
-2
0
2
-3
-10
21
-27
34
-20
4
-4
1
0
0
0
-1
-1
-1
-1
0
-1
0
-1
1
0
-1
0
0
-1
1
-1
0
0
0
-1
-1
-1
0
-1
1
0
-1
0
-1
3
-6
19
-35
26
-22
8
1
-1
-1
1
-5
27
-47
14
-3
20
-26
32
-27
-14
53
-57
39
-1
1
-171
291
-188
85
166
-351
203
-114
15
91
-33
-29
-31
86
66
-219
197
-178
67
43
-27
0
19
-41
-69
178
-156
131
-29
-84
33
32
12
-74
-34
168
-292
438
-225
-100
200
-236
123
7
1
-40
43
-26
7
17
-27
22
-58
105
-67
19
-10
-2
3
-1
-1
-4
-3
21
-25
21
-11
1
-1
-1
-1
-1
-1
0
-1
0
1
0
0
0
0
-1
0
-1
0
0
-1
0
0
0
0
-2
0
0
-2
0
-1
0
0
0
0
0
1
-2
10
-23
24
-21
3
3
0
0
-3
1
8
-20
67
-105
57
-23
27
-17
-8
26
-43
40
-1
-6
-124
235
-201
99
225
-439
290
-169
32
72
-14
-34
-35
84
29
-132
153
-181
66
40
-24
0
19
-40
-59
166
-80
-8
32
-74
45
-5
13
-29
-53
168
-156
100
40
-211
114
68
-39
-45
39
-33
35
-17
12
-6
19
-52
58
-69
48
-5
2
-5
0
0
-1
2
-9
23
-26
11
-5
-1
2
-1
-1
0
0
0
-1
0
1
-1
1
0
0
0
0
0
-1
0
0
-1
0
0
-2
-1
0
0
-1
0
0
0
0
0
1
0
-2
1
4
-12
25
-25
8
-3
0
-1
-1
4
-3
3
-49
68
-57
52
-18
6
-14
17
-35
34
-40
44
39
-69
-115
211
-39
-101
154
-169
52
29
-13
2
-47
74
-32
7
77
-168
57
39
-23
0
15
-36
-42
137
8
-180
121
-43
38
-41
6
50
-21
11
57
-291
257
-77
-39
189
-126
-22
16
30
-32
10
3
-20
21
39
-59
18
-27
34
-7
-6
4
0
-1
-2
20
-21
-8
12
-1
2
-1
1
-1
0
0
-1
-1
-1
0
-1
1
0
-1
0
0
0
0
0
0
0
0
0
0
0
-1
-1
0
0
0
0
-1
0
0
-1
1
-3
0
-12
9
21
-21
1
1
-2
-5
5
8
-35
25
-19
59
-40
-21
19
-3
-10
31
-31
-16
21
125
-189
37
77
-257
291
-59
-13
20
-50
-7
40
-41
42
-120
180
-9
-138
41
36
-19
0
14
-30
-43
116
44
-239
136
20
-7
-38
-2
51
49
-162
109
-46
18
31
-14
-77
73
5
0
-44
28
11
-14
26
-28
-30
78
-72
27
11
-13
3
1
-1
2
-3
0
2
-10
11
-4
0
0
-1
0
0
0
-1
-1
0
-1
-1
0
0
-1
1
-1
0
-1
0
0
0
0
-1
-1
-1
0
0
-1
0
0
0
0
0
0
0
-1
0
3
-11
10
-3
0
2
-1
0
-2
-3
14
-11
-29
71
-78
30
28
-25
13
-11
-29
43
0
-5
-74
76
12
-33
-18
45
-110
161
-50
-53
1
38
5
-21
-137
239
-45
-118
41
29
-18
0
14
-18
-10
5
52
-91
42
7
6
-20
-6
18
-22
10
-12
46
-22
-24
9
28
-44
34
-12
10
-22
22
-4
-13
8
-15
22
-3
-8
-4
6
1
-1
0
-1
1
-11
18
-12
5
-2
1
0
0
0
-1
0
-1
-1
1
-1
0
0
-1
0
0
-2
1
0
0
0
-1
1
-1
0
-1
1
-1
0
-1
1
0
-2
-1
-1
0
-1
0
3
-6
12
-19
11
-3
1
-1
0
-1
-6
4
7
2
-23
15
-9
14
4
-24
22
-11
11
-34
44
-28
-9
23
21
-46
10
-11
21
-19
5
18
-9
-8
-42
90
-52
-7
7
18
-20
0
14
-37
22
-2
34
-70
35
0
6
-14
-4
14
-4
6
-9
-7
6
-4
-13
33
-29
23
-5
-11
4
2
-9
27
-26
15
5
-36
34
-12
3
0
-1
-1
-1
-2
2
0
5
-7
3
-1
0
-1
0
-1
0
1
0
-1
0
0
0
0
-1
1
0
-1
1
0
0
0
0
0
-1
0
0
-1
0
0
-1
0
-1
-1
-1
0
0
0
-2
7
-5
-1
-2
0
0
0
0
-1
-3
11
-35
36
-5
-15
26
-27
9
-3
-4
10
4
-23
29
-34
13
4
-7
6
6
-7
2
-15
3
12
-9
0
-35
69
-36
1
-25
36
-18
0
-1
-3
10
-12
36
-78
53
-10
9
-17
9
3
-20
26
14
-64
41
-8
-1
6
-6
14
-7
-2
-6
8
-4
-4
4
6
-2
-11
7
4
-4
0
2
-1
0
-1
3
-8
10
-7
1
0
0
0
-2
-1
-1
0
0
0
1
0
0
-1
0
-1
-1
-2
0
0
0
0
0
0
-1
0
0
-1
1
-1
0
0
0
-1
1
-1
1
-1
-2
6
-11
6
-4
0
-1
0
-2
0
2
-4
-7
11
1
-7
-5
4
5
-8
5
2
6
-13
5
-5
0
7
-41
63
-15
-28
18
-5
-10
14
-12
10
-53
77
-36
11
-13
2
-3
0
4
-11
8
-9
33
-68
38
1
1
-11
6
-9
0
14
9
-48
36
-9
-2
0
7
-5
-2
0
-4
6
-6
7
-1
-9
8
6
-15
5
1
-1
0
0
-1
-2
-4
8
-8
5
-2
-1
-1
0
1
0
1
-1
0
0
0
0
0
-1
-1
0
-1
0
0
0
0
-1
0
0
0
0
0
-1
0
-1
0
0
-2
-2
0
-1
-1
1
2
-6
6
-9
2
0
-1
-1
0
0
-3
-8
13
-7
-7
9
1
-7
6
-6
1
0
1
3
-9
0
2
9
-36
47
-9
-16
-1
7
-8
8
-4
-1
-39
67
-36
7
-11
10
-8
0
5
-12
7
-2
14
-37
24
0
1
-4
1
-3
0
6
-4
0
3
-7
0
13
-13
10
-6
3
-4
2
1
-5
3
10
-17
8
-3
4
-2
-1
1
0
-1
1
-1
0
-2
1
-1
1
0
0
1
0
-1
0
-1
-1
-1
0
0
0
0
-1
0
0
0
0
0
-1
0
-1
0
0
0
0
-1
0
0
-2
1
-1
-2
0
0
-1
0
-2
1
-2
1
-2
0
0
-1
0
1
-4
2
-8
16
-10
-4
4
-3
-3
2
-4
6
-9
12
-14
-1
8
-4
0
2
-7
-1
2
-2
1
-4
0
-21
37
-15
0
-10
11
-9
0
0
-5
4
-3
9
-23
15
-5
1
1
-6
11
-13
10
-15
21
-7
-6
2
1
-7
15
-7
0
-1
5
-4
3
-3
-1
-3
6
0
-6
3
-1
-1
0
1
-3
4
-5
6
-2
1
-1
1
-1
-1
0
0
-1
0
-1
0
0
1
0
0
-1
-1
-1
-2
0
0
0
0
0
0
0
-2
-1
0
-1
0
0
-1
1
0
0
-1
0
-2
2
-7
3
-3
1
-1
1
-1
0
-5
5
0
-6
1
0
2
-3
3
-5
0
-1
7
-15
8
-1
-4
5
8
-22
14
-12
12
-12
4
-3
-3
3
-17
21
-10
0
-7
4
-6
0
-2
-1
2
2
-1
-2
-2
0
0
0
0
-2
-2
0
1
1
-1
-3
-1
2
2
1
0
-1
0
-1
0
-1
-1
0
0
0
1
0
-2
-1
0
1
-1
-1
-1
0
0
-1
0
1
0
-2
0
0
-1
0
1
0
0
-1
0
1
0
0
-1
0
0
0
-1
-1
0
0
-1
-1
-1
0
0
0
0
0
0
-1
0
1
-1
-1
-1
0
-1
-2
-1
0
0
-1
-1
-1
0
-1
-2
-1
0
0
-1
1
0
0
0
0
0
-1
-2
-2
1
2
1
-2
-1
1
1
0
-1
-1
-1
-1
0
2
0
-3
-4
-1
1
