0
2
4
0
-28
32
-27
16
-2
-2
-3
-5
5
-17
29
-2
3
-9
-13
7
-4
4
6
3
1
-5
0
-6
2
2
-1
0
0
0
-1
0
-1
1
-1
0
-1
-1
-1
0
-4
2
-1
0
-1
0
-2
1
-1
-1
-1
0
0
0
0
1
0
0
0
0
0
-1
0
0
-1
0
-1
0
-1
0
0
0
0
-1
0
-1
1
-1
0
-2
1
-1
-1
1
-1
0
0
-1
0
0
0
-1
-1
-1
-1
-3
-2
5
-2
5
-2
-4
-5
-3
5
-7
13
8
-3
1
-30
16
-6
3
1
-1
0
-16
26
-35
26
-3
-5
-6
0
3
-44
44
48
-48
-136
101
45
-5
17
-88
-205
417
-21
-216
-13
231
-71
-202
92
89
-144
58
129
-38
-146
31
72
-8
-10
-1
0
1
-1
3
-1
0
-1
3
-2
-4
1
4
-1
-3
1
1
-5
3
4
-5
-2
3
-4
1
0
-2
0
0
0
-1
1
-1
0
-1
0
0
-1
0
0
0
-2
-1
2
-4
1
4
-4
-3
4
-2
-2
2
1
-5
-1
2
0
-3
2
-2
1
-3
1
-2
-1
1
9
8
-72
-33
145
38
-129
-59
144
-89
-92
203
69
-232
12
215
20
-418
204
87
-20
4
-46
-102
136
46
-49
-47
42
-7
0
-45
3
37
104
-167
104
-131
70
51
-79
-117
466
-482
206
-6
-138
344
-370
50
114
-67
144
-288
351
-172
-169
268
-116
18
-1
-5
10
-6
1
2
1
-7
11
-9
5
-11
19
-16
-16
28
-10
2
-7
8
-3
-6
10
-10
7
-3
1
-1
0
0
-1
1
0
0
0
0
0
0
0
-1
0
1
-2
4
-7
9
-9
6
3
-9
7
-2
8
-29
15
15
-20
10
-7
9
-12
7
-1
-4
-3
7
-11
5
2
-19
117
-268
169
171
-352
288
-145
67
-114
-51
368
-346
138
4
-206
480
-467
116
77
-54
-70
129
-105
166
-105
-40
-3
40
0
-51
94
-82
105
-408
488
-209
72
24
-159
324
-551
567
-389
284
-272
338
-460
426
-201
133
-196
187
-212
328
-354
141
11
3
-13
6
-3
0
3
-8
6
-5
6
-4
0
1
-12
21
0
-15
-2
8
-12
14
-15
9
-5
1
1
-1
0
-2
1
1
-1
0
0
0
0
0
-1
0
0
0
-2
0
0
1
-2
-1
4
-10
15
-14
11
-10
0
14
-2
-21
11
-3
-1
3
-7
5
-7
7
-4
-1
3
-6
12
-3
-13
-142
353
-329
211
-186
196
-135
200
-428
459
-338
271
-285
388
-569
550
-325
158
-24
-72
208
-489
408
-107
81
-95
47
0
-11
10
-4
-107
526
-663
357
-183
138
-177
284
-463
617
-535
269
68
-293
348
-348
223
-5
-160
187
-95
77
-149
145
-74
3
18
-6
0
4
-4
3
-4
-2
6
0
-6
-2
7
-7
-1
-3
5
1
-4
-6
8
-1
-4
3
1
-2
-2
2
-1
-1
0
-1
1
-1
0
0
0
0
0
0
-1
-2
1
2
-1
-4
4
0
-8
6
3
-2
-7
1
0
5
-9
1
5
-1
-6
1
4
-4
3
-6
-1
6
-18
-2
75
-146
149
-78
94
-187
159
3
-224
348
-349
292
-69
-270
534
-617
461
-286
175
-140
182
-358
661
-527
106
1
-10
7
0
28
-27
64
-29
-122
52
44
16
-31
71
-53
-173
393
-447
279
31
-244
337
-373
241
-73
90
-142
97
30
-143
103
-34
24
-7
-2
-1
-3
0
6
-4
1
-7
3
-2
8
-12
-6
20
-15
13
-5
-2
-8
6
-1
4
0
-5
3
-1
2
-1
0
-2
-1
0
-1
0
-1
0
0
0
-1
0
-2
0
-2
4
-1
-4
1
-6
7
1
4
-13
13
-20
6
10
-9
1
-4
5
-4
3
-7
-1
2
1
2
7
-24
33
-104
141
-30
-97
142
-90
72
-241
371
-338
244
-32
-280
445
-394
171
51
-73
29
-17
-45
-53
121
27
-67
27
-33
0
48
-66
58
249
-834
782
-191
-48
12
-38
267
-402
117
194
-207
-51
226
-93
-28
-3
48
-30
-50
75
43
-173
124
-14
-6
-6
-1
8
-4
-3
-2
0
4
-2
-3
-2
-1
6
-1
-7
10
-3
1
-1
4
-9
-1
2
2
-4
-1
1
-1
-1
-1
0
-1
-1
1
0
0
0
0
-1
0
-1
-1
-2
-1
4
-3
-3
-1
7
-6
1
-2
3
-10
7
0
-7
0
1
4
1
-7
-1
1
1
3
-8
2
3
7
13
-126
173
-44
-75
49
30
-48
2
27
92
-226
51
205
-196
-118
401
-267
36
-15
47
189
-783
832
-251
-60
64
-53
0
58
-94
53
215
-605
571
-193
33
-23
-62
209
-143
-225
337
-85
-136
-18
523
-774
434
-67
33
-66
29
72
-176
185
-80
-6
7
0
-3
5
4
-5
-2
2
-3
6
-1
-3
-5
9
-8
10
-8
-8
17
-12
4
-1
-5
3
2
-2
-1
1
-1
0
-1
0
-1
-1
0
0
-1
-1
0
-2
-1
-1
0
1
-2
-4
4
-1
-6
13
-18
7
7
-10
7
-10
3
3
1
-6
2
-3
0
4
-5
-6
2
-1
-7
5
79
-184
176
-72
-29
65
-33
66
-435
775
-524
17
135
84
-340
223
141
-209
60
22
-34
192
-572
602
-216
-56
93
-63
0
24
-57
30
301
-664
512
-203
126
-117
54
144
-435
343
156
-397
161
241
-507
433
-177
57
-65
51
28
-81
70
-68
58
-17
7
-12
4
2
-3
-1
2
2
-4
-2
2
-2
2
-3
11
-9
-1
-1
-1
1
0
-3
0
1
0
-1
0
1
-1
-1
0
1
0
-1
0
0
0
-1
0
0
0
-1
-1
1
0
-2
-1
2
-2
-2
0
1
0
8
-11
2
-3
0
-3
1
4
-3
-2
1
2
-2
-4
13
-8
17
-58
68
-71
81
-29
-52
64
-57
178
-434
507
-240
-162
396
-156
-343
434
-144
-56
115
-127
201
-513
663
-302
-32
55
-30
0
3
-20
14
158
5
-359
157
66
-35
18
-98
323
-426
276
8
-243
264
-183
140
-106
59
-87
111
-6
-125
124
-31
3
-15
-1
7
-4
2
-3
3
1
0
-1
0
-1
3
-7
9
-16
15
-1
-8
6
3
-10
1
3
-4
0
-1
1
-1
1
0
0
-2
1
-1
0
-1
-1
0
-1
-2
0
1
-1
-1
-2
3
-4
-2
8
-4
-6
6
2
-17
16
-11
6
-3
0
0
0
0
-1
-3
3
-3
4
-8
1
15
-3
29
-123
124
5
-111
87
-60
105
-139
183
-266
243
-8
-278
425
-325
98
-21
32
-66
-157
358
-6
-158
-17
18
-6
0
-40
51
6
-7
-320
432
-62
-111
8
150
-258
180
-184
232
-109
-35
217
-334
112
58
-6
24
-45
40
-57
39
-8
7
-8
-2
2
3
1
-1
-4
0
1
2
-1
0
1
-5
-4
16
-13
-3
-1
15
-14
4
-1
-1
3
-5
3
-2
-1
0
-1
-1
-1
-1
0
0
-1
0
-1
0
1
-1
0
1
-4
4
-5
0
2
-6
14
-15
0
2
11
-17
4
4
-2
-1
0
-2
-2
-1
4
0
-2
-3
-1
1
7
-7
8
-40
58
-40
44
-25
6
-58
-113
334
-218
35
109
-235
183
-182
256
-152
-10
110
59
-434
317
5
-8
-53
36
0
-43
53
-52
-2
129
-50
-87
47
-9
0
-95
305
-319
115
-18
26
7
-120
191
-75
-36
19
7
-10
-8
2
42
-39
14
-7
7
-9
8
-6
2
3
-7
4
-2
-1
1
0
3
-16
16
-7
3
-5
2
-1
3
-8
7
-1
-3
-1
0
-2
-1
-1
-1
-1
-1
0
0
0
0
0
-1
0
-1
-1
0
2
-7
7
-4
1
-4
5
-4
6
-18
15
-3
0
-2
-1
1
-4
7
-4
-2
5
-8
8
-9
7
-15
39
-42
-3
7
9
-7
-19
36
75
-192
119
-6
-26
18
-117
319
-307
93
-2
7
-48
87
50
-131
-1
49
-56
38
0
-11
-6
66
35
-286
199
-6
12
-52
30
19
71
-130
122
-143
72
41
-93
54
13
-48
51
-34
24
-16
33
-55
40
-7
-13
12
-6
2
1
-2
3
-5
2
-3
1
1
-1
0
8
-11
4
-1
-5
7
-2
-2
0
3
-3
1
0
0
-1
-1
0
0
-1
0
0
-1
-1
0
0
1
1
-1
0
-2
3
-2
0
1
1
-7
5
1
-5
8
-8
-2
2
-2
-3
1
-3
4
-3
2
-1
-3
5
-14
11
6
-40
55
-32
16
-24
34
-52
47
-13
-55
92
-40
-72
143
-123
128
-72
-22
-32
49
-12
5
-199
286
-36
-70
5
7
0
20
-22
-6
75
-193
192
-55
-10
-7
11
-63
108
-60
-9
30
38
-58
-25
23
8
11
-26
5
26
-26
64
-89
34
4
0
-4
-1
0
4
-1
-6
3
2
-4
-1
2
1
-2
-5
2
5
-2
-1
0
0
-2
1
0
-2
3
-3
1
-1
0
1
0
-1
1
0
-2
0
-1
-1
1
-1
-1
3
-3
1
-2
-2
1
-1
0
1
2
-6
-2
5
0
-1
-3
1
3
-3
-5
5
0
-5
-2
1
3
-1
-3
-34
88
-64
25
-26
-4
25
-11
-8
-23
24
57
-38
-33
8
59
-110
61
-14
4
9
54
-193
193
-76
3
21
-24
0
12
-30
23
-4
18
-4
-59
63
-31
29
-92
90
3
-30
7
-12
70
-76
-1
16
-6
9
-2
-6
27
-43
30
-17
9
-1
3
-5
2
-1
-2
-1
3
-3
0
0
-1
-2
2
5
-9
1
1
3
-3
0
0
-2
0
-2
1
-3
0
0
-1
0
-1
1
-1
0
-1
0
0
0
0
-1
-1
1
-2
1
-2
2
0
-2
2
-3
-1
-2
9
-6
-2
0
0
-1
-2
3
-6
0
1
0
-4
5
-2
0
-9
17
-30
43
-27
5
3
-10
4
-16
1
75
-72
12
-8
29
-5
-92
90
-31
30
-64
59
3
-20
2
-26
28
-17
0
10
-2
-28
97
-172
128
-19
7
-10
-45
35
10
3
-55
56
2
-24
-31
74
-44
1
4
9
-16
13
14
-42
25
-3
4
-2
-2
1
5
-6
5
-4
-1
2
-4
2
-1
1
-3
-1
2
-5
5
-3
-2
-1
1
-3
3
-4
2
-3
0
1
-1
0
0
0
0
0
0
-1
0
-1
-1
1
-3
3
-4
2
-2
-1
0
2
-6
5
-3
0
1
-2
0
-4
3
-2
-1
3
-7
7
-5
-3
2
0
-3
2
-26
43
-14
-15
15
-10
-4
0
43
-75
32
22
-3
-57
54
-5
-12
-36
41
9
-9
18
-129
171
-98
26
1
-14
0
4
-2
-16
10
45
-62
2
-9
41
-6
44
-86
13
3
37
-45
30
-14
-5
12
-6
0
5
-13
13
-9
13
-25
18
-4
3
-3
0
5
-6
3
-4
4
-2
-4
2
-2
0
4
-6
0
4
-4
0
-1
0
-1
-1
-3
3
-2
2
-1
1
-1
-1
-1
0
0
-1
-1
0
0
-1
0
-2
1
-2
1
-1
0
-2
-1
-1
3
-4
0
6
-5
-1
1
-5
3
0
-6
2
-4
5
-4
-2
3
-2
5
-18
24
-14
8
-15
11
-6
0
5
-13
5
14
-31
44
-37
-4
-16
84
-45
5
-42
8
-4
60
-45
-12
13
0
-10
0
4
2
-19
62
-94
44
17
-42
27
6
-16
27
-31
9
-7
-1
31
-71
70
-45
30
-16
13
-4
2
-18
10
5
-1
1
-1
-1
-4
2
2
-3
2
-3
2
-3
4
3
-7
5
-1
-1
-2
3
-2
-2
4
-1
0
-1
1
-1
0
-3
1
1
-1
0
0
0
0
-1
0
0
-1
1
-1
0
-3
1
0
2
-5
2
1
-3
1
0
-1
-6
6
-3
-4
3
-2
3
-3
2
-3
-3
1
1
1
-1
1
-6
-10
19
-2
4
-13
16
-30
46
-70
70
-32
1
5
-11
30
-28
14
-9
-30
41
-18
-45
93
-63
16
-2
-8
0
-7
11
-2
-10
-37
95
-62
11
1
10
-25
-30
32
26
-29
6
3
-21
42
-37
21
-7
-2
5
-9
11
-3
-9
7
-2
1
-3
1
-1
1
1
-3
4
-5
-1
3
-4
-1
0
0
-2
0
1
1
-2
0
0
-2
0
-2
2
-2
-1
0
0
0
-1
-1
0
0
0
-1
0
0
0
1
-2
2
0
1
-1
-2
3
-2
-2
0
1
-3
0
-1
3
-3
0
4
-6
2
-1
-2
1
-1
2
-1
2
-8
8
3
-13
9
-6
2
7
-21
36
-42
20
-2
-7
28
-28
-33
28
22
-12
-4
-12
61
-95
35
7
0
-12
2
0
-11
21
-8
-21
28
-11
4
-4
-9
34
-56
40
-22
19
-8
-19
19
-7
1
-1
-5
5
3
5
-3
-19
17
-1
-4
0
0
6
-8
3
0
-2
0
0
2
-4
0
2
-3
4
-2
1
-1
0
-1
2
-3
0
1
-3
2
-1
-3
1
-1
-1
-1
-1
-1
0
0
0
0
-1
0
-2
-1
0
-3
1
-2
-1
2
-3
1
0
-1
-1
2
-4
1
-4
-1
2
-2
0
0
1
0
-4
6
-6
0
-1
4
0
-17
17
3
-6
-4
-6
4
0
-1
7
-20
19
6
-21
19
-43
54
-35
7
3
-5
11
-31
20
6
-22
6
0
-15
9
8
15
-60
46
11
-26
6
6
7
-7
-26
38
-35
16
5
-5
-1
6
-10
2
2
3
-6
5
-7
4
-1
2
-5
4
-2
-2
1
-2
1
0
-1
-1
-1
-3
1
1
0
1
-3
-1
2
-1
3
-5
2
1
-1
0
-2
0
-1
0
-1
-1
0
0
0
-1
1
0
0
0
1
-2
1
-1
-3
5
-3
0
-3
1
2
-2
0
-2
-3
2
1
0
-1
-2
-2
1
-3
1
0
-4
4
-3
1
-5
7
-5
4
-4
-3
-4
12
-6
-1
4
-6
-16
35
-39
23
7
-9
-8
-5
25
-11
-46
60
-17
-10
-10
12
0
1
-2
-4
14
2
-23
9
-4
7
-5
37
-72
44
-22
16
-13
17
-7
2
-8
7
-5
4
-7
12
-13
10
-6
2
-3
2
-1
-1
3
-4
1
-2
3
-1
-4
2
-1
-1
-1
1
0
0
-2
2
-3
0
0
-2
0
0
0
1
-2
0
0
-1
-1
0
0
0
-1
0
0
-1
1
-1
-1
0
-1
1
-2
-1
2
-2
2
-1
-2
-2
0
1
1
-4
3
-2
-4
2
-3
4
-4
-1
0
-2
2
-3
6
-10
13
-13
7
-5
5
-7
8
-2
6
-17
13
-18
20
-46
70
-37
3
-9
3
-10
23
-4
-15
1
-1
-5
0
0
-3
0
8
-7
-17
24
-13
9
-5
11
-16
-11
17
4
-10
-6
25
-41
35
-14
-1
5
-8
5
5
-8
6
-2
3
-1
0
0
-2
2
-2
0
1
-5
5
-5
3
-3
0
2
-4
0
-1
1
-5
6
-4
-1
3
-2
-1
0
-1
0
0
-2
0
0
0
-1
0
0
0
-1
-1
-1
-1
2
-3
-1
2
-7
5
-3
0
-3
3
-4
-1
3
-4
3
-6
2
-1
-2
1
-2
1
1
-1
2
-2
1
-7
9
-4
-6
8
-5
0
14
-35
40
-26
5
9
-5
-18
10
14
-13
3
-10
12
-24
16
4
-10
-3
2
-5
0
-1
10
-5
-5
6
-17
20
-16
10
-7
-14
15
-2
-5
-3
12
-8
-1
-2
6
-9
2
6
-3
1
-4
5
1
-1
-2
0
6
-4
0
0
-2
4
-3
0
-3
3
-1
-1
2
-1
-2
0
-1
1
-2
0
1
-2
0
-1
0
0
1
0
-1
0
0
0
0
0
0
0
-1
0
-2
1
-1
0
0
1
-2
-1
1
-1
0
-1
2
0
-3
2
-1
-4
1
-1
2
-5
1
0
-1
4
-6
0
2
0
-1
-5
4
-1
2
-7
-2
9
-7
1
-1
7
-13
2
3
-2
-16
13
4
-13
15
-21
16
-8
3
3
-11
-4
0
-6
12
-12
22
-44
29
11
-29
14
2
-11
18
-12
-13
8
0
0
8
-9
3
-2
1
-1
2
-1
0
2
-6
9
-6
4
-2
0
4
-7
8
-6
2
-2
2
-2
2
-2
2
-3
1
-3
3
1
-5
5
-2
-1
0
-1
-1
-1
-1
0
-1
-1
0
-1
0
0
1
-1
0
-1
0
-1
0
-1
0
1
0
-5
5
-1
-3
2
-2
2
-3
2
-4
3
-3
1
-2
5
-9
6
-5
-2
1
-3
7
-9
6
-2
0
0
-3
1
-1
3
-3
8
-8
0
0
-9
11
10
-20
6
-5
-16
28
-13
-31
43
-23
9
-14
2
0
4
-2
7
-10
-10
18
-9
2
-2
-1
-13
22
7
-20
1
-5
-14
23
1
-2
5
-4
-5
0
10
0
-6
-5
10
-6
-2
3
1
-2
-1
0
1
1
-6
3
-1
0
-2
0
1
1
0
1
-2
3
-3
0
-3
3
-3
3
0
-1
1
0
0
-1
0
0
-1
0
-1
0
-1
1
-1
-3
4
-4
2
-2
2
-4
2
-2
1
-1
0
-2
0
-1
1
-5
4
-2
0
-1
0
1
-2
-3
2
5
-10
5
5
-2
-11
0
5
3
-4
2
-1
-23
14
4
-3
18
-9
-23
11
0
0
-3
8
-19
6
8
-11
0
-7
0
-6
-18
22
-1
-7
13
-5
-7
-1
3
13
-27
30
-3
-38
24
17
-47
28
-10
1
1
1
4
1
4
-2
7
-6
-7
7
-3
0
3
-2
0
2
-3
2
-1
0
2
-2
-2
2
2
-4
3
1
-2
1
1
-1
1
0
0
0
-1
-1
0
0
1
1
0
-1
-1
0
-1
0
1
1
-1
-1
-1
1
-2
-1
2
-2
-4
4
-2
-3
2
2
-3
0
0
-2
2
-2
-1
0
-4
-1
2
-7
7
7
-7
3
-4
-1
-4
0
-2
0
8
-29
47
-18
-25
37
2
-32
25
-14
-5
-1
6
4
-13
7
-1
-24
17
2
0
-15
-15
49
-31
14
-10
4
-6
6
-3
3
2
-11
104
-210
133
-8
-29
-26
34
5
-5
-8
19
6
-8
1
-11
7
-4
1
-1
1
0
-4
2
1
-1
0
2
-3
-1
1
1
0
-2
1
1
0
-1
1
-1
-1
0
-1
-1
1
-1
0
0
0
0
-1
0
1
0
-1
-1
-1
1
-1
0
1
-2
1
0
-2
-1
0
-1
-1
2
0
-2
-1
-1
2
-3
-1
0
-2
-2
3
-2
-2
1
-1
2
-7
10
0
9
-6
-19
8
5
-5
-35
25
27
8
-133
209
-106
8
-3
-4
2
-9
6
-4
8
-15
30
-52
15
10
0
3
3
-17
16
-9
1
0
-3
12
-10
3
-14
13
9
-19
-11
23
-2
-15
-2
16
-12
12
-24
47
-40
9
5
-8
2
-1
0
2
-3
1
-2
3
-1
1
-1
2
-3
0
1
0
0
-2
4
-4
1
-1
0
0
-1
2
-2
0
-1
0
-1
-1
-1
1
0
-1
-1
0
0
-1
0
-1
1
-3
0
-1
-1
1
-2
4
-4
1
-1
0
-1
-1
2
-3
0
-1
0
-4
2
-3
2
-2
-1
0
-3
7
-6
-9
39
-48
23
-12
13
-15
1
14
1
-25
11
18
-11
-16
12
-6
9
-13
3
-1
-3
7
-17
15
-5
-6
0
5
-3
-19
12
5
-8
9
-1
-3
-3
-9
13
-10
25
-25
-14
6
26
3
-49
52
-12
-32
32
11
-31
2
10
-1
-1
-1
6
-6
2
-1
-1
0
0
1
2
-3
1
-3
1
0
-1
0
-1
1
-2
1
1
-3
-2
1
0
-1
-1
-1
0
0
-1
0
0
0
0
0
-1
0
0
0
-1
-2
1
1
-2
-1
1
-2
1
0
0
-2
-2
1
-2
2
-3
-1
-1
-1
1
0
-3
5
-7
2
1
-1
-9
-2
30
-12
-32
32
11
-52
49
-4
-27
-8
14
24
-28
9
-14
7
1
2
1
-10
9
-6
-13
18
2
-10
0
-7
25
-35
15
-4
7
-13
11
-4
-13
14
-8
6
-18
21
-7
-3
20
-32
2
10
4
-1
-11
12
-19
25
-13
0
-1
1
1
0
-2
1
0
-2
-1
2
-5
2
-1
0
-1
3
-4
1
-2
4
-2
-3
1
-1
-1
1
-1
0
0
0
0
-1
0
0
0
0
0
0
-1
0
-1
0
0
-1
0
-1
-1
2
2
-4
1
-1
4
-4
2
0
1
-4
3
-3
0
2
-1
-1
2
-2
-2
-1
1
1
12
-26
18
-12
11
1
-3
-11
-2
31
-21
2
6
-22
17
-7
6
-16
11
2
-11
11
-9
2
-16
31
-25
2
0
2
1
-2
0
1
0
-2
-2
0
2
0
-1
-3
-2
0
2
2
0
-1
-3
-3
1
2
0
-2
-2
1
1
-1
0
1
0
0
-1
0
1
0
-1
-1
0
1
-1
0
0
1
1
0
-1
1
0
-1
-1
0
0
-1
-1
0
0
-1
0
0
-1
-1
0
-1
0
-1
0
0
0
0
0
0
0
0
0
0
0
0
0
0
0
-2
-1
1
-1
-1
-1
-1
1
-1
-2
-1
1
0
-1
-1
0
0
-2
-2
1
2
-1
-3
-1
2
3
1
-1
-2
-3
-2
0
1
0
-2
-3
-1
2
2
-2
-2
-1
-1
-3
-3
