-10
-4
-6
-5
-2
-2
-5
-5
3
-5
0
-1
-3
-1
-3
-4
-14
31
-39
26
-6
-10
13
-12
-2
-9
15
-10
5
-2
-6
1
1
-2
2
-4
3
-1
1
1
-2
0
2
-1
1
0
1
0
-2
1
-3
0
1
-1
0
-1
-2
0
0
-1
0
-1
-1
-1
0
1
-1
0
0
0
1
0
-1
0
0
0
0
0
-2
2
-1
0
1
0
1
1
2
1
-2
1
1
-2
3
-4
1
-3
1
3
-4
-1
6
-9
15
-8
-1
-10
15
-8
-5
28
-38
30
-13
-1
0
4
-1
0
2
-2
5
-1
-2
1
1
1
-1
6
-8
-7
-3
-3
-6
-3
-2
-4
-2
-1
-5
-1
3
-9
-2
-5
3
19
-18
-27
25
-2
-12
19
-20
13
-9
12
-11
2
-8
7
-5
1
2
1
-3
1
1
0
0
0
3
-3
1
1
-3
2
-2
-1
1
-3
4
-2
-3
1
-1
-2
0
0
-1
0
-1
1
-2
1
-1
0
-1
0
1
-1
0
2
-2
0
4
-2
1
-1
-1
3
-2
2
1
-3
4
-1
1
0
2
1
-2
1
2
3
-5
8
-7
3
-10
13
-8
14
-19
20
-10
0
26
-26
-17
20
4
-1
1
-6
6
2
-1
3
-1
1
1
2
-2
4
2
1
-8
-6
-4
-5
-3
-5
-2
-4
1
-5
-2
-3
0
-2
-3
2
6
-51
25
29
-23
-1
11
-22
19
-26
48
-45
7
25
-32
18
-11
6
-6
3
0
0
5
-4
5
-7
5
1
-3
3
-2
3
-4
1
0
-3
4
-3
-1
0
0
-2
1
-3
3
-2
1
-2
0
-1
1
-2
5
-2
0
0
1
0
1
-2
4
-3
0
1
-3
3
-2
3
-2
2
5
-7
5
-3
4
0
0
4
-5
7
-11
18
-31
25
8
-44
48
-25
20
-20
14
-1
-22
30
26
-50
7
5
2
1
3
-1
1
-1
3
-2
3
-1
1
2
0
2
-9
-5
-4
-4
-5
0
-5
-5
1
-5
-1
-1
-4
-3
-2
0
-22
69
-91
49
-31
19
-11
8
-3
5
-17
15
-17
3
3
2
-1
-11
13
9
-10
-8
2
6
-4
1
0
0
-1
2
-1
2
2
-8
5
1
-4
3
-5
3
-3
3
-6
4
1
-8
6
-2
-1
-1
7
-7
2
5
-6
4
-2
3
-3
3
-3
1
6
-7
3
1
-1
2
-1
0
0
2
-3
7
3
-9
-10
9
14
-10
-1
3
4
6
-16
16
-17
6
-2
10
-9
21
-30
50
-89
70
-21
5
1
2
0
2
3
-3
3
1
-3
4
-1
4
0
4
-7
-8
-4
-5
-3
-2
-5
-1
-4
-4
0
-6
5
-8
-1
3
-5
13
-37
33
-36
16
27
-21
-33
5
38
-30
31
-29
8
8
-8
12
-24
-2
16
7
-10
-2
-8
17
-6
-2
8
-3
-7
0
4
-9
14
-12
4
-4
-2
4
-3
-4
11
-24
23
-24
27
-21
11
-19
27
-24
23
-23
12
-2
-2
4
-1
-2
5
-11
15
-8
5
1
-7
-2
8
-1
-6
17
-8
-1
-10
7
17
-2
-24
12
-8
8
9
-29
32
-30
37
6
-31
-19
29
17
-35
35
-35
13
-4
7
2
-5
9
-3
3
0
-2
3
-2
2
0
3
1
2
-8
-6
-4
-5
-4
-1
-4
-2
-3
-3
1
-6
1
-5
-8
-4
18
-5
-13
23
-57
40
-22
25
-2
7
-2
-101
62
53
-48
21
-14
3
-16
9
-5
23
-14
-6
19
-20
13
-1
-2
-3
2
-2
0
0
-1
-2
0
2
-3
3
-7
9
-17
4
8
7
-11
-3
7
-3
-10
6
9
5
-17
10
-6
3
-2
2
2
-2
-1
1
1
-1
3
-2
-1
-1
12
-21
19
-7
-15
23
-4
11
-16
3
-14
22
-46
55
62
-99
0
8
0
27
-21
43
-55
24
-11
-4
19
-1
-3
-1
4
-2
4
1
-1
1
1
3
0
1
0
2
-9
-6
-4
-7
-1
-3
-2
-10
5
-5
-5
0
-3
-7
11
-27
49
-90
98
-70
23
9
-1
-19
-10
52
-15
-68
87
-74
54
-65
42
2
-1
-7
25
-27
9
13
-32
19
-4
2
-4
7
0
-2
-6
-3
-3
8
4
-14
8
-3
-1
-1
1
-6
7
1
-10
4
-5
4
-9
3
7
-5
2
-2
0
-1
8
-14
5
9
-2
-2
-5
-1
0
7
-3
2
-4
19
-32
13
9
-27
26
-6
0
2
42
-65
55
-75
88
-67
-13
54
-9
-18
1
11
24
-69
100
-89
50
-24
15
-4
0
4
-3
-2
8
-5
2
2
2
2
2
2
-8
-9
-1
-9
-2
5
-15
3
-6
7
2
-36
17
8
-12
14
-59
47
3
-3
22
-19
-29
6
38
-69
55
-85
86
-1
-24
-6
25
-14
-15
24
-25
10
5
-12
19
-15
8
-1
0
-4
-3
11
-7
-6
12
-5
-10
6
4
-5
0
4
-18
4
19
-9
0
0
-8
-1
1
-9
19
5
-18
4
1
-3
5
6
-9
-5
13
-5
-6
12
-2
-2
2
0
7
-15
19
-12
5
9
-25
25
-14
-14
25
-5
-23
-2
87
-83
57
-68
40
7
-28
-20
23
-2
4
48
-58
18
-7
10
19
-33
5
11
-5
7
-12
10
1
-2
5
0
-8
-6
-2
-7
-2
-2
-9
2
-5
4
-11
5
4
-21
-3
37
-108
134
-61
-3
5
-10
1
12
11
-32
-10
55
-13
-48
17
5
-28
11
44
-42
52
-64
43
-20
11
-18
14
-1
-7
2
16
-19
7
-14
19
-1
-17
14
-5
1
-6
7
-11
5
-6
8
-4
0
-1
2
-4
8
-6
7
-11
9
-6
2
-3
14
-17
0
19
-13
8
-17
16
2
-6
-1
16
-17
12
-21
45
-63
52
-42
44
10
-28
7
19
-47
-13
57
-9
-30
12
13
1
-10
6
-1
-61
135
-107
40
1
-18
7
8
-9
7
-3
6
-6
2
1
1
4
1
-8
-7
-1
-11
5
-6
-2
-7
-1
16
-18
3
-36
49
-30
-3
-67
144
-120
53
29
-49
-1
10
-16
54
-98
110
-78
14
-3
1
17
-12
-16
17
-27
44
-27
19
-26
11
9
-4
-6
-2
5
-4
18
-13
-9
5
-3
4
-2
-1
2
-7
-1
11
-4
-2
-1
-1
2
0
-2
-3
-4
11
0
-6
3
1
0
5
-3
6
-8
-12
19
-4
6
-3
-6
-4
10
11
-26
19
-26
44
-28
17
-14
-11
17
3
-2
16
-77
111
-97
56
-15
11
-1
-48
29
55
-119
144
-66
1
-26
52
-32
7
-15
18
1
-3
1
-3
8
-3
3
2
-11
-6
0
-8
-5
-1
-2
-7
-4
8
-6
-4
-9
16
-26
13
16
-10
-63
74
-39
-2
35
-39
9
4
14
-55
16
52
-36
4
-2
-1
9
4
-11
6
-6
3
-2
3
1
-1
0
-6
9
6
-28
38
-50
52
-23
-8
3
3
11
-16
-17
13
6
-9
1
0
-2
0
2
-8
7
14
-16
-15
12
5
3
-7
-23
53
-51
40
-27
6
9
-5
0
0
0
3
-2
3
-6
4
-11
3
8
-2
-2
6
-35
53
17
-54
16
6
11
-37
36
0
-38
75
-62
-9
17
17
-23
19
-6
-1
-4
11
-2
-3
3
2
-1
0
3
3
-12
7
-17
-15
22
-33
18
-5
-18
31
-46
23
-14
-3
23
9
-115
111
-17
21
-73
48
-10
5
-18
9
25
-73
59
-26
1
35
-51
39
-12
-3
-13
26
-17
0
10
-11
6
2
14
-24
15
-2
-7
16
-30
-2
7
32
-34
1
19
-18
-12
24
-10
-4
4
-3
3
-4
5
-5
-10
26
-11
-18
19
2
-32
35
8
-1
-29
17
-6
-2
15
-24
14
3
6
-11
11
-1
-16
27
-12
-3
-11
39
-51
35
2
-25
60
-72
26
10
-17
7
-9
48
-73
22
-16
114
-114
12
26
0
-11
26
-43
36
-16
0
22
-30
25
-6
-11
17
-12
31
-73
65
-68
56
-176
299
-341
351
-385
466
-400
327
-424
479
-520
247
168
-243
164
-95
50
-31
-20
-16
95
-212
295
-276
190
-81
56
-79
83
-129
168
-154
102
-62
54
-45
35
-35
49
-52
73
-104
108
-86
42
-42
32
3
4
-8
-8
-5
16
-12
12
-17
7
-3
2
-2
8
-16
12
-10
17
-4
-6
-8
5
3
33
-41
42
-84
109
-103
73
-51
50
-36
33
-44
54
-61
101
-153
169
-128
83
-81
56
-79
192
-275
296
-210
97
-13
-19
-30
52
-93
164
-241
169
247
-519
482
-421
330
-397
469
-382
355
-339
303
-172
61
-64
71
-68
40
-8
27
-68
47
-22
-10
-20
61
-147
140
-126
265
-309
137
13
76
-427
640
-615
545
-420
257
-189
151
-59
-51
-40
251
-288
211
-150
74
-26
-19
49
0
-49
34
-5
-32
69
-94
88
-58
58
-93
113
-77
53
-75
68
-49
52
-52
37
-33
32
-30
14
-10
8
-8
3
-2
-2
-1
3
-7
8
-8
15
-28
33
-31
38
-52
52
-49
68
-73
54
-77
115
-94
57
-58
88
-94
70
-33
-4
34
-48
2
49
-18
-26
75
-149
211
-287
251
-40
-49
-57
152
-187
259
-419
547
-614
641
-426
79
18
139
-306
270
-123
143
-144
65
-17
-6
-19
54
-63
36
-5
24
-57
-17
94
-213
343
-509
577
-547
629
-734
532
-232
31
170
-248
89
56
60
-209
346
-448
436
-428
357
-266
363
-438
178
51
-130
167
-257
354
-380
333
-267
171
-55
-9
43
-66
94
-100
102
-112
100
-58
23
-12
-18
47
-47
44
-45
19
4
-13
13
-12
5
-1
-2
1
-1
0
5
-12
13
-13
5
20
-44
45
-48
48
-17
-11
23
-57
101
-112
102
-100
92
-66
42
-8
-55
172
-267
333
-380
353
-256
167
-129
52
179
-436
363
-265
359
-427
438
-446
347
-209
62
56
91
-247
173
35
-229
535
-731
633
-544
578
-507
346
-208
97
-10
-52
33
-7
15
-56
-42
106
-217
408
-408
367
-201
90
1
-430
656
-687
546
-805
1175
-879
362
-3
-119
265
-289
305
-356
376
-396
137
-9
-55
169
-266
284
-217
241
-179
92
-27
-43
67
-68
39
-31
-23
82
-82
81
-59
29
5
-13
7
-39
47
-39
30
-15
-14
22
-9
1
1
-7
6
-8
1
2
-8
22
-12
-14
30
-38
48
-37
8
-11
6
30
-58
81
-82
82
-23
-31
38
-68
67
-43
-26
92
-179
241
-217
284
-266
171
-54
-8
138
-395
376
-355
306
-288
266
-117
-3
363
-877
1177
-804
550
-684
659
-427
4
93
-198
369
-404
411
-213
109
-34
-50
23
-6
8
-38
-46
143
-162
208
33
-479
650
-965
707
-38
-221
422
-554
1238
-1523
831
-321
-197
348
-372
405
34
-237
429
-719
637
-596
394
-169
8
220
-208
175
-64
-119
96
-100
95
-8
-27
94
-127
94
-58
10
0
-44
97
-66
40
-9
-42
32
-12
-22
52
-37
20
-15
-2
7
-5
6
-1
-14
22
-36
53
-21
-11
33
-41
-8
41
-65
98
-42
1
10
-56
95
-127
94
-26
-9
95
-101
97
-119
-63
176
-208
221
8
-168
394
-596
638
-718
430
-236
35
407
-371
350
-197
-321
832
-1521
1239
-551
425
-218
-34
710
-961
653
-476
36
211
-159
146
-38
-33
16
-8
-8
2
-21
65
99
-443
437
-406
67
780
-759
196
45
-558
896
-1305
1316
-378
-32
188
-387
8
275
-185
126
156
-519
378
-228
116
98
-57
-29
81
-282
284
-113
39
99
-184
80
17
-73
122
-43
-14
32
-117
29
46
10
51
-65
-30
19
4
-14
40
-18
-15
11
-10
4
0
4
-9
11
-14
-17
41
-13
5
21
-29
-64
52
11
47
31
-116
32
-14
-43
122
-72
16
80
-184
100
39
-112
285
-282
81
-27
-57
97
116
-227
379
-518
155
127
-183
277
9
-386
189
-32
-378
1317
-1304
901
-555
49
200
-757
783
70
-405
442
-439
102
67
-14
7
1
-9
-27
53
0
-97
150
-298
23
674
-468
-508
564
-116
-31
657
-901
152
80
-317
692
-60
-457
131
119
-104
110
195
-749
508
46
-86
71
-22
-232
213
159
-292
198
-162
0
127
11
-130
22
83
-31
2
-7
-54
-28
183
-99
-56
69
-65
51
-11
8
-41
35
19
-39
18
-11
10
-10
19
-38
19
36
-39
8
-10
52
-64
70
-55
-98
184
-27
-53
-7
4
-30
84
22
-130
11
127
0
-161
199
-292
160
214
-231
-22
72
-84
46
510
-747
194
112
-103
121
133
-454
-59
693
-316
80
153
-898
660
-27
-113
568
-503
-466
675
28
-296
155
-94
8
56
-19
-10
-49
99
-19
-164
-31
510
-304
-544
379
753
-801
-158
371
-146
133
736
-1455
145
991
-328
-432
156
392
-205
-410
356
230
-309
-16
88
-45
40
3
-4
-185
328
-117
-114
21
157
-64
-169
106
163
-148
-132
167
76
-147
-62
163
-40
-29
-43
81
-16
-36
4
20
-5
3
-7
-4
5
-3
-6
2
-3
22
4
-35
-15
83
-42
-28
-40
163
-61
-146
77
168
-131
-148
163
107
-169
-64
157
23
-113
-116
329
-184
-5
4
40
-44
88
-16
-308
232
358
-408
-205
393
157
-431
-326
993
147
-1455
737
135
-144
375
-154
-798
756
382
-543
-300
513
-28
-161
-11
104
-41
-13
-45
92
-85
73
1
-233
112
465
-352
-891
1071
411
-1028
-342
1385
-143
-1247
481
733
-471
-245
250
-7
-85
245
-261
-288
440
89
-283
-52
311
18
-398
139
282
-211
-55
81
-55
33
124
-178
-51
184
16
-182
48
137
-127
9
19
44
-65
71
-56
-39
55
38
-73
11
21
-6
-5
-6
20
11
-72
39
56
-39
-55
73
-64
45
19
10
-127
138
49
-182
16
184
-51
-178
125
33
-55
83
-56
-211
282
141
-396
18
311
-53
-282
89
440
-288
-260
246
-84
-6
252
-243
-470
735
482
-1246
-142
1388
-338
-1024
415
1075
-888
-350
466
116
-229
6
76
-78
96
-36
-10
-16
15
-68
153
-144
102
37
-608
529
759
-1148
620
-479
-513
1395
-392
-756
574
-341
256
190
-347
376
-289
-321
433
460
-844
378
-165
47
112
-182
359
-198
-301
304
33
-94
99
-124
1
44
-97
205
-109
14
-1
-109
110
14
-37
-3
-11
15
-4
-1
8
27
-63
17
16
-9
6
-9
16
18
-63
27
9
-1
-3
16
-9
-3
-36
14
112
-108
0
15
-108
206
-97
45
-1
-123
99
-92
34
306
-301
-197
359
-181
112
48
-164
378
-843
462
434
-320
-288
376
-345
191
256
-340
575
-755
-391
1399
-509
-476
624
-1145
761
532
-606
40
105
-139
156
-61
21
-8
-7
36
-93
99
-181
109
13
-111
519
-679
661
-775
621
-511
-92
663
-432
402
-281
-37
-6
-80
180
-231
284
-446
622
-303
7
85
-290
309
-258
198
-251
289
-11
-126
71
-49
67
-111
101
-92
27
4
37
40
-82
105
-159
108
-43
4
-23
46
-20
-15
17
16
-15
-7
3
-9
12
-9
4
-8
-14
17
19
-13
-20
48
-22
6
-42
109
-158
105
-81
41
36
5
28
-92
101
-111
67
-50
71
-126
-10
291
-251
199
-258
308
-288
86
7
-302
623
-444
285
-230
182
-79
-5
-35
-279
403
-431
666
-90
-507
624
-773
665
-677
521
-107
16
113
-178
105
-88
44
-4
41
-129
58
45
-79
152
-152
91
-127
61
93
-58
-204
471
-909
791
-234
180
-474
479
-275
245
-167
124
-199
283
-205
150
-201
126
-191
210
-90
-10
125
-161
127
-118
148
-139
113
-97
49
-26
-64
102
-38
35
-14
20
-73
92
-75
0
8
29
-48
31
3
-14
4
-7
13
-14
12
-7
4
-13
4
32
-46
30
10
1
-75
92
-73
21
-14
36
-37
101
-64
-25
50
-96
114
-139
150
-117
128
-161
126
-10
-88
210
-190
128
-201
150
-206
284
-198
125
-166
246
-273
480
-472
182
-233
792
-906
473
-201
-54
97
64
-123
92
-147
156
-75
48
67
-124
49
-10
-11
12
-26
56
22
-420
503
-248
258
-381
218
284
-628
257
360
-514
555
-531
239
-160
-6
280
-193
-30
179
-303
301
-226
26
225
-230
22
90
-88
92
-30
-113
117
-16
-8
16
-30
-7
43
-36
32
-34
-38
134
-170
198
-130
-9
26
-38
48
8
-28
2
-23
22
10
-15
4
-13
10
23
-22
3
-26
9
48
-36
28
-9
-130
200
-169
135
-37
-33
32
-35
45
-6
-30
17
-8
-15
117
-112
-30
92
-88
90
22
-229
227
27
-225
302
-302
181
-30
-192
281
-4
-159
242
-531
557
-513
363
258
-625
287
222
-379
260
-246
507
-416
25
59
-19
18
-1
-18
-58
144
-79
-117
3
488
-530
-74
251
99
-217
72
-71
73
-116
84
-143
276
-28
-187
26
107
8
-78
-80
108
196
-523
440
-20
-191
62
61
-79
-6
33
110
-168
48
43
-11
-38
7
15
15
-35
-15
133
-99
-37
64
-27
-43
41
8
-12
-36
61
-14
-28
12
21
-21
6
-20
21
12
-28
-13
61
-36
-10
8
43
-41
-26
64
-36
-98
134
-16
-36
16
15
7
-37
-11
43
49
-167
110
34
-5
-79
62
62
-190
-18
439
-521
198
109
-78
-77
8
109
27
-186
-27
278
-142
85
-112
76
-68
75
-212
102
254
-72
-526
493
6
-113
-72
149
-51
-9
-36
64
-70
105
4
-411
401
70
-135
-229
252
-58
22
122
-376
246
155
-290
154
-22
-70
119
-81
-59
77
27
-43
48
-88
43
-77
128
-49
-25
15
25
-77
73
-23
34
-39
-19
32
-11
18
37
-80
-13
74
-62
93
-71
-42
52
47
-78
-2
40
-4
-30
15
9
-6
-4
-6
10
15
-29
-3
40
-1
-77
48
54
-40
-70
95
-62
75
-12
-80
37
17
-10
32
-18
-39
34
-22
73
-77
25
17
-24
-49
128
-75
44
-86
49
-41
28
79
-57
-79
120
-68
-21
155
-289
155
247
-373
126
26
-56
256
-227
-132
72
405
-407
9
108
-62
69
-26
-7
24
-87
46
2
-70
223
-186
-16
-40
190
-181
83
-55
159
-225
15
101
-85
129
-81
48
-100
106
-81
-19
86
-137
156
-82
-28
96
-51
15
-79
47
1
83
-82
-34
79
-42
3
28
-69
73
-58
14
40
-3
-42
-7
32
-1
5
4
-35
18
-14
17
-7
-2
3
-8
6
-6
4
0
-6
17
-13
20
-34
5
6
-1
32
-6
-40
-3
41
14
-59
74
-69
30
3
-42
80
-34
-81
83
2
47
-78
15
-51
98
-26
-81
157
-135
87
-17
-80
107
-99
51
-79
131
-85
102
16
-220
161
-52
86
-178
193
-37
-14
-183
227
-67
6
54
-82
32
-4
39
-120
91
-68
70
-104
69
127
-233
151
-127
71
34
-47
-3
-23
22
-18
40
-53
67
-84
67
-9
-74
32
116
-153
83
-68
69
-54
13
58
-36
26
-131
127
-26
-2
-23
28
-20
8
4
0
12
-38
71
-30
26
-90
39
9
-9
20
-11
-3
1
-13
20
-5
-5
-2
-3
-3
20
-12
1
-2
-10
21
-9
10
39
-89
27
-29
71
-37
12
0
3
10
-20
28
-24
-1
-27
128
-132
26
-35
58
13
-54
70
-68
83
-153
118
32
-71
-8
69
-82
69
-52
42
-16
23
-22
0
-43
38
74
-125
155
-232
129
72
-100
72
-66
98
-115
49
-10
3
-14
-9
18
-35
16
45
-127
73
82
-143
12
34
0
27
34
-117
57
-50
65
-20
-7
-3
7
-23
14
4
25
-65
68
-50
20
5
-31
46
-39
4
15
-2
-8
11
-6
5
-2
2
-7
5
-8
22
-21
-7
41
-39
6
3
-1
0
-1
14
-33
15
7
-6
-1
-6
7
15
-32
15
-1
1
0
3
7
-38
42
-6
-21
24
-7
5
-7
1
-2
4
-6
11
-8
-1
14
3
-38
47
-31
6
20
-49
69
-65
25
6
15
-23
8
-1
-5
-19
66
-48
59
-115
35
31
4
38
15
-139
85
76
-125
49
20
-31
22
-1
-8
10
-7
-15
28
-48
33
-17
-11
10
-26
37
-49
16
-61
134
-108
51
1
-54
14
23
-21
-5
39
-44
29
-25
4
-15
22
17
-39
11
11
-23
4
24
-23
-10
23
-10
-5
11
-9
15
-14
10
-12
11
-12
16
-12
3
-11
15
-15
6
2
-4
3
-4
-6
6
-1
0
0
0
-1
5
-5
-3
4
-3
3
6
-14
15
-10
4
-11
15
-11
11
-12
11
-13
14
-10
11
-5
-11
24
-8
-22
25
4
-21
11
13
-39
17
23
-15
5
-24
30
-43
40
-3
-20
25
14
-52
2
55
-105
137
-58
19
-46
40
-24
14
-7
-13
36
-41
34
-8
-5
-6
-2
0
-3
-7
-5
2
7
-3
-14
-12
3
11
1
-9
-7
3
7
-2
-8
-4
3
4
-3
-7
-3
2
2
-2
-1
-1
0
-1
0
1
1
-3
-3
1
3
0
-2
0
2
2
-1
-2
-1
0
0
-2
-1
1
-1
-3
-1
1
1
-2
-3
0
1
0
-2
0
1
0
-2
-2
1
2
-1
-2
0
1
0
-1
0
1
0
-1
0
2
2
-1
-1
2
2
1
-3
-2
1
1
1
-1
0
0
-1
0
3
4
-2
-6
-3
6
5
-3
-7
0
9
4
-7
-7
6
13
5
-9
-11
0
9
6
-2
-3
1
4
3
-1
