0
-14
3
5
-8
4
0
-6
7
-7
-1
-7
25
-23
17
-22
-3
17
-8
2
10
-1
-27
48
-35
11
-16
14
-7
11
-14
15
-9
3
-4
6
-6
-5
1
8
12
-25
-1
19
-8
-9
9
-2
-2
0
2
-5
3
-4
2
-2
2
-1
0
0
0
-2
0
1
0
0
-1
-1
-1
0
-1
1
-3
2
-2
3
-4
3
-4
-1
2
1
-8
8
8
-19
0
24
-13
-8
-2
4
5
-7
3
-4
9
-16
15
-11
6
-14
15
-12
34
-49
26
0
-10
-2
8
-17
3
20
-19
22
-27
6
-1
6
-9
4
0
-6
7
-9
-4
9
0
-15
13
-2
6
-9
-7
12
-5
-4
3
2
-9
4
32
-68
31
16
-20
9
4
-19
18
6
-30
41
-19
-3
20
-29
7
3
17
-8
-18
8
11
-20
24
-18
-9
26
-17
2
6
-6
-8
13
-4
-4
1
5
-7
3
-2
3
-2
-1
0
-1
0
0
0
0
0
0
0
-1
0
0
-1
-1
1
-4
1
-4
7
-5
-1
3
4
-14
7
4
-6
0
16
-26
8
17
-25
18
-11
-11
17
8
-17
-4
-9
28
-20
4
19
-43
29
-7
-18
20
-4
-9
20
-17
-31
66
-34
-6
7
-5
-4
2
5
-13
6
8
-8
-1
-14
9
0
12
1
-8
-5
11
-8
2
8
-16
9
-28
58
-57
44
-3
-28
18
-27
16
-1
12
-17
-7
27
-7
-13
5
24
-46
16
13
-6
5
-28
28
-11
10
-19
70
-118
58
7
-8
0
0
-4
-1
8
-8
2
6
-6
-3
1
2
-1
-1
0
0
0
-1
-1
-1
0
0
0
0
0
0
-1
1
0
-1
-1
2
5
-7
-2
9
-8
-2
3
-1
0
7
-8
-58
117
-71
17
-12
10
-28
27
-5
6
-13
-17
47
-25
-5
12
7
-28
6
17
-12
1
-18
28
-18
28
1
-45
54
-60
26
-11
13
-9
-3
7
-10
4
4
-3
-16
0
32
-40
9
9
-15
23
-20
30
-28
0
15
4
-53
29
5
-1
-4
-1
-2
8
18
-46
47
-28
21
-46
65
-30
-19
-12
51
-48
26
26
-42
14
5
-47
73
-48
22
-7
-9
8
-1
-6
2
6
1
-1
-8
-1
8
-4
-2
3
-1
1
-1
0
-1
-1
-1
0
0
-1
-1
-1
0
0
1
-5
2
4
-8
0
7
0
-2
-6
-2
5
0
-8
8
6
-23
47
-73
46
-5
-15
42
-27
-27
48
-51
11
18
30
-66
45
-21
27
-47
45
-18
-7
2
1
3
1
-5
-32
52
-6
-18
-2
27
-30
19
-24
13
-11
-12
37
-36
0
-13
12
-10
15
-13
3
10
-25
5
-12
56
-83
101
-104
52
8
-21
-16
45
-33
26
18
-91
66
-10
-3
32
-30
-24
42
-46
34
-23
22
7
-20
4
-8
0
6
6
-4
10
-17
11
-12
4
8
-8
8
-9
1
1
1
-3
4
-6
1
-1
0
0
-1
1
0
-1
-1
0
0
-1
-3
5
-5
1
-1
-2
-1
9
-9
8
-8
-5
11
-12
17
-12
4
-7
-7
-1
6
-6
21
-7
-24
22
-35
46
-43
23
29
-32
2
8
-65
91
-18
-27
32
-47
16
19
-8
-53
103
-104
82
-57
11
-7
24
-11
-4
10
-17
7
-14
9
0
-8
16
-5
-8
17
-5
-26
30
-25
35
-55
85
-197
161
-4
20
-18
-42
38
21
-40
-9
-35
94
-51
4
15
6
-41
18
-5
34
-45
44
-38
12
6
-3
-37
62
-17
10
-8
-40
44
-22
-6
25
-25
19
-18
13
-9
8
-10
4
-1
-1
3
-1
-1
0
0
0
0
0
-1
1
-2
1
-1
-5
8
-9
9
-13
16
-19
24
-26
7
21
-45
40
7
-11
14
-63
37
3
-7
-12
37
-45
45
-35
5
-18
41
-6
-14
-5
50
-95
34
9
41
-21
-40
42
17
-21
2
-163
197
-87
53
-37
24
-30
25
4
-17
7
2
-17
4
0
-7
3
-8
8
-7
-1
26
-31
-3
-3
-22
71
-45
55
-60
15
-12
22
-12
-9
5
23
-39
-4
18
26
-47
39
-24
77
-127
58
20
-26
21
-29
23
-8
-24
50
-61
8
67
-53
16
0
-10
1
8
-5
-8
1
12
-10
5
-7
4
1
-1
-1
0
0
0
0
0
0
0
0
0
-1
-4
6
-4
10
-14
-2
6
4
-9
-2
10
1
-17
52
-68
-8
61
-51
24
8
-24
28
-22
27
-21
-58
126
-77
23
-40
47
-27
-18
3
39
-23
-5
8
11
-22
11
-16
60
-56
43
-72
22
1
3
30
-29
0
5
-10
6
-4
3
0
-10
5
-3
-4
16
-12
15
22
-80
35
35
-104
84
32
-10
-31
-23
34
-41
34
13
2
-13
-20
20
-17
37
-65
65
-71
95
-65
13
-6
-1
2
5
6
-5
29
-77
29
64
-52
-7
20
-22
14
4
-11
-5
23
-11
-6
3
-5
5
0
-3
0
0
-1
0
0
-1
-1
0
0
1
-2
-5
4
-3
4
10
-23
5
11
-5
-14
21
-21
7
52
-64
-30
75
-30
5
-6
-5
-3
0
5
-14
65
-96
70
-65
64
-37
16
-21
18
13
-2
-14
-35
41
-35
24
31
8
-33
-84
102
-35
-37
78
-22
-16
11
-18
3
1
-7
5
0
3
-6
3
5
5
-25
38
-34
13
-15
11
-2
-60
76
21
-26
-8
-27
1
71
-63
0
-1
29
-26
8
6
10
-31
53
-27
-72
73
-4
-21
18
-8
2
-13
49
-60
67
-129
127
-80
46
-3
-18
12
-15
30
-23
2
-2
4
-5
3
-1
-1
-1
1
-1
1
0
-1
0
0
0
1
1
-3
3
-4
2
-3
23
-32
15
-12
18
2
-48
80
-128
128
-68
60
-51
12
-3
7
-18
20
2
-73
71
27
-54
30
-9
-7
-8
24
-30
1
0
62
-70
-2
27
7
26
-23
-78
60
1
-13
14
-14
33
-39
24
-6
-6
-5
5
-6
0
1
2
-8
17
-26
15
9
10
-69
89
-91
30
12
45
-33
15
-52
18
19
14
-58
37
-8
12
-18
17
-19
12
61
-91
29
12
-14
7
3
-6
-3
-5
-3
39
12
-100
101
-100
75
-32
23
-10
-26
55
-32
5
-4
5
-1
-3
-4
6
-2
0
0
-1
0
0
0
0
0
-1
2
-6
4
3
0
-5
3
-5
32
-55
27
10
-24
33
-75
99
-103
98
-13
-40
2
3
3
5
-4
-9
13
-13
-28
91
-60
-12
19
-17
17
-12
8
-38
57
-14
-20
-19
51
-15
32
-47
-15
-33
89
-90
68
-11
-10
-16
24
-18
4
-3
-7
0
12
-15
3
18
-28
40
-30
-14
19
-5
-24
160
-301
238
-95
29
-33
46
-49
13
47
-57
20
8
-10
9
-4
-27
30
11
-16
6
-15
7
5
1
-11
18
-1
15
-79
49
46
-51
-5
22
8
-38
25
-3
6
-11
8
-10
5
5
-5
1
-1
0
-1
0
1
0
0
-1
-1
-1
0
-2
4
-6
-6
10
-7
10
-7
2
-27
38
-8
-24
4
50
-46
-51
79
-16
1
-18
11
-2
-5
-8
15
-6
14
-12
-30
26
4
-10
11
-9
-20
57
-46
-13
49
-46
33
-29
94
-241
300
-161
21
3
-20
14
29
-43
28
-20
-7
13
-16
0
244
-267
102
245
-636
388
327
-499
194
118
-563
740
-93
-529
382
4
-309
375
-57
-221
154
12
-55
23
4
-15
43
-87
17
68
-24
-14
5
4
-3
0
-6
9
-6
31
-57
35
-46
58
-26
-4
8
-12
26
-29
12
15
-25
19
-6
-7
7
-5
1
0
0
0
0
0
0
-1
0
0
-1
4
-9
6
5
-20
24
-15
-12
28
-26
11
-8
2
24
-57
45
-37
56
-31
5
-11
4
-1
2
-5
-5
14
23
-69
-17
87
-44
14
-4
-23
54
-12
-154
221
58
-375
310
-5
-384
527
92
-742
563
-120
-196
498
-328
-388
635
-246
-104
265
-250
0
317
-448
478
-696
1027
-571
-443
887
-915
942
-1265
1247
-278
-324
222
-277
571
-729
496
-242
223
-213
60
200
-421
521
-572
480
-46
-366
433
-335
194
-48
-83
190
-242
210
-125
205
-372
172
148
-135
12
-15
74
-112
88
-27
-32
92
-142
131
-59
-19
43
-32
12
-2
-5
4
-3
0
3
-5
3
1
-12
31
-43
18
58
-132
142
-92
31
26
-88
111
-76
15
-13
134
-149
-173
372
-206
123
-211
241
-191
82
46
-195
335
-432
365
47
-480
572
-520
420
-201
-59
213
-223
241
-496
728
-572
276
-223
322
276
-1248
1262
-943
913
-887
441
571
-1028
694
-482
447
-321
0
83
100
-336
481
82
-881
208
642
-478
-169
905
-312
-804
576
149
-523
272
379
-354
-143
338
-187
-200
323
-13
-221
96
187
-58
-258
121
171
-227
47
196
-214
2
126
-154
59
39
83
-28
3
-158
16
161
-85
-77
120
-6
-111
90
-9
-37
27
4
-15
6
1
-4
-1
1
0
-1
-1
2
-1
-7
14
-3
-28
36
8
-91
110
5
-120
77
84
-162
-16
157
-5
27
-85
-40
-61
153
-127
-2
213
-198
-48
227
-171
-121
259
57
-187
-97
221
14
-324
201
187
-339
142
355
-380
-273
522
-150
-578
803
311
-905
167
475
-642
-209
879
-82
-484
334
-102
-86
0
-225
293
66
-276
-187
260
-7
376
-369
-218
-110
371
318
-262
-322
59
280
81
-102
-191
-58
160
169
-70
-181
-2
-19
131
134
-61
-41
-300
146
229
-13
-146
-61
69
32
62
-19
-305
338
-62
-52
-18
28
34
-21
15
-29
10
4
-4
-4
9
-2
-10
1
4
-1
-2
-2
0
0
1
0
-5
-1
8
2
-10
3
3
-6
-11
30
-16
20
-34
-29
18
52
61
-340
305
19
-63
-31
-69
60
145
13
-230
-146
299
42
61
-134
-132
18
1
181
69
-169
-160
58
191
102
-81
-281
-59
321
260
-319
-373
108
216
367
-377
7
-262
186
275
-70
-293
220
0
-205
52
-47
-134
221
292
-285
63
-53
-48
-139
500
-47
-204
-73
20
-23
-170
270
-142
25
11
10
5
59
-17
-26
-119
205
-131
53
-40
34
-3
7
-8
7
-17
-3
85
-121
37
-86
62
35
-31
43
-12
-6
13
-22
3
10
-15
-3
3
-2
4
1
0
-1
1
-1
0
0
-2
1
0
0
-4
1
-3
2
15
-12
-3
21
-13
5
12
-44
31
-35
-63
85
-37
121
-86
2
16
-8
7
-8
2
-36
39
-53
131
-205
118
27
16
-59
-5
-11
-10
-26
141
-271
170
22
-20
72
204
46
-502
138
47
51
-63
284
-292
-223
133
44
-53
201
0
-53
-28
35
-194
-145
652
-269
67
-191
210
-423
-153
760
-278
-72
48
-73
93
-178
151
-15
-22
19
-33
9
-1
-4
50
-14
-42
70
-79
15
14
-3
3
-26
53
-46
35
43
45
-305
186
56
-74
75
-81
75
-88
59
-15
5
3
-6
-4
2
-4
1
-1
1
0
-1
0
-1
0
-2
1
-1
3
-3
3
6
-4
-5
14
-59
88
-75
81
-76
73
-56
-186
304
-45
-44
-37
45
-53
25
-4
4
-15
-14
79
-71
41
13
-51
4
1
-9
32
-19
23
14
-152
177
-94
72
-48
69
277
-761
151
421
-212
189
-68
269
-654
145
193
-38
27
50
0
-4
-117
56
276
-455
-427
845
-234
0
-244
338
635
-976
191
110
2
-40
-309
325
-101
20
-62
147
60
-33
-44
2
129
-358
152
-51
89
-11
32
9
26
-28
-24
-62
123
77
-259
61
161
-74
-58
8
26
-52
25
19
-8
19
-4
-3
3
-5
-7
1
0
2
1
0
0
0
-1
-1
-2
-2
7
4
-4
3
3
-20
7
-19
-26
53
-27
-9
56
73
-162
-62
259
-79
-123
62
23
28
-27
-10
-34
11
-90
49
-152
357
-129
-3
44
32
-60
-148
61
-21
100
-326
308
39
-3
-110
-192
975
-636
-338
242
-2
234
-846
426
454
-278
-59
116
0
0
-83
-21
14
-215
1418
-1881
618
71
126
155
76
-1009
871
-156
64
9
-158
-158
307
15
45
-267
-130
308
146
-127
-199
-60
302
22
-153
-114
63
101
53
-63
-35
-56
-29
61
329
-577
445
-276
87
86
-65
-2
-21
29
0
-36
17
37
-18
-24
2
11
-1
1
-4
1
0
0
0
-2
2
-2
1
-12
-3
23
16
-37
-17
35
0
-30
21
1
65
-87
-89
275
-446
575
-328
-63
28
57
33
63
-56
-102
-64
114
154
-22
-302
60
198
127
-146
-309
129
266
-46
-16
-309
158
157
-10
-65
154
-872
1007
-78
-157
-129
-72
-619
1881
-1420
214
-18
20
77
0
-110
322
-16
-127
-610
1381
-1348
519
333
-297
-704
1357
-913
145
174
89
-411
412
-94
-275
115
501
-727
258
328
-420
16
380
-418
196
94
-235
73
172
-158
-59
123
53
-145
-175
584
-725
608
-280
35
-36
101
-111
81
-21
-26
11
28
-49
39
-18
2
-1
4
-5
-1
4
-4
0
3
-5
1
4
-6
-1
-2
17
-40
49
-29
-12
26
19
-81
111
-100
35
-36
278
-609
724
-585
174
144
-55
-124
58
158
-173
-74
234
-93
-196
418
-381
-16
419
-328
-258
728
-501
-115
275
94
-412
410
-89
-176
-146
910
-1359
704
295
-336
-520
1347
-1382
609
126
13
-324
105
0
160
89
-351
276
-287
626
-511
-128
560
-812
1078
-1013
518
19
-348
401
-262
126
-66
-51
214
-314
294
-185
47
68
-144
177
-149
145
-183
168
-129
101
-67
53
-78
109
-95
77
-189
480
-674
432
-10
-123
57
4
-58
55
-18
-4
2
6
-13
14
-13
8
-6
1
1
-1
1
0
-2
1
-2
-2
5
-9
12
-14
11
-7
-3
4
18
-56
58
-5
-58
122
10
-431
673
-481
188
-78
94
-110
76
-53
68
-102
128
-168
182
-145
148
-177
144
-70
-47
185
-294
314
-216
51
65
-126
261
-402
345
-20
-521
1011
-1079
811
-563
127
509
-625
285
-277
349
-90
-165
0
343
-448
393
-540
1242
-1701
1274
-777
708
-770
553
-160
-28
51
-23
-33
57
52
-164
89
-11
-4
9
14
-29
4
19
-29
52
-50
41
-49
52
-55
47
-39
39
-27
-12
-57
335
-581
390
80
-202
44
7
1
-5
15
-29
32
-22
11
-10
10
-13
11
-6
2
-1
0
1
0
-1
-1
0
-2
5
-12
13
-10
10
-12
22
-32
28
-15
4
-2
-7
-44
201
-80
-391
581
-336
57
12
27
-41
38
-47
54
-53
49
-41
51
-53
29
-20
-6
29
-15
-9
4
10
-88
163
-53
-58
32
21
-53
26
159
-555
767
-710
776
-1273
1701
-1241
539
-395
447
-347
0
523
-484
140
297
-612
327
231
-438
178
236
-310
88
74
-80
18
44
-61
-5
27
30
-50
33
-5
-13
-5
19
-9
-7
7
0
-7
20
-12
-30
36
-9
-4
9
-29
29
49
-140
113
-28
9
-8
0
2
-7
8
-6
-3
4
-7
11
-8
1
-2
0
-1
1
0
1
0
0
0
-2
0
-1
1
-2
6
-11
7
-6
2
4
-8
7
-2
-1
7
-9
27
-114
139
-50
-29
28
-9
4
9
-37
29
11
-20
6
0
-8
6
7
-19
4
12
5
-33
49
-31
-29
6
61
-44
-18
79
-76
-90
308
-237
-180
437
-231
-329
611
-298
-142
483
-528
0
-7
-9
-19
20
27
-33
3
1
2
-13
26
-7
-17
4
-8
13
17
-31
9
8
-5
-6
4
4
-2
4
-4
0
2
-2
-3
8
-11
5
8
-9
9
-18
8
-20
46
-47
40
-18
2
3
-11
8
-3
0
1
-2
3
-2
-1
1
-1
0
0
0
0
0
0
0
0
-1
0
0
0
0
-1
-2
1
1
-4
3
-2
-1
2
-8
10
-4
-4
18
-40
45
-45
20
-8
18
-9
8
-9
-5
9
-8
2
2
-2
0
3
-4
2
-4
-3
6
3
-8
-10
30
-17
-13
6
-6
16
6
-28
11
-4
-1
-4
31
-28
-20
15
8
2
0
-4
2
0
1
-5
-4
5
1
1
-7
8
-32
40
-15
2
-1
1
3
-1
-11
9
-1
-2
1
1
2
0
-6
12
-8
-2
5
-7
0
5
-11
10
-3
-4
15
-27
34
-33
21
-7
-3
6
-6
2
-1
-1
-3
8
-4
-2
2
-4
1
0
0
-1
0
0
0
0
0
1
0
-1
-1
2
-4
1
4
-8
3
-1
1
-3
5
-7
2
7
-22
33
-35
26
-17
4
2
-12
10
-5
-2
5
-5
1
7
-12
6
-1
-3
0
-2
2
1
-9
10
0
-4
-1
0
-3
14
-42
31
-8
5
-4
-1
-6
4
4
-2
-2
-4
0
0
-1
1
-1
0
-3
11
-8
-1
3
-3
-2
19
-26
5
2
2
-7
8
0
-6
5
-1
-4
3
2
-4
2
-1
6
-12
5
4
0
-3
9
-7
-15
12
5
-8
16
-24
-2
2
13
-7
1
0
0
-4
2
0
-1
0
-1
-1
1
-2
0
-1
1
0
-1
0
0
-1
0
0
0
0
-2
0
0
0
0
-1
-4
4
-1
-1
0
6
-13
-3
0
22
-17
7
-6
-12
13
7
-10
2
0
-4
-5
12
-6
1
-1
2
-3
-3
4
0
-3
6
0
-8
7
-3
-3
-7
24
-22
0
2
-3
0
9
-14
4
-2
-2
-3
-2
0
-5
5
-6
2
2
1
-4
0
0
1
-10
13
-7
2
-2
5
-10
2
4
-2
0
-2
11
-11
5
-2
0
-3
3
5
-7
-8
25
-16
1
-2
-4
16
-12
1
0
2
-11
13
-8
2
0
1
-1
2
-3
-4
4
-2
1
0
-1
1
-1
1
-1
0
-1
0
0
0
0
0
1
-2
0
0
-2
0
-4
3
2
-2
0
-2
-1
-2
8
-13
9
-4
0
-1
13
-17
4
2
-1
15
-26
8
6
-5
-3
2
-1
1
-6
11
-12
2
0
2
-4
-3
8
-6
1
-4
6
-14
7
-1
-1
0
3
-3
-4
-3
4
-6
1
0
-1
-1
0
4
-7
0
6
1
-6
-2
3
-1
-2
1
-11
10
-6
7
-6
1
0
-10
11
-1
-6
4
2
-5
-2
4
6
-10
-3
17
-21
16
1
-10
12
-25
31
-18
-9
26
-26
13
-1
-1
-5
6
-2
1
-5
0
2
-2
0
0
0
0
0
-1
0
0
0
-1
0
0
-1
-1
0
1
-4
-1
4
-2
1
-7
3
1
1
-13
25
-26
8
17
-32
23
-13
10
-1
-17
21
-17
3
10
-5
-5
3
4
-2
-5
5
0
-11
10
-1
-2
5
-8
5
-10
9
-3
0
-1
-5
-1
4
-2
-6
-1
5
-5
-4
0
-3
0
-4
2
-3
-2
7
-11
10
-3
0
-4
5
-8
-2
8
-5
3
1
-1
-5
8
-4
0
4
-1
0
-1
-1
6
-2
-3
2
-4
8
-6
4
3
-7
-3
8
-4
-2
15
-22
4
8
-11
10
-8
3
4
-3
-4
3
-5
2
-2
0
-2
0
-1
-1
0
-1
0
1
-1
-1
0
-1
1
-1
0
-3
3
-5
3
4
-3
-3
8
-13
10
-10
-4
21
-16
2
4
-9
3
7
-4
-5
5
-10
3
-2
1
1
-6
2
1
0
0
-4
0
3
-8
6
0
-1
-3
4
-10
0
6
-5
1
-2
2
-11
12
-9
0
-2
-3
-1
0
-4
1
-1
1
-2
-1
-2
-1
5
-8
-1
8
-7
-3
1
1
1
-3
2
0
-1
3
-1
5
-14
15
-9
2
1
-6
14
-12
-3
1
4
-4
12
-10
1
-6
5
-3
12
-16
-1
3
2
0
-2
0
1
9
-12
4
-3
2
1
-2
0
-1
0
-1
0
0
-1
0
-1
-1
0
1
-1
-3
3
-5
12
-8
-1
-1
1
-1
-3
-4
-1
15
-15
1
-8
6
0
9
-13
3
-5
-3
3
11
-15
6
-1
-2
8
-14
13
-6
2
-3
1
-1
-3
2
-1
-2
-3
2
5
-10
-1
5
-7
0
0
-2
0
-3
-2
-2
-1
0
-2
2
-2
0
-4
6
-6
4
0
-5
6
-9
8
-4
2
-3
2
6
-8
3
-3
-1
2
4
-4
5
-2
-3
10
-20
28
-14
-3
1
-6
25
-31
18
-3
3
-24
22
9
-27
14
4
-15
6
0
-3
4
-8
3
2
-2
-2
-1
2
-1
1
0
-1
0
0
0
0
0
-2
1
-1
1
1
1
-2
-3
7
-6
2
-3
-6
14
-6
-13
26
-11
-23
23
-4
3
-19
32
-26
4
-1
2
13
-27
20
-10
3
3
-5
3
-4
-1
0
2
-4
7
-7
-2
3
-5
4
-10
8
-7
4
-3
-4
6
-6
3
-2
-1
-3
-2
0
1
0
0
-1
0
0
-1
-1
-1
0
0
-1
-1
0
0
0
-2
-2
0
1
0
-2
0
0
1
0
0
0
-1
0
0
0
-1
-1
1
1
0
-2
0
1
1
-1
-1
0
0
0
-1
-1
0
0
-1
1
0
-1
-1
0
0
0
-1
0
0
-1
-2
0
0
-1
-1
0
0
0
-1
-1
0
0
-1
-1
0
-1
0
0
0
-1
-2
0
0
0
-2
-2
0
1
-1
-2
-1
0
0
-1
-1
0
1
0
0
-1
-1
-1
1
1
1
-1
-1
0
0
-1
-1
0
1
0
-2
-2
-1
0
0
0
-2
0
-2
-2
-2
