0
-1
1
0
0
-4
7
0
-15
10
-2
-1
0
1
6
-21
15
-1
-1
-1
9
-17
12
-7
7
-9
7
7
-11
8
-12
10
-4
2
-1
0
2
-2
-1
1
0
-2
0
-1
1
0
1
-1
-2
1
-1
0
-1
0
0
-1
0
0
0
0
0
0
-1
0
0
0
0
-1
0
-1
0
-1
0
0
-1
-1
2
-1
1
-2
1
-1
-1
0
-1
0
0
0
-1
-1
-1
1
-3
1
-1
-1
3
-9
11
-9
11
-7
-7
9
-8
8
-13
15
-10
1
1
1
-16
20
-8
-2
-1
-1
0
-11
15
-2
-8
4
-2
-3
-2
-4
0
-1
1
-1
-2
7
-2
-16
29
-27
10
-1
4
2
-32
27
-3
10
-11
1
-1
17
-35
26
-6
-7
11
-12
-10
59
-57
11
0
2
-1
0
2
-4
2
-3
1
-1
-2
1
1
-4
3
2
-6
4
-1
-2
0
0
-1
0
0
0
0
0
0
0
-1
1
0
0
0
-1
-1
-1
-1
0
0
0
0
0
0
0
0
-4
6
-3
-4
3
-3
0
2
-1
-2
2
-3
2
-3
0
0
-3
0
-13
56
-60
9
11
-13
7
6
-27
34
-19
0
-2
11
-10
3
-28
31
-4
-5
-2
-12
25
-30
16
0
-8
1
-3
-1
-2
0
0
0
-3
5
3
-70
182
-180
60
-1
-3
-6
-6
107
-145
9
54
-9
-12
-16
57
-48
35
-46
14
2
23
-58
86
-41
-5
7
-1
-2
-5
2
2
-1
5
-10
11
-14
7
0
2
-16
15
-1
2
-7
2
0
1
-1
0
0
0
-1
-1
0
0
0
0
0
0
-1
-1
0
-2
-1
0
-1
-1
0
0
0
-3
6
-3
1
-17
15
-3
-1
-8
13
-12
9
-6
-1
-2
-3
3
1
0
-7
5
41
-86
58
-22
-3
-14
46
-36
48
-57
16
11
8
-55
-9
144
-109
4
5
1
-1
-63
178
-183
68
-5
-6
0
-1
-2
0
-1
1
1
10
-30
52
-106
126
-70
12
3
-3
2
37
-42
-6
-3
11
13
-23
0
69
-72
8
-11
38
-63
105
-119
96
-41
6
1
-3
-1
10
-20
16
-16
43
-49
31
-66
56
5
4
-34
14
2
-2
3
-1
0
-1
1
-1
-1
0
-1
1
0
0
-1
0
0
-1
0
-1
1
-1
-1
0
-1
0
-1
0
-3
2
-1
-15
34
-7
-6
-57
65
-33
46
-44
14
-17
19
-11
-1
1
-2
-6
42
-97
118
-105
62
-38
11
-8
73
-69
1
23
-14
-11
3
5
41
-38
-2
3
-6
-13
69
-127
105
-53
29
-11
-2
-2
-3
0
-2
0
-2
17
-32
-6
183
-246
59
22
1
-5
-4
94
-165
16
149
-104
26
-54
11
113
-85
-35
26
-39
150
-163
130
-78
8
7
1
-8
4
8
-4
-3
-28
41
10
-1
-58
49
-74
115
-86
40
-29
25
-15
7
-3
-3
5
-3
0
0
0
-1
1
-1
0
0
-1
-1
-1
0
0
-1
-1
2
-4
3
2
-8
14
-26
29
-40
86
-116
73
-50
56
-1
-9
-42
27
2
3
-9
-5
6
-2
-7
-8
79
-130
163
-151
38
-26
34
86
-113
-12
54
-28
103
-150
-16
164
-96
2
4
-2
-23
-61
245
-183
4
32
-19
0
-1
-1
0
-3
1
-1
-8
48
-3
-105
108
-87
46
2
-10
4
207
-460
238
104
-99
-71
152
-157
226
-146
51
-118
135
-118
63
-74
119
-54
-2
-2
3
1
-1
-18
24
-24
20
-32
80
9
-116
45
11
-79
208
-194
72
-21
16
-7
-1
1
1
-1
-1
0
0
0
0
0
0
-1
-1
0
0
0
1
0
-2
-1
1
6
-18
20
-72
194
-209
79
-12
-46
115
-9
-80
32
-21
24
-24
16
0
-2
-4
2
1
54
-120
73
-64
117
-136
116
-51
144
-226
157
-152
69
99
-104
-239
459
-208
-5
8
-4
-47
85
-109
105
2
-49
6
-1
-2
0
0
-6
1
0
-11
61
-101
114
-130
77
-12
0
6
-14
175
-274
39
105
-22
-23
35
-144
117
85
-128
49
38
-54
-88
208
-112
-5
7
-3
3
-22
32
-7
-3
37
-32
-23
16
-66
96
-111
273
-312
132
13
-25
12
-30
16
-6
5
-2
-1
1
1
0
-1
-1
-1
0
-1
0
0
-1
-1
-1
0
0
-6
6
-18
29
-13
24
-13
-132
311
-274
111
-96
65
-18
22
31
-36
2
7
-33
21
-4
2
-7
5
111
-209
88
54
-39
-50
127
-86
-117
143
-35
22
22
-106
-39
272
-176
14
-8
-1
11
-78
129
-115
101
-63
10
-1
-3
2
0
-17
9
20
71
-82
99
-35
-65
-65
-7
22
40
-21
166
-126
-1
23
17
-71
-125
75
116
-106
47
58
28
11
23
-104
-69
45
1
-10
13
27
-3
-9
29
-50
19
29
2
-94
-24
124
80
-199
18
107
-18
-31
3
0
-1
5
-3
-1
-1
0
0
-1
1
0
0
-1
-1
2
-1
0
-1
1
2
-6
0
0
-4
31
17
-108
-18
198
-81
-125
23
92
-2
-29
-19
48
-29
9
1
-28
-13
8
-2
-44
68
102
-23
-13
-29
-59
-47
106
-116
-75
125
70
-17
-24
1
126
-169
20
-42
-24
6
64
64
34
-100
81
-73
-23
-11
13
0
81
-83
9
246
93
-339
-1136
1444
-94
-263
58
195
-568
-28
738
-128
-410
219
138
-249
-185
541
-43
-414
70
475
-440
-191
194
241
-157
-81
112
-32
-59
68
0
-25
13
-54
-28
209
-145
77
-254
262
18
-162
50
22
-5
-4
-2
4
-6
4
-2
-2
-1
-1
0
0
0
0
-1
-1
0
0
-1
1
1
-5
4
-4
0
3
4
-23
-50
162
-19
-263
251
-78
143
-210
26
52
-14
24
0
-68
59
33
-111
80
158
-242
-194
189
441
-475
-70
414
44
-541
185
249
-138
-220
409
128
-739
27
566
-197
-59
261
92
-1446
1135
339
-94
-248
-12
82
-85
0
48
-9
-8
111
229
-1371
2079
-1507
447
60
-73
-92
552
-992
446
617
-785
412
-318
548
-1004
1298
-999
446
-292
329
-89
-460
957
-845
401
-161
79
-97
151
-125
65
-63
72
-64
7
-51
31
142
-124
158
-156
30
-41
-10
53
-26
17
-9
4
-3
3
-2
0
1
0
0
-1
0
-1
-1
-1
0
-1
2
-4
3
-5
8
-18
26
-53
9
41
-30
155
-158
123
-142
-32
50
-9
62
-74
62
-66
125
-152
97
-79
160
-402
844
-957
459
89
-330
291
-447
999
-1299
1004
-550
317
-412
784
-617
-448
990
-554
90
72
-62
-449
1506
-2080
1369
-229
-112
6
9
-52
0
-26
25
22
-97
384
-561
346
72
-580
588
-94
-2
-668
1465
-1703
1295
-635
70
234
-276
-116
827
-1098
771
-132
-412
658
-637
324
-27
-73
57
30
-99
76
13
-54
27
-24
24
-28
53
-36
21
20
-70
96
-164
140
-10
-58
31
1
-3
-7
7
-5
1
-1
-1
0
0
0
0
0
0
0
0
1
-3
5
-8
6
3
-3
-31
57
9
-141
164
-96
70
-21
-22
33
-54
27
-25
23
-27
53
-14
-76
98
-32
-57
72
26
-324
637
-657
410
133
-772
1097
-828
116
275
-234
-72
634
-1295
1701
-1466
666
0
93
-590
578
-72
-347
560
-384
95
-27
-26
20
0
-50
-3
12
-166
597
31
-1340
934
189
-288
62
-32
-136
119
430
-513
-148
333
-130
346
-262
-289
89
438
-98
-221
-253
374
228
-371
5
80
-15
34
-3
-17
-11
9
-15
-41
143
-57
-127
138
-17
-20
-14
-50
61
31
-35
-8
5
0
-5
8
-4
0
0
0
-1
1
0
0
0
-2
0
-1
0
-1
2
-9
5
-2
-4
6
35
-31
-63
49
14
19
17
-139
126
56
-143
40
15
-10
10
17
2
-34
14
-80
-5
372
-228
-375
253
221
98
-437
-90
289
263
-345
130
-334
147
512
-431
-121
135
30
-63
286
-190
-935
1339
-31
-599
165
-15
2
46
0
-59
32
4
47
387
226
-1482
701
51
113
-71
13
119
-798
1178
-360
-60
-16
17
-223
343
-171
-105
79
-40
161
-201
94
-64
155
-51
-31
-24
11
-3
30
-14
4
-15
-2
-49
38
39
8
-100
117
-76
133
-147
58
-41
17
10
-7
4
-5
0
-1
0
1
0
0
0
0
0
-2
-1
-1
-1
0
-2
3
-5
6
-9
-18
41
-59
145
-134
76
-117
100
-9
-40
-38
47
0
15
-5
13
-30
2
-12
24
31
51
-155
64
-95
200
-161
40
-80
104
170
-343
222
-18
15
59
359
-1179
797
-119
-13
69
-115
-52
-702
1481
-229
-387
-48
-7
-34
54
0
-4
72
-74
-61
16
552
-909
644
-307
-92
229
133
-409
-234
397
201
90
-306
19
19
76
114
-142
-91
-73
149
127
-102
-82
-65
119
29
-22
-47
47
-18
8
-19
11
34
-86
0
101
-17
-96
98
-24
-59
74
-51
35
-19
1
1
2
-2
1
0
-1
0
0
-1
0
0
-1
0
0
0
0
0
-2
1
-3
-2
-2
19
-36
51
-76
59
23
-98
96
16
-101
-1
85
-35
-11
17
-8
17
-49
46
22
-30
-119
65
81
103
-128
-150
73
91
142
-115
-76
-19
-18
306
-91
-201
-398
233
408
-135
-231
90
304
-644
909
-551
-17
58
72
-74
0
0
67
-41
-40
239
-204
-632
613
266
-212
-106
23
-183
283
461
-345
-549
432
-16
-137
89
20
39
-173
181
34
-304
167
242
-229
-43
67
12
-25
14
9
-25
19
0
4
-4
-28
-24
117
-51
-79
37
82
-43
-41
22
6
-4
1
-2
-1
3
-2
0
0
0
0
-1
0
0
0
0
0
-1
-1
-1
1
-4
0
2
-1
4
-8
-24
42
42
-82
-37
79
50
-119
25
29
3
-4
0
-20
25
-10
-14
24
-13
-68
43
229
-242
-167
304
-33
-182
173
-38
-21
-89
138
16
-433
548
344
-462
-283
182
-23
103
211
-267
-612
629
203
-241
38
40
-70
0
95
-167
198
-311
98
881
-815
-527
930
-469
182
-169
322
-281
-344
624
-257
34
45
-119
197
-120
-136
200
-80
-6
158
-325
299
-97
-82
106
-52
17
-13
22
-14
-4
7
12
-50
69
-63
29
-7
36
-9
-78
105
-72
26
2
-5
6
-9
5
-4
-1
-1
1
-1
1
0
0
0
-1
0
-1
0
1
2
-6
9
-7
6
-2
-26
72
-105
78
8
-39
7
-28
63
-70
50
-13
-8
3
14
-23
12
-18
52
-107
83
96
-299
325
-158
5
80
-201
135
119
-197
118
-45
-36
258
-624
343
279
-322
169
-183
468
-930
526
815
-884
-100
310
-201
165
-99
0
62
-85
31
-9
379
-661
103
324
-229
241
-167
11
249
-294
-214
430
-243
153
-183
403
-509
161
69
-38
94
-135
223
-239
62
75
-110
97
-39
-2
-1
8
-3
-1
-12
17
-82
248
-268
106
-49
29
27
-67
111
-80
21
-20
11
2
-5
5
-2
-1
-1
0
1
-1
-1
0
0
0
0
0
0
-1
2
-5
5
-3
-12
18
-22
79
-112
66
-27
-29
49
-107
266
-249
80
-18
11
1
2
-9
1
1
37
-97
110
-76
-62
239
-223
136
-93
37
-68
-161
508
-403
182
-153
242
-431
212
293
-250
-13
166
-241
228
-324
-104
660
-380
7
-34
83
-66
0
-4
65
-129
340
-849
929
-319
21
-145
148
-77
41
-131
299
-295
204
-191
81
90
-256
213
1
5
-5
-10
-80
119
-80
-70
175
-167
99
-39
3
16
-6
-5
1
4
-38
116
-203
269
-198
47
69
-195
242
-204
81
4
-5
2
3
-1
-1
0
1
0
0
-1
-1
0
0
0
0
0
-1
-1
-2
0
0
0
-3
-2
4
-6
-81
204
-242
195
-70
-48
198
-272
203
-118
36
-6
-3
4
5
-17
-2
38
-99
165
-175
70
79
-119
78
8
4
-5
-3
-214
255
-92
-81
193
-204
294
-300
130
-43
75
-150
143
-21
319
-929
849
-342
127
-66
0
0
-58
137
-137
100
-286
608
-688
464
-178
41
-3
33
-231
257
-82
51
-125
130
-42
-58
83
41
-36
-160
221
-242
276
-246
275
-257
126
-40
-2
13
2
-12
10
-6
2
34
2
-74
63
-81
5
142
-213
219
-168
124
-71
25
-8
-2
1
0
-1
0
0
-1
-1
0
-1
0
-1
0
-1
0
0
0
0
-1
-2
0
6
-24
71
-124
166
-220
211
-142
-5
81
-63
74
-3
-36
-3
5
-11
11
-3
-13
0
40
-127
257
-276
246
-276
241
-221
159
36
-42
-83
58
40
-130
125
-52
80
-258
228
-34
1
-43
176
-466
687
-608
283
-100
134
-139
54
0
-80
146
-109
-110
386
-452
321
-240
198
-119
7
69
-241
430
-306
82
18
-28
39
-7
-48
-62
39
105
-81
58
2
-155
97
72
-66
8
5
-4
-14
43
-54
26
-1
9
-74
135
-70
-35
-29
184
-256
241
-132
25
-7
1
1
0
-4
4
-2
0
0
0
0
0
0
0
0
-2
0
0
0
0
1
-5
3
-1
-1
-3
5
-26
131
-241
254
-185
28
34
69
-136
73
-9
1
-26
54
-44
13
3
-7
-9
65
-72
-96
154
-2
-58
80
-106
-39
62
48
7
-39
29
-19
-82
304
-433
239
-71
-9
118
-201
240
-321
452
-387
108
105
-147
75
0
-77
77
-22
-39
59
11
-16
-2
-40
34
-50
-12
52
115
-137
32
-35
18
28
-18
-6
-32
26
5
26
-65
52
7
-15
-42
47
-20
20
-22
20
-8
-7
12
-6
20
-72
86
-31
-6
-13
-6
12
55
-73
24
2
-4
2
-1
0
1
-2
1
0
0
-1
-2
0
0
0
1
0
0
1
-2
0
-2
1
2
-3
3
-3
-25
71
-55
-12
5
12
5
28
-86
71
-21
6
-13
5
7
-20
20
-20
20
-48
42
16
-6
-52
64
-26
-5
-28
32
4
17
-29
-20
34
-32
134
-117
-54
11
49
-37
38
1
16
-12
-60
37
20
-78
74
0
-28
19
15
-19
-13
-22
95
-106
68
-38
7
4
9
2
7
-27
17
-24
17
8
-41
137
-135
21
9
-8
20
-3
-15
24
-28
10
0
2
0
2
-5
3
-2
-5
11
-18
20
-15
6
0
-21
38
-22
-1
3
-3
1
-2
1
0
0
-1
-1
1
0
0
-1
0
0
-1
0
-1
0
-1
0
0
-1
2
-2
2
-3
0
21
-39
19
-1
-6
14
-21
16
-12
4
0
-5
6
-3
-1
-3
0
-10
26
-25
14
2
-19
8
-9
-21
134
-138
40
-9
-16
24
-17
26
-8
-4
-10
-6
-7
36
-69
106
-96
21
10
18
-18
-20
23
0
-13
16
-5
8
-29
-17
96
-74
7
8
2
-11
14
-33
37
-13
2
-10
8
-4
27
-55
40
-5
2
-3
0
13
-33
26
-8
-3
5
-3
4
-6
0
-1
-3
6
-11
10
0
-9
0
8
-2
-3
-4
6
-4
-2
1
-1
-1
0
0
1
0
0
0
-1
0
0
-1
-1
-1
1
0
0
0
-1
0
0
-2
2
3
-8
4
3
1
-8
-1
8
-2
-12
9
-7
1
0
-1
5
-4
2
-6
2
8
-25
34
-14
0
3
-3
4
-41
55
-27
4
-10
11
-2
13
-37
31
-14
11
-2
-10
-9
74
-98
16
28
-9
3
-18
9
0
-7
10
-3
3
-15
-15
32
3
-5
-12
-3
15
19
-41
5
6
-3
5
-2
-2
-6
19
-19
9
-1
8
-9
-20
37
-24
8
-3
2
0
-1
3
-7
4
-1
4
-11
5
4
-6
0
6
-3
-5
5
3
-6
3
-3
-1
0
0
0
0
0
0
0
0
-1
0
0
-1
0
0
0
0
-1
0
0
0
1
-3
6
-4
-6
4
3
-6
-1
6
-4
-6
10
-6
1
-5
7
-3
0
-1
-3
3
-9
23
-39
19
9
-8
1
-10
18
-20
6
2
2
-5
1
-7
-7
40
-22
-16
2
10
4
-4
-32
15
15
-3
2
-12
3
0
-3
2
1
6
-14
8
-7
6
-1
-5
2
-9
24
-17
-1
3
-3
3
1
0
-1
1
-4
6
-10
11
-4
5
-10
8
-5
4
-2
2
-1
1
-3
2
1
-4
4
-1
1
0
0
1
-6
14
-13
5
-1
2
-3
0
-1
-1
0
0
0
0
-2
0
-2
0
0
-1
-1
0
-1
1
-1
0
0
-2
2
-1
1
-5
11
-14
6
-2
1
-1
-2
1
-5
4
-2
-2
1
-1
1
-3
2
-4
5
-9
11
-6
4
-11
10
-6
5
-2
0
-1
-1
-3
2
-3
0
16
-26
8
-4
3
-2
-6
6
-9
13
-7
-3
-5
-2
0
-2
2
-1
3
-8
-7
11
3
-4
-8
17
-8
-14
7
0
0
0
-1
15
-17
8
-6
5
-4
7
-5
6
-8
6
-10
10
-3
0
2
-3
-2
4
-2
0
2
-4
1
0
0
-1
1
-5
4
1
-3
-1
0
1
-1
1
0
-1
-1
0
0
0
-1
-1
0
0
0
-1
0
-1
-1
1
0
-2
1
0
0
0
2
-2
-4
4
-1
0
0
-2
-1
3
-3
-1
2
-5
1
2
-3
0
3
-10
10
-7
7
-7
5
-7
4
-6
5
-8
16
-16
1
-1
0
0
-8
13
7
-17
7
1
-4
-11
6
7
-4
-4
-3
-2
0
-1
0
0
2
-4
7
-2
-1
-1
-2
4
-7
-1
5
-7
4
3
-6
9
-10
1
3
-1
1
-4
2
0
-10
14
-4
-1
-2
3
-3
0
0
1
0
-1
3
-8
9
-10
7
-5
3
-4
0
1
0
-1
0
0
0
-1
-1
-1
0
-1
-1
0
0
-1
0
0
0
0
0
1
0
1
0
0
0
0
0
0
-1
-2
0
3
-5
4
-7
8
-10
7
-4
-2
0
-2
-1
0
1
-5
2
2
4
-15
9
-2
-3
3
-2
2
-5
-1
9
-10
5
-4
-4
6
-5
0
4
-5
0
-2
0
1
-6
4
-3
-3
-1
-4
0
0
-3
-1
-1
4
-4
-5
10
-3
-8
6
-1
-3
3
-1
3
-2
1
-3
-1
5
-2
-1
3
-5
-3
3
0
1
1
-5
0
2
-3
5
-3
-1
0
1
-2
4
-11
4
3
-3
2
-2
-2
-2
3
0
-2
0
1
-1
0
0
-1
0
0
0
-1
0
0
-1
-1
-1
-1
0
-1
-1
-1
0
-2
0
1
0
-4
1
2
1
-3
3
-4
-5
10
-3
1
-2
1
0
2
-5
2
-2
-1
4
-1
-2
-1
-4
2
4
-5
1
2
-7
1
3
-2
1
-3
1
-5
2
0
-8
5
2
-11
5
3
-7
0
-2
2
-6
0
0
-2
1
0
-4
5
-5
2
5
-7
1
1
-9
7
-3
6
-10
1
3
5
-2
-7
5
-1
0
0
3
-6
2
0
1
-1
0
0
-2
-2
1
-1
-1
1
1
-7
8
-8
9
-13
11
-5
-2
-1
-1
1
-2
0
-1
0
0
0
0
0
-1
0
-1
0
-1
-1
-1
-1
-1
0
-1
0
0
-1
0
0
-1
-1
1
5
-12
13
-11
7
-9
8
-3
-2
1
-1
-2
0
2
-1
0
1
-2
-1
-4
5
-4
-1
-1
1
-7
7
3
-5
-4
-1
10
-6
1
-9
8
-3
-2
4
-5
-2
5
-7
2
-2
-4
1
-5
0
-3
1
-2
0
-1
2
-1
5
-7
-1
5
-7
7
-9
7
-1
-1
-5
9
-6
-1
4
-2
1
1
-2
0
1
-3
6
-1
-3
1
0
1
-3
1
-2
2
-3
-4
6
-5
5
-3
-5
9
-10
7
-1
-1
-1
0
0
0
-1
0
0
0
0
-1
-2
0
0
0
0
0
-1
-1
0
1
0
0
-1
-1
-1
1
0
-7
10
-10
6
3
-6
5
-7
3
2
-3
2
-1
1
-2
-1
-3
2
1
-6
2
-1
0
2
-2
0
1
-3
1
5
-10
5
0
1
-9
8
-7
5
-7
0
6
-5
-1
-2
0
-2
-1
-3
-1
0
-1
0
-2
1
-1
4
-6
2
-4
4
-2
-2
5
-14
13
-2
1
-4
4
-1
1
-2
-1
2
-3
7
-5
-1
2
2
-1
1
-1
0
-3
-2
7
-5
1
1
0
0
1
2
-5
-1
4
0
-2
-1
2
-1
-1
0
0
0
-1
-1
0
-1
-1
-1
-1
0
0
1
0
0
-1
1
0
-1
-1
0
1
0
-1
-1
2
-1
-4
-1
5
-2
-3
-1
-1
-2
-1
5
-8
1
2
-1
0
-1
1
-2
-3
0
5
-6
3
-1
1
1
-3
0
-3
4
-1
1
-13
13
-5
-1
1
-5
2
-3
6
-6
-1
-2
0
-1
-3
0
-2
-1
3
3
-1
-4
-3
2
5
1
-6
-7
-1
7
4
-7
-10
3
14
2
-17
-12
13
20
-9
-27
-2
29
14
-26
-27
17
36
-5
-39
-10
35
21
-31
-35
19
43
0
-41
-17
32
26
-17
-27
4
23
2
-17
-4
11
2
-9
-3
6
1
-6
-1
4
0
-5
2
6
-2
-7
2
8
-4
-12
2
15
-3
-24
-5
27
17
-27
-31
16
40
0
-43
-19
34
30
-22
-37
9
38
3
-36
-17
27
25
-15
-29
1
26
8
-20
-15
11
17
-2
-15
-4
9
7
-5
-10
-1
6
3
-4
-6
-3
2
2
0
-4
-3
-1
1
