-9
-5
-4
-4
-3
-4
1
-7
1
-2
-2
-2
-3
0
-10
2
1
-6
11
-15
11
-4
-17
14
-12
11
0
-21
24
-18
9
-4
-1
-1
0
0
1
0
0
0
0
0
1
0
1
0
0
0
-1
-1
-1
0
-1
-1
-1
-1
-1
-1
-1
1
0
-3
-1
-1
0
-1
0
0
0
0
-1
1
0
0
0
0
-1
0
0
0
-1
0
0
0
1
0
0
1
0
1
1
-1
1
1
1
0
-1
-4
10
-18
25
-18
1
11
-10
16
-15
-1
12
-14
12
-4
2
6
-7
4
0
1
1
1
3
-4
3
0
0
3
1
3
-9
-5
-3
-7
0
-8
3
-7
-2
-2
-1
-1
-5
1
-13
3
9
-8
-12
15
-9
7
-10
-9
33
-30
8
-19
9
28
-37
16
-2
-1
-2
1
0
0
0
0
1
0
0
0
-1
-1
-1
1
-1
0
-1
-1
-1
0
0
-2
-1
-2
-1
0
-1
0
0
-1
0
-1
0
0
0
0
-1
0
0
0
1
0
0
0
0
0
0
1
0
1
0
1
1
1
1
0
0
0
0
2
-1
0
-2
17
-37
29
10
-19
9
-27
34
-8
-10
8
-9
16
-12
-6
10
7
-10
5
-3
2
2
1
0
-4
7
-3
3
2
0
3
-8
-6
-3
-5
1
-8
-9
10
-8
0
-3
-4
-6
3
-6
-5
15
-23
17
-30
22
13
-28
17
-31
31
10
-28
-23
13
18
-8
-1
0
-1
0
0
0
0
0
0
0
1
0
1
0
1
-2
-2
-1
-1
-1
-1
0
-2
0
-2
0
-1
-1
0
0
0
0
-1
0
0
-1
0
-1
0
0
-1
1
0
1
0
0
1
0
-1
0
2
0
1
0
1
-1
1
0
0
1
1
-1
0
-1
-1
-7
19
15
-22
-24
12
32
-30
20
-27
13
23
-28
20
-22
16
-2
-2
7
-3
0
0
4
-6
15
-6
-3
3
3
2
2
-8
-6
-2
-4
-3
0
-14
-1
8
-3
-3
-7
4
-7
5
-4
-29
28
1
-16
0
62
-155
126
-39
11
61
-97
-5
73
-40
-5
2
1
-1
0
0
0
0
0
1
1
0
1
1
-1
1
-1
0
-1
0
0
1
-2
0
-1
-1
2
-3
0
-1
0
-2
-1
0
0
0
1
-1
1
-3
3
0
0
0
-1
2
1
-1
0
1
0
1
0
1
1
0
0
1
0
1
1
0
2
-1
1
2
-3
-40
74
-4
-95
62
12
-38
129
-154
63
1
-15
4
31
-28
-1
8
-5
7
-3
-1
0
10
2
-9
3
0
2
3
2
-9
-6
-2
-8
2
-12
11
-14
4
-3
-13
4
7
-24
5
20
-15
-25
25
-13
24
18
-89
83
-65
74
-97
90
-66
45
-25
9
-2
-3
2
-1
1
0
1
-1
0
0
2
0
-1
0
1
-1
-1
0
-1
-1
0
0
-1
2
0
-4
0
-1
2
-1
-1
0
0
2
0
-1
2
0
1
-2
0
3
-1
2
0
0
-1
1
0
0
1
0
0
1
1
0
0
0
1
0
2
0
1
-2
-2
10
-24
45
-64
91
-95
75
-64
85
-87
19
24
-13
26
-25
-14
23
8
-20
10
8
-10
2
6
-10
15
-10
5
-1
2
2
-9
-6
-3
-6
7
-25
-5
26
-9
-6
-15
4
9
-21
-3
-1
12
-22
18
54
-118
102
-77
27
23
-48
82
-139
64
39
-16
-11
2
0
-1
0
1
0
1
-1
0
0
0
0
0
0
1
-1
-1
-1
-1
-1
0
-2
1
1
-6
6
-6
2
-2
0
-1
0
-1
0
0
1
-1
4
-4
5
-5
1
2
-1
0
0
-1
-1
0
-1
2
0
-1
0
0
0
0
1
1
-1
1
1
-1
0
2
-11
-15
40
65
-137
83
-46
25
28
-75
103
-117
54
20
-21
13
2
0
-18
12
7
-11
-3
-7
30
0
-21
11
1
2
1
-7
-6
-3
-4
-14
11
-7
-5
-1
-3
8
-18
10
-14
-6
2
18
-9
-1
-10
15
-46
49
-43
36
15
-39
-1
-12
26
-7
-3
1
-1
0
-1
0
-1
2
-2
0
2
0
0
1
-2
1
-1
-1
-2
0
-1
0
0
-4
2
-5
6
-2
-2
-1
1
-1
-1
0
1
0
1
0
-2
-2
7
-5
3
-3
2
1
0
1
-1
0
0
2
-2
1
0
-1
1
1
-1
2
0
1
0
0
-1
1
-2
-5
25
-11
1
-39
15
37
-42
49
-45
16
-8
-1
-8
19
4
-3
-10
13
-15
12
1
0
-1
-3
15
-12
3
3
2
-9
-7
0
-4
-10
-8
29
-41
27
-13
-7
2
8
-6
-9
-32
45
-18
7
45
-106
33
39
-17
-23
10
33
-35
-16
27
-14
3
-2
0
0
-1
1
-1
0
1
0
0
1
0
2
-1
1
-1
-1
-1
2
-1
-2
-1
3
-5
1
-4
3
-1
0
-1
0
-1
0
-1
0
0
0
-1
3
-4
2
-4
4
0
-2
-1
2
-1
0
1
1
0
2
0
2
0
0
2
0
0
1
0
-1
1
-2
5
-13
27
-15
-34
34
12
-21
-15
41
34
-104
47
8
-16
46
-30
-6
-3
10
5
-4
-10
29
-36
32
-5
-7
1
6
2
-9
-6
-4
-7
4
-6
-17
17
-9
-4
-4
0
1
-16
22
-39
33
-9
-40
84
-76
6
26
-11
-4
-11
36
-55
15
31
-28
6
1
-2
1
-1
0
-1
-1
-1
2
-1
0
0
1
0
0
0
-2
-1
0
0
-1
-3
-1
3
-3
0
-1
-2
0
-3
0
-2
1
-1
0
0
1
-1
1
1
-2
2
0
-1
0
0
0
0
-1
1
0
0
1
1
0
-1
2
0
0
0
2
1
1
0
1
6
-28
31
16
-54
36
-11
-3
-8
29
8
-75
85
-37
-7
34
-36
24
-13
4
3
0
0
-7
20
-13
-2
7
0
0
2
-9
-5
-7
-3
-8
10
3
-38
24
-13
7
-14
7
-12
15
-23
32
-28
-27
40
-14
-3
6
-11
11
-18
5
20
-22
14
-18
0
2
3
-1
1
0
-1
0
0
0
1
0
1
-2
3
0
-2
-1
0
-3
1
-1
0
-3
4
-4
-2
0
-1
0
-1
-1
-2
0
-1
0
-1
0
1
1
0
-3
5
0
0
0
2
-1
3
0
-1
0
3
-1
2
0
0
1
1
0
0
0
1
-1
2
2
1
-18
15
-20
20
6
-16
12
-8
7
-3
-12
42
-26
-27
33
-20
19
-8
10
-11
10
-9
26
-34
7
14
-5
4
-1
4
-14
5
-30
41
-85
178
-255
136
-17
-3
9
-13
2
-14
7
9
-35
27
-51
90
-57
4
3
-9
-4
22
-33
34
-34
36
-19
-12
10
1
-1
-1
0
0
0
0
0
0
0
1
0
0
0
0
-1
3
-4
0
0
0
-3
2
3
-6
-1
1
-2
0
-1
0
0
0
1
0
-2
2
0
-4
5
3
-1
0
1
1
-3
3
0
1
-1
0
0
0
0
0
0
1
0
0
1
-1
1
1
10
-11
-19
35
-33
35
-33
23
-3
-8
4
7
-57
92
-50
29
-34
11
10
-12
5
-11
12
1
-15
139
-250
182
-82
48
-26
14
-16
-13
37
34
-19
-36
-184
208
-100
28
34
-14
-21
95
-66
11
-57
-13
-46
54
63
-77
52
-9
6
-24
-48
98
-40
62
-116
42
-2
-1
5
-3
1
0
2
-2
-1
0
2
0
0
-1
1
0
-2
-2
3
-2
1
-2
1
-3
2
3
-7
1
1
-1
2
-2
0
-1
1
1
1
2
-6
1
3
-3
2
-1
2
-1
3
-2
-1
0
1
0
1
1
1
1
0
0
1
-1
2
-4
6
0
-2
44
-114
63
-39
100
-47
-23
7
-8
54
-76
64
57
-44
-11
-57
13
-64
99
-17
-11
37
31
-99
213
-180
-34
-16
41
42
-5
20
-21
-54
38
197
-140
-321
262
61
-130
83
36
-131
-6
238
-161
-135
65
167
-4
-194
39
81
-85
-26
120
70
-207
41
-23
91
-8
-20
-8
8
-10
5
0
0
-1
0
1
-1
1
1
-1
1
-1
-5
12
-7
-6
1
3
-4
0
7
-9
-6
1
2
-3
-1
0
0
0
0
-1
3
3
-4
-7
8
0
-3
4
2
-5
-6
12
-4
0
2
-1
1
1
0
1
0
-1
1
0
6
-10
9
-8
-20
-7
91
-22
42
-206
72
122
-26
-84
83
41
-193
-2
167
65
-134
-158
241
-3
-127
40
88
-129
63
265
-316
-137
201
45
-49
-14
3
-41
101
-172
237
-167
-96
109
-17
35
-73
52
-61
179
-137
52
-166
197
-102
-130
230
-126
65
-89
147
-168
123
2
-150
211
-137
10
12
5
-10
6
0
1
-1
1
0
0
0
2
-2
2
-4
5
-4
1
0
1
-1
-2
3
0
-7
1
4
-4
2
-3
0
-1
1
-1
0
-3
3
-3
5
2
-6
1
4
-1
-1
2
0
1
-3
4
-4
2
-1
3
1
0
0
1
-1
0
1
7
-8
5
12
12
-137
211
-149
2
125
-167
149
-87
66
-125
230
-128
-102
199
-165
56
-134
181
-58
55
-71
38
-15
112
-92
-164
240
-165
106
-32
-27
37
-116
167
-114
0
-41
110
-82
60
-90
46
70
-209
134
67
-206
312
-361
298
-201
78
6
41
-146
228
-265
176
-41
-29
15
-3
15
-9
-1
-1
2
-2
0
0
0
0
1
0
0
1
0
-3
0
5
-7
3
-1
-2
0
8
-21
15
-11
7
-2
-4
1
-1
0
0
2
-4
-1
9
-10
17
-21
9
2
-2
-1
3
-6
6
1
-2
2
0
0
0
0
1
0
0
2
-1
3
0
-1
-9
15
-1
15
-27
-41
178
-264
228
-145
41
8
81
-200
300
-361
312
-205
70
136
-204
74
49
-86
63
-80
115
-38
5
-111
174
-111
47
-33
12
45
-106
-78
234
-64
-101
34
7
-21
1
17
78
-100
-68
59
99
25
-306
238
-23
-29
48
-31
-110
97
72
-80
-72
113
-40
0
0
1
-2
0
-1
0
-1
0
0
1
-1
1
2
-1
0
0
-1
2
-5
3
-4
0
6
-18
13
-3
-5
1
-2
0
-1
-1
1
0
-1
2
-3
-3
14
-17
8
0
-3
4
-4
3
0
1
0
0
0
2
-1
1
3
0
0
1
0
0
-1
0
1
0
-39
114
-72
-80
74
99
-109
-29
51
-27
-22
240
-305
26
101
60
-65
-96
82
21
4
-18
9
35
-97
-60
237
-75
-99
50
20
0
-20
0
46
-160
223
-81
-137
138
-59
50
-78
-115
295
-184
37
37
-20
-4
-23
-55
32
25
-4
5
9
-58
12
3
76
-57
-11
6
1
-1
1
-1
0
-1
1
1
-1
0
2
0
0
-1
0
-1
-3
7
-8
0
2
-2
3
-8
2
4
-4
1
-1
-1
-1
-1
1
-1
-2
2
-4
5
3
-7
3
-2
3
1
-6
7
-2
0
0
0
0
0
2
1
0
1
2
0
0
1
3
-2
2
6
-10
-55
77
4
14
-56
9
7
-4
26
33
-54
-21
-3
-19
38
40
-180
299
-112
-73
54
-55
140
-134
-76
228
-157
53
6
-12
-2
-6
5
12
-86
37
43
-10
-53
51
-59
31
-77
135
-71
26
-43
38
-43
10
10
9
-9
-13
16
-24
22
0
-23
28
-24
4
4
-1
0
0
-1
0
-1
1
1
-1
2
-1
1
1
-1
1
-1
0
0
-1
0
-3
0
-3
3
-2
-3
0
-1
0
-1
-1
0
0
-1
0
-1
2
-3
0
4
-2
2
-2
1
-2
1
-1
0
1
-1
2
0
-1
2
-1
0
2
0
0
-1
3
0
-1
4
6
-23
29
-22
0
23
-23
17
-12
-8
10
11
11
-43
39
-42
30
-69
139
-74
35
-55
54
-51
-7
47
43
-83
18
9
3
-6
-5
-6
-39
31
-48
111
-70
3
-6
-8
16
-77
112
-80
52
-63
60
-53
22
-5
3
-3
6
-18
23
2
-22
8
-28
33
-10
0
-1
0
0
-1
2
1
0
0
0
0
1
1
0
0
0
-1
-1
-1
-2
3
-3
0
0
-1
1
-1
0
-1
-1
-1
0
0
0
0
0
0
0
-1
1
0
1
1
-3
3
0
1
2
0
0
0
0
2
1
-1
1
0
-1
1
0
0
0
0
0
0
-10
34
-28
9
-21
3
25
-17
7
-1
4
-4
23
-52
61
-62
54
-76
114
-74
19
-3
-2
4
-67
114
-43
35
-31
0
2
-10
-12
-2
-4
21
-58
73
-82
49
-18
6
-3
-59
79
-1
9
-92
65
-23
-2
12
-11
4
-4
2
-12
15
-14
9
-8
4
-3
-1
-1
-1
2
-2
1
-1
1
1
-1
2
0
0
0
-1
-1
-2
-2
0
-1
-1
1
0
-2
-1
2
-2
-1
-1
-1
-2
1
0
0
0
0
0
0
0
2
0
-3
1
1
0
-1
1
-1
-1
-1
0
1
0
-1
2
-1
1
1
0
2
-2
3
-1
0
-1
-3
5
-8
11
-12
16
-10
3
-2
4
-9
13
-2
-22
67
-91
12
3
82
-57
1
8
-15
51
-78
76
-54
24
4
3
-3
-11
-10
-5
11
-3
34
-112
83
-47
31
-28
28
-61
98
-78
-1
18
-4
31
-68
37
-6
0
0
-23
32
-14
-6
0
5
-12
4
-1
1
0
-2
1
0
0
0
-1
1
0
1
0
0
0
0
0
-2
-1
-2
0
-1
-1
-1
1
-2
-1
-1
-1
-1
-1
1
-1
1
0
0
0
1
0
-1
2
0
1
0
1
0
0
0
1
1
1
1
1
0
-1
2
0
1
0
0
1
-1
0
3
-1
6
-11
5
2
-5
-12
34
-21
3
1
-5
38
-67
33
-2
19
1
-74
101
-57
30
-24
33
-44
87
-108
37
0
19
0
-2
-13
0
-12
1
-1
14
-71
50
-2
-9
-18
14
1
-17
4
5
-5
1
-28
32
-11
-2
-5
0
9
-20
16
7
-29
14
-4
3
-1
2
0
1
1
0
1
-1
0
0
1
0
1
0
1
0
-1
0
-1
0
0
-1
0
-3
1
-1
-1
-1
-1
-1
0
-1
0
0
1
0
0
1
1
-2
1
-1
1
0
0
1
0
1
0
-1
0
1
1
0
2
1
-1
-1
1
-1
0
1
-1
2
-1
4
-4
14
-27
8
17
-19
10
1
-4
0
-11
33
-27
3
-4
8
7
-14
4
17
-14
-7
-1
55
-68
17
2
7
-5
9
-10
-5
2
-19
15
13
-57
1
24
-12
9
-16
3
30
-41
11
-12
6
4
-12
6
-1
-2
7
-11
-1
11
-12
-12
10
4
-7
0
0
1
0
0
1
-1
1
0
1
0
1
0
0
0
-1
0
0
-1
0
0
-1
0
-1
-2
1
-2
0
-1
-1
-1
0
-1
0
-1
-1
0
0
-1
2
-2
1
1
-1
1
1
-1
1
1
0
0
1
-1
0
-1
0
0
1
-1
-1
0
0
2
2
0
-7
6
11
-10
-10
13
1
-9
7
-1
-1
6
-10
5
7
-11
14
-38
33
6
-14
13
-8
26
5
-54
17
19
-12
7
3
-9
-2
-21
20
8
20
-115
64
1
-10
4
-2
2
-31
11
19
-13
0
-14
5
9
-6
-2
-4
6
-7
8
-13
9
-3
-11
9
-3
-1
2
0
0
0
0
-1
0
3
-2
0
-1
1
0
1
-2
0
-1
-1
2
-1
1
-2
0
-2
0
-1
-1
0
-1
-1
-1
0
0
0
0
-1
0
-1
1
-1
1
-1
2
0
0
1
-1
1
1
0
-1
1
-3
2
0
0
1
-1
1
0
2
-1
-3
10
-11
-1
9
-11
9
-7
7
-4
-1
-6
11
7
-14
1
-12
22
14
-27
5
-1
6
-5
2
68
-112
24
11
27
-17
6
-11
-8
16
-42
32
12
-80
50
-12
4
-4
-9
-5
17
-15
2
-5
-6
4
-3
0
1
-1
-3
5
-10
5
6
-1
-18
10
-2
-1
-1
0
-1
0
0
0
0
0
0
0
0
0
0
1
-1
-1
-1
-1
-1
-1
1
-1
-2
0
-1
-2
-1
-1
0
0
0
-1
0
0
0
0
0
1
0
1
0
0
2
-1
1
-1
-1
0
0
1
-1
1
0
0
0
1
0
0
2
1
1
0
1
-1
0
11
-18
0
7
6
-10
6
-2
1
1
2
-1
4
-6
-4
5
-12
21
-2
-5
0
7
-11
52
-76
15
36
-36
20
1
-9
0
-20
-3
-8
71
-80
-7
27
-14
13
-23
5
7
-13
-2
2
-1
-9
25
-26
5
-2
0
-2
-6
15
-17
3
-5
6
-1
-1
0
-2
2
-1
1
0
0
0
1
1
0
0
-1
0
1
-1
-1
-1
0
-1
0
-2
0
-1
-1
-2
0
-1
-1
-1
-1
0
0
-1
0
0
1
0
1
0
0
0
0
0
0
0
-1
0
0
0
0
1
0
1
1
0
0
1
0
0
2
-1
0
-1
-2
7
-5
4
-15
16
-5
-1
1
-1
8
-25
27
-7
1
3
1
-11
11
8
-20
16
-10
28
-3
-77
75
-6
4
-16
9
-7
-3
-11
-8
8
21
-50
20
-10
5
-8
0
-9
10
-13
-4
10
-2
-15
19
-13
2
-4
3
-1
1
1
-2
-3
-2
1
-1
1
-2
-1
0
0
-1
0
1
0
1
0
0
2
-1
0
-1
-1
0
-3
1
0
-2
0
0
-2
-1
-2
-2
0
-2
-2
-1
0
-1
0
0
-1
1
0
1
-1
1
0
0
0
1
-2
-1
0
0
0
-1
2
1
1
1
0
0
0
0
0
0
0
-1
1
0
1
-2
-3
-2
1
1
1
2
-3
3
-12
21
-14
0
11
-2
-9
14
-6
2
-6
9
-8
25
-47
23
11
-1
-7
4
-9
-9
11
-19
10
-6
-24
17
-6
-2
-6
1
-13
13
10
-29
6
6
-12
7
-1
-3
-2
1
2
-14
2
4
2
-6
0
-1
2
0
-1
1
1
-2
-1
0
0
0
1
0
1
-1
0
0
0
-1
-1
0
-1
1
-1
-1
0
-1
0
-1
0
-1
-1
-1
-1
1
-1
0
0
-1
0
-1
0
0
1
1
0
1
0
0
1
0
1
-1
2
0
1
0
0
0
1
-2
1
1
-1
2
2
-1
1
-6
3
5
3
-13
4
3
-2
0
0
9
-10
6
7
-27
14
16
-11
4
-5
3
-5
21
-21
-2
14
-13
15
-1
-8
-3
-14
-5
16
-23
5
-11
12
-8
1
-8
7
-11
-16
38
-36
13
-15
25
-17
0
-1
2
-4
6
-10
5
-6
2
-2
1
-2
2
-1
0
0
0
-2
0
0
1
-1
-1
0
0
-2
0
0
-1
-1
-1
-1
0
0
-2
-1
0
-2
0
0
-1
0
-2
0
0
0
0
0
0
0
1
0
1
1
0
0
0
-1
0
1
1
0
1
1
0
-1
1
0
1
-1
1
1
1
0
2
-2
1
-2
4
-6
7
-8
6
-3
3
1
1
-16
26
-15
15
-35
42
-13
-8
9
-5
3
-6
13
-8
9
-20
19
2
-8
6
-8
-5
-3
-3
-11
-5
13
-12
-4
4
-12
4
1
-2
-17
11
-5
-7
4
1
-3
-1
1
-3
4
-11
10
-2
-4
1
-4
0
2
-1
0
0
-1
0
1
-1
1
0
1
0
0
0
1
-1
0
-2
-1
-2
0
0
0
-1
-1
-1
-1
-2
-1
-1
-1
-1
0
0
0
0
0
0
0
-1
0
0
1
-1
0
-1
-1
-1
1
0
0
-1
0
0
2
1
1
0
1
0
0
1
0
0
2
-1
-3
2
-3
-2
11
-11
5
-3
2
0
-3
2
6
-6
-4
14
-15
2
5
5
-10
7
-3
-8
17
-1
-8
4
1
3
-9
-6
-1
-3
-17
16
-10
-3
-6
-5
8
-3
-15
15
-6
-16
9
0
-5
-11
8
-1
0
-3
2
-11
13
-11
-1
-1
3
-1
0
0
0
0
0
1
0
1
0
0
0
1
0
0
0
0
0
-1
-1
-1
0
0
0
0
0
-1
0
1
-1
-1
-2
-1
0
0
0
0
0
1
0
-1
1
1
0
0
0
1
1
-1
1
1
0
1
0
1
-1
1
0
0
0
1
1
-1
1
0
0
-2
3
0
0
-9
15
-8
3
-2
1
0
8
-8
-3
1
10
-12
-3
18
-12
0
11
-1
-4
1
-4
20
-15
5
3
1
-1
-4
-7
-4
2
-1
-4
-5
-1
-2
-2
-2
0
0
-3
-4
0
2
0
-3
-2
0
0
-1
-2
-1
-1
-2
-1
1
-1
-3
-1
1
1
-1
0
0
0
-1
-1
1
1
-1
-1
0
1
0
-1
-1
0
-1
-2
-1
-1
-1
-1
0
0
-1
-1
0
1
0
-1
0
0
-1
0
0
1
-1
0
0
1
0
-1
1
1
0
0
0
2
0
0
0
1
0
-1
-1
1
0
-1
0
1
2
-1
-1
1
2
0
-1
0
0
-1
0
1
1
-1
-2
1
3
1
-2
0
2
3
0
-1
0
0
-1
-1
2
3
1
-2
0
