-8
-8
0
-7
-2
-6
-3
-5
1
-4
-1
-6
4
-6
-5
-2
7
-9
-4
3
1
4
-14
12
-20
10
8
-3
-10
2
5
-11
2
-7
20
-8
-6
3
-1
-1
2
0
4
-4
3
4
-7
-1
6
-6
2
-1
-1
0
-1
0
-2
-1
-1
0
-1
-2
-1
0
0
0
-1
0
-1
1
0
0
0
2
0
2
-1
-1
4
-6
7
-1
-7
5
4
-4
3
0
2
0
0
4
-6
-7
20
-6
2
-11
6
3
-9
-1
8
11
-18
14
-12
4
3
4
-3
-8
8
1
-3
-3
7
-4
2
0
4
-1
1
-1
1
-1
4
0
-8
-6
-5
-8
2
-3
-6
1
-8
8
-7
-5
6
-11
-6
12
-14
-13
27
-12
-4
6
-6
-23
48
-30
-25
44
-23
-7
17
-7
-13
-5
38
-16
-33
30
0
-10
6
-2
5
-5
-5
6
-3
15
-19
9
-7
7
-6
-1
-1
-1
0
-1
-1
-1
-1
0
0
-1
0
-1
0
-1
0
1
0
0
1
1
0
0
-5
8
-5
9
-18
14
-3
7
-5
-4
6
-1
6
-10
1
30
-32
-15
38
-4
-13
-6
18
-7
-21
46
-25
-28
49
-24
-5
7
-3
-10
28
-11
-13
17
-3
-9
9
-2
-6
10
-7
5
-3
-1
5
-1
-1
2
-8
-8
-1
-7
-1
-6
3
-7
-8
12
-11
-6
18
-27
11
-21
27
-19
22
-24
-4
12
-26
-14
57
-27
12
-11
-21
15
2
-9
13
-17
23
-24
9
12
-16
10
-4
0
12
-16
6
3
3
-9
13
-12
1
1
-1
-1
1
-2
0
0
0
0
-1
-2
-1
-2
-1
-1
0
-1
0
1
0
-1
0
-1
1
0
-1
1
2
-12
14
-9
3
2
6
-17
12
-1
-4
10
-15
12
9
-24
24
-18
13
-9
3
15
-20
-10
12
-25
58
-12
-25
13
-2
-23
24
-17
28
-17
15
-24
22
-4
-9
16
-7
-3
6
-4
2
0
4
0
-8
-7
-4
-3
-5
0
-5
-8
7
-13
12
1
-26
12
-8
37
-85
95
-73
12
8
16
-29
5
-41
107
-91
51
-32
8
-8
2
28
-52
27
6
16
-30
7
5
-4
-1
9
-5
-3
-2
15
-22
11
-2
0
-2
1
-1
0
0
-1
0
-1
-1
-1
0
-1
0
0
0
-1
0
0
-1
0
-1
0
2
1
0
1
-2
1
-1
12
-20
15
-2
-2
-5
9
-1
-4
5
7
-31
17
7
27
-52
28
1
-7
10
-31
52
-89
108
-40
5
-27
18
10
13
-72
97
-84
41
-4
15
-23
4
15
-10
9
-6
-1
3
-3
4
1
2
-9
-9
1
-9
3
-15
12
-7
-20
7
11
-20
14
-2
-9
12
-65
20
26
-4
29
-45
24
3
-39
31
-9
-1
1
-9
13
-7
-4
-6
-9
21
-9
-1
10
-11
6
-2
-8
16
-13
5
-3
4
-3
-1
0
-1
1
-1
0
-2
-1
-1
-1
0
-2
-1
-1
-1
0
0
0
-1
-1
0
0
0
0
-1
1
0
1
0
2
-1
-2
4
-2
6
-13
17
-8
-1
6
-11
11
-1
-9
21
-8
-4
-4
-5
14
-9
2
1
-9
33
-38
4
26
-45
29
-3
28
22
-64
15
-6
2
17
-18
15
11
-18
-4
15
-11
6
1
6
0
-8
-7
9
-27
4
11
87
-174
44
-68
124
37
-70
-263
271
-47
398
-453
77
-30
-94
139
112
-184
48
-62
49
89
-94
3
-10
20
89
-64
-79
50
-81
145
-67
11
-2
2
5
-10
12
-16
5
4
-5
3
-3
1
0
-2
0
-1
-1
0
-1
0
0
0
0
-1
0
0
0
1
0
1
0
0
0
1
1
0
0
1
-2
5
-4
4
5
-16
12
-10
5
3
-3
12
-67
145
-81
52
-79
-64
89
21
-10
5
-93
90
50
-60
49
-183
112
140
-93
-29
78
-453
399
-44
274
-259
-67
41
128
-66
46
-170
91
15
7
-19
15
0
-5
18
-66
46
-50
34
113
-181
61
-64
115
-232
186
466
-724
-595
1500
-220
-1040
510
385
-371
-217
493
-77
-355
241
42
-142
99
-17
-129
157
79
-205
23
69
5
-27
3
11
-6
1
3
2
-11
6
-6
12
-11
1
-2
1
-2
-1
-1
0
-1
-1
-2
0
0
0
-1
1
0
1
0
1
0
1
0
0
0
1
-1
1
0
2
-9
13
-5
6
-10
2
4
0
-8
12
3
-27
6
70
25
-204
80
157
-127
-16
100
-141
43
242
-353
-76
494
-214
-369
386
511
-1039
-220
1501
-592
-719
469
189
-229
118
-61
63
-177
116
38
-46
54
-62
25
-6
17
-64
43
-25
89
-309
54
641
-594
158
-75
-37
262
-1072
1088
977
-1812
433
289
-445
452
41
-208
283
-507
232
39
-140
298
-191
84
29
-340
196
249
-237
23
31
-36
20
-7
6
1
3
10
-26
17
-10
5
2
-4
0
-2
0
-2
-1
-1
-1
-1
-1
0
-1
-1
-1
0
-1
0
0
0
0
-1
1
1
0
0
0
-1
3
6
-9
17
-26
10
3
2
7
-7
20
-36
30
23
-236
250
196
-338
29
85
-191
298
-138
41
232
-506
284
-206
42
455
-444
290
435
-1812
978
1090
-1069
265
-34
-71
161
-590
643
59
-306
94
-22
51
-59
26
-9
2
-14
-13
42
9
-102
344
-802
649
-276
226
-353
159
1058
-1469
544
-52
-760
1236
-571
269
-295
215
164
-544
497
-489
381
-255
214
-220
92
259
-241
-3
45
-57
54
-16
12
-15
16
-19
38
-29
0
10
-18
14
-7
1
-2
1
-1
0
-2
0
-1
0
-1
-1
-1
-1
0
0
0
0
-1
0
0
0
-1
2
0
1
-1
3
-7
14
-17
10
0
-30
39
-20
16
-15
12
-16
53
-58
46
-1
-240
260
92
-219
215
-255
382
-487
499
-542
166
217
-293
270
-569
1237
-758
-50
545
-1467
1062
163
-349
229
-274
653
-800
348
-98
13
45
-6
-9
11
-7
-14
14
-29
34
-100
252
91
-803
660
-152
167
-545
1044
-1960
1768
-209
-551
1112
-1297
787
-544
369
-291
34
113
-72
130
-197
228
-277
414
-369
254
-130
-53
77
-76
80
-43
23
-24
25
-22
15
-16
29
-19
10
-8
-4
2
-1
-2
0
-1
-1
0
-1
0
-1
0
0
-1
0
0
-1
1
-1
0
-1
0
0
0
1
-1
0
3
-3
-6
11
-19
29
-17
16
-22
25
-23
23
-43
80
-75
78
-53
-128
255
-369
415
-276
228
-196
132
-70
114
36
-290
370
-542
788
-1295
1113
-549
-208
1771
-1957
1047
-542
169
-149
664
-802
95
256
-97
37
-22
19
-5
-6
-17
16
-30
15
-171
294
123
-381
174
-211
380
-454
787
-943
118
235
-315
684
-617
469
-522
659
-401
173
-148
-5
108
-196
294
-322
289
-313
263
-172
21
108
-96
81
-54
20
-6
-9
2
21
-21
18
-12
6
-8
2
-3
-1
-1
1
-3
0
-2
-1
-1
-1
1
-2
-1
0
1
-1
0
-1
1
0
-1
2
-1
1
0
1
-2
4
-6
7
-11
18
-22
22
1
-9
-5
21
-55
83
-95
107
22
-171
264
-313
289
-322
295
-195
108
-4
-147
175
-399
660
-521
470
-615
686
-314
236
122
-939
790
-451
383
-207
176
-378
126
296
-166
18
-23
20
-8
-9
-14
15
-60
92
-276
428
-4
-461
371
-187
13
142
263
-935
1377
-1591
863
-92
-315
712
-735
578
-530
614
-449
282
-268
225
-213
169
-103
19
207
-438
276
-109
111
-64
23
-6
19
-33
38
-46
35
-16
1
4
-1
1
-3
1
-2
0
1
0
-1
-1
-1
-1
-1
-1
-1
0
0
0
0
-1
-2
0
-1
0
0
1
-1
2
-3
1
0
5
1
-16
35
-46
38
-32
20
-6
25
-63
112
-109
278
-437
208
19
-101
170
-212
227
-266
282
-448
616
-528
578
-735
713
-313
-90
863
-1590
1380
-930
266
145
16
-186
373
-459
1
433
-272
96
-53
21
-6
-6
-26
34
-73
90
-298
510
-167
-250
205
-108
-85
241
37
-184
700
-1462
942
-303
-8
328
-160
-135
-1
326
-436
416
-303
252
-274
224
-159
122
-65
-2
135
-206
88
-27
11
7
4
-17
34
-39
19
-10
13
-10
6
-3
2
-3
0
-1
-1
-2
0
-1
-1
-1
-1
-2
1
1
1
0
-1
-1
1
-1
0
-1
0
0
1
-2
2
-3
6
-9
14
-9
19
-39
36
-18
3
8
12
-26
88
-206
134
-2
-64
122
-157
225
-272
254
-302
416
-434
328
0
-134
-159
329
-7
-302
943
-1461
702
-182
41
245
-81
-105
210
-249
-164
514
-294
94
-65
40
-17
-9
-18
25
-57
61
-201
233
418
-759
291
-138
103
-34
636
-872
-8
470
-463
477
-582
679
-383
154
-335
373
-180
126
-57
-40
134
-213
272
-330
350
-174
-103
105
-75
76
-30
12
-6
14
-23
28
-22
11
0
-4
0
0
-1
-1
0
1
-1
-1
-1
-1
0
-1
0
0
-1
1
-1
1
0
0
1
0
1
0
-1
2
0
0
0
1
0
-3
0
10
-23
29
-23
15
-5
12
-28
76
-74
105
-103
-173
350
-330
272
-213
135
-40
-57
128
-179
375
-334
155
-381
679
-580
479
-461
471
-4
-868
639
-31
106
-136
295
-757
423
236
-198
64
-50
29
-10
-9
-12
8
-17
-14
52
-200
734
-909
321
-40
170
-132
-334
693
-886
695
-122
-73
162
-289
243
-91
39
77
-329
404
-481
438
-340
301
-247
-69
429
-345
162
-18
-109
96
-61
36
-20
30
-35
34
-17
-19
23
-9
3
-2
1
-2
0
0
-1
0
0
-1
-2
-1
-1
0
-1
0
-1
1
0
0
0
0
1
1
0
1
2
-1
2
-2
4
-8
23
-19
-16
35
-34
29
-21
36
-58
97
-109
-17
164
-344
430
-69
-245
303
-339
438
-479
404
-327
78
41
-89
245
-288
164
-72
-119
696
-882
696
-330
-129
173
-38
325
-907
739
-197
56
-11
-10
14
-5
-11
5
-20
64
-125
312
-325
-347
614
-273
167
-268
351
-471
147
769
-805
125
98
-182
133
-169
294
-206
44
134
-179
103
3
-89
117
-163
21
245
-414
395
-129
-59
56
-44
16
-7
27
-12
-31
39
-21
11
1
-5
0
-3
-1
0
-2
-1
-1
-2
-1
-2
-1
0
0
0
-1
1
0
0
0
1
0
0
0
1
0
1
-1
0
1
-5
2
10
-21
39
-31
-11
27
-7
16
-44
57
-58
-128
395
-414
246
21
-163
118
-88
3
103
-179
134
45
-206
296
-168
135
-180
99
127
-804
773
149
-467
353
-266
169
-273
616
-344
-322
316
-123
73
-16
13
-13
21
-61
118
-180
102
-120
275
-254
65
-30
98
-112
175
-104
-276
186
203
-194
67
23
-67
20
-73
38
90
-117
84
-19
-9
27
-66
-173
297
-80
-2
21
-60
10
22
-16
6
14
-37
43
-11
-8
6
-5
3
-2
0
-2
0
-1
-2
-1
-2
0
0
-1
0
-1
0
-1
0
0
-1
0
0
0
0
0
-1
0
0
-1
1
-2
2
-4
6
-9
-11
44
-38
14
6
-16
23
11
-60
21
-1
-80
298
-173
-64
28
-8
-18
86
-116
90
40
-71
23
-66
23
69
-193
205
187
-272
-101
177
-110
101
-26
68
-252
279
-117
107
-176
124
-56
28
-13
36
-75
67
-22
-171
227
-109
82
-125
76
-40
-161
309
-87
46
-239
185
-63
-4
74
-87
29
-67
104
-18
-32
23
-19
-3
-41
20
90
-55
-36
30
-15
1
27
-25
7
14
-49
48
-2
-12
1
-3
3
-2
-1
-1
0
0
-1
0
0
-1
-1
-1
-1
0
-1
-1
1
0
0
0
0
-1
0
0
0
0
0
0
1
0
0
-2
4
-2
1
-11
-1
48
-49
14
7
-26
27
2
-15
30
-36
-55
90
21
-40
0
-18
23
-30
-17
105
-64
31
-85
76
-3
-62
185
-238
49
-85
314
-158
-37
79
-121
84
-106
231
-168
-18
75
-69
44
-5
-10
6
-41
14
68
-40
-218
352
-187
21
11
-67
54
54
-155
138
-133
149
-88
-57
155
-55
-85
78
-11
-2
-19
21
-31
20
-5
21
-44
38
-42
43
-23
1
9
-8
6
1
-4
-1
3
-1
-1
-1
1
-2
0
-2
-2
0
-1
-1
0
-1
-1
-1
0
-1
-1
0
-1
0
1
0
0
-1
-1
0
2
1
0
-1
0
-2
2
0
-1
-1
4
0
-3
0
7
-8
10
2
-23
43
-42
39
-44
21
-3
21
-31
22
-17
-2
-10
79
-83
-53
155
-57
-89
149
-131
139
-152
58
57
-64
15
26
-183
354
-214
-36
71
17
-34
11
-1
-7
-14
8
-4
10
-184
220
-1
5
-109
29
-58
67
116
-242
263
-204
28
36
1
-11
-57
67
-13
-19
10
-2
-1
-10
12
3
-15
6
-16
36
-29
14
-14
17
-9
1
2
-2
5
-7
6
-3
1
1
-2
0
-1
-1
0
0
-2
0
-1
0
-1
-1
-1
0
-2
0
-1
0
0
0
0
0
0
0
-1
2
1
0
0
1
-2
2
0
-2
7
-6
6
-2
2
1
-9
17
-13
15
-29
35
-16
6
-14
4
13
-9
0
-2
13
-18
-12
69
-55
-10
2
37
28
-203
266
-239
120
71
-55
32
-106
7
1
225
-180
13
3
12
-6
-7
-7
-3
-32
27
8
12
-125
136
-56
22
-89
108
-21
38
-191
138
-10
-11
-11
4
46
-69
90
-93
16
10
2
-2
-3
10
-18
0
28
-34
19
-15
6
8
-11
5
-2
2
2
-1
-2
2
-1
-1
0
0
-2
0
-1
0
0
-2
-1
-1
-1
-1
0
-2
1
0
0
0
0
0
0
0
0
0
0
0
-1
1
-1
1
-1
0
-2
2
-1
0
3
2
-4
6
-10
8
7
-14
20
-34
27
0
-16
9
-2
-2
4
11
17
-91
92
-68
49
5
-10
-10
-7
139
-187
42
-18
111
-86
26
-51
138
-120
15
12
31
-24
1
3
-12
7
-23
-16
25
-31
31
64
-121
-6
46
3
-18
46
-106
135
-120
65
-56
52
-25
11
15
-51
23
6
-1
-3
-10
10
0
-17
34
-44
14
12
-9
0
4
-4
1
1
-1
5
-5
2
0
-1
1
-2
1
-2
-1
1
-2
1
-1
-1
-1
-1
0
-2
-2
-1
-2
0
-1
0
0
1
-1
1
0
1
0
3
0
0
2
-2
2
0
0
3
-5
5
-1
0
2
-4
5
1
-7
13
15
-44
34
-15
1
12
-9
-1
0
9
24
-51
17
12
-24
54
-54
65
-119
137
-104
49
-15
7
49
-3
-118
67
35
-27
27
-10
-18
16
-7
-4
-12
1
14
-66
65
3
-45
24
-5
-23
-4
53
-63
19
9
-22
19
-7
10
-38
27
12
-24
8
0
-5
3
5
-6
-10
18
-19
9
-4
6
-2
-2
2
1
-1
0
4
-6
3
0
1
-1
0
-2
0
-2
0
-2
-1
-1
-1
0
-1
1
-1
0
-1
0
-1
0
1
1
0
0
0
0
1
0
1
-1
2
-1
0
0
2
0
2
-5
4
0
0
0
3
0
-3
6
-3
9
-19
18
-10
-4
6
4
-4
1
9
-23
13
28
-37
11
-6
20
-21
10
22
-60
56
-1
-19
-2
29
-43
6
68
-63
17
8
-6
4
-9
-9
0
-13
2
29
-21
-89
114
-37
-1
13
-19
-24
14
-34
53
-19
7
-30
14
24
-50
55
-41
5
5
-9
4
-7
8
-7
-1
1
2
-3
2
-3
5
-2
-1
3
-1
2
-1
0
0
0
-1
0
-1
-2
0
-2
-1
-1
-1
-1
-1
0
0
-2
-1
0
0
0
0
-1
0
0
0
1
0
0
0
-1
1
-1
0
1
0
0
0
1
-2
2
0
2
-1
-3
5
-3
2
-3
3
1
-1
-6
9
-6
5
-8
7
8
-40
57
-48
26
14
-28
9
-19
54
-31
19
-20
-16
16
1
-36
116
-85
-17
32
4
-5
4
-2
-9
-6
-3
-1
2
-54
59
13
-65
20
11
-16
-20
71
-57
6
-20
1
2
35
-44
7
6
-9
8
-4
2
-4
1
-4
3
-4
9
-12
3
2
-2
0
2
-3
2
0
1
-1
0
0
0
1
0
-1
-1
-2
-1
-2
0
-1
-1
0
-1
-1
-1
0
-1
1
0
1
-1
0
0
0
0
0
0
-1
0
1
0
-1
0
1
1
1
0
0
1
0
1
0
2
-3
3
1
-1
3
3
-12
9
-3
5
-4
2
-3
2
-1
9
-7
9
8
-44
37
3
4
-19
10
-53
75
-16
-13
14
23
-64
18
63
-51
4
6
2
1
-9
-4
-3
-5
3
-51
60
12
-61
25
-6
-8
22
-53
51
-13
-17
10
-6
11
-22
20
-16
13
-12
1
2
0
-3
1
-2
-2
-1
3
-4
5
-3
-1
1
-2
1
1
0
-1
-1
1
0
-1
0
-1
1
-2
0
0
-1
-1
-1
-1
-1
-2
-1
0
-1
-1
0
0
0
-1
0
1
0
0
0
-1
0
1
1
-1
1
-1
1
0
1
2
0
1
1
0
1
-1
3
0
-2
6
-2
4
-1
-1
0
1
-3
1
3
0
-10
13
-13
21
-21
13
-5
10
-16
-11
54
-52
25
-6
-4
27
-60
16
64
-47
5
3
2
2
-8
-9
1
-9
-1
4
-7
-38
58
-28
-9
13
-11
10
-11
-32
33
-6
1
-9
11
-4
-11
9
-7
-1
1
2
-4
-1
1
-3
-1
4
-3
-1
1
-2
3
-3
1
0
-1
1
0
-1
1
-1
-1
0
-1
-1
-1
0
-2
0
0
-1
-1
-1
-1
-1
-1
-2
1
0
0
0
0
-1
-1
-1
1
0
0
0
0
-1
-1
1
0
1
2
1
1
1
-2
0
1
-2
2
-2
1
0
-3
6
-1
-3
2
1
-3
2
1
0
-6
12
-9
-3
12
-8
2
-5
34
-29
-8
13
-8
17
-5
-25
61
-35
-3
9
2
0
7
-2
-9
-7
-4
-7
0
1
-6
-25
27
-9
-7
6
-24
15
-12
27
-29
-3
6
-2
2
-7
5
-2
0
-4
0
0
-2
-1
3
-4
2
-2
0
0
4
-4
2
-2
3
-2
4
-2
1
-1
0
-1
0
-1
-1
0
-2
1
-1
-1
-2
0
-1
-1
0
-1
0
0
-1
0
0
0
0
0
-1
0
-1
2
0
0
0
1
0
0
1
-1
1
0
2
-4
4
-2
3
-1
3
-4
4
0
0
-1
2
-4
3
-1
-1
2
0
-2
2
-2
7
-5
2
-2
6
-2
-28
31
-9
17
-21
9
-4
-6
29
-21
-3
5
3
2
1
3
-9
-4
-7
-1
-3
-21
16
8
-21
2
-8
18
-27
3
1
-17
17
4
-12
4
-8
7
-4
-5
6
-4
-2
-1
0
0
-1
-1
-1
2
0
-2
2
-3
3
-2
0
1
-3
2
1
0
-1
-1
0
0
-1
-2
-1
0
-1
-1
-1
-1
-2
0
0
0
-1
0
-1
1
-1
0
0
0
0
1
0
0
0
0
0
0
-1
1
0
0
-1
1
1
3
-3
1
1
-2
4
-3
2
-2
0
2
-1
0
0
1
2
1
-1
-3
7
-4
-3
8
-7
5
-10
3
18
-14
4
6
-22
20
-5
6
-19
11
21
-18
0
7
-2
3
-8
-5
-5
-1
-10
2
-9
-4
9
-8
2
-10
-3
-6
10
-15
13
-16
10
-4
-3
3
-6
5
-6
0
-3
3
-6
1
0
-4
2
-3
3
-1
-1
1
1
-5
3
-2
-1
3
-1
2
-2
2
-2
0
-2
-1
-1
0
1
-3
0
-1
-1
0
-1
0
-1
0
0
0
0
-1
0
0
0
0
1
-1
2
0
-1
-1
0
0
-1
2
-2
3
-2
4
-1
-2
3
-3
0
1
-1
0
4
-3
2
-4
1
2
-5
5
-2
1
-5
7
-5
5
-3
-3
11
-14
14
-12
13
-3
0
-7
7
-5
11
0
-5
7
-7
5
0
2
-8
-13
4
-1
-16
12
-17
-12
19
-8
-6
4
-8
0
-10
15
17
-65
51
-23
12
-15
13
-10
5
-3
1
-2
0
-2
-2
7
-1
-14
4
3
0
2
-3
1
0
2
-1
2
-1
0
1
1
-5
2
-1
-1
-1
1
-2
-1
0
-1
-1
-1
0
0
-1
-1
-1
0
0
0
0
0
0
0
1
0
-1
2
0
1
-1
4
-4
1
2
0
-1
2
-1
4
0
1
-2
2
0
4
6
-13
-1
8
-1
-1
1
0
2
-2
7
-10
14
-14
13
-21
52
-64
18
19
-7
2
-5
7
-2
-5
22
-9
-15
17
-13
8
8
-3
-8
-4
2
0
-6
-7
-2
0
-3
-6
-3
1
-1
-3
-4
-4
-3
-1
1
1
-2
-2
0
0
-3
-3
-1
2
1
-2
-2
-1
0
0
1
1
0
-1
0
2
0
-1
-1
2
1
0
-2
1
1
-1
-1
0
1
-1
-2
-1
1
-1
-1
-1
1
-1
-1
-1
0
0
-1
0
1
0
-2
-1
1
0
0
0
1
0
0
0
2
1
-1
-1
2
1
0
-1
0
1
0
-1
1
2
1
1
0
-1
-2
-2
1
3
1
-2
-1
2
1
-1
-1
2
2
1
-2
-2
-1
0
2
3
-1
-2
-1
4
2
-3
-3
4
6
1
