-9
-6
-2
-6
-1
-3
-4
-1
0
-1
-16
19
-10
-9
-1
4
-5
-7
7
4
-21
17
-4
-9
5
-3
5
-13
16
-18
11
6
-26
7
6
14
-22
14
-2
-12
13
6
-21
9
-1
8
-8
-7
12
-5
0
10
-13
-9
8
2
2
-4
2
-7
1
-1
1
-1
0
0
1
-1
3
-6
2
-3
3
3
8
-8
-12
11
1
-5
13
-6
-9
8
-1
9
-21
6
13
-12
-1
14
-22
14
7
8
-26
7
13
-16
17
-12
6
-3
6
-6
-3
18
-20
5
9
-6
-4
5
3
-6
-7
21
-13
3
1
2
-1
2
2
2
2
2
-8
-5
-4
-4
-3
-5
-3
-2
-5
-4
16
-23
7
4
-20
11
1
-4
-11
-10
24
-5
-9
2
-6
2
5
-12
9
-11
13
-18
34
-54
37
-10
4
2
-3
-12
15
-5
-8
24
-26
3
21
-16
6
-19
26
-22
7
5
-22
28
-20
8
1
-3
-2
2
-2
1
0
0
-1
2
-2
-2
1
9
-19
30
-21
5
8
-21
28
-18
7
-16
20
3
-25
23
-8
-6
15
-10
-3
3
4
-10
38
-54
34
-15
14
-10
10
-11
7
4
-5
4
-8
-2
25
-10
-10
-3
2
15
-17
9
10
-20
18
0
-2
1
1
1
0
4
1
4
-9
-6
-3
-6
-4
-2
-2
-4
-5
9
-41
72
-70
24
-10
18
-23
9
4
-22
15
-5
4
-6
-18
25
-8
-10
3
11
-22
23
-38
38
-16
7
-4
-4
11
-8
6
3
-37
38
33
-36
-58
72
-15
-6
10
-18
5
5
19
-33
18
-16
16
-7
-3
-1
0
-1
0
0
1
0
-1
-6
17
-16
19
-33
20
4
6
-17
10
-6
-14
72
-58
-36
33
37
-37
2
6
-9
12
-4
-4
6
-16
38
-38
23
-20
12
4
-8
-7
26
-16
-4
6
-3
16
-19
5
11
-22
21
-8
26
-67
77
-38
12
-3
0
2
1
0
2
1
3
-8
-6
-2
-7
-3
-4
-3
-3
-2
9
-47
67
-45
4
4
-17
27
-33
-2
24
-21
29
-27
13
-16
-9
8
9
-25
23
-10
-15
13
4
3
-11
-3
-4
20
-24
52
-61
46
-78
49
16
-5
6
-8
-5
-5
23
-21
-20
38
-22
5
0
1
-2
-3
1
-1
-2
0
-1
0
2
-2
-2
1
1
6
-21
38
-20
-21
25
-4
-4
-7
6
-5
16
48
-79
46
-60
52
-24
21
-4
-2
-9
4
3
13
-12
-8
25
-24
11
10
-8
-15
15
-25
30
-20
26
-2
-31
28
-13
8
8
-42
69
-44
14
0
0
1
0
0
1
1
2
-9
-6
-3
-5
-2
-3
-2
-5
-1
-5
18
-30
30
-29
6
-6
-9
11
-2
4
1
-38
51
-24
-2
10
-18
3
10
-6
-13
12
17
-18
-15
16
-5
-2
0
18
-7
-16
25
-57
77
-69
30
9
-11
5
-6
3
-10
25
-46
52
-41
18
-4
-1
0
-2
-1
-1
0
1
0
0
1
0
-3
18
-41
53
-44
27
-10
4
-5
5
-10
10
31
-68
79
-57
25
-16
-7
17
1
-1
-4
17
-15
-17
17
14
-12
-6
12
4
-18
11
0
-22
52
-36
2
4
-1
11
-8
-2
10
-25
32
-27
22
-2
1
-1
1
0
0
2
1
2
-9
-6
-4
-6
-3
-4
-2
-4
-5
-9
20
-1
-28
12
-1
-17
14
-1
18
-28
1
1
1
-14
15
-9
12
-19
27
-29
13
-34
54
-32
-8
6
13
-4
-17
27
-32
29
-31
68
-76
19
11
9
-25
23
-11
0
8
-5
-23
12
8
-2
-6
-2
3
-2
-1
-1
0
0
-1
-2
3
-3
-5
1
9
15
-22
-5
9
2
-10
24
-24
10
11
19
-76
68
-31
30
-32
26
-17
-3
13
7
-6
-30
54
-32
15
-28
29
-17
14
-9
15
-12
1
3
2
-26
18
1
15
-14
2
15
-25
2
24
-5
-3
-1
2
0
0
2
0
2
-8
-6
-4
-5
-2
-5
-1
-7
5
9
-70
94
-54
-3
17
-18
-19
41
-41
19
5
-7
-19
24
-16
-10
24
-18
5
-2
-2
0
14
-26
-3
33
-22
-1
-12
23
23
-70
17
98
-90
0
0
25
-5
-4
0
-6
-4
4
-18
40
-21
-7
-4
4
-1
1
-1
-1
0
0
-1
1
-1
5
-4
-5
-20
41
-18
5
-4
-6
0
-2
-4
26
0
-1
-90
98
17
-72
24
24
-12
-2
-22
35
-4
-25
14
1
-2
-1
7
-18
25
-10
-15
25
-17
-4
6
21
-41
42
-18
-15
20
1
-51
99
-68
14
6
-4
2
0
1
2
0
2
-9
-8
-3
-6
-2
-2
-2
0
-26
40
-12
-18
-15
29
-32
28
-15
6
-7
-35
57
-29
-9
32
-32
4
-10
11
-12
20
-24
18
-25
31
-26
22
-10
2
-14
23
-14
1
-22
78
-54
-11
25
-20
9
-4
-6
0
6
-5
-4
2
5
-5
-5
1
1
-2
-1
-1
0
-1
0
-2
2
1
-3
-3
6
4
-4
-3
7
2
-4
-4
10
-19
26
-10
-54
79
-22
0
-14
23
-15
2
-9
22
-27
33
-25
18
-23
21
-11
12
-9
7
-31
33
-7
-27
58
-33
-6
6
-14
31
-29
33
-13
-15
-9
44
-25
2
0
0
1
1
2
2
-3
-17
6
-3
-17
5
-6
23
-59
46
41
-145
109
-16
-70
87
-34
-7
-6
25
-4
-37
33
-23
17
-3
-15
10
-2
0
-3
-4
-34
57
0
-33
13
-14
8
34
-62
43
-6
2
9
-36
38
-9
-7
-3
5
-4
8
-16
10
-1
-2
-1
-1
0
-2
1
-2
-1
0
1
-1
1
-1
1
-1
0
-2
0
11
-16
9
-2
6
-2
-6
-9
37
-35
9
3
-6
43
-62
36
9
-14
13
-34
0
58
-34
-2
-2
2
-1
10
-13
-2
18
-22
34
-36
-4
25
-5
-6
-33
91
-66
-13
113
-142
43
49
-57
26
-1
8
-14
6
13
-8
-13
11
-38
39
-40
38
38
-181
-45
354
-221
-49
169
-101
-146
138
56
-86
2
18
-46
95
20
-123
50
-3
2
13
-42
21
35
-68
29
78
-72
-70
100
-44
-23
83
-83
60
23
-68
22
-25
28
11
-18
2
6
4
-10
2
-4
-9
3
12
-12
3
-1
-3
0
-1
0
-1
1
-2
1
4
-11
13
4
-7
-3
3
-9
5
6
2
-17
10
27
-26
22
-66
23
59
-82
83
-22
-44
101
-69
-70
79
29
-68
36
22
-41
14
2
-3
51
-122
22
97
-46
19
3
-86
57
140
-142
-98
172
-47
-218
357
-43
-178
42
43
-37
46
-33
18
-9
-4
-5
-1
10
-77
166
-156
-20
350
-562
247
104
-259
198
-43
28
35
-111
-6
146
-199
162
-13
-37
-25
6
16
-2
0
-39
24
6
24
-59
44
-14
7
-16
12
17
-12
-44
50
-2
-33
19
12
-11
-6
2
-3
13
-8
-7
9
-7
0
4
-2
-1
-1
-1
-1
-1
0
0
1
-1
-1
4
0
-6
9
-6
-7
13
-2
3
-5
-10
13
20
-33
-2
51
-43
-11
18
13
-15
8
-15
46
-58
24
6
24
-39
0
-2
18
8
-23
-36
-12
163
-197
148
-4
-110
37
29
-40
201
-256
108
249
-559
354
-18
-152
170
-73
13
7
-1
4
-2
-19
35
-79
68
-12
-144
295
-385
518
-635
652
-632
513
-361
182
-5
-93
125
-179
145
11
-51
-28
18
0
-4
21
-24
12
-10
1
-21
70
-73
41
-27
16
-8
17
-5
-19
-9
49
-59
29
-1
9
-15
16
-18
12
-9
5
-4
-1
1
-1
-1
-2
0
-2
-1
-2
1
0
0
-2
0
-2
1
0
2
-1
-2
7
-8
13
-18
16
-14
9
-1
28
-59
50
-8
-19
-4
18
-7
16
-26
42
-73
72
-21
2
-10
13
-23
22
-2
0
19
-27
-49
11
146
-177
126
-89
-4
185
-358
515
-628
655
-633
522
-383
299
-141
-8
71
-71
40
-10
-15
14
-41
35
-12
-47
76
-73
18
155
-65
-441
133
503
-89
-320
48
3
50
160
-129
-111
62
28
-12
9
-1
7
-46
58
-43
2
12
63
-128
79
-14
-7
7
5
-15
12
19
-12
-21
7
0
9
-10
10
-10
7
-8
-1
2
11
-13
-5
5
-2
-1
-1
0
-1
0
0
0
0
0
-1
7
-4
-12
14
2
0
-7
7
-10
11
-9
8
0
8
-21
-13
19
12
-15
5
7
-8
-14
80
-127
63
12
4
-43
59
-44
8
-1
10
-11
29
62
-110
-127
162
52
5
49
-316
-85
505
137
-437
-62
158
20
-70
79
-43
-9
42
-36
22
-6
-22
-9
64
-34
-16
-70
-31
287
-391
266
-55
-345
597
-363
98
15
9
-36
-107
187
-140
43
-7
10
-23
11
-7
2
17
3
-16
-16
18
-1
-20
4
29
-36
24
1
-5
-2
18
-33
14
1
0
6
-7
-6
3
7
-7
-7
9
-4
-5
-1
5
-3
-1
-1
0
0
0
-1
0
-3
7
-1
-4
-3
10
-6
-5
8
4
-6
-6
7
1
1
15
-33
20
-1
-5
1
26
-35
29
5
-20
-1
19
-16
-16
5
18
4
-6
12
-22
11
-6
46
-138
187
-105
-34
9
16
101
-359
601
-341
-51
269
-387
289
-28
-65
-13
-31
71
-4
-11
-8
-12
11
-31
-5
-32
161
-330
238
297
-762
797
-587
154
299
-380
179
-36
48
-130
119
-52
-92
114
-42
9
-4
30
-58
66
-90
100
-76
29
14
-35
12
14
-8
-11
6
4
3
0
-1
-7
7
-4
2
-4
7
-12
14
-13
6
-10
7
-1
-3
0
-2
-1
-1
-1
0
0
0
0
-2
1
-3
-1
8
-11
6
-14
15
-11
9
-3
3
-3
7
-8
-1
-1
4
4
6
-10
-8
14
12
-34
15
30
-76
101
-89
68
-57
31
-2
11
-41
116
-90
-48
120
-127
49
-35
180
-376
302
158
-584
801
-759
301
239
-326
165
-27
-2
-22
16
-4
-13
19
-1
-70
43
26
-101
94
94
-346
-77
464
167
-235
-562
436
78
-50
105
-134
-193
177
142
-159
55
-39
-1
9
29
-26
11
-43
-25
113
-79
2
38
-34
11
15
-12
9
-33
35
-15
5
4
-3
1
-4
-4
-3
8
1
1
-9
0
0
2
-2
-1
-1
0
0
0
0
0
-1
1
-1
2
0
1
-7
2
1
8
-2
-3
-2
2
-3
5
3
-16
35
-33
9
-13
15
11
-33
38
3
-78
115
-25
-42
13
-26
30
10
0
-36
56
-159
144
178
-192
-133
106
-49
79
439
-559
-231
169
467
-73
-344
96
100
-96
29
47
-62
5
28
1
-32
56
-93
88
-39
-76
285
-353
150
-292
536
-373
202
-215
102
64
-84
-16
69
-23
2
-55
87
-47
-23
17
2
18
-36
3
37
-16
-44
70
-68
56
-35
6
8
-1
-7
13
-7
-3
5
-6
13
-14
9
-5
-8
10
-5
4
1
-11
8
-4
-1
2
-2
-1
-1
0
-1
1
-1
2
-1
-3
8
-10
2
5
-5
10
-7
-4
9
-13
15
-6
6
-3
-8
13
-7
0
8
6
-35
56
-67
71
-41
-16
37
4
-35
19
3
20
-22
-46
88
-53
3
-23
69
-15
-82
65
106
-212
204
-370
538
-288
152
-350
288
-72
-36
91
-85
61
-23
-15
14
2
-53
0
62
-60
-100
18
183
7
-58
-51
-72
95
-34
36
-81
37
-5
51
-28
-30
-27
53
-16
8
-8
-13
13
17
-2
-27
-29
47
17
-32
4
1
-1
7
-16
11
21
-9
-8
-9
10
0
-4
-1
-2
3
0
-5
-2
6
-7
5
-3
-1
0
0
-1
0
0
1
-1
-1
-1
6
-6
7
-1
-3
0
3
-1
0
-3
1
9
-8
-8
-9
20
11
-18
8
-1
1
5
-31
19
49
-28
-27
-3
17
13
-13
-6
8
-15
55
-26
-29
-24
52
-4
38
-79
37
-30
99
-69
-47
-54
9
185
19
-97
-56
66
3
-45
8
22
-2
-17
25
-45
13
15
-140
277
-171
-38
110
-86
-35
138
-131
43
16
-30
27
-79
103
-63
-1
23
-5
-2
-8
-4
13
-9
3
12
-25
-7
31
-2
-10
-9
11
4
-12
10
1
-23
30
-12
1
-4
5
-4
1
-1
0
-1
-2
1
-2
-1
-2
0
-2
-2
-2
-1
1
0
0
-1
-1
1
-1
1
-1
2
0
1
0
-1
2
-3
6
-2
1
-13
30
-23
2
10
-12
3
11
-9
-9
-1
31
-6
-25
12
4
-10
14
-3
-7
-2
-4
24
0
-61
104
-78
27
-29
17
45
-128
143
-31
-83
112
-36
-169
280
-135
19
16
-37
30
-10
-12
3
-7
-1
-4
20
-85
67
-26
-14
-16
41
55
-82
7
-52
80
-32
-1
-30
35
12
-29
7
-2
0
2
-3
-6
-1
-4
14
-13
12
-5
-2
4
-9
6
-7
7
-5
4
-3
3
-3
-1
1
-3
0
-5
4
-4
-1
1
-1
-1
0
0
-1
-1
0
-2
-1
0
0
0
0
-1
0
1
0
1
1
2
-1
-3
4
-4
1
-2
2
1
-2
3
-3
4
-4
7
-6
6
-8
5
-2
-3
12
-13
16
-5
-1
-4
-2
3
1
-1
7
-28
14
35
-29
0
-31
81
-50
10
-78
58
46
-13
-13
-24
71
-81
23
0
5
-1
11
-12
-5
0
-10
1
-9
-10
-19
13
100
-116
3
14
28
-75
54
-20
-5
28
-27
-19
49
-45
15
-3
4
-4
2
-6
3
3
-8
2
6
-13
4
5
-2
-7
6
-1
0
-2
4
-4
1
0
-1
-1
0
0
-2
-2
-2
-1
-2
-1
0
-1
-1
-1
1
-1
-1
0
0
0
0
0
1
-1
1
0
1
0
1
0
-1
1
1
0
1
-1
2
-3
6
-2
-1
-1
6
-6
-1
6
5
-11
6
2
-8
4
3
-5
2
-4
4
-2
17
-43
50
-19
-26
29
-3
-19
57
-71
32
17
6
-114
103
16
-16
-7
-4
3
-4
6
3
-8
-9
-3
-1
-10
-32
90
-93
33
-7
57
-98
59
-64
72
-77
63
-52
28
7
-36
26
-3
-9
9
-13
7
-8
9
-8
6
-10
7
-1
-1
1
1
-4
1
5
-2
0
1
0
1
-1
1
0
-1
0
0
-1
-1
-2
0
0
0
-3
0
0
0
0
0
0
0
1
0
-1
0
-1
0
-1
2
-1
1
0
0
0
0
0
0
0
2
-1
1
1
1
1
-2
5
0
-4
2
2
-1
0
7
-9
7
-8
10
-7
9
-11
11
-7
-1
28
-34
9
29
-50
64
-73
76
-61
62
-94
59
-4
35
-89
94
-27
-7
5
3
-1
-10
-3
-11
4
-8
-42
96
-86
53
-95
101
-46
-5
0
11
-47
54
-26
-6
16
-13
1
-9
12
-11
6
-5
2
2
-3
-7
10
-1
-8
2
-2
4
0
-2
1
0
-1
1
1
0
-1
1
-1
0
-2
0
0
-2
-1
-1
0
-1
-1
0
-2
0
-1
-1
-1
0
0
0
0
0
0
1
-1
-1
1
0
1
-1
1
1
0
1
-1
1
-1
1
0
1
1
0
-1
-1
1
4
-1
4
-6
-1
10
-7
-2
3
2
-4
6
-9
13
-7
3
-11
17
-4
-25
55
-45
13
4
-2
-42
105
-92
55
-81
100
-38
-5
11
-6
4
-8
-4
-6
-7
6
-41
40
2
-24
19
4
-80
90
-29
-39
20
4
-11
32
-37
2
13
-8
1
-2
-1
-6
2
4
-4
-7
6
-1
-4
9
-2
-2
-2
1
-1
1
0
0
0
1
-1
-1
1
-1
-2
-1
0
-1
0
-1
0
-1
-1
0
-1
-1
-1
-1
-1
0
0
-1
0
1
0
0
0
0
0
0
0
0
1
0
1
0
0
0
0
1
0
0
1
1
-2
2
-1
-1
-3
9
-3
-1
6
-5
-4
5
3
-6
2
-1
3
-7
14
3
-35
32
-10
5
24
-35
-25
92
-78
6
22
-22
6
44
-38
10
1
-1
3
-8
-7
0
-9
1
8
-31
-1
-4
66
-78
30
-17
12
-20
2
3
16
-36
31
-33
37
-23
2
-3
2
-2
-1
-3
-1
3
-17
16
-4
-4
6
-4
-1
0
1
-1
0
0
0
0
1
0
0
-1
-1
-1
0
-1
0
0
-2
0
0
-1
-1
-2
0
0
-1
-1
0
0
1
-1
0
0
-1
0
1
1
1
0
1
-1
1
0
0
-1
1
-1
2
0
1
0
0
0
0
-3
6
-3
-3
16
-17
5
1
-2
0
-1
4
-1
5
-21
38
-33
32
-34
17
4
5
-15
14
-14
32
-75
72
-2
1
-27
11
4
-2
3
0
-8
-6
-1
-9
-2
-10
8
36
-93
62
-12
-3
-4
0
-3
-16
11
-17
21
5
1
-22
-4
11
1
-2
-3
-1
-5
0
0
1
-4
4
-1
-2
0
1
0
-1
1
-1
-1
0
0
-1
0
1
-1
0
-1
-1
0
-3
-1
-1
0
-2
0
0
-1
-1
0
-1
-1
1
0
0
0
0
0
0
0
1
1
0
0
-1
0
0
0
0
1
-2
0
0
1
-1
1
0
1
2
0
-1
0
4
-4
2
1
0
-3
0
-1
-3
2
12
-3
-21
2
6
22
-16
12
-13
0
2
-1
-1
-10
64
-91
40
11
-5
2
-1
3
1
-9
-6
-3
-9
0
-7
15
-25
13
-51
35
13
-17
-10
13
-5
-16
23
-22
4
7
-14
14
-8
-3
1
-2
-4
3
-2
-2
-1
0
-1
1
0
-1
0
-1
0
0
2
2
0
2
-1
1
-1
-1
-1
0
-2
1
-2
-1
0
-1
0
-1
0
-1
-2
-2
0
0
0
-1
-1
-1
1
-1
1
0
0
0
0
1
-1
1
0
0
-1
0
-1
2
-1
1
1
-1
0
0
0
0
1
2
0
0
0
0
-1
4
-3
-1
3
-2
-6
16
-12
8
4
-21
24
-15
-2
17
-8
-13
16
39
-47
15
-21
19
-3
3
-2
3
2
-9
-6
-4
-5
-2
-6
0
-13
21
-21
-22
41
-14
4
-23
3
-2
10
-11
-2
1
0
2
-2
-2
1
-2
-1
-2
-1
-2
0
0
1
-2
2
1
-1
1
0
0
0
0
0
0
0
-2
1
-1
0
-1
0
0
0
-2
1
0
-1
-1
-2
-1
0
-1
-1
-1
-1
-1
0
0
0
-1
0
1
0
-1
1
0
1
-2
1
0
3
-2
2
-1
1
0
2
0
0
1
-2
0
2
-2
3
0
0
0
1
-1
1
-1
2
-1
-1
3
1
2
-1
-10
11
-1
5
-19
8
-11
44
-19
-19
23
-10
5
-1
2
3
1
1
-9
-5
-7
1
-7
-7
11
-34
39
-19
-9
16
-33
25
0
-26
14
-6
5
0
-9
4
3
-7
0
0
0
0
-1
-1
0
-1
0
-1
0
-2
1
0
1
0
-1
1
0
0
0
0
0
2
0
-2
1
-2
0
-1
0
0
-1
0
0
-1
-1
-1
0
0
0
-1
0
-1
0
0
1
1
0
0
1
-1
0
-1
1
-1
1
1
-1
1
1
0
0
1
-2
1
1
-1
2
-1
1
-1
0
-1
1
-1
-1
0
0
0
1
-6
5
5
-8
0
6
-6
15
-22
3
29
-30
20
-7
-16
41
-31
14
-3
-5
9
-2
3
-9
-5
-4
-4
-5
-4
-7
30
-37
-9
-1
16
-7
-15
7
3
-14
13
-12
-5
8
-6
2
-3
-1
-1
-1
-1
0
-3
-1
0
-1
1
-2
2
-1
1
-1
2
-2
1
0
0
0
0
1
0
-1
0
-2
1
-2
0
-2
0
-2
0
-2
0
0
0
-1
-1
0
0
0
1
0
0
-1
1
-1
2
-1
-1
-2
1
-1
0
0
0
1
0
1
0
-1
2
-1
1
-1
0
0
2
-2
1
-1
2
-1
-1
0
0
0
0
0
-1
3
-5
10
-4
-10
14
-13
7
11
-11
-4
17
2
-6
-34
35
-3
-1
-2
3
0
4
-8
-6
-3
-5
-2
-5
-2
7
-22
3
3
5
-2
-6
-8
-4
9
-9
4
-2
0
-3
1
-3
-1
0
0
0
-1
1
-2
0
0
1
0
-1
1
-2
0
-1
0
-1
1
0
1
-1
0
-2
1
-2
0
0
-3
0
0
-2
0
0
-1
-1
-1
0
0
-1
0
0
1
1
0
-1
0
0
1
0
0
1
-1
0
0
-2
2
-2
0
0
1
1
0
0
0
0
1
-1
0
-1
0
1
0
0
0
0
-1
1
-1
1
0
-1
2
0
1
-1
6
-7
10
0
-5
-4
0
7
6
5
-21
10
2
-2
0
1
2
2
-2
-3
-4
-2
1
-1
-5
-6
-1
0
-1
-3
-2
-2
-2
-3
-2
-1
0
-2
-2
-1
-1
0
-1
-2
-1
0
0
-1
-1
-1
0
-1
0
0
0
0
0
0
0
0
0
0
0
0
0
0
-1
-1
-1
-1
0
0
-1
-2
0
-1
-1
0
-1
0
0
0
-1
0
0
0
0
0
0
0
1
0
0
0
0
0
0
0
0
0
0
0
1
1
1
1
0
1
-1
0
1
1
0
0
0
-1
0
-1
0
1
0
0
0
0
1
-1
-1
0
1
1
-1
-1
1
2
1
2
3
4
1
-3
-1
2
3
2
0
1
