-9
-12
11
-13
-2
-8
6
-11
1
-3
-2
-2
-4
-2
-2
-5
8
-11
2
0
-3
0
-1
-2
-1
-2
-1
-1
0
-1
-2
-1
0
-1
0
0
1
0
0
-1
0
0
0
0
0
1
-1
0
-1
-1
-1
-2
0
0
-2
0
0
-2
-1
-1
-1
0
-1
-1
0
0
0
0
0
0
0
-1
0
0
-1
1
0
0
0
1
0
1
0
0
0
0
0
1
0
-1
1
-2
1
0
1
-1
0
-1
0
-1
1
-1
1
-1
1
-1
0
2
-1
1
3
-10
9
-3
2
0
0
3
0
0
2
-7
11
-4
2
-5
16
-5
-5
-20
20
-31
29
-38
8
16
-18
4
-8
1
-21
37
-37
46
-83
46
9
-29
26
-20
10
-6
1
-2
-1
-2
-1
-1
-1
0
0
0
0
1
-2
-1
-1
2
1
-1
1
0
1
1
0
-1
-2
0
-1
-1
-1
0
-1
0
-2
-1
0
-2
2
-5
3
-1
0
0
3
-4
3
-1
2
0
0
-1
0
1
0
1
1
2
-1
0
0
1
1
-1
1
-1
1
1
0
0
-2
2
0
1
0
1
-2
-1
0
1
0
1
2
-5
10
-18
27
-28
11
46
-82
50
-34
39
-17
4
-6
7
-16
22
12
-36
32
-23
24
-11
-11
4
-17
7
-12
-5
-12
15
1
-4
-13
-9
9
12
-35
34
-22
22
-32
-8
19
16
-18
-6
4
0
-1
-2
-1
-1
-1
-2
0
0
1
-2
2
-3
2
0
5
-2
0
3
-2
-1
3
-1
0
-1
-1
-1
-1
0
-1
0
-2
2
-2
-3
1
0
0
-2
0
-1
0
1
2
-2
-2
3
-1
-1
1
0
0
0
0
-1
1
-1
3
-2
-1
2
-1
-2
5
0
2
-3
2
-1
2
0
0
0
-1
1
0
-1
0
1
5
-5
-18
17
20
-7
-31
22
-21
37
-31
14
12
-6
-11
-1
3
19
-9
-1
-7
15
-13
12
-7
-10
-3
11
-36
32
15
-57
32
1
-36
32
-12
-27
31
-62
83
-56
-3
63
-99
64
-17
-2
4
-3
-3
1
0
-5
1
-3
0
1
-3
0
4
-12
14
-5
-13
23
-12
2
8
-15
12
-3
-2
0
-2
0
-1
-1
-1
1
-5
4
-2
-3
2
0
-3
1
0
1
-2
1
3
-1
0
4
-4
2
0
1
-1
0
-1
1
-1
-3
12
-15
9
1
-11
24
-13
-5
14
-12
4
2
-2
1
0
-3
3
-3
0
1
-1
-3
6
0
-16
65
-96
63
-1
-56
84
-58
35
-24
-8
35
-33
5
35
-54
19
35
-33
18
2
-2
-7
-11
10
-27
2
34
-90
85
-35
13
-30
36
-30
-23
60
-96
104
-43
-45
89
-88
40
5
-25
11
-3
1
-1
0
-3
3
-2
0
-3
8
0
-23
34
-29
13
-6
7
-2
-1
11
-29
21
-4
-1
-2
0
0
-1
-1
-2
1
-9
8
-4
-4
5
-6
1
0
-1
0
2
-5
6
-3
-3
9
-8
3
0
1
-1
0
1
-1
0
-3
22
-30
12
1
-3
7
-5
12
-28
35
-22
1
8
-3
0
-2
4
-3
0
-1
2
-2
12
-24
7
41
-87
91
-44
-43
105
-93
62
-19
-28
39
-26
16
-34
88
-86
38
5
-20
14
-3
-11
4
-13
-5
-10
18
-7
-15
0
20
-15
-61
24
68
-5
-30
-95
70
20
38
-63
-32
24
21
-8
-6
0
0
-2
-2
0
0
-1
-1
1
0
-5
-2
5
11
-13
1
0
2
19
-25
0
4
3
0
-5
-2
1
0
-2
-2
7
1
-13
-1
6
2
-4
0
1
0
-3
1
6
-1
-13
2
8
0
0
1
1
0
-4
1
4
3
1
-25
20
3
0
2
-12
10
5
-2
-4
1
2
1
-1
0
2
-3
-1
0
1
-5
-7
23
26
-30
-62
40
21
74
-94
-27
-2
71
27
-57
-12
25
2
-11
-4
23
-8
1
-9
11
-8
-9
-9
18
-22
-11
83
-116
36
27
-45
20
25
-77
88
-60
-12
36
-44
50
-47
17
9
-25
12
-1
-2
0
5
-8
1
1
1
-2
2
2
-4
4
-1
4
-12
10
2
-20
30
-26
7
4
-7
1
4
-4
1
-2
0
-3
5
-3
-10
15
-16
7
-2
-3
1
-1
-1
6
-15
17
-9
-2
6
-2
1
0
2
-3
4
2
-6
6
8
-25
30
-20
2
12
-11
4
-1
5
-3
3
2
-1
1
2
2
-8
6
0
-1
0
14
-25
11
19
-46
52
-42
38
-11
-56
91
-74
28
23
-42
29
38
-112
86
-7
-20
25
-5
-2
-6
-10
9
-26
-1
35
-96
106
-57
27
-40
20
47
-129
173
-176
96
-25
-31
110
-140
42
31
-29
17
-9
2
-5
5
-6
2
-3
3
-7
3
7
-9
11
-14
12
-10
13
-9
1
23
-49
38
-11
-6
18
-24
13
-6
1
-1
0
-6
7
-9
1
5
-8
4
-2
1
-2
5
-8
5
3
-8
9
-5
0
0
2
-6
15
-23
18
-5
-12
39
-48
23
0
-9
13
-10
11
-13
12
-9
8
4
-7
3
-3
3
-6
6
-4
3
-7
19
-28
33
43
-138
111
-30
-24
97
-173
177
-126
50
22
-39
30
-54
109
-93
38
2
-18
14
-2
-10
2
-13
-2
-12
20
-59
59
-30
39
-42
-66
46
73
30
-131
-47
79
46
-4
-68
-2
17
20
-16
1
-1
0
-4
2
0
-4
-10
13
12
-9
-19
9
5
1
-18
18
36
-43
-27
24
0
48
-49
-23
27
6
-6
-3
0
0
-2
-3
2
1
-1
-4
0
1
-1
1
1
-5
-1
2
2
-3
0
1
0
-2
-5
7
27
-21
-48
49
1
26
-26
-43
36
20
-17
2
5
11
-19
-8
13
13
-10
-2
2
3
-4
0
1
2
-15
22
19
0
-67
-3
47
81
-46
-129
34
75
49
-63
-38
41
-28
63
-55
23
-8
6
-9
10
-9
-9
-4
11
-32
18
41
-75
31
-1
-41
72
-106
66
34
-143
138
-78
6
80
-108
58
-24
5
4
-5
0
0
0
-2
-1
1
-3
2
-5
3
2
-8
9
-2
-6
4
3
-17
51
-75
53
-10
-17
26
-23
9
-1
-3
0
-1
-1
-2
3
-6
7
-9
3
-1
0
0
4
-8
8
-6
5
-2
0
0
1
-1
-1
10
-22
27
-16
-11
53
-74
52
-16
2
5
-6
-2
9
-9
3
5
-4
3
-3
0
1
-2
0
1
1
-4
5
7
-22
61
-106
80
8
-77
139
-140
37
69
-103
75
-38
3
34
-69
45
22
-29
17
1
-2
-8
-10
7
-27
13
13
-58
58
-43
51
-77
81
-53
-39
119
-156
122
-81
38
6
-54
55
-31
9
-4
2
-1
1
-3
1
-2
-1
3
-2
1
-2
-3
2
1
-1
-3
4
-3
-18
56
-43
14
-13
-3
14
-8
3
-3
0
0
-1
0
0
-2
1
-2
-1
0
-2
1
-2
1
-1
0
2
-1
0
1
1
1
1
-2
3
-8
15
-2
-13
15
-42
57
-18
-2
5
-3
1
1
2
-2
-1
1
-1
3
0
0
1
-3
1
0
2
-3
11
-31
58
-53
7
40
-80
123
-151
122
-35
-48
83
-74
55
-41
62
-55
16
16
-19
13
-2
-12
4
-13
-9
-29
55
-2
-41
-13
23
4
-34
64
-77
-12
63
-17
1
-24
-3
35
-14
-18
0
4
-1
0
0
1
-4
-2
0
-7
12
-2
-1
-7
2
3
-5
11
34
-71
0
27
34
-24
-14
5
7
6
-14
0
0
0
0
-2
0
0
-3
-6
8
-3
-1
0
-1
-3
8
-5
-2
1
0
-1
2
2
1
1
-14
7
9
6
-14
-23
33
27
0
-71
33
11
-5
2
2
-6
-1
-2
13
-7
2
0
-3
1
0
-1
-1
6
1
-17
-10
35
-1
-24
2
-16
66
-9
-74
68
-29
7
27
-11
-38
4
58
-26
-2
-9
13
-6
-13
-2
14
-56
66
-6
-58
45
-64
39
56
-107
105
-142
147
-88
3
46
-87
106
-83
32
-2
-6
0
-2
-3
0
0
-3
0
5
-12
13
-16
15
-4
-8
13
-7
-11
28
-25
10
8
-12
8
5
-27
19
-6
1
-2
0
0
1
-1
-1
0
-3
1
-2
0
1
0
-2
2
-3
2
-1
0
1
1
0
0
1
-5
20
-26
6
9
-11
8
11
-26
28
-10
-7
14
-8
-2
15
-14
13
-11
5
0
-1
0
2
-1
1
2
-4
-1
34
-82
107
-87
46
5
-87
150
-139
108
-104
59
42
-60
47
-53
-2
70
-54
22
3
-4
-7
-6
-2
-8
-37
63
-35
-14
26
-32
15
-20
-36
99
-46
-15
17
-39
25
19
-40
17
0
-13
8
-4
0
-2
1
-2
-1
-1
-2
12
-16
10
2
-18
17
-8
5
-2
-10
37
-58
39
-11
4
2
-2
-5
-1
1
-3
-1
-2
0
-1
-1
-3
-1
4
-4
-1
0
1
-4
3
-1
-1
-1
0
1
0
0
-1
1
1
-4
-1
3
5
-10
37
-58
37
-10
-2
6
-9
18
-16
3
12
-16
11
-2
-1
0
-1
2
-1
2
-1
9
-12
2
18
-40
20
26
-39
18
-13
-43
104
-34
-17
18
-29
28
-10
-31
66
-33
0
4
0
-10
2
-9
-16
-5
27
-51
22
14
0
-22
-25
-18
99
-81
30
-19
11
-9
-31
22
14
-11
-2
-4
1
-2
0
-1
-2
0
-6
12
0
-15
3
4
0
1
1
-1
3
-6
-4
-13
62
-53
23
-9
-3
-5
5
-3
0
0
-2
-1
0
0
-1
0
-3
1
-1
0
0
1
-2
0
-1
0
-1
0
0
1
2
-2
6
-3
-2
-8
24
-52
61
-12
-5
-6
4
-1
0
1
0
4
4
-14
0
12
-5
0
-1
0
1
1
1
-3
0
-9
15
23
-30
-8
13
-18
33
-77
101
-15
-23
-19
3
16
27
-47
31
-2
-9
-5
10
-5
-16
9
-9
8
-28
20
-8
-23
43
-62
49
-78
103
-59
-6
4
-10
27
-21
1
-4
4
-3
0
0
-2
0
-1
-1
-1
-2
-1
5
-5
3
0
2
-5
4
-2
4
-3
4
-16
-1
35
-32
17
-8
2
-4
-1
1
-2
-1
-2
-1
0
-3
2
-4
0
0
1
-1
1
-4
3
-2
1
0
0
0
-1
1
0
-3
2
-8
18
-32
36
-2
-15
3
-2
3
-2
4
-5
2
1
2
-5
6
-1
0
0
0
0
1
-1
1
1
-2
6
-4
2
-19
28
-8
5
-1
-56
108
-75
52
-59
46
-21
-3
24
-23
11
-1
15
-8
-12
-2
-1
-10
3
-15
13
-14
-10
16
-19
-10
13
-1
-10
5
-4
-1
-3
3
-1
-8
5
-1
-1
-1
-1
1
0
-1
-1
1
-1
0
1
-3
1
0
0
-2
1
-1
2
4
-8
1
8
-5
0
0
-1
-1
0
-1
-1
-1
0
-2
1
-1
0
-1
-1
0
0
0
-1
0
0
0
1
0
0
1
0
0
0
-1
-1
-1
1
-6
9
1
-8
5
1
0
1
-2
1
0
2
-1
0
2
-1
1
-1
-1
0
0
-1
0
0
1
6
-8
0
3
-2
1
-3
10
-8
3
16
-6
-15
19
-8
-11
16
-12
6
-1
5
5
-8
-10
3
-7
0
-8
-13
22
-22
2
-3
2
-1
-17
2
13
-15
4
0
4
-7
-5
5
-1
0
-1
-1
0
0
0
-1
0
0
1
-1
-1
1
0
-1
0
-1
2
-1
3
-1
-1
-2
1
-2
0
-1
0
-1
-1
0
-1
0
-1
-1
-1
-1
0
-2
-1
1
-1
0
1
0
-1
1
0
1
-1
1
0
0
0
-1
1
-1
2
-2
0
-1
4
-2
1
0
0
-1
-1
1
1
-1
1
0
1
-1
1
0
1
0
0
1
0
5
-4
-7
5
1
6
-14
15
5
-14
1
4
-1
6
-20
26
-9
-5
3
-1
7
-3
-9
-3
-6
-7
3
-13
14
-18
2
4
-9
-7
9
-13
8
-21
21
-9
-6
-2
10
-6
-2
1
-2
-1
-1
-1
-1
-1
0
-1
0
0
1
1
0
-1
1
0
0
1
1
-2
-1
3
-1
0
-1
-1
-1
-1
0
-1
-2
0
-2
0
-1
-2
0
0
-1
-1
0
0
0
0
0
-1
0
0
0
-1
0
0
-1
0
0
0
0
2
-1
3
0
-2
1
1
0
0
1
-1
0
0
1
0
0
-2
1
0
0
0
0
1
0
3
0
-6
11
-2
-6
-8
22
-17
12
-10
12
-4
-6
7
4
-14
19
-10
7
2
-1
4
-9
-5
-6
-2
-3
-5
3
-9
1
-3
-1
-4
-4
-1
1
-14
11
-1
-7
9
-8
1
-2
0
0
-3
0
-1
-1
-2
-1
-1
0
0
0
0
1
-1
0
1
0
1
-1
1
-1
2
-1
0
0
-1
0
-1
0
-1
-1
0
0
-1
0
-2
0
-1
-1
-1
0
0
0
0
-1
0
1
-1
1
0
0
1
0
0
1
-1
1
1
0
2
-1
2
1
0
0
0
0
-1
0
0
-1
1
0
0
0
0
0
-1
0
-1
1
2
1
1
-7
8
-6
0
12
-12
5
1
-1
1
1
1
2
-5
7
-2
0
3
0
2
-8
-7
-2
-4
-4
-3
-6
6
-11
0
3
-9
-2
7
-5
-12
6
-2
-1
-4
-1
-1
-1
-1
-1
-1
-1
0
-1
-1
-1
-2
-1
1
-1
1
0
0
-1
1
0
0
0
1
0
0
0
-1
0
-1
-1
0
-1
-1
-1
0
0
-1
-1
-1
-1
0
-1
-1
1
0
-1
0
-1
0
0
0
1
0
1
0
0
1
1
1
1
-1
2
1
0
0
0
0
0
1
-1
0
0
1
0
1
-1
0
0
0
0
0
-1
0
0
0
1
1
0
-2
0
1
7
-8
-3
11
0
-5
7
3
-8
10
-2
-1
-1
3
3
0
-8
-5
-4
-3
-2
-5
-6
3
-6
-1
-1
2
-4
-8
0
-3
0
0
-5
1
-2
-3
1
-2
-1
0
-1
0
-1
0
-1
-1
0
0
0
-1
0
0
-1
0
0
1
0
2
-2
2
-1
1
-1
-1
-1
-2
-1
-1
-1
0
-1
0
-1
-2
-1
0
-2
-1
0
0
-1
0
0
-1
0
0
0
1
1
1
1
-1
-1
-1
0
1
-1
1
-1
1
0
0
0
0
-1
0
0
0
0
1
0
0
0
-1
-1
0
0
0
0
1
2
-1
-2
3
-4
2
1
2
3
-5
-1
4
1
0
-5
8
-1
-2
0
2
2
2
-9
-6
-4
-5
-2
-5
2
-7
0
-4
3
-7
0
-2
-2
-5
5
-7
0
1
0
-2
0
-2
0
-1
-2
-2
-2
0
-1
0
0
0
1
-1
-1
-1
0
-1
0
1
1
2
-1
0
0
0
-1
-1
0
-2
1
0
0
0
-1
-1
0
-1
0
-1
-1
0
-1
-1
0
0
1
0
0
0
0
0
1
0
1
-1
0
-1
0
1
0
0
0
1
0
1
1
0
0
0
0
1
1
1
0
0
0
-1
-1
-1
1
-1
0
-1
1
-1
1
2
1
-5
5
-2
1
0
2
-4
5
-2
1
-4
5
-1
1
1
0
1
-8
-6
-2
-6
1
-3
-8
1
0
-3
1
-1
-5
0
-5
-1
-2
0
-4
-1
2
-4
0
-2
-1
0
-1
0
-1
-1
-1
0
-1
0
0
0
0
0
-1
1
0
0
0
-1
1
0
0
1
-2
0
-1
-1
0
0
-1
0
-1
-1
-2
0
0
0
0
0
-1
0
0
0
0
0
-1
0
0
1
0
1
0
0
0
0
-1
0
0
-1
1
-1
0
0
0
0
-1
0
1
0
1
0
-1
0
-1
0
0
0
0
1
0
1
0
-1
3
0
-2
1
-1
2
-3
4
-2
0
3
-2
2
4
-4
-1
4
0
2
1
-8
-4
-4
-5
-2
-6
-1
-3
-4
-2
1
-3
-2
-4
0
-5
0
0
-2
-1
-1
-1
-1
-1
-1
0
-1
0
-1
-1
-1
-1
0
-1
1
-1
1
0
0
0
0
1
1
0
0
-1
0
0
0
-1
-1
-1
-1
-1
-1
-2
0
0
-1
0
-1
0
-1
0
0
0
0
0
0
0
0
0
1
0
0
1
0
-1
1
0
0
0
1
0
0
-1
1
1
0
0
0
0
-1
0
0
0
0
1
0
1
0
-1
1
0
1
1
0
0
0
2
-1
0
1
-2
3
-1
1
0
4
1
-3
1
3
-2
1
2
1
2
-8
-5
-4
-5
-2
-2
-4
-1
-3
-2
0
-4
0
-3
-1
-3
1
-2
-1
-1
-1
-1
0
0
-2
-1
-1
-2
-1
-1
0
-1
0
-1
0
-1
-1
0
0
0
-1
0
1
0
0
0
-1
0
0
0
-1
-1
0
-1
0
-1
-1
0
-1
-1
-1
-1
-1
-1
0
0
0
0
0
-1
1
-1
0
0
1
0
0
0
0
1
1
1
0
0
0
0
0
0
0
0
0
0
0
0
1
1
0
-1
0
0
0
0
0
0
-1
0
1
-1
1
0
-1
0
2
-1
1
1
2
-1
5
0
-1
1
0
1
1
2
1
3
-8
-4
-3
-4
-1
-2
-5
0
-2
-1
-1
-2
-3
1
-5
1
-3
0
0
0
-1
-1
0
0
-2
-2
0
-2
-1
0
-1
-1
0
-1
0
0
0
0
0
0
-1
-1
0
0
-1
1
0
0
-1
-1
-1
-2
-1
-1
-1
0
0
0
-1
-1
0
-1
-1
0
-1
1
0
0
1
0
-2
0
0
0
0
1
0
0
-1
0
0
1
0
0
0
1
0
0
-1
1
0
0
0
1
0
0
0
-1
1
-1
0
0
-1
0
0
0
1
0
0
0
0
1
-2
3
-3
3
0
1
0
1
0
3
-1
1
0
2
1
2
-8
-5
-2
-5
-3
-1
-2
-4
0
-3
-1
-3
1
-2
-2
-1
-1
-2
-1
-1
-2
-1
-2
-1
0
0
0
-1
-1
0
-1
-2
0
-1
-1
0
0
0
0
0
0
0
0
1
1
0
0
0
-1
-1
-1
-1
-2
0
-1
-1
0
0
0
-1
-1
0
-1
-2
1
0
0
-1
1
1
0
0
0
0
0
0
0
0
0
-1
0
0
0
-1
1
0
0
-1
0
1
0
0
0
0
0
0
0
-1
0
1
-1
-1
0
0
0
0
0
0
-1
0
1
0
-1
1
0
0
3
-1
1
0
2
-1
0
1
0
0
1
2
-8
-5
-3
-5
-2
-2
-2
-2
0
-2
-1
0
-2
-4
0
-2
-2
0
0
-1
-1
-1
-2
-1
-1
0
0
0
-1
0
-2
-1
-1
1
-1
-1
0
0
-1
0
0
0
0
0
0
-1
0
0
-1
-1
-1
-1
-1
0
-1
-1
0
0
0
0
0
0
-1
-1
0
0
0
0
0
0
1
-1
0
0
0
1
-1
0
0
-1
0
0
0
-1
0
1
1
0
1
0
0
0
0
0
1
0
-1
0
0
-1
0
1
-1
1
0
0
0
0
1
0
0
0
-1
-1
2
-3
0
2
0
0
2
1
0
2
0
0
2
2
-10
-3
-2
-11
2
-2
-2
-3
0
-2
-1
-1
-3
-2
-3
-1
0
-1
-1
0
-1
0
-1
0
-2
0
-2
0
-1
-1
-1
-1
0
-1
0
0
0
0
0
-1
0
0
0
0
1
0
0
-1
0
-1
-1
-1
-1
-1
1
-1
-1
-1
0
-1
-1
-1
0
-1
0
-1
0
0
-1
-1
0
0
0
0
1
0
0
0
0
0
0
-1
0
-1
1
0
1
-1
0
0
0
0
0
0
0
0
0
-1
0
0
0
-1
0
0
0
0
0
0
0
0
1
0
0
-1
1
0
-2
0
1
-1
1
-1
1
1
5
-3
4
2
-15
3
-11
-12
5
-3
-3
-4
-1
-2
-1
-2
-1
-5
-2
-2
0
-2
0
-3
0
2
-2
-1
-1
-2
0
-1
-1
0
-1
0
0
-1
0
0
-1
0
0
0
1
0
-2
2
-1
1
0
0
0
-1
0
-1
0
-1
-1
0
0
1
-3
0
0
-1
-1
-1
0
-1
-1
-1
0
1
-2
2
0
0
0
0
1
-1
1
-1
1
-1
0
0
-1
2
0
2
1
-1
0
1
0
1
0
1
0
-1
1
-1
0
0
0
0
0
0
0
2
0
0
2
-1
0
1
1
-1
2
1
0
1
0
0
1
1
9
-4
-5
11
-6
-2
2
-2
-8
-7
-1
2
-1
-5
-2
-1
-2
-4
-3
-2
0
-1
-1
-1
-1
-3
0
-1
-1
-1
-2
0
0
-3
-1
1
0
-1
-1
0
1
-1
-1
0
1
0
0
1
2
-1
-2
0
0
-1
-1
-1
0
-1
-1
0
0
-1
-2
-2
-1
-1
-1
-1
0
0
0
0
0
0
-1
0
1
0
-1
0
0
0
0
0
0
0
0
0
1
1
-1
0
1
1
1
0
1
2
0
0
0
0
-2
-2
0
1
-1
-1
0
1
0
-1
-1
0
0
0
0
1
0
-1
1
3
0
-2
1
4
2
-4
-4
4
6
2
