-9
-5
-4
-6
1
-15
3
47
-107
98
-46
-30
31
-25
86
-97
-25
65
-40
58
-42
-31
38
-11
-2
6
11
-7
-35
22
12
-39
38
-22
11
-4
0
5
-16
12
2
6
3
-28
-6
57
-58
36
-11
8
-9
-2
6
-4
-1
-1
0
-1
0
-1
-1
-1
-1
0
-1
0
0
0
-1
1
0
-1
2
0
-1
-2
7
0
-9
8
-10
36
-59
57
-5
-29
2
6
2
12
-17
5
0
-2
13
-21
38
-37
13
23
-35
-5
14
8
-1
-10
41
-31
-41
59
-38
66
-24
-94
89
-22
35
-27
-42
102
-105
52
7
-13
3
1
1
2
-9
-6
-5
-10
5
-3
8
-14
-8
20
-37
5
0
-16
43
-24
40
-32
-28
-38
46
-38
69
9
-72
65
-28
-15
15
-35
62
-55
-7
31
-9
1
0
-8
17
-42
68
-22
-33
34
-29
4
37
-7
-25
6
-24
31
-13
4
-2
-1
6
-11
2
-1
0
0
0
0
-1
-1
0
0
1
0
5
-10
6
-1
0
5
-12
31
-23
7
-24
-7
37
5
-27
34
-33
-22
67
-41
17
-8
0
3
-8
32
-7
-53
64
-35
16
-13
-26
67
-71
9
70
-37
47
-37
-28
-31
41
-21
46
-14
3
9
-32
24
-6
-11
12
0
8
-2
0
3
-7
-9
0
-2
-33
58
-60
3
81
-169
127
-4
-25
-19
-16
61
-71
34
7
-77
169
-126
-33
151
-141
13
40
2
-46
40
-15
-16
12
-22
24
9
-5
-11
-11
42
-60
74
-53
14
-1
-1
8
1
-16
24
-1
-38
35
-31
27
-8
-10
17
-12
2
-2
0
1
-1
-1
-1
1
0
-2
4
-12
18
-9
-9
27
-30
37
-38
-1
25
-15
1
9
-1
-1
15
-54
74
-60
42
-12
-11
-5
10
25
-22
12
-15
-14
41
-45
4
41
14
-140
152
-32
-125
169
-75
7
36
-70
65
-11
-16
-22
-2
131
-167
83
7
-57
61
-30
5
4
0
-10
-4
-6
-8
13
11
-33
-72
136
-84
-8
91
-74
-78
76
6
23
-32
23
-19
109
-317
225
6
-64
45
-11
-137
191
-72
71
-63
-25
36
-13
3
-8
-6
54
-81
15
11
26
-45
40
25
-50
45
-80
62
-11
-15
19
2
-6
-7
-1
-6
12
-5
-1
-3
2
-2
-1
-1
3
-3
-1
-4
12
-6
0
-5
-4
2
19
-15
-11
63
-79
44
-49
24
40
-43
26
12
15
-80
55
-5
-7
5
-13
38
-25
-63
72
-72
192
-136
-11
46
-63
8
228
-315
110
-18
24
-30
24
9
79
-75
-71
93
-4
-82
138
-68
-28
15
16
0
-2
3
-9
-6
-2
0
-13
-26
23
16
12
-60
-42
110
-34
69
-145
95
-160
148
-76
143
-114
116
-153
-13
55
27
-55
18
15
121
-288
204
-117
147
-88
19
-6
-5
53
-43
-12
-36
78
-26
-57
82
-87
127
-129
87
-16
-25
5
18
-24
5
11
-15
10
-4
-8
6
-2
-2
0
-1
-1
6
-7
-2
10
-14
12
6
-23
19
5
-24
-16
88
-128
126
-85
81
-57
-26
78
-35
-12
-41
53
-6
-6
20
-88
149
-117
204
-287
122
15
19
-55
27
55
-11
-152
117
-113
144
-76
149
-159
98
-141
73
-31
114
-38
-57
13
19
27
-24
-10
7
2
2
-9
-2
-4
-10
9
-12
-2
-34
64
-95
122
-65
-94
59
111
-145
135
-123
69
-137
344
-507
302
10
-3
-132
135
-66
-2
12
61
-143
146
-66
0
-2
-49
78
9
-80
83
14
-108
20
45
39
-105
34
38
40
-89
8
53
-67
48
-27
16
-10
0
2
-4
-3
3
-2
0
0
2
-3
-4
2
1
-10
17
-26
49
-66
54
10
-88
42
39
35
-105
38
46
20
-107
15
83
-80
9
78
-49
-1
1
-65
146
-143
61
13
-1
-65
138
-130
-1
11
302
-504
345
-137
70
-123
136
-143
114
63
-91
-61
124
-91
66
-30
3
-6
12
-2
1
5
-8
-10
4
-9
4
34
-84
-82
275
-267
190
-152
64
153
-259
-99
491
-426
28
59
71
181
-369
137
-18
89
-102
37
82
-275
286
-62
-11
-89
109
-67
40
-9
6
-93
158
-60
-150
175
2
-83
150
-223
191
-102
28
-54
58
1
16
-74
48
-3
-2
-3
0
2
-3
-1
-1
0
-2
3
0
-3
-2
-4
49
-73
16
2
58
-55
29
-101
192
-224
150
-83
2
176
-151
-60
158
-92
7
-9
40
-65
109
-88
-11
-60
287
-275
83
38
-102
91
-16
139
-367
182
71
61
30
-424
492
-96
-256
157
66
-149
193
-264
276
-77
-81
38
7
-3
7
-1
-11
-3
-7
-13
19
-80
111
-121
165
-237
237
30
-182
-146
318
-80
-113
52
-131
120
594
-979
465
-138
63
1
64
-118
19
22
-83
271
-236
129
-75
-11
6
4
-30
99
-146
81
-6
78
-68
14
-37
24
28
15
-147
129
45
-125
44
-12
28
-12
-6
0
3
-4
-1
0
-1
0
0
-3
3
1
-4
-10
29
-10
46
-123
46
130
-145
16
29
23
-37
16
-67
78
-6
83
-146
98
-30
4
6
-10
-75
129
-236
271
-82
23
20
-118
64
3
64
-137
466
-978
595
120
-130
52
-112
-76
321
-142
-178
33
240
-234
167
-117
114
-76
23
-5
-2
5
-9
-7
6
-8
-13
-12
200
-604
621
-203
-117
264
-66
-282
162
-68
281
-198
-58
141
-154
-81
228
-45
-29
-9
39
-64
90
-174
-45
334
-157
-89
68
-19
33
-47
26
-13
33
-67
90
-52
-10
71
-180
128
-55
219
-189
-5
49
-22
-38
2
44
-12
-16
14
-5
-5
4
-2
0
-1
4
-5
-4
15
-16
-10
45
4
-35
-22
50
-5
-188
221
-54
128
-180
70
-10
-51
90
-67
33
-12
25
-47
34
-19
67
-88
-157
334
-44
-173
91
-62
40
-8
-27
-44
228
-80
-154
144
-57
-197
282
-65
165
-278
-62
268
-114
-199
622
-600
203
-9
-9
-1
10
-1
-9
-9
-1
-20
97
-177
107
221
-396
231
-372
279
113
125
-324
6
45
-2
1
-15
131
-198
270
-175
-26
86
-68
18
-68
36
85
-31
-64
76
-53
-24
53
-26
7
26
-30
-80
152
-87
37
-16
-139
283
-38
-82
-163
218
-138
23
31
25
-45
23
-8
-10
6
5
-3
-3
2
-2
-3
5
7
-9
-7
24
-44
26
33
25
-138
219
-162
-81
-37
284
-138
-15
37
-86
153
-80
-30
26
8
-24
53
-23
-53
76
-64
-30
87
36
-67
19
-66
88
-25
-174
271
-195
132
-14
3
-1
46
10
-321
127
116
283
-368
233
-394
224
110
-174
100
-13
4
-1
-43
27
6
-64
-8
159
-202
129
-189
264
-46
-294
284
-61
35
-83
50
-40
4
-191
323
-363
372
-108
-61
2
-19
80
15
-191
185
-6
-148
118
-29
-28
81
-72
26
1
11
20
51
-81
-136
108
90
-5
-120
67
-45
-10
49
30
-6
-60
22
5
11
-9
-1
-1
3
-5
1
-4
4
-1
0
-9
10
6
23
-59
-6
32
50
-10
-44
68
-119
-6
90
107
-136
-80
51
19
10
0
26
-73
81
-27
-28
120
-148
-6
186
-190
16
84
-17
5
-60
-106
374
-362
323
-190
5
-38
51
-80
38
-58
286
-292
-43
267
-187
133
-198
163
-4
-56
11
34
-68
81
-82
19
32
-150
280
-296
57
359
-703
502
55
-392
525
-498
-8
468
-330
257
-415
205
175
-201
72
-98
48
47
19
-42
-121
165
-48
-60
68
-52
44
5
-24
-2
32
26
-90
67
25
-201
348
-334
142
77
-152
43
42
69
-107
41
-35
16
-5
9
-10
6
-5
4
-3
4
-4
6
-8
11
-4
17
-34
41
-105
71
42
43
-153
77
143
-333
348
-201
25
66
-90
25
32
-2
-24
6
44
-52
69
-59
-48
166
-120
-41
20
47
48
-95
74
-201
175
206
-413
259
-329
470
-7
-494
528
-388
59
504
-700
363
59
-293
282
-146
36
25
-77
88
-58
82
-137
149
-183
49
204
-697
1323
-1119
284
92
-365
800
-572
-71
125
-12
72
42
161
-520
242
-4
27
45
-34
10
-46
83
-177
209
-117
12
59
-139
171
-117
63
-44
64
-103
111
-113
28
157
-221
113
37
-202
221
-100
53
-53
8
52
-58
26
-11
4
0
-5
2
-4
1
-3
4
-4
0
4
-10
26
-58
52
9
-51
53
-100
222
-201
38
113
-220
157
30
-112
110
-103
64
-44
64
-116
171
-138
59
15
-117
210
-176
83
-45
13
-33
46
28
-3
243
-519
162
44
73
-11
126
-69
-569
802
-362
95
287
-1117
1325
-693
207
52
-180
156
-133
91
-50
83
-167
197
-262
278
-335
39
893
-1198
813
-866
800
-270
-312
687
-771
661
-543
467
-482
374
-137
63
-122
169
-147
75
-31
-23
-26
27
176
-258
180
-100
-4
84
-110
98
-91
34
137
-199
206
-156
-82
147
-131
199
-72
-40
8
2
-34
42
-38
45
-38
21
0
-16
23
-30
31
-29
23
-16
1
20
-37
46
-37
44
-34
2
9
-40
-72
200
-130
147
-83
-156
207
-198
137
33
-92
98
-110
84
-4
-99
181
-257
176
27
-24
-24
-29
77
-146
169
-121
63
-134
376
-482
469
-541
661
-770
690
-309
-267
803
-864
817
-1193
894
43
-330
283
-259
204
-162
92
-54
90
-175
189
-292
529
-768
810
-610
394
-140
-246
373
-869
1667
-1365
554
-444
524
-526
340
103
-259
74
90
-139
143
-185
177
-172
219
-163
51
-2
-68
108
-110
98
-44
-18
100
-205
329
-374
258
-234
262
-105
-122
270
-317
256
-110
26
-41
-1
39
-18
-3
18
-30
31
-31
28
-30
29
-30
32
-30
18
-2
-18
39
0
-40
27
-109
257
-317
272
-121
-105
263
-234
258
-373
328
-206
100
-17
-44
97
-110
110
-67
-2
51
-162
220
-170
178
-183
145
-137
91
75
-258
103
342
-523
524
-442
555
-1362
1670
-866
376
-245
-137
397
-609
813
-763
533
-288
196
-170
98
-51
91
-153
100
-22
56
-179
494
-1143
1289
-844
681
-902
1423
-2036
1580
-588
138
-48
339
-610
429
-64
-162
170
-167
186
-201
212
-170
-2
127
-92
67
-85
57
-33
33
-31
33
-32
20
-71
122
-94
113
-2
-223
206
-101
73
-31
15
-53
86
-98
69
-56
46
-24
6
-6
4
-5
7
-4
5
-5
7
-22
47
-55
71
-96
88
-51
17
-28
75
-100
207
-222
-1
114
-94
121
-72
20
-32
34
-31
32
-33
58
-84
67
-92
128
-1
-169
213
-199
188
-165
172
-161
-62
430
-610
342
-46
138
-587
1585
-2032
1425
-899
684
-841
1292
-1141
497
-175
60
-19
108
-149
99
-56
95
-142
24
202
-437
705
-882
651
-560
734
-825
1156
-1438
956
-311
187
-203
91
-282
855
-879
184
236
-374
520
-625
683
-777
834
-722
659
-673
536
-418
393
-330
263
-220
180
-119
28
89
-165
174
-169
153
-253
335
-253
190
-109
42
-62
10
54
-79
107
-123
103
-77
55
-44
36
-33
35
-43
56
-75
103
-122
108
-79
54
11
-61
43
-108
191
-252
336
-253
153
-169
175
-166
89
29
-119
181
-220
264
-329
394
-417
537
-673
659
-721
836
-776
684
-624
521
-373
237
186
-878
855
-281
93
-202
188
-308
959
-1435
1159
-822
738
-558
653
-879
708
-432
206
32
-138
102
-44
66
-99
0
155
-387
587
-735
894
-596
-175
696
-1290
2066
-2277
1532
-700
223
468
-982
1046
-696
-1
357
-435
462
-492
446
-250
72
32
-127
262
-345
329
-306
254
-159
66
3
-35
15
81
-220
306
-334
306
-246
172
-61
-37
137
-280
351
-334
259
-123
-22
87
-75
45
-22
-7
24
-31
26
-7
-21
45
-74
87
-22
-122
260
-334
351
-279
137
-36
-60
173
-245
306
-335
306
-221
81
15
-35
3
67
-159
255
-304
330
-345
262
-126
33
73
-248
447
-491
462
-434
359
1
-694
1047
-981
469
225
-699
1535
-2274
2069
-1286
700
-172
-592
896
-731
590
-383
158
7
-94
74
-19
15
-11
-2
-207
605
-1112
1480
-1458
999
-111
-699
1239
-1901
2248
-1602
588
-384
781
-834
737
-588
-71
359
-280
125
282
-636
904
-1050
863
-409
-12
198
-195
154
-72
-69
148
-106
36
-19
96
-310
391
-295
215
-68
-165
400
-431
217
35
-231
287
-190
29
75
-90
51
-5
-18
2
16
-25
16
3
-17
-4
54
-89
77
29
-188
287
-231
36
219
-431
400
-164
-68
216
-296
391
-310
96
-19
37
-104
149
-69
-70
156
-194
198
-12
-408
864
-1048
905
-635
283
126
-279
361
-70
-587
738
-834
782
-382
589
-1597
2251
-1899
1242
-695
-107
1003
-1457
1483
-1108
609
-203
4
-8
22
13
-49
76
19
-234
378
-302
-269
907
-885
101
642
-766
281
232
-401
382
-380
689
-960
1186
-1206
539
-221
404
-459
338
77
-635
859
-550
-50
609
-663
141
272
-251
48
71
-40
5
-59
112
-127
65
207
-435
348
20
-403
360
-23
-227
247
-9
-230
206
-23
-107
80
7
-47
24
12
-29
12
25
-45
8
82
-106
-22
206
-229
-9
249
-225
-22
360
-403
21
348
-433
207
66
-126
113
-59
6
-39
71
47
-251
271
143
-662
609
-49
-549
859
-633
79
339
-459
406
-220
540
-1204
1186
-959
689
-379
383
-397
235
284
-762
644
104
-882
909
-264
-298
382
-230
28
81
-40
44
-105
111
-55
320
-1044
1391
-645
-459
394
383
-184
-924
1931
-2072
720
513
-488
733
-1141
761
-413
374
-269
-112
431
17
-715
498
366
-610
-77
673
-320
-282
209
100
-88
-48
-24
121
-29
7
-153
246
-89
-244
315
55
-271
-11
263
-105
-144
88
73
-57
-78
127
-38
-31
0
15
20
-44
20
16
1
-31
-35
128
-76
-57
75
88
-141
-104
264
-11
-271
56
316
-244
-88
247
-152
7
-28
121
-24
-47
-88
101
211
-281
-320
673
-77
-608
367
500
-713
19
431
-111
-267
376
-413
762
-1140
735
-488
514
723
-2069
1936
-921
-182
385
397
-458
-642
1394
-1040
324
-47
115
-98
65
-111
64
-91
204
130
-695
590
55
-245
-57
-320
883
-315
-602
489
99
-366
623
-1026
784
116
-539
333
-138
-109
140
279
-325
-209
192
352
-323
22
-173
257
76
-188
-57
119
-18
4
106
-248
54
224
-106
-107
10
40
76
9
-149
38
88
-15
-49
-34
43
13
4
-20
-11
0
22
2
-10
-20
4
13
44
-33
-48
-13
88
40
-148
10
77
41
11
-106
-105
224
55
-248
105
4
-18
119
-57
-188
77
258
-172
24
-323
353
194
-208
-323
281
140
-108
-137
334
-538
117
785
-1025
625
-365
100
494
-599
-312
887
-316
-54
-241
58
593
-692
135
207
-83
69
-103
84
-66
-16
48
-437
1300
-1306
341
-85
70
-167
536
309
-1289
529
270
27
-412
334
662
-1558
1047
-242
2
-100
208
74
-86
-482
477
-275
401
-181
-27
15
-113
-88
236
44
-117
-7
57
-44
-113
64
179
-86
-81
49
-5
-121
116
110
-103
-48
63
-83
34
59
-16
-25
-6
-2
5
5
7
-1
-6
-24
-15
59
35
-82
64
-48
-103
110
117
-121
-4
50
-80
-86
180
64
-112
-44
56
-7
-117
44
238
-87
-113
16
-25
-181
403
-274
478
-481
-85
76
209
-99
3
-240
1049
-1556
663
335
-412
28
271
532
-1285
313
540
-165
74
-83
345
-1302
1302
-434
55
-11
-58
87
-23
-47
140
-323
-276
772
-307
91
1
-197
409
-180
-788
620
139
-104
-107
56
332
-413
60
104
-80
19
38
-36
-225
199
159
-287
166
68
-178
216
-34
-139
-87
69
92
-30
-46
20
53
-7
81
-186
71
41
-12
-42
-69
93
40
-76
2
47
10
-18
-36
14
1
-2
3
1
4
-2
1
15
-35
-19
10
48
2
-74
41
94
-67
-43
-11
42
71
-185
80
-6
53
20
-48
-30
92
70
-86
-138
-33
217
-177
68
165
-286
160
199
-223
-35
39
19
-77
106
62
-412
334
57
-106
-103
143
624
-785
-178
411
-194
4
93
-303
776
-271
-319
146
-43
-14
33
-53
-26
86
258
-579
252
68
-84
94
250
-605
-49
271
132
96
-212
67
12
-355
279
239
-230
46
-72
47
-184
106
194
-24
-154
4
58
-43
-40
45
41
10
-13
-28
-13
-3
37
11
-41
24
-4
-35
41
-23
34
26
-75
3
8
18
0
-9
-5
0
-8
6
-2
0
0
-1
-1
8
-7
0
-4
-7
1
19
9
3
-74
27
35
-23
42
-35
-3
23
-40
12
37
-3
-13
-28
-13
10
42
46
-39
-43
58
5
-154
-23
195
109
-183
48
-71
50
-228
240
280
-353
13
70
-211
100
135
274
-46
-602
253
96
-82
72
254
-574
261
93
-22
-46
-20
-30
79
-19
-134
100
49
-116
128
-105
26
-61
95
-138
95
70
-94
-5
50
31
-99
-67
190
-130
70
-50
42
-33
1
29
-48
18
30
-61
32
22
-24
3
0
-2
7
-13
20
-11
2
-14
15
1
-5
-1
-1
9
-23
18
-6
-3
5
-5
1
0
-3
0
-1
-1
1
-1
1
0
-2
0
2
-5
5
-2
-5
18
-22
10
1
0
-4
2
15
-14
4
-12
19
-13
7
-1
1
3
-24
22
32
-58
30
18
-48
31
2
-33
43
-50
70
-129
192
-66
-98
32
50
-5
-93
72
98
-134
98
-59
28
-103
130
-113
53
105
-130
-10
83
-22
-7
-15
36
-25
-19
7
-24
8
-69
100
-39
6
13
-44
26
38
-29
-91
80
-15
71
-103
22
19
-13
30
-46
-4
6
76
-85
9
14
-1
-8
5
1
0
-1
7
-3
-3
4
1
1
-14
17
-5
0
-1
1
0
-1
-4
-3
0
2
-3
-3
2
-2
0
0
0
-1
0
-1
0
-1
2
-3
-2
3
1
-2
-2
0
3
1
0
1
-7
17
-14
1
-1
4
-3
-4
9
-1
0
2
6
-8
0
14
10
-84
75
8
-2
-46
31
-12
21
24
-101
71
-15
82
-90
-28
41
29
-40
16
9
-37
104
-66
11
-20
11
-16
-18
41
-7
-12
-7
1
-22
3
14
-14
34
-37
32
-77
98
-147
167
-103
-13
35
12
-54
-15
121
-112
-6
40
-6
12
-19
-22
45
-22
9
-36
57
-31
-2
1
3
-4
3
-7
5
0
-4
7
15
-40
15
13
-6
-8
3
5
-9
7
-6
-1
-2
0
-3
0
-2
0
0
-1
-1
0
0
0
-1
1
-2
1
0
0
-3
9
-8
7
4
-8
-5
12
16
-41
17
8
-4
0
5
-6
3
-4
4
3
0
-31
57
-35
10
-21
46
-19
-18
12
-5
41
-5
-111
122
-14
-53
13
36
-9
-101
169
-143
100
-74
35
-35
39
-11
19
6
-16
6
1
-16
20
-54
32
31
-59
-1
-50
78
-54
43
-36
83
-98
36
-81
124
-93
31
73
-84
-3
16
-10
-21
42
29
-56
15
-24
51
-42
-9
12
9
-8
6
-5
2
2
-4
8
-4
-7
17
-13
-2
0
5
-3
-1
1
-4
3
-1
0
-3
1
-2
-1
1
-1
0
-1
0
0
0
-1
2
-1
-1
1
-3
2
0
5
-3
1
1
-3
6
1
-2
-12
17
-7
-4
8
-4
2
2
-6
7
-6
9
13
-9
-40
52
-23
16
-56
30
42
-20
-9
16
-1
-84
75
33
-91
125
-79
39
-95
86
-32
46
-52
79
-45
1
-53
35
40
-49
29
-19
19
-40
20
7
-107
86
59
-53
1
-5
-144
347
-381
166
-24
43
-34
2
16
-24
-18
21
-4
-10
9
20
25
-101
83
-49
49
-46
14
10
-14
12
-4
-1
0
0
-1
6
-3
5
-8
-2
4
2
-4
0
-2
5
-7
-1
0
0
-1
-1
-2
-3
0
0
-2
0
0
0
0
-1
0
1
-1
1
2
0
-6
6
-1
2
-4
3
4
-1
-7
6
-3
6
0
0
1
0
-4
13
-13
9
14
-46
49
-48
84
-100
26
22
10
-9
-4
22
-17
-23
18
4
-33
44
-22
170
-377
349
-141
-2
3
-52
63
90
-103
10
26
-35
27
-20
15
-16
-27
4
66
-31
-97
94
-57
29
31
-79
66
-46
-8
-5
62
-68
22
31
-53
71
-57
22
-28
-20
68
-46
45
-94
94
-37
-6
12
-8
5
-4
1
1
-3
3
-2
4
2
-18
21
0
-17
8
-4
3
-1
4
-6
0
0
-1
-3
0
-1
1
-2
-1
-1
0
0
1
0
1
-2
1
1
1
-4
5
-1
4
-4
10
-16
0
21
-17
2
4
-2
4
-3
1
1
-4
6
-7
12
-5
-37
95
-92
45
-46
69
-19
-27
23
-56
72
-52
32
23
-68
62
-4
-3
-43
69
-76
35
33
-53
96
-94
-26
70
7
-20
-12
22
1
-2
-6
-9
-3
3
0
-9
-10
2
10
4
-11
-12
3
10
0
-13
-13
-1
8
7
4
-1
-4
-7
-4
-1
2
4
4
1
-5
-7
-1
4
2
-3
-3
0
2
0
0
1
0
-1
0
2
0
-3
-2
0
1
-2
-3
0
1
-2
-3
-1
1
-1
-3
0
2
0
-2
0
2
1
-2
-1
2
1
-2
-1
2
1
-1
-2
1
3
0
-2
1
1
1
0
2
1
-3
-3
3
5
0
-6
-5
1
5
6
3
0
-4
-5
-3
0
4
8
8
-1
-12
-12
1
12
5
-9
-9
7
14
4
-8
-6
2
6
1
-3
-2
3
