-8
-6
-4
-6
-1
-5
-2
-6
-1
-1
-3
-3
-3
-1
-3
-8
1
7
-11
5
-8
5
-9
17
-16
-1
5
-6
3
1
-5
2
0
-1
0
1
-1
-1
0
1
1
1
1
-3
2
-2
1
0
0
0
-7
11
-9
4
-2
-1
0
-1
-1
0
-1
0
-1
-1
-1
-1
-1
-1
0
0
-1
1
1
1
-2
4
-8
10
-5
1
0
0
2
-2
4
-2
2
-1
1
0
1
1
-1
2
1
-1
0
4
-4
1
4
-6
7
-1
-15
18
-8
8
-7
5
-9
9
2
-5
1
2
1
1
0
2
1
0
2
-1
1
1
1
2
-8
-6
-4
-4
-3
-2
-3
-6
1
-4
-4
1
-7
3
-7
-16
20
19
-25
-16
22
-4
-21
22
-15
2
-4
1
-1
-2
0
2
2
-7
4
-1
0
0
-1
0
1
2
-2
1
-1
1
1
0
-2
0
2
-5
1
1
-2
-2
0
-1
-2
1
-1
0
-1
0
0
0
-1
0
0
1
-1
0
1
0
0
2
1
-5
2
0
-1
1
0
2
0
3
-2
0
1
-1
-1
-1
1
0
4
-7
2
3
1
-1
0
2
-4
5
-13
24
-20
-2
24
-15
-23
20
21
-13
-2
5
-4
3
-1
0
2
0
0
0
1
4
1
2
-8
-6
-4
-5
0
-3
-6
0
-2
-2
-2
-6
5
-6
4
-25
30
-28
10
3
-12
6
8
-7
-5
-10
18
-7
-2
4
-5
-4
11
-11
5
-2
2
0
0
0
-1
4
-5
6
-2
1
0
1
-1
0
-2
1
-5
5
-2
-3
-2
0
-2
-1
0
0
-1
-1
1
-1
0
-1
1
0
-1
0
-1
-2
-1
6
-4
3
-1
1
0
1
0
2
-2
6
-5
3
-1
0
0
0
3
-2
5
-11
11
-4
-5
3
-2
-7
19
-10
-3
-6
8
7
-11
5
12
-27
31
-24
8
-3
8
-2
1
1
0
4
-3
0
3
2
2
3
-8
-7
-3
-5
-2
-4
-4
-3
-1
-4
-1
-5
-3
2
-9
7
-3
-19
22
-23
12
8
-12
8
-17
-3
9
-6
0
0
-9
13
-6
-1
0
1
-1
0
2
-4
3
0
0
0
3
-2
1
0
0
-2
3
-2
-1
-2
2
-3
1
-1
0
-1
0
-1
-2
-1
0
0
-1
0
1
0
0
0
1
-2
3
-2
-1
-2
4
-2
0
1
1
-2
3
0
0
0
3
-3
2
1
-1
1
0
-1
-6
13
-8
1
1
-4
10
-2
-15
11
-9
7
14
-21
23
-18
-2
11
-6
5
0
-2
2
1
0
0
1
1
1
2
2
3
-8
-7
-2
-6
-3
-4
-2
-4
-1
0
-3
-4
-2
-1
-9
12
-18
5
3
1
-3
-5
-10
20
-15
2
-4
3
-3
-1
-2
3
-4
2
-4
2
-1
1
-1
-1
1
-1
1
-1
3
-2
0
-1
-1
-2
-1
4
-5
1
-2
0
-2
1
-3
1
0
1
-2
-1
0
1
0
-1
0
0
-3
1
-1
2
0
2
-4
4
0
-1
0
0
1
-3
3
-3
0
-2
1
1
-1
1
-2
4
-3
3
-4
3
0
-1
-2
4
-4
5
-14
23
-8
-4
-3
1
4
7
-17
16
-7
3
2
-1
0
2
0
0
2
-1
0
2
3
0
-6
-20
10
0
-9
9
-19
-9
-8
7
8
-2
-3
3
-18
-28
38
-11
3
1
-3
7
-19
-1
9
-6
7
-1
-4
-2
-3
1
2
0
-2
1
-1
-2
0
2
-1
1
-2
0
1
2
0
0
0
-4
2
-3
-2
4
-3
-1
0
-2
0
-1
0
-1
-1
-1
-1
-1
0
0
0
-1
-1
-1
0
1
-2
5
-2
-2
3
-3
1
0
1
1
1
-1
0
1
-1
1
0
-1
0
2
-3
1
2
1
-3
-1
-4
0
8
-5
11
0
-18
9
-3
1
5
-9
39
-25
-15
7
-1
1
12
11
-7
-4
-16
14
-6
7
16
-10
-9
-6
-8
0
-15
71
-97
37
-13
-50
45
4
-20
58
-38
-11
-17
-21
20
17
-23
31
17
-100
106
-70
10
21
-15
3
15
-35
30
-13
-2
7
-4
0
1
-1
1
0
0
-2
1
1
-3
1
0
-3
-1
3
-5
9
-9
3
-1
-1
0
0
-1
-1
-1
0
0
0
-1
0
-1
0
0
-1
0
2
-9
10
-4
3
0
-2
1
2
-2
1
2
-1
1
1
1
-1
0
2
-4
7
0
-13
30
-34
15
4
-16
21
11
-68
107
-100
18
33
-22
18
20
-21
-16
-7
-34
61
-18
8
48
-46
-11
41
-93
75
-12
8
-3
3
-11
22
-46
-18
63
-104
71
-41
89
-125
41
56
-112
142
-93
212
-435
296
-77
-14
58
-126
204
-269
213
-115
69
-32
-7
32
-31
26
-33
29
-14
2
0
0
-1
-1
1
-2
0
-2
1
0
-1
1
-2
-2
4
-5
3
-1
0
3
-1
0
-1
-1
-1
-1
-2
0
0
1
-1
1
0
0
0
0
-1
2
1
-2
4
-5
3
-2
-1
1
-2
1
1
0
1
-1
2
0
1
0
0
4
-14
30
-33
26
-30
32
-5
-32
69
-114
214
-267
206
-124
60
-12
-76
298
-434
216
-90
145
-108
58
43
-121
90
-35
75
-100
67
-10
-39
30
-11
27
-58
12
16
-43
65
-147
103
84
-69
-90
136
-159
341
-574
353
-51
71
-114
86
-72
101
-120
57
-28
33
-37
21
-3
5
-12
5
4
-7
2
-1
0
0
1
-2
1
-1
3
-1
0
-1
1
-6
8
-16
23
-22
9
-5
0
-1
0
-1
-1
0
-1
-1
1
-1
0
0
0
0
1
0
1
-1
2
-5
11
-22
25
-16
9
-5
1
0
0
1
3
0
2
-2
1
0
1
-1
3
-7
5
5
-12
6
-3
21
-35
34
-26
58
-117
103
-70
87
-112
73
-50
354
-571
345
-156
139
-88
-66
88
105
-142
70
-38
19
19
-52
36
-11
20
-59
39
-59
147
-197
218
-207
-1
81
9
-69
106
82
-450
382
-133
99
-111
98
-90
123
-143
32
47
-17
-6
0
-2
-2
1
-9
16
-11
1
-1
0
2
-2
-2
0
15
-16
4
-1
1
-2
-1
-11
23
-17
2
4
-11
5
-3
0
-1
-1
-2
0
0
-1
-1
0
0
1
-1
1
0
1
-2
6
-9
6
3
-16
24
-9
0
-1
1
0
5
-15
15
1
-2
-1
2
-1
0
3
-11
17
-9
3
-2
-1
1
-4
-16
48
34
-142
124
-87
99
-109
101
-132
383
-447
84
109
-65
12
84
3
-205
222
-193
151
-56
47
-53
29
-10
4
-20
23
-8
-63
126
-226
62
190
-199
192
-175
-19
224
-212
0
155
-172
138
-66
-1
-52
38
-21
68
-51
14
-6
5
-32
40
-21
0
15
-12
1
0
1
3
-12
17
-23
18
1
-2
-5
7
-6
-12
29
-32
9
15
-26
12
0
-4
0
-2
-1
-1
-1
-1
-1
0
1
-1
-1
0
0
-2
1
13
-26
16
11
-31
30
-12
-5
8
-4
-1
2
18
-23
16
-12
2
2
-1
1
-10
14
0
-21
41
-32
4
-5
14
-49
69
-20
40
-49
0
-66
140
-172
155
1
-209
226
-17
-172
196
-195
193
64
-222
129
-59
-6
31
-14
13
-4
-35
43
-69
17
121
-146
54
-106
190
-199
117
138
-195
-76
26
266
-288
111
-13
-43
26
-53
176
-198
119
-55
-1
19
-13
19
-30
28
-26
6
8
-2
-1
2
1
-1
6
-9
9
-10
5
-1
2
-3
-8
26
-20
-11
1
21
-7
-9
5
-1
-1
-1
-1
0
0
-1
-1
0
-1
0
0
-1
6
-8
-7
21
2
-10
-19
26
-8
-2
2
-1
6
-10
11
-8
6
-1
0
1
0
0
9
6
-26
28
-29
19
-11
20
0
-54
120
-197
177
-51
28
-43
-12
112
-285
267
30
-72
-192
140
120
-196
193
-104
57
-142
123
20
-63
49
-27
-4
-37
36
34
0
-183
117
53
-113
62
57
-36
-106
-34
350
-465
315
-89
-12
-12
28
-43
47
1
-37
-2
19
-7
5
-4
-12
6
1
-6
12
-4
-1
0
0
3
7
-5
-20
31
-27
13
-4
22
-25
-8
14
9
-28
24
-1
-16
5
1
-3
1
0
-1
-1
-1
0
0
-1
-1
0
1
-2
1
6
-14
0
25
-27
8
15
-6
-24
23
-4
13
-26
32
-20
-5
7
3
-1
0
-2
-4
13
-6
1
6
-10
-3
6
-7
20
0
-36
2
48
-41
29
-11
-11
-88
316
-464
353
-32
-103
-33
60
65
-111
58
121
-179
4
42
41
-30
-15
28
-38
-42
74
-40
-5
-80
246
-282
104
45
-80
101
-181
172
-106
60
-2
-60
77
-68
37
0
-11
-15
6
10
-10
9
-6
-10
29
-42
36
-22
8
-1
0
1
3
-13
16
-14
21
-15
2
4
-4
8
-25
29
-18
1
0
-1
-1
-6
3
-2
-1
-1
-1
-1
0
0
0
0
0
-1
4
-4
0
0
1
3
-18
31
-24
8
-3
4
2
-15
21
-14
17
-14
3
0
1
0
8
-21
36
-41
29
-9
-4
10
-9
11
6
-13
-10
2
39
-66
78
-60
-1
61
-105
175
-178
104
-77
48
107
-278
247
-77
0
-37
77
-33
-34
36
-18
21
-46
39
-65
56
76
-144
-77
174
-42
42
-133
84
76
-230
144
-14
-12
20
-32
40
-55
74
-57
-16
56
-47
23
-1
-32
33
-24
17
-7
-4
7
-3
2
-4
1
4
1
0
-12
15
-5
2
-10
18
-8
-32
28
-6
-9
22
-22
9
0
-3
-1
0
0
-1
-1
1
0
-1
1
-3
1
11
-22
21
-8
-4
29
-30
-7
19
-9
2
-4
17
-11
2
1
4
2
-3
2
-3
8
-4
-7
18
-24
34
-32
1
24
-45
56
-14
-55
75
-52
42
-31
20
-11
-11
145
-228
79
88
-130
44
-38
177
-75
-141
80
61
-62
48
-42
28
8
-75
88
-36
-28
22
27
-163
314
-156
-116
92
0
-50
81
-152
118
-18
11
-25
-24
68
-15
-49
3
18
-4
16
-11
-33
41
-18
2
0
5
-5
-1
0
2
-2
-2
2
8
-1
-19
22
-9
-5
10
9
-4
-39
20
16
-10
-7
-2
5
1
-4
-1
0
-1
0
0
0
0
0
0
-3
0
6
-1
-7
-8
19
22
-38
-3
10
11
-5
-9
21
-19
0
7
4
-1
-2
2
0
0
-6
6
1
2
-16
41
-31
-11
17
-2
18
5
-47
-14
69
-23
-23
11
-16
119
-149
85
-45
3
95
-114
-152
316
-159
30
28
-24
-28
93
-67
-13
13
-19
-21
40
-27
-82
122
-64
31
-79
68
25
-48
34
-48
-32
44
-35
57
-14
-71
144
-103
-14
22
12
-27
32
-41
29
-17
9
-1
-4
4
-2
1
1
-2
3
-2
5
-4
3
-2
1
-4
-9
18
-23
42
-45
16
7
-20
25
-20
6
-2
0
1
0
-1
1
0
0
0
1
-1
7
-18
26
-20
9
17
-44
43
-24
18
-8
-3
2
-1
4
-3
6
-2
3
-2
1
1
-2
4
-2
0
9
-17
31
-40
33
-25
14
23
-13
-101
145
-69
-13
58
-35
45
-31
-45
37
-44
29
72
-75
34
-62
126
-78
-24
43
-14
-15
21
-20
28
-39
-28
100
-135
147
-167
87
-42
46
-42
-3
8
73
-147
44
83
-96
23
45
-47
-55
118
-4
-81
31
-4
-7
-1
20
-21
-8
18
-5
-10
13
-6
-1
4
-3
-2
13
-3
-17
20
-7
-3
6
-11
-27
89
-38
-65
51
-2
-7
-3
11
-9
0
0
-1
0
-1
-1
0
0
0
-8
12
-1
-6
-2
52
-65
-38
91
-25
-11
7
-2
-6
19
-17
-4
12
-1
-3
4
0
-7
14
-10
-5
19
-8
-19
21
0
-6
-3
32
-80
-2
121
-54
-45
47
24
-95
83
45
-144
77
12
0
-38
50
-38
88
-163
150
-130
102
-20
-35
37
12
-58
53
7
-45
72
-117
-80
137
55
-65
-5
-33
40
20
-61
15
-5
7
14
-12
10
-43
-9
85
-50
-12
9
-16
36
-21
-9
4
0
0
-1
1
-2
1
2
-2
3
-7
9
-10
9
-6
0
2
-9
4
-3
12
-21
22
-23
16
-10
1
3
-3
-1
-1
-1
0
1
0
0
-2
4
2
-9
17
-22
23
-20
12
-1
5
-9
3
0
-4
10
-9
10
-6
3
-2
3
1
-1
1
0
1
0
4
-7
-20
37
-15
11
-11
-49
86
-8
-41
11
-11
15
7
-4
16
-57
24
42
-30
-3
-62
57
139
-78
-112
77
-42
15
58
-50
-30
42
-51
-16
46
-46
-1
24
2
-23
-28
48
-27
-12
38
-51
16
11
-18
-2
22
-14
-5
-31
67
-48
18
-21
16
-13
-1
5
-6
4
-1
2
-3
2
2
0
-1
4
-3
0
1
2
-1
-1
1
-6
8
-11
1
7
-1
-11
17
-8
-13
13
-5
-2
-1
-1
0
-1
-1
0
-4
13
-13
-5
18
-11
-1
7
2
-11
8
-4
2
0
-1
1
2
0
-4
4
-2
-1
2
1
-3
3
-1
6
-6
7
0
-13
17
-18
19
-47
68
-31
-4
-10
22
-1
-17
13
17
-48
42
-10
-23
52
-24
-20
4
28
4
-42
50
-9
-46
51
-1
-25
4
14
-16
-4
9
-16
23
-53
-1
71
-75
35
3
-38
34
-15
-14
17
-8
-23
56
-64
37
-20
0
0
11
-13
-4
4
4
-6
2
-2
2
-1
0
-1
1
-2
2
-6
7
0
-2
0
1
-4
3
-4
-5
8
-3
-4
3
-3
-2
0
-1
0
0
0
0
-1
0
0
0
1
-1
-3
4
-3
-2
9
-4
-3
4
-4
2
0
-3
0
7
-6
3
-2
1
0
-1
-1
1
-1
2
-6
4
4
-3
-12
12
3
1
-19
39
-61
59
-20
-7
19
-12
-13
35
-34
6
38
-72
73
3
-49
26
-14
14
0
-12
23
9
-16
-6
-9
-5
0
-9
4
3
-37
49
-45
16
21
-48
22
-10
21
-15
-6
7
-6
-1
-9
26
-29
6
-2
5
-5
-13
26
-24
9
-1
-1
0
-1
0
-2
2
-1
1
-1
2
-1
1
0
-2
0
0
0
-1
-1
1
1
-5
1
0
-3
1
-2
-1
-1
-1
0
0
-1
0
0
-1
-1
1
-1
2
1
-4
1
1
0
0
0
1
0
-1
0
1
0
3
-1
1
0
1
-1
1
-1
1
0
-1
10
-24
26
-12
-4
7
-1
8
-27
29
-7
0
-7
8
-6
-14
23
-7
23
-45
24
19
-43
51
-32
7
8
-5
7
1
0
-5
-16
-2
5
-10
-8
7
-31
58
-35
-7
-1
12
-15
-9
-18
36
-19
10
-8
6
-10
9
-12
8
-4
-3
4
-6
4
-9
4
-1
-2
2
1
-1
0
1
0
0
-1
3
-2
2
0
0
-1
3
-5
-2
4
-8
6
-5
-3
4
-3
0
0
0
-2
-1
-1
-1
0
0
-1
0
0
1
-2
5
-3
-5
8
-8
5
-1
-4
4
-1
1
0
2
-1
4
-1
0
-1
1
0
-1
2
3
-2
-1
6
-9
6
-5
5
-3
-3
9
-10
10
-10
7
-8
11
-18
37
-15
-6
-13
15
3
-5
-32
60
-28
11
-4
-7
13
5
-6
-10
5
-23
6
-14
20
-6
-5
-49
53
-15
-11
-4
22
-10
-25
13
-4
-1
-4
11
-10
5
-12
8
-11
5
1
-5
0
1
-1
-1
1
-2
0
-2
2
-2
2
-2
2
0
1
0
1
-1
0
-1
1
2
-9
3
1
0
-1
-1
-1
-1
0
-1
-1
-1
0
-1
0
0
0
0
0
0
-1
0
0
0
2
4
-8
3
1
0
2
0
0
1
1
1
1
-1
2
-2
2
-2
1
-1
2
-1
-1
2
0
-4
3
6
-9
10
-10
6
-8
11
-2
1
-4
14
-22
-6
26
-2
-7
-12
55
-47
-2
-2
23
-11
14
-17
13
-6
-12
5
-7
-2
4
-29
5
68
-91
18
29
-31
5
-2
8
-17
4
0
-1
0
1
-1
-3
-4
2
3
-4
-3
0
-1
1
-2
1
-1
0
0
0
-1
0
1
1
-2
1
1
-1
0
1
0
-3
4
-7
5
-3
-1
1
-1
-1
1
-1
0
-2
-1
-1
0
1
0
-1
1
-1
0
0
-1
1
0
-2
6
-5
4
-1
1
1
0
0
1
0
-2
2
1
-1
-1
0
0
0
0
2
-2
2
-1
0
-1
-3
4
3
-3
-2
0
2
0
1
1
6
-16
11
2
8
-29
32
21
-88
70
9
-26
9
1
1
8
-3
-8
-4
-6
-5
3
-14
0
-5
3
-2
2
-16
7
2
4
-40
30
-10
3
-3
1
-7
1
4
-15
15
-7
-3
2
-3
-3
3
-4
3
0
-2
1
0
2
-1
0
-1
1
1
0
-1
1
-1
-1
-2
0
-2
1
0
-1
-2
-2
-1
-1
0
-1
0
-1
0
0
-1
0
0
0
1
-1
1
-1
0
0
0
1
0
0
-1
0
0
1
-1
0
1
1
0
0
-1
3
-1
0
-2
2
3
-4
5
-2
-2
3
-1
-6
15
-13
6
3
-4
2
0
4
-8
31
-36
7
5
9
-11
5
1
5
0
3
-10
7
3
-1
3
-10
-3
-8
-3
0
-16
13
-7
-21
20
-11
-2
13
-21
-10
26
-21
1
2
-2
0
0
-2
-6
-1
6
-4
1
1
-3
1
-1
2
0
0
0
1
2
-2
0
2
0
-2
3
-3
2
-1
3
-2
0
-1
1
-2
0
-1
0
-1
0
-1
0
-2
-1
0
-1
0
1
0
0
-1
0
-1
1
0
0
0
1
-1
1
-1
0
-1
3
-1
2
-2
3
-1
-1
2
1
-2
1
1
1
-1
1
2
-1
1
-2
3
1
-4
8
0
-5
-1
0
0
-2
3
3
-20
29
-7
-18
16
0
-8
22
-19
-4
17
-12
4
6
-3
6
-11
-1
-7
-9
-1
-7
-1
2
-2
-8
5
2
-20
8
-4
3
-3
-2
-1
1
-6
2
0
-3
-1
5
-5
-1
-1
-4
1
1
-1
-1
2
-2
0
2
-1
2
0
0
1
0
0
1
-1
0
-1
-1
-2
-1
0
-1
-1
1
0
0
-1
-1
-1
0
0
0
-1
-1
0
-1
-1
0
0
0
0
1
0
0
0
0
-1
1
0
1
1
0
0
1
1
0
1
2
-1
2
0
-1
2
-1
-1
1
1
-3
1
1
-4
5
0
-1
2
3
-5
3
-1
-1
-2
6
-2
12
-17
5
7
-6
0
4
3
-4
3
-1
-1
8
-8
-7
-2
-6
-6
-2
9
-20
0
10
-9
0
-7
-2
11
-30
17
-6
2
-2
-2
1
-4
6
-5
1
-3
-2
3
-3
0
-4
1
-1
1
-2
1
-2
0
0
1
-1
1
1
0
1
-1
0
-2
0
0
-1
1
-2
-2
0
-2
-1
-1
-1
-1
0
-1
1
-1
1
0
0
-1
1
0
0
-1
1
0
-1
1
-1
-1
2
-1
2
-1
2
0
0
1
1
1
0
1
0
2
-1
2
-1
1
-2
0
-2
4
-1
-2
2
-3
6
-3
1
-1
-1
4
-5
18
-25
15
0
-4
4
-6
15
2
-16
13
2
-3
2
4
1
-9
-5
-3
-9
-1
-1
-9
0
-4
6
-14
10
-15
11
-13
4
-6
4
-2
-2
0
0
-1
-4
1
-4
1
-2
-2
-1
-2
0
0
0
0
0
-1
1
1
0
0
0
1
0
-1
-1
-1
0
-1
0
0
-3
2
-2
-1
0
-1
0
-1
-1
0
0
-1
-1
0
0
0
0
1
0
-1
-1
0
0
1
0
2
-3
0
0
0
1
1
-1
0
0
1
-1
0
0
0
0
-1
1
1
1
0
0
-1
0
-1
-1
2
-2
3
-1
-1
1
0
-1
-2
5
-5
7
-10
15
-12
12
-11
9
-1
3
-7
4
1
-1
2
2
-7
-6
-6
-2
-4
-11
17
-10
-14
6
-6
1
-2
-3
-6
0
-3
3
-5
-1
-1
-2
-1
0
-2
-3
0
-2
-2
1
-2
-1
0
-1
1
0
0
1
-1
0
1
1
-2
2
1
-1
1
-1
-1
-2
-3
2
-1
-1
-1
0
-2
-1
-1
-1
-1
-1
-1
0
-1
1
0
0
0
1
1
1
0
1
1
0
0
1
-2
0
0
0
2
-1
1
3
-2
1
1
0
-1
1
0
1
3
0
0
1
-1
1
-1
-1
1
-1
-1
1
1
1
1
-1
-3
3
-2
4
-3
1
1
3
-2
10
-12
-6
20
-8
-1
6
-1
1
-4
-4
-2
-2
0
-2
-2
-3
-2
-3
0
-1
-2
-1
-1
0
-1
-3
-2
0
0
-1
-2
-1
-1
-1
-1
-1
-2
-1
-1
-1
0
0
-1
0
0
0
-1
1
0
1
0
-1
-1
0
1
0
-1
-2
-1
0
0
-1
-1
-1
-1
-1
-1
-1
0
-1
-1
-1
0
0
0
-1
0
0
0
0
0
0
0
0
0
0
0
0
0
1
1
1
0
0
1
1
0
0
-1
0
1
0
0
-1
0
1
0
-1
0
0
0
0
-1
0
0
0
0
1
0
-1
0
2
2
0
0
1
2
1
-1
-1
-1
-1
1
2
2
1
