-11
-4
-3
-5
-1
-6
-2
-3
0
-2
-2
-1
-3
-5
1
0
-4
2
3
-11
6
-7
2
-1
-2
0
0
-2
-1
-1
-1
-3
1
1
-2
1
1
1
0
0
0
0
-1
3
-2
1
1
-4
0
0
1
-3
-2
-1
-1
1
-3
-1
1
0
0
0
-1
-1
0
0
0
0
1
-1
0
1
-2
2
0
1
-1
-1
2
1
1
-2
0
1
-3
4
-2
-1
-1
1
0
0
1
1
-2
2
1
-1
0
0
1
-1
1
-1
-1
0
3
-5
7
-10
3
2
-3
3
4
-3
-1
2
2
-1
2
-1
2
-2
2
1
3
2
-14
1
-8
-5
1
-9
-1
-3
-2
-3
-1
-1
-5
-1
-3
-3
-4
4
0
-14
17
-10
0
-2
0
-1
1
-2
1
-2
0
0
0
0
-1
0
-1
-1
1
-2
1
-1
4
-2
2
0
1
-1
1
-2
0
1
-2
1
0
-3
0
1
-1
-1
-1
-1
-1
-2
0
0
-1
0
0
0
0
0
1
-1
0
1
-2
1
1
-1
2
-2
1
0
1
-2
3
-1
2
-2
2
-1
1
1
-1
1
0
0
1
-1
2
-1
1
0
1
0
2
-9
18
-12
1
4
-3
1
1
1
-1
1
1
0
0
1
2
-5
5
2
-3
8
-6
-8
-4
-3
1
-8
-4
0
-1
-2
-2
-2
-5
-1
-4
-4
1
-1
6
-14
8
0
-4
-1
1
-2
-1
-1
-3
-1
1
1
-2
0
1
-1
-1
0
-1
2
-2
0
0
0
0
0
0
1
-2
2
-4
-1
2
-3
-2
-1
1
-2
-1
-1
0
-1
-1
0
0
0
1
-1
1
-1
1
-1
2
-1
0
-1
2
-1
-2
3
-1
1
-1
1
0
0
0
1
-2
1
-1
-1
-1
1
1
2
-2
0
2
0
-2
1
0
-1
1
1
-3
0
8
-12
6
-2
2
0
1
2
-2
2
0
0
1
1
-1
-4
5
4
0
1
-1
-1
-18
1
-18
11
6
-9
-5
-4
-1
-2
-5
4
-5
-2
-8
16
-10
-9
-3
4
2
-2
-1
-2
-2
0
-1
0
2
-4
3
-2
-1
-1
2
1
-2
0
-1
1
-2
3
-3
0
2
-1
-1
0
1
-3
1
-1
0
-2
2
-3
-1
0
0
-1
0
-1
0
0
-1
0
0
1
-1
-1
3
-1
0
0
2
-2
2
0
0
0
2
0
-3
3
-1
1
-1
1
-2
1
2
0
-1
0
3
-3
3
-2
-1
2
-1
-1
0
-1
3
6
-3
-7
-7
18
-7
2
-3
6
-2
0
3
-1
-3
-5
11
15
-15
8
-14
6
-2
-21
23
-46
79
-118
73
-13
-8
-2
-4
-1
-15
28
-17
-13
0
24
-54
56
-33
5
2
-1
-2
1
-3
-1
0
-1
-2
0
-1
1
-1
0
0
0
-1
1
0
1
-1
0
0
1
-4
4
-1
-3
0
-1
1
-2
-1
-3
0
0
0
-2
0
-1
-1
0
-1
1
-1
0
0
-1
0
-1
1
-2
1
-2
1
-1
2
-3
0
4
-3
1
1
0
-1
0
0
2
-1
1
1
0
-1
2
-1
1
0
-1
1
1
-2
2
0
0
4
7
-32
57
-53
26
1
-10
-14
30
-11
3
0
2
-6
-9
76
-114
81
-38
29
-14
-18
-9
19
-23
-29
72
-76
33
-8
-5
-1
-2
12
-46
46
-32
3
11
-24
52
-41
0
5
0
0
-2
0
-2
2
-4
0
-3
3
-5
5
-1
-2
4
-1
-1
2
-1
1
-1
0
1
0
-3
3
-3
1
-3
1
-1
1
-2
1
0
-4
1
-1
0
0
0
0
0
-1
1
0
1
-3
2
2
-1
2
-1
2
-2
2
-2
4
-4
0
1
1
0
1
-1
2
0
-1
3
-1
2
5
-4
3
-2
1
-3
3
-1
-1
-1
1
-1
6
2
-40
52
-24
14
4
-29
50
-44
15
1
2
-3
-6
36
-72
75
-27
-16
24
1
-12
11
-48
59
-45
-11
3
12
-8
-1
-2
-4
-7
37
-49
1
9
-7
-7
19
5
-15
0
-2
-1
-1
1
1
-3
0
0
-4
2
0
-3
3
0
-2
1
-1
1
1
-1
1
-1
-1
4
-4
-2
1
-2
-1
-2
-1
3
-5
2
-3
0
-2
1
0
-1
-1
0
0
0
0
1
0
1
-1
3
-4
6
0
-1
-1
0
3
-1
-3
4
-1
-1
2
-1
1
1
-1
3
-1
-1
2
-3
0
2
-3
1
0
-2
1
1
0
0
0
0
-14
5
19
-5
-5
10
3
-45
41
-4
-2
0
1
-6
14
8
-6
-42
66
-43
19
3
-26
23
-4
-14
-54
89
-62
15
-6
1
-5
5
-1
-32
27
-14
-7
30
-33
13
-2
-4
-2
0
0
-3
-2
0
0
-2
0
0
-1
1
-2
1
0
2
-3
1
0
1
-1
1
0
0
-1
-1
0
-1
0
-4
3
-2
-2
1
-2
0
-1
-1
0
-1
-2
0
-1
0
1
0
1
0
-2
1
-1
0
5
-2
1
-1
1
0
1
1
0
2
-1
2
-2
2
-2
2
0
0
-2
2
1
0
0
-2
1
1
0
-1
1
1
0
-3
0
13
-33
31
-5
-13
32
-28
2
8
-2
3
-1
17
-57
93
-51
-11
3
28
-18
-26
-2
15
-8
-68
92
-69
17
7
-11
-3
5
2
-32
23
-4
-11
14
-35
33
-15
2
-3
-1
1
-4
-1
1
-1
-2
-4
3
-3
0
0
-1
-1
0
0
-1
0
0
1
0
0
1
-3
1
0
0
-4
0
0
1
-3
1
-1
-1
0
0
-1
-1
0
-1
0
-1
0
0
0
2
2
-1
0
1
-2
1
0
1
-2
-1
1
2
-3
2
0
0
0
0
1
1
0
1
-1
0
1
1
-3
3
-3
-2
-1
1
0
-2
3
1
0
4
-14
35
-36
15
-10
-1
26
-28
5
7
0
-8
8
22
-65
96
-64
-1
21
6
-30
29
-62
53
-50
44
-24
-8
0
-1
-3
3
-19
17
-29
26
-17
0
21
-2
-38
17
2
-2
-1
0
-1
-1
-1
1
-2
0
0
-2
3
-3
1
1
-2
-3
4
1
-1
0
1
0
0
0
-2
-1
0
1
-3
-1
1
-1
0
-2
0
-2
0
0
-1
-2
0
0
0
0
0
0
1
-1
1
-2
3
1
-2
0
1
1
-1
0
1
0
2
-1
-1
1
4
-2
-1
1
2
-1
3
-1
0
0
-1
0
0
1
0
0
0
0
2
18
-37
0
22
0
-16
29
-26
20
-16
7
1
3
3
-4
-22
48
-47
60
-57
37
26
-39
36
-44
47
-93
64
-15
-3
-1
-6
14
-45
55
-27
-11
7
-9
3
-4
5
-3
-1
-4
1
-1
-1
0
-3
-3
0
0
-1
1
-2
0
-1
2
0
-1
1
-1
0
-1
0
0
-2
1
-2
1
2
-5
1
-2
1
-1
0
-1
-1
-1
-1
-1
0
-1
0
0
0
0
1
0
-1
0
1
0
2
-2
2
-4
3
0
-1
2
-1
2
0
1
1
1
1
-1
-1
2
0
1
-2
3
-1
-1
1
-1
-2
0
0
0
2
-2
0
-1
7
-3
4
-7
8
-8
-25
59
-42
16
-3
3
-1
-12
69
-90
50
-37
40
-31
-8
-13
8
-28
39
-32
-17
23
-6
-5
-1
12
-39
31
-23
-2
-7
11
10
-29
22
-9
-2
0
0
1
-4
0
0
-2
-2
1
-2
1
-1
-1
-2
2
0
0
0
1
3
2
-2
0
1
-1
0
-2
1
-3
0
-2
0
-2
1
-2
-1
-1
0
-1
-1
-1
0
0
-1
-1
2
0
0
0
2
-2
2
-2
1
-2
1
-2
1
-1
1
1
-1
1
2
0
1
0
0
1
-1
2
-1
1
-2
2
-1
0
0
1
-4
3
1
1
-1
-7
23
-28
11
12
-6
3
-18
34
-36
16
1
-1
-5
28
-13
-27
42
-21
12
-5
-21
19
-43
5
8
17
-13
-18
3
-7
4
-1
-11
6
0
-14
6
-2
-5
3
-2
-3
1
-1
-1
0
-2
0
-1
-2
-1
-1
0
-1
1
-2
1
0
-1
1
-1
0
-1
3
1
-4
1
1
-2
-1
1
0
-2
0
-3
0
-1
0
-1
0
-1
-1
-2
0
0
0
-1
0
0
1
-1
1
0
1
-2
1
-2
2
2
-2
-1
0
1
-2
1
4
0
-1
0
1
-1
0
1
-3
2
0
0
0
-1
-1
1
0
0
1
0
-1
1
-2
-1
4
-2
0
7
-10
3
10
-8
1
7
-4
6
-14
-10
21
12
13
-38
26
-14
3
-16
3
2
-13
8
-8
3
-8
2
-12
6
3
-8
-2
-1
1
-4
4
-7
2
-2
-2
-3
0
-2
0
0
-3
0
-2
-1
-1
1
-1
0
-2
2
-1
-1
4
-4
0
0
-1
1
1
-2
0
-6
5
-4
0
-1
0
-1
1
-1
-1
-1
-1
0
-1
1
0
0
-1
0
-1
0
1
0
0
-1
2
-3
6
-4
1
-1
1
0
-2
1
0
-4
4
-1
-1
3
-1
0
0
0
0
-1
-1
1
-2
0
1
-1
1
-2
2
-1
3
-6
5
-4
1
0
1
-6
6
9
-8
4
-4
4
-5
10
-8
5
10
-11
10
-11
-7
4
-10
-8
6
-11
1
-6
4
-7
-9
14
-14
-3
3
-1
-2
-5
1
-1
-2
1
-3
0
-1
-1
-3
1
-2
-1
0
-1
0
1
1
-2
0
0
-1
0
1
0
1
-1
2
-1
-2
3
-2
-2
-3
5
-4
1
-3
-1
1
-2
0
0
-1
0
0
0
0
0
0
1
1
-1
1
0
-3
3
-2
7
-4
-1
0
4
-2
-1
2
-1
2
-1
1
1
0
0
0
-1
3
1
0
-1
0
0
-2
3
-1
0
1
1
-2
2
-1
0
3
-3
-1
0
7
0
-10
17
-7
-3
7
-4
6
-8
10
-4
-3
9
1
-9
-6
-5
-5
-2
2
-6
-5
-2
1
-5
-3
-1
-3
-2
-2
-3
0
1
-4
1
-1
-3
2
-1
-3
1
-2
-2
-1
2
-3
0
-1
0
0
1
-2
1
0
0
0
-1
0
2
0
-1
-1
1
1
-4
2
-3
1
-1
-1
1
-1
-3
1
-4
-1
-1
0
-1
0
-1
0
-1
3
-2
0
1
0
0
2
-3
1
-2
1
2
0
-1
1
2
-1
-2
0
-1
1
1
-2
1
0
0
0
0
-3
3
-1
-1
-1
1
1
-1
3
-3
0
3
-4
2
1
-2
1
1
1
3
0
-3
5
0
-2
-3
6
1
3
0
1
-7
-5
-6
-3
2
-11
3
-5
3
-4
0
-5
1
1
-6
-3
3
-3
1
-3
0
-2
-3
2
-3
-1
1
-3
0
-2
-2
-1
-1
0
0
1
0
-1
3
-2
0
1
2
-3
3
-3
0
2
-3
-2
1
-2
-1
2
-2
0
-1
-2
-1
0
-1
0
-2
0
0
-1
0
0
1
0
-1
-1
0
0
-2
4
-1
-1
1
0
-2
2
0
-2
3
-4
1
0
0
-3
3
0
-1
0
0
0
-1
1
-1
-1
1
-2
2
1
-1
3
-2
1
1
-2
2
-1
4
-1
-4
4
3
-2
3
-1
4
-2
6
-9
6
2
-1
2
3
-13
1
-9
3
-8
-3
0
-4
1
-1
-3
-2
-2
-2
-5
1
-1
-3
1
-3
3
-4
0
-3
1
-2
-1
-1
-3
0
0
1
-2
-1
-1
0
0
0
1
0
0
0
2
-2
1
-1
-2
-1
1
-1
-2
1
-2
-1
-1
0
-1
-2
0
-1
-2
-1
-1
-1
-1
0
0
-1
0
0
-1
1
0
1
-1
1
-2
0
2
0
-1
0
1
-1
1
1
1
-1
0
1
-1
0
0
0
-2
1
1
-1
-2
1
0
0
2
-2
1
-2
5
-3
1
-2
-1
2
-1
1
1
1
1
0
3
-2
4
1
-4
6
-3
4
-7
-8
-6
-5
-3
-4
2
-6
-2
0
-2
-2
-4
-2
-3
0
-3
1
-4
3
-1
-2
-1
2
-3
-1
0
-1
-2
0
-2
-1
-2
1
0
-1
3
0
-2
1
2
-1
0
1
1
1
1
-1
0
-1
0
-1
-1
1
-2
0
-1
0
-2
0
0
0
0
-1
0
0
0
0
-1
1
-1
1
-1
1
0
1
-2
1
1
0
1
-1
1
-1
1
1
0
1
1
-2
1
1
-2
-1
2
-2
1
1
-1
1
-1
1
-1
0
1
0
-1
2
0
-1
0
2
-2
2
-1
3
0
1
-2
2
0
1
2
-3
5
0
3
-1
3
-19
1
-3
-4
-3
-3
-2
-4
-1
-2
-4
-2
1
-6
-3
-2
0
-1
0
-1
-4
0
0
-2
1
-2
-1
-1
1
-2
0
-1
1
-1
0
1
-3
2
-1
0
-2
2
1
0
-1
-1
-1
1
-2
0
0
-3
1
-1
0
0
-3
0
-1
-2
-1
-1
-1
-1
0
0
0
0
0
-1
0
2
-2
1
1
0
0
-1
0
0
-1
2
0
0
1
0
0
2
-2
1
-1
3
-3
2
2
-1
1
0
0
-2
2
0
-1
0
1
-2
1
1
-2
1
1
-1
1
0
1
-3
4
1
0
1
0
0
1
1
0
1
1
8
-13
-2
-3
-4
-5
-4
-2
-3
0
-3
-1
-2
-1
-5
0
-1
0
-2
1
-1
-1
-2
0
-1
-3
-1
0
-2
1
-4
-1
0
0
0
0
1
-1
-1
0
2
-3
2
0
-2
3
-1
-1
0
1
-3
1
-1
-2
0
0
-1
-1
0
-1
0
-1
-1
0
-2
1
0
-1
1
-1
2
-2
1
-1
0
0
1
0
-2
2
-3
2
1
0
-2
3
-1
-1
3
-3
2
0
1
0
2
0
1
0
1
1
-2
2
-2
1
0
-2
0
1
0
0
1
2
-1
1
1
2
-1
1
0
2
0
2
0
2
0
-2
2
1
5
-3
-9
-1
-5
-2
-5
-1
-3
-1
-2
-2
-2
-2
-3
-2
-1
-2
-1
0
-1
-1
-2
-1
-1
-2
0
0
-1
-1
-2
-1
-2
0
0
0
3
0
-3
1
1
-2
1
1
-2
4
-3
2
-2
0
0
-1
-2
1
-3
0
-2
0
-1
0
0
-1
0
0
0
1
0
0
0
-1
0
0
0
0
0
1
-1
0
1
0
0
1
-2
3
-2
5
-4
1
0
-1
1
1
-1
0
2
-1
1
0
0
1
-1
-1
1
0
1
-1
0
0
0
0
1
1
0
-1
3
-1
1
1
1
0
1
1
0
1
-2
2
1
3
-1
-9
-3
-4
-4
-3
-4
-2
-2
-2
-3
-1
-3
-4
-2
-2
-2
-1
0
-3
-1
0
-3
-1
0
-2
0
0
-2
-2
0
-2
-2
3
-2
1
-1
1
-1
2
0
0
-1
-1
3
-3
1
2
-4
3
-1
-1
-1
2
0
0
-1
-2
0
-1
0
0
-1
0
-1
1
-1
1
-1
0
1
0
1
-1
1
1
-1
2
-1
0
-1
4
-4
3
1
-2
3
1
0
0
-1
1
-1
1
0
1
-1
3
0
-1
1
-1
0
0
0
-1
1
1
-1
1
0
-3
1
0
0
0
1
0
1
1
0
0
1
2
-1
0
2
0
3
-9
-4
-3
-5
-2
-2
-3
-3
-1
-2
-2
-2
-1
-3
-3
-2
0
-2
-1
-3
0
-1
-2
0
-1
-1
1
-4
1
1
-4
1
0
-1
-1
0
1
0
-1
1
-1
2
0
-2
2
2
-3
3
-6
1
-1
0
-2
-1
-1
1
-2
0
-1
-1
-1
0
-1
1
0
0
0
0
0
1
0
-1
-1
1
1
1
-1
0
-1
1
-5
3
-3
0
2
-1
1
1
0
0
-1
0
1
-1
1
0
0
1
-3
1
2
-1
1
0
-1
2
0
1
2
-2
0
0
1
1
0
0
2
1
0
1
0
0
1
0
2
1
1
4
-6
-7
-3
-4
-3
-2
-3
-2
-2
-2
-2
-3
-1
-2
-1
-4
-2
-1
-1
-1
0
-1
-1
-1
0
-3
0
-1
-1
-1
0
-2
2
-2
-1
0
1
0
-1
-1
0
-1
0
1
2
-1
-1
-4
2
-2
0
0
-1
0
-1
-3
-1
1
-1
0
-1
-1
-1
0
0
0
0
-1
-1
0
0
1
-1
0
0
0
-1
2
-1
-2
3
-4
-1
0
2
0
1
-1
1
0
-1
0
1
0
0
-1
2
-2
0
-1
0
-1
1
-2
1
0
1
2
2
0
-1
-1
-1
-1
2
2
1
0
0
1
-1
1
1
1
0
2
1
0
-6
-7
-5
-2
1
-12
0
-3
-1
-1
-5
-3
4
-12
-1
-2
-3
1
1
1
-1
-6
6
-9
4
-3
0
-3
-1
1
-2
-1
0
-5
6
-2
-2
0
0
0
2
-3
2
1
0
-1
-1
7
-7
-1
3
-5
0
-2
3
-5
3
-2
-1
0
-1
-1
0
-1
-1
-1
0
0
0
0
-1
-2
4
-4
4
-2
0
-3
5
-1
-6
7
-1
-1
1
1
2
-1
2
-1
-1
-1
-1
-2
6
-4
0
0
-1
3
0
-1
1
-3
5
-7
8
-4
1
2
3
3
-2
2
2
-7
8
1
-1
3
1
0
3
-8
4
4
1
1
-18
1
-1
-22
24
-21
3
-5
-1
-3
-1
-2
-13
52
-95
50
-3
-17
-5
33
-22
4
2
-4
-9
1
7
-3
-5
2
-2
2
-8
7
-1
-2
0
3
-2
-3
4
0
-1
1
-1
3
3
-6
2
-3
1
-2
1
-1
-4
0
1
-2
-3
2
-3
-1
-1
-1
0
0
0
0
-2
4
-2
-2
2
2
-4
0
1
0
1
-2
3
-5
3
3
1
1
-1
0
4
-2
-3
3
1
-1
-1
8
-8
3
-2
3
-4
-3
8
2
-7
-3
3
6
-21
33
-5
-15
-2
51
-91
54
-11
0
1
0
1
-2
6
-17
27
-14
2
8
-10
-5
-2
-5
-2
-4
1
-5
-2
-1
-1
1
-11
-1
14
-20
11
-15
7
-7
14
-11
2
-2
0
-3
-3
0
0
-1
-5
6
-7
5
-3
0
1
-1
-1
1
2
0
2
-5
6
-4
3
0
-4
1
-2
2
-2
-2
3
-5
3
-5
1
-1
1
-2
0
-1
1
-1
0
-1
0
0
2
-3
4
-4
4
-2
-2
1
-1
2
-3
1
3
-4
6
-5
3
0
2
1
-2
-2
2
1
-2
5
-7
7
-4
-1
1
0
-2
-1
1
0
3
-9
15
-5
7
-15
12
-18
17
2
-8
3
1
3
0
-1
5
0
0
2
2
3
-1
-10
-2
-2
-10
2
-2
-5
1
-4
1
-1
-4
-4
-14
23
-20
2
5
-9
7
-7
-1
-2
-1
-5
7
-5
0
-1
-3
1
0
-1
1
0
-1
0
0
1
-1
0
-4
4
0
1
1
-4
3
-3
0
2
-4
2
-2
-1
-1
0
-2
0
0
0
-1
0
0
0
0
0
0
1
-1
2
0
2
-1
3
-2
2
1
-2
4
-5
1
1
0
5
-4
1
-2
2
1
0
-1
0
3
1
0
2
-1
-2
0
-3
7
-4
0
-1
1
-5
8
-8
8
4
-19
28
-11
-1
-1
1
2
-1
3
-3
0
5
-8
4
2
-2
-8
-6
-2
-11
6
-7
-3
-3
-1
-4
-4
-1
0
-2
-2
-5
1
-2
-20
43
-32
0
4
-2
2
-7
3
-3
2
-3
-3
0
1
2
-4
4
-1
-3
1
2
-1
1
0
2
-1
0
2
-1
-1
-1
0
-3
1
1
-1
-2
-1
0
-1
0
-1
0
-1
0
0
0
0
0
-1
0
0
1
1
-1
-1
2
1
-2
1
-1
0
-1
4
-1
-2
2
0
2
-2
2
2
-2
-1
5
-4
3
1
0
-2
-1
3
-2
4
-6
3
-1
5
1
-31
45
-19
-2
1
-2
1
2
3
1
-1
0
1
2
0
-5
8
-3
2
3
-12
0
-7
-6
-1
-5
-2
-3
-1
-5
0
2
-6
4
-17
1
4
8
-22
16
2
-8
-4
5
-6
1
-1
-4
2
-2
1
-3
-1
0
3
-5
2
3
-2
-1
0
1
2
-1
-1
4
-4
-1
-2
3
-4
-3
0
0
-3
0
-1
-3
1
-1
-1
1
-1
0
0
1
-1
0
-1
0
1
-2
0
2
-1
2
0
-1
-3
3
-1
0
-1
4
0
-3
2
1
0
2
-3
3
1
-5
4
1
-1
-1
2
-1
3
-2
0
1
-4
6
-3
-7
3
16
-20
9
5
4
-13
7
-4
4
2
-2
1
-1
2
-2
3
0
-2
7
-5
-4
-2
-2
-4
-4
-2
-1
-1
-4
-2
0
-1
-3
-4
-3
1
-1
-2
-2
1
1
0
0
-1
-1
0
-1
-1
0
0
0
-1
-1
1
0
0
-1
0
1
0
0
0
0
0
-1
-1
-1
-1
-2
-1
-1
-1
0
-1
-1
-1
0
0
-1
-1
0
0
0
-1
0
0
0
-1
0
0
0
-1
-1
0
2
0
0
-1
0
0
-1
-1
0
0
0
0
0
-1
0
0
-1
0
0
0
0
-1
0
1
1
-1
0
0
1
0
-1
0
2
1
-1
-1
0
1
0
-1
-1
1
2
0
-1
-1
2
1
-1
-1
1
2
0
