-9
-5
-3
-7
1
-13
0
1
-2
-2
-3
-2
-3
-1
-2
-3
1
-2
-1
-2
-1
0
-1
0
-2
0
-1
-1
0
-1
-1
0
-2
1
-2
0
1
-1
2
0
-3
6
-1
0
-1
1
-1
-1
1
-1
-2
-2
0
0
-3
-1
-1
-1
0
-1
0
-2
-1
0
0
0
0
0
0
-1
0
0
0
0
-1
0
1
0
-2
0
1
-1
-1
2
-1
0
0
4
-3
0
2
-1
1
-1
-1
2
-2
0
-1
0
1
-1
0
0
-1
2
1
0
1
-1
0
-1
2
-1
1
0
0
1
1
0
0
4
3
-9
3
0
2
2
-11
3
-12
-10
29
-34
-25
42
-14
-6
-2
-2
-2
-7
6
-7
0
1
-4
-1
0
0
-2
-1
-2
-1
-1
0
-1
-2
0
-2
0
1
0
0
0
0
1
-2
5
-8
3
3
-1
-2
0
-2
0
0
-2
-1
1
-1
-2
-2
-1
-2
-1
-1
-1
0
0
-2
0
0
1
0
0
0
-1
-1
0
0
1
0
2
-1
-2
0
1
0
2
-1
0
4
3
-8
6
-2
0
-1
1
0
0
1
0
-1
1
0
0
0
0
0
0
0
-1
0
1
1
-2
3
0
-4
9
-4
1
0
1
-3
-12
46
-22
-30
32
-3
-7
11
-9
24
-63
131
-257
122
51
-36
43
-67
30
-36
38
-35
54
-67
26
-6
-4
2
-6
3
-4
1
-2
-1
-2
1
-3
2
-3
1
-1
0
-2
-1
-10
56
-56
-29
108
-152
147
-80
19
0
-1
2
-4
2
-2
1
0
-1
-1
0
-1
-1
-2
-1
0
0
-1
-1
0
0
-1
0
1
1
0
0
1
2
-1
0
1
1
-1
2
-3
2
-1
0
20
-80
146
-153
108
-27
-56
57
-9
0
-2
1
-1
1
-2
2
-2
3
-1
0
-1
2
-2
6
-5
4
-3
-4
27
-64
57
-32
41
-34
33
-64
45
-32
56
126
-254
139
-58
32
-11
19
-58
166
-249
-35
275
-263
192
-97
70
-119
127
-214
216
-35
-33
-8
-16
20
-44
98
-68
3
1
-1
0
-2
1
-2
0
1
0
-3
5
1
40
-144
113
-20
-64
215
-214
86
-19
-4
6
-5
6
-6
1
-1
0
-2
0
-1
-1
-1
-1
-2
-1
-1
0
0
0
0
0
0
1
0
0
2
0
0
1
-2
1
-1
2
-4
7
-5
7
-4
-18
86
-215
217
-64
-18
113
-142
41
2
5
-1
0
0
0
-1
1
-1
2
0
3
5
-66
99
-44
22
-15
-6
-32
-33
220
-210
129
-117
74
-94
194
-258
279
-31
-246
174
-53
27
-8
-1
-18
72
-88
-247
424
-154
-32
35
-81
136
-210
380
-311
-30
93
-26
15
-26
-22
103
-70
8
-4
1
-4
4
-2
-1
0
0
0
1
6
-9
3
90
-334
296
30
-178
207
-118
-16
33
-13
4
-5
3
0
-3
-1
-1
-1
0
-1
-1
-1
-1
0
0
0
0
0
0
0
0
0
0
0
0
0
0
0
-1
0
-2
0
4
-4
5
-13
33
-16
-119
208
-178
30
298
-334
90
3
-7
5
2
0
1
0
-1
-1
4
-3
1
-2
9
-68
104
-21
-26
16
-25
94
-27
-308
383
-207
139
-78
39
-31
-151
427
-243
-84
80
-13
6
-6
-19
31
-166
208
38
-211
201
-143
-41
141
-187
173
-52
-66
66
-22
-17
83
-92
-76
136
-19
-20
0
-7
18
-18
2
-1
0
-1
-3
-9
23
-51
4
298
-394
31
63
117
-124
120
-80
-18
30
-8
7
-6
0
-1
-1
-1
-1
-2
-1
-2
-1
0
-1
-2
-1
-1
1
0
0
-1
0
0
-1
1
0
0
1
0
0
0
0
-5
8
-9
30
-17
-79
121
-124
117
63
30
-393
298
4
-50
23
-7
-3
0
2
-2
2
-18
20
-5
1
-19
-18
139
-76
-91
85
-17
-21
69
-63
-51
176
-183
144
-38
-140
205
-207
42
211
-158
36
-11
-4
-44
74
-188
184
162
-266
-106
148
123
-153
79
212
-634
308
133
-55
-26
10
9
-154
190
-34
-30
1
11
-35
26
-6
1
-2
1
1
-39
59
5
-44
15
-52
38
162
-246
109
13
-45
36
4
-29
5
12
-3
-3
0
0
-1
-1
0
-1
-2
0
0
-1
-1
-1
0
0
-1
-1
1
1
0
2
1
1
0
1
0
-3
-3
12
6
-29
4
37
-45
13
109
-246
162
39
-51
14
-43
5
59
-38
1
1
-1
1
-6
28
-34
11
3
-29
-32
192
-152
10
12
-25
-54
135
312
-631
215
83
-149
126
149
-102
-262
165
187
-181
79
-36
-3
-55
70
86
-108
-348
404
133
-210
-147
109
129
26
-284
92
69
35
-77
-78
104
231
-344
56
51
-6
16
-49
35
-3
-5
0
3
0
-41
43
54
-76
-95
254
-281
82
271
-181
-141
50
121
-42
-41
14
2
-3
2
-2
-1
0
-2
-1
-1
0
0
0
0
-1
0
0
1
-1
0
0
1
0
0
0
0
1
0
-1
3
-2
4
15
-40
-42
121
50
-140
-182
271
81
-281
255
-95
-75
55
43
-41
0
5
2
-5
-2
36
-48
17
-5
53
58
-342
232
106
-77
-74
36
72
95
-281
30
132
111
-143
-208
137
408
-344
-104
93
75
-48
-11
-28
7
134
-259
409
-365
-128
224
65
-58
-137
2
268
-222
82
32
-120
1
84
-47
-19
73
-64
10
-17
67
-57
5
0
0
3
-8
32
-53
-57
114
56
-93
91
-132
-32
129
-105
2
146
-56
-89
57
-7
-1
2
-2
0
-1
1
-2
0
0
-1
0
-1
-1
-2
-1
1
-1
0
1
0
0
1
-1
3
0
1
-2
3
-1
-7
58
-89
-56
148
3
-105
129
-32
-133
92
-93
57
114
-56
-53
32
-8
3
1
0
6
-55
68
-14
11
-62
75
-18
-47
85
1
-119
33
85
-219
271
4
-134
-56
67
226
-124
-361
412
-256
140
12
-20
-9
10
-14
-112
168
-139
42
163
-212
69
-14
-15
-201
507
-342
78
28
-143
123
-63
-98
185
-98
39
-11
0
-31
32
-9
-2
0
7
-18
48
-72
-19
98
-144
181
-128
23
107
-162
186
-105
-50
92
-96
54
-1
-2
-3
0
-1
0
-2
0
0
-2
-1
-2
-1
-1
-1
0
0
0
-1
-1
0
0
1
1
0
1
0
1
-3
-1
0
55
-96
93
-51
-105
188
-162
106
23
-128
181
-145
98
-19
-70
48
-18
7
0
-2
-8
34
-31
1
-10
41
-97
186
-97
-61
124
-142
28
81
-339
511
-198
-10
-12
70
-210
167
45
-135
172
-104
-9
18
-9
45
-68
-133
260
-240
230
-229
185
-143
49
77
-151
161
-87
-3
51
-120
155
-163
201
-227
104
-12
1
0
3
-11
6
0
-3
16
-39
47
-45
20
28
-78
70
-57
118
-160
125
-97
116
-116
79
-20
-6
0
1
-1
-1
-1
0
-1
-1
-1
-1
-2
-1
-1
-1
0
0
0
-1
0
0
1
1
0
1
0
0
0
0
-1
1
2
-5
-20
79
-116
117
-96
124
-160
118
-57
71
-78
28
20
-44
48
-39
17
-1
1
7
-9
4
1
2
-8
105
-226
203
-163
155
-119
52
0
-84
164
-148
79
54
-139
187
-225
234
-237
263
-126
-63
53
-14
46
-107
88
-114
238
-279
177
-141
134
-65
-63
182
-337
225
-13
29
-100
119
-101
105
-137
57
3
-2
-2
10
-11
2
0
-2
16
-40
44
-37
1
38
-11
-27
117
-178
111
-104
125
-97
72
-38
10
-9
4
0
-1
-1
1
0
1
-1
0
-1
-1
0
0
-1
-1
0
0
0
0
1
0
0
0
0
1
0
0
-1
1
1
5
-8
9
-37
72
-97
125
-103
112
-178
118
-27
-11
39
2
-37
45
-40
17
-1
1
3
-11
11
-1
0
5
59
-136
107
-101
120
-98
30
-9
229
-334
185
-60
-62
137
-138
181
-276
242
-111
97
-103
54
-13
34
-90
200
-222
-58
179
-106
80
-94
59
28
40
-207
105
51
-11
-52
28
1
-42
47
-20
9
-6
-5
-1
5
-5
0
-3
9
-20
16
-4
-29
55
5
-76
123
-143
45
6
21
-14
5
6
-23
16
-3
-2
-1
-1
-1
-1
-1
-1
-1
-1
-1
-1
0
-1
0
0
0
-1
0
0
0
0
0
0
1
0
0
1
1
-1
-2
17
-21
7
6
-14
21
6
45
-142
123
-75
6
56
-28
-3
16
-20
9
-2
2
-5
7
-1
-4
-4
11
-18
47
-41
4
29
-52
-10
56
108
-204
44
30
62
-90
82
-103
182
-56
-218
207
-85
41
-4
-4
3
-50
-3
86
-80
33
-24
33
-43
12
-26
107
-113
32
-12
21
-49
37
-24
20
2
-6
-5
-6
15
-13
1
0
0
7
-17
18
-20
22
-19
12
-3
-33
47
6
-26
0
15
-10
11
-17
7
3
-2
-1
-1
0
-1
0
-2
1
-2
0
-1
-2
-1
-2
-1
0
1
-1
0
1
0
2
-1
1
0
1
0
-1
-1
3
8
-18
11
-11
15
0
-26
6
47
-32
-3
12
-18
22
-19
19
-17
8
0
0
2
-12
16
-4
-4
-4
3
21
-23
39
-46
22
-11
35
-110
111
-24
15
-41
36
-22
37
-76
90
0
-42
7
4
-8
-18
12
8
-22
-21
27
-4
-15
-13
25
-24
-15
50
-20
-36
0
28
-16
-4
9
-8
0
-2
1
-3
0
-1
0
-1
0
0
-4
6
-11
14
-10
-20
36
-10
1
-27
40
-27
18
-23
19
-8
3
-3
1
0
-1
0
0
-1
-1
-2
-2
-1
0
1
-1
-1
0
0
0
0
0
0
1
-1
0
0
1
0
-1
1
1
-2
4
-9
19
-21
18
-27
41
-27
2
-9
37
-18
-9
15
-9
6
-4
1
0
-1
1
0
0
-1
3
0
1
-6
8
-3
-15
31
1
-31
-17
55
-12
-21
27
-9
-13
0
30
-16
-19
15
18
-9
-11
4
-19
-5
14
-29
22
-13
-4
8
-14
13
-1
-42
41
-33
15
-1
8
-21
15
-10
-1
2
-2
-2
-1
-3
0
-1
0
-1
0
-5
9
1
-9
-11
18
3
-6
-7
16
-20
11
7
-11
10
-8
0
-1
0
-1
-1
-1
-1
-1
0
0
-1
-1
-1
-1
0
0
0
0
0
0
-1
0
1
-1
0
1
0
0
0
0
1
-7
11
-11
9
11
-19
16
-7
-5
3
18
-10
-9
3
9
-5
0
0
1
0
1
-2
1
0
0
4
0
-8
16
-19
9
1
16
-29
44
-38
2
17
-12
11
-2
-10
25
-25
19
1
-14
13
-9
-11
4
-12
7
11
-31
3
6
-11
7
-6
-12
29
-32
5
1
0
-3
-9
19
-25
15
-8
1
-1
-2
-2
1
0
-2
2
-5
0
6
5
-16
0
14
-18
18
-2
-15
8
-1
16
-17
12
-7
-2
1
-3
1
-1
-1
0
-1
0
0
-1
0
-1
-1
-2
0
0
0
0
0
0
0
2
0
1
0
1
1
-1
2
-1
-6
12
-17
16
-1
7
-15
-2
17
-19
15
1
-15
5
6
0
-5
3
0
-1
2
-2
0
1
2
-7
16
-24
21
-6
-2
1
2
8
-29
32
-9
-3
11
-9
7
6
-28
14
10
-5
7
-4
-8
-12
10
-11
-7
-7
8
0
-11
-1
-3
-4
-6
5
-7
6
-13
12
-9
3
6
-17
9
-4
-1
0
-6
2
-2
-2
-1
-2
-2
-1
-1
3
5
-7
0
-11
32
-22
-5
18
-8
-6
5
0
0
0
-2
-2
-1
0
-2
1
-1
-1
-1
-2
-1
-2
0
0
-1
-1
0
0
0
0
0
1
-1
1
-2
1
1
0
-1
0
1
2
6
-7
-7
19
-5
-21
32
-11
0
-8
5
4
0
1
-2
0
1
0
0
4
-4
1
0
-2
11
-17
7
3
-8
13
-12
10
-3
8
-3
-1
1
4
-9
3
12
-4
-4
-4
14
-5
-8
-10
1
-3
-9
-8
10
-8
-6
3
0
-9
-5
17
-24
17
-11
-2
-7
14
-13
3
-6
4
-1
-3
3
-4
-1
0
-2
0
0
3
-5
-8
15
-2
-6
5
-3
-2
-2
6
0
-4
4
-1
-2
0
-1
0
-2
0
-1
-1
-1
-2
-1
-1
0
0
-1
-1
0
-1
-1
0
0
-1
0
0
0
0
1
1
0
1
-1
2
-1
-1
4
-5
1
6
-3
-1
-3
5
-6
-3
15
-7
-4
3
0
1
-1
0
0
-2
4
-3
0
5
-3
4
-12
15
-5
-1
-10
21
-21
21
-1
-7
3
5
-4
-4
14
-4
-6
5
6
-1
-10
-7
1
-11
1
4
-16
2
-6
1
1
-5
-4
-17
14
-2
-3
-2
-6
5
-1
-3
1
-2
-1
-2
3
-4
0
-1
-1
-1
-1
2
-4
4
2
-5
0
5
-8
13
-14
8
-3
2
2
-3
2
-1
0
-2
0
-1
-1
-1
-1
-2
-1
-1
-2
-1
0
0
0
0
0
-1
0
0
1
0
0
2
1
0
1
-1
1
-1
3
-3
1
1
-2
8
-14
13
-8
5
1
-4
2
4
-3
3
-1
0
-1
1
1
-2
2
1
0
-1
2
-3
0
7
-4
0
-2
1
18
-13
-1
-1
4
4
-4
6
-12
8
4
-4
6
0
-8
-8
3
-18
9
-13
0
5
-7
-4
1
-3
-5
7
-10
-8
3
4
-4
-3
-3
2
-1
-3
1
-2
2
-2
0
-1
0
-1
0
-2
3
-7
10
-9
9
-12
9
-2
4
-9
3
7
-6
-2
1
-2
2
-1
-2
0
-1
0
-1
-1
-1
-1
-1
-1
1
-1
0
-1
0
0
-1
0
0
0
0
0
-1
2
0
-1
1
-1
2
-1
-5
8
4
-9
3
-1
9
-12
8
-10
10
-6
3
0
0
0
0
0
1
-2
3
-2
2
-1
1
4
-2
-1
-2
6
4
-4
-8
10
-2
1
3
-1
-6
9
4
-8
12
-12
7
0
-10
-2
-5
-10
5
-3
-5
-7
4
-3
-5
1
-8
2
-3
-2
0
-4
-3
2
4
-9
-2
3
-3
1
-4
1
-1
0
-3
-2
2
-5
5
-4
1
1
-1
1
-2
1
4
-4
0
-1
0
0
0
-2
-1
0
-2
0
0
-1
-1
-1
-2
-1
-1
-1
0
-1
0
0
0
-1
0
0
0
0
0
0
0
1
-1
1
0
-1
1
1
0
-1
1
-3
2
1
-2
2
0
1
1
-2
5
-5
2
-1
0
0
1
2
-3
2
-2
4
0
-8
5
4
-2
-4
1
0
1
6
-4
6
-1
1
6
-5
-2
2
8
-1
-1
7
-8
-6
-5
-6
1
-8
1
-3
-2
-1
-3
-5
-4
8
-11
4
-4
-5
-2
5
-2
-5
1
-2
-1
-1
-2
-2
0
0
-2
-1
-2
1
-1
3
-6
6
-3
-4
10
-5
3
-1
0
-1
1
1
-1
-2
-1
0
-1
-2
-1
-1
-1
-1
-1
0
-1
-1
-2
-1
0
0
-1
1
-1
1
0
-1
0
1
0
0
-1
0
0
-1
-1
0
1
0
0
-2
2
-4
11
-4
-4
6
-5
3
0
2
-2
0
-1
0
0
0
-1
-1
1
0
4
-3
-2
6
-2
-3
-3
8
-9
12
-2
-1
0
2
0
0
5
-4
3
1
1
2
-6
-9
-1
-6
-2
-3
-2
-5
-1
-3
0
-4
0
-8
2
-3
0
-1
-2
2
-1
-2
0
-2
0
-1
-1
-2
0
-1
0
-2
0
-1
2
-1
-2
0
1
2
-2
3
-1
-4
5
-1
-2
1
-1
-1
-1
-1
1
-1
-1
0
-1
0
-2
-2
-1
-1
0
-1
-1
0
0
1
0
0
0
0
-1
1
0
0
1
1
-1
0
0
2
-1
0
5
-4
-2
3
-2
3
0
1
-2
0
3
-1
0
-1
1
-1
0
0
0
-1
1
-1
2
-2
0
3
0
0
1
0
6
-6
3
0
3
0
0
-1
1
0
1
1
3
-1
-7
-5
-4
-7
2
-1
-8
-2
0
-3
-1
1
-1
-8
3
-5
-2
5
-4
-1
-3
1
-2
0
-1
-2
-1
-1
1
-1
0
-1
0
-2
0
2
-1
-3
4
3
-7
2
3
-3
0
1
-2
1
-1
-2
-1
0
0
-1
-2
-1
-1
0
-1
-1
0
-1
-1
0
0
-1
0
0
1
1
-1
1
0
1
0
0
0
0
0
-1
0
1
0
2
2
-2
3
1
-7
4
3
-2
-1
3
0
-1
0
0
-1
-1
2
0
0
0
0
2
-1
2
-2
2
-3
6
-1
-3
6
-6
1
4
1
0
2
1
-4
3
5
-2
0
2
-10
-4
-3
-6
-2
-6
-3
-4
-1
-3
-2
-2
-1
-5
-1
-4
3
-3
-1
-3
3
-4
1
-1
-1
-2
0
-2
-1
0
-1
0
1
0
0
-2
0
3
-3
-2
2
3
-4
3
-1
2
-1
0
-2
1
-2
0
-1
0
-1
0
0
0
-1
-1
-1
0
-2
0
-1
0
0
-1
0
0
-1
0
0
0
0
0
-1
1
-2
2
-1
1
-1
2
-1
2
-3
3
2
-2
-2
3
1
-1
1
1
1
0
0
-1
0
-2
1
-2
0
1
2
-3
4
-1
1
-1
4
-1
1
-3
2
2
0
0
1
1
1
-1
2
1
1
2
-5
-11
1
-7
-3
-3
-2
-2
-3
0
-3
-2
-1
-3
-2
0
-2
-1
3
-10
11
-12
7
-3
-3
2
-2
-1
-1
-1
1
-4
3
1
-2
3
-2
4
-2
-2
5
-4
5
-5
2
2
-3
2
-3
1
-1
-1
0
0
-1
1
-1
-1
0
-2
0
-1
0
-1
0
-1
0
-1
1
-1
1
0
0
0
0
0
0
-1
1
1
-2
3
-2
2
2
-6
5
-4
5
-1
-1
5
-2
2
-1
2
3
-4
2
-1
0
-1
-1
2
-2
-2
8
-11
13
-6
4
0
-1
3
0
0
1
1
-1
3
-2
2
1
1
0
1
7
-4
-4
-10
-1
-5
-4
0
-6
-2
0
-4
-1
-1
-5
2
-3
-6
-1
0
1
-6
5
-3
-2
-2
-2
0
-3
-1
-1
0
-1
-4
1
-1
0
0
-4
10
-12
5
0
-1
9
-14
7
-1
0
1
-1
-1
-1
0
0
-1
0
0
-1
-1
0
-1
0
-1
-1
-1
0
0
0
-1
1
0
0
0
1
0
0
0
0
0
-1
-1
0
1
0
0
8
-14
9
-1
1
5
-12
10
-4
1
1
1
1
-2
0
0
1
0
-1
3
-1
0
-1
0
6
-5
2
1
0
-2
-1
4
-1
0
0
0
1
1
-3
3
-1
1
3
-3
-8
-6
-2
-6
-3
-3
-2
-2
-2
-3
-2
-1
-3
-1
-1
-4
1
-1
-2
0
0
0
0
-3
-1
-2
-1
-2
-1
0
-3
1
-1
1
-1
0
-1
3
-4
0
-2
0
1
2
-3
0
-1
0
0
-1
-1
-2
0
0
-1
1
-1
-1
-1
-1
-1
0
-1
0
-1
-1
-1
0
0
0
0
0
0
1
0
1
0
0
-1
0
1
0
0
0
-2
2
2
0
-2
0
-3
3
0
0
0
1
-1
3
-1
0
1
-1
1
-1
0
0
0
1
2
0
-2
0
2
-3
3
0
0
2
0
-1
1
1
2
0
0
1
3
3
-13
-19
32
-18
-15
1
-3
-4
-1
-3
-2
-3
-1
-3
-3
-1
0
2
-20
14
3
-9
2
1
-1
-1
-1
-1
-3
-1
0
-3
1
-1
0
0
4
-20
34
-12
-13
9
-2
2
-3
2
-1
-1
0
-1
-1
-1
-2
-1
-2
-1
0
-1
-1
-1
0
0
-1
-1
0
1
-1
-1
0
-1
0
-1
0
0
0
1
-1
-1
0
-1
0
0
-1
3
-3
4
0
9
-12
-13
35
-21
4
0
0
0
1
-2
2
0
-2
1
-1
0
0
2
3
-9
3
16
-19
3
1
3
0
1
2
-1
1
0
0
0
0
6
-12
-10
37
-12
-6
-56
75
24
-112
48
-4
-4
-1
-2
-3
-2
-2
-3
-2
0
-1
2
-23
22
-8
-16
44
-32
1
-1
-1
-3
0
-1
-3
1
0
-2
2
-1
21
-104
143
-50
-21
0
14
-3
2
-4
1
1
2
-2
-2
1
-1
0
0
-2
0
-1
-2
0
0
-1
-1
-1
1
1
0
0
1
0
-1
0
0
0
1
0
-1
2
-2
-2
3
0
2
-4
3
-3
14
1
-21
-50
143
-103
21
0
3
0
0
1
-2
0
2
1
0
1
2
-33
46
-14
-6
22
-22
3
0
2
1
0
2
0
1
0
1
0
0
51
-108
32
80
-48
-22
-4
19
8
-21
-24
1
15
2
-12
-6
4
3
-6
-10
-5
4
11
6
-10
-17
-3
12
7
-11
-11
4
7
-5
-7
3
4
-7
-6
10
12
-12
-24
1
28
14
-16
-18
7
14
-4
-12
1
9
-1
-9
0
6
-2
-8
1
6
-2
-7
-1
6
-1
-7
-1
6
0
-7
-1
6
0
-7
0
6
1
-6
-1
7
1
-9
-2
10
2
-11
-3
15
8
-17
-17
14
27
1
-25
-11
13
11
-6
-7
6
4
-7
-4
8
6
-9
-9
8
13
-2
-16
-8
7
12
5
-3
-7
-3
5
6
-4
-9
4
19
6
-21
-19
12
24
1
