25
24
36
46
37
7
-28
-40
-40
-37
-20
2
23
50
68
67
53
33
17
3
-17
-40
-43
-16
12
30
32
17
9
8
12
-3
-32
-46
-38
-10
7
-1
-10
-30
-47
-37
-27
-24
-30
-39
-35
-22
-26
-33
-31
-32
-36
-42
-36
-15
23
46
36
12
-20
-24
-23
-40
-43
-26
16
57
74
71
62
70
70
47
18
-8
-11
12
37
33
18
20
42
77
87
72
59
41
37
51
51
36
20
13
22
21
9
-3
-16
-44
-74
-85
-83
-54
-23
-5
-9
-41
-66
-65
-53
-49
-65
-95
-97
-70
-41
-34
-62
-77
-58
-34
-3
34
41
13
-34
-48
-20
9
35
71
84
64
52
57
49
41
58
75
78
53
27
44
61
61
66
57
53
81
104
105
96
64
31
20
17
21
26
5
-27
-37
-35
-42
-61
-88
-101
-74
-25
-11
-53
-117
-164
-162
-130
-116
-132
-156
-154
-120
-83
-67
-64
-56
-27
10
43
66
63
56
67
81
89
77
58
58
49
46
67
81
73
64
68
88
104
109
104
109
103
85
79
62
33
26
38
47
55
59
58
53
28
-9
-51
-94
-112
-106
-118
-174
-206
-178
-124
-80
-78
-115
-149
-165
-166
-156
-158
-165
-147
-112
-74
1
87
116
116
114
108
100
77
45
9
-44
-77
-47
13
79
132
143
148
156
173
182
166
126
83
53
38
30
21
23
40
68
99
119
117
103
78
48
17
-32
-75
-108
-134
-146
-139
-118
-113
-128
-150
-159
-157
-147
-132
-133
-147
-174
-204
-217
-230
-216
-164
-67
101
256
323
323
265
173
85
-6
-91
-147
-153
-121
-43
36
82
139
187
228
277
275
231
182
96
23
-14
-41
-31
10
44
75
96
95
101
115
112
100
67
7
-54
-114
-167
-185
-182
-166
-122
-81
-73
-86
-125
-184
-200
-186
-172
-171
-218
-259
-246
-204
-135
-51
70
228
372
419
344
192
9
-106
-128
-142
-146
-126
-82
-3
66
104
167
232
271
308
299
236
150
53
-36
-79
-99
-85
-19
47
97
132
140
131
125
104
67
14
-48
-103
-143
-171
-146
-97
-57
-59
-108
-108
-88
-95
-104
-172
-251
-250
-236
-204
-192
-226
-225
-175
-87
95
290
384
409
345
216
112
-11
-126
-178
-204
-181
-100
-36
16
85
145
225
306
337
329
271
161
42
-56
-116
-120
-81
-26
30
55
76
113
137
154
151
106
45
-26
-94
-146
-177
-179
-150
-102
-81
-95
-100
-104
-133
-169
-230
-272
-272
-285
-262
-225
-221
-174
-57
125
361
512
498
379
196
9
-110
-194
-255
-253
-219
-130
-3
71
123
167
200
277
349
347
296
174
38
-45
-109
-134
-102
-50
29
102
119
119
120
114
114
93
32
-44
-111
-145
-134
-114
-89
-51
-32
-33
-74
-124
-139
-136
-147
-196
-279
-351
-375
-347
-272
-190
-137
-64
125
365
525
563
448
235
59
-90
-215
-277
-326
-312
-180
-36
73
164
201
228
295
346
339
292
191
72
-29
-122
-169
-147
-80
10
100
166
177
155
122
101
79
37
-11
-74
-135
-166
-164
-147
-117
-85
-74
-69
-90
-127
-155
-228
-341
-412
-426
-368
-234
-126
-84
1
172
399
581
583
441
247
32
-174
-303
-368
-380
-307
-166
-23
84
164
237
314
371
403
380
292
179
47
-74
-157
-209
-186
-87
20
111
180
201
200
188
146
84
1
-99
-155
-171
-177
-153
-116
-77
-40
-37
-72
-127
-166
-219
-316
-385
-412
-397
-305
-204
-172
-81
144
433
684
750
587
321
33
-224
-376
-440
-435
-357
-215
-43
87
166
255
316
364
398
376
331
233
75
-57
-155
-214
-198
-126
-24
94
174
222
244
205
154
97
5
-89
-166
-215
-203
-152
-93
-30
4
8
-20
-79
-132
-179
-219
-295
-397
-455
-455
-366
-191
-75
27
260
492
625
614
394
142
-48
-225
-289
-288
-326
-297
-179
-53
87
180
245
337
387
398
350
234
115
13
-65
-111
-137
-125
-54
26
109
177
190
200
189
137
74
-17
-114
-170
-189
-173
-132
-81
-31
5
12
-40
-99
-174
-261
-287
-340
-430
-438
-378
-257
-101
-40
45
315
545
642
606
344
75
-113
-271
-325
-338
-357
-271
-119
12
135
213
269
340
373
359
299
208
116
20
-75
-146
-178
-133
-41
44
126
176
185
189
168
112
34
-68
-142
-172
-169
-135
-94
-51
-11
-6
-45
-123
-189
-219
-270
-320
-382
-444
-418
-332
-213
-102
51
336
588
697
651
402
103
-137
-341
-414
-396
-379
-254
-87
12
134
226
284
378
402
364
303
175
61
-21
-108
-154
-158
-115
-26
63
140
189
194
188
167
107
35
-57
-141
-175
-184
-162
-121
-83
-26
25
37
-23
-107
-186
-262
-318
-413
-474
-446
-393
-262
-113
16
285
599
752
740
517
156
-114
-314
-436
-423
-404
-328
-145
2
116
225
296
380
442
422
348
218
68
-48
-131
-176
-179
-141
-44
72
159
231
245
216
188
122
26
-74
-169
-224
-223
-197
-141
-50
23
68
71
16
-97
-217
-290
-353
-433
-487
-480
-390
-238
-126
35
342
623
807
810
547
208
-116
-382
-501
-538
-498
-342
-143
33
182
275
335
405
438
422
339
194
58
-66
-169
-225
-219
-144
-15
121
217
272
275
236
179
93
-12
-112
-207
-266
-255
-193
-97
7
80
106
77
8
-80
-191
-297
-379
-458
-507
-461
-362
-231
-109
-5
261
602
781
777
574
256
-46
-307
-496
-566
-531
-397
-167
33
165
268
338
411
451
429
342
193
53
-75
-172
-207
-200
-131
-20
89
179
234
251
236
196
118
11
-94
-181
-226
-222
-181
-128
-51
34
94
111
55
-69
-191
-287
-387
-469
-521
-486
-372
-256
-134
10
253
537
748
798
596
268
-59
-331
-485
-545
-520
-382
-181
8
169
268
331
400
424
403
334
200
66
-62
-173
-227
-228
-156
-16
115
213
265
260
235
185
119
38
-67
-162
-229
-252
-219
-152
-71
10
57
77
64
-16
-134
-264
-371
-467
-555
-525
-398
-261
-130
29
313
633
800
756
525
194
-106
-330
-477
-531
-502
-361
-151
29
169
274
347
419
452
412
318
176
46
-57
-146
-187
-184
-136
-40
72
177
248
271
268
230
141
34
-78
-181
-232
-247
-216
-138
-56
24
75
89
57
-36
-139
-244
-355
-456
-516
-487
-380
-248
-130
30
292
569
743
737
526
225
-75
-332
-461
-498
-461
-324
-162
0
155
260
348
404
402
373
293
173
74
-30
-115
-161
-181
-124
-22
93
208
269
276
247
197
133
44
-57
-153
-226
-244
-215
-150
-64
14
71
96
67
-19
-128
-256
-377
-470
-522
-483
-365
-232
-125
8
253
524
692
695
513
242
-19
-240
-386
-465
-463
-346
-173
-26
114
227
315
398
413
376
294
190
92
-27
-134
-192
-193
-121
-5
102
185
226
229
220
181
118
43
-47
-132
-190
-218
-209
-156
-74
-2
46
61
32
-17
-86
-195
-322
-464
-544
-500
-380
-222
-87
46
271
521
652
631
466
224
-3
-203
-354
-432
-442
-347
-174
-28
100
212
298
370
404
392
322
214
100
-14
-111
-178
-172
-105
-15
87
162
205
220
207
163
100
33
-44
-119
-182
-209
-181
-128
-68
-4
42
60
27
-37
-118
-230
-333
-441
-507
-473
-394
-258
-113
12
216
438
583
620
498
276
49
-152
-282
-354
-397
-362
-244
-102
43
168
274
352
386
402
348
251
152
27
-72
-133
-163
-136
-71
15
131
218
250
259
217
141
71
-25
-133
-210
-243
-204
-126
-68
-17
24
44
22
-25
-85
-166
-277
-422
-514
-499
-390
-235
-81
72
256
447
561
550
410
205
11
-149
-258
-325
-351
-301
-177
-41
65
157
244
317
378
380
318
228
121
34
-39
-110
-132
-99
-40
48
132
184
221
220
186
140
55
-40
-108
-169
-197
-175
-132
-76
-17
20
30
6
-33
-68
-128
-258
-402
-465
-455
-352
-223
-130
0
179
377
509
494
370
226
77
-61
-174
-288
-319
-266
-184
-65
40
129
224
293
343
357
305
237
162
57
-27
-96
-126
-88
-35
33
105
159
198
214
191
131
57
-28
-88
-128
-160
-158
-142
-106
-47
2
27
34
3
-64
-142
-254
-377
-444
-440
-368
-255
-154
-41
121
279
396
434
364
276
172
38
-92
-216
-275
-265
-212
-143
-74
17
125
241
319
340
310
248
185
116
38
-38
-79
-86
-67
-5
51
94
146
180
177
136
70
13
-31
-77
-117
-152
-176
-154
-104
-61
-24
-18
-17
-37
-95
-168
-293
-406
-429
-382
-295
-220
-130
34
204
321
373
348
295
229
139
29
-98
-205
-253
-240
-188
-105
-16
73
175
274
310
294
254
205
171
116
33
-34
-74
-79
-34
11
55
118
145
160
160
106
45
-10
-74
-117
-139
-150
-132
-109
-89
-56
-43
-45
-42
-65
-146
-252
-347
-400
-351
-266
-196
-100
-10
102
238
306
318
302
229
131
37
-82
-176
-229
-252
-193
-101
-27
65
143
194
251
282
279
266
217
152
81
-6
-64
-81
-64
-9
49
86
117
125
116
108
72
31
0
-45
-91
-132
-159
-149
-117
-82
-45
-37
-56
-88
-156
-235
-293
-333
-324
-280
-248
-174
-65
50
176
256
293
294
224
118
31
-51
-115
-152
-173
-171
-138
-81
12
106
162
218
268
279
271
236
173
109
43
-6
-24
-36
-26
10
40
59
64
64
74
83
72
41
-3
-58
-92
-105
-127
-138
-133
-134
-129
-120
-127
-155
-215
-283
-294
-274
-262
-242
-229
-177
-78
14
116
195
215
210
184
128
51
-27
-77
-95
-98
-103
-84
-56
-26
36
102
150
182
205
212
199
159
107
74
37
5
-2
-4
-17
-30
-28
-15
6
16
18
15
-12
-45
-70
-100
-129
-150
-158
-157
-162
-168
-180
-200
-226
-248
-265
-271
-265
-255
-251
-243
-227
-191
-141
-92
-43
-8
22
44
38
10
-21
-45
-64
-74
-81
-74
-61
-63
-54
-35
-26
-17
-15
-11
0
-7
-29
-52
-65
-69
-74
-76
-81
-89
-99
-108
-102
-94
-95
-93
-87
-78
-61
-41
-10
21
48
68
84
95
105
115
114
109
110
108
112
112
109
110
108
102
103
103
101
105
105
108
109
104
106
105
101
100
98
98
102
109
115
119
117
116
119
125
130
133
137
138
143
146
143
143
144
142
142
142
142
142
139
141
137
140
144
142
142
137
137
141
142
141
138
133
123
114
106
95
91
88
80
76
69
65
63
59
59
63
62
61
62
55
51
41
36
34
32
32
28
29
28
26
27
26
27
26
24
27
24
20
22
25
24
23
24
23
20
19
20
16
13
11
10
7
2
0
0
3
2
3
2
-4
-9
-8
-8
-17
-29
-35
-39
-43
-48
-51
-56
-57
-53
-54
-57
-59
-58
-56
-55
-54
-55
-62
-71
-70
-65
-65
-63
-61
-59
-60
-59
-57
-57
-52
-48
-50
-49
-48
-47
-47
-46
-42
-46
-45
-43
-47
-51
-54
-55
-54
-52
-55
-55
-53
-53
-46
-43
-46
-47
-48
-47
-43
-42
-48
-50
-52
-54
-58
-61
-57
-53
-49
-47
-50
-52
-49
-46
-40
-38
-38
-40
-40
-37
-35
-30
-29
-30
-28
-32
-33
-26
-21
-19
-21
-19
-19
-26
-24
-22
-22
-20
-20
-18
-20
-25
-29
-30
-28
-30
-32
-32
-30
-32
-29
-19
-19
-19
-20
-24
-24
-24
-24
-24
-28
-31
-31
-30
-29
-27
-24
-24
-25
-25
-24
-22
-22
-24
-26
-19
-15
-16
-15
-17
-17
-17
-18
-17
-14
-14
-16
-13
-10
-8
-7
-9
-8
-9
-11
-12
-13
-11
-9
-8
-10
-10
-8
-9
-12
-10
-9
-9
-8
-9
-10
-15
-17
-10
-4
-1
-2
-4
-8
-17
-17
-21
-22
-16
-13
-7
-8
-9
-8
-7
-2
-5
-6
-5
-7
-7
-10
-11
-13
-10
-7
-7
-8
-9
-8
-6
-7
-7
-5
-7
-3
-4
-7
-10
-13
-10
-11
-12
-10
-7
-7
-11
-10
-10
-11
-10
-10
-7
-3
-5
-8
-9
-11
-10
-10
-11
-10
-5
-5
-7
-7
-9
-10
-12
-14
-13
-10
-6
-6
-6
-5
-4
-3
-8
-15
-15
-14
-15
-12
-13
-10
-7
-11
-10
-10
-13
-8
-5
-5
-9
-12
-10
-10
-13
-13
-11
-14
-10
-7
-7
-8
-16
-16
-15
-16
-11
-12
-12
-11
-12
-7
-7
-9
-5
-6
-4
-4
-12
-18
-20
-15
-15
-16
-15
-11
-11
-9
-3
-8
-11
-10
-10
-8
-8
-9
-8
-7
-7
-13
-13
-9
-10
-6
-7
-7
-8
-10
-7
-5
-3
-1
-7
-15
-17
-13
-12
-7
-1
-1
0
-4
-4
-4
-6
-7
-3
-2
-6
-7
-7
-6
0
1
3
3
-3
-5
-7
-10
-8
-7
-9
-8
-10
-10
-10
-8
-6
-8
-10
-11
-7
-5
-3
-3
-10
-13
-13
-14
-16
-12
-7
-6
-2
-2
-9
-7
-7
-8
-9
-13
-13
-11
-11
-6
-6
-10
-10
-12
-12
-13
-16
-16
-15
-14
-13
-9
-6
-3
-2
-7
-8
-10
-9
-10
-10
-6
-9
-14
-13
-14
-11
-8
-7
-7
-9
-8
-8
-8
-6
-7
-5
-6
-9
-7
-8
-5
-6
-10
-6
-4
-1
0
-1
-3
-4
-5
-10
-10
-8
-10
-10
-10
-12
-13
-10
-7
-5
-5
-5
-7
-4
-3
-7
-8
-13
-13
-10
-9
-4
-1
-1
0
0
-6
-8
-5
-10
-15
-13
-9
-7
-4
-4
-10
-13
-16
-16
-13
-11
-7
-7
-7
-5
-5
-7
-10
-6
-3
-5
-2
3
5
1
3
-1
-7
-9
-14
-17
-13
-4
0
2
2
2
1
-2
-5
-4
-1
-1
0
-2
-1
-2
-8
-9
-7
-5
-4
-2
-1
-2
-6
-6
-2
-2
-2
-5
-3
-4
-5
0
0
0
-3
-5
-2
-4
-3
-2
-4
-5
-8
-9
-5
-3
-1
4
4
3
0
-3
-2
-1
-2
-4
-2
0
1
-2
-5
-5
-7
-7
-4
-3
-2
0
0
-3
-6
-12
-12
-7
-6
-2
3
8
5
-5
-8
-6
-6
-6
-4
0
5
4
3
2
0
3
5
3
-1
0
-4
-5
-1
-3
-2
0
0
0
0
0
-1
-2
-3
-4
1
5
1
1
2
-2
-2
-2
-6
-4
0
2
0
-3
-4
-3
1
0
2
3
2
0
-3
-6
-4
-2
-3
0
1
1
0
-2
-7
-8
-6
-7
-5
-4
-1
2
1
2
3
5
2
0
2
-3
-7
-9
-11
-8
-3
-4
1
5
2
-1
-7
-12
-10
-8
-8
-3
0
-2
-6
-10
-7
1
2
-3
0
0
-2
0
-5
-5
-5
-5
-5
-4
-5
-8
-7
-6
-2
0
0
0
-2
-6
-8
-7
-5
-5
-5
-1
-4
-2
-1
-4
-1
0
2
5
6
4
2
2
1
1
-1
0
4
2
0
2
0
-4
-2
-1
-6
-4
-2
-3
-2
-1
0
-4
-4
-2
-1
0
2
6
7
7
7
3
-5
-10
-13
-10
-5
-1
2
4
3
1
1
0
-4
-4
-2
-2
-3
-3
-4
-4
0
-3
-3
-3
-2
1
0
0
-2
-1
-2
-2
0
0
0
-3
-5
-3
-6
-7
-3
-2
-1
-4
-5
-6
-5
-2
-2
-1
-1
0
1
0
-1
0
-3
-3
-2
-5
-1
0
0
-3
-1
-2
-2
6
7
2
-4
-6
-5
-6
-8
-7
-8
-8
-3
0
-3
-7
-8
-13
-14
-9
-7
-3
0
0
-1
-1
1
-2
-4
-5
-4
-6
-7
-5
-3
0
-3
-2
0
-4
-8
-5
-2
-6
-4
1
2
-4
-5
-5
-5
-4
-6
-5
-4
-2
0
-2
-1
-2
-4
-4
-4
-4
-4
-4
-5
-6
-7
-10
-5
-4
-7
-8
-10
-8
-4
-7
-11
-8
-9
-9
-9
-6
0
-3
-4
-8
-12
-12
-10
-10
-13
-6
-6
-12
-17
-18
-16
-11
-8
-7
-7
-7
-3
-4
-4
-1
0
-1
-4
-5
-6
-8
-9
-6
-5
-3
2
3
1
-2
-3
-6
-8
-3
-1
-2
1
-2
-2
2
-2
-4
-1
2
2
1
-1
-4
-4
-4
-5
-6
-5
0
0
-3
-3
-4
-7
-8
-6
-6
-7
-7
-5
-5
-4
-5
-6
-6
-8
-7
-7
-4
-4
-4
0
-4
-5
-6
-7
-10
-16
-13
-17
-13
-4
-6
-5
-5
-8
-13
-16
-13
-14
-12
-11
-13
-13
-13
-10
-8
-9
-11
-10
-9
-9
-10
-13
-14
-10
-13
-11
-9
-6
-5
-9
-10
-13
-14
-14
-11
-9
-10
-7
-8
-9
-6
-7
-7
-6
-8
-11
-10
-6
-8
-10
-8
-8
-4
-2
-7
-5
-2
-4
-5
-4
-4
-2
-1
-6
-3
-7
-7
-7
-10
-7
-7
-5
-6
-8
-10
-9
-5
-2
-2
-2
0
-2
-3
1
0
-1
-1
-4
-4
-6
-5
-4
-4
-3
1
-1
-4
0
0
0
0
-4
-6
-7
-2
0
0
2
-2
-3
-4
-5
-4
-5
-5
-9
-4
0
-5
-6
-2
2
3
2
0
-4
-3
-4
-1
0
-3
-2
-2
-4
-6
-7
-6
-7
-6
-10
-8
-8
-10
-9
-10
-7
-2
0
-3
-9
-10
-11
-14
-5
-2
-5
-3
0
-2
0
3
2
1
-1
-5
-7
-7
-10
-8
-4
-3
-3
-5
-7
-6
-3
-5
-6
-7
-8
-6
-9
-10
-7
-6
-7
-7
-6
-5
-3
-5
-7
-7
-7
-10
-8
-5
-10
-9
-6
-7
-8
-8
-10
-14
-13
-10
-8
-10
-11
-11
-10
-5
-4
-8
-8
-7
-7
-6
-8
-10
-7
-6
-6
-6
-8
-6
-2
3
0
-5
-10
-13
-10
-10
-9
-8
-5
-3
-3
-4
-8
-4
-2
-4
-3
-4
-6
-6
-10
-13
-9
-5
-7
-8
-8
-8
-7
-3
-3
-7
-7
-10
-10
-11
-16
-14
-11
-10
-11
-9
-7
-6
-5
-10
-12
-9
-7
-9
-7
-5
-4
-1
-2
-2
-5
-5
0
-6
-7
-8
-7
-6
-5
-3
-9
-8
-5
-2
-3
-3
-7
-13
-8
-3
-2
-3
-2
-1
-3
-4
-5
-5
-3
-4
-5
-6
-4
-4
-3
-4
-6
-1
-4
-7
0
-3
-9
-8
-7
-6
-5
-2
0
-6
-11
-6
-4
-4
-4
-4
-5
-2
-3
-8
-9
-8
-7
-8
-6
-5
-6
-6
-5
-4
-2
0
1
0
-2
-1
-5
-4
-4
-4
-3
-7
-6
-5
-5
-6
-4
-1
-3
0
2
-5
-4
-1
-4
-9
-10
-9
-7
-3
-5
-5
-5
-8
-8
-5
0
-3
-3
0
-5
-5
-5
-5
-3
-4
-3
-1
0
-4
-6
-10
-8
-4
-6
-4
-2
-5
-5
-4
-5
-5
-6
-3
-1
-2
-1
1
-2
-3
-2
-4
-2
1
-2
-3
-2
-3
0
-2
-3
-2
-3
0
0
-5
-4
-2
-3
-7
-6
-5
-8
-5
-4
-6
-3
-4
-6
-8
-7
-7
-7
-9
-9
-4
1
7
8
4
-3
-5
-1
-2
2
6
3
2
-3
-5
-5
-9
-11
-13
-7
-6
-6
-4
-3
-9
-11
-3
-4
-6
-7
-16
-11
-8
-6
-4
-13
-10
-14
-23
-21
-14
-9
-5
-11
-11
-7
-13
-10
-13
-16
-20
-17
-3
-5
-2
3
9
9
0
5
-3
-6
-8
-16
-2
2
3
3
0
5
9
11
-1
-9
-12
-25
-24
-13
-9
0
23
24
6
-5
-13
-24
-13
24
31
23
0
-3
-18
20
105
70
29
6
-10
-4
18
27
0
19
31
20
33
72
100
120
111
50
7
20
85
102
53
-14
-70
-88
-80
-70
-74
-76
-86
-60
-9
-7
-33
-60
-72
-22
32
32
-9
-79
-152
-204
-224
-215
-194
-196
-219
-248
-281
-304
-315
-329
-359
-381
-391
-368
-333
-320
-331
-371
-393
-385
-356
-329
-342
-364
-375
-379
-386
-395
-384
-397
-309
-216
-274
-251
-180
-260
-425
-498
-474
-421
-337
-311
-331
-349
-394
-412
-390
-341
-268
-200
-151
-138
-156
-157
-138
-131
-110
-96
-89
-68
-86
-102
-90
-75
-58
-32
-3
30
56
74
100
124
148
184
215
251
285
271
277
305
318
353
386
403
422
442
456
469
486
495
510
562
614
623
598
559
536
552
579
604
626
606
563
536
517
513
534
558
559
528
484
442
432
427
399
382
354
308
261
221
194
178
175
153
135
131
105
70
27
1
-22
-23
-17
-31
-44
-65
-58
-62
-87
-99
-85
-59
-36
-18
-37
-52
-38
-22
24
74
85
68
52
63
81
99
123
138
142
103
47
44
56
74
96
103
94
48
7
-2
-4
-41
-95
-121
-114
-85
-79
-99
-138
-175
-204
-236
-245
-238
-240
-253
-265
-276
-325
-353
-308
-242
-223
-257
-315
-341
-303
-276
-242
-205
-201
-191
-219
-247
-246
-217
-159
-129
-135
-153
-163
-177
-142
-74
-61
-85
-102
-68
-26
-41
-38
0
17
0
-48
-35
18
51
43
0
-24
-25
3
65
106
73
6
-20
9
21
4
10
17
1
-51
-88
-81
-47
-38
-89
-131
-127
-114
-122
-129
-144
-166
-138
-106
-93
-123
-162
-144
-145
-178
-216
-205
-159
-168
-212
-246
-233
-165
-84
-35
-30
-51
-34
2
9
28
54
118
190
225
192
130
174
235
308
353
313
293
290
338
362
355
331
288
285
247
226
223
219
225
193
145
109
83
87
111
115
85
54
50
61
52
37
28
-3
-52
-108
-126
-159
-220
-255
-259
-230
-244
-306
-360
-377
-351
-346
-383
-414
-418
-401
-414
-473
-529
-523
-448
-387
-373
-398
-377
-267
-171
-144
-165
-90
8
50
106
157
215
211
214
231
232
243
241
266
228
176
163
207
265
199
143
129
144
160
133
151
155
131
106
92
113
133
142
111
82
65
42
54
59
54
43
33
16
-2
-5
-4
-14
-54
-72
-91
-129
-152
-179
-204
-244
-276
-297
-336
-388
-438
-442
-422
-433
-496
-542
-525
-520
-539
-593
-611
-561
-568
-606
-580
-473
-398
-340
-284
-241
-150
-77
-1
64
129
189
248
353
370
314
274
337
407
365
321
285
324
338
285
247
215
215
185
174
162
146
156
173
173
139
144
162
186
194
161
112
91
133
157
149
118
77
63
63
62
51
31
10
17
13
-13
-46
-49
-21
-74
-138
-167
-161
-149
-178
-216
-291
-335
-339
-338
-374
-440
-437
-407
-410
-484
-526
-482
-471
-526
-579
-559
-521
-499
-457
-398
-311
-225
-168
-102
-4
66
99
159
233
250
263
339
375
360
312
294
303
284
276
257
257
228
142
110
111
118
111
88
72
51
54
83
101
77
81
100
108
116
102
133
155
123
86
104
147
135
103
91
76
30
19
54
40
-16
-61
-52
4
-10
-78
-100
-97
-89
-93
-108
-108
-122
-142
-161
-182
-203
-221
-217
-254
-303
-290
-263
-245
-276
-353
-398
-385
-374
-410
-461
-497
-460
-341
-272
-302
-305
-203
-64
6
11
58
167
249
279
284
319
372
393
398
368
321
328
368
360
299
255
251
240
203
168
154
137
106
97
100
111
111
99
93
79
86
123
161
156
138
135
129
148
149
153
138
113
106
96
93
74
74
65
52
15
-30
-20
-42
-65
-74
-68
-41
-66
-77
-80
-73
-92
-147
-150
-131
-99
-139
-206
-241
-277
-266
-228
-221
-305
-429
-451
-400
-398
-448
-495
-493
-435
-362
-302
-244
-194
-160
-74
38
105
160
228
278
266
291
383
414
397
354
349
364
370
353
276
226
203
196
180
123
65
67
98
75
30
7
19
65
60
24
40
72
100
114
118
129
150
173
182
148
129
152
157
156
102
60
91
96
70
36
14
-5
-9
-13
-47
-80
-108
-97
-79
-96
-108
-92
-65
-65
-88
-81
-56
-64
-94
-116
-121
-121
-147
-214
-261
-244
-223
-270
-349
-396
-421
-462
-506
-556
-556
-502
-476
-457
-431
-333
-220
-163
-147
-114
2
112
183
213
255
296
311
341
360
374
318
301
341
316
271
232
236
212
161
144
105
79
28
-16
-13
-13
12
5
13
10
-3
45
70
70
55
74
126
121
109
120
117
114
111
112
117
95
73
65
59
31
-7
-2
-9
-31
-58
-76
-72
-96
-100
-108
-120
-105
-86
-51
-60
-77
-83
-66
-47
-77
-99
-85
-78
-139
-210
-228
-226
-227
-273
-355
-395
-359
-386
-500
-556
-534
-471
-466
-469
-421
-361
-252
-179
-154
-105
-6
117
164
163
183
259
333
333
313
307
364
387
356
308
244
239
268
258
177
101
65
84
70
8
-1
5
17
8
-19
-24
-6
31
20
-2
14
63
103
87
74
100
114
103
109
106
95
81
76
90
52
-6
-7
9
-17
-62
-76
-79
-74
-83
-109
-99
-80
-67
-67
-73
-88
-77
-27
-22
-48
-99
-85
-5
7
-40
-106
-116
-96
-119
-141
-160
-197
-243
-269
-316
-414
-458
-439
-425
-495
-561
-553
-488
-395
-392
-396
-338
-224
-146
-108
-29
6
66
168
234
237
228
334
390
328
289
313
392
370
308
270
240
255
231
195
123
77
81
70
59
-4
-20
0
-5
-27
-47
-13
-28
-22
12
35
75
80
84
65
75
109
119
129
105
98
84
70
71
51
59
43
27
8
-18
15
-2
-45
-37
-23
-6
-20
-54
-68
-54
-23
-11
-8
-6
20
40
9
-13
-14
-3
1
-28
-98
-156
-159
-114
-106
-203
-299
-324
-318
-335
-379
-455
-536
-533
-458
-398
-407
-448
-385
-273
-218
-195
-147
-28
54
99
131
156
248
326
326
287
288
378
428
404
337
276
286
305
284
228
171
165
153
111
63
36
42
9
-18
-42
-46
-13
-27
-31
-48
-34
24
41
64
48
25
46
73
87
61
68
90
108
119
106
85
60
62
59
58
21
-1
9
0
-2
-31
-25
-7
6
6
-20
-6
-3
9
27
40
48
23
15
11
18
0
-42
-80
-121
-110
-103
-146
-205
-263
-279
-266
-324
-410
-461
-451
-426
-478
-513
-516
-472
-424
-381
-330
-302
-205
-114
-66
-24
19
89
155
201
229
286
327
338
359
344
348
341
323
322
269
229
232
246
213
143
88
51
51
36
16
-13
-46
-32
-40
-36
-45
-62
-30
-10
-6
-25
-30
-10
8
31
36
41
37
55
88
86
61
47
64
78
81
65
41
38
53
43
23
18
12
18
43
43
23
19
40
38
31
30
16
20
27
45
40
27
22
-2
-21
-45
-76
-102
-136
-182
-203
-183
-205
-304
-357
-340
-328
-377
-446
-477
-496
-465
-416
-406
-410
-406
-333
-243
-184
-164
-121
-2
57
61
106
175
257
306
303
288
311
361
362
349
314
289
302
308
276
200
161
156
138
99
44
27
21
-2
-34
-56
-41
-40
-57
-83
-105
-84
-48
-22
-18
-18
-15
-6
18
30
27
45
69
88
96
78
62
81
103
96
61
43
71
103
85
47
29
44
81
85
62
24
27
62
62
47
37
38
38
51
53
20
-15
-31
-46
-57
-51
-61
-98
-133
-163
-190
-221
-250
-276
-323
-362
-349
-344
-410
-469
-471
-430
-398
-407
-378
-328
-278
-259
-237
-139
-53
-2
29
61
123
189
261
288
289
305
318
363
364
341
342
322
302
269
237
236
200
151
105
83
77
37
-2
-32
-30
-36
-50
-71
-111
-101
-81
-79
-95
-116
-93
-57
-44
-40
-36
-17
3
11
30
46
57
59
54
67
61
55
76
101
99
73
65
65
77
61
34
52
53
40
26
25
43
44
24
18
41
47
27
22
13
-5
-12
-6
2
-17
-52
-77
-85
-108
-163
-201
-210
-205
-233
-302
-346
-358
-354
-370
-396
-407
-425
-438
-413
-383
-371
-339
-303
-279
-218
-129
-77
-38
-3
42
97
156
221
240
246
281
324
352
336
310
310
328
315
275
247
217
204
192
146
68
29
20
-1
-12
-38
-60
-63
-70
-85
-98
-91
-85
-77
-70
-81
-81
-66
-54
-40
-26
-23
8
42
24
24
57
90
81
60
87
109
98
101
88
57
81
105
93
74
61
57
55
65
58
46
35
24
30
26
38
28
1
-3
-8
16
3
-49
-71
-51
-26
-57
-96
-123
-128
-140
-166
-187
-227
-254
-260
-268
-310
-362
-381
-353
-316
-339
-397
-433
-436
-361
-258
-254
-281
-216
-104
-19
-5
-9
36
98
168
206
225
253
261
262
281
302
305
290
270
256
251
233
181
136
117
103
88
64
40
-6
-51
-62
-52
-57
-89
-105
-104
-87
-78
-96
-122
-118
-79
-68
-65
-38
-14
0
7
16
18
31
65
83
81
91
120
124
104
109
111
108
103
89
84
92
99
76
61
59
63
61
57
52
36
25
9
-9
-7
4
-20
-28
-13
-28
-43
-52
-66
-92
-106
-103
-115
-167
-220
-198
-205
-230
-255
-314
-310
-284
-281
-325
-364
-358
-347
-317
-305
-286
-255
-222
-178
-130
-62
-23
-25
13
91
154
174
174
205
251
272
270
265
282
288
280
285
276
242
205
198
179
148
114
76
38
24
22
-2
-19
-40
-50
-58
-73
-72
-71
-85
-88
-65
-44
-46
-57
-24
19
2
-23
-9
12
31
65
88
92
108
117
109
92
99
131
155
154
133
114
125
145
130
100
96
103
105
99
66
29
27
50
46
28
9
5
23
13
-17
-49
-44
-17
-38
-86
-113
-106
-99
-123
-169
-205
-196
-201
-236
-263
-271
-269
-279
-295
-321
-327
-322
-303
-303
-314
-265
-195
-159
-171
-143
-51
6
27
40
65
130
183
211
228
218
236
291
323
302
235
193
209
251
254
196
138
122
152
133
68
23
13
29
9
-36
-73
-74
-73
-80
-86
-108
-95
-74
-65
-78
-76
-51
-42
-16
-11
8
32
25
28
54
66
65
76
65
63
101
125
116
82
78
101
96
105
94
82
93
101
86
61
57
54
67
67
62
62
53
46
45
37
16
-2
-13
-6
-23
-45
-51
-66
-89
-114
-138
-157
-133
-148
-221
-276
-293
-258
-255
-302
-339
-343
-322
-303
-316
-331
-307
-246
-199
-197
-209
-168
-73
-9
-8
-7
41
126
194
186
148
155
201
230
252
228
182
200
239
247
195
152
155
147
135
113
89
72
40
13
-13
-27
-27
-50
-91
-110
-99
-81
-85
-111
-109
-68
-48
-56
-52
-55
-62
-28
17
10
-20
9
54
76
87
104
113
92
82
82
84
90
103
103
85
71
88
118
124
108
87
66
43
44
60
43
36
61
69
46
16
9
24
13
-20
-43
-47
-28
-25
-67
-92
-86
-80
-96
-139
-168
-170
-171
-185
-211
-233
-225
-202
-205
-248
-291
-288
-252
-242
-261
-261
-220
-151
-113
-111
-102
-52
9
40
61
88
123
177
207
216
236
233
225
246
272
274
261
234
215
201
185
179
150
103
91
96
75
36
-14
-24
-5
-16
-40
-54
-45
-38
-60
-77
-85
-81
-62
-45
-53
-57
-17
6
8
10
11
36
51
56
59
45
57
77
78
81
69
88
119
114
89
62
77
108
112
79
63
81
93
104
70
33
37
58
80
66
24
17
40
55
30
-14
2
17
-3
-15
-31
-31
-40
-78
-92
-94
-89
-86
-117
-157
-192
-181
-138
-151
-205
-242
-225
-197
-209
-231
-250
-241
-212
-190
-160
-124
-105
-99
-79
-50
-20
14
51
71
108
158
174
180
180
194
219
230
226
216
206
186
159
144
167
188
163
114
79
88
103
65
6
-14
9
13
-8
-18
-34
-51
-47
-35
-26
-33
-44
-34
-17
-4
-6
-10
2
11
17
33
38
48
64
59
54
57
65
74
78
64
54
68
88
101
74
71
94
102
96
57
37
47
56
55
47
51
58
47
43
12
-8
1
13
23
-22
-41
-38
-42
-36
-54
-77
-72
-61
-81
-118
-138
-126
-118
-159
-202
-187
-152
-159
-210
-240
-225
-188
-173
-207
-242
-221
-192
-183
-179
-159
-132
-96
-70
-54
-27
13
65
77
55
47
91
153
157
153
133
119
170
191
163
115
99
142
151
96
42
43
55
47
35
17
6
3
-1
-6
-33
-49
-36
-49
-62
-51
-24
6
14
-13
-26
-13
-11
-30
-43
-24
13
49
47
30
36
61
83
74
57
49
71
96
84
43
15
51
85
68
41
24
22
49
70
38
-6
-4
43
61
24
5
16
27
11
-32
-34
-5
-6
-28
-61
-75
-56
-52
-87
-144
-171
-131
-78
-108
-184
-194
-156
-113
-137
-213
-221
-179
-133
-127
-180
-205
-168
-128
-116
-119
-103
-79
-54
-17
10
31
40
64
99
126
139
138
146
151
146
140
171
174
148
160
148
148
148
122
118
108
99
74
46
29
2
5
-1
2
9
-12
-26
-38
-51
-41
-29
-46
-45
-43
-46
-21
-9
-12
-10
-2
9
25
50
56
48
46
54
74
74
74
67
61
91
111
98
75
64
67
70
68
74
66
49
43
51
47
37
38
45
63
56
26
18
40
22
3
11
14
14
3
-24
-61
-60
-28
-24
-65
-77
-77
-78
-63
-83
-106
-118
-115
-104
-120
-144
-146
-138
-129
-115
-112
-146
-152
-118
-95
-88
-90
-75
-43
-18
-6
25
44
47
64
77
96
113
140
142
108
124
149
152
140
113
106
114
118
112
81
52
54
61
76
64
31
24
29
23
11
-9
-27
-13
1
-17
-21
-13
-10
-4
-11
-28
-13
19
38
51
31
7
27
47
24
9
10
37
76
70
54
36
35
47
60
61
47
51
40
24
18
26
19
-3
1
20
30
15
0
-3
-2
2
-2
-11
-24
-24
-13
-10
-38
-67
-55
-61
-70
-72
-60
-52
-66
-83
-84
-57
-53
-74
-89
-75
-48
-33
-47
-69
-74
-62
-39
-35
-49
-54
-37
-29
-25
-23
-23
-11
1
-3
-6
3
16
27
30
31
29
41
61
57
41
32
34
38
34
28
26
30
44
46
30
21
21
31
35
23
10
9
19
20
11
9
11
11
17
12
0
6
10
8
6
3
2
8
18
9
-3
-2
7
15
10
2
4
13
13
10
4
0
0
2
0
-9
-10
-9
-6
-5
-8
-7
-8
-12
-10
-9
-11
-17
-18
-19
-18
-20
-25
-20
-15
-16
-19
-18
0
0
0
0
0
0
0
0
0
0
0
0
0
0
0
0
0
0
0
0
0
0
0
0
0
0
0
0
0
0
0
0
0
0
0
0
0
0
0
0
0
0
0
0
0
0
0
0
0
0
0
0
0
0
0
0
0
0
0
0
0
0
0
0
0
0
0
0
0
0
0
0
0
0
0
0
0
0
0
0
0
0
0
0
0
0
0
0
0
0
0
0
0
0
0
0
0
0
0
0
0
0
0
0
0
0
0
0
0
0
0
0
0
0
0
0
0
0
0
0
0
0
0
0
0
0
0
0
0
0
0
0
0
0
0
0
0
0
0
0
0
0
0
0
0
0
0
0
0
0
0
0
0
0
0
0
0
0
0
0
0
0
0
0
0
0
0
0
0
0
0
0
0
0
0
0
0
0
0
0
0
0
0
0
0
0
0
0
0
0
0
0
0
0
0
0
0
0
0
0
0
0
0
0
0
0
0
0
0
0
0
0
0
0
0
0
0
0
0
0
0
0
0
0
0
0
0
0
0
0
0
0
0
0
0
0
0
0
0
0
0
0
0
0
0
0
0
0
0
0
0
0
0
0
0
0
0
0
0
0
0
0
0
0
0
0
0
0
0
0
0
0
0
0
0
0
0
0
0
0
0
0
0
0
0
0
0
0
0
0
0
0
0
0
0
0
0
0
0
0
0
0
0
0
0
0
0
0
0
0
0
0
0
0
0
0
0
0
0
0
0
0
0
0
0
0
0
0
0
0
0
0
0
0
0
0
0
0
0
0
0
0
0
0
0
0
0
0
0
0
0
0
0
0
0
0
0
0
0
0
0
0
0
0
0
0
0
0
0
0
0
0
0
0
0
0
0
0
0
0
0
0
0
0
0
0
0
0
0
0
0
0
0
0
0
0
0
0
0
0
0
0
0
0
0
0
0
0
0
0
0
0
0
0
0
0
0
0
0
0
0
0
0
0
0
0
0
0
0
0
0
0
0
0
0
0
0
0
0
0
0
0
0
0
0
0
0
0
0
0
0
0
0
0
0
0
0
0
0
0
0
0
0
0
0
0
0
0
0
0
0
0
0
0
0
0
0
0
0
0
0
0
0
0
0
0
0
0
0
0
0
0
0
0
0
0
0
0
0
0
0
0
0
0
0
0
0
0
0
0
0
0
0
0
0
0
0
0
0
0
0
0
0
0
0
0
0
0
0
0
0
0
0
0
0
0
0
0
0
0
0
0
0
0
0
0
0
0
0
0
0
0
0
0
0
0
0
0
0
0
0
0
0
0
0
0
0
0
0
0
0
0
0
0
0
0
0
0
0
0
0
0
0
0
0
0
0
0
0
0
0
0
0
0
0
0
0
0
0
0
0
0
0
0
0
0
0
0
0
0
0
0
0
0
0
0
0
0
0
0
0
0
0
0
0
0
0
0
0
0
0
0
0
0
0
0
0
0
0
0
0
0
0
0
0
0
0
0
0
0
0
0
0
0
0
0
0
0
0
0
0
0
0
0
0
0
0
0
0
0
0
0
0
0
0
0
0
0
0
0
0
0
0
0
0
0
0
0
0
0
0
0
0
0
0
0
0
0
0
0
0
0
0
0
0
0
0
0
0
0
0
0
0
0
0
0
0
0
0
0
0
0
0
0
0
0
0
0
0
0
0
0
0
0
0
0
0
0
0
0
0
0
0
0
0
0
0
0
0
0
0
0
0
0
0
0
0
0
0
0
0
0
0
0
0
0
0
0
0
0
0
0
0
0
0
0
0
0
0
0
0
0
0
0
0
0
0
0
0
0
0
0
0
0
0
0
0
0
0
0
0
0
0
0
0
0
0
0
0
0
0
0
0
0
0
0
0
0
0
0
0
0
0
0
0
0
0
0
0
0
0
0
0
0
0
0
0
0
0
0
0
0
0
0
0
0
0
0
0
0
0
0
0
0
0
0
0
0
0
0
0
0
0
0
0
0
0
0
0
0
0
0
0
0
0
0
0
0
0
0
0
0
0
0
0
0
0
0
0
0
0
0
0
0
0
0
0
0
0
0
0
0
0
0
0
0
0
0
0
0
0
0
0
0
0
0
0
0
0
0
0
0
0
0
0
0
0
0
0
0
0
0
0
0
0
0
0
0
0
0
0
0
0
0
0
0
0
0
0
0
0
0
0
0
0
0
0
0
0
0
0
0
0
0
0
0
0
0
0
0
0
0
0
0
0
0
0
0
0
0
0
0
0
0
0
0
0
0
0
0
0
0
0
0
0
0
0
0
0
0
0
0
0
0
0
0
0
0
0
0
0
0
0
0
0
0
0
0
0
0
0
0
0
0
0
0
0
0
0
0
0
0
0
0
0
0
0
0
0
0
0
0
0
0
0
0
0
0
0
0
0
0
0
0
0
0
0
0
0
0
0
0
0
0
0
0
0
0
0
0
0
0
0
0
0
0
0
0
0
0
0
0
0
0
0
0
0
0
0
0
0
0
0
0
0
0
0
0
0
0
0
0
0
0
0
0
0
0
0
0
0
0
0
0
0
0
0
0
0
0
0
0
0
0
0
0
0
0
0
0
0
0
0
0
0
0
0
0
0
0
0
0
0
0
0
0
0
0
0
0
0
0
0
0
0
0
0
0
0
0
0
0
0
0
0
0
0
0
0
0
0
0
0
0
0
0
0
0
0
0
0
0
0
0
0
0
0
0
0
0
0
0
0
0
0
0
0
0
0
0
0
0
0
0
0
0
0
0
0
0
0
0
0
0
0
0
0
0
0
0
0
0
0
0
0
0
0
0
0
0
0
0
0
0
0
0
0
0
0
0
0
0
0
0
0
0
0
0
0
0
0
0
0
0
0
0
0
0
0
0
0
0
0
0
0
0
0
0
0
0
0
0
0
0
0
0
0
0
0
0
0
0
0
0
0
0
0
0
0
0
0
0
0
0
0
0
0
0
0
0
0
0
0
0
0
0
0
0
0
0
0
0
0
0
0
0
0
0
0
0
0
0
0
0
0
0
0
0
0
0
0
0
0
0
0
0
0
0
0
0
0
0
0
0
0
0
0
0
0
0
0
0
0
0
0
0
0
0
0
0
0
0
0
0
0
0
0
0
0
0
0
0
0
0
0
0
0
0
0
0
0
0
0
0
0
0
0
0
0
0
0
0
0
0
0
0
0
0
0
0
0
0
0
0
0
0
0
0
0
0
0
0
0
0
0
0
0
0
0
0
0
0
0
0
0
0
0
0
0
0
0
0
0
0
0
0
0
0
0
0
0
0
0
0
0
0
0
0
0
0
0
0
0
0
0
0
0
0
0
0
0
0
0
0
0
0
0
0
0
0
0
0
0
0
0
0
0
0
0
0
0
0
0
0
0
0
0
0
0
0
0
0
0
0
0
0
0
0
0
0
0
0
0
0
0
0
0
0
0
0
0
0
0
0
0
0
0
0
0
0
0
0
0
0
0
0
0
0
0
0
0
0
0
0
0
0
0
0
0
0
0
0
0
0
0
0
0
0
0
0
0
0
0
0
0
0
0
0
0
0
0
0
0
0
0
0
0
0
0
0
0
0
0
0
0
0
0
0
0
0
0
0
0
0
0
0
0
0
0
0
0
0
0
0
0
0
0
0
0
0
0
0
0
0
0
0
0
0
0
0
0
0
0
0
0
0
0
0
0
0
0
0
0
0
0
0
0
0
0
0
0
0
0
0
0
0
0
0
0
0
0
0
0
0
0
0
0
0
0
0
0
0
0
