-254
-200
-50
71
286
355
279
116
-76
-220
-354
-248
-116
-6
146
141
16
-116
-152
-172
-131
51
171
278
265
206
83
-142
-210
-188
-79
91
177
246
125
-77
-224
-362
-264
41
301
450
395
189
-115
-378
-398
-338
-67
217
341
331
172
-48
-295
-440
-375
-146
106
318
392
293
33
-236
-387
-371
-123
97
256
317
163
-46
-218
-256
-253
-96
58
194
199
181
94
-83
-118
-161
-86
27
172
296
239
141
41
-102
-156
-141
-107
-29
18
119
136
158
190
71
-44
-139
-90
-72
38
95
72
-12
-141
-160
-208
-153
-39
0
-88
-82
-24
99
150
127
3
-158
-200
-331
-148
161
344
283
50
-156
-439
-566
-340
28
262
404
475
364
-11
-232
-222
-188
11
185
318
203
-17
-237
-447
-413
-271
-103
81
270
256
165
194
324
242
172
231
138
-40
-18
201
166
67
57
-59
-254
-226
-53
-1
4
18
-87
-232
-233
-117
-72
23
105
126
28
-128
-297
-436
-448
-365
-159
30
99
36
-10
20
40
145
340
389
212
67
-28
-187
-261
-134
-85
-117
49
136
87
-18
49
53
-11
25
134
257
280
290
252
205
80
-82
-211
-293
-210
-71
225
455
489
405
105
-227
-445
-408
-214
31
114
69
-54
-120
-289
-356
-177
-124
-95
-224
-132
-23
200
459
364
113
-438
-832
-840
-584
-17
514
739
777
283
-215
-298
-314
-124
-89
287
520
276
-215
-1188
-1655
-1594
-962
144
1199
2093
1967
1065
169
-649
-482
433
1409
1705
951
724
305
-512
-1045
-1140
-684
-790
-513
200
578
892
636
383
-150
-714
-702
-1145
-1212
-965
-856
-971
-1065
-417
-598
-1130
-552
195
344
584
1567
1929
638
44
413
443
379
277
576
258
30
24
-319
-204
-190
145
348
434
750
740
777
682
296
-93
-361
-236
-162
-364
-63
47
-29
-206
-287
-35
-113
39
138
183
323
208
87
-175
-442
-478
-396
-181
-209
-386
-186
-237
-421
-410
-57
260
-159
-455
-226
155
335
143
132
-2
-357
-512
-417
-16
331
344
270
-122
-432
-401
-347
-127
77
823
1433
1435
591
-1684
-3821
-4298
-2481
5
2120
3892
4389
2633
-99
-1734
-1660
-234
1861
3376
2536
1168
773
738
-39
-1259
-1399
-1531
-1911
-1976
-964
464
634
130
-275
-399
-536
-632
-262
8
-450
-1419
-2077
-1757
-1486
-1830
-1593
-427
698
815
792
1059
926
680
946
1932
2664
2478
1935
1401
790
-390
-1368
-962
83
258
-275
-215
314
392
477
750
779
490
357
437
343
34
-249
-385
-349
-489
-761
-916
-1042
-1155
-1256
-1075
-569
-63
148
255
479
722
836
669
384
-167
-758
-1111
-858
-328
118
405
483
322
-91
-355
-134
469
764
759
877
819
62
-850
-863
-754
-580
-97
569
451
-184
-459
-656
-805
-726
-172
230
339
274
119
-28
-13
-59
-1026
-2857
-4102
-2782
-12
2224
3614
4597
4390
2245
-181
-1443
-681
1241
2538
2177
776
30
-387
-676
-1183
-1795
-2216
-2415
-2123
-1334
-25
907
995
569
-48
-571
-741
-524
-328
-627
-1399
-1909
-1762
-837
-93
-113
-278
158
947
1019
951
1240
1189
480
183
1165
2261
2685
2656
2076
557
-1072
-1691
-1396
-606
532
1112
540
-222
-179
228
351
240
428
698
619
231
102
343
357
-106
-704
-1180
-1513
-1863
-2306
-2479
-2040
-1315
-689
74
872
1123
1108
1203
1291
877
366
236
53
-308
-342
-47
-44
-482
-883
-964
-884
-627
-116
529
1214
1318
945
266
-75
-362
-616
-489
-27
424
394
126
-480
-1220
-1583
-1324
-847
-306
147
335
352
-34
-927
-1652
-1102
168
1231
1747
2184
2552
2371
1616
519
18
508
1372
1479
855
253
-52
-191
-753
-1744
-2323
-1796
-1056
-1016
-918
95
844
386
-520
-771
-626
-690
-621
-345
-373
-949
-1463
-1212
-611
-210
-162
15
564
724
577
317
200
114
179
511
924
1676
2498
2746
2363
1474
52
-986
-1091
-552
-433
-208
545
1073
1079
389
-272
-659
-479
-46
199
947
1671
1599
807
-214
-1145
-1860
-1913
-1801
-2125
-2305
-2233
-2039
-1620
-856
17
668
1376
1814
1732
1688
1714
1438
609
-302
-834
-1173
-1175
-1248
-1177
-762
-482
-620
-545
-177
-104
-114
357
1071
1533
1870
1666
718
-257
-694
-1026
-1030
-720
-471
-711
-802
-649
-802
-531
104
574
869
1118
865
359
530
1044
971
1056
1521
1566
1505
1370
860
-282
-343
674
1301
1028
-5
-700
-707
-335
-683
-1281
-925
-309
-692
-1467
-1415
-722
-431
-861
-1455
-1692
-1188
-817
-813
-762
-621
-591
-698
-339
42
252
502
680
236
-375
-495
-15
575
966
1208
1417
1720
1898
1685
1366
1081
747
315
-224
-609
-494
62
324
-65
-349
-233
-114
-218
43
699
1090
1214
1406
1539
1111
254
-666
-1546
-2380
-2926
-2875
-2328
-1787
-1449
-1098
-342
531
1185
1696
2124
2421
2189
1752
1399
837
-233
-1352
-1762
-1723
-1740
-1843
-1622
-1033
-589
-478
-212
551
1249
1535
1776
2030
1915
1361
455
-609
-1378
-1584
-1902
-2022
-1241
-351
-283
-687
-697
-596
-386
164
521
821
1641
2681
3096
2922
2742
2105
932
-341
-1184
-762
675
1728
1199
63
-328
-588
-1221
-1970
-2074
-1645
-1382
-1539
-1569
-634
408
160
-844
-1396
-1342
-1288
-1233
-937
-510
-195
-197
-588
-442
25
-20
-499
-375
429
811
893
1041
1169
855
246
-57
270
1189
1852
1997
1876
1613
889
-41
-718
-847
-243
402
566
141
399
813
386
-441
-681
-308
-142
278
1176
1745
1249
-70
-1142
-1584
-1797
-2116
-2014
-1418
-878
-849
-669
-149
367
677
774
1035
1406
1679
1539
1017
534
-12
-382
-832
-1221
-1512
-1441
-1311
-1465
-1068
-101
952
1254
1069
653
162
25
142
177
-228
-687
-802
-378
-183
-350
-556
-367
-500
-1455
-2001
-1421
345
1513
1493
1050
1431
2368
2442
1928
1815
2032
1297
-44
-412
894
2159
1905
508
-614
-1009
-1478
-2081
-2404
-1888
-1460
-1715
-1991
-1216
97
349
-436
-1192
-1124
-748
-546
-529
-374
-138
-315
-1060
-1497
-906
122
357
-249
-398
85
334
81
158
908
1381
1249
1370
2002
2373
1881
1185
602
-59
-394
-224
344
807
904
634
220
213
270
5
-325
-284
52
288
586
928
981
365
-707
-1617
-2087
-2211
-2197
-2029
-1663
-1303
-1047
-563
163
887
1259
1493
1810
1979
1913
1351
836
453
-153
-908
-1204
-761
-712
-1127
-1336
-1217
-1174
-1009
-326
419
1063
1382
1366
993
788
417
-329
-1029
-1156
-1054
-1193
-845
-92
477
51
-858
-1310
-1377
-989
-423
583
1922
2886
3108
2796
2584
2300
1270
-48
-711
-265
687
1200
1114
847
583
-251
-1773
-3041
-3188
-2571
-2066
-1648
-836
281
772
93
-965
-1481
-1530
-1530
-1556
-884
4
389
281
158
185
-51
-402
-422
-34
493
881
1166
1334
898
64
-371
77
910
1609
1890
1594
1092
610
-77
-868
-683
430
1179
990
831
1068
1053
473
-76
-86
-18
-156
-203
449
1172
1107
235
-662
-1200
-1848
-2506
-2898
-2507
-1734
-1170
-819
-210
664
1217
1227
1360
1869
2315
2378
1957
1248
255
-609
-1275
-1791
-2086
-2079
-1749
-1512
-1437
-1385
-896
-18
845
1523
1933
1981
1796
1236
0
-1285
-1521
-956
-906
-1026
-565
-105
-369
-1070
-1677
-1820
-977
88
181
259
1580
3149
3341
2652
2462
2350
1837
696
-280
111
1414
2058
1127
122
-67
-303
-991
-1816
-2179
-2112
-2168
-2425
-2178
-862
313
166
-598
-969
-1087
-1380
-1470
-1178
-784
-525
-697
-762
-199
512
485
-129
-236
-35
-203
-317
33
791
1274
1462
1812
2283
2496
1956
1219
634
48
-433
-355
318
899
1006
593
-36
-374
-335
-283
-200
144
587
772
817
1144
1391
1244
477
-606
-1371
-1916
-2278
-2541
-2435
-2244
-2183
-1857
-1148
-187
680
1349
1823
2335
2918
2945
2387
1685
885
-110
-937
-1214
-1306
-1570
-1787
-2112
-2257
-1942
-1433
-820
-227
551
1269
1783
1924
1223
438
74
-340
-698
-580
-146
-152
-617
-1047
-1824
-2424
-2058
-1164
-477
-69
727
1563
2343
2981
3121
2800
2083
1273
477
512
1284
1932
2132
1657
665
-499
-912
-903
-1515
-2356
-2825
-2756
-2320
-1610
-719
-57
195
-370
-1411
-1766
-1494
-1313
-1161
-529
-37
-254
-264
301
575
370
73
-211
-446
-145
491
931
1174
1339
1446
1449
1406
1117
1033
1281
1071
313
-217
61
486
649
553
244
131
154
-22
-208
60
309
37
-260
128
751
976
764
331
-361
-1167
-1837
-2206
-2237
-2106
-1889
-1759
-1372
-639
98
509
718
1180
1705
2056
2349
2424
2022
1309
651
-33
-960
-1667
-1918
-2154
-2316
-1924
-1143
-564
-73
343
212
-61
444
1114
1216
1089
957
602
-86
-500
-611
-465
-221
-752
-1852
-2257
-1816
-1067
-311
350
504
426
746
1073
1604
2419
2902
2472
1689
1354
1209
1514
2107
2270
1623
622
-189
-729
-787
-1041
-1802
-2624
-3031
-3092
-2717
-1592
-369
-9
-495
-1175
-1506
-1501
-1216
-755
-263
24
-153
-95
602
1235
1018
370
-52
-655
-1217
-994
-47
769
1154
1503
1710
1854
2008
1777
1238
739
229
-384
-424
443
1200
1120
508
-89
-377
-532
-588
-482
-117
147
104
332
926
1257
992
385
-378
-1250
-1890
-2269
-2325
-2226
-2279
-2291
-1713
-624
130
593
1396
2026
1822
1346
1519
1840
1501
1016
700
405
-156
-806
-1396
-1940
-2096
-2045
-1771
-1069
-33
763
1092
1276
1085
695
669
629
149
-117
13
-79
-589
-550
-294
-785
-1289
-1365
-1191
-1091
-613
63
638
1343
1715
1964
2236
2215
1451
687
739
729
772
1570
2403
1982
811
240
-204
-1105
-2067
-2483
-2261
-2190
-2423
-2123
-922
-144
-849
-1523
-1349
-1270
-1644
-1432
-319
367
378
138
158
574
649
369
170
372
112
-585
-485
277
938
1280
1560
1533
1147
1001
860
659
687
859
809
544
395
295
253
217
-5
-251
-271
-271
-367
-247
182
424
314
254
362
375
98
-441
-836
-1037
-1429
-1992
-2019
-1443
-1085
-935
-529
0
238
384
661
1005
1284
1368
1379
1416
1485
1179
488
-150
-707
-1292
-1818
-1805
-1334
-1013
-728
-205
380
712
725
706
683
682
557
205
-3
83
44
-258
-399
-280
-466
-758
-722
-810
-1050
-900
-357
-54
189
515
467
187
193
521
879
1320
1621
1449
1272
1168
871
785
1285
1769
1381
463
-262
-646
-909
-1238
-1406
-1144
-898
-1206
-1454
-985
-516
-705
-1015
-1035
-1126
-1141
-874
-576
-290
-174
-359
-634
-634
-617
-957
-874
-205
396
798
1309
1755
1629
1498
1615
1452
1212
1375
1535
1128
684
680
668
428
253
64
-288
-689
-847
-744
-533
-178
-68
-163
-142
-37
-223
-522
-466
-507
-1043
-1616
-1659
-1423
-1320
-1116
-589
-31
272
370
595
935
1125
1127
1077
1155
1232
1058
735
463
259
-265
-899
-1175
-1158
-1038
-908
-566
-147
197
545
704
675
707
851
830
730
730
602
260
-44
-293
-580
-740
-691
-632
-705
-795
-974
-1007
-862
-634
-381
-181
22
148
228
205
108
192
370
436
474
702
880
692
475
395
131
-326
-657
-744
-666
-525
-413
-233
63
287
264
181
198
203
247
508
793
915
977
915
664
269
17
-185
-324
-293
-263
-351
-444
-485
-563
-617
-591
-558
-495
-335
-255
-240
-199
-89
115
273
238
72
55
149
116
44
124
218
42
-123
-110
-21
62
34
-75
-225
-274
-305
-365
-223
6
177
296
364
392
419
531
663
817
1033
1133
989
742
552
255
-270
-657
-776
-952
-1222
-1335
-1317
-1295
-1226
-1163
-944
-593
-242
50
376
785
907
784
623
518
361
145
40
19
71
106
73
24
-17
-133
-397
-559
-497
-309
-97
206
512
679
770
699
577
610
704
664
645
777
862
728
529
250
-143
-506
-823
-1102
-1322
-1214
-922
-717
-504
-286
-86
-63
-120
-85
58
290
459
542
615
621
456
161
-98
-285
-481
-725
-900
-848
-637
-481
-417
-386
-322
-222
-220
-232
-102
172
318
303
398
638
810
782
773
850
821
649
461
357
322
204
-45
-213
-224
-224
-403
-672
-782
-773
-854
-969
-877
-586
-388
-385
-254
-14
198
337
477
612
741
805
794
812
838
732
431
120
-127
-434
-672
-743
-695
-595
-543
-473
-350
-190
-56
17
171
356
478
574
602
589
512
364
194
107
98
21
-109
-123
-155
-323
-434
-418
-339
-277
-174
-23
93
226
368
450
450
433
470
518
531
475
414
370
195
-158
-486
-691
-873
-1100
-1213
-1072
-842
-613
-414
-131
133
274
305
303
422
544
620
599
589
642
546
311
24
-159
-231
-345
-449
-452
-325
-241
-226
-193
-64
40
-9
-148
-201
-142
-73
-22
38
184
214
112
39
29
62
35
40
79
71
3
-32
-37
-114
-229
-373
-432
-390
-359
-269
-94
-15
-45
-110
-100
-41
24
140
235
352
466
576
606
567
557
457
321
207
193
189
97
-78
-252
-324
-384
-439
-366
-200
0
105
183
289
382
353
164
-6
-55
-67
-94
-19
74
71
-17
-162
-250
-304
-353
-358
-317
-207
-125
-86
-10
67
109
100
95
116
159
260
296
269
284
319
232
44
-115
-293
-464
-632
-746
-708
-596
-459
-252
-4
265
453
525
540
552
538
502
503
499
529
553
366
36
-280
-451
-573
-780
-839
-635
-404
-329
-229
-4
184
140
-3
-33
-22
-60
-113
-41
144
205
146
136
172
105
10
-2
44
20
-43
-47
-39
-104
-182
-223
-215
-213
-263
-255
-189
-188
-181
-117
-24
41
84
155
181
224
286
322
368
447
542
551
505
418
356
257
24
-185
-299
-321
-360
-410
-317
-148
-60
-73
-74
22
73
21
-24
38
90
16
-57
-55
-90
-186
-231
-263
-275
-267
-257
-189
-139
-20
107
167
207
215
265
327
338
377
475
530
517
490
454
386
259
103
-26
-211
-435
-632
-741
-711
-652
-590
-494
-366
-254
-180
-58
93
248
360
432
520
609
660
611
498
319
53
-213
-412
-528
-575
-521
-455
-451
-416
-313
-230
-193
-203
-153
-68
-61
-14
81
237
281
230
270
326
355
322
301
279
228
124
-29
-101
-164
-273
-378
-445
-351
-220
-110
-9
37
73
39
-2
30
114
154
111
54
74
153
206
224
221
230
164
80
77
109
78
-6
-106
-190
-247
-237
-137
-38
60
128
194
261
302
293
228
142
31
-71
-144
-118
-137
-236
-340
-427
-433
-453
-430
-375
-341
-291
-264
-180
-30
95
181
228
250
338
465
546
607
664
689
632
491
391
332
149
-72
-257
-435
-569
-684
-705
-683
-644
-600
-540
-369
-204
-65
89
197
275
375
490
558
574
524
397
208
-15
-149
-179
-186
-183
-178
-108
-97
-148
-143
-139
-147
-241
-322
-270
-161
-44
8
63
153
191
131
81
169
198
159
115
125
167
93
-4
-58
-98
-150
-208
-165
-58
-22
-17
-8
-40
-66
-79
-50
-55
-71
-42
5
63
89
107
122
118
109
144
220
268
243
196
191
128
81
88
123
146
95
69
95
116
64
0
-30
-76
-158
-248
-266
-256
-296
-386
-414
-364
-314
-272
-195
-77
21
42
12
35
29
-13
-84
-141
-98
-30
29
87
181
281
303
261
199
153
116
1
-138
-207
-184
-178
-188
-154
-65
14
40
80
195
291
283
233
197
217
217
167
112
65
22
-74
-165
-208
-184
-142
-119
-54
47
159
221
243
244
210
139
85
56
81
85
34
6
-4
-57
-123
-185
-203
-199
-227
-237
-170
-111
-121
-183
-229
-239
-224
-222
-173
-83
-11
13
6
16
11
13
-19
-85
-57
18
56
96
155
173
161
107
99
175
213
162
104
102
117
74
37
51
86
99
91
139
221
252
179
37
-37
-90
-180
-247
-249
-221
-268
-318
-317
-255
-189
-179
-179
-129
-53
-13
-9
29
44
26
-21
-76
-44
9
14
22
69
135
178
169
176
234
224
138
62
47
37
-2
-55
-72
-40
-23
0
54
98
129
154
103
129
175
167
151
77
11
-81
-178
-272
-294
-276
-228
-128
-38
80
156
181
179
168
119
60
20
30
26
10
-34
-26
16
-18
-76
-83
-67
-61
-47
-40
-31
-17
-35
-69
-89
-71
-76
-119
-108
-95
-79
-71
-105
-81
-37
-47
-75
-104
-102
-58
-68
-65
-24
44
99
118
113
153
190
152
111
105
130
101
53
63
91
132
123
113
146
146
121
84
65
42
32
-18
-100
-127
-141
-174
-195
-180
-128
-114
-128
-114
-82
-56
-43
-24
-7
-8
-15
-34
-67
-52
-50
-57
-77
-56
-16
-22
-1
17
47
79
78
70
71
37
-10
-64
-85
-37
20
81
119
186
242
251
259
282
311
280
207
131
75
1
-90
-185
-230
-231
-223
-199
-138
-54
-24
-19
-43
-40
-51
-74
-95
-65
3
41
65
79
126
117
52
12
-6
-6
19
1
-23
-17
-38
-87
-137
-130
-105
-41
-17
15
71
120
129
92
85
60
20
-29
-35
-12
-23
-37
-77
-100
-123
-130
-146
-142
-77
-45
-38
-19
-33
-18
-20
-11
23
71
114
111
127
140
120
105
56
38
29
16
8
-8
-21
-40
-71
-108
-97
-90
-82
-37
7
38
52
63
67
60
38
12
-2
15
2
21
34
49
55
34
37
26
23
3
-31
-74
-108
-158
-209
-219
-199
-158
-106
-34
30
74
123
150
159
194
200
191
193
168
121
57
8
-36
-78
-119
-125
-88
-56
-17
1
34
46
37
24
-4
-3
-10
-18
13
10
43
53
8
5
-18
-16
-23
-38
-41
-55
-48
-71
-82
-67
-43
-38
-28
19
32
41
25
11
15
1
-3
-20
-22
-13
-14
-23
-20
-17
-36
-47
-39
-33
-6
4
14
-1
0
-9
-50
-44
-44
-19
24
31
57
81
77
61
34
21
11
7
-9
-25
-37
-50
-67
-79
-65
-67
-43
-9
1
28
42
40
46
13
10
7
26
42
62
81
70
64
42
40
44
53
54
34
9
-44
-67
-92
-120
-112
-105
-55
-15
-5
56
93
95
74
70
66
54
67
70
78
68
33
3
-10
-24
-56
-30
-11
7
26
24
16
-5
-31
-54
-74
-64
-75
-56
-26
-12
10
14
24
24
18
31
35
20
13
23
-3
-36
-63
-87
-110
-124
-105
-97
-87
-65
-35
-12
-26
-16
-15
2
30
47
59
83
97
88
87
77
46
27
6
-16
-33
-53
-72
-95
-81
-72
-64
-26
-4
24
57
81
87
85
74
73
55
30
8
-23
-44
-71
-88
-99
-98
-106
-74
-17
-14
13
59
61
53
51
30
27
30
28
24
28
14
12
6
-9
-7
-14
-11
6
4
-5
-10
-16
-31
-35
-39
-49
-27
-9
2
26
53
61
54
49
30
34
37
24
28
12
-3
-37
-54
-57
-56
-50
-30
2
20
29
40
43
31
29
23
15
5
-6
-16
-12
-10
-43
-38
-34
-17
-6
-18
9
31
39
29
31
16
-19
-34
-56
-56
-48
-26
4
1
31
40
47
45
44
63
77
66
77
66
52
34
8
-33
-28
-24
-42
-29
-26
-33
-32
-45
-46
-42
-30
-19
-1
7
17
22
13
15
2
-18
-21
-41
-52
-47
-55
-62
-55
-47
-53
-31
-30
-9
10
12
30
20
31
34
14
4
5
-12
-24
-10
-7
-12
-2
7
30
30
21
27
14
2
-8
8
17
21
16
4
6
0
4
7
10
20
24
6
8
21
15
15
20
10
12
21
14
18
33
38
39
25
15
0
-13
-27
-25
-21
-17
-17
-22
-14
-24
-21
-18
-10
22
41
71
62
48
30
6
-7
-28
-44
-61
-51
-57
-61
-57
-66
-61
-64
-62
-20
4
31
75
69
66
55
51
28
19
11
13
24
4
-2
-17
-47
-53
-70
-61
-54
-43
-16
7
27
13
23
27
5
6
5
17
17
16
15
-4
-8
-30
-27
-28
-23
-13
-3
14
12
6
-1
-15
-13
-15
8
14
28
39
44
39
13
-7
-20
-33
-45
-45
-25
-24
-13
-26
-30
-27
-22
-12
-3
21
37
40
58
37
12
-3
-12
-39
-39
-20
-4
29
47
59
80
66
71
70
73
87
77
75
71
62
16
-9
-24
-54
-64
-72
-61
-54
-40
-32
-40
-45
-50
-40
-26
-13
1
24
33
14
10
-5
-27
-30
-55
-57
-38
-38
-11
14
16
9
0
9
9
22
34
53
64
55
51
52
36
19
17
17
10
18
7
2
-8
-28
-40
-44
-47
-46
-25
-20
-27
-35
-55
-38
-56
-42
-26
-30
-10
-17
-13
-8
-9
-14
-15
-10
-11
2
12
8
23
15
19
14
4
9
-3
5
14
17
21
25
25
7
3
5
19
35
31
48
34
31
25
12
26
33
29
18
7
-4
-27
-31
-58
-49
-45
-44
-38
-41
-20
-16
5
17
35
48
57
77
68
74
64
49
43
27
10
-18
-32
-43
-68
-66
-56
-55
-58
-61
-46
-32
-19
0
27
38
38
38
29
23
22
10
11
8
1
4
-10
-8
-13
-31
-33
-20
-23
-16
10
17
24
26
17
26
8
17
13
1
8
14
27
8
-17
-13
-23
-38
-41
-41
-40
-30
-30
-58
-53
-63
-61
-36
-20
-6
1
-2
13
22
12
34
55
55
63
73
78
47
23
10
-9
-11
-22
-24
-33
-37
-42
-46
-46
-48
-39
-31
-11
7
20
23
30
27
32
37
21
31
37
34
39
31
20
3
0
-11
-17
5
-11
-7
4
-3
-7
-20
-24
-23
-3
6
30
45
43
48
45
30
19
13
8
-2
-4
-16
-25
-31
-46
-55
-61
-57
-44
-41
-27
-23
3
-4
-17
-1
-5
-2
5
27
24
21
36
24
17
22
18
25
41
39
37
41
41
34
37
30
35
23
10
3
-10
-27
-40
-33
-38
-37
-33
-27
-34
-32
-14
-18
-13
-10
-20
-17
-21
-36
-28
-35
-28
-24
-22
-27
-28
-16
-15
9
12
11
24
19
15
20
14
13
8
6
10
0
-11
-3
3
-8
-17
-13
10
0
19
23
26
25
24
38
20
23
12
25
14
5
7
2
2
-17
-20
-14
-21
-30
-26
-4
-11
-17
-7
-3
0
12
29
43
59
50
51
51
35
24
16
21
14
17
19
0
-26
-34
-37
-34
-33
-33
-13
-11
-10
-18
-16
-15
-23
-12
-10
-2
-13
-22
-11
-24
-40
-35
-40
-20
-17
-13
1
-1
7
6
3
9
8
12
31
20
18
22
30
27
8
18
8
17
13
16
29
20
21
-2
9
-12
-36
-33
-31
-34
-34
-27
-48
-42
-47
-41
-35
-25
-5
2
34
16
14
22
22
37
28
36
38
30
24
11
2
-13
-13
-10
-5
-17
-2
12
-8
9
-2
-2
2
17
40
41
53
42
37
18
8
-10
-26
-24
-28
-33
-27
-40
-46
-44
-43
-28
-29
-23
10
30
37
44
30
29
18
18
10
4
6
13
10
-14
-23
-47
-41
-34
-30
-18
-16
0
14
29
25
12
0
-7
-14
5
-2
-12
-5
-7
-15
-11
3
-3
-2
11
11
2
22
11
-1
5
1
6
17
25
24
24
9
5
0
-8
-15
-7
7
17
17
20
14
12
18
6
0
12
0
1
6
10
0
-17
-23
-43
-47
-45
-34
-28
-17
0
0
14
7
29
30
29
32
44
46
24
23
-8
-25
-29
-52
-46
-46
-33
-33
-36
-30
-40
-20
4
6
24
28
43
44
35
33
33
24
22
9
5
-17
-31
-33
-40
-40
-26
-21
0
-13
0
20
20
29
23
38
40
34
37
8
2
-5
-5
-4
-10
-13
-21
-19
-17
-28
-15
-2
6
-2
-3
-6
-17
-3
-9
-8
-2
-14
-2
-9
-6
-17
-16
7
1
14
10
6
8
14
9
3
5
8
7
6
12
7
8
1
-4
5
-1
1
8
7
8
7
5
5
1
-2
1
10
9
15
22
10
-2
-11
-10
-28
-27
-23
-35
-26
-7
-13
-6
-5
-10
-3
6
16
-2
14
1
0
3
-8
-14
-11
5
2
-1
8
-3
-6
-3
-12
-14
-10
-8
0
16
10
14
15
24
14
16
24
8
14
14
5
-2
0
2
-8
0
-8
-1
1
6
8
14
17
16
10
6
2
8
5
-12
-2
-20
-28
-28
-19
-21
-14
-15
-11
0
15
4
3
10
-5
3
21
9
7
19
6
-2
5
5
-11
-4
-8
7
11
10
-4
3
7
-18
-17
-5
-10
-5
2
-12
-18
-22
-25
-6
2
0
7
22
10
0
-10
-10
-22
-17
2
3
6
2
-2
-4
-11
-10
0
-17
4
1
6
3
16
20
5
20
10
17
13
20
28
31
37
29
20
9
1
0
3
7
6
-2
-6
-1
-10
-11
-15
-14
-13
-5
8
3
-4
-7
-8
5
-10
-16
-25
-18
-17
-7
-15
-21
-10
-10
-19
-15
-14
-23
-8
-9
-2
-9
-9
-11
-17
-17
-9
-5
6
-2
2
7
-5
8
8
5
12
15
20
19
13
13
14
6
7
21
16
13
18
17
-3
0
6
-2
-4
8
3
9
8
3
0
6
-9
-13
-14
-15
-10
1
-7
-18
-17
-26
-17
-4
-12
-14
11
15
3
-9
-1
-9
-3
3
-6
7
17
0
-7
-2
-6
8
3
11
9
14
1
10
20
5
-2
2
11
-12
-5
2
-1
16
10
20
17
6
-8
-19
-6
-13
-7
25
3
-8
-1
-19
-45
-25
-5
-3
6
-11
-4
-13
-15
-20
-21
-12
-1
2
5
7
4
4
3
-4
0
-1
-3
7
6
9
13
11
-4
14
24
-5
-7
-9
-13
-6
0
9
-7
3
1
-11
-5
-1
-2
13
10
8
0
-2
-10
-1
3
4
4
-3
3
-9
-20
-27
-10
0
6
9
4
5
13
20
7
9
20
23
17
17
4
-1
2
-12
-5
-17
-12
-21
-21
-1
-2
1
4
-2
-1
3
-3
-8
-9
-8
11
15
20
15
6
-10
-26
-11
-13
3
3
5
16
3
-15
-19
-18
-16
-12
-10
5
3
0
3
1
-8
-17
-8
-4
-8
23
27
6
-14
-19
-20
-15
-14
-7
-13
-8
-3
-9
10
1
-3
5
7
2
6
13
8
8
14
21
26
40
51
53
30
13
13
6
17
11
18
23
0
-2
-15
-34
-33
-21
-36
-21
-9
-3
-6
-17
-26
-27
-22
-33
-26
2
27
20
1
-16
-35
-35
-19
-17
11
7
28
20
5
6
7
7
-14
-6
-3
16
23
11
16
4
-10
4
0
-9
-18
-28
-7
14
10
27
39
26
17
0
-14
-23
-16
9
5
-7
-6
-10
-28
-31
-27
-17
3
11
-5
1
-28
-33
-19
17
49
55
63
37
15
7
-5
0
-1
30
37
20
10
-3
13
6
9
-4
-18
-39
-34
-39
-30
2
5
-1
-15
-13
-11
-23
-38
-27
-20
18
24
9
-3
-50
-119
-131
-37
89
199
224
142
4
-158
-279
-293
-169
126
409
487
303
66
-171
-284
-298
-217
32
239
356
313
151
-17
-214
-304
-299
-175
25
147
170
24
-118
-259
-302
-254
-153
13
170
241
123
-53
-185
-221
-170
-37
148
273
324
279
138
16
-78
-128
-110
-43
83
190
255
278
168
-14
-200
-307
-286
-149
62
180
204
106
-54
-280
-411
-325
-149
47
151
122
9
-64
-139
-193
-155
-73
32
85
95
111
69
-34
-112
-122
-53
118
278
279
175
35
-100
-113
-59
70
227
299
237
62
-118
-177
-111
3
69
76
56
7
-75
-156
-180
-125
-37
-4
14
5
-38
-65
-119
-183
-176
-64
77
185
173
81
-7
-104
-147
-119
10
183
252
218
86
-14
-65
-75
-16
83
210
207
106
11
-56
-85
-87
-49
16
46
13
-32
-48
-58
-80
-116
-161
-154
-140
-63
-16
-24
-29
-81
-114
-110
-105
-40
26
34
2
-42
-46
-25
35
80
80
14
-54
-40
2
75
109
104
77
8
-54
-65
20
44
58
106
137
128
33
15
5
37
85
101
124
88
125
126
84
81
85
136
97
36
11
-36
-4
-34
-55
-4
35
22
-86
-179
-231
-254
-269
-252
-190
-160
-153
-218
-260
-257
-251
-230
-213
-117
-41
-60
-82
-57
45
120
139
162
202
235
208
232
315
389
430
373
350
335
318
300
310
336
267
225
177
140
83
-5
-4
-1
-37
-134
-246
-345
-397
-369
-325
-278
-248
-284
-370
-492
-546
-515
-428
-405
-447
-327
-9
202
47
-272
-372
-209
-14
83
273
591
755
503
34
-108
232
794
1073
906
563
309
177
98
210
608
1038
979
321
-345
-477
-266
-196
-271
-242
-135
-283
-762
-1176
-1187
-972
-880
-962
-963
-872
-906
-1044
-1096
-969
-759
-442
-117
9
-93
-149
38
313
539
741
1011
1217
1175
1068
1145
1451
1683
1604
1448
1385
1344
1225
1208
1260
1147
888
627
413
132
-92
-235
-285
-319
-507
-791
-1061
-1271
-1403
-1485
-1517
-1503
-1464
-1428
-1425
-1461
-1467
-1313
-1129
-1061
-1010
-855
-607
-379
-142
124
336
402
356
368
513
815
1134
1298
1338
1207
895
613
600
859
1116
1111
793
362
54
-147
-244
-146
28
-65
-639
-1308
-1373
-781
-282
-474
-1023
-1344
-1295
-1221
-1118
-653
136
556
3
-907
-1104
-250
906
1386
1137
883
898
828
514
557
1339
2129
1935
1006
471
711
929
517
99
319
707
406
-485
-1063
-1010
-921
-1123
-1276
-1124
-1002
-1308
-1868
-2095
-1843
-1406
-1157
-1197
-1322
-1299
-1054
-686
-370
-102
132
222
127
118
614
1507
2056
1841
1317
1155
1462
1809
1998
2186
2322
2159
1607
1074
1067
1425
1548
1190
692
379
118
-210
-476
-584
-637
-897
-1340
-1715
-1862
-1923
-1989
-1985
-1927
-2007
-2259
-2395
-2267
-1993
-1675
-1332
-1034
-931
-967
-949
-733
-299
270
808
1152
1103
826
735
1035
1493
1790
1995
2180
2138
1721
1252
1095
1295
1518
1471
1197
871
596
295
-99
-337
-266
-146
-399
-1028
-1501
-1333
-824
-674
-1060
-1504
-1525
-1359
-1347
-1275
-799
-79
196
-302
-986
-930
0
912
1115
910
944
1120
996
666
798
1559
2066
1679
910
661
936
947
483
239
443
435
-183
-864
-1032
-934
-1065
-1323
-1367
-1269
-1506
-2068
-2339
-2069
-1672
-1513
-1505
-1382
-1261
-1338
-1372
-1007
-329
184
291
198
306
751
1297
1670
1784
1832
1881
2010
2171
2288
2473
2732
2824
2394
1809
1654
1936
2056
1648
1127
854
671
344
-64
-316
-484
-842
-1307
-1581
-1710
-1919
-2205
-2349
-2347
-2476
-2645
-2633
-2512
-2513
-2594
-2349
-1816
-1420
-1435
-1507
-1198
-714
-398
-205
257
841
1134
1164
1241
1496
1705
1773
1928
2240
2495
2444
2087
1735
1608
1681
1686
1507
1171
773
357
14
-133
-100
-110
-344
-860
-1502
-1929
-1838
-1254
-771
-862
-1426
-1868
-1839
-1570
-1333
-1040
-399
209
129
-611
-1032
-388
720
1216
1017
952
1321
1419
887
500
1052
2086
2241
1416
776
887
970
447
20
354
842
495
-537
-1279
-1316
-1123
-1164
-1217
-1125
-1265
-1832
-2410
-2481
-2059
-1533
-1239
-1205
-1351
-1497
-1440
-1227
-821
-216
392
654
455
219
429
1162
1876
2127
2098
2223
2386
2149
1835
2077
2809
3215
2809
2043
1625
1606
1628
1536
1438
1258
729
-26
-585
-728
-698
-808
-1096
-1537
-2047
-2472
-2716
-2802
-2775
-2633
-2529
-2581
-2760
-2997
-3032
-2703
-2094
-1496
-1167
-1081
-1059
-955
-612
-68
598
1197
1495
1483
1420
1582
1941
2285
2502
2694
2736
2519
2233
2079
2083
2059
1886
1648
1463
1217
749
125
-222
-140
-103
-390
-835
-1209
-1518
-1912
-2167
-1919
-1318
-1021
-1428
-2085
-2266
-1868
-1385
-1099
-808
-375
-37
-189
-702
-780
55
1200
1598
1122
730
993
1324
1169
1024
1549
2269
2161
1227
620
821
1015
679
405
711
880
182
-886
-1330
-1065
-896
-1015
-1068
-1082
-1479
-2216
-2561
-2185
-1618
-1403
-1448
-1504
-1601
-1711
-1605
-1092
-541
-232
10
255
271
53
207
1002
1893
2174
1916
1708
1789
1947
2036
2243
2689
2995
2705
1914
1285
1306
1771
2025
1836
1333
766
201
-314
-514
-394
-282
-611
-1257
-1814
-2142
-2306
-2341
-2203
-2148
-2330
-2641
-2827
-2731
-2495
-2167
-1748
-1362
-1225
-1351
-1350
-962
-317
255
637
891
937
844
903
1307
1853
2187
2258
2204
2099
1914
1679
1641
1959
2288
2140
1527
897
617
506
365
231
99
-80
-459
-1002
-1427
-1485
-1323
-1316
-1668
-1994
-1924
-1594
-1396
-1529
-1725
-1567
-1151
-968
-1032
-865
-203
375
198
-277
-87
820
1501
1383
1040
1202
1645
1725
1462
1492
1917
2096
1644
1079
1037
1264
1179
721
359
306
151
-321
-831
-1017
-991
-1037
-1249
-1482
-1722
-2056
-2281
-2185
-1901
-1743
-1726
-1713
-1724
-1793
-1665
-1153
-555
-367
-407
-181
279
487
329
510
1363
2194
2193
1632
1425
1770
2114
2212
2333
2541
2537
2202
1701
1266
1203
1552
1902
1699
978
297
-51
-266
-434
-351
-109
-339
-1230
-2037
-2150
-1854
-1804
-1992
-1995
-1972
-2269
-2615
-2570
-2177
-1857
-1706
-1444
-1140
-1070
-1217
-1120
-540
173
643
755
670
581
665
1079
1637
2051
2193
2085
1839
1555
1464
1722
2078
2124
1810
1337
912
672
553
555
527
320
-159
-743
-1023
-1049
-1073
-1191
-1221
-1218
-1553
-2088
-2181
-1636
-1091
-1154
-1513
-1546
-1186
-955
-979
-801
-155
478
499
76
-77
443
1250
1625
1428
1209
1427
1693
1518
1212
1458
2068
2090
1318
734
955
1242
821
214
236
554
250
-536
-944
-837
-908
-1289
-1395
-1162
-1250
-1823
-2187
-2013
-1761
-1796
-1735
-1374
-1188
-1457
-1711
-1346
-623
-338
-393
-190
262
398
187
291
938
1497
1551
1471
1588
1686
1632
1626
1871
2150
2222
2088
1900
1614
1269
1162
1429
1741
1553
838
143
-187
-161
-4
21
-249
-782
-1317
-1591
-1675
-1726
-1731
-1697
-1818
-2208
-2510
-2396
-2026
-1874
-1953
-1815
-1424
-1280
-1464
-1401
-760
-23
248
163
156
367
638
931
1270
1644
1829
1700
1473
1386
1512
1684
1810
1825
1738
1491
1057
619
505
736
862
505
-76
-397
-460
-633
-1010
-1191
-1011
-855
-1147
-1684
-1950
-1749
-1395
-1208
-1175
-1202
-1247
-1207
-1020
-798
-563
-170
321
518
258
58
507
1301
1585
1276
1170
1623
1995
1734
1350
1598
2121
2034
1414
1107
1280
1213
703
337
441
480
-40
-727
-1014
-1022
-1212
-1517
-1599
-1515
-1704
-2224
-2502
-2296
-1986
-1875
-1871
-1806
-1724
-1684
-1591
-1306
-894
-528
-277
-151
4
215
540
901
1145
1349
1593
1874
1983
1945
1975
2190
2457
2468
2255
2099
2139
2116
1837
1526
1463
1480
1198
699
341
166
-65
-384
-569
-668
-984
-1478
-1781
-1805
-1837
-2081
-2304
-2275
-2207
-2371
-2561
-2429
-2091
-1923
-1927
-1818
-1496
-1196
-1041
-841
-454
1
289
444
563
804
1164
1487
1703
1831
1904
1901
1854
1868
2003
2110
2056
1858
1593
1280
1023
935
968
807
313
-215
-463
-502
-671
-974
-1250
-1375
-1451
-1575
-1740
-1924
-2004
-1838
-1488
-1271
-1392
-1574
-1425
-994
-654
-552
-390
81
565
600
307
371
1053
1734
1748
1392
1409
1866
2031
1659
1444
1826
2151
1713
1024
939
1214
989
323
14
186
111
-539
-1134
-1209
-1168
-1436
-1709
-1666
-1604
-1917
-2373
-2378
-1965
-1672
-1691
-1725
-1577
-1426
-1320
-1139
-852
-555
-220
95
210
172
314
837
1293
1300
1126
1315
1782
1961
1753
1607
1812
2073
2031
1701
1435
1435
1608
1630
1290
815
587
646
602
258
-63
-178
-326
-677
-952
-938
-958
-1260
-1606
-1670
-1590
-1656
-1819
-1870
-1845
-1829
-1763
-1565
-1455
-1547
-1572
-1234
-722
-504
-573
-544
-212
173
376
491
667
873
1031
1130
1256
1396
1440
1398
1391
1433
1454
1459
1409
1286
1050
818
730
677
537
350
212
95
-169
-534
-738
-651
-523
-691
-1039
-1164
-997
-944
-1175
-1290
-961
-537
-586
-908
-961
-566
-230
-278
-340
-50
398
458
129
-90
222
832
1158
999
698
688
898
928
781
839
1231
1367
857
287
325
690
603
96
-150
103
138
-440
-1046
-1051
-690
-654
-960
-1176
-1167
-1257
-1425
-1336
-969
-712
-843
-1020
-918
-645
-490
-417
-210
63
229
261
289
282
277
565
1064
1301
1059
759
884
1182
1258
1145
1151
1341
1356
1064
768
811
1029
1079
902
678
450
257
172
214
252
166
-56
-412
-669
-706
-675
-785
-918
-966
-1121
-1464
-1733
-1653
-1446
-1411
-1555
-1635
-1589
-1566
-1625
-1520
-1105
-727
-661
-731
-596
-336
-56
243
561
766
863
974
1131
1254
1388
1590
1749
1755
1675
1647
1670
1622
1470
1349
1384
1358
1068
663
465
503
431
133
-197
-289
-327
-579
-976
-1138
-970
-917
-1274
-1648
-1548
-1262
-1255
-1508
-1567
-1323
-1069
-1098
-1219
-1039
-597
-237
-253
-419
-365
53
560
860
819
702
874
1207
1309
1192
1346
1701
1758
1334
1028
1163
1341
1100
730
704
805
501
-117
-407
-284
-202
-453
-749
-869
-986
-1229
-1415
-1340
-1107
-989
-1112
-1298
-1319
-1183
-1063
-963
-810
-600
-459
-479
-546
-453
-109
246
364
351
472
723
841
809
909
1242
1564
1554
1304
1253
1466
1609
1467
1300
1353
1462
1293
915
680
701
684
478
218
30
-154
-436
-695
-775
-832
-1059
-1370
-1559
-1607
-1675
-1800
-1893
-1878
-1786
-1773
-1784
-1659
-1412
-1236
-1197
-1055
-675
-279
-108
-51
147
551
938
1105
1120
1295
1618
1815
1790
1805
1969
2088
1957
1771
1715
1768
1696
1400
1085
922
819
570
229
-26
-209
-436
-747
-1084
-1298
-1403
-1518
-1744
-1897
-1832
-1826
-2046
-2256
-2078
-1615
-1335
-1440
-1584
-1355
-889
-599
-536
-284
297
717
634
455
719
1353
1806
1834
1726
1863
2117
2052
1795
1847
2222
2371
1976
1449
1287
1333
1169
806
586
558
325
-274
-826
-981
-923
-1034
-1255
-1425
-1621
-1921
-2180
-2181
-1976
-1803
-1768
-1805
-1813
-1779
-1699
-1496
-1134
-780
-587
-493
-370
-185
27
304
662
1002
1262
1362
1321
1301
1430
1740
2017
2090
1990
1806
1652
1495
1393
1424
1559
1475
1048
567
359
313
201
81
18
-155
-600
-1052
-1174
-1049
-1003
-1150
-1336
-1461
-1605
-1789
-1816
-1579
-1308
-1241
-1301
-1355
-1299
-1116
-860
-575
-245
75
198
96
70
406
945
1309
1364
1316
1358
1442
1396
1420
1643
1928
1886
1444
1061
980
1047
946
781
626
424
49
-394
-681
-752
-766
-908
-1106
-1309
-1530
-1782
-1956
-1915
-1735
-1564
-1487
-1535
-1665
-1741
-1567
-1151
-681
-381
-383
-462
-359
-13
352
607
906
1247
1403
1247
1053
1185
1696
2123
2076
1757
1573
1602
1585
1469
1435
1562
1569
1176
618
367
480
516
233
-90
-206
-356
-743
-1126
-1175
-1055
-1081
-1295
-1494
-1579
-1665
-1781
-1731
-1468
-1236
-1246
-1370
-1343
-1167
-920
-649
-412
-331
-270
-132
31
117
233
494
765
847
673
550
706
995
1111
1008
936
929
861
737
705
756
866
928
757
312
6
160
499
490
161
-67
-101
-170
-351
-370
-127
-11
-297
-634
-613
-428
-460
-599
-540
-385
-391
-560
-657
-589
-450
-312
-194
-119
-162
-256
-222
-55
199
366
379
330
296
383
524
653
673
658
658
631
558
549
561
494
412
348
304
162
-30
-136
-139
-160
-332
-526
-614
-635
-764
-919
-927
-817
-827
-1017
-1153
-1091
-897
-760
-743
-754
-747
-689
-554
-360
-137
-60
-28
71
217
312
381
603
864
986
884
805
891
1101
1252
1260
1254
1250
1271
1160
1004
1030
1184
1188
959
685
581
596
454
156
20
72
41
-275
-618
-727
-748
-835
-943
-945
-990
-1172
-1383
-1390
-1217
-1090
-1101
-1155
-1119
-1048
-984
-904
-778
-641
-516
-433
-399
-338
-202
2
68
13
81
342
584
521
336
358
556
745
828
821
793
770
823
836
766
753
892
1087
979
607
410
570
789
776
582
451
321
133
58
171
259
80
-188
-345
-378
-380
-372
-393
-459
-591
-682
-661
-640
-679
-733
-632
-465
-400
-460
-569
-583
-456
-202
50
101
-61
-195
-99
117
281
350
375
364
253
190
224
336
407
337
230
191
129
1
-125
-146
-69
-85
-196
-339
-452
-526
-561
-511
-422
-402
-515
-608
-579
-430
-406
-474
-436
-251
-53
-3
-84
-109
-4
193
354
421
538
658
701
589
527
728
1079
1286
1160
921
865
1005
1095
1046
1042
1095
1024
798
569
522
535
485
332
150
24
-132
-332
-543
-693
-743
-743
-812
-1022
-1293
-1432
-1441
-1362
-1267
-1238
-1375
-1540
-1573
-1416
-1227
-1126
-1033
-902
-815
-825
-791
-601
-292
-19
131
162
146
186
401
755
1006
1062
1015
1037
1088
1137
1228
1414
1596
1637
1513
1241
1084
1214
1510
1602
1325
957
786
744
629
517
544
552
271
-172
-432
-429
-428
-526
-635
-730
-952
-1230
-1339
-1261
-1219
-1212
-1183
-1164
-1263
-1420
-1357
-1078
-754
-601
-626
-712
-701
-515
-214
93
230
261
263
277
340
509
732
848
802
703
652
636
626
653
686
685
569
343
151
53
37
26
-3
-89
-242
-470
-644
-657
-598
-521
-489
-572
-680
-733
-706
-597
-489
-328
-165
-23
-25
-133
-128
123
485
680
721
731
826
895
886
905
1125
1417
1501
1274
1013
1021
1162
1212
1140
1077
1010
835
528
287
256
298
197
-61
-372
-587
-712
-868
-1053
-1201
-1247
-1309
-1484
-1725
-1874
-1867
-1788
-1727
-1680
-1636
-1680
-1732
-1681
-1458
-1155
-950
-822
-728
-602
-487
-287
54
396
570
673
837
992
1037
1085
1319
1684
1880
1796
1556
1490
1637
1821
1890
1757
1590
1503
1398
1203
1041
1024
1100
928
565
323
264
132
-130
-273
-261
-335
-669
-966
-1028
-1028
-1112
-1218
-1245
-1283
-1367
-1438
-1420
-1344
-1295
-1281
-1170
-1038
-973
-930
-809
-637
-460
-274
-147
-84
-6
178
347
451
509
587
666
689
721
774
834
825
722
634
635
598
471
343
326
285
117
-68
-142
-169
-250
-366
-426
-427
-507
-612
-650
-582
-542
-555
-538
-474
-388
-320
-215
-117
-88
-14
162
358
443
410
473
643
817
869
841
925
1067
1106
997
897
973
1112
1117
940
748
714
738
625
431
331
340
215
-51
-282
-318
-342
-513
-739
-889
-936
-1044
-1212
-1374
-1428
-1423
-1405
-1426
-1517
-1582
-1570
-1466
-1310
-1193
-1108
-1088
-1019
-887
-679
-396
-218
-91
24
172
306
397
566
834
1078
1116
1020
1059
1251
1390
1404
1392
1438
1463
1390
1244
1168
1218
1262
1189
976
798
714
661
554
427
350
236
57
-115
-207
-262
-364
-483
-550
-606
-679
-786
-843
-866
-889
-906
-889
-854
-883
-908
-878
-778
-681
-613
-603
-631
-546
-349
-179
-154
-214
-138
21
131
146
191
335
383
324
269
336
442
477
458
396
319
290
278
265
224
183
129
63
-38
-142
-150
-113
-128
-209
-287
-297
-270
-269
-283
-241
-162
-153
-174
-143
-53
22
55
128
272
356
284
216
340
561
641
534
493
592
641
576
518
620
748
758
621
428
374
425
559
566
391
224
154
157
74
-21
-26
-27
-112
-348
-515
-537
-514
-593
-710
-756
-762
-844
-1025
-1125
-1054
-946
-934
-1010
-1037
-1007
-1002
-932
-804
-658
-591
-574
-500
-373
-237
-163
-73
114
286
344
339
384
520
662
747
760
777
810
902
932
856
850
929
1023
951
778
699
747
810
726
604
576
551
468
342
285
265
229
158
74
-27
-125
-160
-194
-268
-333
-359
-364
-418
-512
-593
-568
-502
-500
-530
-559
-581
-558
-481
-414
-396
-372
-328
-332
-321
-278
-195
-159
-149
-121
-118
-81
-47
-30
-3
-2
-27
-27
10
24
-9
-8
-6
33
7
-48
-69
-68
-36
-10
-11
-45
-62
-41
-52
-40
28
78
58
15
38
100
186
212
201
224
275
296
295
327
378
390
376
371
456
506
466
406
418
526
520
393
328
421
514
429
281
224
286
345
261
156
62
35
14
-51
-142
-198
-175
-227
-368
-503
-510
-459
-548
-679
-689
-648
-694
-869
-898
-777
-727
-783
-822
-773
-740
-735
-713
-615
-526
-532
-504
-425
-326
-278
-197
-70
1
63
94
136
201
307
455
529
514
481
540
665
739
762
782
797
783
756
760
785
817
840
816
752
655
587
587
584
544
447
386
328
223
98
36
53
31
-77
-239
-355
-379
-390
-445
-513
-544
-549
-596
-726
-812
-759
-643
-602
-681
-784
-794
-721
-696
-693
-618
-502
-498
-579
-595
-459
-311
-278
-267
-190
-108
-99
-124
-55
148
292
284
235
252
336
385
418
493
580
583
504
455
481
