14
28
18
-1
-23
-28
-3
10
12
3
-12
-12
-9
6
12
2
-5
-13
-15
-9
4
23
18
-5
-20
-27
-2
27
35
30
-1
-24
-39
-40
-6
10
22
33
9
-6
-12
-5
13
-5
-19
-16
-9
22
31
10
-4
-15
1
20
11
-4
-27
-21
7
8
10
10
7
14
-3
-23
-37
-32
8
26
22
7
-17
-6
23
31
24
5
-21
-40
-36
-13
15
33
37
10
-32
-44
-15
29
47
38
-5
-31
-16
-15
2
20
22
36
17
-17
-52
-70
-21
27
43
34
-5
-22
-16
-3
15
15
6
-8
-26
-26
3
27
46
33
-1
-18
-45
-39
-22
-17
17
13
8
-10
-49
-22
2
39
55
12
-10
-26
-24
-3
0
3
0
-17
-20
-6
17
36
40
40
9
-37
-56
-71
-43
13
46
65
37
14
-1
-24
-7
-5
-19
-30
-28
3
33
54
73
58
4
-37
-61
-49
-22
-17
2
-8
-11
5
11
58
67
51
17
-45
-57
-73
-62
1
5
3
41
40
45
41
20
27
-27
-29
-6
-30
-21
-44
-38
-23
-11
53
54
36
17
-17
36
85
66
9
-65
-122
-112
-40
75
142
56
-38
-68
-68
-27
14
10
-9
-47
-62
-3
33
86
94
40
38
9
-11
-9
-52
-43
-44
24
84
-24
-57
-49
1
32
-2
-50
-73
-21
18
47
83
100
16
-75
-8
46
34
6
-106
-129
-44
14
52
65
38
9
-27
-20
15
-18
-32
-86
-76
-44
-50
85
98
55
57
-57
-28
84
105
72
2
-16
-53
-31
8
-13
-4
-31
-67
-86
-43
54
71
24
7
28
46
57
32
13
-3
-81
-81
-91
-109
-8
22
57
112
-21
-39
34
45
125
99
0
-57
-93
-42
30
3
62
46
-109
-101
-81
-58
6
-2
0
20
50
139
113
10
-3
20
-6
10
7
-132
-111
-85
-109
-21
22
65
120
113
40
-11
-78
-57
37
26
86
81
34
25
-79
-78
-41
-32
-12
-22
13
-1
-11
81
-8
-70
47
21
41
60
-4
-59
-142
-108
44
137
36
-20
-89
-90
-7
-4
146
79
22
128
-5
-125
-45
36
-11
-76
-85
-36
5
31
11
10
-47
-66
13
-23
46
167
171
-19
-207
-101
-34
38
118
51
35
6
-13
-20
-17
17
36
36
56
87
53
-44
-108
-93
-44
-21
-61
28
33
-28
93
103
8
-68
-156
-162
-129
-85
148
245
169
193
91
-10
-91
-117
-42
-61
21
93
-44
-170
-77
-61
-126
45
66
97
54
-9
66
-46
-18
-61
-20
51
-20
126
141
55
61
34
-96
-170
-89
5
-40
-91
-11
9
-37
-59
11
71
13
-42
41
53
130
175
41
10
-121
-100
-82
-73
59
73
79
-82
-141
-91
-27
73
-55
-93
-25
78
195
119
25
-94
-7
118
111
142
43
3
-112
-131
-87
-108
6
18
-22
-85
-55
-28
-89
-66
4
94
100
10
43
163
155
60
20
-42
-110
-48
-36
-48
16
67
87
-11
-31
-65
-160
-74
-114
-54
120
14
77
188
95
-13
-89
-36
0
27
78
38
-21
-23
-86
-100
41
30
-57
-18
22
14
-13
16
55
83
140
43
-108
47
84
-159
-65
-34
-168
-42
-16
-87
6
76
54
109
108
-36
-171
-92
-33
-16
100
87
171
38
-93
-18
-83
-45
10
31
14
-69
-129
-87
8
89
55
84
162
58
63
34
-25
28
-41
-85
-47
-19
85
93
-26
-64
-47
-93
-154
9
72
-61
-50
-30
60
206
196
56
-62
-61
-129
-56
16
-74
-9
-50
-63
-32
-4
91
-25
-46
-24
-29
161
221
141
38
-146
-91
-73
-87
99
7
33
-61
-250
-24
-35
-55
67
107
265
161
2
-7
-162
-129
-97
24
195
68
153
179
30
30
-86
-72
-99
-265
-231
-191
-77
30
121
118
96
228
143
72
-21
-57
33
-79
-50
-77
-81
92
42
105
94
-110
-52
-158
-156
-28
-27
122
12
-8
101
203
228
40
24
-18
-108
-113
-143
-180
-73
24
58
-35
-113
-71
-168
-26
94
49
51
-75
-25
2
71
183
138
136
43
40
-79
-86
87
-67
-71
-13
-121
-62
53
109
119
-13
32
63
-13
20
37
144
115
137
152
22
-75
-177
-87
-98
-119
-56
-85
-127
-180
-114
-9
126
76
-128
-40
33
-52
-116
-204
-158
-5
7
34
28
-106
-46
-161
-124
68
-45
77
115
170
308
312
273
-17
-212
0
232
359
390
260
369
258
-183
-290
-286
-133
290
513
460
326
24
-222
-322
-316
-19
97
133
67
-281
-330
-453
-428
-244
-325
-291
-215
-125
-252
-393
-256
-275
-358
-349
-323
-110
-10
122
346
215
179
86
10
209
347
373
254
148
38
49
169
231
449
614
590
550
390
271
276
242
289
541
748
449
65
-181
-545
-627
-669
-770
-543
-353
-456
-608
-613
-446
-273
-203
-255
-311
-268
-313
-413
-412
-303
-159
-64
-75
-76
-22
-2
47
104
98
138
326
467
450
358
267
397
619
693
674
524
642
961
974
880
790
735
519
167
88
-82
-524
-763
-747
-715
-715
-760
-586
-311
-464
-588
-413
-318
-183
-164
-415
-611
-663
-606
-630
-666
-615
-416
-177
-219
-150
-43
-17
20
-80
5
125
186
392
658
768
800
909
845
870
916
875
900
867
830
831
807
754
796
342
-592
-1014
-758
-633
-715
-694
-682
-498
-323
-232
-112
40
31
-51
-395
-619
-526
-826
-720
-829
-1017
-626
-488
-190
-188
-302
-106
-186
-195
-140
-66
172
242
237
433
757
1092
1248
1116
1015
917
788
762
630
601
702
836
887
959
825
-156
-914
-1133
-1116
-806
-927
-802
-485
-643
-312
-10
11
188
-11
-82
-102
-379
-632
-816
-835
-923
-993
-774
-481
-415
-391
-277
-191
-201
-225
-57
99
93
163
371
612
828
1040
1291
1382
1285
1029
777
749
565
472
670
945
1225
1211
296
-924
-1522
-1531
-938
-845
-847
-411
-333
-264
-153
32
305
279
78
-93
-325
-410
-464
-689
-933
-1201
-1029
-579
-338
-212
-242
-262
-304
-417
-398
-199
17
106
227
427
689
974
1161
1291
1291
1170
980
829
798
721
650
675
793
971
1299
651
-637
-1214
-1617
-1361
-1093
-1163
-692
-515
-416
1
141
351
432
193
170
-167
-487
-582
-816
-748
-874
-970
-750
-721
-426
-208
-291
-265
-406
-409
-318
-267
-35
217
536
731
853
1026
1113
1327
1438
1168
859
682
651
762
799
754
648
986
1317
354
-702
-1679
-2243
-1445
-1191
-797
-202
-432
-97
136
214
474
200
47
-57
-332
-519
-653
-618
-635
-760
-888
-702
-511
-438
-177
-344
-578
-643
-744
-432
-8
256
624
825
780
859
941
970
1048
1100
909
546
505
683
1009
1397
1204
820
1299
1279
379
-497
-1965
-2229
-1735
-1573
-745
-428
-286
145
265
426
433
216
159
-61
-303
-546
-765
-759
-850
-659
-508
-449
-261
-272
-428
-559
-406
-632
-826
-604
-572
-85
424
627
1033
1151
1042
968
849
786
805
885
612
129
140
386
712
1223
1258
1653
2310
916
-688
-1647
-2579
-1744
-1101
-850
-201
-611
-450
146
148
427
339
128
96
-299
-493
-618
-690
-626
-721
-666
-516
-361
-187
-199
-434
-522
-459
-682
-738
-553
-448
17
317
408
855
1018
1023
992
707
597
532
583
655
450
465
325
253
814
1214
1848
2999
2293
77
-1500
-2849
-2456
-1190
-1053
-354
-224
-724
-173
7
240
684
285
233
43
-495
-569
-634
-565
-560
-680
-666
-584
-319
-92
-51
-60
-251
-442
-677
-1133
-803
-259
-86
307
309
531
910
932
1006
775
566
356
160
233
448
646
270
200
373
662
1666
2318
3461
2842
454
-713
-2725
-2743
-1594
-1714
-436
-392
-870
-165
-301
96
573
270
442
50
-450
-522
-755
-652
-704
-731
-548
-505
-278
-134
-117
-223
-426
-417
-472
-518
-329
-715
-1047
-337
142
637
944
662
908
911
634
447
214
186
314
358
147
69
171
606
1148
1851
2628
3446
3180
1057
-735
-2294
-2713
-1643
-1224
-819
-819
-1327
-952
-420
-24
495
543
478
342
-105
-343
-534
-680
-626
-599
-540
-409
-353
-349
-210
-174
-163
-137
-329
-483
-437
-300
-295
-324
-436
-379
95
458
675
762
699
642
508
301
213
195
-111
-247
-214
-151
605
1312
2286
3172
3444
3959
2414
411
-895
-2799
-2771
-2394
-2169
-1108
-1390
-1410
-648
-454
409
910
775
994
464
-177
-481
-895
-936
-835
-679
-327
-245
-261
-234
-388
-386
-440
-575
-511
-549
-443
-199
94
336
73
-156
-163
77
395
498
615
590
571
342
70
-142
-459
-417
-187
179
680
1311
2286
3068
3253
3852
3035
1005
48
-1922
-2819
-2372
-2687
-1742
-1398
-1704
-837
-532
2
919
853
989
889
140
-208
-657
-920
-697
-569
-441
-319
-309
-385
-507
-748
-825
-668
-777
-784
-543
-375
-209
95
522
693
345
202
447
609
914
809
414
139
-92
-178
-495
-446
-102
202
819
1169
1671
2694
3302
4014
3209
944
-119
-1869
-2721
-2159
-2378
-1546
-1187
-1546
-847
-600
-129
667
633
896
754
68
-232
-717
-903
-734
-605
-351
-274
-424
-438
-437
-658
-841
-845
-772
-641
-339
-119
186
399
-26
352
430
97
880
649
460
617
38
95
152
-18
-248
-448
-322
-3
532
999
1532
2348
2907
3578
4151
2388
609
-650
-2781
-2813
-2616
-2640
-1248
-1130
-1155
-423
-493
95
756
704
1001
508
-284
-631
-1071
-1045
-785
-554
-253
-90
-255
-387
-448
-661
-575
-562
-554
-441
-472
-337
-22
197
351
708
730
721
559
129
290
309
322
240
-108
-364
-765
-630
-352
221
1047
1390
1735
2346
2961
3957
4490
2377
480
-1391
-3564
-2959
-2750
-2172
-888
-1382
-990
-485
-531
357
544
619
918
189
-251
-692
-1176
-913
-708
-323
96
117
13
-163
-440
-547
-561
-740
-681
-539
-473
-253
-52
256
760
1084
809
231
84
-120
-203
134
-31
-87
176
-252
-633
-599
-585
189
918
1193
1682
1894
2656
3434
4368
4167
1485
-144
-2426
-4004
-2896
-2857
-1826
-802
-1455
-864
-538
-432
639
768
890
1030
123
-417
-905
-1245
-797
-441
-116
199
154
14
-253
-673
-714
-645
-711
-670
-796
-637
-142
355
916
1001
876
726
227
168
87
-353
-87
-133
-267
29
-562
-721
-496
-487
330
836
1151
1721
1816
2512
3291
4235
4419
1934
151
-1874
-3752
-3054
-2936
-2182
-939
-1237
-814
-420
-468
404
654
744
969
191
-438
-922
-1300
-985
-493
-20
385
419
118
-245
-644
-775
-746
-778
-738
-834
-710
-169
439
926
1157
955
673
378
-87
-102
-290
-326
-20
-291
-231
-510
-846
-484
-413
107
793
1144
1713
1926
2404
3261
4326
4723
2271
173
-1735
-3866
-3075
-2559
-2068
-845
-1290
-1231
-631
-565
237
677
672
865
226
-425
-789
-1115
-787
-302
152
465
357
110
-249
-625
-845
-890
-852
-879
-835
-717
-482
87
777
1202
1403
1192
504
13
-298
-552
-525
-446
-391
-114
-237
-583
-499
-446
44
689
945
1289
1463
1577
2501
3447
4635
4694
2102
168
-2453
-4264
-3185
-2942
-1775
-853
-1556
-999
-786
-583
480
625
916
1020
151
-311
-819
-1075
-580
-231
183
465
199
-21
-410
-868
-894
-1028
-984
-670
-535
-379
-140
279
796
1169
1096
966
335
-436
-199
-353
-357
-127
-281
-104
-472
-575
-535
-648
162
678
966
1475
1506
1889
2910
3817
5159
4277
1456
-478
-3367
-4160
-3118
-2958
-1525
-1052
-1399
-642
-494
-37
655
540
931
815
90
-321
-1018
-1105
-735
-387
208
499
401
104
-517
-1105
-1122
-991
-766
-723
-852
-518
-162
569
1226
1259
1343
1218
554
-242
-623
-826
-711
-498
-316
-184
-536
-437
-547
-609
180
538
1064
1499
1463
1777
2409
3135
4651
5263
2853
535
-2530
-4912
-3827
-3268
-2064
-738
-1299
-869
-505
-536
432
699
853
1172
403
-296
-889
-1329
-969
-350
241
606
552
103
-429
-1009
-1160
-893
-727
-601
-651
-498
-424
-223
639
1179
1637
1622
818
68
-785
-755
-499
-614
-244
-151
-386
-473
-664
-716
-89
568
1076
1299
1298
1516
2144
3117
4220
5406
3526
964
-1002
-4407
-4214
-3310
-3120
-916
-812
-1002
-202
-617
18
744
583
1113
628
-172
-458
-1217
-1108
-618
-216
515
666
408
54
-657
-1098
-1053
-997
-766
-662
-805
-459
51
342
980
1365
1239
1238
948
-64
-1151
-1181
-1041
-790
68
-34
-462
-342
-646
-521
106
447
1087
1305
1280
1603
2207
3168
4508
5442
3320
898
-1558
-4591
-4072
-3362
-2687
-845
-1048
-897
-262
-602
138
563
532
1103
577
-105
-581
-1313
-1116
-542
-37
587
653
343
29
-596
-1135
-1207
-1142
-952
-663
-651
-458
-68
184
736
1098
1287
1488
817
152
-253
-772
-762
-648
-449
-352
-503
-581
-801
-445
219
597
1159
1272
1332
1730
2343
3275
4474
5486
3475
865
-1636
-4759
-4291
-3386
-2695
-803
-920
-932
-215
-401
175
539
399
903
583
-13
-500
-1225
-1062
-571
-117
512
671
502
95
-710
-1102
-1169
-1211
-1016
-894
-817
-670
-96
571
1096
1480
1448
1439
1150
492
-597
-1317
-1169
-1045
-354
-229
-728
-593
-741
-401
217
468
1119
1330
1351
1664
1933
2821
3819
5248
4538
1560
-704
-4015
-4935
-3405
-2956
-1506
-821
-1297
-555
-288
-116
605
472
730
922
240
-259
-977
-1260
-701
-138
419
687
497
97
-550
-1141
-1360
-1276
-1009
-739
-427
-308
-207
328
855
1222
1334
1464
1317
970
286
-1174
-1332
-1063
-796
-137
-671
-874
-759
-612
85
390
853
1341
1312
1568
1763
2200
3059
4135
5445
3686
697
-2052
-5157
-4601
-3220
-2579
-981
-969
-915
-87
-264
172
519
403
989
792
215
-378
-1224
-1177
-630
-29
493
569
370
-90
-735
-1184
-1358
-1165
-749
-470
-240
-165
-260
98
814
1175
1641
1785
1131
572
-560
-1241
-966
-1083
-555
-392
-913
-816
-918
-632
147
659
1213
1313
1164
1477
1694
2453
3399
4674
5256
2718
-15
-3216
-5289
-3959
-3147
-1848
-668
-1078
-509
-206
-233
480
387
584
1017
483
101
-614
-1249
-992
-515
148
586
566
279
-323
-991
-1197
-1130
-957
-617
-446
-307
-161
78
441
742
1054
1196
1406
1257
638
-229
-1269
-1203
-869
-724
-611
-994
-1057
-794
-233
319
663
1107
1244
1301
1605
1816
2536
3174
4087
5034
2965
362
-2386
-5035
-4264
-3225
-2337
-944
-971
-630
16
-26
347
370
354
831
657
260
-345
-1028
-999
-613
-168
297
446
264
-78
-679
-1115
-1133
-1030
-817
-468
-313
-194
172
382
804
1106
1008
1273
1124
754
45
-929
-1001
-1114
-727
-687
-1306
-957
-951
-499
264
393
1024
1321
1312
1651
1610
2144
3022
3951
5457
3709
929
-1377
-4725
-4386
-3343
-3154
-1280
-1072
-954
83
-290
26
404
213
995
976
511
53
-855
-1053
-895
-422
121
261
333
-14
-582
-926
-1209
-1151
-794
-518
-112
-1
-49
268
498
937
1249
1245
1276
1104
339
-632
-864
-1250
-950
-580
-1256
-1129
-1183
-981
-124
245
948
1425
1444
1747
1855
2016
2774
3398
4823
4733
2127
-248
-3622
-4815
-3756
-3493
-2022
-1204
-1177
-222
-176
-94
339
149
708
1048
815
482
-421
-895
-944
-701
-213
-8
104
84
-421
-901
-994
-1078
-750
-287
-91
108
85
50
288
660
838
1120
1324
1104
766
-308
-987
-945
-1007
-582
-928
-1461
-1342
-1267
-588
86
682
1383
1574
1706
1895
1856
2320
2882
3777
4904
3275
1142
-1290
-4160
-4092
-3950
-3273
-1600
-1382
-725
-162
-312
137
181
380
1074
1169
1014
352
-551
-1047
-1154
-836
-395
-81
-10
-194
-566
-857
-846
-644
-380
-4
121
-48
87
185
382
716
688
963
1119
606
71
-334
-559
-598
-655
-989
-1231
-1219
-1173
-854
-397
314
996
1373
1609
1792
2008
2175
2703
3228
4444
4210
1928
200
-2792
-4093
-3608
-3907
-2455
-1527
-1418
-381
-339
-221
274
165
782
1228
1109
699
-182
-685
-1094
-1032
-626
-529
-185
-98
-519
-572
-678
-727
-327
-156
120
269
39
-14
81
242
590
913
839
681
349
79
93
-223
-386
-616
-1102
-1166
-1440
-1431
-799
-214
628
1202
1463
1769
2068
2220
2536
2831
3567
4456
2943
1386
-710
-3338
-3367
-3747
-3532
-2133
-1934
-1174
-387
-504
-116
-7
219
1073
1310
1116
586
-103
-649
-852
-807
-794
-588
-440
-517
-562
-654
-741
-498
-290
68
392
179
132
94
26
366
415
450
680
561
662
414
-93
-308
-554
-634
-898
-1225
-1381
-1192
-624
-42
582
1194
1612
2102
2320
2465
2788
3375
4229
3123
1836
230
-2311
-2757
-3493
-3798
-2613
-2425
-1767
-851
-906
-453
-134
159
1139
1434
1345
942
356
-53
-529
-754
-878
-911
-735
-686
-738
-756
-798
-565
-302
-58
291
393
365
404
299
137
229
383
556
756
544
253
193
-3
-27
-340
-828
-1006
-1293
-1165
-801
-431
233
855
1294
1851
2258
2569
3048
3566
3959
2855
1811
697
-1378
-1979
-2950
-3552
-2692
-2791
-2367
-1556
-1462
-780
-359
-44
845
1106
1246
1136
805
598
9
-394
-689
-943
-922
-982
-1028
-971
-974
-706
-455
-348
34
230
185
189
116
119
470
674
734
746
421
274
140
33
184
-66
-320
-434
-815
-833
-690
-456
137
564
1027
1530
2033
2593
3111
3594
3100
2368
1617
120
-866
-1791
-2687
-2590
-2571
-2532
-2106
-1934
-1529
-1084
-720
-103
393
767
1001
1089
1007
760
442
18
-312
-612
-933
-1022
-1190
-1315
-1230
-994
-568
-254
96
358
428
529
515
545
641
554
598
539
345
265
121
122
64
-37
-164
-382
-439
-382
-171
103
381
738
1094
1671
2091
2460
2608
2182
1941
1158
321
-247
-1130
-1506
-1730
-2016
-1909
-1886
-1840
-1529
-1270
-927
-539
-175
145
403
571
610
573
538
358
-75
-456
-842
-1033
-971
-1027
-993
-823
-679
-422
-177
-32
218
412
573
731
688
711
721
692
688
459
281
120
-13
63
16
-34
-40
-31
178
396
704
968
1210
1493
1361
1282
1018
577
491
46
-213
-316
-666
-644
-734
-917
-885
-979
-941
-779
-745
-634
-558
-462
-334
-273
-262
-377
-372
-367
-333
-200
-303
-427
-453
-443
-342
-260
-244
-153
55
178
301
423
449
547
564
518
508
421
409
411
351
241
81
-2
62
189
254
303
385
573
678
668
667
558
500
483
379
251
141
71
67
32
-43
-145
-294
-388
-447
-510
-542
-516
-531
-529
-533
-567
-593
-643
-620
-583
-547
-551
-549
-479
-370
-231
-189
-251
-227
-161
-155
-87
-81
-69
38
89
207
381
451
510
571
545
536
534
523
531
578
567
455
442
477
470
465
451
399
341
280
249
211
79
16
40
-48
-162
-216
-280
-295
-250
-175
-184
-301
-346
-377
-449
-467
-437
-428
-452
-445
-440
-490
-570
-541
-479
-389
-340
-372
-284
-201
-87
49
53
50
97
100
127
156
144
210
291
389
487
502
493
486
483
523
532
469
429
411
372
303
262
217
196
212
160
95
86
81
12
-40
-82
-176
-217
-225
-305
-391
-396
-354
-312
-278
-230
-242
-306
-287
-252
-246
-226
-172
-150
-139
-126
-141
-196
-236
-173
-95
-85
-115
-41
-22
-15
125
171
147
155
132
95
147
189
223
288
312
335
366
327
284
302
234
141
77
7
-3
-7
-73
-112
-111
-158
-120
-89
-139
-100
-49
-66
-62
-53
-109
-141
-156
-172
-171
-161
-109
-60
8
92
90
71
84
67
64
37
4
-13
-19
-13
-84
-117
-128
-194
-144
-126
-184
-95
-44
21
134
149
172
159
93
67
116
108
135
209
164
188
252
195
169
213
167
115
73
26
-45
-85
-47
-167
-208
-183
-241
-228
-259
-214
-127
-145
-128
-102
-127
-118
-97
-109
-77
-62
-37
40
55
104
121
82
105
144
120
94
130
154
154
135
131
66
-8
-15
-27
-48
-133
-73
-48
-102
5
-20
-45
-12
-36
-51
-63
-66
-38
-4
24
52
72
104
57
71
68
-5
11
-8
-9
22
-30
-42
-3
-41
-7
35
-26
1
55
57
63
18
-17
-32
-91
-123
-129
-147
-148
-83
-31
3
27
7
8
22
35
35
34
29
20
11
-21
-30
-36
-45
-14
-8
-14
46
98
129
192
235
244
215
171
117
32
-8
-18
-76
-127
-151
-162
-153
-160
-133
-123
-115
-44
-16
2
12
-20
-18
-14
5
34
-3
-25
-11
6
58
88
80
87
108
117
99
67
42
5
19
81
85
74
54
-1
-31
-42
-78
-103
-100
-94
-91
-117
-129
-127
-141
-123
-68
-51
-53
-7
47
88
112
98
82
54
41
71
83
84
78
76
61
56
63
9
-24
-36
-65
-56
-61
-76
-79
-132
-141
-107
-101
-42
-27
-67
-74
-52
6
44
64
82
82
51
14
-48
-100
-85
-18
94
162
195
185
118
67
61
66
65
44
14
-20
-82
-122
-134
-140
-134
-107
-90
-91
-57
-8
20
64
99
119
125
89
68
44
6
-9
-17
-6
16
30
37
12
-2
16
12
7
13
5
-34
-57
-40
-38
-44
-65
-88
-86
-63
-9
21
36
47
43
16
-36
-91
-110
-90
-52
23
78
99
98
75
74
99
92
61
54
32
-4
-31
-62
-73
-83
-98
-106
-105
-96
-78
-44
-19
10
66
105
123
110
70
43
28
23
13
5
3
11
30
36
20
26
60
74
56
10
-24
-51
-40
-11
-23
-52
-86
-84
-53
-52
-40
-27
-22
2
-18
-61
-91
-108
-77
-42
6
58
76
93
89
77
78
82
92
106
109
84
46
18
-13
-33
-44
-78
-82
-64
-77
-84
-88
-69
-15
10
33
44
22
18
16
-2
-21
-39
-34
-17
10
34
30
26
24
17
32
28
15
17
25
49
58
51
35
14
-5
-32
-55
-71
-95
-114
-117
-141
-151
-134
-125
-85
-28
17
61
96
115
130
125
114
120
127
131
111
72
58
37
20
16
-15
-39
-50
-77
-67
-39
-23
19
35
42
46
9
-10
-35
-64
-55
-74
-89
-77
-64
-27
-3
3
13
28
45
59
69
69
74
95
92
77
56
24
9
-21
-69
-98
-120
-140
-121
-93
-91
-84
-87
-76
-50
-20
20
34
31
28
12
0
8
28
50
51
41
37
37
37
27
29
30
39
57
47
31
18
1
6
10
-4
-23
-60
-82
-83
-80
-74
-79
-67
-46
-35
-7
-1
-9
2
7
11
13
7
9
28
37
51
55
24
-2
-12
-16
-10
-2
-4
-6
0
5
3
-8
-9
7
33
44
40
34
20
23
36
36
40
47
51
58
47
27
5
-23
-30
-27
-26
-26
-36
-40
-36
-30
-12
3
0
0
-6
-5
14
16
8
0
-7
6
6
2
1
-12
-8
7
7
2
-12
-27
-11
16
34
32
9
-12
-19
-24
-26
-26
-28
-21
-7
-5
-13
-24
-30
-17
-2
14
20
13
14
20
24
34
49
61
66
73
64
47
29
2
-4
1
-6
-11
-28
-53
-57
-57
-53
-45
-46
-40
-32
-26
-17
-6
7
17
15
4
-15
-30
-30
-34
-27
-14
-24
-31
-36
-34
-5
23
49
66
48
36
26
7
5
2
-1
3
-9
-28
-53
-71
-65
-42
-18
7
20
19
20
21
30
40
46
60
57
48
41
17
3
-12
-27
-19
-12
4
18
9
8
5
8
18
17
11
-2
-12
-16
-20
-15
-18
-27
-26
-34
-28
-10
1
10
13
0
-7
-1
-2
8
23
36
51
44
39
28
4
0
-14
-27
-25
-43
-46
-44
-57
-44
-26
-8
16
14
10
8
2
3
4
7
9
9
6
-4
-6
-13
-26
-21
-20
-9
20
27
26
17
-2
0
2
-6
-9
-17
-24
-21
-17
-14
-13
-14
-16
-16
-14
-8
3
11
18
11
7
6
8
22
27
30
34
22
19
12
-5
-6
-11
-13
-11
-23
-26
-32
-38
-21
-5
10
25
27
27
29
26
26
27
26
26
30
32
30
24
8
-2
-7
-7
6
16
24
27
16
4
2
-4
-10
-11
-16
-17
-11
-11
-5
-3
-12
-9
-4
0
7
7
9
11
9
6
4
2
3
9
11
13
15
5
-2
-8
-16
-19
-27
-34
-41
-53
-61
-62
-48
-21
2
13
9
2
5
7
11
16
14
13
17
19
17
17
16
4
-8
-18
-23
-11
-1
1
1
-8
-11
-3
-5
-5
-8
-17
-14
-7
-6
-8
-10
-8
-9
-9
-10
-11
-3
-1
-1
4
2
10
27
32
36
34
28
36
37
26
19
7
-3
-3
-14
-28
-34
-31
-17
2
9
8
5
3
13
23
24
33
38
42
42
31
23
19
17
10
-5
-24
-36
-28
-14
-5
-2
-9
-16
-12
-6
-5
-7
-11
-13
-12
-17
-22
-20
-13
-4
-1
-8
-13
-16
-20
-15
-15
-17
-6
1
8
14
9
11
9
3
7
2
-6
-9
-14
-18
-25
-29
-26
-16
-3
1
0
3
8
15
24
25
31
36
37
40
33
32
32
25
17
2
-16
-27
-26
-18
-11
-10
-18
-21
-14
-6
3
0
-8
-11
-17
-16
-14
-11
-1
3
6
3
-6
-8
-10
-10
-8
-7
-2
6
15
22
20
20
21
20
20
13
4
-3
-13
-20
-25
-30
-25
-20
-10
-3
-4
3
5
11
21
27
39
47
47
40
28
20
16
12
-2
-22
-37
-43
-38
-36
-28
-24
-22
-16
-7
-1
4
9
9
11
8
7
3
7
11
6
5
4
5
-2
-4
-2
-4
-3
12
29
26
31
36
30
20
15
8
-4
-6
-22
-4
-70
14
-144
-343
-77
-82
-8
81
15
35
0
22
46
70
100
111
119
96
94
59
51
22
-5
-7
-27
31
-151
-136
-49
-96
-19
-41
-35
-34
-19
-32
66
-132
-315
20
32
36
129
49
34
21
64
89
99
85
45
87
90
74
59
30
5
-30
-50
-27
-2
-154
-200
-138
-129
-38
-31
-24
-5
-2
30
49
75
60
63
72
76
67
42
48
32
37
31
31
-3
-44
10
13
-2
-16
-31
-20
-37
-5
-2
-23
-27
-22
-2
-33
-18
-10
-79
-102
-41
2
-9
28
9
-27
3
2
-3
37
18
2
61
-40
-43
-9
-15
0
-17
52
11
-30
3
-8
3
51
-31
-128
-98
-61
-9
46
22
-2
10
29
82
119
136
156
145
108
60
31
34
25
4
4
-7
-39
-50
-57
-65
-64
-65
-67
-43
-22
-13
10
-14
-24
-5
8
23
17
15
3
0
-6
-18
-34
-49
-37
-57
-53
-39
-28
-20
-35
-42
-62
-64
-47
-33
-27
-39
-45
-38
-38
-38
-27
-6
-6
-16
-7
-1
2
16
31
36
36
56
87
107
113
120
128
147
167
151
148
154
151
159
165
158
133
129
125
125
109
57
47
3
-53
-99
-161
-239
-338
-390
-435
-466
-508
-550
-560
-582
-548
-499
-455
-395
-345
-277
-207
-138
-85
-37
17
50
87
115
154
189
233
319
407
583
697
690
680
681
759
843
955
1012
1040
1064
1141
1257
1035
714
466
272
134
-68
-255
-578
-987
-1253
-1325
-1346
-1489
-1541
-1522
-1486
-1376
-1242
-1026
-861
-705
-502
-288
-111
-68
52
185
275
270
220
262
225
242
281
338
322
236
288
345
385
370
377
404
396
502
638
707
656
640
780
975
1196
1337
1518
1509
1266
1073
846
660
387
138
-34
-370
-801
-1187
-1440
-1629
-1758
-1745
-1737
-1782
-1873
-1792
-1508
-1195
-902
-719
-499
-324
-128
189
432
616
678
683
751
744
672
602
549
525
471
348
241
117
-17
-58
-62
-81
-162
-209
-209
-192
-160
-102
106
337
463
583
770
926
1223
1483
1766
2111
1827
1462
1284
1033
828
557
286
-84
-716
-1281
-1514
-1724
-1972
-2088
-2172
-2231
-2229
-2176
-1916
-1561
-1289
-974
-663
-382
-117
139
459
743
913
976
1040
1048
1005
1048
1019
913
715
529
461
209
-23
-118
-259
-376
-546
-624
-643
-755
-789
-643
-483
-415
-233
96
443
637
742
1034
1336
1612
1906
2318
2567
2080
1689
1570
1469
1192
638
304
-225
-892
-1324
-1574
-1889
-2410
-2609
-2564
-2551
-2598
-2591
-2265
-1928
-1603
-1209
-792
-433
-191
219
674
997
1102
1159
1361
1466
1527
1516
1409
1227
1011
953
918
726
396
78
-116
-352
-559
-718
-940
-1185
-1301
-1217
-1083
-1015
-946
-677
-397
-128
220
581
880
1089
1411
1691
1976
2173
2464
2737
2316
1985
1793
1594
1315
731
324
-267
-960
-1373
-1697
-2047
-2584
-2851
-2868
-2907
-2871
-2838
-2520
-2165
-1845
-1420
-999
-515
-160
296
798
1129
1378
1560
1784
1845
1830
1844
1768
1670
1459
1166
961
748
531
259
-136
-532
-780
-865
-1014
-1326
-1617
-1748
-1695
-1561
-1407
-1194
-1045
-827
-397
60
438
710
1083
1442
1658
1843
2062
2399
2606
2893
2696
2137
1940
1719
1560
1083
433
-129
-807
-1230
-1535
-1957
-2526
-2912
-2941
-2983
-2989
-2996
-2821
-2414
-2062
-1657
-1280
-840
-331
182
712
1069
1346
1563
1845
2099
2155
2135
2005
1895
1754
1527
1096
746
623
296
-20
-631
-1060
-1092
-1228
-1224
-1520
-1911
-2044
-1865
-1459
-1242
-1199
-1166
-770
-270
141
521
778
1067
1328
1617
1887
2061
2244
2520
2631
2764
2600
2078
1934
1770
1473
882
223
-145
-659
-1188
-1647
-2090
-2589
-2954
-2883
-2957
-3074
-3060
-2874
-2387
-2133
-1786
-1270
-771
-225
186
650
998
1346
1713
1987
2163
2089
2092
2092
2001
1737
1363
1152
908
677
268
-229
-441
-726
-897
-1101
-1704
-1946
-1872
-1713
-1583
-1766
-1888
-1643
-1212
-764
-362
-264
-73
437
929
1303
1434
1544
1729
1927
2122
2257
2463
2525
2713
2546
1853
1646
1396
1105
815
202
-286
-934
-1482
-1736
-2082
-2514
-2818
-2827
-2897
-2959
-2893
-2624
-2144
-1841
-1515
-1129
-699
-142
385
874
1124
1274
1541
1892
2165
2097
1944
1842
1737
1608
1328
1000
737
423
178
-111
-506
-740
-930
-986
-1191
-1557
-1882
-1974
-1569
-1319
-1299
-1349
-1373
-1047
-566
-67
267
369
478
825
1266
1442
1564
1676
1731
1791
1848
2156
2363
2535
2303
1612
1406
1117
1016
851
292
-124
-941
-1447
-1540
-1813
-2141
-2529
-2648
-2785
-2883
-2699
-2391
-2029
-1921
-1659
-1223
-841
-315
198
702
899
963
1288
1673
1971
1981
1887
1749
1575
1555
1497
1302
895
498
305
67
-128
-441
-792
-871
-1069
-1315
-1479
-1652
-1677
-1631
-1439
-1284
-1285
-1231
-1001
-558
-205
60
310
487
681
966
1283
1474
1540
1551
1692
1883
2126
2377
2594
2522
1813
1554
1520
1266
1150
619
87
-553
-1203
-1323
-1622
-2065
-2430
-2668
-2828
-2991
-2846
-2619
-2307
-2123
-2002
-1560
-1128
-553
9
411
692
860
1258
1679
1980
2042
1967
1921
1805
1787
1676
1472
1194
827
504
151
4
-238
-641
-855
-1154
-1427
-1610
-1692
-1628
-1731
-1795
-1636
-1459
-1333
-1035
-724
-467
-168
127
541
775
921
1197
1437
1570
1617
1720
1877
2002
2158
2343
2518
2455
1852
1545
1394
1057
942
502
7
-711
-1400
-1500
-1785
-2129
-2545
-2897
-2963
-3025
-2821
-2617
-2384
-2174
-1980
-1460
-971
-446
5
432
823
1010
1412
1780
2045
2115
2013
2010
1896
1822
1700
1434
1116
696
459
136
-195
-298
-566
-831
-1254
-1537
-1522
-1610
-1568
-1631
-1712
-1635
-1457
-1140
-909
-745
-517
-168
101
409
765
993
1155
1280
1442
1559
1624
1693
1817
1867
1927
2064
2292
2318
1676
1309
1131
860
799
373
-119
-827
-1447
-1517
-1714
-2015
-2495
-2767
-2841
-2860
-2578
-2454
-2199
-2029
-1840
-1315
-874
-341
105
506
791
972
1378
1748
2028
2010
1887
1853
1782
1773
1624
1375
989
613
408
210
12
-394
-757
-849
-1082
-1421
-1521
-1498
-1531
-1648
-1656
-1493
-1399
-1240
-925
-679
-553
-313
128
430
607
834
1081
1286
1355
1443
1530
1554
1602
1699
1782
1818
1852
2179
2077
1363
1119
866
783
664
181
-246
-1050
-1429
-1452
-1699
-2027
-2473
-2640
-2796
-2660
-2376
-2270
-2024
-1923
-1594
-1175
-711
-108
248
557
714
1009
1462
1774
1958
1841
1747
1679
1689
1706
1463
1159
777
490
298
53
-196
-475
-656
-842
-1143
-1364
-1463
-1403
-1309
-1367
-1487
-1537
-1309
-926
-605
-513
-541
-333
53
477
727
790
842
1009
1218
1346
1391
1352
1329
1347
1430
1504
1608
1708
1973
1766
1101
962
770
748
628
165
-332
-1083
-1300
-1291
-1535
-1918
-2335
-2455
-2585
-2424
-2149
-2043
-1884
-1813
-1468
-1047
-607
-77
239
459
566
893
1365
1677
1783
1624
1531
1488
1564
1623
1387
1035
668
504
385
175
-76
-427
-660
-841
-960
-1063
-1241
-1310
-1407
-1319
-1152
-1198
-1213
-1053
-725
-481
-301
-177
15
262
490
762
846
924
1043
1125
1151
1131
1137
1122
1114
1115
1149
1334
1427
1764
1682
864
762
635
694
714
140
-331
-1048
-1167
-1029
-1336
-1721
-2144
-2256
-2333
-2104
-1856
-1892
-1766
-1697
-1302
-879
-532
-113
97
336
512
870
1300
1458
1483
1360
1355
1395
1443
1421
1145
869
634
527
412
195
-70
-318
-547
-770
-774
-880
-1033
-1203
-1230
-1069
-1053
-1021
-1053
-935
-650
-413
-248
-199
-30
208
445
604
645
768
861
907
897
904
901
899
912
875
906
1034
1259
1431
1714
1285
751
782
690
906
625
118
-385
-920
-834
-893
-1213
-1692
-2047
-2112
-2101
-1833
-1839
-1840
-1747
-1653
-1233
-873
-472
-180
10
183
375
856
1199
1309
1219
1158
1266
1336
1419
1286
1025
791
645
621
461
201
-97
-280
-312
-521
-725
-811
-933
-1027
-999
-930
-982
-1022
-989
-834
-595
-458
-346
-288
-216
86
337
416
464
528
646
743
819
845
801
741
775
830
923
1013
1169
1274
1520
1799
1178
790
751
819
1015
573
25
-649
-942
-758
-858
-1269
-1896
-2178
-2163
-1966
-1774
-1877
-1891
-1880
-1601
-1103
-726
-399
-204
-9
170
532
1036
1240
1261
1188
1240
1385
1465
1504
1276
972
809
728
689
503
185
-80
-275
-345
-493
-829
-986
-967
-974
-1031
-1072
-1144
-1161
-1006
-791
-607
-543
-471
-308
-119
193
421
422
445
577
763
896
904
861
838
807
852
917
958
961
1015
1183
1377
1781
1378
692
571
619
992
715
72
-593
-1035
-773
-740
-1100
-1774
-2215
-2132
-1909
-1648
-1786
-1879
-1804
-1588
-1116
-749
-417
-244
-70
156
422
916
1187
1193
1067
1059
1245
1357
1379
1111
783
604
581
585
378
67
-205
-357
-355
-401
-840
-959
-777
-817
-799
-888
-897
-782
-633
-412
-340
-299
-93
101
157
286
479
557
532
572
637
609
620
635
503
382
368
431
450
413
503
649
870
1121
1545
1180
319
357
799
1242
810
-46
-584
-820
-435
-343
-945
-1773
-2001
-1662
-1455
-1368
-1539
-1586
-1420
-1113
-649
-369
-153
10
153
296
562
979
1124
950
725
748
865
895
804
468
160
77
183
163
-72
-319
-465
-421
-349
-340
-694
-910
-646
-423
-284
-500
-662
-494
-271
-6
46
13
16
187
371
453
511
455
440
404
419
439
397
313
163
54
52
129
136
89
121
295
504
871
1096
1383
1312
358
360
1078
1450
1026
-19
-491
-589
-229
-88
-886
-1687
-1920
-1540
-1281
-1265
-1424
-1641
-1401
-1067
-652
-356
-229
-108
-35
219
496
851
964
725
607
666
847
860
710
423
155
205
311
254
0
-210
-262
-246
-192
-236
-481
-763
-620
-268
-185
-452
-669
-501
-242
12
91
-80
-164
47
352
443
388
321
266
286
375
412
370
215
47
38
77
124
119
73
95
297
536
884
1101
1338
1555
649
334
1076
1535
1264
213
-393
-547
-260
-39
-742
-1662
-2083
-1719
-1378
-1339
-1555
-1873
-1630
-1222
-794
-490
-398
-288
-127
185
466
808
959
777
709
803
942
939
842
617
336
313
393
322
91
-101
-225
-244
-197
-200
-432
-805
-822
-475
-167
-406
-775
-736
-480
-80
111
-79
-302
-148
308
509
421
278
196
301
460
497
386
225
149
185
188
167
170
158
208
386
583
838
1078
1263
1638
954
227
834
1416
1411
442
-403
-614
-469
-61
-569
-1552
-2130
-1898
-1397
-1307
-1488
-1872
-1704
-1207
-800
-483
-379
-239
-59
258
539
800
983
887
834
857
933
937
852
645
321
261
341
231
16
-152
-291
-341
-297
-282
-473
-841
-939
-558
-172
-377
-785
-814
-514
-65
147
-60
-309
-147
322
573
493
305
247
327
518
594
407
281
217
191
186
171
198
103
71
198
418
615
886
1062
1284
1416
521
297
1038
1420
987
-62
-533
-602
-274
-171
-1015
-1866
-2029
-1562
-1286
-1334
-1642
-1816
-1348
-897
-586
-393
-252
-61
173
482
701
922
981
902
884
880
908
859
699
392
200
275
207
0
-169
-303
-390
-370
-328
-358
-623
-853
-721
-415
-177
-428
-714
-611
-291
124
217
-33
-167
105
466
616
562
378
293
420
577
519
351
235
161
124
157
146
39
-13
46
234
421
559
830
938
1336
1139
228
523
1188
1353
623
-260
-478
-456
-113
-400
-1238
-1816
-1755
-1306
-1212
-1335
-1675
-1526
-1010
-783
-534
-339
-150
-8
246
477
611
808
806
788
688
639
710
661
481
204
160
155
63
-25
-130
-289
-392
-247
-214
-321
-569
-764
-481
-94
-142
-519
-649
-401
2
240
61
-202
-115
256
521
514
324
153
235
472
498
335
216
151
113
156
179
97
10
51
179
381
551
746
924
1089
1453
829
250
847
1323
1139
218
-401
-492
-311
-160
-802
-1579
-1865
-1584
-1243
-1262
-1522
-1702
-1287
-890
-700
-428
-238
-110
70
369
559
714
860
803
717
690
762
777
575
301
179
247
178
24
-100
-251
-322
-240
-194
-307
-430
-675
-657
-234
-85
-366
-662
-568
-179
168
131
-162
-208
71
423
527
402
184
165
408
492
401
270
183
125
139
197
131
48
44
128
286
493
641
838
961
1297
1149
298
505
1158
1260
562
-284
-442
-384
-158
-452
-1256
-1721
-1650
-1257
-1164
-1355
-1604
-1383
-931
-786
-529
-286
-172
-61
219
478
566
729
739
646
615
691
748
561
303
182
261
248
74
-91
-172
-206
-203
-217
-314
-368
-552
-583
-375
-190
-216
-525
-559
-279
54
151
-27
-122
-30
307
538
456
241
163
342
465
444
311
176
131
168
197
120
60
26
94
238
424
555
716
872
1119
1306
610
348
945
1223
872
44
-356
-338
-201
-295
-917
-1466
-1610
-1343
-1126
-1246
-1515
-1463
-1042
-847
-678
-403
-287
-203
57
350
428
536
628
586
581
632
678
527
322
240
299
317
134
-45
-114
-109
-149
-161
-231
-322
-365
-503
-444
-208
-157
-423
-577
-361
-53
133
25
-180
-152
173
461
398
187
68
199
419
427
273
132
127
149
205
235
129
113
191
347
545
669
860
935
1193
1175
597
601
1021
1154
608
-39
-270
-294
-199
-516
-1109
-1499
-1519
-1310
-1246
-1401
-1609
-1384
-1034
-922
-725
-466
-324
-241
58
323
415
557
600
559
592
715
719
534
354
302
390
390
214
-10
-132
-72
-3
-100
-235
-292
-424
-466
-299
-197
-295
-492
-497
-297
-75
62
-73
-226
-100
200
382
292
142
100
277
428
378
290
207
173
213
293
271
186
197
261
414
600
720
860
921
1170
1050
610
679
912
1016
517
-48
-239
-289
-293
-671
-1137
-1462
-1485
-1319
-1317
-1450
-1560
-1336
-1074
-893
-686
-496
-325
-198
63
312
454
529
560
580
576
691
708
523
341
272
303
309
240
-32
-188
-128
-71
-78
-216
-321
-434
-409
-268
-207
-276
-417
-406
-254
-79
-12
-56
-111
-54
149
329
315
212
229
313
377
399
339
273
258
270
302
291
265
303
381
508
602
771
837
1015
1000
634
742
819
854
595
116
-100
-203
-241
-597
-961
-1245
-1339
-1269
-1306
-1385
-1457
-1261
-1112
-968
-719
-538
-364
-237
-41
100
328
468
465
468
476
576
535
479
362
336
255
112
177
117
26
-128
-184
-89
-74
-114
-283
-328
-254
-154
-121
-244
-289
-224
-97
-46
-54
-16
-9
29
144
231
216
210
251
247
263
323
333
266
224
264
278
305
363
395
465
552
740
771
933
959
527
655
852
732
452
104
-29
-152
-275
-610
-905
-1055
-1188
-1200
-1259
-1309
-1275
-1061
-1027
-1005
-709
-483
-358
-285
-132
25
195
321
318
339
354
425
407
285
206
232
344
190
8
-5
80
133
12
-105
-104
19
-44
-137
-89
-57
-94
-158
-127
-94
-14
-8
-101
-77
51
181
170
93
104
243
332
300
239
232
273
294
310
271
241
258
318
340
381
479
564
587
608
851
765
564
668
684
554
338
224
55
-175
-350
-597
-712
-866
-1064
-1121
-1170
-1191
-1081
-961
-1045
-967
-697
-547
-441
-335
-274
-173
10
82
104
151
151
187
182
141
150
219
236
120
34
101
223
212
126
39
71
171
113
27
9
38
-10
-63
-26
-38
-31
-17
-47
-30
49
141
120
64
120
242
286
222
221
255
269
298
326
315
327
388
404
472
521
571
597
690
748
531
590
704
572
319
156
120
29
-183
-529
-650
-741
-860
-944
-1061
-1135
-1119
-964
-962
-917
-798
-697
-548
-457
-348
-240
-105
-47
-15
70
132
168
173
175
147
180
210
221
234
179
129
133
196
237
175
95
45
34
106
132
12
-81
-42
-1
8
-5
-11
20
27
78
143
206
213
172
200
268
322
304
296
284
308
383
387
366
361
445
476
497
487
561
642
383
351
500
491
242
-39
-77
-88
-162
-416
-656
-754
-764
-761
-836
-980
-1020
-824
-793
-828
-738
-616
-488
-444
-413
-316
-169
-143
-103
-28
-1
53
73
79
111
152
159
172
137
142
261
254
139
96
143
225
177
32
1
81
100
-1
-6
45
52
74
76
111
156
205
231
217
230
286
345
323
310
340
380
408
404
420
448
465
452
484
517
510
582
435
251
359
407
234
-2
-94
-145
-234
-379
-541
-622
-685
-777
-784
-813
-870
-787
-784
-809
-672
-542
-587
-571
-417
-302
-218
-228
-212
-99
23
41
7
35
78
150
165
144
128
165
203
122
94
138
156
129
59
-26
23
157
132
3
-24
76
168
183
149
147
211
264
284
291
288
326
381
378
374
412
429
404
425
470
427
402
418
445
420
437
358
162
220
259
167
-31
-177
-200
-213
-309
-502
-544
-597
-644
-633
-693
-739
-688
-652
-680
-587
-538
-541
-486
-426
-349
-273
-267
-275
-162
-80
-42
-34
-44
5
90
96
47
78
99
107
84
81
101
111
107
85
85
100
183
193
120
101
179
278
265
198
187
263
316
328
314
305
376
430
392
376
419
455
460
425
388
389
403
383
336
315
238
111
116
149
50
-126
-202
-217
-214
-274
-430
-485
-502
-521
-531
-551
-600
-575
-546
-581
-523
-478
-461
-435
-417
-377
-288
-266
-283
-217
-153
-107
-85
-84
-75
5
71
62
41
53
106
123
117
115
121
128
143
144
151
190
183
148
175
236
257
257
238
264
331
368
360
338
352
404
440
399
358
358
393
374
325
322
308
287
237
235
197
103
84
44
-24
-87
-134
-188
-269
-328
-345
-358
-463
-498
-451
-485
-493
-478
-495
-481
-426
-436
-433
-391
-371
-324
-309
-316
-242
-177
-181
-149
-118
-97
-27
1
-13
28
70
76
89
92
113
147
146
146
168
167
174
212
215
208
219
246
275
287
313
329
323
338
395
415
363
339
356
380
360
285
245
257
264
232
176
126
137
143
50
-7
4
-38
-122
-155
-179
-241
-294
-340
-384
-400
-372
-390
-464
-489
-428
-368
-388
-421
-425
-383
-330
-300
-307
-311
-275
-201
-160
-167
-128
-78
-50
-33
11
47
58
56
60
96
116
113
91
98
128
159
150
129
165
216
247
253
282
305
322
351
373
384
365
354
344
335
321
300
257
198
183
196
183
131
96
96
105
89
52
26
-10
-57
-76
-99
-165
-223
-257
-300
-334
-355
-395
-426
-437
-425
-400
-407
-409
-386
-351
-305
-267
-261
-243
-189
-147
-101
-61
-59
-38
15
47
67
79
77
86
106
116
124
124
110
115
127
134
146
147
154
185
196
193
226
250
251
262
269
269
271
271
255
238
223
213
200
168
155
157
150
134
104
78
78
76
30
-24
-48
-58
