39
21
-46
-64
-3
15
9
4
11
4
7
-3
7
13
-1
-13
2
29
-8
-53
-43
-10
-16
-6
26
10
10
10
29
38
50
30
-19
-51
-90
-96
-66
-14
14
7
-14
-15
-12
7
29
23
7
-40
-40
-21
-32
-23
-21
-4
22
13
39
70
68
47
15
15
10
-15
-36
-47
-77
-106
-92
-77
-52
-8
31
37
35
43
39
52
53
-1
-33
-33
-57
-84
-62
-51
-52
-64
-71
-88
-110
-111
-147
-136
-133
-140
-138
-140
-138
-114
-114
-119
-103
-79
-56
-40
-41
-24
-33
-20
-19
-61
-109
-148
-157
-146
-100
-72
-63
-51
-32
-3
2
8
27
13
30
30
19
14
-2
16
11
9
-11
-2
13
29
30
58
43
34
26
-9
-20
-9
-20
-8
31
60
47
83
104
97
105
95
63
33
24
12
5
46
55
51
51
77
52
22
72
98
76
61
34
14
16
16
-10
-19
10
36
31
88
124
128
144
144
154
91
52
13
-23
-36
-12
11
19
39
34
17
51
58
79
119
112
78
42
114
130
134
97
-2
-44
4
27
14
-36
-10
28
102
149
131
75
30
24
34
36
-28
-36
-26
-47
-61
-34
-1
21
46
113
167
185
146
64
47
35
24
-40
-63
-48
-42
-16
54
81
41
38
33
4
-9
-8
4
21
27
24
-4
-49
11
55
82
106
82
78
13
14
32
11
-66
-88
-73
-60
-12
-27
-1
58
116
116
61
70
104
94
104
126
73
14
-22
-31
-28
-41
-8
8
63
38
2
23
57
66
57
78
67
71
44
13
47
77
69
77
90
65
39
15
53
89
51
-38
-94
-22
73
47
35
91
102
47
26
3
-22
-8
7
-10
40
109
138
185
154
71
-10
-99
-137
-134
-116
-84
-98
-78
16
74
109
62
55
68
119
130
141
148
64
27
-55
-125
-153
-180
-172
-176
-112
-42
35
76
45
43
-5
-48
-76
-68
-64
-44
36
26
42
20
-59
-60
-34
-19
-17
-8
-35
-43
-62
-51
-64
-64
-89
-170
-154
-121
-90
-94
-74
-34
-59
-51
-113
-179
-275
-302
-269
-286
-231
-194
-199
-158
-152
-100
-136
-106
-85
-76
-34
-77
-16
-25
-62
-118
-183
-203
-236
-226
-148
-23
61
86
111
107
39
-79
-201
-175
-197
-230
-227
-170
-104
-85
-34
57
192
263
307
341
299
188
115
42
-51
-134
-265
-347
-377
-328
-222
-76
103
213
290
304
323
308
271
214
129
17
-170
-313
-411
-392
-336
-269
-171
-78
-37
9
105
184
240
255
247
139
2
-129
-231
-281
-343
-346
-331
-263
-151
-85
0
68
157
230
224
165
136
116
4
-58
-75
-131
-257
-307
-231
-185
-125
-43
61
119
208
252
224
194
100
116
122
71
-22
-122
-170
-239
-218
-149
-133
-107
-16
104
231
284
194
108
70
62
111
167
176
133
20
-28
-60
-69
-92
-200
-213
-171
-98
61
104
168
161
132
176
199
213
165
112
114
50
23
-59
-99
-79
-119
-15
97
156
234
210
204
185
89
70
-2
-51
-74
-120
2
82
103
109
51
77
104
118
154
120
94
63
96
95
-39
-157
-197
-185
-136
-101
-80
-85
-54
5
24
133
147
91
71
152
237
247
185
164
47
-110
-236
-285
-243
-320
-329
-270
-212
-88
-16
142
234
289
314
268
271
191
69
19
-113
-264
-422
-446
-312
-233
-151
-72
56
176
310
330
289
207
96
34
-36
-78
-198
-248
-230
-185
-172
-153
-180
-154
-126
-34
149
247
315
275
248
193
91
44
-125
-202
-263
-298
-192
-106
39
104
147
202
199
268
220
108
57
-24
-77
-100
-81
-158
-246
-165
9
58
89
85
67
108
141
182
78
-24
-51
-138
-126
-112
-140
-134
-115
-22
85
195
171
115
-15
-91
-121
-167
-170
-218
-177
-32
16
52
163
196
191
228
211
161
58
-22
-36
-97
-133
-278
-345
-371
-313
-121
-13
126
223
231
351
402
388
263
-23
-153
-282
-371
-365
-308
-272
-271
-162
-45
125
267
170
178
95
-6
21
-66
-35
-93
-253
-174
-82
11
80
72
155
105
146
124
-38
-141
-265
-106
-9
14
25
-93
-28
-29
-8
98
68
76
40
131
230
171
108
-34
-103
-133
-145
-168
-188
-132
-85
-12
19
53
64
59
52
61
58
60
-9
-54
-94
-102
-87
-54
1
-24
-46
-104
-119
-6
62
75
87
60
80
51
-8
-14
-67
-86
-54
-55
-27
-24
-34
-122
-35
47
27
-1
-51
-97
-101
-47
-6
7
33
30
43
117
134
100
-31
-74
-7
-11
46
47
16
20
-1
33
102
35
13
-2
-8
58
101
138
190
90
99
101
16
41
42
61
78
-26
-49
-37
-71
-26
-21
-32
-18
-92
-69
-10
-51
-65
83
22
21
21
-63
35
7
64
15
-53
3
-65
-6
-33
-73
-133
-239
-213
-221
-188
-38
36
95
114
166
182
98
66
-73
-133
-143
-156
-78
-111
-56
-37
-42
23
68
70
111
182
119
142
168
108
68
31
-55
-33
-100
-135
-129
-105
-69
-58
10
43
93
128
93
33
8
-29
-57
-29
-29
-42
-8
-67
-33
-20
-54
-52
-91
-58
-14
80
181
201
197
183
126
79
31
19
-16
19
90
156
177
149
144
121
137
134
133
129
154
174
201
194
154
105
60
50
63
86
85
110
82
70
77
63
51
28
-34
-116
-119
-18
30
31
5
-103
-197
-260
-328
-374
-453
-526
-508
-463
-366
-227
-259
-317
-323
-407
-367
-353
-460
-408
-417
-392
-272
-235
-117
-96
-118
-47
-97
-144
-139
-210
-199
-155
-189
-123
-61
-108
-40
-56
-50
35
-9
20
27
21
47
17
91
183
283
420
546
645
729
786
812
822
800
731
709
634
583
559
522
526
487
437
425
405
421
443
468
478
495
516
502
495
466
414
338
269
217
152
76
6
-69
-132
-201
-299
-408
-530
-572
-611
-495
-488
-611
-592
-663
-838
-908
-1060
-1127
-1125
-1238
-1309
-1391
-1353
-1273
-1069
-1008
-857
-859
-873
-914
-999
-1001
-1032
-1041
-946
-863
-840
-765
-419
206
1222
2288
2830
3073
2887
2377
1774
1045
464
-14
-473
-681
-581
-321
-58
142
352
483
646
888
1241
1488
1671
1731
1654
1531
1288
926
568
202
13
-68
-57
50
109
150
203
264
394
503
578
637
651
596
502
366
180
-25
-220
-372
-460
-513
-497
-513
-606
-681
-861
-1000
-1010
-1052
-1089
-1179
-1342
-1414
-1644
-1764
-1667
-1667
-1670
-1551
-1668
-1540
-1473
-1517
-1466
-1430
-1495
-1344
-930
-228
557
1843
3188
3922
4052
3591
2798
1849
640
-461
-1034
-1402
-1664
-1521
-1164
-837
-649
-570
-325
35
408
1029
1690
2236
2716
2907
2884
2721
2201
1420
520
-294
-853
-1103
-1121
-929
-699
-495
-255
54
391
722
974
1217
1417
1455
1416
1249
877
411
-79
-476
-734
-810
-770
-669
-497
-339
-236
-201
-283
-506
-810
-1121
-1359
-1481
-1519
-1528
-1474
-1479
-1507
-1480
-1682
-1785
-1892
-1981
-2073
-2060
-2091
-2058
-1945
-1815
-1365
-526
265
1690
3569
4625
4975
4490
3514
2452
1044
-401
-1164
-1679
-2191
-2287
-1970
-1537
-1227
-1181
-971
-460
-10
670
1518
2243
2894
3386
3645
3620
3116
2322
1296
191
-759
-1422
-1753
-1759
-1564
-1261
-861
-412
50
530
957
1339
1664
1827
1846
1667
1333
874
295
-207
-617
-903
-994
-903
-688
-445
-215
-64
-48
-167
-373
-642
-926
-1207
-1423
-1638
-1605
-1488
-1623
-1551
-1520
-1657
-1719
-1837
-1928
-2064
-2211
-2480
-2584
-2432
-2291
-1594
-484
1113
3751
5422
6023
5728
4560
3154
1546
-314
-1401
-1898
-2469
-2777
-2347
-1849
-1600
-1615
-1654
-1162
-611
77
1118
2220
3088
3706
4199
4345
4035
3106
1759
612
-471
-1359
-1744
-1940
-1969
-1845
-1626
-1161
-533
67
643
1211
1727
2127
2307
2200
1909
1329
623
-32
-617
-1001
-1170
-1182
-1010
-692
-358
-181
-124
-228
-451
-708
-899
-1064
-1336
-1458
-1550
-1646
-1507
-1567
-1661
-1559
-1726
-1795
-1980
-2290
-2526
-2761
-2864
-2685
-2112
-1098
649
3744
5842
6678
6409
5185
3655
1844
-351
-1641
-2119
-2654
-3033
-2555
-1866
-1570
-1738
-1997
-1615
-1088
-532
516
1816
3022
3927
4602
5221
5139
4216
2846
1337
-62
-1194
-2008
-2402
-2501
-2527
-2333
-1761
-984
-176
572
1304
2061
2615
2916
2924
2551
1851
927
-45
-837
-1425
-1814
-1924
-1767
-1447
-1074
-754
-584
-643
-937
-1073
-1319
-1555
-1460
-1444
-1560
-1408
-1365
-1442
-1397
-1601
-1992
-2177
-2427
-2732
-2716
-2472
-1871
-835
2198
5159
6431
6633
5727
4204
2625
373
-1468
-2007
-2405
-3111
-2930
-1966
-1319
-1357
-1761
-1647
-1105
-786
-143
1022
2283
3252
3883
4504
4859
4162
2609
1249
589
-176
-686
-1001
-1356
-1719
-2042
-2127
-1642
-1036
-517
120
1033
1981
2613
2887
2822
2379
1548
700
-15
-640
-1114
-1390
-1455
-1225
-984
-839
-793
-875
-1096
-1163
-1259
-1320
-1268
-1480
-1527
-1493
-1444
-1366
-1425
-1547
-1705
-2111
-2304
-2618
-2802
-2877
-2564
-1984
78
3948
6162
7048
6788
5393
3790
1832
-744
-1995
-2334
-3035
-3500
-2617
-1606
-1275
-1607
-1977
-1507
-1026
-699
253
1696
2987
3905
4595
5350
5261
3902
2019
644
-177
-867
-1109
-1143
-1357
-1714
-1998
-1871
-1328
-819
-339
424
1470
2379
2944
3103
2786
1989
928
-3
-685
-1223
-1545
-1592
-1428
-1107
-895
-863
-941
-1212
-1566
-1657
-1693
-1663
-1608
-1441
-1314
-1277
-1288
-1340
-1464
-1617
-1900
-2312
-2505
-2650
-2581
-1973
-490
2959
5460
6405
6314
5213
3653
1994
-357
-1889
-2158
-2570
-3206
-2695
-1693
-1220
-1347
-1695
-1403
-803
-525
68
1296
2637
3567
4175
4766
4897
3705
1877
455
-358
-796
-879
-819
-673
-868
-1291
-1370
-1053
-754
-464
26
923
1905
2532
2781
2681
2046
1077
111
-567
-965
-1255
-1318
-1143
-850
-665
-660
-844
-1108
-1508
-1757
-1709
-1704
-1586
-1495
-1397
-1298
-1158
-1258
-1426
-1655
-2023
-2421
-2647
-2679
-2670
-2089
-1146
1832
5007
6362
6580
5724
4091
2476
329
-1641
-2174
-2307
-3024
-2971
-1993
-1317
-1289
-1636
-1632
-1014
-619
-183
881
2360
3511
4203
4816
5149
4328
2533
982
-30
-528
-858
-1135
-1047
-909
-1141
-1204
-938
-663
-434
-52
735
1800
2544
2772
2618
2045
1121
74
-776
-1217
-1444
-1512
-1290
-963
-755
-844
-1076
-1509
-1876
-2069
-2359
-2165
-1814
-1719
-1475
-1183
-1128
-1078
-1285
-1649
-2091
-2366
-2628
-2330
-1691
-48
3551
5722
6347
6053
4648
2931
1238
-1166
-2543
-2475
-2672
-3189
-2455
-1427
-1050
-1166
-1446
-1106
-471
-238
324
1611
2993
3808
4347
4877
4431
3010
1032
-188
-632
-1117
-1180
-991
-789
-591
-658
-680
-377
-291
-314
182
1160
2021
2611
2715
2452
1811
748
-200
-825
-1247
-1349
-1184
-822
-396
-259
-400
-723
-1080
-1594
-1940
-2217
-2243
-2079
-1953
-1671
-1407
-1239
-1247
-1460
-1745
-2163
-2581
-2811
-2817
-2151
-1148
1902
5337
6711
6925
5964
4070
2220
34
-2174
-2810
-2699
-3247
-3220
-2130
-1375
-1244
-1507
-1522
-919
-459
-36
998
2544
3826
4450
5019
5157
4087
2298
538
-204
-646
-1123
-1346
-1301
-1195
-1093
-1007
-657
-301
-185
20
826
1889
2608
2831
2577
1977
1029
-110
-919
-1372
-1571
-1497
-1206
-739
-462
-547
-840
-1313
-1809
-2161
-2445
-2434
-2223
-2008
-1694
-1459
-1100
-1162
-1455
-1767
-2211
-2583
-2660
-2080
-1248
1588
5062
6367
6681
5955
4073
2247
176
-2146
-2892
-2726
-3211
-3239
-2138
-1363
-1240
-1371
-1397
-841
-369
0
966
2497
3818
4391
4720
4784
3704
1899
227
-611
-957
-1038
-1087
-1012
-722
-660
-717
-434
-138
-53
146
798
1737
2462
2725
2499
1931
1030
-44
-874
-1299
-1436
-1323
-1033
-557
-162
-97
-358
-770
-1309
-1797
-2114
-2362
-2325
-2019
-1832
-1636
-1263
-1371
-1636
-1845
-2179
-2614
-2645
-2658
-2145
-1102
1854
5308
6819
7114
6170
4196
2256
124
-2135
-2817
-2705
-3278
-3379
-2377
-1623
-1431
-1527
-1512
-977
-432
44
1082
2744
4106
4701
4998
4975
3844
2057
328
-457
-654
-985
-1237
-1243
-1171
-1125
-1055
-803
-389
-62
238
1014
2093
2828
2950
2567
1876
918
-148
-995
-1401
-1510
-1412
-1203
-826
-455
-405
-627
-911
-1356
-1662
-1987
-2272
-2118
-1947
-1828
-1557
-1357
-1305
-1496
-1872
-2261
-2592
-2730
-2629
-1971
-908
2533
5721
6782
6922
5853
3805
2000
-264
-2351
-2702
-2636
-3440
-3328
-2185
-1551
-1443
-1515
-1404
-790
-369
82
1287
3029
4232
4663
4947
4799
3513
1734
225
-404
-610
-936
-1203
-1160
-1073
-1120
-1109
-786
-377
-81
353
1244
2271
2913
2941
2460
1762
835
-220
-922
-1229
-1330
-1219
-1035
-702
-412
-444
-665
-937
-1361
-1646
-1845
-2284
-2136
-1831
-1808
-1726
-1438
-1634
-1850
-2003
-2291
-2585
-2492
-2626
-2197
-1234
1944
5407
6818
7126
6202
4189
2306
204
-1961
-2599
-2600
-3465
-3625
-2547
-1774
-1541
-1494
-1440
-942
-494
-72
1007
2793
4147
4695
4985
4942
3847
2035
521
-423
-653
-852
-1306
-1335
-1137
-1230
-1149
-756
-346
-10
343
1063
2128
2871
3013
2629
1893
1021
19
-790
-1122
-1238
-1219
-1022
-726
-389
-277
-477
-747
-1020
-1366
-1650
-1753
-1938
-1961
-1845
-1832
-1665
-1585
-1788
-1952
-2160
-2356
-2581
-2671
-2823
-2335
-1613
932
4914
6741
7188
6549
4703
2787
936
-1398
-2497
-2467
-3286
-3903
-2909
-1858
-1492
-1468
-1568
-1258
-834
-512
383
2220
3846
4644
5008
5152
4539
2834
1095
136
-315
-741
-1119
-1313
-1212
-1129
-1249
-1106
-630
-294
20
769
1866
2778
3086
2802
2197
1332
345
-491
-980
-1124
-1143
-1086
-861
-562
-467
-596
-815
-1131
-1368
-1555
-1650
-1649
-1619
-1689
-1631
-1532
-1615
-1731
-1923
-2214
-2330
-2445
-2658
-2668
-2522
-2025
-949
2630
5669
6742
6827
5674
3880
2345
272
-1611
-1998
-2349
-3578
-3550
-2422
-1648
-1481
-1623
-1587
-1199
-934
-469
879
2779
4034
4569
4816
4917
3964
2260
797
-31
-763
-1148
-1333
-1381
-1065
-1076
-1271
-869
-385
-201
163
945
1876
2628
2838
2646
2193
1431
556
-186
-575
-687
-785
-819
-640
-424
-375
-486
-663
-796
-886
-926
-798
-722
-649
-897
-1397
-1561
-1799
-2003
-2050
-2134
-2141
-2223
-2404
-2639
-2733
-2887
-3048
-2946
-2396
-1052
2795
5755
7081
7339
6230
4538
2850
506
-1407
-1821
-2381
-3584
-3406
-2432
-1794
-1740
-2043
-2106
-1853
-1650
-1047
595
2696
4088
4799
5226
5390
4554
3004
1752
1050
202
-741
-1337
-1526
-1497
-1570
-1737
-1526
-1115
-820
-308
712
1912
2720
2915
2796
2488
1828
945
199
-363
-741
-1067
-1252
-1112
-860
-804
-857
-931
-1030
-1040
-1131
-1151
-1027
-1138
-1314
-1450
-1551
-1586
-1586
-1677
-1734
-1859
-2129
-2386
-2580
-2820
-2882
-2907
-2468
-1878
721
4112
5792
6595
6196
5033
3743
2068
100
-788
-1107
-2352
-3013
-2488
-1840
-1621
-1806
-1989
-1976
-1946
-1758
-809
910
2439
3491
4147
4702
4713
3883
2904
2242
1312
304
-372
-868
-1024
-1145
-1583
-1903
-1849
-1690
-1399
-602
429
1402
2063
2389
2529
2437
2088
1523
938
523
155
-175
-402
-447
-505
-705
-958
-1174
-1269
-1280
-1193
-943
-586
-354
-269
-294
-452
-819
-1224
-1539
-1754
-1882
-2028
-2202
-2236
-2314
-2506
-2666
-2897
-3083
-3161
-3047
-2458
-1353
1619
4377
5886
6496
6094
5252
4179
2583
991
236
-553
-1945
-2462
-2183
-1766
-1804
-2145
-2389
-2408
-2397
-2161
-1247
182
1504
2425
3197
4068
4476
4104
3750
3401
2582
1787
956
223
-128
-703
-1506
-1953
-2050
-2095
-1943
-1449
-663
132
700
1230
1685
1970
2039
1808
1579
1448
1149
765
482
268
25
-351
-776
-1151
-1409
-1584
-1655
-1556
-1284
-1052
-884
-680
-654
-627
-720
-960
-1137
-1280
-1482
-1648
-1753
-1879
-2039
-2116
-2253
-2334
-2414
-2529
-2557
-2293
-1744
-363
1576
3060
4051
4429
4432
4236
3697
2863
2156
1566
667
-119
-480
-532
-534
-808
-1202
-1530
-1807
-2018
-2046
-1754
-1225
-582
-41
590
1403
2068
2461
2530
2405
2205
1969
1629
1252
901
441
-77
-557
-913
-1136
-1338
-1477
-1468
-1274
-1012
-777
-592
-487
-456
-511
-586
-627
-631
-658
-731
-799
-842
-899
-1040
-1213
-1361
-1491
-1576
-1597
-1547
-1428
-1270
-1115
-968
-820
-764
-783
-744
-761
-731
-655
-596
-531
-511
-497
-461
-438
-417
-388
-361
-345
-331
-323
-312
-267
-223
-186
-92
-43
-38
0
85
201
273
257
205
152
98
70
68
75
89
117
152
140
117
77
50
38
38
67
137
220
275
314
357
388
414
421
469
557
616
644
667
715
768
825
897
974
1025
1034
982
895
788
673
583
538
525
524
528
530
540
521
480
457
446
429
406
386
371
379
399
409
429
449
459
459
458
461
456
473
493
506
520
532
543
559
557
526
496
466
426
386
357
351
362
380
385
415
452
480
481
455
423
381
338
305
281
244
210
184
158
144
131
127
133
130
118
107
105
130
168
216
268
301
303
292
272
252
227
185
131
87
64
49
46
62
81
95
106
101
100
102
113
114
116
120
102
76
63
66
77
91
100
98
77
40
-10
-50
-48
-26
-1
22
53
76
84
67
38
7
-34
-93
-151
-179
-169
-148
-120
-84
-58
-47
-45
-39
-17
7
29
34
40
46
31
-5
-33
-56
-77
-100
-132
-163
-187
-216
-236
-233
-202
-168
-120
-60
-4
44
78
100
99
62
5
-58
-91
-107
-117
-112
-89
-73
-83
-106
-114
-110
-92
-62
-30
13
52
63
59
62
47
11
-25
-42
-53
-50
-49
-55
-52
-55
-69
-68
-48
-10
30
63
75
73
58
47
40
9
-15
-32
-35
-26
-19
-17
-13
-24
-45
-64
-69
-70
-61
-50
-30
-9
-1
5
20
23
15
-4
-33
-48
-61
-75
-80
-80
-91
-109
-118
-120
-102
-82
-61
-43
-44
-50
-45
-33
-24
-23
-39
-55
-74
-100
-115
-105
-91
-79
-53
-33
-17
-7
-14
-22
-21
-21
-30
-28
-20
-9
-7
-7
-10
-17
-26
-42
-53
-58
-64
-64
-54
-41
-34
-19
-3
13
30
43
53
54
36
-1
-15
-21
-21
-10
2
25
47
53
48
49
37
7
-27
-48
-48
-48
-35
-2
32
60
71
67
65
52
17
-21
-33
-41
-52
-51
-41
-11
3
-2
-14
-28
-34
-53
-81
-96
-91
-83
-67
-40
-11
16
21
10
-11
-21
-27
-30
-27
-18
-11
-9
-6
-12
-24
-38
-46
-47
-42
-37
-38
-38
-46
-63
-83
-92
-79
-49
-24
7
37
54
55
50
33
25
10
-10
-11
-7
-3
15
10
-1
-7
-14
-18
-22
-23
-24
-22
-15
2
12
19
33
50
71
99
101
88
76
57
40
21
10
10
14
17
21
24
14
-20
-61
-94
-98
-88
-81
-59
-19
18
33
27
5
-24
-43
-50
-30
0
14
13
18
15
5
-13
-32
-42
-46
-53
-48
-28
-23
-44
-73
-90
-93
-86
-71
-39
-8
1
-6
-17
-27
-49
-74
-70
-45
-27
-19
-3
22
36
27
18
7
-6
-15
-16
-7
16
33
36
26
15
1
-19
-33
-50
-57
-51
-33
-17
6
27
49
73
88
91
81
56
30
26
38
48
55
53
43
34
15
-10
-39
-66
-85
-88
-75
-42
-10
17
30
33
22
9
-14
-21
-24
-27
-20
-8
5
-1
-15
-35
-46
-44
-33
-27
-11
4
-3
-4
-5
-9
-21
-33
-34
-34
-38
-43
-43
-37
-21
-13
-11
-10
-9
-2
6
16
27
32
35
27
30
40
42
41
25
5
-23
-49
-64
-69
-57
-45
-31
-13
3
10
21
27
33
38
35
42
48
47
53
56
48
25
-13
-37
-51
-54
-49
-32
-9
-3
-3
-4
8
9
4
-6
-22
-34
-37
-41
-40
-31
-27
-25
-4
10
20
28
24
15
3
-11
-23
-27
-32
-37
-40
-44
-37
-34
-25
-20
-23
-27
-33
-14
8
26
48
59
60
50
41
37
25
13
-17
-35
-44
-48
-41
-24
0
13
14
1
-9
-25
-27
-18
-8
8
12
13
12
4
-1
-2
-6
-7
-23
-25
-26
-17
-15
-20
-16
-20
-20
-17
-13
-7
0
9
8
-2
-24
-40
-49
-49
-47
-46
-37
-23
-4
5
17
24
27
21
28
44
47
44
37
22
3
-24
-48
-52
-60
-62
-61
-50
-24
1
17
30
46
57
60
58
56
48
36
20
9
9
0
-5
-8
-5
-12
-19
-34
-51
-61
-58
-44
-28
-18
-10
2
4
5
3
-5
-20
-40
-56
-51
-49
-50
-57
-53
-54
-54
-51
-42
-35
-23
-8
2
18
25
23
23
28
23
14
14
6
-3
-19
-34
-41
-34
-24
-6
24
46
60
67
64
66
58
40
32
27
18
10
13
16
21
19
18
17
26
34
38
41
42
39
30
25
28
33
42
59
67
71
60
38
10
-14
-32
-42
-38
-24
-8
-7
-9
-10
-20
-29
-43
-56
-50
-41
-36
-18
-5
2
-8
-23
-53
-83
-97
-97
-91
-74
-57
-42
-33
-21
-10
-3
-5
-11
-7
-3
2
-2
3
7
2
-4
-3
1
5
6
8
17
19
10
6
5
7
16
15
18
31
31
24
19
15
14
15
16
20
26
29
30
29
30
38
40
43
37
27
20
2
-4
2
12
30
44
52
47
32
17
-4
-28
-52
-64
-71
-73
-59
-48
-33
-18
-14
-22
-34
-49
-61
-65
-61
-51
-44
-31
-21
-20
-23
-31
-35
-44
-50
-53
-46
-40
-35
-34
-31
-27
-25
-23
-18
-13
-11
-6
-3
3
3
4
7
12
25
40
51
62
64
53
40
32
26
13
3
1
-1
5
6
16
31
41
53
64
71
67
67
62
53
51
50
52
52
52
42
31
11
-8
-28
-34
-30
-24
-22
-20
-15
-13
-4
2
0
-4
-5
-19
-27
-34
-44
-59
-67
-66
-68
-66
-65
-63
-57
-60
-59
-51
-53
-47
-43
-29
-6
3
12
17
11
1
-17
-34
-44
-55
-61
-57
-41
-19
-5
9
24
31
35
34
36
37
41
44
44
43
37
23
9
4
-2
-8
-2
5
9
14
22
31
37
47
55
59
62
57
46
35
22
8
3
-2
-5
-2
-15
-18
-16
-17
-13
-10
-1
3
5
8
5
-2
-11
-20
-37
-47
-56
-55
-47
-43
-30
-27
-23
-28
-36
-44
-56
-55
-48
-31
-20
-10
-2
0
3
3
-10
-13
-20
-25
-26
-19
-7
-4
-1
5
11
7
12
19
23
16
13
15
14
19
28
30
28
28
28
28
34
37
30
36
40
46
41
29
21
14
8
0
5
11
10
12
8
0
-5
-16
-27
-18
-7
10
27
41
52
55
41
26
17
-2
-22
-30
-28
-30
-29
-21
-13
-17
-22
-24
-32
-37
-41
-38
-31
-23
-15
-14
-1
2
-1
1
4
4
0
7
18
18
14
16
18
25
31
32
33
26
15
7
-1
-11
-16
-24
-28
-26
-27
-27
-23
-11
-5
4
12
23
35
37
43
38
37
34
25
16
14
10
0
-4
-13
-25
-32
-37
-36
-30
-27
-24
-14
-1
8
20
35
41
40
34
24
18
18
9
8
13
15
23
28
33
33
24
16
14
4
-4
-10
-11
-8
-8
-11
-7
-3
-5
-8
-8
-3
-7
-3
7
18
21
24
23
25
27
33
34
36
27
13
1
-17
-24
-26
-34
-30
-23
-16
0
10
13
8
0
-17
-22
-23
-15
-9
-8
-5
1
0
3
8
3
-4
-5
5
6
7
7
4
-2
-5
-3
0
5
3
3
0
2
3
-3
-9
-9
-5
0
12
27
39
40
42
40
39
34
24
23
16
12
10
14
14
11
12
19
22
26
18
13
12
10
9
11
17
17
13
16
14
10
5
0
-2
-6
-13
-11
-10
-8
-5
-2
2
5
-2
-5
-4
-10
-5
-6
-12
-9
-18
-28
-26
-30
-27
-21
-18
-2
4
9
13
7
0
-3
-5
-9
-10
-6
1
7
11
3
-1
1
-4
-8
-10
-4
0
12
23
26
25
19
18
18
16
12
8
4
13
15
18
27
40
46
48
51
50
43
34
28
20
13
5
7
5
2
5
3
-1
-4
-5
-4
0
-2
0
1
0
1
-2
-7
-9
-7
-9
-15
-13
-15
-22
-24
-28
-34
-35
-40
-29
-15
-7
3
6
3
3
2
-11
-23
-21
-18
-17
-12
-9
-8
-11
-15
-23
-26
-32
-30
-21
-10
4
9
12
14
13
13
13
9
7
0
1
6
13
19
28
31
33
37
40
40
40
47
53
48
43
34
28
18
13
13
7
6
4
1
0
0
8
14
11
18
21
29
29
26
16
4
-8
-17
-28
-31
-31
-38
-36
-34
-32
-31
-28
-24
-25
-23
-17
-11
-12
-8
-8
-10
-14
-13
-17
-21
-18
-19
-11
-11
-11
-6
-9
-6
-3
-2
-4
3
8
5
2
1
-3
-6
-8
-14
-14
-9
-5
2
10
17
13
17
16
30
17
37
31
52
14
33
540
345
241
6
-3
-51
67
900
984
856
532
239
8
-125
-112
-83
69
110
-14
-128
-246
-324
-438
-443
-358
-265
-173
-86
-73
-51
-84
-224
-281
-295
-211
-172
-93
-17
44
101
113
61
202
129
27
-49
-28
155
149
132
156
201
144
7
-22
-51
1
-87
-43
-58
-50
-77
-118
-138
-146
-113
-170
-165
-109
-84
-36
-71
-5
50
92
78
80
102
134
150
114
119
123
133
71
57
66
57
43
32
33
5
14
47
8
-5
5
-65
-133
-111
-74
-107
-59
-40
-44
-25
3
-26
-63
-34
-38
-74
-91
-67
-52
-57
-46
-37
-50
-45
-59
-104
-108
-79
-91
-108
-117
-120
-123
-169
-142
-125
-155
-150
-144
-162
-150
-164
-188
-189
-193
-184
-196
-244
-216
-213
-217
-195
-180
-209
-199
-197
-239
-251
-222
-196
-211
-174
-109
-77
-93
-105
-114
-100
-89
-85
-86
-69
-73
-101
-135
-132
-119
-151
-114
-127
-134
-77
-155
-142
-149
-84
-85
-67
-48
6
33
24
-12
-3
-38
-15
7
12
4
20
9
-8
2
24
28
-15
-46
-100
-116
-102
-49
3
44
50
-1
-101
-170
-173
-134
-77
-16
24
-2
-24
-36
-62
-31
25
97
110
112
97
59
13
22
54
137
197
203
199
147
143
147
222
282
299
334
279
231
158
147
177
181
224
182
177
126
78
61
78
130
156
145
129
123
124
119
128
155
169
171
177
182
177
169
153
153
175
202
222
195
140
95
80
102
87
74
67
43
64
34
30
43
40
85
61
64
21
-5
35
35
84
22
77
41
29
10
-25
56
21
63
61
44
33
-63
-24
3
58
39
-60
-111
-161
-176
-158
-91
-97
-138
-204
-234
-216
-158
-96
-70
-84
-118
-145
-169
-158
-130
-109
-104
-54
-67
-67
-159
-72
-63
-16
43
-73
24
-71
-82
-118
-149
-36
-91
-61
-63
-163
-211
-271
-156
-70
-81
-175
-279
-382
-376
-303
-248
-171
-208
-299
-333
-310
-174
-194
-198
-255
-278
-276
-219
-208
-267
-267
-232
-100
-121
-152
-208
-260
-163
-159
-74
-166
-165
-193
-135
-97
-81
-40
-91
-101
-127
-166
-134
-114
-72
-115
-180
-140
-166
-75
-75
-68
-113
-166
-121
-71
-19
-33
-26
-30
-13
-40
-62
28
67
142
104
89
54
-8
84
136
229
223
156
127
90
153
218
278
272
258
191
145
182
209
269
253
250
201
156
188
193
202
183
195
222
176
119
132
141
215
213
188
136
113
135
152
195
236
151
103
105
167
229
138
186
109
102
96
74
125
80
74
4
0
-8
21
2
-14
-21
-77
-92
-75
-29
-87
-47
-107
-62
-135
-83
-41
-64
-64
-231
-135
-113
-66
-54
-169
-188
-234
-218
-176
-114
-259
-246
-379
-307
-203
-201
-140
-338
-315
-367
-285
-173
-219
-302
-400
-370
-231
-85
-164
-157
-44
-70
138
63
307
302
326
387
434
606
570
644
659
728
797
781
786
817
840
830
909
856
802
720
687
775
740
715
562
534
532
494
499
408
386
324
250
327
316
305
210
215
242
272
276
217
218
203
229
265
280
249
202
195
227
273
241
186
153
163
133
152
107
36
11
-70
-48
-76
-108
-144
-199
-207
-216
-252
-251
-283
-285
-324
-316
-330
-303
-326
-278
-359
-347
-383
-394
-370
-444
-339
-440
-472
-474
-549
-450
-522
-565
-653
-685
-724
-662
-708
-859
-917
-1133
-973
-1032
-1091
-1136
-1139
-943
-593
-661
-627
-816
-517
-80
31
295
129
148
294
578
937
1023
919
887
935
1107
1332
1307
1285
1143
1101
1131
1080
1120
941
812
726
630
542
412
272
211
122
-4
-108
-235
-270
-296
-268
-236
-339
-369
-402
-272
-223
-162
-129
-122
-86
-32
71
129
186
232
253
391
319
365
313
398
472
397
359
267
256
248
262
252
149
29
-12
-11
24
14
-129
-166
-221
-189
-147
-176
-160
-222
-222
-200
-137
-122
-114
-128
-91
-54
-47
-24
-53
4
7
-28
4
-65
-34
-53
-98
-160
-185
-210
-155
-259
-418
-469
-493
-420
-487
-580
-773
-876
-770
-800
-790
-1035
-1201
-1187
-1211
-1114
-1215
-1212
-1161
-1141
-978
-810
-602
-570
-583
-381
-73
85
233
335
430
584
690
914
1010
1070
1083
1144
1232
1293
1284
1226
1211
1189
1138
1007
953
872
745
660
528
415
242
120
55
-32
-164
-295
-362
-420
-421
-461
-492
-522
-545
-526
-490
-382
-274
-308
-264
-358
-180
45
198
171
47
65
221
433
530
487
354
317
388
540
583
727
305
302
248
467
536
295
264
58
89
143
165
150
1
-72
-86
-81
-84
-42
-174
-101
-140
-192
-163
-147
-46
-91
-79
-119
-122
-81
-32
21
-20
-73
-117
-65
-35
11
-61
-130
-158
-162
-143
-146
-197
-326
-353
-401
-463
-438
-543
-589
-721
-777
-742
-918
-937
-1087
-1081
-1217
-1289
-1405
-1472
-1657
-1231
-1014
-478
-574
-1272
-1471
-975
401
639
107
-355
-198
297
748
1261
1379
984
535
922
1438
1686
1576
1303
1349
1219
1199
1150
1224
1247
1046
765
527
441
340
388
371
208
-258
-602
-512
-321
-227
-455
-746
-880
-893
-730
-565
-516
-668
-787
-735
-524
-365
-289
-251
-193
-152
-42
26
324
444
362
380
413
673
615
650
695
732
684
629
659
671
809
526
536
366
441
444
294
331
115
52
-20
31
30
-110
-192
-218
-220
-279
-203
-299
-243
-284
-296
-253
-239
-153
-170
-104
-85
-87
-78
14
84
77
46
-7
77
64
135
109
23
-11
-84
-40
-38
-63
-185
-277
-348
-341
-396
-539
-533
-764
-679
-846
-856
-984
-1106
-1034
-1196
-1230
-1467
-1477
-1615
-1332
-367
153
-925
-2373
-1754
523
1377
104
-962
-446
256
416
827
1641
1323
198
103
1285
2030
1446
902
1289
1581
1042
605
1048
1581
1334
728
490
409
228
299
674
710
-35
-802
-799
-239
108
-154
-658
-944
-973
-851
-621
-424
-477
-780
-966
-808
-527
-377
-316
-233
-199
-281
-288
-65
244
408
380
298
277
318
483
747
870
759
491
479
593
990
969
656
476
434
614
550
603
473
272
155
158
241
120
98
171
-123
-248
-278
-40
-34
-110
-266
-418
-369
-199
-73
-112
-212
-324
-250
-128
26
82
-92
-119
-23
56
127
167
132
96
118
128
147
176
174
157
61
87
-25
62
69
5
-50
-270
-221
-201
-116
-278
-364
-454
-510
-435
-565
-462
-708
-706
-764
-793
-777
-932
-830
-960
-1015
-1136
-1131
-1151
-980
-555
-316
-349
-1197
-1130
-421
668
624
-188
-401
-16
528
670
969
1097
765
332
601
1333
1420
1121
855
1101
1058
696
678
1009
1215
786
350
211
284
240
313
408
154
-405
-764
-460
-85
-75
-406
-737
-832
-792
-618
-414
-335
-505
-714
-746
-546
-286
-176
-129
-167
-202
-209
-101
146
365
410
291
191
234
399
571
693
675
513
370
393
591
728
680
515
347
301
320
573
522
329
103
91
189
179
191
70
-43
-123
-114
-85
-95
-127
-178
-206
-274
-217
-232
-188
-168
-167
-256
-218
-227
338
48
-199
-210
-18
418
231
192
-33
1
189
299
400
231
57
17
254
241
340
119
0
136
54
34
11
77
-32
-108
-173
-160
-187
-207
-165
-247
-304
-488
-411
-284
-316
-363
-539
-556
-477
-432
-435
-545
-607
-652
-574
-579
-551
-694
-773
-781
-742
-749
-927
-841
-595
-464
-380
-339
-569
-692
-488
299
612
98
-367
-130
502
708
617
703
679
422
417
0
0
0
0
0
0
0
0
0
0
0
0
0
0
0
0
0
0
0
0
0
0
0
0
0
0
0
0
0
0
0
0
0
0
0
0
0
0
0
0
0
0
0
0
0
0
0
0
0
0
0
0
0
0
0
0
0
0
0
0
0
0
0
0
0
0
0
0
0
0
0
0
0
0
0
0
0
0
0
0
0
0
0
0
0
0
0
0
0
0
0
0
0
0
0
0
0
0
0
0
0
0
0
0
0
0
0
0
0
0
0
0
0
0
0
0
0
0
0
0
0
0
0
0
0
0
0
0
0
0
0
0
0
0
0
0
0
0
0
0
0
0
0
0
0
0
0
0
0
0
0
0
0
0
0
0
0
0
0
0
0
0
0
0
0
0
0
0
0
0
0
0
0
0
0
0
0
0
0
0
0
0
0
0
0
0
0
0
0
0
0
0
0
0
0
0
0
0
0
0
0
0
0
0
0
0
0
0
0
0
0
0
0
0
0
0
0
0
0
0
0
0
0
0
0
0
0
0
0
0
0
0
0
0
0
0
0
0
0
0
0
0
0
0
0
0
0
0
0
0
0
0
0
0
0
0
0
0
0
0
0
0
0
0
0
0
0
0
0
0
0
0
0
0
0
0
0
0
0
0
0
0
0
0
0
0
0
0
0
0
0
0
0
0
0
0
0
0
0
0
0
0
0
0
0
0
0
0
0
0
0
0
0
0
0
0
0
0
0
0
0
0
0
0
0
0
0
0
0
0
0
0
0
0
0
0
0
0
0
0
0
0
0
0
0
0
0
0
0
0
0
0
0
0
0
0
0
0
0
0
0
0
0
0
0
0
0
0
0
0
0
0
0
0
0
0
0
0
0
0
0
0
0
0
0
0
0
0
0
0
0
0
0
0
0
0
0
0
0
0
0
0
0
0
0
0
0
0
0
0
0
0
0
0
0
0
0
0
0
0
0
0
0
0
0
0
0
0
0
0
0
0
0
0
0
0
0
0
0
0
0
0
0
0
0
0
0
0
0
0
0
0
0
0
0
0
0
0
0
0
0
0
0
0
0
0
0
0
0
0
0
0
0
0
0
0
0
0
0
0
0
0
0
0
0
0
0
0
0
0
0
0
0
0
0
0
0
0
0
0
0
0
0
0
0
0
0
0
0
0
0
0
0
0
0
0
0
0
0
0
0
0
0
0
0
0
0
0
0
0
0
0
0
0
0
0
0
0
0
0
0
0
0
0
0
0
0
0
0
0
0
0
0
0
0
0
0
0
0
0
0
0
0
0
0
0
0
0
0
0
0
0
0
0
0
0
0
0
0
0
0
0
0
0
0
0
0
0
0
0
0
0
0
0
0
0
0
0
0
0
0
0
0
0
0
0
0
0
0
0
0
0
0
0
0
0
0
0
0
0
0
0
0
0
0
0
0
0
0
0
0
0
0
0
0
0
0
0
0
0
0
0
0
0
0
0
0
0
0
0
0
0
0
0
0
0
0
0
0
0
0
0
0
0
0
0
0
0
0
0
0
0
0
0
0
0
0
0
0
0
0
0
0
0
0
0
0
0
0
0
0
0
0
0
0
0
0
0
0
0
0
0
0
0
0
0
0
0
0
0
0
0
0
0
0
0
0
0
0
0
0
0
0
0
0
0
0
0
0
0
0
0
0
0
0
0
0
0
0
0
0
0
0
0
0
0
0
0
0
0
0
0
0
0
0
0
0
0
0
0
0
0
0
0
0
0
0
0
0
0
0
0
0
0
0
0
0
0
0
0
0
0
0
0
0
0
0
0
0
0
0
0
0
0
0
0
0
0
0
0
0
0
0
0
0
0
0
0
0
0
0
0
0
0
0
0
0
0
0
0
0
0
0
0
0
0
0
0
0
0
0
0
0
0
0
0
0
0
0
0
0
0
0
0
0
0
0
0
0
0
0
0
0
0
0
0
0
0
0
0
0
0
0
0
0
0
0
0
0
0
0
0
0
0
0
0
0
0
0
0
0
0
0
0
0
0
0
0
0
0
0
0
0
0
0
0
0
0
0
0
0
0
0
0
0
0
0
0
0
0
0
0
0
0
0
0
0
0
0
0
0
0
0
0
0
0
0
0
0
0
0
0
0
0
0
0
0
0
0
0
0
0
0
0
0
0
0
0
0
0
0
0
0
0
0
0
0
0
0
0
0
0
0
0
0
0
0
0
0
0
0
0
0
0
0
0
0
0
0
0
0
0
0
0
0
0
0
0
0
0
0
0
0
0
0
0
0
0
0
0
0
0
0
0
0
0
0
0
0
0
0
0
0
0
0
0
0
0
0
0
0
0
0
0
0
0
0
0
0
0
0
0
0
0
0
0
0
0
0
0
0
0
0
0
0
0
0
0
0
0
0
0
0
0
0
0
0
0
0
0
0
0
0
0
0
0
0
0
0
0
0
0
0
0
0
0
0
0
0
0
0
0
0
0
0
0
0
0
0
0
0
0
0
0
0
0
0
0
0
0
0
0
0
0
0
0
0
0
0
0
0
0
0
0
0
0
0
0
0
0
0
0
0
0
0
0
0
0
0
0
0
0
0
0
0
0
0
0
0
0
0
0
0
0
0
0
0
0
0
0
0
0
0
0
0
0
0
0
0
0
0
0
0
0
0
0
0
0
0
0
0
0
0
0
0
0
0
0
0
0
0
0
0
0
0
0
0
0
0
0
0
0
0
0
0
0
0
0
0
0
0
0
0
0
0
0
0
0
0
0
0
0
0
0
0
0
0
0
0
0
0
0
0
0
0
0
0
0
0
0
0
0
0
0
0
0
0
0
0
0
0
0
0
0
0
0
0
0
0
0
0
0
0
0
0
0
0
0
0
0
0
0
0
0
0
0
0
0
0
0
0
0
0
0
0
0
0
0
0
0
0
0
0
0
0
0
0
0
0
0
0
0
0
0
0
0
0
0
0
0
0
0
0
0
0
0
0
0
0
0
0
0
0
0
0
0
0
0
0
0
0
0
0
0
0
0
0
0
0
0
0
0
0
0
0
0
0
0
0
0
0
0
0
0
0
0
0
0
0
0
0
0
0
0
0
0
0
0
0
0
0
0
0
0
0
0
0
0
0
0
0
0
0
0
0
0
0
0
0
0
0
0
0
0
0
0
0
0
0
0
0
0
0
0
0
0
0
0
0
0
0
0
0
0
0
0
0
0
0
0
0
0
0
0
0
0
0
0
0
0
0
0
0
0
0
0
0
0
0
0
0
0
0
0
0
0
0
0
0
0
0
0
0
0
0
0
0
0
0
0
0
0
0
0
0
0
0
0
0
0
0
0
0
0
0
0
0
0
0
0
0
0
0
0
0
0
0
0
0
0
0
0
0
0
0
0
0
0
0
0
0
0
0
0
0
0
0
0
0
0
0
0
0
0
0
0
0
0
0
0
0
0
0
0
0
0
0
0
0
0
0
0
0
0
0
0
0
0
0
0
0
0
0
0
0
0
0
0
0
0
0
0
0
0
0
0
0
0
0
0
0
0
0
0
0
0
0
0
0
0
0
0
0
0
0
0
0
0
0
0
0
0
0
0
0
0
0
0
0
0
0
0
0
0
0
0
0
0
0
0
0
0
0
0
0
0
0
0
0
0
0
0
0
0
0
0
0
0
0
0
0
0
0
0
0
0
0
0
0
0
0
0
0
0
0
0
0
0
0
0
0
0
0
0
0
0
0
0
0
0
0
0
0
0
0
0
0
0
0
0
0
0
0
0
0
0
0
0
0
0
0
0
0
0
0
0
0
0
0
0
0
0
0
0
0
0
0
0
0
0
0
0
0
0
0
0
0
0
0
0
0
0
0
0
0
0
0
0
0
0
0
0
0
0
0
0
0
0
0
0
0
0
0
0
0
0
0
0
0
0
0
0
0
0
0
0
0
0
0
0
0
0
0
0
0
0
0
0
0
0
0
0
0
0
0
0
0
0
0
0
0
0
0
0
0
0
0
0
0
0
0
0
0
0
0
0
0
0
0
0
0
0
0
0
0
0
0
0
0
0
0
0
0
0
0
0
0
0
0
0
0
0
0
0
0
0
0
0
0
0
0
0
0
0
0
0
0
0
0
0
0
0
0
0
0
0
0
0
0
0
0
0
0
0
0
0
0
0
0
0
0
0
0
0
0
0
0
0
0
0
0
0
0
0
0
0
0
0
0
0
0
0
0
0
0
0
0
0
0
0
0
0
0
0
0
0
0
0
0
0
0
0
0
0
0
0
0
0
0
0
0
0
0
0
0
0
0
0
0
0
0
0
0
0
0
0
0
0
0
0
0
0
0
0
0
0
0
0
0
0
0
0
0
0
0
0
0
0
0
0
0
0
0
0
0
0
0
0
0
0
0
0
0
0
0
0
0
0
0
0
0
0
0
0
0
0
0
0
0
0
0
0
0
0
0
0
0
0
0
0
0
0
0
0
0
0
0
0
0
0
0
0
0
0
0
0
0
0
0
0
0
0
0
0
0
0
0
0
0
0
0
0
0
0
0
0
0
0
0
0
0
0
0
0
0
0
0
0
0
0
0
0
0
0
0
0
0
0
0
0
0
0
0
0
0
0
0
0
0
0
0
0
0
0
0
0
0
0
0
0
0
0
0
0
0
0
0
0
0
0
0
0
0
0
0
0
0
0
0
0
0
0
0
0
0
0
0
0
0
0
0
0
0
0
0
0
0
0
0
0
0
0
0
0
0
0
0
0
0
0
0
0
0
0
0
0
0
0
0
0
0
0
0
0
0
0
0
0
0
0
0
0
0
0
0
0
0
0
0
0
0
0
0
0
0
0
0
0
0
0
0
0
0
0
0
0
0
0
0
0
0
0
0
0
