-78
-123
-75
-10
-24
-22
9
43
48
-44
-120
-36
112
100
-37
-67
-3
77
165
108
-41
-92
-89
-49
-26
-90
-76
56
128
57
-62
-101
-67
31
108
24
-25
23
-14
19
140
82
-50
-155
-240
-101
130
212
224
139
-104
-292
-294
-195
4
245
332
283
110
-262
-484
-305
13
271
279
101
119
150
-52
-221
-246
-181
35
220
158
71
86
62
39
-59
-327
-382
-91
187
366
367
90
-131
-169
-250
-313
-192
52
281
384
278
21
-202
-350
-324
-59
129
185
252
198
78
-47
-213
-251
-169
-69
115
310
297
14
-206
-177
-129
-44
36
18
177
238
-2
-51
-75
-276
-188
76
158
200
128
-77
-42
57
-68
-124
-89
-103
6
182
209
137
65
-60
-182
-238
-256
-82
228
349
270
136
-105
-378
-358
-111
52
150
191
177
124
-94
-228
-67
54
-6
-33
63
148
100
26
-13
-47
-11
-24
-120
-106
-63
0
169
196
56
-26
-76
-100
-41
-18
-34
17
63
85
74
-34
-97
-51
-9
33
31
-3
83
116
-63
-131
-9
98
145
55
-114
-206
-157
-9
30
31
114
110
27
-52
-154
-158
46
227
222
203
96
-144
-172
-73
-96
-34
86
70
16
-37
-117
-91
35
66
-31
-100
1
108
34
-45
-33
3
23
-12
-8
58
67
8
-71
-40
55
21
2
58
18
-71
-56
7
-39
-65
-24
-57
26
156
25
-44
48
-32
-23
187
168
-22
-69
-43
2
20
-102
-149
-80
-84
-59
-2
54
159
134
-27
-77
-54
-92
-13
163
205
166
-27
-287
-208
-34
-98
-45
162
151
7
-45
-112
-202
-91
153
269
186
-19
-97
-24
5
-35
-132
-122
59
142
97
-25
-188
-92
119
75
11
59
-11
-74
6
10
-27
23
27
27
10
-165
-266
-110
133
282
264
82
-97
-148
-198
-181
-23
107
194
185
-6
-210
-254
-88
191
273
117
70
64
-106
-166
-129
-170
4
245
183
27
-149
-299
-165
3
25
113
139
87
135
110
-49
-133
-175
-156
54
199
224
280
106
-126
-125
-267
-385
-140
67
232
477
378
54
-133
-373
-479
-213
-20
131
454
461
157
-68
-308
-398
-165
48
170
269
241
124
-42
-234
-404
-367
-56
153
173
142
-37
-112
81
191
115
-10
-137
-166
-37
94
121
207
249
50
-167
-219
-189
-106
40
131
201
254
84
-183
-289
-222
-116
-10
120
137
74
-30
-112
43
118
-83
-137
10
71
78
140
242
279
39
-288
-346
-255
-170
-21
207
315
165
-24
-163
-351
-393
-172
130
337
413
333
39
-204
-248
-229
-64
124
175
246
273
105
-57
-138
-304
-327
-29
217
231
134
-68
-207
-179
-170
-119
15
81
142
157
30
-141
-184
-2
224
217
72
94
96
-71
-95
-74
-85
62
129
29
-71
-190
-213
-56
82
77
85
114
34
31
94
26
-31
67
144
-17
-168
-165
-164
-2
106
-40
-17
74
-27
0
121
36
-8
42
-78
-115
38
108
148
156
-47
-304
-386
-358
-251
81
436
477
325
76
-280
-420
-306
-143
179
400
234
96
68
-186
-404
-284
-84
42
163
224
217
236
128
-180
-343
-346
-331
-127
90
139
223
203
-48
-207
-219
-206
-70
182
346
341
259
123
-30
-135
-232
-269
-211
-79
115
246
173
-81
-196
-148
-236
-222
8
165
345
428
159
-93
-195
-344
-206
160
169
63
126
43
-65
-27
-87
-170
-44
42
-33
46
100
-40
44
116
-73
-43
53
-36
-11
20
37
194
178
8
-25
-87
-127
24
84
48
50
-39
-69
57
100
97
121
29
-85
-117
-124
-18
197
257
131
48
-28
-165
-220
-191
-90
101
217
130
-25
-114
-187
-68
168
49
-92
60
110
93
42
-39
3
-43
-104
-88
-93
-66
-53
25
74
-104
-258
-130
61
99
164
236
113
-51
-64
-65
-120
-47
95
143
138
85
-14
-87
-91
-70
-93
-54
31
-22
-19
14
-171
-186
-44
-129
-118
-6
-66
-11
152
145
61
-2
-114
-180
-56
43
0
62
66
-79
-64
-64
-119
-10
28
-12
37
-2
-92
-34
19
3
73
114
6
-101
-172
-228
-101
117
184
204
187
21
-47
-1
-95
-117
22
67
78
96
36
24
115
108
57
87
24
-18
76
75
61
159
183
177
165
-38
-125
36
57
19
106
157
128
147
176
81
17
14
-19
26
26
-37
57
159
35
-60
1
-24
31
240
258
168
165
158
146
154
273
438
596
811
412
-409
-683
-928
-1148
-629
-8
138
171
103
-307
-742
-1048
-1098
-526
186
463
630
639
117
-314
-246
-246
-387
-211
149
207
90
95
-6
-226
-305
-378
-553
-626
-467
-153
98
178
148
-28
-194
-186
-151
-88
36
213
320
243
224
72
-197
-28
121
-129
-245
-253
-421
-412
-68
194
259
339
267
68
-26
-148
-142
120
253
251
290
130
-171
-220
-204
-253
-111
-19
-78
-60
-2
157
358
411
445
493
318
27
39
160
89
237
469
348
278
247
-7
-22
95
-58
-84
109
120
62
234
404
363
308
277
246
221
148
161
312
399
314
332
439
282
100
101
171
149
48
219
409
411
501
639
755
532
2
-246
-512
-1059
-1234
-1016
-889
-728
-500
-536
-796
-1025
-1121
-912
-488
-227
119
616
620
197
-45
-131
-305
-248
114
216
44
-37
-176
-425
-525
-555
-651
-648
-539
-480
-429
-349
-277
-192
-102
36
126
93
214
422
496
599
692
544
240
66
-6
-98
-128
-194
-284
-342
-500
-505
-269
-141
-15
293
444
387
420
447
411
418
410
367
223
37
-88
-318
-548
-511
-410
-425
-296
-149
-207
-67
194
232
344
485
397
335
332
193
140
241
216
203
327
296
141
115
34
-170
-222
-198
-173
13
245
362
394
383
303
193
155
116
149
405
667
822
851
707
546
313
103
163
178
99
238
344
289
290
261
205
219
303
433
672
1181
1402
1033
399
-739
-1976
-2513
-2467
-1995
-1094
-311
-157
-399
-951
-1775
-2115
-1610
-821
95
1145
1548
1145
588
37
-477
-600
-205
204
327
320
108
-252
-529
-742
-908
-1027
-1088
-1015
-845
-597
-277
-36
115
233
251
241
265
291
446
669
785
822
721
416
47
-180
-258
-401
-539
-604
-709
-697
-430
-61
242
512
755
817
731
718
722
678
825
909
660
444
103
-503
-847
-934
-1017
-864
-526
-314
-103
85
147
398
662
627
656
741
447
89
106
149
121
333
537
465
293
42
-348
-649
-725
-709
-547
-215
-15
17
93
160
121
129
189
161
207
383
585
889
1164
1168
957
715
385
24
-136
-113
-15
9
102
213
-180
-478
-261
-290
-100
711
1141
1199
1376
1372
1121
834
402
-312
-1070
-1801
-2350
-2194
-1682
-1397
-1029
-720
-1113
-1771
-1855
-1567
-1273
-498
702
1333
1307
1128
666
38
-213
-13
357
660
731
582
255
-227
-607
-741
-836
-1035
-1205
-1261
-1293
-1171
-834
-510
-273
-72
155
323
338
497
831
1035
1213
1441
1416
1092
765
476
41
-393
-640
-811
-893
-797
-596
-348
-78
174
348
457
509
479
535
706
764
731
724
542
163
-79
-311
-644
-678
-544
-527
-365
-123
-57
92
385
452
364
315
94
-226
-333
-244
-6
396
827
1052
907
497
-47
-606
-979
-1079
-888
-522
-187
57
173
133
-32
-240
-340
-328
-295
-33
506
934
1217
1486
1477
1174
821
423
98
22
-52
-141
54
177
-13
14
226
170
183
537
698
752
1284
1499
928
494
-156
-1383
-2070
-2119
-2012
-1542
-984
-739
-719
-1085
-1710
-1788
-1279
-810
-117
1016
1503
1042
715
589
136
-93
383
879
817
625
471
-61
-792
-1188
-1285
-1353
-1357
-1164
-893
-786
-734
-510
-313
-279
-162
134
406
585
891
1264
1329
1184
1141
1042
688
347
249
23
-507
-893
-1067
-1210
-1154
-864
-467
-92
162
381
568
644
708
835
925
907
869
792
562
327
160
-150
-564
-871
-1043
-1045
-852
-509
-112
127
212
243
139
-52
-136
3
281
513
707
849
820
688
514
264
-47
-406
-745
-968
-1010
-859
-622
-357
-121
-17
-40
-85
-63
26
176
428
742
974
1119
1253
1199
979
831
631
303
125
109
-40
-90
106
85
-11
264
627
895
1426
1854
1721
1395
708
-409
-1427
-2182
-2509
-2214
-1565
-1179
-1094
-990
-1240
-1782
-1789
-1357
-991
-317
704
1326
1421
1465
1462
1195
989
1019
1021
863
492
15
-440
-977
-1462
-1671
-1711
-1737
-1776
-1684
-1423
-1270
-1137
-680
-100
318
772
1318
1629
1644
1605
1532
1317
1048
814
600
309
-175
-678
-1062
-1448
-1791
-1911
-1689
-1279
-782
-87
506
825
1083
1217
1265
1274
1090
966
1029
949
772
660
347
-248
-833
-1308
-1612
-1571
-1315
-931
-336
133
282
453
571
404
291
420
548
631
771
889
919
855
684
452
121
-358
-847
-1209
-1424
-1413
-1120
-720
-327
41
262
327
345
370
385
445
624
832
1048
1245
1304
1243
1062
725
337
13
-371
-651
-563
-470
-274
88
315
525
403
266
791
1451
1705
1626
1346
574
-666
-1536
-1474
-1046
-1045
-1117
-1007
-1479
-2583
-3088
-2540
-1858
-1357
-497
602
953
493
373
768
949
994
1456
1961
1617
679
101
-92
-430
-749
-679
-736
-1342
-1861
-1841
-1624
-1414
-1089
-773
-638
-538
-321
60
500
866
1212
1430
1409
1245
1055
897
711
602
531
143
-515
-1067
-1360
-1497
-1379
-839
-266
-31
18
107
142
140
435
789
928
1069
1053
796
602
476
208
-117
-364
-609
-772
-798
-744
-484
-123
33
150
408
421
198
282
573
658
702
854
802
525
330
195
7
-130
-241
-460
-669
-757
-845
-841
-614
-344
-125
133
387
523
604
736
904
1050
1140
1159
1096
951
777
714
657
424
324
250
-63
-184
-491
-904
-385
313
866
1874
2217
1444
413
-724
-1647
-1697
-1209
-735
-289
-403
-1336
-2126
-2328
-2392
-2058
-1079
-300
-126
-104
-108
-217
-85
556
1271
1719
1906
1631
957
292
-127
-276
-266
-298
-638
-1220
-1698
-1952
-1889
-1517
-1179
-1039
-941
-779
-500
-30
611
1268
1671
1743
1624
1301
969
787
611
515
355
-138
-678
-1055
-1397
-1590
-1404
-970
-591
-328
-112
46
95
218
704
1255
1444
1445
1352
1045
637
338
220
55
-327
-688
-890
-1080
-1165
-923
-486
-167
39
250
360
344
367
512
737
986
1199
1266
1108
803
461
78
-178
-215
-312
-493
-621
-722
-800
-795
-631
-423
-278
-153
-34
156
434
738
1059
1328
1423
1374
1227
956
794
698
392
313
473
235
-91
-90
-106
-256
-46
576
1118
1735
1984
1324
536
-553
-2025
-2589
-2346
-2128
-1608
-948
-954
-1415
-1835
-2223
-2307
-1711
-922
-294
529
1094
969
836
1006
1120
1211
1547
1737
1370
762
146
-471
-942
-1212
-1424
-1643
-1801
-1988
-2112
-1927
-1632
-1361
-913
-348
109
571
1150
1558
1772
2008
2096
1899
1568
1222
749
152
-314
-754
-1261
-1675
-2004
-2059
-1817
-1473
-933
-316
218
537
567
775
1235
1483
1582
1802
1850
1410
786
305
-171
-778
-1223
-1290
-1149
-1038
-938
-590
-242
-209
-101
288
611
642
663
796
773
744
987
1188
1154
1125
961
507
68
-305
-755
-1098
-1092
-940
-857
-628
-331
-209
-91
113
281
429
613
788
937
1148
1373
1454
1474
1445
1165
704
216
-220
-431
-557
-675
-432
-174
-301
5
879
1377
1703
2285
2249
962
-777
-2038
-2834
-3155
-2648
-1444
-429
-594
-1448
-1855
-2303
-3139
-2855
-1088
327
814
1469
2098
1637
718
666
1168
1308
1219
1360
1230
220
-893
-1271
-1391
-1673
-1778
-1636
-1660
-1922
-1921
-1524
-1127
-684
28
748
1201
1497
1787
1856
1681
1615
1540
1218
865
563
162
-370
-902
-1321
-1672
-1973
-2060
-1782
-1347
-972
-356
422
777
839
1062
1316
1332
1294
1509
1671
1388
892
468
72
-506
-1127
-1347
-1348
-1458
-1361
-844
-272
112
480
822
883
738
545
280
264
621
932
1249
1638
1668
1172
487
-15
-504
-1013
-1140
-985
-839
-708
-506
-290
-153
-10
78
180
400
484
547
809
1097
1326
1483
1550
1521
1259
847
554
328
57
-240
-357
-290
-243
71
614
1236
1795
1592
483
-1106
-2863
-4391
-4666
-3318
-1416
224
1109
849
-297
-1806
-3045
-3000
-1482
197
1411
2467
2710
1522
68
-348
-101
209
808
1567
1498
203
-1332
-2178
-2479
-2515
-2071
-1317
-971
-1225
-1453
-1194
-770
-402
252
1187
1823
1984
2082
2110
1819
1433
1168
852
318
-296
-852
-1300
-1557
-1658
-1710
-1764
-1727
-1524
-1179
-595
228
1035
1558
1840
1991
1778
1267
885
782
798
714
590
486
197
-374
-1002
-1333
-1528
-1789
-1531
-676
10
466
985
1271
1096
703
373
165
132
373
851
1472
1898
1790
1330
716
-132
-982
-1394
-1391
-1254
-950
-445
-115
-67
84
276
274
388
665
797
862
966
1073
1148
1111
1057
1095
983
477
68
5
-329
-625
-302
5
-32
46
419
727
1015
1741
2005
931
-694
-2130
-3243
-3812
-3306
-1767
-458
-255
-459
-579
-1345
-2358
-2057
-714
124
544
1286
1572
716
-174
-73
310
393
719
1159
863
-43
-647
-850
-1099
-1284
-1313
-1414
-1589
-1555
-1157
-637
-190
140
275
286
359
662
1005
1150
1280
1352
1121
672
341
202
-47
-350
-441
-578
-1086
-1609
-1780
-1683
-1178
-327
435
1037
1411
1314
968
760
736
856
1008
1014
838
483
-61
-571
-738
-788
-986
-1031
-780
-509
-271
141
630
915
995
975
853
653
449
323
423
694
853
820
694
465
89
-238
-324
-286
-287
-364
-379
-357
-475
-526
-282
85
354
578
811
965
1062
1140
1218
1270
1148
868
625
506
424
372
266
41
-64
-163
-473
-696
-497
-163
77
903
1894
1378
-363
-1653
-2501
-3409
-3203
-1515
-25
125
-433
-809
-1365
-2326
-2390
-881
513
655
792
1228
588
-731
-874
83
644
867
1466
1511
275
-998
-1366
-1427
-1493
-1207
-901
-1071
-1289
-1127
-748
-298
126
334
326
340
559
933
1272
1469
1536
1402
914
276
-128
-387
-637
-725
-613
-802
-1561
-1918
-1493
-1093
-545
591
1483
1530
1217
898
634
570
789
1209
1553
1380
527
-300
-687
-1042
-1205
-862
-468
-392
-383
-227
40
419
757
920
1036
912
366
-46
21
264
594
1094
1467
1322
759
182
-305
-751
-870
-622
-381
-164
14
-7
-93
-67
78
190
307
504
635
713
861
1197
1470
1300
1069
961
537
-14
-218
-179
-233
-356
-278
-105
-171
-342
-240
124
571
1110
1893
2208
972
-914
-2206
-3232
-3833
-3062
-1414
-438
-450
-713
-1125
-1919
-2416
-1842
-606
313
656
889
865
152
-549
-292
468
891
1227
1514
934
-276
-927
-993
-1059
-933
-614
-730
-1208
-1296
-984
-734
-426
10
219
180
293
667
909
932
1037
1071
688
169
-39
-97
-178
-75
124
26
-675
-1496
-1599
-1279
-940
-3
1336
1779
1424
1241
994
496
440
915
1111
859
489
-139
-791
-1029
-987
-810
-492
-309
-405
-418
-223
139
674
1155
1424
1437
1110
549
176
119
175
484
933
1039
765
362
-79
-460
-588
-545
-539
-523
-476
-498
-511
-299
115
446
645
873
1034
944
743
898
1242
1174
1008
972
626
117
-81
-143
-280
-260
-218
-352
-506
-560
-521
-327
260
1051
1907
2554
1990
380
-1161
-2556
-3791
-3766
-2422
-1368
-1009
-690
-748
-1510
-2140
-1939
-1227
-457
225
746
893
480
-66
-42
488
933
1310
1708
1391
256
-613
-871
-1061
-1117
-756
-581
-987
-1241
-1060
-978
-879
-436
-133
-185
28
516
694
692
948
1231
1166
963
809
518
-31
-659
-846
-617
-735
-1025
-733
-307
-319
-150
473
827
757
829
1079
1194
1199
1089
870
579
-10
-607
-691
-604
-661
-557
-333
-372
-558
-489
-213
67
402
771
1027
1108
1061
947
724
450
357
452
582
733
772
520
159
-68
-219
-367
-439
-460
-520
-553
-563
-529
-320
-105
94
577
1072
1179
1191
1273
1116
871
861
835
655
508
347
101
-134
-354
-499
-507
-510
-477
-326
-231
-86
468
1229
1835
2049
1462
171
-1286
-2555
-3294
-3143
-2313
-1415
-751
-516
-781
-1323
-1868
-2070
-1640
-860
-267
160
427
225
-106
93
640
1064
1466
1720
1284
384
-249
-590
-794
-678
-414
-428
-722
-970
-1090
-1169
-1085
-771
-406
-60
314
519
474
402
405
563
834
936
664
141
-291
-522
-511
-216
97
101
-93
-221
-295
-193
117
483
981
1410
1429
1165
892
498
-34
-218
-34
-25
-185
-234
-364
-669
-779
-556
-265
-4
252
432
485
441
483
695
868
910
898
847
773
687
631
664
648
476
263
64
-185
-507
-709
-669
-594
-531
-381
-260
-221
-118
102
357
587
775
891
901
821
715
606
498
449
472
402
150
-113
-361
-639
-755
-687
-603
-546
-438
-215
50
257
379
354
179
-62
-294
-481
-642
-719
-626
-497
-396
-294
-397
-700
-923
-1067
-1156
-1090
-928
-768
-673
-613
-502
-409
-399
-368
-303
-319
-354
-246
-76
-25
1
55
-33
-152
-109
0
98
199
280
279
209
149
102
39
-44
-105
-89
-39
-4
4
-17
-26
-8
75
228
332
345
358
402
468
577
701
760
750
716
669
577
468
386
245
68
-19
-48
-94
-104
-50
-58
-147
-201
-219
-212
-162
-54
87
207
304
389
461
489
473
468
442
346
215
106
27
-82
-166
-119
-66
-83
-61
-41
-153
-308
-337
-288
-241
-109
67
144
165
190
165
71
-24
-104
-185
-195
-138
-95
-77
-93
-152
-237
-297
-274
-236
-239
-213
-141
-44
62
155
246
256
116
-81
-225
-290
-318
-270
-104
9
17
10
-74
-267
-463
-561
-584
-587
-522
-438
-444
-447
-354
-221
-106
3
118
128
40
44
87
84
143
234
243
186
149
133
120
162
223
249
262
241
179
116
68
6
-53
-49
-53
-93
-84
-58
-21
115
289
388
445
501
468
371
416
522
500
515
612
552
379
282
186
-22
-205
-216
-189
-236
-223
-110
-25
6
70
166
167
86
48
51
16
-40
-19
54
93
120
170
187
106
20
24
-8
-95
-109
-109
-179
-212
-159
-126
-156
-172
-150
-168
-181
-93
0
32
26
-6
-60
-164
-256
-274
-278
-284
-270
-237
-205
-219
-243
-239
-251
-263
-205
-103
-28
21
105
225
279
265
234
124
-68
-214
-255
-216
-116
36
195
286
301
243
106
-39
-162
-250
-242
-190
-175
-172
-157
-138
-104
-47
7
34
38
26
31
68
116
209
330
388
418
440
368
254
218
248
267
267
289
265
117
-11
-37
-75
-144
-176
-180
-232
-306
-298
-238
-165
-60
81
239
328
339
342
352
322
261
275
309
227
108
9
-136
-283
-330
-306
-299
-310
-286
-228
-174
-134
-99
-71
-55
-44
-15
9
-9
-31
-28
-30
-28
-14
-14
-28
-47
-61
-52
-57
-88
-111
-130
-143
-165
-184
-163
-171
-219
-221
-186
-162
-134
-53
30
10
-53
-72
-100
-146
-147
-127
-151
-214
-231
-202
-175
-121
-74
-52
-18
-32
-52
7
89
151
218
286
275
175
83
20
-48
-67
8
125
214
272
333
336
265
241
242
180
140
134
74
-15
-59
-50
-40
-44
-27
-3
-15
-43
-17
44
104
190
301
392
406
357
309
255
227
258
293
308
273
148
-9
-106
-148
-191
-195
-136
-126
-185
-197
-178
-210
-228
-151
-36
38
86
123
142
138
101
84
84
37
-18
-57
-115
-208
-302
-338
-355
-393
-393
-340
-264
-189
-106
-38
-47
-77
-79
-94
-112
-123
-110
-78
-83
-64
-2
-2
-24
4
23
3
-20
-19
-37
-94
-80
-7
13
20
63
73
36
34
67
61
46
64
73
36
-4
2
16
19
26
9
-37
-82
-103
-94
-69
-11
70
116
135
145
126
99
104
139
153
150
139
78
19
9
28
81
139
169
186
179
151
123
110
116
116
115
119
74
-17
-85
-113
-114
-99
-63
-42
-85
-121
-108
-86
-46
32
110
127
111
104
72
52
89
156
232
268
251
188
61
-77
-145
-154
-155
-155
-115
-109
-199
-261
-268
-296
-268
-166
-72
0
53
84
77
31
-25
-85
-114
-113
-134
-156
-153
-180
-228
-229
-221
-252
-248
-182
-137
-114
-77
-46
-19
18
67
75
24
-11
-11
-16
9
56
47
6
-16
-25
-23
-21
-20
-20
-37
-30
23
60
67
94
130
141
156
181
169
119
117
160
162
157
180
175
133
106
105
71
-3
-40
-51
-66
-53
-5
69
109
89
80
50
-2
2
32
58
90
105
100
98
114
117
87
74
68
39
41
74
86
88
95
89
80
64
-3
-100
-141
-155
-190
-175
-127
-141
-181
-167
-126
-98
-54
8
40
20
-6
4
16
26
64
114
126
105
89
41
-47
-125
-172
-192
-199
-176
-134
-142
-171
-172
-186
-204
-163
-103
-82
-53
13
57
59
62
66
44
36
59
72
67
34
-34
-105
-160
-187
-176
-136
-84
-51
-23
-5
-4
17
41
55
74
76
93
136
164
174
164
122
71
36
23
14
9
16
9
5
45
85
89
84
75
50
32
41
54
52
56
89
128
135
130
149
148
106
93
103
79
44
23
6
-10
-17
0
2
-45
-99
-138
-156
-128
-77
-9
71
103
78
41
1
-40
-85
-101
-63
-37
-31
6
39
39
34
51
57
19
-26
-71
-127
-154
-145
-120
-89
-64
-64
-89
-109
-111
-96
-50
-12
-12
-4
24
21
11
21
25
25
44
69
58
17
-8
-23
-36
-24
0
-8
-41
-82
-135
-167
-166
-144
-85
-25
12
29
23
16
-11
-40
-19
13
36
79
100
83
74
70
41
16
11
-7
-30
-38
-55
-70
-44
6
48
84
113
102
66
58
57
60
90
105
86
54
28
16
10
20
42
46
26
-4
-20
-25
-30
-20
3
18
14
-2
5
16
13
49
104
138
141
112
80
43
4
9
28
23
5
-27
-61
-98
-132
-146
-143
-133
-118
-89
-46
-16
-5
-10
-29
-41
-52
-71
-77
-67
-49
-26
12
57
69
58
48
33
13
-18
-44
-55
-78
-92
-73
-53
-49
-50
-50
-53
-53
-51
-42
-30
-23
-14
-6
10
34
43
50
63
63
42
21
16
20
30
51
74
79
54
27
0
-49
-94
-99
-75
-54
-34
-1
29
31
11
6
10
-3
4
55
106
126
136
153
146
98
60
36
-6
-41
-57
-66
-73
-85
-71
-38
-9
20
35
36
34
36
58
77
82
99
91
66
74
90
88
74
54
12
-67
-118
-116
-120
-119
-94
-75
-67
-73
-73
-56
-51
-24
39
91
124
129
105
77
44
24
30
33
16
-17
-54
-82
-106
-125
-134
-146
-153
-134
-89
-38
4
27
29
32
28
10
8
7
-2
1
10
31
43
27
13
3
-23
-33
-25
-39
-66
-78
-72
-49
-21
9
26
29
35
34
28
33
38
37
34
28
33
40
39
43
46
24
-13
-33
-34
-50
-46
10
58
79
85
77
46
-5
-40
-37
-27
-21
-9
-2
-3
-17
-18
11
23
28
59
85
92
80
70
75
67
67
65
22
-26
-65
-105
-115
-105
-102
-90
-69
-60
-59
-41
-7
20
40
64
83
92
85
70
63
75
96
101
91
56
-10
-65
-101
-125
-125
-110
-104
-109
-108
-101
-97
-86
-65
-24
27
65
96
106
89
51
29
49
49
25
21
-10
-59
-62
-59
-88
-108
-110
-121
-124
-88
-30
16
37
60
84
83
69
61
42
13
11
38
66
72
55
43
16
-15
-16
-44
-93
-103
-85
-64
-45
-4
45
71
90
108
114
93
63
57
57
45
29
27
43
44
34
37
26
-9
-35
-43
-46
-45
-10
34
58
72
55
24
1
-38
-61
-46
-44
-53
-40
-34
-37
-29
-26
-22
-2
17
28
33
24
19
24
25
20
2
-26
-74
-113
-123
-144
-143
-114
-91
-63
-54
-48
-28
-28
-36
-18
15
30
46
83
99
97
107
113
101
71
28
-14
-58
-89
-67
-36
-44
-53
-58
-69
-71
-74
-56
-9
33
62
81
96
85
54
55
69
55
37
36
23
-11
-25
-15
-23
-54
-54
-42
-51
-39
-18
4
42
62
77
89
72
54
37
13
-10
-13
19
30
15
37
49
28
19
-10
-58
-77
-89
-97
-77
-50
-14
22
46
71
68
38
28
28
20
16
26
38
27
10
11
18
11
4
0
-14
-31
-34
-6
37
47
39
42
32
8
-17
-34
-55
-71
-68
-61
-48
-43
-38
-17
-8
-5
12
30
39
32
32
50
51
26
17
26
4
-23
-30
-54
-76
-77
-83
-84
-61
-47
-36
-17
-18
-21
-26
-35
-10
22
31
45
72
87
72
51
36
13
-12
-20
-11
-8
-5
1
-23
-64
-83
-63
-38
-33
2
55
67
72
62
39
43
29
8
32
49
42
46
47
29
-4
-17
-14
-16
-23
-31
10
7
34
65
20
126
-29
-171
-26
-321
-423
-138
105
216
-166
-355
-90
65
-136
-247
97
238
175
-61
-281
-153
-412
-410
333
480
86
-5
3
-164
-369
-528
-356
234
431
215
314
272
-177
-229
154
346
143
-8
426
686
203
-110
178
463
207
-91
78
72
-240
-306
57
431
163
-205
-126
-111
-332
-459
-115
354
377
280
332
290
-143
-508
-220
127
171
118
117
217
-20
-293
-130
-43
-121
-78
111
279
100
-155
-3
221
129
-39
-47
-40
-217
-338
-165
23
-21
-174
-139
-91
-306
-385
-256
-156
-100
-126
-74
-43
-166
-183
-34
105
64
-28
-33
-89
-165
-138
39
197
128
61
90
34
-105
-202
-103
25
25
54
74
44
-34
-75
64
159
122
56
-28
-73
-112
-57
85
136
127
115
154
104
-84
-93
61
171
209
189
157
72
6
58
138
198
200
211
254
199
141
160
247
327
326
388
413
356
377
417
470
484
516
558
557
698
638
361
64
-422
-655
-497
-195
74
203
149
-331
-873
-1220
-1488
-1346
-741
-137
85
-59
-500
-1032
-1223
-1075
-869
-496
49
307
285
220
10
-279
-232
89
187
213
327
404
549
706
669
414
184
34
-133
-89
152
265
354
494
366
-40
-426
-625
-627
-454
-263
-223
-291
-537
-842
-926
-852
-740
-583
-418
-358
-408
-540
-614
-440
-159
52
275
410
153
-141
-73
74
219
418
502
461
485
506
415
384
378
282
230
244
123
-47
39
275
380
364
276
19
-170
-111
-10
134
252
244
250
300
307
214
190
282
343
379
385
357
373
509
763
923
908
827
668
589
690
823
962
1096
1277
1352
1062
483
-291
-855
-784
-252
340
629
428
-344
-1277
-1884
-2270
-2231
-1554
-729
-290
-432
-1040
-1823
-2269
-2040
-1468
-845
-278
-9
48
55
-57
-238
-295
-120
85
200
406
632
778
942
1017
782
305
-60
-139
59
525
932
983
766
340
-147
-450
-539
-457
-280
-165
-250
-527
-840
-1005
-905
-642
-468
-486
-641
-801
-787
-544
-258
-85
19
92
55
-46
-14
73
196
452
606
566
416
284
337
516
699
710
527
358
251
216
261
293
308
315
309
313
228
100
81
142
130
13
-73
-126
-96
95
281
302
192
64
-60
-43
179
368
485
620
671
637
644
621
530
495
607
768
817
854
903
882
879
862
727
563
467
507
714
978
1130
1131
1071
581
-396
-1205
-1575
-1230
-267
600
808
191
-981
-2284
-3036
-2991
-2391
-1344
-263
82
-590
-1641
-2483
-2776
-2368
-1607
-953
-459
57
289
193
-4
-358
-621
-510
-161
125
534
1212
1678
1656
1208
407
-387
-522
52
756
1290
1447
1034
387
-95
-427
-623
-594
-385
-259
-331
-502
-750
-864
-726
-586
-615
-796
-1014
-1030
-622
5
418
503
329
40
-34
121
255
461
733
917
1009
969
754
423
283
442
581
674
777
759
720
723
554
135
-261
-395
-237
211
665
741
451
0
-421
-719
-811
-619
-267
119
405
418
121
-387
-771
-748
-460
-96
252
463
540
580
560
362
73
-129
-109
252
730
1021
1059
860
521
161
-74
-118
-54
182
618
956
958
641
148
-225
-325
-82
299
512
599
582
684
689
377
-148
-1021
-1488
-1285
-678
187
566
252
-573
-1492
-2323
-2861
-2586
-1719
-652
83
-64
-1119
-2267
-2667
-2365
-1645
-929
-473
-130
375
735
424
-233
-707
-690
-123
712
1271
1451
1619
1691
1392
689
-53
-384
10
1002
1717
1658
1142
562
165
37
-74
-332
-477
-259
197
453
337
-71
-569
-807
-796
-757
-678
-413
16
442
654
368
-267
-623
-471
-41
463
734
636
494
538
590
458
234
81
151
507
860
905
778
635
383
117
-82
-331
-415
-28
523
746
541
-4
-588
-840
-763
-606
-447
-235
-29
118
119
-169
-674
-1033
-975
-637
-226
161
388
357
191
-25
-292
-441
-367
-42
420
778
908
764
504
270
105
66
150
377
655
929
1093
962
658
295
-13
-60
133
356
591
794
716
577
345
-151
-465
-675
-875
-752
-399
-104
18
-100
-708
-1476
-1985
-2233
-1978
-1332
-734
-388
-367
-810
-1546
-1991
-1948
-1502
-754
2
423
574
618
351
-92
-289
-151
268
988
1674
1793
1556
1322
963
527
319
371
555
982
1456
1427
993
542
78
-299
-462
-475
-377
-112
278
353
3
-532
-1173
-1504
-1314
-847
-310
114
295
124
-222
-544
-807
-749
-356
116
546
814
805
503
234
142
-81
-207
45
390
811
1264
1254
656
8
-427
-668
-403
163
487
664
686
267
-358
-779
-975
-949
-619
-230
-75
-57
-131
-405
-714
-904
-1058
-1072
-713
-235
40
192
167
-129
-478
-604
-490
-208
268
696
870
870
687
408
234
236
386
629
918
1059
951
798
595
357
273
297
369
496
603
479
264
147
-44
-65
93
190
210
201
242
122
156
289
147
103
53
57
84
-99
-311
-592
-621
-386
-225
-242
-544
-922
-1165
-1144
-1025
-954
-749
-528
-548
-790
-1047
-1201
-989
-409
3
31
-14
60
119
166
135
-24
27
442
900
968
744
555
421
386
397
283
234
475
770
804
529
119
-170
-174
-26
6
-54
-103
-115
-91
-179
-410
-630
-698
-628
-498
-288
-118
-109
-174
-270
-421
-474
-287
-40
146
319
424
364
169
47
24
63
271
399
348
360
404
412
368
147
-218
-432
-373
-197
31
200
150
-25
-201
-464
-697
-644
-410
-150
119
207
38
-146
-254
-315
-269
-115
45
150
292
393
371
392
378
290
265
330
464
588
698
722
626
542
453
346
304
333
402
500
545
440
269
159
116
113
169
225
168
116
147
117
156
279
313
370
365
381
399
241
320
233
-291
-530
-564
-408
88
437
117
-746
-1476
-1911
-1793
-1096
-626
-496
-506
-887
-1547
-1934
-1898
-1615
-944
-196
28
-81
-80
-143
-421
-511
-368
-213
288
1048
1286
1023
791
543
175
32
259
495
835
1395
1470
967
403
-70
-292
-205
98
378
465
511
323
-136
-513
-822
-958
-766
-470
-167
110
163
-123
-540
-810
-928
-757
-247
149
308
468
449
100
-240
-353
-270
56
478
697
635
551
552
411
178
-28
-159
-43
318
663
696
464
185
-90
-313
-374
-247
-65
130
273
197
-43
-251
-376
-436
-381
-264
-151
-3
113
112
-9
-176
-323
-328
-145
96
338
454
371
210
75
82
240
439
543
566
568
528
510
494
434
397
418
401
367
445
446
343
296
199
84
28
163
343
314
441
459
206
167
-53
-355
-343
-442
-561
-463
-308
-214
-276
-583
-1195
-1723
-1744
-1419
-923
-525
-522
-796
-1179
-1531
-1720
-1579
-1086
-480
-13
111
-28
-207
-293
-286
-262
-94
256
688
1116
1269
1038
664
427
338
295
460
820
1145
1380
1273
735
167
-130
-48
220
418
562
536
366
161
-201
-583
-762
-715
-471
-208
-52
20
-74
-388
-735
-941
-901
-543
-57
299
408
298
138
-60
-243
-229
-54
227
523
728
761
558
318
138
-23
-18
219
480
528
404
154
-169
-288
-180
-82
-38
5
-52
-231
-341
-427
-531
-416
-225
-172
-114
-88
-210
-364
-423
-444
-382
-111
157
270
294
232
121
58
88
150
309
575
780
855
756
524
284
199
313
464
627
737
689
559
332
81
-88
-176
-41
133
203
351
287
37
-117
-277
-331
-186
117
403
481
249
-153
-416
-698
-719
-387
-201
-42
11
-218
-636
-1059
-1267
-1217
-897
-594
-461
-416
-569
-876
-1119
-1211
-1129
-750
-200
146
188
152
29
-246
-337
-160
116
531
1033
1224
921
570
414
295
275
454
676
882
1105
1097
710
214
-80
-83
95
261
324
324
263
101
-199
-557
-783
-773
-542
-290
-174
-138
-144
-299
-593
-757
-755
-570
-117
253
291
162
48
-79
-255
-240
-47
142
438
711
687
478
294
223
159
-27
-118
62
372
597
598
289
-267
-658
-649
-423
-115
152
233
123
-200
-649
-864
-744
-501
-181
101
117
-24
-105
-231
-466
-481
-171
134
381
615
569
272
128
144
114
202
534
863
966
882
657
323
164
253
383
562
713
707
584
323
-17
-228
-205
-21
167
268
254
100
-115
-290
-371
-339
-185
91
300
270
170
129
-35
-332
-429
-350
-291
-44
233
188
-14
-336
-722
-950
-981
-771
-335
55
8
-346
-671
-1035
-1280
-1024
-567
-356
-62
297
109
-387
-528
-475
-517
-229
328
510
474
578
500
106
-120
-20
128
338
667
884
856
660
372
81
-96
-58
228
577
670
512
308
-15
-431
-583
-432
-295
-146
100
91
-226
-416
-456
-604
-682
-464
-201
-57
120
188
-46
-323
-373
-295
-224
-37
270
444
435
326
153
-4
-88
56
298
306
272
332
262
60
-50
-17
-59
-89
44
126
51
-51
-88
-216
-418
-398
-189
-64
-54
-46
-88
-212
-248
-125
-64
-67
100
300
318
250
250
272
196
204
368
414
415
551
599
457
286
196
174
199
301
399
384
279
145
19
-101
-127
-65
-12
61
71
42
0
-111
-181
-214
-187
-102
3
125
177
113
38
121
149
138
209
57
-87
75
135
-54
-128
-198
-278
-104
-75
-390
-689
-743
-631
-433
-299
-448
-657
-724
-794
-865
-779
-595
-378
-143
-97
-312
-491
-341
-130
-76
70
228
284
454
576
391
212
285
418
501
602
654
600
599
560
345
195
200
250
321
353
289
143
-14
-167
-373
-440
-276
-160
-157
-181
-277
-372
-363
-374
-461
-430
-214
3
82
17
-154
-254
-163
-9
68
88
126
200
283
264
131
96
196
271
322
273
41
-88
0
92
134
126
63
-24
-106
-131
-106
-84
-73
-49
-37
-104
-160
-114
-114
-167
-117
-55
-52
-13
47
55
53
95
105
57
88
220
297
274
201
105
61
140
250
271
195
88
75
138
151
143
146
126
144
183
118
22
-27
-48
1
88
91
36
41
26
-19
8
8
-45
-3
114
112
48
68
138
167
185
177
-56
-198
-31
154
243
78
-214
-415
-395
-160
8
-17
-301
-583
-612
-524
-458
-381
-281
-399
-580
-589
-555
-542
-423
-188
-185
-327
-219
-57
-68
-56
24
-20
-42
142
346
404
383
322
206
156
224
348
473
471
391
365
313
202
118
96
104
147
240
196
-45
-190
-168
-172
-212
-238
-245
-245
-196
-123
-228
-430
-465
-326
-165
-93
-83
-96
-120
-125
-86
-91
-128
-22
171
281
252
174
97
16
90
229
278
286
181
60
54
89
199
325
273
124
53
-13
-92
-43
83
128
116
66
-164
-381
-294
-114
-37
-28
-62
-138
-156
-44
-49
-186
-158
1
125
187
142
-11
-105
-20
131
210
249
285
287
277
234
166
153
195
290
413
445
366
257
123
5
7
69
147
222
186
122
71
-33
-98
-143
-149
-27
70
72
77
60
51
86
91
64
-50
-97
101
253
222
68
-175
-378
-345
-55
131
55
-148
-386
-530
-532
-468
-380
-275
-249
-304
-419
-609
-728
-632
-370
-185
-176
-174
-169
-222
-214
-167
-185
-113
137
388
428
297
147
4
17
190
339
444
468
460
461
354
198
59
-20
77
262
379
316
48
-194
-286
-299
-256
-219
-172
-97
-43
-36
-205
-442
-511
-423
-185
35
56
-6
-80
-144
-185
-226
-230
-156
46
300
360
211
52
-47
-27
134
306
367
311
332
326
130
47
77
94
248
399
319
86
-119
-219
-173
-34
13
-38
-83
-198
-321
-249
-199
-315
-284
-99
-75
-130
-55
-73
-229
-147
88
106
72
183
226
184
224
247
189
186
286
405
428
338
241
213
195
173
237
285
197
86
51
-18
-138
-98
-9
-72
-64
27
-38
-180
-240
-214
-194
-126
47
39
-65
-21
60
94
108
260
333
217
205
151
79
134
174
184
173
131
124
99
-102
-346
-441
-394
-302
-214
-101
-210
-512
-703
-841
-880
-682
-350
-142
-197
-330
-411
-482
-494
-396
-233
-24
184
322
329
151
-17
20
127
221
369
555
637
562
478
338
154
165
312
441
503
467
360
136
-99
-186
-177
-96
-32
-32
-20
-132
-294
-363
-484
-562
-452
-236
-83
-80
-101
-173
-338
-361
-264
-194
-43
164
249
187
84
30
14
77
208
297
379
418
359
282
126
-21
43
228
356
367
269
36
-224
-287
-213
-108
10
43
-27
-172
-331
-372
-326
-287
-208
-83
-7
-27
-79
-117
-198
-207
-49
124
234
273
234
141
20
0
98
205
312
373
365
283
144
83
60
30
125
239
195
88
12
-86
-162
-139
-90
-96
-72
-8
3
-40
-139
-206
-188
-157
-74
33
82
104
101
94
40
-77
-14
209
399
595
561
260
-9
-147
-5
260
378
396
304
128
-71
-230
-331
-388
-301
-113
-46
-157
-301
-446
-634
-782
-761
-620
-441
-170
-34
-219
-479
-613
-598
-435
-172
63
201
229
173
100
25
-6
65
252
428
487
539
514
333
226
234
256
278
347
457
410
283
156
-116
-276
-186
-52
59
53
-80
-248
-363
-368
-387
-400
-310
-198
-87
-39
-142
-302
-370
-313
-203
-87
29
82
84
86
17
-67
-16
127
284
390
400
321
195
142
130
95
133
254
369
405
313
110
-114
-249
-223
-43
155
216
141
-4
-248
-450
-385
-208
-100
9
106
52
-96
-154
-187
-238
-155
48
201
246
233
150
21
-66
-37
122
269
336
345
265
115
-6
-5
53
78
148
232
168
8
-105
-174
-183
-114
-34
-32
-80
-96
-124
-178
-241
-300
-239
-102
-36
7
20
-58
-95
-51
-14
-6
84
292
304
264
389
322
310
493
454
330
288
276
284
330
398
351
262
112
-135
-245
-235
-216
-92
22
-135
-402
-548
-694
-873
-792
-481
-395
-382
-276
-424
-671
-706
-619
-530
-330
-46
67
42
-17
-112
-126
-65
-4
139
336
429
436
398
244
70
98
247
335
412
488
438
262
122
31
-79
-60
83
134
118
71
-61
-201
-287
-331
-300
-196
-109
-72
-86
-175
-315
-368
-283
-198
-111
14
31
-47
-80
-74
-75
-8
143
244
290
291
221
146
65
60
194
284
316
361
324
224
169
125
43
5
72
170
243
230
91
-40
-121
-203
-174
-70
-41
-18
27
-32
-189
-270
-247
-215
-146
-40
4
-41
-100
-124
-153
-168
-100
-18
29
46
24
24
-14
-67
-19
40
48
54
85
50
-29
3
9
-57
-45
-13
5
16
-20
-70
-94
-81
-41
-6
-7
-33
13
84
56
23
29
13
51
184
274
250
223
235
188
162
279
358
402
496
482
475
436
269
213
183
196
336
408
362
154
-79
-183
-293
-342
-244
-161
-178
-256
-389
-628
-836
-812
-702
-634
-543
-471
-454
-506
-607
-657
-657
-559
-327
-112
-14
-29
-74
-94
-120
-86
53
185
265
348
396
331
222
185
229
295
411
538
506
378
281
199
153
147
180
233
241
197
135
42
-74
-125
-88
-61
-61
-44
-48
-113
-200
-259
-279
-257
-179
-90
-54
-100
-172
-180
-148
-102
-24
59
108
129
153
142
100
82
116
198
220
200
242
243
197
215
206
115
70
93
119
133
126
87
26
-57
-170
-199
-138
-172
-194
-110
-126
-231
-241
-214
-268
-289
-202
-129
-111
-79
-60
-101
-172
-172
-64
26
65
108
120
98
70
77
103
81
107
201
219
173
128
99
76
74
123
135
92
67
71
69
30
16
33
30
61
109
80
24
5
-10
-4
33
70
94
115
95
42
56
66
101
222
255
245
235
204
234
258
319
384
309
182
100
42
24
95
132
101
21
-140
-307
-446
-506
-460
-329
-261
-383
-530
-659
-798
-828
-713
-563
-473
-381
-320
-417
-544
-543
-471
-342
-145
29
120
89
3
-29
-36
19
161
331
451
434
391
360
240
216
341
421
473
537
515
382
239
158
136
184
274
316
278
179
53
-52
-99
-104
-88
-27
21
-15
-79
-153
-267
-316
-253
-186
-130
-79
-84
-135
-201
-208
-194
-168
-50
30
37
44
6
-38
-36
6
66
103
126
157
160
119
77
57
41
29
44
66
71
56
23
6
-41
-136
-136
-87
-102
-99
-63
-69
-122
-131
-106
-146
-159
-95
-60
-44
-14
-17
-20
-1
16
52
77
67
74
121
150
149
171
172
137
129
138
139
147
156
154
139
116
98
104
113
98
100
83
25
18
53
71
90
85
36
-6
-10
-6
-14
-20
-4
30
33
11
-6
-31
-31
28
72
64
91
112
95
109
94
99
164
254
307
263
199
14
-196
-149
14
154
279
206
-133
-452
-568
-533
-361
-121
-29
-127
-296
-601
-865
-792
-545
-296
-79
-47
-235
-427
-467
-460
-402
-167
66
180
262
184
-28
-125
-68
78
291
478
509
444
363
230
133
176
262
379
561
562
368
201
56
-9
70
203
260
188
104
10
-123
-185
-194
-164
-81
-43
-51
-95
-201
-291
-306
-273
-241
-179
-73
-42
-83
-131
-243
-307
-203
-59
80
157
100
9
-69
-87
-25
52
123
127
93
69
28
35
80
64
8
-34
-40
-6
30
59
42
-31
-98
-147
-133
-73
-40
19
34
-65
-113
-76
-70
-47
8
34
27
24
54
58
52
56
59
106
138
142
169
144
86
91
133
141
122
138
140
81
64
67
23
6
23
21
-3
-21
-23
-20
-21
-36
-55
-69
-77
-63
-42
-52
-71
-73
-73
-68
-44
-27
-38
-53
-34
-5
-18
-28
14
31
27
47
48
35
28
53
94
119
145
125
90
87
98
153
215
259
285
258
212
84
-99
-101
60
254
400
317
35
-213
-380
-408
-203
40
147
140
-36
-370
-635
-621
-434
-215
-6
23
-99
-242
-409
-482
-403
-250
-64
91
140
34
-124
-183
-187
-119
68
191
217
219
143
27
-19
20
87
183
313
349
232
80
-37
-63
31
142
197
181
97
-17
-90
-117
-134
-74
41
59
-4
-61
-132
-186
-165
-108
-68
-51
-37
-38
-78
-133
-173
-157
-84
-3
59
72
37
-10
-50
-48
6
64
122
139
86
61
85
95
117
141
109
89
97
67
64
118
151
125
51
-17
-68
-76
-7
25
2
-13
-65
-113
-123
-130
-102
-56
-45
-75
-97
-89
-100
-111
-85
-78
-79
-44
-15
-7
-9
-12
18
37
35
55
71
87
73
47
63
65
83
101
73
61
36
27
81
81
54
46
5
-6
-6
-36
-27
-3
-23
-53
-36
-32
-97
-119
-56
-25
-46
-34
-5
-8
-17
-5
10
1
-31
-26
50
128
143
114
108
96
61
81
133
168
216
250
179
107
139
173
227
252
105
-43
-67
6
181
257
132
-25
-159
-255
-237
-144
-27
87
93
-77
-332
-459
-382
-268
-126
52
58
-96
-230
-310
-349
-280
-99
50
123
98
