-128
-585
-658
-403
-218
47
117
104
-99
-389
-353
53
398
515
7
-446
-346
-267
-126
-111
-182
-223
-244
-584
-475
9
384
626
294
-55
-255
-47
-54
-213
-311
-213
132
34
-23
-249
-152
94
152
331
28
-187
39
294
470
439
-47
-375
-264
-297
-390
-310
51
388
328
-38
-153
-282
-193
254
284
310
107
114
255
405
877
891
440
-410
-721
-599
-163
409
339
58
-527
-750
-571
-151
434
438
131
-255
-366
149
641
780
605
45
-583
-790
-412
45
497
627
277
-228
-545
-65
591
891
752
415
142
11
367
711
764
485
68
-217
-327
0
234
541
789
701
438
72
210
603
1016
1196
897
293
11
140
497
945
857
641
326
-173
-186
37
518
940
692
152
-158
-18
-25
451
673
352
279
-35
-45
51
488
867
722
340
-224
-469
-257
274
866
734
237
171
-48
-101
162
603
820
1009
903
186
-381
-399
402
953
718
97
-620
-559
265
1075
1201
641
149
-153
-252
133
711
872
885
423
-602
-910
-425
497
1099
597
-116
-478
-578
-45
691
934
775
300
-287
-383
21
521
992
740
270
-71
-59
658
972
862
687
242
-47
51
228
563
1018
985
471
-33
-209
277
726
641
488
107
195
695
695
63
-419
21
531
675
358
-156
-460
213
1081
1014
489
-509
-725
-308
106
642
558
-7
-333
-309
-366
20
690
675
421
-194
-619
-318
105
690
520
-62
-229
178
697
860
905
797
656
250
50
-36
409
1162
1068
327
-387
-684
-169
610
1103
1275
821
420
101
162
692
1217
1202
459
-126
-545
-400
133
349
288
2
64
166
348
680
666
331
-221
-310
-191
0
547
827
653
231
58
-43
-8
347
507
542
689
689
610
599
377
184
29
16
196
419
443
315
103
-299
-197
-42
-99
-271
-446
-611
-680
-390
-199
-171
-226
-328
-757
-818
-415
391
966
547
-367
-797
-400
569
1308
908
100
-579
-754
-72
502
701
853
620
298
-145
-290
333
766
599
58
-548
-769
-302
274
672
349
-354
-636
-559
-120
209
558
615
344
-151
-561
-667
-319
388
667
631
274
-40
116
471
373
200
225
401
523
135
77
111
120
-30
-357
-826
-1139
-692
127
509
254
-200
-789
-908
-357
419
773
217
-678
-1016
-860
-499
153
356
334
391
-17
-401
-249
332
856
1110
809
577
339
137
503
628
650
557
511
385
645
1380
1662
1228
263
-136
63
455
658
665
703
505
164
-215
-350
185
1099
1424
840
11
-551
-302
114
185
-230
-707
-854
-935
-933
-1057
-498
123
383
-16
-621
-703
-348
371
676
223
-611
-1121
-1373
-1279
-1086
-647
-620
-1101
-1360
-1237
-698
-20
195
-418
-1067
-1143
-643
-166
62
-152
-579
-1132
-1097
-841
-781
-430
-130
116
116
245
197
314
246
99
51
188
811
976
703
135
-51
106
526
854
754
513
483
909
1212
1226
1124
969
740
609
773
1166
1607
1744
1562
1367
1039
956
1154
1307
1347
1436
1467
1194
782
553
874
903
476
-171
-729
-400
154
303
113
-757
-1679
-2123
-2100
-2075
-1822
-1367
-1145
-1199
-1862
-2230
-2447
-2097
-1460
-1126
-1297
-1535
-1738
-1781
-1171
-711
-476
-978
-1417
-1754
-1565
-398
700
734
-482
-1193
-1093
-95
714
616
-252
-1169
-937
-195
427
358
3
-530
-697
-409
-48
472
573
461
10
-342
-375
-13
213
-23
-265
-452
-27
625
1058
773
177
-348
-332
153
526
734
562
127
-226
-228
-12
371
769
894
593
497
753
1108
1492
1539
1378
1135
1039
1611
2209
2146
1973
2010
1797
1505
1358
1238
1055
776
649
411
-183
-609
-795
-1426
-1883
-2028
-1832
-1591
-1538
-1711
-2187
-2369
-2108
-1550
-1326
-1201
-1486
-1829
-1649
-1282
-1117
-1183
-1310
-1368
-1175
-739
-74
97
80
72
83
319
791
1233
1231
764
244
152
353
637
687
259
-409
-794
-730
-323
7
133
36
-18
-58
-40
-94
-140
-74
13
191
14
10
-124
-282
-247
-217
-224
-417
-416
-352
-170
122
384
356
134
106
169
128
262
341
371
396
381
469
445
399
198
273
662
1089
1629
1782
1726
1882
2406
2824
3017
2839
2095
1608
1434
1315
1122
506
-330
-1229
-2175
-2626
-2469
-2138
-1779
-1561
-1720
-2208
-2270
-1733
-1215
-914
-990
-1623
-2432
-2693
-2415
-1861
-1569
-1911
-2526
-2811
-2296
-879
118
338
143
-406
-455
259
1197
1647
1581
1051
434
75
7
349
717
645
290
112
-258
-620
-469
-254
-166
-109
-2
230
621
855
877
640
229
266
494
618
509
222
-118
-339
-423
-536
-645
-705
-262
410
1115
1524
1387
881
591
744
1012
1185
1107
888
269
-289
-243
196
619
1204
1564
1343
1269
2038
3080
3632
3788
3763
3359
2584
2010
1582
1096
811
833
37
-1415
-2270
-2625
-2565
-2189
-1846
-1762
-1715
-1519
-1550
-1904
-1842
-1414
-1201
-1414
-1858
-2317
-2691
-2564
-2144
-2130
-2549
-2672
-2375
-1824
-644
659
1029
510
-80
-364
145
1198
1950
1825
618
-562
-1003
-632
81
834
725
-422
-1348
-1506
-768
134
942
599
-398
-829
-525
304
916
1413
1215
555
70
89
247
355
536
270
-484
-1101
-984
-777
-379
173
369
190
231
737
1331
1679
1710
1395
870
683
724
949
899
1006
849
717
835
1414
2226
2930
3493
3288
3324
3067
2816
2087
1359
1019
683
392
-711
-1940
-2961
-3018
-2563
-2164
-2081
-2069
-1993
-1778
-1408
-1246
-1120
-1204
-1298
-1681
-1920
-1955
-1917
-1712
-1724
-2038
-2381
-2213
-1816
-1094
-298
33
79
-124
-296
-151
445
1022
1322
1185
646
231
161
349
495
479
188
-113
-372
-415
-286
-578
-659
-469
-407
-215
160
433
254
269
410
298
163
294
407
-21
-352
-462
-607
-781
-836
-963
-1284
-1115
-354
461
870
1253
1314
1041
1140
1225
1220
1148
1171
1145
864
824
825
1094
1328
1546
1895
2292
3159
3975
4574
4033
2852
1455
640
710
1010
1058
2
-1563
-3130
-3519
-3226
-2303
-1280
-878
-979
-1362
-1613
-1809
-1452
-1093
-850
-1313
-1953
-2341
-2348
-1748
-1250
-1125
-1423
-1448
-987
101
1204
1563
849
-468
-1231
-994
106
1319
1758
1190
224
-468
-413
214
899
1168
837
184
-431
-630
-503
-158
-545
-1190
-1067
-648
-273
96
481
303
267
462
427
9
-335
-193
-232
-643
-845
-889
-1494
-1841
-1713
-1699
-1475
-508
587
1083
1535
1592
953
299
290
564
687
1083
1224
982
782
995
1552
2005
2805
3230
3658
3747
4185
4391
3534
2448
1347
682
113
77
-806
-1912
-2754
-2939
-2586
-1999
-1580
-1560
-1535
-1685
-1298
-982
-557
-429
-820
-1789
-2647
-3207
-3178
-2232
-1510
-1145
-1309
-1385
-1149
-401
535
1140
961
169
-592
-909
-524
245
856
786
155
-413
-289
421
1284
1559
972
96
-338
-369
-108
311
62
-747
-1135
-839
-347
-39
461
641
333
376
654
471
-4
-126
-245
-595
-779
-712
-855
-1295
-1325
-972
-705
-267
487
1087
1402
2000
2305
1836
1256
685
160
34
459
728
841
1205
1625
1946
2296
2850
3404
3814
4220
4628
4328
3266
1828
656
-20
-85
-203
-1168
-2466
-3222
-3022
-2541
-1970
-1806
-1759
-1526
-1281
-1048
-942
-833
-704
-896
-1834
-2957
-3747
-3991
-3423
-2125
-1154
-723
-456
-419
-85
636
1377
1233
262
-809
-1225
-677
379
1038
650
-358
-976
-558
450
1428
1648
882
-122
-716
-692
-239
45
-349
-1265
-1641
-1030
-164
419
625
360
-7
274
776
627
172
-13
-134
-513
-865
-1058
-1410
-1749
-1590
-1180
-621
377
1513
2278
2499
2348
1867
1192
762
682
561
326
452
607
691
972
1922
2942
3606
4210
4607
4751
4925
4967
3756
1741
245
91
131
-473
-1627
-3087
-4029
-3594
-2175
-1525
-1381
-1344
-1517
-1608
-1062
-371
66
184
-417
-1803
-3434
-4036
-3631
-2896
-1963
-878
-453
-293
284
1090
1389
1351
914
-164
-1091
-990
44
817
981
540
-223
-641
61
1253
2020
1912
1229
140
-833
-1282
-1489
-1555
-1875
-1832
-1232
-345
440
1000
871
246
-27
254
701
1106
1201
583
-503
-1608
-2255
-2705
-2776
-2454
-1781
-959
261
1564
2449
2759
2636
2286
1381
706
421
236
127
-20
-107
-159
-55
852
1800
2780
3472
4204
4625
4753
5299
5141
4096
2109
518
-272
-466
-484
-1232
-2442
-3234
-2816
-2222
-2103
-2046
-2111
-2105
-1446
-641
-194
186
345
-541
-2338
-3863
-4415
-3935
-2637
-982
-103
-156
-209
37
429
954
1319
945
-61
-755
-741
-51
576
743
253
-342
-314
474
1488
1921
1593
716
-228
-723
-815
-1430
-1868
-2403
-2713
-2076
-626
806
1168
1139
565
-4
18
512
947
702
340
-175
-1139
-2095
-2575
-2866
-3077
-2365
-834
696
2116
3251
3501
2954
2506
1682
566
8
-41
178
334
404
4
-388
64
1311
2921
4227
5089
5361
5020
4669
4114
3112
1607
698
458
-186
-1313
-2512
-3453
-3804
-2959
-2040
-1668
-1570
-1521
-1441
-1383
-851
-81
298
-67
-980
-2395
-3878
-4239
-3756
-3039
-1980
-609
252
514
804
907
515
196
212
-25
-361
-176
332
455
250
52
-187
-65
710
1729
2010
1266
87
-716
-1222
-1374
-1425
-2238
-2871
-2579
-1408
-180
833
1282
1016
644
441
469
566
1002
1457
997
-351
-1644
-2571
-3193
-3154
-2505
-1560
-284
1415
2847
3317
3281
2790
1701
746
282
131
166
272
217
-434
-825
-561
411
1863
3093
4015
4157
4306
4496
4373
3915
2801
1447
339
568
921
21
-1602
-3095
-3972
-3808
-2496
-1567
-1505
-1570
-1149
-699
-636
-438
-195
-442
-1098
-1664
-2323
-3006
-2825
-2277
-1704
-938
-228
144
304
818
1237
1248
913
94
-854
-1148
-213
1196
1812
1561
780
142
144
918
1689
1436
408
-513
-1023
-1245
-1276
-2196
-3215
-3280
-1947
-149
1074
1668
1144
306
-240
-42
113
308
919
706
-583
-1915
-2653
-3331
-3482
-2801
-1629
-530
859
2438
3176
3236
3015
2070
626
-320
-468
-215
206
835
414
-485
-703
391
2067
3547
4737
4765
4073
3450
3662
3521
2975
2497
1550
1097
794
61
-1368
-2786
-3395
-3292
-2336
-1649
-1633
-2388
-2961
-2662
-2145
-1005
547
1344
700
-620
-2278
-3992
-4689
-3947
-2396
-1014
301
839
384
-22
-47
121
307
373
202
-168
-54
587
934
770
202
-213
-193
357
1060
917
-197
-1221
-1675
-1960
-2145
-2339
-2159
-2094
-2169
-1441
-474
500
1131
1444
1028
382
427
520
460
-71
-581
-873
-1235
-1469
-1782
-2368
-2312
-1274
273
1918
3061
3708
3514
2995
2311
1129
-116
-905
-834
-290
374
879
912
659
992
1925
2956
4115
4999
5253
5034
4501
3412
2040
824
215
136
-224
-1102
-2296
-3214
-3297
-2871
-2611
-2684
-2842
-2424
-1667
-880
-67
600
755
207
-790
-2198
-3264
-3678
-3231
-2193
-1040
180
960
1230
1077
812
389
44
-108
36
423
908
1346
1348
856
186
-4
140
847
1655
1842
1183
-47
-1047
-1908
-2465
-2781
-2685
-2122
-1184
87
1068
1394
936
363
-98
-161
526
1456
1880
1257
-70
-1589
-2759
-3415
-3249
-2487
-1367
59
1403
2540
2985
2847
2170
1505
1017
671
693
592
491
35
-492
-792
-686
-74
886
2176
3273
4038
4370
4555
4318
3817
2894
1767
888
857
1436
1034
-312
-2288
-3846
-4685
-4271
-3068
-2189
-1379
-811
-526
-819
-818
-301
-10
-204
-506
-1015
-1910
-2287
-2161
-2023
-1989
-1318
-390
394
1299
2000
2014
1175
172
-753
-1142
-475
762
1891
2160
1677
1030
493
339
579
796
448
-15
-372
-995
-2013
-2767
-3049
-2960
-1929
-127
1405
2024
2088
1557
687
131
376
1048
1227
799
-134
-1373
-2542
-2946
-2737
-2304
-1459
-255
1022
2209
3139
3313
2763
1854
903
127
48
428
504
111
-420
-624
-412
311
1548
2532
3180
3810
4241
4317
4069
4062
3741
2938
2110
1802
1671
788
-668
-2383
-3817
-4246
-3399
-2307
-1623
-1227
-1002
-1145
-1643
-1671
-1156
-298
388
633
237
-965
-2205
-3025
-3219
-2563
-1269
177
1064
1354
1431
1079
387
-327
-856
-1024
-474
742
1850
2178
1696
868
98
-166
353
958
856
475
-47
-879
-2249
-3760
-4473
-4212
-2778
-334
1890
2753
2718
1927
679
-239
-312
551
1522
1906
1341
-24
-1852
-3270
-3879
-3670
-2403
-534
1699
3490
4301
4082
3000
1552
482
121
324
1029
1372
1042
216
-721
-1179
-777
415
1985
3372
4082
4377
4396
4243
3924
3521
3013
2355
2096
1914
1257
-198
-1962
-3327
-3983
-3844
-3145
-2368
-2028
-1843
-1720
-1617
-1355
-695
116
558
544
115
-623
-1615
-2347
-2532
-2034
-898
259
1037
1273
1060
685
242
-199
-572
-681
-329
509
1483
1947
1789
1174
669
484
667
894
711
311
-387
-1025
-1895
-2883
-3521
-3686
-2970
-1687
-103
1083
1641
1460
788
306
191
583
1209
1356
875
45
-1074
-1998
-2633
-2932
-2697
-1947
-665
782
1964
2643
2845
2638
2194
1643
1098
701
360
153
46
-83
-85
232
675
1287
2200
3105
3911
4597
4865
4908
4525
3745
2886
2232
1778
1161
405
-542
-1675
-2845
-3478
-3651
-3507
-3009
-2589
-2422
-2356
-2058
-1420
-802
-504
-270
-244
-543
-727
-763
-790
-597
24
553
841
862
568
183
-239
-457
-578
-603
-522
-337
114
621
1098
1539
1825
1906
1923
1640
1087
467
-205
-749
-1172
-1522
-1878
-2165
-2342
-2167
-1504
-461
615
1274
1424
1193
916
825
828
703
385
-67
-512
-920
-1291
-1602
-1925
-2035
-1727
-916
224
1437
2634
3313
3241
2676
1791
725
-115
-502
-563
-441
-272
-43
105
87
124
394
898
1498
2159
2670
2935
2985
2875
2546
1917
1269
959
888
821
682
319
-28
-346
-594
-842
-1171
-1481
-1601
-1363
-1004
-683
-639
-844
-1188
-1394
-1310
-975
-570
-354
-157
-180
-362
-537
-700
-822
-941
-897
-776
-823
-939
-753
-365
139
832
1611
2107
2127
1908
1505
1038
528
141
-177
-580
-806
-810
-712
-621
-380
145
842
1481
1971
2160
1974
1778
1588
1294
894
428
-55
-484
-686
-834
-978
-1065
-1095
-890
-527
80
859
1361
1562
1462
1050
493
155
-16
-223
-383
-537
-562
-622
-758
-825
-836
-662
-234
194
294
242
87
-65
-44
66
130
42
-49
-125
-179
-218
-128
150
468
634
570
300
-100
-262
-172
37
341
646
804
929
1021
1063
1255
1489
1702
1858
1806
1447
969
551
100
-284
-589
-940
-1173
-1214
-1074
-737
-298
68
374
608
648
521
313
-6
-320
-576
-950
-1295
-1533
-1667
-1700
-1558
-1248
-863
-411
-11
209
214
337
524
567
638
585
300
-40
-269
-362
-382
-340
-233
-116
-20
163
508
897
1286
1614
1766
1692
1462
1209
850
490
277
86
-79
-202
-257
-166
43
358
630
666
564
401
224
143
110
-16
-224
-374
-455
-453
-412
-278
-56
173
409
461
305
-2
-284
-434
-350
-66
217
365
248
32
-125
-141
88
497
856
1082
1179
1143
986
696
370
103
-183
-406
-468
-493
-555
-469
-205
28
232
361
380
381
323
255
35
-422
-817
-998
-1057
-1038
-870
-726
-602
-330
-23
257
395
362
333
277
200
170
-20
-325
-481
-583
-560
-385
-204
-144
-161
-71
191
568
958
1288
1372
1243
1056
904
751
539
363
269
176
93
86
72
65
166
424
628
679
632
498
379
297
241
150
62
50
120
203
230
182
27
-150
-238
-230
-178
-86
64
167
284
431
510
523
445
336
294
343
417
411
325
103
-105
-138
-47
126
276
311
198
23
-72
-91
-23
126
263
401
484
524
476
341
178
-7
-195
-408
-510
-512
-437
-330
-213
-74
28
78
40
-31
-60
28
100
74
54
4
-122
-183
-215
-232
-210
-227
-280
-438
-594
-615
-409
-16
380
708
828
802
676
512
389
286
262
263
193
-2
-130
-197
-194
-81
5
94
141
110
111
104
4
-79
-131
-113
-40
-11
0
38
53
22
37
-7
-80
-56
56
247
464
636
783
847
881
912
849
850
871
853
774
608
422
232
127
113
103
21
-49
-105
-138
-141
-99
40
166
274
295
196
51
-71
-133
-231
-331
-432
-531
-626
-659
-619
-572
-476
-358
-217
-135
-127
-105
-84
-50
37
83
37
-62
-110
-154
-207
-175
-164
-199
-215
-222
-177
-26
179
322
393
424
421
422
382
333
317
277
214
137
63
-51
-144
-196
-220
-182
-167
-200
-268
-261
-188
-113
-36
17
-2
-57
-73
-106
-175
-260
-314
-341
-342
-304
-264
-248
-246
-174
-2
157
228
259
299
367
475
564
631
543
347
204
150
167
197
224
185
105
38
11
45
121
159
205
233
202
156
84
-3
-55
-105
-142
-131
-164
-254
-311
-313
-297
-253
-208
-171
-178
-252
-252
-247
-220
-78
85
208
268
228
103
8
-29
-7
10
-65
-210
-320
-289
-131
53
212
284
328
378
410
474
515
469
345
194
78
19
-15
-45
-78
-157
-264
-371
-420
-375
-234
-39
155
322
403
438
441
412
345
256
181
151
110
12
-104
-214
-300
-347
-269
-102
47
187
236
240
288
345
386
389
413
405
356
327
299
208
54
-51
-149
-236
-246
-221
-169
-84
10
64
60
33
-5
17
77
87
43
-26
-109
-222
-252
-274
-319
-303
-264
-185
-161
-170
-165
-180
-126
-43
20
58
47
3
-59
-92
-75
-55
-113
-197
-256
-281
-229
-152
-67
-36
-44
-8
40
97
137
171
212
220
239
210
130
48
-62
-189
-309
-426
-518
-496
-371
-248
-148
-64
42
177
278
340
336
266
182
132
77
25
-12
-76
-99
-73
1
175
328
417
461
473
488
522
573
585
565
496
450
464
431
319
213
102
-10
-84
-149
-202
-209
-207
-215
-181
-117
-57
-40
-15
27
36
19
-6
-10
0
34
40
-46
-181
-308
-384
-418
-386
-320
-293
-254
-138
9
131
212
220
181
209
260
234
166
23
-117
-219
-234
-115
-51
13
38
8
46
152
317
424
441
421
380
302
215
123
17
-122
-270
-399
-467
-399
-337
-304
-268
-235
-168
-76
67
223
322
333
321
227
135
126
87
52
34
37
19
34
100
161
261
368
462
528
536
501
414
298
202
159
125
80
52
57
47
30
0
-93
-189
-288
-353
-376
-367
-351
-304
-224
-146
-68
-57
-86
-75
-64
-36
-40
-91
-125
-184
-241
-289
-310
-337
-387
-355
-271
-166
-58
3
42
80
160
261
331
337
248
111
51
34
-14
-63
-121
-148
-102
0
148
249
320
335
293
280
195
78
-19
-145
-220
-276
-341
-359
-374
-304
-189
-85
74
165
211
256
273
312
330
313
255
187
148
85
5
-49
-102
-79
-11
42
111
144
190
217
233
259
230
222
223
220
248
265
294
309
324
371
379
364
342
239
114
-14
-146
-190
-179
-109
-16
33
111
195
214
233
274
320
320
263
227
185
130
99
64
20
-46
-109
-132
-114
-74
-60
-55
-32
14
81
163
206
197
181
159
108
75
96
79
27
10
27
79
128
156
204
219
256
268
217
217
144
24
-40
-88
-128
-141
-110
-90
-101
-133
-126
-36
55
163
232
264
278
247
222
185
168
173
181
226
255
286
286
261
258
238
299
368
401
398
311
223
157
131
146
154
122
72
17
1
11
29
51
33
2
-28
-43
-42
-74
-125
-125
-137
-151
-103
0
120
157
183
179
109
100
68
30
12
-82
-170
-245
-264
-210
-151
-102
-64
-16
24
108
201
165
72
17
18
34
45
49
4
-67
-75
-15
28
80
134
145
145
170
206
187
135
104
53
3
-11
-6
0
4
14
14
43
99
167
234
281
309
311
257
202
167
124
100
103
138
153
152
185
231
261
290
285
227
182
185
165
150
166
176
180
148
140
147
131
127
114
116
88
33
-10
-48
-67
-55
-56
-64
-79
-117
-130
-134
-144
-106
-75
-62
-15
-27
-73
-140
-190
-181
-185
-203
-218
-226
-191
-98
-24
50
124
136
165
202
201
172
95
-10
-119
-176
-161
-141
-124
-101
-78
-61
-51
-50
-60
-116
-191
-186
-162
-119
-94
-104
-91
-95
-89
-86
-76
-16
7
10
26
-13
-46
-55
-11
31
64
96
57
23
-9
-16
-13
-45
-54
-44
-29
39
84
83
38
5
35
31
28
34
20
-19
-21
-8
27
81
80
77
63
47
26
-14
-42
-45
-71
-68
-21
-9
-14
8
55
63
67
47
0
-32
-56
-55
-102
-128
-106
-95
-51
-32
-63
-102
-158
-171
-140
-71
11
33
48
87
106
118
137
106
23
-61
-103
-64
-44
-77
-91
-90
-78
-30
-2
19
2
-40
-78
-132
-127
-132
-104
-62
-33
-13
-25
-18
-9
21
33
0
-14
-20
-36
16
77
82
67
63
85
115
176
218
156
104
119
158
198
206
195
145
129
175
210
210
140
64
13
17
64
102
123
95
73
66
67
56
24
9
8
34
84
94
96
107
92
88
81
82
63
58
104
77
20
-53
-129
-190
-174
-77
-54
-47
-57
-86
-70
-17
36
42
49
53
54
73
80
60
9
-37
-37
-42
-39
-29
0
27
28
54
52
67
85
102
123
92
49
18
-24
-24
2
8
50
70
97
91
54
61
18
-47
-54
-10
-1
-21
-39
-77
-80
-12
104
199
226
225
210
214
239
207
158
121
66
13
-20
-40
-72
-101
-75
-30
10
51
86
50
28
28
1
-4
-67
-107
-138
-158
-133
-133
-120
-90
-93
-93
-90
-76
-43
-38
-33
-64
-122
-185
-229
-230
-201
-160
-149
-153
-124
-72
-14
59
95
81
50
4
3
-10
-65
-131
-178
-199
-186
-145
-97
-63
-50
-16
-27
-7
5
-31
-46
-54
-57
-67
-80
-98
-91
-67
-34
9
47
63
63
57
61
61
24
-7
1
34
56
54
34
-13
-31
-32
-23
23
63
78
61
39
36
7
-17
-23
-26
-40
-50
-24
-14
-11
21
79
103
114
114
101
80
61
58
38
29
28
48
96
115
101
80
90
89
80
51
-27
-97
-180
-239
-254
-261
-260
-257
-222
-195
-192
-190
-183
-168
-173
-122
-47
-8
5
14
24
31
14
23
18
0
12
33
109
113
89
14
-48
-18
-5
63
47
2
-42
-125
-85
-74
-47
-47
-119
-142
-138
-94
-74
-56
-36
-44
-49
-52
-23
46
57
5
-84
-153
-161
-128
-50
26
41
23
-12
-41
-53
-71
-74
-99
-85
-7
-1
-34
-84
-186
-226
-215
-125
-66
-31
10
-55
-116
-162
-114
-62
-23
39
23
-29
-38
-83
-136
-90
17
-1
-38
-71
-64
-17
-10
27
-513
-772
-319
61
158
-33
62
67
-26
-68
-451
-332
151
440
211
-185
-10
141
84
-77
-500
-575
-119
592
705
125
28
45
-145
-531
-664
-293
291
764
557
-9
-415
-348
-113
-171
-308
-441
-201
279
301
90
-64
-67
-241
-612
-662
-260
390
583
355
16
-300
-276
-135
-12
6
-38
64
200
365
399
233
-21
-262
-304
-187
3
215
295
111
-116
-251
-385
-293
-111
-51
-179
-290
-144
-18
-22
-141
-242
-326
-314
-192
-76
20
61
-51
-175
-241
-297
-194
-61
-11
-89
-142
-99
-26
-37
-135
-175
-181
-149
-141
-157
-149
-127
-176
-250
-214
-169
-147
-168
-217
-245
-211
-149
-148
-184
-142
-85
-139
-205
-223
-180
-141
-47
24
22
29
28
-18
-103
-134
-125
-90
-110
-99
-105
-62
61
16
-38
-94
-123
-69
-89
-71
-34
-55
-104
-236
-325
-296
-200
-137
-127
-53
-24
-34
3
5
38
8
-3
38
33
51
40
48
86
23
-41
-4
7
42
67
-27
-78
-94
-66
19
7
-9
-43
-83
-99
-138
-140
-124
-84
-60
-76
-97
-185
-206
-205
-161
-81
-154
-225
-169
-64
-75
-94
-93
-113
-140
-143
-67
-58
-72
-12
5
-45
-39
-75
-125
-106
-80
-113
-139
1
67
27
-92
-85
2
18
36
-37
-84
-109
-48
-22
-99
-127
-97
-87
-99
-53
14
95
114
6
-145
-158
-40
65
100
14
-71
-92
-73
-40
0
48
64
41
-72
-168
-161
-34
55
-44
-232
-281
-208
-143
-78
-75
-115
-247
-278
-256
-240
-85
28
-82
-349
-489
-357
-174
-128
-155
-300
-398
-410
-411
-354
-285
-174
-130
-251
-406
-407
-231
-113
-158
-258
-343
-329
-206
-44
48
35
-83
-252
-278
-127
51
120
78
2
-95
-186
-139
-7
73
100
3
-143
-95
50
116
50
-53
-36
40
62
31
35
81
115
47
-26
-60
63
146
108
96
24
11
69
149
251
274
165
90
87
171
269
266
136
7
-9
-17
40
103
100
17
-131
-256
-185
32
65
-83
-305
-321
-178
-85
-93
-184
-253
-320
-344
-402
-381
-322
-332
-404
-378
-353
-353
-342
-389
-390
-440
-403
-375
-380
-382
-324
-198
-209
-243
-269
-244
-201
-196
-111
-107
-170
-211
-144
-87
-110
-89
-166
-238
-236
-223
-166
-165
-190
-183
-163
-154
-165
-191
-196
-64
91
172
125
87
70
97
189
227
328
535
605
567
598
640
794
893
820
791
879
1156
1275
1261
1184
1241
1402
1178
1023
988
1268
1323
1062
586
211
281
180
-59
-646
-952
-940
-941
-1265
-1883
-2207
-2368
-2177
-2238
-2423
-2612
-2491
-2148
-1878
-1721
-1824
-1666
-1359
-890
-489
0
194
459
774
1022
1353
1546
1813
1905
1959
1883
2116
2286
2212
1984
1499
1167
1096
1177
990
595
52
-289
-395
-497
-821
-1231
-1619
-1860
-1842
-1842
-1930
-2147
-2262
-2249
-2020
-1920
-1932
-1756
-1544
-1242
-972
-817
-709
-484
-191
57
210
311
464
696
806
908
1108
1158
1095
997
1045
1127
1197
1164
1004
924
943
1080
1146
1174
1086
1078
1154
1234
1388
1409
1578
1489
1353
1382
1538
1669
1394
1070
627
585
552
291
-198
-856
-1120
-1360
-1648
-2203
-2646
-2965
-3027
-3130
-3414
-3594
-3675
-3387
-3283
-3109
-3026
-2729
-2353
-1976
-1684
-1223
-670
-328
199
488
941
1363
1830
2066
2205
2357
2553
2858
2891
2845
2655
2647
2618
2500
2231
1934
1702
1522
1235
893
718
334
27
-306
-654
-889
-996
-1155
-1488
-1769
-1940
-1942
-2091
-2265
-2376
-2363
-2291
-2244
-2140
-2135
-1969
-1739
-1526
-1385
-1279
-1057
-842
-600
-382
-166
51
250
398
561
711
835
942
1009
1047
1082
1172
1264
1353
1302
1143
1165
1217
1339
1360
1289
1304
1382
1450
1439
1479
1443
1546
1542
1468
1433
1388
1425
1162
803
457
394
118
-347
-802
-1209
-1360
-1776
-2267
-2897
-3217
-3419
-3524
-3820
-4070
-4091
-4034
-3739
-3711
-3455
-3208
-2896
-2525
-2105
-1597
-937
-415
-150
305
728
1356
1836
2163
2459
2756
2990
3260
3348
3226
3225
3122
3095
2946
2720
2590
2388
2079
1761
1415
1134
783
410
110
-143
-438
-844
-1270
-1564
-1652
-1920
-2057
-2296
-2463
-2434
-2625
-2709
-2776
-2748
-2618
-2320
-2280
-2126
-1815
-1618
-1282
-1106
-954
-791
-456
-156
110
453
674
778
1006
1126
1223
1351
1372
1493
1601
1583
1491
1586
1549
1579
1604
1504
1531
1510
1594
1601
1688
1573
1512
1598
1558
1629
1443
1313
1272
1352
1300
1078
778
458
392
76
-413
-898
-1295
-1487
-1813
-2291
-2777
-2970
-3184
-3466
-3792
-3988
-3956
-3865
-3719
-3743
-3422
-3106
-2858
-2592
-2212
-1666
-1078
-640
-279
315
807
1317
1700
1983
2340
2695
2978
3198
3375
3449
3443
3383
3295
3178
3066
2819
2569
2335
2154
1874
1546
1249
859
586
137
-61
-290
-546
-774
-1194
-1348
-1441
-1599
-1988
-2227
-2327
-2240
-2191
-2448
-2458
-2355
-2191
-2275
-2169
-2044
-1842
-1497
-1370
-1184
-993
-668
-546
-283
-125
88
401
589
701
876
1063
1122
1238
1197
1156
1250
1356
1462
1585
1525
1407
1353
1413
1447
1431
1474
1536
1623
1716
1704
1696
1757
1721
1591
1412
1445
1518
1562
1321
887
636
525
303
-203
-624
-954
-1027
-1320
-1871
-2385
-2683
-2892
-3145
-3228
-3537
-3544
-3466
-3377
-3265
-3035
-2805
-2622
-2307
-1946
-1391
-761
-302
-74
411
881
1450
2013
2309
2503
2741
2977
3204
3480
3519
3427
3333
3255
3136
3014
2773
2524
2264
1977
1725
1400
1163
781
407
113
-217
-509
-689
-884
-1074
-1280
-1562
-1661
-1835
-1982
-2162
-2267
-2170
-2183
-2185
-2259
-2325
-2312
-2085
-1924
-1869
-1789
-1710
-1423
-1144
-1042
-1020
-860
-680
-425
-214
31
307
382
404
509
692
918
993
1003
1119
1167
1323
1442
1450
1482
1442
1462
1495
1546
1559
1496
1479
1530
1515
1507
1515
1453
1390
1371
1259
960
945
936
890
743
244
-7
-81
-262
-740
-1115
-1352
-1518
-1589
-2031
-2385
-2576
-2627
-2865
-2906
-2972
-3010
-2825
-2758
-2621
-2450
-2170
-2085
-1825
-1374
-914
-322
101
226
600
1075
1468
1888
2241
2459
2686
2926
3024
3151
3210
3049
2838
2767
2706
2670
2504
2174
1843
1482
1195
966
680
376
62
-139
-381
-673
-904
-1101
-1198
-1380
-1486
-1570
-1528
-1628
-1839
-1986
-2112
-1968
-2052
-2102
-2161
-2083
-1983
-1936
-1930
-2062
-1924
-1914
-1683
-1502
-1339
-1238
-1079
-808
-630
-352
-182
38
194
416
661
882
1043
1130
1333
1522
1570
1628
1665
1619
1687
1733
1772
1796
1762
1652
1634
1682
1554
1455
1382
1349
1369
1346
1300
1249
1101
766
723
787
730
521
188
-2
1
-52
-579
-984
-1163
-1254
-1353
-1721
-2081
-2219
-2298
-2618
-2791
-2981
-3103
-3021
-2924
-2874
-2700
-2398
-2448
-2252
-1925
-1578
-1011
-568
-357
-37
458
780
1144
1448
1610
1938
2252
2426
2618
2748
2712
2681
2726
2678
2591
2504
2265
2022
1851
1602
1330
1146
802
480
374
141
-95
-410
-662
-872
-1162
-1281
-1503
-1588
-1764
-1976
-2091
-2151
-2164
-2325
-2332
-2389
-2291
-2212
-2287
-2275
-2097
-1866
-1817
-1592
-1510
-1259
-1015
-821
-600
-437
-72
121
417
665
823
1042
1277
1332
1497
1632
1539
1667
1704
1695
1719
1644
1511
1520
1526
1424
1250
1060
916
781
767
691
576
502
513
522
595
487
391
466
436
369
151
166
212
214
99
-209
-372
-379
-396
-783
-1085
-1266
-1369
-1452
-1824
-2181
-2219
-2238
-2452
-2484
-2541
-2580
-2353
-2251
-2182
-1966
-1729
-1558
-1309
-910
-632
-253
119
265
671
1074
1286
1597
1883
1976
2203
2439
2439
2587
2661
2536
2425
2382
2188
2023
1944
1734
1598
1438
1263
1043
827
520
152
-109
-310
-525
-700
-852
-1026
-1077
-1309
-1564
-1663
-1651
-1646
-1758
-1820
-1829
-1728
-1642
-1723
-1758
-1673
-1509
-1386
-1285
-1162
-912
-675
-504
-392
-223
41
137
279
399
566
688
756
841
969
1099
1158
1146
1066
1107
1080
981
916
813
717
692
549
447
448
328
273
233
93
34
11
-47
-64
-100
-173
-170
-70
-68
-104
-50
46
180
243
54
38
196
246
227
65
-41
-36
123
-67
-359
-412
-588
-637
-759
-1022
-1164
-1069
-1241
-1391
-1427
-1515
-1396
-1361
-1336
-1288
-1071
-932
-754
-486
-288
-154
88
292
489
808
937
1121
1434
1600
1611
1705
1725
1742
1808
1743
1635
1590
1513
1346
1235
1094
830
608
423
261
155
-26
-294
-472
-578
-754
-864
-963
-994
-1055
-1121
-1237
-1345
-1261
-1260
-1253
-1348
-1325
-1124
-945
-927
-1029
-1024
-948
-715
-734
-709
-595
-423
-246
-156
-45
4
211
224
297
354
390
400
419
516
606
692
622
526
554
552
486
451
333
222
145
118
17
-27
-147
-296
-272
-283
-412
-443
-450
-451
-312
-367
-373
-248
-91
97
193
296
375
499
662
811
831
873
944
1078
1174
1098
971
826
883
705
460
226
57
72
-108
-348
-608
-766
-861
-1109
-1322
-1409
-1499
-1545
-1559
-1666
-1512
-1408
-1475
-1329
-1119
-927
-687
-504
-418
-149
41
112
293
477
527
646
791
875
976
1041
1044
997
1079
1056
1000
1003
830
669
685
577
439
405
219
123
133
28
-77
-118
-240
-292
-340
-523
-592
-716
-768
-751
-883
-947
-841
-846
-837
-903
-1056
-982
-928
-971
-990
-909
-812
-722
-694
-687
-618
-468
-444
-387
-236
-137
-95
-23
113
124
219
181
38
157
166
36
69
-10
-143
-79
-176
-219
-183
-332
-405
-369
-342
-337
-364
-321
-233
-150
-91
-60
112
302
439
489
605
679
759
892
937
1124
1207
1138
1167
1235
1266
1191
960
766
677
635
411
183
17
-147
-250
-583
-805
-969
-1149
-1324
-1467
-1586
-1670
-1710
-1805
-1761
-1739
-1691
-1676
-1603
-1395
-1216
-965
-820
-674
-488
-350
-129
127
338
511
658
825
998
1111
1189
1238
1281
1283
1270
1281
1252
1256
1159
969
863
781
737
646
472
234
148
74
-54
-191
-339
-461
-542
-583
-782
-788
-741
-908
-1038
-1169
-1197
-1043
-985
-1137
-1184
-1068
-906
-816
-855
-947
-867
-658
-630
-606
-494
-443
-316
-200
-164
-124
-107
-87
-97
48
64
-77
-107
-168
-141
-87
-200
-308
-308
-313
-276
-313
-286
-267
-301
-293
-322
-256
-191
-145
-170
-178
-57
116
248
320
320
391
538
662
797
863
974
1058
1115
1221
1154
1092
1122
1029
1039
976
761
715
630
395
90
-156
-346
-460
-624
-952
-1210
-1242
-1289
-1467
-1570
-1733
-1761
-1675
-1711
-1715
-1565
-1490
-1435
-1232
-1040
-848
-576
-387
-231
26
226
294
495
632
700
881
960
1036
1100
1189
1146
1075
1066
943
913
935
759
629
571
375
351
253
79
-9
-111
-129
-210
-260
-360
-519
-509
-524
-658
-680
-812
-888
-824
-870
-913
-923
-976
-1043
-959
-1002
-1013
-955
-1038
-1040
-923
-846
-812
-746
-822
-757
-665
-598
-528
-525
-419
-423
-355
-333
-382
-312
-317
-385
-334
-347
-435
-389
-388
-405
-339
-361
-376
-344
-353
-354
-345
-293
-268
-190
-97
-37
88
199
291
337
470
524
579
734
812
938
1038
1090
1150
1296
1361
1383
1424
1395
1383
1416
1411
1388
1319
1240
1116
1114
1066
874
719
457
297
132
-36
-286
-459
-573
-795
-894
-1106
-1251
-1323
-1364
-1460
-1456
-1425
-1470
-1360
-1318
-1225
-1130
-1014
-889
-712
-500
-383
-243
-101
30
230
355
417
498
644
668
679
735
709
766
778
715
688
750
668
596
584
454
417
338
281
236
256
179
17
57
-47
-164
-311
-497
-502
-458
-496
-628
-678
-691
-657
-740
-891
-981
-974
-871
-920
-933
-902
-845
-728
-689
-734
-687
-621
-584
-536
-486
-455
-412
-429
-415
-332
-337
-366
-387
-357
-347
-366
-346
-341
-300
-292
-288
-230
-151
-120
-169
-191
-146
-52
-43
17
95
199
337
361
483
596
700
701
696
809
895
961
936
977
1043
1099
1054
1066
1124
1085
1052
912
957
1014
962
844
649
583
513
424
199
-4
-73
-171
-321
-438
-610
-686
-858
-1078
-1150
-1226
-1256
-1301
-1393
-1421
-1320
-1266
-1237
-1247
-1123
-986
-818
-670
-614
-372
-167
-37
128
327
518
707
905
1013
1174
1338
1382
1399
1463
1495
1496
1580
1509
1430
1407
1270
1183
1102
908
725
621
476
395
299
134
-35
-190
-248
-426
-533
-654
-831
-863
-931
-1062
-1107
-1064
-1192
-1197
-1245
-1344
-1283
-1270
-1324
-1314
-1253
-1329
-1264
-1255
-1223
-1154
-1114
-1037
-1006
-969
-889
-907
-881
-798
-791
-613
-580
-563
-419
-357
-258
-166
-140
-87
8
44
111
143
135
171
174
221
279
328
342
346
388
431
459
445
455
512
543
550
563
614
652
669
616
596
636
639
657
638
633
607
637
644
578
581
469
426
392
347
299
240
199
123
99
5
-65
-183
-289
-354
-447
-506
-537
-567
-646
-685
-698
-701
-658
-682
-735
-689
-629
-573
-500
-495
-427
-310
-197
-116
-5
97
215
281
351
459
537
641
619
683
750
755
792
803
723
683
682
641
667
627
510
499
468
382
271
171
67
22
-34
-184
-206
-281
-349
-486
-581
-675
-777
-824
-1016
-1057
-1111
-1164
-1232
-1302
-1328
-1374
-1321
-1433
-1411
-1385
-1352
-1285
-1196
-1093
-995
-821
-761
-641
-537
-436
-305
-167
-102
17
137
252
392
509
539
530
640
709
727
769
774
728
752
732
721
719
631
617
590
530
560
549
492
454
450
476
494
441
404
426
414
348
299
297
300
325
236
229
353
427
417
342
367
396
342
358
309
334
358
307
347
352
340
296
203
128
147
116
-54
-198
-263
-290
-423
-545
-670
-659
-634
-769
-810
-908
-861
-858
-911
-960
-903
-770
-744
-698
-608
-500
-425
-344
-329
-238
-144
-85
-58
37
151
230
292
294
399
428
424
414
423
420
456
484
431
469
467
472
412
322
264
189
110
9
-62
-144
-240
-305
-370
-499
-614
-681
-770
-906
-1075
-1224
-1307
-1343
-1387
-1457
-1551
-1531
-1439
-1477
-1565
-1508
-1469
-1418
-1366
-1367
-1219
-1101
-1046
-980
-855
-748
-619
-531
-527
-427
-270
-209
-206
-77
22
102
190
173
189
248
266
323
315
293
317
355
344
302
342
327
339
343
285
237
225
251
243
257
272
352
463
520
500
534
611
573
599
583
630
711
663
640
662
738
702
646
555
563
602
500
430
396
480
503
384
216
214
283
228
167
51
51
78
9
-128
-193
-148
-185
-227
-341
-374
-328
-410
-539
-593
-571
-614
-704
-797
-799
-709
-674
-725
-750
-658
-581
-531
-575
-597
-480
-410
-390
-398
-421
-382
-319
-335
-354
-312
-262
-293
-308
-413
-480
-442
-506
-551
-594
-608
-650
-715
-759
-820
-842
-898
-964
-946
-976
-1061
-1082
-1140
-1125
-1103
-1087
-1079
-1063
-1071
-1087
-1030
-1035
-1035
-1024
-1035
-1019
-975
-971
-929
-878
-790
-739
-716
-682
-666
-628
-653
-657
-590
-449
-342
-238
-166
-106
28
84
113
133
185
265
349
421
506
574
575
567
583
588
575
569
514
520
593
596
546
519
523
549
491
421
383
409
404
350
287
231
264
235
170
114
149
171
127
59
-27
7
-2
-65
-92
-112
-122
-152
-214
-288
-299
-306
-283
-241
-184
-176
-153
-104
-98
-110
-184
-206
-173
-67
-31
-110
-52
-48
-25
-58
-179
-163
-191
-185
-293
-373
-366
-340
-354
-457
-483
-460
-417
-489
-539
-575
-537
-477
-497
-503
-481
-368
-382
-367
-345
-363
-299
-328
-329
-287
-248
-236
-248
-229
-173
-106
-119
-189
-219
-250
-313
-345
-350
-342
-313
-280
-300
-315
-325
-365
-425
-432
-433
-419
-389
-399
-343
-315
-363
-397
-388
-399
-371
-355
-370
-330
-296
-270
-256
-234
-249
-223
-181
-195
-160
-156
-125
-41
29
119
180
225
274
303
325
324
357
410
449
532
590
586
592
620
654
669
635
597
572
563
525
468
473
502
525
506
440
387
346
350
296
228
198
228
310
290
274
211
216
176
128
97
25
105
128
189
186
160
205
178
204
156
68
36
93
143
126
116
66
46
54
9
-1
47
37
68
61
-34
-47
-30
-63
-55
-55
-140
-182
-207
-239
-253
-276
-303
-299
-252
-278
-345
-400
-456
-484
-486
-479
-468
-468
-489
-482
-467
-465
-467
-435
-412
-369
-265
-284
-276
-266
-293
-254
-236
-231
-246
-214
-228
-256
-198
-158
-68
-39
-72
-75
-88
-73
-91
-57
-60
-38
25
19
30
43
37
39
70
61
114
195
250
311
319
329
314
264
220
274
366
393
395
401
455
506
506
436
382
388
417
399
363
393
462
494
479
443
454
464
426
385
355
357
366
366
371
359
358
365
335
297
275
344
369
355
326
329
346
311
331
302
293
272
253
202
184
242
193
165
154
145
200
185
130
90
87
71
33
0
-27
23
57
1
-71
-80
-61
-28
-80
-152
-117
-81
-103
-167
-236
-220
-187
-189
-254
-322
-296
-288
-321
-348
-353
-332
-325
-308
-301
-302
-292
-319
-313
-280
-277
-294
-301
-291
-201
-134
-128
-126
-89
-19
-19
-91
-171
-156
-44
38
13
25
89
166
192
81
5
39
115
156
148
108
118
211
227
205
185
191
203
202
199
171
217
231
210
247
249
265
257
215
211
236
248
201
185
232
253
254
230
183
266
268
230
227
171
220
245
230
154
150
223
221
199
146
115
152
165
133
139
124
124
99
44
12
19
27
-22
-107
-118
-72
-67
-54
-81
-57
-31
-28
-42
-114
-149
-75
-35
-95
-123
-111
4
76
34
-41
-51
50
88
21
-11
20
100
120
22
8
77
147
120
3
-30
0
78
75
-33
-67
-25
27
-1
-44
-33
-44
-59
-64
-87
-50
-12
-26
-30
-49
-3
28
-34
-65
-99
-83
-54
-109
-160
-158
-144
-138
-130
-156
-145
-131
-115
-115
-112
-96
-180
-232
-223
-198
-182
-201
-186
-155
-126
-111
-174
-212
-167
-133
-130
-150
-98
-24
-23
-49
-134
-151
-90
-83
-76
-44
30
116
141
113
78
87
103
95
89
151
202
211
199
173
260
304
292
257
246
341
360
341
309
308
360
384
373
297
276
335
334
313
301
310
354
344
282
228
207
228
207
148
131
164
180
108
48
36
51
75
31
9
45
51
31
3
-8
0
-4
-67
-110
-74
-32
-50
-111
-119
-93
-61
-88
-157
-147
-67
-20
-37
-85
-113
-94
-107
-153
-167
-131
-129
-103
-84
-70
-27
-9
-8
-29
-19
-46
-61
-63
-95
-104
-145
-167
-154
-136
-133
-141
-117
-103
-62
-36
-63
-113
-123
-114
-126
-102
-71
-11
23
65
119
113
113
129
143
164
170
185
166
160
218
183
150
128
127
144
110
118
120
138
159
105
73
36
2
-32
-117
-125
-111
-85
-43
-50
-38
9
26
-16
-59
-65
-64
-102
-131
-142
-157
-128
-74
-61
-54
-1
47
45
-5
-1
51
79
81
108
111
77
80
59
0
-13
70
109
90
124
151
141
119
81
37
2
-26
-61
-95
-120
-96
-96
-120
-56
-11
24
1
-33
-79
-127
-156
-257
-275
-255
-228
-239
-236
-168
-117
-28
10
-44
-85
-72
-42
-36
-91
-106
-65
-42
-28
4
88
130
160
184
165
153
136
80
16
9
61
73
9
-5
31
73
89
70
71
95
122
121
70
22
5
-10
-18
-29
-16
25
71
91
64
34
33
6
-25
-80
-149
-159
-160
-158
-157
-164
-129
-96
-41
-18
-79
-52
0
-9
-68
-116
-120
-99
-77
-82
-85
-44
26
13
-11
-27
-10
-27
-86
-74
-41
4
27
41
52
68
75
55
0
-18
-8
16
-2
-44
18
44
24
44
63
75
93
78
103
136
118
80
39
35
46
38
37
35
44
96
121
131
146
152
135
68
17
10
-11
-26
-16
17
51
45
39
21
37
46
27
32
14
23
55
58
44
47
51
73
72
73
73
58
94
77
27
-12
-20
-2
-6
-22
-4
22
66
128
161
197
208
180
145
106
80
94
69
65
80
117
176
202
228
223
210
178
104
78
93
89
91
110
137
152
192
191
175
180
182
167
152
177
160
153
138
132
135
161
217
231
266
294
277
264
241
254
280
259
242
211
208
215
195
203
246
269
308
302
282
296
204
160
176
156
132
115
124
135
146
145
126
114
106
111
125
81
66
63
17
4
-17
-19
-5
2
13
14
30
37
15
48
55
11
10
-32
-54
-52
-33
-29
-61
-24
-33
-60
-86
-90
-31
-71
-85
-65
-105
-110
-94
-91
-101
-94
-76
-68
-58
-33
10
20
11
35
60
57
74
53
-8
-23
-18
-6
-48
-71
-30
18
64
41
37
61
56
66
51
21
58
100
101
108
111
124
134
134
150
176
198
191
177
130
77
81
77
101
148
181
199
218
280
268
224
232
214
185
180
170
195
221
238
240
173
214
253
215
212
216
206
117
86
117
52
-10
-13
-43
-31
-25
-8
-27
-33
128
17
-192
-74
106
77
-124
-107
37
19
62
-20
-198
18
268
71
-289
-210
190
119
-217
-242
-106
35
38
-128
-280
-157
170
53
-363
-268
103
128
-75
-152
-43
84
108
-16
-176
-68
135
56
-134
-120
48
108
18
-67
-37
9
47
18
-95
-100
-50
12
-27
-105
-73
-52
-36
0
-38
-105
-72
10
-15
-122
-124
-72
-117
-137
-131
-182
-163
-100
-77
-122
-142
-80
-107
-169
-142
-97
-105
-85
-28
-46
-106
-119
-93
-114
-88
-83
-137
-119
-75
-51
-78
-103
-74
-30
1
-11
-38
-4
15
-11
-24
-21
2
14
-7
-24
-24
-9
4
-26
-68
-47
-1
9
11
-14
-40
-12
6
-60
-121
-71
-7
-13
-10
40
53
63
55
34
7
-15
-4
-57
-89
-53
-25
-26
-37
-41
-54
-77
-89
-58
-59
-103
-77
-63
-97
-80
-60
-79
-84
-71
-8
13
-3
-13
-63
-83
-129
-152
-175
-209
-212
-222
-195
-182
-159
-133
-142
-126
-113
-117
-102
-146
-244
-263
-253
-239
-231
-256
-239
-187
-129
-123
-159
-173
-180
-174
-206
-222
-193
-164
-158
-196
-166
-114
-118
-133
-136
-113
-103
-130
