-4
22
0
-37
-21
-30
-2
-30
-5
-38
-42
-28
-24
-23
-43
-51
-24
-9
-33
-2
-22
26
-8
-12
40
-13
30
5
25
45
4
37
7
1
10
26
44
2
-39
-8
10
18
-2
-46
-48
-20
0
-17
-58
-51
-41
-26
-2
-36
-19
-27
12
5
-9
0
11
23
-19
2
-8
34
18
16
-7
-7
-9
2
29
-32
21
10
7
-7
-19
14
-41
-2
25
4
-7
-29
-4
-41
-2
4
5
2
-21
4
0
0
-3
9
34
29
29
52
15
28
51
59
57
33
33
18
37
64
35
30
13
30
50
38
57
42
48
61
89
90
52
64
42
84
67
52
47
-11
38
-16
7
-48
-61
-17
-28
-34
-48
-30
-21
-6
-6
7
18
53
100
95
84
110
147
158
143
147
139
185
188
176
183
158
168
199
228
194
170
179
200
201
158
163
71
58
78
29
-10
-112
-113
-150
-176
-228
-296
-350
-359
-378
-394
-439
-483
-472
-511
-496
-523
-515
-532
-571
-540
-559
-550
-535
-545
-549
-555
-564
-548
-530
-502
-479
-459
-423
-419
-383
-301
-279
-254
-211
-152
-114
-48
-29
-14
56
78
98
144
170
214
216
251
273
234
302
311
350
310
306
340
338
346
329
340
307
330
327
309
266
256
254
231
240
162
145
109
115
126
43
37
-3
3
-19
-54
-82
-75
-56
-22
-5
27
53
119
185
167
220
229
317
336
340
366
349
370
367
373
346
331
322
315
250
243
246
189
165
124
104
58
58
44
3
-14
-23
-21
-43
-67
-81
-57
-61
-118
-101
-159
-153
-157
-203
-205
-299
-263
-265
-299
-343
-390
-364
-382
-361
-380
-405
-414
-404
-367
-430
-384
-402
-371
-353
-346
-338
-327
-296
-289
-257
-256
-201
-205
-153
-137
-91
-23
-26
13
46
126
199
217
246
273
302
346
369
409
394
411
455
466
483
452
483
442
421
401
396
389
317
314
294
279
265
257
212
199
178
214
209
193
214
152
210
190
214
176
137
150
96
84
17
-4
-40
-113
-128
-204
-274
-328
-368
-402
-480
-493
-494
-470
-483
-435
-337
-283
-161
-73
112
225
313
450
530
650
698
776
814
820
902
971
989
952
970
968
932
861
789
686
584
496
338
275
134
112
32
-48
-141
-242
-202
-315
-334
-396
-439
-491
-597
-638
-724
-764
-836
-845
-810
-846
-868
-901
-910
-942
-956
-887
-827
-757
-653
-485
-354
-340
-288
-255
-246
-242
-248
-240
-224
-215
-210
-207
-253
-189
-87
45
142
165
271
266
306
319
287
234
221
254
233
262
310
388
401
460
530
552
596
596
662
660
707
728
751
770
744
746
665
608
509
467
378
241
110
73
17
-111
-194
-316
-393
-427
-455
-466
-539
-531
-542
-570
-552
-626
-550
-596
-596
-588
-626
-558
-593
-525
-569
-526
-448
-441
-381
-360
-287
-249
-209
-146
-146
-115
-111
-104
-59
-91
-81
-84
-115
-129
-161
-140
-157
-198
-223
-256
-364
-404
-415
-375
-384
-432
-418
-379
-297
-243
-162
-109
-52
82
191
279
246
313
380
448
466
460
529
585
634
638
634
583
587
521
401
222
-8
-195
-370
-565
-749
-866
-915
-942
-973
-1004
-972
-895
-809
-697
-648
-562
-480
-399
-348
-344
-258
-189
-141
-25
80
164
309
415
567
646
712
830
871
918
908
933
896
812
849
784
765
727
715
708
639
683
595
645
624
605
615
550
594
542
590
499
488
492
492
516
454
479
433
449
434
429
420
393
390
399
370
354
328
297
255
202
206
141
117
20
14
-31
-14
-52
-105
-119
-223
-201
-241
-279
-336
-409
-416
-403
-449
-501
-538
-538
-580
-587
-567
-614
-644
-620
-590
-612
-644
-618
-581
-560
-552
-540
-490
-494
-436
-434
-399
-340
-311
-232
-262
-210
-194
-109
-44
-50
-5
-40
5
40
63
89
87
67
57
55
77
44
26
19
-2
-38
-82
-105
-174
-183
-249
-241
-303
-351
-319
-350
-346
-394
-351
-338
-345
-340
-349
-324
-343
-314
-314
-309
-333
-284
-229
-218
-216
-194
-142
-123
-34
-18
32
74
127
171
189
213
248
290
298
305
280
245
212
199
163
132
116
89
44
42
54
27
47
2
-13
-15
-34
-27
-53
-40
-97
-116
-89
-126
-113
-60
-42
-32
-30
-9
63
76
121
144
176
190
188
215
190
210
222
221
202
197
154
150
126
88
-8
-69
-89
-213
-321
-535
-673
-865
-1057
-1196
-1385
-1501
-1541
-1489
-1410
-1299
-1156
-921
-662
-382
-87
183
497
799
1108
1376
1612
1825
2027
2198
2350
2460
2577
2699
2733
2745
2716
2719
2658
2551
2447
2273
2102
1898
1690
1455
1235
1067
891
702
492
307
170
69
-10
-49
-89
-118
-179
-245
-340
-444
-636
-878
-1140
-1533
-1939
-2405
-2872
-3334
-3693
-3972
-4169
-4269
-4317
-4244
-4083
-3919
-3766
-3532
-3294
-3018
-2741
-2467
-2162
-1857
-1531
-1294
-1041
-764
-530
-253
-63
117
291
491
705
833
978
1117
1266
1380
1462
1535
1597
1668
1699
1737
1760
1767
1785
1806
1818
1841
1876
1938
2006
2102
2225
2332
2439
2551
2623
2716
2746
2705
2658
2584
2535
2391
2223
2005
1790
1583
1369
1150
876
630
347
115
-56
-298
-443
-586
-752
-861
-993
-1044
-1111
-1169
-1220
-1276
-1307
-1294
-1342
-1349
-1349
-1382
-1366
-1380
-1375
-1404
-1397
-1388
-1397
-1414
-1410
-1368
-1417
-1450
-1481
-1507
-1500
-1531
-1544
-1599
-1588
-1556
-1518
-1467
-1457
-1396
-1362
-1255
-1223
-1154
-1049
-961
-839
-737
-623
-553
-434
-313
-181
-52
12
145
235
331
396
441
546
577
670
681
708
726
754
817
790
804
750
771
760
717
682
618
623
586
548
473
384
355
338
311
233
162
115
97
62
3
9
-74
-95
-94
-125
-120
-166
-126
-98
-84
-93
-40
25
108
174
261
359
416
532
626
700
767
854
923
1013
1068
1072
1135
1158
1181
1197
1167
1160
1088
1094
1018
963
895
789
702
558
479
334
234
97
-27
-160
-293
-396
-498
-582
-689
-727
-803
-846
-883
-932
-936
-936
-931
-943
-922
-899
-887
-849
-851
-820
-805
-779
-765
-781
-746
-742
-690
-695
-703
-719
-669
-617
-597
-556
-534
-467
-443
-360
-307
-230
-141
-97
7
42
123
192
236
288
335
375
424
455
464
513
507
516
511
496
526
494
493
503
464
475
444
434
389
367
341
345
293
228
204
149
132
69
56
31
-22
-27
-28
-12
-4
41
88
175
216
270
395
452
543
566
667
716
766
861
841
817
716
650
522
363
231
85
26
-36
-47
-49
16
73
166
288
370
462
595
742
787
840
855
842
792
785
731
651
611
575
568
516
493
452
379
318
215
98
-33
-237
-440
-711
-1015
-1306
-1630
-1940
-2248
-2537
-2777
-2948
-3072
-3090
-3040
-2952
-2761
-2588
-2293
-1995
-1738
-1407
-1193
-953
-786
-659
-527
-528
-565
-668
-807
-953
-1080
-1224
-1341
-1449
-1504
-1431
-1350
-1212
-1069
-875
-641
-421
-129
114
364
612
816
1003
1188
1370
1497
1626
1683
1728
1745
1743
1756
1689
1657
1587
1491
1406
1289
1185
1106
1040
947
871
801
781
742
718
697
666
700
735
740
780
794
807
845
836
832
800
727
616
504
346
228
56
-86
-224
-403
-472
-567
-645
-684
-702
-643
-612
-577
-488
-401
-298
-151
-43
75
165
243
343
385
424
435
417
380
331
241
209
107
50
-13
-114
-169
-257
-297
-350
-367
-380
-385
-335
-337
-273
-243
-200
-160
-143
-71
-37
-2
51
109
128
187
204
253
290
276
319
291
303
273
251
245
163
108
74
43
-2
-11
-56
-85
-117
-134
-115
-166
-170
-187
-230
-229
-263
-313
-313
-362
-381
-403
-454
-460
-449
-426
-391
-419
-403
-389
-424
-368
-354
-332
-254
-178
-65
40
184
362
488
648
761
833
887
926
942
963
989
981
986
969
962
966
993
1034
1044
1048
1027
999
946
880
807
720
588
465
404
337
306
346
346
305
306
298
261
172
129
80
-44
-120
-239
-382
-526
-650
-699
-729
-837
-859
-865
-904
-859
-849
-720
-725
-677
-576
-760
-1103
-1488
-1662
-1728
-1514
-1668
-1858
-2111
-2455
-2252
-2370
-1952
-1867
-1710
-1334
-1422
-1150
-1004
-605
-276
150
319
519
577
672
894
966
1282
1233
1218
1119
957
864
819
701
615
496
215
-38
-307
-349
-352
-356
-361
-463
-490
-422
-322
-205
-27
91
225
225
191
311
452
575
714
699
666
589
610
696
683
705
641
501
417
361
347
353
325
245
87
-25
-35
-13
35
74
107
33
23
75
149
211
275
280
299
372
529
724
838
847
741
660
664
811
944
967
846
664
520
367
345
302
267
245
51
-44
-10
-28
32
113
147
167
201
347
397
52
-768
-1678
-1914
-1803
-1556
-1455
-2006
-2971
-3557
-3449
-3044
-2747
-2326
-1900
-1927
-1744
-1560
-1242
-624
122
813
1212
1261
1231
1285
1481
1919
2220
2347
2115
1701
1232
937
723
568
446
161
-180
-649
-1224
-1514
-1481
-1215
-956
-894
-878
-894
-837
-660
-197
454
985
1208
1226
1226
1333
1576
1834
2037
2194
2126
1903
1672
1401
1187
1127
772
180
-282
-538
-864
-1130
-1051
-1130
-1336
-1366
-1137
-1001
-784
-391
68
242
297
510
836
1085
1108
1236
1326
1283
1072
1009
1020
1042
1028
969
893
740
664
662
694
666
650
584
451
327
246
330
411
395
318
173
125
155
288
410
410
394
424
378
203
258
542
583
704
863
715
480
-26
-839
-1980
-2328
-1904
-1937
-1921
-2690
-3859
-4433
-4264
-3421
-3127
-2532
-2070
-2163
-1819
-1656
-978
-166
658
1244
1617
1660
1646
1575
1753
2168
2410
2620
2025
1329
625
68
-228
-271
-403
-720
-1289
-2044
-2695
-2949
-2492
-1788
-1286
-1131
-1454
-1662
-1362
-670
230
1056
1510
1542
1355
1348
1487
1874
2268
2359
2164
1807
1391
974
682
396
268
144
-111
-641
-1377
-1911
-2301
-1938
-1474
-1066
-996
-1345
-1313
-1160
-232
541
1096
1308
1058
1110
996
1298
1530
1656
1586
1154
793
411
207
154
105
169
181
-81
-296
-498
-362
21
330
477
490
446
385
489
581
771
900
969
976
745
796
853
1000
1254
1153
992
1058
1135
1221
1344
1418
1495
981
-399
-2551
-3172
-1847
-1536
-1512
-2030
-3906
-5133
-5084
-3427
-3108
-2586
-1093
-1203
-1260
-1659
-1111
227
1798
2585
2889
2751
2395
1948
2200
2854
3007
3347
2652
1366
177
-440
-841
-772
-904
-1224
-1749
-2528
-3381
-3864
-3462
-2630
-1559
-1171
-1390
-1559
-1473
-951
214
1291
2057
2390
2032
1568
1605
1887
2304
2619
2540
2106
1356
399
-256
-382
-163
11
-232
-823
-1555
-2095
-2366
-2186
-1688
-1248
-1082
-1294
-1410
-1219
-615
113
586
846
863
845
846
954
1151
1315
1367
1148
849
535
274
168
119
128
183
46
-212
-327
-421
-170
148
293
373
357
375
437
610
576
669
768
789
930
835
904
1024
1251
1357
1267
1169
1038
1406
1622
1579
1668
1264
278
-1312
-3217
-3266
-1972
-1826
-1899
-2810
-4204
-5346
-5106
-3318
-2864
-1569
-660
-872
-855
-1174
-416
957
2350
3123
3396
3165
2572
1995
2284
2435
2534
2902
2055
744
-784
-1447
-1736
-1578
-1478
-1700
-2512
-3234
-3733
-3812
-3040
-1927
-1038
-608
-555
-760
-591
307
1438
2509
3025
2833
2276
2007
2005
2167
2328
2285
1958
1298
361
-576
-1093
-1112
-889
-848
-1145
-1623
-2000
-2132
-1948
-1430
-781
-249
-67
-210
-395
-197
523
1303
1672
1522
1144
871
784
783
820
945
963
693
262
-134
-382
-381
-100
146
3
-328
-423
-357
-221
13
267
518
635
483
323
429
558
619
836
1085
893
632
585
576
702
1029
1048
1108
939
638
692
934
1169
1108
110
-2515
-4127
-3173
-1949
-2115
-2097
-3317
-4929
-5199
-3913
-2582
-2232
-440
17
22
-64
72
1323
2613
3566
3880
4109
3600
3022
2619
2663
2315
2902
2764
1567
139
-1106
-1871
-2003
-1805
-1996
-2238
-2769
-3321
-3764
-3571
-2921
-1812
-893
-298
-63
-6
-12
710
1724
2638
3140
2964
2397
1950
1820
1555
1266
1112
934
424
-510
-1454
-2189
-2311
-2030
-1778
-1881
-1942
-1928
-1886
-1624
-1183
-477
440
1018
974
883
879
1064
1585
1886
1763
1556
1199
743
657
560
260
154
35
-192
-230
-366
-607
-411
-152
-222
-200
-80
-148
-132
102
279
456
503
310
429
750
794
767
881
878
881
919
870
1006
1367
1424
1187
1203
1093
963
1136
1499
1333
195
-2324
-4425
-3691
-2254
-2136
-1901
-2947
-5132
-5920
-4508
-2861
-2491
-579
337
244
184
-55
691
2016
3549
3989
4066
3859
2965
2186
1700
1107
1782
2187
1357
-23
-1392
-2542
-3257
-2915
-2597
-2107
-1846
-2442
-3210
-3217
-2768
-1308
92
1005
1666
1825
1409
1342
2060
2777
3450
3912
3266
2147
1479
824
381
219
219
-133
-936
-2027
-2902
-3266
-3005
-2363
-1721
-1641
-1519
-1342
-1077
-487
338
1419
2257
2477
2114
1531
1450
1506
1667
1779
1442
1130
434
-232
-555
-773
-689
-622
-388
-421
-743
-773
-729
-257
198
300
403
439
516
618
896
1074
1208
1276
1486
1506
1234
1215
1090
1261
1298
1285
1330
1138
1014
1112
1005
644
570
883
935
639
-718
-3610
-4798
-3324
-2289
-2268
-1935
-3347
-5270
-5254
-3540
-2524
-1554
427
622
892
297
329
1116
2251
3369
3735
3915
2840
1934
1159
551
443
953
496
-99
-1378
-2459
-3419
-3769
-3448
-2849
-2191
-2086
-2424
-2579
-2428
-1695
-303
771
1891
2280
2221
1933
1902
2297
2677
3120
3055
2404
1706
855
68
-493
-712
-777
-978
-1520
-2148
-2831
-2983
-2779
-2055
-1422
-968
-700
-581
-159
495
1436
2074
2497
2438
2234
1898
1265
831
431
601
633
307
-299
-1167
-1279
-1224
-758
-264
-37
293
93
125
175
432
821
821
1021
906
611
562
628
762
908
1456
1772
1487
1208
906
1029
1162
1500
1955
1847
1068
796
762
567
531
728
1069
258
-1551
-4065
-4942
-3715
-3409
-2565
-1943
-3608
-5033
-5077
-3249
-2510
-990
1170
1459
1939
1180
952
1399
2550
3678
4074
4100
3082
1637
473
-411
-568
7
-269
-436
-1670
-2912
-3901
-4096
-3596
-2815
-1960
-1256
-1221
-1119
-1183
-765
169
1261
2533
3160
3139
2594
2054
1734
1903
2092
2196
1798
1153
135
-989
-1753
-1838
-1757
-1672
-1700
-2107
-2595
-2804
-2651
-2152
-1214
-226
373
817
1121
1357
1725
2028
2336
2505
2177
1262
391
-9
-401
-682
-632
-814
-1356
-1715
-1542
-1129
-768
-338
167
675
1015
1066
871
834
1039
1211
1388
1269
1030
687
258
411
878
1250
1547
1437
1112
912
974
1135
1499
1618
1236
1237
1249
1067
958
937
907
339
-1268
-3831
-4551
-3223
-3440
-2953
-2398
-3657
-4806
-4661
-3240
-2760
-1064
1237
1656
2270
1913
1644
1753
2636
3576
3885
3985
3233
1996
630
-436
-853
-832
-1110
-1032
-1875
-3132
-4251
-4487
-3999
-3044
-1883
-1067
-831
-373
-122
207
774
1523
2705
3531
3701
3148
2281
1550
1209
1170
1196
819
374
-326
-1259
-2009
-2386
-2365
-2110
-1681
-1517
-1586
-1677
-1661
-1300
-675
82
785
1245
1598
1946
2031
1841
1862
1952
1623
916
209
-526
-895
-1044
-1000
-932
-1320
-1429
-1309
-927
-428
-1
497
684
1182
1161
741
694
699
823
846
887
723
482
371
610
951
1330
1342
1395
1204
1055
1067
1216
1464
1359
1037
885
906
1092
1200
1020
574
-694
-2657
-4225
-3940
-3180
-3252
-2832
-3212
-4314
-4608
-3907
-2904
-1794
261
1539
2480
2764
2603
2285
2594
3183
3696
4116
3889
2912
1289
-98
-1220
-1528
-1748
-1647
-1859
-2376
-3427
-4144
-4172
-3530
-2493
-1434
-543
25
616
945
1241
1526
2102
2813
3433
3507
2959
2079
1253
708
361
101
-124
-415
-983
-1794
-2440
-2794
-2854
-2517
-1930
-1381
-1016
-833
-730
-318
372
1079
1699
2162
2379
2454
2374
2028
1607
1053
73
-924
-1333
-1483
-1599
-1413
-1257
-1620
-1950
-1618
-865
-4
584
924
1352
1484
1282
1112
928
838
932
842
596
458
114
-176
125
835
1008
1064
1227
1097
967
1188
1411
1527
1480
1410
1028
918
1423
1473
1122
452
-1035
-3338
-4550
-3938
-3681
-3463
-3032
-3683
-4250
-4394
-3669
-3075
-1671
421
1730
2919
3206
2871
2452
2723
3217
3617
3858
3756
2719
1308
-228
-1290
-1679
-1910
-1953
-2215
-2602
-3385
-3846
-3796
-3295
-2606
-1561
-618
346
1050
1444
1535
1623
1984
2728
3220
3292
2890
2132
1405
667
290
-188
-496
-869
-1188
-1771
-2426
-2673
-2590
-2272
-1779
-1200
-733
-467
-219
306
671
1212
1888
2158
2347
2484
2116
1547
917
-211
-1585
-1586
-1062
-1667
-1460
-813
-1471
-1843
-1350
-679
-185
925
1687
1454
1960
1362
821
813
1076
976
588
716
458
-6
-231
-115
436
945
1008
1415
1469
1390
1026
1096
1415
1207
1220
1372
1237
1498
1420
931
170
-811
-2943
-4469
-3843
-3484
-3423
-2988
-3074
-4053
-4346
-3402
-2731
-1801
211
1527
2621
3024
3081
2667
2503
2837
3093
3259
3073
2602
1544
108
-1130
-1771
-2398
-2435
-2427
-2399
-2871
-3132
-3275
-3122
-2487
-1592
-753
297
1330
1883
2197
2156
2088
2184
2703
3107
2962
2377
1689
732
-97
-875
-1344
-1560
-1618
-1716
-1986
-2429
-2784
-2599
-1909
-1203
-534
140
638
841
1282
1635
1836
2116
2504
2496
2164
1867
1034
-418
-1832
-2045
-1827
-2073
-1620
-1196
-1817
-2037
-1725
-940
-388
822
1450
1710
2317
1627
1229
1210
1377
847
656
831
506
260
-53
-223
58
383
690
1171
1150
1177
1041
1188
1312
1191
1177
995
1032
1500
1613
1391
648
-340
-2407
-4309
-4243
-3695
-3591
-2937
-2657
-3566
-4270
-3873
-3142
-2395
-243
1447
2661
3120
3301
2915
2349
2565
2921
3151
3265
3160
2121
788
-817
-1724
-2690
-2700
-2625
-2656
-2674
-3078
-3325
-3388
-2864
-2227
-1263
30
1285
1994
2420
2442
2370
2246
2534
2955
3053
2718
2104
1186
150
-922
-1486
-1789
-1817
-1738
-1830
-2138
-2401
-2518
-2259
-1672
-871
-137
457
933
1344
1675
1743
1991
2258
2341
2254
2096
1405
-40
-1325
-1782
-1969
-2097
-1570
-1306
-1512
-1617
-1368
-954
-399
583
1210
2068
2448
2053
1612
1324
1102
773
896
948
730
447
122
-135
-21
182
423
645
942
1052
948
1011
1055
993
685
761
1134
1390
1539
1405
846
-212
-2143
-3892
-4160
-3607
-3439
-2734
-2382
-3338
-4046
-3794
-3080
-2504
-669
1028
2193
2903
3159
2803
2239
2386
2476
2709
2850
2985
2202
1155
-182
-1338
-2433
-2652
-2507
-2429
-2317
-2529
-2721
-2815
-2496
-2058
-1396
-475
722
1743
2494
2661
2506
2018
2016
2238
2424
2412
2159
1478
633
-323
-1314
-1903
-2230
-2332
-2275
-1972
-1903
-1986
-1932
-1760
-1295
-727
-9
643
1435
2000
2252
2412
2357
2069
1726
1667
1300
313
-706
-1043
-1392
-2081
-2098
-1815
-1880
-1610
-1051
-399
-55
480
828
1378
1855
1777
1775
1659
1488
961
709
557
411
273
212
255
512
560
459
466
559
618
677
1100
1283
1186
1013
835
654
923
1325
1281
1028
606
-1044
-3208
-4140
-3991
-3837
-3238
-2489
-2868
-3535
-3643
-3074
-2737
-1569
-50
1153
2428
3187
3422
2762
2740
2362
2031
2132
2559
2463
1826
969
-221
-1639
-2545
-2812
-3023
-2770
-2607
-2419
-2307
-1852
-1729
-1703
-1192
-236
550
1628
2651
2969
2602
2474
2371
2026
1869
1718
1376
870
288
-483
-1182
-1776
-2154
-2583
-2649
-2486
-2229
-1814
-1357
-887
-603
-238
190
771
1536
2097
2547
2691
2574
2294
2007
1509
480
-651
-1323
-1441
-1806
-2122
-2014
-2061
-2206
-1739
-823
-81
355
879
1362
1907
1941
1785
1935
2005
1646
1090
948
748
452
156
88
254
384
337
384
436
354
230
367
750
890
875
927
1030
1230
1271
1417
1415
1108
118
-1672
-3222
-3662
-3616
-3734
-3144
-2660
-3170
-3868
-3385
-2908
-2700
-1505
-107
1321
2332
3287
3139
2869
2827
2294
1897
2119
2527
2250
1774
1116
58
-1308
-2159
-2697
-2844
-2879
-2682
-2450
-2258
-1777
-1663
-1625
-1203
-540
134
1183
2373
2783
2646
2670
2407
2038
1734
1583
1144
720
281
-290
-860
-1357
-1812
-2347
-2536
-2566
-2323
-1979
-1356
-860
-439
24
304
629
973
1641
2073
2409
2662
2473
2209
1552
475
-735
-1164
-1235
-1527
-1366
-1216
-1662
-2071
-1993
-1482
-1156
-267
461
1079
1700
1748
1647
1423
1516
1124
1038
1184
1226
1107
863
702
488
276
182
301
494
622
553
676
707
773
674
581
739
683
731
986
1287
1228
746
-165
-1839
-3131
-3735
-4009
-3762
-3026
-2786
-2924
-2932
-2766
-2821
-2345
-1410
-451
889
1916
2742
3019
3358
3153
2644
2286
2008
1924
1731
1754
1491
714
-365
-1261
-2083
-2739
-3021
-3034
-2966
-2628
-2067
-1724
-1278
-728
-497
-272
236
954
1512
2184
2781
2894
2816
2520
1995
1357
893
425
-84
-329
-523
-909
-1296
-1664
-2081
-2434
-2526
-2349
-1973
-1340
-737
-208
222
621
944
1144
1558
1774
1766
1720
1571
1244
842
729
380
-75
-344
-665
-929
-1039
-865
-802
-571
-265
-202
-1
192
351
447
782
951
825
793
832
835
772
830
718
580
504
453
405
525
657
648
674
739
788
694
713
771
857
960
1081
1200
1106
760
-45
-1187
-2213
-2866
-3297
-3414
-3213
-2904
-2795
-2730
-2566
-2492
-2123
-1716
-1170
-578
99
723
1297
2072
2494
2751
2675
2526
2214
1878
1716
1510
1299
985
719
303
-216
-666
-1145
-1653
-1911
-1923
-1963
-1932
-1760
-1548
-1425
-1107
-826
-581
-260
-19
196
516
890
1013
1160
1260
1243
1213
1150
993
889
873
614
460
312
125
-106
-242
-285
-399
-402
-496
-484
-456
-352
-213
-181
-105
-86
-74
-117
-122
-152
-153
-73
-51
-5
38
24
7
50
80
99
129
102
96
137
181
209
235
242
272
282
254
245
231
168
127
119
113
120
107
43
-27
-49
-78
-56
27
83
67
48
69
104
136
201
274
313
288
252
246
278
322
344
353
359
312
217
146
103
66
31
18
-24
-81
-118
-160
-198
-219
-231
-264
-297
-339
-405
-436
-459
-470
-459
-443
-447
-439
-370
-287
-232
-160
-94
-101
-125
-119
-137
-167
-156
-168
-212
-255
-294
-341
-398
-407
-397
-399
-392
-349
-316
-304
-257
-199
-72
89
220
300
400
497
540
556
598
625
597
558
518
443
330
255
186
119
49
-27
-86
-125
-133
-136
-110
-59
2
57
96
132
142
123
110
110
109
97
84
50
0
-43
-118
-207
-268
-326
-374
-339
-267
-217
-169
-144
-152
-114
-56
-10
71
146
165
177
221
211
220
270
271
221
165
116
65
51
28
34
64
83
104
114
127
126
149
180
233
294
318
329
309
266
210
172
140
67
7
-45
-88
-140
-172
-210
-242
-244
-225
-174
-102
-28
8
21
6
1
14
37
56
72
55
-10
-103
-201
-309
-388
-433
-480
-517
-544
-564
-575
-583
-575
-501
-377
-270
-168
-75
-2
78
137
184
225
250
259
277
270
205
126
55
-38
-134
-196
-239
-250
-229
-219
-218
-183
-131
-65
37
154
251
314
345
347
343
344
350
355
340
289
208
137
61
-18
-67
-96
-119
-144
-159
-185
-190
-162
-119
-43
54
113
130
145
164
170
185
217
235
240
191
88
-16
-101
-171
-203
-193
-191
-196
-187
-162
-146
-132
-94
-24
52
133
219
287
341
358
352
326
292
248
191
146
111
60
-15
-96
-162
-199
-198
-174
-115
-53
-39
-53
-44
-24
-7
44
106
138
158
157
111
51
0
-51
-87
-85
-94
-122
-145
-177
-210
-214
-174
-101
-10
65
114
151
176
188
203
203
190
184
172
109
7
-95
-195
-294
-379
-453
-515
-559
-583
-594
-582
-548
-490
-414
-318
-209
-116
-36
40
104
139
171
218
238
213
181
152
101
51
40
10
-48
-91
-135
-203
-240
-223
-199
-147
-64
-3
21
54
89
121
179
260
324
378
431
457
443
395
345
288
232
192
172
158
156
162
138
97
61
30
18
40
69
91
128
156
153
123
77
26
3
5
-4
-25
-52
-105
-155
-169
-153
-109
-67
-59
-72
-77
-87
-85
-51
2
39
51
36
17
-8
-50
-68
-70
-77
-98
-106
-131
-171
-198
-213
-219
-188
-129
-71
-3
62
94
114
145
161
161
165
183
199
191
166
132
83
27
-10
-38
-82
-109
-128
-155
-170
-165
-160
-147
-107
-86
-79
-55
-34
-33
-13
20
29
19
5
-11
-24
-32
-33
-25
-17
-11
-20
-45
-82
-97
-88
-74
-53
-30
-33
-45
-43
-39
-35
-9
27
56
86
102
100
89
77
54
43
44
53
60
68
78
83
88
83
74
70
67
74
91
106
108
97
77
53
32
10
14
45
64
61
47
23
11
45
103
142
158
156
133
98
58
16
-5
-4
-20
-56
-90
-128
-185
-234
-267
-277
-270
-250
-224
-195
-171
-148
-112
-66
-17
23
55
88
133
172
206
218
191
134
82
43
-2
-38
-67
-92
-110
-125
-147
-158
-151
-151
-154
-134
-100
-71
-23
41
82
99
111
119
117
117
119
118
115
109
82
40
2
-35
-64
-74
-59
-35
-10
3
-7
-13
-12
-11
0
21
28
19
16
14
0
-12
-14
-10
-14
-17
-20
-21
-16
-17
-18
-10
3
7
19
44
61
65
75
80
83
95
102
96
79
59
19
-22
-44
-67
-87
-90
-84
-87
-91
-89
-81
-57
-9
41
77
112
140
151
149
145
139
130
110
79
44
-4
-51
-83
-104
-128
-143
-153
-155
-147
-139
-128
-101
-61
-25
14
57
91
116
139
153
152
133
100
68
38
4
-27
-61
-103
-145
-178
-210
-232
-231
-216
-203
-185
-156
-133
-118
-89
-46
-9
24
59
84
97
108
115
114
98
71
39
10
-9
-16
-19
-11
0
2
-5
-11
-4
10
31
59
78
84
75
65
67
61
51
55
68
66
49
38
28
24
26
24
22
23
13
1
5
17
22
27
33
26
13
13
27
37
40
29
-2
-38
-68
-87
-94
-80
-60
-51
-50
-47
-46
-36
-6
34
68
99
124
130
123
114
101
85
74
60
30
-10
-51
-82
-99
-108
-116
-119
-120
-127
-130
-117
-88
-50
-8
35
73
101
120
134
147
150
139
117
88
54
12
-30
-62
-94
-125
-145
-160
-175
-181
-174
-158
-124
-91
-71
-45
-10
16
42
75
101
115
116
113
114
111
95
78
64
42
14
-7
-14
-13
-11
-17
-25
-33
-40
-37
-23
-9
-2
-8
-24
-37
-44
-47
-39
-21
-8
-13
-33
-50
-57
-51
-36
-13
9
17
11
3
2
6
14
30
46
54
53
45
35
25
19
14
-2
-21
-38
-56
-71
-62
-43
-33
-21
-12
-12
-3
22
46
74
105
114
108
102
96
92
95
91
76
54
21
-10
-27
-36
-43
-47
-51
-57
-69
-76
-67
-54
-42
-23
2
26
46
65
80
90
88
71
51
34
19
3
-11
-27
-51
-77
-98
-110
-116
-114
-98
-76
-59
-47
-33
-14
7
24
41
55
60
61
62
60
52
42
28
12
-1
-14
-22
-22
-15
-5
7
17
17
13
13
19
25
30
33
29
10
-13
-25
-27
-19
-4
7
2
-16
-37
-49
-45
-32
-20
-13
-8
-11
-24
-27
-18
-8
-2
8
14
12
6
-2
-7
-8
-12
-23
-29
-33
-39
-44
-43
-38
-36
-38
-36
-31
-27
-16
4
28
46
51
43
34
30
28
32
38
35
20
4
-12
-26
-32
-37
-41
-43
-46
-51
-47
-30
-12
5
24
39
46
56
71
87
94
91
79
60
37
16
1
-8
-15
-25
-35
-44
-60
-77
-80
-65
-51
-38
-18
3
17
31
43
47
51
51
50
53
53
46
40
39
33
20
9
0
-4
-4
2
15
24
24
17
9
4
-1
-3
-7
-14
-25
-38
-45
-48
-47
-44
-35
-30
-31
-35
-34
-27
-16
-3
6
13
19
20
20
21
20
16
15
12
1
-15
-31
-43
-49
-54
-55
-50
-44
-41
-36
-27
-23
-16
-3
13
30
41
48
55
51
42
37
33
29
22
12
-3
-18
-37
-57
-71
-74
-77
-79
-78
-77
-79
-79
-70
-58
-43
-24
1
23
39
53
63
71
75
73
70
67
61
48
34
21
6
-11
-24
-33
-42
-47
-44
-38
-37
-37
-32
-20
-7
9
26
41
49
47
46
47
50
54
53
47
42
36
31
33
39
44
46
46
40
33
29
34
39
38
32
16
-3
-20
-33
-43
-46
-41
-41
-46
-47
-51
-56
-52
-44
-40
-33
-24
-14
-1
12
21
32
41
43
41
40
34
23
11
-1
-14
-29
-44
-56
-64
-71
-75
-74
-71
-68
-64
-56
-43
-30
-16
4
21
28
31
35
40
46
51
56
57
48
34
17
4
-9
-22
-31
-37
-45
-55
-64
-68
-69
-69
-61
-47
-29
-18
-7
9
17
21
26
28
31
31
31
33
33
26
14
9
4
-4
-8
-9
-8
-7
-8
-7
-3
3
6
8
10
11
9
8
10
10
8
3
-2
-4
-7
-7
0
10
21
34
47
55
57
57
60
65
71
76
75
67
56
43
30
22
16
5
-5
-11
-21
-29
-34
-39
-49
-52
-50
-44
-33
-18
-4
6
15
19
19
21
25
25
24
22
18
9
0
-10
-18
-25
-33
-36
-37
-41
-43
-43
-42
-43
-41
-38
-37
-34
-28
-19
-11
-5
2
5
7
9
8
5
3
0
-6
-9
-9
-13
-18
-18
-21
-28
-30
-27
-24
-19
-9
-2
2
5
5
1
-1
-4
-7
-5
1
5
3
0
-2
-1
2
6
10
13
16
20
25
30
33
39
45
47
45
37
26
17
11
7
4
3
-3
-13
-20
-29
-33
-29
-17
-1
9
17
19
21
27
37
46
52
57
57
54
53
55
50
43
34
21
11
2
-6
-13
-20
-27
-32
-37
-37
-35
-28
-18
-8
-3
-3
-2
-1
0
4
13
19
22
21
20
16
16
16
14
15
13
7
-2
-8
-13
-16
-16
-24
-35
-41
-44
-49
-48
-46
-47
-48
-41
-37
-38
-37
-36
-36
-35
-31
-27
-21
-13
-7
-6
-7
-7
-8
-6
-1
7
11
11
10
0
-9
-14
-18
-15
-8
-4
-4
-4
-5
-3
3
9
13
17
19
19
20
23
25
27
27
26
20
11
2
-4
-8
-10
-10
-8
-8
-7
-7
-8
-7
0
8
16
23
28
30
35
41
44
43
43
40
40
44
47
43
36
24
9
-3
-10
-13
-11
-9
-15
-23
-27
-28
-26
-17
-4
6
10
13
15
13
14
18
22
26
26
22
17
15
13
13
15
11
6
3
-3
-8
-12
-13
-14
-16
-19
-21
-22
-20
-18
-19
-24
-29
-30
-29
-26
-23
-21
-22
-24
-24
-23
-20
-15
-9
-3
2
3
2
0
1
7
9
9
6
-2
-13
-22
-26
-24
-19
-16
-16
-18
-20
-19
-15
-7
2
8
12
20
24
23
23
20
18
19
18
7
-7
-17
-29
-40
-50
-48
-57
-60
-58
-48
-42
-47
-21
-21
-9
-8
-13
3
19
36
37
53
55
59
65
86
87
66
58
48
50
40
37
36
28
27
20
13
9
-5
-20
-12
9
10
16
15
5
-14
-34
-19
-8
3
16
19
16
5
2
5
18
28
33
28
26
28
18
18
19
16
10
5
2
-15
-28
-39
-43
-35
-39
-40
-54
-68
-75
-71
-51
-40
-20
-8
-5
2
5
17
20
32
50
66
57
47
37
21
14
15
29
28
27
16
-6
-18
-37
-47
-51
-30
-9
0
8
14
11
2
-7
-8
-6
-2
6
18
17
-1
-21
-31
-34
-38
-32
-27
-29
-30
-36
-36
-36
-25
-8
-1
11
10
9
8
17
30
27
29
30
32
24
11
3
-14
-23
-19
-16
-14
-22
-24
-33
-44
-47
-46
-38
-28
-12
-7
-10
-17
-23
-22
-26
-17
-7
0
6
5
3
-5
-6
-2
5
15
30
40
40
36
24
10
3
9
20
34
42
37
21
7
-5
-13
-17
-12
-4
2
0
-11
-22
-28
-28
-23
-10
0
4
4
0
-7
-15
-17
-12
-1
10
16
11
5
-1
-3
2
8
8
4
4
6
12
26
37
39
37
40
43
47
57
74
93
108
115
104
92
86
87
98
112
122
114
96
77
65
57
71
77
87
91
77
70
51
57
64
83
105
106
86
81
72
59
59
53
62
25
-20
-84
-230
-396
-442
-426
-431
-433
-506
-590
-778
-864
-819
-784
-654
-605
-568
-626
-614
-580
-495
-360
-211
-58
-40
73
139
240
289
366
478
553
597
649
692
648
616
596
580
613
635
611
531
400
346
235
207
223
211
129
-2
-102
-171
-183
-209
-173
-209
-269
-316
-360
-366
-388
-408
-412
-419
-399
-318
-286
-272
-225
-196
-127
-44
75
186
217
242
291
344
416
488
527
531
490
446
432
421
420
399
340
290
232
170
135
95
70
55
23
26
15
-17
-24
-28
-15
5
28
61
43
24
47
67
116
166
183
174
156
146
156
218
266
271
237
219
214
213
241
240
226
189
180
202
206
185
95
3
-90
-167
-220
-346
-518
-697
-763
-865
-908
-937
-1064
-1183
-1305
-1235
-1210
-1116
-1030
-1015
-1023
-1022
-869
-731
-512
-380
-277
-232
-138
14
173
353
458
542
536
584
647
749
789
800
788
740
717
706
682
616
562
499
421
348
293
194
75
-16
-52
-121
-158
-227
-308
-382
-429
-427
-398
-384
-390
-404
-414
-357
-284
-176
-99
-46
-16
31
96
208
311
364
409
412
439
483
526
540
546
521
480
464
441
407
321
177
36
-49
-18
-53
-220
-315
-446
-585
-590
-469
-439
-604
-678
-639
-607
-527
-346
-300
-352
-326
-214
-50
41
168
179
175
273
375
476
487
525
502
500
527
571
581
506
496
472
479
445
414
366
299
281
259
261
196
156
89
51
53
30
43
-19
-36
-54
-55
-26
5
24
-27
10
18
70
106
141
191
150
186
196
201
197
228
227
130
-11
-232
-407
-415
-341
-452
-590
-825
-1068
-1214
-1218
-1004
-1051
-1137
-1277
-1364
-1348
-1208
-1016
-894
-822
-842
-744
-648
-415
-227
-40
53
122
225
323
493
568
730
756
792
817
840
872
868
909
876
860
783
711
638
595
563
483
403
283
193
102
44
-1
-53
-125
-228
-301
-340
-362
-373
-366
-369
-393
-414
-403
-350
-284
-230
-203
-161
-113
-67
-13
80
159
202
227
244
317
367
393
423
418
447
441
425
431
410
408
367
335
311
310
210
179
106
3
-99
-154
-132
-274
-404
-342
-403
-536
-472
-390
-387
-592
-417
-240
-269
-280
-118
17
-26
60
203
355
253
333
386
463
478
470
496
447
422
374
420
408
393
269
239
263
239
153
170
152
95
-3
10
66
0
-81
-37
-32
-50
-96
-90
-37
-58
-71
-21
4
-17
-10
40
116
93
76
139
171
161
131
167
192
165
121
136
162
-16
-178
-357
-414
-357
-373
-545
-755
-986
-1071
-1057
-967
-863
-1106
-1241
-1278
-1151
-1079
-925
-869
-885
-860
-800
-559
-443
-276
-225
-86
-18
117
212
326
457
463
600
600
667
672
716
760
782
777
751
726
668
654
595
556
501
409
325
261
168
125
32
-46
-135
-191
-252
-270
-313
-344
-375
-385
-386
-387
-393
-326
-284
-230
-211
-187
-119
-25
44
91
151
180
233
272
369
436
433
424
462
483
511
528
530
529
480
465
449
435
412
374
307
262
202
161
108
44
-38
-131
-281
-358
-331
-367
-462
-541
-599
-653
-622
-507
-432
-530
-515
-404
-296
-209
-114
-41
-8
49
156
287
318
360
351
371
445
478
463
449
444
405
375
376
396
320
259
260
267
226
172
156
158
110
83
77
52
12
-10
19
-2
-38
-78
-77
-66
-56
-43
-26
-7
-38
-21
38
92
64
57
105
122
81
84
154
107
59
67
81
37
-10
-19
-53
-180
-319
-460
-560
-472
-510
-674
-861
-1013
-1049
-1026
-919
-906
-1059
-1161
-1115
-1019
-928
-826
-793
-760
-708
-623
-476
-342
-205
-124
-34
64
183
269
401
513
564
625
657
711
750
822
871
878
819
788
772
753
743
701
631
528
431
361
343
262
192
98
-3
-61
-122
-155
-172
-213
-262
-305
-326
-316
-303
-275
-257
-243
-235
-192
-153
-86
-19
1
46
101
145
186
237
297
340
331
337
368
392
411
426
420
409
359
341
333
321
313
264
211
166
128
97
61
30
-2
-72
-137
-177
-208
-290
-366
-384
-388
-444
-444
-431
-553
-564
-470
-361
-336
-381
-299
-299
-241
-67
69
75
60
101
201
306
333
407
354
357
347
395
427
401
336
292
292
260
259
201
188
115
85
79
76
23
-13
-29
-36
-57
-106
-94
-130
-152
-159
-149
-148
-176
-194
-204
-158
-161
-167
-156
-148
-123
-132
-73
-55
-73
-81
-33
-6
6
11
3
6
4
24
8
10
-14
-14
-30
-69
-125
-200
-284
-374
-387
-349
-440
-570
-661
-718
-702
-683
-624
-687
-786
-783
-697
-622
-556
-501
-501
-436
-362
-254
-173
-73
13
67
146
226
308
356
457
504
546
571
591
611
637
684
662
638
588
576
569
550
506
447
398
336
286
240
198
133
84
39
-13
-58
-90
-116
-149
-179
-196
-210
-210
-211
-209
-199
-184
-175
-169
-145
-112
-77
-51
-26
-3
18
47
81
114
142
164
174
180
193
213
230
240
230
214
211
205
206
197
186
166
140
106
80
75
53
22
-23
-46
-82
-110
-124
-157
-189
-256
-317
-302
-298
-323
-307
-334
-372
-399
-346
-248
-237
-218
-193
-181
-138
-49
38
94
88
102
156
203
251
288
289
271
263
262
304
296
259
231
200
195
181
157
147
110
64
51
37
32
27
4
-2
-17
-43
-33
-15
-9
-9
-31
-39
-31
-16
6
13
-1
-11
6
20
38
31
25
21
16
27
36
26
5
-13
-17
-5
-25
-24
-44
-39
-59
-71
-29
-50
-51
-76
-77
-75
-93
-100
-134
-207
-270
-299
-283
-270
-372
-437
-527
-536
-499
-489
-475
-560
-570
-577
-513
-451
-416
-389
-379
-322
-282
-184
-125
-47
-6
47
97
154
228
274
338
348
387
387
434
455
483
498
478
471
438
451
433
436
399
362
312
271
251
216
187
139
99
51
14
-16
-33
-41
-59
-86
-114
-124
-113
-95
-76
-72
-72
-64
-41
-4
31
55
66
81
100
127
156
174
182
184
184
190
203
216
210
190
178
169
166
158
150
132
104
84
65
49
40
18
-3
-13
-35
-55
-70
-84
-89
-102
-123
-127
-165
-210
-244
-196
-155
-253
-279
-212
-242
-278
-171
-111
-150
-204
-96
10
-49
-3
89
107
65
87
169
202
155
166
194
171
156
124
157
151
103
65
67
64
31
2
2
10
-54
-72
-35
-31
-69
-88
-56
-53
-93
-85
-34
-43
-65
-55
-42
-29
-40
-18
5
-6
-2
11
31
37
46
53
66
58
54
77
86
79
58
64
64
49
40
50
32
13
6
-5
-2
-13
-14
-22
-36
-38
-43
-45
-13
-27
-50
-65
-71
-75
-102
-104
-140
-200
-250
-239
-245
-276
-336
-390
-398
-405
-381
-398
-407
-425
-418
-385
-356
-321
-313
-271
-240
-187
-136
-85
-28
13
58
100
159
198
244
275
308
330
338
357
371
384
378
384
365
351
336
332
321
298
266
234
220
195
180
148
126
95
67
44
25
2
-16
-26
-44
-55
-72
-82
-84
-88
-87
-75
-71
-64
-50
-40
-22
-2
12
33
51
65
86
99
112
127
129
132
144
142
143
143
142
136
124
122
120
105
105
110
85
72
63
54
38
33
18
-13
-54
-91
-96
-83
-107
-156
-229
-256
-198
-220
-222
-214
-284
-308
-257
-177
-147
-220
-200
-130
-137
-89
-43
-15
-24
-37
17
84
75
74
101
111
116
104
146
177
151
118
145
150
137
130
134
158
114
93
115
120
108
93
77
87
61
52
73
57
37
5
1
6
0
-11
-26
-46
-57
-54
-53
-54
-56
-69
-70
-61
-53
-44
-40
-45
-40
-35
-31
-29
-33
-18
-20
-26
-24
-29
-28
-27
-16
-10
-7
-23
-27
4
7
20
19
18
30
30
37
39
55
38
49
41
26
4
-25
-11
-35
-55
-115
-148
-165
-178
-189
-225
-260
-304
-319
-302
-295
-304
-324
-329
-307
-294
-262
-241
-210
-195
-171
-133
-91
-58
-33
10
46
78
97
139
171
201
222
237
258
267
284
297
313
313
299
291
293
289
278
262
247
221
193
183
170
150
121
97
77
60
47
34
17
4
-5
-16
-20
-21
-17
-28
-26
-19
-12
-13
-10
10
14
20
24
37
44
46
58
65
71
64
65
78
81
80
78
70
62
60
63
76
55
20
-16
-33
12
20
-44
-72
-101
-123
-103
-113
-119
-162
-183
-170
-163
-166
-172
-170
-157
-119
-135
-125
-96
-68
-46
-36
-14
-5
13
32
85
86
79
75
98
129
132
134
130
118
106
128
135
132
107
91
91
83
78
74
69
53
36
20
28
22
3
1
-1
-11
-31
-41
-34
-26
-38
-40
-50
-61
-51
-47
-46
-44
-55
-57
-47
-44
-43
-43
-37
-29
-37
-41
-32
-24
-17
-14
-17
-16
-7
-2
-2
5
12
7
3
10
16
10
4
4
-5
-7
-7
-18
-20
-30
-46
-47
-47
-55
-64
-70
-75
-77
-81
-88
-87
-80
-81
-82
-82
-74
-73
-77
-61
-59
-53
-54
-51
-49
-64
-61
-55
-57
-71
-65
-67
-84
-87
-86
-80
-82
-80
-76
-71
-70
-59
-47
-33
-13
-5
4
16
30
49
72
89
95
103
117
130
143
160
169
166
165
172
179
182
183
181
173
168
167
165
156
145
140
136
128
118
108
103
96
84
81
75
58
56
63
53
36
28
32
34
28
24
19
14
16
16
14
14
10
9
10
6
2
-6
-9
-2
-11
-23
-26
-29
-31
-39
-50
-51
-54
-61
-53
-47
-58
-61
-51
-37
-34
-30
-22
-21
-18
-5
11
12
13
8
11
24
27
27
22
21
20
20
22
29
20
7
14
18
21
13
10
10
4
2
9
8
-4
-13
-17
-16
-23
-26
-30
-40
-48
-51
-52
-53
-50
-57
-63
-61
-59
-55
-45
-38
-42
-44
-38
-27
-21
-20
-22
-18
-14
-11
-9
-13
-13
-11
-11
-8
-7
-10
-10
-5
-3
-6
-6
-4
-6
-6
0
-5
-7
-3
-4
-16
-14
-5
-11
-19
-17
-18
-32
-35
-28
-25
-33
-43
-44
-47
-53
-45
-38
-38
-43
-45
-39
-34
-27
-20
-13
-15
-10
-1
8
18
20
20
20
23
33
41
38
34
36
31
32
36
35
29
23
21
17
15
10
10
5
0
-4
-8
-7
-9
-10
-14
-15
-21
-20
-14
-14
-14
-16
-14
-11
-6
-2
1
0
2
10
14
17
18
21
21
23
28
33
37
37
40
41
42
46
51
54
56
57
57
55
54
55
57
58
52
45
39
36
33
28
26
19
7
0
-3
-7
-10
-14
-16
-21
-24
-24
-21
-22
-23
-24
-19
-14
-11
-8
-4
-1
-1
2
8
12
15
17
20
17
17
24
26
27
25
24
19
21
23
18
17
15
11
5
3
1
-2
-9
-7
-10
-18
-24
-28
-32
-32
-33
-41
-45
-48
-46
-48
-50
-47
-50
-52
-45
-39
-40
-37
-36
-30
-22
-20
-14
-7
-1
-4
2
12
13
13
18
24
21
18
19
20
18
17
17
13
10
4
0
-2
-5
-9
-12
-18
-27
-32
-34
-30
-33
-43
-47
-48
-50
-47
-44
-47
-50
-50
-46
-44
-41
-38
-35
-30
-25
-23
-19
-12
-8
-6
3
13
11
16
23
24
26
32
38
37
38
42
42
37
38
39
34
32
31
27
20
18
15
8
4
2
-1
-6
-9
-10
-12
-15
-18
-18
-17
-17
-17
-19
-20
-21
-18
-16
-16
-16
-15
-10
-5
-3
-1
0
4
8
10
14
20
24
23
26
29
28
30
34
37
37
34
34
33
32
32
30
29
29
26
24
24
24
24
22
20
18
17
18
18
