10
2
5
4
-6
-14
-13
-5
8
21
18
3
-11
-18
-14
-10
2
10
10
9
-10
-24
-16
1
18
9
6
15
8
3
-2
2
0
-10
5
6
-9
-8
8
19
-21
-52
-24
4
19
18
28
24
-26
-36
-22
-16
-3
21
63
47
-12
-32
-34
-21
-12
9
46
42
12
-17
-28
-27
-34
-23
9
33
15
-3
-4
-15
-20
-12
39
55
-2
-12
2
13
-3
-26
40
48
9
-9
-51
-50
-60
-19
63
38
27
17
-17
-50
-103
-40
44
58
67
33
8
-34
-84
-61
-23
43
104
81
17
-41
-53
-36
-26
0
21
17
20
6
-54
-91
-68
0
50
45
60
38
-7
-9
-28
-7
9
27
75
34
11
-26
-86
-55
-51
-5
36
36
86
42
-13
-55
-104
-47
-11
46
120
91
37
-54
-106
-104
-106
4
124
143
108
30
-34
-90
-116
-52
16
73
123
72
-24
-98
-131
-96
-54
13
74
72
108
95
-5
-91
-123
-31
42
57
100
78
30
-61
-140
-120
-109
-19
96
140
121
17
-35
-94
-135
-44
48
134
135
70
-15
-143
-144
-88
-27
85
137
112
-3
-79
-56
-50
-14
56
96
72
11
-27
-77
-104
-65
19
85
61
27
-6
-48
-61
-39
67
131
78
21
-47
-86
-89
-58
47
92
75
26
-73
-116
-98
-13
102
138
88
3
-44
-50
-63
-49
27
90
58
-8
-31
-24
-33
-73
-63
3
44
41
39
40
0
-49
-36
37
16
-34
20
46
28
-16
-18
4
-86
-108
-51
-16
63
86
100
70
-54
-114
-133
-38
99
106
83
30
-59
-138
-159
-70
26
85
127
107
5
-83
-65
-22
23
47
52
68
-7
-63
-102
-148
-80
-17
71
117
40
17
-7
9
31
2
38
18
15
32
11
18
-40
-46
-56
-113
-71
13
131
163
74
13
-54
-78
-62
-49
14
51
66
71
19
-55
-86
-44
25
30
5
55
83
71
42
-48
-84
-64
-41
9
-9
-7
37
-21
-41
-81
-122
16
71
63
2
-61
94
98
50
83
-21
-17
-38
-24
47
-45
8
-6
-114
-65
-77
5
50
-10
46
18
47
61
-37
10
-5
-13
41
55
119
3
-147
-102
-50
41
62
60
139
73
-13
-130
-240
-159
-36
125
216
130
18
-74
-115
-109
-99
-11
117
133
115
46
-79
-162
-236
-135
14
49
112
119
113
52
-111
-171
-154
-9
188
145
71
36
-75
-92
-117
-57
63
5
64
58
-10
27
-86
-58
-46
-58
93
51
42
31
43
172
61
-59
-116
-111
36
91
175
171
-22
-138
-198
-133
40
156
219
100
-62
-118
-178
-80
64
128
146
44
-14
-53
-74
-26
-39
-30
32
70
37
-62
-87
-50
-2
49
97
128
67
18
-10
-77
-119
-130
-85
-10
32
6
-88
-214
-242
-74
108
156
144
142
110
-21
-123
-55
36
40
44
21
-47
-132
-162
-55
-32
-27
67
24
-47
-22
96
199
68
-46
-15
-7
24
-2
-35
26
50
38
38
8
59
152
105
46
-61
-126
-78
-38
174
264
96
-93
-337
-347
-158
-26
163
242
322
439
267
-67
-349
-411
-259
-33
132
206
190
62
-77
-297
-422
-280
-79
106
268
366
243
-48
-287
-405
-295
-163
-59
1
5
40
-1
33
-73
-127
7
94
214
99
-49
-65
-137
-178
-99
-35
-105
-153
-178
-75
64
68
147
117
100
142
67
108
70
54
94
98
26
-157
-103
41
153
186
216
231
60
-50
-84
30
185
193
208
150
77
96
178
128
-37
67
308
433
210
22
70
-53
-184
-279
-118
126
352
485
253
90
-86
-226
-342
-265
105
238
326
278
101
-291
-604
-408
-294
-122
162
439
337
-138
-174
-275
-566
-623
-317
89
92
50
-55
-190
-291
-505
-480
-300
-1
166
71
-128
-517
-670
-639
-529
-299
-125
77
140
31
-294
-473
-261
-67
160
303
377
300
7
-248
-410
-312
-325
-207
154
265
241
148
177
38
-69
124
311
484
430
347
250
118
7
-66
122
261
375
572
648
544
382
367
373
374
388
397
439
448
343
142
34
-5
54
200
294
433
537
523
417
321
148
-49
-53
-25
-62
-156
-167
39
291
158
-10
79
-114
-427
-398
-64
14
154
570
429
-198
-992
-1680
-2290
-2304
-1580
-817
86
619
498
-229
-831
-1040
-992
-235
532
1114
1280
860
127
-695
-1227
-1507
-1335
-923
-456
61
298
299
-166
-713
-969
-945
-534
-133
588
944
612
284
50
42
98
434
486
372
644
834
767
530
428
150
-116
-33
6
87
270
439
353
104
48
39
180
410
651
791
707
692
645
669
630
459
277
89
20
-99
-112
-40
-88
-210
-218
-75
98
269
320
240
168
135
90
34
41
106
-25
-46
-8
-113
-22
33
-38
-144
17
314
394
287
99
-44
-281
-117
228
131
-3
-186
-547
-720
-394
157
754
1368
432
-2696
-4962
-4313
-2344
-330
1473
2182
1639
751
-361
-1894
-2639
-1246
992
2258
2382
1585
567
-624
-1934
-2555
-2249
-1320
-140
878
1284
1241
539
-984
-2248
-2292
-1355
-219
1088
2112
2020
1375
672
3
-261
-223
-130
485
1582
1939
1426
490
-904
-2001
-1768
-699
177
1025
1773
1570
487
-371
-573
-242
276
806
1468
1705
1277
556
-20
-263
-308
-270
-171
47
216
19
-482
-753
-732
-610
-288
34
265
522
528
205
-85
-184
-80
-11
-59
-65
67
156
-120
-504
-443
-117
-117
-8
133
243
538
457
74
-164
-63
102
124
111
314
154
-59
242
115
-82
0
293
419
275
852
1308
-602
-3645
-4507
-3272
-1280
761
2047
1887
929
413
-604
-2122
-1980
-168
1742
2747
2229
926
-120
-1060
-1926
-2281
-1924
-850
230
718
776
639
110
-1105
-1970
-1707
-892
78
1063
1308
990
867
526
49
-170
-298
-93
771
1283
821
368
200
-360
-1010
-894
-337
239
855
1056
625
144
-100
-134
44
187
437
922
1139
811
398
248
152
-41
-209
-174
130
308
-10
-298
-226
-177
-80
71
96
264
482
350
80
58
236
283
104
-63
-315
-259
81
-63
-332
-231
41
114
51
129
250
248
211
14
-144
-23
157
488
293
-259
-414
-916
-854
198
262
-932
-2529
-3238
-2345
-640
1050
1736
1537
1397
830
-305
-1260
-1476
-230
1164
1413
1107
339
-495
-976
-1465
-1778
-1537
-863
-169
195
569
731
300
-420
-1214
-1554
-940
183
753
831
1039
1153
850
397
-57
-410
-171
495
955
929
731
509
20
-571
-876
-597
60
415
416
288
40
98
352
370
458
756
903
826
682
618
625
473
173
-208
-321
-186
-245
-280
-317
-300
41
155
0
166
516
810
749
433
384
172
-180
-282
-268
169
489
284
-42
-714
-1134
-907
-575
-284
313
786
393
-83
-56
-306
-697
-127
305
-123
-1102
-2787
-3802
-2759
-721
672
1326
1189
753
368
-259
-973
-762
351
1189
1391
963
384
-60
-374
-1120
-1729
-1532
-1023
-467
115
753
1106
865
-249
-1341
-1606
-1188
-383
425
846
1045
1230
1105
601
-6
89
546
982
1258
1123
938
729
211
-482
-732
-612
-427
-244
43
186
198
269
219
154
274
634
952
1129
1193
1236
1021
478
-68
-412
-499
-443
-364
-455
-374
1
196
117
119
138
163
310
285
140
89
157
95
-54
-131
-158
-294
-425
-273
-203
-77
232
292
254
411
242
-422
-615
-440
-984
-2472
-3980
-4027
-2281
-103
1120
1405
1392
1396
991
-218
-1274
-894
609
1690
1590
701
-92
-583
-1219
-2043
-2370
-1765
-865
-272
179
680
842
643
71
-639
-744
-258
273
540
863
1299
1210
467
-111
-249
-208
58
409
696
1042
1390
1183
399
-211
-223
105
347
509
646
591
254
-222
-525
-460
-42
442
705
881
1144
1254
921
356
-114
-314
-270
-289
-392
-335
-170
-130
-170
-173
-68
322
717
792
676
499
459
181
-524
-865
-778
-487
-46
155
101
-51
-56
119
173
440
570
304
236
-220
-810
-812
-1173
-2729
-4449
-4257
-2377
-595
851
1718
1838
1982
1689
455
-868
-986
266
1254
1095
414
-152
-455
-961
-1853
-2508
-2315
-1320
-472
45
731
1231
995
167
-458
-549
-429
-284
28
430
904
1308
962
164
-191
-208
-196
67
498
996
1469
1515
941
194
-13
-23
-185
-109
136
334
483
465
435
561
501
371
508
712
872
1015
1027
773
239
-347
-717
-980
-1138
-1011
-588
5
435
668
739
604
550
671
646
531
361
-161
-401
-468
-899
-621
-33
37
18
-257
-127
266
321
809
880
381
54
-581
-902
-777
-1324
-3018
-4813
-4480
-2353
-455
1155
2096
2214
2453
2071
528
-962
-948
304
950
595
4
-407
-571
-1068
-2004
-2584
-2311
-1590
-923
-95
960
1791
1700
704
-109
-378
-417
-354
-379
-183
356
754
836
534
230
212
11
-201
-16
529
1411
1771
1201
612
192
-160
-343
-386
-214
-10
217
492
570
713
925
902
800
710
887
1107
893
644
369
-263
-768
-1030
-1407
-1432
-830
23
776
1178
1241
957
602
559
356
59
-32
-245
-390
-542
-409
47
-34
-170
-56
-168
-113
320
743
758
363
32
-402
-1024
-1347
-1336
-1055
-1409
-2989
-4041
-3346
-1604
240
1603
2323
2454
2275
1668
382
-730
-878
-411
-208
-699
-1128
-883
-512
-680
-1346
-1891
-1871
-1289
-472
282
1124
1856
1642
618
-123
-434
-761
-891
-641
-345
13
554
839
670
529
587
666
701
752
1060
1415
1311
781
256
-11
-131
-339
-469
-228
125
389
631
764
795
850
922
923
899
1050
1117
794
419
51
-417
-730
-912
-1124
-1013
-401
329
831
974
1045
990
665
313
96
-102
-689
-859
-496
-579
-232
469
420
243
-47
-225
271
317
344
550
97
-312
-779
-1333
-1590
-1413
-1176
-2656
-4502
-4008
-2362
-412
1448
2245
2614
2776
2332
881
-908
-1174
-449
-295
-702
-1319
-1254
-487
-328
-807
-1351
-1629
-1345
-851
-356
559
1546
1695
977
115
-344
-473
-627
-783
-628
-106
657
951
608
658
989
945
825
873
1105
1355
1183
623
57
-205
-120
-135
-327
-189
237
500
575
701
951
1068
1082
1066
954
995
1009
676
161
-316
-615
-835
-1127
-1144
-834
-441
284
942
1229
1406
1362
1097
652
66
-666
-1204
-1150
-990
-952
-350
336
477
590
280
145
423
286
347
375
180
-263
-880
-887
-1053
-1322
-1601
-3403
-5171
-4469
-2179
-183
942
1981
2933
3100
2677
1332
-396
-970
-837
-789
-1170
-1472
-669
-10
-205
-626
-1424
-1902
-1669
-1182
-429
513
1444
1625
943
442
318
-65
-697
-964
-847
-428
385
1021
1099
1070
1122
992
796
840
1157
1315
1050
669
272
-54
-148
-239
-356
-349
-165
214
682
1208
1548
1533
1368
1094
860
790
730
489
2
-383
-749
-1299
-1396
-1178
-1034
-413
412
899
1250
1420
1405
1238
649
67
-195
-830
-1269
-967
-1010
-955
-111
541
435
318
629
217
-351
122
343
-17
-154
-85
-249
-924
-930
-1070
-3652
-5850
-5003
-2959
-899
859
2239
3153
3395
3231
1743
-397
-1009
-768
-769
-1020
-1430
-1256
-491
49
-368
-1334
-1488
-1257
-1324
-875
236
1176
1317
1035
819
480
218
-7
-643
-1107
-814
-221
369
1012
1362
1409
1487
1324
861
579
690
741
351
79
287
412
330
213
-152
-408
-272
41
482
963
1409
1468
1286
1285
1067
804
683
327
-158
-730
-1050
-1116
-1511
-1573
-921
-224
484
1153
1490
1535
1320
914
323
-426
-834
-926
-1092
-1072
-960
-488
319
544
736
928
434
60
-13
-302
-341
-111
-85
-366
-729
-656
-443
-301
-835
-3017
-4916
-4609
-2886
-732
1002
2071
2887
3304
3048
1840
213
-521
-599
-1047
-1832
-2182
-1353
-168
213
70
-350
-766
-802
-859
-765
-92
547
652
397
336
673
802
422
-272
-846
-769
-265
83
359
894
1596
2035
1928
1642
1445
954
116
-645
-1056
-807
-33
544
603
442
301
63
-127
18
275
490
786
996
1157
1415
1515
1310
652
-266
-910
-1330
-1547
-1502
-1382
-983
-352
216
739
1052
1353
1586
1068
273
-267
-667
-757
-904
-873
-512
-316
171
216
-128
389
565
77
-104
-224
-291
-439
-520
-366
-683
-704
-136
10
-143
-1137
-3169
-4161
-3236
-1443
124
1032
1706
2166
2246
1735
670
-136
-362
-441
-859
-1336
-1111
-503
-201
-88
-183
-413
-458
-559
-594
-177
326
378
-67
-291
78
417
522
432
-37
-466
-468
-209
298
1042
1666
1940
1870
1549
1194
890
483
-131
-709
-847
-518
-56
283
455
457
236
-17
-98
-39
238
669
900
949
1083
1289
1278
884
352
-172
-625
-865
-1128
-1471
-1452
-926
-398
-115
370
984
1346
1359
952
345
-88
-290
-549
-865
-769
-363
-163
-30
13
108
292
54
-83
-239
-530
-356
-397
-453
-44
-7
-166
-212
-755
-1686
-2768
-3249
-2568
-1555
-338
727
1159
1589
1779
1442
910
288
48
-42
-453
-798
-907
-775
-447
-275
-421
-574
-543
-503
-398
-90
198
175
-35
-119
-62
96
250
210
56
-60
13
321
707
1057
1338
1523
1551
1337
926
565
260
-74
-323
-398
-183
190
455
555
456
234
68
-74
-198
-72
198
411
659
859
894
906
1003
1000
654
231
-137
-719
-1259
-1454
-1280
-885
-484
50
570
825
1013
953
482
49
-298
-652
-888
-777
-350
-16
275
326
135
311
258
-242
-393
-429
-546
-669
-432
179
114
-101
75
-139
-460
-1015
-2249
-3139
-3075
-2213
-1115
-344
557
1512
1940
1937
1540
1063
653
90
-512
-1126
-1244
-852
-665
-542
-310
-80
54
37
68
156
225
61
-429
-664
-520
-374
-254
-128
-11
116
394
729
910
1126
1446
1628
1601
1447
1228
868
296
-263
-672
-815
-529
-99
229
495
667
629
389
160
-9
-159
-211
-152
-6
260
704
1240
1498
1367
1046
542
-55
-626
-1078
-1260
-1127
-696
-228
140
435
659
728
387
-27
-285
-490
-502
-490
-337
9
199
365
430
291
140
-199
-524
-654
-789
-721
-642
-465
-102
-186
-179
63
0
85
-43
-613
-1246
-1939
-2034
-1742
-1523
-922
-241
448
992
964
905
731
387
237
-52
-233
-230
-356
-297
-241
-264
-55
97
170
163
42
64
-25
-283
-483
-676
-773
-801
-763
-449
32
516
956
1252
1499
1728
1811
1732
1424
982
580
191
-76
-199
-231
-126
4
103
163
168
167
89
-42
-120
-115
13
168
293
458
606
686
702
590
409
202
-75
-321
-488
-491
-278
-82
-32
-113
-229
-253
-301
-337
-305
-335
-331
-301
-241
-136
15
251
275
165
-26
-372
-557
-671
-802
-892
-1011
-1070
-991
-820
-558
-244
24
266
432
467
455
339
168
27
-141
-221
-268
-322
-285
-203
-102
-38
25
86
117
203
246
191
199
293
320
307
301
189
103
154
214
273
316
333
308
160
-2
-59
27
212
303
320
384
437
476
456
376
298
134
-31
-80
-42
77
198
248
203
61
-87
-230
-371
-437
-425
-371
-335
-331
-294
-198
-61
33
58
67
44
2
-34
-118
-174
-144
-98
-115
-221
-275
-266
-257
-254
-321
-382
-358
-285
-218
-109
73
213
301
361
378
371
303
139
-59
-234
-343
-403
-447
-416
-386
-349
-211
-67
141
398
524
567
546
445
307
121
-16
-98
-198
-261
-309
-284
-144
-46
38
126
159
203
231
245
250
211
160
98
52
69
124
145
148
147
112
105
143
210
299
361
407
409
292
129
5
-54
-41
-53
-153
-278
-311
-218
-103
-33
51
196
278
231
192
224
245
175
-17
-274
-482
-595
-627
-578
-455
-287
-142
-78
-69
-51
-18
-46
-145
-223
-242
-224
-201
-169
-118
-115
-136
-142
-147
-107
-71
-75
-96
-130
-151
-164
-127
-26
38
20
12
35
20
-4
-27
-46
-47
-71
-116
-154
-96
80
236
349
443
461
388
247
68
-61
-89
-134
-225
-211
-86
57
194
230
178
145
139
136
120
165
231
229
194
145
120
128
87
-30
-114
-128
-74
64
217
320
343
307
274
252
208
130
62
5
-94
-169
-181
-178
-147
-128
-131
-133
-124
-61
11
91
212
277
300
261
85
-74
-151
-233
-300
-328
-299
-231
-152
-67
-18
16
-1
-93
-118
-81
-84
-105
-122
-155
-184
-176
-125
-38
56
132
142
104
70
5
-80
-157
-260
-333
-307
-242
-148
-24
20
3
7
40
79
71
45
47
81
149
175
154
133
51
-73
-187
-278
-291
-245
-163
-44
70
159
211
222
219
207
148
44
-15
5
87
157
164
165
116
31
-24
-61
-40
24
107
199
252
253
217
151
79
63
71
63
71
96
115
57
-70
-162
-194
-201
-218
-213
-156
-78
0
51
83
88
61
38
-13
-46
-11
53
106
92
38
-27
-128
-228
-284
-274
-202
-121
-61
-6
2
-25
-48
-49
0
-2
-29
24
93
167
217
205
172
95
-54
-199
-287
-297
-240
-190
-122
-23
54
124
168
184
186
148
65
-17
-37
8
51
50
6
-58
-119
-190
-218
-144
-69
-44
-17
10
38
81
118
112
58
-8
-30
4
55
103
111
72
14
-33
-48
-51
-25
31
64
70
90
133
160
123
37
-50
-80
-32
43
106
163
184
109
-3
-47
-48
-65
-91
-117
-123
-90
-61
-74
-99
-113
-115
-100
-78
-27
72
143
158
140
120
104
35
-60
-109
-90
-39
-21
-21
-14
-37
-83
-123
-147
-143
-105
-43
27
97
171
215
192
115
-16
-143
-210
-217
-197
-161
-95
-27
26
73
95
85
91
102
76
34
-5
-34
-70
-101
-98
-71
-47
-45
-35
9
45
54
36
0
-4
17
22
9
-6
-2
15
37
64
87
107
116
98
77
81
82
80
92
102
81
28
-9
-20
-23
-22
-37
-36
11
74
116
112
92
67
13
-43
-73
-52
15
58
68
46
-20
-92
-172
-241
-237
-199
-152
-72
13
90
122
93
21
-62
-104
-121
-113
-51
21
71
84
47
7
-31
-90
-159
-187
-150
-117
-83
-13
56
94
99
70
24
-4
-41
-77
-81
-65
-13
46
71
69
64
62
29
-6
-11
4
19
13
-13
-23
-3
14
16
44
89
116
127
120
101
62
25
-7
-61
-99
-104
-88
-46
4
54
97
118
110
92
106
127
140
152
141
112
82
47
-8
-93
-160
-154
-119
-81
-18
39
77
87
66
47
32
0
-40
-55
-33
9
31
25
-7
-71
-155
-216
-226
-199
-146
-74
-10
54
112
132
105
27
-58
-91
-95
-97
-80
-37
0
7
-5
-7
-18
-64
-85
-85
-76
-37
1
42
61
42
16
-27
-53
-51
-56
-43
-6
30
58
67
48
33
24
7
-16
-26
-18
-27
-40
-42
-43
-36
-22
-1
39
103
133
121
101
62
23
-24
-85
-126
-144
-125
-77
-23
38
59
44
40
40
39
56
84
143
219
236
180
89
9
-51
-113
-174
-196
-150
-71
-6
48
106
144
119
58
-4
-53
-66
-54
-24
10
24
22
-2
-44
-80
-105
-126
-137
-122
-70
-5
51
101
123
102
62
34
22
20
19
17
26
41
39
19
-12
-50
-63
-53
-37
-6
27
43
48
40
27
21
31
37
28
36
54
55
55
42
24
24
22
-1
-26
-34
-34
-35
-34
-40
-51
-46
-28
-21
-11
13
30
44
54
52
46
17
-27
-78
-130
-142
-119
-83
-30
10
29
30
0
-24
-37
-56
-57
-27
39
111
155
165
122
48
-29
-101
-153
-176
-152
-80
-5
50
100
114
63
-13
-73
-105
-97
-55
-9
16
21
24
29
28
17
-11
-52
-74
-68
-44
-2
35
43
34
26
30
40
52
64
52
26
7
-5
0
-5
-13
-4
12
32
65
104
124
99
36
-28
-63
-72
-70
-48
-1
46
81
99
93
86
73
45
8
-23
-17
6
27
36
10
-33
-76
-122
-143
-131
-116
-98
-65
-20
33
77
103
103
65
-1
-54
-59
-31
2
20
16
-8
-36
-64
-85
-87
-65
-39
-32
-8
55
123
148
133
97
45
-19
-79
-107
-87
-34
2
-2
-13
-12
0
17
21
16
-2
-31
-51
-54
-31
6
28
21
-3
-13
-4
4
3
-10
-34
-66
-76
-53
2
71
109
118
106
74
38
-5
-52
-94
-114
-107
-77
-15
67
136
170
152
97
37
-20
-67
-89
-82
-66
-62
-52
-10
42
80
82
30
-20
-23
-1
30
64
90
104
88
44
-10
-47
-73
-125
-182
-196
-157
-94
-22
50
92
104
93
66
61
78
85
67
35
7
-15
-37
-58
-83
-101
-108
-103
-74
-14
55
105
127
115
90
59
23
2
-7
-5
-8
-29
-44
-41
-25
-15
-21
-23
-23
-32
-41
-34
-17
-4
-4
-26
-37
-10
34
70
82
61
14
-35
-70
-83
-66
-32
-1
15
27
50
68
56
13
-39
-84
-113
-108
-64
-2
55
98
119
111
75
31
-16
-77
-127
-146
-134
-92
-44
6
47
60
51
30
20
34
53
68
73
63
59
53
25
-7
-47
-88
-117
-132
-118
-87
-50
-12
10
36
72
97
109
114
106
95
79
56
37
25
10
-10
-31
-47
-52
-37
-13
7
26
36
44
50
48
52
56
55
51
40
23
3
-9
-15
-27
-39
-39
-27
-20
-24
-33
-41
-53
-69
-71
-49
-16
13
40
54
46
26
-4
-44
-74
-81
-77
-66
-34
9
44
61
43
11
-22
-57
-75
-71
-47
-22
-3
20
44
64
70
46
7
-24
-61
-99
-110
-88
-47
-11
0
10
24
40
47
30
19
17
15
15
21
40
52
36
0
-35
-61
-80
-75
-53
-38
-39
-38
-17
20
63
86
77
69
64
57
54
47
40
37
16
-8
-16
-12
3
10
-5
-26
-39
-28
-7
20
49
64
67
58
47
45
32
3
-37
-73
-86
-72
-32
7
19
10
-22
-56
-58
-41
-21
-5
5
13
18
32
54
54
27
-24
-84
-118
-122
-94
-43
2
31
38
38
49
59
63
46
3
-37
-58
-45
-8
30
53
45
20
-1
-19
-31
-34
-35
-34
-36
-31
-4
28
59
72
47
15
-9
-18
-6
-1
0
-3
-23
-29
-20
-3
25
37
25
4
-17
-18
-12
-9
3
0
-14
-14
7
44
71
75
70
44
17
9
8
9
0
-25
-47
-53
-36
-14
0
13
22
26
26
28
40
48
38
12
-17
-33
-37
-31
-18
-15
-25
-39
-54
-51
-28
-9
-7
-18
-16
9
37
53
47
30
11
-14
-36
-55
-68
-50
-30
-20
6
34
57
74
77
74
48
4
-26
-44
-38
-21
-16
-5
2
1
9
7
4
16
10
-7
-12
-6
13
19
15
12
-13
-31
-40
-48
-30
-16
-8
-2
-14
-14
2
14
20
13
9
13
14
18
9
-13
-16
-22
-37
-41
-44
-33
-13
16
47
52
64
77
64
46
8
-21
-41
-65
-64
-64
-51
-25
-16
15
51
65
67
39
4
-20
-41
-30
-19
-26
-4
-3
-17
-6
-30
-28
-21
-26
-26
-150
-169
3
100
132
95
42
13
-52
-37
-24
-75
-54
-30
-21
36
78
121
148
110
86
51
12
38
9
-28
-21
-31
-46
-110
-51
69
23
0
-2
-31
-3
22
51
42
19
28
-1
11
22
-27
-40
-57
-86
-66
-20
31
60
54
61
50
26
33
0
-15
-10
-47
-58
-95
-60
31
-28
-50
-27
-52
-24
-10
25
47
32
91
91
48
60
29
0
-24
-96
-117
-84
-36
32
46
65
91
33
5
0
8
43
-15
-54
-64
-90
-45
-26
-22
-21
-60
-27
9
18
50
60
89
84
32
38
54
51
55
29
-10
-43
-68
-51
-28
-5
31
23
20
52
53
30
-7
-24
-35
-67
-53
-44
-59
-40
-4
27
22
11
27
16
-3
-5
5
18
16
5
-14
-42
-71
-94
-88
-62
-46
-38
-11
29
53
64
75
51
-3
-28
-37
-48
-41
-35
-31
-12
7
20
23
23
19
19
40
60
77
95
105
105
83
45
20
4
-36
-75
-64
-32
-13
31
69
49
35
41
40
41
43
55
46
23
34
28
20
10
-22
-28
-44
-37
11
14
23
46
19
21
55
56
40
21
25
8
-28
-15
-20
-31
11
-3
-27
-24
-51
-50
-68
-86
-76
-105
-104
-96
-117
-103
-83
-63
-40
-54
-45
-63
-134
-145
-156
-193
-161
-120
-105
-87
-94
-104
-142
-167
-137
-138
-121
-74
-37
29
78
97
88
48
29
10
-38
-24
21
24
43
73
90
96
103
130
120
111
137
129
133
152
141
157
168
159
131
78
60
44
40
79
94
97
101
84
91
91
103
143
109
79
76
51
79
127
155
150
112
91
43
8
51
64
79
104
59
17
-15
-33
2
41
95
111
43
10
-24
-54
-34
-68
-14
74
77
101
17
-114
-131
-146
-128
-64
-25
-20
-51
-17
-10
-63
5
20
-78
-121
-216
-326
-310
-296
-281
-260
-291
-346
-439
-480
-473
-447
-369
-360
-334
-265
-297
-265
-182
-221
-237
-171
-139
-131
-67
-44
-85
-27
58
62
96
167
180
209
254
229
233
276
281
271
265
241
220
225
213
181
167
166
167
177
182
177
198
221
197
200
231
202
194
215
185
169
183
178
192
239
250
224
200
184
127
79
106
105
110
131
81
39
31
5
5
-14
-78
-63
-33
-47
-35
-83
-103
-52
-60
-61
-106
-163
-141
-169
-125
-73
-119
2
79
51
147
86
-11
52
23
20
66
-19
-79
-134
-147
-51
-118
-278
-507
-623
-339
-138
-88
-132
-462
-621
-532
-512
-405
-289
-317
-319
-361
-523
-652
-573
-294
-87
-56
-82
-171
-146
42
58
74
120
65
215
389
376
316
197
106
173
251
257
303
355
313
193
123
147
207
350
435
294
166
104
106
263
307
205
162
152
175
227
255
274
276
220
137
103
149
225
257
265
193
96
129
146
109
64
-37
-44
3
10
-13
-70
-93
-162
-275
-287
-258
-228
-140
-157
-228
-207
-210
-148
-28
-10
-25
-18
29
108
34
67
102
-51
143
239
141
260
138
-61
87
179
134
217
184
105
80
171
221
76
-89
-609
-870
-355
62
180
52
-724
-1266
-912
-441
-139
-129
-485
-710
-400
-187
-520
-723
-641
-432
16
260
-99
-318
-206
-242
-110
43
-85
92
509
437
120
-42
-71
235
633
610
371
253
155
103
207
291
245
311
394
236
93
31
30
229
319
162
86
123
185
254
242
166
113
133
228
258
199
142
111
183
227
156
111
85
7
-95
-104
20
169
208
78
-153
-276
-265
-184
-31
-26
-136
-180
-196
-227
-257
-264
-238
-150
-110
-152
-151
-101
-128
-139
-7
91
176
231
189
139
150
230
343
421
230
23
73
213
391
465
229
-3
90
189
345
422
131
-42
65
258
203
-300
-753
-593
6
430
189
-548
-1111
-1088
-475
-39
-325
-789
-864
-448
16
-187
-848
-1062
-677
-47
291
10
-434
-583
-396
-67
122
80
8
115
282
204
31
75
226
359
404
325
295
289
184
161
213
228
314
368
291
153
1
-1
159
243
219
157
85
99
98
76
191
212
128
140
116
64
58
58
98
168
184
172
135
64
-57
-106
79
201
176
86
-90
-167
-129
-101
-50
-13
-119
-152
-73
-110
-216
-253
-214
-202
-193
-191
-159
-82
-82
-157
-171
-39
81
108
87
13
-34
103
305
370
272
81
141
301
337
446
370
220
253
234
290
364
272
347
411
306
279
113
-4
122
157
120
9
-85
-9
-24
-210
-564
-811
-448
91
197
-237
-978
-1255
-776
-177
-81
-603
-1144
-919
-244
-4
-454
-1099
-1125
-445
237
269
-316
-795
-636
-74
347
274
-75
-120
107
262
269
117
65
242
344
389
416
233
97
103
145
330
461
386
216
20
-37
122
329
377
218
61
78
161
186
159
144
200
226
227
251
140
41
107
175
221
285
307
281
187
19
-16
120
249
280
140
-85
-166
-74
-7
-18
-80
-181
-173
-77
-114
-252
-294
-246
-133
-43
-115
-214
-199
-123
-55
-41
-68
-69
-22
17
22
47
89
134
174
189
130
146
304
346
298
216
80
65
245
339
252
139
-36
-86
86
296
199
-132
-288
-205
89
224
26
-246
-350
-247
-2
116
-184
-315
-187
-245
-392
-475
-370
-70
105
-242
-749
-812
-391
44
-9
-494
-840
-479
133
213
-342
-952
-838
-46
521
237
-416
-753
-413
302
483
64
-314
-265
163
517
368
-38
-169
37
406
560
383
159
7
70
320
482
438
271
109
43
154
350
420
297
141
127
227
285
272
221
109
163
324
288
159
54
54
189
259
188
84
-4
-12
65
75
-40
-92
45
134
54
-42
-176
-196
-45
14
18
-52
-153
-142
-127
-137
-144
-106
-88
-120
-130
-167
-165
-97
-126
-190
-136
-66
-16
-40
-138
-128
-57
44
102
-5
-139
-139
-24
86
96
6
-53
-37
2
59
88
49
40
77
96
147
99
-40
21
129
88
142
176
-14
-43
132
129
51
75
101
130
96
-21
-54
85
167
18
-240
-539
-367
260
396
-48
-601
-896
-525
180
191
-439
-784
-569
-45
265
-123
-850
-916
-252
377
423
-205
-713
-496
63
400
272
-135
-294
33
357
332
58
-239
-154
299
543
375
63
-179
-98
224
456
443
132
-123
-48
191
316
252
124
1
79
286
283
102
-8
32
220
380
263
17
-111
21
292
360
209
14
-37
97
225
164
-33
-111
10
177
212
49
-172
-211
-81
35
66
-21
-122
-144
-137
-127
-123
-118
-97
-99
-123
-118
-106
-92
-70
-66
-74
-52
-2
0
-36
-23
21
31
31
50
35
17
48
70
72
61
34
24
20
70
118
84
73
63
34
83
94
1
-74
-31
83
85
10
-46
-105
-75
55
82
-36
-93
-40
-30
-42
-17
-86
-81
74
93
6
-20
2
-2
26
88
118
111
34
-66
-224
-216
123
339
124
-251
-412
-316
-60
97
-137
-530
-498
-91
59
-177
-583
-743
-383
111
228
-179
-607
-534
-123
163
101
-186
-366
-133
236
260
-37
-271
-205
108
403
345
38
-196
-137
167
393
370
121
-97
-47
199
351
280
113
-11
56
239
341
228
26
27
193
332
329
196
59
42
176
302
241
109
91
119
164
183
93
41
103
169
178
70
-90
-112
-9
76
108
40
-90
-104
-43
-36
-49
-101
-128
-63
-37
-69
-130
-212
-206
-123
-56
-77
-157
-202
-200
-139
-74
-86
-136
-163
-158
-106
-60
-77
-75
-68
-81
-27
-1
-44
-17
41
19
13
48
55
93
120
105
96
90
126
140
98
92
77
77
145
128
46
44
58
38
37
52
47
22
3
-4
20
52
75
95
26
-29
12
12
40
135
111
20
-29
-168
-237
-23
208
134
-158
-333
-308
-141
46
-55
-384
-487
-229
30
-70
-418
-601
-442
-49
214
-54
-532
-563
-216
65
111
-95
-347
-275
59
208
14
-240
-217
40
260
268
28
-224
-171
130
347
317
105
-116
-96
154
314
269
157
77
118
300
361
177
62
175
350
460
424
208
22
99
359
451
275
139
116
109
212
283
119
-33
56
170
111
14
-58
-161
-122
64
63
-125
-211
-180
-185
-136
-31
-99
-228
-195
-135
-188
-213
-146
-133
-153
-94
-86
-191
-215
-138
-79
-30
4
-48
-159
-150
-44
-16
4
67
33
-16
49
47
-23
15
88
117
123
119
78
27
67
125
103
93
114
79
47
68
37
-34
21
117
33
-24
21
-63
-126
-19
60
-12
-64
-16
-39
-95
-5
71
-19
-28
76
67
10
45
91
53
81
189
112
17
130
141
-3
-48
10
96
143
96
-87
-313
-255
4
37
-151
-325
-362
-233
-72
-120
-395
-535
-347
-95
-52
-236
-450
-446
-214
-3
-24
-219
-321
-209
-11
98
19
-128
-131
24
150
161
101
7
7
146
276
266
159
87
111
214
311
301
204
156
225
306
310
256
187
177
281
331
214
87
81
173
261
242
90
-50
-21
109
158
62
-75
-118
-23
77
40
-122
-241
-168
-36
11
-59
-196
-248
-160
-54
-64
-141
-186
-162
-91
-59
-100
-163
-151
-65
-7
-24
-77
-98
-77
-30
16
9
-36
-49
-24
7
30
12
-28
-15
26
40
34
9
-24
-20
33
72
47
-6
-20
25
79
67
32
14
17
63
83
65
37
-11
11
70
68
63
63
38
27
48
52
19
24
41
17
60
122
59
-19
-17
39
108
131
110
38
-8
57
144
169
112
44
40
52
74
114
80
12
-21
-95
-126
-30
37
-30
-158
-241
-233
-133
-44
-113
-285
-356
-248
-97
-88
-257
-415
-352
-144
-8
-63
-245
-326
-208
-26
54
-39
-168
-141
2
101
70
-47
-93
-8
103
152
113
17
-21
35
108
134
95
37
23
66
116
115
67
31
37
75
124
105
37
16
67
142
149
81
21
32
112
175
151
70
29
73
138
145
95
48
65
129
146
85
5
-12
42
92
83
5
-47
-31
-18
-17
-36
-76
-92
-72
-39
-54
-116
-125
-104
-104
-74
-64
-98
-117
-119
-102
-70
-43
-51
-96
-104
-70
-53
-22
13
-6
-23
0
20
24
31
49
62
68
84
75
52
59
67
73
96
114
99
72
74
80
51
60
109
86
51
43
1
-9
32
64
44
-6
1
1
-4
48
15
-44
20
60
40
29
13
9
23
84
89
9
5
25
28
64
65
34
2
8
55
15
-49
-46
-77
-84
-16
7
-71
-156
-156
-142
-126
-86
-139
-227
-203
-148
-143
-167
-231
-272
-220
-112
-68
-155
-236
-211
-142
-59
-17
-85
-159
-118
-20
43
34
-25
-73
-27
87
113
52
8
2
40
121
163
98
14
33
112
133
116
98
67
77
117
122
84
61
85
120
135
111
51
30
94
151
128
75
37
39
77
106
95
34
7
55
91
71
11
-34
0
58
72
40
-22
-44
-20
6
25
-7
-42
-25
-3
-8
-36
-55
-41
-9
3
-9
-33
-55
-53
-27
7
0
-37
-51
-51
-32
-15
-12
-6
-14
-22
0
20
13
1
2
13
19
25
16
9
30
26
22
31
16
13
24
23
29
22
3
15
17
-6
-24
-16
-3
-8
-7
-24
-43
-31
-25
-18
-2
-13
-32
-4
27
17
-3
-10
5
31
50
45
30
26
34
51
65
47
25
33
47
41
16
0
15
24
-1
-23
-30
-45
-50
-51
-71
-82
-83
-92
-99
-110
-134
-144
-129
-125
-136
-144
-142
-141
-156
-164
-150
-126
-107
-100
-104
-113
-110
-93
-65
-40
-40
-55
-46
-9
2
-15
-13
-17
-11
24
39
30
13
7
31
57
61
40
22
43
66
63
55
52
59
72
86
91
68
71
103
108
104
94
86
125
157
137
109
101
115
127
124
117
92
84
113
124
97
64
57
75
91
88
60
30
28
34
24
18
8
-6
0
13
7
-24
-41
-35
-31
-18
-7
-24
-46
-54
-54
-44
-21
-13
-36
-41
-26
-27
-30
-21
-21
-37
-34
-10
-5
-23
-23
-16
-31
-37
-24
-18
-30
-48
-46
-30
-19
-21
-32
-38
-61
-67
-25
-9
-27
-28
-38
-45
-23
-7
-15
-15
7
0
-3
55
67
7
-7
45
82
69
64
70
30
16
86
135
81
15
34
70
74
76
38
-8
6
37
45
26
-19
-75
-81
-9
13
-68
-131
-128
-101
-81
-79
-104
-159
-183
-133
-81
-98
-171
-208
-152
-91
-92
-132
-173
-176
-137
-76
-43
-81
-131
-110
-36
0
-39
-84
-69
-6
44
35
-8
-40
-25
34
81
74
18
-4
47
98
84
43
37
65
97
110
100
80
65
80
115
126
105
89
100
125
129
108
102
107
108
112
116
109
93
91
103
106
90
64
58
78
95
87
64
42
37
46
51
40
19
7
10
31
32
-7
-28
-14
0
1
-11
-28
-37
-35
-27
-21
-26
-32
-39
-42
-39
-40
-37
-31
-33
-37
-46
-45
-28
-32
-39
-28
-24
-30
-36
-39
-35
-33
-27
-20
-28
-33
-39
-46
-34
-21
-11
-17
-34
-36
-42
-26
13
1
-32
-34
-13
15
9
-10
-28
-37
12
52
34
-6
-33
0
46
48
34
-12
-24
50
77
39
10
-3
15
49
73
47
-22
-26
26
45
21
-19
-35
-23
-14
-10
-27
-66
-82
-67
-43
-51
-94
-115
-101
-80
-81
-110
-127
-125
-126
-113
-94
-107
-134
-129
-90
-67
-86
-98
-83
-59
-43
-43
-39
-36
-43
-25
7
18
6
-1
20
42
33
22
42
61
59
53
59
66
58
59
80
79
52
60
89
97
90
78
80
91
105
101
91
110
103
91
111
124
114
103
105
107
97
90
103
117
106
83
85
92
67
71
82
71
68
48
44
54
46
31
14
15
18
11
18
12
-18
-27
-25
-18
-17
-43
-45
-38
-51
-57
-64
-64
-55
-54
-62
-77
-81
-69
-53
-49
-68
-86
-75
-48
-28
-37
-63
-72
-51
-20
-22
-47
-53
-36
-13
0
-3
-21
-36
-19
12
22
6
-19
-16
2
9
5
-3
-1
-5
-12
5
15
-7
-24
-15
7
4
-19
-21
-24
-20
-5
-2
-1
-15
-32
-19
7
7
-27
-28
16
19
-10
-18
-7
-4
-12
0
7
-18
-27
-15
-4
-15
-43
-35
-15
-20
-44
-66
-51
-33
-50
-63
-59
-70
-85
-74
-54
-69
-88
-82
-67
-57
-70
-84
-75
-64
-60
-59
-48
-49
-75
-64
-25
-11
-23
-36
-23
-2
2
15
23
13
20
41
56
53
39
50
75
88
80
61
66
91
109
110
93
80
83
109
133
119
94
85
98
120
118
96
81
82
97
108
99
86
70
70
85
82
69
62
58
57
55
48
38
29
27
28
25
15
3
-5
-8
-12
-17
-18
-24
-35
-39
-38
-44
-55
-61
-59
-56
-53
-47
-48
-61
-70
-62
-47
-37
-40
-50
-48
-43
-31
-17
-22
-35
-36
-22
1
2
-21
-28
-13
6
16
7
-11
0
0
0
0
0
0
0
0
0
0
0
0
0
0
0
0
0
0
0
0
0
0
0
0
0
0
0
0
0
0
0
0
0
0
0
0
0
0
0
0
0
0
0
0
0
0
0
0
0
0
0
0
0
0
0
0
0
0
0
0
0
0
0
0
0
0
0
0
0
0
0
0
0
0
0
0
0
0
0
0
0
0
0
0
0
0
0
0
0
0
0
0
0
0
0
0
0
0
0
0
0
0
0
0
0
0
0
0
0
0
0
0
0
0
0
0
0
0
0
0
0
0
0
0
0
0
0
0
0
0
0
0
0
0
0
0
0
0
0
0
0
0
0
0
0
0
0
0
0
0
0
0
0
0
0
0
0
0
0
0
0
0
0
0
0
0
0
0
0
0
0
0
0
0
0
0
0
0
0
0
0
0
0
0
0
0
0
0
0
0
0
0
0
0
0
0
0
0
0
0
0
0
0
0
0
0
0
0
0
0
0
0
0
0
0
0
0
0
0
0
0
0
0
0
0
0
0
0
0
0
0
0
0
0
0
0
0
0
0
0
0
0
0
0
0
0
0
0
0
0
0
0
0
0
0
0
0
0
0
0
0
0
0
0
0
0
0
0
0
0
0
0
0
0
0
0
0
0
0
0
0
0
0
0
0
0
0
0
0
0
0
0
0
0
0
0
0
0
0
0
0
0
0
0
0
0
0
0
0
0
0
0
0
0
0
0
0
0
0
0
0
0
0
0
0
0
0
0
0
0
0
0
0
0
0
0
0
0
0
0
0
0
0
0
0
0
0
0
0
0
0
0
0
0
0
0
0
0
0
0
0
0
0
0
0
0
0
0
0
0
0
0
0
0
0
0
0
0
0
0
0
0
0
0
0
0
0
0
0
0
0
0
0
0
0
0
0
0
0
0
0
0
0
0
0
0
0
0
0
0
0
0
0
0
0
0
0
0
0
0
0
0
0
0
0
0
0
0
0
0
0
0
0
0
0
0
0
0
0
0
0
0
0
0
0
0
0
0
0
0
0
0
0
0
0
0
0
0
0
0
0
0
0
0
0
0
0
0
0
0
0
0
0
0
0
0
0
0
0
0
0
0
0
0
0
0
0
0
0
0
0
0
0
0
0
0
0
0
0
0
0
0
0
0
0
0
0
0
0
0
0
0
0
0
0
0
0
0
0
0
0
0
0
0
0
0
0
0
0
0
0
0
0
0
0
0
0
0
0
0
0
0
0
0
0
0
0
0
0
0
0
0
0
0
0
0
0
0
0
0
0
0
0
0
0
0
0
0
0
0
0
0
0
0
0
0
0
0
0
0
0
0
0
0
0
0
0
0
0
0
0
0
0
0
0
0
0
0
0
0
0
0
0
0
0
0
0
0
0
0
0
0
0
0
0
0
0
0
0
0
0
0
0
0
0
0
0
0
0
0
0
0
0
0
0
0
0
0
0
0
0
0
0
0
0
0
0
0
0
0
0
0
0
0
0
0
0
0
0
0
0
0
0
0
0
0
0
0
0
0
0
0
0
0
0
0
0
0
0
0
0
0
0
0
0
0
0
0
0
0
0
0
0
0
0
0
0
0
0
0
0
0
0
0
0
0
0
0
0
0
0
0
0
0
0
0
0
0
0
0
0
0
0
0
0
0
0
0
0
0
0
0
0
0
0
0
0
0
0
0
0
0
0
0
0
0
0
0
0
0
0
0
0
0
0
0
0
0
0
0
0
0
0
0
0
0
0
0
0
0
0
0
0
0
0
0
0
0
0
0
0
0
0
0
0
0
0
0
0
0
0
0
0
0
0
0
0
0
0
0
0
0
0
0
0
0
0
0
0
0
0
0
0
0
0
0
0
0
0
0
0
0
0
0
0
0
0
0
0
0
0
0
0
0
0
0
0
0
0
0
0
0
0
0
0
0
0
0
0
0
0
0
0
0
0
0
0
0
0
0
0
0
0
0
0
0
0
0
0
0
0
0
0
0
0
0
0
0
0
0
0
0
0
0
0
0
0
0
0
0
0
0
0
0
0
0
0
0
0
0
0
0
0
0
0
0
0
0
0
0
0
0
0
0
0
0
0
0
0
0
0
0
0
0
0
0
0
0
0
0
0
0
0
0
0
0
0
0
0
0
0
0
0
0
0
0
0
0
0
0
0
0
0
0
0
0
0
0
0
0
0
0
0
0
0
0
0
0
0
0
0
0
0
0
0
0
0
0
0
0
0
0
0
0
0
0
0
0
0
0
0
0
0
0
0
0
0
