-10
-17
0
13
2
-15
-9
24
50
39
4
-10
8
29
27
-3
-37
-37
-6
9
-11
-30
-20
4
11
-3
-13
0
28
45
35
13
-1
0
8
4
-6
-17
-28
-21
-2
0
-24
-26
9
30
8
-33
-47
-27
3
20
13
-4
-10
-2
16
23
7
-13
-10
7
14
3
-11
-4
15
3
-38
-50
-21
-4
-25
-39
-13
18
21
9
7
13
4
-14
-5
37
63
37
-12
-29
-8
9
-5
-25
-27
-25
-32
-25
7
31
25
14
17
13
2
17
58
68
28
-6
-7
-11
-20
-10
16
36
25
-12
-39
-33
-13
-12
-18
0
41
59
24
-7
13
41
22
-28
-51
-34
-10
0
-6
-13
-6
9
12
2
-9
-13
-10
-8
5
33
39
7
-15
-16
-23
-28
-17
-10
-5
14
22
0
-13
-5
6
17
15
-17
-38
-20
-9
-34
-46
-18
10
20
19
11
-5
-13
-7
-3
-6
-17
-27
-17
10
24
7
-18
-17
10
23
-8
-37
-18
16
26
23
21
16
6
7
12
3
-13
-6
14
13
-4
-12
-14
-18
-11
3
16
37
45
16
-14
-2
16
-1
-18
10
48
33
-26
-51
-8
40
28
-17
-33
-11
11
21
24
21
28
23
11
13
7
-8
-19
-17
-10
-11
3
10
10
18
0
-20
0
24
-2
-51
-35
24
36
8
-16
-13
4
2
-17
-24
-7
14
14
-5
-15
-2
13
0
-49
-69
-41
-11
22
35
6
-42
-57
0
54
40
-12
-48
-21
25
27
-15
-47
2
72
46
-55
-95
-14
64
35
-38
-63
-20
44
61
8
-45
-30
21
53
32
-10
-16
17
55
40
-26
-64
-33
35
37
-55
-110
-40
64
84
27
-24
-15
35
58
20
-26
-17
34
66
36
-29
-54
-9
44
34
-23
-61
-39
13
37
9
-21
-2
41
51
23
-16
-29
-2
28
24
-15
-46
-38
-14
-1
-11
-33
-21
13
17
0
3
28
33
4
-17
-12
2
5
-10
-30
-37
-18
0
10
27
28
7
-9
-9
3
13
17
15
3
-10
-13
-1
5
-6
-19
-20
-5
2
-15
-29
-10
26
27
-2
-10
15
30
12
-2
3
11
15
2
-22
-40
-30
4
10
-21
-37
-13
23
34
20
-17
-26
26
49
13
-9
17
40
11
-33
-41
-20
16
17
-32
-66
-43
9
36
35
26
14
17
15
-6
-18
-3
39
55
17
-32
-50
-18
19
6
-35
-44
-16
-5
-20
-16
9
41
46
11
-12
-3
19
22
8
11
8
-15
-30
-19
-6
-20
-36
-37
-26
-13
-7
1
14
31
43
24
-9
-13
9
31
36
16
-24
-47
-20
20
20
-24
-58
-43
-8
13
10
3
30
60
43
-7
-24
11
52
67
38
-8
-23
-11
3
-7
-39
-49
-28
3
0
-38
-50
-15
28
31
4
-1
19
42
38
15
12
10
4
-3
-4
11
8
-10
-20
-30
-34
-41
-38
-21
-9
5
9
17
38
49
51
30
0
-15
-25
-20
-3
9
-5
-42
-65
-65
-49
-22
4
18
11
-1
0
9
26
32
16
0
-12
-19
-20
-5
17
20
11
-4
-22
-27
-11
17
36
46
50
43
44
61
66
47
27
30
37
23
-2
-14
-10
0
-1
-23
-44
-27
6
12
1
0
-3
-13
-6
12
7
-18
-34
-27
-13
-9
-13
-21
-27
-39
-65
-78
-69
-70
-98
-129
-147
-157
-153
-136
-128
-127
-114
-84
-42
9
59
102
144
188
227
244
228
201
197
211
202
171
135
81
17
-33
-75
-97
-71
-19
3
-5
0
28
88
169
215
183
97
34
15
8
-15
-70
-133
-169
-172
-161
-145
-125
-101
-67
-33
-31
-51
-55
-42
-36
-59
-111
-173
-204
-196
-212
-292
-375
-377
-306
-258
-271
-250
-96
141
316
370
367
357
336
307
329
423
524
526
391
176
-25
-165
-239
-247
-217
-195
-180
-114
31
202
312
338
338
328
268
149
29
-45
-98
-154
-208
-238
-220
-169
-130
-116
-76
4
68
83
61
13
-41
-82
-112
-160
-228
-275
-274
-242
-216
-224
-254
-284
-306
-317
-298
-252
-207
-124
48
241
354
385
358
277
224
298
453
573
597
486
243
-6
-148
-217
-255
-245
-216
-213
-185
-70
115
298
389
333
196
114
114
114
67
-24
-124
-183
-178
-143
-93
-24
27
18
-22
-52
-66
-57
-20
1
-17
-48
-71
-83
-95
-118
-158
-203
-239
-274
-321
-377
-416
-398
-322
-242
-217
-195
-44
248
494
540
441
321
224
182
228
350
486
540
425
153
-123
-273
-308
-285
-244
-206
-169
-96
43
197
271
244
190
158
126
90
71
64
54
24
-52
-156
-196
-130
-34
24
34
28
29
17
-31
-82
-85
-47
-6
10
-17
-75
-128
-159
-188
-242
-295
-313
-300
-288
-303
-346
-378
-351
-286
-222
-97
175
503
685
657
510
338
223
223
292
351
383
346
170
-77
-244
-301
-308
-288
-264
-264
-217
-24
238
384
362
261
167
108
91
101
124
144
125
36
-89
-189
-219
-162
-52
29
41
20
-6
-36
-59
-58
-27
28
75
59
-36
-142
-195
-212
-235
-247
-228
-220
-279
-423
-619
-797
-864
-769
-606
-501
-385
-45
535
1064
1255
1082
713
354
211
412
821
1123
1082
628
-95
-711
-923
-815
-636
-509
-499
-568
-425
119
771
1108
1052
762
389
105
31
120
262
344
207
-156
-493
-619
-590
-439
-137
178
308
224
-2
-232
-279
-109
130
312
370
231
-46
-280
-421
-533
-589
-525
-404
-385
-560
-928
-1362
-1615
-1502
-1049
-553
-441
-711
-621
456
1993
2820
2499
1529
558
37
181
820
1557
1979
1571
150
-1503
-2262
-1866
-933
-200
-111
-563
-828
-251
939
1881
2006
1453
744
275
94
71
135
193
88
-209
-559
-816
-906
-813
-586
-262
135
448
476
248
0
-95
-32
113
234
232
94
-112
-340
-586
-821
-946
-894
-771
-774
-981
-1308
-1608
-1695
-1455
-988
-621
-677
-942
-540
1075
3067
3880
2999
1327
38
-291
267
1288
2275
2658
1789
-337
-2460
-3091
-2072
-523
373
183
-645
-1082
-379
1165
2516
2821
2042
907
174
3
51
-18
-265
-544
-720
-803
-821
-769
-728
-688
-424
122
609
723
554
303
26
-237
-423
-467
-262
118
322
74
-540
-1170
-1425
-1178
-734
-533
-755
-1253
-1717
-1883
-1646
-1076
-443
-139
-232
-133
814
2296
3147
2710
1548
632
295
280
538
1187
1788
1553
300
-1198
-1869
-1314
-195
451
256
-355
-759
-491
501
1603
1985
1521
831
396
187
39
-136
-321
-428
-455
-514
-656
-773
-701
-359
95
327
240
114
190
343
312
77
-204
-390
-415
-322
-241
-293
-499
-821
-1133
-1221
-1040
-791
-678
-764
-1025
-1316
-1355
-1013
-495
-156
-192
-174
692
2173
2806
1951
745
177
9
46
522
1280
1837
1758
734
-759
-1394
-735
153
457
284
-168
-614
-503
263
1010
1165
836
421
192
124
81
37
14
40
35
-130
-342
-422
-387
-361
-325
-171
53
226
242
94
-57
-173
-341
-423
-196
209
373
108
-474
-1124
-1497
-1395
-947
-516
-412
-666
-1096
-1435
-1465
-1121
-535
-70
-131
-640
-684
617
2723
3925
3162
1087
-757
-1341
-641
742
2183
3089
2708
802
-1535
-2623
-1928
-468
397
108
-860
-1481
-942
639
2209
2703
1923
624
-247
-370
-116
26
-71
-274
-440
-523
-595
-596
-274
371
847
709
138
-355
-470
-250
-37
-149
-465
-641
-620
-510
-282
67
345
326
-33
-546
-941
-993
-709
-381
-366
-745
-1238
-1522
-1482
-1170
-707
-274
-101
-152
65
1013
2408
3225
2689
1111
-398
-906
-358
665
1637
2266
2190
1086
-678
-2044
-2235
-1484
-704
-543
-911
-1143
-603
681
2014
2605
2214
1319
611
337
194
-128
-509
-658
-569
-544
-705
-801
-577
-37
541
782
502
-62
-470
-569
-477
-328
-245
-305
-445
-472
-269
99
486
692
543
22
-652
-1084
-1059
-731
-488
-609
-1007
-1383
-1469
-1208
-707
-132
205
40
-392
-363
568
1932
2876
2863
1820
291
-717
-588
414
1641
2473
2290
951
-867
-2280
-2772
-2286
-1315
-662
-636
-673
-139
977
2234
3028
2936
2058
915
-8
-600
-944
-1057
-997
-976
-1109
-1209
-1034
-540
152
731
878
653
398
284
243
155
-83
-447
-757
-884
-771
-377
146
447
319
-86
-471
-624
-500
-261
-174
-371
-732
-1056
-1201
-1118
-880
-551
-202
-69
-275
-426
131
1435
2634
2841
1847
286
-722
-578
331
1380
2216
2371
1380
-446
-2069
-2646
-2082
-1018
-352
-416
-715
-549
328
1582
2530
2598
1809
749
-29
-404
-561
-675
-779
-883
-1025
-1153
-1087
-708
-151
304
552
671
688
583
432
272
37
-269
-588
-807
-705
-233
299
510
284
-196
-646
-819
-664
-392
-264
-372
-631
-903
-1087
-1102
-862
-402
-17
-13
-238
-81
834
2029
2583
2057
861
-180
-565
-342
357
1428
2342
2325
1188
-441
-1692
-2049
-1660
-1140
-892
-843
-693
-157
743
1551
1817
1567
1127
724
379
-16
-488
-861
-990
-950
-892
-905
-893
-622
-60
463
623
424
116
-2
162
374
420
346
223
-3
-309
-528
-491
-175
181
221
-128
-635
-1018
-1078
-824
-508
-381
-430
-476
-460
-432
-383
-267
-148
-231
-501
-509
132
1226
2105
2119
1160
-89
-683
-333
596
1754
2761
2950
1908
77
-1573
-2303
-2031
-1366
-1049
-1151
-1140
-648
252
1250
1937
2008
1546
954
513
168
-232
-615
-829
-943
-1085
-1193
-1098
-668
81
887
1303
1085
506
80
36
179
235
116
-160
-501
-753
-818
-640
-226
230
424
229
-173
-545
-770
-797
-673
-484
-290
-190
-248
-417
-626
-757
-652
-429
-473
-782
-756
91
1487
2547
2489
1352
83
-365
5
671
1479
2291
2450
1476
-213
-1767
-2539
-2373
-1782
-1463
-1484
-1384
-798
279
1504
2334
2378
1805
1176
766
370
-196
-783
-1116
-1096
-906
-806
-811
-640
-54
791
1445
1551
1096
431
-31
-213
-287
-347
-375
-384
-406
-452
-512
-468
-168
257
474
339
-37
-458
-749
-813
-657
-375
-93
71
-31
-431
-899
-1120
-997
-760
-744
-855
-557
413
1635
2353
2093
1089
148
-136
150
711
1426
1990
1869
843
-751
-2226
-2913
-2645
-1928
-1342
-976
-555
201
1302
2328
2702
2320
1655
1155
837
415
-250
-916
-1236
-1110
-744
-493
-448
-290
224
869
1232
1145
715
195
-214
-516
-732
-707
-392
-44
69
-48
-225
-272
-123
80
155
43
-226
-570
-827
-900
-816
-589
-288
-112
-224
-590
-998
-1163
-979
-714
-649
-512
213
1352
2033
1715
751
-46
-150
268
795
1340
1848
1856
949
-568
-1908
-2496
-2280
-1671
-1167
-889
-509
271
1336
2215
2417
1911
1237
918
879
700
235
-296
-650
-764
-701
-616
-594
-482
-84
530
1023
1053
609
84
-152
-158
-205
-325
-332
-148
33
-66
-421
-646
-469
-56
240
213
-103
-483
-667
-571
-313
-99
-54
-165
-400
-786
-1285
-1629
-1531
-1129
-934
-1063
-878
139
1508
2237
1907
1025
402
338
578
932
1464
1940
1767
710
-779
-2009
-2511
-2239
-1590
-1057
-799
-566
37
1078
2089
2506
2264
1798
1486
1269
860
192
-450
-777
-813
-827
-1018
-1212
-989
-214
717
1267
1246
821
247
-259
-531
-523
-318
-80
42
-24
-243
-461
-485
-218
232
564
513
99
-425
-826
-1025
-1004
-782
-501
-396
-621
-1081
-1485
-1595
-1373
-968
-676
-624
-476
215
1367
2271
2286
1511
688
387
495
751
1188
1680
1711
922
-496
-1899
-2571
-2297
-1589
-997
-588
-232
250
1049
1975
2506
2488
2226
1904
1414
669
-193
-879
-1148
-1058
-902
-892
-963
-829
-310
409
967
1135
887
356
-196
-539
-592
-352
78
456
523
210
-328
-795
-909
-632
-206
34
-89
-482
-897
-1125
-1053
-705
-318
-202
-484
-1019
-1505
-1686
-1475
-1017
-621
-429
-227
252
1015
1792
2156
1874
1219
670
403
417
752
1217
1379
961
14
-1123
-1910
-1986
-1510
-872
-312
81
370
739
1249
1753
2096
2223
2102
1671
925
64
-586
-837
-809
-777
-816
-744
-446
-49
314
614
764
639
270
-142
-370
-333
-165
-55
-56
-148
-323
-483
-492
-338
-135
-10
-35
-199
-455
-740
-937
-949
-835
-759
-816
-989
-1230
-1436
-1447
-1204
-846
-483
-1
640
1172
1387
1379
1232
947
682
619
754
995
1198
1140
743
145
-505
-1097
-1454
-1472
-1242
-902
-515
-74
457
1045
1550
1854
1959
1910
1694
1290
763
219
-270
-673
-960
-1069
-974
-761
-513
-166
311
664
617
273
-35
-142
-130
-142
-203
-220
-156
-118
-159
-205
-214
-222
-260
-343
-463
-558
-568
-507
-462
-509
-631
-724
-721
-680
-674
-710
-747
-772
-813
-782
-468
108
608
826
870
816
658
562
696
995
1305
1483
1387
1022
520
-77
-718
-1196
-1400
-1438
-1337
-990
-380
357
1050
1560
1833
1899
1775
1486
1093
629
113
-368
-688
-831
-874
-844
-720
-514
-197
258
668
768
565
254
-91
-425
-620
-586
-375
-142
-34
-58
-96
-89
-53
-9
4
-60
-204
-398
-550
-613
-643
-652
-632
-635
-710
-804
-841
-788
-664
-610
-681
-650
-311
162
493
679
824
895
867
848
924
1092
1268
1292
1033
535
-54
-631
-1062
-1227
-1138
-899
-565
-110
425
881
1154
1293
1342
1252
1006
657
267
-60
-250
-343
-373
-335
-248
-133
20
206
345
340
156
-142
-463
-706
-766
-599
-280
55
283
332
271
219
203
170
88
-50
-237
-433
-618
-769
-846
-827
-707
-537
-436
-482
-604
-689
-737
-804
-927
-1041
-969
-625
-162
211
485
776
1065
1230
1231
1168
1159
1197
1170
961
553
70
-320
-545
-631
-621
-533
-350
-70
232
442
506
491
511
593
645
594
488
389
321
296
278
217
145
122
111
35
-96
-222
-300
-323
-374
-510
-619
-563
-355
-126
14
72
131
228
299
276
148
-37
-164
-156
-116
-188
-356
-511
-612
-719
-884
-1055
-1144
-1140
-1097
-1049
-1018
-980
-805
-420
8
264
389
597
948
1246
1261
1038
884
940
998
863
627
467
419
384
253
9
-259
-416
-424
-371
-334
-309
-209
33
311
462
468
440
484
593
670
645
543
424
317
215
85
-77
-204
-233
-229
-303
-459
-595
-590
-442
-290
-242
-234
-145
18
148
179
129
74
75
126
160
94
-81
-288
-465
-629
-804
-944
-1008
-1013
-986
-937
-863
-764
-647
-511
-346
-172
-4
168
336
477
571
619
651
694
739
750
708
629
536
438
340
254
179
113
70
61
84
104
102
91
93
129
199
259
266
228
189
163
141
114
96
128
228
352
441
440
306
93
-96
-233
-345
-426
-451
-422
-342
-225
-102
4
95
187
294
404
449
393
279
142
-19
-212
-417
-578
-642
-609
-542
-484
-409
-308
-210
-150
-127
-125
-127
-127
-124
-137
-184
-257
-315
-307
-257
-218
-191
-150
-100
-64
-37
-22
-9
20
45
38
5
-31
-63
-87
-117
-161
-190
-179
-139
-92
-37
40
155
301
434
507
518
503
500
487
417
282
127
24
0
26
65
101
155
251
383
511
587
603
582
540
484
417
341
259
173
76
-21
-96
-155
-208
-259
-289
-284
-274
-273
-289
-325
-374
-444
-501
-506
-472
-435
-424
-403
-335
-227
-108
-20
41
85
120
147
159
161
148
126
103
55
-20
-110
-186
-223
-235
-215
-199
-192
-174
-157
-109
-40
5
23
-13
-65
-80
-56
23
63
41
-9
-46
7
89
127
115
73
86
169
248
292
276
231
222
259
333
395
393
343
272
220
182
126
38
-63
-132
-179
-212
-248
-260
-229
-175
-144
-159
-191
-203
-169
-113
-75
-72
-78
-71
-30
27
60
66
54
47
78
121
144
128
75
35
-6
-54
-110
-166
-199
-217
-245
-277
-311
-333
-316
-295
-268
-257
-239
-161
-40
107
217
249
237
216
216
242
235
181
109
68
91
142
184
207
234
293
376
464
520
520
474
399
326
249
153
35
-102
-217
-294
-330
-333
-322
-288
-253
-224
-196
-171
-125
-75
-46
-44
-71
-99
-116
-140
-171
-206
-222
-197
-143
-66
8
71
130
173
201
193
150
81
-19
-114
-180
-211
-220
-245
-275
-289
-281
-237
-166
-97
-41
-6
28
84
135
153
133
98
73
71
72
59
40
14
8
30
60
100
141
179
228
273
303
322
320
299
258
187
87
-29
-140
-215
-252
-272
-291
-288
-238
-154
-54
28
85
123
131
124
100
44
-37
-126
-188
-205
-191
-161
-97
-2
106
213
277
301
303
281
232
156
63
-15
-57
-74
-81
-86
-103
-122
-145
-173
-199
-223
-233
-226
-190
-131
-58
32
117
188
223
211
172
117
65
18
-25
-60
-85
-93
-75
-26
51
139
213
261
291
299
282
231
144
42
-64
-157
-237
-313
-378
-409
-378
-288
-178
-83
-13
37
67
70
37
-30
-110
-179
-212
-204
-162
-97
-12
95
209
301
344
336
294
236
178
105
12
-85
-167
-207
-199
-163
-114
-71
-53
-46
-40
-34
-34
-37
-34
-17
8
33
51
59
53
37
25
23
26
31
32
34
47
66
86
101
111
127
160
204
233
231
193
132
69
14
-30
-78
-143
-217
-267
-283
-270
-238
-194
-143
-85
-25
26
53
47
20
-7
-24
-30
-38
-47
-44
-22
27
99
169
209
212
177
116
52
-12
-74
-131
-184
-215
-207
-153
-67
17
64
56
2
-75
-145
-185
-197
-166
-101
-25
45
91
113
132
157
181
188
169
121
67
27
13
23
34
37
37
37
47
75
115
148
160
138
84
13
-59
-115
-159
-202
-239
-245
-204
-126
-43
16
44
48
47
64
89
92
65
18
-24
-54
-62
-38
22
106
186
234
236
192
113
20
-64
-135
-190
-228
-250
-242
-194
-114
-32
17
13
-46
-136
-210
-225
-178
-111
-53
-7
35
78
115
143
156
154
138
116
106
97
81
60
47
48
51
46
30
17
21
50
88
108
100
64
20
-10
-15
-7
-14
-54
-110
-150
-154
-127
-84
-41
-4
23
42
58
64
50
24
0
-12
-15
-10
3
28
68
115
145
136
89
20
-46
-90
-115
-123
-128
-126
-104
-57
5
48
49
13
-41
-91
-131
-148
-144
-128
-96
-40
26
83
118
129
135
138
128
99
57
11
-30
-44
-28
0
23
28
24
24
31
49
67
74
75
72
61
34
-7
-49
-90
-119
-139
-144
-126
-95
-54
0
59
98
97
64
15
-37
-77
-91
-77
-47
-17
16
54
86
102
96
68
27
-14
-42
-48
-35
-15
7
25
34
30
21
7
-16
-47
-81
-106
-116
-111
-90
-55
-13
19
42
53
51
40
24
15
6
-10
-19
-12
15
47
72
96
109
108
94
71
47
18
-9
-24
-33
-37
-38
-28
-11
-3
-6
-19
-34
-42
-48
-48
-37
-20
-11
-20
-31
-30
-9
27
59
77
79
72
62
44
15
-15
-35
-39
-34
-28
-17
-1
15
28
27
11
-21
-62
-87
-87
-73
-54
-37
-26
-26
-29
-20
4
27
30
11
-8
-16
-12
-1
13
23
27
26
18
17
27
52
77
81
61
34
16
13
14
16
13
9
3
0
2
8
11
6
-7
-31
-60
-80
-81
-63
-40
-20
-6
6
21
25
24
27
34
45
46
37
24
17
19
21
16
8
6
3
0
-2
-4
-4
-10
-21
-30
-40
-46
-47
-38
-23
-12
-7
-6
-12
-22
-31
-30
-17
-7
-9
-19
-28
-33
-33
-28
-24
-24
-28
-24
-4
21
37
40
33
32
32
29
30
35
36
23
1
-20
-34
-40
-36
-31
-28
-26
-31
-36
-30
-18
1
25
46
61
74
83
79
65
41
14
-3
-7
1
8
8
-2
-13
-10
6
16
18
19
12
3
-11
-31
-50
-69
-77
-59
-18
32
68
78
65
41
20
11
9
3
-11
-35
-61
-77
-73
-60
-48
-40
-34
-20
2
26
48
54
48
35
20
17
20
26
27
14
-12
-40
-63
-73
-61
-40
-23
-18
-19
-18
-13
-4
6
15
23
30
44
55
57
41
18
6
9
23
38
37
15
-11
-24
-17
1
15
17
6
-3
3
17
27
17
-9
-38
-50
-30
7
40
46
23
-10
-34
-31
-8
11
11
-10
-38
-53
-48
-35
-20
-19
-26
-19
2
32
57
61
51
37
22
12
7
-2
-14
-30
-39
-38
-34
-25
-12
-3
2
5
5
-1
-8
-15
-22
-27
-27
-13
7
28
40
40
33
26
25
25
17
-5
-38
-63
-65
-41
-2
37
61
67
65
62
60
50
30
2
-27
-47
-53
-43
-30
-28
-35
-42
-40
-30
-13
3
6
-1
-15
-28
-32
-23
-7
7
15
20
31
48
63
64
51
27
0
-16
-19
-20
-23
-24
-21
-14
-8
-1
4
11
21
25
25
17
-1
-21
-38
-47
-54
-57
-51
-34
-8
20
41
50
46
36
21
11
6
1
1
7
21
37
47
53
54
49
35
10
-17
-41
-62
-68
-67
-62
-53
-44
-29
-14
0
13
20
29
30
21
9
-6
-16
-23
-17
-2
11
23
22
18
17
13
8
-2
-8
-9
-11
-9
-7
2
15
27
39
45
40
23
0
-20
-32
-40
-46
-53
-55
-51
-44
-33
-23
-10
5
26
47
55
55
44
33
28
24
21
11
2
0
6
13
14
6
-6
-18
-26
-31
-34
-31
-25
-21
-21
-24
-20
-9
1
6
9
11
13
12
10
7
6
1
-3
-6
-8
-3
4
12
16
15
17
18
19
19
14
10
7
4
2
-1
-10
-22
-24
-19
-13
-17
-28
-36
-36
-29
-21
-18
-21
-27
-28
-18
-5
10
27
44
55
58
58
65
71
67
50
24
0
-19
-27
-25
-24
-24
-24
-18
-9
0
3
5
5
0
-3
-6
-10
-14
-20
-24
-27
-29
-24
-17
-13
-15
-19
-21
-23
-24
-23
-20
-16
-10
0
16
30
42
49
52
51
49
45
37
26
8
-5
-10
-13
-13
-13
-17
-19
-26
-34
-37
-31
-22
-16
-17
-24
-30
-28
-13
9
29
42
45
47
50
51
46
31
10
-13
-30
-38
-41
-42
-40
-35
-24
-4
19
43
60
69
69
60
43
19
-4
-19
-25
-27
-29
-31
-29
-20
-7
1
-3
-16
-28
-34
-31
-27
-26
-23
-15
-5
10
25
38
50
59
63
57
37
8
-22
-44
-55
-60
-61
-59
-53
-46
-33
-15
3
17
26
30
30
26
18
12
11
15
23
31
34
33
30
31
32
25
8
-11
-26
-32
-34
-35
-30
-21
-7
8
20
31
35
34
28
18
4
-13
-26
-33
-35
-36
-37
-33
-26
-16
-5
-1
-2
-8
-15
-19
-20
-12
-4
3
15
28
42
54
57
53
38
18
-4
-27
-45
-58
-64
-61
-53
-43
-27
-6
18
40
48
47
40
29
18
5
-9
-20
-30
-30
-22
-8
11
28
42
50
50
44
35
26
13
-7
-30
-50
-58
-53
-32
-4
21
37
41
36
29
24
22
17
8
-5
-21
-33
-35
-26
-13
-1
10
18
20
16
6
-9
-26
-40
-50
-52
-41
-21
-2
13
24
30
34
34
28
20
4
-19
-43
-63
-71
-66
-53
-35
-14
7
23
32
39
44
43
36
28
16
2
-11
-18
-14
-3
14
34
53
68
73
65
47
18
-14
-45
-67
-80
-82
-70
-46
-16
7
20
30
40
48
52
46
30
12
-2
-11
-18
-23
-23
-13
0
11
12
0
-22
-44
-61
-71
-70
-64
-45
-15
15
45
68
83
90
93
86
60
18
-30
-72
-99
-110
-103
-84
-52
-13
29
65
85
94
89
73
49
13
-27
-66
-91
-93
-75
-43
-3
38
77
105
116
106
73
24
-30
-75
-104
-114
-109
-91
-61
-23
17
55
82
90
80
61
36
8
-16
-39
-54
-57
-42
-14
11
34
46
38
21
-3
-19
-26
-36
-43
-43
-29
-5
12
18
26
39
47
50
37
15
-3
-22
-39
-51
-53
-41
-30
-16
0
13
23
26
20
8
-12
-34
-47
-54
-55
-40
-3
44
87
116
125
115
85
41
-6
-47
-70
-72
-59
-36
-14
3
24
43
51
52
53
49
32
-4
-48
-79
-95
-95
-87
-71
-54
-32
7
41
38
24
26
25
16
-13
-47
-64
-68
-69
-69
-51
-12
21
41
55
56
50
42
40
29
7
-4
-5
-2
-6
-16
-24
-22
-9
11
36
51
51
47
40
24
15
20
28
35
40
42
46
48
40
19
4
4
14
31
41
38
27
23
28
20
-2
-31
-57
-65
-51
-37
-36
-45
-60
-67
-63
-52
-41
-36
-32
-35
-45
-48
-46
-42
-37
-38
-44
-42
-31
-18
-7
3
14
28
37
34
23
17
18
12
2
-4
-4
1
5
3
0
3
10
13
12
17
21
25
34
36
25
17
24
43
55
50
40
47
73
89
78
53
40
47
58
58
47
33
16
10
13
6
-16
-39
-44
-36
-34
-44
-54
-57
-55
-54
-46
-29
-20
-30
-48
-56
-49
-36
-28
-28
-35
-43
-51
-54
-50
-53
-58
-51
-31
-18
-35
-70
-93
-93
-92
-108
-129
-130
-116
-110
-107
-100
-84
-73
-68
-55
-33
-16
2
31
67
91
107
147
213
252
247
243
283
339
354
332
332
364
387
368
324
294
271
237
203
163
106
37
-21
-51
-88
-156
-224
-253
-246
-249
-288
-319
-300
-259
-247
-277
-303
-288
-248
-223
-234
-265
-274
-248
-216
-208
-231
-259
-260
-257
-287
-356
-418
-427
-415
-450
-531
-567
-487
-358
-296
-295
-241
-87
86
197
259
358
534
716
814
842
893
1006
1129
1182
1140
1060
1037
1068
1035
869
644
492
422
312
89
-169
-325
-355
-381
-495
-640
-703
-659
-597
-598
-631
-592
-453
-322
-276
-247
-132
47
185
234
232
257
343
419
394
286
191
150
112
6
-170
-318
-362
-367
-461
-638
-761
-755
-696
-711
-831
-950
-954
-850
-756
-750
-781
-744
-591
-381
-228
-175
-112
72
290
381
363
419
624
854
963
949
964
1113
1288
1320
1207
1079
1022
1002
924
754
551
405
326
233
78
-92
-194
-228
-284
-413
-572
-653
-630
-602
-636
-675
-622
-470
-310
-207
-140
-42
104
223
274
300
327
333
321
312
281
216
175
183
166
72
-57
-146
-173
-214
-333
-476
-540
-553
-613
-706
-751
-738
-703
-675
-651
-603
-511
-405
-359
-399
-451
-426
-333
-303
-390
-411
-213
34
67
-47
1
245
413
353
222
254
470
664
663
565
624
868
1057
1056
976
953
1013
1098
1071
847
577
474
506
452
227
-36
-162
-122
-76
-179
-364
-437
-372
-325
-382
-485
-530
-463
-355
-318
-349
-356
-299
-207
-103
-42
-78
-91
71
292
333
224
189
256
286
213
67
-51
-52
3
-40
-191
-302
-327
-354
-414
-500
-603
-657
-618
-560
-569
-597
-570
-509
-449
-414
-436
-496
-516
-456
-389
-366
-372
-377
-290
-110
-38
-142
-172
-4
148
124
44
75
261
522
656
579
544
774
1078
1170
1087
1019
1049
1183
1292
1162
867
723
783
781
582
295
67
-23
-27
-120
-343
-483
-433
-354
-376
-450
-489
-466
-399
-364
-397
-405
-311
-172
-71
-9
36
64
125
218
224
121
64
115
140
69
-16
-73
-109
-117
-140
-234
-352
-428
-483
-532
-567
-612
-668
-681
-651
-638
-629
-573
-509
-478
-430
-328
-226
-176
-166
-166
-156
-134
-119
-126
-125
-114
-176
-279
-199
40
78
-163
-276
-40
243
284
167
171
424
740
813
655
670
1002
1266
1198
1040
1045
1163
1279
1263
1038
768
679
701
616
402
168
-23
-130
-180
-288
-470
-595
-626
-667
-736
-750
-703
-652
-620
-612
-593
-489
-337
-267
-272
-205
-59
43
89
147
205
215
202
204
206
200
173
87
-15
-63
-90
-169
-291
-402
-472
-499
-510
-553
-631
-669
-616
-513
-445
-430
-415
-337
-194
-86
-69
-51
35
103
92
78
83
60
43
86
140
101
-73
-224
-53
318
253
-350
-637
-135
377
174
-281
-232
312
803
776
365
313
913
1372
1067
594
647
997
1167
1040
699
416
522
790
679
260
-3
-30
-21
-59
-207
-471
-615
-553
-527
-607
-597
-492
-474
-536
-542
-454
-311
-239
-327
-431
-352
-191
-163
-174
-89
-25
-32
37
168
151
4
-64
-21
5
-53
-150
-225
-237
-187
-137
-131
-171
-216
-203
-142
-125
-168
-185
-149
-115
-100
-82
-48
10
79
124
154
204
216
140
55
13
-54
-198
-337
-393
-425
-558
-755
-717
-346
-138
-504
-900
-546
161
235
-257
-385
138
736
887
591
406
860
1574
1687
1228
1045
1376
1670
1585
1240
886
733
790
750
422
70
-71
-136
-246
-355
-477
-648
-797
-869
-874
-822
-783
-850
-953
-922
-746
-568
-487
-498
-500
-365
-125
5
-55
-109
-37
84
175
181
92
42
166
338
313
149
90
152
152
21
-136
-203
-187
-223
-336
-397
-350
-275
-240
-239
-257
-231
-128
-60
-110
-175
-106
9
-2
-61
-12
81
111
139
174
122
13
-32
-17
-57
-192
-407
-581
-456
-152
-217
-658
-719
-154
266
49
-266
-96
424
791
680
320
386
1028
1438
1110
716
911
1331
1433
1233
954
768
804
887
689
311
101
43
-67
-206
-297
-390
-501
-592
-662
-696
-692
-741
-871
-939
-870
-769
-717
-707
-698
-610
-421
-279
-277
-276
-171
-74
-46
7
68
33
3
119
246
206
124
166
272
309
246
143
87
134
159
41
-91
-84
-33
-65
-93
-72
-86
-124
-102
-51
-70
-120
-136
-124
-102
-80
-78
-114
-124
-74
-39
-66
-134
-201
-241
-240
-227
-286
-444
-598
-537
-260
-173
-495
-716
-320
234
214
-171
-188
278
732
774
452
312
785
1379
1328
876
841
1242
1477
1355
1069
805
725
815
753
405
101
5
-77
-189
-254
-357
-547
-674
-674
-651
-676
-756
-867
-925
-866
-771
-725
-711
-693
-632
-472
-273
-198
-225
-183
-50
63
112
129
117
108
186
295
288
223
263
332
292
232
267
306
255
151
49
27
100
109
-65
-228
-161
-16
-31
-161
-228
-171
-75
-57
-125
-171
-138
-85
-62
-48
-40
-47
-40
-25
-34
-52
-67
-141
-263
-307
-250
-228
-330
-510
-632
-481
-113
-93
-620
-857
-248
343
76
-444
-329
266
709
670
258
144
782
1383
1075
495
628
1117
1200
972
754
588
586
716
629
311
136
109
-11
-132
-137
-218
-447
-599
-564
-470
-461
-567
-705
-700
-525
-409
-475
-556
-498
-355
-219
-168
-218
-235
-123
-10
-14
-32
17
45
37
96
171
138
88
134
196
181
140
140
160
172
162
126
108
148
172
104
41
84
140
113
51
19
31
62
58
2
-51
-42
-31
-79
-111
-113
-185
-284
-281
-251
-314
-401
-443
-473
-511
-521
-498
-502
-536
-561
-580
-489
-232
-116
-366
-498
-54
434
316
-23
88
556
897
876
568
451
912
1413
1211
683
680
1040
1121
910
683
494
408
466
425
185
-21
-120
-206
-242
-219
-303
-520
-629
-534
-426
-470
-616
-713
-663
-511
-457
-554
-586
-500
-422
-357
-285
-263
-266
-208
-124
-88
-60
19
46
-13
9
129
185
148
137
174
232
302
313
247
218
261
287
261
234
201
141
144
233
248
138
67
97
128
114
39
-65
-108
-85
-88
-155
-212
-231
-249
-245
-211
-209
-270
-327
-319
-284
-288
-334
-378
-387
-364
-328
-303
-290
-283
-281
-256
-146
13
5
-224
-299
20
309
134
-154
-29
376
616
518
259
242
625
921
703
386
478
735
759
624
504
402
371
437
438
301
158
69
-14
-49
-22
-109
-350
-482
-366
-236
-303
-465
-509
-392
-265
-270
-358
-394
-334
-235
-164
-156
-174
-135
-40
51
110
130
128
135
163
188
184
147
96
81
131
184
152
85
110
201
222
161
127
143
144
95
28
-12
-27
-52
-102
-140
-134
-120
-144
-201
-242
-261
-269
-269
-305
-375
-400
-357
-315
-327
-375
-387
-322
-242
-232
-273
-277
-246
-236
-225
-209
-245
-314
-311
-178
-52
-125
-278
-190
100
205
54
-20
142
385
492
393
283
437
750
826
643
592
790
913
821
721
691
639
587
556
458
314
231
177
82
3
-20
-69
-184
-269
-257
-237
-296
-390
-446
-437
-381
-352
-379
-388
-324
-226
-167
-162
-151
-98
-35
-10
-13
6
31
23
15
47
82
76
44
38
80
122
89
11
-12
11
4
-40
-81
-97
-71
-31
-43
-89
-86
-55
-71
-96
-81
-95
-168
-193
-150
-146
-194
-213
-206
-202
-190
-188
-210
-223
-213
-221
-258
-277
-272
-276
-270
-239
-230
-248
-221
-145
-97
-94
-82
-47
-16
-13
1
74
128
78
50
181
340
335
256
308
464
560
526
433
440
583
658
535
402
461
571
532
412
344
337
342
324
248
137
64
36
7
-21
-54
-120
-189
-197
-146
-116
-143
-197
-224
-171
-88
-109
-208
-233
-159
-111
-138
-173
-182
-167
-129
-112
-142
-171
-163
-142
-139
-152
-158
-151
-127
-101
-98
-97
-57
-5
-1
-26
-24
7
11
-21
-53
-70
-72
-74
-92
-114
-122
-124
-148
-168
-156
-153
-190
-235
-240
-216
-197
-197
-215
-208
-155
-98
-82
-93
-69
-6
33
27
17
45
94
111
96
94
115
134
163
209
216
162
135
196
264
240
157
125
167
227
242
182
119
162
269
278
161
109
205
275
217
154
163
182
180
185
178
152
151
166
136
100
123
133
62
-2
9
10
-51
-101
-114
-136
-161
-167
-179
-209
-218
-217
-230
-230
-222
-242
-263
-232
-192
-191
-194
-168
-128
-89
-62
-60
-46
6
37
13
-13
7
35
32
13
-5
-12
4
23
7
-42
-71
-50
-26
-47
-93
-115
-112
-102
-91
-92
-115
-135
-120
-88
-82
-93
-89
-74
-70
-61
-46
-45
-47
-27
0
5
-1
6
21
47
64
44
19
45
89
78
50
72
110
118
123
136
129
145
202
209
150
146
210
211
149
153
213
218
175
176
206
197
173
172
168
134
103
95
69
24
10
21
3
-47
-66
-57
-62
-81
-100
-122
-135
-114
-98
-138
-176
-145
-80
-64
-108
-136
-108
-55
-39
-67
-93
-80
-36
-18
-39
-51
-29
-11
-25
-30
-11
-10
-40
-48
-10
19
9
-18
-31
-22
-3
-10
-58
-100
-86
-56
-66
-110
-146
-148
-122
-104
-131
-175
-185
-156
-128
-124
-127
-126
-120
-92
-52
-45
-73
-71
-27
-5
-22
-29
-8
20
44
67
76
67
63
90
120
120
113
134
167
183
189
194
193
205
230
236
209
188
206
226
210
175
165
181
179
146
116
110
108
89
72
71
71
51
31
48
75
57
13
10
34
25
3
2
0
-14
-13
0
-19
-62
-74
-54
-44
-64
-100
-128
-122
-96
-93
-135
-169
-157
-132
-130
-163
-196
-190
-165
-165
-182
-184
-175
-173
-163
-143
-138
-152
-172
-169
-140
-123
-143
-164
-150
-136
-137
-132
-128
-133
-133
-122
-113
-103
-101
-108
-97
-59
-30
-24
-13
15
51
76
92
120
145
161
196
244
264
263
285
314
315
315
328
328
304
289
286
268
246
228
196
161
150
139
94
48
30
8
-8
-14
-36
-65
-63
-46
-53
-57
-45
-38
-32
-6
17
14
23
54
81
84
83
89
93
94
92
82
61
41
22
-7
-31
-52
-86
-128
-155
-172
-203
-240
-260
-270
-275
-283
-297
-297
-275
-251
-239
-231
-215
-190
-158
-131
-109
-90
-68
-47
-39
-28
-13
-4
-7
-14
-14
-17
-20
-26
-40
-55
-57
-47
-48
-62
-67
-47
-30
-30
-21
7
33
50
74
101
131
160
180
195
213
238
259
275
276
268
276
296
292
256
223
217
213
182
139
111
94
79
56
24
-1
-12
-24
-45
-64
-67
-63
-59
-68
-81
-72
-50
-46
-61
-57
-26
-9
-21
-25
-5
8
-1
-8
1
10
2
-8
-3
5
-5
-24
-32
-37
-49
-63
-69
-80
-100
-116
-123
-135
-154
-165
-172
-183
-194
-196
-189
-188
-191
-180
-156
-143
-141
-130
-104
-75
-53
-33
-9
14
33
53
70
77
73
75
91
101
92
85
92
93
73
59
57
52
43
42
53
55
47
43
54
64
61
55
66
87
94
87
93
112
111
99
97
100
93
83
82
76
64
53
50
42
28
17
6
-6
-18
-32
-36
-32
-36
-40
-36
-38
-47
-46
-34
-34
-34
-14
6
10
10
18
25
25
23
28
34
33
30
33
35
23
0
-19
-24
-36
-56
-65
-68
-83
-105
-113
-116
-128
-142
-141
-133
-129
-122
-116
-108
-95
-74
-62
-59
-44
-18
7
22
37
53
69
85
95
99
101
106
105
101
100
97
91
79
64
51
40
25
2
-20
-33
-36
-41
-58
-73
-81
-85
-85
-89
-95
-93
-81
-63
-50
-42
-35
-21
-7
5
17
32
48
63
76
82
92
101
103
98
95
98
92
81
73
67
54
36
22
11
0
-17
-36
-45
-45
-48
-58
-65
-64
-61
-59
-58
-58
-55
-47
-37
-26
-16
-10
-5
6
17
24
27
31
35
37
36
36
39
41
39
33
33
34
25
13
10
15
17
10
3
6
13
10
-5
-11
-8
-10
-19
-21
-17
-18
-20
-17
-18
-24
-29
-31
-27
-23
-26
-30
-25
-16
-15
-24
-28
-30
-36
-36
-37
-43
-46
-45
-41
-40
-40
-43
-43
-35
-25
-22
-23
-13
6
20
24
30
41
54
64
68
71
75
80
83
87
89
86
83
75
65
52
37
21
8
0
-9
-22
-30
-32
-35
-44
-54
-56
-55
-53
-49
-43
-32
-19
-7
3
6
6
12
22
27
24
27
38
39
37
38
39
38
34
26
21
15
9
4
0
7
10
0
-9
-14
-20
-29
-39
-46
-48
-47
-46
-47
-44
-42
-48
-55
-53
-49
-51
-54
-47
-35
-27
-20
-13
-8
1
8
10
13
20
26
24
23
20
18
13
10
7
1
0
3
0
-9
-11
-7
-7
-12
-11
-3
4
6
5
6
15
23
24
23
27
30
30
28
25
20
13
8
4
-2
-2
2
3
-2
-2
0
-1
-6
-10
-11
-14
-16
-18
-17
-13
-8
-4
0
8
14
21
27
31
30
31
42
44
40
41
47
43
37
34
36
33
24
21
10
-2
-3
-8
-17
-23
-28
-34
-40
-51
-51
-51
-47
-43
-51
-48
-42
-40
-34
-33
-36
-27
-27
-23
-9
-5
9
6
-10
-7
-2
1
4
-2
-6
-8
-9
-2
-4
0
17
16
12
9
0
0
0
0
0
0
0
0
0
0
0
0
0
0
0
0
0
0
0
0
0
0
0
0
0
0
0
0
0
0
0
0
0
0
0
0
0
0
0
0
0
0
0
0
0
0
0
0
0
0
0
0
0
0
0
0
0
0
0
0
0
0
0
0
0
0
0
0
0
0
0
0
0
0
0
0
0
0
0
0
0
0
0
0
0
0
0
0
0
0
0
0
0
0
0
0
0
0
0
0
0
0
0
0
0
0
0
0
0
0
0
0
0
0
0
0
0
0
0
0
0
0
0
0
0
0
0
0
0
0
0
0
0
0
0
0
0
0
0
0
0
0
0
0
0
0
0
0
0
0
0
0
0
0
0
0
0
0
0
0
0
0
0
0
0
0
0
0
0
0
0
0
0
0
0
0
0
0
0
0
0
0
0
0
0
0
0
0
0
0
0
0
0
0
0
0
0
0
0
0
0
0
0
0
0
0
0
0
0
0
0
0
0
0
0
0
0
0
0
0
0
0
0
0
0
0
0
0
0
0
0
0
0
0
0
0
0
0
0
0
0
0
0
0
0
0
0
0
0
0
0
0
0
0
0
0
0
0
0
0
0
0
0
0
0
0
0
0
0
0
0
0
0
0
0
0
0
0
0
0
0
0
0
0
0
0
0
0
0
0
0
0
0
0
0
0
0
0
0
0
0
0
0
0
0
0
0
0
0
0
0
0
0
0
0
0
0
0
0
0
0
0
0
0
0
0
0
0
0
0
0
0
0
0
0
0
0
0
0
0
0
0
0
0
0
0
0
0
0
0
0
0
0
0
0
0
0
0
0
0
0
0
0
0
0
0
0
0
0
0
0
0
0
0
0
0
0
0
0
0
0
0
0
0
0
0
0
0
0
0
0
0
0
0
0
0
0
0
0
0
0
0
0
0
0
0
0
0
0
0
0
0
0
0
0
0
0
0
0
0
0
0
0
0
0
0
0
0
0
0
0
0
0
0
0
0
0
0
0
0
0
0
0
0
0
0
0
0
0
0
0
0
0
0
0
0
0
0
0
0
0
0
0
0
0
0
0
0
0
0
0
0
0
0
0
0
0
0
0
0
0
0
0
0
0
0
0
0
0
0
0
0
0
0
0
0
0
0
0
0
0
0
0
0
0
0
0
0
0
0
0
0
0
0
0
0
0
0
0
0
0
0
0
0
0
0
0
0
0
0
0
0
0
0
0
0
0
0
0
0
0
0
0
0
0
0
0
0
0
0
0
0
0
0
0
0
0
0
0
0
0
0
0
0
0
0
0
0
0
0
0
0
0
0
0
0
0
0
0
0
0
0
0
0
0
0
0
0
0
0
0
0
0
0
0
0
0
0
0
0
0
0
0
0
0
0
0
0
0
0
0
0
0
0
0
0
0
0
0
0
0
0
0
0
0
0
0
0
0
0
0
0
0
0
0
0
0
0
0
0
0
0
0
0
0
0
0
0
0
0
0
0
0
0
0
0
0
0
0
0
0
0
0
0
0
0
0
0
0
0
0
0
0
0
0
0
0
0
0
0
0
0
0
0
0
0
0
0
0
0
0
0
0
0
0
0
0
0
0
0
0
0
0
0
0
0
0
0
0
0
0
0
0
0
0
0
0
0
0
0
0
0
0
0
0
0
0
0
0
0
0
0
0
0
0
0
0
0
0
0
0
0
0
0
0
0
0
0
0
0
0
0
0
0
0
0
0
0
0
0
0
0
0
0
0
0
0
0
0
0
0
0
0
0
0
0
0
0
0
0
0
0
0
0
0
0
0
0
0
0
0
0
0
0
0
0
0
0
0
0
0
0
0
0
0
0
0
0
0
0
0
0
0
0
0
0
0
0
0
0
0
0
0
0
0
0
0
0
0
0
0
0
0
0
0
0
0
0
0
0
0
0
0
0
0
0
0
0
0
0
0
0
0
0
0
0
0
0
0
0
0
0
0
0
0
0
0
0
0
0
0
0
0
0
0
0
0
0
0
0
0
0
0
0
0
0
0
0
0
0
0
0
0
0
0
0
0
0
0
0
0
0
0
0
0
0
0
0
0
0
0
0
0
0
0
0
0
0
0
0
0
0
0
0
0
0
0
0
0
0
0
0
0
0
0
0
0
0
0
0
0
0
0
0
0
0
0
0
0
0
0
0
0
0
0
0
0
0
0
0
0
0
0
0
0
0
