56
31
12
-8
-44
-51
-38
-11
37
57
46
19
-12
-27
-13
5
28
52
37
0
-36
-51
-38
-37
-35
-3
26
25
5
-14
-6
29
63
74
52
20
5
-10
-27
-24
-12
-3
-10
-34
-40
-31
-19
2
24
47
65
53
23
2
2
11
8
4
7
6
-2
-22
-40
-40
-24
0
22
27
13
1
1
24
46
30
-6
-33
-44
-31
-20
-13
8
13
14
-1
-38
-44
-13
28
63
54
-8
-60
-61
-30
-10
-25
-25
16
30
10
-8
-20
8
46
46
43
44
35
22
7
-4
-19
-67
-106
-78
-21
-4
-45
-63
-8
44
46
22
17
35
41
18
-44
-33
42
44
0
-61
-72
-26
0
-6
-12
23
48
-2
-31
13
64
106
67
-7
-12
-23
-37
-15
9
26
5
-30
-79
-70
-6
64
95
54
39
37
37
14
-21
-13
15
22
-35
-99
-91
-15
56
33
-7
13
33
21
-37
-100
-73
-10
35
35
-29
-73
-74
-15
47
-9
-53
34
119
70
-40
-67
22
101
58
-46
-129
-137
-100
-89
-54
-24
44
153
130
55
43
96
106
8
-43
-74
-30
117
102
-28
-99
-83
28
80
-35
-94
51
155
25
-193
-237
8
217
130
-47
-88
31
71
-36
-48
7
36
48
6
-77
-162
-109
62
76
-78
-170
-46
127
55
-83
11
218
260
88
-57
7
119
41
-136
-138
-11
-6
-95
-138
-81
-2
-32
24
135
95
19
-44
10
113
5
-109
-61
38
67
-25
5
121
63
-39
-57
3
-30
-152
-83
59
2
-173
-201
-47
78
16
-46
43
84
56
74
153
178
-6
-111
36
138
61
-171
-207
-33
34
33
-67
-57
110
101
48
49
18
17
-73
-63
104
-62
-187
-4
89
82
-134
-194
141
187
38
32
87
183
-18
-221
-51
36
36
-2
-108
-34
-31
-153
-97
47
104
74
100
127
128
113
12
17
-53
-248
-198
-45
-20
-143
-231
-58
124
108
20
-5
146
318
203
-49
-37
124
69
-95
-159
-197
-225
-138
18
63
-34
-114
47
258
162
16
41
189
199
-112
-174
67
54
-90
-165
-122
-13
-72
-168
-125
73
190
51
-31
18
47
-4
-37
85
122
73
121
-6
-186
-91
-8
-100
-105
-30
-52
-25
16
-77
-72
85
112
10
45
197
171
33
-13
-3
24
-6
-99
-124
-127
-204
-214
-105
104
202
148
121
-20
-91
51
170
174
133
48
-114
-185
-114
-74
-169
-141
99
151
52
80
53
-3
206
274
-61
-240
4
208
91
-161
-392
-217
248
246
-16
-57
-85
2
36
-293
-284
10
142
271
-43
-366
-158
-34
125
238
-121
-195
51
-4
-7
-31
-56
248
417
213
-47
-130
-32
64
104
2
-178
-65
13
-81
-147
-237
-163
13
80
193
250
129
142
134
66
52
-67
-153
-42
-36
-231
-183
-177
-36
202
-205
-271
60
170
217
92
23
326
513
118
-145
-134
-240
-109
26
-188
-49
85
17
-8
-225
-279
-16
347
527
276
-212
-234
53
149
99
-149
-202
65
36
-244
-299
-122
64
244
260
12
-49
41
-3
-21
-30
-60
-16
-32
-53
-43
-166
-53
113
-83
-109
129
134
85
-64
-412
-307
17
140
311
244
-14
-102
-241
-194
173
356
176
38
84
-8
-129
-282
-434
-241
141
239
50
-65
-81
101
298
172
-21
-59
85
164
-3
-271
-225
40
7
-86
-49
79
241
241
22
-134
-32
63
129
120
-51
-147
-90
6
28
-44
-67
74
312
299
-1
-137
-6
93
106
89
-134
-202
-98
-144
-125
-85
-29
146
194
89
-2
-132
-181
-43
129
168
72
-67
-108
-114
-157
-179
-121
30
-131
-327
-88
207
190
68
29
-147
59
385
117
39
188
-61
-197
-81
-225
-184
156
105
-22
-19
-158
-94
-9
-4
215
347
222
88
-50
-159
64
15
-190
54
-6
-268
-45
191
63
57
10
-66
244
362
129
10
20
67
204
167
-125
-91
234
239
-44
-180
-44
104
126
100
109
52
-117
-259
-288
-221
-164
-186
-149
98
185
-44
-223
-132
37
-5
-54
-89
-128
-99
-117
-86
-75
-251
-319
-170
-195
-113
183
125
-54
54
204
244
226
83
-73
-159
-349
-512
-347
-53
136
210
128
-8
-222
-353
-74
216
85
55
309
208
-23
-68
-158
-46
302
439
317
276
216
126
112
0
12
263
518
532
431
365
250
163
114
164
231
172
65
-14
-80
-128
-159
-267
-188
162
349
151
-57
-74
-10
185
162
17
-41
-217
-339
-342
-484
-655
-468
-398
-605
-442
-217
-301
-284
-134
-225
-251
-111
-366
-534
-236
-5
-28
-124
-182
-178
-163
-302
-334
-188
-67
76
88
-18
-42
-2
-29
-40
57
160
317
437
417
435
487
468
482
563
635
565
391
137
-105
-143
-95
85
351
519
487
439
488
418
358
321
301
311
315
236
-26
-176
-158
-96
-13
102
226
381
509
335
96
25
-69
-125
-163
-222
-319
-613
-1106
-1492
-1531
-1319
-836
-351
-135
-27
111
54
-433
-719
-468
-97
82
-7
-273
-603
-738
-717
-657
-540
-258
124
294
293
247
253
219
173
204
261
300
182
17
-66
-36
83
194
381
674
923
937
792
656
537
388
221
217
327
350
262
113
-9
34
271
437
449
479
660
868
801
521
257
87
-17
-23
-15
-34
78
255
267
142
128
170
38
-212
-439
-765
-1102
-1161
-1224
-1410
-1335
-1114
-1125
-1165
-954
-647
-270
173
269
-23
-80
235
169
-329
-636
-605
-427
-270
-210
-413
-598
-461
-162
18
84
249
439
660
739
545
299
197
243
279
376
447
423
400
480
636
656
579
461
412
412
375
346
383
463
457
446
433
364
351
449
483
413
483
599
544
403
320
223
132
234
307
157
81
256
465
425
47
-746
-1859
-2687
-2647
-1974
-1532
-1467
-1181
-512
-9
54
98
306
546
722
827
710
194
-447
-777
-850
-1089
-1268
-1004
-682
-676
-668
-326
12
137
265
540
773
711
368
-97
-364
-472
-516
-351
29
332
374
459
624
683
654
724
862
890
874
763
572
376
209
81
19
57
70
202
552
874
918
842
936
1085
1112
956
729
533
437
435
382
258
20
-151
23
403
376
-464
-1782
-2817
-2948
-2601
-2444
-2301
-1608
-574
55
411
756
805
685
1045
1507
1156
384
-28
-330
-973
-1560
-1680
-1559
-1365
-1002
-540
-182
113
389
649
992
1247
1176
841
472
22
-563
-1203
-1739
-1818
-1449
-1022
-646
-1
859
1338
1390
1454
1583
1467
1254
1050
552
-39
-339
-424
-490
-409
-140
97
257
419
702
1108
1460
1555
1397
1243
1101
778
339
-6
-171
-62
299
586
629
676
887
1011
755
-77
-1580
-3225
-3826
-3166
-2490
-2380
-1961
-832
109
382
548
929
1167
1255
1542
1594
947
-29
-677
-1043
-1566
-2038
-1964
-1371
-872
-644
-341
119
526
720
925
1216
1267
847
116
-412
-585
-789
-1354
-1924
-1972
-1517
-561
597
1314
1443
1459
1742
1804
1392
897
583
352
171
1
-460
-797
-612
-265
-100
42
497
1067
1519
1803
1831
1544
1082
803
627
405
196
138
340
551
612
648
840
974
695
-301
-2203
-3993
-4343
-3599
-3009
-2538
-1451
-168
547
904
1319
1418
1204
1415
1837
1541
623
-193
-851
-1505
-2079
-2420
-2282
-1634
-878
-364
65
580
962
1014
1004
1186
1286
1078
657
79
-612
-1237
-1641
-1888
-2145
-2338
-1811
-416
868
1526
1895
2164
2125
1772
1395
975
422
-44
-201
-410
-813
-930
-674
-144
407
618
678
1143
1815
1923
1528
1215
1131
906
463
212
66
-83
93
525
765
828
1103
1413
1144
-259
-2395
-3921
-4181
-3708
-3349
-2841
-1576
-130
642
886
1241
1435
1373
1602
1937
1639
653
-205
-835
-1619
-2323
-2525
-2163
-1595
-912
-258
187
586
885
1028
1105
1288
1357
995
434
-90
-632
-1357
-1980
-2275
-2471
-2277
-1212
229
1133
1584
2047
2319
2076
1540
1145
748
215
-144
-401
-842
-1145
-972
-495
202
848
1038
1058
1418
1882
1828
1349
1044
947
618
148
-58
-130
-169
111
672
1188
1599
1898
1796
918
-873
-3056
-4545
-4713
-4070
-3387
-2565
-1242
165
891
1078
1319
1594
1765
1905
2002
1641
716
-342
-1301
-2111
-2686
-2723
-2220
-1489
-693
-48
416
749
985
1172
1271
1383
1370
1074
456
-276
-863
-1491
-2019
-2270
-2178
-1594
-920
-588
-249
872
2194
2586
2207
1736
1515
1010
212
-323
-767
-1143
-1026
-458
-170
40
570
1052
1348
1409
1396
1429
1439
1331
926
360
-37
-130
-195
-164
269
826
1344
1802
2093
2057
1492
137
-1999
-4051
-5108
-4945
-4202
-3390
-2176
-581
732
1330
1593
1831
1997
2138
2192
1967
1164
14
-1011
-1927
-2694
-3043
-2759
-2032
-1133
-267
369
847
1158
1343
1459
1482
1413
1130
616
-24
-649
-1296
-1998
-2456
-2462
-1905
-1053
-450
-74
665
1865
2542
2323
1828
1473
1085
369
-299
-785
-1222
-1326
-879
-325
-25
477
1169
1712
1866
1594
1327
1204
1076
734
271
-112
-304
-324
-249
138
682
1169
1711
2287
2590
2280
1314
-418
-2692
-4643
-5334
-4864
-4339
-3753
-2385
-321
1339
1835
1890
2106
2420
2470
2294
1842
765
-389
-1347
-2207
-2926
-3221
-2818
-2047
-1078
-157
552
1107
1429
1627
1644
1599
1455
982
336
-309
-830
-1399
-2048
-2437
-2386
-1881
-1157
-447
305
1123
1884
2383
2380
1900
1248
710
163
-443
-900
-1204
-1206
-899
-422
120
670
1337
1856
1933
1636
1301
1083
778
430
46
-331
-493
-429
-156
231
706
1232
1737
2181
2452
2462
1952
771
-1024
-3236
-5029
-5571
-5206
-4553
-3380
-1568
308
1593
2201
2449
2545
2491
2276
1997
1328
276
-729
-1708
-2599
-3178
-3218
-2737
-1890
-796
215
1045
1566
1778
1847
1698
1507
1228
739
96
-612
-1248
-1859
-2319
-2493
-2232
-1581
-821
37
782
1306
1709
2074
2245
1835
1092
443
-48
-582
-1054
-1227
-1177
-798
-161
509
1109
1608
1925
1806
1371
967
725
512
236
-29
-301
-433
-307
-24
337
785
1328
1885
2241
2239
2061
1774
1079
-386
-2493
-4448
-5319
-5114
-4699
-4051
-2543
-330
1510
2307
2528
2592
2571
2376
2013
1344
302
-622
-1354
-2171
-2935
-3206
-2887
-2206
-1177
-58
812
1429
1829
2000
1884
1612
1239
705
130
-380
-881
-1475
-1987
-2241
-2275
-1991
-1408
-606
244
960
1640
2173
2386
2054
1285
597
132
-299
-847
-1145
-1113
-916
-415
165
672
1188
1729
1995
1697
1158
723
512
360
110
-158
-351
-279
-43
174
452
851
1351
1866
2284
2395
2034
1387
511
-900
-2730
-4260
-4825
-4614
-4204
-3433
-2118
-361
1229
2019
2291
2425
2499
2155
1604
1067
145
-823
-1541
-2102
-2650
-2890
-2439
-1746
-1008
-159
715
1416
1744
1880
1796
1510
1122
537
-102
-604
-958
-1358
-1724
-1856
-1900
-1815
-1488
-868
82
1035
1694
2010
2065
1902
1373
601
-60
-447
-704
-835
-710
-587
-428
4
544
1025
1430
1692
1613
1264
917
622
325
-25
-280
-332
-217
33
300
568
862
1197
1522
1765
1922
1887
1737
1320
204
-1520
-3341
-4515
-4698
-4373
-3985
-3211
-1513
535
1749
2193
2409
2399
2140
1798
1451
712
-296
-1096
-1744
-2364
-2777
-2652
-2218
-1612
-598
448
1189
1521
1687
1839
1666
1293
803
253
-253
-672
-1084
-1504
-1746
-1904
-1963
-1714
-1200
-495
403
1242
1836
2128
2141
1803
1102
432
-97
-521
-834
-921
-815
-682
-303
228
744
1247
1656
1785
1507
1119
793
500
209
-87
-263
-310
-200
-4
194
454
788
1219
1688
2059
2112
1815
1430
950
27
-1462
-3108
-4311
-4724
-4584
-4054
-2969
-1372
324
1503
2186
2484
2462
2312
1907
1307
487
-327
-954
-1711
-2425
-2806
-2660
-2182
-1566
-614
367
1142
1628
1840
1864
1634
1312
876
330
-239
-756
-1154
-1572
-1933
-2109
-1999
-1648
-1176
-407
589
1415
1885
2112
2140
1846
1229
501
-91
-520
-839
-976
-932
-760
-364
217
750
1187
1534
1633
1456
1215
1012
756
403
23
-242
-335
-283
-106
122
396
750
1138
1500
1839
2108
2062
1642
891
-397
-2028
-3371
-4072
-4462
-4687
-4052
-2449
-696
538
1358
1986
2235
2264
2195
1815
1155
452
-183
-904
-1708
-2353
-2701
-2578
-2058
-1377
-556
303
1051
1562
1847
1897
1598
1156
770
390
-101
-714
-1254
-1681
-1998
-2125
-1974
-1504
-939
-343
456
1325
1957
2141
1973
1701
1270
689
44
-527
-907
-1052
-898
-687
-404
108
721
1256
1552
1602
1394
1140
1012
863
591
209
-117
-326
-392
-285
-45
311
753
1327
1879
2205
2268
2057
1527
441
-1074
-2551
-3670
-4324
-4605
-4413
-3561
-2092
-476
648
1376
2083
2528
2440
2070
1694
1172
441
-307
-1119
-1942
-2452
-2577
-2438
-2060
-1347
-444
380
1054
1503
1747
1802
1647
1296
795
307
-193
-749
-1270
-1690
-2006
-2178
-1981
-1512
-970
-212
768
1592
1973
2088
2008
1690
1152
507
-66
-531
-797
-893
-870
-710
-345
224
739
1141
1382
1383
1280
1229
1206
995
626
222
-84
-161
-165
-190
-101
307
975
1579
1911
2013
1984
1688
893
-455
-2059
-3395
-4010
-4106
-4035
-3521
-2473
-1147
44
943
1502
1739
2053
2149
1858
1433
904
259
-627
-1387
-1968
-2352
-2295
-2044
-1589
-940
-147
516
863
1211
1468
1528
1386
1106
740
247
-218
-776
-1398
-1850
-2011
-1880
-1606
-1220
-791
-160
721
1561
2053
2097
1948
1673
1270
711
39
-520
-851
-855
-723
-527
-228
100
435
675
897
1115
1348
1551
1555
1377
1015
573
130
-226
-354
-242
142
642
1119
1496
1718
1742
1405
618
-565
-1842
-2877
-3479
-3700
-3662
-3214
-2305
-1146
-166
471
936
1320
1652
1795
1732
1534
1145
599
-94
-836
-1474
-1926
-2107
-2069
-1744
-1157
-555
-11
436
816
1110
1294
1353
1206
975
702
319
-246
-943
-1500
-1801
-1866
-1826
-1748
-1402
-663
378
1272
1737
1915
1932
1910
1714
1267
681
152
-170
-414
-586
-716
-759
-626
-375
-12
392
849
1295
1622
1805
1767
1539
1142
673
292
98
116
204
353
629
991
1262
1258
901
8
-1226
-2303
-2921
-3174
-3286
-3121
-2662
-1797
-724
53
469
734
1124
1397
1501
1498
1277
1007
613
64
-589
-1140
-1485
-1766
-1816
-1619
-1209
-705
-275
69
313
635
945
1067
1038
942
797
458
0
-504
-979
-1291
-1484
-1575
-1504
-1166
-649
-87
500
1030
1414
1584
1630
1599
1465
1227
889
499
127
-119
-318
-537
-681
-675
-505
-187
280
750
1106
1363
1490
1495
1399
1245
1054
864
739
665
650
704
788
776
501
-85
-910
-1790
-2515
-2966
-3153
-3109
-2806
-2155
-1272
-481
46
355
634
945
1207
1341
1314
1244
1111
821
379
-142
-612
-1005
-1255
-1370
-1348
-1150
-899
-655
-417
-126
172
378
544
672
788
827
704
449
143
-80
-274
-516
-752
-832
-640
-298
30
244
407
624
839
972
979
929
874
814
727
570
403
229
44
-111
-212
-209
-132
-19
88
173
255
307
344
378
410
425
421
430
452
459
410
315
231
173
93
-86
-327
-530
-658
-735
-809
-875
-910
-878
-781
-683
-622
-577
-508
-448
-401
-333
-259
-207
-166
-125
-112
-103
-79
-79
-101
-112
-88
-64
-43
-6
21
34
37
46
46
30
27
11
-28
-58
-58
-51
-58
-68
-92
-122
-123
-97
-72
-54
-17
23
34
32
27
10
-5
3
-1
-30
-41
-32
-27
-10
32
82
114
141
156
161
186
203
208
210
214
211
191
171
153
136
128
125
117
110
117
121
118
119
120
130
137
144
148
133
115
94
70
37
-1
-35
-68
-87
-89
-85
-75
-51
-18
4
29
53
68
77
79
81
70
51
30
7
-6
-11
-12
1
24
44
55
56
51
42
30
11
-2
-5
-7
-2
8
26
61
90
100
98
93
87
71
41
10
-15
-27
-29
-33
-33
-23
-11
-8
-8
-4
7
20
28
28
21
16
9
-1
-11
-16
-21
-27
-34
-44
-49
-48
-44
-36
-31
-17
5
21
32
33
26
12
-11
-53
-99
-134
-162
-177
-177
-162
-138
-109
-73
-34
-4
18
36
43
37
25
12
-13
-48
-80
-100
-113
-107
-84
-56
-34
-8
16
27
28
24
18
13
13
5
-8
-13
-13
-15
-13
-13
-9
4
13
13
7
1
2
1
-4
-6
-5
-2
2
2
-5
-11
-9
-6
-2
0
2
12
21
24
22
16
5
-6
-16
-28
-38
-32
-20
-11
4
26
48
71
87
93
92
79
55
20
-24
-60
-86
-103
-103
-90
-63
-27
5
38
73
98
114
117
107
96
72
40
12
-24
-54
-63
-59
-53
-40
-17
2
13
26
36
38
39
46
41
30
23
12
0
-9
-10
-10
-15
-15
-12
-10
-5
-5
-6
-2
0
1
1
-2
-3
-7
-20
-31
-31
-29
-25
-17
-7
7
20
24
25
23
10
-1
-14
-32
-43
-45
-45
-39
-26
-6
18
41
62
76
74
60
37
6
-26
-55
-80
-90
-91
-85
-67
-42
-20
2
27
47
63
76
76
62
46
25
-2
-27
-47
-57
-60
-55
-43
-31
-19
-10
4
16
23
28
30
30
29
24
13
2
-6
-11
-13
-16
-14
-10
-5
0
1
7
11
9
7
3
0
-1
-8
-13
-19
-26
-27
-26
-25
-13
1
9
20
26
31
30
18
8
-3
-13
-20
-26
-29
-30
-22
-6
5
16
26
33
33
29
24
10
-2
-13
-22
-28
-36
-35
-27
-20
-11
2
16
28
37
37
35
30
17
5
-8
-22
-29
-28
-29
-29
-23
-15
-10
-3
7
17
22
24
26
27
25
20
13
6
5
6
3
1
1
-2
-4
-2
-1
-4
0
8
10
10
14
12
0
-9
-15
-21
-23
-24
-21
-13
-4
3
9
18
22
23
26
21
11
7
1
-13
-20
-23
-30
-28
-20
-13
-5
9
21
23
28
31
22
12
8
-1
-14
-15
-11
-16
-11
-5
-3
6
14
14
17
25
23
17
9
0
-4
-7
-13
-16
-12
-10
-7
-2
-2
1
8
9
8
10
13
14
13
11
8
3
-1
-6
-10
-11
-12
-13
-10
-7
-4
2
5
7
8
8
6
2
-3
-9
-13
-15
-16
-14
-8
-2
3
14
21
23
23
21
11
2
-9
-23
-32
-33
-33
-34
-26
-15
-5
7
17
24
29
30
26
20
13
2
-9
-16
-24
-27
-22
-15
-8
2
8
10
14
17
15
10
7
5
6
3
-1
-5
-9
-11
-13
-16
-17
-14
-9
-4
2
7
12
18
19
17
15
13
8
1
-4
-10
-16
-18
-18
-13
-10
-5
-1
3
9
12
9
6
2
-7
-11
-11
-16
-16
-7
1
4
11
16
13
10
8
0
-8
-11
-19
-20
-17
-19
-14
-7
-2
4
11
14
15
19
18
14
10
3
-6
-12
-17
-22
-21
-17
-13
-5
1
6
8
9
12
13
12
13
14
11
10
6
-3
-10
-14
-20
-22
-17
-12
-6
3
10
12
16
20
17
17
16
9
3
-3
-11
-17
-23
-28
-29
-24
-20
-12
2
13
20
24
25
23
16
8
-2
-12
-13
-15
-18
-17
-16
-13
-9
-6
-3
0
4
9
13
14
13
12
6
1
-3
-7
-9
-8
-6
-3
0
4
6
2
0
0
-2
-2
1
5
7
11
10
3
0
-2
-3
-2
0
6
12
17
17
13
7
-2
-10
-17
-21
-22
-18
-13
-8
-1
7
13
17
18
22
23
21
17
10
0
-10
-20
-29
-34
-34
-31
-22
-7
4
14
26
30
28
25
18
9
0
-8
-13
-18
-20
-21
-21
-21
-19
-14
-9
-2
9
18
23
26
27
22
16
6
-6
-13
-17
-21
-19
-14
-9
-2
3
6
10
13
17
17
16
14
9
2
-5
-14
-20
-19
-15
-8
3
10
17
23
22
13
6
-3
-11
-16
-21
-21
-18
-13
-9
-6
1
8
13
18
22
20
20
19
8
-3
-13
-21
-30
-33
-29
-24
-12
0
9
18
25
27
25
21
16
9
4
-3
-11
-17
-22
-25
-25
-22
-17
-8
5
13
21
27
30
31
27
15
5
-3
-12
-20
-24
-23
-20
-16
-8
-3
3
12
17
21
23
23
20
14
5
-5
-13
-18
-23
-23
-19
-11
1
10
14
20
20
15
9
1
-7
-14
-17
-19
-20
-18
-13
-7
-2
3
7
13
18
19
16
11
4
-5
-13
-20
-25
-24
-19
-13
-7
2
11
16
20
24
20
18
14
7
0
-6
-11
-14
-18
-19
-17
-13
-7
-1
5
12
18
23
24
19
14
9
0
-9
-13
-19
-22
-20
-19
-14
-5
2
9
14
20
23
22
21
14
6
-1
-10
-19
-23
-24
-21
-13
-2
5
14
20
21
19
14
7
1
-4
-13
-14
-15
-19
-17
-13
-10
-5
3
10
13
17
20
15
8
3
-5
-12
-16
-17
-18
-15
-9
-5
1
8
11
14
18
15
12
9
3
-3
-8
-11
-14
-15
-16
-14
-9
-3
3
8
14
16
17
18
13
7
4
-3
-10
-13
-16
-17
-13
-9
-5
0
7
11
12
13
14
12
9
6
-2
-8
-11
-16
-20
-20
-14
-8
-1
7
12
17
21
17
13
6
0
-5
-10
-14
-15
-14
-13
-10
-7
-3
3
7
10
13
13
11
11
7
0
-2
-6
-10
-11
-11
-10
-5
0
4
7
10
11
9
8
4
0
0
-3
-5
-4
-5
-8
-8
-7
-5
-2
2
7
9
10
14
12
7
3
-1
-6
-9
-11
-12
-9
-7
-4
1
4
7
10
11
11
11
9
4
-2
-7
-13
-18
-18
-17
-13
-6
2
10
15
18
18
15
11
5
-1
-5
-8
-12
-13
-13
-12
-9
-5
-1
1
5
10
12
13
14
11
5
0
-4
-10
-12
-11
-8
-6
-2
4
6
5
6
7
4
4
4
1
0
-2
-4
-7
-8
-9
-10
-7
-4
0
4
9
10
9
8
5
0
-2
-4
-5
-4
-5
-4
-1
-2
-1
1
2
3
6
8
8
7
4
1
-2
-6
-8
-9
-9
-6
-2
2
7
9
10
10
7
3
0
-3
-5
-6
-7
-8
-7
-6
-6
-3
-1
0
4
9
10
9
8
5
1
-4
-7
-9
-8
-6
-4
-1
2
3
3
4
3
2
2
2
1
1
0
-2
-4
-6
-7
-7
-6
-4
-1
0
2
4
4
4
4
1
-1
-1
-2
-2
-1
0
1
0
0
0
0
0
1
2
2
2
1
0
-2
-4
-5
-8
-7
-2
0
4
8
7
9
9
4
2
1
-1
-2
-2
-3
-3
-1
-1
-2
-2
-1
-2
-2
1
2
1
2
2
1
-2
-2
0
-1
0
2
3
3
3
4
2
-1
-3
-5
-5
-4
-2
2
2
4
4
3
3
2
2
2
5
4
4
3
0
0
0
1
0
2
3
3
4
6
8
6
5
5
4
3
1
-1
-2
0
1
0
1
2
1
0
-2
0
2
3
5
5
3
4
1
-1
-1
-2
0
-1
-2
0
0
-3
-3
-4
-3
-1
-3
-4
-1
-1
-3
-2
-2
-5
-5
-3
-2
-4
-2
0
-2
-1
0
-2
-5
-5
-6
-8
-7
-6
-5
-5
-5
-3
0
2
2
0
0
0
-1
-5
-6
-9
-11
-9
-3
-2
0
2
2
3
5
7
7
7
5
1
1
-1
-7
-7
-4
-4
-3
0
3
5
9
10
6
3
4
6
3
2
4
3
-2
-2
-2
-5
-3
0
3
7
11
11
10
7
1
-2
-8
-11
-13
-14
-12
-14
-12
-9
-13
-14
1
13
2
-4
7
7
-14
-36
-22
-6
-31
-53
-123
-183
-83
-19
-47
-26
-8
-2
-33
-34
0
-30
-56
-40
37
87
100
84
27
15
66
137
179
210
229
230
196
123
53
40
73
102
124
118
44
-61
-71
16
47
52
82
114
153
154
130
112
123
167
219
254
229
157
106
118
174
195
156
113
91
82
64
36
12
-3
-7
-26
-69
-124
-189
-238
-253
-257
-272
-307
-341
-363
-377
-381
-376
-367
-345
-312
-271
-249
-251
-247
-212
-143
-71
-28
-6
25
53
64
80
100
113
134
157
161
157
164
175
194
239
299
336
342
324
290
257
267
329
383
394
372
342
336
371
441
524
600
649
645
616
608
578
319
-298
-956
-1177
-1005
-966
-1267
-1530
-1554
-1659
-1985
-2143
-1899
-1493
-1172
-1019
-1018
-1011
-831
-557
-301
51
482
700
663
664
801
944
1074
1219
1308
1274
1117
851
556
406
406
354
156
-109
-400
-693
-856
-897
-983
-1099
-1095
-960
-883
-976
-1073
-904
-402
121
311
270
384
722
1035
1211
1341
1493
1624
1665
1584
1415
1265
1216
1252
1270
1142
840
533
440
549
609
503
439
603
920
1137
982
467
-77
-457
-923
-1655
-2067
-1400
-244
-283
-1912
-3375
-3143
-1816
-890
-808
-1107
-1365
-1362
-1147
-879
-438
261
812
836
636
584
591
691
1161
1814
2038
1647
1010
581
610
970
1178
939
492
115
-211
-501
-625
-571
-512
-568
-777
-1080
-1302
-1313
-1146
-876
-597
-533
-762
-932
-709
-296
-51
19
60
92
165
335
469
506
617
829
909
768
588
546
669
841
848
612
352
300
380
399
335
246
186
196
244
255
252
357
556
706
809
975
1232
1537
1696
1412
755
128
-462
-1230
-1482
-240
1224
195
-2899
-4352
-2711
-598
-296
-1242
-2239
-2728
-2366
-1582
-1190
-944
-341
-57
-538
-815
-317
280
725
1386
1838
1436
680
476
970
1779
2290
1908
886
228
350
702
810
671
313
-191
-630
-869
-884
-721
-589
-730
-1073
-1361
-1479
-1428
-1227
-991
-907
-1049
-1260
-1156
-604
-88
43
87
318
535
600
739
1062
1360
1454
1357
1163
1052
1134
1228
1195
1077
874
564
343
411
544
456
251
158
159
157
217
367
559
802
1031
1040
795
501
219
-196
-803
-1255
-847
347
605
-1312
-3432
-2960
-676
328
-694
-2008
-2464
-2061
-1173
-525
-529
-683
-628
-699
-776
-311
384
635
642
777
719
397
425
1028
1638
1703
1174
452
198
668
1247
1213
643
83
-210
-238
-71
62
-60
-386
-715
-933
-990
-856
-654
-601
-824
-1298
-1643
-1274
-367
9
-516
-986
-635
65
398
414
475
612
706
754
854
1050
1193
1139
1001
917
836
747
815
998
905
447
95
226
580
652
374
91
93
326
526
619
804
1035
887
354
15
6
-291
-953
-1018
-116
469
-624
-2540
-2897
-1177
297
-308
-1897
-2527
-1922
-1003
-492
-545
-893
-1066
-940
-659
-204
281
387
173
178
437
546
593
926
1327
1289
817
415
523
1076
1454
1146
436
21
120
398
504
325
-67
-446
-606
-557
-448
-406
-499
-730
-1008
-1250
-1342
-1032
-358
-126
-858
-1581
-1078
140
640
185
-272
-149
326
757
962
965
876
764
714
845
1057
1088
953
844
714
462
340
599
892
702
175
-76
173
534
602
394
235
358
665
868
770
411
24
-255
-526
-712
-484
-4
-46
-1007
-2083
-2027
-820
50
-539
-1802
-2256
-1633
-797
-437
-595
-999
-1225
-1019
-526
-56
174
127
-31
-7
256
543
744
922
1007
862
628
577
832
1189
1239
836
345
228
474
702
607
214
-183
-456
-661
-445
347
408
-1020
-2001
-975
324
-140
-1476
-1767
-741
122
-354
-1241
-969
140
393
-296
-438
232
668
602
610
604
421
590
1207
1461
881
261
449
1147
1388
793
163
299
832
837
356
185
390
443
279
251
371
448
565
729
632
177
-179
-188
-202
-347
-361
-304
-513
-944
-1273
-1273
-874
-472
-745
-1523
-1795
-1246
-666
-628
-902
-1130
-1128
-794
-328
-141
-271
-363
-241
19
314
498
490
456
554
661
682
740
870
905
773
606
526
593
731
703
426
135
66
153
189
74
-155
-369
-431
-352
-304
-376
-518
-685
-786
-734
-665
-668
-503
-335
-604
-895
-517
158
244
-171
-344
-54
374
631
620
427
345
498
722
866
826
644
535
638
768
689
549
551
569
455
360
412
464
390
267
220
268
404
546
578
517
393
181
-64
-218
-265
-268
-256
-279
-484
-954
-1323
-1051
-373
-313
-1160
-1800
-1409
-640
-441
-806
-1186
-1229
-871
-398
-219
-379
-532
-455
-199
142
369
314
186
305
559
648
625
683
774
758
648
576
632
753
744
525
283
230
337
383
160
-306
-447
144
485
-345
-1159
-605
261
-52
-885
-1010
-603
-378
-381
-434
-594
-713
-546
-160
82
-68
-354
-255
256
524
295
146
410
626
491
417
646
806
652
457
499
659
719
633
500
411
360
382
488
516
320
114
195
442
484
335
344
553
600
276
-147
-263
-54
88
-137
-504
-590
-516
-733
-988
-719
-375
-746
-1386
-1318
-736
-504
-748
-1025
-1083
-883
-541
-370
-460
-531
-460
-328
-91
207
257
60
51
338
563
564
515
530
560
582
592
600
630
615
489
365
381
446
401
259
124
46
38
77
47
-108
-262
-286
-233
-242
-363
-441
-366
-376
-639
-695
-245
-35
-531
-869
-406
156
55
-316
-323
-31
204
284
280
201
151
258
512
680
515
254
339
687
766
488
340
466
549
468
438
478
396
255
257
373
389
288
259
345
438
467
441
291
-26
-258
-117
165
-7
-541
-669
-382
-443
-814
-748
-432
-652
-1132
-1072
-650
-534
-750
-952
-965
-730
-436
-421
-596
-593
-415
-287
-152
39
56
-78
-10
293
475
425
349
360
445
551
601
565
515
489
450
444
492
472
333
214
212
233
201
133
37
-64
-92
-47
-47
-149
-267
-326
-343
-330
-285
-315
-485
-561
-355
-168
-308
-498
-366
-92
-60
-195
-177
1
119
122
128
177
240
307
386
434
389
332
404
545
549
410
352
438
494
429
355
350
353
327
307
309
285
237
242
319
385
378
329
246
70
-112
-79
131
90
-354
-649
-375
-70
-366
-817
-725
-413
-513
-800
-801
-654
-641
-710
-717
-668
-609
-569
-541
-457
-350
-326
-323
-189
-24
-21
-63
44
218
271
222
229
327
429
455
412
377
402
449
447
415
376
317
273
284
304
248
159
134
146
112
44
9
5
-26
-87
-131
-165
-212
-220
-194
-253
-369
-354
-225
-203
-321
-375
-295
-182
-128
-156
-193
-145
-10
81
58
24
70
185
270
276
238
235
324
414
412
348
324
374
419
418
377
327
300
321
347
310
255
238
259
272
261
262
294
331
266
63
-96
-25
148
87
-247
-508
-375
-61
-145
-621
-809
-476
-255
-504
-767
-714
-576
-548
-541
-548
-602
-593
-482
-368
-338
-370
-370
-256
-76
-17
-86
-78
71
185
170
164
238
304
310
311
346
372
370
358
355
348
323
306
303
285
231
188
195
198
159
99
64
63
52
11
-37
-56
-71
-114
-154
-192
-264
-308
-200
-106
-286
-492
-345
-44
-57
-314
-375
-181
0
18
-41
-87
-74
58
235
280
150
52
185
404
431
268
188
295
408
399
336
297
278
287
337
358
281
173
176
274
307
228
167
217
304
303
180
24
-24
57
130
22
-256
-418
-250
-5
-157
-597
-701
-380
-211
-441
-677
-656
-536
-469
-460
-509
-582
-569
-452
-332
-297
-358
-396
-278
-88
-37
-110
-90
37
119
125
150
214
252
255
267
312
353
345
324
327
333
319
304
301
281
242
216
216
207
159
109
99
109
86
33
-13
-42
-52
-47
-76
-156
-218
-205
-181
-207
-256
-275
-249
-231
-236
-222
-188
-169
-174
-145
-76
-31
-23
-14
27
70
110
151
170
170
174
228
292
295
255
238
291
349
339
274
233
271
319
298
226
187
215
255
256
208
165
173
221
251
193
64
-30
-2
94
69
-154
-377
-319
-60
-36
-394
-679
-498
-171
-208
-515
-660
-543
-379
-316
-377
-510
-561
-435
-249
-195
-301
-392
-305
-104
-2
-69
-137
-70
63
133
130
127
144
177
223
264
271
244
238
273
294
271
244
244
242
220
204
210
208
174
128
110
120
119
81
38
23
10
-31
-56
-33
-39
-146
-248
-189
-49
-96
-303
-352
-172
-60
-171
-278
-232
-145
-106
-81
-58
-90
-108
-11
116
117
16
16
157
256
218
154
185
254
271
262
265
256
225
228
275
282
219
171
200
231
202
164
167
179
162
164
198
190
119
40
22
55
67
0
-138
-232
-203
-110
-100
-253
-429
-431
-267
-183
-328
-509
-511
-372
-284
-328
-426
-471
-406
-286
-221
-256
-318
-295
-176
-60
-52
-108
-103
-13
79
108
109
114
131
169
220
250
228
203
219
247
252
236
221
210
201
199
198
186
160
132
118
124
124
93
52
36
38
33
14
-24
-78
-90
-40
-42
-155
-237
-168
-74
-135
-264
-272
-161
-97
-153
-210
-185
-117
-65
-41
-38
-65
-48
55
134
95
21
67
196
238
173
132
183
248
258
244
229
204
195
239
285
242
147
128
208
255
186
100
109
170
178
147
136
111
55
32
58
47
-30
-97
-125
-147
-170
-178
-198
-265
-342
-350
-283
-251
-329
-435
-431
-329
-274
-323
-388
-386
-318
-247
-213
-226
-246
-215
-128
-47
-37
-67
-56
15
91
113
96
96
130
179
208
206
184
173
194
231
237
200
173
186
209
206
186
169
152
140
139
134
109
75
57
53
36
7
-7
-10
-54
-134
-131
-30
-39
-214
-288
-142
-30
-133
-253
-224
-149
-116
-93
-83
-136
-173
-76
65
65
-64
-96
57
187
141
42
62
157
195
189
192
175
144
175
257
263
166
117
190
256
210
133
137
182
178
149
144
140
121
123
147
129
57
19
42
49
-13
-88
-105
-101
-134
-182
-204
-210
-235
-284
-307
-282
-268
-308
-349
-334
-297
-295
-309
-305
-288
-274
-252
-214
-193
-193
-173
-123
-74
-56
-44
-12
26
57
77
91
110
127
147
168
178
179
176
184
196
191
182
175
170
162
156
153
135
111
96
91
80
59
42
33
23
4
-11
-19
-23
-29
-44
-65
-72
-57
-38
-50
-78
-77
-41
-17
-31
-50
-38
-10
14
27
23
12
24
72
108
99
73
72
99
132
146
127
98
100
137
163
146
108
96
124
152
140
102
87
108
126
121
95
41
-7
0
42
24
-75
-151
-138
-98
-117
-190
-248
-256
-234
-227
-257
-300
-317
-299
-271
-262
-280
-298
-283
-239
-208
-207
-205
-184
-151
-114
-79
-58
-50
-34
5
46
69
81
93
112
131
150
170
174
160
152
171
194
177
142
139
159
157
128
112
113
108
98
88
71
50
41
56
62
35
3
5
36
47
23
0
4
28
47
46
30
21
37
63
72
60
40
37
65
88
73
41
35
58
71
61
47
35
33
40
41
32
27
31
25
7
8
33
35
-1
-35
-28
1
6
-44
-138
-175
-85
-4
-105
-289
-295
-136
-78
-187
-296
-303
-245
-176
-152
-219
-311
-294
-169
-83
-125
-219
-222
-103
6
0
-70
-76
3
81
109
95
68
76
135
199
193
135
128
179
210
191
162
156
160
156
155
147
122
98
89
90
83
66
54
45
36
32
34
37
30
18
12
18
37
37
22
21
35
43
39
45
51
39
37
64
78
51
31
63
100
75
23
22
61
68
34
6
-9
-23
-21
-15
-49
-106
-119
-101
-117
-154
-166
-174
-194
-209
-214
-218
-220
-222
-240
-245
-213
-193
-211
-209
-173
-156
-159
-134
-93
-83
-84
-57
-26
-8
12
36
54
69
91
111
123
137
150
157
158
164
177
182
170
164
172
171
156
148
149
140
121
112
113
111
104
87
69
72
81
68
46
37
42
43
34
21
18
25
20
3
8
33
26
-10
-14
21
40
11
-17
-5
20
11
-8
5
20
-6
-39
-25
9
0
-45
-79
-80
-57
-50
-93
-148
-152
-130
-142
-167
-170
-186
-220
-214
-170
-165
-214
-234
-195
-157
-150
-155
-155
-137
-107
-80
-67
-58
-40
-24
-5
30
57
56
55
81
111
122
124
125
125
137
159
165
148
137
145
152
148
141
125
111
112
114
104
88
80
76
73
75
75
65
56
60
66
60
55
60
57
47
51
65
63
40
33
47
57
54
43
29
21
30
53
51
12
-13
5
27
20
-10
-40
-49
-39
-32
-44
-84
-121
-122
-107
-113
-141
-163
-181
-206
-201
-167
-175
-240
-262
-209
-168
-194
-223
-200
-167
-153
-142
-128
-122
-105
-73
-48
-32
-14
1
10
35
75
86
74
87
119
133
128
135
147
143
145
157
152
143
153
158
141
124
130
137
121
107
106
100
86
87
89
71
50
30
22
38
70
115
118
54
51
111
119
104
67
44
48
26
60
94
30
-24
-37
-13
26
-10
-41
-17
-34
-51
-8
20
-16
-90
-124
-77
-68
-123
-149
-166
-181
-165
-166
-180
-192
-220
-217
-198
-183
-158
-173
-201
-175
-145
-129
-126
-140
-146
-136
-102
-60
-55
-74
-58
-16
10
14
12
18
37
54
73
84
80
90
111
128
141
137
132
145
156
158
160
165
166
163
158
162
167
162
162
168
167
163
162
164
165
157
144
130
123
124
116
99
84
75
67
61
60
54
38
28
32
38
27
2
-10
-14
-28
-64
-111
-137
-142
-169
-226
-267
-271
-267
-288
-319
-332
-335
-330
-315
-305
-310
-313
-294
-257
-227
-221
-219
-199
-164
-130
-110
-95
-76
-52
-17
22
45
51
61
87
118
141
148
155
168
184
198
209
216
218
221
227
232
238
238
232
234
245
249
242
234
228
223
220
212
199
182
167
165
158
135
106
83
74
62
46
32
17
3
-5
-8
-9
-18
-37
-49
-48
-51
-71
-98
-123
-149
-167
-179
-209
-260
-295
-289
-282
-311
-347
-354
-339
-324
-313
-306
-308
-298
-268
-232
-209
-201
-196
-176
-131
-87
-80
-78
-50
-5
29
48
63
81
105
131
156
164
164
177
199
215
217
213
219
234
242
240
234
233
237
238
236
228
219
217
215
205
193
183
171
157
139
124
111
95
77
61
47
33
21
11
-5
-22
-26
-19
-27
-43
-43
-35
-38
-45
-43
-51
-83
-100
-98
-105
-139
-181
-202
-213
-228
-236
-248
-290
-344
-358
-281
-184
-225
-378
-409
-223
-39
-103
-288
-305
-156
-27
1
-56
-142
-159
-41
134
157
-9
-113
5
195
239
120
22
70
184
251
234
164
115
138
229
298
238
131
131
231
289
232
154
156
200
210
192
172
154
138
139
152
133
77
49
72
83
37
-18
-14
24
21
-28
-56
-36
-6
-7
-25
-37
-44
-40
-14
2
-28
-76
-83
-50
-49
-97
-147
-158
-145
-154
-190
-223
-228
-221
-223
-238
-247
-241
-232
-216
-200
-202
-207
-185
-143
-125
-138
-135
-97
-62
-51
-50
-43
-22
7
28
37
34
41
67
89
99
100
100
116
142
157
152
145
159
182
190
185
179
183
194
201
195
179
170
175
179
170
152
134
125
126
125
105
76
62
60
57
45
27
9
0
6
14
3
-19
-20
-2
1
-14
-20
-11
-11
-28
-40
-38
-44
-71
-98
-107
-112
-136
-166
-175
-176
-189
-211
-221
-213
-213
-224
-228
-219
-208
-197
-189
-184
-171
-151
-136
-125
-117
-103
-81
-63
-45
-33
-26
-13
13
34
35
31
44
69
85
87
89
100
117
128
132
137
144
154
161
166
167
167
169
175
175
167
161
160
158
149
139
129
119
113
104
89
73
67
65
51
31
24
29
27
13
-4
-9
-3
7
13
3
-16
-16
4
18
7
-18
-31
-24
-13
-15
-34
-64
-86
-83
-71
-79
-113
-146
-156
-143
-130
-143
-179
-200
-182
-152
-152
-171
-174
-157
-152
-148
-124
-102
-115
-133
-105
-57
-45
-68
-72
-44
-23
-16
-10
-1
0
1
20
51
60
43
42
72
101
98
83
91
116
127
122
123
131
130
129
139
147
132
115
122
139
134
111
95
98
101
89
75
67
59
47
41
46
44
25
13
20
31
30
21
19
20
18
20
28
31
18
0
2
19
23
0
-25
-24
-14
-18
-37
-54
-61
-74
-89
-89
-88
-105
-127
-135
-130
-123
-119
-121
-133
-145
-132
-101
-95
-118
-128
-107
-84
-84
-93
-91
-83
-76
-65
-59
-57
-55
-50
-38
-29
-19
-9
-6
-1
14
31
38
40
53
66
67
67
83
98
94
81
90
109
110
97
96
103
99
88
93
103
89
65
66
88
91
64
45
53
63
57
44
39
38
30
27
36
37
21
6
12
28
27
11
-2
3
13
11
4
2
-2
-11
-8
5
5
-17
-29
-16
-3
-9
-26
-34
-31
-27
-27
-33
-42
-50
-57
-57
-48
-46
-63
-81
-75
-58
-61
-78
-84
-77
-77
-80
-69
-63
-76
-86
-72
-54
-56
-70
-71
-58
-45
-38
-43
-45
-39
-27
-15
-13
-17
-13
-2
11
18
20
20
26
36
44
46
45
44
49
58
66
63
58
61
67
68
65
62
64
64
59
57
57
57
54
47
44
45
44
40
37
34
31
27
26
28
25
15
9
12
16
13
6
4
6
6
3
2
1
-3
-8
-7
0
2
-5
-11
-9
-3
-3
-5
-5
-9
-16
-11
0
1
-16
-28
-18
-4
-10
-31
-37
-24
-19
-30
-36
-30
-33
-44
-43
-33
-38
-55
-59
-44
-36
-52
-64
-52
-39
-44
-52
-47
-39
-38
-40
-35
-30
-31
-31
-23
-13
-16
-21
-14
-1
5
0
-2
6
21
26
19
14
23
37
40
35
33
37
43
47
51
48
41
41
51
60
52
37
36
0
0
0
0
0
0
0
0
0
0
0
0
0
0
0
0
0
0
0
0
0
0
0
0
0
0
0
0
0
0
0
0
0
0
0
0
0
0
0
0
0
0
0
0
0
0
0
0
0
0
0
0
0
0
0
0
0
0
0
0
0
0
0
0
0
0
0
0
0
0
0
0
0
0
0
0
0
0
0
0
0
0
0
0
0
0
0
0
0
0
0
0
0
0
0
0
0
0
0
0
0
0
0
0
0
0
0
0
0
0
0
0
0
0
0
0
0
0
0
0
0
0
0
0
0
0
0
0
0
0
0
0
0
0
0
0
0
0
0
0
0
0
0
0
0
0
0
0
0
0
0
0
0
0
0
0
0
0
0
0
0
0
0
0
0
0
0
0
0
0
0
0
0
0
0
0
0
0
0
0
0
0
0
0
0
0
0
0
0
0
0
0
0
0
0
0
0
0
0
0
0
0
0
0
0
0
0
0
0
0
0
0
0
0
0
0
0
0
0
0
0
0
0
0
0
0
0
0
0
0
0
0
0
0
0
0
0
0
0
0
0
0
0
0
0
0
0
0
0
0
0
0
0
0
0
0
0
0
0
0
0
0
0
0
0
0
0
0
0
0
0
0
0
0
0
0
0
0
0
0
0
0
0
0
0
0
0
0
0
0
0
0
0
0
0
0
0
0
0
0
0
0
0
0
0
0
0
0
0
0
0
0
0
0
0
0
0
0
0
0
0
0
0
0
0
0
0
0
0
0
0
0
0
0
0
0
0
0
0
0
0
0
0
0
0
0
0
0
0
0
0
0
0
0
0
0
0
0
0
0
0
0
0
0
0
0
0
0
0
0
0
0
0
0
0
0
0
0
0
0
0
0
0
0
0
0
0
0
0
0
0
0
0
0
0
0
0
0
0
0
