21
3
-7
-20
-34
-39
-23
13
35
34
4
-15
-13
6
38
53
40
4
-28
-30
-11
9
27
17
-15
-30
-29
-10
23
28
24
30
15
1
-3
1
4
3
10
2
-11
-16
-11
-10
-18
-21
-12
-7
0
17
17
18
10
0
5
20
21
7
5
-11
-23
-19
-9
0
21
28
23
20
7
18
29
30
18
7
-2
-10
6
16
17
13
10
5
-2
8
1
-11
-13
-12
-7
-7
-7
-18
-24
-13
6
15
-12
-37
-41
-42
-32
-24
-24
-30
-30
-22
-19
-17
-19
-11
4
6
9
0
-8
-1
-9
-19
-23
-10
4
15
13
-5
7
17
20
5
-20
-37
-46
-36
-26
-21
-17
-5
13
45
63
63
57
41
30
38
28
-9
-48
-77
-61
-26
1
10
9
10
10
13
-2
-11
0
3
13
7
-17
-36
-42
-17
27
48
44
19
-4
0
24
47
42
22
2
-21
-24
-10
-5
13
18
11
7
1
12
14
11
6
-5
-3
14
33
36
15
-31
-48
-21
8
26
27
4
-24
-11
13
47
62
49
43
26
12
-6
-24
-31
-28
-16
12
17
-2
-14
-14
1
18
25
17
16
24
29
15
-15
-41
-41
-17
-1
1
-10
-25
-33
-13
22
41
47
17
-17
-30
-26
10
27
26
11
-24
-51
-55
-29
5
41
51
20
-36
-81
-74
-30
30
67
68
40
-11
-46
-37
-6
26
41
16
-24
-64
-59
-18
33
73
56
6
-54
-92
-77
-17
38
51
18
-45
-74
-54
0
67
92
65
-16
-124
-181
-168
-82
29
105
127
94
39
4
-3
19
64
63
3
-86
-171
-180
-115
-17
77
122
101
63
35
34
63
71
46
-16
-100
-166
-195
-158
-75
10
78
106
96
71
54
73
86
68
6
-96
-178
-194
-133
-23
83
127
130
112
78
67
57
18
-34
-87
-128
-146
-140
-76
-2
53
102
127
120
102
93
64
27
-13
-79
-130
-147
-129
-87
-24
41
92
125
117
100
87
78
75
34
-51
-134
-179
-170
-126
-50
30
57
79
100
102
116
91
38
-3
-46
-75
-102
-123
-106
-41
33
92
110
87
50
32
48
51
20
-59
-134
-155
-147
-107
-57
3
73
111
132
118
67
28
13
20
19
-16
-57
-104
-107
-57
-7
29
49
76
98
110
99
69
34
-1
-21
-48
-95
-150
-171
-118
-31
48
81
68
67
86
125
133
69
-40
-130
-146
-128
-108
-88
-82
-52
25
126
214
223
141
41
-58
-126
-170
-191
-187
-187
-153
-80
6
124
233
288
300
235
105
-48
-169
-224
-220
-189
-163
-139
-88
2
127
271
357
343
209
23
-125
-206
-215
-199
-173
-150
-99
-4
115
209
236
216
157
90
5
-81
-152
-187
-155
-113
-81
-76
-83
-77
-28
73
185
247
218
136
38
-50
-113
-155
-160
-127
-54
34
98
102
64
38
29
64
111
106
40
-74
-152
-148
-99
-9
61
74
81
77
68
40
-13
-68
-102
-63
10
69
71
-4
-57
-57
-9
56
64
-6
-127
-220
-197
-86
35
102
100
54
7
7
9
-17
-46
-61
-52
-8
25
12
-35
-94
-89
-12
89
169
171
123
60
7
-39
-101
-167
-200
-170
-80
38
146
195
181
167
164
139
70
-50
-187
-297
-328
-267
-135
32
183
298
337
290
186
22
-134
-230
-263
-232
-186
-149
-113
-65
20
130
233
280
247
157
34
-76
-173
-233
-265
-265
-186
-55
99
228
302
322
259
162
60
-68
-201
-301
-299
-168
25
192
263
187
44
-56
-64
17
117
134
72
-25
-130
-176
-199
-170
-63
77
222
279
212
85
-44
-110
-72
-35
-55
-111
-162
-123
-30
63
119
97
49
44
56
50
14
-34
-64
-80
-40
-3
-28
-54
-48
20
117
163
115
-5
-116
-148
-98
-27
20
36
49
73
103
84
1
-98
-152
-115
-43
15
20
-7
-7
34
97
112
61
-17
-88
-104
-76
-34
-19
-40
-42
-20
20
41
45
47
28
9
9
20
34
56
68
63
25
-63
-145
-187
-165
-68
33
128
180
164
118
55
12
-15
-23
-10
2
-19
-110
-216
-280
-243
-65
165
366
437
334
147
-72
-264
-356
-335
-224
-51
114
216
193
64
-45
-80
-27
56
92
53
-55
-162
-179
-112
-15
77
143
157
150
129
38
-65
-130
-119
-34
43
58
1
-61
-72
-16
96
160
146
78
14
13
12
-5
-51
-108
-107
-69
-20
0
-4
11
63
153
209
153
-12
-166
-228
-191
-74
18
52
27
-10
-6
11
57
87
75
46
-8
-56
-109
-138
-112
-37
56
107
89
19
-46
-68
-35
25
53
28
-13
-38
-43
-34
-28
-11
10
32
43
16
-46
-88
-76
-30
45
100
81
12
-81
-145
-150
-116
-47
21
87
137
159
120
24
-57
-115
-102
-37
14
27
-4
-38
-51
-43
-17
-2
26
76
125
167
167
91
-23
-130
-171
-126
-63
8
38
25
30
40
53
47
24
22
34
46
37
-22
-87
-133
-151
-90
-4
68
113
101
80
54
19
-8
-55
-84
-66
-24
19
25
2
-40
-68
-51
7
59
68
37
-11
-20
-10
13
26
-2
-41
-80
-63
-12
30
54
52
53
43
29
-2
-38
-52
-38
23
62
46
10
-31
-37
-1
48
71
49
11
-9
16
68
94
95
83
39
-12
-60
-99
-98
-78
-2
112
193
219
162
81
5
-47
-51
-56
-68
-81
-65
-30
15
69
97
102
67
4
-64
-125
-145
-114
-43
4
1
-29
-78
-96
-87
-70
-60
-62
-61
-50
-37
-36
-67
-114
-121
-97
-54
-23
-22
-47
-90
-83
-54
-30
0
21
38
64
75
39
-22
-91
-132
-113
-27
63
122
161
180
185
148
99
46
-3
-32
-27
39
101
162
213
218
210
181
145
116
100
113
145
198
235
222
161
61
-54
-133
-123
-35
121
302
446
498
414
216
-51
-354
-595
-690
-634
-458
-240
-64
28
56
51
44
30
0
-57
-147
-265
-387
-490
-551
-539
-449
-293
-109
43
132
125
51
-26
-105
-165
-206
-244
-266
-274
-248
-169
-62
51
153
215
259
260
206
151
82
25
0
-7
-5
6
15
54
156
292
453
572
570
472
317
163
58
-20
-70
-79
-29
90
272
479
645
738
782
791
669
328
-209
-822
-1251
-1279
-902
-270
298
601
665
522
320
159
29
-81
-184
-264
-313
-399
-562
-715
-754
-597
-272
91
364
440
331
157
-15
-146
-237
-332
-417
-476
-512
-518
-503
-455
-319
-72
206
402
448
331
122
-78
-247
-358
-405
-410
-333
-180
2
160
263
323
353
350
317
253
122
-23
-131
-188
-131
-9
133
296
412
504
577
583
551
451
297
188
84
34
116
246
417
625
833
1035
1106
869
293
-511
-1267
-1629
-1450
-848
-127
380
588
586
481
393
295
154
3
-128
-203
-292
-493
-762
-972
-984
-713
-278
149
404
408
282
139
-16
-169
-321
-449
-507
-497
-452
-456
-520
-581
-557
-391
-129
164
382
440
352
138
-152
-403
-536
-523
-356
-133
50
160
173
162
161
182
259
327
351
334
247
111
-11
-65
-25
91
233
349
408
460
494
460
395
324
287
305
374
488
605
720
859
958
843
402
-329
-1112
-1592
-1549
-1015
-281
310
590
624
554
484
381
208
14
-166
-257
-283
-382
-590
-811
-882
-705
-313
90
349
412
305
181
63
-74
-234
-406
-516
-507
-445
-415
-442
-498
-482
-320
-46
207
353
354
252
90
-110
-299
-463
-507
-424
-255
-34
114
180
204
199
218
257
269
256
205
127
69
6
-25
26
108
227
377
495
549
539
490
408
319
288
329
429
551
656
762
858
928
866
501
-177
-955
-1508
-1570
-1117
-424
163
474
553
539
543
506
335
64
-193
-327
-341
-351
-481
-707
-873
-800
-476
-67
236
346
301
188
71
-68
-252
-462
-599
-621
-572
-493
-484
-514
-444
-256
7
258
378
341
202
33
-132
-299
-440
-496
-432
-260
-40
135
208
212
208
220
248
270
255
190
109
47
2
-21
8
72
177
302
412
520
584
587
540
451
361
323
349
434
578
749
914
989
846
425
-238
-965
-1421
-1419
-987
-340
186
458
514
441
379
313
179
52
-68
-151
-179
-291
-512
-752
-883
-766
-464
-130
119
209
191
135
21
-117
-283
-483
-609
-637
-601
-535
-489
-435
-334
-168
52
220
313
311
209
62
-140
-331
-463
-520
-441
-268
-83
85
215
297
331
326
284
210
134
71
36
33
45
54
54
96
183
316
499
674
787
778
663
472
282
218
266
435
695
937
1112
1087
724
88
-679
-1279
-1413
-1101
-487
127
454
509
411
282
183
81
-11
-81
-128
-116
-139
-306
-572
-821
-876
-664
-313
36
228
230
149
18
-150
-332
-507
-626
-643
-525
-360
-289
-288
-329
-336
-227
-53
138
244
209
114
-23
-198
-332
-422
-411
-267
-69
130
253
269
223
155
98
73
62
69
110
152
171
166
130
118
151
239
393
534
627
644
582
482
392
354
384
500
663
859
1009
973
672
109
-567
-1111
-1275
-1018
-486
58
366
445
348
178
79
-27
-124
-130
-122
-78
-115
-318
-567
-794
-857
-678
-404
-132
60
103
88
-8
-197
-384
-565
-650
-579
-454
-336
-280
-326
-359
-319
-213
-40
107
210
269
216
99
-61
-249
-345
-335
-229
-64
83
190
242
264
270
270
267
249
248
261
276
287
259
203
157
132
170
280
416
559
675
716
682
580
463
412
436
528
680
752
672
415
-22
-469
-801
-878
-676
-332
30
244
298
249
127
27
-61
-125
-147
-142
-115
-149
-280
-470
-637
-700
-616
-431
-233
-111
-94
-128
-224
-343
-437
-513
-547
-494
-401
-319
-267
-284
-302
-306
-287
-185
-66
49
152
162
102
3
-113
-183
-181
-117
-20
73
150
204
201
186
186
161
176
255
325
406
455
428
364
266
187
161
198
295
421
529
589
597
559
513
488
514
589
642
629
472
161
-236
-613
-803
-773
-543
-217
54
256
330
282
196
58
-77
-177
-242
-255
-279
-344
-429
-514
-567
-549
-490
-416
-319
-261
-224
-181
-197
-235
-275
-331
-366
-383
-405
-409
-384
-360
-313
-255
-185
-105
-47
30
84
74
58
6
-55
-73
-83
-52
0
45
103
148
187
220
244
262
263
278
284
292
323
337
347
351
335
337
364
413
457
458
442
431
424
443
486
519
532
490
370
199
-39
-272
-410
-450
-375
-236
-92
37
102
112
77
-3
-90
-174
-234
-270
-294
-331
-373
-407
-434
-450
-455
-439
-417
-366
-303
-238
-177
-148
-158
-193
-262
-353
-403
-418
-371
-279
-223
-167
-125
-119
-89
-54
-10
50
94
148
177
155
118
64
16
11
23
56
119
185
246
289
295
284
278
283
325
376
402
415
373
316
269
213
187
193
217
250
287
343
388
415
430
411
368
291
173
40
-85
-177
-211
-209
-178
-122
-64
-28
-8
-7
-34
-68
-105
-124
-138
-142
-173
-228
-263
-287
-289
-304
-323
-336
-348
-326
-283
-225
-171
-148
-148
-163
-186
-225
-235
-214
-203
-159
-130
-120
-111
-124
-119
-97
-61
-18
24
61
86
84
75
75
73
79
111
154
188
211
203
186
176
161
169
196
226
246
265
286
269
234
197
156
134
138
144
159
185
202
202
192
170
128
88
61
26
14
29
18
20
23
11
-11
-48
-65
-71
-60
-46
-43
-43
-43
-40
-50
-70
-88
-98
-110
-123
-138
-167
-196
-215
-213
-191
-155
-114
-91
-77
-75
-101
-125
-159
-175
-162
-139
-109
-94
-90
-110
-125
-130
-123
-112
-95
-63
-43
-37
-46
-58
-79
-86
-77
-48
-27
-25
-18
-26
-32
-36
-21
-9
-6
-2
-6
-11
-25
-38
-55
-44
-27
-5
26
54
77
54
41
36
35
50
41
45
51
33
25
22
4
-2
2
4
23
42
64
69
57
65
61
51
36
11
15
23
18
13
20
13
-7
-13
-14
-2
7
24
49
46
39
24
5
-19
-30
-22
-12
2
4
5
10
3
-6
-7
-2
0
12
23
30
43
33
23
39
38
35
35
38
37
19
18
12
-5
-2
7
2
-5
0
7
12
3
-7
5
9
14
31
40
42
39
31
8
2
10
8
11
13
11
-1
-11
-16
-23
-27
-18
-9
-10
-14
-18
-18
-7
16
33
28
13
4
-7
-23
-43
-52
-60
-61
-51
-48
-49
-36
-20
-34
-36
-37
-33
-30
-27
0
12
13
17
16
11
11
7
-2
-13
-9
3
9
27
32
30
31
24
34
38
36
38
27
6
1
5
-13
-13
4
14
22
16
14
11
21
22
13
23
17
19
19
13
7
3
3
-2
-3
-6
-6
-10
-21
-28
-17
-17
-24
-22
-31
-21
-21
-24
-20
-18
-21
-25
-12
5
18
10
-1
-8
-23
-23
-19
-13
-7
-7
5
5
-1
-10
-12
-19
-22
-21
-25
-14
-13
-7
-5
-10
-6
-13
-17
0
2
4
14
24
32
27
17
12
10
9
21
28
22
28
34
24
7
4
11
14
22
26
20
25
27
23
21
13
17
30
23
18
24
11
7
3
-2
5
6
11
7
7
5
-5
-6
-3
-10
-16
-8
-8
-15
-19
-15
-13
-21
-18
-11
-3
-3
-3
-8
-26
-34
-29
-28
-40
-35
-32
-27
-22
-18
-7
-20
-16
-8
0
10
9
18
15
11
13
10
4
4
5
3
9
24
23
27
26
21
32
14
9
12
10
4
7
23
15
11
22
24
22
24
17
15
19
11
4
2
0
-7
-13
-16
-8
7
6
5
10
2
-1
-3
-10
-8
-12
-11
-12
-10
-6
-16
-13
-17
-20
-20
-23
-12
-4
2
13
18
7
0
-8
-26
-23
-23
-20
-17
-13
-10
-9
-11
-14
-2
-1
-1
10
10
9
9
2
5
9
14
18
19
17
18
21
16
20
19
16
12
10
10
1
1
-4
5
10
-4
2
-3
2
7
-1
1
-13
-13
-2
-3
-5
0
12
13
8
11
12
-3
-11
-3
7
1
-2
-4
-5
0
-5
-9
-1
-1
-7
6
5
-2
-6
-17
-24
-30
-35
-24
-7
-3
6
7
2
0
1
-5
-20
-13
-2
-5
-10
-9
-9
-7
-8
-10
-8
-10
-3
7
-1
-10
-2
-6
-10
-5
-12
-8
-6
5
14
12
15
8
3
9
19
14
7
5
-3
10
8
-6
-4
-3
-3
-2
-3
2
8
9
17
25
18
14
10
10
5
-10
-7
-7
-10
3
7
-1
10
16
17
19
9
7
7
0
-7
2
0
-11
-12
-13
-11
-17
-10
6
9
7
7
8
8
10
11
-9
-17
-12
-15
-15
-14
-7
-10
-20
-9
6
2
3
4
1
-3
-14
-12
-8
-17
-23
-12
-10
-12
-8
-4
2
0
-5
-5
-3
-11
-15
-7
0
6
9
-4
-7
9
8
4
4
0
6
21
21
9
13
18
15
23
24
24
20
14
3
-9
-4
-1
4
7
9
17
21
18
20
17
9
7
2
-4
-9
-10
-13
-21
-27
-21
-6
-7
5
16
10
13
0
-5
-4
-10
-15
-16
-16
-17
-3
-1
-9
-16
-9
1
9
6
-9
-10
-8
-11
-10
-9
-24
-20
-13
-9
4
10
18
6
-6
0
8
10
16
17
8
9
5
0
0
-7
-13
-13
-7
-3
9
18
5
1
-5
-15
-1
-5
-9
-4
-10
-9
-15
-17
-17
-19
-8
-3
6
7
-7
0
1
-9
-15
-12
1
-8
-7
4
-6
-5
-5
-11
-5
-5
3
23
24
14
10
8
1
5
1
-3
7
12
12
7
4
11
16
13
18
31
29
28
25
18
9
8
8
-2
9
7
9
18
19
25
23
5
2
12
16
21
9
6
-4
-20
-14
-16
-17
-5
-4
-7
6
9
4
9
-8
-22
-18
-18
-16
-11
-10
-17
-20
-27
-24
-7
0
-2
-8
-6
-6
-9
-14
-18
-14
-9
-2
0
-7
-9
-21
-32
-18
-13
-15
-10
-13
-5
-2
0
5
-7
-10
-13
-11
5
10
4
6
-2
-13
-6
-4
2
11
15
18
16
14
12
-2
-8
-7
-4
0
9
15
15
9
-4
-4
-3
6
20
12
5
5
-8
-16
-23
-24
-15
-13
-9
2
5
8
10
-2
-4
0
1
-2
-6
1
7
10
13
7
7
20
33
27
30
29
24
21
13
7
-5
-1
2
9
11
11
17
2
-2
8
2
5
20
26
24
18
14
10
0
-8
-12
-11
-8
5
12
7
-1
-3
0
-6
-1
2
7
6
3
9
-6
-18
-14
-14
-17
-8
-7
-3
-1
-2
-2
-17
-22
-14
2
-5
-13
-10
-17
-21
-19
-22
-26
-17
-4
-1
0
8
8
-4
-13
-13
-1
6
0
1
6
-4
-11
-12
-8
-5
-4
2
1
-1
-1
-5
2
10
15
14
-1
-7
-10
-6
-5
-12
-8
0
10
12
2
3
7
6
6
-5
-3
-3
-4
-5
-7
-5
-7
-4
2
4
-2
-3
1
0
-10
-14
-10
-6
-4
2
-1
-5
0
0
-5
-3
6
0
-1
2
2
9
0
1
5
-3
4
2
-8
-2
11
13
2
0
3
5
6
4
4
6
12
9
-4
5
3
-6
-10
-13
-3
7
14
16
7
9
11
10
20
13
10
13
6
3
2
-11
-16
-8
-7
-2
7
4
11
12
-3
0
5
5
4
5
12
7
2
3
-3
-9
-4
-3
-9
0
10
20
11
2
8
-7
-7
-3
-4
2
9
6
0
3
-1
-3
0
5
9
10
9
0
-3
-12
-17
-13
-9
2
-5
4
8
1
6
2
3
3
9
16
0
-6
-6
-20
-26
-21
-20
-24
-16
-12
-10
-4
-4
0
5
-3
-8
0
6
3
0
10
5
-8
-5
-5
-2
-6
-11
-8
-11
-12
-6
-3
-16
-14
-1
8
9
-4
-11
-10
-6
-6
1
0
2
11
14
8
4
2
-4
-7
-4
3
2
6
-1
-9
-4
0
7
3
2
5
5
1
-6
-9
-11
-13
-20
-13
-6
-11
-3
5
13
7
2
-5
2
7
-6
9
14
10
-3
-13
-12
-13
-6
-2
3
0
-5
-9
-17
-11
-9
-11
-9
-5
-6
-8
3
5
-7
-4
2
1
3
8
13
14
20
12
14
8
-2
9
5
8
8
10
3
-7
3
5
2
3
6
-1
-4
0
-6
-9
-8
4
8
8
17
14
1
-6
-4
-1
11
25
26
0
-6
2
3
10
9
29
33
28
24
5
6
10
21
23
12
13
13
-8
-13
6
16
26
15
-2
-3
-1
5
17
18
19
32
23
10
6
10
19
23
30
24
13
12
12
6
7
19
18
10
5
4
5
-1
3
-8
-14
1
-3
-18
-13
-10
-13
-6
-4
-4
-10
-11
-7
-6
-8
-1
4
-3
-4
3
12
5
9
12
16
19
8
10
13
6
3
6
2
2
11
17
7
-1
-6
-18
-16
-15
-24
-5
4
-13
-9
-10
-13
-14
-22
-19
-25
-40
-48
-39
-41
-47
-41
-40
-33
-35
-42
-41
-34
-32
-33
-31
-34
-30
-26
-31
-41
-28
-20
-26
-30
-34
-19
-18
-19
-8
-5
-2
8
0
-16
-12
-11
5
18
6
12
16
24
47
56
59
61
73
74
74
88
103
118
120
122
127
136
137
142
156
155
151
130
94
73
77
77
54
19
-34
-75
-106
-134
-144
-163
-185
-220
-261
-293
-295
-274
-283
-306
-310
-313
-303
-267
-238
-235
-242
-228
-209
-184
-142
-113
-112
-120
-114
-94
-68
-60
-68
-77
-63
-31
-20
-13
-1
9
28
61
109
155
189
226
260
299
370
440
481
519
572
634
685
720
724
717
733
768
802
770
657
463
298
247
251
242
100
-150
-416
-548
-509
-456
-483
-638
-833
-957
-914
-754
-660
-667
-750
-785
-709
-568
-418
-342
-318
-308
-266
-159
-41
49
93
60
18
47
123
189
175
104
15
-58
-54
-27
-56
-132
-205
-252
-273
-250
-204
-192
-214
-227
-194
-112
-13
71
132
169
237
337
438
549
626
677
723
787
866
940
984
990
981
999
1057
1059
928
650
412
366
394
396
224
-128
-473
-609
-457
-354
-477
-775
-1090
-1140
-980
-731
-642
-802
-942
-939
-734
-451
-282
-258
-326
-324
-186
54
239
275
231
130
106
195
309
337
200
13
-118
-120
-52
-76
-186
-338
-442
-443
-397
-358
-391
-457
-507
-482
-386
-306
-230
-189
-173
-113
-24
57
117
173
226
264
336
414
455
459
438
431
458
503
526
493
402
374
453
561
629
605
527
472
534
703
845
832
593
284
212
407
603
530
164
-254
-422
-223
64
27
-366
-760
-856
-661
-410
-359
-613
-925
-950
-729
-468
-366
-451
-585
-611
-419
-141
20
9
-92
-137
-30
179
350
345
199
70
74
232
358
291
74
-140
-194
-112
-43
-94
-282
-473
-515
-421
-331
-334
-410
-515
-547
-422
-248
-173
-211
-268
-241
-114
51
177
180
100
82
179
340
431
405
340
297
331
438
506
484
407
345
379
474
573
599
537
501
549
711
903
910
643
276
242
540
790
702
211
-294
-430
-71
303
91
-486
-943
-928
-557
-298
-386
-848
-1191
-1044
-668
-403
-475
-705
-846
-758
-403
-95
-45
-201
-308
-197
63
355
464
325
114
107
346
562
577
381
137
67
189
346
300
28
-229
-324
-233
-148
-220
-430
-640
-668
-584
-486
-476
-591
-675
-644
-495
-319
-241
-263
-316
-261
-56
128
215
199
143
175
280
394
427
371
315
331
423
471
434
373
344
387
479
569
612
593
569
607
720
881
980
893
564
305
452
727
836
602
91
-258
-174
262
377
-92
-645
-903
-708
-332
-221
-562
-1085
-1183
-840
-507
-450
-669
-903
-939
-624
-212
-84
-193
-362
-308
-46
238
417
297
118
123
316
560
584
432
247
199
328
436
385
146
-74
-119
-67
-37
-156
-362
-517
-565
-491
-466
-539
-669
-750
-673
-574
-469
-433
-467
-433
-330
-182
-70
-14
28
65
158
261
284
290
308
339
368
391
388
349
345
372
390
396
384
370
379
446
540
528
464
494
600
790
939
850
498
222
435
754
829
596
57
-277
-152
341
465
-138
-669
-819
-575
-212
-198
-598
-1140
-1153
-686
-408
-482
-785
-978
-901
-550
-158
-159
-370
-461
-253
67
259
361
213
85
227
507
717
595
378
250
267
467
534
349
48
-116
-34
49
7
-208
-451
-532
-487
-386
-428
-582
-707
-717
-577
-479
-454
-482
-488
-420
-310
-168
-111
-103
-80
14
140
200
217
195
205
290
381
384
300
241
268
344
385
332
243
225
269
357
447
458
398
398
496
611
738
804
668
318
195
500
739
715
390
-40
-215
21
481
336
-316
-696
-655
-343
-114
-238
-756
-1182
-930
-453
-360
-602
-893
-940
-734
-341
-133
-335
-519
-443
-108
168
237
201
59
127
373
558
582
412
318
342
457
591
515
300
117
55
128
141
-2
-251
-407
-369
-321
-320
-464
-666
-730
-648
-477
-481
-590
-642
-585
-384
-234
-204
-260
-268
-116
59
150
132
84
125
258
372
392
323
245
277
392
436
367
270
213
278
355
371
308
228
319
458
516
502
468
558
757
863
696
338
321
629
810
748
302
-96
-79
286
558
127
-432
-611
-484
-172
-110
-458
-960
-1064
-644
-386
-535
-796
-953
-860
-572
-258
-290
-546
-554
-331
-23
133
128
43
-65
148
451
556
450
259
252
364
521
552
327
71
27
159
228
83
-175
-356
-368
-289
-273
-400
-607
-665
-594
-510
-476
-529
-545
-535
-444
-317
-264
-245
-237
-164
-45
54
101
55
60
167
294
326
267
214
197
299
370
309
229
181
222
286
298
301
252
254
374
481
510
476
483
541
669
836
851
602
339
477
753
837
663
253
-21
56
426
520
-31
-489
-514
-318
-97
-212
-640
-1023
-933
-506
-428
-689
-921
-989
-807
-525
-358
-499
-672
-533
-270
-57
-11
-29
-47
20
272
410
393
290
230
340
442
471
370
173
124
196
244
134
-101
-240
-246
-192
-213
-344
-495
-550
-468
-402
-451
-554
-588
-494
-375
-313
-366
-385
-308
-192
-28
34
20
6
35
151
245
282
264
198
185
256
299
292
211
144
186
243
273
232
157
146
225
318
366
363
376
438
517
569
607
680
729
654
456
436
618
672
623
374
63
19
201
390
89
-343
-427
-380
-233
-206
-457
-802
-901
-594
-403
-573
-764
-836
-742
-547
-347
-376
-570
-486
-260
-65
0
-43
-13
13
185
366
340
274
244
304
383
427
407
266
181
213
251
208
73
-60
-168
-144
-102
-211
-352
-453
-440
-360
-354
-416
-516
-515
-385
-306
-297
-310
-310
-256
-141
-47
-42
-38
-17
56
133
179
199
166
173
220
268
261
216
179
196
244
255
241
188
179
230
267
294
287
299
396
463
478
481
487
576
691
678
488
350
435
531
569
413
107
-14
87
274
124
-236
-395
-412
-299
-222
-378
-689
-802
-596
-429
-528
-673
-735
-692
-507
-327
-365
-522
-446
-262
-133
-47
-47
-36
-5
142
307
261
216
249
283
347
382
330
226
167
203
201
151
80
-49
-124
-134
-125
-181
-271
-308
-363
-332
-286
-327
-381
-399
-368
-324
-266
-255
-301
-291
-197
-127
-79
-57
-41
-32
24
141
158
152
152
143
176
208
229
193
161
191
233
252
252
225
205
259
310
326
323
330
384
443
465
475
487
521
590
557
394
323
407
456
439
305
67
-20
81
205
56
-237
-350
-367
-267
-204
-368
-608
-681
-505
-397
-501
-611
-659
-596
-432
-319
-389
-491
-378
-206
-92
-62
-94
-47
5
137
227
165
151
158
212
267
270
230
156
121
118
123
87
-2
-83
-140
-145
-154
-222
-286
-342
-346
-316
-337
-359
-403
-391
-319
-305
-299
-301
-262
-185
-113
-78
-73
-35
13
81
130
147
151
174
224
248
264
271
253
225
247
261
225
218
223
213
213
234
239
221
233
280
310
317
323
327
351
418
487
494
421
305
314
421
425
375
226
51
56
145
173
-17
-242
-263
-240
-209
-221
-404
-567
-529
-392
-382
-501
-546
-537
-478
-381
-327
-359
-394
-257
-167
-151
-89
-84
-46
16
88
128
96
126
155
163
202
202
154
86
80
110
92
68
-17
-103
-78
-42
-73
-149
-211
-227
-188
-139
-160
-240
-276
-193
-122
-128
-130
-138
-124
-36
37
19
-11
17
96
131
142
168
151
170
229
220
176
181
196
193
189
186
174
146
163
189
176
181
202
202
202
233
260
280
275
280
312
351
408
400
306
223
290
369
346
277
94
13
78
155
119
-113
-243
-221
-186
-168
-271
-457
-530
-439
-335
-418
-539
-558
-540
-427
-343
-359
-455
-437
-270
-214
-174
-161
-167
-98
-20
76
84
32
64
106
143
168
152
95
41
76
113
81
23
-38
-47
-63
-54
-73
-163
-191
-173
-126
-143
-190
-202
-223
-169
-115
-141
-172
-142
-63
-10
13
-1
-17
23
81
127
125
111
129
139
178
195
172
187
183
169
162
157
154
132
142
156
141
143
164
169
184
225
238
244
258
284
332
380
407
396
304
275
365
376
349
250
116
110
162
197
54
-142
-182
-155
-115
-139
-271
-415
-424
-297
-266
-386
-468
-463
-394
-323
-295
-340
-393
-282
-170
-156
-171
-198
-138
-57
20
44
-20
-36
-2
67
103
71
10
-43
-4
39
27
-3
-104
-141
-81
-70
-85
-166
-231
-215
-168
-127
-188
-244
-239
-174
-110
-124
-141
-156
-105
-27
10
17
-20
5
76
101
133
130
102
129
166
193
180
162
162
161
169
167
182
174
170
178
159
183
199
189
203
240
272
288
306
320
342
399
441
400
309
282
345
365
364
279
107
107
176
198
89
-101
-174
-171
-113
-113
-269
-419
-417
-324
-299
-386
-473
-509
-450
-331
-295
-353
-396
-325
-226
-177
-154
-159
-142
-64
11
41
36
37
61
94
111
127
94
39
51
45
28
13
-38
-87
-85
-70
-92
-133
-178
-177
-150
-142
-142
-173
-198
-147
-111
-95
-87
-95
-41
11
49
63
40
75
127
155
176
177
158
177
216
214
205
191
176
171
181
202
185
156
144
157
196
216
217
186
175
233
280
300
292
273
307
340
347
289
221
245
254
254
209
90
27
57
100
23
-120
-207
-246
-230
-208
-290
-421
-471
-403
-344
-385
-443
-496
-478
-386
-316
-316
-368
-309
-221
-166
-111
-116
-105
-85
-3
70
55
65
74
110
142
141
126
89
85
81
70
50
3
-31
-63
-69
-61
-89
-135
-191
-216
-191
-174
-183
-221
-232
-222
-195
-160
-168
-158
-121
-78
-41
-30
-10
8
44
86
95
112
114
122
143
169
174
146
150
167
183
199
189
206
219
229
254
240
266
289
294
320
328
338
367
404
397
339
279
290
309
294
236
123
65
68
83
15
-121
-195
-210
-206
-218
-302
-412
-441
-397
-364
-412
-467
-468
-430
-368
-319
-329
-361
-291
-196
-128
-87
-81
-51
-17
47
104
111
120
107
115
161
186
157
100
85
81
80
60
-2
-67
-109
-91
-79
-126
-165
-194
-182
-166
-173
-170
-205
-200
-154
-128
-104
-100
-87
-57
-22
7
15
35
68
88
96
115
133
120
129
141
133
148
152
160
179
192
208
216
237
249
247
265
295
327
339
342
338
342
385
405
385
323
271
304
316
281
209
75
30
58
63
-5
-137
-224
-250
-230
-231
-311
-416
-440
-399
-382
-393
-433
-450
-421
-358
-305
-302
-312
-279
-211
-137
-87
-72
-74
-40
33
76
112
113
88
98
128
142
116
78
49
35
31
33
-13
-72
-102
-110
-125
-150
-173
-199
-184
-174
-161
-184
-227
-191
-142
-103
-104
-117
-104
-68
2
34
21
16
38
78
116
136
128
139
162
174
181
194
210
190
199
220
213
234
255
269
256
271
323
337
338
326
331
365
399
401
332
271
282
317
312
261
157
71
63
91
61
-58
-154
-210
-224
-210
-247
-350
-438
-433
-400
-402
-416
-439
-451
-421
-346
-292
-305
-284
-234
-188
-120
-82
-54
-22
20
67
75
76
81
91
95
96
83
51
33
16
-7
-19
-35
-77
-119
-148
-157
-159
-173
-184
-200
-202
-190
-175
-163
-155
-142
-124
-93
-58
-39
-43
-14
27
47
64
81
103
116
138
150
136
145
162
173
185
186
195
192
199
225
234
250
260
253
271
307
327
330
339
351
359
364
319
275
266
272
271
227
144
69
46
32
4
-70
-167
-215
-223
-231
-271
-336
-393
-401
-394
-384
-392
-423
-437
-400
-332
-303
-294
-267
-229
-191
-130
-80
-60
-37
-8
27
54
71
74
58
44
57
71
43
11
-16
-36
-47
-70
-93
-119
-147
-162
-155
-160
-173
-183
-185
-166
-149
-142
-120
-92
-77
-48
-18
-4
26
51
74
113
132
135
146
155
173
201
211
192
176
189
206
223
217
209
226
240
257
280
296
316
342
354
358
368
394
418
407
362
331
325
328
316
253
171
110
81
67
26
-51
-139
-210
-233
-242
-296
-356
-410
-440
-429
-429
-436
-449
-455
-431
-401
-371
-332
-291
-272
-240
-186
-147
-104
-56
-35
-33
-19
36
74
67
57
51
41
35
41
15
-25
-56
-79
-90
-93
-97
-150
-180
-172
-161
-138
-134
-134
-143
-129
-85
-57
-38
-29
-11
20
56
79
92
104
114
124
123
132
147
143
142
156
147
127
148
161
165
174
184
199
208
229
258
268
288
318
327
339
362
383
375
343
322
321
324
303
258
182
112
89
64
16
-62
-145
-193
-216
-224
-262
-331
-393
-424
-423
-411
-416
-435
-437
-420
-372
-326
-307
-292
-273
-235
-174
-117
-89
-81
-65
-41
-2
32
35
36
33
32
40
40
27
-2
-27
-38
-54
-70
-93
-122
-142
-156
-150
-144
-146
-153
-158
-128
-98
-91
-76
-52
-26
8
40
55
63
74
100
124
128
138
150
152
166
183
188
176
179
197
208
236
249
253
261
270
296
316
325
333
340
352
386
405
398
367
322
312
313
305
252
166
101
73
71
27
-43
-133
-192
-198
-218
-257
-317
-354
-370
-369
-352
-374
-379
-375
-365
-341
-323
-290
-266
-244
-206
-170
-138
-104
-69
-50
-36
-26
-18
1
4
-1
-7
-18
-22
-32
-59
-83
-84
-102
-127
-148
-163
-172
-181
-185
-202
-181
-174
-188
-165
-141
-109
-83
-70
-52
-34
10
40
59
95
114
146
156
158
174
171
190
203
200
195
200
210
212
203
199
221
231
238
237
233
257
283
311
308
309
330
331
340
318
274
245
248
252
204
158
106
48
40
24
-37
-101
-150
-184
-207
-227
-255
-288
-322
-325
-317
-316
-302
-304
-314
-300
-258
-212
-193
-185
-171
-140
-84
-47
-41
-32
-17
4
18
23
27
9
3
8
-2
-9
-32
-64
-95
-94
-84
-110
-136
-156
-167
-168
-160
-155
-158
-145
-124
-112
-93
-68
-52
-35
-24
4
36
51
64
73
77
90
114
122
130
138
142
149
157
168
163
164
174
184
199
213
226
227
242
259
253
261
270
284
296
287
293
283
252
241
224
203
186
135
78
44
24
10
-28
-85
-130
-153
-175
-206
-228
-254
-270
-279
-291
-305
-321
-315
-299
-293
-274
-261
-259
-240
-225
-207
-173
-147
-128
-117
-100
-76
-69
-53
-56
-64
-45
-30
-37
-58
-67
-72
-73
-77
-95
-106
-114
-108
-108
-119
-132
-131
-117
-106
-94
-88
-70
-42
-23
-8
-3
13
37
60
81
88
105
123
122
128
148
164
172
165
156
159
176
198
201
177
168
192
208
227
241
240
242
251
258
265
280
291
293
284
282
286
262
222
209
196
169
145
105
60
31
5
-35
-81
-118
-144
-158
-180
-201
-221
-250
-252
-246
-235
-233
-238
-233
-218
-207
-187
-170
-172
-148
-142
-119
-101
-103
-82
-73
-70
-68
-75
-73
-64
-73
-83
-83
-97
-111
-112
-124
-124
-100
-105
-109
-116
-126
-125
-113
-91
-86
-81
-82
-61
-46
-36
-34
-31
4
5
18
25
23
49
60
75
76
71
79
88
96
100
104
114
120
107
118
143
155
156
146
161
181
188
194
192
208
221
221
228
223
211
222
240
247
236
214
193
175
168
145
128
111
76
55
47
35
9
-24
-54
-64
-73
-87
-93
-123
-157
-161
-160
-167
-172
-178
-171
-149
-144
-159
-167
-163
-134
-120
-124
-115
-109
-99
-96
-100
-99
-95
-102
-108
-100
-95
-97
-102
-117
-128
-126
-123
-113
-125
-143
-126
-117
-116
-119
-134
-126
-108
-89
-77
-83
-88
-74
-54
-38
-18
-18
-9
5
11
32
52
54
45
43
52
67
70
73
86
99
115
129
122
111
126
134
147
147
148
171
170
171
180
177
184
197
193
180
170
158
155
161
168
158
154
146
123
114
111
98
81
77
67
52
49
31
13
-1
-17
-18
-21
-41
-58
-61
-63
-89
-102
-106
-125
-116
-117
-128
-128
-135
-126
-125
-128
-121
-120
-121
-129
-129
-129
-139
-140
-143
-143
-146
-139
-139
-142
-146
-161
-147
-137
-129
-119
-127
-119
-105
-93
-87
-94
-96
-86
-77
-61
-48
-37
-29
-23
-7
2
10
16
11
21
33
33
41
52
62
72
74
79
91
95
102
109
115
128
135
130
138
159
155
150
150
151
160
168
166
152
159
166
167
163
152
147
142
137
125
113
100
101
99
85
84
70
51
44
34
28
28
19
-3
-26
-32
-20
-21
-18
-22
-50
-57
-60
-58
-66
-77
-87
-101
-99
-106
-116
-119
-110
-114
-129
-134
-144
-140
-136
-143
-147
-151
-152
-153
-146
-143
-143
-136
-133
-138
-134
-114
-108
-117
-111
-102
-92
-79
-77
-80
-83
-72
-71
-69
-59
-61
-43
-20
-21
-15
-6
0
9
17
26
34
54
64
71
80
95
100
100
118
119
129
135
136
146
151
161
147
142
142
138
139
139
140
133
141
140
138
142
133
127
118
119
117
111
100
97
88
81
95
88
74
65
59
55
40
46
47
24
11
-1
-14
-15
-22
-41
-54
-50
-57
-71
-71
-78
-89
-88
-93
-113
-116
-115
-122
-125
-128
-134
-133
-136
-139
-128
-130
-139
-137
-121
-112
-109
-106
-111
-108
-105
-100
-92
-92
-89
-89
-88
-78
-70
-57
-43
-40
-42
-34
-29
-25
-13
-10
-1
6
9
18
15
8
14
23
34
35
31
44
48
45
43
47
56
57
48
60
76
76
79
79
85
77
63
71
68
63
72
65
63
72
63
66
66
53
62
55
52
49
34
55
58
56
55
43
44
36
34
28
25
21
20
21
12
15
2
-10
-16
-12
-7
-12
-14
-25
-26
-20
-20
-26
-47
-54
-44
-40
-40
-40
-44
-58
-54
-48
-34
-28
-31
-18
-21
-31
-31
-27
-26
-32
-38
-37
-34
-33
-32
-32
-38
-42
-41
-40
-33
-24
-30
-30
-30
-38
-31
-23
-14
-11
-23
-19
-11
-12
-5
2
-4
4
13
9
19
19
19
15
10
12
22
24
28
34
18
21
31
47
53
40
40
34
29
27
28
25
26
23
24
31
35
34
27
26
29
28
23
20
20
20
20
18
11
17
20
9
7
9
9
17
15
9
12
6
5
11
9
12
10
2
3
-6
-16
-4
7
-4
0
0
0
0
0
0
0
0
0
0
0
0
0
0
0
0
0
0
0
0
0
0
0
0
0
0
0
0
0
0
0
0
0
0
0
0
0
0
0
0
0
0
0
0
0
0
0
0
0
0
0
0
0
0
0
0
0
0
0
0
0
0
0
0
0
0
0
0
0
0
0
0
0
0
0
0
0
0
0
0
0
0
0
0
0
0
0
0
0
0
0
0
0
0
0
0
0
0
0
0
0
0
0
0
0
0
0
0
0
0
0
0
0
0
0
0
0
0
0
0
0
0
0
0
0
0
0
0
0
0
0
0
0
0
0
0
0
0
0
0
0
0
0
0
0
0
0
0
0
0
0
0
0
0
0
0
0
0
0
0
0
0
0
0
0
0
0
0
0
0
0
0
0
0
0
0
0
0
0
0
0
0
0
0
0
0
0
0
0
0
0
0
0
0
0
0
0
0
0
0
0
0
0
0
0
0
0
0
0
0
0
0
0
0
0
0
0
0
0
0
0
0
0
0
0
0
0
0
0
0
0
0
0
0
0
0
0
0
0
0
0
0
0
0
0
0
0
0
0
0
0
0
0
0
0
0
0
0
0
0
0
0
0
0
0
0
0
0
0
0
0
0
0
0
0
0
0
0
0
0
0
0
0
0
0
0
0
0
0
0
0
0
0
0
0
0
0
0
0
0
0
0
0
0
0
0
0
0
0
0
0
0
0
0
0
0
0
0
0
0
0
0
0
0
0
0
0
0
0
0
0
0
0
0
0
0
0
0
0
0
0
0
0
0
0
0
0
0
0
0
0
0
0
0
0
0
0
0
0
0
0
0
0
0
0
0
0
0
0
0
0
0
0
0
0
0
0
0
0
0
0
0
0
0
0
0
0
0
0
0
0
0
0
0
0
0
0
0
0
0
0
0
0
0
0
0
0
0
0
0
0
0
0
0
0
0
0
0
0
0
0
0
0
0
0
0
0
0
0
0
0
0
0
0
0
0
0
0
0
0
0
0
0
0
0
0
0
0
0
0
0
0
0
0
0
0
0
0
0
0
0
0
0
0
0
0
0
0
0
0
0
0
0
0
0
0
0
0
0
0
0
0
0
0
0
0
0
0
0
0
0
0
0
0
0
0
0
0
0
0
0
0
0
0
0
0
0
0
0
0
0
0
0
0
0
0
0
0
0
0
0
0
0
0
0
0
0
0
0
0
0
0
0
0
0
0
0
0
0
0
0
0
0
0
0
0
0
0
0
0
0
0
0
0
0
0
0
0
0
0
0
0
0
0
0
0
0
0
0
0
0
0
0
0
0
0
0
0
0
0
0
0
0
0
0
0
0
0
0
0
0
0
0
0
0
0
0
0
0
0
0
0
0
0
0
0
0
0
0
0
0
0
0
0
0
0
0
0
0
0
0
0
0
0
0
0
0
0
0
0
0
0
0
0
0
0
0
0
0
0
0
0
0
0
0
0
0
0
0
0
0
0
0
0
0
0
0
0
0
0
0
0
0
0
0
0
0
0
0
0
0
0
0
0
0
0
0
0
0
0
0
0
0
0
0
0
0
0
0
0
0
0
0
0
0
0
0
0
0
0
0
0
0
0
0
0
0
0
0
0
0
0
0
0
0
0
0
0
0
0
0
0
0
0
0
0
0
0
0
0
0
0
0
0
0
0
0
0
0
0
0
0
0
0
0
0
0
0
0
0
0
0
0
0
0
0
0
0
0
0
0
0
0
0
0
0
0
0
0
0
0
0
0
0
0
0
0
0
0
0
0
0
0
0
0
0
0
0
0
0
0
0
0
0
0
0
0
0
0
0
0
0
0
0
0
0
0
0
0
0
0
0
0
0
0
0
0
0
0
0
0
0
0
0
0
0
0
0
0
0
0
0
0
0
0
0
0
0
0
0
0
0
0
0
0
0
0
0
0
0
0
0
0
0
0
0
0
0
0
0
0
0
0
0
0
0
0
0
0
0
0
0
0
0
0
0
0
0
0
0
0
0
0
0
0
0
0
0
0
0
0
0
0
0
0
0
0
0
0
0
0
0
0
0
0
0
0
0
0
0
0
0
0
0
0
0
0
0
0
0
0
0
0
0
0
0
0
0
0
0
0
0
0
0
0
0
0
0
0
0
0
0
0
0
0
0
0
0
0
0
0
0
0
0
0
0
0
0
0
0
0
0
0
0
0
0
0
0
0
0
0
0
0
0
0
0
0
0
0
0
0
0
0
0
0
0
0
0
0
0
0
0
0
0
0
0
0
0
0
0
0
0
0
0
0
0
0
0
