-7
-1
16
14
7
-4
1
4
6
-8
-9
20
0
-2
4
11
20
-3
7
21
17
0
-18
-16
-16
-16
-37
-43
-38
-26
-18
-18
8
27
23
-1
-14
0
24
31
27
14
5
2
-3
-16
-8
-4
-22
-26
-48
-45
-40
-29
-18
-24
-4
-21
-24
-10
0
31
23
-10
-16
-8
-8
-2
12
-5
-30
-23
-39
-40
-16
-7
5
3
14
7
-9
-15
-14
1
-3
-4
-16
-18
-15
-23
-24
-25
-6
3
-5
-13
-23
-1
9
7
20
10
9
30
23
16
25
28
11
-14
-19
-16
-10
18
37
21
20
35
36
35
43
44
25
20
44
45
26
37
30
25
51
50
23
20
13
27
39
34
26
2
4
14
19
6
-14
-22
-3
9
14
20
6
-12
0
20
18
24
20
3
-8
-2
8
3
0
2
-18
-27
-11
-16
-53
-51
-14
6
1
-17
-11
-4
7
5
-7
7
10
5
6
2
0
-20
-36
-27
-17
-11
-30
-61
-57
-28
-12
-12
-24
-36
-23
-9
6
38
50
20
-10
-35
-50
-34
-10
6
-28
-67
-88
-67
-22
4
41
35
4
2
36
45
18
-8
-24
-9
-16
-42
-37
-30
-46
-46
-31
-20
-18
5
35
6
-18
-12
-5
-8
17
26
-20
-18
-38
-73
-35
-11
24
38
17
47
34
23
33
29
52
25
2
34
44
14
-25
-27
13
26
19
26
25
26
7
12
24
7
37
60
63
43
0
12
7
1
26
26
19
18
16
13
2
-20
-34
-36
11
45
34
23
-8
-21
-9
4
31
26
22
12
-37
-44
-20
-9
-30
-16
41
42
13
-7
-28
-29
-12
6
8
-3
-13
-29
-37
-35
-38
-43
-31
-24
-26
-38
-47
-43
-36
-37
-14
2
-4
20
29
18
0
4
7
-2
28
25
-1
-2
11
-12
-44
-21
12
4
-41
-21
32
30
-15
-33
-17
-10
-30
-51
-11
30
12
-35
-25
-6
-4
9
29
62
60
25
-2
-13
3
32
26
7
14
9
-9
-6
11
-1
-10
25
48
43
31
22
15
-3
-7
14
33
38
44
24
-4
-5
3
15
17
15
23
4
-4
6
-9
-18
-26
-12
-6
14
41
10
-1
-9
-15
-11
2
22
12
1
-1
-27
-48
-31
-30
-15
15
28
-14
-48
-19
-11
-6
15
30
16
-2
9
1
-11
-25
-43
-40
-22
16
13
-5
-6
-31
-29
-11
-6
19
10
-13
-36
-54
-54
-51
-15
-10
-2
16
7
-1
14
29
8
23
43
30
29
21
34
46
0
-8
19
27
45
72
93
64
34
29
3
27
54
38
-3
-36
-13
-17
-34
-33
-10
15
-12
-7
39
30
-22
-60
-53
-28
-20
-3
9
0
-20
-55
-69
-70
-63
-53
-42
-26
-33
-51
-78
-69
-68
-85
-67
-73
-91
-103
-105
-80
-90
-89
-69
-53
-17
-12
-16
-16
3
9
8
51
76
58
40
34
33
38
34
34
28
44
53
28
33
35
43
47
55
85
85
86
80
73
75
70
70
70
97
106
112
117
89
75
78
69
73
91
91
86
77
72
64
41
51
75
81
77
85
96
74
43
23
19
33
36
14
-3
0
-3
-2
24
11
-33
-23
30
53
34
35
29
9
1
23
40
-21
-30
46
34
-38
-59
-54
-78
-105
-55
21
-13
-47
-46
-200
-729
-1480
-1676
-1063
-384
-203
-223
-158
-174
-259
-118
176
324
420
563
722
703
504
290
-3
-228
-296
-233
-162
-229
-295
-330
-461
-622
-593
-344
-61
120
235
256
144
94
198
354
467
577
647
569
354
166
93
-2
-84
-88
-44
-70
-126
-101
-91
-118
-81
66
201
307
366
331
247
176
141
99
136
195
129
25
9
0
-44
-37
11
73
130
210
228
153
107
67
58
136
222
261
208
100
-13
-91
-118
-108
-69
31
147
174
144
86
31
-5
16
108
175
170
157
146
78
-16
-92
-108
-64
7
41
5
-37
-68
-111
-161
-139
-41
18
26
14
7
-27
-60
-54
-41
-28
-182
-693
-1516
-2089
-1768
-736
-33
-50
-216
-219
-105
-71
134
426
484
524
656
903
843
455
77
-308
-573
-677
-520
-293
-335
-458
-527
-659
-808
-685
-287
127
339
435
473
340
255
325
461
557
640
672
506
204
-80
-193
-242
-275
-285
-267
-230
-272
-268
-279
-274
-103
218
506
541
483
475
411
244
173
296
397
337
237
153
-13
-161
-199
-169
-105
-14
148
294
315
251
181
168
281
430
516
517
389
221
60
-66
-103
-113
-80
6
99
133
79
-16
-82
-17
109
196
240
263
249
177
67
-45
-87
-10
90
111
112
47
-81
-195
-211
-126
-92
-71
-34
-56
-122
-156
-74
-40
-388
-1091
-1872
-2341
-1989
-819
64
2
-331
-342
-90
27
246
618
775
820
823
892
717
305
-19
-342
-597
-767
-718
-551
-586
-739
-811
-831
-823
-599
-151
287
442
487
582
544
507
598
775
819
727
629
465
177
-143
-276
-378
-491
-541
-488
-337
-250
-117
-94
-240
-236
124
638
868
858
751
548
333
287
368
396
258
90
27
-91
-223
-357
-397
-294
-148
63
175
190
212
299
378
438
578
694
690
525
331
100
-130
-227
-220
-119
0
126
137
17
-89
-127
-35
158
364
467
440
300
133
4
-73
-82
-54
47
110
117
57
-99
-166
-141
-123
-132
-90
-15
10
7
55
189
-51
-957
-2159
-3013
-2757
-1294
37
217
-194
-383
-165
-117
-2
470
798
1023
1109
1289
1223
580
-38
-499
-723
-879
-864
-594
-603
-880
-1092
-1184
-1243
-1058
-496
162
506
593
726
677
498
520
757
977
966
814
623
305
-95
-340
-486
-619
-748
-744
-532
-337
-127
-9
-29
-74
-44
257
681
959
1027
896
551
313
310
364
285
100
19
-133
-265
-329
-397
-455
-309
81
289
347
338
308
369
531
741
856
855
704
472
215
-14
-197
-330
-275
-89
120
252
203
14
-83
-53
78
304
486
612
537
350
151
-77
-156
-59
118
216
253
236
118
-13
-108
-149
-194
-185
-53
70
196
226
-336
-1564
-2932
-3616
-2676
-720
338
186
-232
-194
-24
-116
170
581
882
1182
1532
1803
1303
373
-567
-1154
-1234
-1202
-884
-598
-722
-1060
-1402
-1580
-1478
-1024
-255
452
730
918
970
732
547
585
797
967
977
818
485
-34
-478
-698
-794
-852
-953
-903
-757
-439
-9
134
84
30
284
669
905
1095
1045
789
514
347
334
299
175
-9
-269
-395
-321
-281
-355
-516
-443
14
506
639
484
398
434
547
763
990
965
731
482
226
-18
-261
-395
-327
-50
308
415
278
105
-50
-96
23
313
606
645
612
495
149
-97
-143
-96
47
257
472
483
301
131
19
-80
-205
-187
87
328
-29
-1126
-2568
-3794
-3463
-1437
30
64
-261
31
383
97
158
510
742
898
1238
1926
1840
995
-54
-996
-1560
-1821
-1386
-790
-736
-987
-1219
-1483
-1771
-1550
-663
240
631
1009
1386
1208
763
605
807
913
806
774
701
232
-347
-696
-912
-1068
-1213
-1113
-960
-724
-231
145
273
150
263
659
898
981
998
966
719
463
378
250
34
-94
-145
-290
-414
-364
-271
-315
-353
-262
33
456
618
517
417
472
606
746
847
793
603
378
223
59
-116
-192
-126
98
364
442
294
115
-10
-44
43
205
438
548
494
363
166
58
23
-18
47
231
407
504
452
253
32
-61
-105
-82
-112
-575
-1494
-2884
-3821
-2847
-857
30
-244
-377
171
445
332
606
791
798
886
1373
1863
1516
725
-243
-1100
-1714
-1861
-1242
-777
-893
-1100
-1225
-1481
-1715
-1350
-413
274
567
1123
1530
1281
813
706
903
895
734
668
521
40
-468
-778
-986
-1193
-1311
-1203
-1057
-668
-127
247
328
262
526
707
629
724
930
861
529
437
502
220
-158
-197
-242
-472
-543
-338
-161
-212
-198
-55
87
298
446
460
515
668
801
824
765
643
413
272
203
53
-57
-71
113
360
466
449
294
152
90
62
153
302
400
466
484
363
136
-4
85
136
147
380
523
473
442
429
298
36
-147
-478
-1299
-2383
-3465
-3353
-1542
-198
-74
-336
-158
336
200
458
926
992
1067
1185
1702
1746
1098
232
-756
-1436
-1903
-1887
-1256
-848
-980
-1163
-1326
-1523
-1577
-1127
-245
317
789
1354
1488
1218
945
846
783
630
525
499
229
-135
-490
-895
-1196
-1489
-1489
-1280
-1011
-480
-44
232
359
470
672
750
803
645
477
637
660
501
397
258
-54
-414
-439
-393
-452
-376
-265
-138
5
93
95
195
393
499
601
716
776
717
631
524
293
162
174
146
86
141
337
447
441
416
301
193
174
180
270
323
327
425
437
342
219
190
296
298
319
433
490
625
681
525
171
-502
-1399
-2789
-4234
-3778
-1406
126
-116
-607
-196
264
85
356
844
1142
1287
1540
2193
2091
1258
295
-595
-1296
-1923
-1838
-1341
-1272
-1286
-1174
-1306
-1642
-1768
-1209
-434
-60
594
1338
1520
1431
1414
1446
1168
798
709
621
269
-96
-362
-698
-1173
-1625
-1721
-1647
-1330
-711
-248
-36
36
436
882
897
877
831
624
336
384
682
568
301
150
-162
-508
-583
-408
-398
-546
-429
-56
256
236
146
210
294
399
587
768
702
488
385
300
179
76
11
23
138
380
569
554
426
329
294
223
236
353
318
258
307
341
264
165
276
335
214
248
415
458
434
630
795
432
-372
-1260
-2497
-3966
-3701
-1467
-60
-266
-595
-91
400
123
283
808
1043
1082
1412
2199
2183
1358
502
-296
-1136
-1878
-1833
-1406
-1333
-1173
-894
-1052
-1528
-1735
-1285
-763
-437
362
1159
1390
1397
1531
1581
1176
809
803
720
345
86
36
-251
-881
-1527
-1806
-1890
-1688
-1068
-511
-211
-26
419
797
670
597
731
645
351
374
778
839
410
39
-237
-493
-565
-446
-387
-520
-432
-101
106
120
47
47
233
536
797
895
715
452
286
193
169
138
144
118
132
307
431
442
376
294
266
313
423
489
376
201
137
183
248
284
387
377
267
285
417
551
612
684
755
691
141
-1041
-2667
-4056
-3613
-1566
-418
-537
-604
-105
272
27
201
606
773
1013
1480
2265
2401
1805
903
-246
-1170
-1698
-1625
-1404
-1443
-1143
-760
-982
-1477
-1742
-1513
-1114
-799
-41
794
1255
1538
1693
1574
1184
1014
1051
788
344
342
513
231
-485
-1176
-1473
-1768
-1907
-1563
-1088
-604
-175
266
591
633
599
423
215
221
467
866
959
728
468
80
-326
-526
-457
-404
-523
-427
-113
64
17
-129
-261
-250
106
595
833
752
546
394
248
178
160
151
160
186
315
449
479
362
219
202
245
314
360
298
219
226
206
134
114
247
324
247
357
545
577
645
807
892
749
208
-874
-2501
-3763
-3267
-1465
-495
-734
-881
-450
-127
-261
10
504
698
844
1352
2226
2519
2099
1285
209
-693
-1192
-1194
-1126
-1287
-1097
-784
-1068
-1601
-1817
-1570
-1331
-1235
-626
252
926
1364
1584
1594
1388
1323
1313
990
659
770
916
569
-93
-630
-961
-1482
-1873
-1703
-1292
-998
-776
-269
241
377
352
201
-1
51
425
791
908
981
976
559
6
-148
-103
-270
-493
-429
-107
137
137
-104
-424
-478
-269
57
392
587
625
517
351
218
140
144
186
242
394
539
516
370
189
81
56
106
212
265
286
255
134
33
29
88
114
155
266
407
485
496
578
680
704
681
428
-467
-2018
-3230
-3014
-1727
-947
-1031
-914
-448
-158
-234
-136
226
379
562
980
1659
2258
2312
1745
649
-387
-852
-915
-845
-747
-565
-498
-922
-1463
-1645
-1522
-1409
-1449
-1217
-582
184
818
1127
1222
1294
1352
1260
1098
1093
1197
1066
687
400
170
-223
-798
-1263
-1429
-1458
-1388
-1101
-696
-348
-124
-85
-203
-310
-117
213
468
771
984
957
736
512
385
244
13
-209
-201
-11
107
68
-116
-402
-578
-491
-317
-111
223
515
545
486
534
514
321
125
122
305
528
602
549
433
213
-1
-161
-254
-170
97
317
295
225
225
121
-22
-59
24
186
349
547
713
691
557
382
261
324
321
-300
-1749
-2880
-2532
-1507
-1118
-1202
-875
-307
-168
-299
-95
295
361
203
319
915
1609
1992
1666
697
-40
-129
-79
-349
-543
-339
-362
-907
-1298
-1074
-633
-666
-1114
-1306
-1121
-700
-180
240
589
952
1309
1338
1050
918
927
725
389
340
537
499
96
-267
-388
-490
-664
-772
-704
-518
-307
-203
-297
-411
-371
-325
-359
-237
86
362
429
400
412
451
409
292
254
291
321
278
171
61
-45
-157
-213
-173
-40
155
271
282
236
153
80
58
153
319
429
468
469
367
156
-60
-209
-257
-214
-66
41
40
71
85
44
-10
-2
128
266
349
410
494
498
342
139
-50
-175
-218
-174
-100
-103
-153
-504
-1169
-1465
-1182
-928
-898
-682
-225
77
103
170
224
139
-42
-245
-296
-186
89
392
468
319
149
37
-212
-537
-580
-471
-482
-442
-212
65
230
254
259
237
124
94
131
153
214
321
410
286
98
86
56
-117
-339
-448
-407
-364
-281
-75
120
158
65
10
-4
-26
42
193
264
285
415
552
524
396
329
262
119
17
42
161
177
57
-44
-157
-275
-321
-330
-294
-187
-50
66
216
376
392
276
209
257
349
442
476
485
450
305
115
-79
-154
-178
-230
-231
-216
-147
-109
-123
-137
-138
-78
15
122
223
287
262
191
114
39
-2
-47
-114
-170
-175
-148
-156
-169
-196
-242
-244
-231
-183
-160
-188
-164
-103
-42
-10
21
85
102
95
107
90
7
-109
-107
-43
-104
-221
-216
-175
-246
-321
-242
-93
-13
51
115
105
49
39
89
110
43
-64
-132
-156
-142
-102
-121
-188
-208
-175
-122
-73
-98
-176
-212
-227
-214
-161
-101
-91
-92
-35
28
93
176
211
169
126
129
151
115
51
52
56
17
-28
-46
-15
-10
-36
-63
-52
30
86
123
131
155
221
278
367
406
397
361
278
201
144
70
-27
-80
-114
-136
-111
-61
-20
-39
-57
-14
35
62
75
123
205
245
237
212
172
139
108
87
70
17
-24
-26
-36
-70
-91
-96
-120
-157
-146
-78
-31
-15
-4
-6
-2
-7
-4
23
42
28
6
40
48
-45
-159
-210
-198
-197
-215
-195
-157
-66
35
49
36
44
70
123
182
176
75
-32
-88
-116
-104
-101
-127
-143
-156
-147
-156
-196
-218
-206
-227
-269
-219
-97
4
0
-31
12
50
70
102
162
226
256
272
239
179
118
48
-26
-68
-47
-7
-19
-72
-146
-185
-170
-147
-95
-84
-65
24
123
212
259
257
231
207
200
177
117
49
-21
-60
-47
-81
-135
-139
-120
-103
-123
-119
-102
-102
-85
-30
36
58
90
136
134
100
83
61
13
-15
-7
11
3
-20
-3
46
16
-36
-44
-29
8
29
69
114
156
138
47
11
20
67
100
58
3
-37
-40
-70
-136
-191
-183
-154
-110
0
89
138
111
87
129
150
146
106
89
99
43
-37
-81
-99
-121
-153
-171
-165
-171
-183
-180
-210
-259
-270
-201
-105
-55
-24
0
30
48
86
109
75
85
124
203
243
185
114
3
-80
-79
-30
13
-17
-56
-67
-52
-38
-91
-169
-234
-199
-40
136
245
258
238
194
146
117
89
55
10
-9
34
95
95
5
-88
-116
-68
-10
-45
-108
-116
-47
13
20
44
80
106
99
70
78
86
23
-38
-71
-96
-67
-52
-57
-81
-95
-74
-48
-26
-18
9
47
82
87
91
127
150
165
182
186
167
114
43
-21
-65
-104
-142
-166
-172
-161
-97
-61
-79
-19
73
133
128
122
137
137
122
61
35
36
-5
-39
-63
-93
-153
-211
-193
-164
-193
-230
-217
-190
-164
-151
-140
-80
-27
21
104
146
152
163
185
214
195
125
32
-47
-84
-66
-38
-54
-89
-124
-147
-130
-106
-108
-125
-136
-104
-41
65
176
199
159
99
67
94
81
42
36
27
34
20
-43
-69
-82
-86
-93
-122
-139
-143
-96
-43
-42
-37
-4
33
47
82
132
158
165
134
101
82
62
43
8
-23
-25
-31
-40
-61
-81
-59
-20
36
52
45
57
41
66
120
119
81
60
93
90
49
19
-1
-23
-54
-67
-80
-73
-58
-13
50
74
72
63
70
71
54
24
29
57
73
77
55
26
-37
-97
-110
-120
-140
-110
-51
-41
-100
-184
-199
-139
-70
-13
36
75
97
134
171
194
198
150
105
55
41
67
44
-6
-72
-99
-86
-82
-75
-102
-133
-146
-112
-54
19
95
121
136
126
93
64
30
-43
-71
-15
38
40
-11
-52
-90
-116
-126
-126
-126
-114
-58
-19
-17
-27
-55
-116
-134
-56
33
80
99
113
86
22
-27
-47
-65
-87
-65
-15
0
-6
-38
-73
-97
-108
-72
-39
31
114
173
196
147
101
72
29
-13
1
22
-2
-36
-59
-56
-47
-56
-65
-47
-4
74
132
121
114
110
67
20
-18
-6
11
10
42
25
-28
-88
-127
-109
-91
-55
-10
22
-11
-68
-67
-73
-73
-34
30
68
86
119
134
152
141
107
93
54
45
60
48
39
-11
-78
-100
-86
-52
-13
3
-19
-44
-55
-45
-6
45
115
167
189
191
124
48
0
-30
-29
-30
-14
-3
0
-28
-86
-162
-236
-207
-139
-74
-28
-30
-46
-63
-73
-64
-37
-9
33
83
114
112
111
96
30
-7
21
31
4
-42
-90
-95
-77
-75
-94
-104
-81
-44
16
74
88
80
61
50
58
45
14
-17
-21
-40
-80
-85
-81
-76
-66
-39
4
53
93
133
143
115
89
65
48
31
51
96
94
54
0
-64
-111
-114
-99
-67
-27
-23
-48
-58
-25
-9
-24
-29
-47
-23
48
116
158
155
116
68
39
23
19
27
47
68
74
52
28
-13
-65
-99
-140
-136
-88
-67
-80
-81
-64
-53
-24
37
71
64
39
15
24
26
-2
-20
-13
10
41
22
-33
-82
-92
-75
-69
-44
-40
-24
-18
-43
-59
-79
-57
-17
-7
-6
-3
13
25
35
53
60
56
34
0
-26
-36
-46
-85
-98
-68
-35
-1
10
28
24
10
10
-9
1
20
10
0
-16
-25
-42
-54
-55
-53
-29
-19
-16
21
69
80
66
50
37
36
36
16
33
77
92
57
2
-15
-20
-26
-29
-17
-23
-43
-31
19
47
37
44
50
40
27
49
78
96
96
73
50
16
-7
-8
17
28
32
57
97
128
108
75
36
-2
-32
-45
-16
13
22
33
33
40
33
-20
-53
-57
-30
-12
-16
5
21
14
-22
-65
-95
-104
-81
-43
-20
-16
-31
-64
-77
-66
-72
-71
-47
-29
20
41
14
-3
-12
-10
-10
1
16
16
0
-25
-52
-90
-112
-109
-82
-54
-26
20
34
21
5
-19
-16
10
47
85
93
77
41
-14
-45
-59
-74
-70
-33
-1
12
0
-27
-33
-62
-73
-50
-3
56
100
102
68
47
0
-21
-24
-27
-23
-24
-3
5
2
20
22
13
42
70
84
87
77
63
43
54
65
51
32
-11
-25
-25
-44
-24
-13
18
77
94
70
33
38
46
24
0
-2
21
28
13
24
53
34
-11
-50
-57
-17
8
0
10
23
10
-9
-18
-27
-48
-59
-64
-67
-51
-55
-108
-152
-166
-160
-145
-105
-63
-21
24
35
22
19
40
59
44
48
94
111
90
48
-7
-51
-65
-70
-66
-41
-7
18
16
-13
-52
-63
-54
-31
17
70
103
97
65
24
-9
-31
-18
20
45
61
58
39
13
-17
-45
-41
-18
11
53
77
71
27
-3
-23
-51
-50
-56
-34
6
5
13
9
-22
-35
-31
-1
60
108
115
96
78
48
23
22
15
18
14
11
18
19
38
30
18
10
0
13
18
5
-11
-23
-21
2
-4
-11
-34
-63
-51
-54
-56
-68
-63
-34
-13
17
18
15
20
15
31
49
57
38
-5
-23
-41
-57
-74
-98
-93
-101
-118
-123
-99
-68
-64
-57
-48
-8
40
48
44
21
0
7
1
-13
-5
3
-25
-48
-37
-11
8
-8
-48
-63
-38
-16
-4
-1
-6
13
42
51
44
36
27
14
6
13
33
35
21
24
24
20
33
47
46
41
48
53
57
46
33
-5
-34
-31
-33
-8
13
20
26
19
6
16
13
20
15
5
36
37
54
54
11
-5
12
22
13
43
82
81
70
58
44
50
47
30
12
-10
-16
-19
-30
-27
-19
-4
-7
-12
-20
-35
-46
-70
-66
-50
-24
-6
8
26
33
34
40
56
57
39
24
-7
-34
-27
-40
-64
-70
-70
-60
-55
-51
-28
-21
-16
-11
-3
11
22
38
32
18
0
-11
-2
-21
-17
4
-4
-13
-21
-25
-49
-84
-78
-51
-25
-13
-5
-1
-9
-1
-24
-57
-60
-67
-59
-27
-7
-10
-20
-31
-29
-24
-25
-16
-17
-22
-8
3
7
-1
-13
-3
-4
10
33
34
46
57
57
72
70
50
26
16
10
5
19
14
25
22
7
-6
-34
-46
-24
14
33
62
88
91
79
60
43
27
12
19
8
-11
-27
-47
-41
-30
6
13
2
1
-10
-15
-20
-13
5
26
35
44
48
37
44
40
10
7
1
-5
-1
-8
-33
-66
-75
-88
-81
-51
-32
-12
-2
-11
-6
4
-2
-2
-11
-16
8
28
24
2
-26
-37
-20
6
11
8
0
-3
-1
-17
-18
-20
-18
-17
-24
-13
9
17
13
-5
-30
-34
-17
9
7
11
14
-9
0
-14
-30
-19
-26
-9
20
23
29
21
1
-16
-34
-14
0
-4
32
79
109
108
80
57
35
4
-11
0
25
42
41
26
6
-16
-41
-40
-9
17
55
80
96
112
104
75
37
17
3
3
-7
8
8
-16
-28
-31
-36
-73
-56
-27
10
12
7
13
19
36
2
-13
-3
17
28
31
17
-2
-10
-22
-30
-53
-63
-68
-81
-82
-67
-67
-56
-49
-54
-7
-4
-13
-8
-34
-27
-32
-28
-15
-22
-25
-34
-42
-22
13
14
-5
-30
-35
-30
-29
-20
-14
-3
-5
-7
-6
-9
-10
-27
-31
-17
1
16
25
23
18
19
16
13
-13
-24
-14
-20
-19
-24
-16
-20
-32
-30
-39
-39
-29
-16
12
39
39
34
20
11
17
15
29
39
23
17
-1
-24
-36
-41
-36
-36
-7
38
62
81
87
81
62
41
46
43
27
12
-1
7
-1
1
6
-7
1
1
-12
-3
6
23
37
39
56
66
48
37
47
50
67
76
61
47
31
20
5
-13
-21
-24
-7
27
44
38
10
-12
-25
-36
-14
27
41
52
55
40
18
-8
-11
-19
-21
-3
34
48
28
8
-40
-66
-68
-57
-37
-31
-20
0
2
-11
-38
-62
-67
-58
-46
-35
3
37
41
43
46
47
32
22
16
5
22
40
37
16
11
-16
-45
-53
-67
-64
-55
-30
-6
24
36
14
-24
-71
-80
-45
-59
-142
-226
-215
-132
-98
-158
-237
-265
-287
-293
-266
-183
-90
-60
-103
-188
-194
-117
-25
14
-15
-27
-8
40
87
133
166
194
211
175
169
223
283
279
218
173
160
207
242
233
220
191
129
87
75
81
100
75
11
-64
-96
-69
-2
36
14
-44
-121
-143
-103
-36
9
0
-29
-41
-46
-27
35
54
0
-24
-15
9
41
78
76
12
-27
-23
21
51
94
121
83
33
-10
-15
-17
13
22
10
18
31
71
72
73
51
28
44
50
72
84
89
55
10
10
21
39
35
26
40
22
-14
-39
-42
-9
3
-10
-12
-13
-21
-44
-64
-48
-17
5
-10
-13
-27
-44
-16
-5
5
17
19
14
-2
0
17
10
-37
-125
-166
-156
-227
-371
-398
-178
-42
-181
-405
-502
-416
-331
-256
-199
-195
-234
-298
-355
-374
-187
16
77
7
-97
-55
38
119
129
172
242
277
273
208
233
279
266
194
154
244
328
343
230
111
96
96
98
112
121
60
7
8
-34
-80
-13
88
67
-18
-64
-42
5
31
54
42
4
1
10
-21
-39
17
66
54
29
51
95
109
83
71
87
96
120
112
105
108
114
126
111
122
139
113
22
-70
-45
23
61
32
-28
-70
-130
-197
-220
-151
-40
12
-80
-211
-226
-172
-128
-103
-74
-54
-49
-81
-127
-89
2
20
-40
-87
-58
-23
-34
-37
-12
52
82
39
-2
-5
21
50
61
75
90
77
22
-20
-14
20
46
30
27
61
96
90
58
49
98
127
85
56
65
92
88
63
72
94
91
76
51
26
-70
-118
-85
-169
-324
-347
-86
-10
-295
-540
-487
-280
-228
-221
-257
-305
-353
-384
-326
-254
-70
-15
-131
-253
-286
-111
44
114
103
80
100
92
97
129
236
359
342
222
165
241
316
282
223
274
335
289
223
188
179
165
158
127
70
60
102
108
38
21
69
98
45
-5
-3
-17
-23
-17
13
34
37
27
-47
-105
-71
32
66
10
-20
-51
-76
-88
-50
34
63
48
31
35
47
44
68
76
56
91
108
46
-43
-44
28
3
-70
-96
-88
-75
-79
-80
-102
-148
-186
-209
-189
-137
-122
-158
-183
-173
-167
-161
-125
-117
-100
-79
-97
-117
-87
2
19
14
37
18
2
29
80
123
139
122
57
27
71
120
140
142
135
105
59
24
44
73
82
74
64
75
53
25
28
27
34
60
101
103
52
29
24
14
30
97
137
90
32
19
33
64
105
65
-25
-119
-251
-332
-230
57
64
-285
-557
-496
-251
-202
-221
-261
-307
-326
-370
-328
-248
-112
-74
-160
-193
-184
-108
-41
0
15
90
186
124
28
67
243
347
286
203
199
267
318
331
320
326
317
180
93
176
283
283
190
85
21
32
96
127
76
55
69
30
-36
-51
-6
-35
-84
-78
-42
-8
-59
-116
-136
-101
-47
-21
-33
-73
-93
-79
-20
30
58
57
6
-46
-22
45
74
70
65
53
18
4
34
38
14
31
60
58
22
-30
-83
-40
107
111
-9
-106
-134
-86
-42
-3
-36
-94
-126
-187
-229
-154
0
-32
-141
-187
-196
-167
-129
-67
-59
-5
13
-90
-120
-27
83
95
85
76
41
27
71
126
150
171
152
56
30
100
143
129
68
65
77
75
68
33
50
72
28
-23
3
54
28
-4
12
8
10
26
44
34
-3
-16
1
29
72
109
89
67
56
40
52
94
109
61
28
-50
-242
-402
-238
112
31
-375
-614
-443
-212
-236
-282
-318
-318
-366
-434
-356
-225
-54
-40
-172
-237
-196
-69
-9
8
30
132
177
38
-44
57
256
323
186
51
87
219
267
245
269
304
249
124
107
212
283
281
212
90
44
100
151
137
82
95
101
34
-25
44
99
45
16
23
48
35
-24
-36
-25
-4
57
47
-28
-71
-57
-33
-17
12
18
2
-55
-75
-7
50
70
69
43
29
37
41
60
91
94
98
97
51
-3
-14
-13
26
124
98
-42
-146
-141
-86
-48
-44
-83
-143
-196
-178
-203
-221
-121
-62
-114
-187
-198
-190
-162
-85
-16
-36
-127
-160
-162
-106
10
63
26
-67
-96
-39
28
57
75
111
117
64
11
51
110
119
99
96
114
88
30
9
53
75
60
38
21
11
-14
16
35
20
36
53
40
26
34
55
82
67
36
46
75
74
24
11
48
43
16
44
83
36
-16
-73
-106
-136
-227
-298
-161
146
30
-395
-569
-332
-41
-92
-195
-249
-271
-294
-326
-246
-153
-13
-37
-223
-275
-185
-29
25
36
50
117
126
5
-9
144
369
401
212
75
130
256
302
324
366
352
242
109
109
237
339
341
236
81
44
106
126
113
123
160
116
-20
-76
17
71
-7
-44
-49
-81
-110
-140
-146
-126
-72
-53
-128
-213
-199
-96
-77
-71
-30
-34
-66
-142
-121
6
84
78
29
-9
-17
13
35
66
96
77
40
14
-17
4
90
116
83
59
36
-47
-111
-41
136
164
-3
-98
-113
-86
-69
-63
-86
-85
-66
-149
-201
-148
-48
-77
-164
-156
-128
-106
-102
-65
-46
10
49
-66
-99
2
74
62
44
62
61
41
27
41
99
127
47
-25
26
137
136
41
28
47
44
35
41
76
103
64
-30
-24
25
84
110
33
9
18
2
-21
-12
47
81
69
14
-6
49
64
52
40
64
119
57
-22
-14
44
67
47
25
-33
-85
-184
-311
-285
-48
163
-68
-487
-552
-279
-57
-118
-197
-253
-273
-298
-326
-199
-56
34
-66
-225
-221
-120
-26
-7
14
42
79
42
-63
-14
216
362
258
83
39
140
211
239
312
336
262
119
37
120
264
343
267
125
31
31
100
112
114
150
119
5
-89
-29
94
97
22
-8
5
-39
-84
-66
-11
27
20
-43
-131
-145
-71
-16
-32
-28
-8
-39
-107
-112
-38
58
108
53
4
0
14
45
78
143
158
91
25
10
72
99
118
110
35
30
-2
-65
-63
52
116
-8
-126
-145
-84
-60
-59
-64
-109
-126
-182
-238
-214
-111
-43
-116
-215
-231
-205
-172
-90
-43
-66
-116
-180
-185
-84
54
77
-7
-70
-45
12
50
93
114
92
46
-1
2
97
191
160
73
29
46
68
99
139
160
133
28
-31
12
100
153
120
62
22
2
17
68
108
126
102
14
-44
-18
66
103
54
-19
-48
-24
-34
-30
0
-13
-50
-97
-111
-64
-18
-20
-47
-52
-40
-61
-154
-251
-228
-90
54
1
-260
-390
-254
-79
-73
-135
-171
-215
-256
-228
-98
-12
-9
-79
-162
-156
-50
73
95
58
41
73
67
23
50
177
278
214
81
40
98
172
216
254
258
170
74
41
82
184
249
199
74
-15
2
76
129
151
133
75
-1
-41
24
117
152
112
48
17
-1
21
49
73
75
48
0
-58
-46
-12
27
24
-25
-39
-55
-62
-44
-7
18
10
-59
-103
-99
-75
-18
-3
-3
-39
-78
-81
-74
-47
-14
0
0
-32
-60
-55
-76
-79
-35
30
20
-76
-135
-99
-46
-33
-29
-58
-74
-94
-113
-103
-52
-8
-70
-131
-126
-62
-43
-90
-99
-80
-55
-44
-42
-40
5
43
36
28
30
61
69
59
74
73
64
41
11
56
141
197
168
147
195
219
227
222
219
204
147
83
50
51
55
48
-1
-53
-40
-23
-29
-17
10
12
-7
-24
-45
-46
-62
-80
-87
-106
-98
-94
-103
-105
-96
-67
-61
-60
-30
-6
-15
-35
-36
-28
-5
0
-36
-68
-85
-128
-171
-125
-3
-16
-216
-360
-305
-156
-115
-153
-173
-200
-237
-226
-149
-39
27
2
-57
-104
-71
27
96
107
74
71
74
42
70
186
291
259
128
40
75
139
199
237
183
113
49
13
48
120
183
181
63
-39
-28
35
109
116
95
65
3
-19
25
108
139
107
38
-5
-7
28
93
80
52
45
17
-11
-18
14
46
39
9
-20
-33
-45
-40
-18
8
25
-26
-70
-84
-71
-34
-17
-13
-55
-80
-60
-27
-14
-10
14
1
-22
-30
-23
8
-11
-48
-50
0
31
-41
-85
-22
36
31
11
-26
-45
-8
20
-6
-30
-10
-13
-47
-73
-75
-37
-7
-11
-77
-94
-23
-18
-27
17
38
9
-2
4
9
48
95
68
7
7
15
7
15
37
35
8
-9
-18
-20
12
24
-20
-43
-58
-63
-46
-23
-3
-8
-34
-69
-77
-39
17
30
17
18
5
-9
-2
28
30
11
2
6
9
5
20
21
21
2
-36
-32
-29
-8
0
-16
-10
-3
-9
-43
-21
40
63
53
-6
-73
-117
-136
-132
-101
-114
-208
-275
-253
-137
-57
-46
-63
-95
-109
-77
8
53
56
19
-15
-35
3
130
192
195
147
114
128
140
164
192
223
175
98
56
64
96
132
160
140
65
20
45
80
107
101
82
2
-72
-63
-10
52
56
44
11
-28
-1
42
77
70
42
9
-32
-38
-31
8
2
-43
-56
-57
-41
-20
0
-13
-45
-63
-86
-95
-88
-81
-55
-54
-73
-69
-74
-69
-49
-37
-19
-3
-5
-29
-48
-33
-14
23
47
9
-27
-13
49
89
119
88
17
-13
-6
27
29
41
43
-23
-31
21
50
43
30
11
-17
-12
-22
-48
-69
-58
-37
-76
-107
-98
-54
-17
5
14
-33
-57
-34
-6
16
33
28
-4
-11
2
27
58
83
66
8
-18
-29
-6
37
47
-1
-37
-29
-33
-19
2
4
-18
-40
-34
-5
24
42
37
12
-25
-42
-11
14
29
38
27
13
5
-8
3
13
19
20
20
26
9
6
15
3
-11
-8
-1
4
12
16
11
33
51
43
40
40
51
55
30
-28
-99
-117
-86
-46
-91
-208
-227
-153
-66
-26
-44
-77
-118
-119
-94
-59
-20
-34
-63
-111
-126
-49
42
90
75
39
21
27
51
93
126
107
37
-18
-19
10
68
103
95
50
4
5
5
10
49
67
29
-28
-46
-30
-5
40
69
47
-2
-30
-13
27
70
96
69
30
21
50
82
84
66
55
36
36
52
54
64
46
35
25
3
32
50
64
58
31
27
30
35
-1
-20
5
37
50
30
32
44
42
37
23
27
34
23
9
17
10
-6
4
26
27
5
-14
-46
-56
-51
-44
-63
-87
-83
-87
-104
-96
-80
-74
-61
-60
-70
-73
-80
-65
-45
-43
-41
-51
-68
-64
-39
-8
19
-1
-29
-34
-30
-19
-9
-4
-22
-49
-66
-60
-29
-26
-37
-40
-42
-38
-27
-7
-15
-2
13
-11
-17
-15
19
56
45
31
42
37
13
21
37
44
48
38
36
28
20
39
34
14
28
17
-6
5
4
-4
5
8
-1
-19
-21
-6
2
34
32
17
36
42
38
44
67
68
67
63
53
38
18
17
-8
-53
-67
-71
-73
-95
-120
-108
-86
-72
-74
-73
-74
-78
-51
-32
-31
-41
-37
-34
-56
-30
13
23
17
14
27
26
26
44
37
19
30
29
17
16
29
35
23
18
16
12
12
15
6
-1
16
17
5
-2
-1
22
29
26
19
10
22
43
56
93
93
71
68
66
94
98
85
54
52
66
58
68
72
66
62
47
32
37
41
38
17
-6
-35
-64
-56
-35
-15
-10
-11
-38
-53
-18
3
8
-10
-28
-31
-17
-13
-15
-2
-16
-6
-9
-25
-13
7
8
-30
-44
-30
-13
-10
-29
-40
-46
-40
-52
-74
-58
-59
-84
-94
-106
-86
-71
-78
-70
-64
-56
-45
-52
-45
-23
-27
-21
-23
-30
-29
-16
-5
-6
22
31
22
14
20
40
40
37
30
44
57
56
62
60
50
50
53
57
65
70
61
60
66
82
95
75
65
58
49
47
53
45
20
3
8
14
-11
-23
-26
-15
-10
-14
-14
-13
-7
-27
-36
-43
-46
-58
-66
-45
-41
-38
-40
-38
-53
-40
-25
-47
-35
-37
-20
-14
-30
-34
-51
-43
-30
-36
-54
-61
-64
-79
-82
-82
-70
-87
-117
-140
-134
-79
-58
-37
-41
-52
-40
-29
14
23
-2
-20
-26
-17
9
60
76
71
48
54
97
106
109
101
90
64
60
86
87
85
82
70
61
67
82
83
66
47
32
18
27
47
57
69
74
68
63
58
69
82
76
77
70
48
55
72
77
69
53
30
5
4
-4
-9
9
-13
-27
-20
-37
-21
-23
-41
-48
-66
-65
-65
-78
-86
-88
-97
-77
-58
-63
-61
-69
-61
-57
-53
-46
-49
-59
-48
-30
-33
-18
-12
-5
-1
-4
0
-8
-8
-19
-27
-16
-38
-51
-40
-38
-21
-22
-37
-25
-21
-26
-26
-24
-5
1
-3
7
10
7
4
1
10
15
15
25
29
3
6
24
19
12
27
41
48
61
47
45
44
22
34
44
30
42
39
27
17
7
20
13
2
-2
-10
-6
-1
3
3
6
-7
-25
-17
-23
-19
-22
-31
-28
-47
-37
-26
-38
-35
-25
-25
-32
-30
-31
-20
-6
-8
-16
4
12
1
11
20
45
42
25
26
7
3
16
33
60
59
46
40
30
-7
-8
11
5
14
5
20
23
-2
-18
-23
6
7
0
-4
-12
-9
-3
8
4
-1
0
12
7
-11
-18
-21
-23
-23
-17
-17
-3
0
1
-4
-19
-17
-13
-16
-21
-24
-32
-23
-34
-43
-23
-25
-8
10
-2
-2
-11
-8
-14
0
0
0
0
0
0
0
0
0
0
0
0
0
0
0
0
0
0
0
0
0
0
0
0
0
0
0
0
0
0
0
0
0
0
0
0
0
0
0
0
0
0
0
0
0
0
0
0
0
0
0
0
0
0
0
0
0
0
0
0
0
0
0
0
0
0
0
0
0
0
0
0
0
0
0
0
0
0
0
0
0
0
0
0
0
0
0
0
0
0
0
0
0
0
0
0
0
0
0
0
0
0
0
0
0
0
0
0
0
0
0
0
0
0
0
0
0
0
0
0
0
0
0
0
0
0
0
0
0
0
0
0
0
0
0
0
0
0
0
0
0
0
0
0
0
0
0
0
0
0
0
0
0
0
0
0
0
0
0
0
0
0
0
0
0
0
0
0
0
0
0
0
0
0
0
0
0
0
0
0
0
0
0
0
0
0
0
0
0
0
0
0
0
0
0
0
0
0
0
0
0
0
0
0
0
0
0
0
0
0
0
0
0
0
0
0
0
0
0
0
0
0
0
0
0
0
0
0
0
0
0
0
0
0
0
0
0
0
0
0
0
0
0
0
0
0
0
0
0
0
0
0
0
0
0
0
0
0
0
0
0
0
0
0
0
0
0
0
0
0
0
0
0
0
0
0
0
0
0
0
0
0
0
0
0
0
0
0
0
0
0
0
0
0
0
0
0
0
0
0
0
0
0
0
0
0
0
0
0
0
0
0
0
0
0
0
0
0
0
0
0
0
0
0
0
0
0
0
0
0
0
0
0
0
0
0
0
0
0
0
0
0
0
0
0
0
0
0
0
0
0
0
0
0
0
0
0
0
0
0
0
0
0
0
0
0
0
0
0
0
0
0
0
0
0
0
0
0
0
0
0
0
0
0
0
0
0
0
0
0
0
0
0
0
0
0
0
0
0
0
0
0
0
0
0
0
0
0
0
0
0
0
0
0
0
0
0
0
0
0
0
0
0
0
0
0
0
0
0
0
0
0
0
0
0
0
0
0
0
0
0
0
0
0
0
0
0
0
0
0
0
0
0
0
0
0
0
0
0
0
0
0
0
0
0
0
0
0
0
0
0
0
0
0
0
0
0
0
0
0
0
0
0
0
0
0
0
0
0
0
0
0
0
0
0
0
0
0
0
0
0
0
0
0
0
0
0
0
0
0
0
0
0
0
0
0
0
0
0
0
0
0
0
0
0
0
0
0
0
0
0
0
0
0
0
0
0
0
0
0
0
0
0
0
0
0
0
0
0
0
0
0
0
0
0
0
0
0
0
0
0
0
0
0
0
0
0
0
0
0
0
0
0
0
0
0
0
0
0
0
0
0
0
0
0
0
0
0
0
0
0
0
0
0
0
0
0
0
0
0
0
0
0
0
0
0
0
0
0
0
0
0
0
0
0
0
0
0
0
0
0
0
0
0
0
0
0
0
0
0
0
0
0
0
0
0
0
0
0
0
0
0
0
0
0
0
0
0
0
0
0
0
0
0
0
0
0
0
0
0
0
0
0
0
0
0
0
0
0
0
0
0
0
0
0
0
0
0
0
0
0
0
0
0
0
0
0
0
0
0
0
0
0
0
0
0
0
0
0
0
0
0
0
0
0
0
0
0
0
0
0
0
0
0
0
0
0
0
0
0
0
0
0
0
0
0
0
0
0
0
0
0
0
0
0
0
0
0
0
0
0
0
0
0
0
0
0
0
0
0
0
0
0
0
0
0
0
0
0
0
0
0
0
0
0
0
0
0
0
0
0
0
0
0
0
0
0
0
0
0
0
0
0
0
0
0
0
0
0
0
0
0
0
0
0
0
0
0
0
0
0
0
0
0
0
0
0
0
0
0
0
0
0
0
0
0
0
0
0
0
0
0
0
0
0
0
0
0
0
0
0
0
0
0
0
0
0
0
0
0
0
0
0
0
0
0
0
0
0
0
0
0
0
0
0
0
0
0
0
0
0
0
0
0
0
0
0
0
0
0
0
0
0
0
0
0
0
0
0
0
0
0
0
0
0
0
0
0
0
0
0
0
0
0
0
0
0
0
0
0
0
0
0
0
0
0
0
0
0
0
0
0
0
0
0
0
0
0
0
0
0
0
0
0
0
0
0
0
0
0
0
0
0
0
0
0
0
0
0
0
0
0
0
0
0
0
0
0
0
0
0
0
0
0
0
0
0
0
0
0
0
0
0
0
0
0
0
0
0
0
0
0
0
0
0
0
0
0
0
0
0
0
0
0
0
0
0
0
0
0
0
0
0
0
0
0
0
0
0
0
0
0
0
0
0
0
0
0
0
0
0
0
0
0
0
0
0
0
0
0
0
0
0
0
0
0
0
0
0
0
0
0
0
0
0
0
0
0
0
0
0
0
0
0
0
0
0
0
0
0
0
0
0
0
0
0
0
0
0
0
0
0
0
0
0
0
0
0
0
0
0
0
0
0
0
0
0
0
0
0
0
0
0
0
0
0
0
0
0
0
0
0
0
0
0
0
0
0
0
0
0
0
0
0
0
0
0
0
0
0
0
0
0
0
0
0
0
0
0
0
0
0
0
0
0
0
0
0
0
0
0
0
0
0
0
0
0
0
0
0
0
0
0
0
0
0
0
0
0
0
0
0
0
0
0
0
0
0
0
0
0
0
0
0
0
0
0
0
0
0
0
0
0
0
0
0
0
0
0
0
0
0
0
0
0
0
0
0
0
0
0
0
0
0
0
0
0
0
0
0
0
0
0
0
0
0
0
0
0
0
0
0
0
0
0
0
0
0
0
0
0
0
0
0
0
0
0
0
0
0
0
0
0
0
0
0
0
0
0
0
0
0
0
0
0
0
0
0
0
0
0
0
0
0
0
0
