20
19
9
-3
-14
-24
-33
-37
-31
-18
-3
17
20
0
-30
-55
-51
-21
21
60
68
46
10
-17
-25
-10
11
20
17
7
-13
-28
-30
-26
-17
-11
-6
4
9
6
0
8
24
24
22
19
6
-7
-10
-8
-10
2
19
21
8
-11
-30
-44
-40
-13
33
73
75
44
-5
-56
-72
-41
15
64
69
38
-4
-51
-84
-81
-49
-13
15
30
39
35
8
-31
-60
-66
-32
32
95
134
118
43
-54
-125
-133
-79
17
96
113
81
17
-56
-115
-132
-79
14
82
102
81
33
-24
-81
-104
-66
17
94
118
86
32
-24
-70
-79
-51
1
50
74
82
57
6
-38
-61
-48
-20
14
53
70
61
24
-30
-67
-84
-74
-27
28
62
53
9
-34
-61
-59
-36
-1
34
55
51
29
6
-20
-44
-54
-39
-8
27
57
56
17
-33
-81
-104
-86
-36
26
74
90
74
20
-44
-89
-93
-50
9
75
118
109
61
-8
-68
-102
-100
-60
-8
32
61
57
30
0
-31
-59
-75
-53
7
68
101
88
32
-38
-78
-67
-18
27
46
31
-10
-46
-50
-30
-4
6
0
-8
-7
17
48
68
56
10
-30
-48
-40
6
76
120
96
25
-46
-95
-100
-60
-2
53
74
64
38
3
-27
-61
-77
-52
3
68
115
114
54
-51
-131
-133
-61
51
132
144
81
-33
-118
-134
-81
24
118
146
103
10
-85
-133
-127
-59
51
139
149
89
10
-72
-134
-130
-76
-5
67
117
125
73
-22
-122
-179
-163
-95
-3
86
139
135
56
-53
-127
-159
-138
-52
71
168
182
110
-7
-120
-184
-152
-31
102
177
156
64
-30
-87
-98
-75
-37
2
28
53
64
49
9
-67
-144
-144
-61
56
149
162
85
-50
-161
-174
-89
28
117
143
99
17
-63
-83
-45
4
32
26
19
23
21
18
14
3
-14
-21
-7
17
45
48
28
20
-7
-51
-67
-57
-23
24
56
63
38
-4
-53
-81
-62
0
73
96
68
20
-37
-66
-48
-20
9
39
37
20
-6
-47
-66
-56
-24
3
26
54
52
41
11
-67
-80
-30
-17
45
112
113
116
22
-91
-93
-86
-46
11
44
100
84
13
-36
-69
-53
-36
-18
23
40
48
16
-50
-67
-76
-70
-4
51
72
78
33
-40
-79
-67
-7
52
80
70
19
-36
-66
-49
0
28
44
43
3
-44
-70
-56
-13
25
57
56
16
-24
-57
-65
-40
11
61
64
16
-55
-82
-61
-41
9
64
68
67
61
37
14
-18
-61
-82
-57
7
78
114
98
29
-75
-147
-156
-105
-15
70
109
101
43
-41
-88
-88
-27
68
133
134
65
-19
-81
-125
-109
-39
16
48
54
40
24
-11
-31
-40
-61
-55
-6
71
123
126
83
-9
-103
-139
-113
-31
85
161
153
68
-58
-160
-185
-108
30
143
180
140
29
-102
-164
-131
-34
83
158
149
63
-41
-97
-110
-88
-14
43
59
70
57
35
16
2
-3
-18
-39
-40
-37
-19
18
37
28
1
-34
-72
-82
-50
-1
48
54
3
-54
-90
-87
-18
84
157
150
54
-50
-122
-151
-108
-24
51
90
90
65
8
-50
-88
-107
-85
-26
62
134
131
68
-40
-142
-155
-88
-3
74
111
73
-10
-63
-62
-37
2
42
53
30
-1
10
30
27
11
-33
-50
-44
-37
3
44
59
61
31
-1
-7
-25
-33
-39
-47
-10
45
99
131
89
-21
-145
-204
-146
-10
135
233
213
88
-61
-171
-176
-90
13
93
126
104
52
10
-38
-91
-110
-96
-54
5
65
98
87
47
-7
-55
-72
-54
-14
33
63
70
50
15
-21
-60
-70
-24
34
76
82
37
-17
-64
-78
-61
-47
-24
-4
13
35
51
52
27
-44
-120
-140
-89
21
126
170
132
24
-81
-146
-139
-55
53
141
165
99
-24
-129
-184
-166
-54
85
168
168
94
-23
-133
-181
-145
-70
-1
70
107
89
51
-9
-73
-119
-124
-69
16
92
140
144
113
63
-18
-86
-96
-59
-1
60
125
128
60
-27
-117
-154
-117
-33
58
94
86
56
1
-28
-30
-22
0
-5
-18
-1
36
85
92
47
-16
-100
-161
-139
-48
59
140
137
62
-34
-111
-128
-101
-40
30
70
94
84
40
-7
-56
-84
-86
-66
-19
37
80
75
33
-7
-34
-34
-13
11
37
51
42
30
15
-8
-37
-51
-37
-18
2
21
21
-7
-39
-54
-40
11
63
88
83
46
-16
-71
-67
-23
27
79
104
79
27
-38
-98
-114
-91
-46
0
37
73
78
39
-18
-64
-84
-54
16
77
122
129
65
-15
-61
-77
-47
12
51
57
30
-23
-69
-85
-61
-29
-13
13
40
53
51
31
6
-20
-44
-51
-24
21
49
54
58
50
13
-38
-97
-139
-123
-58
12
64
79
40
-26
-73
-101
-86
-38
-8
5
1
-8
-14
2
35
42
22
-24
-58
-57
-20
36
55
42
10
-24
-51
-39
0
23
27
-4
-38
-47
-38
-15
9
24
38
68
78
59
18
-35
-57
-34
36
110
144
139
75
-21
-94
-109
-85
-52
-3
20
15
16
27
24
-16
-57
-85
-88
-34
47
126
165
129
38
-61
-104
-75
11
121
170
145
86
18
-25
-45
-23
12
47
82
87
81
41
-21
-63
-86
-62
2
79
121
91
35
-20
-53
-43
-13
28
55
43
22
5
-6
-19
-46
-64
-81
-76
-38
-19
-10
-18
-59
-105
-133
-128
-98
-51
-6
7
-17
-54
-101
-128
-116
-93
-60
-25
-8
-19
-48
-74
-110
-125
-94
-40
31
85
96
68
11
-37
-57
-41
0
25
31
18
-23
-54
-66
-75
-74
-86
-108
-125
-127
-80
-12
48
99
102
65
48
65
128
218
281
305
255
154
66
18
53
113
134
138
103
44
-27
-125
-191
-224
-241
-226
-182
-118
-83
-126
-207
-260
-114
390
932
1114
1034
788
259
-280
-344
4
363
646
800
563
85
-226
-423
-626
-686
-597
-522
-390
-74
204
243
132
-54
-277
-417
-345
-84
194
341
308
139
-96
-284
-356
-359
-323
-272
-229
-178
-121
-76
-84
-150
-224
-293
-288
-149
27
150
194
129
-28
-174
-225
-218
-179
-84
-22
-28
13
71
27
-30
-28
-48
-70
-17
85
171
238
245
155
78
81
81
43
69
112
46
3
26
59
119
173
186
156
129
94
37
51
114
128
142
156
116
52
-22
-87
-124
-106
-52
-5
70
128
114
71
13
-66
-114
-127
-107
-13
97
180
203
128
11
-111
-183
-158
-69
36
119
132
69
-18
-99
-127
-94
-65
-41
-24
-49
-105
-126
-130
-129
-89
-39
-1
20
17
-10
-46
-47
-20
7
52
83
56
3
-72
-153
-190
-183
-149
-87
-7
42
44
16
-38
-70
-71
-51
8
28
0
-34
-73
-89
-93
-71
-84
-201
-279
-236
-32
494
1153
1449
1327
1019
490
-148
-383
-95
244
484
736
703
285
-105
-338
-657
-956
-934
-765
-585
-185
269
413
284
66
-213
-468
-470
-216
61
262
346
229
-39
-315
-521
-652
-676
-584
-449
-284
-137
-93
-137
-238
-348
-400
-320
-106
97
234
311
238
50
-111
-204
-224
-175
-76
42
101
150
197
154
88
57
50
92
189
339
474
531
530
416
207
85
45
34
96
183
242
253
214
161
82
7
-32
-62
-41
27
91
154
162
115
40
-49
-89
-75
-17
42
58
77
71
11
-41
-64
-71
-60
-36
3
40
61
47
-15
-65
-96
-123
-103
-55
-24
-19
-47
-73
-95
-118
-92
-52
-52
-44
-39
-62
-66
-64
-78
-108
-153
-175
-188
-192
-167
-134
-60
0
-2
-13
-87
-190
-220
-210
-127
-4
63
73
-44
-205
-277
-306
-232
-95
15
99
73
25
45
37
22
-20
-146
-282
-382
-343
-44
594
1445
1849
1595
1178
542
-287
-677
-366
256
691
969
1051
610
-7
-412
-767
-1065
-1102
-852
-491
-101
329
550
360
-5
-304
-519
-567
-329
89
372
388
269
30
-305
-549
-662
-696
-613
-445
-265
-121
-33
-51
-198
-352
-442
-455
-308
-40
170
280
298
228
131
39
-28
-71
-84
-52
-1
100
238
278
227
170
130
128
124
207
373
357
255
261
251
207
229
274
226
91
24
3
-24
79
217
238
207
148
43
-55
-87
-57
-12
43
90
101
124
124
56
-6
-74
-140
-132
-82
-19
25
31
9
-44
-106
-171
-227
-241
-213
-165
-104
-53
-46
-88
-130
-163
-181
-155
-107
-58
-74
-119
-153
-198
-185
-135
-93
-66
-81
-142
-209
-244
-247
-223
-194
-157
-117
-101
-83
-55
-46
-87
-163
-203
-201
-177
-118
-101
-161
-272
-428
-486
-235
436
1392
2163
2338
1960
1254
389
-299
-393
91
677
1021
1118
889
313
-277
-720
-1085
-1337
-1331
-989
-461
136
668
862
648
218
-211
-496
-508
-209
181
381
365
209
-88
-464
-768
-947
-1030
-970
-733
-423
-167
25
69
-91
-299
-434
-453
-308
-33
208
335
362
267
76
-159
-367
-490
-517
-413
-205
53
296
392
344
228
68
-34
2
148
313
427
494
464
311
117
-68
-225
-296
-229
39
378
507
496
372
49
-188
-183
22
335
582
710
594
301
71
-105
-157
-78
-5
93
185
214
209
134
3
-146
-262
-260
-168
-3
166
204
141
16
-121
-172
-170
-132
-62
-46
-67
-79
-108
-143
-209
-284
-320
-322
-250
-134
-34
8
-61
-176
-259
-307
-305
-252
-195
-165
-165
-155
-134
-123
-96
-94
-133
-143
-131
-111
-57
-25
-73
-183
-270
-297
-278
-165
26
131
119
74
-5
-86
-91
-39
26
61
40
-19
-96
-38
242
678
1187
1631
1944
1914
1427
870
482
216
141
351
671
751
599
362
-38
-516
-886
-1104
-1197
-1147
-900
-526
-154
140
325
343
178
-13
-143
-243
-271
-183
-69
-47
-118
-216
-350
-556
-749
-874
-938
-909
-768
-551
-336
-156
-52
-66
-139
-193
-197
-113
45
179
248
245
151
3
-148
-254
-304
-297
-201
-70
77
225
311
326
264
172
94
77
165
288
378
404
347
208
49
-47
-18
167
416
581
524
313
153
26
0
165
363
451
369
216
76
-23
65
208
234
218
132
-8
-98
-126
-100
-58
-26
20
51
75
94
61
5
-82
-173
-167
-97
5
115
151
110
13
-127
-262
-371
-415
-367
-280
-178
-88
-66
-97
-177
-293
-379
-399
-382
-347
-291
-244
-206
-180
-173
-174
-179
-185
-218
-242
-230
-242
-222
-150
-110
-79
-50
-46
-112
-216
-245
-229
-194
-103
-12
19
-5
-61
-88
-31
204
688
1191
1569
1914
2093
1880
1368
927
625
326
251
479
692
730
649
407
-88
-687
-1108
-1309
-1324
-1079
-625
-148
190
344
353
186
-69
-212
-239
-214
-125
4
64
-33
-211
-416
-655
-849
-953
-964
-902
-794
-632
-497
-409
-337
-307
-293
-269
-230
-153
-69
-7
40
45
26
-14
-65
-114
-156
-127
-91
-48
63
170
228
227
195
154
102
103
182
271
339
372
348
270
147
48
-2
-27
-11
98
463
877
907
802
665
248
-112
-170
-2
299
576
750
599
268
70
-151
-282
-245
-232
-166
-37
96
213
279
287
149
-61
-184
-272
-242
-63
51
101
92
8
-69
-167
-234
-241
-242
-227
-200
-167
-131
-137
-185
-244
-289
-305
-294
-258
-228
-225
-244
-266
-267
-294
-323
-289
-244
-202
-123
-35
13
2
-71
-204
-359
-410
-366
-290
-138
-11
44
53
-22
-120
-216
-250
-200
-140
-20
96
114
123
149
270
578
946
1310
1597
1658
1504
1185
854
628
480
448
488
522
536
450
292
52
-311
-694
-999
-1137
-1085
-862
-516
-197
20
142
135
57
-24
-94
-135
-167
-182
-182
-194
-212
-284
-415
-564
-727
-835
-858
-800
-681
-579
-472
-371
-294
-198
-89
13
62
84
100
85
77
107
127
88
30
-21
-57
-64
-26
49
101
146
169
159
183
207
225
266
299
326
314
285
300
318
330
311
258
208
137
101
143
213
285
374
447
443
399
332
221
99
5
-44
-39
28
112
158
165
101
-33
-161
-234
-252
-213
-133
-54
6
59
87
40
-44
-122
-216
-274
-252
-196
-108
7
63
59
25
-58
-171
-266
-330
-382
-397
-346
-270
-190
-126
-121
-166
-227
-293
-316
-281
-222
-157
-99
-36
23
53
38
-22
-99
-189
-289
-339
-306
-252
-207
-195
-237
-301
-331
-286
-182
-4
202
332
400
410
339
226
102
-32
-108
3
323
721
1133
1435
1478
1398
1219
880
616
581
625
597
607
698
640
426
207
-69
-437
-788
-1002
-1064
-1014
-846
-554
-257
-67
41
109
99
0
-84
-142
-210
-243
-214
-187
-219
-296
-409
-582
-773
-891
-917
-878
-780
-641
-490
-352
-234
-130
-47
6
34
68
119
148
143
110
54
-23
-125
-225
-298
-304
-243
-162
-41
98
183
225
260
273
270
284
313
348
366
370
370
324
257
198
179
286
390
438
549
592
504
423
352
261
181
161
169
164
236
304
276
215
83
-113
-260
-303
-253
-144
7
119
127
85
-18
-160
-225
-251
-255
-190
-104
-11
80
115
68
-33
-154
-287
-369
-350
-291
-248
-209
-185
-206
-238
-264
-288
-297
-309
-322
-294
-233
-186
-152
-116
-88
-83
-73
-25
30
60
60
16
-85
-195
-254
-279
-263
-237
-206
-176
-160
-107
-21
73
162
235
280
297
297
281
265
225
113
25
87
223
368
579
860
1128
1194
1039
926
835
613
421
432
566
586
543
536
365
37
-263
-522
-759
-918
-937
-868
-743
-508
-251
-79
5
3
-62
-183
-319
-355
-285
-209
-168
-158
-192
-299
-454
-603
-715
-776
-818
-834
-763
-620
-479
-347
-203
-111
-86
-54
-8
19
49
69
60
55
53
40
18
1
-27
-85
-100
-61
-13
83
216
330
420
488
524
506
474
456
403
333
310
362
538
714
754
757
643
338
65
-70
-81
8
147
288
316
289
253
120
4
-73
-187
-247
-200
-81
62
200
267
202
85
-64
-275
-396
-368
-310
-223
-101
-30
-9
-16
-53
-109
-137
-138
-167
-175
-140
-147
-199
-242
-297
-349
-363
-362
-333
-284
-261
-265
-289
-310
-315
-286
-197
-102
-32
40
77
55
29
0
-60
-94
-90
-87
-91
-94
-103
-135
-168
-177
-162
-106
-22
52
114
170
212
246
263
267
275
314
386
461
544
677
899
1052
1025
966
909
769
561
436
440
433
404
360
243
66
-141
-366
-573
-712
-762
-739
-689
-592
-439
-286
-175
-119
-58
-11
-47
-104
-142
-157
-174
-229
-284
-345
-423
-494
-565
-606
-627
-668
-693
-689
-651
-551
-420
-304
-189
-77
-9
13
40
95
125
134
140
97
53
35
8
-7
21
68
87
96
124
152
166
194
244
300
353
417
511
572
574
543
474
394
343
337
366
402
431
435
389
321
293
260
196
144
90
37
-8
-52
-84
-85
-57
-36
-32
-30
-41
-57
-80
-114
-136
-149
-186
-227
-238
-233
-216
-185
-159
-139
-123
-106
-91
-86
-80
-77
-97
-136
-168
-186
-213
-233
-235
-226
-215
-210
-192
-187
-187
-168
-159
-155
-137
-101
-51
2
54
87
76
37
-24
-100
-148
-171
-172
-143
-99
-55
-3
48
83
122
165
213
254
295
337
339
341
328
282
226
160
99
33
-12
-29
-43
-28
9
57
133
203
250
290
307
293
276
259
230
212
184
149
127
94
65
37
3
-34
-82
-114
-134
-158
-173
-169
-170
-168
-157
-169
-197
-232
-267
-297
-313
-304
-287
-269
-252
-256
-255
-239
-243
-236
-214
-201
-174
-162
-172
-183
-204
-220
-226
-208
-159
-110
-51
17
47
53
57
39
28
35
46
59
75
83
78
85
96
100
125
165
188
216
259
283
318
352
356
361
346
319
282
231
201
154
102
67
17
-26
-54
-75
-60
-34
-2
49
96
134
156
154
144
126
116
110
93
82
61
27
-3
-34
-59
-74
-75
-61
-46
-25
-2
5
20
30
19
10
8
0
-5
2
13
7
-17
-37
-78
-132
-169
-185
-188
-175
-151
-131
-113
-107
-100
-88
-88
-89
-90
-88
-98
-119
-133
-154
-169
-161
-131
-74
-8
40
73
75
57
38
0
-23
-30
-38
-38
-39
-42
-52
-68
-99
-123
-128
-119
-82
-22
46
105
140
145
119
85
53
17
-2
7
20
35
59
88
105
105
87
51
27
12
-16
-33
-26
-26
-34
-36
-43
-63
-80
-98
-110
-101
-77
-34
-1
21
35
30
13
1
10
25
46
66
85
88
60
24
-17
-61
-101
-114
-93
-63
-14
33
54
55
39
22
7
-2
5
28
57
77
95
107
99
83
64
49
42
47
72
103
133
154
162
160
139
103
78
52
23
15
8
4
3
-13
-20
-17
-21
-10
22
52
71
84
83
67
38
10
-20
-47
-66
-86
-89
-94
-91
-77
-74
-68
-67
-63
-54
-51
-45
-36
-30
-33
-25
-12
0
11
5
-7
-32
-69
-100
-127
-138
-135
-119
-101
-72
-37
-14
10
27
29
23
11
2
-16
-30
-35
-52
-63
-68
-64
-38
-9
20
44
63
67
57
50
42
33
28
19
6
-7
-20
-35
-47
-57
-62
-61
-59
-53
-36
-16
5
18
33
50
51
56
60
52
45
35
26
24
37
52
62
76
77
67
43
9
-30
-61
-79
-90
-86
-66
-40
-20
0
10
14
14
8
15
28
53
78
94
102
96
77
43
10
-21
-45
-63
-80
-79
-83
-77
-60
-47
-24
-10
0
5
14
22
32
45
53
54
53
44
34
31
27
33
39
42
51
53
55
56
52
47
43
37
36
37
30
13
-9
-38
-71
-94
-102
-94
-70
-37
-4
22
45
55
57
56
47
38
23
10
2
-6
-11
-23
-42
-66
-86
-103
-104
-90
-65
-33
-3
22
28
30
22
9
6
5
11
25
28
21
13
-5
-33
-55
-75
-84
-85
-80
-67
-51
-36
-27
-20
-18
-15
-11
-5
10
19
37
53
61
59
49
40
26
24
21
21
28
30
27
20
10
-1
-8
-15
-15
-8
0
7
13
18
14
8
7
0
-1
4
7
17
16
6
-6
-27
-45
-51
-53
-45
-24
-6
20
37
47
57
41
27
13
-9
-18
-25
-27
-21
-24
-31
-37
-45
-48
-45
-30
-6
13
33
44
40
32
16
5
2
-1
4
10
16
16
7
-3
-12
-18
-18
-7
13
38
63
78
87
81
64
44
23
12
8
9
17
19
20
15
8
8
2
0
3
5
6
12
15
19
21
10
1
-15
-33
-43
-51
-52
-53
-51
-47
-47
-43
-38
-34
-28
-27
-27
-23
-17
-10
-3
1
2
2
-8
-15
-15
-22
-22
-27
-34
-36
-46
-50
-47
-40
-28
-17
-8
4
16
21
27
37
39
36
29
23
14
1
-2
-12
-20
-24
-34
-35
-38
-31
-17
0
20
32
41
44
42
46
45
49
51
50
51
43
34
18
4
-16
-36
-47
-52
-34
-20
4
33
44
54
51
41
31
20
23
23
23
31
31
27
15
-2
-21
-44
-60
-64
-58
-43
-19
7
24
33
35
23
10
1
0
2
8
20
27
27
18
9
-8
-28
-44
-61
-62
-60
-50
-30
-16
-4
6
10
12
15
14
18
21
17
20
13
0
-13
-31
-45
-50
-52
-44
-30
-21
-7
5
12
21
23
26
24
20
21
19
20
17
11
4
-8
-18
-26
-28
-27
-19
-13
-5
7
18
29
35
36
27
20
7
-4
-8
-14
-16
-17
-16
-15
-20
-19
-23
-26
-24
-23
-12
0
17
30
39
46
41
38
26
15
5
-9
-19
-27
-30
-32
-23
-17
-13
-7
-5
2
5
10
18
25
28
27
24
17
11
0
-10
-21
-33
-41
-51
-51
-44
-36
-16
-3
10
21
24
30
30
31
35
28
23
23
11
7
6
-1
-3
-13
-19
-24
-28
-19
-13
1
21
32
45
54
54
54
50
46
42
36
32
22
13
-3
-23
-35
-51
-58
-54
-53
-43
-38
-34
-23
-22
-10
3
9
18
15
10
4
-4
-8
-7
-4
3
7
0
-7
-21
-32
-35
-37
-24
-12
1
10
13
17
10
11
11
10
17
19
22
20
13
7
-6
-18
-30
-36
-33
-24
-13
0
13
22
30
29
29
28
24
20
16
10
8
2
-10
-14
-24
-28
-30
-36
-27
-21
-10
3
14
28
34
37
33
25
15
6
0
-10
-15
-20
-27
-34
-37
-35
-36
-30
-24
-11
1
12
24
30
38
40
36
34
24
15
5
-7
-17
-25
-30
-34
-31
-21
-11
2
12
22
30
37
40
38
40
36
31
24
9
0
-13
-28
-36
-46
-44
-42
-37
-20
-8
5
13
20
27
30
33
31
29
24
18
7
-4
-11
-21
-29
-37
-43
-41
-38
-33
-24
-11
3
13
23
28
29
30
27
17
12
5
-4
-10
-19
-27
-33
-36
-34
-32
-26
-20
-12
-3
0
8
17
18
26
31
28
30
22
12
8
-4
-8
-13
-20
-17
-19
-16
-10
-6
-3
3
6
6
10
9
13
14
16
23
20
24
17
14
10
-3
-8
-21
-25
-28
-31
-24
-22
-13
-6
-3
0
2
6
10
16
16
18
19
13
16
4
-3
-8
-14
-10
-15
-10
-11
-12
-9
-12
-5
5
15
27
32
35
32
22
16
9
5
0
-4
-4
-7
-8
-11
-14
-12
-13
-9
-6
0
10
15
23
26
31
33
26
20
12
2
-8
-23
-33
-34
-36
-31
-23
-15
-10
-9
-5
-1
0
6
10
13
15
15
13
1
-10
-19
-31
-40
-43
-38
-36
-24
-18
-12
0
-2
7
13
15
22
20
21
20
16
12
9
3
-4
-12
-23
-27
-30
-29
-22
-13
0
8
17
30
30
36
35
27
27
19
14
13
8
8
4
0
-6
-14
-18
-21
-22
-17
-10
-2
10
16
23
26
20
20
13
7
4
-4
-7
-8
-9
-7
-9
-13
-13
-20
-23
-22
-20
-12
-7
4
13
18
24
24
20
18
13
7
3
0
-1
-8
-12
-14
-20
-23
-24
-23
-19
-13
-6
3
11
15
21
20
22
21
19
17
10
10
7
3
0
-6
-13
-19
-24
-26
-20
-12
-3
9
17
21
23
18
15
12
5
5
4
6
6
1
1
-9
-17
-21
-28
-26
-22
-17
-6
0
7
10
8
3
-3
-5
-7
-8
-9
-5
-5
-2
0
-4
-4
-8
-4
0
-3
5
6
9
12
6
5
0
-5
-5
-9
-10
-10
-12
-9
-7
-5
-1
2
3
1
1
8
14
15
23
35
40
39
32
28
28
26
20
17
16
11
3
-6
-9
-16
-21
-21
-30
-37
-39
-44
-47
-48
-45
-44
-45
-41
-38
-34
-24
-17
-14
-10
-7
5
14
22
37
44
56
55
49
49
44
41
38
37
36
31
26
22
13
1
-4
-8
-15
-19
-25
-23
-20
-15
-10
-6
-1
0
-3
-8
-6
-4
-2
0
-1
-3
-8
-7
-8
-11
-9
-3
0
0
6
11
17
18
15
16
12
8
5
-1
-1
-2
-11
-21
-31
-34
-36
-39
-37
-38
-37
-34
-30
-23
-18
-10
-3
1
4
7
24
38
31
16
11
7
10
24
37
50
44
29
16
0
10
26
31
30
21
18
9
-4
7
13
11
6
-10
-20
-27
-24
-19
-18
-14
-10
-13
-28
-30
-27
-27
-25
-22
-11
-2
-3
-6
-8
-8
-5
0
13
18
20
18
11
10
8
13
18
17
15
9
3
-2
-7
-14
-10
-9
-8
-3
-7
-11
-17
-20
-19
-17
-16
-14
-13
-17
-17
-10
1
8
14
11
4
0
1
11
14
22
27
23
17
11
14
12
15
12
11
15
8
13
15
8
10
6
5
3
-3
4
2
-2
4
5
4
-3
-5
-5
-7
-5
2
10
9
8
3
-5
-4
-1
3
1
0
-1
-6
-7
-10
-18
-22
-20
-21
-20
-17
-20
-24
-28
-26
-19
-13
-10
-13
-18
-21
-26
-23
-19
-16
-17
-19
-19
-20
-16
-13
-12
-10
-8
-1
7
15
25
31
33
38
40
37
31
28
32
30
34
40
41
37
27
20
17
16
16
18
21
24
23
17
16
17
10
5
4
3
6
3
2
1
-9
-15
-17
-22
-24
-23
-23
-23
-26
-27
-27
-27
-26
-30
-36
-34
-36
-35
-28
-21
-12
-16
-20
-12
-8
-5
-4
-4
1
-2
-3
-3
-5
-1
-3
-6
-9
-14
-14
-14
-24
-26
-20
-28
-39
-51
-67
-74
-79
-90
-94
-102
-116
-126
-140
-139
-133
-141
-155
-170
-179
-149
-57
36
58
53
97
144
152
211
366
511
543
550
601
627
615
634
688
714
697
664
597
482
381
304
222
152
100
21
-131
-294
-402
-486
-566
-611
-640
-698
-782
-856
-882
-877
-863
-836
-801
-762
-720
-667
-611
-535
-429
-321
-221
-130
-33
57
121
192
289
384
448
485
512
521
513
501
496
493
475
434
374
316
256
192
137
93
51
2
-46
-102
-148
-176
-207
-222
-226
-219
-223
-248
-233
-156
-123
-155
-137
-61
9
51
97
150
182
200
235
287
334
380
393
383
383
373
348
309
288
275
232
181
137
90
22
-64
-113
-125
-160
-209
-254
-296
-310
-321
-332
-311
-294
-312
-322
-300
-270
-232
-196
-169
-143
-114
-96
-90
-61
-24
-9
2
9
6
-3
-24
-51
-64
-71
-102
-136
-169
-220
-269
-293
-295
-298
-300
-309
-341
-346
-325
-314
-270
-83
156
205
135
165
293
399
510
735
960
1013
982
1003
1044
1082
1152
1228
1235
1179
1095
956
787
675
613
518
392
269
89
-178
-425
-564
-638
-723
-818
-923
-1059
-1193
-1291
-1318
-1284
-1237
-1198
-1181
-1159
-1120
-1059
-966
-850
-699
-547
-453
-385
-295
-190
-80
51
187
288
334
345
363
402
469
543
577
580
560
502
444
418
406
385
350
324
287
210
131
86
53
21
-2
-25
-61
-100
-128
-156
-166
-135
-112
-110
-109
-96
-81
-56
0
61
107
141
172
197
212
264
367
459
476
438
415
426
460
517
566
556
483
401
353
335
326
307
253
158
40
-65
-129
-172
-200
-239
-311
-395
-472
-539
-589
-583
-547
-539
-537
-544
-565
-571
-534
-451
-371
-310
-292
-302
-281
-228
-160
-87
-28
11
36
38
30
37
61
83
90
89
58
9
-35
-72
-92
-109
-150
-215
-269
-303
-327
-314
-288
-300
-332
-339
-344
-309
-102
165
238
158
150
268
419
581
828
1058
1110
1077
1092
1172
1254
1324
1427
1482
1428
1299
1124
957
850
795
734
608
449
222
-113
-402
-546
-620
-705
-830
-1018
-1224
-1391
-1499
-1517
-1466
-1415
-1421
-1468
-1481
-1454
-1398
-1270
-1096
-927
-792
-738
-676
-550
-409
-244
-67
86
191
242
286
355
442
564
673
697
685
680
655
624
621
643
659
617
528
452
384
315
271
260
248
183
88
17
-48
-103
-112
-106
-110
-114
-130
-167
-183
-150
-105
-66
-16
50
89
79
83
147
252
347
399
433
443
427
443
495
550
576
563
523
470
432
399
368
349
320
255
163
70
-7
-70
-120
-144
-174
-239
-324
-403
-449
-471
-473
-469
-487
-512
-549
-569
-546
-516
-495
-483
-478
-467
-454
-439
-406
-352
-300
-271
-254
-251
-254
-231
-189
-146
-127
-121
-128
-166
-192
-180
-149
-127
-139
-181
-226
-253
-245
-208
-162
-116
-114
-150
-166
-142
-98
23
288
486
430
303
330
499
671
852
1074
1198
1161
1074
1084
1211
1329
1401
1438
1400
1261
1069
929
866
836
780
641
439
215
-61
-338
-487
-540
-619
-759
-963
-1183
-1355
-1471
-1506
-1471
-1443
-1475
-1552
-1597
-1561
-1473
-1352
-1203
-1072
-976
-883
-786
-668
-489
-298
-119
45
169
259
322
395
515
645
758
816
812
785
757
743
762
797
786
723
617
511
452
398
356
354
325
251
152
61
13
-17
-4
32
37
22
-23
-59
-54
-2
69
103
123
178
197
134
143
258
340
351
347
363
355
314
298
304
338
352
295
254
199
107
38
0
3
-26
-123
-216
-302
-364
-382
-421
-438
-438
-530
-605
-604
-597
-560
-537
-530
-507
-503
-495
-465
-426
-354
-308
-290
-231
-208
-217
-179
-141
-102
-46
-25
-18
-12
-30
-50
-57
-50
-40
-58
-94
-122
-147
-163
-178
-212
-234
-249
-269
-254
-230
-230
-230
-239
-237
-189
-125
5
228
335
265
241
364
540
673
881
1142
1204
1170
1216
1316
1440
1526
1607
1666
1593
1465
1356
1254
1175
1090
995
861
616
361
127
-132
-281
-371
-559
-763
-982
-1229
-1400
-1504
-1539
-1552
-1618
-1677
-1744
-1795
-1754
-1672
-1561
-1430
-1329
-1245
-1152
-1058
-905
-683
-497
-361
-229
-126
-43
65
211
352
443
515
573
598
612
637
659
684
708
680
653
648
587
542
535
502
460
390
321
299
281
257
240
207
176
136
82
96
129
117
138
148
114
88
54
59
96
140
315
388
196
63
74
188
332
387
398
307
149
89
123
257
341
252
150
37
-74
-84
-64
-43
-65
-175
-238
-282
-326
-296
-333
-338
-262
-340
-401
-397
-456
-391
-303
-303
-245
-271
-361
-354
-319
-217
-150
-192
-161
-185
-258
-184
-144
-140
-74
-113
-155
-132
-167
-161
-124
-115
-97
-134
-163
-137
-169
-168
-98
-89
-85
-109
-196
-187
-135
-106
-55
-48
-57
-57
-84
-89
-50
77
321
463
370
275
370
515
581
720
1010
1144
989
904
1032
1142
1149
1218
1344
1290
1085
967
941
876
790
729
640
438
198
18
-179
-324
-351
-446
-669
-879
-1043
-1214
-1323
-1315
-1276
-1340
-1440
-1484
-1536
-1544
-1461
-1350
-1245
-1173
-1121
-1068
-1012
-900
-719
-545
-407
-294
-219
-160
-73
65
217
322
398
450
449
460
508
574
637
673
684
643
601
588
597
638
646
616
581
543
500
472
457
449
431
390
330
249
273
371
289
153
155
202
213
180
197
227
154
113
140
168
208
167
117
154
140
99
100
81
61
28
-24
-23
-40
-77
-103
-147
-116
-136
-230
-216
-235
-295
-266
-277
-322
-323
-344
-342
-321
-308
-273
-302
-324
-288
-280
-243
-206
-211
-193
-200
-232
-195
-149
-141
-129
-123
-135
-170
-184
-133
-102
-119
-135
-154
-159
-158
-171
-162
-136
-137
-162
-179
-168
-139
-114
-112
-88
-44
-56
-77
-63
-16
49
105
147
151
132
124
156
239
385
513
502
443
459
544
574
582
726
828
776
740
742
765
744
728
804
802
716
603
483
425
383
317
261
182
36
-133
-291
-377
-392
-462
-576
-674
-775
-874
-959
-975
-957
-988
-1011
-1028
-1062
-1037
-964
-918
-856
-751
-688
-677
-621
-520
-424
-314
-195
-98
-33
26
76
139
253
335
349
404
481
491
489
510
544
585
578
558
558
540
517
494
475
468
430
433
427
296
246
285
245
217
210
188
144
66
58
56
60
96
28
-21
-20
-77
-72
-36
-63
-89
-129
-152
-151
-170
-135
-138
-198
-163
-196
-259
-186
-192
-200
-149
-204
-201
-165
-201
-159
-118
-97
-62
-103
-80
-24
-48
6
58
44
88
74
30
88
102
92
111
95
99
83
45
50
19
-10
-10
-43
-46
-61
-133
-149
-142
-165
-175
-185
-195
-205
-228
-233
-240
-221
-174
-168
-165
-165
-176
-145
-103
-71
-28
2
13
28
51
83
94
109
165
193
201
225
226
234
252
267
311
349
359
368
375
362
328
324
391
442
420
384
344
293
271
282
295
290
247
170
103
65
23
-11
-28
-61
-122
-207
-281
-342
-393
-404
-423
-457
-480
-536
-598
-615
-598
-568
-538
-529
-537
-539
-516
-472
-419
-349
-286
-261
-232
-192
-159
-86
4
62
116
168
197
208
247
301
351
412
423
382
370
380
378
373
369
351
310
274
254
227
219
203
156
125
97
65
41
38
37
15
-22
-49
-61
-60
-49
-58
-58
-40
-74
-105
-82
-53
-16
-7
-37
-51
-63
-66
-42
-16
1
-9
-39
-50
-52
-52
-41
-47
-52
-35
-38
-68
-83
-65
-54
-48
-21
-3
-20
-33
-20
-5
21
41
47
62
64
50
64
93
100
95
89
78
80
85
77
74
64
35
22
24
30
24
-11
-34
-44
-51
-43
-54
-80
-99
-119
-128
-123
-118
-127
-147
-171
-178
-164
-142
-122
-127
-146
-155
-148
-112
-80
-72
-67
-56
-51
-35
-5
33
58
54
60
78
106
126
126
133
135
141
154
157
166
173
168
154
148
152
169
158
119
116
103
79
92
77
40
19
-13
-36
-44
-51
-61
-90
-102
-115
-124
-113
-121
-114
-112
-121
-107
-103
-91
-76
-73
-57
-41
-34
-18
1
-7
11
36
36
59
58
51
43
27
51
60
53
48
17
11
32
22
17
13
-9
-13
-19
-14
-6
-19
-15
-22
-30
-17
-24
-30
-23
-19
-15
1
12
15
14
3
11
21
30
29
10
7
-7
-20
-8
-5
-10
-31
-54
-71
-84
-84
-80
-73
-75
-87
-97
-91
-82
-67
-45
-44
-46
-44
-33
-13
9
33
54
69
76
88
112
131
151
161
164
170
168
173
194
204
193
170
150
145
147
141
133
113
78
55
44
29
10
-17
-37
-66
-100
-111
-119
-130
-147
-168
-176
-176
-184
-186
-189
-187
-168
-156
-138
-132
-135
-127
-117
-89
-65
-51
-31
-28
-26
-16
-11
9
32
35
36
28
18
30
32
32
46
47
34
10
-8
5
23
36
51
39
23
21
11
21
40
44
51
42
30
22
18
39
50
49
47
28
23
23
23
45
56
49
42
19
5
14
13
14
13
0
-13
-26
-38
-38
-34
-30
-29
-37
-40
-42
-51
-43
-32
-34
-34
-34
-30
-30
-31
-20
-15
-15
-9
-13
-14
-7
-7
-5
-3
-1
3
6
9
13
13
10
14
14
12
24
27
28
33
29
37
33
26
40
36
27
27
19
20
20
18
24
20
11
12
13
17
18
9
11
11
4
11
17
18
17
8
4
1
-2
10
18
18
19
16
21
29
30
41
46
46
52
53
51
50
43
38
39
30
28
25
7
-2
-10
-22
-26
-42
-59
-70
-85
-87
-90
-96
-97
-106
-109
-114
-119
-119
-118
-115
-112
-105
-98
-91
-85
-75
-57
-43
-34
-24
-13
0
13
27
44
51
55
48
40
47
50
54
52
50
40
27
28
27
34
31
27
32
22
26
22
15
21
21
21
24
18
17
27
26
27
28
28
29
19
22
28
33
39
32
30
31
24
30
28
31
39
28
24
21
15
18
14
10
11
5
-2
-11
-15
-9
-7
-4
-3
-8
-16
-22
-20
-17
-10
-7
-7
-17
-27
-29
-28
-24
-17
-10
-14
0
0
0
0
0
0
0
0
0
0
0
0
0
0
0
0
0
0
0
0
0
0
0
0
0
0
0
0
0
0
0
0
0
0
0
0
0
0
0
0
0
0
0
0
0
0
0
0
0
0
0
0
0
0
0
0
0
0
0
0
0
0
0
0
0
0
0
0
0
0
0
0
0
0
0
0
0
0
0
0
0
0
0
0
0
0
0
0
0
0
0
0
0
0
0
0
0
0
0
0
0
0
0
0
0
0
0
0
0
0
0
0
0
0
0
0
0
0
0
0
0
0
0
0
0
0
0
0
0
0
0
0
0
0
0
0
0
0
0
0
0
0
0
0
0
0
0
0
0
0
0
0
0
0
0
0
0
0
0
0
0
0
0
0
0
0
0
0
0
0
0
0
0
0
0
0
0
0
0
0
0
0
0
0
0
0
0
0
0
0
0
0
0
0
0
0
0
0
0
0
0
0
0
0
0
0
0
0
0
0
0
0
0
0
0
0
0
0
0
0
0
0
0
0
0
0
0
0
0
0
0
0
0
0
0
0
0
0
0
0
0
0
0
0
0
0
0
0
0
0
0
0
0
0
0
0
0
0
0
0
0
0
0
0
0
0
0
0
0
0
0
0
0
0
0
0
0
0
0
0
0
0
0
0
0
0
0
0
0
0
0
0
0
0
0
0
0
0
0
0
0
0
0
0
0
0
0
0
0
0
0
0
0
0
0
0
0
0
0
0
0
0
0
0
0
0
0
0
0
0
0
0
0
0
0
0
0
0
0
0
0
0
0
0
0
0
0
0
0
0
0
0
0
0
0
0
0
0
0
0
0
0
0
0
0
0
0
0
0
0
0
0
0
0
0
0
0
0
0
0
0
0
0
0
0
0
0
0
0
0
0
0
0
0
0
0
0
0
0
0
0
0
0
0
0
0
0
0
0
0
0
0
0
0
0
0
0
0
0
0
0
0
0
0
0
0
0
0
0
0
0
0
0
0
0
0
0
0
0
0
0
0
0
0
0
0
0
0
0
0
0
0
0
0
0
0
0
0
0
0
0
0
0
0
0
0
0
0
0
0
0
0
0
0
0
0
0
0
0
0
0
0
0
0
0
0
0
0
0
0
0
0
0
0
0
0
0
0
0
0
0
0
0
0
0
0
0
0
0
0
0
0
0
0
0
0
0
0
0
0
0
0
0
0
0
0
0
0
0
0
0
0
0
0
0
0
0
0
0
0
0
0
0
0
0
0
0
0
0
0
0
0
0
0
0
0
0
0
0
0
0
0
0
0
0
0
0
0
0
0
0
0
0
0
0
0
0
0
0
0
0
0
0
0
0
0
0
0
0
0
0
0
0
0
0
0
0
0
0
0
0
0
0
0
0
0
0
0
0
0
0
0
0
0
0
0
0
0
0
0
0
0
0
0
0
0
0
0
0
0
0
0
0
0
0
0
0
0
0
0
0
0
0
0
0
0
0
0
0
0
0
0
0
0
0
0
0
0
0
0
0
0
0
0
0
0
0
0
0
0
0
0
0
0
0
0
0
0
0
0
0
0
0
0
0
0
0
0
0
0
0
0
0
0
0
0
0
0
0
0
0
0
0
0
0
0
0
0
0
0
0
0
0
0
0
0
0
0
0
0
0
0
0
0
0
0
0
0
0
0
0
0
0
0
0
0
0
0
0
0
0
0
0
0
0
0
0
0
0
0
0
0
0
0
0
0
0
0
0
0
0
0
0
0
0
0
0
0
0
0
0
0
0
0
0
0
0
0
0
0
0
0
0
0
0
0
0
0
0
0
0
0
0
0
0
0
0
0
0
0
0
0
0
0
0
0
0
0
0
0
0
0
0
0
0
0
0
0
0
0
0
0
0
0
0
0
0
0
0
0
0
0
0
0
0
0
0
0
0
0
0
0
0
0
0
0
0
0
0
0
0
0
0
0
0
0
0
0
0
0
0
0
0
0
0
0
0
0
0
0
0
0
0
0
0
0
0
0
0
0
0
0
0
0
0
0
0
0
0
0
0
0
0
0
0
0
0
0
0
0
0
0
0
0
0
0
0
0
0
0
0
0
0
0
0
0
0
0
0
0
0
0
0
0
0
0
0
0
0
0
0
0
0
0
0
0
0
0
0
0
0
0
0
0
0
0
0
0
0
0
0
0
0
0
0
0
0
0
0
0
0
0
0
0
0
0
0
0
0
0
0
0
0
0
0
0
0
0
0
0
0
0
0
0
0
0
0
0
0
0
0
0
0
0
0
0
0
0
0
0
0
0
0
0
0
0
0
0
0
0
0
0
0
0
0
0
0
0
0
0
0
0
0
0
0
0
0
0
0
0
0
0
0
0
0
0
0
0
0
0
0
0
0
0
0
0
0
0
0
0
0
0
0
0
0
0
0
0
0
0
0
0
0
0
0
0
0
0
0
0
0
0
0
0
0
0
0
0
0
0
0
0
0
0
0
0
0
0
0
0
0
0
0
0
0
0
0
0
0
0
0
0
0
0
0
0
0
0
0
0
0
0
0
0
0
0
0
0
0
0
0
0
0
0
0
0
0
0
0
0
0
0
0
0
0
0
0
0
0
0
0
0
0
0
0
0
0
0
0
0
0
0
0
0
0
0
0
0
0
0
0
0
0
0
0
0
0
0
0
0
0
0
0
0
0
0
0
0
0
0
0
0
0
0
0
0
0
0
0
0
0
0
0
0
0
0
0
0
0
0
0
0
0
0
0
0
0
0
0
0
0
0
0
0
0
0
0
0
0
0
0
0
0
0
0
0
0
0
0
0
0
0
0
0
0
0
0
0
0
0
0
0
0
0
0
0
0
0
0
0
0
0
0
0
0
0
0
0
0
0
0
0
0
0
0
0
0
0
0
0
0
0
0
0
0
0
0
0
0
0
0
0
0
0
0
0
0
0
0
0
0
0
0
0
0
0
0
0
0
0
0
0
0
0
0
0
0
0
0
0
0
0
0
0
0
0
0
0
0
0
0
0
0
0
0
0
0
0
0
0
0
0
0
0
0
0
0
0
0
0
0
0
0
0
0
0
0
0
0
0
0
0
0
0
0
0
0
0
0
0
0
0
0
0
0
0
0
0
0
0
0
0
0
0
0
0
0
0
0
0
0
0
0
0
0
0
0
0
0
0
0
0
0
0
0
0
0
0
0
0
0
0
0
0
0
0
0
0
0
0
0
0
0
0
0
0
0
0
0
0
0
0
0
0
0
0
0
0
0
0
0
0
0
0
0
0
0
0
0
0
0
0
0
0
0
0
0
0
0
0
0
0
0
0
0
0
0
0
0
0
0
0
0
0
0
0
0
0
0
0
0
0
0
0
0
0
0
0
0
0
0
0
0
0
0
0
0
0
0
0
0
0
0
0
0
0
0
0
0
0
0
0
0
0
0
0
0
0
0
0
0
0
0
0
0
0
0
0
0
0
0
0
0
0
0
0
0
0
0
0
0
0
0
0
0
0
0
0
0
0
0
0
0
0
0
0
0
0
0
0
0
0
0
0
0
0
0
0
0
0
0
0
0
0
0
0
0
0
0
0
0
0
