-56
-48
-37
-24
-8
14
35
55
71
76
73
65
54
37
18
-5
-29
-50
-71
-86
-91
-88
-75
-56
-34
-4
26
54
80
94
99
94
85
73
57
33
4
-29
-61
-87
-107
-113
-102
-81
-52
-20
10
41
65
85
100
106
108
97
79
53
22
-14
-51
-78
-100
-107
-102
-85
-62
-34
-8
13
34
57
79
97
108
106
96
76
46
14
-18
-47
-74
-91
-104
-107
-95
-77
-54
-33
-8
22
58
90
110
119
114
99
77
45
9
-26
-57
-84
-108
-125
-137
-131
-112
-79
-39
-4
29
61
93
119
134
130
115
90
60
26
-12
-56
-96
-126
-144
-148
-144
-126
-97
-60
-28
1
34
77
127
160
174
155
114
68
23
-13
-43
-68
-90
-107
-132
-150
-161
-157
-120
-64
7
70
116
150
169
168
154
128
102
79
52
8
-63
-142
-223
-267
-283
-244
-181
-98
-25
19
58
73
111
154
214
250
267
247
189
101
-4
-107
-175
-204
-207
-185
-161
-140
-139
-127
-122
-90
-18
87
217
313
359
324
259
180
124
100
91
88
69
36
-37
-126
-220
-267
-244
-163
-57
34
105
150
175
168
155
140
141
152
176
184
161
93
-11
-106
-186
-215
-217
-162
-109
-52
-21
-9
-21
-25
-11
23
67
114
113
91
27
-43
-122
-165
-191
-196
-173
-146
-97
-75
-62
-59
-42
-16
10
34
32
18
-17
-51
-100
-159
-222
-265
-286
-281
-266
-239
-202
-149
-81
-12
46
83
108
122
120
88
21
-77
-185
-288
-382
-468
-523
-522
-479
-408
-305
-179
-99
-68
-1
96
170
220
284
335
320
254
146
1
-187
-362
-444
-453
-404
-283
-100
64
167
270
379
447
423
398
473
525
488
438
360
109
-151
-272
-424
-497
-244
143
397
748
1154
1251
1176
1181
1260
1263
1219
1154
1022
796
390
-15
-359
-591
-675
-522
-250
31
280
497
479
401
460
619
602
572
725
696
337
-79
-369
-699
-979
-996
-993
-1033
-1077
-986
-933
-901
-835
-713
-580
-487
-359
-276
-344
-483
-619
-713
-847
-945
-934
-840
-792
-852
-892
-904
-916
-853
-712
-569
-469
-391
-374
-341
-242
-209
-332
-460
-527
-626
-636
-522
-270
-1
197
198
174
166
55
7
218
414
511
591
651
438
238
144
118
128
256
400
456
386
254
208
243
289
414
680
832
791
653
576
541
586
736
887
920
816
660
411
228
139
88
16
80
113
61
-51
-159
-214
-147
35
232
391
416
348
205
74
46
46
8
-33
-91
-273
-448
-550
-590
-551
-455
-395
-366
-316
-373
-415
-304
-123
-23
65
48
-134
-295
-300
-284
-394
-688
-1068
-1356
-1420
-1156
-801
-546
-412
-304
-426
-770
-739
2
1121
2264
3353
3856
3247
2024
961
270
-58
44
385
478
205
-177
-635
-1181
-1605
-1415
-779
-25
664
1159
1151
537
-42
-232
-125
-48
78
189
132
-173
-615
-1077
-1422
-1492
-1183
-767
-430
-188
-135
-432
-669
-581
-385
-215
-10
128
67
-123
-318
-489
-583
-674
-693
-513
-172
10
239
447
472
283
286
330
384
562
778
812
516
95
-225
-383
-507
-616
-482
-317
-193
-50
22
0
132
306
559
952
1368
1472
1246
868
555
273
-59
-382
-459
-439
-434
-414
-189
156
606
1066
1388
1483
1320
1171
1096
1010
876
572
58
-345
-437
-504
-637
-720
-932
-1032
-963
-829
-547
-51
196
300
536
530
287
112
-30
-180
-136
-226
-507
-738
-976
-1112
-966
-683
-490
-414
-442
-679
-802
-781
-625
-291
-78
-192
-428
-629
-870
-875
-745
-699
-430
-54
-20
-43
-11
-170
-289
-315
-594
-894
-921
-1001
-1163
-1252
-1171
-908
-370
116
373
447
412
593
1486
3144
4717
5573
5521
4488
3228
1912
729
-144
-715
-1052
-1324
-1211
-1098
-1100
-1311
-1411
-1002
-256
646
1391
1803
1777
1438
979
420
102
-267
-550
-661
-704
-829
-1249
-1697
-2226
-2449
-2268
-1805
-1314
-884
-554
-412
-280
-73
6
108
17
-26
-64
55
170
87
-147
-436
-488
-308
70
450
548
512
284
321
406
299
184
262
565
665
603
213
-352
-731
-712
-179
458
795
626
414
358
382
525
650
730
610
388
141
-22
-232
-447
-459
-616
-620
-454
-295
-335
-289
-320
-418
-235
170
372
455
573
574
306
33
-266
-506
-602
-453
-54
369
350
-98
-812
-1354
-1351
-874
-269
121
321
181
-110
-257
-378
-393
-209
106
420
776
872
689
516
422
240
63
-32
23
65
165
46
-78
22
290
721
1085
1267
1285
1210
993
798
804
544
118
-292
-706
-1013
-1262
-1396
-1522
-1384
-1319
-1384
-1467
-1431
-1176
-760
-65
477
745
545
188
-13
-379
-643
-855
-1037
-1131
-1018
-759
-789
-782
-1018
-836
468
2665
4957
6280
6184
4564
2419
796
-257
-690
-1069
-1650
-2386
-2856
-2726
-2247
-1618
-1295
-848
-63
977
1999
2499
2414
1566
293
-702
-997
-774
-681
-760
-935
-991
-1125
-1366
-1676
-1912
-1782
-1294
-388
539
1106
1097
728
391
299
431
683
751
677
383
38
-216
-400
-659
-807
-723
-453
0
677
1112
1209
1189
1193
1181
1151
993
609
156
-181
-496
-815
-1187
-1366
-1280
-1004
-509
72
381
205
-60
-122
27
382
689
714
478
114
-309
-727
-1042
-1343
-1613
-1654
-1380
-856
-367
-89
176
458
648
833
1102
1301
1290
1034
437
-242
-552
-682
-709
-630
-612
-597
-720
-942
-1011
-641
-55
517
1127
1364
1148
815
489
228
340
723
850
746
355
-165
-371
-337
-287
-147
289
521
740
1074
1159
1182
1097
1093
1317
1689
1822
1523
916
127
-452
-710
-695
-592
-719
-1112
-1471
-1541
-1454
-1339
-1400
-1694
-1825
-1555
-1112
-783
-601
-591
-669
-641
-515
-299
-10
177
-43
-486
-931
-1420
-1746
-2002
-2227
-2145
-1654
-1154
-963
-770
-168
970
2633
4284
5838
6667
6352
4989
2893
1043
-805
-2134
-3062
-3205
-2698
-2374
-1857
-1545
-698
50
657
1219
1665
2291
2277
2074
1581
979
257
-496
-763
-951
-856
-1011
-1218
-1449
-1648
-1554
-1319
-830
-346
442
1182
1654
1824
1723
1480
1006
444
153
-27
-44
-181
-350
-623
-819
-1024
-1157
-910
-384
311
898
1255
1418
1235
788
183
-263
-609
-1033
-1323
-1461
-1506
-1684
-1854
-1876
-1670
-1156
-589
-11
404
686
906
1106
1219
1118
848
383
-103
-508
-765
-865
-1008
-1178
-1270
-1224
-1046
-606
44
575
932
1248
1544
1581
1370
1061
747
492
317
203
156
102
-48
-201
-353
-391
-328
-387
-557
-555
-376
-287
-289
-251
-4
256
314
324
597
1062
1228
1111
1004
914
657
431
545
849
1064
860
503
404
385
269
200
492
866
1098
1120
936
565
23
-327
-389
-112
61
-54
-338
-649
-813
-921
-993
-1016
-949
-886
-842
-859
-933
-897
-687
-291
138
446
461
14
-516
-908
-1245
-1586
-1812
-1859
-1837
-1743
-1681
-1642
-1437
-1171
-847
-438
-172
-32
-174
-631
-1061
-1324
-957
-13
1470
2753
3647
4554
4933
4568
3186
1836
884
-75
-1080
-1991
-2132
-2296
-2330
-2105
-1475
-297
492
1134
1621
2277
2419
1916
1358
680
348
-163
-553
-590
-370
-340
-604
-589
-358
88
445
774
1095
1219
1140
839
624
414
276
207
74
-46
-50
148
438
657
741
666
546
476
275
27
-262
-456
-684
-883
-825
-846
-905
-1052
-1133
-1177
-1143
-1086
-1131
-1098
-990
-684
-313
-75
-31
-70
74
327
618
814
874
707
356
-135
-683
-1108
-1594
-2018
-2212
-2195
-2099
-1840
-1441
-933
-67
797
1367
1840
2269
2452
2241
1740
1063
593
456
349
196
-76
-509
-1125
-1758
-2222
-2342
-2035
-1490
-961
-543
-187
58
137
254
478
655
782
919
1043
1064
1009
965
1231
1722
1962
1904
1686
1330
926
486
81
106
628
1050
1392
1686
1761
1695
1429
1045
680
482
208
112
146
-66
-353
-811
-1180
-1436
-1448
-1424
-1414
-1289
-1252
-1044
-636
-77
341
468
469
507
754
820
610
141
-455
-927
-1221
-1389
-1439
-1591
-1918
-2058
-2225
-2424
-2471
-2362
-2110
-1739
-1304
-1024
-785
-730
-835
-995
-1234
-1302
-1333
-1306
-758
604
2552
4391
5531
6115
6291
5738
4183
1982
-70
-1743
-3083
-4075
-4316
-3819
-2963
-1951
-875
463
1703
2688
3386
3679
3687
3298
2654
2002
1480
820
60
-480
-836
-900
-938
-1049
-1056
-885
-447
91
507
708
808
759
631
577
618
799
931
872
684
440
261
68
-275
-693
-1162
-1557
-1771
-1734
-1617
-1503
-1262
-869
-314
219
627
862
990
940
541
28
-335
-533
-648
-666
-685
-671
-586
-436
-181
-42
112
285
387
299
3
-371
-893
-1357
-1696
-1799
-1693
-1574
-1323
-845
-240
280
624
798
932
1204
1430
1599
1778
1695
1174
417
-277
-638
-722
-919
-1202
-1328
-1286
-1138
-954
-914
-1003
-1091
-933
-346
374
824
839
706
591
528
669
818
841
1010
1365
1673
2053
2238
2024
1890
1948
2005
1983
1593
850
198
-313
-544
-348
30
468
842
1030
1098
1019
734
341
-118
-542
-726
-792
-953
-1127
-1271
-1401
-1518
-1545
-1452
-1301
-979
-519
18
517
758
706
580
315
-69
-356
-643
-895
-1121
-1399
-1802
-2216
-2554
-2605
-2153
-1501
-688
47
485
548
192
-598
-1410
-1909
-2441
-2700
-2591
-2474
-2228
-1803
-1614
-1298
-294
992
2412
3692
4435
5003
5797
6110
5367
3719
1572
-452
-1846
-2576
-3013
-3058
-2812
-2401
-1614
-412
856
1950
2879
3252
3303
3185
3019
2788
2319
1531
494
-318
-703
-717
-624
-597
-860
-1134
-1150
-1069
-891
-560
-310
-101
196
533
1034
1403
1440
1211
928
456
10
-248
-489
-564
-608
-523
-354
-26
289
522
795
922
1147
1273
1204
1030
616
-101
-802
-1283
-1872
-2358
-2629
-2646
-2326
-1663
-946
-290
248
437
432
353
356
288
125
-272
-908
-1411
-1858
-2164
-2377
-2517
-2468
-2130
-1623
-1086
-441
93
564
1141
1674
2040
2323
2229
1586
855
200
-475
-1039
-1343
-1819
-2081
-1920
-1789
-1368
-684
-126
277
892
1313
1664
1950
1722
1423
1270
1246
1260
1344
1099
697
419
267
463
722
859
775
579
463
617
794
832
889
909
1081
1640
2534
3541
4147
3872
3259
2391
1313
716
294
-399
-888
-1111
-1765
-2025
-1908
-1984
-1844
-1657
-1716
-1619
-1017
-564
41
555
675
761
989
1126
1085
1063
487
-446
-1486
-2256
-2739
-2803
-2732
-2617
-2327
-2034
-1514
-1050
-526
-251
21
117
230
529
576
338
-329
-850
-1340
-1343
-1326
-1711
-2174
-2530
-2666
-2653
-2125
-1861
-1850
-1775
-1555
-1255
-808
-191
307
941
1483
1752
2181
3275
4848
6147
6264
4836
3000
1527
492
-225
-816
-1587
-2208
-2165
-1651
-696
328
855
766
615
770
1067
1658
1996
2133
1972
1745
1524
1479
1536
1166
792
354
246
257
372
175
-269
-640
-1023
-1131
-905
-122
349
584
561
392
297
463
700
553
406
-22
-218
-183
187
358
226
-33
-389
-438
-243
140
-142
-715
-1429
-2242
-2709
-2768
-2703
-2679
-2354
-2240
-1995
-1591
-1122
-775
-407
61
374
859
1235
1346
1098
801
266
-390
-904
-1372
-1715
-2052
-2088
-2111
-2127
-2120
-1992
-1771
-1242
-384
346
1159
1842
2157
2172
2116
1839
1560
1392
1008
562
98
-350
-691
-669
-646
-748
-927
-1018
-877
-527
9
348
535
678
802
664
679
882
839
893
1164
1334
1153
882
462
170
306
530
706
920
1083
1033
1219
1576
1920
2180
2461
2473
2206
1921
1465
908
355
-128
-676
-1206
-1642
-1930
-2014
-1869
-1668
-1570
-1266
-952
-708
-335
-17
162
516
728
699
634
479
348
247
71
-354
-738
-1039
-1276
-1470
-1584
-1545
-1447
-1330
-1155
-887
-565
-349
-341
-545
-632
-607
-609
-626
-604
-564
-617
-794
-1018
-987
-901
-961
-1081
-1223
-1305
-1303
-1351
-1684
-1791
-1824
-1890
-1806
-1459
-1115
-832
-366
-88
271
784
1274
1724
2552
3832
5081
5524
4914
3881
2600
1372
741
699
695
368
-359
-1188
-1601
-1254
-514
44
572
1278
1825
2255
2765
3078
3126
2844
2329
1862
1737
1608
1130
198
-938
-1787
-2125
-1971
-1802
-1602
-1644
-1926
-1934
-1290
-359
470
1013
977
754
696
910
991
880
477
-181
-664
-761
-579
-465
-376
-692
-1158
-1346
-1259
-1068
-770
-577
-915
-1303
-1546
-1763
-1919
-1747
-1744
-1977
-1911
-1749
-1497
-1080
-769
-746
-717
-638
-373
64
386
674
629
238
-302
-690
-889
-890
-703
-549
-431
-310
-61
221
730
1288
1695
2061
2292
2320
2382
2341
2089
1827
1477
1041
621
432
323
135
-41
-188
-410
-399
-65
235
595
867
844
708
665
643
691
875
1014
977
937
881
519
170
-139
-386
-324
73
299
393
652
771
810
867
1121
1419
1833
2240
2303
2019
1568
855
-46
-596
-932
-1162
-1390
-1700
-2045
-2232
-2248
-2177
-1926
-1596
-1215
-881
-433
33
527
987
960
639
291
7
-159
-147
-286
-516
-799
-1251
-1644
-1889
-1892
-1735
-1555
-1349
-885
-289
394
839
878
817
586
449
424
396
347
200
-279
-834
-1174
-1383
-1268
-1022
-685
-436
-181
64
171
313
476
427
258
205
7
-95
-297
-696
-1254
-1697
-1960
-1976
-1710
-1352
-850
-407
33
331
631
984
1352
1641
1790
1728
1377
899
392
53
-98
112
519
999
1575
2257
2761
3001
3175
3109
2931
2762
2613
2298
1914
1423
685
-100
-589
-824
-969
-985
-1000
-1081
-984
-705
-495
-189
189
457
585
806
962
1064
1097
873
439
107
-52
-211
-244
-302
-442
-781
-1097
-1443
-1785
-1867
-1850
-1897
-1881
-1547
-1325
-1149
-1007
-1070
-1253
-1247
-1067
-967
-733
-514
-480
-657
-697
-692
-697
-611
-558
-700
-889
-961
-1129
-1274
-1263
-1041
-865
-624
-304
-257
-327
-231
-105
-13
265
435
398
512
859
1152
1398
1665
1630
1401
1319
1374
1348
1416
1449
1134
760
555
379
249
407
459
403
407
484
583
758
1010
1054
1037
977
958
837
633
402
100
-189
-331
-395
-580
-648
-765
-980
-1173
-1245
-1293
-1275
-1081
-855
-541
-129
279
425
506
567
565
532
586
572
433
391
295
70
-74
-137
-316
-427
-406
-394
-358
-243
-184
-278
-308
-226
-137
-2
225
382
365
327
235
95
59
159
240
305
429
451
416
420
384
373
516
660
632
527
340
46
-228
-387
-523
-553
-496
-475
-478
-488
-481
-489
-387
-206
-50
87
195
192
126
76
-33
-199
-322
-384
-464
-526
-592
-682
-729
-685
-660
-692
-727
-824
-921
-917
-825
-751
-660
-523
-442
-379
-239
-170
-189
-141
-53
-41
-16
75
85
120
267
353
367
402
410
359
427
572
688
788
871
863
811
757
624
507
446
402
357
386
432
474
546
583
611
655
714
748
767
746
704
694
663
610
603
543
352
174
-11
-211
-284
-231
-220
-255
-242
-254
-231
-90
75
160
207
235
234
265
305
273
98
-155
-389
-505
-479
-427
-459
-602
-797
-954
-986
-904
-772
-620
-478
-329
-158
55
237
298
251
159
92
71
104
70
-73
-304
-550
-716
-765
-736
-718
-722
-756
-749
-640
-460
-326
-265
-198
-86
57
247
425
471
442
406
334
242
176
70
-114
-308
-480
-641
-723
-718
-670
-625
-591
-562
-516
-383
-183
14
147
210
203
185
209
246
267
209
88
-36
-127
-145
-146
-184
-265
-328
-346
-285
-128
55
225
385
526
639
730
799
823
801
750
705
673
659
666
664
633
608
606
624
651
651
584
453
284
138
50
15
20
46
48
38
69
156
281
433
572
658
681
666
610
511
381
214
21
-165
-324
-457
-585
-695
-760
-755
-672
-536
-409
-319
-255
-208
-169
-145
-156
-192
-233
-264
-274
-290
-364
-501
-669
-840
-979
-1056
-1085
-1091
-1050
-966
-867
-770
-687
-623
-551
-455
-354
-257
-190
-138
-101
-94
-112
-158
-245
-326
-368
-385
-359
-293
-215
-137
-67
-9
39
84
134
178
199
223
245
243
244
243
207
164
136
122
165
286
428
548
656
738
805
899
989
1009
969
893
764
661
624
589
532
480
416
364
390
484
592
679
735
746
730
720
693
610
472
305
140
31
-14
-16
-11
-27
-38
-27
29
129
218
241
210
143
57
-15
-85
-195
-342
-494
-635
-750
-823
-868
-888
-863
-793
-710
-622
-516
-412
-317
-215
-130
-111
-138
-206
-325
-457
-580
-713
-827
-879
-893
-865
-790
-703
-623
-508
-367
-232
-116
-34
10
38
66
84
65
8
-72
-153
-210
-221
-196
-159
-118
-75
-31
33
122
215
284
335
370
387
403
408
372
303
231
164
117
114
125
125
118
112
123
173
274
404
517
589
616
583
508
421
308
165
16
-120
-228
-271
-242
-166
-72
22
100
160
230
317
416
515
598
654
683
684
650
582
474
335
184
40
-78
-159
-209
-242
-258
-268
-269
-246
-201
-151
-90
-24
35
93
152
198
218
228
230
234
248
260
261
239
199
151
86
6
-83
-197
-332
-450
-553
-627
-652
-635
-593
-520
-426
-337
-257
-194
-154
-135
-117
-104
-109
-137
-193
-277
-361
-408
-418
-394
-351
-315
-299
-293
-288
-273
-233
-166
-78
9
76
116
131
115
71
14
-32
-57
-53
-25
14
58
102
151
214
293
373
459
551
628
679
702
691
643
575
497
414
339
283
233
191
163
144
130
135
154
170
190
207
212
214
230
251
278
321
368
402
418
408
358
282
188
84
-10
-80
-128
-163
-189
-216
-243
-263
-265
-249
-218
-171
-120
-75
-45
-40
-57
-81
-113
-143
-159
-164
-159
-147
-131
-115
-111
-130
-171
-231
-292
-333
-352
-345
-323
-293
-254
-204
-151
-100
-65
-47
-38
-33
-24
-11
2
9
15
22
34
53
63
59
36
-4
-50
-94
-130
-152
-153
-136
-99
-45
14
73
125
160
179
185
182
169
149
124
88
49
11
-18
-32
-33
-22
-5
16
37
59
76
91
103
112
115
114
116
120
122
122
123
120
117
114
99
74
47
20
1
5
16
31
38
31
22
9
0
4
13
29
51
77
115
165
209
249
276
285
281
259
224
169
98
21
-56
-132
-192
-234
-269
-287
-282
-258
-209
-132
-48
37
114
173
209
219
216
195
156
113
58
-10
-79
-148
-217
-280
-333
-374
-397
-398
-375
-335
-286
-230
-189
-149
-109
-77
-40
-10
14
20
16
5
-21
-45
-71
-95
-121
-137
-146
-155
-153
-148
-152
-155
-157
-161
-154
-139
-121
-96
-65
-30
8
47
92
144
193
245
286
309
314
292
253
200
145
80
25
-15
-39
-44
-36
-12
20
58
109
174
241
306
352
362
349
306
247
186
128
75
36
11
-1
-2
5
18
37
64
98
129
156
166
154
128
84
31
-21
-72
-111
-142
-163
-179
-194
-200
-197
-185
-165
-134
-103
-77
-48
-31
-22
-25
-40
-60
-83
-103
-117
-127
-132
-132
-132
-126
-103
-79
-56
-33
-24
-20
-26
-46
-75
-117
-159
-197
-219
-223
-215
-196
-162
-114
-56
8
68
124
170
204
230
237
224
189
130
62
-5
-66
-116
-154
-176
-190
-194
-181
-156
-120
-69
-3
68
140
205
252
280
288
276
245
202
150
90
33
-17
-61
-103
-132
-150
-147
-120
-85
-38
13
59
106
148
175
193
195
186
176
156
135
112
85
60
34
14
2
-9
-20
-27
-31
-38
-46
-52
-67
-78
-74
-65
-43
-19
-4
15
23
33
45
45
46
43
31
22
3
-23
-47
-72
-91
-103
-109
-109
-107
-111
-116
-130
-149
-163
-165
-151
-119
-81
-44
-5
26
49
71
88
97
94
77
47
-2
-62
-123
-186
-230
-256
-261
-232
-185
-125
-56
9
68
127
174
211
235
244
234
202
149
76
-1
-72
-124
-153
-164
-156
-133
-103
-63
-13
38
90
140
184
222
248
259
246
211
162
101
47
5
-30
-54
-74
-93
-105
-103
-90
-62
-22
25
70
108
135
148
145
128
105
70
37
7
-18
-35
-48
-60
-73
-76
-69
-53
-23
20
56
82
96
88
72
48
22
-2
-27
-48
-64
-79
-87
-95
-100
-95
-82
-57
-32
-2
27
48
57
52
43
27
15
6
-3
-20
-43
-71
-101
-115
-121
-115
-99
-79
-61
-39
-21
-8
10
32
53
69
87
90
74
51
11
-37
-77
-105
-128
-138
-144
-142
-131
-115
-89
-56
-15
28
70
101
120
122
110
93
65
37
7
-29
-66
-86
-96
-102
-100
-91
-79
-66
-41
-8
24
60
92
111
128
142
147
145
136
117
90
63
37
16
-6
-23
-40
-51
-52
-43
-25
0
22
39
64
79
85
86
88
88
88
96
95
97
92
80
50
18
-5
-26
-36
-43
-43
-53
-60
-76
-90
-84
-68
-32
10
51
81
99
106
104
104
114
116
106
79
35
-21
-75
-124
-166
-182
-175
-167
-172
-171
-166
-150
-121
-77
-18
30
67
77
66
46
26
-7
-41
-70
-85
-92
-107
-122
-155
-180
-198
-194
-168
-125
-83
-48
-19
-6
15
23
34
38
51
66
62
56
38
18
-19
-47
-69
-78
-69
-62
-56
-71
-75
-75
-61
-33
4
36
40
25
1
-13
-3
30
56
60
38
4
-16
-10
25
72
110
127
139
146
146
146
141
144
162
192
222
228
200
156
124
128
175
239
280
289
268
240
229
238
266
278
281
258
230
191
153
117
75
72
68
91
97
93
71
51
51
66
119
151
183
177
165
139
114
98
78
75
49
33
0
-24
-57
-78
-89
-96
-104
-127
-150
-182
-209
-249
-271
-297
-327
-381
-443
-488
-531
-545
-546
-520
-531
-558
-575
-578
-556
-531
-452
-356
-269
-259
-286
-308
-266
-162
-59
30
106
138
60
-54
-106
-36
71
157
156
73
-80
-228
-329
-326
-238
-183
-211
-328
-426
-517
-554
-602
-591
-516
-373
-198
-88
-24
-82
-109
-90
179
651
1204
1563
1511
1338
1193
1397
1757
2261
2600
2640
2419
2008
1834
1834
2126
2200
2098
1792
1473
1194
872
682
463
370
123
-95
-396
-654
-925
-1230
-1429
-1517
-1367
-1308
-1347
-1588
-1758
-1777
-1618
-1325
-1064
-858
-877
-928
-982
-788
-472
-110
45
30
42
152
294
342
451
529
601
581
582
538
427
223
-30
-178
-209
-181
-373
-754
-1180
-1403
-1464
-1450
-1444
-1471
-1535
-1699
-1764
-1718
-1489
-1270
-1078
-1008
-913
-726
-512
-315
-188
-23
167
363
545
702
829
861
867
975
1194
1416
1522
1565
1474
1365
1378
1487
1631
1701
1640
1424
1237
1138
1098
1082
1052
873
544
247
141
142
122
-48
-369
-652
-843
-904
-942
-911
-904
-937
-1020
-1124
-1096
-971
-789
-659
-438
-236
-90
-60
-20
122
339
577
729
862
984
1082
973
801
736
789
939
1005
909
572
206
-159
-424
-554
-569
-673
-1138
-1703
-2150
-2330
-2404
-2542
-2694
-2773
-2773
-2808
-2842
-2721
-2428
-1977
-1544
-1027
-597
-400
-264
377
1654
2617
2574
2327
2702
3426
3943
4247
4573
4550
4153
3680
3610
3773
3801
3346
2353
1644
1284
987
288
-388
-802
-1248
-1924
-2686
-2936
-3101
-3282
-3718
-4059
-4053
-3878
-3656
-3738
-3743
-3468
-2864
-2529
-2358
-1980
-1381
-923
-682
-283
378
1039
1306
1421
1545
2075
2656
2921
2834
2742
2816
2785
2846
2810
2804
2290
1648
1288
1226
1183
838
374
-365
-896
-1134
-1038
-1079
-1374
-1600
-1849
-1993
-2041
-1761
-1478
-1414
-1620
-1617
-1240
-755
-575
-656
-590
-403
-17
319
691
862
879
803
911
1448
1836
1901
1721
1749
1713
1608
1590
1591
1430
1015
774
599
354
-84
-447
-768
-1026
-1177
-1435
-1739
-2034
-2054
-2218
-2465
-2464
-2211
-1986
-1990
-2020
-1977
-1694
-1320
-955
-626
-292
128
405
570
933
1459
1998
2420
2734
2925
3134
3313
3448
3729
4110
4273
3955
3460
3245
3247
3231
3093
2607
1852
1041
499
307
145
-194
-785
-1483
-2279
-2647
-2648
-2630
-2748
-3042
-3144
-3309
-3381
-3213
-2827
-2565
-2366
-2159
-1980
-1599
-1155
-811
-668
-364
45
340
422
526
677
731
719
597
510
305
-13
-352
-505
-646
-905
-1271
-1716
-1995
-2181
-2299
-2387
-2319
-2264
-2248
-2168
-2028
-1827
-1760
-1578
-985
120
902
565
-20
466
1764
2604
2962
3306
3402
3070
2927
3496
4249
4671
4436
3714
3120
3170
3392
2993
2489
2421
2309
1493
529
262
375
239
-306
-871
-1194
-1252
-1270
-1650
-2106
-2113
-1779
-1741
-2000
-1849
-1556
-1637
-1768
-1423
-762
-456
-485
-544
-360
32
514
779
711
655
652
680
803
1034
1101
702
225
37
63
11
-155
-401
-825
-1261
-1511
-1512
-1608
-1895
-2161
-2379
-2535
-2545
-2408
-2434
-2596
-2738
-2594
-2207
-1892
-1775
-1769
-1620
-1403
-1005
-556
-116
156
304
451
616
1029
1505
1832
1950
2034
2045
1970
2029
2262
2395
2272
2212
2090
1747
1386
1274
1274
1185
1153
921
387
-102
-237
-165
-171
-213
-373
-675
-1095
-1241
-963
-573
-435
-595
-809
-913
-645
-14
518
624
643
785
828
1018
1603
2183
2325
2163
2121
2178
2212
2125
2056
2080
2098
1942
1434
756
199
-41
-91
-211
-374
-903
-1733
-2485
-2656
-2406
-2262
-2399
-2710
-2952
-3188
-3211
-2923
-2441
-2040
-1899
-1855
-1783
-1536
-1086
-584
-128
251
501
545
573
815
1145
1413
1594
1598
1433
1216
1106
774
559
664
640
150
-491
-766
-1147
-1511
-1685
-1636
-1762
-2142
-2488
-2839
-2685
-2338
-1985
-1751
-1703
-1806
-1969
-1544
-555
797
1262
554
106
736
1889
2589
3264
3710
3183
2324
2481
3437
3864
3996
3902
3158
2426
2230
2319
2132
1945
2079
1594
550
-199
-73
-144
-441
-627
-774
-1048
-1604
-1886
-1995
-1951
-1624
-1486
-1612
-1806
-1643
-1573
-1475
-1167
-585
-132
-93
-85
56
267
601
1155
1599
1502
1353
1457
1505
1513
1654
1733
1470
1064
782
647
537
198
-257
-736
-1114
-1315
-1502
-1758
-2153
-2419
-2787
-3094
-3092
-2801
-2664
-2946
-3112
-3058
-2770
-2481
-2279
-2034
-1726
-1457
-1420
-1153
-735
-247
38
154
434
827
1127
1259
1418
1697
1890
1947
2016
2223
2294
2124
2038
1961
1816
1701
1706
1590
1219
951
694
468
245
201
159
-109
-344
-487
-518
-646
-655
-426
-274
-195
-159
-198
-322
18
567
847
970
1096
1116
1046
1255
1657
1971
2037
2014
1981
1956
1874
1679
1556
1478
1643
1669
1232
386
-208
-390
-396
-343
-605
-1204
-1918
-2407
-2652
-2597
-2457
-2572
-2833
-3114
-3139
-3064
-2914
-2713
-2382
-2213
-2033
-1823
-1614
-1300
-924
-574
-343
-29
217
229
266
636
1017
1043
989
856
662
541
510
628
724
475
-83
-549
-735
-739
-637
-660
-782
-1093
-1546
-1740
-1467
-866
-578
-616
-874
-984
-837
-322
545
1371
1417
594
377
1176
2190
2606
2765
2802
2468
2151
2362
2929
3279
3399
2947
2402
2319
2378
2250
1837
1909
1981
1550
789
409
412
342
166
-264
-535
-720
-856
-1089
-1436
-1429
-1363
-1406
-1557
-1508
-1479
-1565
-1709
-1576
-1232
-884
-859
-1005
-1047
-923
-612
-226
75
-33
-250
-125
199
390
295
423
295
222
240
343
176
-27
-253
-527
-695
-524
-515
-1074
-1589
-1610
-1657
-1780
-1760
-1629
-1843
-2112
-2174
-1918
-1660
-1297
-1294
-1505
-1457
-919
-483
-387
-353
-320
-88
172
529
620
767
880
846
985
1193
1537
1465
1407
1405
1531
1582
1438
1385
1343
1467
1218
946
775
646
634
544
536
287
12
-211
-111
-52
-38
18
-51
-175
-266
-197
-14
69
83
209
355
305
111
127
479
759
806
732
773
781
918
993
1053
1125
1063
1082
1069
1049
828
612
403
353
421
235
-125
-508
-684
-855
-1043
-1068
-1135
-1382
-1593
-1683
-1702
-1804
-1834
-1695
-1516
-1522
-1535
-1481
-1575
-1420
-1047
-738
-665
-812
-716
-651
-439
-292
-69
-8
-34
-80
-178
-18
-54
102
165
7
-133
-439
-474
-268
82
-148
-551
-811
-921
-644
-332
-26
-108
-394
-712
-836
-402
297
948
1098
534
-233
-98
851
1570
1905
1991
1573
945
892
1502
2245
2620
2493
1948
1555
1574
1889
2016
2064
2232
2089
1358
813
1080
1391
1256
981
689
335
-48
-150
-257
-151
-89
-451
-1004
-1341
-1181
-982
-883
-1043
-1227
-1353
-1522
-1363
-1059
-951
-930
-908
-880
-988
-935
-687
-473
-364
-329
-267
-594
-815
-483
-209
-263
-418
-271
-741
-1295
-1001
-549
-656
-1019
-1058
-1364
-1546
-1339
-1199
-1275
-1357
-1254
-1425
-1401
-1120
-941
-1041
-1113
-829
-471
-305
-358
-294
-128
92
278
475
744
932
870
844
1008
1274
1513
1548
1550
1479
1555
1590
1554
1485
1532
1648
1513
1284
1045
991
962
901
883
848
780
439
132
-11
265
483
424
279
211
-20
-311
-247
198
512
366
115
-113
-273
-137
91
242
213
187
-62
-185
-169
8
-8
-115
32
67
-147
-462
-556
-512
-396
-269
-287
-551
-1134
-1328
-1231
-914
-815
-899
-1322
-1751
-1824
-1539
-1199
-1141
-1198
-1431
-1647
-1540
-1235
-885
-714
-622
-812
-930
-814
-461
-215
37
172
26
-170
-161
132
452
688
622
478
569
732
797
751
877
941
948
919
1066
1169
892
493
419
644
762
805
726
344
-125
-367
-265
53
785
1065
216
-836
-763
212
882
1189
1241
691
27
64
864
1535
1927
1767
1049
562
807
1406
1559
1484
1500
1311
826
386
518
909
1033
737
348
37
-241
-365
-281
-232
-235
-473
-851
-1207
-1172
-893
-924
-1213
-1323
-1121
-1144
-1375
-1385
-1255
-1056
-978
-956
-1053
-1056
-1019
-956
-710
-402
-285
-583
-736
-662
-471
-193
-47
-89
-282
-421
-584
-550
-254
-47
-126
-459
-604
-628
-553
-373
-348
-398
-441
-400
-405
-459
-402
-287
-176
-206
-234
-180
-8
99
-50
-62
182
362
355
321
476
593
697
654
618
775
1003
1086
970
977
1012
1063
1082
1179
1340
1278
1024
883
1106
1332
1356
1199
970
909
962
995
903
931
864
761
591
368
293
326
272
48
-18
-50
-233
-425
-508
-452
-442
-485
-606
-602
-608
-766
-759
-568
-490
-496
-530
-681
-694
-541
-442
-431
-349
-387
-617
-762
-625
-380
-307
-508
-813
-832
-703
-736
-815
-784
-760
-813
-773
-831
-969
-1017
-797
-559
-560
-605
-585
-598
-647
-517
-283
-178
-79
-18
-101
-212
-139
103
254
367
537
531
152
-6
439
954
1033
732
514
380
367
540
766
950
864
542
9
-141
131
491
640
473
334
47
-269
-354
122
863
1074
535
-161
-53
374
681
961
1285
1214
647
307
488
1027
1449
1553
1149
822
734
607
597
835
1224
1174
609
-41
-197
50
282
324
113
-184
-515
-753
-772
-609
-474
-583
-883
-1014
-1016
-1060
-1034
-1065
-972
-887
-863
-1046
-1223
-1168
-1000
-693
-549
-580
-832
-969
-809
-533
-225
-172
-254
-568
-766
-548
-145
13
-217
-414
-610
-609
-435
-203
-193
-378
-520
-541
-432
-332
-185
-82
-82
-153
-215
-107
48
190
293
373
366
297
311
393
555
743
890
849
682
599
740
929
1043
1090
1108
1038
859
805
908
1085
1137
1057
869
691
638
671
796
789
664
470
310
173
143
290
361
219
-80
-305
-372
-305
-190
-268
-430
-580
-676
-715
-674
-612
-628
-645
-657
-685
-678
-672
-629
-526
-355
-338
-503
-597
-504
-293
-152
-224
-375
-449
-436
-426
-329
-174
-201
-414
-580
-543
-399
-312
-367
-479
-424
-348
-458
-596
-511
-323
-210
-184
-232
-300
-348
-307
-114
132
332
294
64
-70
112
431
602
699
686
533
339
364
560
766
923
772
464
336
408
403
397
503
529
352
86
-47
-64
-21
23
3
33
-1
-165
-429
-481
-213
82
171
17
-130
-232
-198
23
254
429
378
134
-66
42
315
438
352
214
112
17
-26
2
38
-7
-154
-288
-313
-272
-329
-490
-526
-412
-342
-446
-560
-587
-540
-415
-283
-301
-405
-434
-381
-325
-185
-30
-31
-163
-256
-237
-82
105
116
-10
-64
-76
-130
-158
-46
72
64
-81
-226
-229
-111
-89
-130
-89
-7
-52
-132
-112
-33
33
100
92
58
70
106
104
162
240
208
156
208
271
219
165
196
261
307
318
297
237
171
180
270
373
377
270
153
165
260
319
327
262
152
100
146
232
254
170
45
7
24
47
71
41
-34
-129
-170
-171
-138
-130
-142
-197
-289
-366
-337
-232
-187
-208
-264
-387
-468
-389
-230
-194
-271
-364
-407
-414
-372
-317
-321
-369
-400
-412
-423
-400
-350
-339
-370
-408
-383
-339
-329
-310
-233
-193
-236
-274
-229
-128
-40
-8
26
3
-57
-67
37
150
208
186
132
85
54
100
183
269
313
257
120
-9
47
265
426
410
341
258
140
128
307
532
613
514
341
266
287
391
498
557
541
454
338
226
247
368
458
408
286
196
149
140
160
215
265
217
81
-7
30
98
120
81
31
14
-12
-66
-110
-118
-126
-160
-201
-226
-209
-217
-312
-451
-468
-352
-276
-349
-479
-523
-513
-477
-411
-359
-383
-470
-513
-507
-427
-321
-268
-353
-434
-403
-330
-262
-183
-155
-224
-305
-285
-172
-70
-51
-116
-177
-146
-115
-120
-94
-12
4
-60
-142
-132
-65
-24
14
74
110
68
-3
-6
73
212
311
328
265
209
207
257
347
446
515
466
331
256
299
403
467
466
393
295
229
208
210
214
262
272
190
64
8
37
53
49
55
68
42
-57
-136
-123
-54
-14
-16
-20
-45
-91
-114
-77
-37
-35
-39
-43
-53
-56
-42
-50
-80
-86
-65
-51
-44
-37
-71
-151
-184
-144
-77
-71
-96
-123
-177
-226
-222
-142
-88
-128
-207
-260
-233
-172
-116
-137
-180
-187
-188
-165
-116
-78
-111
-148
-148
-84
16
75
24
-82
-110
-56
16
83
131
131
70
-11
-42
11
127
227
251
183
78
5
12
109
211
287
279
153
-6
-60
31
161
252
239
146
17
-60
-20
79
193
240
170
13
-65
-5
101
172
183
131
61
7
11
57
116
127
79
33
3
6
1
-6
7
10
-5
-62
-106
-110
-75
-57
-81
-123
-157
-165
-143
-133
-140
-140
-157
-175
-171
-141
-106
-134
-147
-160
-120
-70
-88
-91
-106
-84
-68
-72
-49
-61
-18
-5
-14
-5
-22
0
-3
22
50
25
18
-13
-13
-7
1
40
24
-10
-15
-3
25
15
38
64
69
56
41
46
56
71
111
123
87
68
53
60
74
99
125
94
70
43
33
61
77
95
67
40
15
-7
10
15
18
-22
-33
-10
0
-17
-34
-34
-26
-17
28
80
85
53
32
37
64
81
106
112
86
72
37
8
-12
2
47
53
28
-35
-97
-123
-90
-26
-3
-33
-85
-136
-164
-142
-92
-52
-49
-78
-117
-153
-139
-86
-38
-33
-34
-34
-57
-77
-62
-11
4
-17
-5
-3
-20
-45
-48
-25
-24
-5
7
-13
-34
-48
-33
-16
13
31
17
2
3
14
4
13
52
78
75
53
39
35
51
85
106
99
72
57
58
78
96
116
87
48
53
63
87
66
67
50
25
46
56
81
75
66
68
75
77
63
75
94
109
93
85
51
23
33
34
48
24
-10
-53
-68
-46
-33
-27
-54
-84
-101
-109
-80
-75
-81
-102
-131
-119
-118
-109
-94
-91
-89
-108
-105
-93
-83
-57
-30
-18
-22
-37
-37
-35
-40
-19
-27
-40
-60
-85
-71
-70
-57
-42
-44
-46
-46
-26
1
10
26
45
42
42
45
54
60
57
57
45
24
17
26
31
31
22
5
7
16
24
42
31
30
34
-1
3
8
9
29
11
23
23
-15
-11
0
53
95
89
90
79
95
125
142
171
170
142
111
93
84
71
51
22
13
-9
-31
-64
-96
-108
-111
-100
-100
-110
-132
-149
-143
-128
-102
-95
-93
-95
-95
-77
-64
-34
-18
-7
5
14
43
54
73
75
73
81
79
84
80
83
73
40
26
13
26
26
18
18
2
-11
-34
-23
5
20
14
-4
-21
-50
-54
-53
-48
-48
-61
-83
-113
-122
-105
-90
-89
-74
-71
-80
-77
-70
-40
-20
0
1
-12
-5
-3
10
25
31
30
18
18
25
40
52
54
57
52
40
30
33
36
29
14
-8
-24
-41
-48
-42
-52
-47
-51
-61
-50
-40
-18
-10
2
20
37
62
74
86
90
88
91
99
110
104
99
90
78
70
70
78
75
71
67
63
50
41
33
26
33
34
27
-4
-33
-49
-61
-55
-44
-47
-71
-95
-98
-83
-63
-59
-62
-69
-75
-71
-66
-53
-42
-44
-44
-43
-37
-27
-19
-15
-13
-8
-9
-14
-8
15
25
27
24
10
13
21
38
44
37
27
5
-2
-2
0
3
-8
-22
-37
-51
-61
-67
-61
-58
-65
-63
-70
-77
-67
-49
-25
-10
3
14
21
39
63
80
93
106
109
109
108
106
107
101
95
86
76
58
36
29
17
4
-12
-28
-39
-47
-45
-45
-46
-45
-47
-46
-42
-28
-17
-15
-14
-10
-5
8
18
26
34
28
22
20
23
28
30
28
19
7
-3
-12
-21
-24
-26
-31
-41
-48
-57
-64
-64
-56
-46
-38
-34
-37
-34
-24
-6
13
26
36
37
37
33
34
48
49
39
26
13
7
3
12
24
26
26
16
13
21
31
41
38
32
27
17
13
17
24
27
17
6
-2
-4
0
0
2
-2
-12
-16
-9
-2
0
-7
-13
-13
-7
2
3
-4
-9
-8
-10
-8
-6
-2
-4
-11
-12
-20
-24
-24
-23
-13
-13
-19
-31
-43
-49
-46
-37
-34
-35
-38
-43
-48
-42
-26
-15
-13
-15
-15
-14
-8
8
17
22
25
27
36
46
52
50
43
44
44
47
46
41
39
39
32
22
20
18
17
21
22
13
-3
-12
-13
-6
2
-1
-15
-24
-26
-21
-13
-9
-8
-14
-16
-15
-10
-1
1
-1
-5
-3
0
1
8
11
17
19
15
15
18
23
26
32
36
29
19
13
8
8
10
5
-5
-20
-31
-35
-36
-33
-31
-35
-47
-55
-53
-51
-50
-46
-41
-41
-39
-34
-33
-27
-22
-13
-6
-3
3
10
19
27
34
42
45
52
63
73
77
74
75
76
75
74
73
62
49
40
32
24
16
6
-8
-19
-27
-41
-52
-67
-77
-80
-83
-88
-93
-95
-96
-88
-76
-61
-52
-48
-44
-38
-24
-7
12
25
33
40
46
54
65
81
91
96
95
91
90
85
81
79
73
61
43
24
3
-8
-14
-27
-45
-65
-79
-88
-94
-92
-92
-97
-106
-108
-102
-90
-75
-62
-51
-43
-28
-12
4
23
40
57
68
81
97
114
124
131
139
139
138
134
129
122
113
103
85
64
41
20
4
-12
-27
-48
-72
-97
-113
-120
-124
-132
-142
-150
-154
-147
-138
-129
-119
-110
-93
-71
-48
-32
-13
7
27
47
63
79
90
100
114
124
130
129
127
123
117
112
101
85
66
50
36
20
3
-15
-31
-47
-61
-68
-76
-83
-91
-98
-102
-102
-98
-91
-83
-76
-69
-61
-52
-39
-23
-5
11
23
31
39
47
57
70
81
88
86
83
85
86
91
93
88
77
63
55
46
38
33
26
14
0
-10
-18
-27
-33
-34
-41
-52
-64
-72
-74
-76
-75
-73
-77
-81
-77
-70
-66
-59
-51
-44
-36
-26
-13
-3
6
13
24
34
43
54
60
61
64
67
71
69
67
63
55
51
45
37
29
19
13
7
-4
-13
-19
-27
-34
-39
-41
-45
-48
-47
-43
-38
-34
-27
-19
-13
-4
4
9
13
23
31
35
36
37
39
37
35
39
41
35
24
15
9
6
1
-2
-7
-16
-23
-30
-35
-37
-36
-36
-40
-42
-44
-47
-51
-50
-43
-37
-36
-32
-24
-19
-13
-7
-1
5
10
14
18
23
28
31
33
37
41
44
44
38
35
33
28
25
21
16
9
3
-1
-3
-5
-10
-17
-24
-29
-31
-32
-32
-31
-31
-33
-31
-24
-14
-7
0
8
13
19
28
36
42
45
49
53
55
57
55
47
40
39
40
37
27
18
6
-9
-20
-27
-30
-37
-48
-55
-62
-69
-71
-71
-73
-73
-68
-63
-57
-48
-38
-29
-23
-14
-2
8
13
21
33
40
44
47
48
46
46
47
46
40
33
24
15
7
0
-3
-9
-15
-21
-25
-30
-31
-29
-28
-29
-29
-26
-24
-21
-16
-11
-7
-6
-2
4
10
16
18
19
21
24
27
28
26
21
18
17
17
18
16
12
8
3
2
4
3
0
0
0
0
0
0
0
0
0
0
0
0
0
0
0
0
0
0
0
0
0
0
0
0
0
0
0
0
0
0
0
0
0
0
0
0
0
0
0
0
0
0
0
0
0
0
0
0
0
0
0
0
0
0
0
0
0
0
0
0
0
0
0
0
0
0
0
0
0
0
0
0
0
0
0
0
0
0
0
0
0
0
0
0
0
0
0
0
0
0
0
0
0
0
0
0
0
0
0
0
0
0
0
0
0
0
0
0
0
0
0
0
0
0
0
0
0
0
0
0
0
0
0
0
0
0
0
0
0
0
0
0
0
0
0
0
0
0
0
0
0
0
0
0
0
0
0
0
0
0
0
0
0
0
0
0
0
0
0
0
0
0
0
0
0
0
0
0
0
0
0
0
0
0
0
0
0
0
0
0
0
0
0
0
0
0
0
0
0
0
0
0
0
0
0
0
0
0
0
0
0
0
0
0
0
0
0
0
0
0
0
0
0
0
0
0
0
0
0
0
0
0
0
0
0
0
0
0
0
0
0
0
0
0
0
0
0
0
0
0
0
0
0
0
0
0
0
0
0
0
0
0
0
0
0
0
0
0
0
0
0
0
0
0
0
0
0
0
0
0
0
0
0
0
0
0
0
0
0
0
0
0
0
0
0
0
0
0
0
0
0
0
0
0
0
0
0
0
0
0
0
0
0
0
0
0
0
0
0
0
0
0
0
0
0
0
0
0
0
0
0
0
0
0
0
0
0
0
0
0
0
0
0
0
0
0
0
0
0
0
0
0
0
0
0
0
0
0
0
0
0
0
0
0
0
0
0
0
0
0
0
0
0
0
0
0
0
0
0
0
0
0
0
0
0
0
0
0
0
0
0
0
0
0
0
0
0
0
0
0
0
0
0
0
0
0
0
0
0
0
0
0
0
0
0
0
0
0
0
0
0
0
0
0
0
0
0
0
0
0
0
0
0
0
0
0
0
0
0
0
0
0
0
0
0
0
0
0
0
0
0
0
0
0
0
0
0
0
0
0
0
0
0
0
0
0
0
0
0
0
0
0
0
0
0
0
0
0
0
0
0
0
0
0
0
0
0
0
0
0
0
0
0
0
0
0
0
0
0
0
0
0
0
0
0
0
0
0
0
0
0
0
0
0
0
0
0
0
0
0
0
0
0
0
0
0
0
0
0
0
0
0
0
0
0
0
0
0
0
0
0
0
0
0
0
0
0
0
0
0
0
0
0
0
0
0
0
0
0
0
0
0
0
0
0
0
0
0
0
0
0
0
0
0
0
0
0
0
0
0
0
0
0
0
0
0
0
0
0
0
0
0
0
0
0
0
0
0
0
0
0
0
0
0
0
0
0
0
0
0
0
0
0
0
0
0
0
0
0
0
0
0
0
0
0
0
0
0
0
0
0
0
0
0
0
0
0
0
0
0
0
0
0
0
0
0
0
0
0
0
0
0
0
0
0
0
0
0
0
0
0
0
0
0
0
0
0
0
0
0
0
0
0
0
0
0
0
0
0
0
0
0
0
0
0
0
0
0
0
0
0
0
0
0
0
0
0
0
0
0
0
0
0
0
0
0
0
0
0
0
0
0
0
0
0
0
0
0
0
0
0
0
0
0
0
0
0
0
0
0
0
0
0
0
0
0
0
0
0
0
0
0
0
0
0
0
0
0
0
0
0
0
0
0
0
0
0
0
0
0
0
0
0
0
0
0
0
0
