23
26
29
34
19
10
14
10
7
0
-10
-5
2
10
17
13
2
2
8
7
13
18
20
25
27
27
26
28
30
23
17
1
-12
-2
13
21
12
-12
-30
-33
-27
-7
16
22
17
15
7
-2
-5
-12
-15
-4
12
15
9
-2
-19
-21
-11
-13
-14
-11
-9
3
13
5
-19
-43
-44
-11
31
47
24
-15
-41
-34
-7
10
8
-13
-38
-43
-16
20
36
27
8
-13
-14
-4
-2
1
1
4
5
-10
-33
-38
-23
-16
-11
-16
-23
-10
4
9
0
-11
-16
-11
5
1
-27
-54
-65
-35
8
13
-21
-54
-50
-13
34
47
12
-29
-38
-8
34
41
0
-54
-76
-49
6
37
24
-12
-34
-34
-10
12
5
-11
-26
-28
-17
-7
-3
-3
1
6
1
-8
-18
-24
-27
-28
-23
-6
20
27
6
-20
-20
9
40
57
56
50
56
65
50
12
-26
-42
-27
3
23
17
-4
-6
8
38
73
91
89
55
20
2
-12
1
28
32
9
-27
-46
-37
-2
29
24
-3
-17
-11
2
3
-16
-24
14
75
97
46
-29
-48
-7
64
109
67
-30
-106
-110
-57
2
39
37
19
21
20
-4
-39
-47
-12
52
99
78
9
-53
-82
-74
-42
-16
1
16
20
12
0
7
34
48
22
-46
-91
-58
35
120
114
3
-121
-137
-43
65
100
44
-26
-25
28
44
-27
-132
-146
-26
117
153
46
-115
-181
-99
43
87
-7
-96
-57
74
143
45
-142
-242
-153
43
147
60
-122
-221
-145
-7
32
-44
-115
-65
72
155
103
-23
-101
-51
73
115
36
-56
-62
24
101
69
-53
-161
-159
-77
-4
20
4
-8
-18
-32
-30
8
106
212
239
156
8
-88
-61
52
157
147
0
-161
-208
-121
20
71
-26
-154
-139
55
273
320
147
-89
-165
-24
166
212
97
-37
-42
64
136
75
-69
-136
-57
67
93
-18
-155
-190
-84
80
174
147
48
-33
-55
1
94
170
214
184
50
-143
-292
-283
-103
108
190
104
-74
-181
-126
6
98
110
69
48
68
60
-7
-84
-104
-38
73
144
127
27
-96
-159
-106
24
123
102
-49
-206
-216
-71
88
110
6
-67
22
234
340
169
-151
-327
-177
157
343
210
-125
-356
-295
-50
137
118
-38
-166
-180
-103
5
105
157
111
-13
-128
-136
-20
114
131
32
-65
-61
9
11
-99
-223
-227
-106
16
48
2
-42
-15
45
52
9
-20
-9
23
41
49
85
128
107
-22
-213
-330
-266
-61
127
183
91
-73
-172
-171
-128
-75
9
123
201
196
93
-57
-134
-96
14
111
129
61
-64
-156
-166
-128
-82
-63
-53
-32
8
42
12
-73
-135
-85
95
307
398
301
114
-9
3
85
112
37
-60
-68
-8
-11
-131
-286
-327
-207
-23
92
82
40
85
219
313
257
84
-81
-70
128
327
332
88
-257
-499
-500
-302
-81
50
65
22
-17
-31
-41
-50
5
146
308
372
277
94
-31
-6
93
102
-25
-189
-258
-214
-149
-124
-94
14
168
225
117
-72
-158
-36
194
338
289
157
89
99
106
9
-184
-377
-413
-216
78
280
282
80
-192
-324
-236
-53
82
104
30
-34
4
113
188
166
66
-27
-17
91
193
179
46
-56
-42
50
136
127
5
-188
-353
-414
-338
-111
123
184
60
-125
-191
-69
86
97
-21
-95
16
267
447
346
-7
-354
-461
-304
-75
-13
-163
-319
-282
-33
235
285
90
-162
-258
-147
81
247
227
83
-75
-140
-65
73
124
-10
-251
-402
-264
106
414
418
119
-199
-275
-138
-6
-29
-130
-122
99
390
480
271
-68
-273
-207
53
237
150
-110
-308
-265
-13
218
217
-18
-270
-270
40
451
686
572
191
-128
-149
61
259
234
-17
-247
-236
-67
15
-97
-250
-237
18
359
500
345
42
-202
-295
-286
-226
-110
44
199
256
98
-233
-536
-583
-284
243
705
773
409
-131
-571
-753
-662
-391
-58
256
450
380
12
-444
-708
-612
-137
516
1025
1137
797
150
-516
-837
-648
-116
408
632
483
97
-259
-429
-470
-415
-227
65
363
575
571
302
-41
-253
-246
-47
236
472
537
419
158
-170
-383
-316
-34
225
267
76
-188
-303
-186
12
93
28
-80
-123
-74
-6
2
-20
2
84
122
18
-152
-277
-269
-116
11
-56
-245
-372
-366
-206
42
198
188
97
-28
-181
-273
-282
-288
-307
-279
-210
-125
4
76
-5
-105
-57
145
407
593
559
279
-109
-432
-628
-661
-496
-223
-34
-47
-171
-241
-148
126
424
548
515
484
474
405
258
45
-184
-285
-212
-102
-48
2
46
48
39
-16
-137
-194
-87
121
305
379
322
207
140
165
212
193
110
42
41
132
271
324
219
-49
-402
-637
-681
-586
-416
-209
15
218
375
405
282
124
31
61
197
314
320
159
-159
-476
-623
-581
-439
-306
-270
-256
-101
154
314
300
201
147
197
305
327
154
-86
-171
-104
-41
-15
-54
-197
-284
-212
-79
81
296
429
358
187
-1
-156
-128
75
293
410
344
87
-272
-585
-699
-560
-204
213
511
561
317
-36
-281
-327
-189
14
146
150
97
61
-4
-141
-332
-486
-451
-199
114
267
136
-178
-457
-520
-328
-10
246
270
87
-101
-170
-91
84
212
151
-14
-133
-209
-248
-298
-435
-588
-540
-199
218
461
429
150
-144
-188
-12
187
297
269
108
-75
-129
-51
65
182
263
285
320
444
578
618
565
431
270
178
202
283
313
275
231
295
522
769
830
665
427
341
473
589
401
-71
-519
-622
-297
185
490
569
510
374
152
-146
-422
-541
-387
-70
175
227
46
-267
-538
-654
-615
-513
-460
-521
-626
-675
-663
-637
-655
-726
-794
-815
-809
-781
-681
-502
-274
-85
-33
-143
-362
-618
-850
-940
-829
-612
-413
-340
-422
-547
-594
-561
-478
-352
-215
-75
78
198
201
61
-129
-256
-236
-79
97
224
276
286
278
222
127
63
141
354
569
655
566
433
393
473
664
868
1012
1143
1274
1330
1295
1222
1111
970
912
930
911
888
896
885
895
1019
1155
1140
1077
1053
961
838
765
652
553
628
770
796
706
598
597
819
1092
782
-624
-2849
-4815
-5386
-4389
-2849
-2056
-2230
-2193
-699
1905
3785
3433
1117
-1310
-1977
-660
1217
2127
1574
-36
-1964
-3570
-4407
-4205
-3004
-1235
412
1385
1518
922
-61
-952
-1323
-941
14
1066
1745
1793
1194
163
-870
-1465
-1395
-814
-238
-110
-444
-947
-1284
-1302
-1029
-588
-127
291
608
708
575
278
-105
-454
-626
-641
-624
-611
-580
-445
-112
369
801
1082
1218
1121
761
297
-55
-121
142
532
743
704
591
503
469
570
792
1087
1412
1639
1660
1544
1425
1319
1219
1166
1206
1368
1542
1550
1334
989
635
369
259
285
429
688
903
954
898
778
653
726
1126
1720
2256
2326
1580
40
-2079
-4414
-6221
-6735
-5893
-4462
-3468
-3196
-2560
-188
3492
6129
5646
2216
-1647
-3073
-1411
1395
3000
2529
478
-2097
-4295
-5656
-5868
-4667
-2334
202
2049
2723
2104
563
-1086
-2009
-1712
-271
1615
2998
3204
2175
412
-1285
-2126
-1855
-950
-202
-63
-409
-874
-1182
-1315
-1334
-1102
-415
606
1537
2054
2000
1432
658
-22
-515
-807
-950
-1114
-1290
-1303
-1122
-823
-425
79
683
1261
1491
1172
513
-68
-250
15
468
767
764
425
-210
-824
-1037
-728
9
937
1712
2112
2158
1890
1378
927
797
991
1354
1654
1701
1481
1092
671
423
560
1102
1779
2160
1970
1516
1374
1673
2104
2204
1671
835
312
-115
-1401
-3836
-6486
-7836
-6945
-4530
-2559
-1972
-1473
546
3778
6080
5346
1711
-2061
-3069
-1050
1836
3299
2468
-10
-2817
-4994
-6109
-5859
-4214
-1792
483
1953
2366
1824
711
-461
-1151
-931
206
1755
2947
3197
2328
607
-1190
-2206
-2130
-1367
-638
-382
-555
-782
-811
-793
-843
-702
-167
612
1342
1785
1797
1479
1054
553
26
-314
-451
-642
-1062
-1615
-2043
-2053
-1560
-872
-370
-104
111
404
734
911
809
548
360
405
598
640
366
-127
-621
-869
-722
-242
354
845
1175
1373
1444
1460
1453
1393
1292
1163
992
780
612
582
689
884
1102
1299
1482
1731
2103
2422
2370
1846
1188
946
1398
2250
2745
2284
937
-964
-3313
-5804
-7563
-7673
-5962
-3467
-1812
-1379
-663
1695
4901
6560
4932
822
-2686
-3037
-651
1948
2734
1398
-1082
-3478
-5159
-5989
-5681
-3988
-1383
1105
2648
2912
1974
405
-986
-1623
-1198
187
1805
2683
2367
1088
-588
-1927
-2334
-1831
-957
-234
74
-53
-395
-679
-851
-918
-708
-111
695
1407
1776
1685
1217
582
-16
-501
-832
-933
-860
-763
-777
-918
-1077
-1082
-772
-232
234
477
567
614
650
618
448
166
-21
34
184
226
118
-63
-213
-211
17
456
1010
1466
1604
1367
933
557
379
387
494
687
912
1003
958
902
927
1160
1603
1987
2140
2090
1808
1353
1062
1198
1680
2268
2576
2259
1400
88
-1971
-4723
-7108
-7802
-6341
-3649
-1617
-1178
-945
1033
4502
6959
6026
1799
-2697
-4005
-1623
1831
3549
2614
-115
-3071
-5157
-6129
-5904
-4263
-1551
1147
2852
3211
2342
738
-874
-1874
-1856
-701
1115
2616
2992
2087
347
-1411
-2356
-2196
-1352
-471
20
40
-181
-376
-520
-689
-753
-486
127
898
1524
1726
1425
787
70
-516
-767
-633
-358
-210
-273
-473
-661
-715
-654
-627
-623
-466
-157
136
265
186
46
143
563
975
1028
704
244
-68
-108
-21
-12
-15
165
498
821
1018
1006
812
626
542
511
593
814
989
995
918
809
739
914
1314
1665
1892
2015
1924
1739
1702
1711
1637
1579
1499
1128
120
-1904
-4790
-7231
-7636
-5700
-2780
-790
-338
-10
1865
4866
6539
4888
631
-3068
-3444
-751
2290
3254
1736
-994
-3445
-4994
-5653
-5290
-3681
-1217
1159
2627
2807
1858
336
-1129
-1967
-1735
-381
1455
2773
2878
1683
-234
-1909
-2612
-2261
-1328
-399
188
388
285
-58
-539
-914
-886
-342
512
1303
1748
1728
1257
510
-227
-717
-867
-713
-413
-162
-71
-159
-336
-445
-370
-183
-129
-310
-501
-430
-84
288
392
206
64
264
665
865
671
212
-217
-329
-105
209
431
526
514
431
345
332
379
466
608
781
935
1030
1023
832
552
460
645
968
1289
1500
1520
1468
1501
1528
1536
1742
2100
2276
2009
933
-1310
-4302
-6801
-7601
-6230
-3459
-1163
-510
-471
858
3763
6377
6282
2816
-1697
-3757
-2193
942
2879
2392
83
-2542
-4403
-5420
-5630
-4598
-2294
391
2410
3182
2632
1188
-411
-1583
-1920
-1131
500
2062
2724
2225
823
-858
-2053
-2318
-1787
-901
-81
384
455
304
30
-360
-644
-508
85
897
1595
1874
1603
925
91
-713
-1240
-1257
-851
-324
119
341
265
25
-158
-206
-131
11
-1
-294
-594
-628
-413
-60
288
448
447
487
552
480
309
126
-31
-12
242
500
564
447
209
-16
-39
133
341
558
819
1054
1186
1135
828
383
99
154
472
871
1147
1198
1177
1343
1713
2126
2416
2361
1864
1179
625
125
-790
-2557
-5013
-6988
-7028
-4947
-2236
-601
-186
515
2780
5748
6831
4366
-292
-3730
-3627
-739
2164
2926
1452
-942
-3053
-4505
-5246
-4953
-3371
-927
1428
2868
3022
2053
519
-942
-1764
-1537
-297
1362
2658
3055
2341
746
-1009
-2137
-2315
-1782
-1063
-582
-349
-130
104
170
21
-113
33
512
1105
1488
1472
1066
383
-398
-1024
-1280
-1147
-823
-558
-383
-141
198
465
499
245
-221
-694
-1066
-1380
-1496
-1109
-246
690
1295
1293
733
115
-135
-79
71
259
401
402
323
148
-235
-692
-947
-885
-488
259
1145
1763
1935
1724
1244
736
468
436
463
532
663
758
849
1093
1492
1898
2208
2287
1989
1469
1091
979
1042
1152
827
-682
-3414
-6216
-7528
-6441
-3541
-894
-85
-306
545
3097
5664
5819
2743
-1496
-3537
-2114
929
2934
2674
667
-1666
-3273
-4134
-4508
-4167
-2883
-1001
868
2197
2519
1748
433
-708
-1192
-757
445
1776
2608
2644
1763
194
-1351
-2248
-2440
-2175
-1666
-1030
-291
451
840
616
74
-223
-17
585
1283
1718
1644
1073
176
-790
-1461
-1626
-1414
-1026
-480
199
804
1102
895
129
-806
-1379
-1462
-1176
-619
-49
256
368
413
340
232
208
131
37
189
496
637
547
273
-188
-640
-840
-822
-547
173
1134
1830
2038
1820
1294
725
391
261
226
367
632
778
810
910
1047
1096
1088
1093
1171
1470
1963
2235
2046
1647
1183
627
81
-542
-1608
-3107
-4494
-5239
-5008
-3894
-2789
-2404
-2010
-282
2830
5742
6320
3597
-786
-3572
-2992
-181
2407
3080
1779
-311
-2069
-3386
-4523
-5121
-4543
-2714
-168
2194
3367
2878
1172
-779
-1997
-1813
-292
1630
2889
3043
2201
785
-617
-1615
-2151
-2232
-1825
-1026
-109
615
841
464
-167
-503
-296
284
870
1169
1090
757
332
-103
-445
-580
-541
-454
-368
-278
-196
-150
-205
-382
-556
-561
-367
-97
79
45
-144
-267
-136
191
433
331
-87
-474
-481
-117
284
432
313
100
0
63
155
217
336
540
800
1078
1227
1081
750
542
592
830
1048
971
623
416
606
999
1340
1526
1517
1371
1234
1198
1291
1573
1916
1906
1366
626
-140
-1288
-3031
-4925
-6115
-5793
-4038
-2232
-1549
-1313
-8
2624
5126
5467
2848
-957
-2861
-1635
1141
3122
3068
1296
-847
-2333
-3290
-4120
-4526
-4019
-2561
-478
1555
2585
2145
685
-903
-1726
-1213
351
1963
2853
2894
2279
1336
421
-400
-1224
-1914
-2165
-1831
-1028
-139
286
-8
-620
-927
-683
-14
782
1376
1622
1578
1287
758
123
-470
-965
-1252
-1185
-808
-385
-171
-218
-379
-442
-384
-349
-383
-389
-276
-105
-62
-220
-451
-626
-762
-846
-758
-432
107
712
1108
1133
909
637
381
209
226
379
533
640
667
565
432
390
396
397
450
539
581
663
913
1231
1500
1698
1690
1428
1203
1223
1342
1496
1725
1874
1827
1639
1188
428
-187
-530
-1302
-2949
-4940
-6236
-5893
-3963
-1996
-1338
-1241
-50
2444
4719
4898
2414
-895
-2194
-733
1687
3087
2762
1148
-693
-2051
-3126
-4117
-4559
-4098
-2902
-1203
609
1734
1599
472
-876
-1617
-1165
293
1910
3081
3719
3679
2786
1305
-280
-1615
-2391
-2458
-2045
-1444
-802
-432
-613
-1025
-1116
-783
-202
450
965
1293
1571
1707
1433
847
261
-266
-714
-919
-873
-710
-493
-368
-500
-719
-778
-801
-945
-1023
-893
-622
-260
28
-30
-314
-432
-310
-80
248
536
597
600
740
856
828
754
621
432
378
418
303
108
71
159
277
410
422
276
272
627
1178
1713
2085
2069
1686
1324
1249
1368
1536
1589
1308
799
504
586
850
1124
1174
785
173
-329
-930
-2069
-3588
-4778
-4910
-3738
-2074
-1348
-1864
-2251
-1134
1315
3538
3838
1915
-540
-1419
-295
1581
2802
2685
1421
-154
-1374
-2221
-2826
-3091
-2959
-2426
-1433
-267
374
110
-770
-1649
-1918
-1188
402
2255
3764
4454
4061
2885
1643
700
-173
-1199
-2157
-2564
-2103
-1087
-368
-513
-1285
-2054
-2379
-2024
-957
515
1865
2638
2710
2329
1880
1465
830
-88
-829
-950
-581
-196
-141
-471
-971
-1411
-1825
-2275
-2482
-2176
-1488
-632
300
1085
1466
1430
1076
575
285
344
471
524
670
889
927
646
83
-552
-877
-702
-276
119
451
701
804
816
882
1052
1280
1475
1500
1311
1051
909
891
850
720
526
321
270
555
1043
1394
1472
1334
1055
803
731
731
698
742
751
258
-971
-2666
-4263
-5071
-4722
-3770
-3190
-3126
-2810
-1523
715
2897
3546
2187
63
-1106
-638
949
2571
3273
2862
1826
566
-787
-1972
-2744
-3204
-3419
-3119
-2159
-841
253
484
-374
-1603
-2096
-1460
-112
1335
2376
2792
2824
2810
2720
2342
1581
474
-714
-1435
-1390
-956
-676
-736
-1058
-1435
-1614
-1569
-1477
-1327
-971
-491
-31
458
925
1133
1023
726
372
191
340
587
630
509
390
295
230
184
7
-356
-746
-1059
-1238
-1207
-1059
-1053
-1260
-1414
-1222
-587
312
1107
1557
1715
1779
1827
1813
1717
1574
1402
1184
890
493
92
-163
-260
-271
-238
-202
-217
-264
-264
-158
64
365
627
777
887
1016
1102
1111
1113
1148
1183
1154
974
626
263
33
-68
-100
-96
-84
-83
-65
-24
-83
-409
-1017
-1730
-2259
-2390
-2226
-2117
-2242
-2370
-2105
-1338
-372
277
271
-230
-727
-811
-387
390
1245
1865
2036
1716
1052
374
-19
-100
-83
-151
-243
-203
-20
116
-26
-470
-948
-1158
-1044
-729
-343
-18
157
227
310
479
732
945
918
658
388
236
152
60
-49
-101
-21
89
13
-288
-643
-888
-958
-887
-733
-486
-120
278
556
632
513
261
-58
-374
-580
-589
-434
-231
-64
49
134
210
224
117
-61
-191
-204
-68
208
540
842
1044
1061
876
606
381
244
191
230
369
579
760
763
495
39
-404
-650
-616
-348
26
358
538
554
447
270
107
30
51
160
312
390
317
156
-24
-226
-462
-733
-1007
-1173
-1115
-880
-611
-372
-197
-102
-40
7
-14
-109
-185
-186
-102
92
322
439
409
287
118
-51
-172
-260
-355
-397
-322
-192
-63
78
230
354
440
478
427
358
372
402
336
198
48
-104
-250
-375
-497
-564
-502
-379
-305
-226
-30
270
561
715
663
444
176
-67
-264
-360
-321
-224
-213
-326
-462
-515
-448
-286
-130
-83
-143
-266
-393
-409
-242
-3
119
67
-57
-138
-87
74
207
254
272
281
279
273
239
153
64
64
183
366
515
539
425
274
186
187
278
437
558
542
372
91
-200
-387
-429
-344
-148
119
340
402
319
162
-8
-131
-205
-248
-217
-100
7
41
26
-40
-182
-391
-633
-843
-927
-847
-680
-512
-388
-336
-368
-452
-513
-497
-386
-192
39
256
465
670
796
756
542
237
-13
-93
-23
73
116
106
43
-72
-209
-301
-250
-9
315
576
721
762
725
625
486
354
293
315
339
291
170
-4
-221
-438
-583
-605
-486
-278
-103
-40
-74
-159
-228
-202
-49
165
315
319
191
21
-112
-210
-317
-427
-473
-417
-287
-110
92
252
303
228
56
-136
-248
-244
-156
-14
146
258
273
202
76
-65
-171
-194
-96
136
431
654
706
588
380
202
149
226
370
480
453
277
54
-88
-115
-97
-116
-203
-301
-329
-295
-262
-241
-189
-72
69
151
131
43
-43
-96
-144
-226
-312
-350
-351
-356
-366
-343
-274
-198
-194
-325
-525
-647
-601
-411
-147
76
166
156
123
100
98
106
94
90
159
284
367
339
203
17
-128
-180
-181
-189
-199
-198
-145
25
277
472
518
422
247
97
59
78
51
-11
-41
-13
61
145
144
3
-185
-300
-314
-248
-144
-76
-51
-16
13
-30
-153
-281
-349
-317
-168
44
246
411
502
482
382
270
168
73
-3
-57
-81
-59
0
36
7
-57
-131
-180
-165
-105
-40
27
116
230
358
463
465
351
201
99
58
54
71
79
76
93
114
94
36
-32
-89
-103
-50
43
115
145
139
104
61
23
-24
-93
-151
-171
-198
-261
-333
-370
-327
-199
-63
-11
-61
-170
-293
-369
-349
-245
-118
-42
-48
-93
-113
-93
-77
-93
-92
-24
110
263
375
425
427
366
230
46
-127
-218
-200
-107
7
101
164
182
152
104
68
63
101
158
189
171
130
105
114
153
167
95
-25
-109
-113
-65
-33
-61
-130
-170
-137
-75
-71
-168
-346
-539
-651
-626
-510
-361
-195
-29
128
279
388
393
298
169
63
28
74
128
120
48
-66
-202
-311
-333
-275
-171
-54
57
147
221
272
270
238
246
307
363
362
297
207
154
138
116
67
16
-28
-87
-163
-228
-262
-260
-225
-161
-63
61
146
138
62
-6
-12
27
48
15
-44
-89
-114
-129
-142
-151
-170
-206
-244
-249
-200
-134
-106
-113
-120
-108
-84
-81
-108
-119
-93
-54
-27
9
81
173
224
195
121
79
106
156
170
155
156
191
225
213
166
138
157
200
224
204
155
102
33
-58
-142
-199
-227
-218
-172
-108
-41
10
48
101
189
291
344
314
228
128
50
-23
-116
-227
-336
-414
-447
-424
-342
-233
-150
-119
-102
-50
25
75
65
13
-9
41
129
189
172
76
-57
-147
-129
-16
117
183
164
114
96
112
112
64
1
-29
-12
20
31
27
31
55
86
113
133
146
158
175
192
191
143
44
-78
-167
-179
-136
-91
-83
-110
-142
-158
-155
-133
-86
-18
40
72
94
114
125
99
2
-131
-224
-234
-182
-144
-174
-253
-307
-313
-301
-286
-250
-167
-46
70
140
161
172
189
190
170
141
109
74
50
39
46
62
39
-22
-76
-87
-67
-44
-31
-24
-9
18
38
44
57
87
114
119
113
111
119
132
135
114
81
50
13
-40
-100
-146
-165
-147
-97
-41
-17
-34
-81
-126
-134
-99
-38
20
58
70
41
-9
-57
-94
-99
-78
-52
-18
27
89
143
178
189
172
152
128
92
53
17
-1
4
14
24
31
13
-35
-91
-128
-112
-24
116
260
372
429
417
368
311
250
164
46
-89
-203
-239
-195
-134
-108
-123
-157
-191
-208
-201
-184
-134
-57
0
26
37
41
28
4
-11
-19
-16
-9
-32
-101
-176
-210
-200
-158
-105
-85
-110
-153
-183
-175
-130
-66
-21
-20
-21
13
80
161
204
190
150
127
146
186
200
157
57
-63
-146
-163
-123
-61
-19
-13
-24
-26
-9
26
58
63
56
57
62
74
78
49
-8
-50
-35
24
73
77
13
-80
-135
-131
-74
-3
47
51
6
-58
-113
-148
-165
-162
-137
-87
-24
31
64
75
77
64
26
-33
-71
-57
0
61
66
20
-25
-39
-28
-33
-70
-108
-109
-61
17
88
137
169
191
206
210
199
169
103
17
-41
-45
-9
16
-7
-64
-110
-106
-68
-31
-25
-49
-74
-70
-22
55
114
101
16
-80
-125
-104
-51
-19
-36
-55
-19
57
119
122
51
-51
-116
-109
-47
13
23
-30
-102
-129
-95
-31
13
14
11
44
108
167
171
119
58
26
40
90
136
138
97
37
-5
6
57
91
73
25
-14
-31
-26
-21
-42
-78
-120
-151
-152
-103
-21
61
126
162
167
143
109
82
77
82
60
-1
-80
-145
-185
-212
-236
-236
-197
-131
-51
19
81
135
163
162
134
100
87
79
45
0
-38
-61
-71
-89
-120
-157
-180
-173
-132
-65
8
64
88
90
81
62
40
12
-7
2
21
25
-6
-54
-91
-96
-68
-37
-26
-33
-51
-67
-79
-81
-58
-7
52
81
61
11
-38
-56
-36
-3
14
-1
-40
-67
-61
-29
-11
-30
-60
-64
-24
41
87
87
54
19
1
-5
0
20
37
40
34
27
26
24
21
26
49
94
142
172
179
171
145
108
71
38
17
4
-17
-54
-105
-154
-180
-173
-132
-63
12
76
117
136
157
175
168
135
91
46
12
-10
-43
-84
-114
-128
-140
-160
-173
-164
-119
-31
68
139
164
138
77
26
21
66
119
131
85
7
-67
-110
-125
-131
-127
-91
-16
61
97
81
41
10
6
21
34
39
43
47
46
33
7
-33
-69
-77
-47
-3
24
24
11
9
24
41
49
37
22
27
35
21
-13
-57
-93
-99
-80
-54
-40
-28
-17
-17
-20
-31
-61
-98
-115
-94
-30
43
82
52
-25
-90
-111
-88
-48
-21
-3
10
23
34
23
-12
-62
-97
-91
-38
45
113
136
115
68
22
-22
-58
-61
-28
25
69
69
16
-65
-131
-147
-113
-40
43
101
123
116
85
40
0
-26
-36
-28
-18
-20
-26
-36
-57
-94
-139
-165
-147
-91
-27
17
39
49
61
83
102
96
72
54
46
40
40
41
24
-18
-68
-105
-100
-43
36
100
134
134
110
74
36
8
-6
-8
-1
2
-6
-20
-34
-48
-58
-51
-43
-53
-67
-60
-10
60
98
87
43
4
2
33
64
82
80
57
26
-6
-18
-7
12
26
28
24
9
-17
-39
-46
-36
-6
27
41
47
57
49
17
-9
-13
8
55
93
89
53
11
-14
-33
-51
-61
-61
-50
-36
-27
-16
12
57
104
132
130
112
100
106
119
108
52
-23
-68
-73
-58
-54
-69
-88
-106
-128
-152
-180
-190
-161
-112
-92
-87
-63
-55
-118
-267
-436
-521
-455
-294
-191
-207
-252
-202
-54
94
136
32
-117
-157
-35
191
413
529
493
341
153
6
-48
-20
45
133
252
363
368
226
7
-163
-182
-38
163
289
294
221
127
58
34
40
53
60
56
23
-44
-121
-177
-187
-146
-81
-27
-8
-17
-38
-58
-52
-7
78
185
264
275
224
151
97
84
117
168
193
163
103
54
38
51
43
-13
-86
-122
-80
15
87
87
23
-60
-100
-72
-4
51
59
21
-36
-85
-121
-137
-123
-94
-84
-103
-143
-194
-230
-235
-217
-189
-152
-109
-86
-90
-105
-111
-96
-67
-53
-73
-115
-153
-183
-214
-255
-280
-264
-216
-167
-146
-150
-163
-180
-193
-186
-134
-31
99
195
198
113
2
-67
-55
28
137
207
204
145
73
32
45
103
168
207
219
214
218
249
302
352
373
376
389
416
425
401
377
390
424
433
390
311
263
295
387
460
439
331
207
151
206
328
425
412
279
109
20
61
148
120
-119
-481
-724
-671
-397
-199
-346
-805
-1213
-1207
-781
-342
-334
-813
-1394
-1574
-1182
-543
-139
-216
-657
-1101
-1214
-902
-315
258
537
404
21
-255
-146
299
765
956
845
658
607
700
786
750
639
584
644
745
773
665
442
182
2
1
171
372
390
131
-291
-632
-689
-495
-260
-187
-332
-577
-744
-740
-593
-413
-311
-327
-423
-504
-488
-371
-231
-158
-163
-169
-108
2
74
53
-3
16
151
331
430
402
312
233
185
182
249
361
418
325
84
-143
-174
2
210
240
48
-205
-324
-242
-51
114
179
141
46
-38
-52
43
197
297
276
170
105
164
290
379
403
395
408
456
496
502
501
526
587
665
724
719
635
522
472
548
711
804
683
390
124
49
156
275
243
25
-325
-676
-846
-702
-317
-58
-347
-1164
-1864
-1717
-705
264
130
-1183
-2545
-2676
-1406
110
509
-469
-1825
-2347
-1709
-555
252
346
-51
-509
-700
-477
90
699
982
809
460
368
654
992
1010
744
587
807
1204
1326
986
484
282
516
896
1016
731
227
-191
-314
-134
174
339
153
-327
-800
-945
-701
-358
-265
-503
-826
-940
-796
-579
-495
-585
-727
-788
-735
-601
-435
-295
-212
-182
-160
-85
39
131
154
160
246
418
553
551
441
364
414
512
528
424
283
251
372
532
592
502
322
152
61
80
172
255
253
139
-34
-152
-128
5
105
73
-59
-182
-192
-65
123
257
264
159
23
-44
14
163
317
412
468
527
569
543
450
390
485
692
809
686
412
255
411
741
889
667
247
-14
64
305
394
207
-81
-226
-186
-157
-302
-531
-645
-633
-691
-959
-1270
-1266
-859
-443
-532
-1192
-1870
-1917
-1259
-520
-384
-898
-1473
-1521
-1032
-489
-319
-486
-644
-569
-350
-193
-130
-12
242
530
678
611
423
333
491
822
1103
1129
881
591
536
761
1035
1072
808
472
326
406
538
556
450
320
211
83
-70
-196
-225
-158
-105
-169
-328
-485
-564
-532
-419
-313
-306
-438
-611
-673
-560
-351
-204
-220
-343
-427
-381
-252
-133
-74
-69
-90
-117
-113
-32
106
216
201
55
-100
-112
64
297
396
289
69
-100
-108
25
183
246
180
41
-77
-105
-45
55
141
168
145
98
57
70
144
253
346
360
292
219
219
308
428
489
461
395
363
399
484
555
561
496
417
395
440
488
470
412
399
466
543
520
375
231
220
317
381
316
169
58
34
30
-1
-9
24
-15
-223
-495
-591
-415
-213
-337
-765
-1069
-885
-434
-315
-759
-1324
-1367
-820
-297
-373
-903
-1225
-983
-514
-377
-656
-889
-687
-218
13
-182
-459
-397
14
390
414
177
40
216
562
781
734
527
405
507
723
821
685
437
325
447
634
630
383
98
-3
68
112
19
-113
-144
-81
-71
-199
-351
-376
-298
-278
-403
-559
-575
-448
-341
-382
-523
-618
-602
-525
-455
-418
-392
-375
-355
-301
-216
-145
-130
-163
-195
-179
-119
-65
-34
-7
31
70
71
55
69
122
177
193
183
198
242
280
276
246
240
274
313
314
295
309
378
469
513
482
414
378
407
475
532
530
478
427
414
453
499
505
469
424
406
423
454
465
440
403
392
411
427
386
290
204
178
214
264
261
200
142
139
188
235
222
131
19
-23
51
169
187
50
-148
-261
-236
-181
-233
-360
-399
-308
-256
-405
-663
-743
-509
-238
-314
-734
-1072
-965
-557
-317
-489
-810
-866
-618
-387
-431
-616
-610
-341
-81
-79
-257
-314
-113
160
240
95
-53
-13
179
352
393
316
219
176
190
233
264
260
241
231
234
209
148
124
175
243
214
46
-124
-138
5
143
106
-70
-203
-203
-128
-109
-179
-263
-300
-305
-327
-356
-350
-312
-302
-366
-455
-485
-434
-373
-363
-398
-426
-419
-397
-385
-389
-383
-364
-361
-371
-376
-359
-308
-235
-160
-88
-33
-11
-6
14
85
215
338
386
360
321
342
443
558
613
609
595
622
691
755
781
777
776
769
750
718
682
666
667
671
660
638
622
600
561
500
426
360
324
327
351
371
357
299
217
126
54
24
31
58
71
52
16
5
36
62
15
-113
-216
-193
-76
0
-80
-258
-353
-273
-150
-203
-455
-683
-650
-394
-234
-400
-744
-873
-608
-225
-168
-549
-1003
-1076
-726
-357
-359
-669
-882
-755
-476
-405
-612
-786
-634
-253
-34
-183
-453
-449
-113
205
171
-129
-301
-125
216
375
237
41
51
253
409
361
223
191
296
393
355
253
240
359
481
440
254
103
113
234
306
247
142
116
179
214
123
-37
-128
-92
-11
-14
-115
-207
-204
-149
-160
-275
-399
-411
-297
-180
-187
-309
-423
-430
-329
-218
-182
-213
-264
-283
-258
-208
-144
-82
-34
-13
-17
-16
4
34
67
104
152
193
201
189
197
240
294
316
293
283
333
415
450
398
326
319
390
464
468
417
392
424
454
429
362
312
320
352
351
313
278
276
282
245
167
94
64
86
118
96
13
-78
-127
-108
-49
-16
-50
-119
-154
-122
-63
-57
-115
-167
-150
-90
-68
-110
-154
-128
-55
-20
-53
-125
-182
-195
-178
-136
-91
-114
-231
-348
-324
-162
-60
-183
-453
-595
-453
-210
-163
-366
-563
-516
-318
-248
-404
-558
-466
-200
-55
-190
-407
-393
-123
112
69
-156
-267
-114
148
278
222
119
106
183
253
274
283
308
333
319
259
202
205
263
304
271
160
61
74
174
256
213
76
-6
38
132
143
44
-55
-49
28
51
-20
-102
-105
-53
-55
-134
-199
-178
-108
-91
-156
-227
-224
-163
-128
-160
-217
-221
-160
-106
-105
-146
-171
-133
-73
-67
-128
-194
-175
-54
67
82
-7
-97
-79
52
181
214
172
131
150
211
267
307
337
352
350
348
366
400
426
429
418
403
405
425
441
444
410
327
228
172
195
250
265
194
74
-8
-43
-50
-42
-42
-63
-126
-212
-247
-186
-94
-81
-177
-295
-291
-145
-8
-5
-109
-183
-126
-2
71
63
41
64
100
102
72
62
109
171
160
57
-58
-84
-16
40
-10
-148
-256
-225
-96
-40
-162
-380
-484
-378
-205
-174
-322
-463
-426
-287
-254
-382
-499
-421
-214
-119
-241
-410
-384
-168
7
-32
-190
-230
-93
63
69
-58
-129
-39
123
207
169
95
77
128
173
165
130
136
196
250
249
186
124
132
196
232
181
94
65
123
200
197
108
19
4
43
61
16
-47
-58
-24
2
-18
-65
-85
-67
-60
-93
-153
-199
-199
-163
-120
-97
-106
-136
-168
-192
-197
-176
-141
-99
-66
-65
-82
-82
-47
7
39
32
9
27
108
194
230
210
166
155
191
241
273
296
317
321
312
313
333
367
376
337
269
219
215
232
241
222
173
129
108
108
106
74
24
-25
-59
-61
-41
-29
-46
-101
-172
-196
-145
-57
-20
-87
-185
-203
-106
24
55
-31
-119
-91
17
82
64
27
54
123
121
38
-2
90
234
252
88
-104
-126
49
209
139
-127
-348
-331
-127
33
-42
-299
-514
-518
-347
-204
-232
-382
-500
-498
-429
-398
-438
-468
-419
-352
-359
-434
-466
-354
-165
-84
-190
-354
-368
-188
34
118
33
-72
-57
74
208
253
215
162
155
195
254
305
337
339
318
283
239
218
236
271
279
233
168
140
160
196
189
121
37
-6
11
54
84
68
11
-44
-73
-69
-42
-22
-29
-59
-98
-116
-105
-89
-83
-76
-72
-75
-87
-110
-112
-88
-70
-73
-84
-71
-38
-10
-6
-27
-21
22
62
69
54
59
105
157
161
122
94
123
189
232
223
190
177
199
228
235
223
208
200
197
179
150
127
123
129
118
77
27
-2
-6
-11
-33
-61
-80
-78
-71
-82
-100
-101
-85
-77
-100
-136
-143
-96
-15
27
-16
-95
-122
-52
68
130
86
4
-7
84
201
233
159
87
117
224
279
213
101
70
151
246
238
125
35
46
116
138
55
-63
-111
-86
-72
-111
-171
-208
-217
-240
-307
-378
-396
-363
-340
-381
-464
-510
-479
-413
-376
-384
-408
-414
-396
-369
-331
-277
-217
-180
-185
-207
-196
-118
-10
46
28
-11
-12
55
152
193
159
111
103
136
168
180
182
186
185
174
163
177
222
242
207
159
146
184
238
243
197
144
125
146
170
174
155
121
99
88
84
79
68
56
34
9
-9
-13
0
13
10
-21
-68
-88
-55
8
37
-8
-85
-109
-44
54
105
76
9
-24
6
65
110
126
123
116
100
86
108
166
222
220
145
53
37
119
225
253
169
39
-25
13
93
143
116
41
-21
-61
-74
-55
-20
-9
-61
-154
-227
-231
-157
-75
-71
-139
-207
-206
-142
-73
-46
-65
-95
-110
-87
-24
51
90
61
-10
-34
40
159
225
181
91
74
159
263
284
219
155
154
197
226
202
153
129
128
105
54
20
24
51
61
17
-65
-137
-159
-133
-104
-116
-192
-291
-338
-299
-212
-173
-230
-336
-412
-402
-328
-278
-294
-341
-371
-355
-323
-303
-292
-270
-230
-213
-232
-246
-213
-134
-63
-50
-86
-109
-84
-33
2
8
26
65
73
36
6
43
151
228
165
0
-85
28
253
368
248
20
-86
21
224
313
201
27
-18
98
233
250
154
57
47
99
142
129
78
54
74
89
67
21
-4
26
78
88
37
-27
-19
75
168
169
73
-15
0
99
193
199
126
61
73
146
215
221
171
115
94
108
135
157
174
173
141
78
29
39
98
138
90
-23
-105
-90
-11
34
-10
-99
-153
-136
-80
-51
-61
-78
-82
-86
-106
-109
-54
29
65
11
-94
-138
-51
90
149
66
-74
-133
-59
61
98
20
-84
-109
-53
4
-7
-66
-101
-93
-83
-114
-157
-147
-80
-20
-41
-121
-177
-136
-17
61
18
-108
-194
-153
-20
80
49
-87
-200
-171
-21
99
92
-18
-115
-101
-10
54
38
-15
-41
-35
-24
-26
-14
23
41
10
-63
-122
-105
-50
-20
-45
-98
-116
-90
-68
-79
-100
-104
-91
-82
-80
-77
-71
-69
-88
-112
-118
-112
-106
-118
-136
-135
-111
-83
-73
-76
-89
-105
-104
-81
-51
-35
-45
-61
-55
-22
7
1
-17
-14
13
29
16
6
45
124
171
138
74
71
147
225
224
151
100
138
228
273
230
163
134
160
204
219
204
178
162
148
139
133
119
109
101
95
91
73
56
67
84
82
55
14
6
42
75
72
44
28
44
64
59
35
33
60
80
81
71
70
90
107
101
89
82
88
93
74
60
56
52
52
46
35
18
-17
-49
-50
-27
-24
-78
-144
-157
-118
-81
-112
-196
-257
-239
-165
-115
-122
-168
-205
-206
-183
-155
-145
-154
-165
-173
-167
-140
-116
-114
-128
-140
-136
-136
-140
-129
-97
-60
-75
-134
-171
-139
-54
-16
-65
-148
-186
-119
4
65
17
-84
-133
-76
33
92
58
-14
-31
32
113
130
73
16
23
73
85
28
-23
10
96
129
46
-82
-126
-41
78
94
-17
-143
-160
-58
65
99
6
-125
-165
-80
57
127
76
-19
-52
18
122
152
96
29
26
79
126
125
101
110
132
125
75
25
45
110
146
113
37
-6
13
70
116
111
54
-9
-23
17
81
105
61
4
-12
11
33
23
23
57
98
105
34
-37
2
124
193
129
30
0
30
105
161
138
62
-5
-6
47
116
157
119
31
-23
-9
44
88
97
90
71
33
-17
-54
-25
48
78
34
-45
-73
-32
17
20
-27
-75
-84
-64
-50
-59
-80
-87
-81
-81
-95
-126
-149
-151
-128
-92
-78
-100
-137
-148
-99
-23
-5
-77
-166
-172
-77
31
43
-56
-167
-173
-61
46
44
-51
-133
-114
-15
63
37
-61
-114
-71
11
39
-18
-90
-85
0
53
0
-100
-141
-77
10
13
-74
-157
-136
-26
60
33
-79
-155
-127
-31
40
18
-64
-118
-89
-4
57
44
-17
-70
-61
1
58
67
34
8
11
51
95
100
65
24
30
83
129
133
89
48
69
128
173
158
95
53
67
116
156
154
116
77
70
87
110
122
113
93
80
68
59
66
85
103
96
64
32
21
41
77
92
66
13
-26
-25
6
34
21
-28
-70
-78
-48
0
35
34
-7
-52
-61
-17
44
63
18
-52
-74
-34
18
27
-6
-31
-34
-29
-30
-28
-6
24
37
3
-57
-75
-40
8
27
4
-50
-97
-98
-55
-8
-2
-57
-114
-104
-32
27
7
-74
-125
-86
4
51
6
-75
-90
-17
66
73
1
-66
-67
0
74
74
-10
-100
-118
-54
27
38
-36
-121
-138
-78
-14
-12
-64
-112
-96
-31
-1
-40
-97
-103
-46
3
0
-34
-48
-16
27
34
5
-26
-23
9
32
11
-35
-53
-23
32
56
17
-47
-75
-37
33
73
39
-29
-47
2
58
58
10
-30
-27
14
57
71
57
39
30
30
35
40
39
37
47
77
102
106
95
75
68
83
93
89
69
49
62
105
146
143
86
30
18
48
84
76
38
15
34
81
96
56
6
-16
7
40
44
22
-12
-28
-23
-18
-20
-19
-19
-30
-48
-70
-70
-31
14
26
-18
-80
-105
-79
-24
5
-12
-52
-67
-43
-6
22
10
-31
-68
-83
-65
-30
3
14
-10
-49
-77
-57
-4
25
13
-28
-45
-14
31
57
34
-18
-47
-38
-9
-2
-30
-64
-68
-41
-20
-25
-55
-86
-100
-90
-61
-44
-49
-64
-73
-59
-40
-38
-47
-54
-55
-50
-57
-66
-53
-22
3
3
-16
-41
-48
-25
4
11
4
-6
0
24
40
33
2
-24
-21
1
34
49
30
-3
-19
-9
4
8
3
1
10
30
54
52
36
21
10
15
26
30
28
30
50
67
54
24
-3
-6
25
53
55
37
21
42
83
104
88
43
8
7
33
64
75
64
56
63
67
47
24
17
33
55
55
40
17
15
45
63
55
18
-22
-18
11
38
55
64
68
60
44
31
27
48
84
97
78
37
4
3
29
43
11
-34
-54
-38
-1
23
18
-11
-35
-39
-36
-33
-37
-30
-8
7
10
1
-16
-24
-25
-20
-15
-16
-27
-29
-10
12
24
3
-37
-57
-58
-44
-34
-41
-53
-61
-58
-43
-36
-52
-74
-79
-54
-23
-14
-40
-77
-74
-41
-20
-26
-58
-83
-64
-15
17
5
-36
-69
-64
-27
8
13
-14
-51
-67
-58
-30
6
23
16
-6
-28
-39
-38
-26
-9
-5
-17
-36
-33
-11
0
-9
-26
-29
-11
2
2
3
11
13
6
-10
-29
-33
-20
2
13
0
-28
-46
-37
-14
10
14
-13
-38
-37
-9
27
41
38
20
4
2
3
14
35
60
68
51
33
27
33
40
46
41
26
18
23
38
55
59
48
31
26
32
40
46
48
53
60
58
48
37
36
44
52
49
32
18
9
13
24
24
17
-7
-33
-31
-13
5
24
32
27
22
21
18
18
33
45
48
41
17
8
19
29
28
10
-6
-14
-13
-5
3
11
10
1
-15
-29
-24
-11
0
7
5
0
2
-3
-9
-11
-14
-11
-9
-17
-20
-7
7
11
6
-9
-19
-26
-30
-29
-27
-29
-38
-53
-64
-67
-76
-88
-91
-87
-68
-51
-53
-56
-51
-45
-45
-48
-44
-31
-17
-4
0
0
0
0
0
0
0
0
0
0
0
0
0
0
0
0
0
0
0
0
0
0
0
0
0
0
0
0
0
0
0
0
0
0
0
0
0
0
0
0
0
0
0
0
0
0
0
0
0
0
0
0
0
0
0
0
0
0
0
0
0
0
0
0
0
0
0
0
0
0
0
0
0
0
0
0
0
0
0
0
0
0
0
0
0
0
0
0
0
0
0
0
0
0
0
0
0
0
0
0
0
0
0
0
0
0
0
0
0
0
0
0
0
0
0
0
0
0
0
0
0
0
0
0
0
0
0
0
0
0
0
0
0
0
0
0
0
0
0
0
0
0
0
0
0
0
0
0
0
0
0
0
0
0
0
0
0
0
0
0
0
0
0
0
0
0
0
0
0
0
0
0
0
0
0
0
0
0
0
0
0
0
0
0
0
0
0
0
0
0
0
0
0
0
0
0
0
0
0
0
0
0
0
0
0
0
0
0
0
0
0
0
0
0
0
0
0
0
0
0
0
0
0
0
0
0
0
0
0
0
0
0
0
0
0
0
0
0
0
0
0
0
0
0
0
0
0
0
0
0
0
0
0
0
0
0
0
0
0
0
0
0
0
0
0
0
0
0
0
0
0
0
0
0
0
0
0
0
0
0
0
0
0
0
0
0
0
0
0
0
0
0
0
0
0
0
0
0
0
0
0
0
0
0
0
0
0
0
0
0
0
0
0
0
0
0
0
0
0
0
0
0
0
0
0
0
0
0
0
0
0
0
0
0
0
0
0
0
0
0
0
0
0
0
0
0
0
0
0
0
0
0
0
0
0
0
0
0
0
0
0
0
0
0
0
0
0
0
0
0
0
0
0
0
0
0
0
0
0
0
0
0
0
0
0
0
0
0
0
0
0
0
0
0
0
0
0
0
0
0
0
0
0
0
0
0
0
0
0
0
0
0
0
0
0
0
0
0
0
0
0
0
0
0
0
0
0
0
0
0
0
0
0
0
0
0
0
0
0
0
0
0
0
0
0
0
0
0
0
0
0
0
0
0
0
0
0
0
0
0
0
0
0
0
0
0
0
0
0
0
0
0
0
0
0
0
0
0
0
0
0
0
0
0
0
0
0
0
0
0
0
0
0
0
0
0
0
0
0
0
0
0
0
0
0
0
0
0
0
0
0
0
0
0
0
0
0
0
0
0
0
0
0
0
0
0
0
0
0
0
0
0
0
0
0
0
0
0
0
0
0
0
0
0
0
0
0
0
0
0
0
0
0
0
0
0
0
0
0
0
0
0
0
0
0
0
0
0
0
0
0
0
0
0
0
0
0
0
0
0
0
0
0
0
0
0
0
0
0
0
0
0
0
0
0
0
0
0
0
0
