45
50
44
44
57
74
93
100
112
105
80
72
55
58
84
83
93
110
108
115
109
81
70
61
64
79
95
92
71
60
44
48
53
46
45
29
24
31
31
29
31
34
37
40
36
21
1
0
-4
-8
3
11
7
-4
-17
-33
-30
-21
-11
17
29
24
14
-4
-17
-21
-33
-38
-30
-27
-18
-17
-30
-34
-30
-21
-6
1
-7
-11
-17
-23
-18
-13
-8
9
17
17
19
17
25
29
39
57
82
106
107
102
90
64
55
64
93
133
148
152
146
139
130
120
132
153
176
199
207
226
232
211
197
169
145
145
143
146
156
148
127
100
60
10
-30
-79
-138
-161
-163
-137
-79
-34
-10
2
-4
-2
23
56
84
88
51
-14
-85
-147
-187
-201
-202
-200
-201
-211
-217
-211
-186
-145
-95
-47
-7
11
11
-2
-21
-40
-49
-41
-31
-29
-35
-51
-70
-84
-82
-68
-42
-7
20
37
45
53
68
76
83
81
74
88
112
120
122
94
54
64
108
167
226
240
242
245
240
257
298
363
428
500
557
623
524
95
-422
-905
-1073
-736
-202
263
440
221
-115
-295
-271
-46
278
512
601
577
440
242
20
-196
-316
-313
-224
-84
7
-7
-97
-216
-288
-259
-139
33
184
271
290
245
160
64
-9
-41
-28
12
48
55
17
-71
-211
-335
-381
-343
-202
-40
63
98
47
-38
-89
-93
-51
19
59
35
-16
-85
-139
-151
-150
-129
-93
-64
-34
-19
-29
-47
-63
-69
-59
-33
-7
4
-11
-44
-77
-106
-114
-96
-65
-21
21
49
53
29
3
-19
-32
-22
-5
28
61
68
62
51
52
52
54
79
92
98
98
66
67
90
99
150
189
218
260
270
284
285
239
150
-4
-179
-308
-340
-259
-124
-21
13
-20
-81
-114
-76
10
110
200
245
237
190
111
20
-60
-114
-120
-99
-73
-55
-65
-97
-129
-146
-131
-87
-28
24
49
8
-83
-171
-227
-208
-132
-51
-2
-5
-49
-100
-141
-158
-147
-119
-87
-60
-49
-68
-108
-156
-198
-213
-196
-153
-108
-75
-64
-81
-107
-118
-105
-74
-39
-11
11
18
7
-18
-38
-47
-42
-20
6
23
21
-7
-43
-61
-60
-28
24
71
114
149
163
158
155
146
140
160
184
215
280
322
350
403
451
524
386
-6
-485
-938
-1008
-672
-185
253
383
184
-86
-240
-220
-28
217
363
434
441
366
243
48
-181
-336
-387
-324
-173
-46
8
-27
-125
-202
-216
-151
-31
91
188
237
229
180
90
-19
-106
-143
-127
-71
-14
8
-14
-72
-133
-167
-179
-187
-191
-184
-150
-82
-12
11
-4
-51
-109
-133
-126
-99
-68
-48
-50
-66
-86
-106
-123
-141
-149
-139
-112
-77
-51
-43
-54
-74
-94
-100
-94
-88
-80
-74
-71
-66
-64
-50
-38
-29
-17
-13
-5
7
9
17
19
4
-7
-7
7
38
54
74
92
97
105
101
111
134
154
196
247
298
356
396
435
436
325
41
-339
-684
-835
-668
-308
56
258
211
32
-111
-149
-59
105
253
339
370
350
271
126
-68
-250
-350
-341
-240
-107
-18
2
-41
-107
-148
-141
-85
2
94
167
197
182
124
34
-58
-130
-154
-129
-68
-15
2
-40
-150
-266
-347
-342
-226
-76
46
105
74
-9
-82
-125
-137
-124
-111
-101
-88
-79
-78
-94
-137
-184
-201
-185
-129
-61
-10
7
-20
-63
-101
-120
-116
-98
-85
-72
-68
-76
-86
-101
-97
-82
-54
-13
19
37
27
0
-13
-13
1
40
79
110
127
117
100
89
93
105
120
159
208
267
332
397
454
467
371
54
-371
-760
-961
-780
-350
91
354
306
74
-128
-199
-116
54
205
292
332
325
266
139
-58
-263
-398
-423
-327
-161
-28
27
-4
-84
-144
-161
-123
-40
53
135
189
197
147
48
-68
-159
-201
-188
-130
-57
-6
-3
-34
-80
-108
-120
-148
-178
-207
-195
-129
-52
6
16
-33
-108
-168
-188
-168
-113
-56
-37
-44
-72
-102
-121
-145
-166
-168
-156
-133
-99
-68
-67
-83
-109
-140
-149
-137
-114
-90
-75
-62
-44
-30
-20
-18
-32
-39
-41
-40
-30
-20
-16
-19
-13
6
28
62
94
106
116
109
102
106
116
140
177
219
275
336
391
454
460
352
38
-403
-800
-984
-798
-369
74
341
322
114
-78
-147
-86
49
178
258
314
337
301
191
-8
-238
-406
-454
-376
-217
-65
20
23
-42
-104
-131
-112
-54
22
107
174
204
187
109
-11
-133
-208
-216
-166
-89
-30
-6
-17
-45
-73
-86
-85
-97
-116
-133
-150
-139
-96
-49
-26
-46
-102
-155
-176
-161
-107
-46
-14
-13
-31
-63
-83
-119
-167
-184
-194
-155
-89
-57
-58
-93
-147
-180
-179
-155
-104
-54
-23
-1
15
13
-1
-19
-49
-71
-63
-46
-17
17
19
17
17
11
21
40
68
100
138
166
165
169
159
150
174
219
283
367
474
531
515
343
-90
-569
-947
-1058
-748
-252
182
414
347
130
-30
-86
-42
65
158
228
315
374
360
238
-8
-282
-472
-520
-417
-229
-51
50
61
20
-37
-75
-81
-53
4
81
163
221
222
147
18
-117
-218
-255
-215
-137
-56
-2
10
-5
-35
-64
-81
-73
-46
5
58
67
30
-60
-177
-267
-304
-280
-201
-109
-41
-7
-12
-46
-73
-95
-105
-95
-76
-46
-24
-24
-52
-108
-172
-234
-265
-261
-220
-163
-114
-78
-66
-66
-70
-61
-46
-24
5
18
17
12
-5
-27
-59
-89
-94
-82
-53
-13
9
21
46
71
88
114
138
136
150
165
164
215
252
290
350
397
461
442
337
45
-397
-766
-990
-880
-475
-40
282
363
218
58
-16
-10
60
148
204
264
326
336
269
95
-155
-381
-505
-491
-354
-176
-38
33
34
1
-29
-49
-41
-8
50
122
186
217
184
91
-33
-153
-230
-246
-208
-143
-83
-42
-21
-21
-35
-53
-66
-63
-37
7
63
87
57
-26
-156
-277
-342
-340
-265
-158
-71
-11
0
-33
-67
-101
-124
-118
-99
-65
-20
-5
-19
-71
-153
-229
-284
-297
-274
-223
-158
-97
-57
-40
-46
-64
-78
-83
-65
-26
17
44
51
31
-12
-58
-93
-105
-94
-63
-26
8
34
48
68
84
107
140
162
194
230
263
298
327
353
390
422
407
341
169
-185
-555
-840
-922
-682
-298
64
295
300
187
104
74
98
154
194
220
261
302
304
221
33
-200
-390
-480
-441
-314
-171
-50
18
36
40
33
21
23
37
74
133
185
205
170
80
-33
-133
-201
-217
-194
-149
-92
-45
-17
-4
-3
-10
-17
-11
13
49
89
115
99
30
-78
-205
-295
-320
-291
-200
-98
-27
14
0
-47
-88
-126
-132
-97
-44
4
31
21
-28
-102
-185
-251
-287
-283
-235
-172
-109
-57
-39
-43
-63
-83
-80
-72
-48
-5
31
58
56
23
-19
-65
-95
-97
-80
-48
-11
30
59
82
101
114
130
148
180
213
250
292
321
345
371
406
442
426
344
169
-145
-471
-748
-858
-686
-369
-28
222
275
215
156
116
120
148
168
196
243
285
298
243
83
-131
-328
-449
-451
-364
-242
-120
-37
11
40
46
49
45
38
57
104
165
207
199
132
28
-80
-166
-207
-210
-188
-147
-101
-60
-20
6
10
2
-6
-6
22
53
95
109
44
-27
-136
-215
-233
-230
-202
-147
-138
-146
-117
-125
-90
-46
-70
-79
-86
-101
-57
-32
-43
-61
-130
-201
-236
-249
-229
-193
-174
-151
-117
-86
-57
-46
-46
-48
-45
-34
-13
11
27
21
3
-17
-37
-51
-57
-54
-47
-19
20
55
102
134
150
179
189
209
244
250
264
301
343
392
444
445
368
245
9
-307
-573
-784
-789
-563
-267
31
211
221
182
141
114
141
165
177
216
264
300
300
212
39
-165
-339
-426
-416
-334
-217
-108
-31
18
47
54
52
50
51
74
122
180
224
212
144
51
-52
-128
-169
-189
-178
-150
-110
-57
-18
6
16
4
-3
4
31
66
104
129
69
1
-79
-163
-160
-170
-174
-139
-141
-109
-63
-80
-73
-86
-115
-87
-63
-47
-13
-18
-44
-60
-98
-124
-145
-179
-194
-188
-166
-122
-79
-54
-39
-39
-43
-33
-16
5
23
28
30
28
18
10
-10
-30
-47
-50
-27
11
62
100
132
157
178
193
214
235
249
266
272
291
314
351
382
417
427
360
266
62
-213
-452
-654
-675
-504
-274
-18
149
183
192
179
154
165
166
171
209
244
286
308
249
122
-45
-217
-326
-354
-322
-242
-154
-80
-20
18
40
56
57
53
64
91
140
193
211
187
122
32
-45
-103
-142
-159
-157
-137
-102
-62
-28
-5
-3
-9
-13
-2
17
63
76
31
5
-61
-84
-63
-77
-78
-99
-141
-141
-132
-130
-103
-105
-110
-95
-84
-55
-34
-49
-71
-105
-139
-136
-137
-135
-132
-155
-162
-157
-140
-109
-89
-75
-67
-54
-33
-15
2
14
10
-1
-6
-7
-4
-13
-26
-30
-27
-10
13
38
62
81
101
127
157
194
224
244
259
273
284
308
347
383
411
384
303
172
-59
-299
-503
-634
-584
-433
-245
-53
47
84
114
111
120
140
136
158
191
222
266
268
200
88
-62
-202
-286
-315
-296
-244
-188
-135
-89
-50
-16
5
7
6
20
52
97
143
166
156
119
44
-18
-47
-90
-110
-111
-132
-123
-108
-95
-62
-55
-66
-66
-66
-83
-72
-57
-54
-30
-25
-26
-19
-40
-63
-69
-99
-124
-135
-150
-139
-128
-123
-107
-107
-126
-134
-151
-163
-154
-139
-122
-116
-121
-125
-126
-129
-130
-131
-121
-107
-96
-69
-41
-24
-9
-2
-7
-7
-12
-17
-13
-18
-17
-6
7
33
54
63
71
79
84
110
130
149
184
193
215
232
250
281
301
341
360
354
321
245
126
-37
-214
-369
-454
-448
-360
-248
-141
-57
-8
28
51
70
91
97
100
123
159
198
215
190
126
37
-50
-123
-168
-188
-190
-178
-167
-148
-111
-83
-64
-48
-44
-30
-13
11
48
80
97
100
88
74
65
39
2
-31
-65
-79
-83
-85
-80
-113
-141
-161
-188
-170
-152
-137
-102
-91
-88
-69
-66
-49
-26
-43
-60
-78
-98
-89
-84
-96
-97
-114
-144
-158
-170
-165
-149
-151
-147
-137
-133
-116
-101
-94
-79
-74
-71
-59
-44
-23
-7
2
9
12
10
11
12
15
20
24
30
33
40
50
56
57
60
61
58
62
67
72
80
82
86
95
101
111
118
118
127
142
147
150
147
134
121
101
78
63
53
54
64
77
90
100
112
120
118
115
118
116
112
111
110
108
104
105
111
113
113
110
100
97
97
101
106
100
87
82
82
86
90
87
81
74
71
70
67
69
70
67
65
63
61
61
63
58
54
47
39
39
38
41
44
38
35
37
40
38
31
29
30
34
37
37
36
30
25
17
13
16
13
11
8
2
-3
-3
2
6
6
3
0
-2
-2
0
1
3
0
-3
-1
0
2
-4
-11
-14
-14
-11
-8
-8
-8
-7
-4
0
1
-2
-8
-14
-15
-13
-7
4
5
3
0
-4
-4
-6
-9
-9
-9
-12
-10
-4
3
8
9
9
7
3
3
5
1
-2
-2
-3
-1
4
5
5
3
3
0
-6
-7
-8
-7
-4
-4
-6
-6
-4
-6
-10
-11
-13
-15
-17
-19
-15
-11
-10
-11
-11
-16
-22
-21
-16
-14
-18
-23
-23
-18
-17
-20
-23
-27
-27
-27
-31
-35
-32
-29
-30
-27
-23
-21
-23
-26
-28
-27
-25
-26
-25
-24
-24
-23
-21
-20
-27
-34
-35
-37
-40
-38
-33
-32
-31
-29
-29
-31
-31
-30
-30
-30
-33
-30
-24
-24
-26
-27
-30
-28
-27
-33
-36
-34
-30
-28
-27
-31
-29
-27
-24
-19
-20
-24
-32
-34
-33
-30
-23
-22
-25
-29
-26
-20
-25
-31
-34
-37
-37
-34
-28
-26
-26
-24
-25
-30
-31
-27
-25
-30
-32
-30
-26
-27
-30
-32
-31
-32
-37
-42
-45
-40
-33
-33
-35
-36
-37
-40
-39
-34
-27
-28
-32
-30
-31
-31
-30
-31
-30
-33
-36
-31
-28
-29
-27
-24
-24
-25
-27
-27
-31
-33
-26
-18
-17
-19
-25
-27
-27
-30
-29
-28
-26
-26
-26
-27
-26
-27
-28
-30
-30
-26
-24
-24
-22
-23
-22
-24
-26
-24
-23
-24
-27
-27
-25
-24
-21
-18
-17
-20
-20
-19
-16
-10
-13
-15
-11
-7
-4
-4
-6
-6
-9
-8
-8
-11
-14
-14
-6
-5
-8
-8
-9
-5
-4
-6
-10
-14
-11
-7
-4
0
0
-3
-7
-9
-8
-9
-9
-3
-5
-6
-5
-6
-4
-2
0
1
0
1
1
-3
-3
-6
-10
-12
-11
-5
-1
-2
-6
-11
-9
-8
-9
-13
-9
-5
-3
-3
-4
-1
-2
-6
-7
-8
-2
2
0
-1
-3
-5
-7
-7
-4
-3
-4
-8
-13
-8
-4
-4
-5
-5
-6
-8
-3
0
-4
-8
-13
-13
-10
-12
-13
-12
-12
-9
-8
-11
-12
-11
-9
-9
-9
-8
-9
-9
-9
-8
-9
-7
-5
-6
-8
-10
-10
-11
-13
-14
-17
-15
-13
-13
-15
-16
-13
-13
-15
-16
-15
-14
-10
-10
-11
-11
-11
-12
-11
-11
-14
-16
-18
-19
-20
-23
-19
-16
-20
-21
-21
-22
-21
-18
-17
-17
-19
-26
-27
-24
-23
-23
-22
-24
-26
-27
-27
-27
-27
-23
-20
-22
-24
-24
-25
-24
-21
-20
-21
-22
-23
-24
-25
-26
-27
-27
-28
-28
-27
-27
-30
-34
-34
-36
-31
-27
-30
-36
-40
-40
-34
-31
-32
-33
-34
-35
-35
-35
-30
-28
-32
-33
-31
-29
-27
-30
-30
-28
-29
-27
-28
-32
-35
-34
-27
-24
-26
-27
-28
-28
-26
-24
-23
-24
-27
-28
-24
-17
-10
-16
-25
-26
-26
-24
-16
-17
-27
-29
-30
-30
-24
-25
-31
-32
-29
-24
-24
-25
-23
-20
-18
-21
-20
-21
-23
-20
-20
-15
-14
-22
-24
-21
-21
-22
-20
-21
-24
-23
-17
-15
-17
-15
-11
-13
-13
-14
-14
-11
-12
-11
-7
-7
-6
-7
-13
-17
-12
-8
-10
-11
-10
-8
-10
-9
-8
-10
-11
-10
-11
-9
-7
-10
-15
-13
-10
-8
-3
-3
-10
-14
-15
-11
-5
-5
-7
-10
-12
-10
-9
-5
-2
-8
-13
-16
-15
-8
-4
-2
-6
-6
-1
-4
-3
-6
-9
-7
-6
-2
-2
-5
-5
-8
-8
-7
-6
-5
-10
-14
-14
-8
-3
-7
-11
-10
-7
-7
-8
-10
-11
-9
-4
-4
-11
-17
-20
-20
-21
-18
-18
-19
-18
-16
-13
-16
-17
-17
-16
-18
-19
-13
-10
-8
-11
-17
-14
-11
-9
-10
-13
-16
-17
-13
-7
-4
-7
-13
-22
-24
-16
-12
-14
-17
-23
-26
-23
-14
-12
-15
-18
-21
-19
-15
-12
-8
-10
-17
-22
-19
-15
-17
-19
-19
-16
-15
-17
-20
-22
-24
-26
-24
-22
-20
-18
-20
-21
-20
-21
-16
-14
-18
-20
-16
-13
-15
-17
-21
-17
-14
-13
-12
-14
-18
-19
-18
-16
-14
-13
-13
-16
-19
-20
-19
-18
-18
-17
-18
-17
-18
-17
-13
-13
-17
-20
-21
-20
-17
-16
-15
-12
-11
-13
-15
-17
-18
-15
-7
-2
-5
-11
-14
-16
-19
-16
-12
-12
-13
-13
-11
-10
-11
-14
-17
-15
-14
-11
-13
-16
-14
-13
-12
-14
-15
-13
-10
-9
-10
-10
-10
-9
-6
-8
-10
-9
-5
-1
-4
-10
-12
-10
-6
-3
0
1
0
0
-3
0
4
4
5
5
0
-2
1
3
6
6
4
1
-2
0
3
6
7
11
12
13
15
13
10
10
14
17
15
15
15
14
13
10
8
8
7
11
13
8
7
7
6
4
4
8
8
8
13
7
2
5
5
7
10
11
10
13
17
21
17
9
10
13
15
17
20
20
20
20
17
16
17
15
13
16
14
11
12
14
11
8
10
15
12
10
15
16
11
11
15
17
12
6
5
8
11
12
10
6
6
7
7
5
2
0
0
3
4
7
7
9
10
4
-1
0
5
9
10
7
3
6
9
9
10
9
8
8
12
15
11
8
7
10
13
12
10
12
14
13
15
16
13
10
12
13
12
15
11
9
11
10
7
5
8
13
14
10
7
7
8
10
10
10
10
9
6
3
0
1
2
5
5
3
-1
-3
-2
1
7
10
7
2
-1
1
7
10
10
10
10
6
3
4
9
13
11
9
7
7
10
12
11
6
5
6
7
6
0
-4
-2
-4
-3
2
0
-5
-10
-10
-7
-2
-2
-5
-2
2
2
0
-4
-8
-7
0
3
3
2
-2
-3
-1
0
1
-1
-3
-4
-5
-1
2
3
3
-2
-6
-3
3
1
-1
-2
-3
-1
3
4
3
3
1
-2
-5
-1
6
3
-2
-1
0
-1
-1
0
0
0
2
3
0
0
-1
-2
-3
-4
-3
-2
-3
-4
-7
-2
4
2
-1
1
3
2
-1
-1
4
3
3
9
10
7
4
6
4
-1
-2
-3
-4
-4
-2
1
5
0
-1
0
-3
0
4
4
1
-1
-2
-2
2
6
5
3
0
-1
2
0
1
5
4
-1
-1
2
1
2
2
5
6
2
-1
-1
0
-5
-12
-11
-6
0
-1
-4
-2
-1
0
3
3
-1
-3
3
7
4
1
0
1
2
1
-4
-7
-3
-3
-8
-8
-8
-10
-11
-10
-7
-5
-10
-12
-5
-1
0
-1
0
-1
-4
-3
-4
-6
-2
1
0
-1
0
2
0
-6
-6
-4
-8
-8
-8
-10
-8
-12
-9
-4
-3
-4
-7
-8
-7
-8
-7
-9
-10
-12
-14
-10
-6
-3
-7
-10
-4
-3
-2
-7
-11
-6
-1
-2
-5
-6
-6
-5
-3
-8
-10
-9
-10
-12
-12
-12
-12
-9
-7
-10
-10
-9
-7
-5
-5
-4
-4
-5
-5
-7
-9
-8
-6
-5
-7
-5
-4
-5
-2
2
0
0
2
-1
-2
-3
-2
-1
-1
-2
-3
-1
0
2
4
-1
-7
-6
-3
0
4
3
0
-1
2
3
6
7
5
4
6
10
8
7
7
5
4
2
4
7
6
3
-1
-3
-1
2
3
1
-3
1
8
11
9
5
7
12
11
11
9
10
11
8
7
10
12
13
9
7
8
5
3
6
10
11
9
9
10
9
8
10
12
13
13
9
6
7
11
14
14
14
13
14
14
13
13
10
6
5
7
8
8
10
13
14
10
6
7
10
12
10
10
8
10
21
25
21
14
8
7
11
18
23
23
16
9
10
14
14
13
10
10
11
15
17
14
12
10
7
5
5
8
13
13
12
13
12
9
7
9
12
13
9
5
8
16
18
16
13
13
15
15
13
14
12
6
7
15
19
19
15
8
7
8
5
6
7
6
6
6
8
13
11
8
9
10
8
7
8
8
9
9
6
-1
-5
-4
0
3
3
2
0
-3
-6
-6
-2
1
3
2
-5
-9
-7
-7
-8
-9
-7
-7
-7
-8
-9
-9
-8
-5
-6
-10
-12
-13
-7
-6
-6
-3
1
3
2
-2
-3
-5
-9
-10
-9
-11
-16
-19
-14
-7
-4
-7
-13
-17
-18
-19
-16
-14
-17
-14
-11
-11
-13
-17
-18
-16
-15
-17
-19
-20
-21
-22
-20
-18
-20
-20
-19
-22
-22
-22
-25
-22
-20
-18
-17
-21
-21
-20
-21
-17
-14
-13
-15
-18
-16
-13
-13
-14
-14
-13
-14
-14
-13
-13
-16
-17
-13
-10
-11
-15
-19
-25
-26
-18
-9
-9
-17
-22
-24
-17
-11
-13
-15
-17
-17
-11
-7
-6
-9
-9
-11
-16
-17
-14
-10
-10
-12
-11
-9
-9
-8
-7
-10
-12
-9
-8
-9
-8
-10
-8
-7
-12
-11
-13
-13
-8
-11
-25
-35
-43
-50
-70
-80
-70
-77
-88
-141
-169
-180
-175
-112
-138
-146
-138
-162
-150
-155
-154
-153
-155
-142
-139
-130
-126
-132
-142
-157
-167
-180
-195
-208
-228
-255
-281
-301
-319
-340
-360
-389
-425
-447
-456
-458
-457
-452
-444
-428
-401
-361
-323
-277
-218
-163
-119
-71
-28
-31
-34
-28
-31
-20
10
36
58
69
41
-5
-51
-77
-90
-103
-94
-51
4
38
76
99
88
98
102
104
105
86
76
80
62
31
15
-8
-15
-21
-20
0
25
34
29
74
86
56
45
25
18
10
17
46
65
87
84
68
57
40
24
27
51
64
63
72
81
65
35
0
-32
-61
-79
-77
-67
-53
-42
-39
-28
1
21
46
88
139
181
196
198
190
165
113
73
69
49
18
-6
-29
-50
-61
-75
-90
-97
-102
-103
-104
-104
-97
-89
-74
-55
-30
7
43
78
105
115
113
111
105
85
83
83
64
57
46
30
24
26
36
52
75
75
68
64
49
39
34
30
28
16
4
2
2
0
3
-5
-18
-16
-13
-10
0
-3
0
5
4
28
42
49
58
53
51
59
67
80
75
57
50
45
47
57
63
59
46
37
44
52
61
73
70
54
47
45
49
62
65
61
51
32
30
29
31
41
31
20
3
-10
9
15
10
6
-11
-18
-20
-34
-34
-30
-36
-34
-34
-40
-44
-53
-66
-51
-45
-40
-36
-67
-74
-77
-71
-52
-47
-49
-79
-98
-95
-78
-54
-55
-73
-89
-111
-114
-95
-84
-80
-91
-118
-119
-115
-110
-89
-90
-100
-110
-109
-106
-84
-68
-70
-60
-68
-62
-41
-35
-12
-2
-6
9
7
23
43
58
76
75
77
69
82
96
116
138
136
136
126
140
162
186
206
189
198
200
204
220
134
76
46
31
99
99
54
-18
-131
-168
-130
-80
-48
-85
-175
-229
-250
-215
-133
-111
-128
-175
-217
-210
-162
-105
-63
-58
-86
-100
-101
-63
-22
7
-4
-34
-37
-49
-34
-33
-70
-81
-118
-130
-139
-196
-216
-252
-262
-246
-270
-304
-352
-392
-393
-362
-334
-320
-342
-372
-370
-349
-297
-246
-226
-215
-212
-202
-170
-119
-64
-36
-31
-28
-13
20
58
89
103
100
104
113
132
167
178
196
205
207
239
264
269
259
258
222
166
151
123
123
117
58
18
-37
-93
-87
-102
-112
-131
-189
-206
-207
-218
-198
-185
-197
-194
-198
-191
-162
-148
-121
-89
-87
-72
-57
-31
2
19
46
62
71
82
84
99
116
120
119
116
109
109
99
85
83
68
51
32
8
-1
-32
-58
-71
-96
-107
-132
-152
-159
-174
-185
-181
-183
-183
-175
-172
-158
-155
-149
-123
-108
-93
-78
-81
-72
-67
-60
-37
-27
-24
-22
-28
-25
-17
-13
-1
2
-2
3
6
13
26
32
37
46
56
66
70
83
99
117
134
148
155
172
195
215
242
249
276
301
322
367
384
372
367
327
294
317
313
333
340
267
218
160
126
159
164
147
111
30
-23
-22
-16
12
10
-32
-54
-75
-73
-31
-3
12
7
-14
-19
0
37
73
101
101
96
97
108
136
158
175
184
176
164
139
130
139
133
117
93
68
46
28
12
-16
-40
-63
-80
-85
-103
-126
-145
-150
-152
-149
-153
-158
-161
-168
-145
-129
-119
-105
-94
-78
-65
-48
-30
-16
2
20
35
51
63
75
90
103
111
116
123
144
147
164
181
176
200
205
216
232
250
284
294
331
337
337
333
324
329
277
259
263
283
291
226
154
100
85
120
136
111
37
-34
-55
-34
4
9
-24
-73
-105
-99
-66
-32
-21
-27
-41
-37
-17
10
47
62
74
77
81
94
115
135
152
162
159
155
156
164
170
168
146
114
96
89
82
65
21
-16
-32
-41
-40
-62
-109
-140
-158
-145
-125
-139
-147
-174
-189
-170
-155
-130
-120
-125
-122
-114
-94
-71
-50
-38
-33
-30
-23
-10
5
18
28
36
45
57
71
86
97
93
100
98
109
134
135
158
156
167
191
197
231
245
260
285
284
272
276
244
210
209
202
239
234
161
108
53
49
90
96
75
23
-53
-67
-43
-16
3
-34
-84
-107
-101
-67
-38
-29
-42
-57
-60
-43
-12
15
40
38
34
37
54
90
105
119
116
111
114
116
128
111
97
86
54
43
40
24
10
-16
-53
-64
-85
-96
-98
-124
-136
-154
-164
-147
-145
-154
-160
-172
-170
-153
-140
-125
-117
-124
-116
-99
-79
-51
-42
-35
-23
-21
-6
13
27
48
46
51
67
77
105
108
117
117
122
129
158
174
183
208
189
222
255
282
311
270
248
196
157
207
226
259
219
111
41
18
60
116
110
46
-41
-98
-85
-36
-7
-20
-74
-126
-134
-107
-64
-44
-58
-76
-97
-85
-45
-18
17
13
9
10
11
48
71
84
87
79
79
85
98
112
102
74
53
37
45
41
-5
-5
-55
-72
-51
-91
-86
-126
-171
-165
-175
-166
-151
-180
-193
-202
-199
-172
-159
-163
-163
-159
-156
-124
-109
-97
-85
-89
-73
-61
-51
-29
-21
-13
-3
4
27
42
54
65
66
82
87
108
120
124
141
137
170
174
192
222
226
272
242
221
212
137
153
171
178
205
130
47
11
1
50
80
34
-27
-96
-128
-84
-51
-46
-67
-127
-154
-142
-113
-81
-72
-85
-103
-110
-88
-46
-10
3
-3
-10
-9
14
51
68
74
71
56
66
78
76
67
50
26
13
19
2
-5
-37
-73
-88
-101
-104
-116
-138
-160
-169
-178
-172
-174
-181
-185
-199
-195
-175
-166
-150
-139
-132
-125
-115
-101
-84
-64
-50
-34
-23
-7
9
20
37
46
61
73
81
92
98
116
134
136
153
169
180
204
221
226
241
272
259
250
222
136
156
178
212
238
135
48
1
2
70
101
50
-34
-113
-119
-52
-13
-18
-61
-137
-150
-126
-83
-42
-54
-81
-105
-100
-67
-24
6
3
-4
-11
-2
29
67
87
86
72
65
77
76
83
90
62
71
34
-13
20
-5
2
-8
-74
-92
-112
-116
-88
-106
-142
-168
-191
-172
-140
-139
-146
-162
-181
-156
-133
-114
-100
-112
-114
-99
-74
-42
-20
-18
-20
-17
-5
23
55
65
69
69
73
102
122
152
155
145
168
166
204
232
244
263
253
273
247
235
170
148
204
215
234
156
54
21
27
74
105
60
-18
-86
-105
-56
-7
-15
-53
-117
-151
-119
-77
-46
-49
-89
-105
-99
-62
-10
3
-3
-13
-21
0
31
56
74
66
50
51
51
64
67
55
48
31
13
3
-18
-32
-33
-51
-63
-88
-109
-114
-122
-123
-138
-159
-164
-171
-167
-163
-163
-154
-156
-158
-142
-142
-125
-102
-101
-78
-71
-62
-40
-34
-9
5
10
31
42
57
71
81
86
112
142
133
140
161
172
192
219
232
241
259
237
228
147
119
191
214
241
154
36
4
11
77
114
50
-34
-101
-118
-64
-17
-16
-58
-144
-167
-137
-87
-43
-66
-98
-126
-118
-69
-28
-9
-25
-42
-39
-9
33
60
68
47
34
23
27
61
54
45
32
-4
-7
-13
-22
-18
-37
-63
-74
-95
-99
-102
-104
-106
-136
-147
-152
-147
-134
-129
-132
-144
-147
-133
-115
-98
-93
-84
-80
-69
-46
-23
-6
6
9
20
44
60
88
97
95
107
117
148
172
182
197
194
214
242
254
288
260
224
151
116
199
245
268
174
36
1
34
114
150
82
-22
-94
-95
-31
24
2
-59
-143
-163
-112
-55
-22
-51
-103
-130
-113
-59
-11
4
-14
-45
-42
-9
34
67
64
45
21
5
32
63
57
53
22
-14
-13
-21
-12
-8
-46
-63
-84
-101
-91
-98
-105
-119
-149
-154
-155
-148
-133
-136
-147
-153
-147
-133
-102
-92
-89
-77
-77
-46
-19
-2
17
14
24
45
61
87
103
102
111
130
143
176
176
185
194
210
243
268
273
227
170
110
162
231
258
203
63
-12
12
75
137
92
-18
-102
-121
-61
6
6
-57
-132
-178
-141
-75
-43
-53
-112
-149
-127
-76
-27
-18
-40
-61
-57
-21
26
50
45
27
6
1
29
49
50
37
-4
-22
-24
-24
-13
-18
-51
-81
-94
-100
-90
-96
-108
-127
-162
-162
-156
-147
-142
-151
-166
-169
-161
-142
-121
-114
-107
-101
-84
-69
-39
-22
-7
0
9
38
61
79
87
90
100
127
144
171
178
183
199
213
240
263
245
188
106
113
194
257
244
110
-4
-13
58
131
121
11
-94
-127
-84
-10
5
-48
-126
-187
-170
-107
-55
-57
-114
-165
-162
-110
-53
-31
-53
-87
-89
-58
0
34
37
3
-42
-27
0
44
58
24
-19
-54
-51
-20
0
-15
-53
-95
-106
-89
-68
-66
-90
-128
-155
-149
-132
-110
-112
-136
-157
-154
-130
-98
-83
-97
-100
-93
-68
-27
-7
5
4
12
44
60
96
94
114
124
123
169
174
190
210
217
238
260
253
219
151
133
200
255
248
151
36
23
77
136
137
41
-53
-88
-60
0
18
-29
-96
-147
-137
-76
-41
-49
-98
-148
-135
-91
-37
-20
-54
-81
-90
-48
2
32
28
-18
-59
-47
0
32
45
-12
-60
-71
-57
-6
-4
-38
-81
-121
-108
-78
-66
-74
-115
-156
-156
-134
-116
-103
-133
-149
-158
-142
-100
-86
-82
-98
-96
-77
-40
3
3
3
4
22
64
81
94
98
94
118
145
167
179
183
195
221
242
231
153
113
143
207
253
175
61
5
26
104
127
61
-34
-102
-83
-23
5
-19
-89
-148
-158
-110
-66
-61
-92
-137
-146
-125
-80
-45
-57
-78
-89
-74
-20
17
14
-26
-68
-58
-4
36
39
-20
-72
-95
-60
-10
-11
-42
-112
-136
-112
-77
-60
-90
-143
-172
-163
-135
-108
-117
-143
-159
-162
-127
-100
-98
-98
-111
-98
-61
-30
-2
-7
-13
1
27
62
85
97
89
97
136
151
178
193
182
207
210
234
228
132
133
175
219
249
139
48
29
52
133
114
24
-53
-101
-56
-6
-6
-43
-111
-155
-124
-80
-57
-69
-122
-139
-136
-97
-47
-50
-67
-87
-81
-47
-5
-10
-42
-49
-45
-6
13
-4
-27
-66
-63
-31
-22
-21
-61
-91
-83
-74
-61
-65
-98
-125
-120
-110
-91
-91
-116
-124
-131
-111
-79
-74
-80
-77
-74
-51
-20
-10
6
8
16
50
67
84
110
97
122
158
149
187
191
192
237
219
250
228
127
156
184
241
267
143
67
50
73
163
144
46
-16
-71
-21
38
19
-16
-94
-131
-90
-56
-31
-55
-106
-124
-111
-69
-38
-37
-68
-79
-67
-30
15
-29
-44
-47
-48
-3
-13
-23
-35
-61
-37
-25
-38
-54
-77
-85
-74
-68
-68
-79
-113
-111
-110
-104
-95
-115
-115
-124
-124
-99
-83
-75
-70
-77
-62
-37
-22
6
5
16
47
59
86
93
100
115
127
155
158
177
187
201
220
221
233
168
126
153
198
244
203
104
47
49
100
147
90
-1
-55
-61
-4
17
-15
-65
-128
-131
-82
-54
-53
-88
-128
-125
-100
-63
-38
-58
-80
-78
-62
-63
-53
-36
-31
-33
-52
-60
-50
-35
-31
-38
-72
-89
-83
-74
-61
-81
-107
-112
-114
-100
-95
-108
-124
-130
-127
-120
-115
-114
-107
-103
-88
-70
-67
-52
-39
-25
-19
2
22
36
61
55
94
93
120
142
136
171
159
183
200
202
229
194
123
139
160
209
223
115
57
39
61
136
99
20
-43
-78
-21
25
4
-42
-107
-139
-91
-52
-47
-74
-125
-129
-95
-71
-41
-50
-81
-86
-85
-75
-55
-28
-30
-57
-81
-90
-60
-33
-34
-58
-105
-117
-84
-59
-54
-86
-122
-125
-111
-84
-88
-109
-133
-132
-109
-98
-88
-104
-116
-98
-84
-54
-34
-48
-25
-22
4
33
36
47
45
64
86
104
116
123
131
139
163
169
193
196
188
181
114
133
156
175
186
100
54
43
60
103
77
10
-39
-58
-29
7
-16
-57
-101
-116
-80
-58
-57
-80
-114
-115
-94
-63
-56
-54
-82
-127
-88
-57
-22
-27
-90
-100
-95
-70
-30
-50
-87
-105
-110
-69
-50
-69
-89
-121
-119
-91
-81
-78
-97
-118
-107
-94
-82
-74
-95
-100
-86
-58
-26
-23
-24
-22
-19
13
41
57
61
64
75
99
118
123
141
134
149
170
175
198
185
171
139
126
154
176
167
108
51
44
74
100
76
16
-31
-50
-28
-3
-13
-47
-90
-106
-87
-67
-59
-80
-101
-108
-98
-81
-63
-79
-117
-117
-100
-57
-54
-85
-104
-126
-101
-71
-70
-83
-113
-121
-96
-89
-81
-96
-119
-111
-110
-94
-91
-110
-106
-102
-105
-88
-85
-83
-77
-81
-57
-44
-40
-15
-21
-1
15
34
57
57
68
74
101
111
120
127
134
155
154
176
177
170
159
120
136
142
153
150
96
60
45
60
81
62
2
-27
-45
-32
-5
-29
-48
-84
-100
-77
-62
-62
-71
-88
-92
-83
-67
-80
-92
-85
-76
-76
-91
-90
-97
-83
-72
-85
-93
-107
-98
-73
-70
-80
-104
-107
-89
-76
-68
-78
-89
-88
-71
-68
-67
-64
-64
-46
-36
-23
-19
-22
-1
17
30
40
37
54
75
87
108
102
106
124
131
157
158
159
168
165
173
153
135
129
137
151
139
101
75
69
77
75
54
23
0
-5
7
8
-14
-38
-51
-50
-43
-43
-50
-61
-95
-94
-80
-80
-68
-100
-128
-118
-119
-88
-87
-122
-125
-135
-113
-74
-79
-86
-102
-113
-75
-52
-54
-51
-73
-62
-44
-39
-24
-34
-38
-19
-10
8
14
15
25
25
54
60
69
77
72
90
108
115
126
130
126
139
140
163
174
166
167
147
138
141
147
146
128
100
75
74
71
76
60
26
5
-9
0
0
-20
-43
-57
-59
-53
-46
-69
-86
-101
-105
-91
-94
-97
-105
-118
-121
-114
-108
-100
-105
-113
-106
-108
-91
-79
-80
-75
-81
-70
-57
-51
-48
-54
-54
-49
-32
-17
-4
-8
-4
7
17
23
39
48
56
77
70
94
88
99
125
118
154
142
133
155
144
171
164
134
141
131
147
148
105
91
69
64
86
61
43
20
-9
8
2
-5
-17
-53
-57
-59
-62
-56
-76
-91
-97
-102
-97
-110
-104
-112
-117
-112
-128
-120
-120
-123
-121
-133
-127
-116
-106
-97
-103
-111
-104
-93
-78
-67
-73
-68
-64
-50
-35
-32
-25
-22
-6
6
14
16
30
36
47
70
70
80
80
98
105
121
128
128
141
139
143
146
146
134
132
130
127
130
96
72
67
53
66
47
20
12
-18
-21
-15
-29
-30
-57
-75
-65
-63
-65
-77
-90
-104
-96
-93
-97
-98
-114
-105
-100
-104
-99
-107
-104
-103
-102
-98
-97
-91
-92
-80
-72
-70
-58
-58
-52
-46
-34
-24
-16
-1
-3
14
23
29
48
46
55
67
68
94
108
113
128
127
130
147
155
159
163
147
164
174
162
166
143
154
153
127
116
86
82
73
59
54
17
14
10
-1
3
-24
-33
-37
-54
-41
-52
-63
-57
-76
-75
-72
-81
-75
-84
-90
-82
-85
-87
-85
-86
-88
-91
-84
-81
-75
-76
-73
-63
-61
-51
-46
-43
-35
-32
-27
-12
-5
7
21
24
38
44
49
57
61
77
92
93
101
101
118
122
133
138
127
143
143
155
148
144
147
136
133
131
118
101
96
86
83
60
30
30
16
23
10
-23
-27
-40
-31
-34
-54
-54
-64
-67
-64
-76
-79
-85
-87
-75
-84
-90
-93
-103
-94
-89
-85
-90
-103
-93
-89
-83
-78
-81
-64
-64
-57
-36
-49
-40
-29
-27
-8
-3
7
27
14
28
41
29
54
53
61
84
68
97
104
93
114
95
113
122
114
128
100
110
114
102
120
88
83
78
61
74
56
34
18
-2
2
3
-16
-30
-45
-51
-41
-45
-51
-63
-77
-77
-78
-76
-77
-79
-86
-91
-91
-93
-84
-90
-92
-91
-103
-94
-105
-105
-95
-103
-92
-94
-93
-73
-75
-66
-50
-48
-35
-34
-34
-18
-15
-6
7
5
21
33
38
57
52
54
61
66
77
85
87
93
95
94
105
98
109
110
100
106
87
81
74
69
69
62
45
36
27
16
12
-4
-3
-18
-28
-32
-48
-37
-45
-40
-42
-57
-49
-61
-55
-52
-56
-61
-69
-67
-62
-60
-71
-73
-82
-71
-67
-70
-67
-86
-68
-67
-55
-44
-49
-28
-38
-30
-16
-14
1
2
6
15
18
27
40
44
50
52
44
60
61
69
73
63
75
71
81
86
83
90
81
74
88
82
80
74
52
61
54
44
50
28
21
14
-5
0
-12
-18
-16
-33
-23
-36
-40
-31
-39
-31
-46
-46
-38
-44
-44
-48
-55
-49
-50
-51
-49
-63
-55
-57
-58
-48
-60
-50
-49
-48
-34
-41
-33
-25
-23
-15
-16
-13
-6
-4
2
6
8
15
14
15
20
21
-2
0
0
0
0
0
0
0
0
0
0
0
0
0
0
0
0
0
0
0
0
0
0
0
0
0
0
0
0
0
0
0
0
0
0
0
0
0
0
0
0
0
0
0
0
0
0
0
0
0
0
0
0
0
0
0
0
0
0
0
0
0
0
0
0
0
0
0
0
0
0
0
0
0
0
0
0
0
0
0
0
0
0
0
0
0
0
0
0
0
0
0
0
0
0
0
0
0
0
0
0
0
0
0
0
0
0
0
0
0
0
0
0
0
0
0
0
0
0
0
0
0
0
0
0
0
0
0
0
0
0
0
0
0
0
0
0
0
0
0
0
0
0
0
0
0
0
0
0
0
0
0
0
0
0
0
0
0
0
0
0
0
0
0
0
0
0
0
0
0
0
0
0
0
0
0
0
0
0
0
0
0
0
0
0
0
0
0
0
0
0
0
0
0
0
0
0
0
0
0
0
0
0
0
0
0
0
0
0
0
0
0
0
0
0
0
0
0
0
0
0
0
0
0
0
0
0
0
0
0
0
0
0
0
0
0
0
0
0
0
0
0
0
0
0
0
0
0
0
0
0
0
0
0
0
0
0
0
0
0
0
0
0
0
0
0
0
0
0
0
0
0
0
0
0
0
0
0
0
0
0
0
0
0
0
0
0
0
0
0
0
0
0
0
0
0
0
0
0
0
0
0
0
0
0
0
0
0
0
0
0
0
0
0
0
0
0
0
0
0
0
0
0
0
0
0
0
0
0
0
0
0
0
0
0
0
0
0
0
0
0
0
0
0
0
0
0
0
0
0
0
0
0
0
0
0
0
0
0
0
0
0
0
0
0
0
0
0
0
0
0
0
0
0
0
0
0
0
0
0
0
0
0
0
0
0
0
0
0
0
0
0
0
0
0
0
0
0
0
0
0
0
0
0
0
0
0
0
0
0
0
0
0
0
0
0
0
0
0
0
0
0
0
0
0
0
0
0
0
0
0
0
0
0
0
0
0
0
0
0
0
0
0
0
0
0
0
0
0
0
0
0
0
0
0
0
0
0
0
0
0
0
0
0
0
0
0
0
0
0
0
0
0
0
0
0
0
0
0
0
0
0
0
0
0
0
0
0
0
0
0
0
0
0
0
0
0
0
0
0
0
0
0
0
0
0
0
0
0
0
0
0
0
0
0
0
0
0
0
0
0
0
0
0
0
0
0
0
0
0
0
0
0
0
0
0
0
0
0
0
0
0
0
0
0
0
0
0
0
0
0
0
0
0
0
0
0
0
0
0
0
0
0
0
0
0
0
0
0
0
0
0
0
0
0
0
0
0
0
0
0
0
0
0
0
0
0
0
0
0
0
0
0
0
0
0
0
0
0
0
0
0
0
0
0
0
0
0
0
0
0
0
0
0
0
0
0
0
0
0
0
0
0
0
0
0
0
0
0
0
0
0
0
0
0
0
0
0
0
0
0
0
0
0
0
0
0
0
0
0
0
0
0
0
0
0
0
0
0
0
0
0
0
0
0
0
0
0
0
0
0
0
0
0
0
0
0
0
0
0
0
0
0
0
0
0
0
0
0
0
0
0
0
0
0
0
0
0
0
0
0
0
0
0
0
0
0
0
0
0
0
0
0
0
0
0
0
0
0
0
0
0
0
0
0
0
0
0
0
0
0
0
0
0
0
0
0
0
0
0
0
0
0
0
0
0
0
0
0
0
0
0
0
0
0
0
0
0
0
0
0
0
0
0
0
0
0
0
0
0
0
0
0
0
0
0
0
0
0
0
0
0
0
0
0
0
0
0
0
0
0
0
0
0
0
0
0
0
0
0
0
0
0
0
0
0
0
0
0
0
0
0
0
0
0
0
0
0
0
0
0
0
0
0
0
0
0
0
0
0
0
0
0
0
0
0
0
0
0
0
0
0
0
0
0
0
0
0
0
0
0
0
0
0
0
0
0
0
0
0
0
0
0
0
0
0
0
0
0
0
0
0
0
0
0
0
0
0
0
0
0
0
0
0
0
0
0
0
0
0
0
0
0
0
0
0
0
0
0
0
0
0
0
0
0
0
0
0
0
0
0
0
0
0
0
0
0
0
0
0
0
0
0
0
0
0
0
0
0
0
0
0
0
0
0
0
0
0
0
0
0
0
0
0
0
0
0
0
0
0
0
0
0
0
0
0
0
0
0
0
0
0
0
0
0
0
0
0
0
0
0
0
0
0
0
0
0
0
0
0
0
0
0
0
0
0
0
0
0
0
0
0
0
0
0
0
0
0
0
0
0
0
0
0
0
0
0
0
0
0
0
0
0
0
0
0
0
0
0
0
0
0
0
0
0
0
0
0
0
0
0
0
0
0
0
0
0
0
0
0
0
0
0
0
0
0
0
0
0
0
0
0
0
0
0
0
0
0
0
0
0
0
0
0
0
0
0
0
0
0
0
0
0
0
0
0
0
0
0
0
0
0
0
0
0
0
0
0
0
0
0
0
0
0
0
0
0
0
0
0
0
0
0
0
0
0
0
0
0
0
0
0
0
0
0
0
0
0
0
0
0
0
0
0
0
0
0
0
0
0
0
0
0
0
0
0
0
0
0
0
0
0
0
0
0
0
0
0
0
0
0
0
0
0
0
0
0
0
0
0
0
0
0
0
0
0
0
0
0
0
0
0
0
0
0
0
0
0
0
0
0
0
