-2
1
6
8
6
3
3
6
10
10
8
3
0
-1
-2
-2
-4
-5
-5
-3
0
1
2
3
5
8
10
10
10
9
9
10
10
9
6
3
3
5
9
11
12
12
11
11
11
10
9
6
5
4
2
-1
-5
-9
-11
-13
-14
-17
-20
-21
-24
-26
-28
-30
-31
-30
-30
-31
-33
-28
-13
3
13
11
0
-5
3
18
30
30
19
4
-4
-7
-7
-9
-11
-14
-14
-10
-6
-4
-4
-2
4
13
20
17
9
2
5
13
19
19
15
12
14
22
31
34
31
28
31
44
58
60
50
40
39
47
56
62
61
54
46
37
30
18
-16
-77
-133
-141
-110
-87
-109
-169
-213
-200
-139
-73
-39
-32
-20
12
60
92
83
46
18
21
44
61
46
3
-34
-43
-31
-14
-10
-22
-36
-36
-20
5
21
11
-15
-43
-59
-54
-32
-12
-7
-11
-16
-18
-11
7
26
39
54
79
110
140
160
164
166
180
196
210
236
256
249
221
203
208
216
160
-64
-392
-596
-540
-307
-129
-188
-455
-702
-718
-481
-120
189
321
322
307
333
375
383
344
284
232
195
136
20
-132
-250
-280
-243
-186
-147
-145
-149
-119
-40
50
103
92
28
-61
-134
-152
-108
-46
-26
-65
-126
-153
-122
-58
-1
27
27
28
48
83
112
116
97
89
120
178
226
237
221
212
232
267
294
297
283
276
281
207
-111
-605
-929
-835
-432
-95
-123
-497
-873
-908
-567
-29
431
609
556
467
456
490
482
399
267
146
81
22
-99
-259
-354
-327
-210
-80
-16
-43
-78
-29
111
257
305
221
64
-77
-163
-182
-152
-106
-65
-55
-89
-147
-169
-134
-77
-33
-25
-46
-62
-39
12
57
44
-25
-70
-17
113
219
263
274
280
305
353
382
347
285
246
237
280
240
-124
-725
-1110
-984
-498
-61
-20
-374
-767
-858
-563
-23
468
671
641
582
567
538
427
242
65
6
78
146
53
-194
-401
-411
-223
41
214
190
53
-15
75
255
359
280
44
-226
-384
-384
-286
-194
-149
-145
-169
-192
-199
-192
-178
-139
-61
41
125
135
65
-29
-89
-86
-8
114
213
250
234
208
214
261
304
296
245
207
197
179
156
178
248
214
-107
-624
-975
-869
-392
70
159
-182
-674
-953
-815
-310
276
647
714
586
404
250
170
160
200
263
299
229
41
-166
-258
-174
24
205
237
110
-48
-76
68
262
330
192
-88
-378
-543
-524
-379
-229
-159
-159
-184
-196
-181
-143
-86
-12
77
154
177
143
78
18
-27
-47
-15
69
144
158
131
121
169
259
321
295
205
139
146
190
229
249
256
199
-52
-490
-881
-921
-554
-66
165
-46
-526
-905
-900
-468
146
614
775
671
490
364
301
287
310
366
428
423
287
36
-215
-323
-237
-34
120
103
-68
-247
-274
-136
34
81
-47
-284
-507
-594
-514
-332
-142
-17
31
15
-33
-94
-128
-85
43
193
251
181
35
-100
-163
-151
-90
-19
48
113
173
228
280
328
367
384
366
319
263
213
187
209
277
331
253
-65
-575
-1031
-1107
-699
-98
249
96
-420
-903
-987
-576
97
684
956
890
656
433
310
279
299
337
350
292
134
-88
-283
-349
-260
-88
38
22
-118
-266
-282
-140
52
141
38
-219
-493
-620
-542
-313
-60
87
85
-14
-118
-167
-145
-77
0
51
57
31
-6
-37
-63
-81
-60
24
165
310
395
405
384
392
440
478
450
350
209
86
27
52
140
234
218
-55
-540
-988
-1113
-778
-192
238
215
-218
-727
-954
-697
-81
569
974
1005
754
412
145
43
94
219
315
296
128
-126
-353
-437
-338
-115
95
161
76
-83
-170
-105
60
195
173
-31
-336
-579
-634
-489
-234
-16
76
40
-60
-156
-204
-173
-81
31
117
148
113
22
-98
-199
-217
-107
95
282
370
359
319
322
378
421
390
301
206
140
110
98
102
125
163
125
-118
-508
-849
-888
-518
31
364
220
-286
-786
-911
-512
169
759
998
846
509
216
74
63
111
166
214
222
140
-37
-244
-356
-287
-62
167
237
117
-87
-199
-126
45
128
-10
-335
-660
-781
-629
-312
-9
143
134
46
-23
-39
-24
-3
14
48
92
95
1
-190
-369
-405
-242
58
335
453
408
314
274
324
421
463
390
244
118
43
-1
-31
-30
40
170
241
68
-332
-712
-829
-573
-83
272
216
-201
-679
-882
-621
-28
535
826
794
546
285
135
96
105
129
160
178
144
31
-136
-285
-318
-205
-30
77
48
-74
-194
-211
-145
-98
-149
-300
-450
-474
-326
-78
154
279
270
182
84
28
19
24
6
-51
-122
-176
-191
-180
-165
-131
-49
104
292
448
511
461
359
281
263
277
263
176
31
-95
-149
-137
-95
-36
44
159
290
294
81
-259
-557
-629
-389
-13
180
20
-395
-799
-878
-530
17
458
621
502
270
125
125
199
270
308
312
278
194
46
-144
-293
-309
-193
-56
-13
-95
-238
-312
-241
-73
69
77
-53
-210
-262
-169
8
155
187
111
0
-82
-122
-145
-167
-178
-161
-115
-60
-23
-17
-17
26
125
242
330
354
316
263
254
284
304
270
174
60
-10
-13
17
43
63
96
158
221
150
-128
-464
-687
-668
-357
29
180
-19
-431
-796
-824
-435
115
550
709
580
341
187
178
253
338
380
370
312
208
73
-93
-241
-301
-256
-161
-98
-104
-178
-237
-206
-102
21
72
18
-87
-156
-134
-24
120
199
164
36
-125
-243
-285
-269
-244
-245
-257
-247
-188
-108
-43
-5
22
70
165
299
399
420
375
291
208
149
112
83
70
85
104
92
44
4
28
151
280
216
-51
-408
-678
-626
-273
77
137
-135
-553
-817
-675
-235
231
544
616
538
462
442
425
369
297
253
266
273
192
-30
-331
-533
-542
-386
-196
-96
-127
-211
-216
-115
44
154
119
-27
-171
-218
-150
-14
81
77
3
-100
-195
-254
-275
-266
-232
-165
-88
-25
14
16
4
20
87
200
340
467
520
496
419
308
214
175
183
206
223
203
104
-43
-155
-153
-14
185
280
116
-230
-571
-745
-611
-266
14
25
-232
-588
-794
-648
-241
206
542
666
613
516
435
357
279
217
190
199
183
82
-132
-404
-581
-572
-398
-175
-30
-11
-77
-114
-67
40
118
85
-25
-128
-143
-49
79
140
79
-46
-151
-193
-174
-161
-194
-256
-283
-220
-78
71
141
126
95
130
270
461
594
585
465
316
209
183
206
210
154
56
-54
-159
-219
-208
-125
19
162
176
-24
-327
-583
-655
-450
-97
154
127
-163
-531
-711
-540
-133
312
618
674
547
388
293
258
263
286
298
280
204
66
-145
-373
-493
-453
-290
-114
-17
-38
-140
-211
-187
-76
33
64
26
-43
-86
-58
14
55
24
-53
-140
-202
-230
-253
-292
-331
-310
-196
-23
132
190
150
96
122
267
478
631
622
483
309
170
112
108
84
5
-93
-169
-226
-246
-215
-127
20
197
289
169
-103
-383
-538
-444
-175
43
37
-206
-537
-731
-630
-310
71
393
578
654
684
680
599
444
292
216
228
251
199
-6
-342
-625
-710
-580
-334
-112
-13
-42
-93
-72
31
151
200
170
87
5
-24
-11
-10
-51
-108
-149
-187
-238
-315
-411
-469
-405
-214
13
186
227
150
65
84
243
482
671
673
489
235
26
-56
-16
41
-5
-151
-309
-416
-426
-311
-117
73
247
394
374
161
-78
-281
-395
-326
-148
-42
-95
-304
-599
-746
-609
-277
166
587
836
911
887
798
656
491
353
272
203
111
-17
-257
-565
-774
-802
-662
-424
-174
-11
54
90
144
210
228
192
137
83
53
41
8
-90
-212
-281
-290
-272
-265
-294
-354
-372
-285
-114
77
195
199
154
157
260
431
576
588
446
256
114
44
14
-14
-88
-223
-328
-343
-301
-221
-85
89
271
466
613
554
287
-44
-349
-496
-407
-230
-163
-280
-554
-847
-922
-707
-305
198
650
938
1061
1036
886
651
402
224
150
112
42
-122
-427
-760
-961
-948
-730
-404
-101
75
135
159
212
292
334
318
235
111
8
-62
-120
-196
-273
-326
-344
-335
-337
-366
-415
-429
-350
-175
58
258
370
396
379
396
472
559
581
516
394
273
196
134
45
-93
-249
-339
-302
-167
-15
104
180
253
377
541
670
612
334
-46
-420
-617
-576
-433
-376
-494
-749
-1004
-1045
-801
-340
237
762
1111
1227
1112
839
507
240
113
107
88
-40
-314
-701
-1029
-1159
-1035
-725
-356
-47
138
225
257
290
313
301
266
207
140
67
-22
-126
-231
-301
-312
-299
-318
-398
-507
-577
-515
-302
-6
287
481
544
507
427
376
392
471
548
549
437
225
-24
-240
-344
-327
-236
-112
-14
44
90
170
308
486
681
844
885
687
265
-253
-692
-847
-711
-475
-379
-536
-877
-1178
-1179
-820
-193
506
1050
1334
1339
1131
813
486
240
120
96
69
-36
-291
-655
-975
-1114
-992
-673
-288
12
164
214
238
287
335
352
306
198
83
-4
-56
-107
-176
-253
-326
-396
-467
-543
-612
-614
-486
-213
151
480
647
608
441
302
295
413
550
570
432
199
-34
-187
-240
-228
-201
-173
-132
-79
-4
108
230
346
468
600
705
675
418
-60
-586
-879
-808
-503
-252
-292
-649
-1087
-1281
-1066
-488
233
837
1180
1260
1146
922
652
399
220
154
175
180
33
-315
-757
-1117
-1215
-1004
-591
-173
97
207
226
240
273
307
295
224
145
87
54
13
-67
-177
-287
-369
-434
-515
-626
-710
-668
-450
-102
240
449
481
385
286
292
407
547
616
579
456
314
187
62
-80
-214
-267
-214
-68
114
251
301
311
374
516
688
752
553
78
-445
-702
-611
-332
-159
-309
-715
-1109
-1229
-973
-437
146
588
862
1000
1022
925
708
432
203
143
254
359
252
-126
-652
-1106
-1260
-1064
-679
-325
-132
-70
-49
-7
59
111
120
106
128
195
257
246
126
-63
-249
-359
-394
-437
-552
-696
-754
-641
-350
19
318
452
436
388
423
558
723
817
786
651
490
356
230
65
-124
-273
-340
-299
-153
36
189
289
364
436
477
426
226
-97
-370
-436
-303
-144
-165
-442
-855
-1187
-1258
-1004
-528
-27
375
646
788
814
742
607
479
439
504
607
595
360
-77
-587
-992
-1153
-1060
-833
-616
-472
-374
-272
-147
-16
89
159
224
322
447
553
573
480
288
51
-154
-307
-433
-565
-680
-714
-629
-433
-183
49
211
318
431
581
737
842
855
784
677
572
468
322
110
-140
-354
-461
-426
-279
-85
91
211
295
374
429
377
177
-71
-238
-260
-177
-118
-207
-448
-749
-985
-1044
-903
-625
-272
109
464
728
847
809
667
512
446
511
613
622
460
117
-339
-759
-1021
-1085
-999
-845
-663
-478
-315
-189
-94
-26
37
138
289
473
612
636
535
333
87
-142
-329
-499
-659
-780
-804
-700
-493
-244
-30
101
181
277
425
604
754
826
806
719
587
433
262
69
-118
-265
-338
-330
-259
-161
-67
15
93
186
294
387
430
409
337
232
124
32
-38
-96
-155
-234
-336
-429
-484
-469
-365
-196
-11
138
223
253
251
241
239
240
227
196
144
66
-38
-169
-307
-418
-474
-465
-400
-311
-233
-184
-147
-98
-31
37
75
56
-11
-88
-128
-111
-65
-48
-106
-246
-414
-528
-527
-382
-132
141
362
484
497
431
348
303
322
385
449
463
381
204
-20
-219
-337
-345
-255
-118
16
113
171
206
238
278
319
349
351
317
257
184
119
67
24
-24
-90
-168
-231
-242
-188
-83
31
101
102
37
-46
-94
-74
-3
67
89
33
-89
-236
-356
-417
-421
-381
-327
-281
-255
-243
-228
-189
-111
-5
106
183
193
138
48
-27
-61
-55
-34
-49
-129
-262
-399
-486
-484
-383
-212
-27
119
204
235
236
238
256
296
336
357
344
285
180
46
-82
-174
-206
-175
-103
-18
59
120
166
207
246
282
311
324
319
298
266
222
169
106
34
-40
-95
-111
-82
-20
51
100
114
101
85
82
97
121
139
138
108
60
5
-54
-124
-199
-263
-306
-313
-279
-225
-180
-160
-157
-147
-111
-41
42
104
121
96
47
0
-28
-45
-65
-111
-185
-269
-340
-365
-328
-236
-115
3
97
155
178
174
157
141
127
114
93
51
-27
-131
-237
-319
-358
-338
-266
-162
-54
42
118
170
200
221
231
224
197
151
92
27
-36
-89
-135
-175
-199
-192
-148
-71
20
110
177
213
226
224
217
209
202
190
165
123
72
18
-34
-77
-103
-111
-101
-75
-47
-26
-10
8
39
90
152
209
238
231
197
147
102
70
43
10
-40
-113
-192
-252
-276
-256
-197
-115
-36
27
75
108
124
128
120
99
61
18
-23
-68
-115
-161
-205
-236
-243
-217
-160
-80
-2
64
105
122
123
112
100
86
68
43
10
-34
-85
-124
-139
-123
-77
-14
42
73
79
70
61
61
71
81
74
52
14
-28
-62
-83
-93
-92
-85
-77
-72
-70
-71
-75
-76
-71
-60
-38
-7
34
79
119
144
145
123
89
54
26
10
-1
-20
-51
-88
-120
-131
-117
-76
-15
51
112
154
171
161
130
90
53
24
1
-20
-49
-90
-136
-173
-183
-157
-101
-33
25
59
66
58
53
61
76
86
77
45
-1
-47
-76
-78
-57
-26
9
34
47
51
53
58
65
70
68
56
33
8
-12
-25
-30
-30
-28
-27
-31
-41
-54
-66
-71
-66
-51
-36
-28
-28
-31
-27
-8
28
72
105
116
99
64
24
-3
-17
-20
-25
-40
-61
-81
-86
-73
-40
2
40
67
77
74
63
52
44
40
38
31
15
-10
-37
-59
-64
-51
-33
-20
-18
-30
-41
-43
-26
6
40
58
52
24
-17
-53
-67
-56
-28
5
32
42
35
19
7
6
16
34
44
41
25
2
-18
-28
-27
-18
-6
3
5
2
-2
-8
-13
-13
-13
-17
-24
-30
-35
-34
-20
1
28
53
68
71
63
53
47
41
30
8
-28
-70
-104
-116
-100
-67
-30
-6
0
-4
-5
10
40
77
108
121
112
81
36
-7
-37
-48
-40
-26
-19
-30
-53
-75
-83
-65
-24
21
49
49
23
-16
-46
-50
-28
9
45
65
66
50
29
17
15
25
37
43
33
11
-17
-42
-53
-47
-24
3
26
37
31
15
-1
-10
-10
-5
-1
-6
-19
-39
-53
-48
-24
13
53
80
87
75
56
40
27
14
-5
-36
-77
-117
-142
-147
-132
-107
-76
-48
-22
1
24
42
52
59
61
57
43
15
-18
-53
-74
-73
-54
-31
-20
-26
-44
-61
-60
-34
6
40
54
43
15
-13
-20
-1
33
71
96
98
79
54
36
33
42
55
61
50
24
-6
-27
-32
-15
14
42
55
49
33
13
-2
-6
0
6
4
-5
-22
-40
-48
-38
-10
31
72
101
110
98
75
56
43
33
18
-8
-47
-91
-124
-140
-135
-115
-85
-54
-26
3
31
54
67
74
69
55
32
3
-29
-59
-76
-75
-59
-38
-23
-17
-24
-33
-27
-4
30
57
64
44
4
-36
-59
-61
-50
-36
-24
-22
-24
-25
-18
-6
6
17
23
25
23
21
21
20
18
17
16
14
13
11
6
-4
-14
-23
-29
-29
-26
-27
-31
-38
-40
-33
-18
3
26
41
48
46
39
31
24
20
16
6
-10
-30
-50
-61
-61
-49
-30
-9
8
20
28
35
44
52
57
57
50
35
15
-3
-11
-10
-3
5
7
-1
-13
-18
-11
8
31
45
44
29
9
-3
-4
4
16
25
28
24
16
7
-3
-10
-13
-13
-11
-9
-9
-11
-14
-16
-15
-11
-6
-1
1
0
-1
-4
-5
-9
-13
-21
-29
-39
-46
-46
-39
-25
-5
14
26
27
20
12
11
18
32
40
34
13
-15
-40
-51
-46
-32
-19
-14
-17
-19
-15
-1
18
37
44
41
30
16
6
1
4
9
13
10
-3
-23
-44
-59
-59
-42
-17
5
17
16
5
-6
-11
-6
7
21
34
41
40
31
16
-1
-14
-22
-22
-15
-8
-2
-1
-3
-6
-7
-3
4
14
22
29
30
24
14
-1
-18
-34
-46
-50
-44
-31
-13
8
24
32
31
26
24
30
46
62
70
61
36
1
-27
-40
-38
-26
-14
-10
-11
-13
-9
3
19
35
45
47
41
30
16
1
-10
-17
-20
-24
-32
-47
-63
-74
-75
-63
-39
-12
10
21
20
8
-5
-13
-10
1
14
23
21
9
-9
-24
-33
-31
-20
-7
4
12
16
21
27
36
42
44
39
30
19
9
3
-2
-8
-13
-20
-26
-27
-24
-17
-5
10
22
30
32
27
18
11
10
17
25
25
13
-12
-38
-56
-59
-47
-30
-17
-13
-17
-23
-24
-19
-7
10
26
37
38
28
9
-10
-23
-24
-16
-6
-3
-11
-27
-43
-47
-36
-13
13
32
40
37
28
21
21
27
37
45
46
38
23
5
-11
-19
-16
-6
7
18
24
24
24
24
25
27
24
16
4
-8
-14
-12
-6
-3
-6
-17
-31
-41
-41
-27
-8
10
20
16
1
-18
-33
-36
-27
-10
6
12
6
-8
-23
-32
-29
-18
-7
-1
-2
-8
-14
-16
-11
-2
10
19
23
20
12
2
-4
-5
-2
0
-2
-12
-28
-40
-43
-34
-18
-2
9
11
6
2
0
6
16
27
34
32
23
6
-12
-26
-30
-25
-14
-1
8
12
11
12
15
20
24
22
14
1
-13
-23
-26
-24
-18
-10
-5
-2
0
-1
2
10
23
36
42
38
23
3
-12
-16
-9
4
13
16
11
5
1
2
5
8
10
11
11
9
5
0
-4
-5
-1
7
11
11
6
0
-1
1
5
8
5
-3
-13
-18
-18
-13
-7
-3
-5
-11
-17
-20
-17
-9
2
14
24
28
25
16
6
-3
-9
-10
-7
-2
2
5
5
3
0
-2
-4
-6
-10
-12
-11
-11
-10
-8
-6
-5
-5
-5
-5
-5
-3
2
7
10
6
-1
-9
-16
-17
-13
-5
3
8
9
6
-1
-8
-12
-12
-10
-8
-5
-7
-13
-18
-20
-17
-9
0
5
4
-1
-8
-11
-9
-5
-1
1
1
-1
-4
-4
-2
0
6
11
16
18
21
27
33
38
40
40
36
26
14
1
-10
-16
-19
-15
-8
0
8
14
18
17
13
10
8
7
8
11
12
13
11
9
7
6
6
7
10
14
20
26
28
25
16
5
-8
-16
-15
-10
-3
0
-4
-10
-18
-24
-29
-29
-27
-24
-20
-17
-18
-21
-23
-22
-19
-15
-14
-18
-20
-19
-17
-10
-5
-2
-4
-7
-9
-12
-8
-3
0
-7
-20
-46
-86
-95
-72
-28
17
30
15
-3
-12
-18
-16
14
49
77
103
95
83
100
121
124
99
58
22
13
29
36
37
30
-2
-45
-82
-105
-117
-106
-68
-30
-9
-9
-20
-37
-47
-43
-31
-13
11
36
52
54
42
17
0
1
12
31
53
58
49
37
18
-7
-28
-39
-40
-31
-24
-25
-23
-26
-39
-55
-73
-89
-98
-92
-73
-47
-20
-6
-12
-28
-38
-34
-18
0
12
27
50
74
86
88
89
89
84
71
54
38
24
17
16
17
10
-1
-7
-8
-6
-4
-2
4
8
4
-8
-11
6
35
64
75
69
61
67
89
116
145
168
172
167
168
173
175
182
191
188
162
91
-28
-111
-97
-40
-44
-159
-356
-531
-584
-534
-488
-499
-570
-649
-640
-534
-415
-339
-281
-205
-101
23
132
227
336
455
558
602
577
534
542
592
606
547
414
254
131
68
35
-27
-146
-288
-398
-457
-491
-517
-545
-568
-559
-522
-481
-437
-372
-270
-143
-39
20
68
140
241
364
484
556
574
585
624
683
722
711
667
628
617
623
612
558
433
213
-56
-189
-79
58
-65
-470
-898
-1045
-869
-628
-608
-837
-1112
-1191
-935
-525
-323
-397
-495
-406
-125
216
447
511
520
583
714
840
874
858
870
868
775
628
513
442
386
290
96
-154
-343
-386
-330
-341
-501
-707
-801
-765
-687
-664
-729
-779
-711
-569
-449
-387
-356
-300
-189
-55
76
214
298
312
358
444
507
545
566
537
483
463
451
428
412
371
305
241
179
122
89
85
95
110
109
68
37
109
160
-41
-257
-89
239
272
-43
-484
-709
-460
-69
-112
-514
-911
-1075
-739
-187
-118
-535
-853
-777
-379
124
300
76
-96
3
326
689
766
558
433
515
580
608
641
525
357
264
140
-1
-43
-28
-89
-243
-483
-681
-613
-430
-392
-489
-659
-772
-639
-319
-123
-148
-246
-302
-185
115
370
449
395
314
354
549
743
794
729
612
522
586
701
658
502
353
255
258
288
200
39
-49
-28
88
173
68
-24
-73
-314
-295
208
436
74
-424
-752
-651
-22
245
-382
-953
-1092
-1002
-427
-3
-492
-1158
-1133
-717
-304
7
-199
-588
-441
-76
245
485
356
100
212
501
546
607
700
494
363
396
305
268
318
230
40
-80
-218
-305
-180
-216
-447
-571
-651
-616
-440
-408
-584
-667
-516
-339
-199
-152
-207
-96
131
276
362
387
416
526
643
654
625
677
691
631
592
540
537
588
525
373
272
254
321
454
419
168
55
158
343
384
-31
-319
76
410
172
-286
-709
-719
-79
196
-530
-1102
-1058
-835
-279
-57
-771
-1278
-901
-360
-53
-6
-390
-627
-186
292
456
415
149
86
418
635
555
507
477
325
302
324
213
198
182
-18
-217
-288
-292
-263
-282
-475
-636
-615
-555
-446
-396
-506
-520
-366
-254
-212
-154
-91
45
239
261
198
285
438
558
621
542
410
465
632
639
506
361
301
363
397
282
97
2
66
173
170
49
-44
-10
103
179
195
223
47
-266
-41
451
365
-41
-400
-669
-356
193
-156
-923
-1034
-917
-760
-350
-522
-1175
-1153
-673
-396
-250
-300
-493
-355
70
332
423
376
276
456
727
770
740
681
526
463
556
547
408
267
35
-121
-39
17
-103
-328
-535
-569
-449
-373
-440
-559
-642
-578
-366
-246
-271
-298
-270
-91
192
303
229
244
404
583
721
708
583
577
698
788
732
538
398
413
457
410
276
120
34
94
180
119
26
43
70
72
147
219
281
324
19
-267
137
553
327
-123
-574
-702
-130
216
-446
-1088
-1102
-1016
-646
-331
-905
-1444
-1150
-714
-474
-392
-603
-757
-427
4
182
229
128
107
361
571
644
654
551
430
430
481
443
357
206
-10
-101
-109
-161
-247
-385
-508
-545
-544
-539
-512
-483
-490
-458
-372
-292
-183
-107
-84
29
200
285
316
379
467
591
701
675
594
616
718
785
709
529
436
469
501
438
267
91
40
105
149
56
-67
-56
13
40
80
101
158
269
68
-179
182
565
330
-61
-382
-483
35
369
-324
-967
-865
-704
-407
-160
-755
-1321
-964
-482
-311
-254
-463
-653
-345
97
287
330
220
134
316
538
640
658
512
312
295
408
444
366
162
-108
-149
23
40
-153
-370
-472
-376
-214
-243
-432
-547
-502
-327
-167
-199
-318
-346
-243
-7
180
126
-19
-4
191
424
514
385
221
238
404
516
441
265
164
201
274
258
145
33
29
81
84
87
80
40
88
189
183
173
283
367
399
283
-60
15
553
568
73
-353
-610
-301
289
-69
-1026
-1216
-914
-678
-386
-687
-1443
-1387
-778
-471
-401
-535
-757
-572
-51
241
284
280
230
348
624
790
819
727
592
551
629
696
634
463
212
78
172
225
88
-154
-312
-265
-164
-167
-299
-445
-437
-284
-137
-135
-215
-256
-223
-46
146
156
67
45
150
338
481
442
312
318
436
553
597
471
330
342
408
402
320
201
102
117
168
93
0
-8
3
28
80
59
-9
59
175
232
257
33
-192
106
432
212
-196
-525
-618
-200
29
-606
-1187
-1106
-947
-752
-620
-1087
-1496
-1168
-747
-608
-565
-676
-749
-462
-64
120
165
139
127
280
499
655
692
586
481
478
556
640
600
407
202
185
291
306
164
-68
-209
-160
-85
-134
-261
-368
-398
-311
-210
-228
-290
-322
-293
-127
52
40
-49
-13
126
303
430
391
306
383
554
630
577
485
476
575
619
515
370
272
272
347
346
199
57
64
143
191
204
163
112
172
314
391
360
147
-104
90
485
354
-147
-538
-644
-297
6
-493
-1190
-1201
-932
-729
-591
-951
-1415
-1168
-654
-459
-446
-557
-650
-372
99
310
313
296
293
443
694
829
822
716
578
540
631
670
550
336
103
35
138
121
-83
-341
-497
-436
-332
-409
-591
-712
-712
-579
-453
-485
-538
-510
-447
-273
-68
-13
-21
30
138
297
446
474
407
401
495
596
585
465
381
396
440
414
277
142
150
252
271
168
44
11
126
242
215
148
133
173
288
371
336
257
89
-57
154
379
122
-263
-493
-554
-288
-171
-698
-1173
-1074
-886
-733
-643
-994
-1289
-960
-520
-362
-345
-427
-426
-93
330
507
514
457
432
605
868
993
907
690
542
611
779
764
515
209
48
146
281
157
-158
-410
-441
-299
-236
-408
-641
-697
-567
-398
-365
-471
-530
-461
-295
-95
-1
-23
1
118
267
435
545
516
460
497
604
693
678
547
411
392
442
422
289
118
11
23
74
34
-81
-175
-192
-105
-10
-5
-32
-41
-26
60
156
160
127
21
-169
-122
124
88
-218
-507
-668
-531
-277
-465
-930
-1065
-938
-766
-577
-679
-970
-908
-588
-389
-282
-243
-270
-133
156
324
393
460
476
529
652
719
725
718
651
550
531
536
456
335
177
30
0
3
-93
-245
-370
-441
-441
-423
-482
-554
-547
-491
-427
-382
-358
-322
-230
-83
42
100
128
211
387
558
626
598
568
639
798
889
785
605
549
610
662
581
362
156
98
170
212
104
-100
-239
-211
-67
34
-34
-182
-212
-115
23
133
114
8
-43
-89
-114
58
194
-28
-354
-497
-433
-188
-122
-536
-945
-851
-559
-390
-401
-702
-944
-696
-284
-131
-192
-318
-352
-116
231
361
294
202
175
298
508
592
480
315
223
236
340
369
206
-13
-145
-140
-53
-51
-224
-437
-519
-465
-370
-379
-519
-623
-586
-436
-290
-276
-342
-336
-198
11
172
208
188
266
433
574
643
628
585
612
689
715
647
537
455
419
386
293
144
31
-1
-19
-81
-166
-227
-226
-171
-138
-146
-125
-46
49
114
142
186
279
366
374
292
162
157
346
423
182
-153
-314
-212
-13
-106
-548
-843
-740
-533
-448
-560
-825
-898
-644
-383
-333
-388
-400
-285
-39
163
206
212
275
390
533
618
610
574
562
553
553
551
461
313
195
129
116
88
-40
-231
-357
-375
-363
-391
-488
-590
-595
-513
-419
-384
-406
-400
-321
-192
-54
41
58
75
194
347
417
405
369
368
432
490
430
292
205
185
181
138
15
-130
-185
-154
-133
-172
-239
-276
-245
-155
-76
-45
-26
22
100
186
262
308
320
321
336
363
327
224
185
215
172
16
-171
-280
-250
-216
-372
-610
-682
-621
-556
-530
-611
-707
-622
-422
-307
-284
-240
-144
4
167
264
321
402
496
583
635
648
648
648
630
578
508
424
337
253
148
43
-56
-160
-260
-346
-406
-456
-501
-536
-565
-553
-506
-468
-434
-375
-285
-197
-113
-25
56
142
222
291
361
416
449
450
442
460
479
453
371
277
227
216
185
89
-28
-101
-120
-114
-133
-196
-249
-239
-178
-125
-106
-106
-85
-10
85
142
140
127
179
273
316
274
159
42
65
189
168
-54
-289
-386
-312
-213
-323
-600
-756
-687
-539
-462
-537
-676
-660
-463
-256
-152
-134
-121
-13
193
377
467
491
493
534
625
700
710
632
498
410
412
399
281
97
-78
-177
-191
-219
-339
-496
-583
-565
-509
-501
-555
-590
-535
-406
-282
-228
-218
-169
-50
101
215
259
266
304
397
495
539
507
445
427
462
490
441
326
221
177
169
140
67
-37
-115
-129
-115
-115
-136
-162
-169
-139
-72
2
54
80
98
147
229
304
336
328
321
338
365
353
245
128
124
153
72
-113
-305
-385
-333
-327
-502
-713
-773
-702
-601
-577
-677
-750
-653
-457
-307
-251
-230
-163
-15
162
275
315
338
381
441
489
498
466
418
363
302
243
174
92
0
-98
-178
-229
-276
-339
-400
-432
-434
-412
-394
-396
-389
-341
-256
-172
-109
-68
-29
40
137
233
287
293
298
334
393
432
419
370
336
347
359
318
241
171
140
143
132
69
-9
-41
-28
-13
-27
-60
-75
-49
1
34
45
68
112
157
193
216
234
247
253
256
255
237
190
109
30
18
17
-74
-226
-356
-412
-385
-384
-512
-670
-698
-618
-529
-497
-552
-583
-479
-298
-160
-113
-90
-14
129
286
380
410
429
466
507
524
518
492
447
383
294
215
158
92
6
-97
-182
-222
-235
-273
-332
-369
-373
-336
-288
-277
-292
-301
-262
-179
-103
-59
-34
15
84
133
137
110
120
182
245
284
272
230
215
221
202
145
95
100
161
207
164
60
-28
-54
-35
-21
-39
-72
-80
-47
-6
15
20
19
15
14
35
80
135
186
219
222
207
192
173
120
43
0
-11
-52
-129
-224
-310
-342
-353
-412
-493
-520
-490
-434
-378
-374
-394
-339
-224
-118
-53
-14
38
128
250
351
390
393
406
438
470
480
460
417
369
315
248
179
118
65
0
-79
-158
-216
-254
-290
-317
-329
-331
-328
-334
-340
-322
-276
-225
-202
-192
-163
-99
-16
37
41
44
89
166
232
252
230
218
252
295
293
237
170
140
145
140
93
20
-33
-45
-31
-36
-71
-109
-114
-76
-26
-3
-9
-17
6
61
121
158
157
145
152
174
202
225
213
158
94
48
53
82
36
-98
-220
-259
-230
-215
-296
-431
-486
-424
-337
-306
-353
-407
-359
-227
-107
-58
-58
-30
61
181
266
285
278
283
314
348
361
346
299
243
198
173
157
111
23
-75
-135
-145
-148
-189
-267
-330
-340
-307
-275
-283
-309
-312
-270
-194
-129
-100
-85
-53
6
76
131
152
149
160
204
257
277
256
225
222
244
248
212
163
132
125
123
99
57
29
26
28
24
18
13
21
45
72
89
102
117
133
156
181
199
204
200
194
194
189
157
101
38
-2
-18
-67
-165
-263
-326
-351
-378
-451
-547
-582
-546
-512
-502
-505
-500
-440
-327
-228
-172
-123
-43
60
168
259
311
346
384
416
437
448
441
407
348
284
230
184
128
49
-46
-133
-191
-228
-268
-320
-372
-403
-402
-383
-367
-359
-342
-302
-236
-170
-119
-77
-26
44
128
196
226
242
275
324
368
384
364
335
324
327
316
278
225
173
140
123
100
61
24
-1
-12
-14
-14
-14
-16
-13
1
18
40
67
84
90
98
118
136
140
138
130
117
93
50
-11
-57
-72
-116
-206
-297
-364
-392
-401
-445
-524
-564
-538
-492
-453
-428
-411
-353
-245
-134
-54
6
74
163
264
351
401
418
427
445
465
464
434
377
313
258
209
152
80
-4
-87
-151
-193
-228
-263
-304
-342
-351
-333
-310
-290
-274
-247
-196
-128
-65
-17
25
74
134
200
249
262
260
278
318
341
323
276
235
227
229
196
124
55
20
9
-7
-45
-103
-140
-134
-114
-109
-117
-121
-107
-67
-20
16
43
74
113
146
175
202
218
229
226
203
171
138
96
47
-2
-76
-172
-255
-317
-362
-407
-473
-548
-582
-557
-522
-500
-489
-470
-401
-292
-187
-107
-43
34
134
242
332
387
421
452
490
518
515
486
441
394
348
296
228
146
62
-17
-87
-145
-199
-250
-298
-330
-339
-329
-307
-282
-258
-229
-183
-115
-49
8
55
97
147
202
246
269
282
296
302
296
274
245
223
200
159
97
34
-9
-40
-73
-123
-183
-225
-226
-207
-203
-213
-217
-194
-134
-65
-18
8
42
99
166
222
246
250
263
286
297
274
223
164
123
100
48
-55
-168
-248
-285
-311
-373
-472
-542
-541
-501
-464
-447
-445
-409
-315
-198
-98
-22
40
113
211
312
383
416
428
435
444
445
425
372
299
225
158
97
28
-56
-153
-238
-293
-327
-357
-399
-441
-454
-425
-376
-335
-304
-269
-204
-111
-17
59
111
158
225
307
376
411
414
412
427
449
445
402
342
290
258
226
172
99
29
-24
-61
-89
-124
-163
-188
-194
-180
-155
-129
-106
-76
-24
37
99
151
187
223
262
292
303
308
302
270
214
148
91
57
2
-112
-247
-344
-390
-415
-472
-579
-667
-670
-620
-571
-553
-549
-506
-397
-259
-141
-55
24
122
242
360
443
490
521
543
555
547
521
473
399
310
213
122
39
-46
-145
-250
-340
-400
-437
-463
-488
-509
-509
-477
-421
-353
-286
-227
-161
-77
25
126
204
256
298
356
425
468
468
439
409
396
384
339
265
188
121
65
17
-36
-98
-155
-196
-217
-218
-209
-198
-185
-165
-122
-62
-1
57
107
157
217
276
319
342
356
365
356
325
272
208
151
88
-7
-126
-236
-321
-382
-440
-523
-609
-647
-635
-606
-578
-556
-520
-443
-330
-212
-108
-12
83
188
300
397
467
515
547
563
564
552
516
457
384
295
195
96
3
-90
-184
-279
-366
-427
-462
-483
-498
-507
-499
-467
-407
-331
-256
-186
-117
-38
55
159
251
311
348
382
424
468
494
476
421
364
323
290
243
161
54
-41
-100
-136
-172
-226
-291
-329
-316
-271
-226
-195
-166
-117
-35
67
160
231
284
327
376
429
471
473
433
371
309
264
219
127
-16
-167
-283
-353
-406
-490
-614
-713
-740
-705
-654
-628
-623
-585
-478
-326
-185
-75
15
114
246
386
497
565
597
616
633
643
633
585
498
390
286
198
115
15
-109
-238
-342
-405
-440
-476
-526
-563
-559
-511
-438
-365
-305
-244
-166
-61
58
171
252
300
340
391
452
496
493
446
384
338
309
267
184
71
-36
-110
-153
-193
-256
-327
-373
-372
-335
-288
-258
-232
-180
-91
16
114
185
241
302
368
424
454
448
417
385
341
281
211
120
15
-90
-191
-284
-361
-426
-492
-543
-572
-583
-562
-517
-467
-413
-345
-260
-157
-48
48
131
204
275
345
400
428
433
424
406
380
341
285
216
143
70
3
-57
-114
-170
-221
-265
-290
-300
-300
-295
-287
-276
-250
-204
-150
-105
-71
-39
3
62
123
162
180
191
208
235
262
265
251
235
220
209
198
179
151
117
84
57
38
24
9
-11
-35
-50
-47
-31
-16
-13
-17
-12
13
44
63
63
49
38
41
39
26
4
-30
-68
-100
-132
-161
-183
-207
-239
-262
-268
-260
-241
-226
-223
-212
-184
-138
-85
-43
-18
3
32
71
109
131
137
135
136
139
141
136
118
95
71
49
32
17
0
-24
-53
-76
-90
-96
-101
-109
-121
-132
-133
-117
-92
-70
-60
-57
-41
-5
40
77
97
109
128
156
187
208
211
202
191
186
184
176
156
128
98
74
57
43
31
19
5
-5
-5
7
30
50
58
67
88
117
146
162
156
140
130
117
99
71
23
-44
-112
-174
-229
-272
-321
-378
-425
-458
-469
-451
-421
-393
-366
-327
-264
-173
-79
-4
55
108
168
237
293
324
331
325
311
292
265
224
169
103
35
-29
-90
-145
-198
-248
-293
-324
-339
-338
-329
-315
-285
-235
-173
-113
-60
-7
62
146
223
273
305
334
368
403
415
395
359
326
299
267
216
151
89
40
0
-38
-74
-100
-108
-102
-94
-82
-54
-7
47
91
125
163
210
253
278
277
257
233
199
152
100
36
-47
-143
-243
-333
-397
-442
-498
-556
-600
-615
-587
-532
-483
-439
-383
-303
-196
-76
26
107
181
252
320
376
410
421
413
385
338
279
214
146
73
-9
-101
-190
-258
-300
-326
-351
-383
-408
-397
-341
-262
-194
-148
-107
-41
60
172
255
302
332
368
418
467
483
459
414
372
344
318
271
196
114
50
7
-29
-72
-116
-145
-151
-138
-118
-99
-78
-43
15
82
138
177
206
242
287
323
325
288
238
193
153
104
30
-75
-192
-294
-377
-443
-500
-565
-628
-660
-660
-636
-591
-537
-473
-392
-297
-197
-88
24
127
218
289
339
381
415
432
424
384
320
248
181
115
39
-54
-156
-246
-313
-356
-381
-399
-413
-419
-407
-362
-280
-185
-102
-44
5
78
184
294
370
403
410
416
440
466
461
417
352
290
248
213
165
99
31
-21
-50
-67
-83
-92
-85
-63
-30
3
37
79
134
192
241
277
306
335
359
370
356
322
276
218
150
75
-8
-97
-191
-284
-380
-464
-526
-574
-604
-622
-630
-614
-570
-506
-436
-365
-287
-195
-89
8
92
159
217
274
318
339
332
307
272
230
181
117
40
-44
-129
-201
-257
-304
-345
-388
-421
-417
-370
-303
-249
-218
-189
-123
-8
116
206
246
258
287
351
415
436
402
343
295
273
259
222
159
83
17
-20
-37
-46
-58
-76
-84
-74
-44
-2
43
82
114
151
195
246
292
315
322
324
325
317
290
243
187
132
74
4
-74
-150
-218
-280
-343
-402
-447
-470
-468
-451
-431
-407
-371
-319
-248
-172
-97
-27
37
90
135
178
219
245
248
225
189
156
129
98
44
-29
-104
-166
-209
-243
-276
-310
-337
-349
-343
-319
-274
-217
-159
-111
-69
-19
52
138
210
251
264
268
281
298
301
278
236
185
140
103
68
31
-6
-39
-65
-81
-85
-75
-51
-21
10
44
83
130
182
236
283
317
341
361
380
390
384
359
316
262
207
155
95
17
-71
-159
-232
-284
-327
-375
-427
-471
-488
-474
-447
-417
-384
-343
-290
-231
-171
-104
-30
41
96
129
142
155
178
196
194
158
98
40
-4
-36
-69
-116
-175
-235
-275
-289
-283
-270
-260
-248
-228
-194
-145
-83
-15
49
102
143
176
212
253
294
321
325
305
275
253
238
221
189
140
84
36
6
-13
-31
-50
-69
-78
-74
-58
-32
-2
31
66
103
141
173
205
235
262
282
287
275
251
228
204
174
132
77
15
-43
-97
-148
-195
-235
-267
-295
-313
-328
-337
-331
-310
-271
-227
-192
-175
-159
-124
-70
-8
37
49
46
46
56
76
88
75
42
9
-17
-33
-43
-64
-93
-119
-140
-152
-157
-156
-149
-137
-119
-104
-90
-75
-53
-17
21
51
66
71
81
101
125
139
136
122
110
109
112
112
104
91
82
77
76
77
80
83
89
96
102
110
119
131
140
145
144
144
149
156
156
146
128
107
88
79
75
64
36
-7
-49
-71
-72
-76
-95
-132
-177
-200
-196
-182
-179
-194
-220
-234
-219
-188
-164
-152
-157
-161
-147
-119
-93
-79
-74
-71
-64
-47
-34
-26
-22
-25
-23
-16
-9
-6
-6
-5
-2
10
20
24
24
23
30
45
61
68
66
63
67
78
93
99
96
92
94
100
106
108
105
103
105
110
114
114
110
103
101
106
113
114
107
95
88
91
99
102
95
75
55
46
46
45
36
14
-13
-33
-43
-44
-47
-62
-88
-111
-122
-122
-118
-120
-132
-145
-155
-157
-150
-140
-137
-137
-140
-142
-139
-129
-119
-110
-105
-106
-106
-104
-98
-85
-73
-64
-61
-61
-61
-54
-36
-15
-1
2
-1
1
18
44
63
70
68
64
70
84
100
111
113
107
102
105
115
123
123
116
109
108
109
110
105
99
92
87
87
86
83
79
77
76
75
72
65
58
52
47
43
38
31
20
10
0
-4
-4
-7
-17
-30
-44
-55
-60
-62
-69
-79
-95
-113
-126
-130
-127
-122
-124
-135
-150
-154
-145
-130
-115
-109
-111
-114
-113
-106
-94
-80
-73
-71
-74
-76
-70
-56
-38
-23
-13
-8
-8
-5
7
24
40
47
43
36
34
43
58
71
74
68
64
68
78
90
97
95
92
92
96
103
109
110
108
105
104
107
109
107
103
100
98
95
89
82
77
73
68
61
51
41
33
26
23
20
17
9
-1
-10
-15
-16
-11
-11
-17
-29
-41
-45
-39
-29
-26
-34
-53
-73
-82
-77
-66
-66
-84
-113
-137
-139
-126
-113
-113
-129
-147
-151
-139
-118
-102
-98
-101
-101
-94
-80
-64
-53
-44
-36
-29
-23
-20
-20
-12
3
20
30
28
17
8
13
30
47
52
42
26
18
26
43
57
59
50
38
37
48
65
79
82
77
72
74
82
91
97
99
97
95
94
93
93
90
87
85
82
76
67
59
54
54
52
46
35
23
16
17
23
27
23
12
2
0
3
6
3
-7
-19
-29
-34
-35
-40
-52
-68
-80
-81
-77
-75
-81
-93
-103
-107
0
0
0
0
0
0
0
0
0
0
0
0
0
0
0
0
0
0
0
0
0
0
0
0
0
0
0
0
0
0
0
0
0
0
0
0
0
0
0
0
0
0
0
0
0
0
0
0
0
0
0
0
0
0
0
0
0
0
0
0
0
0
0
0
0
0
0
0
0
0
0
0
0
0
0
0
0
0
0
0
0
0
0
0
0
0
0
0
0
0
0
0
0
0
0
0
0
0
0
0
0
0
0
0
0
0
0
0
0
0
0
0
0
0
0
0
0
0
0
0
0
0
0
0
0
0
0
0
0
0
0
0
0
0
0
0
0
0
0
0
0
0
0
0
0
0
0
0
0
0
0
0
0
0
0
0
0
0
0
0
0
0
0
0
0
0
0
0
0
0
0
0
0
0
0
0
0
0
0
0
0
0
0
0
0
0
0
0
0
0
0
0
0
0
0
0
0
0
0
0
0
0
0
0
0
0
0
0
0
0
0
0
0
0
0
0
0
0
0
0
0
0
0
0
0
0
0
0
0
0
0
0
0
0
0
0
0
0
0
0
0
0
0
0
0
0
0
0
0
0
0
0
0
0
0
0
0
0
0
0
0
0
0
0
0
0
0
0
0
0
0
0
0
0
0
0
0
0
0
0
0
0
0
0
0
0
0
0
0
0
0
0
0
0
0
0
0
0
0
0
0
0
0
0
0
0
0
0
0
0
0
0
0
0
0
0
0
0
0
0
0
0
0
0
0
0
0
0
0
0
0
0
0
0
0
0
0
0
0
0
0
0
0
0
0
0
0
0
0
0
0
0
0
0
0
0
0
0
0
0
0
0
0
0
0
0
0
0
0
0
0
0
0
0
0
0
0
0
0
0
0
0
0
0
0
0
0
0
0
0
0
0
0
0
0
0
0
0
0
0
0
0
0
0
0
0
0
0
0
0
0
0
0
0
0
0
0
0
0
0
0
0
0
0
0
0
0
0
0
0
0
0
0
0
0
0
