-2
-1
0
5
7
8
6
5
8
3
0
-1
-5
-10
-15
-14
-10
-4
3
10
10
13
17
11
5
6
2
-10
-17
-16
-14
-7
0
4
11
18
19
13
10
11
5
-3
-11
-23
-26
-20
-10
-4
1
12
22
24
22
15
4
0
2
-6
-23
-31
-30
-26
-13
4
11
10
18
30
30
26
22
8
-6
-15
-29
-42
-45
-34
-15
4
18
22
21
25
31
28
16
1
-12
-17
-23
-32
-36
-33
-14
13
27
27
23
28
37
35
18
-8
-26
-23
-13
-19
-37
-36
-14
6
14
14
17
25
34
28
3
-18
-23
-19
-16
-16
-17
-17
-6
13
21
19
19
25
27
15
-6
-25
-35
-30
-26
-23
-10
0
1
7
19
27
29
30
19
-10
-29
-26
-14
-13
-13
-13
-13
6
32
39
27
12
10
13
11
-1
-27
-44
-29
-1
7
-9
-15
1
24
43
54
43
17
-7
-31
-39
-29
-27
-40
-45
-20
1
2
22
60
72
58
46
36
11
-30
-75
-97
-75
-39
-33
-41
-20
24
59
79
90
81
42
1
-26
-51
-71
-78
-63
-30
-4
-3
-8
21
80
110
87
54
22
-23
-68
-83
-82
-78
-56
-23
4
25
52
83
110
121
90
23
-28
-48
-74
-111
-105
-68
-55
-54
-24
34
89
132
146
115
65
20
-40
-95
-103
-88
-94
-90
-47
-19
-14
33
109
140
129
113
55
-22
-61
-85
-119
-120
-83
-80
-105
-67
34
119
164
167
122
62
22
-8
-49
-90
-112
-102
-62
-34
-48
-54
2
95
173
190
123
28
-17
-27
-57
-100
-129
-143
-132
-64
19
59
76
107
136
147
116
27
-62
-73
-30
-30
-83
-137
-151
-80
54
146
152
127
108
63
-11
-89
-148
-153
-78
-12
-47
-110
-82
25
127
201
226
173
94
26
-57
-145
-180
-166
-153
-131
-71
0
45
90
155
205
202
134
37
-71
-142
-146
-117
-111
-148
-174
-120
15
155
221
219
202
199
169
40
-142
-249
-233
-163
-114
-90
-73
-55
-5
103
217
267
248
186
94
-16
-125
-213
-256
-246
-197
-124
-27
75
131
148
194
260
269
173
-1
-153
-207
-191
-198
-231
-203
-104
5
102
187
243
251
217
170
94
-27
-162
-272
-298
-218
-106
-69
-87
-39
120
286
332
246
136
97
96
15
-179
-369
-391
-241
-78
-34
-77
-48
142
381
458
322
141
73
80
6
-204
-415
-455
-304
-113
-45
-70
-19
167
373
433
322
169
67
11
-81
-239
-368
-383
-293
-171
-70
21
127
268
382
384
275
120
0
-83
-165
-258
-337
-325
-217
-90
1
71
184
320
379
301
119
-57
-151
-196
-266
-355
-372
-257
-65
100
186
236
336
465
494
356
111
-115
-245
-307
-372
-455
-469
-349
-132
100
292
427
498
491
409
249
37
-155
-302
-407
-453
-443
-379
-271
-107
101
293
455
571
570
408
171
-28
-187
-314
-397
-458
-486
-422
-271
-97
104
332
478
486
437
357
194
-4
-151
-272
-385
-433
-411
-346
-220
-48
117
295
480
545
425
251
137
25
-146
-344
-496
-500
-341
-159
-48
55
207
335
393
406
351
201
8
-163
-277
-312
-303
-323
-330
-228
-28
187
349
435
446
374
225
50
-64
-134
-272
-460
-530
-393
-173
-20
62
144
257
366
406
352
215
35
-139
-252
-284
-300
-351
-358
-221
-7
133
213
333
458
433
241
56
-6
-8
-93
-313
-538
-571
-375
-99
126
261
281
241
266
347
332
157
-51
-159
-188
-216
-280
-369
-389
-220
94
350
461
450
318
144
83
112
38
-171
-376
-512
-539
-393
-154
31
188
385
486
401
289
233
129
-48
-202
-293
-319
-304
-352
-429
-297
68
367
428
379
351
349
285
79
-163
-253
-261
-393
-563
-521
-276
5
219
314
313
323
364
337
228
77
-114
-252
-255
-243
-340
-413
-297
-28
233
349
296
239
285
310
229
142
48
-138
-277
-245
-236
-318
-279
-75
129
269
289
133
34
177
258
6
-319
-384
-274
-182
-133
-113
-54
115
299
343
292
277
273
216
122
-31
-251
-409
-398
-293
-217
-191
-133
32
221
261
152
49
10
-43
-123
-198
-259
-274
-200
-71
38
86
69
56
183
421
522
338
43
-125
-153
-150
-179
-263
-367
-332
-96
114
93
-21
8
211
437
493
298
12
-146
-167
-168
-175
-145
-84
-7
132
303
390
389
412
491
524
413
206
64
34
-65
-314
-485
-417
-212
-35
31
3
-38
-43
-55
-66
-45
-104
-305
-470
-445
-349
-324
-310
-242
-162
-92
-41
-67
-135
-142
-116
-127
-115
-59
-94
-237
-272
-131
39
155
184
107
-5
-32
30
17
-124
-210
-136
-25
23
50
90
130
234
420
558
566
459
354
304
261
338
615
894
886
630
407
246
155
205
271
244
165
81
-212
-688
-799
-610
-587
-556
-293
-79
-153
-247
-201
-154
-12
117
-2
-225
-342
-330
-401
-540
-544
-402
-198
-264
-543
-468
-16
386
469
235
-173
-406
-211
-89
-256
-282
-292
-396
-277
-2
100
-30
-57
131
336
415
230
63
95
100
198
414
527
478
342
488
1018
1443
1352
797
473
667
677
226
-223
-287
-218
-329
-492
-727
-847
-646
-371
-61
254
422
343
94
37
80
-80
-313
-508
-653
-770
-819
-749
-677
-481
-223
-55
205
311
234
507
900
753
-6
-575
-480
-453
-597
-733
-942
-898
-573
-154
-103
-166
209
445
510
613
421
-67
-536
-450
-51
44
48
54
125
228
447
1227
1931
1959
1441
845
752
707
416
-169
-812
-827
-652
-679
-897
-1069
-776
-279
380
951
1061
775
335
234
304
124
-323
-785
-962
-944
-934
-967
-870
-555
-214
107
509
761
749
676
614
618
518
85
-615
-1161
-1103
-885
-869
-883
-858
-614
-296
17
306
353
427
428
174
202
214
-135
-526
-657
-338
-113
-111
71
231
670
1557
2085
1895
1371
1027
635
168
-69
-282
-436
-497
-516
-810
-1123
-872
-429
27
376
505
695
805
899
807
261
-167
-355
-461
-658
-1066
-1281
-1101
-688
-214
91
204
332
540
729
806
970
1012
433
-441
-937
-936
-865
-945
-1088
-1120
-858
-469
-237
-171
-58
283
677
784
514
24
-390
-598
-686
-465
-85
-63
-131
-74
230
1117
2029
1983
1183
871
1185
1193
570
-169
-614
-595
-421
-760
-1318
-1404
-894
-268
294
816
789
581
763
927
893
463
-199
-541
-602
-764
-1314
-1542
-1195
-765
-289
68
353
520
637
954
1312
1655
1246
-54
-923
-1046
-893
-956
-1299
-1417
-1271
-757
-154
91
211
223
323
531
714
648
-35
-695
-874
-702
-316
-180
-216
-157
208
1275
2323
2468
1655
891
830
826
599
-146
-840
-918
-945
-971
-1188
-1324
-948
-436
435
1238
1283
955
762
898
850
427
-221
-835
-955
-1120
-1473
-1516
-1285
-735
-312
23
626
1005
1251
1521
1593
1092
148
-437
-609
-599
-850
-1379
-1563
-1449
-890
-288
-260
-136
254
472
586
753
559
-190
-698
-712
-577
-507
-504
-273
61
442
1082
1826
2211
1877
1264
1112
1225
825
-154
-997
-1275
-1153
-988
-1072
-1204
-939
-465
-48
551
1121
1287
1110
945
853
460
-153
-652
-815
-852
-1134
-1404
-1282
-847
-488
-239
282
897
1188
1022
932
1356
1314
387
-647
-1083
-887
-889
-1161
-1354
-1372
-748
-47
146
173
141
236
419
629
597
-10
-525
-670
-594
-480
-673
-511
107
560
1179
2110
2693
2282
1323
688
377
204
-147
-796
-1199
-1086
-932
-1253
-1494
-1143
-623
-2
776
1303
1347
1179
1057
931
624
34
-557
-911
-1062
-1334
-1653
-1370
-959
-827
-463
293
1155
1400
1489
1910
1679
820
-157
-706
-729
-985
-1302
-1638
-1689
-1111
-639
-298
-14
336
641
634
887
894
372
-275
-858
-826
-865
-1064
-828
-455
208
871
1759
2849
2940
2150
1112
509
426
119
-394
-942
-1255
-1410
-1638
-1598
-1534
-1321
-664
338
1417
1844
1729
1458
1212
1085
670
-80
-816
-1224
-1483
-1817
-1797
-1525
-1236
-671
179
1040
1407
1579
2036
2211
1525
323
-549
-963
-1141
-1307
-1709
-1863
-1437
-737
-225
-34
328
698
913
1185
1093
529
-266
-854
-1061
-1188
-1264
-1297
-966
-211
455
1226
2492
3578
3445
2265
1043
202
-349
-716
-999
-1340
-1569
-1548
-1655
-1726
-1549
-1192
-348
982
2153
2522
2168
1562
1062
700
102
-613
-1027
-1422
-1911
-2077
-1747
-1300
-917
-295
569
1405
1871
1882
1897
1966
1444
355
-673
-1168
-1352
-1780
-2120
-1988
-1400
-512
105
426
597
580
733
883
965
731
-221
-1102
-1521
-1577
-1350
-1131
-652
-103
504
1986
3647
4064
2908
1304
428
136
83
-349
-1333
-1953
-1985
-1810
-1766
-1797
-1503
-1010
87
1768
2834
2771
1990
1467
1260
816
136
-757
-1410
-1815
-2248
-2319
-2005
-1397
-713
120
1293
1998
2135
2062
1819
1455
796
-29
-937
-1564
-1766
-1945
-1853
-1562
-1227
-601
151
820
983
861
891
878
762
334
-326
-1164
-1796
-1764
-1463
-1078
-677
-277
429
2197
4351
4714
3206
1443
360
-220
-663
-1160
-1942
-2274
-1771
-1392
-1569
-1849
-1820
-1091
585
2577
3550
3066
2225
1540
1024
542
-440
-1334
-1776
-2068
-2320
-2488
-2106
-1312
-510
552
1662
2232
2301
2223
2354
2375
1450
-382
-1894
-2242
-2304
-2543
-2426
-2016
-1242
-70
873
1145
1020
873
837
1052
1117
553
-430
-1239
-1665
-1868
-1763
-1594
-991
41
913
2573
4577
4938
3391
1411
225
-213
-511
-1310
-2236
-2542
-2303
-1857
-1897
-2162
-1744
-775
895
2869
3763
3347
2450
1693
1255
618
-641
-1778
-2283
-2590
-2905
-2771
-2273
-1624
-492
926
2134
2879
3128
2875
2174
1438
738
-367
-1559
-2167
-2445
-2657
-2452
-2081
-1487
-242
933
1629
1912
1776
1419
1038
678
142
-416
-1127
-2023
-2433
-2066
-1465
-1027
-353
355
1776
4540
6039
4771
2471
621
-474
-1177
-1945
-2799
-3196
-2538
-1320
-903
-1425
-1557
-1048
280
2596
4131
3885
2842
1777
807
-6
-1058
-2245
-2671
-2485
-2447
-2451
-2240
-1730
-860
540
2223
3256
3635
3374
2381
1220
161
-913
-1846
-2200
-2367
-2592
-2393
-1978
-1520
-592
735
1782
2137
2075
1776
1159
430
-343
-1006
-1440
-1805
-1933
-1721
-1483
-1318
-368
841
1945
4402
6353
5513
3119
646
-1241
-2338
-2844
-3016
-2933
-2359
-1219
-530
-1118
-1537
-847
469
2594
4319
4202
3104
1695
273
-401
-1174
-2346
-2802
-2582
-2352
-2306
-2035
-1578
-696
785
2187
3217
3761
3489
2279
858
-46
-770
-1708
-2405
-2803
-2911
-2335
-1608
-1098
-359
789
1842
2270
2294
1775
816
128
-267
-610
-1091
-1748
-2382
-2337
-1590
-625
128
498
775
1191
3230
5872
5933
3549
756
-1174
-2424
-3075
-3450
-3802
-2892
-837
589
460
-313
-592
-260
1185
3245
4165
3468
1932
406
-659
-1517
-2462
-2807
-2528
-2248
-1884
-1338
-951
-606
190
1284
2474
3390
3647
3265
2131
383
-1161
-2185
-2885
-2879
-2509
-2386
-2044
-1378
-559
395
1245
1897
2212
2101
1695
1124
274
-734
-1364
-1677
-2169
-2290
-1725
-908
-244
38
256
680
3014
6386
6902
4453
1276
-1263
-3002
-3885
-3999
-3858
-2770
-737
788
905
-80
-759
-650
691
3181
4485
3880
2326
594
-632
-1699
-2729
-3172
-2887
-2261
-1728
-1086
-635
-374
153
958
2288
3619
3933
3242
2055
494
-1054
-2412
-3210
-3103
-2766
-2372
-1821
-1191
-241
883
1602
1926
2205
2256
1769
1053
103
-907
-1516
-1919
-2100
-2145
-1762
-974
-152
456
678
803
1177
3388
6312
6274
3384
33
-2564
-4102
-4541
-4134
-3343
-1753
527
1906
1769
575
-412
-542
560
2772
3928
3157
1419
-325
-1371
-2161
-3012
-3205
-2787
-1837
-852
-194
126
115
423
1034
2195
3471
3659
2771
1208
-424
-1534
-2620
-3367
-3232
-2763
-2053
-1153
-274
430
1077
1671
1852
2021
2172
1646
731
-463
-1474
-1773
-1960
-2015
-1673
-957
44
653
1004
1048
685
380
301
2207
4930
5016
2708
-261
-2456
-3500
-3629
-3148
-2478
-916
1197
2553
2607
1154
-481
-1462
-1148
1092
2745
2483
1333
-115
-892
-1334
-1999
-2473
-2391
-1532
-586
236
449
-117
-330
114
1432
3021
3443
2789
1218
-576
-1462
-2135
-2832
-3190
-3051
-2076
-723
140
188
217
749
1443
2274
2515
1898
1102
-42
-965
-1491
-2197
-2496
-2416
-1663
-225
792
1073
872
777
613
1663
4392
5450
3996
1457
-1180
-2952
-3977
-4173
-3696
-2391
97
2207
2851
1909
411
-768
-1127
432
2269
2831
2365
966
-301
-1264
-2357
-3041
-3077
-2370
-1294
-117
587
534
455
433
1305
2800
3285
2842
1667
113
-1209
-2352
-3159
-3483
-3130
-2245
-950
218
612
881
1000
1176
1858
2342
2138
1170
-27
-1096
-1974
-2339
-2449
-2141
-1284
-129
1137
1790
1600
976
369
-229
329
2962
4881
4028
1534
-1139
-2961
-3780
-3777
-3165
-2009
122
2409
3368
2499
572
-1494
-2476
-1065
1321
2624
2411
1083
-111
-643
-1334
-2261
-2605
-2169
-1250
-90
612
399
-180
-279
636
1947
2774
2858
2021
693
-482
-1525
-2426
-2963
-3063
-2701
-1633
-290
603
1037
1022
1088
1596
2225
2279
1390
182
-975
-1607
-1722
-1893
-1859
-1439
-439
779
1348
1180
574
268
-51
270
2622
4554
4040
1996
-495
-2392
-3467
-3802
-3343
-2116
16
2131
2975
2273
685
-1052
-2186
-1398
845
2304
2383
1538
319
-528
-1494
-2469
-2654
-2245
-1371
-214
693
805
291
-85
246
1333
2296
2598
2243
1161
-56
-1164
-2333
-3056
-3083
-2696
-1713
-384
438
720
770
1045
1691
2019
1758
1145
345
-465
-1112
-1452
-1487
-1541
-1387
-703
100
767
925
803
888
870
412
-61
982
2807
3142
1940
55
-1423
-2261
-2598
-2033
-1372
-649
613
1552
1824
1259
-244
-1609
-1463
309
1958
2182
1433
441
-205
-781
-1555
-2000
-2228
-1966
-1015
-83
355
190
57
533
1520
2493
2748
2231
1118
-326
-1522
-2283
-2625
-2620
-2337
-1700
-831
-142
150
421
1034
1863
2342
2288
1710
646
-428
-1214
-1513
-1636
-1846
-1489
-652
153
647
487
339
463
660
717
520
1675
3367
3193
1738
-285
-1868
-2438
-2532
-1763
-889
-30
995
1310
1190
328
-917
-1393
-847
846
2197
2169
1352
210
-538
-1089
-1677
-1814
-1850
-1598
-799
-184
40
-153
-272
454
1571
2537
2855
2152
928
-402
-1381
-2024
-2625
-2686
-2400
-1792
-820
-196
296
591
892
1701
2094
2138
1816
749
-301
-1280
-1671
-1644
-1656
-976
-382
76
600
594
542
407
600
646
169
1173
2697
2868
1849
135
-1000
-1578
-1628
-1116
-998
-654
121
847
1203
617
-436
-1365
-1242
240
1568
1904
1311
442
-24
-386
-788
-1224
-1692
-1923
-1539
-724
-246
-341
-594
-33
1372
2519
2784
2109
1169
199
-746
-1340
-2056
-2631
-2584
-1964
-1037
-508
-358
-195
450
1554
2394
2583
1919
926
1
-720
-1160
-1627
-1755
-1601
-1010
-167
171
373
321
344
382
594
2508
4270
4067
2562
363
-1162
-2269
-3010
-2816
-2323
-1137
220
1159
1654
933
-163
-958
-834
750
1860
2135
1744
582
-76
-748
-1400
-1795
-2268
-2148
-1677
-731
154
76
-73
185
1163
2414
2818
2488
1364
-26
-940
-1760
-2302
-2491
-2612
-2238
-1362
-428
251
559
880
1341
1789
1990
1720
1148
239
-751
-1259
-1611
-1908
-1482
-624
158
665
633
560
465
402
412
455
1725
3116
3048
1938
137
-1202
-2043
-2480
-1798
-972
-193
605
1030
1249
630
-437
-1188
-1165
35
1115
1564
1359
587
201
-240
-723
-947
-1385
-1690
-1523
-870
-380
-397
-370
64
1186
2032
1971
1630
890
148
-400
-1062
-1468
-1841
-2056
-1879
-1454
-951
-721
-241
415
1165
1989
1998
1703
1192
274
-465
-1024
-1231
-1241
-1016
-527
-202
-53
-74
-38
-8
61
1001
2681
3710
3433
2173
542
-681
-1558
-2032
-1922
-1630
-956
-220
388
674
69
-738
-1242
-669
782
1763
2251
1858
986
306
-433
-892
-1274
-1586
-1673
-1555
-1005
-685
-722
-605
-154
849
1732
2087
2119
1514
641
-171
-922
-1366
-1707
-1826
-1629
-1312
-1089
-1052
-748
-229
392
1183
1749
1871
1509
884
394
-8
-609
-1149
-1170
-663
-8
233
87
-174
-430
-514
-287
683
2033
2742
2578
1768
899
134
-706
-1180
-1182
-808
-231
197
400
63
-673
-1349
-1585
-849
226
955
1367
1255
970
738
272
-282
-680
-950
-1079
-884
-644
-729
-920
-842
-363
297
778
948
1010
911
634
368
-89
-558
-869
-1177
-1237
-1136
-1189
-1163
-893
-387
309
752
844
762
596
451
259
186
60
-98
45
238
408
262
-180
-365
-289
61
617
1081
1290
1148
769
347
-27
-315
-467
-309
84
355
442
315
18
-279
-603
-704
-356
188
574
714
700
524
202
-205
-571
-752
-829
-860
-787
-671
-567
-479
-351
1
509
956
1191
1180
991
566
141
-150
-431
-603
-701
-703
-722
-857
-886
-847
-699
-450
-275
-143
-128
-187
-243
-322
-327
-252
-81
204
505
739
764
557
315
148
12
-70
-55
-3
37
20
-23
5
71
220
455
682
887
928
782
586
371
175
-6
-55
85
252
343
308
242
175
42
-76
-124
-86
23
94
76
24
-64
-129
-130
-111
-67
-55
-68
-131
-216
-271
-357
-378
-358
-317
-248
-304
-384
-439
-485
-492
-549
-588
-577
-547
-476
-418
-388
-401
-396
-267
-55
178
380
458
388
233
87
3
-47
-87
-89
-50
-1
-4
-30
26
167
370
559
689
782
770
669
494
280
119
28
84
174
151
91
17
14
69
88
145
214
249
243
202
166
153
154
107
29
-43
-80
-83
-158
-268
-365
-384
-275
-163
-33
73
108
167
183
172
138
17
-108
-225
-286
-297
-355
-449
-527
-492
-332
-140
44
197
277
265
182
61
-53
-161
-279
-339
-323
-276
-265
-315
-318
-215
-48
121
270
398
414
307
147
-3
-106
-207
-247
-199
-132
-87
-94
-66
-5
33
84
146
238
294
271
245
227
222
195
136
105
86
72
33
-50
-109
-122
-72
19
107
209
314
391
403
332
220
96
-20
-106
-174
-234
-301
-373
-401
-358
-251
-100
37
156
264
316
296
205
83
-44
-186
-313
-399
-425
-391
-324
-238
-141
-39
53
136
219
294
326
266
120
-57
-180
-203
-148
-71
-42
-59
-47
28
135
197
197
192
215
247
241
186
109
24
-44
-68
-62
-61
-69
-74
-75
-97
-116
-71
44
181
274
305
284
217
123
17
-95
-208
-304
-354
-357
-341
-338
-344
-326
-261
-143
12
163
274
320
285
181
43
-89
-183
-247
-304
-354
-382
-359
-278
-152
0
143
259
339
379
377
320
206
59
-71
-143
-149
-104
-32
31
67
77
90
127
182
230
257
259
229
163
70
-27
-101
-135
-126
-89
-53
-40
-49
-50
-19
45
124
195
239
245
214
151
76
-4
-83
-158
-222
-251
-231
-177
-138
-130
-126
-88
-3
105
189
214
193
159
142
118
40
-94
-223
-279
-267
-240
-233
-237
-203
-117
-2
100
150
152
128
102
71
9
-63
-101
-103
-91
-73
-44
-12
-2
-24
-58
-78
-57
-5
28
30
10
-13
-18
-17
-26
-33
-28
0
39
59
60
50
53
84
132
180
209
213
188
139
74
11
-40
-70
-92
-117
-146
-165
-144
-80
2
84
158
211
238
227
170
82
-7
-67
-95
-111
-130
-159
-173
-155
-112
-59
-9
40
85
123
128
86
6
-79
-138
-161
-154
-134
-103
-58
-10
33
65
73
63
58
61
64
58
28
-10
-43
-67
-84
-91
-79
-56
-27
4
26
31
35
48
64
85
109
127
132
112
70
16
-34
-61
-65
-63
-57
-48
-42
-25
4
29
45
57
59
44
22
-4
-38
-68
-76
-69
-51
-22
-4
5
17
34
43
42
39
27
5
-12
-25
-49
-70
-77
-82
-81
-68
-51
-34
-8
26
52
70
80
70
46
22
-6
-35
-47
-42
-30
-10
10
19
16
9
-3
-16
-22
-18
-5
20
50
69
72
55
28
1
-14
-18
-21
-26
-33
-33
-20
-4
20
44
58
67
65
49
20
-13
-37
-40
-23
1
16
13
-2
-10
-9
-1
5
8
17
29
35
27
5
-28
-55
-64
-57
-44
-31
-24
-18
-7
10
27
34
30
23
13
3
-5
-14
-26
-37
-41
-37
-32
-31
-35
-42
-40
-32
-23
-9
6
23
40
54
57
46
29
12
-4
-18
-30
-37
-39
-34
-19
1
21
38
55
65
64
56
40
23
10
2
-4
-8
-9
-9
-7
-6
-4
2
10
20
31
43
45
36
22
7
-10
-28
-40
-51
-58
-57
-50
-37
-23
-4
15
30
43
47
41
26
5
-17
-34
-44
-48
-41
-33
-32
-35
-38
-38
-31
-19
-2
20
36
51
59
55
46
30
14
2
-14
-30
-42
-49
-45
-30
-7
18
39
51
57
60
59
48
34
13
-10
-30
-47
-55
-58
-51
-36
-20
-3
17
37
53
62
63
54
38
16
-8
-31
-50
-62
-69
-68
-58
-42
-23
-4
18
40
50
49
44
27
7
-13
-33
-47
-57
-63
-57
-48
-37
-15
7
27
48
63
74
75
67
57
37
14
-6
-31
-44
-52
-62
-54
-40
-24
3
20
36
50
51
54
49
30
15
-2
-16
-20
-28
-30
-24
-18
-4
10
23
35
37
39
37
23
11
-7
-30
-43
-57
-64
-61
-55
-39
-20
-7
9
18
21
26
25
21
13
-1
-9
-16
-22
-23
-26
-28
-25
-22
-12
-4
-1
6
14
23
35
40
43
39
27
16
0
-20
-31
-36
-33
-25
-18
-8
5
16
34
49
60
65
52
40
22
-3
-14
-24
-26
-17
-10
-3
2
0
0
-1
-1
5
8
10
11
8
2
-4
-9
-16
-23
-30
-36
-42
-42
-39
-31
-18
-6
4
13
19
20
16
10
0
-11
-21
-31
-37
-38
-36
-30
-18
-5
7
17
22
29
34
32
31
28
18
10
2
-9
-14
-18
-18
-12
-3
10
23
34
44
49
51
47
40
27
12
2
-7
-14
-20
-20
-17
-11
-5
3
13
18
21
22
21
16
7
1
-9
-20
-26
-31
-35
-37
-35
-30
-23
-14
-6
1
7
9
10
8
5
-1
-10
-16
-20
-23
-23
-24
-21
-19
-14
-6
-2
2
7
8
14
21
23
24
19
12
4
-4
-11
-14
-15
-14
-11
-4
5
14
22
29
30
28
25
20
14
4
-3
-8
-13
-15
-15
-13
-10
-6
-2
2
8
13
16
17
14
10
4
-3
-9
-14
-18
-21
-20
-17
-14
-10
-4
0
2
4
5
6
5
4
0
-5
-7
-8
-9
-10
-10
-8
-4
2
7
11
12
11
12
13
11
6
1
-4
-8
-7
-5
-3
-2
1
7
11
15
17
19
20
16
12
7
0
-5
-11
-12
-9
-7
-5
-4
-3
0
1
0
-1
1
3
2
0
-4
-7
-9
-11
-11
-14
-17
-16
-12
-9
-8
-7
-2
0
1
2
0
0
-1
-2
-2
-1
2
3
3
3
2
0
0
0
2
4
3
5
10
12
14
14
11
9
7
2
-1
-3
-5
-5
-4
-2
3
9
13
15
15
16
11
4
-2
-7
-12
-16
-14
-13
-13
-13
-9
-5
-2
3
8
10
10
9
3
-1
-1
-5
-8
-10
-12
-12
-13
-11
-7
-5
-4
-1
1
4
5
3
2
1
0
2
3
4
3
0
0
0
1
2
2
4
6
6
5
2
0
0
1
1
0
0
0
-2
-1
3
4
6
8
8
10
11
10
7
0
-2
-6
-10
-8
-7
-5
-1
-1
-1
0
-1
-1
0
0
0
-1
-3
-4
-7
-10
-7
-8
-6
-5
-6
-1
1
0
0
0
-2
-2
-3
-5
-3
-4
-5
-2
0
2
3
3
5
4
4
6
4
3
0
-2
-1
-1
0
-1
0
4
5
8
7
5
8
8
7
6
6
4
4
4
1
-2
-8
-6
1
0
-2
2
-2
-4
-4
14
41
34
25
4
-3
67
80
-7
-44
-30
-20
-47
-77
-44
-41
-69
-64
-105
-114
-54
-79
-103
-74
-37
39
31
-16
-27
-37
16
26
-11
2
26
79
119
97
88
127
111
95
137
169
170
141
86
51
73
81
52
-29
-48
-37
-53
-1
-68
0
242
293
171
-139
-358
-362
-223
74
169
10
-8
-118
-341
-350
-349
-227
-129
201
634
347
-101
-381
-578
-485
-226
39
170
60
-14
-129
-364
-379
-229
-14
148
248
357
340
150
-2
-56
-72
22
144
210
193
199
214
85
-58
-26
97
183
211
154
89
50
29
11
10
4
-62
-39
31
-4
-44
-30
-55
-102
-54
7
-32
-15
35
-17
-17
35
-33
-121
-93
-3
59
51
17
-48
-98
-61
-49
-38
-12
-38
-30
-15
-45
-54
-30
-1
-1
-25
-51
-68
-39
2
-14
-16
52
61
20
30
4
-50
-40
-18
8
26
6
5
-16
-14
-15
-80
-67
-37
-9
51
65
53
16
-30
-68
-92
-24
71
100
139
156
67
-34
-37
23
123
253
292
232
162
128
110
79
98
120
124
172
180
136
25
-130
-159
-104
-47
2
28
-9
-165
-268
-299
-348
-324
-256
-209
-236
-251
-220
-273
-307
-308
-326
-267
-157
-38
-6
-23
10
-52
-100
-40
26
78
83
74
37
34
45
-27
-24
-6
-25
32
97
174
191
155
111
48
102
121
406
1006
1116
741
351
336
493
516
722
765
664
617
387
257
100
-118
-334
-425
-51
60
-234
-554
-953
-1096
-995
-797
-666
-692
-642
-688
-726
-612
-646
-694
-495
-85
226
269
128
-54
66
355
504
482
409
354
181
181
225
69
17
-27
-91
-139
-195
-283
-520
-487
-309
-287
-211
-307
-435
-405
-206
14
26
47
142
218
388
515
437
453
407
865
1856
2016
1225
322
401
990
1122
1386
1154
482
267
27
27
-108
-382
-528
-757
-366
-336
-974
-1256
-1445
-1319
-806
-558
-751
-1327
-1377
-994
-847
-507
-509
-625
-266
80
289
258
305
549
723
1173
1348
945
578
305
441
660
619
379
-63
-186
-217
-330
-386
-721
-1049
-1008
-829
-737
-881
-1038
-1078
-951
-498
-223
-293
-229
-60
152
413
476
421
332
497
931
1179
1191
963
1197
2097
2229
1335
552
528
959
1307
1601
1214
196
-236
-47
240
172
-303
-863
-1135
-857
-640
-828
-1130
-1402
-1363
-997
-774
-1069
-1476
-1396
-1035
-623
-433
-607
-663
-264
252
498
717
754
469
421
847
1029
739
746
834
539
150
41
53
-159
-279
-367
-629
-774
-922
-962
-951
-1011
-1013
-1074
-885
-754
-702
-439
-341
-220
-62
153
528
744
947
1006
966
1092
1035
1010
1132
1264
1263
890
900
1728
2143
1335
160
11
792
1204
1177
733
-220
-748
-455
185
291
-427
-1072
-1410
-1251
-699
-684
-986
-1380
-1503
-1117
-849
-802
-1135
-1285
-859
-667
-592
-680
-752
-311
179
653
615
166
103
375
1025
1326
947
465
88
274
592
556
271
-324
-466
-195
-142
-247
-586
-879
-961
-837
-563
-568
-706
-768
-658
-276
-69
-20
67
239
560
753
840
761
639
853
1062
1047
820
622
693
802
1060
986
820
1339
1219
295
-145
286
956
847
499
-36
-777
-558
86
425
-14
-949
-1214
-1196
-688
-67
-419
-991
-1464
-1306
-580
-402
-640
-1137
-1148
-753
-710
-417
-452
-587
-227
-74
200
188
104
344
443
966
826
186
252
507
1041
892
167
-284
-380
448
586
-117
-667
-1146
-757
-270
-21
-225
-1070
-1119
-787
-310
177
-28
-128
-126
145
497
462
664
496
455
891
803
712
614
642
772
597
649
412
228
313
810
1727
961
-453
-641
323
1407
1078
254
-574
-851
103
838
619
-618
-1381
-930
-560
-32
-30
-776
-1218
-1245
-713
-364
-567
-958
-1123
-721
-590
-622
-520
-746
-603
-163
51
-10
-231
5
461
697
562
236
171
554
1119
875
161
118
410
605
542
191
-277
-468
-177
28
-100
-627
-880
-577
-414
-325
-335
-458
-565
-552
-131
147
119
104
115
252
321
663
909
737
646
471
445
557
629
828
567
94
76
293
1129
1602
636
-540
-526
650
1241
850
138
-816
-756
106
584
285
-977
-1306
-780
-447
8
-316
-950
-1267
-966
-145
-186
-549
-936
-1054
-517
-575
-457
-383
-698
-353
-160
74
160
35
468
472
430
384
278
588
428
564
532
188
312
257
552
351
-228
21
125
-37
-377
-397
-163
-479
-388
-448
-709
-609
-466
-107
-383
-568
-109
109
341
390
369
404
426
811
772
451
256
318
677
511
328
297
283
428
432
359
532
1060
779
-166
-297
226
767
656
110
-545
-916
-169
484
291
-654
-1287
-857
-497
57
108
-669
-1083
-964
-87
294
-177
-607
-944
-637
-419
-182
-14
-640
-668
-368
-26
189
-82
92
134
183
425
365
424
221
349
558
193
134
103
236
297
44
-5
-123
8
112
-142
-212
-267
-214
-254
-446
-278
-178
-121
-137
-275
-236
3
429
460
209
271
382
504
627
606
485
241
186
206
114
-28
-74
4
103
28
-217
-196
-102
591
1084
103
-730
-308
840
1103
359
-193
-682
-192
704
835
235
-927
-607
181
217
326
-187
-667
-807
-325
339
-170
-724
-1153
-929
-272
-455
-285
-592
-1021
-499
-196
168
-10
-268
37
-4
275
433
446
346
3
422
403
265
382
122
172
-76
-66
266
47
-79
-288
-264
-28
-111
56
93
-194
-315
30
510
210
-195
-4
189
331
414
347
136
-19
395
594
196
59
136
168
47
-48
-74
-328
-402
-316
-334
-455
-597
-233
-65
-530
-507
-309
233
1037
455
-513
-443
679
1628
1076
85
-454
114
1250
1429
808
-493
-675
470
866
810
65
-761
-850
-385
437
111
-715
-1284
-1309
-338
-118
-326
-780
-1443
-852
-163
158
-79
-731
-548
-235
155
359
150
10
-241
139
488
340
301
118
219
209
39
217
209
75
-137
-198
-86
-72
57
-13
-265
-256
131
463
343
108
47
204
518
727
478
32
24
309
518
327
56
-69
-183
103
241
-13
-245
-323
-199
-140
-104
-284
-575
-499
-437
-233
-91
-243
-347
-500
-234
98
649
856
-90
-467
209
1267
1519
672
62
-100
617
1507
1367
410
-602
-50
763
659
393
-379
-832
-733
-255
125
-510
-1180
-1417
-1007
-468
-613
-724
-1200
-1393
-710
-270
-132
-521
-785
-470
-139
357
398
101
-112
28
662
697
489
338
230
478
514
508
420
171
135
205
287
138
-2
75
-27
-68
30
-35
20
240
76
-295
-202
336
538
140
-200
-203
169
533
488
54
-469
-197
426
453
131
-306
-497
-262
136
339
-85
-564
-655
-316
173
54
-122
-327
-505
-91
294
354
166
263
339
-38
305
944
1009
453
-89
259
598
834
792
131
-375
-313
413
564
-94
-550
-815
-591
-236
-175
-396
-1058
-1203
-737
-299
-351
-853
-929
-779
-456
-66
-163
-399
-580
-198
364
294
161
9
64
298
506
664
364
147
178
362
560
346
221
91
-3
125
135
134
-48
-9
24
-223
-103
169
241
-18
-138
75
128
232
318
230
-8
-80
315
370
163
46
-40
-57
1
254
112
-282
-326
-129
92
-108
-285
-259
-398
-223
-50
-134
-426
-463
45
41
-190
-157
-25
150
180
477
364
-83
231
773
973
450
98
386
548
850
799
297
-146
-47
665
546
-124
-416
-406
-194
-223
-224
-512
-1019
-846
-477
-426
-786
-970
-711
-682
-602
-426
-429
-484
-455
-129
5
-124
-15
169
206
115
210
419
294
210
308
308
278
224
227
208
97
127
179
113
15
22
126
49
19
93
67
156
138
2
40
204
338
186
-14
28
184
328
241
27
-78
0
250
196
-47
-110
-100
-33
-7
0
-107
-287
-217
-105
-63
-171
-295
-166
-154
-128
-103
-52
39
-12
83
55
295
567
318
188
278
599
719
497
320
106
347
621
441
64
-289
-9
162
13
-122
-469
-556
-445
-236
-242
-677
-802
-729
-569
-441
-555
-588
-776
-679
-307
-243
-281
-437
-316
-74
1
132
31
-21
40
229
441
247
106
137
322
435
280
241
151
155
288
278
190
47
142
170
35
79
146
130
40
104
139
44
109
253
248
91
87
182
152
191
242
157
-10
12
152
36
-52
8
-20
-165
-248
-167
-134
-156
-176
-273
-384
-318
-94
-8
-110
-279
-210
12
153
136
91
315
259
76
244
578
705
369
181
266
432
726
606
167
-122
102
511
299
-53
-280
-369
-245
-124
-153
-550
-877
-710
-479
-469
-654
-808
-770
-725
-496
-363
-495
-517
-439
-211
-139
-147
20
-14
-7
38
172
324
156
205
240
197
224
230
399
232
15
136
238
290
118
71
75
-32
189
255
56
-113
-27
238
157
70
99
14
64
194
334
164
-63
141
301
283
151
123
149
137
268
217
78
31
145
310
62
-140
-66
181
282
-69
-232
-174
117
131
-70
115
-71
-243
-28
328
404
-97
-168
24
207
410
250
25
-376
-65
538
173
-245
-396
-197
-141
-215
-85
-491
-769
-623
-301
-249
-772
-768
-627
-619
-386
-403
-468
-643
-534
-87
-91
-169
-206
-65
100
34
283
270
161
289
273
361
264
284
437
266
191
173
285
311
153
217
127
120
224
218
203
54
151
288
220
165
94
178
242
223
211
51
58
170
205
147
28
57
34
31
111
60
4
-63
-77
-28
-6
-14
-145
-191
-114
-54
-60
-152
-161
-80
-92
27
176
-18
-184
37
344
316
93
-47
30
295
435
265
-36
-222
65
364
137
-143
-325
-337
-178
-54
-160
-518
-671
-547
-342
-256
-500
-627
-650
-540
-221
-243
-379
-469
-370
-76
3
-6
-77
-70
64
164
350
245
81
127
230
467
356
142
106
140
343
357
206
24
-25
244
291
140
18
2
126
119
132
91
27
63
50
109
102
47
121
88
59
115
161
160
83
81
113
172
158
60
42
-3
26
130
34
-143
-73
33
-75
-88
-25
-5
-47
-110
-92
36
246
131
-117
-88
137
432
323
48
-24
42
394
469
170
-210
-168
229
156
21
-258
-509
-333
-185
-124
-476
-768
-633
-473
-329
-547
-671
-656
-637
-344
-356
-392
-437
-432
-152
-105
-47
-28
9
97
56
284
335
249
292
252
330
298
346
379
223
238
220
241
221
195
256
85
20
144
249
196
-5
20
89
178
240
114
38
4
182
327
204
91
40
145
222
246
198
31
23
97
156
104
-14
-11
-7
0
-100
-111
37
-61
-201
-238
-27
50
-191
-221
-141
61
130
-57
-171
-153
220
434
73
-192
-96
336
460
157
-31
-181
36
282
205
-86
-467
-328
-34
-72
-290
-632
-654
-503
-361
-337
-687
-809
-651
-372
-299
-530
-515
-378
-212
-89
-95
-44
-12
118
259
239
232
279
404
387
289
325
381
339
295
292
221
168
219
259
160
57
86
141
148
165
115
40
44
165
233
113
43
86
140
178
159
108
95
120
180
150
112
122
111
128
118
96
44
-5
16
40
-10
-118
-144
-51
-91
-215
-170
-96
-144
-188
-142
-133
-75
48
9
-152
-43
231
229
92
35
139
230
290
283
106
20
127
261
177
-48
-173
-149
-111
-127
-289
-471
-560
-511
-420
-518
-686
-763
-627
-515
-542
-583
-526
-427
-346
-285
-216
-139
-70
20
40
84
169
283
300
226
233
367
425
363
323
333
318
288
372
360
218
122
198
291
251
168
94
70
160
255
221
96
51
167
238
216
139
138
189
189
197
196
178
133
116
195
174
59
10
47
103
13
-68
-103
-172
-131
-70
-136
-241
-265
-160
-191
-231
-55
20
-126
-232
-17
218
220
93
-25
-8
157
340
263
-51
-199
-61
126
88
-167
-332
-417
-344
-177
-204
-441
-674
-640
-411
-330
-453
-527
-556
-525
-369
-208
-213
-318
-303
-88
61
40
59
84
105
143
244
290
199
171
262
314
267
207
221
221
188
258
292
219
144
174
201
199
230
203
175
135
162
296
285
135
73
167
297
242
157
169
164
149
200
233
100
56
169
158
25
30
97
15
-125
-75
-1
-142
-232
-193
-156
-209
-199
-222
-355
-312
-64
111
-87
-332
-188
160
336
227
17
-47
20
315
495
228
-156
-263
76
203
61
-153
-444
-512
-332
-72
-243
-653
-673
-480
-355
-390
-443
-437
-484
-322
-183
-212
-253
-207
6
15
-36
-6
51
189
204
194
176
136
250
310
296
197
129
238
263
226
156
93
100
128
176
128
19
36
109
133
88
58
96
134
191
195
125
138
248
321
285
205
203
244
285
300
177
61
109
157
107
-26
-67
-49
-98
-83
-119
-221
-248
-188
-64
-82
-183
-189
-126
117
215
85
-54
-20
307
412
246
29
-34
176
280
227
17
-231
-173
-36
57
-133
-458
-484
-397
-227
-301
-506
-605
-626
-419
-338
-414
-543
-603
-398
-285
-288
-328
-350
-207
-144
-66
-35
-53
40
56
136
179
173
202
170
263
298
263
247
189
263
295
241
171
98
201
235
156
106
78
193
215
185
184
159
232
252
296
311
236
245
274
335
311
233
226
161
195
248
171
41
-16
120
65
-108
-97
-61
-96
-198
-180
-197
-291
-157
-85
-231
-318
-154
2
-113
-70
96
10
-89
95
353
233
8
83
152
143
170
179
-7
-252
-106
88
-62
-312
-376
-303
-374
-399
-328
-456
-649
-638
-426
-394
-570
-577
-466
-398
-368
-288
-195
-224
-184
-14
63
44
70
203
242
147
180
310
335
259
211
251
252
252
310
254
133
106
223
305
205
114
125
152
218
268
267
160
77
234
353
317
171
123
210
248
265
214
104
75
140
204
143
3
2
17
32
1
-54
-88
-154
-113
-66
-97
-185
-220
-127
-31
-84
-185
-167
25
138
7
-107
-51
155
270
188
14
-88
58
289
276
2
-221
-154
34
56
-96
-283
-395
-358
-238
-194
-338
-528
-526
-400
-333
-361
-423
-462
-441
-330
-224
-264
-314
-253
-127
-71
-94
-76
-24
57
110
111
81
81
161
243
207
122
100
172
235
204
151
94
121
195
217
165
98
144
213
226
204
169
203
263
295
280
227
257
327
345
311
246
261
302
290
236
157
160
174
137
70
9
-3
-7
-6
-12
-101
-183
-124
-19
-36
-167
-206
-133
-77
-30
-16
-110
-185
-84
108
93
-84
-120
-19
80
65
-12
-88
-139
-82
-24
-100
-236
-322
-262
-222
-291
-370
-422
-406
-396
-365
-356
-427
-444
-366
-266
-259
-315
-280
-207
-142
-93
-74
-63
-47
18
84
95
90
101
130
161
165
171
170
169
173
183
204
201
182
170
189
213
217
210
200
193
209
243
268
248
215
227
261
287
275
243
217
213
244
245
193
134
123
146
133
97
67
58
53
47
37
13
-1
-5
-25
-61
-81
-66
-67
-110
-146
-133
-88
-76
-91
-110
-97
-57
-25
-27
-54
-57
-35
-39
-67
-90
-102
-112
-138
-165
-203
-229
-234
-233
-257
-298
-317
-312
-296
-292
-306
-335
-341
-306
-252
-239
-257
-256
-207
-132
-85
-70
-60
-33
15
71
99
90
71
87
130
155
133
88
72
106
151
152
110
82
113
175
199
177
156
166
203
229
237
225
211
218
242
264
271
260
248
246
256
278
278
248
204
175
173
175
153
106
48
19
32
44
14
-44
-72
-51
-20
-13
-37
-71
-74
-40
-13
-32
-71
-81
-69
-55
-43
-52
-84
-106
-87
-58
-60
-89
-124
-138
-125
-113
-137
-196
-237
-231
-209
-220
-277
-329
-336
-296
-260
-284
-348
-379
-328
-245
-218
-259
-300
-267
-176
-100
-90
-127
-121
-42
47
78
58
47
86
150
187
171
139
138
166
193
191
159
134
148
173
180
170
154
143
159
187
192
179
173
182
201
224
225
206
201
219
232
227
212
198
196
207
201
173
148
136
131
123
96
67
58
50
27
9
-4
-23
-28
-40
-71
-91
-81
-92
-118
-119
-122
-130
-106
-84
-123
-124
-79
-74
-75
-44
-56
-88
-44
-15
-61
-79
-71
-109
-127
-108
-147
-214
-208
-206
-256
-267
-258
-295
-306
-268
-279
-297
-252
-234
-252
-215
-185
-197
-164
-120
-129
-112
-58
-47
-40
-1
19
30
75
101
93
115
152
165
175
192
184
174
194
201
185
185
182
165
168
184
178
170
180
180
175
191
203
197
198
210
206
199
208
213
199
195
196
180
170
171
156
132
121
104
80
67
54
20
-12
-22
-37
-50
-51
-68
-94
-99
-99
-108
-113
-121
-138
-136
-125
-127
-129
-131
-133
-123
-103
-98
-96
-90
-92
-87
-77
-81
-92
-100
-111
-118
-121
-136
-158
-174
-192
-210
-219
-230
-247
-251
-248
-255
-253
-245
-238
-218
-192
-176
-160
-135
-114
-93
-61
-32
-21
-8
17
36
60
85
94
99
115
132
146
164
174
175
189
208
213
216
225
230
238
253
257
252
251
255
263
269
266
250
239
241
243
235
220
200
183
179
173
160
142
123
111
102
90
67
41
23
8
-8
-29
-58
-89
-114
-134
-153
-171
-192
-209
-217
-216
-214
-214
-211
-206
-199
-189
-180
-168
-155
-146
-141
-142
-137
-125
-118
-115
-117
-119
-120
-118
-116
-120
-127
-134
-137
-136
-136
-134
-129
-123
-114
-106
-94
-83
-73
-61
-53
-49
-46
-44
-36
-25
-19
-10
0
4
16
28
38
54
70
85
99
111
124
139
149
161
175
183
190
196
200
204
207
211
213
209
205
201
197
193
186
179
170
159
148
136
126
113
99
84
69
58
49
40
30
20
13
7
3
-2
-7
-9
-12
-18
-24
-31
-40
-51
-55
-62
-73
-81
-92
-102
-109
-117
-124
-131
-136
-136
-139
-142
-142
-144
-147
-147
-151
-152
-149
-147
-143
-139
-135
-128
-120
-115
-113
-105
-95
-87
-79
-76
-76
-76
-72
-66
-66
-67
-65
-65
-67
-68
-65
-63
-59
-53
-46
-37
-29
-23
-14
-3
8
21
36
53
67
80
99
115
128
144
156
163
177
186
187
189
190
195
204
210
211
210
212
216
216
212
201
192
186
179
168
153
137
123
109
97
83
64
46
31
20
9
-6
-22
-40
-61
-71
-80
-89
-96
-109
-118
-121
-128
-134
-139
-148
-152
-154
-160
-166
-172
-174
-171
-163
-158
-157
-157
-155
-143
-133
-130
-128
-123
-115
-104
-91
-85
-85
-80
-71
-61
-51
-47
-41
-30
-18
-5
1
4
9
17
24
26
25
26
28
36
42
43
43
44
47
51
53
54
55
50
50
54
53
51
51
55
60
64
69
71
73
79
86
91
91
90
88
85
84
85
85
81
77
75
74
71
70
70
68
63
60
57
53
52
51
44
37
30
22
17
10
0
-3
-5
-11
-16
-24
-30
-32
-37
-39
-42
0
0
0
0
0
0
0
0
0
0
0
0
0
0
0
0
0
0
0
0
0
0
0
0
0
0
0
0
0
0
0
0
0
0
0
0
0
0
0
0
0
0
0
0
0
0
0
0
0
0
0
0
0
0
0
0
0
0
0
0
0
0
0
0
0
0
0
0
0
0
0
0
0
0
0
0
0
0
0
0
0
0
0
0
0
0
0
0
0
0
0
0
0
0
0
0
0
0
0
0
0
0
0
0
0
0
0
0
0
0
0
0
0
0
0
0
0
0
0
0
0
0
0
0
0
0
0
0
0
0
0
0
0
0
0
0
0
0
0
0
0
0
0
0
0
0
0
0
0
0
0
0
0
0
0
0
0
0
0
0
0
0
0
0
0
0
0
0
0
0
0
0
0
0
0
0
0
0
0
0
0
0
0
0
0
0
0
0
0
0
0
0
0
0
0
0
0
0
0
0
0
0
0
0
0
0
0
0
0
0
0
0
0
0
0
0
0
0
0
0
0
0
0
0
0
0
0
0
0
0
0
0
0
0
0
0
