-971
-1114
-1227
-1324
-1407
-1519
-1694
-1855
-1912
-1897
-1844
-1621
-1034
-168
508
621
299
-126
-530
-869
-918
-467
296
905
1068
847
478
147
-32
-16
182
531
930
1175
1127
880
691
765
1121
1614
1998
2062
1781
1331
915
597
368
216
87
-85
-269
-340
-207
87
407
593
540
306
97
57
102
66
-84
-303
-571
-865
-1091
-1179
-1200
-1253
-1353
-1513
-1766
-1993
-2011
-1885
-1826
-1736
-1234
-293
523
684
302
-173
-556
-872
-970
-613
119
811
1086
910
537
242
110
73
108
301
670
1047
1208
1091
851
746
950
1415
1876
2061
1904
1529
1092
679
340
124
1
-105
-190
-182
-38
201
426
523
437
242
109
143
272
309
141
-193
-604
-993
-1246
-1305
-1254
-1251
-1363
-1559
-1798
-1993
-2033
-1950
-1874
-1718
-1149
-181
577
640
246
-146
-488
-858
-1000
-615
144
797
1041
908
579
251
46
-49
-59
129
603
1148
1395
1233
921
809
1063
1579
2042
2160
1907
1478
1057
700
410
185
-12
-200
-341
-363
-213
110
500
741
672
382
143
133
262
321
207
-45
-400
-842
-1254
-1458
-1432
-1353
-1368
-1484
-1700
-1994
-2196
-2180
-2047
-1831
-1266
-259
619
741
266
-187
-461
-790
-1043
-785
-2
790
1120
966
597
260
50
-90
-186
-52
457
1095
1390
1192
816
677
951
1504
2003
2171
2001
1651
1234
798
419
160
-37
-229
-356
-353
-233
-11
302
578
613
401
198
201
341
405
275
-4
-357
-747
-1093
-1281
-1299
-1275
-1329
-1467
-1666
-1931
-2172
-2232
-2116
-1913
-1472
-566
500
998
674
31
-470
-868
-1162
-977
-145
835
1306
1120
618
179
-61
-151
-155
-6
413
982
1325
1203
821
621
853
1423
1991
2212
2007
1589
1203
909
640
375
125
-142
-403
-554
-494
-191
273
694
823
602
287
183
313
429
331
57
-270
-597
-903
-1119
-1201
-1214
-1282
-1454
-1690
-1936
-2113
-2141
-2064
-1967
-1706
-1006
-5
706
758
369
-133
-673
-1139
-1160
-514
461
1164
1275
905
382
-14
-189
-196
-39
367
922
1252
1100
659
381
564
1169
1887
2326
2283
1883
1383
957
674
547
466
246
-166
-607
-825
-626
-25
674
1038
884
462
151
95
199
306
316
160
-221
-757
-1236
-1459
-1434
-1352
-1357
-1440
-1595
-1862
-2150
-2290
-2293
-2172
-1608
-428
777
1182
715
-27
-664
-1178
-1373
-900
116
1020
1303
1003
471
37
-144
-121
-8
224
647
1075
1167
847
455
395
786
1469
2100
2345
2149
1730
1295
895
585
433
328
75
-341
-704
-755
-389
243
777
895
642
373
320
389
399
321
178
-93
-529
-1004
-1289
-1302
-1217
-1260
-1454
-1652
-1767
-1871
-2031
-2187
-2295
-2240
-1658
-414
839
1262
830
88
-655
-1300
-1515
-945
188
1148
1411
1055
465
4
-145
-13
277
654
1020
1143
855
341
61
317
1013
1817
2386
2467
2079
1533
1077
752
586
578
524
206
-303
-705
-764
-457
70
594
875
826
613
446
330
195
61
-69
-290
-641
-980
-1122
-1082
-1067
-1210
-1431
-1590
-1671
-1795
-2004
-2199
-2357
-2415
-1908
-514
1047
1645
1121
156
-798
-1606
-1874
-1147
304
1483
1695
1114
322
-230
-323
36
617
1102
1265
1020
459
-96
-212
319
1290
2241
2733
2539
1829
1108
719
630
730
900
854
360
-387
-914
-936
-517
110
670
903
744
416
193
114
78
26
-119
-418
-768
-990
-1027
-962
-937
-1073
-1346
-1602
-1758
-1907
-2088
-2179
-2186
-2229
-1968
-846
720
1486
1048
166
-593
-1257
-1641
-1221
20
1262
1710
1330
588
-29
-163
222
753
1044
1017
742
300
-97
-116
415
1297
2130
2582
2467
1870
1199
819
722
758
857
830
467
-114
-549
-623
-406
-62
294
538
540
365
226
197
180
70
-202
-593
-910
-1005
-927
-845
-908
-1151
-1432
-1600
-1711
-1869
-1985
-1951
-1931
-2130
-2089
-1069
551
1453
1148
320
-498
-1299
-1818
-1477
-207
1227
1917
1605
728
-44
-219
202
772
1083
1064
797
392
54
10
404
1197
2090
2656
2586
1929
1130
656
553
644
848
981
755
204
-343
-669
-719
-455
57
541
713
578
359
184
21
-151
-329
-521
-678
-758
-831
-982
-1212
-1445
-1547
-1480
-1420
-1545
-1803
-2027
-2180
-2341
-2227
-1215
513
1656
1399
343
-674
-1481
-1939
-1572
-258
1283
2019
1609
630
-101
-157
338
883
1074
929
649
331
65
33
423
1217
2078
2569
2463
1851
1106
645
566
673
851
1011
887
380
-214
-594
-693
-518
-117
316
535
512
440
391
234
-67
-396
-658
-791
-795
-801
-924
-1127
-1316
-1423
-1418
-1389
-1486
-1738
-1996
-2125
-2232
-2313
-1747
-173
1370
1577
635
-405
-1167
-1730
-1752
-824
692
1775
1767
980
208
-26
305
826
1090
986
711
443
234
166
402
1036
1857
2434
2458
1935
1177
615
454
587
893
1256
1353
921
127
-601
-971
-916
-499
93
579
748
641
420
129
-214
-510
-672
-694
-649
-668
-818
-1034
-1245
-1414
-1458
-1358
-1324
-1506
-1761
-1898
-1998
-2248
-2311
-1454
207
1392
1234
279
-594
-1207
-1559
-1278
-170
1175
1812
1433
602
61
169
756
1278
1309
923
466
154
43
186
680
1476
2246
2557
2187
1330
518
198
397
916
1565
2006
1769
754
-527
-1395
-1528
-1033
-210
580
969
809
330
-118
-407
-556
-580
-535
-509
-569
-723
-893
-1028
-1148
-1235
-1275
-1346
-1516
-1711
-1797
-1779
-1873
-2220
-2335
-1426
220
1194
871
107
-383
-835
-1322
-1200
-165
1049
1528
1201
676
486
726
1137
1309
1048
598
324
286
334
469
847
1451
1974
2093
1696
960
370
357
864
1531
2096
2276
1713
431
-960
-1761
-1719
-1018
-25
779
962
538
-64
-490
-668
-636
-453
-286
-343
-627
-913
-1034
-1049
-1061
-1066
-1112
-1298
-1561
-1704
-1656
-1561
-1636
-2043
-2434
-1880
-291
945
917
371
45
-410
-1123
-1338
-574
625
1406
1504
1275
1094
1082
1155
1080
764
476
483
649
700
662
778
1114
1465
1613
1428
921
461
538
1141
1835
2324
2421
1805
439
-1053
-1910
-1885
-1165
-73
861
1018
353
-497
-968
-1010
-754
-291
96
51
-392
-857
-1115
-1185
-1108
-966
-970
-1257
-1596
-1647
-1482
-1390
-1457
-1837
-2478
-2396
-930
704
1075
575
182
-185
-868
-1377
-965
262
1372
1761
1641
1388
1174
1092
1046
855
616
580
722
746
561
465
668
1024
1346
1457
1164
698
636
1140
1825
2333
2486
2013
752
-831
-1893
-2027
-1406
-355
626
874
208
-768
-1332
-1277
-779
-126
321
263
-270
-909
-1284
-1288
-1059
-861
-897
-1157
-1442
-1561
-1515
-1455
-1536
-1941
-2552
-2474
-1087
569
1102
725
338
-90
-887
-1516
-1116
249
1574
2099
1955
1589
1257
1086
1032
929
782
749
796
681
366
170
361
804
1213
1386
1190
791
687
1158
1901
2415
2478
2032
969
-555
-1840
-2204
-1631
-593
310
531
-43
-890
-1341
-1154
-545
133
564
492
-98
-844
-1277
-1272
-1068
-961
-1034
-1179
-1310
-1344
-1211
-1095
-1275
-1822
-2613
-2999
-2031
-42
1325
1344
782
187
-597
-1396
-1465
-367
1294
2386
2469
1984
1452
1095
927
811
689
658
748
811
611
188
-5
293
812
1219
1354
1207
1057
1277
1836
2333
2454
2125
1338
82
-1357
-2280
-2251
-1488
-501
155
64
-615
-1211
-1227
-693
-3
445
494
192
-322
-854
-1225
-1347
-1227
-996
-861
-913
-1068
-1172
-1206
-1344
-1759
-2463
-3067
-2677
-995
724
1165
693
334
73
-582
-1222
-829
681
2115
2546
2254
1836
1460
1135
901
713
522
421
509
577
305
-100
-103
332
840
1205
1342
1329
1454
1847
2304
2512
2294
1643
591
-782
-2031
-2526
-2105
-1146
-266
-21
-468
-1048
-1183
-757
-85
398
526
369
-33
-588
-1057
-1238
-1114
-841
-675
-747
-982
-1183
-1188
-1151
-1371
-1834
-2390
-2940
-2898
-1636
174
1161
1107
822
564
-63
-876
-878
359
1874
2621
2647
2389
1893
1215
644
305
109
79
315
559
377
-115
-339
-23
638
1361
1857
2020
2062
2171
2311
2353
2090
1299
54
-1278
-2234
-2475
-2066
-1337
-628
-265
-377
-697
-826
-637
-267
58
227
262
129
-187
-482
-619
-708
-798
-831
-832
-903
-1096
-1304
-1376
-1390
-1652
-2353
-3198
-3285
-1950
71
1309
1433
1254
1042
302
-779
-994
247
1929
2839
2917
2574
1919
1102
432
29
-153
-98
165
375
209
-276
-580
-266
630
1671
2342
2443
2250
2129
2137
2066
1658
793
-343
-1375
-2015
-2173
-1943
-1468
-864
-387
-375
-779
-1096
-965
-531
-137
129
341
417
271
48
-158
-477
-850
-1001
-914
-878
-1023
-1162
-1182
-1320
-1772
-2373
-3000
-3447
-2888
-952
1095
1865
1658
1387
966
3
-842
-444
1111
2567
3145
3034
2498
1595
583
-124
-384
-419
-366
-120
150
44
-251
-100
603
1416
1993
2241
2247
2188
2128
1981
1589
830
-154
-985
-1484
-1730
-1771
-1593
-1229
-894
-916
-1272
-1495
-1287
-794
-252
213
536
646
529
340
219
30
-367
-731
-818
-804
-953
-1197
-1342
-1444
-1675
-2028
-2457
-2964
-3086
-2043
-70
1479
1863
1635
1357
797
-147
-678
34
1599
2856
3289
3145
2556
1510
388
-357
-779
-1074
-1001
-327
489
799
613
417
457
681
1107
1771
2464
2787
2532
1841
923
-80
-899
-1240
-1149
-963
-971
-1233
-1611
-1927
-2078
-1952
-1441
-668
51
454
506
383
285
354
579
689
409
-145
-630
-974
-1311
-1611
-1681
-1505
-1383
-1563
-1917
-2277
-2613
-2508
-1457
146
1326
1734
1722
1441
701
-268
-584
231
1522
2478
3026
3235
2844
1793
474
-657
-1352
-1454
-805
362
1261
1301
692
-17
-457
-417
195
1267
2382
2987
2847
2113
1016
-142
-961
-1237
-1076
-791
-753
-1087
-1616
-2136
-2473
-2388
-1796
-894
-13
557
742
676
498
336
327
399
329
97
-150
-415
-822
-1261
-1453
-1377
-1235
-1110
-1044
-1172
-1465
-1621
-1367
-752
-66
503
922
1073
805
272
-95
13
568
1320
2027
2553
2765
2481
1670
597
-331
-782
-658
-160
313
458
289
7
-228
-309
-149
299
965
1583
1799
1496
895
298
-131
-379
-522
-629
-742
-895
-1093
-1330
-1555
-1570
-1200
-579
-80
52
-84
-200
-149
-4
93
65
-18
-33
-21
-133
-358
-502
-421
-135
201
405
422
313
133
-99
-359
-572
-620
-481
-312
-275
-342
-396
-351
-153
180
572
958
1306
1559
1580
1250
655
80
-228
-271
-229
-213
-252
-384
-607
-824
-858
-548
118
927
1518
1597
1138
427
-161
-435
-434
-283
-105
7
-13
-219
-566
-858
-880
-580
-109
282
449
431
322
167
-59
-379
-657
-687
-470
-223
-146
-287
-504
-583
-448
-132
298
711
975
1036
824
316
-278
-669
-740
-536
-195
67
84
-115
-340
-389
-209
147
625
1122
1448
1392
908
254
-193
-317
-285
-270
-330
-482
-685
-830
-811
-585
-172
331
719
771
494
150
-42
-100
-121
-146
-193
-241
-252
-237
-238
-300
-403
-413
-247
2
214
365
437
372
158
-135
-393
-502
-406
-156
84
126
-67
-313
-364
-136
212
528
786
897
725
340
-23
-224
-237
-76
113
124
-91
-374
-474
-288
30
289
465
592
621
513
356
267
262
279
250
122
-149
-466
-622
-552
-368
-164
48
213
210
25
-176
-259
-256
-222
-145
-98
-165
-240
-166
14
132
69
-126
-276
-286
-198
-60
77
141
116
23
-169
-430
-587
-474
-152
117
138
-32
-177
-142
58
278
406
441
420
366
304
265
244
215
160
80
-51
-259
-415
-294
91
462
616
583
466
318
168
90
135
232
298
323
254
28
-240
-389
-391
-302
-200
-128
-94
-115
-188
-281
-400
-511
-518
-437
-363
-307
-195
27
282
369
186
-112
-319
-354
-229
-43
95
128
19
-195
-413
-573
-591
-401
-124
49
71
23
14
103
235
337
415
469
479
461
405
279
131
29
-10
-12
-37
-70
-36
70
200
298
344
379
416
421
386
316
210
121
102
136
182
192
119
-22
-175
-324
-453
-514
-490
-399
-292
-227
-210
-228
-304
-431
-531
-495
-265
79
381
488
345
63
-185
-285
-223
-64
79
127
71
-84
-288
-440
-476
-403
-238
-30
133
220
264
291
309
316
332
380
422
398
315
201
85
-10
-85
-143
-175
-177
-123
-7
114
207
293
344
319
231
134
62
41
84
151
192
175
77
-78
-223
-300
-310
-271
-206
-148
-116
-116
-146
-193
-251
-340
-424
-409
-262
-64
114
242
273
197
80
6
15
95
193
235
156
-41
-252
-378
-400
-346
-252
-150
-50
40
96
140
207
277
306
292
281
286
256
178
120
84
-25
-205
-344
-383
-347
-282
-205
-86
81
205
232
208
165
116
109
132
115
55
6
-17
-58
-169
-294
-333
-300
-251
-167
-41
75
129
113
27
-123
-271
-284
-115
120
305
403
409
327
167
-26
-153
-123
58
269
358
250
29
-137
-179
-151
-118
-108
-98
-44
41
106
132
112
35
-47
-60
1
104
213
284
251
76
-184
-399
-466
-390
-262
-163
-93
-24
6
-31
-67
-31
61
166
236
203
77
-26
-42
-37
-78
-123
-104
-64
-69
-84
-54
7
53
60
37
8
-10
13
99
219
320
378
386
307
145
-22
-143
-188
-122
21
133
150
101
50
23
7
-14
-41
-48
1
87
154
157
86
-45
-188
-269
-232
-86
97
214
197
52
-161
-347
-409
-345
-223
-105
-30
-2
-28
-102
-159
-140
-53
54
113
97
36
-33
-87
-120
-140
-152
-149
-117
-81
-74
-82
-74
-47
-28
-21
4
64
130
188
267
345
368
326
240
129
10
-86
-128
-124
-113
-93
-36
51
120
145
138
115
90
97
151
217
248
218
122
-16
-141
-203
-177
-72
54
120
83
-44
-200
-314
-349
-304
-206
-93
-5
30
6
-53
-106
-123
-87
-19
25
25
15
4
-14
-40
-82
-132
-157
-141
-99
-67
-79
-114
-131
-138
-148
-115
-8
130
242
318
375
403
372
284
183
101
42
-12
-67
-112
-120
-71
27
127
180
171
126
87
91
128
174
204
185
117
24
-62
-108
-95
-35
37
78
57
-28
-145
-240
-256
-195
-112
-39
12
28
13
-28
-77
-106
-109
-109
-115
-114
-99
-60
-5
24
-3
-68
-126
-148
-129
-89
-54
-39
-47
-67
-102
-138
-127
-50
64
185
286
318
271
188
108
31
-46
-89
-70
-24
3
29
72
108
123
125
120
119
123
122
128
147
142
89
30
-13
-52
-75
-68
-50
-49
-61
-79
-124
-189
-218
-186
-127
-79
-54
-29
9
38
38
14
-13
-43
-74
-100
-117
-108
-72
-37
-23
-35
-72
-114
-135
-118
-79
-55
-40
-6
34
66
94
101
106
144
192
197
165
129
96
48
-25
-91
-106
-69
-4
61
99
97
77
61
56
60
61
57
75
115
139
121
67
5
-39
-64
-75
-69
-55
-46
-36
-54
-115
-164
-169
-143
-103
-72
-52
-17
23
28
6
-14
-15
2
19
24
38
47
20
-27
-55
-60
-73
-97
-104
-89
-67
-40
-7
24
51
91
139
170
182
185
184
173
141
97
62
13
-52
-80
-45
19
68
92
86
52
13
-9
7
46
70
66
41
-4
-47
-73
-76
-53
-23
-19
-46
-81
-113
-126
-108
-69
-38
-36
-59
-81
-88
-95
-100
-89
-66
-53
-50
-46
-37
-27
-22
-13
0
-3
-10
6
30
27
-18
-83
-123
-118
-90
-42
37
123
188
219
199
135
71
43
58
97
118
104
65
4
-59
-75
-36
21
54
44
11
-20
-32
-15
22
54
63
48
21
2
0
6
2
-11
-38
-85
-135
-162
-162
-150
-130
-106
-93
-87
-74
-52
-36
-27
-19
-16
-17
-18
-13
12
52
75
69
45
15
-11
-27
-33
-36
-49
-60
-62
-67
-64
-27
47
127
182
202
194
171
144
130
132
129
114
99
73
24
-17
-19
2
16
12
0
-14
-25
-22
-1
21
33
44
57
61
55
48
36
9
-28
-60
-87
-108
-110
-97
-87
-90
-113
-142
-148
-120
-77
-38
-10
0
-11
-28
-30
-3
42
77
85
57
3
-46
-62
-58
-46
-33
-27
-28
-42
-65
-77
-67
-24
54
124
149
141
127
123
127
123
97
67
52
51
59
57
33
7
-10
-27
-41
-37
-18
2
6
-4
-2
19
51
73
84
90
70
9
-58
-91
-94
-84
-74
-78
-99
-128
-159
-176
-156
-100
-48
-20
-5
-10
-35
-51
-33
17
68
92
75
27
-30
-79
-103
-99
-79
-55
-38
-34
-42
-45
-35
-20
6
46
84
105
115
127
137
138
117
74
40
31
39
47
40
13
-26
-63
-84
-83
-63
-33
0
27
44
58
78
95
100
91
69
40
-2
-47
-61
-46
-30
-32
-57
-93
-119
-134
-132
-95
-43
-3
34
54
46
26
17
29
47
61
74
69
41
9
-18
-47
-71
-77
-64
-38
-11
3
3
-9
-31
-49
-42
-5
52
113
154
159
139
105
64
31
24
47
68
60
32
-7
-54
-92
-105
-94
-63
-28
0
20
39
51
60
68
61
43
20
-6
-25
-34
-33
-33
-54
-89
-115
-119
-110
-97
-72
-39
-16
-8
-7
-6
4
29
62
81
72
51
33
20
13
8
-4
-19
-28
-22
-12
-10
-11
-16
-24
-43
-57
-43
-2
44
78
92
90
84
75
61
51
50
46
29
7
-28
-78
-113
-121
-110
-87
-65
-48
-34
-34
-33
-17
7
24
25
19
11
7
4
2
-1
-17
-44
-64
-78
-85
-77
-54
-18
13
18
3
-14
-21
-9
22
51
71
79
66
40
31
38
46
44
37
34
38
42
41
31
12
-11
-34
-45
-34
-7
17
38
58
64
58
48
40
38
43
47
39
16
-11
-32
-53
-66
-65
-50
-21
3
7
-9
-34
-47
-46
-38
-25
-11
-2
9
15
4
-10
-17
-21
-26
-25
-17
-10
-10
-13
-7
3
7
12
26
41
52
53
47
36
21
10
7
9
23
46
62
64
54
41
28
14
0
-15
-23
-15
-2
4
5
13
27
39
41
35
22
2
-13
-17
-24
-39
-49
-49
-49
-55
-60
-50
-34
-16
0
2
-10
-27
-38
-36
-27
-22
-25
-28
-29
-37
-44
-40
-27
-14
-10
-13
-17
-27
-41
-36
-13
10
31
47
53
50
31
5
-4
6
22
37
38
26
12
3
-1
-6
-8
0
13
16
2
-17
-18
-10
-6
0
17
36
43
40
33
21
0
-23
-32
-34
-36
-35
-37
-39
-34
-31
-31
-31
-26
-14
2
13
10
-3
-13
-17
-13
-7
-2
2
8
10
8
8
10
5
-8
-22
-27
-29
-24
-5
21
44
55
53
44
35
26
21
27
43
57
61
47
22
3
-6
-5
1
9
18
19
14
15
16
12
7
8
19
32
34
30
27
20
9
-3
-14
-19
-10
-6
-14
-23
-26
-28
-37
-46
-46
-28
-1
17
14
-4
-22
-29
-23
-13
-13
-15
-10
-5
-6
-8
0
13
12
-1
-12
-19
-19
-12
4
18
17
10
0
-6
-2
9
20
26
24
19
11
2
-3
-2
1
5
7
10
11
5
-3
-11
-15
-16
-15
-7
7
11
15
16
5
-5
-5
1
9
6
-8
-17
-22
-29
-37
-39
-34
-29
-22
-10
-6
-14
-24
-24
-7
10
11
3
-9
-16
-15
-10
-5
3
6
-1
-14
-26
-28
-17
4
27
40
34
19
7
3
9
17
20
15
5
-7
-18
-21
-20
-17
-11
3
16
17
11
5
1
-1
1
3
4
5
10
15
18
14
5
3
6
5
6
4
-5
-13
-17
-19
-19
-16
-10
-9
-13
-14
-12
-11
-6
8
26
37
39
32
17
-1
-10
-11
-6
4
13
17
17
9
-2
-8
-7
0
10
19
22
20
19
19
20
23
25
23
21
20
21
21
16
8
0
-3
-1
3
10
16
13
3
-5
-7
-8
-13
-16
-14
-14
-16
-14
-8
0
3
-4
-14
-23
-27
-25
-20
-17
-17
-20
-22
-20
-17
-20
-23
-16
-13
-17
-21
-23
-21
-11
3
8
5
-2
-5
-6
-4
5
14
17
13
7
3
0
-4
-8
-7
-2
7
15
23
25
19
13
7
1
-4
-8
-6
-2
0
0
2
0
-8
-10
0
8
12
9
-2
-17
-29
-30
-16
-3
6
11
6
-9
-27
-36
-32
-26
-19
-7
0
2
3
3
2
-2
-11
-17
-20
-19
-13
-9
-8
-6
-7
-10
-7
0
13
28
37
39
33
15
-3
-10
-10
-7
-4
0
8
11
10
9
11
15
20
23
19
15
17
22
29
32
30
29
24
8
-2
0
5
10
9
1
-8
-16
-21
-18
-5
12
21
23
17
5
-4
-11
-18
-17
-8
8
20
20
16
9
-4
-17
-27
-26
-12
3
11
13
10
6
1
2
10
20
27
33
36
30
18
3
-9
-19
-25
-25
-23
-21
-20
-20
-20
-18
-17
-21
-19
-10
0
14
27
32
33
24
12
5
-3
-9
-6
0
2
2
-5
-13
-17
-21
-26
-21
-13
-4
3
2
-2
2
10
15
13
6
3
8
11
5
0
-2
-9
-20
-29
-30
-31
-32
-30
-28
-25
-27
-27
-16
-2
7
9
5
6
4
-9
-23
-27
-24
-25
-30
-33
-30
-27
-24
-19
-12
-4
2
4
4
6
10
7
3
2
-2
-5
-1
8
18
20
13
-1
-10
-9
-3
2
9
15
19
19
14
7
-2
-4
4
16
24
29
27
24
27
28
25
25
30
36
31
18
10
11
16
17
21
26
28
33
36
30
24
20
11
3
-1
1
5
7
5
3
-5
-24
-37
-31
-16
-7
-3
6
17
13
-10
-33
-41
-41
-31
-19
-11
0
5
-6
-17
-28
-43
-47
-40
-23
-2
6
6
8
6
-8
-26
-38
-34
-15
0
6
6
-4
-27
-52
-67
-69
-54
-34
-18
-4
6
2
-16
-33
-44
-48
-38
-9
73
166
175
141
120
92
61
43
55
118
175
185
169
147
117
75
28
-4
-5
18
56
108
148
136
72
-8
-71
-102
-109
-97
-64
-21
-3
-34
-98
-170
-241
-294
-299
-256
-187
-127
-88
-64
-73
-105
-125
-126
-101
-46
8
46
78
95
81
38
-19
-61
-69
-57
-35
-3
21
24
-3
-49
-86
-95
-81
-47
14
82
123
122
97
73
60
57
64
96
152
198
210
204
194
175
148
128
138
164
187
207
231
243
223
173
112
64
45
42
53
69
64
18
-63
-158
-241
-298
-341
-369
-378
-390
-425
-481
-540
-582
-612
-634
-630
-581
-499
-411
-338
-277
-223
-172
-122
-57
43
171
292
397
482
532
540
523
514
537
568
588
596
594
574
537
483
418
354
297
247
213
197
194
188
155
89
13
-51
-96
-114
-105
-74
-40
-37
-54
-67
-74
-82
-79
-47
-3
41
76
101
116
103
59
18
3
3
-6
-28
-58
-109
-202
-326
-438
-512
-568
-630
-702
-777
-847
-905
-936
-937
-948
-991
-1022
-976
-827
-635
-474
-373
-304
-222
-101
68
283
498
660
753
801
858
953
1056
1113
1101
1021
913
840
825
829
783
646
451
285
202
184
172
124
34
-67
-133
-133
-85
-50
-64
-110
-143
-125
-63
-9
8
-10
-54
-83
-56
14
84
104
66
21
10
31
65
89
94
70
15
-42
-65
-56
-59
-109
-190
-273
-341
-384
-408
-431
-474
-547
-626
-681
-712
-729
-732
-723
-712
-727
-778
-806
-745
-593
-416
-291
-240
-224
-178
-72
89
273
416
490
529
589
692
809
885
884
813
713
650
673
761
820
760
597
432
357
376
401
353
238
118
49
54
102
129
75
-61
-197
-247
-204
-118
-57
-58
-104
-162
-179
-118
-16
48
38
-10
-21
50
174
270
285
220
122
60
70
119
142
102
0
-126
-230
-298
-340
-388
-479
-606
-715
-774
-789
-792
-819
-881
-954
-1015
-1048
-1037
-959
-782
-553
-400
-385
-398
-293
-75
130
256
353
478
613
738
869
994
1039
967
849
782
781
791
775
729
629
462
306
263
315
328
210
40
-47
-10
95
189
212
130
-23
-129
-85
64
159
118
2
-88
-106
-58
16
63
39
-47
-118
-100
-6
93
130
81
-20
-88
-61
42
132
117
-6
-142
-206
-197
-178
-212
-310
-425
-514
-560
-582
-625
-707
-807
-907
-995
-1061
-1084
-1064
-1014
-920
-795
-703
-664
-606
-454
-240
-72
34
176
409
657
817
898
971
1029
1042
1023
1006
1015
1028
1002
922
802
674
587
569
565
490
340
196
144
192
250
235
145
29
-48
-47
13
78
95
50
-17
-46
-13
52
85
59
7
-15
23
95
158
180
128
10
-84
-78
4
54
2
-116
-218
-271
-294
-322
-381
-474
-570
-625
-628
-623
-668
-753
-834
-900
-959
-1001
-1022
-1038
-1068
-1075
-985
-796
-633
-599
-609
-513
-320
-156
-55
71
285
523
672
743
834
962
1048
1063
1061
1086
1118
1125
1072
953
826
765
787
812
738
564
393
327
357
386
336
200
55
-22
-28
-11
-31
-104
-200
-272
-290
-259
-205
-167
-181
-240
-289
-272
-173
-51
-1
-59
-154
-177
-81
63
133
74
-57
-142
-126
-74
-75
-160
-280
-372
-422
-447
-473
-519
-597
-704
-808
-868
-869
-839
-839
-915
-1042
-1117
-1025
-745
-445
-355
-468
-517
-327
-37
144
214
326
522
687
770
859
992
1077
1052
999
1003
1057
1104
1105
1039
903
756
693
720
725
601
395
241
200
214
204
151
64
-54
-159
-191
-170
-166
-216
-285
-317
-313
-304
-295
-270
-250
-258
-268
-238
-181
-141
-117
-86
-51
-21
21
83
133
140
109
75
65
64
52
29
-2
-51
-113
-170
-233
-329
-434
-510
-564
-621
-682
-740
-795
-850
-891
-910
-937
-976
-930
-725
-519
-512
-622
-569
-278
4
74
64
187
414
581
668
778
909
955
907
882
948
1048
1100
1078
988
872
804
817
826
719
512
345
302
318
303
238
130
-25
-203
-330
-348
-296
-296
-384
-491
-540
-506
-428
-384
-408
-463
-467
-381
-258
-178
-136
-82
-27
-3
16
88
204
266
223
169
191
258
284
233
149
75
18
-36
-95
-169
-258
-340
-399
-467
-572
-679
-741
-764
-778
-785
-771
-759
-806
-888
-860
-629
-349
-292
-457
-510
-246
102
199
93
110
356
589
625
592
694
885
968
896
820
871
1015
1105
1039
872
750
759
815
773
611
434
339
303
250
170
94
21
-87
-230
-337
-360
-353
-391
-474
-523
-507
-486
-501
-513
-484
-438
-401
-365
-313
-234
-136
-41
24
42
55
127
249
338
345
330
368
425
410
305
186
140
158
153
63
-92
-235
-310
-351
-425
-540
-652
-724
-763
-792
-809
-802
-787
-798
-846
-886
-826
-625
-389
-298
-359
-353
-140
124
213
179
258
484
645
649
667
833
1004
971
797
722
840
1008
1027
868
678
595
617
621
506
333
234
215
171
61
-39
-82
-153
-318
-482
-515
-431
-381
-448
-554
-599
-581
-540
-501
-480
-481
-478
-406
-251
-112
-66
-68
-22
86
178
222
269
341
413
457
479
492
475
410
330
277
248
214
157
76
-27
-146
-266
-377
-481
-566
-608
-618
-652
-734
-813
-820
-765
-752
-826
-865
-725
-454
-298
-378
-474
-313
19
185
98
44
250
546
634
532
515
691
866
847
704
643
735
869
905
813
682
612
613
602
507
363
259
218
194
153
105
45
-78
-254
-360
-321
-240
-268
-400
-493
-470
-399
-375
-397
-424
-430
-390
-296
-184
-101
-61
-35
-1
44
126
259
375
392
351
371
470
541
503
403
328
294
266
224
156
51
-90
-218
-297
-365
-450
-529
-585
-646
-726
-781
-778
-776
-820
-866
-872
-855
-805
-673
-488
-386
-434
-472
-328
-99
4
-20
14
191
366
405
400
497
652
714
653
610
691
820
855
768
663
652
705
719
649
541
466
435
388
301
214
156
96
-13
-138
-196
-185
-200
-300
-411
-441
-410
-402
-438
-483
-492
-440
-345
-255
-214
-207
-160
-48
60
110
144
233
362
453
484
494
504
509
508
496
454
379
298
252
219
131
-20
-186
-324
-424
-502
-577
-659
-760
-868
-944
-970
-959
-932
-933
-1000
-1073
-1005
-748
-469
-402
-534
-573
-342
-27
94
33
44
238
449
512
509
584
707
746
681
648
752
905
946
844
726
714
782
806
717
586
517
497
439
332
242
202
157
38
-107
-172
-163
-185
-287
-381
-384
-354
-388
-458
-465
-404
-356
-344
-309
-225
-139
-82
-21
77
176
231
278
354
435
496
529
551
562
537
484
423
358
284
182
53
-83
-209
-318
-403
-490
-614
-754
-858
-907
-940
-995
-1050
-1054
-1020
-1005
-1006
-950
-812
-666
-592
-579
-508
-319
-128
-56
-54
25
235
434
483
464
536
687
775
751
714
758
852
901
889
863
834
793
743
691
635
565
484
400
328
281
242
170
50
-71
-133
-149
-186
-273
-369
-408
-403
-430
-479
-479
-427
-379
-372
-358
-271
-156
-103
-83
-25
71
157
209
269
353
411
433
463
497
483
403
318
284
268
207
88
-51
-183
-294
-382
-470
-590
-719
-801
-834
-887
-978
-1035
-1020
-996
-1034
-1063
-962
-777
-648
-616
-599
-494
-313
-160
-59
29
131
267
411
509
568
638
736
817
828
808
862
1000
1097
1068
969
910
921
934
885
787
691
617
555
492
427
352
243
91
-42
-88
-75
-113
-244
-398
-467
-436
-396
-424
-497
-537
-491
-386
-302
-272
-271
-245
-163
-64
0
38
101
201
293
322
307
322
371
388
338
270
254
252
182
43
-102
-203
-283
-411
-577
-694
-719
-723
-821
-1000
-1096
-1042
-974
-1037
-1161
-1135
-933
-765
-749
-754
-623
-397
-266
-271
-218
7
259
362
329
354
540
745
802
751
752
876
1032
1093
1056
1005
986
971
932
878
830
779
701
598
515
465
388
246
82
-33
-68
-64
-101
-205
-325
-395
-398
-391
-424
-477
-503
-489
-453
-398
-329
-275
-260
-256
-198
-83
17
62
90
156
257
344
380
368
343
335
349
344
281
193
139
99
8
-136
-277
-395
-512
-622
-673
-681
-749
-892
-984
-955
-912
-980
-1080
-1029
-834
-686
-671
-671
-555
-368
-245
-207
-133
37
240
374
415
457
586
745
822
797
769
846
998
1090
1054
972
953
990
994
922
819
749
701
634
557
492
417
290
125
1
-35
-38
-99
-223
-333
-384
-400
-431
-477
-507
-517
-518
-507
-465
-406
-361
-333
-307
-260
-185
-104
-28
36
88
148
216
265
278
278
293
312
298
239
184
148
83
-35
-175
-291
-368
-449
-548
-626
-680
-744
-831
-909
-932
-913
-937
-1000
-977
-832
-678
-617
-633
-596
-436
-270
-199
-147
-28
141
278
336
389
511
652
716
714
751
883
1027
1066
1003
948
976
1031
1026
952
866
813
776
711
616
515
420
318
197
71
-10
-50
-119
-234
-341
-397
-423
-469
-531
-557
-539
-509
-500
-507
-492
-446
-390
-347
-318
-272
-179
-55
44
84
102
156
234
279
281
275
290
304
285
241
185
106
11
-81
-171
-281
-405
-487
-506
-539
-652
-785
-837
-816
-813
-866
-911
-871
-763
-657
-584
-544
-502
-401
-265
-162
-106
-43
84
243
347
390
455
586
707
741
753
831
955
1035
1022
983
992
1019
1005
947
879
827
780
714
630
535
427
316
199
73
-30
-95
-159
-244
-335
-404
-443
-484
-533
-557
-553
-554
-572
-584
-558
-499
-436
-389
-361
-315
-222
-110
-19
24
45
114
221
305
334
316
303
324
336
306
246
174
110
44
-39
-126
-219
-317
-401
-463
-513
-592
-712
-796
-784
-723
-711
-804
-877
-771
-571
-490
-576
-650
-515
-279
-206
-275
-251
-62
133
171
144
243
430
540
548
566
669
793
850
868
900
947
977
962
931
926
905
827
721
632
602
578
469
300
167
116
89
-18
-184
-302
-339
-339
-380
-483
-563
-572
-551
-546
-585
-612
-568
-494
-431
-382
-332
-256
-172
-106
-40
37
113
184
245
294
332
344
353
375
359
289
217
176
164
123
20
-92
-183
-258
-331
-426
-514
-568
-613
-645
-654
-655
-660
-695
-753
-731
-612
-511
-524
-615
-582
-355
-189
-254
-377
-303
-17
176
92
-16
127
423
578
497
429
594
851
962
896
838
939
1082
1092
986
896
913
958
891
750
663
638
591
450
274
190
161
68
-87
-214
-253
-270
-379
-536
-603
-578
-565
-634
-713
-680
-563
-493
-513
-547
-485
-333
-209
-159
-135
-72
51
166
217
231
246
274
299
297
280
252
198
133
70
6
-64
-148
-241
-316
-376
-431
-480
-529
-578
-612
-626
-634
-665
-706
-697
-625
-549
-526
-544
-526
-424
-322
-310
-338
-291
-143
0
36
23
105
297
449
460
439
547
757
890
873
824
878
993
1032
972
917
920
919
857
768
707
662
580
437
290
201
156
81
-57
-194
-269
-305
-356
-449
-551
-597
-583
-563
-563
-580
-578
-534
-468
-410
-370
-324
-241
-144
-67
0
72
156
227
256
266
285
311
318
291
251
222
183
119
50
-15
-85
-168
-262
-327
-356
-397
-471
-558
-613
-612
-622
-684
-726
-693
-592
-522
-561
-592
-500
-382
-357
-399
-356
-177
-26
-17
-27
108
342
458
402
395
571
800
885
812
776
894
1026
1023
924
856
884
919
858
744
662
614
560
446
303
205
134
54
-43
-141
-205
-268
-361
-435
-469
-494
-541
-602
-608
-558
-532
-545
-546
-496
-411
-367
-365
-327
-223
-95
-12
8
23
79
153
196
183
146
141
157
153
115
58
3
-54
-118
-168
-212
-271
-341
-409
-448
-474
-527
-586
-626
-633
-598
-561
-542
-541
-551
-496
-372
-314
-358
-364
-225
-19
73
29
35
215
443
510
435
449
635
838
902
842
810
892
1000
1016
941
861
847
869
850
788
696
593
518
456
380
282
152
30
-43
-81
-129
-241
-378
-441
-435
-436
-493
-588
-629
-571
-498
-486
-530
-545
-469
-361
-300
-290
-286
-214
-85
-4
1
-20
1
78
127
93
30
0
27
45
-25
-121
-159
-162
-184
-266
-371
-408
-415
-465
-530
-564
-547
-530
-550
-540
-491
-455
-419
-389
-356
-263
-156
-87
-23
44
129
248
354
418
448
497
618
730
764
780
821
896
948
911
854
859
883
861
775
681
645
614
542
441
316
220
183
138
49
-67
-182
-239
-260
-314
-399
-487
-522
-491
-469
-487
-524
-548
-501
-418
-386
-402
-400
-339
-241
-182
-179
-172
-123
-46
0
-6
-15
-11
-15
-20
-31
-61
-98
-140
-185
-214
-231
-271
-347
-413
-419
-395
-424
-505
-553
-504
-411
-403
-492
-505
-363
-224
-226
-286
-227
-20
155
163
120
209
415
547
511
459
557
730
800
746
705
779
875
858
758
707
742
759
676
572
532
512
442
322
220
190
166
77
-24
-81
-95
-131
-232
-324
-342
-341
-366
-418
-457
-435
-386
-365
-373
-398
-392
-335
-277
-246
-240
-238
-193
-129
-110
-130
-157
-146
-91
-74
-114
-147
-159
-153
-181
-261
-299
-286
-311
-375
-425
-409
-365
-416
-513
-508
-398
-301
-343
-449
-382
-172
-74
-153
-226
-85
181
276
185
171
361
611
668
543
525
689
836
822
717
707
808
849
785
705
671
682
635
516
451
438
396
304
182
111
99
49
-52
-158
-211
-183
-180
-267
-345
-360
-327
-309
-366
-418
-388
-322
-277
-289
-317
-280
-220
-195
-196
-217
-199
-120
-72
-84
-117
-128
-97
-89
-141
-190
-209
-199
-197
-247
-295
-290
-302
-375
-452
-457
-418
-450
-539
-544
-444
-347
-371
-471
-435
-232
-99
-152
-228
-123
125
266
207
153
296
551
656
556
505
659
850
871
750
690
782
873
821
693
634
670
666
548
426
382
364
291
161
65
48
22
-73
-184
-231
-216
-242
-339
-406
-386
-335
-333
-396
-427
-371
-295
-270
-294
-296
-233
-171
-155
-148
-129
-99
-81
-80
-57
-25
-27
-51
-69
-68
-67
-109
-167
-194
-203
-225
-262
-298
-314
-339
-379
-395
-402
-445
-507
-510
-417
-335
-380
-454
-381
-190
-81
-152
-224
-87
158
271
200
157
343
603
658
541
510
684
879
859
706
675
807
909
817
635
584
651
647
512
360
316
337
274
124
11
-14
-22
-100
-222
-282
-287
-308
-357
-409
-423
-404
-407
-423
-422
-400
-365
-341
-327
-280
-226
-201
-184
-157
-104
-50
-46
-57
-32
14
34
0
-41
-30
-13
-42
-100
-151
-158
-159
-208
-262
-292
-314
-340
-381
-402
-395
-431
-484
-472
-408
-355
-374
-419
-344
-185
-113
-150
-166
-37
165
246
209
220
369
567
623
538
534
682
823
807
682
660
773
827
738
610
580
636
606
452
338
321
313
219
60
-20
4
-16
-128
-247
-275
-231
-256
-376
-453
-421
-345
-336
-419
-468
-407
-312
-272
-310
-335
-268
-180
-138
-132
-136
-110
-61
-38
-31
-31
-39
-37
-33
-20
-9
-42
-89
-106
-107
-115
-159
-234
-267
-242
-223
-259
-330
-356
-315
-290
-325
-369
-350
-256
-193
-229
-244
-161
-64
-33
-42
4
128
238
266
271
344
471
534
503
490
568
670
689
622
587
644
696
654
551
490
511
517
443
330
250
230
216
141
35
-40
-67
-84
-133
-197
-243
-280
-307
-325
-341
-351
-370
-394
-382
-334
-304
-325
-351
-321
-246
-199
-210
-229
-184
-89
-42
-79
-122
-93
-11
22
-32
-88
-74
-25
-17
-74
-140
-156
-140
-134
-161
-214
-258
-267
-255
-251
-278
-321
-341
-308
-227
-179
-224
-260
-182
-51
1
-56
-88
31
196
248
203
201
331
488
508
435
424
528
635
611
518
514
590
614
533
437
438
474
420
306
233
233
236
150
27
-23
-17
-37
-122
-209
-210
-182
-215
-293
-343
-321
-281
-309
-361
-356
-306
-264
-265
-284
-256
-195
-156
-146
-149
-116
-56
-46
-68
-64
-34
-10
-35
-81
-74
-47
-67
-125
-175
-182
-173
-208
-259
-283
-291
-291
-299
-317
-325
-321
-309
-285
-250
-207
-191
-188
-116
-5
43
36
57
156
274
310
286
317
428
536
550
499
505
592
657
627
534
501
568
601
521
406
366
395
369
259
179
166
162
107
4
-54
-41
-53
-139
-230
-234
-171
-174
-275
-336
-281
-200
-217
-316
-354
-273
-190
-207
-285
-304
-216
-133
-151
-219
-233
-157
-91
-128
-196
-192
-143
-128
-172
-220
-222
-215
-241
-270
-276
-268
-274
-299
-308
-287
-270
-283
-301
-272
-206
-174
-182
-164
-85
11
43
43
109
216
278
288
304
371
446
471
466
489
550
595
575
537
551
594
583
502
433
442
462
402
299
256
275
256
157
68
55
65
28
-57
-120
-113
-94
-132
-209
-248
-223
-208
-256
-303
-286
-244
-246
-298
-325
-288
-257
-273
-301
-305
-278
-255
-267
-291
-294
-272
-255
-272
-296
-288
-271
-271
-278
-286
-288
-289
-287
-263
-238
-234
-226
-193
-140
-99
-90
-70
-20
34
79
98
115
175
254
298
304
322
389
456
461
443
464
508
529
505
476
487
504
487
444
402
394
403
371
307
257
248
251
203
125
93
98
78
22
-36
-47
-35
-59
-106
-133
-134
-130
-159
-208
-232
-233
-244
-276
-312
-322
-321
-344
-377
-399
-415
-430
-448
-461
-471
-487
-494
-481
-480
-492
-495
-471
-426
-396
-386
-356
-299
-238
-199
-184
-146
-62
20
58
77
140
254
324
322
338
420
507
524
497
513
580
615
588
542
542
586
594
540
486
479
499
478
406
351
334
319
273
208
162
135
100
55
6
-42
-73
-100
-146
-188
-210
-225
-258
-304
-332
-339
-360
-399
-422
-414
-403
-422
-453
-454
-441
-444
-466
-488
-480
-457
-457
-472
-470
-439
-402
-397
-402
-370
-310
-265
-247
-219
-151
-73
-27
0
49
129
208
254
288
345
417
470
486
497
537
581
590
575
572
597
612
585
556
553
552
525
476
441
432
408
351
295
266
257
227
161
112
103
103
67
-2
-39
-27
-29
-81
-149
-182
-180
-196
-249
-302
-341
-369
-402
-455
-511
-549
-587
-631
-678
-717
-733
-751
-790
-809
-790
-759
-749
-749
-704
-616
-544
-502
-453
-358
-225
-102
-19
50
152
294
417
479
526
614
724
795
816
832
873
915
920
888
850
840
833
787
717
654
613
570
490
402
349
301
225
137
70
26
-23
-90
-150
-190
-215
-230
-261
-308
-332
-328
-322
-341
-376
-379
-356
-354
-370
-383
-381
-370
-374
-388
-398
-407
-409
-415
-436
-451
-445
-443
-461
-480
-466
-433
-428
-433
-403
-357
-319
-290
-256
-205
-149
-85
-21
18
63
144
219
254
276
328
396
430
439
470
512
530
532
536
547
554
546
539
537
535
537
523
488
468
466
451
405
352
337
336
299
243
203
182
157
112
60
12
-31
-64
-104
-169
-233
-273
-309
-368
-438
-486
-529
-590
-643
-670
-700
-753
-793
-788
-777
-794
-805
-775
-724
-682
-640
-590
-531
-454
-351
-257
-196
-120
5
120
185
241
339
448
511
552
617
686
729
756
782
799
810
819
812
782
754
748
721
648
584
563
530
441
343
303
278
204
103
21
-25
-56
-104
-173
-239
-264
-246
-254
-314
-354
-331
-299
-315
-356
-356
-326
-318
-332
-342
-342
-340
-339
-349
-372
-390
-387
-384
-408
-431
-421
-406
-414
-431
-422
-393
-381
-379
-351
-316
-290
-259
-222
-185
-148
-101
-47
-13
17
68
122
155
181
225
272
296
316
358
390
394
403
433
459
464
461
469
479
480
483
482
464
449
446
432
402
374
357
336
295
257
233
197
146
108
83
49
-3
-55
-95
-137
-182
-222
-272
-327
-366
-390
-423
-468
-505
-520
-532
-556
-570
-569
-571
-568
-549
-522
-503
-484
-443
-388
-346
-310
-261
-199
-133
-74
-23
28
88
154
205
234
275
336
377
391
405
437
467
475
477
487
487
473
467
465
449
419
393
378
355
318
286
251
207
172
143
102
48
13
6
-11
-55
-86
-82
-77
-94
-116
-117
-101
-89
-86
-95
-102
-90
-81
-95
-116
-124
-115
-120
-153
-175
-167
-167
-196
-230
-240
-236
-244
-270
-293
-295
-279
-273
-296
-320
-302
-262
-256
-284
-279
-219
-174
-186
-199
-160
-105
-86
-89
-67
-20
20
36
47
71
108
142
153
154
176
218
241
229
227
263
298
292
275
290
324
334
312
295
302
322
318
284
254
254
268
254
206
177
182
175
130
80
63
55
18
-26
-53
-73
-100
-133
-161
-184
-205
-225
-250
-282
-302
-305
-319
-354
-384
-383
-372
-389
-419
-413
-379
-360
-362
-358
-331
-293
-260
-238
-219
-186
-135
-90
-69
-53
-11
45
74
77
98
143
182
196
201
216
250
280
284
278
286
316
339
327
313
334
358
346
316
307
320
321
299
275
269
273
272
257
233
221
227
226
202
178
173
176
159
125
106
99
82
50
17
-4
-20
-48
-83
-116
-145
-168
-197
-237
-270
-288
-302
-326
-354
-368
-369
-378
-392
-396
-392
-388
-381
-377
-376
-369
-350
-329
-322
-322
-310
-284
-266
-258
-245
-231
-215
-189
-165
-147
-126
-98
-63
-29
0
33
66
97
138
187
227
246
271
317
357
378
393
413
437
456
472
481
474
467
473
472
448
421
406
398
374
340
318
296
265
232
200
168
129
90
59
28
-5
-38
-79
-119
-152
-177
-205
-247
-284
-299
-309
-334
-365
-386
-393
-396
-410
-429
-444
-444
-429
-428
-451
-463
-445
-426
-430
-441
-425
-390
-368
-355
-330
-295
-266
-238
-199
-157
-120
-80
-35
8
47
87
126
164
202
241
273
299
333
372
398
416
443
475
497
506
515
536
551
554
555
551
546
547
540
515
483
464
450
411
353
309
278
233
169
113
75
33
-23
-77
-117
-150
-188
-230
-264
-290
-311
-328
-351
-375
-384
-384
-394
-414
-421
-413
-410
-417
-424
-419
-408
-403
-399
-393
-381
-356
-339
-336
-322
-293
-265
-252
-241
-212
-174
-151
-136
-107
-71
-47
-26
4
37
68
100
131
156
181
209
239
262
276
294
319
338
350
364
379
388
396
405
405
396
389
385
380
364
