-41
-54
-11
-4
-24
-3
89
163
132
44
30
29
30
65
-2
-10
33
16
-21
-87
-23
43
-31
-52
24
57
87
144
129
160
127
38
70
64
10
-32
-52
1
111
69
-82
-136
-206
-137
91
170
209
210
70
-36
-122
-175
-60
44
69
182
211
26
-33
-82
-323
-284
-71
57
268
256
86
-3
-198
-231
-48
-55
0
126
-23
-54
-52
-227
-166
-89
-59
124
153
71
19
-180
-248
-68
29
200
301
119
10
-164
-288
-148
-185
-160
17
46
146
146
-80
-171
-127
-28
60
-54
-59
111
117
74
10
-75
25
125
51
-85
-209
-146
65
181
202
139
96
142
-33
-233
-113
5
102
254
246
156
-3
-137
10
86
-68
35
163
71
59
-11
-17
132
92
73
147
5
-69
20
-81
-6
221
145
93
98
-6
-10
25
95
253
138
-143
-102
120
174
67
-15
-6
52
83
44
0
-69
-130
-33
139
152
63
42
109
333
354
61
-82
-152
-195
-20
162
162
122
15
-123
-46
-11
-128
-85
40
115
145
-3
-179
-93
15
104
295
247
82
-29
-255
-295
-198
-195
112
426
197
-7
12
-100
-142
-71
-35
86
158
77
26
-166
-267
-14
117
213
313
108
-129
-217
-219
-88
88
218
339
327
194
21
-135
-154
-111
-49
90
170
71
56
89
74
143
59
-25
70
96
111
134
47
24
66
45
147
176
48
18
-22
-93
-11
134
92
70
185
204
200
172
46
70
57
-63
148
214
-44
-27
1
-34
99
13
-20
192
126
-21
68
131
166
125
-96
91
342
200
311
308
-90
-191
51
141
158
130
-42
-30
26
115
170
-109
-169
198
258
24
28
-16
-25
195
237
332
239
-131
-109
32
93
153
105
33
80
36
-76
-22
-133
-196
2
203
313
158
-90
-68
-41
-174
126
330
52
95
104
-34
-8
-120
-125
12
27
190
192
-125
24
176
-134
-88
89
116
180
107
146
183
12
-2
30
-101
-125
-195
-117
327
428
257
3
-232
-53
186
185
181
189
88
256
249
-90
-34
-98
-97
185
86
38
100
-35
108
308
169
277
323
3
59
147
111
291
308
242
164
-22
-119
-94
-57
51
232
216
158
208
169
29
49
144
149
287
305
162
100
94
147
94
45
119
163
132
50
22
-57
-212
-102
205
370
315
194
140
151
115
-31
-96
-85
-37
126
218
124
21
34
64
13
7
13
-6
136
201
216
123
-23
99
93
-61
-143
-83
-24
-10
-11
-48
42
200
416
262
-27
-84
-189
-138
86
229
195
217
138
12
-45
-117
85
109
87
92
-62
-103
-290
-210
39
154
374
365
196
67
-67
-94
139
278
283
386
168
-6
20
-230
-230
73
130
187
203
4
13
70
-71
-214
-178
115
365
388
319
308
174
-11
89
213
130
106
186
-61
-174
119
123
64
119
85
147
41
-134
-78
-142
-36
520
810
516
111
-257
-366
-53
46
17
231
232
-65
-198
-148
21
219
276
363
255
-57
-162
-296
-469
-219
114
358
509
340
147
-157
-303
-179
-63
146
267
176
39
66
5
-13
78
-55
-205
-180
11
161
13
-223
-62
92
149
243
134
112
33
45
191
273
362
111
-277
-258
-251
-439
-289
-68
161
347
262
136
-85
-212
-116
-130
54
720
877
388
8
-137
-356
-512
29
432
93
-95
36
-120
-249
-302
-289
115
341
596
561
25
-55
-1
-266
27
409
-35
-52
-47
-251
-175
-222
72
333
364
292
238
41
-110
-102
-220
129
102
-33
207
-60
-202
-180
-237
32
236
256
403
226
-103
34
246
171
46
0
175
274
-3
51
-41
-307
-27
48
-45
18
-68
-9
309
275
156
143
70
289
389
74
-116
-44
-174
-283
-155
-17
23
-40
-45
-51
44
-53
77
440
268
366
433
67
-40
-220
-571
-527
-103
162
247
106
-139
-123
-372
-416
62
128
299
662
516
361
141
-237
-180
-133
-237
-54
-113
-253
-78
-327
-428
70
260
289
191
-67
25
71
-149
169
356
-308
-134
362
-20
47
360
16
-302
-243
-280
-256
-191
-41
358
315
195
78
-180
-146
-185
-70
160
297
302
36
-38
-49
-277
-197
294
161
-24
263
39
15
247
6
23
102
-314
-285
-4
-137
-30
-8
-144
82
197
41
212
258
-70
106
57
-104
218
47
-147
182
86
-388
-150
13
-152
456
432
-18
126
-371
-449
-9
-118
222
652
419
113
72
-362
-438
36
32
389
345
-160
-4
103
-24
170
592
102
-83
413
-349
-878
-526
-738
-579
133
108
294
768
322
7
34
-197
-181
36
-100
-56
97
-120
308
356
-222
-294
-627
-750
-368
-183
-257
224
565
91
298
164
-268
-79
-157
232
413
8
171
-24
-573
-158
119
-410
140
593
-54
-44
-64
-53
115
-173
-180
-10
46
247
455
214
115
-75
-410
-254
215
423
118
489
450
-114
-86
-193
-287
-52
420
331
252
-71
-717
-710
-772
-95
582
441
621
259
-427
-185
201
161
593
951
569
315
-114
-608
-942
-1091
-317
-24
-48
464
247
-142
97
276
270
484
260
218
525
27
-368
-254
-422
-437
264
196
348
622
-234
-87
-278
-496
-68
103
749
769
691
553
-151
-1029
-808
-289
-588
301
312
97
155
-745
-179
41
-306
440
1168
613
107
175
-893
-493
218
-298
681
729
-523
-147
-502
-1255
92
31
-107
955
326
304
317
-561
140
308
-713
296
492
-803
-13
5
-367
515
102
-78
461
-234
-398
258
-113
67
642
207
429
518
-352
-551
-541
-436
-429
-406
324
298
323
626
-84
-348
90
-44
30
512
270
32
15
-170
-466
-419
79
355
853
625
180
51
-474
-37
80
-496
-177
403
86
-168
191
-253
-544
-45
376
141
-294
-163
-401
-528
96
438
517
455
91
11
-136
-340
61
67
-250
-57
-33
-85
-69
-464
-347
139
-18
72
366
-360
-636
167
88
-77
486
293
-129
478
648
131
195
-43
-316
-182
-628
-435
338
-147
46
642
-213
-154
348
-361
-128
515
-79
295
467
-164
23
-372
-390
35
136
29
-229
90
-274
-483
464
265
-534
256
306
-570
349
467
-102
335
44
13
102
-223
153
486
276
412
233
-671
-678
-572
-361
522
652
488
311
-537
-1004
-733
-895
-280
1012
1282
1487
1260
79
-518
-639
-734
-565
-289
368
480
140
26
-526
-1136
-1342
-826
-110
328
633
867
542
222
213
-668
-615
-253
-600
-163
271
-26
-719
-806
-853
-824
-491
-502
6
110
-46
187
-363
-730
-467
-349
-16
614
479
24
106
-573
-987
-642
-731
-9
834
711
547
155
-481
-505
-273
-452
-227
405
242
170
457
101
-380
-332
206
310
226
411
490
551
484
340
141
46
119
303
669
868
457
-1
-133
-119
153
279
632
1141
773
320
479
197
-166
299
356
161
619
372
187
256
-284
39
-79
-382
96
640
1072
1069
1442
1188
891
633
53
253
602
1192
1593
1403
675
340
34
-284
530
564
152
275
-582
-1755
-1983
-2143
-1778
-561
59
444
129
-1242
-1834
-1945
-2076
-1314
-373
293
630
99
-175
-544
-1480
-1580
-1585
-1611
-1049
-924
-972
-708
-1125
-1427
-1062
-1155
-722
12
296
593
469
163
83
32
-209
36
340
284
233
-62
-70
-390
-528
53
-28
94
394
46
21
321
421
513
429
167
113
-107
254
796
501
879
1074
686
736
369
375
623
757
1183
1093
1143
1119
1069
685
-239
-219
371
650
781
1417
987
608
739
-128
611
1285
885
1807
2304
1358
1037
861
412
736
311
648
2201
1447
418
704
-233
-1174
-669
127
-162
-2053
-2768
-1198
-769
-1488
-1116
-465
-506
-1570
-1775
-1089
-2177
-2187
158
987
893
1377
837
-174
-549
-796
-979
-1028
-1397
-1715
-2135
-2793
-2912
-2677
-2639
-2280
-940
-236
-213
-347
-424
-190
-624
-344
621
793
327
574
503
-1064
-1482
-1445
-1842
-1243
-608
-638
-579
-558
-1023
-982
-670
-757
0
734
567
776
805
609
590
531
1011
1040
605
614
526
508
444
562
989
1519
1965
1785
1537
1106
430
284
1077
1988
2218
1608
986
1214
778
548
1167
1127
1919
3439
3575
2994
1750
-24
-676
-256
1164
2392
2220
2000
1470
-774
-3541
-4976
-4795
-3603
-1472
1623
3154
2092
734
-570
-2384
-2904
-1390
53
1412
2734
2726
2263
1198
-370
-1283
-2054
-2284
-1653
-1183
-943
-682
-1401
-3173
-4091
-4179
-3584
-2301
-1123
796
1911
1039
88
-714
-1975
-2367
-1198
-35
790
833
116
-775
-2322
-2943
-2803
-2880
-1822
-858
-836
-500
-617
-1191
-1484
-1757
-1240
-178
762
1588
1868
1570
765
-113
-389
113
425
740
1305
1074
1067
893
196
202
99
19
1260
2435
2216
2128
2167
1956
1669
1169
1383
1676
1897
2928
2849
1545
1638
1347
-39
613
2757
3104
1071
413
1494
210
-2027
-1744
-1325
-2006
-994
905
1137
573
811
1227
876
197
-88
-46
338
1458
2518
2557
1766
695
-239
-915
-1408
-1242
-366
-115
-560
-743
-1553
-2569
-2598
-2815
-3136
-2467
-682
724
802
600
58
-1079
-2061
-1739
-1148
-1154
-417
353
169
-688
-1560
-2309
-3013
-2608
-1582
-1052
-658
-555
-995
-1676
-2045
-1888
-1295
-236
343
554
955
854
411
13
-199
-67
-45
200
1171
1510
839
426
246
-125
150
946
1527
1520
988
1013
1140
1279
521
-156
990
1589
2269
2480
1576
964
-93
-1225
-1083
-161
136
987
1605
1359
1268
58
-2127
-3135
-2178
-1257
-450
976
1874
1761
955
207
-41
-214
-344
579
2066
2828
2569
1945
1401
434
-759
-1333
-960
-380
-22
501
554
-1106
-2928
-3581
-3755
-2318
7
1232
1806
1633
385
-1093
-2680
-3402
-1874
-333
814
2322
1499
-746
-2009
-3111
-3680
-2880
-2081
-1401
-421
-329
-760
-1209
-1867
-2034
-1207
-160
683
1586
1698
1092
345
-393
-732
-670
-206
284
1013
1595
1585
1296
196
34
1339
1656
1358
2115
2183
1189
1512
1366
608
265
-406
-365
-555
-983
80
903
198
984
1030
-1812
-1536
682
-36
-1370
-956
51
105
-843
-911
278
817
762
729
712
385
-413
-262
1219
1904
1305
1313
1589
1286
779
231
310
531
241
86
-6
257
190
-667
-1077
-2536
-3463
-1498
103
714
1710
1962
602
-1473
-2643
-1974
-1890
-2261
336
1855
319
-499
-1499
-2866
-2777
-1885
-888
39
554
284
-564
-1165
-1676
-2091
-1956
-900
574
1255
1627
1664
946
8
-421
-357
-135
921
2149
2478
2215
2088
1382
397
399
516
964
1723
2346
2341
1269
578
19
-855
-1003
-251
-108
-428
295
207
-818
-1550
-1685
-1071
-1624
-2481
-1124
887
992
582
736
426
-206
-1149
-1099
222
869
1360
2439
2878
2019
724
52
-62
-113
-153
146
753
1011
670
193
35
37
-315
-469
-196
-610
-806
-424
-490
-409
-186
-312
-776
-1039
-838
-685
-1353
-1981
-1330
-954
-1035
-522
-123
-366
-650
-796
-1145
-1173
-1137
-1362
-1057
-869
-1203
-1174
-898
-603
-288
134
517
434
289
498
626
683
814
1008
1381
1450
1210
671
795
1376
1711
2061
1397
1502
1831
911
574
577
202
323
1408
1218
-186
-1063
-1087
-1228
-2497
-2090
-759
-1226
-1366
-564
-172
-157
-115
289
694
795
781
615
604
664
866
1354
1656
1641
1222
652
369
483
544
151
8
272
434
637
855
1085
1290
1129
1050
869
-138
-1213
-1799
-1618
-501
436
659
278
-888
-1758
-1847
-2333
-2425
-1688
-889
103
228
-459
-888
-1433
-1602
-909
-748
-1159
-996
-1003
-1168
-1020
-1167
-1206
-1044
-994
-724
-155
255
312
416
349
-47
-214
-12
286
712
1304
1628
1334
847
739
845
1139
1943
3045
3337
2446
1983
2187
1253
-461
-1447
-1585
-727
-77
-397
-858
-1591
-2191
-2473
-3044
-3302
-2388
-1173
388
1997
2223
2090
1656
994
894
250
-417
78
889
1415
1501
1015
467
-209
-1061
-1329
-787
102
982
1590
1977
2225
1909
1434
1300
1267
1294
1268
834
385
-208
-1845
-2431
-1378
-961
-926
-728
-572
-745
-1724
-2311
-1627
-1487
-1220
487
814
-67
-284
-1017
-1653
-1279
-1292
-1483
-1227
-1235
-1339
-1501
-1870
-1750
-1110
-695
-286
144
442
818
715
808
1000
696
766
578
397
646
598
1147
1642
1233
1812
2588
2468
2852
2225
1294
1496
751
676
642
-1326
-1367
-301
-1311
-2093
-2672
-3130
-1961
-1673
-1730
-837
-911
-318
900
1169
1729
1545
628
942
975
131
157
386
483
700
354
136
20
-482
-663
-479
-135
650
1159
1283
1550
1386
1422
1626
1284
1162
1144
931
205
-947
-1592
-1906
-1954
-1360
-554
-139
-208
-823
-1373
-1798
-2479
-2073
-1159
-703
206
645
62
-684
-1458
-1873
-1516
-1075
-976
-803
-783
-1062
-1261
-1365
-1311
-1066
-521
335
1001
1432
1430
1091
875
355
-6
316
915
1294
1464
1912
2317
2183
1246
1004
2008
2668
3250
3405
2772
1971
808
-970
-2361
-2232
-1626
-1435
-1649
-1357
-1057
-2508
-3611
-3007
-2545
-1955
-250
1935
3557
3395
2230
1668
976
-506
-1322
-635
347
953
1203
1114
618
-372
-1488
-2256
-2183
-1434
-283
1201
2464
3036
2856
2176
1442
760
25
-101
563
646
-649
-1641
-1110
-591
-1008
-1401
-1452
-1913
-2321
-1894
-1352
-1424
-1172
-51
316
-114
-328
-941
-1722
-1480
-899
-1084
-1320
-1296
-1418
-1553
-1546
-1226
-611
-108
125
364
691
704
690
932
970
736
510
766
785
695
1015
655
450
1027
1431
1525
2281
3288
3597
3367
2492
2160
1761
1290
1376
-542
-2556
-1666
-931
-2241
-2902
-2416
-1981
-2198
-3168
-2565
-859
-597
171
2749
3782
2722
1608
1006
867
254
-177
378
1040
935
61
-555
-718
-901
-1338
-1542
-1083
-370
416
1238
2284
2904
2624
1911
991
478
363
-201
-862
-637
-757
-1379
-1026
-609
-939
-1499
-1939
-2239
-2269
-2358
-2008
-938
-402
267
495
-754
-1567
-1579
-1843
-1724
-755
-618
-1206
-1171
-1333
-1594
-1352
-1068
-731
-60
357
296
823
1492
1141
810
980
850
743
785
883
941
796
1086
1513
1614
1985
2538
2794
2819
2782
2590
1805
900
680
-101
-897
-454
-1079
-2070
-1913
-2053
-2039
-2275
-3403
-3065
-1182
-293
-77
772
2124
2627
1519
729
782
508
341
770
1183
1246
735
78
92
-61
-810
-1139
-723
-228
-46
493
1578
2156
2019
1535
1125
1024
652
-335
-1385
-1476
-1023
-589
-154
-255
-800
-1349
-1789
-2027
-1858
-1736
-1378
-451
85
290
-107
-864
-855
-989
-1417
-1197
-1017
-1217
-1361
-1532
-1614
-1587
-1586
-1332
-677
-73
357
714
875
1100
1217
1214
1218
1168
1302
1240
935
785
661
518
887
1541
1787
1674
1290
1981
2985
2202
2130
3123
2211
183
-1140
-1759
-2265
-2690
-1798
-285
-1029
-2821
-3309
-3275
-2683
-2122
-1392
967
2581
2238
2153
1963
1170
888
499
452
1034
820
412
569
513
-123
-976
-1495
-1467
-1423
-1070
144
1453
2457
2603
1718
1332
1294
-55
-2114
-2797
-1510
-36
100
3
237
-585
-2062
-2839
-3253
-3302
-2277
-121
2002
2479
1481
-200
-1698
-1967
-1730
-1598
-800
119
-109
-1004
-1850
-2351
-2298
-2080
-1352
48
1306
2018
1967
1752
1489
326
-218
383
1116
2156
2784
2566
1586
253
-702
-682
-208
361
1679
2542
3307
3540
2768
2225
552
-834
-1269
-1553
-1495
-2220
-2018
-922
-1605
-3377
-3741
-3358
-3119
-1882
-519
1283
2731
2309
1856
1457
923
622
427
1141
1976
1617
785
50
-744
-1305
-1929
-2252
-1601
-790
-156
748
1858
2840
2943
1907
967
227
-1004
-1700
-865
516
837
-124
-1233
-1830
-2599
-3394
-3148
-2006
-1030
-44
873
824
498
-108
-947
-912
-335
-74
87
126
-466
-1299
-2102
-2617
-2532
-1613
-355
361
940
1473
1444
859
386
150
-40
811
2279
2622
2327
1777
578
-427
-532
-86
109
185
596
2216
3703
3472
2762
1416
1086
1183
-913
-1818
-872
-1782
-2264
-216
-668
-3333
-4236
-3870
-2891
-2380
-1872
87
1536
1726
1942
1795
1722
1921
1744
1899
2045
1701
1524
1024
-37
-736
-1359
-2052
-2231
-1925
-1150
-313
614
1648
1969
1703
1113
200
-478
-631
-346
310
952
926
238
-860
-1956
-2680
-3255
-3196
-2146
-757
154
400
444
-47
-1035
-1324
-926
-502
-27
131
-121
-390
-854
-1441
-1568
-1154
-649
111
1051
1375
985
356
5
-322
-651
-20
1044
1443
1700
1649
845
450
595
519
497
590
863
1735
2047
1579
1538
1492
1541
1763
1427
648
-563
-1492
-1478
-1845
-3163
-4065
-4028
-3057
-1401
-579
-713
-404
293
228
-609
-781
48
900
2130
3778
4513
4017
2798
1347
-187
-1520
-2024
-1772
-1241
-857
-722
-542
-227
-43
-491
-1008
-855
-883
-752
591
2053
2394
2056
1490
449
-807
-1854
-2065
-1676
-1483
-537
305
-485
-1147
-1311
-1965
-1975
-993
-175
171
104
-333
-689
-780
-672
-509
-251
341
875
941
1000
583
-238
-798
-1166
-579
-385
-455
421
1008
1191
858
435
58
-246
-294
1009
2739
2127
1803
1873
1544
1694
599
-483
-73
750
1786
2735
1263
-796
-1406
-2090
-2696
-4280
-4994
-2708
-587
-576
-964
-754
-263
94
-931
-1197
-127
806
2595
3840
4287
4416
3460
2440
1247
-724
-2104
-2080
-1328
-555
-450
-631
-435
-666
-1477
-2364
-2768
-2023
-840
365
1850
2804
2829
2266
1034
-213
-859
-1395
-1130
-139
406
579
-196
-1453
-2073
-2657
-2840
-2084
-1223
-553
42
190
59
-117
-427
-312
514
1187
1318
1497
994
95
-99
-940
-1512
-678
-340
-175
394
774
835
-5
-448
348
348
212
1386
1813
1573
1971
1393
-321
-833
386
1771
2047
1766
2198
2089
1242
630
210
524
711
565
-1024
-4225
-5291
-3742
-1796
-1392
-1351
962
3052
1857
-1138
-2293
-1683
-1255
576
3236
4264
4810
5375
4795
3126
587
-1577
-2297
-2767
-3318
-2949
-1721
-852
-1375
-2704
-3516
-3890
-3397
-1000
1599
2817
3434
3643
2608
642
-904
-1468
-1325
-813
415
1279
270
-1095
-2374
-3806
-4011
-3212
-2059
-791
-1
347
278
17
-473
-1209
-1063
-163
811
1432
1436
852
-254
-1131
-1620
-1315
-709
-330
312
727
800
64
-717
-531
-244
530
1529
2444
3029
2085
932
911
930
239
258
552
698
1681
1921
2090
1806
431
807
552
-1349
-112
4016
5218
4066
592
-5728
-8192
-6297
1880
6800
3037
1872
5571
4134
-3351
-6882
-6115
-5145
-438
6415
7572
4340
2494
1665
617
-644
-1866
-2378
-2405
-1687
-273
400
151
-656
-2475
-4770
-6289
-4999
-646
3068
3967
2821
544
-1774
-3091
-2462
-401
646
736
1447
1285
36
-987
-2532
-3912
-4038
-3521
-1953
210
817
73
-975
-2182
-2656
-2053
-784
476
1307
1759
1823
1363
-381
-1716
-1896
-1985
-839
512
1055
980
597
426
243
126
223
1377
2122
2716
3622
2121
543
-251
-728
180
402
483
1283
1852
1879
2226
2736
2809
2911
2087
2130
2147
1641
3154
3934
2711
296
-1568
-2008
-3191
-5433
-6364
-3417
2042
5004
3255
1160
781
-299
-1375
-1424
-300
1519
3129
5363
5739
2546
345
23
-970
-1841
-2589
-3890
-4632
-4692
-4818
-4565
-3101
-1163
283
892
1023
1054
582
-62
-652
-736
-351
-348
-401
-188
284
-39
-1270
-1654
-1864
-2814
-3549
-3202
-2183
-1397
-888
-775
-917
-1197
-1527
-1483
-1019
-133
543
459
145
-116
-333
45
685
354
-420
-991
-947
402
1456
1014
98
-402
-328
118
241
261
454
577
1158
1131
522
571
1004
1778
2168
2313
2784
3009
2496
1708
1639
1845
1622
1709
2784
3160
2031
1367
1371
1231
847
421
-301
-1912
-2076
-151
1103
1269
1102
708
84
-506
-856
-1237
-1667
-854
1003
1276
978
1048
818
1241
1164
681
466
-286
-1232
-2527
-3725
-3904
-3513
-3222
-2593
-2010
-1910
-1221
-317
241
174
-612
-829
-187
620
1176
1425
1208
457
-457
-1480
-1906
-1847
-2066
-2174
-2452
-2704
-2240
-1750
-1684
-1789
-1782
-1281
-665
-443
-178
395
519
-10
-241
-63
-35
-141
127
42
-620
-672
-531
-51
640
432
74
179
752
1612
1673
1091
1086
1316
1253
1150
485
-40
646
1363
2141
2477
1730
1337
668
499
1325
1688
2133
2203
2050
2007
1512
1228
1922
2543
1948
1562
1077
301
668
1561
2642
2701
1187
-207
-1352
-1667
-1352
-1252
-690
118
712
366
-259
-737
-1593
-1631
-1175
-1101
-1032
-785
-782
-966
-702
-640
-1129
-1739
-1866
-1583
-1392
-549
77
-348
-836
-1475
-1760
-1364
-927
-375
-38
-226
-779
-1378
-1754
-1672
-1336
-1295
-1410
-1361
-829
-283
-440
-837
-1256
-1530
-1116
-496
-55
361
277
-219
-690
-1103
-963
-954
-1446
-1213
-599
-299
-1
-28
-480
-379
-157
169
1075
1243
1595
2437
1954
1072
518
248
494
780
1168
1222
663
324
949
1001
-73
34
1002
1919
2589
2930
2744
1558
1248
1698
1441
1272
1634
2064
1928
2285
3016
2182
672
144
297
257
1024
2076
1387
577
990
1023
-389
-2029
-2299
-1713
-1174
-316
274
-283
-669
-424
-846
-1769
-2022
-1223
-376
-250
-274
-384
-1010
-1445
-1617
-2159
-2361
-1943
-1186
-824
-1371
-1713
-1767
-2035
-2033
-1859
-1745
-1330
-737
-327
70
-25
-670
-1145
-1600
-1549
-855
-286
2
-177
-757
-1284
-1388
-1430
-1490
-1418
-1322
-727
-226
-55
324
253
-374
-946
-1085
-968
-671
161
761
878
668
236
-66
-523
-389
166
302
399
816
1444
1684
1595
1380
1144
1103
1155
1353
1448
1378
1530
1796
1889
1710
1691
1764
1429
1034
961
1237
1462
1623
1942
1793
1243
1110
1178
918
826
1094
1063
998
1225
1507
1623
1336
901
652
372
312
780
842
617
719
711
435
-177
-603
-503
-335
-253
-377
-775
-1168
-1282
-1320
-1527
-1687
-1451
-987
-821
-899
-1121
-1553
-1740
-1717
-1705
-1625
-1439
-897
-417
-510
-864
-1134
-1465
-1774
-1658
-1339
-1015
-805
-834
-894
-934
-830
-794
-820
-725
-586
-256
-77
-155
-376
-661
-853
-1075
-1189
-1056
-648
-161
120
67
-216
-387
-584
-643
-399
-87
271
360
334
193
-230
-290
5
418
917
1181
1184
1155
1057
928
1043
1048
884
813
759
892
987
1086
1236
982
803
857
915
1156
1410
1668
1833
1674
1246
930
832
1047
1544
1782
1750
1468
1105
892
515
53
-347
-519
-324
-189
-184
-188
-218
-182
-233
-461
-568
-248
210
467
470
259
-28
-451
-761
-884
-1043
-1114
-1067
-899
-873
-937
-808
-729
-845
-1032
-961
-612
-277
-37
-16
-157
-281
-599
-960
-932
-725
-584
-563
-796
-980
-929
-925
-1025
-1175
-1240
-1076
-792
-578
-297
-6
-123
-521
-764
-683
-402
-182
-31
-53
-281
-436
-485
-498
-366
-165
-118
-132
-86
57
179
118
-57
-126
-83
-84
-40
131
372
436
360
477
642
668
692
589
468
707
1042
1195
1253
1146
967
904
894
895
817
744
839
841
662
417
400
616
493
142
-71
-46
137
330
387
309
329
360
450
445
362
525
587
444
202
-76
-277
-395
-262
-144
-286
-347
-305
-394
-514
-501
-261
-3
-116
-244
-144
-132
-65
-106
-297
-190
-114
-271
-381
-398
-330
-267
-280
-322
-404
-484
-465
-504
-414
-155
45
243
88
-209
-319
-415
-449
-448
-395
-276
-251
-389
-483
-453
-419
-540
-752
-736
-585
-376
-203
-311
-502
-624
-673
-515
-245
-67
-51
-169
-274
-258
-160
-185
-201
-182
-163
51
224
363
430
282
53
-95
-70
31
240
368
305
195
94
93
66
78
114
8
112
398
625
709
579
547
495
274
172
341
613
782
762
473
55
-287
-419
-479
-487
-316
-138
-130
-312
-439
-186
44
-105
-156
7
193
365
380
302
202
-5
-189
-248
-118
158
225
59
-66
-110
-175
-206
-73
93
56
-31
20
70
97
142
114
-2
-185
-261
-21
270
263
93
-79
-169
-100
-67
15
167
227
181
4
-138
-190
-189
-155
-174
-221
-252
-252
-258
-281
-204
-102
2
187
242
134
104
83
-24
-17
105
277
389
338
241
114
-78
-260
-382
-392
-44
329
424
466
397
308
230
35
-191
-245
-24
329
487
337
190
11
-196
-131
72
101
-94
-250
-238
-255
-216
-63
-104
-206
-265
-372
-337
-232
-76
13
-120
-213
-225
-153
53
230
323
302
65
-154
-148
-10
152
159
79
-24
-158
-372
-631
-739
-692
-535
-429
-273
-67
36
114
84
-29
-187
-159
171
354
384
350
201
89
-47
-139
-65
-22
-96
-119
2
101
20
-128
-115
3
131
339
502
522
377
118
-66
-156
-250
-262
-230
-57
288
398
327
289
214
72
-150
-289
-262
-164
16
148
140
105
63
40
-37
-142
-97
44
224
353
371
401
516
545
468
393
251
121
2
-59
-77
-155
-90
29
-41
-111
-123
-180
-267
-371
-276
-101
-102
-75
-12
-60
-187
-295
-243
-225
-348
-380
-397
-482
-488
-472
-436
-434
-537
-531
-522
-542
-444
-355
-306
-216
-113
-127
-238
-215
-100
-7
88
154
159
140
157
152
163
166
126
19
-148
-160
24
174
114
-52
-135
-110
-17
93
240
412
413
293
267
267
275
348
358
283
161
34
-13
28
132
200
103
-26
-37
-81
-17
278
446
367
257
321
450
420
357
371
382
385
270
114
112
252
486
506
351
399
498
470
376
304
286
99
-232
-224
72
256
250
106
-6
-124
-251
-167
-77
-90
37
209
262
184
56
0
-129
-362
-529
-541
-458
-397
-361
-367
-389
-490
-571
-490
-277
59
309
375
283
172
184
166
114
66
13
-54
-213
-373
-388
-288
-276
-435
-598
-579
-365
-165
-86
-165
-238
-227
-270
-248
-171
-71
31
-8
-153
-219
-171
-77
-14
33
102
159
280
353
312
220
85
64
139
137
71
61
145
159
69
68
115
126
146
271
445
521
581
617
620
536
399
339
308
250
153
67
11
-13
-108
-229
-228
-62
234
469
548
531
469
436
474
468
355
185
65
116
169
94
61
-2
-210
-345
-298
-150
-30
68
163
184
202
195
178
228
256
219
128
-53
-186
-226
-274
-215
-120
-95
-100
-112
-73
0
-81
-267
-339
-261
-74
97
152
17
-256
-492
-555
-476
-359
-286
-278
-160
72
241
297
246
80
-197
-375
-378
-205
74
138
44
-107
-305
-354
-244
-53
96
44
-127
-168
-6
231
373
375
381
348
248
185
169
189
156
50
-18
-56
12
187
215
85
-71
-154
-140
-125
-63
60
93
73
127
226
251
189
129
137
141
159
219
268
336
294
105
18
91
217
306
253
114
-12
-27
45
126
230
248
136
106
190
255
327
326
235
138
60
60
92
58
-44
-153
-182
-160
-190
-228
-180
-115
-91
-84
-66
-14
2
-50
-81
-50
48
132
114
27
-94
-147
-128
-78
-17
19
11
-54
-118
-159
-178
-167
-168
-179
-205
-186
-56
30
-85
-206
-220
-196
-180
-182
-68
101
250
317
294
262
268
270
109
-75
-152
-71
79
90
30
-89
-219
-315
-376
-310
-174
-132
-166
-160
-38
164
192
198
339
298
128
-35
-208
-209
-114
-150
-236
-215
-121
-23
13
20
74
107
86
84
113
185
271
179
15
-54
9
48
-17
-95
-190
-164
-88
-73
-127
-177
-122
-36
39
74
61
40
1
-60
-50
-2
-4
-14
-42
-37
18
66
102
135
137
146
181
159
88
-5
-95
-141
-169
-207
-245
-257
-209
-209
-245
-239
-170
-18
89
175
270
299
288
280
216
146
74
-16
-55
-54
-47
-57
-89
-193
-267
-243
-198
-150
-73
44
171
305
230
109
117
75
33
-10
-23
-12
-54
-104
-75
-8
61
72
-5
4
44
37
35
70
102
37
-26
-6
13
44
150
150
27
-77
-104
-44
-16
12
107
204
189
116
66
51
67
-11
-143
-196
-141
-55
-33
-48
-62
-108
-221
-331
-307
-127
106
286
337
302
196
54
-32
-123
-158
-110
-71
7
68
45
-45
-234
-357
-289
-150
-16
40
52
67
83
96
86
107
153
130
31
-33
-8
47
84
94
26
-31
-22
23
54
52
27
-133
-254
-247
-156
13
83
63
17
5
114
241
254
287
326
284
222
201
208
102
-47
-69
6
109
148
140
175
125
0
-74
-103
-27
161
303
285
196
130
81
-8
-135
-189
-169
-110
20
108
92
59
-8
-55
-47
2
21
1
74
123
138
155
209
292
217
48
-38
-27
-14
-20
30
51
-4
-16
-38
-125
-195
-91
77
54
-2
15
48
29
-80
-138
-226
-396
-433
-336
-271
-268
-217
-209
-285
-169
13
120
165
158
162
66
-84
-174
-197
-284
-259
-141
-116
-95
-142
-245
-221
-144
-48
60
104
212
291
284
177
156
156
-50
-158
-197
-202
-136
-43
126
219
134
10
70
94
93
295
370
283
289
292
199
73
-10
-87
-89
56
223
332
129
-58
36
66
111
304
491
463
324
220
190
121
-41
-6
135
59
-18
43
-68
-138
-109
-63
46
71
126
184
149
67
51
58
-92
-163
-39
55
135
84
-56
-109
-209
-333
-299
-178
-151
-107
-40
-44
-43
-93
-206
-253
-193
-38
107
150
112
82
-49
-240
-281
-257
-307
-387
-330
-127
-50
-124
-204
-301
-361
-353
-273
-175
-55
7
-1
59
-40
-196
-172
-74
70
148
170
193
142
-44
-147
-107
-111
-50
25
-12
65
138
178
249
158
185
254
262
228
242
422
265
127
124
98
109
72
217
188
67
76
226
314
144
97
207
278
256
275
174
40
-16
-57
-53
22
152
222
270
81
42
210
167
54
20
264
461
493
291
96
41
-42
44
108
169
183
241
20
-323
-370
-365
-89
106
76
110
208
115
-138
-307
-467
-174
200
173
64
-170
-275
-209
-282
-477
-385
-136
-31
-18
-55
-24
20
-62
-260
-314
-262
-103
33
-30
-175
-342
-265
-284
-473
-436
-151
241
199
-71
-99
0
134
182
196
133
113
293
335
98
-155
-100
70
41
-99
2
346
419
241
163
140
87
207
377
440
454
271
162
166
60
121
244
245
190
142
242
412
444
298
173
213
217
187
145
-5
-83
-134
-140
-280
-425
-280
-185
-166
-259
-291
-174
-222
-324
-268
-187
-239
-203
-160
-196
-148
-167
-190
-129
-167
-160
-85
-184
-160
-16
74
170
88
-23
28
74
89
142
137
141
69
-28
-64
-89
-88
-170
-167
-136
-71
-21
-85
-83
-148
-136
2
89
61
-85
-18
-10
-185
-120
-64
62
156
35
61
14
47
225
262
297
353
461
443
295
109
10
90
49
128
321
320
305
130
-161
-244
-97
231
506
506
495
511
339
259
140
23
328
753
1102
1197
907
570
408
355
468
729
798
837
765
332
150
125
15
82
-101
-441
-529
-711
-842
-829
-1040
-1156
-1146
-1274
-1301
-1251
-1227
-1116
-1117
-1171
-1034
-965
-923
-771
-708
-627
-490
-350
-190
-165
-187
-207
-246
-189
-61
48
235
258
140
183
156
202
317
207
81
-44
-351
-451
-357
-386
-257
-268
-494
-524
-623
-675
-546
-718
-823
-441
-202
-137
-84
-325
-451
-280
-160
125
328
82
87
182
148
390
543
639
786
790
847
1009
970
916
1047
969
884
930
1010
995
736
633
802
981
862
618
434
325
432
441
200
-21
63
472
756
582
101
-170
-46
182
466
573
446
544
616
499
454
372
473
686
573
291
128
71
-45
-304
-438
-239
-114
-331
-580
-825
-1112
-1193
-1023
-855
-922
-1015
-911
-959
-1210
-1331
-1176
-880
-805
-822
-744
-697
-631
-557
-572
-496
-287
-138
4
5
-25
26
4
163
387
423
419
359
181
4
-299
-522
-316
-174
-338
-587
-820
-803
-821
-1111
-1312
-1373
-1294
-1068
-915
-981
-1173
-1180
-913
-710
-693
-603
-408
-177
-68
-145
-107
104
302
528
592
493
588
732
889
1046
1094
1240
1395
1386
1317
1279
1330
1390
1332
1237
1288
1311
1230
1241
1136
1047
1175
1176
1187
1150
857
882
954
755
919
1104
870
648
454
389
709
1018
1152
1077
531
337
957
1155
793
424
331
890
1381
1325
831
68
-436
-676
-452
332
508
-251
-1181
-1653
-1512
-1515
-1831
-1848
-1798
-1838
-1477
-1222
-1759
-2506
-2692
-2073
-1228
-838
-733
-945
-1471
-1680
-1242
-605
-97
338
446
58
-326
-70
412
557
455
483
721
746
536
323
124
-73
-51
237
344
10
-554
-1074
-1330
-1215
-1050
-911
-928
-1482
-1976
-2011
-1946
-1731
-1479
-1440
-1206
-1027
-1198
-1108
-1055
-983
-407
88
459
695
511
378
523
818
1365
1889
1963
1748
1531
1459
1612
1770
1873
2021
1995
1831
1652
1384
1338
1335
1227
1396
1538
1377
1197
1036
727
430
469
965
1264
1012
746
565
310
447
989
1159
716
289
398
646
621
875
1091
629
369
724
1147
907
-35
-165
646
990
776
363
-169
-605
-923
-666
-96
-303
-855
-1001
-1188
-1618
-1931
-1928
-1666
-1733
-1940
-1639
-1419
-1701
-1951
-1990
-1781
-1330
-774
-366
-691
-1320
-1234
-791
-482
-199
55
124
-171
-408
-278
-127
-34
219
446
368
73
-230
-330
-238
-166
-172
-187
-270
-611
-1028
-1131
-1188
-1401
-1259
-884
-906
-1233
-1621
-1945
-1863
-1486
-1068
-994
-1452
-1522
-999
-847
-905
-692
-569
-284
236
443
452
396
376
739
1285
1590
1740
1663
1311
1270
1508
1758
1962
1819
1582
1445
1271
1282
1368
1319
1386
1509
1450
1214
960
982
1206
1204
1054
1096
987
931
1148
900
684
974
956
990
1104
737
645
792
897
1434
1460
676
403
477
697
1353
1321
816
820
467
110
234
-120
-385
-6
331
42
-1012
-1643
-1402
-1471
-1711
-1590
-1415
-1454
-1853
-2168
-2387
-2775
-2481
-1414
-1063
-1707
-2155
-2022
-1836
-1811
-1414
-515
-173
-463
-508
-459
-542
-334
257
587
388
337
639
522
-31
-158
225
405
295
337
273
-258
-794
-778
-422
-406
-706
-898
-992
-1004
-990
-1054
-1214
-1458
-1549
-1307
-1206
-1564
-1712
-1346
-947
-877
-1121
-1226
-926
-523
-123
93
1
26
209
364
593
856
1022
1057
984
880
963
1202
1388
1440
1333
1275
1372
1480
1531
1530
1449
1472
1607
1599
1405
1318
1735
2034
1617
1428
1712
1511
1046
1133
1328
1474
1631
1347
928
553
494
1258
1471
758
720
790
427
479
400
111
397
726
582
349
-83
-279
111
-226
-876
-318
527
195
-1098
-1989
-1789
-1219
-833
-857
-1321
-1943
-2294
-1868
-1455
-1910
-2193
-1659
-1217
-1380
-1525
-1235
-1161
-1515
-1408
-596
3
-37
-219
-331
-496
-364
426
1136
840
160
146
308
65
44
465
620
176
-77
171
71
-308
-434
-459
-521
-437
-155
-480
-1414
-1401
-653
-666
-1033
-979
-1003
-1314
-1262
-701
-414
-782
-961
-748
-962
-1000
-253
51
-313
-436
-213
11
-236
-509
-229
100
444
748
595
40
-396
69
870
1114
1161
1106
723
422
681
1340
1856
1928
1623
1329
1281
1435
1754
1908
1930
2207
2093
1546
1403
1493
1681
1902
1782
1741
1448
712
698
863
406
638
1340
1231
700
159
-187
-149
-47
385
868
257
-561
-317
53
-177
-423
-325
-250
-463
-576
-566
-672
-978
-1310
-1239
-969
-1118
-1309
-1290
-1405
-1621
-1508
-1181
-1182
-1474
-1714
-1539
-1087
-924
-1041
-1098
-1096
-1135
-911
-462
-434
-710
-683
-476
-408
-252
74
200
-172
-485
-150
198
112
23
42
-136
-354
-175
146
42
-281
-291
-117
-173
-312
-221
-221
-447
-580
-512
-247
-46
-242
-605
-664
-411
-353
-600
-485
54
-7
-641
-764
-406
29
-28
-1012
-1292
-483
33
299
-195
-1345
-1246
-291
335
586
-109
-806
-201
386
551
874
509
209
744
1063
1247
1390
1208
1229
1322
1486
1901
2024
1792
1532
1519
1754
1858
1861
1736
1341
1232
1252
1192
1331
1287
797
596
697
495
466
593
455
371
-56
-411
74
130
-201
-99
-481
-789
-371
-251
-447
-664
-884
-624
-304
-486
-525
-448
-840
-1175
-775
-277
-400
-917
-1161
-1214
-1144
-853
-818
-1009
-1182
-1385
-1117
-782
-1098
-1282
-1103
-1047
-983
-850
-781
-794
-944
-894
-527
-296
-398
-499
-490
-518
-419
-73
189
103
-131
-127
38
68
118
256
213
56
150
342
309
185
158
108
-25
-7
161
216
48
-177
-205
-189
-202
-185
-239
-406
-499
-453
-524
-523
-506
-772
-683
-617
-961
-763
-407
-415
-352
-475
-604
-300
-298
-290
104
7
28
545
458
356
625
461
678
1139
1072
1149
1111
888
1056
1267
1392
1469
1418
1357
1223
1256
1406
1411
1390
1292
1199
1224
1119
884
733
787
890
823
714
578
364
225
186
218
283
138
-48
19
9
-113
48
-5
-358
-314
-275
-363
-78
46
-179
-311
-510
-656
-418
-117
-38
-297
-646
-686
-296
-238
-692
-650
-447
-540
-380
-414
-805
-975
-999
-687
-406
-584
-733
-766
-902
-1020
-768
-371
-409
-557
-547
-586
-465
-243
-133
-94
-156
-134
112
163
-65
-78
44
86
234
347
265
112
-53
0
189
241
260
253
57
-243
-315
-82
48
-73
-153
-258
-297
-206
-163
-153
-210
-257
-176
17
183
41
-135
-102
-112
145
424
436
378
-325
-887
-67
959
1149
784
101
-112
299
504
655
693
320
641
1272
842
381
256
105
667
1223
1088
835
330
-80
183
596
965
1116
744
211
-101
97
530
733
758
506
185
155
160
197
291
421
485
445
418
165
-116
-126
254
511
237
-4
210
192
-234
-413
-91
144
-87
-234
-533
-769
-419
10
63
-366
-717
-567
-554
-504
-218
-403
-540
-470
-550
-639
-733
-471
-165
-330
-512
-450
-410
-385
-484
-444
-301
-272
-143
-209
-570
-671
-333
9
-49
-328
-473
-540
-462
-319
-144
-109
-300
-313
-159
-203
-252
-132
-117
-207
-174
-14
28
-58
-136
-80
58
177
253
171
1
-4
97
239
386
408
383
284
199
338
480
456
395
391
448
526
576
550
532
562
529
504
554
596
569
515
464
338
105
-114
17
498
750
371
-211
-479
-317
67
168
-1
-240
-229
91
199
-48
-312
-319
8
426
532
271
-41
-180
-60
324
563
556
381
78
-36
169
479
588
539
353
71
33
222
318
362
206
-66
-164
-88
37
-183
-530
-422
-35
138
-158
-694
-797
-515
-171
143
-115
-669
-659
-361
-215
-54
-34
-64
-138
-362
-12
329
86
76
199
78
178
282
195
-2
-208
162
526
189
-265
-330
-338
-496
-371
-53
-200
-588
-631
-628
-823
-903
-555
-263
-602
-1071
-960
-550
-489
-556
-474
-529
-642
-394
6
33
-245
-230
31
113
210
506
553
187
55
395
632
628
638
611
446
408
688
788
482
361
561
559
424
364
318
246
217
288
332
289
213
56
-92
-25
160
302
249
43
-97
-100
-10
202
321
240
127
-382
-850
-340
524
778
339
-468
-806
-373
-127
-227
-415
-758
-437
274
7
-651
-903
-947
-369
259
180
-179
-803
-1171
-810
-275
190
325
-86
-668
-934
-443
262
360
172
3
-85
54
37
-113
27
218
422
564
383
57
-153
-35
225
457
498
323
187
124
-226
-558
-249
292
571
421
-302
-871
-598
-71
367
296
-279
-314
19
156
52
-142
-158
54
476
761
367
-13
33
130
417
613
767
696
81
-302
-123
60
183
327
273
-211
-659
-458
-178
-183
-243
-254
-283
-519
-642
-390
-325
-507
-284
87
27
-185
-128
-114
-109
227
666
818
612
473
533
505
562
987
1313
1144
884
825
820
890
1007
1022
921
794
807
787
505
302
300
397
503
379
165
10
-151
-293
-284
-163
-107
-160
-323
-540
-569
-386
-154
-123
-349
-563
-602
-494
-265
21
51
-130
-380
-548
-468
-325
-238
-165
-136
-50
-69
-312
-474
-437
-168
159
135
-156
-464
-610
-474
-232
-66
-13
-63
-153
-315
-399
-190
90
214
228
197
159
168
133
247
444
647
741
663
453
403
606
748
821
895
954
737
612
499
525
726
919
1096
902
470
385
568
603
780
731
632
700
460
301
304
267
491
685
548
423
199
88
150
85
204
381
323
126
-152
-265
-231
-247
-77
-18
-240
-353
-343
-371
-376
-306
-157
-47
-65
-24
37
-43
-120
117
310
318
499
599
439
295
350
607
769
816
877
729
438
386
571
682
754
789
677
466
326
282
247
232
319
330
175
61
-34
-81
-47
5
44
77
-26
-213
-276
-283
-268
-127
-46
-86
-187
-323
-289
-322
-322
-61
-17
-471
-739
-498
-167
-65
-252
-484
-701
-825
-604
-299
-451
-604
-407
-321
-353
-475
-648
-585
-392
-208
38
48
-179
-260
-239
-71
218
493
616
408
216
383
657
892
1051
1011
878
786
821
988
1133
1127
1070
1000
978
924
841
733
668
659
665
773
723
360
-30
-37
147
353
327
40
-97
-98
-143
-101
-138
-54
187
197
140
27
-48
101
340
411
391
409
341
351
365
323
393
498
535
410
227
158
120
14
104
185
-54
-321
-452
-419
-312
-377
-486
-564
-646
-620
-570
-774
-969
-843
-520
-323
-475
-579
-550
-514
-408
-213
-43
-27
4
119
109
33
157
393
432
340
364
447
382
260
282
253
282
413
345
107
-130
-207
-216
-189
-185
-287
-447
-529
-583
-691
-687
-571
-497
-567
-588
-561
-638
-648
-560
-403
-314
-359
-249
-103
-97
-299
-594
-577
-5
555
524
93
-449
-518
-102
172
119
-145
-237
73
300
75
-245
-480
-383
185
518
432
70
-389
-517
-284
122
525
674
372
-129
-342
-42
472
786
835
653
467
355
329
457
680
879
953
918
835
654
349
281
518
818
868
852
426
-319
-692
-260
541
703
361
-397
-703
-695
-415
-139
-246
-205
-216
-129
-385
-589
-691
-681
-453
-92
339
108
-404
-850
-800
-439
17
483
365
-305
-807
-631
-161
238
176
-118
-297
-329
-261
-195
-135
-216
-367
-408
-351
-409
-488
-524
-649
-734
-648
-482
-478
-611
-667
-687
-668
-542
-429
-394
-398
-484
-531
-410
-199
28
134
52
-44
0
199
364
298
201
228
234
247
210
159
312
400
323
243
202
169
181
176
151
217
262
228
94
4
60
174
200
155
95
52
48
54
37
32
67
-58
-218
-398
-519
-377
-94
91
-28
-292
-489
-486
-567
-555
-213
23
167
100
-252
-492
-490
-288
136
400
358
253
61
-83
-154
-20
367
603
614
478
202
41
104
356
660
743
692
503
165
0
135
385
546
442
301
259
38
-146
-185
-83
156
250
215
-37
-472
-553
-288
-142
-27
-38
-237
-423
-674
-619
-170
-5
-68
-220
-593
-775
-490
-162
-23
-235
-462
-205
-231
-319
-301
-412
-313
-8
239
227
-21
-366
-316
-176
160
494
278
70
-17
-41
130
227
204
323
232
152
64
43
280
228
-64
-152
-28
41
103
57
-24
-140
-96
112
123
-68
-220
-158
40
118
53
32
21
64
58
34
63
148
317
330
120
-67
-35
125
179
212
211
152
61
60
148
144
118
163
227
137
67
79
157
150
9
-30
26
91
71
-52
-252
-272
-146
-239
-521
-656
-497
-279
-427
-757
-956
-987
-856
-709
-768
-919
-809
-613
-458
-590
-855
-729
-409
-143
-26
-95
-205
-214
-211
-89
160
340
494
393
137
77
226
534
785
762
586
460
453
603
643
530
568
601
610
657
485
304
238
176
185
304
256
204
27
-340
-313
-300
-91
128
-100
-424
-425
-323
-234
-268
-585
-473
-326
-98
19
-242
-445
-367
-383
-298
10
80
356
237
134
138
-3
196
299
291
437
564
572
585
325
211
310
307
527
645
560
569
281
186
415
406
578
598
342
233
229
248
372
265
51
-23
-158
47
170
-114
-272
-329
-321
-173
-273
-356
-289
-401
-411
-423
-428
-302
-341
-447
-414
-448
-405
-245
-262
-294
-361
-343
-134
-80
-88
16
21
96
125
50
98
107
295
223
-293
-535
-216
250
268
-151
-571
-589
-534
-426
-410
-711
-690
-347
-67
-109
-719
-1163
-903
-474
-20
134
-134
-386
-653
-784
-601
-307
-13
123
-107
-413
-411
-207
118
228
195
310
371
463
526
453
318
386
661
886
974
783
583
467
410
573
760
794
706
599
372
236
251
218
210
347
425
186
-142
-319
-116
68
23
-160
-396
-364
-244
-184
-359
-510
-440
-175
-39
-282
-495
-582
-429
-284
-390
-476
-365
-248
-275
-378
-480
-314
-148
-62
13
-76
23
248
478
351
47
0
256
669
686
429
132
128
459
702
496
50
-66
146
508
568
238
-28
-106
126
350
222
-92
-157
67
174
193
-26
-255
-363
-463
-323
-240
-312
-367
-416
-538
-720
-792
-600
-379
-451
-660
-727
-609
-363
-273
-396
-515
-617
-436
-92
36
-23
-166
-288
-97
28
8
114
123
126
53
-5
113
269
168
34
-37
23
323
354
238
134
