-25
-16
-17
-25
-18
-4
-9
-16
-37
-43
-19
3
17
0
-33
-44
-24
0
7
-6
-10
9
17
-6
-30
-29
-5
13
5
-4
-10
-31
-34
-14
9
10
-2
-10
-13
-6
-10
-14
-20
-18
-3
13
16
-21
-41
-28
10
37
16
-13
-34
-21
0
-4
-30
-38
-7
1
0
-13
-20
4
16
18
10
0
-8
-16
-9
9
8
-14
-24
-7
27
14
-37
-49
-29
-6
-16
-36
-31
-20
-1
-2
-7
-29
-55
-37
10
30
11
0
-3
-3
-14
-25
-6
-8
-21
-18
-20
-17
-9
-6
-17
-16
-4
4
-4
-11
-13
-21
-14
-5
-3
7
10
4
-4
-33
-40
-20
8
37
21
-24
-59
-38
2
2
0
6
10
13
0
-9
3
13
21
6
-31
-40
-29
6
34
17
-13
-34
-33
-5
26
20
-5
-24
-27
-24
-30
-20
7
13
-1
-10
-27
-19
-8
0
18
12
-17
-48
-59
-44
-2
21
12
-3
-24
-14
-4
-15
-8
2
13
12
2
-10
-17
-17
2
18
-9
-24
-7
29
57
27
-20
-32
-42
-21
33
54
26
-21
-45
-16
9
9
30
20
-15
-37
-27
-4
-5
0
0
-9
-10
11
14
-1
-7
2
16
-23
-53
-7
27
25
-7
-26
-7
6
7
-6
-11
-3
-13
-30
-19
-10
-2
22
36
7
-42
-51
-26
2
30
24
-6
-18
-17
-18
-21
-20
-11
10
4
-10
-16
-39
-20
27
38
19
-3
-6
-6
-16
-14
13
25
2
-24
-37
-26
-4
38
64
49
4
-56
-43
5
20
16
-5
7
28
10
-9
-23
-12
21
37
23
-21
-26
-16
-28
-42
-20
39
52
17
-19
-12
14
37
44
34
25
9
-1
-2
-3
-13
-5
20
6
-4
-13
-27
-11
-8
-4
13
2
-14
7
27
9
-31
-41
-4
23
-3
-23
-14
-13
18
47
31
-4
-22
-8
13
-1
-11
15
41
57
20
-36
-45
-4
33
53
44
-20
-49
-39
-12
4
-17
-3
6
-36
-56
-35
0
27
34
40
9
-47
-46
-10
18
34
34
-19
-57
-27
16
47
36
6
-27
-47
-39
-18
11
14
5
11
0
-26
-34
3
40
33
7
-21
1
19
20
-5
-60
-25
36
44
17
-13
-13
18
50
30
-5
-33
-31
21
58
34
-20
-50
-30
20
45
37
11
-34
-54
-21
10
13
21
14
20
13
-34
-60
-34
37
47
10
-26
-55
-34
-14
17
46
13
-41
-81
-48
32
64
58
29
-8
-7
-7
-33
-47
-13
35
47
6
-35
14
39
-7
-19
5
27
17
3
-4
-26
-26
13
23
1
20
34
7
-23
-31
10
33
0
0
-5
-12
-4
-18
-7
-20
-51
-23
9
1
-37
-16
47
25
-42
-59
-20
9
6
16
16
-13
-42
-25
7
-10
-27
-5
31
29
-13
-34
-22
-4
8
17
26
4
-63
-71
-6
33
26
-13
-38
-46
-44
-16
21
36
1
-38
-64
-46
1
25
29
9
-15
-30
-33
-13
39
53
9
-41
-74
-69
-9
54
58
14
-52
-71
-34
17
27
11
32
11
-28
-48
-49
-16
6
31
51
7
-62
-73
-47
2
57
56
11
-46
-78
-31
37
16
-24
-36
-31
16
39
11
-14
-46
-23
48
46
10
-10
16
30
-16
-48
-33
23
63
50
-29
-69
-32
13
71
64
14
-7
-33
-27
23
36
-1
-24
-23
-5
-10
-47
-28
13
13
7
-2
6
25
6
-20
-46
-66
-37
24
51
3
-66
-95
-24
59
50
15
-13
-15
-14
-25
-14
-5
-1
9
-4
-47
-84
-47
42
83
56
7
-48
-77
-46
-6
15
-6
-43
-44
-38
-36
-21
23
13
-38
-58
-23
13
26
26
4
-18
-51
-45
1
35
29
0
-33
-35
1
27
34
15
-6
-44
-27
22
20
17
1
2
9
14
10
-14
-23
4
32
11
23
22
-30
-30
0
0
-13
-3
18
27
2
-20
-17
-10
8
6
-13
2
47
40
-12
-49
-44
-5
23
32
1
-19
-29
-35
-7
37
55
20
-16
-55
-75
-41
40
79
42
-10
-85
-112
-57
6
43
39
9
-17
-27
-31
-48
-34
6
11
-10
-25
-38
-40
-35
-35
-11
-5
11
15
-30
-58
-57
-25
-3
2
-10
-21
-29
-19
-1
3
8
-6
-20
-64
-76
-32
17
40
0
-31
-53
-26
10
-13
-22
-3
45
38
-17
-60
-74
-41
27
71
19
-47
-77
-60
-11
28
38
26
20
-4
-22
-16
-6
-7
-11
18
34
13
-19
-71
-75
4
59
40
-42
-96
-53
28
76
33
-36
-80
-34
31
12
-12
-28
-22
7
30
8
-23
-20
-6
13
15
0
-23
-8
-9
-33
-31
-14
8
10
11
-11
-36
-38
-13
-3
-29
-30
-13
3
5
11
17
-13
-36
-22
18
28
-6
-36
-17
22
13
13
1
-64
-81
-30
53
83
24
-37
-81
-56
-19
-6
35
43
24
-16
-42
-42
-41
-14
42
71
20
-40
-54
-44
-9
29
5
-22
-15
2
17
8
-6
-21
-9
0
3
-6
-16
-5
3
7
-11
-20
-32
-50
-14
28
26
-10
-21
-8
1
-2
4
-13
-48
-30
-19
-20
-44
-53
-33
-23
-5
-13
-38
-61
-36
20
27
-12
-87
-120
-100
-32
78
132
70
-9
-18
-21
9
34
45
40
8
-3
-29
-75
-96
-24
97
162
145
81
19
-5
26
57
71
28
-32
-54
-81
-75
-46
6
54
45
30
7
-16
-7
14
22
-2
-40
-73
-96
-95
-60
-25
-23
-47
-70
-83
-77
-62
-51
-24
-47
-40
-17
-24
-41
-126
-112
-107
-82
-48
-53
-114
-152
-54
-28
25
18
17
-63
-113
-54
-21
40
55
168
209
285
303
170
45
-52
-14
14
63
35
-11
-20
-30
-31
-34
31
67
100
116
92
18
-32
-11
4
39
44
7
-37
-71
-57
-34
-40
-32
-21
-38
-59
-86
-107
-113
-110
-102
-117
-122
-140
-184
-211
-169
-35
32
13
-92
-166
-115
-94
-76
-99
-127
-129
-132
-150
-232
-227
233
937
1172
737
147
-260
-516
-373
-42
75
-92
-289
-346
-343
-252
-90
176
427
555
502
300
72
-99
-100
21
73
-57
-143
-148
-196
-243
-176
-41
53
240
385
254
-83
-343
-338
-122
77
128
14
-211
-327
-255
-95
20
83
77
22
-55
-185
-243
-234
-197
-114
-35
-14
-145
-271
-330
-279
-74
101
138
47
-57
-155
-253
-144
446
1026
999
453
-70
-474
-700
-438
-56
89
-13
-131
-234
-294
-209
4
328
550
617
474
205
-8
-94
-23
64
92
-14
-200
-359
-411
-276
-23
181
212
161
73
-53
-130
-97
-10
19
13
-22
-146
-289
-306
-224
-131
-39
51
46
-63
-157
-175
-132
-177
-150
-124
-219
-240
-207
-40
-7
-59
-70
-230
-159
512
1324
1384
595
-121
-475
-705
-459
-11
66
-187
-367
-378
-383
-252
-9
345
683
767
602
292
-35
-229
-131
141
231
3
-265
-324
-199
-30
165
272
127
-51
-4
56
-29
-75
-68
-50
-52
-33
-47
-163
-195
-61
88
91
25
-70
-160
-204
-169
-113
-169
-180
-253
-120
2
-187
-218
-245
-115
4
214
211
-177
-356
-452
186
1139
1475
831
-5
-411
-829
-614
-140
85
-68
-156
-125
-318
-265
-154
130
471
752
749
413
28
-281
-171
62
207
95
-169
-331
-356
-280
-173
17
108
159
204
187
-2
-172
-145
-20
102
74
-22
-237
-396
-342
-157
-20
18
60
5
-84
-196
-233
-152
-105
-123
-166
-276
-344
-221
-55
-67
-60
-131
-138
765
1716
1488
429
-228
-676
-984
-423
179
65
-359
-416
-502
-519
-203
114
429
743
898
649
311
-69
-320
-176
66
80
-168
-350
-424
-291
-44
224
387
239
123
128
62
-133
-195
-104
-60
-45
-93
-177
-308
-300
-61
173
234
175
80
-111
-266
-293
-255
-207
-171
-163
-123
-93
-153
-145
-180
-252
-148
142
303
122
-183
-557
-108
1170
1777
1119
117
-483
-1118
-1011
-210
181
-25
-175
-107
-271
-242
-89
125
412
772
924
635
171
-356
-512
-293
73
179
34
-83
-240
-304
-198
80
187
205
295
262
7
-308
-361
-243
-47
102
152
32
-194
-225
-89
54
81
96
49
-112
-262
-333
-306
-297
-187
-25
52
33
-121
-213
-284
-250
-14
101
86
-273
-139
996
1679
1182
167
-302
-843
-1003
-257
201
-68
-425
-305
-403
-315
-12
173
405
682
858
601
289
-134
-428
-295
34
132
-65
-113
-177
-308
-313
-34
221
273
369
407
201
-179
-337
-259
-113
-2
74
24
-204
-301
-147
48
104
173
177
11
-193
-293
-310
-325
-239
-74
79
-41
-261
-319
-253
-153
21
132
50
-265
-353
752
1853
1620
470
-203
-698
-1205
-582
134
14
-424
-335
-317
-380
-76
125
305
607
975
887
517
35
-484
-510
-152
117
11
-149
-202
-294
-290
-91
132
199
295
509
481
84
-304
-398
-290
-105
94
140
-77
-336
-278
-24
104
179
231
100
-133
-254
-280
-365
-351
-203
-11
46
-52
-133
-327
-357
-47
258
188
-160
-460
223
1580
1956
1045
44
-569
-1245
-957
-16
185
-253
-377
-302
-444
-219
81
217
475
913
1033
709
251
-350
-633
-357
75
142
-30
-199
-427
-406
-60
299
322
242
378
464
245
-143
-370
-402
-271
-18
136
3
-288
-346
-115
125
232
290
202
-57
-236
-243
-274
-374
-354
-221
16
39
-141
-247
-266
-127
10
87
-24
-458
-87
1363
2172
1396
191
-392
-1169
-1283
-253
314
-114
-458
-317
-445
-350
-5
191
393
845
1100
900
593
-95
-683
-587
-109
85
15
-43
-321
-538
-418
-60
232
327
572
869
808
444
-12
-380
-592
-515
-242
-54
-134
-397
-360
-139
43
324
590
530
220
-18
-212
-400
-437
-356
-269
-287
-239
-89
-37
-105
-114
33
108
175
3
-232
-631
-484
1053
2280
1949
555
-338
-1214
-1656
-686
253
327
-81
-46
-283
-466
-242
-63
225
671
1152
1025
646
23
-620
-684
-235
183
122
-33
-203
-249
-164
73
278
201
141
266
447
210
-174
-351
-336
-196
10
175
14
-275
-293
8
193
242
282
128
-111
-234
-199
-268
-385
-356
-193
9
14
-65
-236
-300
-129
100
125
9
-359
-695
373
1881
2058
983
185
-548
-1418
-954
17
218
-245
-242
-213
-373
-242
-164
7
294
799
1064
1030
579
-204
-573
-394
-4
117
118
-44
-337
-392
-86
267
176
71
284
420
215
-48
-196
-310
-306
-101
167
122
-179
-318
-158
23
114
253
243
33
-204
-230
-213
-349
-411
-210
40
12
-31
-135
-297
-349
-93
84
7
-254
-483
429
1666
1941
1053
268
-378
-1180
-854
-44
205
-253
-366
-318
-422
-282
-171
16
247
696
965
978
622
-81
-438
-352
-38
74
85
-53
-310
-403
-196
158
195
171
289
414
231
-24
-133
-237
-222
-84
132
82
-173
-317
-216
-35
61
229
251
71
-161
-223
-195
-285
-374
-280
17
-47
-118
-158
-248
-323
-309
30
121
-33
-575
-22
1279
1741
1308
681
197
-901
-999
-342
66
-169
-409
-302
-439
-298
-272
-66
120
381
743
981
961
322
-154
-259
-97
27
91
86
-231
-511
-490
-28
216
173
253
332
174
-90
-94
-80
-109
-78
122
196
-67
-290
-279
-136
-33
179
317
184
-71
-240
-218
-209
-248
-293
-191
-78
-9
7
-116
-166
-260
-233
-86
65
-152
-603
93
1248
1680
1232
757
162
-816
-846
-321
55
-152
-265
-291
-426
-389
-411
-187
21
352
677
967
873
345
-61
-226
-68
32
168
162
-92
-403
-478
-132
74
166
222
315
182
-81
-122
-127
-152
-156
72
175
30
-162
-209
-149
-115
82
250
219
-37
-252
-283
-295
-259
-218
-170
-120
-95
-64
-38
-118
-201
-166
2
71
-47
-315
-642
-216
791
1421
1347
872
259
-536
-705
-358
-73
-30
-99
-112
-236
-256
-379
-419
-303
25
509
865
952
588
144
-133
-107
43
106
148
141
65
-65
-37
-29
-219
-374
-306
-99
45
136
129
37
-85
-68
96
164
113
25
-29
-77
-54
-41
-108
-203
-280
-217
-117
-71
-177
-232
-143
36
108
-33
-94
-155
-190
-60
197
-26
-479
-718
-346
707
1371
1432
994
414
-325
-640
-332
-11
50
-66
-29
-128
-223
-434
-538
-444
-228
304
781
984
724
278
8
-27
61
166
278
145
91
124
154
33
-349
-602
-589
-309
-44
184
226
61
-69
-24
157
217
151
44
25
20
20
20
-128
-292
-357
-248
-95
-51
-158
-259
-173
-86
7
2
-79
-138
-138
24
92
-52
-248
-213
-264
-105
516
897
810
506
299
-51
-209
-179
-101
22
-14
-46
-107
-146
-315
-375
-252
-46
201
328
445
410
282
144
110
121
131
266
368
337
132
-70
-288
-494
-550
-462
-244
-100
14
99
122
69
22
62
85
123
136
142
67
-81
-196
-268
-302
-325
-250
-132
-92
-75
-13
-16
-86
-178
-273
-236
-3
123
58
1
-189
-403
-466
-409
-135
430
837
903
790
519
96
-200
-250
-157
18
61
34
-37
-154
-312
-407
-398
-328
-132
114
367
512
434
295
198
219
292
375
486
448
168
-183
-431
-630
-662
-513
-291
-52
65
72
47
-20
-70
-1
100
175
232
197
101
-19
-159
-270
-297
-292
-238
-153
-109
-84
-122
-156
-174
-204
-233
-145
-41
-16
111
152
35
-148
-251
-330
-345
-54
333
664
712
569
359
79
-108
-186
-96
-2
50
60
75
40
-119
-237
-297
-250
-165
-20
168
332
370
321
351
331
282
203
125
38
-77
-151
-192
-193
-225
-255
-247
-212
-161
-119
-66
10
74
54
56
77
54
10
-29
-36
-54
-84
-122
-88
-78
-87
-71
-85
-43
-27
-54
-142
-163
-114
-49
39
88
89
4
-91
-166
-143
-91
-47
20
151
316
324
189
80
-12
-106
-102
-36
49
98
65
28
61
81
32
-3
-25
-24
26
68
143
183
129
70
51
24
-13
-5
14
36
41
24
27
11
-23
-19
36
61
62
68
47
38
34
51
63
41
30
19
3
-11
-18
-28
-22
-14
-27
-49
-74
-88
-94
-74
-54
-54
-33
-19
-20
-12
-8
3
-10
-17
-9
8
39
37
23
17
12
-6
-13
-2
-8
-7
11
18
10
-5
-21
-39
-48
-35
3
40
57
56
62
40
10
3
9
40
64
85
72
40
13
-10
3
22
31
48
60
51
24
12
10
7
19
29
24
28
20
16
22
13
3
0
4
5
8
-1
-19
-43
-49
-29
-27
-38
-39
-29
-17
-11
-28
-42
-40
-36
-20
0
13
-3
-25
-27
-18
-12
-6
8
0
-10
-11
3
17
6
10
21
30
47
50
35
25
20
10
29
31
22
28
17
10
5
8
10
10
11
31
54
45
43
51
37
1
-19
-6
-4
-18
-6
7
-20
-36
-20
-10
-3
7
9
1
6
5
-6
-11
-21
-24
-14
-6
0
-1
2
-6
-14
-10
-6
-15
-9
0
-19
-20
-14
-7
-10
-13
-9
-18
-20
-17
-10
-4
-8
11
21
20
21
30
40
18
14
18
12
1
3
3
-6
-11
-13
-18
-28
-20
-6
4
10
21
23
23
21
15
18
14
6
-7
-8
-10
-24
-23
-7
0
-9
5
13
-3
-2
14
30
29
20
26
13
-3
-13
-24
-24
-23
-20
-24
-19
-16
-24
-17
-6
-5
0
15
10
16
17
0
-4
-12
-3
-4
0
10
26
27
11
16
3
3
7
9
20
15
1
-13
-20
-16
-3
8
23
27
23
23
8
13
21
33
46
48
42
14
10
2
-3
1
-15
-12
-7
7
23
19
15
17
27
44
51
43
44
43
42
37
21
20
15
4
-2
1
1
-4
-2
-5
-4
0
11
28
27
30
33
30
26
10
8
4
11
26
27
27
17
9
-5
-7
0
1
-3
-13
-14
8
14
12
18
31
42
37
26
17
14
11
32
54
43
29
13
8
14
-5
-15
-14
-21
-21
-19
-5
3
5
9
13
25
21
15
3
-1
20
23
25
21
8
5
-3
-9
-24
-30
-14
-15
-14
4
2
4
25
25
22
19
29
26
1
-2
-3
4
9
9
9
-3
-14
-22
-14
-8
-6
-6
-2
12
11
22
22
2
10
22
14
3
-7
7
23
21
24
12
-2
-3
-4
2
9
11
6
9
6
-14
-30
-30
-9
15
31
28
12
-1
-11
-12
-7
13
24
15
17
8
-6
-8
-16
-10
-3
-13
-7
-9
-18
-3
-3
-10
7
10
0
-5
-4
-3
5
13
12
10
-5
-14
-16
-19
-18
-24
-10
12
6
14
24
13
-1
0
17
11
7
5
10
18
4
-3
-1
-3
-12
-9
3
3
-2
-3
-4
7
7
-7
1
6
11
17
19
26
26
17
7
4
2
3
1
-7
-8
-9
-12
-11
-9
-17
-16
-2
-10
-20
-16
-17
-10
-1
5
4
-6
-7
-3
-11
4
27
13
-1
-8
-11
-7
4
5
-6
7
5
4
13
7
4
-2
1
14
23
19
14
6
2
10
17
11
7
16
-2
-6
2
-5
-2
-7
-6
-2
0
6
16
18
8
19
19
3
4
-4
-6
-10
-12
-2
-3
-4
-12
-8
4
3
-2
-13
-14
-11
-14
-18
-17
-7
-10
-15
-14
-17
-15
-10
4
17
9
0
-8
-16
5
6
1
3
-20
-24
-11
-1
-8
-14
1
2
-2
-3
-9
-9
-2
4
8
16
6
-4
0
-5
-1
21
26
34
31
14
10
7
22
29
16
2
-14
-13
-9
-10
-13
-27
-33
-28
-18
-14
-10
-10
-9
13
5
-3
5
2
8
10
21
16
0
-3
-21
-41
-33
-12
-8
-6
4
3
-23
-37
-25
-20
-8
4
3
0
-9
-14
-17
-24
-18
-10
-10
2
0
-14
-10
-17
-17
-1
4
3
9
2
-5
-4
-5
-6
-6
5
-2
-13
-5
0
-2
-5
-2
-7
-7
-2
-13
-15
-20
-19
-11
-10
-8
-9
3
2
1
3
-3
1
-10
-5
-1
-5
2
-3
-3
-10
-15
-21
-26
-14
-12
-8
2
-7
-14
-7
-5
-4
-9
-7
-10
-5
6
0
-14
-24
-15
-1
10
9
1
-10
-10
-3
-4
2
-11
-11
2
-8
-5
-6
-6
-3
-3
-2
-10
-16
-18
-16
-8
3
3
-1
-5
-17
-16
-13
-3
2
8
7
-18
-17
-3
6
16
11
10
4
-11
-16
-5
-3
7
17
2
-4
-29
-39
-23
-24
-19
-20
-18
-13
-13
-11
-23
-34
-20
0
4
3
-10
-22
-30
-19
-4
-6
-14
-21
-18
-25
-18
-11
-14
-13
-17
-18
-19
-26
-34
-39
-28
-18
-26
-25
-21
-21
-6
6
-3
-10
-23
-26
-11
-13
-17
-17
-12
-4
-3
2
-2
-16
-13
-9
-14
-20
-21
-13
-22
-40
-25
-10
-17
-15
-21
-27
-27
-24
-15
-14
-13
-17
-10
-8
-8
-3
-14
-13
-13
-13
-14
-12
-1
-7
-4
1
0
-12
-16
-7
-6
-5
-18
-14
-18
-23
-16
-26
-31
-30
-14
-7
0
5
-10
-10
2
10
19
12
2
0
-4
0
-6
-15
-10
-15
-14
-3
-3
-9
-12
-3
2
-3
-2
4
4
-2
-10
-13
-10
-10
-9
6
8
-1
-2
-15
-13
9
12
14
17
14
13
13
11
6
-2
-7
-7
-10
-15
-12
-9
-3
-10
-15
-17
-23
-23
-16
-20
-19
-8
-8
-14
-26
-15
-9
-2
4
-3
3
-8
-12
-1
-2
-6
2
3
3
-6
-21
-28
-28
-8
-5
4
14
-4
-12
-16
-11
4
9
10
7
10
7
-9
-4
4
10
13
10
3
0
-4
4
19
21
32
24
13
11
11
16
10
13
13
3
-2
1
9
20
22
10
7
9
8
9
7
2
8
12
11
-3
-4
5
-2
16
17
10
17
11
13
24
28
27
27
24
24
23
17
17
16
10
10
16
20
6
4
14
21
28
19
12
8
5
15
18
33
37
28
29
16
23
26
31
43
36
43
51
41
32
33
26
27
38
39
35
28
22
23
23
16
21
29
27
29
30
32
30
30
20
13
21
18
17
18
15
24
27
22
23
34
34
25
25
27
27
21
25
18
17
24
14
18
10
-6
-8
0
13
17
31
30
12
14
17
16
13
22
25
23
34
32
24
12
16
18
20
29
33
24
21
27
19
15
14
16
14
21
31
21
7
3
13
10
13
20
4
7
12
8
13
13
6
6
10
6
12
17
18
18
10
16
17
15
21
14
9
18
18
10
13
21
13
18
15
13
16
8
10
3
3
9
8
17
16
1
4
7
0
6
16
18
17
11
9
-3
-8
-2
-3
12
12
6
2
5
13
9
13
9
7
11
5
2
1
2
-1
-9
-3
-2
-1
13
7
-4
9
14
5
-1
5
3
0
14
15
6
-4
-1
-1
-2
4
-2
0
1
5
8
2
11
11
3
5
7
1
-3
7
11
17
15
11
16
18
21
12
13
13
7
6
11
16
16
18
16
13
17
10
5
13
9
11
18
11
19
17
13
13
-6
-3
13
4
7
10
4
14
15
17
18
0
4
17
23
19
8
6
10
20
25
15
12
20
20
11
14
18
14
24
24
17
7
6
7
0
0
7
5
-1
6
8
13
15
5
3
7
9
21
22
16
15
10
10
11
16
16
23
20
23
21
9
11
-4
0
11
-1
9
12
9
0
-6
-3
-12
3
-3
-16
-7
-2
-6
3
11
5
12
2
0
0
-5
0
2
0
-11
-1
2
6
19
10
10
13
1
4
12
11
13
1
-11
-9
-9
-16
-11
-13
-16
-7
-16
-16
-14
-6
1
10
19
0
-1
4
-2
-16
-26
-24
-22
-5
5
-1
1
0
-11
-20
-14
-7
-14
-22
-8
2
-2
-3
-5
-5
3
9
-8
-1
10
0
12
8
3
0
-5
-1
-5
-17
-10
2
-3
0
-13
-28
-18
-3
-2
-13
-1
-5
-20
-17
-18
-13
-10
-10
-16
-19
-12
-18
-25
-22
-6
-3
-10
-4
-7
-2
0
-3
0
-4
4
6
0
0
6
2
5
8
1
4
-1
-1
-3
10
1
-16
8
-3
-3
3
20
20
22
5
-59
35
24
-23
48
-10
-54
-22
-12
-10
2
-30
-34
-8
-1
8
-2
-24
-35
-23
-10
7
20
13
-13
-23
-18
-8
4
-7
-17
-25
-11
-4
-7
-14
-23
-9
-5
-11
-5
-4
-5
-5
3
13
17
2
-33
-23
-52
-21
25
14
75
51
-25
-61
-50
-27
-26
-6
-6
-18
-19
-31
-30
-22
-29
-31
-4
3
-9
-9
-34
10
36
-15
5
22
-16
-58
-51
-37
-57
-36
7
29
1
-47
-53
-47
-47
-11
27
36
23
-9
-28
-21
-13
-8
27
41
8
-34
-56
-41
-9
23
24
0
-16
-35
-29
-1
0
0
1
-9
-24
-27
-14
-5
15
20
16
-3
-27
-15
-3
8
5
-11
-16
-20
-17
-3
7
2
4
6
-8
-20
-30
-17
-1
-1
-18
-40
-43
-33
-22
-8
-12
-16
-3
-7
-17
-20
-20
-14
0
8
5
-10
-24
-5
17
15
-4
-3
1
-11
-16
-11
-4
10
10
-10
-23
-20
-13
-6
0
-3
-18
-16
-9
-7
10
-10
-10
8
20
64
78
55
31
38
57
72
87
91
84
64
60
64
55
47
42
22
9
11
15
18
12
-7
-36
-35
-23
-33
-35
-33
-35
-48
-62
-51
-49
-54
-51
-50
-40
-38
-30
-17
-31
-60
-41
-36
-29
30
46
-35
-117
-77
2
-17
-51
-116
-157
117
303
78
-213
-139
103
222
319
181
-100
-128
112
316
367
202
-95
-97
209
300
165
114
6
-75
66
213
86
-73
-35
-2
47
86
-8
-107
-51
11
10
17
-20
-86
-33
85
53
-32
-20
42
43
58
82
43
24
29
60
43
2
0
5
27
3
-39
-55
-45
-1
-40
-72
-94
-100
-47
-75
-101
-141
-128
-102
-166
-187
65
230
-30
-305
-170
144
215
229
111
-106
-123
175
409
328
96
-134
-21
314
386
166
52
0
-38
158
330
138
-131
-63
66
96
65
-26
-82
-36
-22
-86
-36
9
-63
-87
-40
-79
-115
-8
60
-29
-117
-81
6
57
45
-33
-103
-89
8
81
57
-50
-143
-83
51
48
-49
-128
-117
-68
-19
0
-116
-174
-141
-66
-75
-135
-233
-130
184
110
-228
-317
51
228
174
80
-139
-194
84
417
302
16
-206
-79
318
453
160
-121
-60
29
217
317
97
-236
-156
163
202
84
-112
-202
-104
106
89
-90
-134
-100
-32
36
-17
-152
-112
21
14
-103
-98
-43
-36
9
-19
-101
-91
3
36
-27
-100
-107
-32
51
10
-106
-138
-56
17
23
-26
-72
-124
-145
-55
17
-19
-186
-245
-210
105
315
-25
-404
-261
228
291
193
-53
-294
-122
339
461
84
-155
-183
139
471
361
-83
-187
59
191
318
206
-114
-244
99
289
116
-35
-138
-92
30
106
-12
-93
-74
-37
4
29
-22
-102
-33
-22
-62
-44
12
-33
-100
-74
-34
-4
-24
-37
-74
-74
-45
6
-6
-89
-93
-49
-25
-29
-54
-80
-79
-56
-35
-74
-58
-44
-91
-107
-100
-119
68
205
-77
-309
-89
267
198
26
-90
-128
65
317
263
-53
-127
8
270
358
115
-165
-61
207
201
132
11
-113
-77
173
194
-38
-109
-34
63
73
38
-77
-85
-24
-2
5
-14
-69
-100
-21
-6
-25
-48
-43
-57
-64
-13
-4
-53
-98
-56
-16
-10
-35
-54
-72
-61
12
0
-90
-112
-63
24
2
-104
-145
-82
37
-38
-129
-171
-98
-52
-84
104
51
-194
-218
126
230
-4
-72
-68
14
150
258
42
-85
-7
137
284
188
-36
-95
175
182
97
100
4
-59
60
232
58
-74
-24
26
67
69
-3
-74
-27
11
9
-11
-36
-94
-57
-5
-24
-27
-47
-51
-65
-28
2
-23
-85
-95
-20
5
-14
-61
-84
-64
4
21
-33
-96
-71
-8
3
-1
-89
-124
-79
33
10
-81
-141
-126
-4
27
128
-24
-221
-151
161
243
-39
-124
-58
91
189
192
-34
-87
65
198
262
94
-68
-43
199
178
84
63
-14
-9
103
200
23
-61
-24
23
33
57
43
-96
-88
18
101
35
-74
-126
-27
99
37
-98
-140
-20
47
41
-51
-125
-61
74
77
-70
-87
-28
11
16
21
-47
-85
-9
20
-19
-63
-31
-29
14
-4
-62
-41
24
-8
-104
-52
-27
-3
-87
57
129
-86
-151
57
242
30
-47
-14
71
139
183
82
-51
76
172
230
131
6
5
194
195
31
79
64
27
80
175
27
-69
23
37
8
25
43
-100
-97
17
57
-13
-97
-105
-53
26
21
-54
-131
-82
-14
37
5
-101
-108
3
62
-26
-63
-74
-72
-16
29
-29
-119
-67
2
-13
-50
-44
-27
-59
-57
-17
6
-7
-75
-86
-64
23
-51
10
159
-96
-210
58
336
30
-129
6
54
132
206
83
-130
64
197
228
116
-36
-20
179
233
15
55
58
5
68
178
55
-99
21
77
32
10
47
-54
-85
4
72
12
-108
-82
-18
34
8
-42
-97
-58
5
30
3
-90
-94
-7
58
-21
-61
-36
-31
-17
30
9
-112
-83
33
16
-58
-71
-63
-47
17
7
-68
-69
-6
-35
-78
-62
-40
-110
-54
180
-5
-188
-68
184
130
-41
-14
-22
88
168
118
-39
23
102
160
165
2
-32
109
194
39
60
83
-13
21
132
81
-65
12
35
7
15
43
-35
-108
-17
33
20
-53
-75
-47
-3
18
-8
-81
-77
-27
0
12
-68
-85
-12
68
4
-57
-21
-13
-13
41
34
-67
-40
38
33
-16
-16
-35
-43
26
44
-22
-78
-15
-5
11
-52
-78
-51
-44
160
44
-159
-134
128
202
-14
-53
-48
69
174
151
-34
-34
78
161
207
64
-20
35
183
95
47
90
7
5
107
118
-17
-1
24
13
30
41
8
-61
-44
13
34
-17
-80
-88
-24
15
-4
-39
-71
-47
-9
22
2
-63
-49
41
57
-13
-35
-29
-12
30
51
-6
-70
-22
19
11
-8
-54
-58
-17
40
7
-75
-42
-15
-1
-27
-38
-56
-90
-23
-51
70
86
-132
-181
61
233
13
-85
-59
16
148
176
-10
-105
48
170
181
47
-27
12
168
156
47
38
6
22
71
107
-10
-46
-5
8
21
-8
-21
-86
-87
7
34
-57
-118
-83
-5
12
-24
-77
-107
-37
6
-4
-53
-97
-58
40
38
-48
-63
-38
-13
17
22
-28
-73
-10
50
8
-38
-43
-11
3
11
-11
-44
-45
-15
-3
-30
-33
-84
-47
7
-23
-88
-72
104
-16
-145
-73
88
101
-43
-45
-23
93
120
58
-44
-2
107
139
91
-22
2
93
137
36
20
33
18
51
67
33
-45
0
20
-1
-15
0
-47
-85
-3
21
-20
-78
-69
-37
1
-15
-63
-104
-46
3
-18
-22
-77
-40
11
34
-11
-42
-13
-16
10
25
-13
-71
-41
10
-5
-17
-24
-51
-37
-13
-6
-48
-57
-41
-19
3
-33
-44
-54
-28
-38
-8
-21
-108
-17
77
-41
-142
-17
134
51
-62
-24
27
93
109
30
-14
39
117
135
57
-21
26
126
92
10
34
43
33
54
61
19
-21
20
28
-5
-14
-18
-13
2
2
7
5
-28
-38
-9
22
-7
-49
-27
22
25
2
-29
-36
2
29
16
-25
-25
13
27
20
6
-7
-6
13
17
8
7
-8
-2
-3
-7
-5
-13
-30
4
5
-8
13
-3
31
1
-11
5
22
30
-16
-28
78
91
-42
-39
36
115
41
-23
-7
40
117
84
0
-11
74
101
82
5
-21
78
123
65
19
41
41
67
80
43
-2
6
53
53
15
-1
14
-10
0
12
17
-13
-57
-22
11
4
-14
-41
-44
4
12
-16
-49
-54
-3
31
-20
-67
-41
-10
3
-9
-27
-45
-31
13
-6
-59
-48
-28
-10
9
-6
6
-27
-13
25
-1
5
-33
-6
8
17
-7
-38
-4
60
5
-71
3
71
78
-21
-21
18
90
98
34
1
27
103
123
78
-1
32
108
115
46
17
47
43
57
49
5
-17
34
47
-10
-7
6
-3
-7
7
-6
-26
-19
-6
-3
-5
-23
-30
-3
-7
-23
-27
-31
-25
-20
-15
-38
-55
-10
-3
-24
-16
-26
-44
-30
1
-5
-46
-40
-20
-20
-20
-11
-22
-16
16
-1
-6
0
6
-3
14
18
12
31
-2
-8
38
57
-18
-25
-6
12
11
-11
54
-3
-30
-21
42
72
-19
-33
19
57
54
38
-23
15
54
98
70
-3
20
57
85
34
11
13
24
45
58
35
10
8
16
41
46
11
-34
-1
23
18
-16
-64
-51
-5
23
-12
-53
-56
-13
16
-11
-50
-48
-15
17
3
-30
-30
-18
24
24
-16
-24
-12
14
26
9
-3
15
15
7
18
23
24
22
28
29
29
20
21
23
-4
14
37
34
-8
-40
3
37
-6
-1
-6
-33
-4
25
29
-17
-4
23
50
63
28
12
33
64
69
62
47
42
61
87
53
46
68
55
72
70
38
17
21
44
74
36
-15
4
49
68
1
-47
-17
32
41
1
-70
-43
29
29
-9
-69
-57
6
28
-20
-64
-53
0
18
-10
-34
-41
-20
17
11
-31
-38
-12
21
32
7
2
12
14
20
20
43
10
-17
-2
9
54
21
-36
-9
18
49
7
-34
-23
-26
26
-19
-47
-15
-24
-30
-29
-10
-3
-20
-18
15
27
25
1
19
44
63
81
65
50
56
114
107
61
51
66
79
82
58
22
33
47
47
16
-4
-1
10
17
-1
-30
-22
-8
-17
-18
-46
-61
-28
-5
-27
-50
-29
-15
-21
-15
-29
-40
-27
-16
-9
-26
-34
-18
-13
-11
6
10
-11
-6
11
9
5
10
7
6
21
13
22
17
6
10
18
25
13
-10
-24
-22
-3
-1
-26
-28
-35
-34
-22
-42
-87
-75
-46
-38
-57
-54
-17
-15
-5
-7
-16
6
51
55
24
23
74
100
97
72
55
83
98
78
47
59
49
57
54
17
11
28
20
-14
-20
-24
-23
-25
-27
-39
-47
-17
-12
-24
-32
-42
-14
-20
-33
-29
-30
-18
-21
-10
-27
-33
-13
-9
-21
-30
-18
-9
-15
-23
-7
13
16
0
-4
2
23
28
5
-6
1
33
42
4
-24
-17
35
43
-24
-28
-24
18
46
-5
-46
-74
-21
20
-28
-71
-64
-3
11
-42
-52
-10
33
32
17
3
35
77
63
34
20
63
105
80
37
40
80
87
40
14
3
31
61
25
-12
-26
0
23
-3
-37
-22
4
2
-13
-22
-27
-14
-4
-13
-21
-18
-5
-34
-37
-18
-18
-24
-35
-17
-11
-22
-21
-25
-17
-18
-20
-7
-32
-23
9
7
-17
-25
15
15
0
3
-6
-13
-10
30
13
-24
-10
-3
16
-2
-34
-49
-13
47
-6
-41
-17
16
37
-26
-43
-32
-17
-4
-21
-17
-37
-34
24
20
-22
-12
20
22
12
34
2
-8
28
33
20
1
2
1
42
46
4
4
8
5
25
21
-19
-23
3
10
1
-4
-26
-5
29
21
-6
-9
17
21
27
16
-7
10
19
7
2
-8
-13
-11
1
-7
-33
-4
12
-22
-22
-8
2
12
0
-9
5
13
5
6
14
17
0
-1
8
4
5
9
11
1
0
10
10
-6
-18
-4
0
-6
-20
-9
5
-15
0
6
-10
-26
-27
8
39
2
-34
-20
20
46
11
4
-10
-4
54
48
11
-16
-23
23
43
14
3
12
40
37
27
27
3
26
53
36
8
4
21
33
39
21
6
24
48
40
20
11
14
35
30
9
3
5
9
16
11
3
-1
13
24
7
7
17
32
37
10
6
23
43
42
-17
-43
-2
36
11
-36
-29
0
22
23
6
-21
-11
39
41
-6
-44
13
77
30
-25
-9
38
49
14
-19
-28
-8
34
11
-24
-29
-12
54
34
-18
-23
8
41
7
-5
-14
10
56
20
-13
-8
8
16
-5
-14
-4
13
24
-17
-30
0
18
27
2
-24
15
49
17
-9
-7
10
22
9
-19
-12
19
21
-10
-18
2
10
11
-1
-17
2
23
11
-14
-9
21
18
-7
-27
-23
8
19
-7
-21
-2
16
17
3
-6
3
10
0
-13
-2
17
-5
-28
-20
-3
24
-4
-31
-14
17
43
17
-13
-25
-8
18
7
-16
-25
-16
3
16
5
-6
-19
-17
10
2
-4
-9
-20
-15
-6
1
1
-13
-14
-5
6
-1
-29
-8
11
4
-1
-8
-7
4
18
11
-16
-15
7
34
22
-13
17
26
6
11
-12
-10
-7
-4
-11
-40
-15
10
10
-23
-37
8
37
6
-39
-11
36
27
-6
-11
3
23
16
-10
-8
0
26
23
-14
-27
-11
37
22
-31
-23
10
38
19
-9
-10
8
37
16
-9
0
19
31
10
-8
-2
24
43
8
-26
-13
16
20
-18
-30
-13
3
6
-5
-21
-3
17
19
8
-18
-7
16
30
8
-17
2
11
18
25
7
0
7
25
17
-7
7
18
21
10
16
30
12
9
15
23
24
13
20
22
10
6
11
3
-8
5
-5
-12
-21
-19
0
-12
-18
-20
-17
-5
9
0
-21
-14
1
0
-11
-8
2
-10
-14
-12
-25
-31
-20
0
-6
-30
-27
2
15
8
-20
-28
2
23
13
-13
-26
1
35
21
-26
-36
6
13
-10
-18
-13
2
-1
-10
-20
-28
-13
8
6
-18
-18
10
22
10
1
14
29
28
17
3
6
8
6
-10
-37
-24
11
21
-19
-33
0
9
9
-13
-20
3
-5
-1
-2
-11
9
17
-4
-10
-3
-3
-9
-24
-23
-13
-1
12
-4
-6
11
33
40
20
3
18
33
6
4
10
7
21
29
20
16
31
14
-18
-17
-10
-7
3
-6
-21
3
14
-16
-10
-5
-24
-13
-13
-17
-2
4
-10
-22
-11
13
9
-19
-39
-13
17
-5
-14
3
-2
-9
1
9
-5
-14
0
-2
-10
-1
8
7
2
-3
10
40
17
-24
-11
12
9
1
-6
-16
-13
13
-3
-23
-4
3
-3
-14
7
5
-7
-1
0
11
5
1
9
13
-7
-12
7
9
-6
8
2
-11
11
3
-4
7
8
-7
7
13
-16
-2
7
-13
-13
5
-5
-13
21
-6
-36
5
10
0
4
-17
-18
11
20
1
2
-1
-23
2
21
-21
-31
-6
0
9
5
-21
-16
3
-26
-44
-3
13
-23
-41
-34
-31
-21
-17
-50
-48
-14
-3
4
-11
-37
-8
25
6
-14
-5
-3
-10
-7
-17
-25
0
0
0
0
0
0
0
0
0
0
0
0
0
0
0
0
0
0
0
0
0
0
0
0
0
0
0
0
0
0
0
0
0
0
0
0
0
0
0
0
0
0
0
0
0
0
0
0
0
0
0
0
0
0
0
0
0
0
0
0
0
0
0
0
0
0
0
0
0
0
0
0
0
0
0
0
0
0
0
0
0
0
0
0
0
0
0
0
0
0
0
0
0
0
0
0
0
0
0
0
0
0
0
0
0
0
0
0
0
0
0
0
0
0
0
0
0
0
0
0
0
0
0
0
0
0
0
0
0
0
0
0
0
0
0
0
0
0
0
0
0
0
0
0
0
0
0
0
0
0
0
0
0
0
0
0
0
0
0
0
0
0
0
0
0
0
0
0
0
0
0
0
0
0
0
0
0
0
0
0
0
0
0
0
0
0
0
0
0
0
0
0
0
0
0
0
0
0
0
0
0
0
0
0
0
0
0
0
0
0
0
0
0
0
0
0
0
0
0
0
0
0
0
0
0
0
0
0
0
0
0
0
0
0
0
0
0
0
0
0
0
0
0
0
0
0
0
0
0
0
0
0
0
0
0
0
0
0
0
0
0
0
0
0
0
0
0
0
0
0
0
0
0
0
0
0
0
0
0
0
0
0
0
0
0
0
0
0
0
0
0
0
0
0
0
0
0
0
0
0
0
0
0
0
0
0
0
0
0
0
0
0
0
0
0
0
0
0
0
0
0
0
0
0
0
0
0
0
0
0
0
0
0
0
0
0
0
0
0
0
0
0
0
0
0
0
0
0
0
0
0
0
0
0
0
0
0
0
0
0
0
0
0
0
0
0
0
0
0
0
0
0
0
0
0
0
0
0
0
0
0
0
0
0
0
0
0
0
0
0
0
0
0
0
0
0
0
0
0
0
0
0
0
0
0
0
0
0
0
0
0
0
0
0
0
0
0
0
0
0
0
0
0
0
0
0
0
0
0
0
0
0
0
0
0
0
0
0
0
0
0
0
0
0
0
0
0
0
0
0
0
0
0
0
0
0
0
0
0
0
0
0
0
0
0
0
0
0
0
0
0
0
0
0
0
0
0
0
0
0
0
0
0
0
0
0
0
0
0
0
0
0
0
0
0
0
0
0
0
0
0
0
0
0
0
0
0
0
0
0
0
0
0
0
0
0
0
0
0
0
0
0
0
0
0
0
0
0
0
0
0
0
0
0
0
0
0
0
0
0
0
0
0
0
0
0
0
0
0
0
0
0
0
0
0
0
0
0
0
0
0
0
0
0
0
0
0
0
0
0
0
0
0
0
0
0
0
0
0
0
0
0
0
0
0
0
0
0
0
0
0
0
0
0
0
0
0
0
0
0
0
0
0
0
0
0
0
0
0
0
0
0
0
0
0
0
0
0
0
0
0
0
0
0
0
0
0
0
0
0
0
0
0
0
0
0
0
0
0
0
0
0
0
0
0
0
0
0
0
0
0
0
0
0
0
0
0
0
0
0
0
0
0
0
0
0
0
0
0
0
0
0
0
0
0
0
0
0
0
0
0
0
0
0
0
0
0
0
0
0
0
0
0
0
0
0
0
0
0
0
0
0
0
0
0
0
0
0
0
0
0
0
0
0
0
0
0
0
0
0
0
0
0
0
0
0
0
0
0
0
0
0
0
0
0
0
0
0
0
0
0
0
0
0
0
0
0
0
0
0
0
0
0
0
0
0
0
0
0
0
0
0
0
0
0
0
0
0
0
0
0
0
0
0
0
0
0
0
0
0
0
0
0
0
0
0
0
0
0
0
0
0
0
0
0
0
0
0
0
0
0
0
0
0
0
0
0
0
0
0
0
0
0
0
0
0
0
0
0
0
0
0
0
0
0
0
0
0
0
0
0
0
0
0
0
0
0
0
0
0
0
0
0
0
0
0
0
0
0
0
0
0
0
0
0
0
0
0
0
0
0
0
0
0
0
0
0
0
0
0
0
0
0
0
0
0
0
0
0
0
0
0
0
0
0
0
0
0
0
0
0
0
0
0
0
0
0
0
0
0
0
0
0
0
0
0
0
0
0
0
0
0
0
0
0
0
0
0
0
0
0
0
0
0
0
0
0
0
0
0
0
0
0
0
0
0
0
0
0
0
0
0
0
0
0
0
0
0
0
0
0
0
0
0
0
0
0
0
0
0
0
0
0
0
0
0
0
0
0
0
0
0
0
0
0
0
0
0
0
0
0
0
0
0
0
0
0
0
0
0
0
0
0
0
0
0
0
0
0
0
0
0
0
0
0
0
0
0
0
0
0
0
0
0
0
0
0
0
0
0
0
0
0
0
0
0
0
0
0
0
0
0
0
0
0
0
0
0
0
0
0
0
0
0
0
0
0
0
0
0
0
0
0
0
0
0
0
0
0
0
0
0
0
0
0
0
0
0
0
0
0
0
0
0
0
0
0
0
0
0
0
0
0
0
0
0
0
0
0
0
0
0
0
0
0
0
0
0
0
0
0
0
0
0
0
0
0
0
0
0
0
0
0
0
0
0
0
0
0
0
0
0
0
0
0
0
0
0
0
0
0
0
0
0
0
0
0
0
0
0
0
0
0
0
0
0
0
0
0
0
0
0
0
