-8
-7
-6
-5
-3
-4
-4
-3
-6
-6
-6
-7
-5
-6
-6
-6
-9
-4
-5
-5
1
-2
2
6
3
6
7
10
12
9
13
13
11
13
8
6
3
0
-2
-6
-9
-7
-10
-13
-11
-13
-12
-6
-5
-4
-3
-2
1
-1
2
7
3
0
-1
-3
-5
-7
-8
-7
-5
-8
-8
-8
-8
-8
-5
-3
-2
0
3
3
6
6
6
8
7
6
10
10
6
5
4
3
4
3
3
3
3
2
1
3
-2
-3
2
1
-1
0
-2
-4
-5
-7
-6
-3
-5
-6
-6
-7
-7
-9
-9
-13
-12
-14
-14
-11
-11
-13
-11
-3
0
2
9
14
18
18
19
20
19
20
18
18
18
15
14
12
11
11
11
15
16
17
20
21
26
25
25
31
28
27
32
31
30
29
28
26
22
20
17
16
13
7
4
4
3
-4
-10
-11
-14
-17
-26
-33
-35
-43
-47
-54
-59
-64
-66
-67
-68
-64
-64
-61
-54
-48
-41
-34
-26
-21
-18
-17
-19
-20
-27
-34
-34
-44
-55
-64
-71
-71
-74
-74
-67
-61
-52
-37
-24
-7
12
26
42
57
71
84
88
98
107
104
105
102
96
94
90
86
81
77
75
73
72
71
71
74
76
78
78
77
76
72
67
61
54
42
33
25
13
0
-14
-23
-29
-33
-31
-34
-35
-33
-32
-28
-23
-21
-21
-19
-29
-40
-47
-63
-83
-104
-122
-144
-167
-188
-206
-217
-226
-231
-231
-221
-207
-192
-167
-139
-103
-67
-33
3
34
58
76
96
106
103
98
84
65
46
24
5
-10
-23
-34
-34
-26
-14
5
36
71
102
139
170
195
225
247
257
260
256
246
230
211
181
150
125
100
75
54
36
24
20
18
26
40
55
70
87
105
119
129
139
143
139
132
119
101
80
53
23
-6
-35
-60
-82
-111
-130
-144
-159
-164
-168
-170
-169
-169
-169
-163
-156
-147
-142
-137
-133
-133
-130
-131
-131
-127
-126
-122
-117
-116
-118
-116
-112
-104
-93
-89
-89
-85
-90
-99
-103
-114
-123
-128
-136
-146
-160
-169
-170
-163
-154
-142
-119
-91
-60
-28
9
48
88
126
160
193
216
232
240
246
247
239
227
217
203
187
165
145
133
119
109
108
104
99
97
97
95
100
103
102
105
104
102
92
81
71
62
61
54
42
26
1
-24
-48
-74
-94
-116
-139
-161
-182
-195
-210
-220
-215
-202
-175
-140
-101
-60
-25
8
33
53
65
64
52
21
-34
-115
-210
-308
-408
-493
-568
-629
-665
-683
-673
-639
-577
-481
-355
-199
-33
135
295
433
545
632
695
728
730
697
626
527
408
267
123
-11
-128
-218
-280
-310
-315
-297
-260
-198
-113
-16
93
205
300
374
419
431
418
378
319
243
158
73
-17
-110
-205
-294
-367
-411
-416
-398
-356
-301
-241
-175
-118
-58
3
59
120
176
219
242
247
237
216
196
176
160
153
142
119
86
44
-2
-47
-85
-116
-140
-154
-165
-180
-188
-186
-171
-133
-77
1
92
180
255
313
350
369
373
355
314
247
143
7
-160
-339
-521
-701
-847
-953
-1025
-1054
-1052
-1010
-918
-786
-606
-384
-136
120
361
576
754
885
969
1011
1009
963
874
748
589
395
192
-2
-175
-313
-403
-448
-455
-435
-394
-320
-223
-111
21
154
282
387
451
477
466
425
360
287
217
141
57
-31
-118
-199
-262
-293
-294
-268
-223
-176
-134
-104
-83
-71
-57
-37
-15
-1
-4
-13
-29
-49
-55
-46
-21
22
74
120
153
175
184
189
194
196
190
172
141
96
48
0
-35
-45
-30
7
54
100
139
172
205
230
256
270
257
210
115
-31
-209
-396
-574
-727
-854
-962
-1046
-1110
-1139
-1122
-1048
-907
-702
-443
-159
120
372
580
747
879
981
1050
1077
1048
944
772
548
284
11
-233
-422
-555
-639
-688
-721
-727
-705
-639
-511
-328
-104
131
346
507
601
632
611
581
555
521
481
407
287
137
-36
-202
-330
-396
-395
-348
-277
-210
-159
-126
-97
-53
16
113
223
326
402
436
418
358
284
225
200
199
211
225
208
156
80
4
-35
-34
9
94
191
274
323
333
330
331
336
361
398
410
370
261
84
-150
-427
-701
-928
-1094
-1214
-1321
-1422
-1521
-1609
-1643
-1592
-1424
-1136
-776
-383
-10
301
541
727
903
1080
1246
1376
1429
1378
1209
927
575
219
-102
-355
-527
-650
-749
-845
-937
-991
-986
-883
-660
-338
33
379
654
831
907
918
910
911
920
908
844
700
467
172
-138
-391
-545
-599
-564
-478
-370
-277
-213
-162
-100
-3
133
306
486
628
709
706
629
506
369
255
187
165
162
148
97
-5
-139
-277
-384
-436
-424
-358
-269
-176
-101
-56
-30
-11
31
123
246
384
520
600
594
483
269
-3
-304
-593
-829
-1010
-1169
-1353
-1580
-1820
-2018
-2123
-2092
-1891
-1536
-1093
-633
-208
151
432
677
937
1232
1522
1748
1858
1831
1646
1308
890
465
88
-201
-410
-554
-685
-854
-1035
-1165
-1196
-1102
-862
-473
-8
424
755
980
1087
1087
1043
1039
1107
1149
1082
917
650
286
-138
-517
-740
-814
-787
-681
-522
-374
-317
-328
-311
-218
-66
129
389
656
821
822
686
497
306
160
136
238
366
410
338
201
24
-186
-351
-393
-331
-229
-123
0
95
78
-9
-40
37
177
338
541
780
916
834
576
231
-169
-592
-910
-1026
-1051
-1183
-1464
-1771
-2012
-2202
-2287
-2119
-1680
-1140
-650
-228
136
380
515
687
996
1354
1597
1707
1741
1652
1368
939
513
175
-104
-305
-398
-467
-629
-889
-1102
-1171
-1141
-996
-658
-158
333
681
907
1046
1072
1034
1064
1200
1303
1226
1021
794
503
90
-338
-616
-736
-776
-719
-520
-262
-120
-114
-104
-39
17
60
214
497
727
742
573
330
26
-287
-450
-390
-207
-64
1
53
33
-138
-388
-537
-492
-323
-74
246
504
546
383
181
72
41
114
385
790
1084
1061
733
206
-453
-1089
-1465
-1485
-1358
-1357
-1502
-1694
-1936
-2246
-2440
-2251
-1682
-971
-288
323
782
962
937
970
1180
1406
1535
1653
1796
1798
1489
979
487
76
-256
-428
-403
-347
-461
-707
-908
-1033
-1131
-1098
-801
-311
150
465
692
824
817
785
904
1133
1235
1145
1040
967
759
356
-38
-254
-379
-477
-428
-184
21
-25
-165
-174
-102
-110
-116
87
415
575
493
336
170
-81
-330
-343
-104
122
193
224
265
170
-116
-383
-445
-369
-249
-37
243
364
198
-54
-171
-200
-241
-148
244
729
952
853
574
120
-556
-1187
-1402
-1247
-1144
-1285
-1477
-1643
-1965
-2424
-2612
-2260
-1622
-1010
-426
190
648
766
777
1006
1360
1542
1578
1728
1958
1931
1554
1083
684
277
-133
-336
-299
-314
-555
-852
-1013
-1115
-1238
-1201
-857
-396
-77
105
311
506
588
683
933
1201
1247
1123
1086
1126
977
610
287
103
-95
-333
-368
-141
8
-125
-318
-346
-335
-442
-452
-124
333
507
373
248
215
92
-100
-71
223
464
449
360
385
337
26
-323
-359
-88
181
346
529
690
593
197
-163
-198
-1
241
498
757
774
279
-563
-1285
-1660
-1821
-1909
-1861
-1675
-1595
-1763
-1983
-2010
-1841
-1596
-1215
-582
161
751
1154
1524
1849
1929
1751
1568
1530
1513
1390
1237
1088
801
334
-111
-347
-495
-755
-1068
-1246
-1290
-1317
-1266
-970
-516
-221
-204
-270
-256
-178
-31
321
891
1379
1517
1398
1269
1168
971
722
599
597
537
397
337
389
356
98
-226
-415
-504
-561
-484
-169
208
334
202
40
-60
-187
-336
-308
-76
99
84
71
183
207
-44
-356
-396
-216
-85
40
370
741
739
343
8
-27
-26
-124
-38
302
404
-100
-830
-1230
-1399
-1751
-2138
-2117
-1833
-1797
-2008
-1931
-1460
-1117
-1101
-958
-408
161
427
744
1431
2090
2191
1927
1809
1798
1545
1149
1042
1167
1053
653
391
370
193
-286
-715
-891
-1035
-1238
-1186
-746
-326
-267
-374
-394
-473
-721
-786
-349
304
691
849
1083
1275
1093
706
589
743
741
532
560
927
1125
874
528
397
226
-230
-609
-480
-97
3
-148
-131
21
-121
-562
-798
-642
-485
-577
-600
-287
80
125
-50
-139
-170
-325
-450
-215
311
715
798
734
663
485
191
2
55
199
206
48
-177
-469
-840
-1182
-1415
-1576
-1730
-1839
-1825
-1724
-1593
-1416
-1180
-937
-748
-548
-240
132
466
738
1015
1280
1422
1442
1443
1474
1453
1303
1095
921
801
707
660
692
725
622
336
-25
-316
-494
-596
-651
-643
-581
-551
-641
-801
-892
-882
-878
-900
-831
-589
-273
-20
199
450
634
618
497
532
783
1015
1090
1106
1128
1038
793
594
596
646
523
293
153
75
-93
-301
-370
-337
-416
-631
-776
-782
-804
-897
-905
-781
-702
-731
-670
-403
-115
-1
16
74
110
20
-81
-20
119
148
103
157
281
273
114
2
-9
-68
-194
-212
-75
34
-2
-32
54
118
47
-23
61
187
170
83
117
226
225
106
11
-37
-155
-321
-368
-284
-248
-329
-363
-236
-65
15
45
97
100
8
-46
66
253
346
337
313
255
99
-78
-133
-79
-37
-24
44
147
175
130
84
21
-129
-293
-284
-79
145
264
305
275
118
-114
-226
-141
3
113
254
445
526
382
138
-55
-240
-471
-608
-486
-206
-2
82
123
70
-187
-518
-626
-423
-117
134
376
587
573
271
-94
-303
-376
-393
-287
-3
280
315
134
-43
-138
-229
-313
-258
-34
181
265
288
332
346
260
152
149
224
252
212
185
186
115
-47
-176
-196
-157
-129
-126
-125
-140
-163
-143
-53
64
120
84
-7
-101
-162
-182
-167
-160
-188
-230
-266
-308
-368
-408
-393
-341
-293
-235
-116
32
110
72
-14
-77
-109
-78
85
375
628
701
632
545
491
418
333
320
389
443
421
383
381
330
132
-157
-370
-448
-457
-424
-295
-92
19
-84
-301
-441
-443
-388
-300
-115
129
262
212
87
16
-24
-123
-199
-112
65
134
58
-4
13
-17
-151
-249
-199
-97
-73
-67
26
121
62
-94
-156
-95
-50
-73
-50
57
100
13
-77
-67
-37
-103
-194
-183
-117
-104
-69
110
337
388
234
67
-21
-109
-208
-190
-36
58
-23
-125
-93
-37
-121
-251
-251
-155
-127
-128
29
307
433
315
168
152
158
84
72
244
413
356
199
191
293
271
116
36
64
25
-92
-58
179
347
273
119
67
12
-156
-268
-132
113
187
109
94
140
40
-203
-327
-256
-197
-237
-216
-54
36
-112
-316
-352
-286
-283
-280
-114
123
196
121
93
140
103
-19
-34
87
152
64
-28
-6
28
-39
-113
-65
18
-23
-128
-118
11
105
105
112
153
114
-25
-127
-93
6
59
61
46
-3
-89
-160
-193
-216
-275
-342
-381
-394
-360
-264
-146
-88
-112
-143
-112
-27
97
265
445
542
513
454
446
461
440
390
367
355
322
298
317
330
239
51
-111
-165
-132
-43
88
199
196
64
-100
-208
-251
-254
-225
-171
-129
-145
-201
-260
-339
-448
-556
-601
-562
-457
-294
-120
-1
40
23
-7
-28
-24
36
142
243
301
327
342
321
240
143
72
11
-67
-118
-93
-23
24
39
54
55
0
-90
-134
-94
-29
25
86
144
161
136
125
150
175
176
162
148
110
58
64
121
130
34
-103
-203
-285
-367
-370
-244
-96
-75
-150
-175
-144
-167
-227
-193
-56
24
9
57
217
336
291
193
198
258
255
237
331
463
426
234
89
78
87
33
18
101
145
35
-126
-159
-119
-162
-255
-252
-160
-129
-200
-238
-190
-180
-264
-319
-231
-102
-68
-78
-27
53
53
-6
-5
59
74
16
-12
47
109
104
78
97
120
85
39
58
115
121
81
67
88
81
29
-10
-8
-14
-61
-101
-87
-68
-102
-158
-163
-104
-38
7
46
70
46
-33
-101
-105
-56
3
38
47
31
-11
-64
-104
-104
-61
-9
24
33
63
98
85
34
-3
9
31
56
113
193
237
187
95
30
0
-10
4
55
100
77
-6
-85
-127
-158
-190
-185
-145
-125
-131
-122
-80
-51
-60
-63
-30
3
1
4
41
77
79
58
51
56
42
13
0
11
22
27
34
71
118
142
147
140
120
83
34
5
11
37
70
82
67
29
-21
-65
-94
-90
-49
6
38
35
18
-1
-33
-91
-132
-108
-58
-20
34
119
176
144
49
-13
-11
-1
4
43
104
86
-44
-182
-242
-266
-310
-325
-247
-136
-95
-101
-75
-25
-37
-96
-83
42
187
267
324
386
377
262
137
131
213
269
272
280
284
198
34
-83
-93
-92
-133
-148
-96
-49
-88
-175
-219
-234
-276
-310
-253
-121
-33
-39
-76
-102
-151
-229
-250
-158
-22
60
85
116
145
121
69
68
127
175
182
197
244
261
205
126
74
34
-26
-74
-61
-14
12
10
4
1
-24
-65
-82
-64
-40
-32
-31
-29
-26
-21
-12
6
19
17
3
-20
-48
-65
-59
-54
-72
-101
-121
-137
-167
-199
-206
-200
-214
-241
-228
-154
-70
-20
16
69
104
95
97
157
239
273
263
266
280
262
215
193
197
164
74
-5
-24
-22
-48
-63
-36
-9
-26
-72
-86
-89
-130
-191
-205
-152
-79
-25
24
64
40
-50
-137
-153
-106
-43
28
109
169
161
102
42
2
-26
-51
-37
34
110
144
133
85
16
-68
-140
-151
-92
-1
68
100
104
77
3
-89
-129
-101
-41
19
87
162
189
138
46
-18
-32
-29
-7
67
173
225
181
98
20
-67
-175
-238
-197
-101
-41
-40
-65
-113
-227
-361
-404
-325
-201
-103
-11
78
119
80
21
22
59
86
113
183
276
316
295
248
193
109
7
-42
-10
41
61
60
44
-8
-86
-152
-171
-167
-169
-156
-115
-57
-9
23
41
30
-9
-48
-41
9
73
135
188
207
166
101
49
27
20
14
28
48
52
36
13
-3
-44
-107
-153
-160
-131
-95
-50
5
24
-15
-84
-130
-145
-154
-147
-97
-21
24
23
5
-2
-28
-92
-127
-90
-20
37
81
141
176
132
39
-26
-37
-39
-41
-11
48
73
18
-54
-85
-107
-151
-172
-123
-41
6
22
46
71
54
7
-8
37
97
134
169
216
228
173
96
53
36
17
13
40
76
74
32
-20
-63
-105
-148
-158
-123
-71
-34
-10
-1
-14
-57
-115
-150
-154
-122
-69
-6
52
78
68
21
-23
-35
-19
25
85
155
206
211
186
155
133
110
79
74
88
100
95
75
61
32
-30
-103
-137
-141
-155
-176
-188
-191
-210
-236
-232
-189
-134
-110
-101
-80
-57
-53
-42
11
88
150
179
196
207
193
145
96
81
85
75
67
80
92
76
27
-21
-46
-62
-70
-56
-20
17
29
20
11
9
6
-5
-13
-12
-3
8
3
-4
-9
-24
-53
-88
-97
-85
-73
-63
-47
-13
16
17
11
28
41
26
10
18
45
58
39
25
27
13
-35
-68
-43
-14
-16
-19
7
37
24
-5
3
34
41
27
44
93
115
81
47
38
20
-27
-58
-41
-22
-40
-71
-73
-63
-91
-136
-156
-146
-144
-155
-131
-72
-30
-33
-47
-46
-46
-59
-59
-19
32
58
65
79
90
71
30
5
8
24
42
75
114
128
106
64
42
43
55
75
96
108
94
58
19
-12
-30
-50
-57
-52
-37
-25
-36
-63
-90
-113
-123
-105
-53
15
60
68
56
34
6
-10
3
42
79
95
94
80
53
20
-12
-24
-23
-21
-15
-4
4
-2
-20
-37
-45
-45
-27
2
31
51
53
42
20
6
7
22
50
76
88
78
56
14
-30
-54
-56
-48
-33
-11
1
-6
-37
-73
-94
-110
-116
-105
-71
-25
-2
-3
-6
-16
-41
-67
-66
-40
-7
13
27
43
43
27
6
-2
10
13
14
39
80
110
114
110
102
75
30
-2
-2
12
13
6
6
8
-16
-54
-62
-55
-58
-74
-69
-36
-2
13
15
28
21
-20
-54
-51
-24
-3
7
22
38
29
-8
-40
-43
-39
-44
-37
0
41
43
24
9
-1
-18
-37
-20
31
77
93
95
98
85
47
11
9
28
36
38
51
65
51
0
-48
-74
-95
-116
-114
-80
-46
-43
-65
-75
-71
-84
-101
-92
-55
-28
-27
-21
1
8
-20
-54
-50
-18
0
12
44
78
69
23
0
20
48
57
70
108
128
108
77
78
95
85
65
64
80
71
36
14
15
4
-29
-48
-37
-28
-50
-76
-77
-75
-87
-96
-79
-46
-37
-41
-34
-14
-7
-12
0
27
48
51
44
52
57
42
23
29
51
51
42
36
31
17
-16
-34
-23
-15
-23
-30
-26
-23
-34
-44
-39
-25
-17
-14
-6
10
16
7
-2
-5
-5
-5
3
26
44
41
21
0
-18
-30
-24
-5
24
46
41
23
-5
-36
-60
-64
-44
-14
10
26
26
14
-12
-35
-38
-23
8
38
67
87
81
58
33
8
-9
-10
6
30
51
56
42
16
-24
-59
-76
-78
-67
-50
-35
-30
-35
-39
-41
-46
-49
-47
-43
-28
-6
17
38
47
37
20
8
8
21
39
54
57
43
20
8
3
-5
-5
-3
-7
-13
-13
-3
1
-10
-20
-29
-31
-30
-24
-5
11
6
-10
-17
-17
-18
-18
-18
-16
-20
-30
-29
-13
-3
-8
-16
-23
-29
-29
-21
5
30
41
41
37
34
24
8
6
20
30
38
46
53
46
21
-1
-11
-11
-6
12
37
53
54
49
46
40
31
17
13
15
12
11
15
10
-11
-43
-70
-85
-97
-100
-90
-76
-65
-63
-57
-46
-41
-40
-31
-19
-5
11
27
51
70
67
57
48
42
43
45
54
63
59
43
27
18
13
9
9
12
10
-1
-8
-5
0
-2
-15
-24
-29
-33
-37
-31
-16
-17
-28
-35
-40
-43
-43
-37
-26
-24
-28
-30
-27
-17
-9
-8
-6
2
10
11
18
32
33
21
10
3
2
4
9
19
28
18
-3
-17
-27
-29
-19
-6
11
22
27
30
32
35
33
26
22
29
38
41
42
36
22
0
-24
-36
-38
-37
-30
-23
-24
-28
-41
-54
-64
-64
-51
-40
-20
-5
0
4
-2
-10
-13
-6
5
16
33
44
49
44
30
24
18
16
20
27
40
44
39
35
29
16
6
3
5
8
10
11
11
5
-5
-19
-30
-37
-44
-51
-44
-33
-30
-30
-30
-31
-34
-38
-34
-20
-5
6
20
35
36
28
23
24
25
11
3
5
2
-1
2
7
7
-10
-29
-38
-44
-38
-20
2
26
42
39
31
27
17
9
10
23
40
50
51
48
33
9
-22
-48
-52
-50
-44
-27
-17
-18
-36
-54
-62
-65
-63
-50
-28
-3
17
21
20
14
4
-2
-6
7
25
37
56
65
60
46
29
18
16
19
26
38
48
51
45
29
15
-2
-10
-13
-12
-4
-1
-5
-16
-30
-42
-55
-58
-49
-40
-28
-11
0
7
8
4
7
14
28
53
74
93
97
83
64
48
32
10
-7
-19
-32
-51
-69
-88
-116
-139
-156
-171
-169
-165
-162
-156
-152
-143
-130
-114
-100
-87
-73
-61
-48
-36
-13
7
24
41
47
47
37
28
34
43
65
85
88
81
63
43
33
32
36
43
48
41
26
8
-3
-4
-7
-6
-9
-8
3
10
10
12
17
17
11
9
20
30
34
33
31
30
15
-4
-13
-24
-40
-61
-72
-74
-75
-82
-96
-107
-121
-132
-136
-139
-133
-117
-100
-85
-71
-59
-53
-43
-24
0
28
58
95
130
150
160
171
188
198
203
207
201
179
144
110
83
53
10
-39
-87
-147
-213
-272
-319
-347
-371
-392
-410
-422
-428
-432
-422
-401
-369
-318
-258
-184
-112
-47
10
63
128
197
261
327
393
447
480
497
508
517
516
510
500
473
431
377
327
284
233
184
137
85
22
-44
-96
-131
-149
-156
-153
-149
-148
-143
-142
-127
-93
-44
16
79
140
180
201
217
232
256
280
300
313
297
246
168
87
6
-80
-155
-223
-304
-410
-545
-677
-785
-873
-933
-970
-990
-1012
-1039
-1048
-1023
-965
-886
-784
-654
-511
-370
-232
-81
84
253
423
594
771
928
1044
1126
1183
1224
1258
1288
1307
1293
1223
1099
943
779
616
460
319
181
16
-180
-388
-584
-746
-876
-961
-1005
-1029
-1052
-1076
-1069
-1028
-954
-843
-693
-515
-340
-187
-44
105
262
424
593
758
899
991
1034
1057
1072
1080
1078
1069
1043
979
865
724
587
464
358
262
177
88
-30
-166
-287
-375
-437
-479
-503
-511
-517
-534
-565
-600
-625
-646
-650
-622
-559
-509
-520
-589
-667
-713
-726
-708
-658
-609
-613
-684
-763
-782
-742
-673
-596
-501
-405
-345
-307
-241
-120
33
188
351
526
681
782
845
920
1018
1123
1231
1317
1354
1323
1243
1158
1086
1027
969
883
743
564
384
221
53
-114
-261
-379
-478
-585
-694
-792
-878
-946
-966
-907
-812
-757
-754
-740
-652
-509
-368
-246
-132
-31
47
132
267
416
493
484
475
539
639
680
640
583
546
514
472
438
425
390
302
209
169
162
111
5
-58
-23
34
5
-109
-204
-222
-194
-164
-137
-144
-243
-399
-465
-377
-260
-290
-469
-627
-675
-658
-639
-623
-621
-683
-800
-856
-793
-696
-671
-691
-636
-500
-379
-329
-298
-211
-84
55
228
423
556
593
623
730
905
1054
1126
1158
1164
1143
1130
1161
1192
1150
1033
901
795
694
566
427
293
143
-16
-152
-273
-424
-596
-738
-810
-832
-861
-897
-937
-992
-1022
-960
-805
-657
-601
-596
-554
-430
-262
-85
78
181
214
219
289
445
584
625
589
569
598
622
610
561
502
449
403
378
354
303
208
95
49
94
150
110
-32
-157
-153
-38
67
88
28
-99
-231
-251
-99
100
117
-98
-343
-412
-341
-283
-301
-372
-485
-647
-777
-774
-717
-770
-913
-953
-803
-649
-678
-821
-877
-752
-514
-253
-21
87
29
-37
115
494
861
1004
972
939
989
1111
1257
1369
1363
1242
1134
1111
1094
970
763
592
494
418
304
107
-174
-463
-615
-585
-526
-615
-858
-1094
-1188
-1144
-1014
-873
-823
-893
-971
-902
-672
-457
-359
-302
-189
-27
104
207
318
414
477
550
675
785
790
733
712
740
762
743
696
627
541
477
452
416
329
236
187
150
59
-54
-81
-21
8
-57
-162
-265
-370
-401
-302
-148
-149
-391
-643
-688
-567
-482
-517
-578
-663
-803
-914
-891
-789
-785
-868
-835
-656
-570
-716
-890
-811
-498
-193
-18
48
13
-90
-70
248
704
956
901
772
790
917
1056
1193
1308
1304
1171
1068
1066
1032
884
751
759
776
611
312
79
-49
-166
-261
-274
-289
-477
-782
-935
-873
-782
-795
-834
-794
-776
-848
-841
-649
-427
-366
-388
-282
-95
-23
-43
57
290
442
441
438
504
527
476
516
692
796
700
545
510
555
550
531
561
548
422
297
303
335
244
123
143
235
179
-19
-156
-193
-228
-239
-136
-48
-235
-603
-754
-591
-429
-489
-616
-646
-698
-845
-893
-755
-676
-810
-907
-735
-525
-599
-817
-799
-536
-331
-274
-208
-125
-153
-188
30
443
653
532
419
560
799
923
996
1122
1173
1062
988
1101
1216
1132
998
1041
1119
935
587
416
466
483
364
246
118
-170
-524
-624
-443
-364
-560
-765
-764
-757
-939
-1086
-938
-669
-610
-712
-694
-576
-582
-642
-458
-74
100
-49
-146
59
301
298
241
407
650
658
498
487
628
642
523
552
757
796
531
299
384
573
531
317
223
273
259
160
129
146
13
-238
-301
-115
-7
-221
-550
-631
-500
-453
-584
-735
-798
-839
-871
-823
-755
-827
-1022
-1087
-880
-630
-605
-735
-758
-602
-424
-332
-250
-116
16
132
284
440
497
467
534
797
1069
1130
1036
985
1038
1099
1117
1135
1146
1088
985
917
855
709
512
419
464
453
237
-71
-274
-328
-335
-368
-436
-555
-744
-900
-890
-771
-731
-823
-888
-815
-716
-725
-755
-650
-461
-352
-347
-307
-196
-129
-97
39
267
382
293
211
322
494
528
486
551
664
625
468
425
533
575
484
447
521
489
255
81
185
367
309
86
-10
15
-51
-191
-188
-70
-115
-357
-473
-358
-314
-512
-706
-643
-490
-536
-705
-779
-776
-820
-846
-716
-555
-603
-805
-870
-685
-437
-312
-299
-317
-308
-203
17
215
261
258
381
595
705
683
714
844
948
975
1011
1081
1042
874
796
903
982
840
628
550
505
321
94
42
105
23
-226
-410
-463
-556
-706
-729
-616
-600
-778
-918
-840
-693
-671
-692
-588
-449
-434
-464
-354
-152
-70
-95
-14
196
317
264
230
346
483
510
518
605
653
544
425
513
713
731
534
382
414
489
466
393
365
312
175
98
176
242
86
-179
-242
-89
-18
-196
-430
-484
-432
-456
-527
-547
-579
-723
-860
-803
-653
-681
-875
-922
-737
-591
-682
-819
-727
-495
-368
-353
-293
-187
-155
-121
82
360
461
377
373
569
740
736
728
873
1013
959
821
811
883
871
795
776
763
614
394
309
347
286
77
-75
-96
-165
-363
-515
-500
-470
-579
-713
-717
-685
-778
-875
-762
-555
-526
-657
-670
-482
-348
-368
-312
-72
121
63
-40
103
373
481
422
446
600
651
560
544
673
740
625
532
624
719
583
347
316
467
516
366
200
155
132
69
58
104
58
-158
-340
-286
-130
-138
-338
-508
-514
-470
-509
-589
-626
-637
-669
-703
-710
-725
-788
-830
-757
-612
-547
-618
-693
-638
-482
-333
-251
-197
-111
-4
83
163
261
383
517
638
732
782
783
780
830
934
1009
981
882
800
771
738
664
572
496
417
294
145
19
-70
-155
-263
-366
-436
-486
-543
-617
-688
-728
-736
-714
-668
-622
-598
-603
-592
-502
-372
-288
-254
-199
-85
17
54
83
177
301
362
372
399
439
448
449
503
572
559
477
450
500
500
403
334
378
429
359
223
152
142
126
126
156
101
-88
-250
-211
-61
-60
-238
-390
-402
-393
-458
-504
-485
-499
-592
-658
-614
-581
-660
-725
-631
-475
-463
-560
-557
-419
-311
-290
-233
-93
-9
-33
-5
157
310
329
322
416
526
526
508
591
691
665
585
611
688
651
531
508
568
533
383
287
299
254
106
25
75
64
-137
-324
-311
-234
-293
-423
-435
-381
-450
-586
-561
-411
-392
-512
-512
-325
-216
-325
-410
-268
-53
-9
-74
-20
114
146
113
194
367
400
270
242
412
535
448
327
376
484
448
332
322
399
395
295
253
271
215
96
74
179
220
80
-87
-110
-57
-86
-176
-207
-190
-229
-330
-411
-446
-489
-540
-527
-479
-521
-663
-762
-713
-602
-572
-628
-665
-615
-532
-476
-443
-413
-369
-283
-144
10
84
53
44
177
408
556
553
506
535
648
751
786
766
712
662
677
738
729
579
391
329
388
398
251
41
-75
-96
-116
-184
-272
-355
-421
-450
-440
-449
-516
-563
-503
-393
-358
-393
-389
-318
-240
-178
-100
-28
-12
-5
81
211
237
165
180
317
408
342
253
297
388
382
315
309
336
291
227
267
335
270
134
121
238
264
135
55
128
196
122
9
-2
31
-1
-44
-38
-65
-200
-329
-309
-236
-291
-447
-534
-510
-523
-627
-697
-681
-670
-707
-704
-659
-676
-741
-704
-533
-405
-428
-462
-351
-169
-75
-51
31
167
258
305
400
519
550
525
598
755
797
666
559
634
752
709
551
449
427
370
266
222
220
138
-37
-155
-144
-144
-253
-348
-305
-243
-327
-470
-460
-318
-257
-312
-314
-203
-126
-161
-167
-57
53
57
58
162
251
191
91
156
344
405
282
170
204
280
273
244
252
237
159
114
174
230
169
76
87
161
161
84
58
114
141
99
66
63
38
-8
-6
29
-12
-141
-234
-214
-177
-246
-386
-472
-474
-477
-532
-594
-638
-670
-683
-657
-622
-627
-655
-627
-518
-401
-354
-355
-302
-154
9
105
145
202
313
431
509
563
624
683
712
729
754
750
686
613
618
661
600
422
270
242
249
157
5
-89
-124
-180
-264
-311
-333
-393
-453
-431
-359
-350
-411
-414
-316
-222
-211
-225
-167
-61
8
44
80
119
139
164
229
283
274
248
263
294
274
213
194
223
250
236
182
120
70
71
125
157
108
39
45
94
88
42
41
93
130
112
75
53
13
-14
22
67
12
-141
-234
-201
-168
-241
-367
-432
-445
-486
-534
-562
-604
-666
-686
-621
-556
-600
-676
-629
-468
-344
-319
-309
-250
-155
-36
108
242
307
311
362
492
610
647
651
692
737
719
668
645
640
605
538
479
416
316
212
140
89
10
-84
-138
-157
-207
-301
-370
-356
-304
-285
-286
-282
-270
-251
-203
-109
-29
-19
-37
12
130
208
179
123
143
222
275
260
220
181
135
117
148
174
122
12
-43
13
78
41
-57
-94
-32
41
57
22
-10
-10
17
80
139
131
51
-18
16
107
117
8
-114
-148
-120
-134
-223
-329
-397
-425
-452
-486
-536
-613
-672
-652
-573
-528
-570
-625
-576
-434
-309
-264
-242
-159
-32
81
161
235
316
394
481
571
620
609
583
614
692
708
621
508
455
446
412
336
237
139
61
10
-35
-103
-190
-240
-227
-215
-259
-321
-325
-266
-201
-153
-127
-122
-113
-60
44
124
124
106
163
261
282
206
159
222
294
272
199
157
132
88
74
113
115
15
-93
-73
24
22
-85
-130
-53
21
-10
-67
-58
-16
6
28
74
57
-50
-108
-33
68
28
-132
-225
-187
-145
-203
-310
-378
-404
-415
-408
-408
-470
-570
-585
-469
-355
-369
-458
-457
-325
-175
-107
-107
-90
-13
113
242
306
299
300
383
498
540
491
432
445
509
530
464
343
256
250
276
250
137
9
-37
-13
-8
-74
-168
-213
-182
-116
-81
-101
-156
-175
-102
19
88
62
16
58
162
217
197
162
171
215
253
258
213
142
95
105
144
138
60
-18
-24
11
3
-57
-99
-75
-21
-10
-47
-69
-44
-3
31
46
37
17
21
72
122
83
-30
-93
-34
43
-13
-180
-290
-271
-223
-261
-367
-460
-516
-526
-480
-427
-467
-589
-627
-493
-318
-283
-360
-366
-229
-68
18
51
86
141
223
341
445
458
401
396
495
587
555
455
408
419
398
339
286
226
148
84
59
35
-51
-150
-161
-108
-110
-186
-230
-186
-130
-128
-129
-84
-21
7
23
77
130
134
127
185
270
280
213
170
209
249
221
162
134
126
93
57
45
37
-8
-57
-51
-10
-8
-62
-84
-37
15
10
-9
17
61
62
46
74
115
99
37
17
41
24
-40
-90
-120
-174
-270
-331
-331
-350
-438
-540
-572
-546
-549
-587
-606
-580
-543
-524
-484
-409
-339
-296
-237
-126
-3
69
102
164
272
376
442
478
498
512
529
559
595
593
539
462
416
412
403
344
244
163
132
128
101
33
-34
-66
-57
-36
-38
-55
-64
-54
-22
19
52
67
72
91
135
165
157
142
149
166
160
121
85
78
70
30
-34
-84
-87
-85
-115
-163
-199
-211
-209
-190
-159
-153
-179
-187
-127
-39
-10
-35
-32
27
83
89
83
88
85
77
77
67
20
-55
-108
-126
-154
-224
-304
-349
-383
-444
-501
-521
-514
-530
-562
-554
-513
-482
-464
-424
-338
-249
-188
-128
-37
63
143
213
293
378
447
504
549
576
592
614
646
657
626
572
539
530
516
470
398
325
270
239
221
196
146
85
41
38
57
54
14
-23
-3
51
75
52
11
2
31
72
95
80
27
-24
-26
7
11
-47
-120
-135
-113
-127
-188
-234
-238
-237
-247
-247
-233
-242
-279
-281
-227
-183
-189
-202
-177
-135
-130
-155
-150
-106
-75
-92
-128
-146
-141
-144
-159
-175
-198
-229
-248
-251
-255
-281
-305
-295
-272
-256
-250
-240
-218
-195
-154
-95
-40
2
31
70
134
200
249
284
319
364
410
439
459
476
490
500
505
504
502
490
468
453
441
421
389
351
334
332
307
259
220
203
193
173
154
133
99
65
54
63
42
-20
-71
-67
-50
-76
-140
-199
-217
-214
-221
-244
-290
-343
-369
-356
-333
-345
-397
-423
-392
-349
-337
-354
-365
-350
-318
-274
-243
-245
-265
-264
-223
-177
-178
-209
-214
-185
-162
-180
-213
-218
-204
-196
-199
-203
-210
-224
-229
-205
-169
-159
-168
-143
-85
-46
-36
-19
34
99
146
177
206
244
278
316
371
407
406
392
414
466
485
452
416
412
429
432
402
366
337
317
314
319
299
241
196
204
235
234
194
151
136
145
155
150
124
87
63
64
71
47
-15
-62
-66
-65
-93
-152
-208
-237
-248
-264
-294
-337
-372
-379
-369
-372
-401
-430
-416
-372
-347
-353
-359
-341
-299
-252
-221
-217
-217
-194
-145
-97
-85
-108
-121
-94
-47
-32
-62
-95
-93
-65
-51
-68
-100
-116
-108
-92
-81
-82
-100
-108
-87
-47
-15
-15
-16
20
73
103
104
116
157
193
209
227
254
269
261
265
292
307
287
266
271
277
258
226
212
214
196
164
149
146
133
112
99
99
89
58
46
68
83
58
17
17
51
54
25
10
11
5
-8
-5
5
-23
-74
-94
-63
-39
-84
-153
-172
-147
-138
-167
-200
-212
-227
-237
-221
-199
-213
-261
-273
-216
-164
-186
-232
-224
-166
-126
-128
-132
-117
-102
-87
-55
-20
-18
-43
-41
8
43
23
-9
8
58
74
44
24
41
62
64
55
61
61
48
54
73
75
54
39
57
91
88
53
38
55
82
81
63
60
58
53
57
64
62
40
23
38
61
55
27
12
14
20
19
20
20
7
0
7
18
14
-3
-7
7
26
23
7
6
18
21
21
26
33
31
19
18
29
29
16
10
17
20
2
-26
-28
-15
-21
-49
-74
-77
-75
-91
-110
-122
-130
-139
-145
-141
-142
-159
-170
-154
-127
-116
-128
-138
-118
-82
-60
-51
-38
-17
0
16
44
70
74
70
86
124
140
121
102
105
119
120
108
98
83
66
57
60
59
36
3
-12
4
12
-7
-31
-37
-25
-14
-11
-11
-15
-21
-17
1
14
5
-16
-15
11
24
10
-12
-22
-19
-12
-11
-19
-32
-41
-40
-36
-34
-40
-51
-46
-25
-9
-6
-7
2
21
37
49
64
72
77
84
93
97
94
87
82
80
72
52
27
10
-2
-17
-40
-65
-85
-101
-118
-134
-150
-160
-163
-163
-158
-151
-145
-132
-108
-84
-66
-49
-32
-6
33
67
83
93
111
135
150
156
156
152
157
166
162
146
126
105
93
85
70
44
13
-6
-9
-18
-36
-61
-78
-76
-72
-75
-86
-98
-99
-91
-81
-71
-74
-85
-82
-67
-57
-59
-67
-68
-63
-53
-47
-51
-61
-70
-65
-48
-43
-52
-54
-48
-29
-17
-18
-16
-5
20
39
51
65
76
83
98
121
131
131
128
140
156
153
141
131
132
131
122
104
80
63
43
26
16
0
-24
-55
-70
-71
-90
-121
-134
-128
-126
-134
-142
-138
-131
-127
-121
-109
-96
-91
-85
-67
-46
-34
-32
-20
6
18
16
16
30
49
51
44
46
47
47
48
54
51
35
28
38
50
43
17
2
12
24
14
-3
-13
-18
-19
-16
-14
-21
-43
-62
-50
-27
-33
-63
-79
-63
-49
-47
-53
-61
-60
-55
-43
-21
-13
-23
-21
3
37
55
50
50
68
95
116
123
129
135
141
154
168
170
157
149
152
159
151
128
112
101
90
75
54
34
11
-11
-30
-44
-61
-83
-102
-114
-120
-140
-161
-171
-171
-169
-175
-181
-181
-173
-163
-151
-142
-138
-129
-114
-91
-71
-62
-52
-36
-17
0
13
23
30
38
54
68
73
72
69
71
81
87
78
64
63
63
55
49
42
36
28
16
13
14
4
-11
-17
-16
-17
-26
-34
-34
-34
-36
-44
-44
-36
-36
-39
-33
-23
-24
-28
-21
-5
3
-6
-4
15
27
28
31
40
55
61
63
77
90
90
85
92
111
113
97
86
96
103
88
70
67
69
53
33
29
25
2
-29
-40
-39
-51
-83
-103
-101
-108
-126
-143
-144
-138
-146
-157
-157
-145
-140
-139
-128
-109
-101
-110
-98
-65
-44
-41
-39
-23
1
16
20
31
36
39
53
67
74
68
58
62
77
86
77
57
58
73
68
61
60
54
45
40
47
54
37
9
8
25
28
13
-8
-8
-2
-5
-13
-19
-26
-34
-37
-32
-20
-28
-47
-43
-26
-13
-20
-27
-14
2
11
17
24
33
39
46
61
74
73
73
82
96
102
98
90
88
92
90
78
63
55
46
34
24
15
-3
-23
-34
-45
-53
-67
-81
-88
-95
-97
-100
-105
-109
-107
-103
-100
-95
-91
-84
-78
-69
-56
-52
-52
-43
-32
-24
-21
-21
-15
-7
-1
4
0
-6
4
10
10
11
8
7
6
10
17
11
4
8
13
12
8
5
7
10
10
7
-2
-3
-3
0
-5
-15
-14
-13
-13
-15
-21
-27
-28
-25
-16
-11
-16
-16
-9
1
14
17
15
20
35
45
51
59
66
69
73
83
90
95
91
86
88
92
89
78
73
65
58
47
37
35
25
10
0
-4
-10
-26
-35
-39
-44
-55
-61
-60
-62
-66
-67
-64
-64
-68
-65
-53
-49
-51
-50
-46
-37
-26
-27
-24
-16
-14
-14
-6
5
13
10
13
21
24
26
24
26
30
26
23
28
30
23
17
16
13
11
3
-3
-3
-6
-10
-16
0
0
0
0
0
0
0
0
0
0
0
0
0
0
0
0
0
0
0
0
0
0
0
0
0
0
0
0
0
0
0
0
0
0
0
0
0
0
0
0
0
0
0
0
0
0
0
0
0
0
0
0
0
0
0
0
0
0
0
0
0
0
0
0
0
0
0
0
0
0
0
0
0
0
0
0
0
0
0
0
0
0
0
0
0
0
0
0
0
0
0
0
0
0
0
0
0
0
0
0
0
0
0
0
0
0
0
0
0
0
0
0
0
0
0
0
0
0
0
0
0
0
0
0
0
0
0
0
0
0
0
0
0
0
0
0
0
0
0
0
0
0
0
0
0
0
0
0
0
0
0
0
0
0
0
0
0
0
0
0
0
0
0
0
0
0
0
0
0
0
0
0
0
0
0
0
0
0
0
0
0
0
0
0
0
0
0
0
0
0
0
0
0
0
0
0
0
0
0
0
0
0
0
0
0
0
0
0
0
0
0
0
0
0
0
0
0
0
0
0
0
0
0
0
0
0
0
0
0
0
0
0
0
0
0
0
0
0
0
0
0
0
0
0
0
0
0
0
0
0
0
0
0
0
0
0
0
0
0
0
0
0
0
0
0
0
0
0
0
0
0
0
0
0
0
0
0
0
0
0
0
0
0
0
0
0
0
0
0
0
0
0
0
0
0
0
0
0
0
0
0
0
0
0
0
0
0
0
0
0
0
0
0
0
0
0
0
0
0
0
0
0
0
0
0
0
0
0
0
0
0
0
0
0
0
0
0
0
0
0
0
0
0
0
0
0
0
0
0
0
0
0
0
0
0
0
0
0
0
0
0
0
0
0
0
0
0
0
0
0
0
0
0
0
0
0
0
0
0
0
0
0
0
0
0
0
0
0
0
0
0
0
0
0
0
0
0
0
0
0
0
0
0
0
0
0
0
0
0
0
0
0
0
0
0
0
0
0
0
0
0
0
0
0
0
0
0
0
0
0
0
0
0
0
0
0
0
0
0
0
0
0
0
0
0
0
0
0
0
0
0
0
0
0
0
0
0
0
0
0
0
0
0
0
0
0
0
0
0
0
0
0
0
0
0
0
0
0
0
0
0
0
0
0
0
0
0
0
0
0
0
0
0
0
0
0
0
0
0
0
0
0
0
0
0
0
0
0
0
0
0
0
0
0
0
0
0
0
0
0
0
0
0
0
0
0
0
0
0
0
0
0
0
0
0
0
0
0
0
0
0
0
0
0
0
0
0
0
0
0
0
0
0
0
0
0
0
0
0
0
0
0
0
0
0
0
0
0
0
0
0
0
0
0
0
0
0
0
0
0
0
0
0
0
0
0
0
0
0
0
0
0
0
0
0
0
0
0
0
0
0
0
0
0
0
0
0
0
0
0
0
0
0
0
0
0
0
0
0
0
0
0
0
0
0
0
0
0
0
0
0
0
0
0
0
0
0
0
0
0
0
0
0
0
0
0
0
0
0
0
0
0
0
0
0
0
0
0
0
0
0
0
0
0
0
0
0
0
0
0
0
0
0
0
0
0
0
0
0
0
0
0
0
0
0
0
0
0
0
0
0
0
0
0
0
0
0
0
0
0
0
0
0
0
0
0
0
0
0
0
0
0
0
0
0
0
0
0
0
0
0
0
0
0
0
0
0
0
0
0
0
0
0
0
0
0
0
0
0
0
0
0
0
0
0
0
0
0
0
0
0
0
0
0
0
0
0
0
0
0
0
0
0
0
0
0
0
0
0
0
0
0
0
0
0
0
0
0
0
0
0
0
0
0
0
0
0
0
0
0
0
0
0
0
0
0
0
0
0
0
0
0
0
0
0
0
0
0
0
0
0
0
0
0
0
0
0
0
0
0
0
0
0
0
0
0
0
0
0
0
0
0
0
0
0
0
0
0
0
0
0
0
0
0
0
0
0
0
0
0
0
0
0
0
0
0
0
0
0
0
0
0
0
0
0
0
0
0
0
0
0
0
0
0
0
0
0
0
0
0
0
0
0
0
0
0
0
0
0
0
0
0
0
0
0
0
0
0
0
0
0
0
0
0
0
0
0
0
0
0
0
0
0
0
0
0
0
0
0
0
0
0
0
0
0
0
0
0
0
0
0
0
0
0
0
0
0
0
0
0
0
0
0
0
0
0
0
0
0
0
0
0
0
0
0
0
0
0
0
0
0
0
0
0
0
0
0
0
0
0
0
0
0
0
0
0
0
0
0
0
0
0
0
0
0
0
0
0
0
0
0
0
0
0
0
0
0
0
0
0
0
0
0
0
0
0
0
0
0
0
0
0
0
0
0
0
0
0
0
0
0
0
0
0
0
0
0
0
0
0
0
0
0
0
0
0
0
0
0
0
0
0
0
0
0
0
0
0
0
0
0
0
0
0
0
0
0
0
0
0
0
0
0
0
0
0
0
0
0
0
0
0
0
0
0
0
0
0
0
0
0
0
0
0
0
