-24
10
15
-22
-50
-34
-5
3
-24
-63
-58
-27
-8
-15
-44
-52
-36
-13
-5
-15
-30
-33
-17
-4
-7
-24
-44
-51
-40
-19
-20
-38
-60
-68
-38
-10
-6
-29
-51
-40
-17
-3
-13
-39
-57
-49
-28
-14
-14
-26
-37
-49
-40
-3
19
10
-29
-61
-54
-23
-11
-32
-58
-53
-13
-8
-39
-58
-48
-7
17
-2
-48
-77
-56
-20
-13
-35
-39
-20
-11
-28
-67
-75
-34
0
-19
-76
-102
-70
-22
-5
-35
-60
-45
-5
11
-30
-74
-67
-24
-11
-40
-61
-50
-33
-32
-46
-56
-48
-41
-44
-54
-39
-24
-48
-88
-88
-24
48
66
19
-55
-96
-64
6
48
30
-30
-83
-104
-76
-33
5
38
22
-42
-98
-84
8
74
22
-84
-113
-37
48
34
-71
-128
-52
64
73
-45
-138
-104
-15
16
-44
-109
-80
3
34
-29
-96
-43
78
113
21
-70
-66
-6
11
-48
-95
-64
0
8
-49
-90
-61
5
36
34
32
37
19
-42
-89
-49
53
104
37
-80
-110
-35
37
33
-7
-6
25
17
-40
-73
-27
52
74
16
-47
-39
15
65
73
34
-21
-58
-54
-21
20
33
-12
-62
-54
-9
34
57
65
74
69
37
-12
-58
-47
14
53
21
-52
-90
-61
9
70
89
86
71
31
-31
-70
-24
51
56
-9
-41
-10
35
65
75
67
59
88
108
28
-61
-8
78
39
-46
-36
54
103
53
-37
-40
98
209
97
-105
-118
62
183
106
-54
-118
-17
144
172
37
-60
-13
32
0
-29
13
87
83
-5
-54
32
152
154
36
-37
30
91
34
-81
-100
-16
42
21
-9
39
102
70
-20
-44
69
202
176
2
-132
-85
68
164
104
-24
-76
-30
27
34
56
88
47
-49
-58
68
210
209
66
-76
-79
58
140
86
8
-11
-45
-101
-58
106
210
145
11
-73
-15
111
146
57
-16
-8
13
-19
-58
-4
108
155
74
-30
-44
44
113
29
-68
-2
104
85
-34
-105
-18
127
176
112
-5
-80
-18
87
110
78
33
-34
-95
-35
110
147
47
-38
-38
10
44
58
76
89
65
8
-33
-25
56
114
69
-37
-68
0
48
27
-30
-66
-4
88
60
-5
-41
8
128
144
33
-7
67
126
142
17
-209
-238
-22
161
155
-40
-212
-162
9
127
126
46
18
102
141
66
-23
-41
7
74
86
14
-24
24
27
-48
-83
-44
24
64
2
-109
-121
-39
33
101
171
188
128
85
117
168
177
67
-99
-238
-256
-132
-59
-158
-276
-168
66
222
217
105
115
303
357
132
-109
-162
-58
30
-33
-208
-297
-231
-32
163
254
224
119
36
29
101
84
-34
-146
-135
-33
47
52
31
17
28
58
88
156
123
5
-134
-189
-121
-14
-47
-146
-92
106
299
262
67
-85
-33
125
210
80
-72
-88
-84
-74
-66
-10
93
157
64
-20
-75
-56
-2
-49
-52
24
-32
-165
-96
76
232
215
87
31
124
239
211
12
-196
-201
-151
-169
-216
-151
-41
7
-69
-142
-22
230
404
384
253
105
23
-20
-16
16
25
-75
-231
-341
-304
-118
53
82
17
37
103
128
50
38
93
151
210
102
-159
-297
-142
144
331
233
15
-111
-89
-22
-85
-207
-162
64
137
-103
-392
-308
134
489
434
77
-148
-11
279
370
179
-106
-200
-91
-78
-215
-257
-145
-5
-2
-147
-183
5
248
286
106
-28
70
234
213
131
98
64
-32
-202
-315
-182
95
167
-10
-257
-310
-73
236
383
335
145
-17
-84
-67
46
130
95
-60
-246
-299
-116
90
142
60
-37
-38
36
129
201
199
100
-10
-119
-157
-56
88
95
8
-65
-62
-58
-95
-3
132
144
-25
-200
-223
-89
54
146
139
17
-23
-25
-54
-58
75
230
211
-25
-321
-346
-17
325
353
67
-303
-378
-128
158
257
125
-112
-218
-163
-27
137
234
248
195
98
22
-5
-18
-29
-57
-88
-116
-157
-242
-204
-58
93
239
209
94
54
92
90
-8
-145
-220
-116
38
72
-58
-153
-81
59
211
201
90
-72
-182
-139
-68
-27
-57
-75
-60
51
151
133
77
72
157
200
84
-115
-221
-232
-193
-134
-154
-91
126
281
265
90
-17
20
166
214
106
-28
-165
-204
-185
-151
-191
-95
67
114
84
20
58
128
160
87
-40
-157
-139
-29
0
-50
-81
-44
0
-15
-59
-86
-36
98
164
37
-162
-185
-83
63
127
86
11
-10
20
13
-61
-151
-55
100
119
-23
-146
-167
-96
46
119
127
104
53
12
2
-1
-14
-9
-32
-33
1
-26
-46
-50
9
32
4
21
54
80
71
14
-100
-154
-107
-11
51
9
-58
-96
-85
-37
37
179
190
25
-123
-153
-68
38
37
-101
-157
-77
19
25
-30
-32
28
64
22
-76
-163
-152
-78
-59
-78
-61
-23
15
9
-14
4
86
162
161
134
89
88
158
109
62
95
20
-58
-49
20
73
94
25
-54
-38
54
168
195
147
42
-38
-80
-115
-103
-67
-99
-159
-198
-238
-194
-124
-109
-71
-56
-44
-70
-129
-158
-164
-109
-77
-69
-134
-147
-108
-141
-138
-81
-6
38
-2
-86
-98
-38
80
141
95
13
-28
9
117
192
148
141
170
151
236
406
516
663
720
544
464
576
777
908
1038
1366
464
-2254
-4143
-2937
-214
1290
1029
-405
-1549
-1157
349
1674
1984
1663
1197
427
-601
-1375
-1352
-898
-424
-253
-558
-831
-754
-273
118
438
432
-14
-266
-181
64
-250
-1008
-1211
-533
153
257
103
-112
20
383
439
202
-47
-16
155
133
-70
-26
218
592
754
798
842
1032
1265
1138
1753
2226
3807
2447
-4392
-8192
-6396
558
4940
3077
-794
-4033
-3540
173
3913
4724
3488
2434
1227
-632
-2585
-3010
-2393
-1240
84
441
-420
-1583
-1502
-545
810
2005
2308
1541
375
-215
-468
-699
-907
-936
-984
-960
-693
-395
-352
-657
-705
-45
621
534
-124
-706
-706
-160
328
301
42
-48
85
220
128
37
128
360
540
445
301
271
744
1145
1600
1699
1893
2406
2917
3426
-1423
-7419
-8168
-2828
4841
5421
1174
-2940
-4468
-1927
2496
5624
5073
3005
1505
-6
-2175
-3854
-3647
-2290
-358
1206
1118
-497
-1912
-1613
-106
1820
3023
2847
1476
-40
-834
-1300
-1610
-1514
-867
-239
-29
-223
-671
-1095
-1016
-41
1253
1268
-14
-1072
-1208
-612
10
168
-88
-151
45
193
206
53
7
306
640
668
269
45
215
685
1213
1546
1999
2058
2479
2508
2697
837
-4971
-8192
-6089
1640
6268
3574
-990
-3977
-3323
260
4427
6009
4089
1468
-132
-1232
-2826
-3983
-3491
-1714
728
1976
1135
-869
-1965
-1041
808
2540
2924
1969
453
-649
-1196
-1691
-1899
-1630
-771
237
774
488
-318
-746
-213
911
1428
556
-512
-1349
-2468
-2486
-919
628
973
441
-358
-577
-9
715
1253
1020
44
-512
-549
-654
-579
236
1466
2187
2242
1421
913
934
2269
3563
3691
1671
-4457
-8182
-7751
-1442
6406
6043
1370
-2679
-3382
-1004
2663
5444
4821
2103
96
-679
-2057
-4469
-5781
-3895
379
4001
4072
1074
-2188
-3117
-1059
2008
3755
3256
1325
-833
-2407
-3072
-2904
-1990
-424
1387
2445
1877
197
-1264
-1370
34
1778
2366
940
-1153
-2376
-3406
-3899
-2266
883
2966
2835
831
-1641
-2229
-859
891
1632
1121
190
-280
-519
-796
-597
520
2111
3026
2618
1034
167
92
1497
2822
3304
1514
-4644
-8192
-7517
-379
7537
6533
1389
-3008
-3797
-1240
2570
5249
4381
1473
-475
-922
-1879
-4050
-5385
-3796
355
4086
4487
2018
-1044
-2491
-1526
990
3129
2927
765
-1219
-1971
-2453
-3040
-2584
-658
1718
3121
3064
1696
-310
-1547
-1337
-138
781
859
-6
-1710
-2611
-2467
-2140
-1151
428
1536
1755
923
-588
-1296
-679
376
1230
1231
157
-452
-241
49
190
459
1152
2008
1921
918
213
590
2311
3334
3280
-752
-6539
-8192
-5490
3210
7970
4807
-291
-3534
-3070
-553
2466
4106
3140
1211
227
-209
-2149
-5366
-6169
-2653
2808
5944
5064
1676
-2071
-3852
-2634
507
2734
2419
821
-668
-1916
-3107
-3303
-1745
698
2987
4004
2989
281
-2560
-3507
-1940
784
2395
1952
-10
-2304
-3338
-2529
-605
472
195
221
674
621
-218
-1349
-1789
-672
1201
2119
1484
36
-932
-297
1087
1892
1760
953
267
-146
459
1221
2348
3135
3776
1452
-5044
-8192
-7124
681
7986
7096
2296
-2977
-4903
-3270
787
4510
4984
2770
280
-897
-2007
-4142
-5811
-4175
904
5735
6501
3135
-1593
-4637
-4267
-674
3337
4352
1957
-1162
-2763
-3082
-2798
-1710
190
2047
3112
3000
1487
-1168
-3245
-2898
-387
2038
2596
1285
-985
-2395
-2589
-1951
-665
145
352
471
319
-293
-932
-1282
-923
681
2255
2071
868
-310
-654
77
1294
2020
1338
171
-561
107
1252
2473
3526
3602
1697
-3564
-7820
-7741
-1817
5789
7141
3241
-1759
-4464
-3717
-398
3702
5532
4001
1166
-654
-1956
-3902
-5381
-4391
-693
3521
5623
4249
106
-3873
-4739
-2165
1581
3761
2989
431
-1694
-2347
-2215
-2022
-1353
321
2251
2881
1995
112
-1718
-2412
-1516
375
1754
1644
251
-1067
-1543
-1120
-229
223
-324
-1134
-952
-253
-134
-575
-994
-740
258
1165
1431
1456
1482
1171
779
705
580
134
-228
-94
630
1218
1701
2596
3210
2290
-1642
-6653
-8151
-3535
3794
6961
4449
-494
-4260
-4720
-1719
2900
5504
4276
1378
-417
-1213
-2567
-4145
-4164
-1724
1845
4112
3668
801
-2549
-4119
-2749
383
2961
3221
1356
-577
-1517
-1821
-1979
-1643
-552
870
1961
2254
1597
-85
-1749
-1979
-619
1036
1521
873
-97
-983
-1482
-1096
9
616
-238
-1850
-2491
-1685
-368
567
629
36
-81
672
1439
1488
964
561
623
688
121
-592
-937
-675
383
1666
2615
3308
3926
3638
1553
-2755
-7255
-7661
-2855
2976
4570
1748
-2023
-3898
-2874
324
3945
5224
3334
977
267
128
-1554
-4419
-5775
-3972
151
3759
4511
2064
-1677
-3390
-1873
1127
2800
2242
818
-32
-279
-1029
-2428
-3536
-3120
-734
2474
4302
3386
727
-1477
-1952
-1129
60
902
933
281
-416
-713
-928
-1434
-1749
-849
1230
2940
2272
-928
-3885
-4435
-2745
-128
1908
2258
1230
229
-61
382
760
815
975
1217
1139
686
-175
-1068
-915
427
2544
3891
4244
3443
2166
-880
-5994
-8192
-6978
-381
5817
5412
1808
-2148
-3898
-2673
957
4555
4858
2751
1073
358
-1281
-4358
-6376
-5215
-1461
2839
5308
4582
799
-3268
-4187
-1585
1941
3338
2533
983
-437
-1564
-2459
-2748
-2494
-1363
850
3164
3922
2294
-382
-2096
-2031
-802
506
1204
915
-182
-992
-939
-655
-701
-666
-204
621
1433
1724
1150
-805
-3361
-4585
-3439
-764
1625
2555
1788
298
-513
-204
653
983
1098
1415
1450
784
-387
-1243
-1174
-160
1185
2340
2920
3985
4292
3545
-232
-6260
-8192
-7466
-1522
5208
5733
2613
-1929
-4641
-3700
667
4947
5525
3779
2424
1383
-1025
-4444
-6599
-6056
-3193
1376
5484
5971
1935
-2950
-4237
-1703
1820
3758
3843
2368
-57
-2025
-2972
-3481
-3999
-3347
-290
3665
5343
3652
488
-1872
-2251
-809
928
1311
263
-834
-916
-484
-644
-1496
-2023
-1032
1253
3530
4198
2340
-1123
-4540
-5722
-3837
-523
2052
2629
1701
570
145
50
-244
-98
691
1612
2075
1456
259
-1151
-1848
-1203
790
3183
4351
4729
3625
1875
-2481
-7266
-8192
-6681
360
5819
4975
1485
-2548
-4437
-3143
1316
5251
5543
3797
2528
1239
-1555
-4577
-5665
-4682
-2371
1162
4264
4278
1010
-2309
-2906
-1222
713
1943
2589
2290
1023
-500
-1879
-3031
-3432
-2433
-254
1861
2766
2330
1066
-332
-1230
-1103
-122
998
1585
1437
823
-100
-1182
-2124
-2324
-1452
174
1628
1941
717
-1304
-2812
-3106
-1989
-91
1380
1993
2250
1988
1074
-223
-1106
-995
-45
1142
1850
1527
69
-913
-665
984
2682
4061
4549
3638
547
-5266
-8192
-7827
-3354
2608
4127
3371
961
-1981
-2889
-533
2782
3477
2877
3414
3658
1318
-2314
-4802
-5653
-5071
-2017
2504
4453
2261
-870
-1851
-1189
-121
1182
2574
2904
1820
890
189
-1542
-4036
-5038
-3218
-172
2124
2944
2459
892
-686
-759
305
1048
822
532
725
529
-250
-1269
-2327
-3169
-2997
-1206
792
1386
671
-75
-381
-522
-427
-95
473
975
1490
1778
1098
-571
-1955
-1782
-322
1400
2192
2053
1446
1111
1072
1522
2500
3562
3028
-2195
-7533
-8042
-4119
528
2040
2177
1038
-1619
-2639
78
3457
3266
1628
2206
3637
2915
289
-2431
-5053
-6772
-4754
553
4092
3069
13
-1760
-1741
-668
1282
2995
3011
2006
1869
2128
399
-3143
-5865
-5646
-3073
47
2522
2961
1304
-711
-964
591
2027
1954
838
370
794
1097
156
-1875
-4329
-6081
-5021
-1541
1714
3044
2386
908
-60
-489
-549
-44
846
1923
3019
3020
1251
-1429
-3592
-3657
-1555
1062
2972
3617
3053
2609
2661
3520
3136
-1640
-7146
-7112
-2296
937
731
-823
-2738
-4482
-3657
925
4757
4271
2615
3269
4435
3555
1147
-1257
-3971
-6476
-5679
-1477
1494
939
-1000
-1860
-1376
-594
680
2271
3211
3313
3646
3945
2568
-864
-4654
-6072
-4854
-2651
-679
548
661
60
-308
94
726
1023
1602
2801
3727
3042
965
-1985
-4899
-6074
-4889
-2684
-1147
-253
510
1368
1837
1745
1308
761
657
1651
3059
3260
1927
-228
-1786
-2356
-2213
-1356
332
2183
3432
4062
4269
3615
168
-4708
-6142
-2815
985
2111
1222
-792
-3383
-4972
-3541
-409
1133
1107
1979
3735
4519
3505
1294
-670
-1765
-1754
-545
529
-117
-2310
-3969
-3411
-1480
-308
-353
-96
796
1997
3273
3985
3652
1879
-156
-1111
-1105
-1097
-1604
-2250
-2559
-2065
-1095
-156
267
-228
-641
-26
1148
1658
933
-123
-515
-422
-570
-813
-936
-1231
-1512
-1118
257
1431
1295
613
398
493
534
875
1489
1802
1628
1576
1801
1381
391
-237
397
1357
496
-1720
-2681
-1990
-1594
-1425
-772
-74
-75
-635
-557
79
79
-430
-218
629
1293
1453
1500
1741
1214
-177
-971
-769
-351
-265
-284
-384
-731
-1342
-1647
-1315
-1301
-1275
-578
629
1510
1508
1223
1077
890
516
569
755
543
164
-105
-370
-1063
-1687
-1533
-938
-673
-632
-310
-78
-320
-338
318
875
734
296
115
112
53
134
351
167
-306
-288
138
339
235
479
828
416
-217
-462
-314
-177
-543
-860
-540
-15
7
-348
-277
296
811
859
703
602
114
-565
-775
-290
109
66
349
892
810
61
-149
263
418
234
376
768
465
-364
-926
-909
-716
-257
659
1218
833
-255
-934
-847
-456
-10
276
367
70
-213
-260
-350
-560
-745
-300
489
887
349
-883
-1807
-1965
-1256
-205
567
621
147
-99
37
308
389
419
426
297
205
262
425
314
-27
-337
-450
-180
411
952
993
528
-42
-242
-131
23
69
-85
-226
-316
-359
-264
-20
173
126
156
329
352
39
-245
-266
-409
-558
-370
36
116
-216
-480
-501
-573
-786
-840
-599
-165
209
469
525
173
-490
-1020
-1049
-502
276
643
454
21
-352
-513
-250
227
322
4
-5
545
859
635
408
507
412
-34
-296
-382
-606
-840
-540
130
551
763
986
1092
879
646
650
440
24
-154
22
142
-75
-293
-458
-579
-554
-117
501
643
255
-288
-436
-350
-270
-195
-175
-330
-813
-1076
-783
-314
-207
-341
-165
104
115
11
33
-42
-395
-445
46
383
115
-327
-494
-602
-715
-504
2
301
140
122
400
415
-6
-440
-497
-436
-376
-196
67
129
36
82
172
111
-177
-346
-227
66
381
644
757
404
-262
-739
-676
-265
-22
-27
-46
-11
-61
-128
-26
206
493
785
1066
1129
738
139
-169
16
343
391
63
-399
-686
-713
-578
-338
-72
119
212
202
151
16
-243
-377
-223
4
107
-17
-300
-702
-1000
-860
-352
237
469
343
16
-77
193
476
520
136
-183
-292
-222
-167
-332
-517
-577
-215
344
802
879
549
154
-174
-267
-275
-315
-255
-71
190
327
197
-137
-450
-417
-3
538
804
726
639
423
-34
-556
-819
-762
-656
-355
142
471
230
-334
-615
-568
-261
172
798
1322
1176
570
-34
-403
-721
-927
-754
-328
8
24
-50
-236
-629
-797
-452
93
241
104
224
564
635
223
-140
-230
-210
-201
-286
-205
-75
9
69
137
266
339
385
410
584
679
474
207
-106
-428
-722
-723
-391
-86
-16
-41
92
157
113
55
56
80
73
227
360
211
-264
-685
-782
-543
-80
333
659
742
624
384
44
-281
-629
-811
-740
-447
-144
-77
-127
-176
-31
159
227
293
382
449
362
352
422
321
-94
-612
-679
-427
-166
44
209
174
-130
-314
-325
-274
-261
-195
62
270
386
407
258
-63
-365
-310
48
366
406
325
226
9
-320
-580
-510
-189
243
554
574
341
-9
-168
-153
-83
-165
-373
-399
-246
-119
-183
-159
-80
-147
-191
-40
255
334
271
275
297
164
-8
14
-55
-165
-44
281
437
198
-33
-150
-392
-611
-426
60
226
41
-17
132
148
-68
-38
251
409
380
341
358
244
65
-34
-92
-196
-281
-250
-300
-463
-550
-469
-261
-20
207
295
156
-86
-217
-175
-135
-190
-185
-69
19
-68
-123
58
211
202
165
197
93
-199
-354
-272
-88
45
181
266
171
-14
-122
-80
-75
-88
-51
0
85
148
132
-9
-78
28
195
295
360
496
488
286
106
76
57
-94
-238
-226
-140
-76
68
228
120
-213
-290
-60
163
191
68
-120
-412
-460
-97
304
324
84
16
83
213
444
618
411
-150
-509
-523
-561
-708
-618
-248
-157
-341
-286
7
106
-62
60
427
461
114
-110
15
64
-58
-74
106
164
-5
-66
9
-16
-191
-177
63
179
57
-39
104
188
74
11
128
154
-31
-140
-120
-144
-170
-6
197
193
65
14
50
33
12
58
130
126
46
-2
-15
-108
-230
-200
-114
-158
-318
-298
-63
114
170
243
318
84
-251
-195
135
207
-29
-123
-89
-197
-306
-64
327
408
295
304
284
-13
-299
-201
26
-20
-181
-196
-132
-175
-242
-205
-102
-26
28
239
421
300
-67
-324
-213
62
250
303
287
111
-165
-279
-179
-57
-47
26
113
3
-167
-137
19
20
-42
110
403
466
220
-26
-174
-390
-564
-399
-2
153
26
15
127
136
20
17
78
-79
-226
-80
115
-13
-318
-466
-483
-459
-240
165
380
281
222
341
284
-41
-220
-14
272
325
226
133
-38
-301
-361
-120
165
251
248
376
472
298
-78
-307
-245
-99
-5
51
87
-67
-351
-430
-222
47
156
187
173
47
-113
-108
75
134
20
-62
-15
-6
-208
-391
-365
-208
-53
148
337
275
44
-131
-70
125
228
241
120
-149
-352
-285
-97
-26
-33
51
260
403
383
207
-121
-357
-252
96
360
358
132
-155
-310
-288
-217
-238
-285
-120
249
526
496
185
-133
-180
53
315
406
362
244
43
-196
-325
-344
-381
-362
-148
164
303
172
-50
-182
-202
-175
-67
98
195
173
68
-20
-177
-364
-334
-55
216
199
98
108
128
38
-82
-53
38
117
199
191
-53
-366
-418
-215
19
139
186
168
87
97
233
301
199
66
39
15
-68
-137
-139
-70
-12
2
-68
-167
-185
-128
-43
23
91
120
20
-152
-260
-305
-332
-277
-82
102
67
-44
-4
139
214
203
244
314
289
191
103
-27
-225
-301
-166
11
16
-77
-48
59
57
-40
-12
105
108
37
60
130
59
-67
-69
6
-13
-117
-142
-107
-65
22
151
212
159
54
-37
-74
-64
-42
-80
-138
-102
28
71
-24
-147
-207
-141
0
200
318
280
178
112
129
125
117
83
-9
-112
-170
-176
-227
-289
-244
-131
-89
-61
113
297
246
71
-27
-73
-170
-193
-39
60
-73
-226
-138
2
-26
-58
84
231
197
164
236
175
-82
-233
-121
-5
-33
-72
-101
-230
-416
-373
-108
71
147
273
399
356
201
83
-33
-209
-280
-120
39
-3
-97
-67
-21
-98
-126
52
244
245
166
191
173
-5
-159
-158
-73
-68
-73
-34
-34
-80
-63
67
176
238
271
269
208
139
109
39
-83
-186
-227
-256
-251
-200
-163
-132
-79
9
91
124
138
156
144
128
123
42
-96
-195
-223
-199
-153
-37
120
176
106
43
93
164
186
224
283
247
65
-93
-164
-286
-430
-403
-191
-3
96
217
341
310
170
154
207
89
-170
-324
-268
-154
-114
-153
-224
-275
-234
-58
145
254
261
236
191
80
-44
-89
-106
-148
-150
-62
26
5
-42
-30
-28
-44
57
259
326
219
150
178
166
53
-63
-133
-231
-300
-255
-162
-113
-74
-4
24
35
75
138
137
93
153
242
213
28
-173
-281
-279
-166
-24
54
13
-51
-13
104
186
188
217
276
290
215
33
-186
-395
-467
-294
3
238
274
151
3
-51
11
89
103
58
38
24
-31
-105
-199
-294
-319
-202
-17
129
191
156
80
6
31
131
181
159
98
25
-40
-79
-96
-93
-88
-55
1
57
103
115
129
138
139
114
64
5
-83
-134
-108
-80
-132
-159
-101
-43
-54
-99
-34
71
90
48
26
92
140
111
56
-19
-134
-259
-241
-90
-7
-26
-16
54
74
0
-23
51
96
103
162
219
107
-129
-292
-268
-129
-17
36
1
-94
-173
-122
65
210
256
249
181
27
-136
-218
-270
-314
-289
-114
113
197
138
23
-27
30
160
273
261
98
-71
-89
-46
-87
-211
-233
-111
19
89
130
173
173
149
130
95
-20
-148
-144
-40
13
-17
-35
-78
-220
-371
-333
-71
197
297
287
237
119
-53
-121
-30
57
66
35
45
-21
-220
-327
-256
-134
-73
41
234
298
184
97
111
67
-55
-101
-10
80
64
-1
-90
-191
-252
-201
-37
122
217
245
216
129
12
-78
-192
-279
-243
-136
-54
-51
-66
-38
16
29
28
95
169
180
130
49
-16
-112
-216
-217
-140
-71
-45
6
61
53
6
-23
35
76
68
61
44
11
-42
-88
-89
-85
-137
-169
-140
-107
-110
-50
62
107
53
33
86
43
-41
-51
28
20
-72
-80
-43
-65
-176
-207
-166
-89
3
176
272
154
-44
-165
-87
-14
16
31
71
-32
-146
-189
-119
-68
-14
-233
20
449
-966
-745
-36
-1787
-1293
70
-1067
-856
-299
-1159
-693
-352
-332
165
378
217
520
804
398
391
417
87
-175
-91
-128
-137
142
188
-150
-3
-32
-473
-220
-26
73
366
345
-99
-237
-166
-242
88
421
284
310
475
290
188
489
584
563
751
581
324
324
273
185
379
387
-18
-155
-179
-366
-218
6
-162
-171
-129
-284
-223
-50
-115
-215
-142
-147
-182
-95
-201
-307
-116
-62
-68
152
295
201
240
386
336
134
-12
-84
-157
68
246
202
222
-60
-198
157
299
360
684
751
504
473
673
860
985
893
687
618
677
823
1006
1173
1028
787
519
121
252
512
391
295
61
-430
-654
-723
-883
-713
-569
-830
-994
-970
-1207
-1389
-1036
-761
-794
-758
-646
-497
-350
-326
-419
-454
-427
-409
-233
20
-64
-126
-20
-170
-161
19
30
-17
-92
-144
-47
53
-21
-136
-126
-65
-63
212
621
660
475
442
616
872
1038
1103
1297
1429
1469
1425
907
337
606
1305
1174
416
-251
-612
-482
-49
95
-299
-616
-1027
-1357
-1228
-1178
-1082
-766
-626
-1105
-1509
-1449
-1197
-522
44
-246
-878
-926
-779
-517
114
199
-186
-241
-267
-442
-88
474
308
-19
-260
-670
-561
2
236
232
201
-173
-421
-123
204
345
683
922
666
725
880
776
1124
1577
1600
1551
1771
1936
1679
1154
1018
1567
1653
868
404
302
-86
-120
342
9
-855
-1059
-995
-975
-859
-947
-1154
-991
-965
-1421
-1346
-889
-1019
-1116
-575
-253
-393
-417
-434
-444
-127
60
-143
-229
-202
-191
48
188
-160
-392
-188
-65
-182
-133
-133
-362
-275
-188
-332
-192
92
121
75
276
577
752
875
1001
1127
1335
1588
1620
1433
1230
1084
1407
1849
1455
621
142
57
222
503
226
-527
-1002
-1113
-974
-889
-1053
-1414
-1565
-1444
-1201
-985
-1016
-1117
-1268
-1358
-1045
-431
-331
-699
-788
-653
-449
-75
54
-262
-401
-191
-56
57
175
-120
-417
-350
-320
-357
-100
-27
-288
-302
-228
-101
84
233
261
325
604
697
717
1004
1187
1133
1367
1698
1572
1265
1169
1451
1907
1770
989
471
312
322
654
547
-389
-1077
-871
-610
-718
-964
-1348
-1637
-1308
-762
-860
-1103
-1099
-1087
-1053
-754
-537
-468
-264
-309
-582
-651
-158
256
105
-222
-332
-87
260
291
-7
-286
-316
-73
16
-43
-261
-366
-125
-73
-150
-67
71
38
114
441
663
866
1040
961
1034
1517
1857
1700
1478
1264
1125
1563
2157
1748
532
13
442
908
699
-11
-751
-945
-481
-284
-720
-1354
-1602
-1410
-990
-815
-1068
-1221
-1222
-1153
-984
-898
-856
-518
-272
-629
-836
-336
-128
-473
-255
-2
-264
-110
280
45
-381
-178
41
-87
-142
-177
-150
-54
-64
-160
-89
2
-63
3
312
596
686
839
1003
1100
1271
1446
1711
1871
1590
1362
1590
1996
1946
1257
521
220
559
997
753
-194
-1036
-945
-294
-1
-532
-1409
-1653
-1170
-648
-552
-1083
-1667
-1469
-926
-628
-693
-1207
-1278
-233
239
-628
-814
-109
24
-48
92
-227
-447
144
426
-136
-464
-235
-34
-9
-141
-256
-166
-54
-126
-170
7
40
145
431
396
345
731
1159
1205
1273
1641
1875
1803
1528
1200
1515
2375
2265
903
101
370
793
1200
726
-761
-1456
-583
383
10
-1187
-1985
-1718
-785
-288
-762
-1506
-1671
-1249
-615
-432
-892
-1346
-1406
-671
557
322
-1210
-1428
-279
409
554
262
-799
-1030
224
903
-20
-987
-768
-152
179
5
-522
-779
-382
168
251
110
11
248
497
640
1001
1376
1326
1115
1568
2083
1690
619
792
2598
2888
777
-330
607
1042
958
1095
-162
-1908
-953
988
279
-1660
-2051
-1417
-758
-161
-578
-1703
-2018
-1245
-488
-457
-1071
-1813
-1524
-465
2
-504
-1048
-902
-386
152
212
-470
-829
-232
401
210
-319
-484
-442
-190
31
-30
-332
-441
-225
-13
86
65
194
327
377
475
1053
1472
1355
1252
1548
2175
1285
-184
1469
4247
2192
-1389
-194
1881
1057
1035
1261
-1649
-2607
887
2278
-869
-2729
-1737
-804
29
61
-1449
-2585
-1666
-327
-36
-928
-2049
-1538
-161
-14
-792
-1069
-1004
-755
-91
153
-633
-933
-166
263
-163
-436
-176
-243
-265
-72
-47
-218
-321
-154
-61
-100
-13
331
499
384
468
948
1375
1449
1288
1665
2074
609
-215
2885
4562
583
-1864
870
2107
815
1627
918
-2518
-1775
2329
1920
-1935
-2441
-1266
-614
271
37
-1831
-2641
-1193
102
95
-1148
-2162
-1539
-245
125
-246
-994
-1826
-1235
809
969
-1061
-1440
-385
169
363
430
-618
-1332
-169
808
252
-751
-644
12
396
422
110
-280
3
795
1156
773
668
1282
1721
2073
1197
-696
685
4922
3553
-1739
-1243
2283
1854
1249
1979
-1409
-3528
895
3805
-140
-3049
-1562
-619
37
702
-663
-2666
-1956
-30
364
-497
-1561
-1951
-1191
-275
130
-251
-1406
-1812
-735
837
436
-1030
-1374
-560
145
278
86
-991
-1291
-3
755
-41
-909
-566
266
523
440
60
-134
327
1281
1331
573
845
1791
2331
833
-1053
1146
5223
3018
-1918
-788
2257
1357
1337
2499
-1505
-3722
1142
3913
-426
-3086
-1081
-342
-111
659
-250
-2225
-2041
-216
509
-225
-1336
-1621
-797
-617
-478
161
-496
-1715
-1175
403
55
-522
-444
-870
-978
64
824
-325
-1338
-757
305
589
-70
-639
-684
-46
798
734
6
-377
714
1578
1360
899
1308
2139
464
-962
2559
5426
814
-2661
808
2690
509
1580
2069
-2474
-2790
2455
3351
-1371
-2498
-800
-464
281
757
-860
-2522
-1382
261
421
-343
-1412
-1736
-816
0
226
-478
-1466
-1364
-252
345
-443
-867
-831
-710
-321
34
-271
-914
-668
-165
-330
-486
-303
-190
-282
-134
227
160
217
593
830
1005
1003
1469
1970
300
-1105
2358
5160
636
-2468
915
2398
561
1613
1666
-2696
-2096
2921
2434
-1952
-1948
-104
-656
-42
799
-798
-2166
-929
529
210
-609
-914
-858
-648
-654
257
436
-1431
-1686
367
583
-1340
-724
10
-1143
-759
457
-222
-1488
-852
99
-165
-843
-630
-28
-99
-245
220
165
-137
398
969
1092
799
1449
1713
-288
-856
3510
5033
-676
-2628
1631
2772
689
1794
691
-3418
-1071
3984
1948
-3096
-2193
83
111
613
270
-1652
-2166
-322
948
374
-981
-1675
-641
480
-243
-493
61
-726
-1778
135
1491
-941
-1690
-230
-25
-697
-75
-95
-1265
-875
95
128
-887
-1172
-239
257
-132
-353
-74
234
574
1054
706
388
1815
1602
-1127
-262
4563
3235
-2120
-1018
2178
1145
758
2620
-709
-3672
754
3813
205
-2644
-1019
-547
-147
1193
19
-2099
-1690
-47
498
385
-606
-1632
-753
643
373
-130
-513
-727
-251
227
-239
-561
-42
-625
-962
-385
-71
-452
-722
-507
-526
-424
-291
-209
-564
-603
186
409
-86
-57
436
934
963
1050
1467
88
-1130
2019
5093
801
-3083
340
2889
1066
966
1211
-2439
-1961
2988
2471
-2230
-2369
58
-130
188
461
-1197
-1876
-238
499
-176
-499
-734
-783
19
362
-118
102
-213
-837
-87
994
-166
-1056
-14
138
-277
-288
-348
-898
-519
217
-173
-946
-1011
-109
312
-207
-575
-393
85
625
824
470
144
1297
1840
-244
-1098
2361
4077
-76
-1948
754
1705
841
1706
543
-2904
-911
3211
1558
-2152
-1685
-268
-209
805
515
-1777
-1851
211
861
-28
-714
-890
-383
594
162
-522
4
197
-448
-93
644
-434
-658
543
22
-1108
-305
371
-613
-788
9
-392
-912
-296
82
-463
-515
316
210
-85
355
951
745
451
1442
1208
-762
25
3535
2506
-1538
-899
1566
859
461
1520
-541
-2526
340
2576
27
-2102
-1059
-319
-208
324
-258
-1345
-1150
1
551
-226
-1019
-589
446
321
-179
239
300
-282
-242
575
389
-356
-55
119
-327
-261
199
-274
-956
-375
192
-451
-1048
-453
159
-197
-393
-170
-54
47
530
1087
463
244
1288
921
-569
883
3219
954
-1440
139
1477
597
723
820
-1509
-1453
1341
1414
-1054
-1573
-639
-418
205
162
-1090
-1371
-420
160
109
-329
-904
-432
641
140
-604
202
694
36
-181
343
-64
-67
896
312
-1131
-693
902
480
-860
-686
-203
-347
-301
-57
-452
-782
-65
350
-20
-237
294
1050
726
502
857
365
-76
1632
2379
-111
-796
719
740
178
1048
531
-1785
-1043
1190
778
-1001
-1323
-956
-537
350
-124
-1194
-1069
-521
-70
231
-354
-1055
-212
706
-43
-386
414
526
34
173
343
-249
180
1105
195
-1214
-540
832
401
-555
-711
-568
-344
130
78
-671
-730
-15
199
-8
53
328
643
715
836
634
-162
203
2030
1786
-363
-246
815
377
279
1185
165
-1663
-603
903
265
-766
-970
-1208
-764
286
-234
-1074
-868
-616
-378
57
-197
-836
-322
104
-334
102
831
249
-616
17
745
284
184
465
-77
-573
304
683
-424
-831
-73
141
-445
-393
-116
-227
-196
36
-52
-222
247
800
727
245
606
1065
129
-107
1596
1819
-86
-374
630
580
366
848
-37
-1316
-336
780
183
-932
-1038
-836
-363
20
-702
-846
-491
-553
-653
-302
-201
-399
-118
-199
-475
-88
530
433
-211
-592
-155
715
901
-115
-916
-327
604
703
-220
-750
-327
288
190
-297
-482
-355
172
234
-111
-221
229
651
652
413
439
772
384
323
1117
1365
467
-49
178
353
784
799
-277
-1116
-323
641
385
-769
-1357
-741
55
-89
-787
-635
-607
-744
-299
-121
-649
-653
77
-239
-762
117
931
-121
-1089
-245
492
281
201
-96
-827
-409
847
606
-811
-923
306
707
-165
-539
-129
191
226
170
44
-129
489
1103
530
-21
748
1053
187
595
1320
650
204
492
205
93
790
472
-719
-740
-32
227
-54
-754
-1101
-617
34
-409
-822
-473
-522
-666
-423
-134
-472
-513
-192
-311
-152
229
-10
-556
-406
113
368
159
-323
-459
59
451
177
-376
-481
210
562
70
-534
-253
399
507
168
-261
117
762
831
417
340
786
727
343
645
1178
633
230
646
322
-199
527
971
-366
-1019
-4
309
-267
-607
-835
-879
-401
-197
-656
-854
-668
-379
-308
-591
-643
-302
-185
-376
-276
-329
-521
-84
287
-281
-789
-186
495
198
-304
-234
152
294
76
-22
99
124
-37
174
361
168
168
330
378
261
774
981
398
583
799
283
646
1420
734
-44
126
547
614
93
-150
-104
-343
-229
-7
-544
-903
-643
-502
-577
-739
-821
-702
-617
-621
-597
-707
-803
-646
-470
-336
-370
-577
-507
-131
61
-191
-292
-6
265
401
278
8
24
449
618
185
-115
214
599
327
-73
110
468
561
476
343
311
782
1239
583
-158
364
1231
1148
273
-231
-14
339
536
235
-698
-994
-58
366
-493
-1112
-877
-582
-441
-632
-989
-1014
-993
-649
-336
-912
-1264
-663
-381
-690
-502
-105
-241
-437
42
552
273
-111
128
572
532
390
380
211
251
645
581
-39
22
708
710
236
212
396
640
966
666
219
362
646
942
733
167
110
255
359
241
-50
-305
-449
-205
-274
-747
-687
-613
-1003
-1119
-910
-836
-1041
-1309
-1181
-812
-833
-1038
-776
-473
-457
-414
-180
53
-58
174
690
477
67
472
1166
899
245
337
801
956
777
506
281
397
847
957
365
203
617
718
731
442
145
567
801
219
66
287
100
77
-51
-516
-571
-330
-498
-839
-1035
-1017
-733
-718
-1211
-1317
-718
-666
-978
-795
-637
-582
-399
-225
-333
-282
57
209
321
244
254
457
615
601
526
608
698
664
563
626
586
712
651
438
647
626
346
567
688
177
437
553
11
227
357
-185
-266
-66
-221
-231
-360
-645
-725
-383
-257
-731
-816
-568
-506
-509
-481
-650
-635
-383
-196
-259
-565
-446
38
139
-253
-244
153
305
197
233
327
309
329
467
689
378
256
593
588
470
504
427
457
483
264
404
310
175
353
139
-86
58
54
-121
-95
-175
-241
-228
-160
-166
-402
-381
-293
-276
-157
-274
-256
-105
-376
-278
180
-51
-333
31
-91
-243
267
24
-371
50
245
-33
-7
65
150
184
-81
178
238
-40
222
248
39
135
165
86
164
195
40
-8
114
255
148
67
121
-28
57
142
103
73
0
29
27
-74
-83
87
-4
-75
-43
-113
13
74
-105
-119
-78
-132
61
141
-69
-185
-108
53
169
-13
-117
9
-149
-32
221
-126
-246
111
-48
-156
96
-30
-93
-28
-82
-21
102
-150
-192
132
-96
-171
238
106
-296
22
172
-102
113
112
-129
156
276
-18
38
106
89
316
106
-214
222
257
-92
173
47
-218
8
219
11
-159
34
-92
-49
147
50
-116
-133
-16
18
54
-67
-186
-67
-101
-181
20
-298
-452
5
-33
-181
-241
-180
-25
-191
-203
23
-128
-208
17
21
-183
-210
-41
116
220
-54
-217
-28
95
255
139
-136
22
42
22
351
45
-229
84
173
214
1
-100
131
52
132
212
-35
-93
47
112
168
64
-106
-28
64
102
-10
-79
-107
-58
104
-10
-91
-219
-163
84
-67
-207
-148
4
37
-96
-90
-67
-154
38
200
-58
-154
-12
196
148
-76
-32
99
109
169
145
-118
22
316
144
-134
27
158
59
151
98
-3
114
186
22
77
158
-76
72
244
-93
-54
238
-33
-126
153
89
-176
-65
58
-52
97
-99
-255
115
-40
-97
165
-141
-259
123
107
-195
-68
-10
-176
-30
27
-46
-125
-120
15
10
18
7
-18
-73
-131
95
242
-26
-106
47
-6
142
284
57
-68
83
236
253
108
-38
65
189
224
138
-44
-3
108
144
193
-37
-118
175
131
-3
27
55
-1
-44
55
44
-48
-88
43
44
-101
24
9
-105
47
30
-114
-100
-89
-18
43
-53
-157
-132
-54
5
-31
-89
-29
-24
-13
-38
-100
0
115
93
11
-65
-16
192
255
111
-40
46
199
163
64
3
24
108
148
61
-18
-9
43
37
59
33
-57
58
91
-50
36
154
-48
-114
121
196
16
-27
53
-13
-5
96
54
-130
-114
5
-70
-219
-155
40
-127
-270
-99
-79
-147
-59
-106
-233
-25
132
-90
-127
64
41
91
241
125
-70
89
316
201
19
38
214
185
34
53
131
138
76
80
64
53
200
123
-81
19
141
166
64
-35
33
153
163
11
-37
74
150
77
21
18
-45
-69
-8
-24
-119
-170
-148
-103
-147
-144
-135
-184
-230
-184
-55
-82
-165
-238
-141
83
14
-155
-18
38
-42
116
192
50
-103
119
310
48
-101
14
195
146
-4
-34
-13
62
127
71
-90
-79
71
95
-21
-91
43
138
20
-87
-70
50
112
57
22
-39
-85
7
72
-3
-117
-125
-14
-63
-172
-166
-137
-74
-79
-140
-175
-181
-137
42
30
-185
-122
-25
3
111
101
-40
-26
107
125
127
135
39
-24
111
211
120
2
55
199
156
35
30
94
133
100
86
32
-75
21
128
48
-30
34
37
-58
2
37
54
7
-54
-26
-37
-19
-42
-13
-64
-144
-63
-4
-73
-171
-95
-32
-86
-94
-57
-68
-113
-92
-21
-33
-101
-97
-55
-32
31
-17
-94
79
104
-26
49
157
27
-12
238
239
-10
-42
222
280
77
2
61
128
122
133
90
-81
-76
171
133
-84
-87
48
29
-96
-21
-33
-93
-103
-72
-31
-95
-138
-127
-99
-163
-143
-38
-75
-163
-120
-89
-156
-125
-15
-47
-162
-79
13
-18
-47
2
-37
-51
116
146
25
-58
83
195
120
93
152
112
43
176
259
75
-14
225
242
36
29
102
88
78
113
40
-31
40
94
-4
-96
-74
0
-46
-122
-85
-47
-80
-195
-174
-76
-81
-114
-70
-80
-192
-121
29
-78
-183
-28
41
-44
-90
-37
17
9
-2
16
126
105
2
50
134
114
105
164
138
89
99
142
151
132
105
137
191
104
5
45
140
117
37
14
51
73
34
-19
-88
-59
47
44
-43
-98
-106
-85
-44
-50
-122
-97
-30
-81
-87
-35
-20
-65
-121
-70
-8
11
-9
-47
-46
-44
-2
40
-1
-47
-4
67
32
30
82
48
-36
-4
115
85
59
48
26
47
57
89
63
-14
-42
76
144
-8
-117
4
135
56
-87
-106
-25
40
47
-18
-97
-52
49
-2
-65
-84
-57
50
42
-28
-51
17
-30
-116
-3
20
-45
6
52
14
-18
-17
-4
-7
20
77
78
24
3
69
91
-24
-96
33
163
84
-41
-27
19
46
61
10
-56
1
102
52
5
16
-24
5
92
31
-66
41
142
61
-13
37
88
67
36
-7
-28
48
90
13
-22
-18
-24
-8
2
-66
-71
75
82
-62
-92
20
-32
-109
12
24
-105
-79
79
19
-76
-50
-70
-75
9
67
-7
-60
-71
-12
31
-39
-96
-98
6
61
-25
-93
-67
1
32
-2
-33
26
59
33
44
53
53
98
104
-9
-35
93
133
50
-29
5
45
58
68
-25
-53
34
74
13
-23
-36
-55
14
25
-51
-87
-57
-24
-12
-8
-44
-62
-25
-50
-46
44
18
-100
-85
47
45
-48
-72
-56
-46
19
38
-56
-100
-19
85
9
-59
27
63
18
44
96
57
24
53
54
15
66
96
51
5
2
75
103
33
-53
-18
71
30
-71
-44
40
30
-49
-59
-17
-53
-30
47
-33
-93
-21
-11
-69
-67
2
-40
-55
7
-29
-33
2
47
-14
-70
27
47
-19
-47
-1
47
44
10
-9
8
33
49
38
37
80
95
54
47
84
102
105
105
26
31
147
128
24
-41
-15
28
44
15
-87
-85
22
26
-75
-87
-6
-19
-67
-28
-10
-76
-93
-11
-11
-63
-58
-24
-55
-84
4
6
-20
-14
-32
-11
-31
-51
-23
13
1
-21
28
-2
-60
25
85
26
-25
42
106
41
16
86
140
71
18
68
63
47
104
150
46
-11
70
55
4
-6
-3
6
19
19
-51
-74
-30
-47
-91
-73
3
-8
-75
-68
-57
-48
-32
-35
-77
-61
30
41
-51
-93
-7
32
10
-2
-17
-8
41
58
-10
-20
44
63
46
49
38
21
33
40
34
58
68
7
-20
34
72
21
-24
33
47
-4
17
-4
-57
-20
46
24
-52
-28
-21
-44
-3
-9
-45
-27
4
-59
-99
-52
-10
-14
-64
-81
-54
-28
-44
-45
-47
-38
4
11
-48
-98
-23
36
9
-20
-27
-13
7
-5
-24
0
24
9
-3
48
30
-19
9
28
24
34
66
33
-6
44
92
50
14
25
46
101
79
17
0
0
0
0
0
0
0
0
0
0
0
0
0
0
0
0
0
0
0
0
0
0
0
0
0
0
0
0
0
0
0
0
0
0
0
0
0
0
0
0
0
0
0
0
0
0
0
0
0
0
0
0
0
0
0
0
0
0
0
0
0
0
0
0
0
0
0
0
0
0
0
0
0
0
0
0
0
0
0
0
0
0
0
0
0
0
0
0
0
0
0
0
0
0
0
0
0
0
0
0
0
0
0
0
0
0
0
0
0
0
0
0
0
0
0
0
0
0
0
0
0
0
0
0
0
0
0
0
0
0
0
0
0
0
0
0
0
0
0
0
0
0
0
0
0
0
0
0
0
0
0
0
0
0
0
0
0
0
0
0
0
0
0
0
0
0
0
0
0
0
0
0
0
0
0
0
0
0
0
0
0
0
0
0
0
0
0
0
0
0
0
0
0
0
0
0
0
0
0
0
0
0
0
0
0
0
0
0
0
0
0
0
0
0
0
0
0
0
0
0
0
0
0
0
0
0
0
0
0
0
0
0
0
0
0
0
0
0
0
0
0
0
0
0
0
0
0
0
0
0
0
0
0
0
0
0
0
0
0
0
0
0
0
0
0
0
0
0
0
0
0
0
0
0
0
0
0
0
0
0
0
0
0
0
0
0
0
0
0
0
0
0
0
0
0
0
0
0
0
0
0
0
0
0
0
0
0
0
0
0
0
0
0
0
0
0
0
0
0
0
0
0
0
0
0
0
0
0
0
0
0
0
0
0
0
0
0
0
0
0
0
0
0
0
0
0
0
0
0
0
0
0
0
0
0
0
0
0
0
0
0
0
0
0
0
0
0
0
0
0
0
0
0
0
0
0
0
0
0
0
0
0
0
0
0
0
0
0
0
0
0
0
0
0
0
0
0
0
0
0
0
0
0
0
0
0
0
0
0
0
0
0
0
0
0
0
0
0
0
0
0
0
0
0
0
0
0
0
0
0
0
0
0
0
0
0
0
0
0
0
0
0
0
0
0
0
0
0
0
0
0
0
0
0
0
0
0
0
0
0
0
0
0
0
0
0
0
0
0
0
0
0
0
0
0
0
0
0
0
0
0
0
0
0
0
0
0
0
0
0
0
0
0
0
0
0
0
0
0
0
0
0
0
0
0
0
0
0
0
0
0
0
0
0
0
0
0
0
0
0
0
0
0
0
0
0
0
0
0
0
0
0
0
0
0
0
0
0
0
0
0
0
0
0
0
0
0
0
0
0
0
0
0
0
0
0
0
0
0
0
0
0
0
0
0
0
0
0
0
0
0
0
0
0
0
0
0
0
0
0
0
0
0
0
0
0
0
0
0
0
0
0
0
0
0
0
0
0
0
0
0
0
0
0
0
0
0
0
0
0
0
0
0
0
0
0
0
0
0
0
0
0
0
0
0
0
0
0
0
0
0
0
0
0
0
0
0
0
0
0
0
0
0
0
0
0
0
0
0
0
0
0
0
0
0
0
0
0
0
0
0
0
0
0
0
0
0
0
0
0
0
0
0
0
0
0
0
0
0
0
0
0
0
0
0
0
0
0
0
0
0
0
0
0
0
0
0
0
0
0
0
