12
46
64
64
51
29
4
-10
-8
16
32
31
23
6
-11
-27
-40
-33
-15
2
23
36
43
38
13
-8
-14
-15
-6
2
4
2
-18
-43
-55
-57
-40
-5
28
63
76
60
35
3
-17
-20
-12
-1
13
2
-16
-33
-56
-60
-67
-50
-9
31
61
74
64
33
1
-18
4
29
37
34
11
-21
-55
-67
-47
-12
10
32
49
44
29
6
-5
-7
-3
7
18
15
-6
-30
-58
-76
-75
-54
-30
-3
26
54
71
55
42
28
16
7
8
22
27
6
-32
-53
-78
-86
-81
-67
-34
-24
-17
-7
2
14
27
31
40
43
24
13
5
0
6
-1
-9
-20
-44
-51
-49
-48
-32
-13
7
24
34
38
34
3
-34
-48
-44
-21
0
14
15
-7
-40
-53
-28
15
68
99
113
110
75
33
0
-11
-12
-13
-14
-13
-23
-57
-88
-98
-82
-53
-17
37
84
98
88
71
47
20
6
8
23
34
31
18
-13
-52
-70
-65
-40
-3
34
60
57
25
1
-17
-28
-27
-8
22
29
14
-10
-30
-44
-40
-17
14
45
50
52
43
30
20
1
-11
-34
-42
-40
-20
5
13
4
-23
-48
-65
-47
-3
53
92
96
79
30
-22
-58
-61
-30
15
39
50
34
-7
-46
-77
-58
-14
28
51
56
40
2
-42
-74
-63
-52
-38
-24
2
23
12
2
-9
-6
-15
-10
22
51
61
38
16
-24
-48
-63
-55
-25
-20
-3
-10
-18
-25
-17
-4
0
14
16
31
14
6
0
-9
-15
-23
-22
-25
-13
-26
-21
-21
-13
3
2
11
21
35
29
31
21
19
3
-22
-19
-18
-8
-8
-6
-11
-17
-30
-29
1
31
67
77
75
57
23
-7
-18
4
22
36
18
-4
-29
-64
-56
-27
26
56
62
50
27
6
-16
10
28
50
42
18
5
-23
-27
-21
6
20
29
27
30
40
35
35
23
8
-14
-20
-30
-15
-2
-14
-20
-39
-40
-21
8
39
87
82
58
26
-18
-17
-21
-5
26
33
9
-11
-49
-68
-54
-44
0
25
37
40
23
-2
-13
-17
-34
-44
-55
-57
-55
-68
-57
-36
-34
-27
-6
28
57
67
52
33
-17
-64
-66
-64
-43
-29
-42
-69
-108
-143
-130
-101
-53
26
84
120
112
67
18
-27
-67
-68
-39
-9
10
-6
-42
-74
-103
-123
-100
-49
7
55
85
98
90
50
10
-3
-10
-7
-10
-11
-4
-14
-12
0
0
3
-6
-5
27
57
95
134
138
114
62
2
-20
-34
-36
-7
16
34
30
0
-11
-9
-7
28
81
113
119
100
68
50
39
33
48
49
24
4
-15
-21
-16
-22
-24
-18
-24
0
36
53
81
78
46
20
2
8
41
54
58
54
8
-33
-58
-47
-4
28
52
61
32
-12
-42
-48
-28
-10
-7
-9
-17
-38
-47
-47
-38
-33
-31
-17
0
24
33
36
11
-31
-68
-90
-80
-54
-24
-8
-7
-28
-53
-70
-76
-61
-46
-38
-30
-42
-67
-94
-119
-118
-106
-92
-67
-31
-4
1
-9
-17
-23
-40
-48
-36
-9
2
-16
-47
-87
-128
-158
-148
-99
-41
-3
21
19
-1
-3
10
38
66
80
74
50
11
-12
-18
-26
-29
-33
-40
-44
-40
-19
14
34
45
61
68
60
75
85
84
67
35
25
13
23
59
114
152
153
151
137
132
120
130
152
155
147
114
83
35
2
-18
-41
-31
-16
8
34
57
91
117
136
151
169
177
163
123
79
38
-19
-47
-48
-42
-38
-48
-60
-72
-82
-66
-18
40
84
96
89
60
2
-48
-84
-110
-115
-108
-85
-53
-16
9
7
0
-9
-10
-8
17
46
53
35
-31
-105
-174
-220
-228
-201
-153
-121
-93
-86
-87
-64
-29
13
38
48
36
0
-37
-69
-87
-102
-130
-160
-184
-207
-215
-201
-161
-137
-119
-102
-96
-89
-84
-48
-28
-10
-27
-50
-47
-58
-45
-34
-5
-9
-48
-71
-81
-54
-24
2
3
-1
-39
-105
-111
-104
-71
-21
18
65
95
134
165
199
230
263
279
267
271
253
243
225
170
114
73
30
5
31
67
102
123
116
111
123
152
176
200
208
183
129
85
68
63
89
91
88
83
61
57
56
94
114
104
76
30
-19
-51
-37
-35
-13
-12
-55
-82
-117
-122
-105
-74
-35
-17
23
47
81
97
75
38
-42
-93
-123
-110
-67
-43
-38
-77
-125
-184
-198
-161
-127
-75
-45
-34
-47
-71
-67
-65
-49
-48
-48
-53
-90
-112
-116
-104
-94
-89
-90
-101
-121
-162
-171
-152
-152
-130
-114
-94
-74
-75
-75
-97
-151
-221
-250
-240
-168
-73
6
69
51
-38
-125
-168
-164
-99
-34
-3
-5
-73
-171
-231
-239
-200
-123
-27
68
149
229
310
380
422
437
398
326
264
221
210
219
201
124
33
-83
-192
-243
-226
-148
-33
94
213
336
427
472
473
444
390
324
267
222
176
109
43
-39
-123
-174
-177
-113
6
126
217
269
241
160
82
43
56
100
134
128
47
-80
-195
-284
-299
-258
-157
-12
117
212
253
242
181
74
-31
-89
-110
-87
-62
-77
-121
-218
-339
-413
-438
-395
-282
-150
-18
65
108
125
124
139
142
134
113
67
-27
-136
-235
-327
-375
-398
-391
-366
-325
-268
-205
-118
-36
46
100
122
110
73
17
-85
-204
-345
-452
-478
-412
-293
-148
-14
22
0
-57
-54
19
86
112
76
-21
-203
-331
-384
-360
-293
-217
-105
0
167
350
573
766
825
763
621
479
314
248
263
262
187
40
-167
-427
-609
-707
-659
-485
-239
29
317
565
681
745
732
652
541
468
425
359
264
101
-106
-314
-457
-495
-377
-145
67
239
368
384
334
265
220
200
167
138
84
6
-113
-237
-348
-405
-389
-322
-144
69
253
379
413
356
215
67
-46
-86
-63
-43
-57
-154
-307
-472
-607
-641
-563
-404
-200
3
163
274
347
373
366
339
256
172
88
-9
-104
-202
-295
-399
-479
-553
-572
-519
-415
-244
-100
17
100
127
115
96
70
-10
-117
-263
-410
-502
-498
-406
-280
-140
-73
-65
-56
-35
21
128
212
175
69
-73
-222
-296
-263
-187
-97
8
58
126
279
470
675
848
886
753
540
302
97
28
47
50
-2
-120
-335
-560
-683
-716
-602
-368
-92
195
464
657
726
755
703
588
502
432
357
278
173
-17
-179
-287
-370
-338
-196
-39
82
199
253
248
241
187
146
150
122
60
32
4
-84
-160
-227
-273
-268
-197
-62
116
279
311
250
123
-46
-172
-184
-119
-64
-25
-72
-207
-330
-410
-464
-440
-360
-271
-133
18
135
275
395
391
328
245
161
105
100
82
16
-67
-214
-366
-469
-512
-504
-427
-326
-280
-225
-168
-116
-47
29
51
3
-85
-212
-331
-395
-392
-334
-211
-100
-63
-54
-63
-108
-166
-162
-159
-156
-156
-154
-112
-51
10
24
110
213
285
367
506
650
694
733
708
638
513
359
192
26
-101
-243
-313
-363
-454
-556
-570
-540
-492
-296
-20
235
459
626
665
637
590
510
455
412
310
176
48
-97
-216
-223
-134
-25
95
181
250
356
468
509
462
302
24
-284
-518
-571
-441
-197
31
144
109
-16
-108
-83
61
243
432
522
457
293
95
-77
-202
-313
-429
-555
-676
-720
-633
-455
-257
-61
70
128
128
129
142
162
213
205
157
114
150
257
331
280
100
-136
-419
-605
-571
-368
-81
145
233
157
-61
-294
-397
-298
-132
17
86
50
-69
-235
-369
-483
-583
-676
-645
-494
-295
-32
247
405
352
150
-142
-343
-398
-342
-221
-123
-161
-332
-401
-387
-338
-196
104
458
716
952
1084
1163
1121
921
646
401
167
-173
-297
-239
-172
-122
-47
-108
-370
-636
-959
-1099
-938
-594
-136
460
935
1059
1061
952
705
486
348
217
169
162
62
-62
-139
-279
-408
-427
-401
-287
-37
313
634
856
821
606
387
159
-7
-49
-38
-109
-247
-444
-584
-548
-379
-132
138
323
335
291
243
171
165
223
239
249
235
80
-145
-352
-646
-927
-1032
-1049
-899
-507
-57
308
639
832
808
711
560
366
257
227
126
-7
-112
-229
-332
-355
-404
-437
-398
-410
-391
-242
-7
180
410
585
542
324
-13
-338
-555
-612
-591
-479
-315
-213
-147
-114
-160
-315
-490
-560
-504
-311
-47
191
313
241
-8
-313
-445
-449
-342
-169
-78
-150
-244
-164
-65
92
254
329
349
363
437
606
887
974
871
696
377
19
-242
-241
-137
-40
-27
-104
-213
-415
-561
-701
-753
-721
-544
-174
253
688
947
1117
1103
916
711
534
374
193
78
-105
-350
-468
-481
-442
-366
-297
-240
-124
87
285
547
759
768
634
374
119
-44
-54
-32
-85
-231
-476
-701
-797
-662
-323
99
428
564
574
459
324
291
299
296
226
31
-244
-439
-587
-702
-650
-560
-511
-449
-338
-157
151
513
748
892
881
692
463
254
47
-176
-364
-558
-717
-725
-585
-292
53
266
291
165
-16
-131
-21
236
451
558
424
86
-355
-780
-1024
-981
-711
-403
-83
151
241
299
283
189
26
-176
-382
-525
-505
-437
-272
-123
-75
-162
-402
-618
-749
-646
-420
-125
100
188
247
193
97
31
59
118
222
378
536
714
838
888
840
701
427
114
-51
-86
-63
1
84
-23
-267
-528
-801
-955
-914
-706
-442
-31
386
715
1062
1300
1303
1143
934
571
202
22
-119
-281
-384
-492
-638
-707
-669
-566
-288
45
308
554
677
670
567
486
381
213
34
-109
-158
-229
-270
-287
-326
-375
-392
-287
-95
197
478
628
697
589
338
148
40
-87
-232
-306
-468
-618
-595
-525
-365
-132
40
57
73
111
115
267
430
513
561
497
295
32
-171
-431
-628
-640
-609
-472
-239
38
274
422
414
279
195
97
55
100
150
142
38
-156
-457
-709
-854
-813
-550
-174
152
344
400
328
240
124
-47
-297
-550
-771
-914
-850
-612
-326
-152
-114
-263
-471
-543
-436
-129
240
458
370
139
-100
-314
-329
-180
-10
108
214
294
406
636
864
1034
1081
945
635
326
153
100
158
249
218
-26
-391
-825
-1231
-1454
-1348
-1016
-515
117
654
1050
1276
1305
1154
990
804
572
402
233
8
-248
-470
-687
-845
-884
-792
-584
-291
39
380
665
812
831
702
513
324
148
26
-37
-97
-187
-243
-272
-274
-223
-161
-115
-67
-5
70
203
397
531
592
569
434
208
-76
-348
-561
-667
-677
-608
-448
-262
-127
-57
-4
32
60
141
273
454
601
654
608
437
145
-215
-507
-676
-711
-609
-430
-193
31
196
302
385
439
386
310
215
78
-67
-167
-271
-427
-513
-593
-611
-481
-301
-140
10
74
-13
-36
-12
-71
-128
-222
-428
-639
-697
-642
-477
-238
-153
-187
-271
-359
-355
-185
106
289
291
105
-122
-311
-376
-246
-74
86
217
307
384
584
816
958
1067
1053
835
537
289
123
75
85
59
-33
-236
-545
-875
-1156
-1253
-1124
-799
-293
295
746
1010
1170
1135
1005
909
787
627
504
295
-51
-320
-521
-709
-756
-673
-603
-488
-272
-48
215
521
716
755
699
553
348
211
153
84
-14
-97
-175
-259
-263
-210
-194
-205
-237
-284
-226
-30
233
488
693
724
540
273
-2
-229
-398
-469
-501
-513
-471
-428
-342
-193
-47
32
105
202
245
331
482
589
629
562
350
22
-261
-512
-662
-631
-551
-441
-288
-115
22
189
329
382
383
271
126
8
-90
-185
-242
-299
-408
-480
-534
-503
-379
-243
-142
-65
-35
-73
-65
-95
-191
-305
-418
-520
-526
-425
-338
-218
-123
-123
-195
-216
-182
-123
4
49
-33
-205
-349
-418
-365
-155
35
214
358
461
542
688
869
986
1063
958
715
436
213
62
54
131
111
-13
-254
-573
-913
-1108
-1125
-934
-565
-119
299
638
903
1000
1000
969
911
783
665
535
333
113
-117
-333
-498
-568
-596
-558
-465
-320
-133
84
282
394
435
406
366
311
281
268
232
192
152
80
-35
-113
-199
-305
-362
-362
-279
-79
173
364
479
504
408
283
175
58
-53
-149
-253
-375
-451
-471
-462
-416
-343
-282
-230
-139
4
204
446
652
758
748
577
294
-27
-287
-460
-571
-599
-563
-439
-292
-122
20
125
162
95
47
9
-4
11
51
31
-79
-227
-417
-514
-488
-378
-239
-143
-101
-92
-68
-77
-117
-197
-345
-480
-577
-574
-446
-242
-66
23
-18
-190
-345
-412
-333
-164
-58
-91
-182
-298
-392
-310
-109
125
366
543
609
672
776
863
978
1033
923
650
332
93
-34
-25
61
99
-33
-254
-553
-895
-1049
-982
-790
-427
46
375
636
870
893
810
800
714
591
589
539
396
285
127
-142
-319
-448
-567
-566
-488
-390
-220
-9
108
185
185
111
80
105
176
286
393
444
461
396
268
171
65
-62
-181
-268
-308
-242
-86
87
267
378
372
245
84
-74
-203
-226
-176
-140
-127
-146
-256
-372
-429
-479
-447
-302
-155
60
368
614
775
844
683
358
44
-260
-467
-481
-421
-346
-237
-198
-230
-221
-159
-91
-6
44
48
43
46
62
55
49
8
-71
-173
-267
-343
-374
-336
-313
-269
-213
-221
-290
-369
-463
-552
-549
-473
-344
-173
-47
13
-10
-87
-169
-210
-197
-193
-225
-326
-399
-446
-464
-395
-256
-60
157
388
575
761
919
1027
1083
1047
935
749
537
373
278
221
204
157
9
-200
-488
-854
-1088
-1129
-1008
-675
-227
139
428
645
672
633
618
592
590
644
640
555
479
385
271
165
61
-77
-216
-313
-375
-394
-353
-282
-206
-155
-122
-117
-114
-74
-23
27
72
172
299
446
588
657
603
425
178
-121
-340
-386
-300
-103
162
337
326
235
48
-213
-366
-413
-407
-303
-163
-127
-111
-96
-161
-204
-193
-192
-121
57
218
366
519
563
491
368
158
-66
-214
-309
-364
-360
-337
-303
-207
-120
-53
18
55
43
11
-44
-120
-147
-120
-73
-4
50
80
71
18
-65
-179
-287
-369
-405
-424
-423
-427
-458
-473
-479
-470
-464
-449
-404
-321
-202
-87
23
118
181
172
65
-93
-269
-386
-424
-412
-361
-267
-133
7
188
367
530
691
803
815
743
670
589
540
571
626
648
624
519
278
0
-268
-520
-657
-665
-606
-500
-345
-224
-130
-23
51
104
153
180
182
202
223
239
291
353
404
441
436
389
346
313
274
240
178
78
-26
-140
-255
-326
-343
-337
-303
-268
-266
-271
-260
-238
-199
-140
-86
-37
23
75
117
179
242
289
338
360
330
294
243
148
70
7
-74
-134
-167
-218
-254
-257
-273
-269
-223
-177
-109
-5
80
141
194
199
166
128
70
18
2
15
48
79
87
81
85
86
84
77
46
-6
-79
-165
-249
-299
-308
-267
-185
-118
-79
-56
-43
-43
-54
-62
-62
-54
-64
-84
-106
-136
-146
-130
-100
-81
-71
-67
-73
-73
-61
-24
19
48
46
8
-38
-82
-103
-105
-103
-104
-105
-98
-84
-55
-11
46
103
127
122
90
43
7
-7
-9
-5
18
40
49
40
19
5
5
23
52
95
133
154
156
149
137
125
119
106
80
40
-3
-37
-57
-61
-47
-15
23
53
67
77
86
92
93
85
79
84
100
113
117
108
80
52
22
-2
-14
-14
-16
-29
-57
-92
-106
-99
-81
-55
-18
13
33
50
64
74
77
72
53
21
-9
-34
-50
-60
-70
-72
-65
-51
-32
-18
-18
-25
-37
-53
-61
-58
-47
-30
-23
-34
-49
-61
-66
-52
-25
1
38
76
97
114
122
109
90
66
24
-13
-30
-37
-35
-23
-21
-28
-39
-61
-84
-85
-71
-53
-24
-1
11
19
22
17
7
-8
-29
-51
-71
-84
-83
-65
-39
-19
-12
-8
-7
-10
-8
1
10
21
38
54
70
91
112
123
120
96
54
15
-10
-24
-23
-10
-2
-8
-18
-33
-48
-54
-50
-44
-41
-36
-24
-9
10
24
27
20
1
-25
-54
-74
-85
-86
-77
-62
-44
-22
-2
4
0
-10
-21
-25
-18
-3
16
41
61
69
67
57
41
25
16
11
12
20
28
34
36
36
29
24
24
27
28
25
22
19
17
14
10
1
-11
-22
-37
-49
-51
-44
-27
-6
14
29
37
35
27
14
-2
-17
-25
-32
-36
-30
-20
-10
5
20
31
36
30
14
6
5
7
18
33
41
41
33
16
-6
-26
-41
-43
-38
-31
-19
-11
-11
-16
-21
-29
-34
-41
-46
-46
-44
-40
-33
-22
-15
-8
-5
-10
-10
-5
5
16
27
33
32
28
21
16
9
0
-7
-10
-8
-2
9
21
27
21
9
-6
-15
-11
5
26
38
39
29
18
10
5
5
3
-6
-15
-20
-21
-10
4
9
6
-3
-18
-27
-27
-21
-11
-4
-3
-1
3
9
18
26
29
24
15
6
1
2
6
13
19
22
25
24
20
10
-5
-17
-24
-27
-28
-18
-9
-3
1
5
7
8
8
6
2
-2
-1
5
13
20
20
12
-2
-17
-25
-26
-17
-6
1
6
8
6
3
2
1
0
-2
0
3
7
10
12
13
11
8
4
0
0
1
4
7
8
3
-6
-13
-20
-26
-26
-22
-14
-2
11
22
31
34
30
17
2
-10
-18
-19
-16
-10
-7
-8
-10
-13
-16
-16
-15
-16
-14
-12
-9
0
11
21
28
32
27
17
4
-9
-19
-22
-20
-16
-9
-5
-3
0
0
-4
-6
-6
-6
-6
-6
-8
-8
0
10
21
27
21
10
-5
-13
-10
-2
9
17
18
12
3
-4
-9
-13
-19
-24
-30
-34
-32
-24
-14
-8
-3
-1
0
4
9
13
15
13
11
11
15
19
20
17
9
-1
-10
-15
-13
-9
-5
-3
-5
-6
-1
7
14
20
21
17
13
9
9
12
11
7
0
-6
-8
-6
-2
0
1
1
1
1
2
0
-5
-12
-19
-24
-22
-17
-11
-4
2
5
7
9
11
13
13
12
8
6
6
8
11
12
11
6
-4
-13
-21
-25
-21
-14
-8
-5
-5
-8
-13
-19
-24
-23
-21
-17
-7
3
11
18
19
13
3
-5
-10
-10
-3
7
16
22
22
15
7
-2
-7
-6
0
8
14
20
26
29
33
36
34
32
29
25
20
14
6
-3
-8
-11
-12
-14
-17
-22
-27
-28
-25
-16
-3
6
9
8
3
-1
-2
-1
-2
-4
-9
-17
-25
-30
-30
-28
-23
-18
-16
-11
-9
-8
-8
-8
-7
-2
8
17
26
30
28
20
8
-5
-16
-21
-22
-18
-13
-7
-2
2
6
5
1
-3
-5
-1
7
16
23
25
21
13
4
-2
-4
-7
-7
-4
0
6
12
13
10
5
0
0
6
16
25
31
34
31
25
19
12
4
-2
-9
-14
-18
-16
-10
-4
2
2
-3
-9
-16
-20
-18
-13
-8
-4
-4
-9
-17
-25
-31
-36
-34
-29
-24
-18
-11
-6
-2
0
2
3
4
8
11
16
21
24
26
25
21
16
11
5
3
4
4
6
9
11
12
13
12
10
8
6
7
7
5
3
-2
-6
-6
-5
-4
-4
-9
-14
-17
-14
-10
-4
0
-3
-9
-16
-20
-18
-11
-4
4
10
10
11
11
10
8
7
5
4
6
9
10
9
5
-3
-10
-13
-14
-12
-7
-4
-3
-2
-1
-1
0
2
-1
-4
-9
-13
-16
-16
-13
-13
-13
-11
-9
-5
-1
0
-1
-4
-4
-3
3
9
11
11
7
3
1
2
6
8
8
5
0
1
6
17
28
37
40
36
26
13
4
-2
-4
-4
-3
0
1
-1
-5
-11
-17
-22
-23
-21
-17
-7
1
6
8
7
4
-2
-5
-9
-14
-15
-17
-14
-5
3
8
9
9
5
-2
-4
-3
7
17
28
34
36
35
24
14
7
2
4
5
9
8
6
0
-11
-18
-26
-30
-25
-21
-17
-16
-18
-20
-19
-13
-12
-6
0
-1
-2
-6
-7
-1
10
18
18
15
6
-2
-8
-13
-10
-5
6
15
20
23
21
16
6
-1
-3
-1
5
6
9
12
5
-2
-11
-18
-20
-24
-26
-32
-21
-9
-6
-4
-17
-15
-14
-12
-7
-6
4
-3
-3
-4
-1
19
29
37
30
20
4
-11
-1
-4
7
21
20
20
1
-5
-10
-9
-6
-24
-24
-24
-15
-4
-9
0
-2
0
1
-12
-13
-10
3
3
-11
-18
-20
2
12
9
8
-2
-10
-13
-10
4
29
51
51
40
25
6
-8
-6
0
5
13
16
20
25
19
9
-9
-30
-33
-32
-17
1
14
30
15
4
-3
-6
1
-2
0
-6
-4
-5
-10
9
16
21
22
5
5
-11
-19
-6
4
14
5
3
-7
-16
-27
-51
-36
-20
-2
7
-11
-1
-1
8
-3
-24
-27
-36
5
13
17
21
9
7
-20
-42
-55
-20
24
43
40
16
-11
-8
9
-5
12
29
50
62
50
46
28
25
8
-9
-13
-9
-4
-20
-6
-2
-16
-24
-8
-12
-8
-12
-63
-49
-51
-34
-9
23
47
22
19
-5
-11
-9
-11
-9
17
33
27
7
6
6
-13
7
0
-1
3
8
25
16
-13
-41
-74
-60
-33
-25
-6
-5
-5
-22
-27
-45
-43
-6
35
70
58
26
-11
-17
3
17
6
7
32
62
64
27
-13
-1
42
38
47
58
72
86
56
25
11
25
36
58
68
46
8
-51
-66
-61
-51
-47
-33
6
13
0
-47
-87
-74
-76
-57
-36
-10
21
-4
-5
-54
-67
-57
-55
19
46
72
70
28
7
-16
-14
-7
8
44
31
38
-3
-64
-39
-48
-28
-29
-38
-36
-48
-36
-37
-30
-8
-30
-40
-34
-29
23
24
30
-3
-30
-26
-54
8
50
90
104
40
-9
-58
-51
-11
47
102
87
71
26
-30
-35
-61
-33
14
34
55
43
43
1
-24
-37
-58
-11
6
40
45
14
2
-49
-71
-84
-41
37
53
37
-30
-72
-77
-88
-51
-3
74
119
84
16
-74
-86
-36
5
50
79
105
103
46
-13
-46
-2
47
50
58
40
47
59
31
24
21
27
32
34
18
-27
-29
-36
-40
-24
-39
-40
3
22
-4
-41
-61
-30
12
32
40
68
83
56
8
-54
-42
17
31
58
75
52
20
-37
-94
-85
-21
-8
-34
-73
-93
-99
-133
-178
-167
-116
-118
-143
-206
-233
-198
-176
-165
-161
-142
-128
-127
-140
-160
-156
-86
-29
7
51
93
125
128
134
108
144
228
258
293
332
361
365
355
300
248
285
284
239
229
219
189
136
40
-51
-55
-14
-10
-44
-70
-133
-209
-285
-336
-290
-194
-86
-83
-104
-131
-172
-157
-97
10
121
213
210
200
193
180
217
258
259
266
256
195
179
168
165
157
136
88
54
28
-58
-112
-162
-180
-175
-189
-205
-226
-234
-245
-297
-332
-297
-252
-199
-161
-141
-111
-62
-71
-84
-31
-8
45
135
185
197
158
58
18
88
156
185
156
61
-8
-67
-143
-149
-76
-19
-46
-168
-332
-382
-343
-326
-329
-339
-397
-418
-404
-429
-425
-400
-352
-310
-216
-141
-76
-8
-18
-11
38
156
315
457
487
471
463
463
552
632
682
680
588
432
318
362
428
480
419
250
103
-27
-96
-114
-55
-51
-130
-276
-410
-475
-455
-425
-472
-457
-437
-375
-323
-273
-255
-248
-253
-273
-181
-43
158
296
294
185
105
55
93
255
395
538
584
483
284
155
118
174
329
402
411
369
256
83
-77
-120
-72
47
101
39
-51
-154
-275
-409
-407
-314
-202
-93
-84
-153
-222
-260
-324
-279
-145
-40
40
108
105
83
80
30
74
140
199
247
323
372
343
266
114
75
80
105
144
169
159
92
-51
-228
-262
-220
-169
-180
-238
-279
-307
-395
-529
-555
-496
-422
-359
-396
-423
-385
-391
-468
-513
-479
-403
-219
-152
-232
-267
-233
-199
-120
20
83
180
238
217
219
314
414
417
452
502
560
603
648
609
528
531
438
365
429
531
506
419
254
16
-27
0
19
24
23
-111
-250
-329
-397
-376
-322
-276
-349
-367
-379
-341
-256
-191
-170
-179
-121
-80
2
44
97
124
119
115
140
191
230
287
246
207
195
187
184
193
174
120
113
84
35
21
30
1
-35
-52
-116
-154
-103
-88
-113
-104
-113
-134
-96
-99
-176
-131
-64
-64
2
64
52
50
60
8
20
124
173
208
262
210
112
72
68
112
218
306
271
193
65
-44
-56
13
82
98
77
-17
-105
-185
-211
-198
-151
-126
-168
-215
-243
-265
-307
-310
-343
-333
-257
-199
-211
-240
-262
-337
-326
-286
-232
-112
-33
-97
-237
-324
-364
-260
-81
-40
-83
-99
-112
-136
-99
-51
4
109
163
126
128
223
263
241
253
310
399
526
570
469
404
345
273
292
428
552
571
483
217
37
23
88
174
233
175
18
-98
-238
-321
-301
-215
-187
-189
-242
-330
-346
-338
-323
-310
-247
-195
-102
-40
-74
-157
-186
-140
-68
43
99
155
174
137
38
-10
40
100
169
178
144
137
166
142
95
98
129
173
207
158
104
110
81
45
47
63
73
83
23
-71
-98
-92
-50
11
38
-14
-62
-73
-79
-60
-36
-1
26
23
-36
-116
-114
-11
103
149
109
61
28
-10
-17
12
102
183
200
122
21
-38
-60
-28
34
77
41
-31
-125
-189
-210
-197
-180
-189
-194
-222
-280
-341
-356
-348
-344
-324
-321
-326
-286
-298
-358
-390
-398
-414
-356
-245
-238
-224
-216
-228
-194
-100
-23
42
173
213
203
228
277
327
390
479
524
572
608
592
511
495
526
496
500
531
537
483
413
246
122
146
152
113
67
4
-141
-232
-318
-384
-378
-329
-336
-405
-434
-482
-467
-417
-351
-316
-268
-224
-217
-187
-160
-117
-66
9
68
128
139
148
161
175
212
252
293
271
252
194
154
167
196
256
289
269
163
65
12
-21
23
81
95
89
27
-82
-158
-145
-126
-104
-60
-75
-67
-37
-60
-90
-81
-73
-60
13
56
56
68
40
-10
-11
17
76
176
266
256
181
87
26
51
110
167
187
184
138
62
-22
-84
-94
-72
-27
-13
-50
-126
-212
-305
-330
-295
-264
-251
-274
-326
-386
-399
-420
-394
-298
-232
-234
-290
-353
-382
-318
-246
-223
-197
-185
-200
-194
-186
-184
-136
-52
-24
-7
65
100
129
159
162
175
249
326
343
414
450
410
376
375
386
441
512
484
438
393
327
267
283
295
283
281
195
67
-28
-70
-117
-113
-107
-156
-211
-248
-327
-390
-350
-309
-254
-216
-217
-252
-242
-225
-239
-191
-108
-22
39
46
7
-7
11
48
77
139
209
253
229
137
86
82
144
199
233
243
245
229
136
52
32
64
113
173
149
67
26
-16
-80
-79
-16
0
45
24
-67
-103
-65
-60
-82
-26
-41
-31
2
-21
-58
-33
10
-14
14
25
29
75
129
100
62
65
56
69
72
61
49
90
85
37
-11
-54
-74
-73
-56
-64
-57
-84
-162
-254
-289
-260
-221
-201
-244
-313
-324
-322
-336
-327
-275
-242
-254
-286
-358
-336
-257
-209
-218
-246
-256
-256
-184
-164
-173
-160
-103
-50
-20
55
76
112
148
160
149
209
330
352
404
419
380
367
439
470
474
554
508
426
385
366
319
363
375
281
242
169
54
-46
-41
-76
-78
-90
-196
-293
-328
-337
-378
-328
-289
-268
-285
-309
-324
-289
-213
-178
-134
-101
-51
-26
-1
0
23
60
90
125
141
178
204
228
203
187
189
201
219
232
226
213
232
205
162
114
93
89
119
110
45
26
-10
-58
-108
-94
-81
-40
-25
-83
-97
-108
-103
-130
-97
-81
-63
-20
-23
-13
-28
-19
-51
-44
-9
36
94
128
126
85
73
61
77
99
120
103
99
90
54
15
-42
-81
-92
-70
-83
-90
-109
-169
-259
-310
-315
-273
-208
-209
-288
-357
-366
-385
-353
-303
-266
-263
-260
-309
-358
-300
-247
-199
-190
-183
-215
-171
-101
-112
-100
-81
1
48
111
124
119
175
187
222
238
336
385
400
401
360
383
431
520
478
461
439
387
324
288
309
285
326
241
152
70
40
-21
-78
-61
-112
-113
-175
-244
-351
-356
-335
-311
-255
-246
-243
-280
-239
-228
-180
-121
-44
8
15
38
38
88
141
167
133
151
188
198
194
199
187
176
208
168
134
147
167
117
91
94
62
55
38
-18
-51
-18
-23
-35
-40
-75
-139
-132
-95
-101
-63
-46
-44
-56
-53
-82
-84
-2
30
43
37
45
51
79
75
21
27
78
117
115
110
74
64
64
48
22
37
57
16
-15
-58
-83
-98
-108
-150
-187
-179
-185
-173
-187
-227
-269
-273
-266
-254
-202
-200
-226
-259
-281
-271
-218
-154
-154
-151
-183
-226
-217
-185
-139
-105
-67
-96
-130
-131
-112
-62
-33
-22
-39
2
47
65
80
99
142
179
244
260
289
322
319
305
321
388
421
462
430
356
301
279
257
251
294
284
249
159
52
-10
-3
3
-33
-42
-76
-118
-175
-239
-287
-271
-216
-199
-202
-222
-232
-217
-174
-143
-91
-25
20
36
27
28
48
115
156
169
158
137
135
143
150
137
161
175
163
130
87
68
72
74
40
31
28
13
-17
-55
-75
-65
-31
-32
-42
-71
-101
-109
-95
-53
-30
0
10
8
-17
-44
-31
9
66
88
86
58
58
54
55
52
42
55
62
68
25
0
-18
-5
4
-17
-46
-77
-85
-99
-94
-110
-112
-114
-124
-155
-175
-172
-164
-133
-154
-183
-207
-197
-187
-161
-130
-149
-165
-188
-184
-172
-136
-128
-132
-122
-155
-185
-190
-150
-121
-96
-98
-131
-135
-121
-102
-87
-59
-57
-44
-13
13
37
74
121
151
198
231
255
281
289
295
321
369
410
435
431
385
332
288
259
262
277
269
224
154
48
-32
-48
-40
-40
-58
-104
-179
-237
-289
-316
-287
-228
-202
-209
-226
-240
-220
-163
-98
-45
24
67
76
74
95
137
188
248
258
253
237
213
176
172
190
187
182
152
112
68
59
47
32
23
-4
-33
-74
-105
-130
-129
-108
-104
-118
-127
-112
-114
-120
-106
-73
-34
0
5
-3
24
38
33
48
82
106
119
126
96
78
82
86
84
84
70
43
35
16
-16
-43
-41
-39
-47
-71
-116
-135
-125
-108
-128
-144
-154
-148
-137
-151
-161
-155
-118
-115
-114
-123
-120
-99
-89
-72
-78
-76
-100
-106
-103
-94
-77
-91
-98
-118
-127
-152
-145
-134
-124
-104
-129
-158
-184
-169
-156
-122
-106
-116
-111
-108
-88
-71
-14
29
81
121
136
159
171
220
245
301
337
366
381
367
350
296
305
299
313
303
285
234
154
96
17
19
19
34
-5
-54
-119
-195
-215
-238
-199
-169
-144
-169
-190
-188
-170
-122
-72
0
45
81
78
85
108
151
186
193
206
196
192
169
152
141
144
144
119
93
62
59
47
31
2
-21
-39
-58
-76
-112
-106
-92
-81
-93
-108
-105
-104
-75
-81
-60
-21
8
15
-4
10
13
59
71
57
52
59
74
55
63
46
58
61
49
22
5
21
11
10
-31
-61
-71
-49
-43
-62
-71
-83
-68
-69
-73
-85
-82
-67
-68
-77
-85
-81
-72
-71
-74
-84
-81
-75
-81
-90
-104
-110
-134
-144
-153
-143
-136
-150
-171
-208
-195
-197
-187
-197
-185
-161
-164
-152
-197
-185
-167
-118
-94
-88
-60
-73
-26
-26
17
60
124
173
173
214
205
258
275
317
347
371
399
361
352
308
308
285
273
255
227
201
128
68
3
-11
-24
-32
-46
-77
-114
-172
-211
-226
-197
-155
-135
-150
-155
-145
-111
-78
-36
19
72
128
125
139
158
199
227
228
230
199
213
192
168
137
116
116
89
81
30
3
-12
-24
-36
-62
-66
-100
-112
-132
-157
-152
-121
-84
-97
-107
-130
-122
-76
-36
-10
10
44
38
39
43
63
104
130
126
97
96
96
95
90
77
65
61
43
24
8
5
-8
-36
-57
-93
-92
-96
-85
-95
-115
-125
-135
-117
-128
-119
-119
-95
-85
-98
-114
-130
-106
-100
-84
-79
-68
-65
-77
-101
-125
-112
-100
-98
-113
-121
-137
-150
-170
-194
-186
-163
-141
-151
-161
-177
-168
-147
-151
-160
-159
-116
-87
-79
-104
-108
-69
-26
11
21
76
137
191
196
185
216
278
344
363
375
379
382
359
318
301
321
323
289
224
174
138
111
78
24
4
-33
-57
-98
-113
-129
-155
-166
-199
-200
-195
-164
-143
-118
-94
-92
-67
-17
37
88
124
142
142
157
184
186
218
211
185
143
136
132
119
138
99
78
40
23
-8
-11
10
-22
-12
-41
-72
-128
-137
-120
-125
-84
-86
-72
-80
-85
-117
-112
-35
8
51
55
53
26
40
49
56
101
128
122
80
65
33
47
63
60
39
19
11
-11
5
-14
-32
-59
-74
-95
-114
-108
-105
-85
-93
-118
-155
-158
-147
-128
-108
-95
-81
-95
-127
-169
-167
-136
-87
-55
-61
-78
-120
-151
-160
-118
-72
-52
-56
-107
-152
-173
-158
-131
-85
-61
-96
-132
-154
-137
-101
-56
-58
-83
-101
-123
-124
-99
-53
-45
-24
-21
-18
13
63
126
153
203
209
231
269
305
340
340
356
317
322
306
293
290
268
246
160
139
90
95
78
32
5
-44
-46
-122
-126
-142
-118
-96
-129
-148
-191
-141
-134
-90
-52
-21
40
54
71
52
98
143
175
211
193
188
174
162
138
116
133
116
118
104
65
47
22
12
-32
-34
-40
-52
-33
-48
-73
-112
-127
-157
-163
-128
-101
-60
-23
-35
-83
-96
-68
-17
53
107
100
99
81
39
20
51
112
135
142
91
51
31
20
14
12
24
2
-14
-27
-33
-47
-65
-89
-109
-116
-114
-117
-103
-80
-87
-111
-154
-151
-139
-104
-82
-79
-63
-83
-113
-165
-164
-132
-96
-54
-51
-68
-116
-157
-173
-132
-43
-5
-25
-91
-153
-167
-145
-96
-56
-11
-24
-98
-163
-169
-90
-5
32
-25
-91
-131
-122
-75
-39
1
10
21
-21
-18
43
111
167
150
150
155
224
242
231
258
265
270
240
259
263
293
261
144
88
106
169
157
141
73
23
8
-38
-51
-1
76
33
-44
-115
-145
-100
-44
-26
-27
9
-7
-40
-28
22
74
109
93
46
46
94
107
103
113
94
74
46
47
57
105
133
74
26
-17
-20
-38
-31
-16
-20
3
-35
-74
-100
-85
-80
-95
-51
-26
-1
-6
-48
-83
-78
-28
-13
10
44
31
13
-6
-17
-8
24
47
24
32
30
12
12
5
-7
-37
-40
-57
-42
7
8
-27
-78
-101
-122
-104
-78
-74
-59
-66
-106
-160
-162
-142
-114
-75
-61
-65
-75
-88
-125
-128
-95
-71
-46
-25
-31
-62
-83
-106
-109
-55
7
28
17
-25
-85
-106
-75
-30
20
52
6
-64
-109
-115
-89
-38
4
-8
-23
-74
-122
-119
-75
-31
-24
-9
-34
-36
-35
-56
-61
-47
4
17
47
58
49
37
9
13
52
150
202
198
157
101
79
83
138
195
253
246
168
88
44
78
128
185
187
148
91
27
19
42
93
112
113
85
43
31
36
66
80
83
68
55
65
70
82
80
68
54
46
60
66
74
57
28
9
-10
-4
-2
9
-3
-30
-55
-76
-61
-51
-43
-53
-68
-77
-87
-76
-62
-42
-30
-45
-55
-61
-44
-27
-21
-7
-10
-8
-14
-11
-6
-1
7
-8
-15
-19
-15
-15
-16
-29
-45
-50
-52
-51
-47
-36
-43
-60
-78
-81
-68
-54
-49
-52
-55
-63
-71
-69
-54
-38
-21
-21
-24
-26
-18
-10
-12
-9
-10
1
-2
-7
-11
-17
-23
-38
-31
-23
-16
-23
-40
-47
-52
-43
-37
-33
-30
-43
-59
-75
-67
-48
-30
-18
-26
-34
-48
-51
-47
-29
-4
5
6
-10
-20
-25
-21
-13
-4
18
24
25
14
5
4
11
26
41
61
62
53
38
33
38
53
77
89
94
89
81
76
73
82
94
109
115
104
97
85
77
73
74
77
73
75
72
65
48
37
32
35
44
43
41
26
13
-2
-10
-6
-6
5
8
0
-16
-25
-27
-26
-15
-10
-8
-6
-7
-11
-14
-17
-20
-11
-7
-9
-8
-4
1
-3
-8
-6
-3
7
8
4
-2
-13
-19
-23
-17
-10
-13
-16
-27
-39
-49
-56
-50
-44
-37
-36
-44
-46
-43
-47
-56
-65
-64
-53
-47
-38
-34
-20
-8
-14
-22
-28
-21
-9
2
7
9
17
27
23
10
-3
-18
-19
-15
-8
-3
8
17
2
-15
-27
-43
-47
-36
-21
-16
-14
-21
-32
-29
-26
-31
-33
-24
-23
-12
-5
-12
-9
3
23
14
1
-8
-6
11
14
14
12
26
36
35
23
10
1
5
18
13
20
29
42
39
23
14
0
4
19
27
34
37
28
27
23
23
12
10
19
17
30
32
30
23
19
19
10
8
11
16
21
25
11
6
0
-3
1
-5
0
-8
-8
-9
-15
-21
-24
-17
-17
-10
-6
-8
-13
-12
-19
-21
-13
-14
-10
-7
-2
-4
-6
0
-6
-4
0
0
5
5
0
0
0
0
0
0
0
0
0
0
0
0
0
0
0
0
0
0
0
0
0
0
0
0
0
0
0
0
0
0
0
0
0
0
0
0
0
0
0
0
0
0
0
0
0
0
0
0
0
0
0
0
0
0
0
0
0
0
0
0
0
0
0
0
0
0
0
0
0
0
0
0
0
0
0
0
0
0
0
0
0
0
0
0
0
0
0
0
0
0
0
0
0
0
0
0
0
0
0
0
0
0
0
0
0
0
0
0
0
0
0
0
0
0
0
0
0
0
0
0
0
0
0
0
0
0
0
0
0
0
0
0
0
0
0
0
0
0
0
0
0
0
0
0
0
0
0
0
0
0
0
0
0
0
0
0
0
0
0
0
0
0
0
0
0
0
0
0
0
0
0
0
0
0
0
0
0
0
0
0
0
0
0
0
0
0
0
0
0
0
0
0
0
0
0
0
0
0
0
0
0
0
0
0
0
0
0
0
0
0
0
0
0
0
0
0
0
0
0
0
0
0
0
0
0
0
0
0
0
0
0
0
0
0
0
0
0
0
0
0
0
0
0
0
0
0
0
0
0
0
0
0
0
0
0
0
0
0
0
0
0
0
0
0
0
0
0
0
0
0
0
0
0
0
0
0
0
0
0
0
0
0
0
0
0
0
0
0
0
0
0
0
0
0
0
0
0
0
0
0
0
0
0
0
0
0
0
0
0
0
0
0
0
0
0
0
0
0
0
0
0
0
0
0
0
0
0
0
0
0
0
0
0
0
0
0
0
0
0
0
0
0
0
0
0
0
0
0
0
0
0
0
0
0
0
0
0
0
0
0
0
0
0
0
0
0
0
0
0
0
0
0
0
0
0
0
0
0
0
0
0
0
0
0
0
0
0
0
0
0
0
0
0
0
0
0
0
0
0
0
0
0
0
0
0
0
0
0
0
0
0
0
0
0
0
0
0
0
0
0
0
0
0
0
0
0
0
0
0
0
0
0
0
0
0
0
0
0
0
0
0
0
0
0
0
0
0
0
0
0
0
0
0
0
0
0
0
0
0
0
0
0
0
0
0
0
0
0
0
0
0
0
0
0
0
0
0
0
0
0
0
0
0
0
0
0
0
0
0
0
0
0
0
0
0
0
0
0
0
0
0
0
0
0
0
0
0
0
0
0
0
0
0
0
0
0
0
0
0
0
0
0
0
0
0
0
0
0
0
0
0
0
0
0
0
0
0
0
0
0
0
0
0
0
0
0
0
0
0
0
0
0
0
0
0
0
0
0
0
0
0
0
0
0
0
0
0
0
0
0
0
0
0
0
0
0
0
0
0
0
0
0
0
0
0
0
0
0
0
0
0
0
0
0
0
0
0
0
0
0
0
0
0
0
0
0
0
0
0
0
0
0
0
0
0
0
0
0
0
0
0
0
0
0
0
0
0
0
0
0
0
0
0
0
0
0
0
0
0
0
0
0
0
0
0
0
0
0
0
0
0
0
0
0
0
0
0
0
0
0
0
0
0
0
0
0
0
0
0
0
0
0
0
0
0
0
0
0
0
0
0
0
0
0
0
0
0
0
0
0
0
0
0
0
0
0
0
0
0
0
0
0
0
0
0
0
0
0
0
0
0
0
0
0
0
0
0
0
0
0
0
0
0
0
0
0
0
0
0
0
0
0
0
0
0
0
0
0
0
0
0
0
0
0
0
0
0
0
0
0
0
0
0
0
0
0
0
0
0
0
0
0
0
0
0
0
0
0
0
0
0
0
0
0
0
0
0
0
0
0
0
0
0
0
0
0
0
0
0
0
0
0
0
0
0
0
0
0
0
0
0
0
0
0
0
0
0
0
0
0
0
0
0
0
0
0
0
0
0
0
0
0
0
0
0
0
0
0
0
0
0
0
0
0
0
0
0
0
0
0
0
0
0
0
0
0
0
0
0
0
0
0
0
0
0
0
0
0
0
0
0
0
0
0
0
0
0
0
0
0
0
0
0
0
0
0
0
0
0
0
0
0
0
0
0
0
0
0
0
0
0
0
0
0
0
0
0
0
0
0
0
0
0
0
0
0
0
0
0
0
0
0
0
0
0
0
0
0
0
0
0
0
0
0
0
0
0
0
0
0
0
0
0
0
0
0
0
0
0
0
0
0
0
0
0
0
0
0
0
0
0
0
0
0
0
0
0
0
0
0
0
0
0
0
0
0
0
0
0
0
0
0
0
0
0
0
0
0
0
0
0
0
0
0
0
0
0
0
0
0
0
0
0
0
0
0
0
0
0
0
0
0
0
0
0
0
0
0
0
0
0
0
0
0
0
0
0
0
0
0
0
0
0
0
0
0
0
0
0
0
0
0
0
0
0
0
0
0
0
0
0
0
0
0
0
0
0
0
0
0
0
0
0
0
0
0
0
0
0
0
0
0
0
0
0
0
0
0
0
0
0
0
0
0
0
0
0
0
0
0
0
0
0
0
0
0
0
0
0
0
0
0
0
0
0
0
0
0
0
0
0
0
0
0
0
0
0
0
0
0
0
0
0
0
0
