11
7
2
3
2
-6
-9
-11
-8
7
10
7
5
2
0
12
12
4
0
-6
-8
-24
-28
-18
-11
-9
5
-4
-20
-23
-19
-14
-9
0
-15
-18
-12
-19
-19
-8
6
19
20
22
18
17
37
36
47
57
45
41
20
10
25
31
42
53
47
55
58
44
40
42
48
52
58
71
71
57
38
35
40
47
55
43
40
31
23
36
33
43
64
67
58
42
41
32
33
51
54
68
59
32
18
19
21
14
34
46
30
17
6
1
10
20
32
22
1
-11
-29
-20
6
20
22
10
1
-4
-16
-13
-5
4
0
-19
-34
-33
-25
-10
-10
-11
0
-16
-24
-24
-26
-21
-15
-16
-11
9
24
35
32
21
7
-4
6
11
28
20
-8
-16
-28
-17
-3
1
14
8
-16
-27
-28
-30
-16
3
-1
-12
-20
-41
-56
-53
-34
-3
9
1
-21
-51
-63
-46
-35
-17
10
20
14
-6
-19
-23
-30
-24
-7
2
2
-8
-34
-54
-47
-27
4
45
37
0
-41
-80
-72
-41
8
38
18
-29
-61
-53
-36
-22
-12
-17
-27
-46
-53
-29
-21
-21
-12
-24
-39
-34
-36
-34
-33
-37
-42
-62
-57
-41
-40
-26
-37
-62
-59
-61
-47
-18
-19
-21
-34
-63
-60
-42
-38
-34
-20
-18
-35
-46
-49
-33
6
11
-13
-21
-27
-28
-17
0
17
10
-17
-28
-26
-18
-1
9
11
3
-26
-48
-56
-51
-34
-26
-20
-41
-74
-90
-77
-31
4
-3
-45
-77
-68
-45
-14
3
-4
-11
-17
-15
17
39
25
20
4
-3
9
23
17
-10
-3
-3
2
37
51
41
30
39
51
29
22
21
26
62
54
44
52
37
47
64
60
41
24
14
-2
5
50
90
110
98
81
57
18
37
69
78
104
90
22
-19
-28
0
73
123
115
61
0
-17
2
20
33
38
50
67
26
-55
-69
19
75
34
82
197
159
11
-93
-47
70
91
96
106
75
-7
-108
-109
-30
71
112
43
-4
27
-13
-108
-51
112
161
53
-27
-8
9
27
56
96
107
16
-90
-72
51
101
44
-4
-54
-88
-69
-17
52
72
19
-39
-47
-17
3
-10
0
41
54
46
-2
-77
-104
-109
-95
-29
11
-77
-172
-100
-2
25
52
61
-15
-86
-86
-99
-81
-68
-82
-79
-62
-10
54
83
41
6
40
119
181
157
93
23
-43
-36
-17
-41
-34
-5
-3
16
52
17
-29
-30
-47
-59
-48
-96
-138
-83
-45
-61
-25
30
59
83
95
70
30
39
24
6
15
-43
-76
-79
-113
-93
-45
-16
22
30
-9
-13
32
30
-36
-58
-52
-121
-154
-93
1
55
-1
-14
27
3
-33
-35
-4
27
19
-31
-80
-74
-21
16
-23
-74
-70
-82
-112
-59
40
14
-55
-33
-22
-47
-48
-32
18
46
-43
-58
-28
-74
-72
-23
26
43
2
-26
-21
-32
-48
-50
21
24
-31
-51
-187
-197
-96
-105
-16
7
-17
36
-85
-125
-46
-58
0
53
71
78
-41
-86
22
106
139
159
117
20
48
81
55
94
-10
-116
-84
-82
2
20
-54
-68
-104
-64
-14
1
49
23
-21
-31
-53
-16
10
-13
-26
-3
79
124
149
151
83
19
-12
26
72
-19
-96
-126
-193
-88
-21
-83
-6
7
-23
83
113
55
6
-58
-71
-16
108
186
122
47
-3
-62
-44
74
176
226
156
-15
-66
-8
10
23
126
132
-23
-73
-79
-52
46
40
155
248
85
77
53
-54
38
32
109
214
0
-66
-118
-244
-94
-44
-91
-34
-53
-97
-99
-27
51
63
67
-17
-13
73
13
35
54
-37
-77
-106
-28
58
14
21
-17
-61
-8
-39
-16
65
34
67
94
-2
7
-7
-40
90
46
-48
47
-8
-38
75
34
21
70
-78
-99
38
-53
-44
-2
-175
-144
9
45
120
137
20
-108
-77
24
63
173
179
27
-64
-98
-119
-76
61
138
41
-10
-45
-159
-77
7
-3
40
-93
-185
-95
-44
75
125
81
43
-100
-142
-67
17
114
41
-67
-128
-192
-107
-28
68
139
-56
-148
-137
-199
26
153
6
22
-44
-59
106
147
199
186
37
-5
-13
-8
1
-74
-96
-211
-328
-255
-223
-190
-83
-53
8
149
118
-1
61
158
150
245
280
115
53
10
-75
-24
-13
-103
-115
-68
-90
-61
55
-23
-71
20
-20
6
41
-24
-53
-143
-139
-74
-51
46
22
32
38
-10
131
119
48
70
-81
-119
-38
-4
106
76
-44
-71
-122
-143
-65
82
198
187
57
-115
-174
-98
86
274
354
305
57
-157
-187
-153
-4
142
174
176
57
-65
-110
-81
89
160
155
202
133
44
57
3
30
101
62
205
253
98
10
-123
-143
-51
-33
68
132
27
-26
-53
-102
-17
101
117
141
85
-64
-78
-127
-176
-36
-8
-42
46
40
-12
4
-96
-148
-95
-112
-121
-187
-333
-472
-608
-687
-693
-663
-628
-719
-773
-745
-845
-869
-823
-737
-609
-658
-645
-580
-714
-737
-692
-762
-641
-489
-588
-490
-213
-571
-714
-257
-310
-27
444
140
254
572
-150
-101
1816
2988
3131
3172
1841
583
473
87
662
1843
1490
564
-292
-832
-594
-298
329
991
839
653
496
211
416
747
695
699
897
827
773
903
633
270
80
-93
-24
102
98
-36
-304
-502
-832
-1107
-730
-331
-333
-112
55
-190
-330
-323
-182
328
770
644
436
577
526
331
556
425
-320
-411
-232
-316
271
746
505
305
-123
-488
-295
77
428
574
534
344
-49
-248
-23
273
489
740
724
486
399
116
-306
-332
-228
-205
-154
-284
-506
-616
-780
-861
-744
-623
-569
-667
-725
-705
-889
-1102
-1237
-1372
-1496
-1577
-1542
-1596
-1753
-1882
-2103
-2227
-2202
-2436
-2669
-2728
-3140
-3295
-3025
-3048
-2799
-2461
-2332
-1855
-1469
-1502
-1669
-976
596
2746
6339
8192
7420
6162
2796
-924
-813
590
1335
2585
1668
-1531
-3833
-4521
-3654
-1570
205
917
885
63
-587
-129
1087
2572
3294
3218
3427
3448
3047
3128
2964
1993
1085
31
-790
-681
-757
-1187
-1577
-2098
-2463
-2470
-1655
-246
728
1231
1353
812
136
-359
-771
-534
46
171
122
-14
-435
-901
-1385
-1655
-1536
-1099
-273
512
1198
1629
1203
514
-5
-260
142
791
1381
1552
1119
558
-31
-105
377
1019
1602
1777
2255
2339
1721
1338
376
-311
372
760
1078
1652
1158
361
-212
-633
-404
192
805
1231
1335
1298
1000
597
518
534
370
273
241
23
-164
-466
-921
-1161
-1230
-1252
-1222
-1069
-1026
-1118
-957
-558
-215
15
81
-153
-283
-202
-273
-400
-538
-948
-1603
-1999
-2085
-2073
-1914
-1816
-1857
-1858
-1932
-2000
-2101
-2036
-1951
-2244
-1965
-1634
-1987
-1992
-2255
-2905
-2737
-2799
-3098
-2425
-2192
-2160
-249
2667
6061
8167
7953
6785
4190
312
-1509
183
1598
2614
2821
28
-3082
-4562
-4590
-3238
-1326
-61
310
125
-104
370
1609
3182
4113
4041
3880
3824
3802
3966
3711
2696
1200
-462
-1672
-1973
-1834
-1669
-1680
-2097
-2478
-2512
-1832
-249
1350
2349
2769
2386
1554
829
232
85
298
218
-275
-728
-1253
-1894
-2320
-2662
-2726
-2351
-1487
-275
795
1699
1934
1377
826
298
128
637
1034
1063
797
132
-688
-1139
-961
-639
-327
-131
-263
106
499
719
1531
1803
1618
1544
766
216
501
512
640
848
110
-783
-1090
-998
-3
1360
2115
2373
1905
859
-106
-656
-632
-265
-74
-63
-143
-471
-939
-1366
-1565
-1627
-1395
-858
-54
1006
1508
1333
684
-225
-725
-810
-459
186
304
-159
-1290
-2562
-3222
-3670
-3398
-2543
-2002
-1615
-1416
-1686
-2066
-2257
-2461
-2606
-2442
-2168
-2281
-2619
-3019
-3455
-3946
-4225
-3975
-3493
-2466
-1577
-991
750
4466
7739
8192
7862
6816
3574
138
-237
919
2267
3563
2083
-1526
-4329
-5346
-4671
-2884
-1048
-10
472
542
569
1938
4261
5694
5759
4988
4242
3872
3870
4134
3849
2610
541
-1727
-3016
-3030
-2491
-1786
-1257
-1200
-1629
-1833
-766
936
2434
3309
3163
2424
1451
188
-740
-748
-700
-1305
-1849
-2080
-2232
-2295
-2677
-2910
-2532
-1830
-801
566
2229
3295
2919
1813
774
20
-124
131
459
661
272
-771
-1852
-2036
-1424
-916
-450
14
320
712
992
1209
1568
1927
1944
1360
1446
2110
1715
1752
2008
623
-213
-467
-1484
-831
901
1372
1788
2045
1176
238
-107
-227
-222
184
263
-207
-281
-293
-790
-1146
-1189
-1267
-1038
-156
994
1988
2687
2460
1196
-4
-761
-1262
-1045
-499
-553
-1160
-1989
-2793
-3348
-3208
-2687
-2152
-1326
-728
-511
-418
-671
-1016
-1326
-1569
-1480
-1624
-2013
-2331
-3055
-4053
-4956
-5895
-5726
-4696
-3944
-2699
-1878
-1361
-670
-1055
-367
4160
7962
8187
7960
7525
4723
246
-1874
-1365
430
2128
1170
-2133
-5267
-6337
-4987
-2623
-769
337
803
861
1164
2865
5746
7349
6648
4716
2643
1598
1821
2481
2771
2071
-50
-2630
-4018
-3829
-2875
-2024
-1318
-1122
-1189
-644
670
2722
4232
4038
2688
1006
-419
-1381
-1731
-1248
-916
-1644
-2812
-3727
-3788
-2915
-2373
-2057
-1148
-532
-65
1021
2481
3686
3770
2450
611
-423
-467
-253
133
490
-12
-1357
-2707
-3006
-1841
-461
227
674
967
1195
1416
1623
2176
2811
2690
2066
1425
1021
1692
1737
716
995
842
-671
-668
29
5
1079
1906
1055
1123
1635
651
-112
-13
-96
-13
72
7
150
71
-308
-815
-970
-611
-389
121
1242
1868
1650
1038
57
-775
-790
-737
-1029
-921
-1092
-2063
-2748
-2795
-2715
-2455
-1722
-1005
-616
-162
-14
-429
-862
-1386
-2018
-2077
-1736
-1647
-1885
-2662
-3707
-4769
-5732
-5637
-4758
-3774
-2663
-2327
-2197
-1437
-653
-297
1012
5081
8040
8165
8010
7538
4695
307
-1826
-1932
-829
630
468
-1517
-3894
-4793
-3739
-1956
-830
-216
640
1572
2310
3768
5922
6989
6053
3836
1785
1201
1866
2596
2700
2078
575
-1716
-3254
-3322
-2650
-1929
-1438
-935
-254
724
2012
3136
3632
3055
1581
382
-205
-738
-1148
-1186
-1364
-1942
-2706
-3212
-3104
-2507
-2131
-2132
-1556
-391
700
1864
3225
4060
3718
2248
605
-233
-170
95
128
5
-317
-1222
-2453
-2681
-1600
-361
297
629
900
1317
1679
1928
2330
2763
2808
2009
996
407
600
1032
479
400
797
-218
-1010
-714
-626
26
996
919
1073
1820
1287
195
-169
-526
-457
119
81
5
220
-420
-1280
-1374
-1083
-699
-252
430
1074
1179
822
310
-243
-507
-455
-712
-987
-986
-1547
-2302
-2435
-2415
-2132
-1483
-996
-678
-470
-563
-973
-1188
-1029
-1175
-1321
-1082
-1178
-1554
-2042
-2896
-3876
-4628
-5184
-5311
-4454
-2962
-2640
-2583
-2190
-2810
-2581
-901
8
2464
6896
8192
8005
7981
6430
1943
-1250
-1526
-1468
35
1353
360
-2062
-3995
-4162
-2892
-1481
-1128
-1098
82
1303
1924
3775
6110
6527
4971
2800
1378
1667
2689
2777
2362
1901
288
-2052
-3062
-2741
-2441
-2327
-2116
-1598
-412
1011
2077
2916
3241
2355
546
-670
-773
-758
-773
-572
-780
-1506
-2434
-3308
-3306
-2553
-2276
-2185
-1218
338
1624
2557
3376
3507
2688
1412
243
20
588
712
276
-150
-663
-1677
-2567
-2290
-1090
-88
91
-38
377
1368
2074
2157
2399
2748
2290
1384
846
925
1209
1019
259
-200
313
267
-213
426
690
705
1195
1025
1202
1993
1588
389
-105
-228
-547
-738
-540
49
417
-68
-626
-844
-1012
-809
-440
131
1308
1971
1675
1361
970
635
228
-499
-687
-739
-1244
-1565
-1566
-1448
-1400
-1595
-1684
-1341
-1022
-788
-454
-332
-273
-285
-400
-430
-414
-804
-1430
-1905
-2566
-3161
-3504
-3967
-4023
-3622
-3285
-2625
-2261
-2231
-2542
-2867
-2527
-1661
-197
1921
5384
7980
8086
7772
7341
4357
79
-1535
-935
-82
1013
1675
-84
-2939
-4227
-4155
-3142
-1729
-1224
-756
399
1001
1668
3433
5103
5187
3782
2108
1480
1987
2717
3016
2498
1266
-543
-2637
-3544
-2851
-2167
-2084
-2041
-1891
-1562
-588
764
1958
2648
2078
641
-342
-569
-528
-177
298
236
-523
-1552
-2378
-2643
-2368
-2153
-2082
-1689
-784
110
1067
2211
2713
2391
1434
439
222
573
927
1012
898
344
-813
-1660
-1691
-1395
-1081
-976
-958
-471
169
521
881
1315
1434
977
428
361
847
1637
2126
2468
2252
1183
242
-734
-1173
-343
272
589
1375
1607
1125
627
-91
-711
-560
-340
-277
38
277
286
-132
-975
-1464
-1464
-1043
120
1276
2002
2347
1810
883
647
432
53
257
5
-613
-849
-1328
-1793
-1826
-1972
-2332
-2439
-2109
-1554
-887
-207
148
105
-23
-166
-381
-211
-83
-405
-795
-1512
-2292
-2557
-2879
-3189
-3071
-3026
-2816
-2515
-2371
-2180
-2447
-2888
-3035
-3329
-2778
-1433
-212
2082
5594
7999
8157
7926
6989
3707
621
-544
-470
673
1868
2082
454
-1849
-2883
-3086
-2702
-2116
-2010
-1699
-1304
-1125
179
2543
4297
4700
3846
2483
1833
2092
2664
3396
3902
3469
2009
329
-808
-1595
-2313
-2953
-3404
-3409
-2967
-1852
-196
1284
2028
1444
160
-780
-1269
-901
627
2232
2816
2520
1478
3
-1192
-2145
-2734
-2650
-2140
-1430
-653
451
1472
1507
801
-217
-1071
-1204
-739
293
1787
2884
2831
1882
976
390
-277
-885
-1188
-1119
-925
-968
-1052
-792
-269
-18
-235
-613
-612
-219
151
1105
2725
3826
3982
3325
2185
1145
680
426
338
682
315
-537
-1006
-1312
-1032
-535
-418
-258
68
225
129
269
659
733
433
88
17
190
510
614
360
332
278
107
286
468
367
-12
-497
-934
-1067
-944
-976
-907
-883
-1245
-1648
-1704
-1479
-1260
-1077
-937
-789
-493
-371
-501
-579
-756
-1262
-1830
-2135
-2235
-2185
-1990
-1898
-2194
-2490
-2914
-3494
-3405
-2846
-2525
-2373
-2234
-2338
-2506
-1633
161
2661
6388
8192
7951
7430
5656
3069
1841
1529
1069
1455
1676
399
-549
-815
-1435
-1826
-2300
-3440
-4082
-3943
-3592
-2434
-328
1675
2746
2825
2397
1955
1600
1748
2458
3338
4280
4686
4090
3149
2254
972
-465
-1594
-2530
-3171
-3281
-3122
-2615
-1762
-1362
-1752
-2387
-3096
-3747
-3511
-2261
-434
1671
3373
3951
3638
2990
2051
1157
988
1117
1006
1004
872
401
-133
-783
-1754
-2811
-3603
-4238
-4450
-3735
-2463
-1096
424
1591
1917
1924
1742
1325
1248
1497
1628
1900
2368
2513
2201
1710
1010
-72
-993
-1574
-1861
-1539
-959
-367
346
803
871
626
360
397
497
703
1029
1306
1602
1817
1652
1173
813
413
-156
-427
-427
-365
-230
-136
-230
-341
-331
-421
-483
-302
30
245
279
424
446
136
-157
-482
-852
-1002
-1062
-1097
-1036
-1022
-1192
-1398
-1367
-1101
-735
-430
-290
-326
-479
-567
-580
-368
37
331
528
590
547
483
528
697
796
752
586
379
200
136
255
479
746
895
842
674
375
57
-199
-475
-716
-835
-961
-1096
-1029
-806
-630
-535
-560
-652
-784
-899
-808
-487
19
474
611
553
413
71
-289
-522
-749
-871
-850
-704
-508
-258
47
231
353
524
622
749
1014
1209
1412
1598
1614
1631
1644
1455
1243
1149
1052
980
1014
1124
1018
720
466
151
-67
35
232
381
419
313
197
182
336
466
545
668
531
149
-113
-309
-516
-642
-905
-1332
-1570
-1607
-1636
-1517
-1301
-1280
-1456
-1622
-1721
-1607
-1079
-500
-147
46
50
-148
-356
-374
-275
-154
-96
-282
-504
-532
-548
-570
-446
-290
-295
-387
-368
-203
149
639
898
1025
1153
1024
860
831
827
1037
1193
1029
829
574
241
48
91
172
231
251
73
-118
-116
42
225
346
385
232
13
-112
-200
-157
5
123
146
113
103
60
-30
-137
-307
-453
-518
-636
-702
-572
-402
-277
-244
-324
-451
-538
-569
-524
-351
-71
141
170
107
9
-86
-111
-38
17
12
-8
-117
-252
-215
-77
-70
-85
-87
-186
-207
-96
126
404
572
573
459
296
187
170
156
207
314
331
282
274
284
232
138
13
-45
28
162
362
513
499
369
157
-65
-160
-145
-134
-86
6
17
15
65
37
17
137
199
201
303
327
277
211
33
-114
-207
-304
-295
-197
-169
-171
-171
-199
-165
-84
-15
43
13
-102
-168
-167
-114
-10
81
92
66
-30
-132
-117
-77
-81
-82
-73
-63
17
88
119
155
135
134
202
285
400
501
418
209
31
-122
-192
-118
-9
74
124
57
-14
4
21
68
154
190
168
123
51
-46
-94
-44
8
39
60
41
0
-29
-33
-52
-25
52
30
27
100
140
207
249
164
39
-69
-208
-287
-259
-183
-118
-129
-108
-29
70
185
295
350
285
195
108
56
130
214
217
172
4
-199
-307
-346
-303
-202
-144
-177
-251
-317
-378
-369
-268
-217
-140
-31
-28
18
103
100
45
-53
-256
-493
-542
-481
-415
-267
-199
-219
-211
-209
-183
-138
-100
-95
-126
-173
-164
-90
-55
-6
-5
-120
-241
-305
-305
-188
-80
-62
6
43
-13
-70
-161
-260
-260
-230
-169
-59
51
116
110
84
53
44
27
-33
-69
-71
-51
14
64
99
55
-103
-234
-327
-367
-282
-122
-16
-1
-36
-80
-138
-202
-250
-305
-353
-366
-279
-94
76
183
210
113
-54
-156
-164
-100
37
174
246
224
181
126
64
18
-63
-108
-137
-178
-153
-85
-10
116
211
204
196
223
260
324
412
479
463
347
189
85
92
159
204
164
-8
-142
-205
-257
-173
-27
61
75
7
-64
-71
-30
73
199
234
174
99
83
71
27
0
-25
-72
-123
-126
-61
6
44
104
131
57
-19
-26
-34
-27
20
30
56
71
31
9
0
24
60
71
59
25
34
59
108
178
244
274
220
156
131
151
174
182
191
157
51
-63
-87
-47
17
110
162
156
143
121
124
189
236
194
97
-10
-95
-112
-64
37
158
205
137
47
10
15
34
69
104
83
19
-1
-9
-21
17
19
-30
-77
-112
-109
-76
6
92
110
85
47
-19
-69
-62
6
44
61
113
71
-9
-40
-65
-51
-49
-95
-110
-112
-111
-84
-23
47
34
-56
-134
-196
-206
-134
-35
54
122
154
140
144
181
183
150
75
4
-37
-88
-70
-17
-47
-86
-136
-209
-214
-144
-40
88
207
244
214
160
82
37
64
99
138
158
95
7
-89
-153
-149
-111
-77
-75
-81
-118
-151
-158
-139
-102
-82
-62
-43
-34
-40
-26
-27
-65
-100
-126
-104
-64
-34
-14
-20
-60
-126
-162
-184
-173
-108
-61
-23
-9
-29
-65
-145
-211
-227
-233
-219
-137
-47
-4
33
39
0
-36
-64
-63
-40
-1
69
129
143
105
40
-39
-134
-204
-229
-223
-176
-98
-13
53
44
6
-3
2
41
105
164
171
118
59
-5
-42
-35
-37
-46
-88
-140
-160
-130
-79
-29
27
11
-48
-77
-91
-87
-56
-13
26
59
100
134
143
111
44
-17
-60
-45
31
93
125
127
92
44
-22
-72
-90
-106
-98
-55
-15
1
18
27
7
-19
-30
-7
11
43
111
135
134
137
134
106
39
-12
-26
-17
17
81
132
156
162
122
69
10
-34
-13
25
62
124
184
190
142
87
52
34
40
66
113
153
160
129
86
18
-78
-124
-98
-27
75
177
202
178
148
89
61
72
123
161
136
100
74
70
63
66
80
62
33
45
52
40
74
83
43
-2
-36
-57
-62
-27
22
82
120
102
92
66
4
-40
-53
-54
-52
-57
-49
-38
-76
-92
-94
-115
-122
-110
-69
3
58
56
38
9
-22
-33
-38
-34
-9
4
-25
-64
-105
-146
-159
-181
-196
-151
-115
-110
-65
-29
-43
-55
-47
-33
-13
22
51
50
36
45
47
35
20
-14
-35
-76
-102
-82
-75
-76
-74
-58
-51
-48
-37
-34
-26
-23
-31
-44
-67
-69
-73
-99
-101
-96
-87
-66
-51
-33
-32
-64
-102
-130
-158
-199
-216
-209
-202
-168
-123
-93
-44
4
21
6
-10
-11
0
20
20
25
23
-18
-54
-83
-112
-105
-69
-30
6
21
12
-3
-30
-47
-22
10
11
0
10
20
7
-18
-20
-39
-70
-73
-45
16
58
74
73
41
0
-31
-32
-19
-5
19
24
-1
-43
-71
-95
-132
-144
-119
-74
-29
24
52
36
1
-38
-60
-81
-73
-32
-20
-23
-18
-18
-47
-83
-98
-109
-112
-110
-89
-52
-25
-10
-9
-12
-18
-28
-18
-4
28
73
100
99
65
26
-16
-53
-64
-34
8
21
27
53
77
69
54
39
32
46
49
49
61
81
82
70
57
42
45
63
85
88
100
104
101
100
84
82
77
67
83
111
118
114
100
89
83
68
61
60
64
55
54
59
48
37
35
36
21
12
17
28
38
41
51
57
53
47
53
75
79
68
60
65
44
27
44
60
71
61
42
26
16
16
34
68
103
105
85
87
71
36
19
3
1
11
19
43
63
71
51
2
-28
-33
-18
13
49
84
82
54
50
34
8
-9
-31
-27
-4
7
23
43
27
14
21
38
82
120
143
152
135
126
123
71
12
-26
-57
-72
-55
-27
-15
-36
-64
-74
-30
85
125
114
112
70
41
67
91
71
68
17
18
173
251
260
118
-130
-288
-279
-192
-89
26
4
-69
-121
-208
-229
-194
-211
-222
-222
-236
-194
-143
-156
-123
-106
-145
-143
-95
-9
106
110
5
-89
-148
-80
83
187
208
203
78
-106
-177
-126
-10
84
116
103
30
-68
-90
-105
-140
-83
-9
16
40
59
47
10
-37
-90
-88
-78
6
147
197
220
216
54
-204
-272
-89
71
117
67
-20
-57
-29
-68
-250
-244
-17
80
-75
-216
-159
-47
0
-88
-222
-163
59
161
58
-28
1
18
-46
-64
100
323
371
186
-75
-178
-74
74
77
-17
-14
44
14
-84
-100
2
68
-24
-173
-239
-156
-26
7
-77
-151
-110
-81
-127
-128
-9
138
141
6
-99
-73
-7
48
28
-18
56
141
115
29
9
10
-7
-38
-95
-100
-50
8
33
-48
-123
-108
-120
-151
-112
-68
-59
-21
13
-21
-44
5
30
2
-9
29
106
154
124
89
29
-26
-60
-108
-96
-66
-55
-89
-182
-249
-322
-433
-530
-585
-580
-566
-569
-591
-627
-660
-682
-697
-664
-479
-170
209
585
723
542
262
225
581
1146
1638
1830
1728
1415
1047
909
1113
1513
1811
1704
1188
621
233
86
137
238
290
170
-192
-605
-803
-787
-725
-749
-821
-835
-765
-641
-542
-531
-558
-588
-504
-265
73
490
750
696
424
168
183
463
781
964
981
840
560
291
151
197
354
417
265
-13
-248
-358
-384
-445
-512
-518
-513
-535
-532
-455
-381
-414
-528
-583
-484
-247
-5
120
127
47
-7
45
186
463
883
1194
1210
938
557
444
706
1108
1442
1488
1088
549
155
3
278
707
795
465
-70
-471
-569
-485
-354
-215
-229
-413
-584
-738
-744
-524
-386
-409
-353
-244
-169
-166
-313
-401
-341
-270
-152
-20
-25
-172
-432
-804
-1002
-965
-902
-870
-1049
-1437
-1735
-1924
-2065
-2049
-2034
-2099
-2098
-2206
-2449
-2520
-2417
-2324
-2154
-1878
-1190
103
697
-11
-870
-991
47
1848
2956
3159
3114
2384
1313
1165
2189
3961
5220
4546
2848
1759
1305
1279
1635
2099
2563
2229
506
-1029
-1128
-652
-412
-609
-1040
-1041
-993
-1589
-2081
-2043
-1941
-1707
-1451
-1168
-496
-39
-374
-961
-1145
-674
346
1191
1375
1139
635
84
-6
360
1027
1802
1858
998
97
-328
-142
441
685
615
521
54
-630
-971
-806
-309
-47
-350
-701
-731
-754
-926
-1033
-835
-397
-158
-279
-399
-311
-271
-380
-376
-7
662
1072
851
401
222
344
590
870
1199
1494
1436
922
449
471
852
1183
1347
1253
890
482
85
-76
152
453
620
603
364
41
-237
-468
-446
-74
371
625
491
62
-405
-664
-429
214
831
1025
678
85
-423
-518
-87
562
1018
922
328
-273
-582
-558
-241
128
320
225
-193
-706
-1066
-1222
-1125
-874
-725
-789
-1027
-1416
-1787
-1952
-1908
-1678
-1391
-1318
-1583
-1994
-2338
-2376
-2064
-1769
-1623
-1560
-1748
-2076
-2140
-1726
-440
1044
934
-415
-1182
-733
889
2595
2992
2821
2512
1481
979
1990
3711
4994
4481
2438
1333
1666
2028
2215
2333
2334
2073
806
-765
-801
-23
-121
-719
-1164
-1136
-799
-1314
-2323
-2414
-2019
-1773
-1359
-965
-709
-766
-1482
-1990
-1355
-135
772
994
489
-191
-406
-148
559
1478
1798
1354
627
-54
-191
359
926
1189
1064
448
-125
-382
-561
-530
-275
-100
-67
-319
-808
-1139
-1358
-1426
-1085
-517
-152
-302
-918
-1543
-1623
-1100
-368
184
312
53
-417
-855
-798
-109
694
1109
961
472
127
44
190
618
1170
1447
1238
843
551
492
677
921
1090
1194
1127
800
409
186
420
819
753
505
340
64
-39
112
247
365
207
-211
-355
-251
-28
181
90
-192
-415
-447
-293
-58
60
-37
-224
-471
-587
-357
-222
-330
-387
-468
-550
-601
-726
-744
-682
-727
-766
-813
-945
-1084
-1232
-1366
-1295
-1000
-925
-1218
-1601
-1916
-1914
-1619
-1438
-1304
-1153
-1407
-1875
-1991
-1840
-1461
-778
266
1163
573
-989
-1412
-214
1753
3149
2904
2162
1768
1073
1149
2749
4462
5003
3831
2024
1643
2410
2684
2552
2628
2738
2291
883
-282
88
653
169
-341
-227
-112
-718
-1973
-2574
-1815
-1011
-1021
-1151
-1281
-1639
-1996
-2030
-1230
74
575
28
-588
-768
-492
126
815
1415
1603
1025
246
200
713
1267
1626
1555
1327
995
453
298
542
711
851
807
490
152
-312
-760
-703
-334
-48
-4
-355
-877
-1296
-1489
-1285
-753
-238
-252
-860
-1474
-1484
-975
-445
-138
-25
-96
-376
-622
-502
55
603
767
739
630
536
502
534
858
1276
1454
1360
1056
765
681
644
738
1143
1394
1193
581
-5
-4
305
595
845
719
91
-538
-740
-365
288
480
90
-413
-768
-839
-536
-157
5
-70
-436
-748
-619
-360
-172
-106
-293
-421
-379
-457
-492
-406
-458
-524
-625
-819
-891
-939
-1079
-1169
-1175
-1122
-1055
-1253
-1663
-1849
-1709
-1536
-1629
-1893
-2003
-1919
-1878
-1865
-1737
-1652
-1819
-1987
-1813
-969
496
815
-598
-1671
-1296
350
2361
2796
1827
1267
849
572
1749
3616
4632
4016
1975
814
1744
2785
2867
2724
2507
2133
1262
-6
-105
878
934
204
-109
-298
-754
-1588
-2393
-1837
-593
-566
-1282
-1802
-2192
-2268
-2008
-1332
-211
210
-693
-1667
-1686
-1016
-138
569
822
690
93
-666
-522
475
1255
1405
954
440
341
247
254
769
1151
995
625
138
-107
-20
-74
-99
65
81
-168
-573
-854
-825
-690
-652
-554
-383
-503
-971
-1295
-1025
-346
2
-239
-457
-392
-374
-388
-151
335
777
632
118
126
576
962
1135
1189
1357
1420
1061
796
1324
2037
2024
1595
1300
1227
1310
1213
1101
1415
1412
774
387
422
602
594
102
-121
204
132
-299
-515
-540
-319
-199
-403
-377
-238
-492
-700
-490
-241
-155
-282
-505
-462
-272
-254
-255
-206
-323
-463
-502
-482
-382
-429
-692
-854
-948
-1066
-1067
-1104
-1242
-1348
-1544
-1737
-1671
-1635
-1758
-1799
-1840
-1806
-1666
-1747
-1975
-1882
-1652
-1194
17
403
-805
-1582
-1141
281
2143
2380
1209
863
836
830
2078
3540
4095
3507
1694
921
2318
3354
3148
2871
2552
2170
1484
478
695
1789
1587
590
172
-74
-485
-1101
-1508
-740
111
-577
-1661
-1978
-1961
-1797
-1517
-1030
-356
-511
-1648
-2162
-1493
-644
-189
-106
-120
-148
-566
-1016
-518
508
886
649
247
60
187
168
241
836
1163
752
211
-92
19
356
396
327
401
225
-302
-722
-577
-26
150
-255
-636
-650
-658
-898
-950
-547
-79
-254
-915
-1114
-766
-482
-366
-247
-62
76
-192
-524
-158
539
803
728
564
555
719
616
600
1154
1712
1581
911
524
781
1104
1141
1247
1232
682
170
137
456
847
653
-60
-345
-233
-273
-271
-236
-411
-655
-902
-954
-608
-361
-529
-810
-870
-663
-582
-647
-465
-190
-215
-379
-461
-476
-386
-297
-289
-303
-349
-547
-773
-829
-798
-701
-665
-850
-1066
-1273
-1504
-1479
-1304
-1313
-1377
-1511
-1759
-1831
-1687
-1484
-1357
-1497
-1687
-1563
-1346
-557
459
-4
-1146
-1236
-329
1282
2406
1632
726
952
944
1343
2832
3774
3603
2384
1054
1671
3222
3347
2817
2581
2293
1903
1160
771
1597
2032
1129
434
393
154
-283
-722
-602
210
123
-1058
-1545
-1320
-1310
-1207
-881
-531
-384
-1074
-1892
-1430
-438
-130
-279
-417
-433
-584
-950
-791
153
695
321
-241
-433
-58
325
245
426
916
630
-146
-374
-78
444
644
265
48
21
-337
-633
-296
383
595
-10
-713
-719
-377
-244
-229
-30
213
-68
-648
-730
-266
204
233
70
122
132
-109
-214
168
756
916
539
331
527
583
566
714
1002
1264
948
387
526
964
912
707
694
799
850
458
129
458
689
382
71
70
231
178
-142
-135
226
198
-201
-371
-253
-105
-150
-376
-282
-36
-261
-509
-378
-260
-215
-225
-369
-388
-325
-461
-527
-391
-412
-608
-770
-789
-780
-893
-970
-956
-1035
-1188
-1233
-1199
-1166
-1165
-1390
-1657
-1582
-1521
-1586
-1472
-1424
-1512
-1577
-1678
-1659
-1470
-1277
-1121
-596
300
228
-805
-1122
-208
1206
2168
1661
618
703
970
1095
2222
3275
3053
1928
751
1051
2583
2970
2188
1774
1608
1293
862
572
1187
1660
714
-113
54
206
-4
-400
-469
145
211
-745
-1124
-631
-426
-536
-473
-236
-146
-671
-1342
-932
86
269
-252
-564
-517
-492
-664
-570
27
234
-410
-994
-965
-505
-184
-362
-410
-214
-516
-1066
-982
-377
61
-75
-610
-768
-471
-382
-384
-12
474
455
-75
-397
-15
657
809
550
503
584
524
387
545
1106
1390
1092
730
676
839
930
914
1075
1297
1041
481
382
643
847
847
612
546
563
281
23
257
693
648
122
-309
-150
258
256
123
167
61
-167
-241
0
428
432
-129
-420
-160
51
76
5
-44
-18
-180
-370
-198
126
106
-190
-307
-165
-26
-44
-169
-199
-148
-260
-397
-336
-244
-268
-409
-504
-510
-613
-746
-731
-706
-719
-787
-975
-1026
-1042
-1163
-1161
-1063
-1081
-1201
-1315
-1393
-1422
-1427
-1327
-1169
-1116
-1175
-1260
-1268
-1209
-1091
-881
-494
217
456
-279
-763
-271
818
1838
1901
1177
916
968
1015
1813
2853
2957
2080
941
815
1834
2448
2109
1682
1424
1000
496
315
803
1332
854
-61
-282
-84
-54
-130
-18
344
413
-207
-651
-274
180
221
184
294
291
-73
-568
-457
213
450
62
-360
-570
-761
-912
-815
-463
-351
-923
-1632
-1744
-1367
-1009
-978
-1079
-1113
-1340
-1624
-1417
-839
-447
-476
-760
-839
-581
-379
-253
111
533
616
313
70
309
757
950
940
943
895
702
523
573
861
1023
783
493
412
393
336
249
299
493
470
123
-144
10
320
438
289
86
107
321
427
274
216
311
323
388
515
479
273
33
47
334
469
188
-187
-297
-225
-106
-36
-80
-239
-442
-498
-248
64
4
-326
-522
-371
-62
-4
-159
-273
-374
-393
-208
12
94
-92
-441
-496
-228
-6
-24
-308
-556
-578
-557
-499
-379
-460
-722
-874
-847
-708
-650
-764
-860
-858
-844
-802
-761
-833
-889
-840
-786
-694
-621
-705
-829
-822
-778
-732
-670
-671
-723
-767
-728
-586
-463
-446
-321
29
383
380
124
215
745
1261
1403
1243
1126
1133
1227
1536
1981
2175
1836
1239
1100
1546
1931
1851
1579
1284
952
771
923
1243
1285
942
539
415
581
740
786
788
682
463
286
287
502
604
380
164
98
23
-88
-211
-250
-201
-347
-660
-778
-775
-872
-1002
-1060
-969
-931
-1140
-1350
-1280
-1063
-905
-802
-764
-772
-806
-773
-515
-164
2
-19
-72
-65
16
199
439
589
592
466
364
418
638
810
766
640
501
441
498
549
603
651
554
464
481
522
625
623
608
864
987
688
522
663
825
993
996
729
586
597
544
609
690
526
297
125
30
100
123
-51
-255
-306
-218
-201
-347
-479
-529
-515
-459
-395
-390
-489
-615
-665
-552
-391
-384
-524
-617
-677
-694
-555
-466
-552
-685
-801
-832
-757
-718
-738
-759
-765
-782
-799
-787
-759
-735
-694
-593
-606
-750
-827
-805
-677
-478
-353
-416
-588
-713
-689
-497
-309
-278
-408
-573
-588
-558
-478
-292
-314
-431
-351
-289
-230
-146
-204
-229
-27
76
-51
-112
-190
-211
-68
18
27
23
-66
-168
-105
10
125
199
94
0
64
84
85
63
77
360
495
237
55
156
358
563
627
522
385
167
37
313
668
633
267
-29
-81
83
303
344
250
101
-69
-158
-35
226
320
101
-126
-71
65
124
157
154
138
105
67
175
300
169
-40
-26
131
168
42
-111
-171
-125
-151
-214
-161
-134
-247
-341
-327
-284
-261
-258
-270
-227
-142
-122
-155
-95
87
206
209
283
394
366
371
491
583
630
613
510
506
634
656
646
664
619
576
565
542
496
496
504
480
437
381
312
261
274
320
369
330
207
109
76
114
158
132
88
1
-150
-212
-142
-74
-57
-110
-230
-325
-375
-337
-255
-246
-313
-430
-548
-546
-449
-407
-376
-356
-414
-458
-424
-364
-270
-213
-216
-171
-190
-255
-230
-144
-56
-4
-14
-75
-80
-69
-74
-11
85
79
-46
-114
-86
-18
38
44
58
26
-90
-174
-128
6
67
-11
-124
-140
-136
-108
6
64
36
-50
-111
-84
-18
27
45
39
-19
-51
-49
-20
70
85
28
10
-6
2
53
64
31
-1
-14
-1
33
52
64
60
12
17
103
134
87
63
76
133
160
107
98
143
172
177
146
113
82
33
26
44
61
28
-31
-31
-6
-1
-37
-30
9
5
-14
-37
-36
-26
-67
-98
-71
-43
-55
-84
-80
-58
-47
-54
-40
-15
-22
-30
-18
16
24
18
33
48
91
146
148
158
186
164
160
149
132
159
180
159
108
57
30
67
118
125
142
130
71
72
105
103
111
95
45
44
38
9
7
24
20
-26
-74
-80
-65
-72
-97
-117
-135
-157
-165
-155
-116
-77
-110
-161
-154
-128
-111
-89
-90
-127
-162
-195
-165
-90
-89
-131
-152
-156
-153
-123
-77
-79
-112
-156
-169
-108
-80
-122
-160
-149
-123
-127
-132
-121
-116
-139
-168
-150
-105
-105
-135
-139
-160
-199
-173
-118
-85
-90
-141
-177
-141
-78
-51
-44
-52
-70
-54
-31
0
21
-8
-32
-24
20
67
63
39
26
11
44
99
120
123
71
17
22
45
54
85
101
53
14
27
71
115
128
85
42
20
-6
5
17
13
-14
-53
-40
-17
-19
-16
-19
-15
14
28
27
40
14
-15
20
58
70
71
61
35
20
55
88
93
94
74
43
17
2
12
62
89
61
27
18
34
44
86
130
116
78
60
85
111
96
91
87
49
27
41
74
71
20
-16
7
55
71
57
34
24
29
47
95
142
106
23
20
57
85
94
67
47
37
35
45
72
104
85
54
68
83
57
41
73
89
53
12
-7
9
49
55
62
72
33
13
39
67
86
71
26
11
23
30
52
64
55
36
8
16
18
5
11
-11
-35
-58
-94
-109
-102
-73
-67
-93
-106
-101
-116
-128
-108
-96
-102
-112
-119
-111
-92
-101
-110
-91
-96
-117
-112
-85
-70
-85
-95
-79
-55
-42
-47
-40
-15
-17
-39
-24
-6
-17
-16
8
6
-18
-19
-16
-8
-4
-14
-15
-17
-21
-34
-41
-34
-34
-28
-5
8
-5
-15
-6
27
64
65
44
21
15
18
27
47
27
4
15
20
38
59
61
55
55
71
91
96
99
97
102
105
103
103
97
100
94
88
81
64
51
41
39
41
30
14
9
11
27
37
46
51
39
15
7
20
34
47
35
26
23
27
41
41
44
41
47
51
40
28
16
21
26
32
50
55
42
32
45
57
66
70
71
75
77
71
58
50
36
36
47
53
44
25
16
4
11
20
8
0
-12
-5
-3
-23
-23
-4
5
-11
-6
11
17
21
17
20
38
28
26
61
68
53
60
51
50
69
72
82
84
68
58
63
79
82
77
75
69
59
60
81
81
61
38
13
14
25
6
0
0
0
0
0
0
0
0
0
0
0
0
0
0
0
0
0
0
0
0
0
0
0
0
0
0
0
0
0
0
0
0
0
0
0
0
0
0
0
0
0
0
0
0
0
0
0
0
0
0
0
0
0
0
0
0
0
0
0
0
0
0
0
0
0
0
0
0
0
0
0
0
0
0
0
0
0
0
0
0
0
0
0
0
0
0
0
0
0
0
0
0
0
0
0
0
0
0
0
0
0
0
0
0
0
0
0
0
0
0
0
0
0
0
0
0
0
0
0
0
0
0
0
0
0
0
0
0
0
0
0
0
0
0
0
0
0
0
0
0
0
0
0
0
0
0
0
0
0
0
0
0
0
0
0
0
0
0
0
0
0
0
0
0
0
0
0
0
0
0
0
0
0
0
0
0
0
0
0
0
0
0
0
0
0
0
0
0
0
0
0
0
0
0
0
0
0
0
0
0
0
0
0
0
0
0
0
0
0
0
0
0
0
0
0
0
0
0
0
0
0
0
0
0
0
0
0
0
0
0
0
0
0
0
0
0
0
0
0
0
0
0
0
0
0
0
0
0
0
0
0
0
0
0
0
0
0
0
0
0
0
0
0
0
0
0
0
0
0
0
0
0
0
0
0
0
0
0
0
0
0
0
0
0
0
0
0
0
0
0
0
0
0
0
0
0
0
0
0
0
0
0
0
0
0
0
0
0
0
0
0
0
0
0
0
0
0
0
0
0
0
0
0
0
0
0
0
0
0
0
0
0
0
0
0
0
0
0
0
0
0
0
0
0
0
0
0
0
0
0
0
0
0
0
0
0
0
0
0
0
0
0
0
0
0
0
0
0
0
0
0
0
0
0
0
0
0
0
0
0
0
0
0
0
0
0
0
0
0
0
0
0
0
0
0
0
0
0
0
0
0
0
0
0
0
0
0
0
0
0
0
0
0
0
0
0
0
0
0
0
0
0
0
0
0
0
0
0
0
0
0
0
0
0
0
0
0
0
0
0
0
0
0
0
0
0
0
0
0
0
0
0
0
0
0
0
0
0
0
0
0
0
0
0
0
0
0
0
0
0
0
0
0
0
0
0
0
0
0
0
0
0
0
0
0
0
0
0
0
0
0
0
0
0
0
0
0
0
0
0
0
0
0
0
0
0
0
0
0
0
0
0
0
0
0
0
0
0
0
0
0
0
0
0
0
0
0
0
0
0
0
0
0
0
0
0
0
0
0
0
0
0
0
0
0
0
0
0
0
0
0
0
0
0
0
0
0
0
0
0
0
0
0
0
0
0
0
0
0
0
0
0
0
0
0
0
0
0
0
0
0
0
0
0
0
0
0
0
0
0
0
0
0
0
0
0
0
0
0
0
0
0
0
0
0
0
0
0
0
0
0
0
0
0
0
0
0
0
0
0
0
0
0
0
0
0
0
0
0
0
0
0
0
0
0
0
0
0
0
0
0
0
0
0
0
0
0
0
0
0
0
0
0
0
0
0
0
0
0
0
0
0
0
0
0
0
0
0
0
0
0
0
0
0
0
0
0
0
0
0
0
0
0
0
0
0
0
0
0
0
0
0
0
0
0
0
0
0
0
0
0
0
0
0
0
0
0
0
0
0
0
0
0
0
0
0
0
0
0
0
0
0
0
0
0
0
0
0
0
0
0
0
0
0
0
0
0
0
0
0
0
0
0
0
0
0
0
0
0
0
0
0
0
0
0
0
0
0
0
0
0
0
0
0
0
0
0
0
0
0
0
0
0
0
0
0
0
0
0
0
0
0
0
0
0
0
0
0
0
0
0
0
0
0
0
0
0
0
0
0
0
0
0
0
0
0
0
0
0
0
0
0
0
0
0
0
0
0
0
0
0
0
0
0
0
0
0
0
0
0
0
0
0
0
0
0
0
0
0
0
0
0
0
0
0
0
0
0
0
0
0
0
0
0
0
0
0
0
0
0
0
0
0
0
0
0
0
0
0
0
0
0
0
0
0
0
0
0
0
0
0
0
0
0
0
0
0
0
0
0
0
0
0
0
0
0
0
0
0
0
0
0
0
0
0
0
0
0
0
0
0
0
0
0
0
0
0
0
0
0
0
0
0
0
0
0
0
0
0
0
0
0
0
0
0
0
0
0
0
0
0
0
0
0
0
0
0
0
0
0
0
0
0
0
0
0
0
0
0
0
0
0
0
0
0
0
0
0
0
0
0
0
0
0
0
0
0
0
0
0
0
0
0
0
0
0
0
0
0
0
0
0
0
0
0
0
0
0
0
0
0
0
0
0
0
0
0
0
0
0
0
0
0
0
0
0
0
0
0
0
0
0
0
0
0
0
0
0
0
0
0
0
0
0
0
0
0
0
0
0
0
0
0
0
0
0
0
0
0
0
0
0
0
0
0
0
0
0
0
0
0
0
0
0
0
0
0
0
0
0
0
0
0
0
0
0
0
0
0
0
0
0
0
0
0
0
0
0
0
0
0
0
0
0
0
0
0
0
0
0
0
0
0
0
0
0
0
0
0
0
0
0
0
0
0
0
0
0
0
0
0
0
0
0
0
0
0
0
0
0
0
0
0
0
0
0
0
0
0
0
0
0
0
0
0
0
0
0
0
0
0
0
0
0
0
0
0
0
0
0
0
0
0
0
0
0
0
0
0
0
0
0
0
0
0
0
0
0
0
0
0
0
0
0
0
0
0
0
0
0
0
0
0
0
0
0
0
0
0
0
0
0
0
0
0
0
0
0
0
0
0
0
0
0
0
0
0
0
0
0
0
0
0
0
0
0
0
0
0
0
0
0
0
0
0
0
0
0
0
0
0
0
0
0
0
0
0
0
0
0
0
0
0
0
0
0
0
0
0
0
0
0
0
0
0
0
0
0
0
0
0
0
0
0
0
0
0
0
0
0
0
0
0
0
0
0
0
0
0
0
0
0
0
0
0
0
0
0
0
0
0
0
0
0
0
0
0
0
0
0
0
0
0
0
0
0
0
0
0
0
0
0
0
0
0
0
0
0
0
0
0
0
0
0
0
0
0
0
0
0
0
0
0
0
0
0
0
0
0
0
0
0
0
0
0
0
0
0
0
0
0
0
0
0
0
0
0
0
0
0
0
0
0
0
0
0
0
0
0
0
0
0
0
0
0
0
0
0
0
0
0
0
0
0
0
0
0
0
0
0
0
0
0
0
0
0
0
0
0
0
0
0
0
0
0
0
0
0
0
0
0
0
0
0
0
0
0
0
0
0
0
0
0
0
0
0
0
0
0
0
0
0
0
0
0
0
0
0
0
0
0
0
0
0
0
0
0
0
0
0
0
0
0
0
0
0
0
0
0
0
0
0
0
0
0
0
0
0
0
0
0
0
0
0
0
0
0
0
0
0
0
0
0
0
0
0
0
0
0
0
0
0
0
0
0
0
0
0
0
0
0
0
0
0
0
0
0
0
0
0
0
0
0
0
0
0
0
0
0
