-312
-262
-190
-148
-188
-235
-260
-250
-233
-258
-276
-310
-344
-333
-290
-244
-222
-194
-147
-112
-131
-210
-316
-383
-375
-306
-225
-202
-211
-227
-223
-198
-229
-301
-330
-256
-174
-140
-168
-243
-273
-276
-253
-259
-280
-246
-170
-124
-140
-211
-324
-369
-303
-169
-49
-57
-183
-323
-366
-302
-248
-202
-129
-58
-38
-112
-250
-360
-353
-233
-134
-124
-157
-215
-284
-354
-368
-353
-292
-157
-48
-21
-104
-266
-470
-562
-457
-269
-77
15
-42
-208
-396
-518
-533
-413
-210
-27
44
-21
-168
-338
-449
-475
-384
-197
-42
11
-23
-132
-263
-375
-432
-377
-260
-134
-72
-50
-72
-156
-256
-353
-370
-319
-243
-153
-69
-52
-113
-201
-282
-301
-268
-196
-166
-182
-163
-141
-129
-115
-96
-130
-201
-213
-152
-75
-40
-50
-79
-97
-83
-37
-15
-37
-35
-42
-60
-34
-7
38
85
72
-1
-68
-69
12
132
212
265
279
270
215
131
109
139
220
310
340
264
148
69
31
60
153
252
312
366
397
355
265
177
158
187
240
315
355
333
254
128
54
119
254
400
486
482
398
289
255
295
352
380
335
241
205
243
315
377
400
379
364
343
331
393
467
521
508
447
385
333
323
330
321
319
326
371
442
467
431
350
297
293
335
394
433
433
404
369
337
344
350
338
363
394
417
390
346
330
308
298
300
295
287
281
281
290
296
330
374
440
501
459
366
285
238
253
307
369
395
354
303
278
245
197
193
252
353
441
451
428
373
273
181
105
86
129
237
408
539
524
349
136
24
63
213
407
551
558
466
326
208
142
149
276
462
608
635
487
272
114
44
87
186
321
463
535
536
382
163
61
112
314
526
608
509
339
198
84
40
138
336
502
595
551
359
147
30
46
181
360
453
392
230
62
-64
-83
42
200
326
399
371
261
125
38
34
118
237
291
260
179
75
-29
-70
-28
70
176
197
143
59
-56
-167
-167
-44
81
155
142
33
-86
-159
-155
-88
15
129
193
189
104
-37
-153
-211
-188
-122
-59
-34
-70
-137
-214
-283
-315
-283
-182
-43
71
109
59
-61
-161
-203
-191
-139
-95
-64
-77
-116
-175
-272
-333
-287
-182
-107
-40
8
-38
-145
-228
-276
-274
-190
-63
20
21
-50
-173
-260
-260
-214
-151
-54
48
75
23
-81
-209
-278
-243
-148
-57
-26
-61
-110
-134
-147
-160
-185
-174
-120
-86
-95
-134
-164
-172
-167
-172
-171
-137
-85
-58
-73
-118
-138
-96
-15
63
76
28
-40
-71
-41
5
46
74
81
62
53
81
117
143
174
188
185
171
153
133
130
148
167
195
183
155
116
66
51
43
69
104
134
143
109
70
44
24
0
5
3
-23
-73
-124
-131
-138
-156
-163
-182
-204
-209
-214
-224
-230
-218
-214
-244
-333
-502
-661
-710
-681
-675
-689
-745
-817
-877
-890
-717
-314
340
1027
1364
1177
610
-13
-366
-351
-143
100
253
232
-28
-453
-837
-990
-804
-357
231
743
1035
1049
785
340
-133
-364
-185
339
918
1196
1034
568
53
-233
-146
209
582
754
668
443
174
-52
-157
-112
84
286
376
347
240
133
113
211
385
529
560
481
288
12
-229
-327
-230
-4
227
358
311
96
-157
-321
-356
-281
-190
-124
-115
-179
-328
-525
-673
-722
-699
-692
-724
-787
-829
-924
-1087
-1237
-1207
-720
308
1584
2418
2251
1130
-265
-1137
-1150
-539
176
601
560
82
-695
-1486
-1932
-1801
-1050
43
1064
1699
1823
1426
572
-472
-1258
-1260
-365
942
1845
1761
786
-496
-1357
-1415
-788
113
865
1188
1003
494
-110
-556
-634
-351
40
308
361
184
-67
-193
-114
109
340
444
353
122
-132
-323
-409
-316
-77
206
433
445
216
-159
-477
-554
-391
-94
130
144
-64
-395
-697
-877
-871
-677
-386
-129
-49
-187
-470
-738
-886
-884
-813
-780
-887
-1190
-1584
-1773
-1196
345
2221
3158
2350
324
-1540
-2096
-1338
-95
879
1238
984
236
-838
-1914
-2509
-2212
-1021
500
1677
2219
2071
1276
-112
-1674
-2578
-2061
-174
2064
3306
2809
1003
-956
-1985
-1797
-825
267
1033
1346
1169
536
-371
-1090
-1172
-565
407
1216
1459
1109
468
-86
-306
-192
62
270
350
273
-7
-443
-822
-908
-605
-18
594
908
760
249
-357
-784
-897
-703
-338
38
249
164
-222
-741
-1081
-1027
-569
14
343
271
-144
-673
-1061
-1239
-1217
-1078
-866
-796
-905
-1272
-1944
-2087
-840
1822
4210
4369
1913
-1420
-3180
-2655
-837
847
1708
1676
1029
5
-1375
-2707
-3264
-2328
-307
1693
2878
3017
2402
1038
-938
-2808
-3256
-1593
1494
4220
4744
2768
-450
-2850
-3228
-1903
-24
1327
1897
1819
1223
211
-893
-1449
-1084
48
1265
1859
1517
512
-417
-771
-543
-99
232
391
416
291
-32
-507
-863
-783
-178
718
1384
1410
728
-287
-1045
-1245
-940
-416
61
353
380
92
-456
-1022
-1263
-984
-359
214
351
-12
-614
-1115
-1414
-1542
-1577
-1533
-1525
-1806
-1773
-527
2151
4674
4797
2008
-1831
-3841
-2999
-504
1654
2342
1655
343
-900
-2015
-2879
-3106
-2096
-40
1947
3096
3206
2590
1260
-792
-2954
-3806
-2285
1083
4346
5193
3082
-540
-3298
-3663
-2051
94
1456
1823
1609
1063
147
-1088
-2043
-2053
-934
749
2064
2374
1724
738
-18
-374
-422
-276
48
475
721
498
-242
-1106
-1512
-1094
17
1182
1742
1421
537
-322
-758
-774
-625
-367
-14
333
435
64
-639
-1227
-1239
-640
162
587
385
-199
-715
-918
-916
-880
-951
-1056
-1119
-1148
-1573
-2206
-1848
458
4024
6175
4773
402
-3639
-4536
-2355
717
2532
2543
1451
257
-874
-2211
-3451
-3623
-1899
932
3397
4397
3783
2071
-358
-2886
-4419
-3661
-454
3784
6467
5667
1791
-2771
-5180
-4434
-1635
1175
2587
2622
1849
685
-736
-2003
-2404
-1525
334
2096
2760
2077
749
-238
-568
-474
-344
-247
-15
291
417
62
-705
-1398
-1457
-638
649
1571
1533
611
-545
-1266
-1275
-757
-131
301
447
331
-61
-670
-1202
-1276
-754
44
555
455
-141
-772
-1035
-917
-647
-551
-664
-836
-887
-927
-1107
-1706
-2632
-2645
-618
3158
6080
5495
1283
-3555
-5395
-3400
401
3164
3574
2088
82
-1534
-2726
-3463
-3360
-1764
838
3177
4293
3917
2445
93
-2715
-4849
-4580
-1277
3636
7120
6560
2165
-3275
-6244
-5353
-1933
1475
3085
3039
2275
1300
6
-1515
-2508
-2150
-408
1718
2888
2422
925
-444
-1008
-950
-785
-614
-127
692
1303
1185
267
-870
-1440
-1005
229
1457
1826
1052
-225
-1106
-1225
-798
-269
121
323
378
264
-130
-740
-1224
-1172
-497
416
958
823
139
-714
-1313
-1484
-1264
-934
-711
-701
-868
-1337
-2202
-2523
-1073
2310
5499
5650
2127
-2536
-4737
-3286
65
2549
2855
1596
116
-863
-1728
-2755
-3429
-2656
-263
2543
4386
4509
3071
490
-2569
-4955
-5070
-2149
2708
6757
7178
3539
-1917
-5709
-5825
-2940
700
2993
3539
3011
2013
549
-1327
-2791
-2839
-1123
1418
3192
3124
1505
-358
-1412
-1484
-1042
-472
179
937
1527
1462
502
-919
-1827
-1458
39
1637
2277
1592
155
-1069
-1479
-1154
-607
-176
152
480
670
413
-340
-1148
-1379
-695
580
1604
1681
788
-487
-1414
-1594
-1178
-560
-117
36
-115
-502
-1101
-1786
-2402
-2912
-2455
-190
3617
6685
6300
2160
-3077
-5672
-4247
-355
3106
4212
2984
657
-1381
-2763
-3537
-3596
-2415
-8
2506
4090
4196
2994
690
-2247
-4685
-4931
-2068
2747
6726
6956
3068
-2516
-6199
-5881
-2449
1552
3797
3845
2653
1272
27
-1188
-2118
-2268
-1279
451
1895
2206
1435
247
-793
-1463
-1734
-1415
-383
1090
2193
2151
891
-802
-1803
-1509
-261
949
1406
1063
324
-352
-794
-1013
-1050
-849
-316
428
972
876
196
-491
-590
-107
424
510
67
-462
-643
-431
-201
-331
-727
-956
-640
-53
210
-377
-1597
-2938
-3647
-2536
806
5285
7856
6078
601
-4858
-6521
-3824
903
4454
5140
3275
357
-2299
-4151
-4840
-4108
-1719
1405
3879
4881
4324
2574
-243
-3522
-5783
-4933
-690
4797
8060
6631
1376
-4354
-6832
-5037
-870
2712
3899
3163
1831
720
-330
-1503
-2415
-2364
-1092
750
2124
2297
1427
168
-896
-1552
-1695
-1131
133
1568
2238
1560
-131
-1696
-2119
-1219
269
1352
1519
894
-4
-691
-1000
-990
-731
-243
372
859
931
493
-181
-682
-782
-524
-106
260
419
315
-54
-599
-1101
-1249
-852
-75
653
834
219
-896
-2060
-2811
-3152
-3127
-1969
1020
5202
7771
6036
368
-5413
-7110
-3903
1476
5202
5389
2728
-663
-3028
-3998
-3919
-3111
-1356
969
2931
3912
3712
2516
257
-2696
-5046
-4849
-1414
3646
7150
6435
1888
-3530
-6214
-4872
-1165
2123
3169
2511
1526
897
209
-1031
-2386
-2898
-1905
137
1963
2476
1619
230
-839
-1319
-1355
-995
-146
1000
1778
1568
359
-1041
-1696
-1182
68
1102
1349
825
134
-210
-228
-331
-694
-902
-547
372
1251
1387
583
-631
-1345
-1115
-216
600
820
429
-212
-658
-686
-313
160
417
285
-169
-746
-1229
-1452
-1574
-1731
-2218
-2607
-1603
1490
5472
7101
4358
-1290
-5651
-5532
-1562
2960
4869
3648
998
-1089
-2096
-2765
-3507
-3630
-2014
827
3453
4585
3932
2038
-662
-3460
-5216
-4451
-889
3987
7203
6351
1807
-3508
-6066
-4810
-1294
1837
3077
2872
2169
1393
90
-1769
-3346
-3489
-1737
950
2928
3089
1723
-3
-1115
-1498
-1424
-981
-75
1202
2214
2253
1145
-502
-1703
-1736
-709
656
1591
1665
1002
-3
-891
-1323
-1087
-187
943
1623
1399
408
-693
-1131
-626
349
993
904
328
-138
-155
89
155
-182
-630
-702
-227
424
707
300
-639
-1670
-2291
-2421
-2401
-1802
191
3629
6511
6030
1690
-3622
-5807
-3566
894
4220
4649
2826
423
-1404
-2677
-3661
-3998
-2756
-32
2703
4111
3827
2545
700
-1701
-4152
-5033
-2846
1975
6752
8049
4785
-953
-5325
-5806
-3047
395
2276
2481
2112
1817
1202
-312
-2317
-3587
-2988
-667
1956
3309
2916
1511
77
-917
-1460
-1420
-577
944
2403
2808
1740
-269
-2024
-2503
-1525
173
1516
1884
1388
611
30
-258
-370
-301
59
615
1083
1123
685
67
-313
-327
-230
-208
-167
160
706
1041
739
-100
-823
-842
-73
783
978
265
-914
-1791
-2035
-1746
-1635
-1676
-792
1728
4889
5942
3338
-1414
-4654
-4030
-574
2871
4135
3201
1298
-412
-1708
-2832
-3570
-3147
-1184
1230
2869
3246
2820
1931
258
-2131
-4098
-3757
-488
4251
7291
6273
1760
-3250
-5474
-4267
-1382
852
1679
1890
2131
2157
1067
-1082
-3117
-3556
-1875
868
2983
3381
2361
931
-203
-1006
-1506
-1447
-593
806
1922
1967
849
-698
-1765
-1752
-778
488
1348
1515
1216
725
125
-540
-1013
-972
-376
455
1011
966
393
-284
-635
-613
-509
-516
-449
-63
516
853
631
13
-542
-669
-356
35
77
-406
-1134
-1644
-1721
-1575
-1846
-2363
-1882
567
4063
5780
3895
-467
-3917
-3995
-1247
1941
3516
3128
1584
-167
-1834
-3373
-4366
-4012
-1994
568
2481
3274
3233
2500
626
-2280
-4816
-4758
-1235
4132
7705
6734
1824
-3666
-6204
-5065
-2030
529
1688
2039
2178
2005
824
-1282
-3167
-3500
-1900
577
2405
2785
2051
977
-43
-1043
-1919
-2185
-1390
259
1830
2284
1322
-368
-1763
-2108
-1393
-128
1004
1499
1299
635
-105
-687
-922
-718
-188
360
542
311
-144
-559
-825
-986
-1016
-786
-167
655
1214
1055
213
-748
-1234
-984
-322
158
99
-400
-996
-1352
-1405
-1563
-2094
-3080
-3816
-2866
402
4676
6898
5086
330
-3899
-4648
-2001
1631
3677
3329
1492
-461
-1888
-3028
-4065
-4524
-3537
-1270
1449
3694
4762
4223
1737
-2047
-5275
-5558
-2099
3349
7258
6882
2577
-2780
-5841
-5527
-3088
-530
1098
2076
2715
2815
1654
-659
-2875
-3665
-2550
-334
1672
2637
2622
1987
903
-628
-2247
-3027
-2222
-45
2242
3129
2040
-203
-2068
-2440
-1412
77
1168
1491
1260
921
685
348
-293
-1051
-1396
-947
38
907
1135
699
-62
-708
-924
-728
-330
117
604
1030
1136
737
-47
-845
-1271
-1135
-615
-20
304
146
-504
-1479
-2439
-3000
-2966
-2672
-2116
-684
2078
5270
6498
4372
8
-3567
-4080
-1873
1114
2923
2825
1228
-931
-2926
-4377
-4913
-4071
-1778
1010
3314
4656
4935
3853
1072
-2725
-5590
-5244
-1300
4028
7096
5665
820
-4063
-5896
-4341
-1319
919
1691
1791
1902
1950
1237
-342
-1994
-2687
-1937
-237
1433
2280
2187
1405
259
-914
-1685
-1623
-737
475
1237
1098
294
-490
-723
-450
-120
2
187
744
1539
1954
1426
75
-1306
-1821
-1195
0
826
799
184
-346
-443
-292
-189
-199
5
575
1255
1479
875
-234
-1132
-1200
-567
99
266
-50
-456
-694
-835
-1109
-1566
-1994
-2053
-1816
-1605
-1537
-861
1309
4454
6477
5241
1180
-2984
-4503
-2861
33
2018
2135
974
-468
-1639
-2650
-3604
-3885
-2740
-162
2762
4966
5694
4647
1861
-2077
-5473
-6324
-3569
1485
5821
6595
3351
-1487
-4735
-4753
-2532
-132
1053
1313
1653
2337
2720
1781
-417
-2743
-3757
-2806
-542
1805
3148
3092
1793
-168
-2008
-2902
-2417
-898
789
1719
1548
698
-16
-170
15
106
-53
-139
224
972
1517
1252
143
-1181
-1875
-1545
-474
575
1090
1038
645
155
-335
-706
-764
-296
600
1440
1627
894
-373
-1463
-1812
-1344
-410
429
750
425
-364
-1240
-1900
-2078
-1746
-1108
-650
-671
-1076
-1072
356
2904
4965
4576
1624
-1889
-3540
-2330
105
1668
1546
446
-546
-1123
-1549
-2186
-2613
-2040
-174
2063
3617
3992
3249
1744
-530
-3014
-4516
-3664
-450
3349
5276
3951
527
-2613
-3506
-2277
-430
717
977
1216
1764
2236
1779
204
-1695
-2864
-2628
-1261
493
1844
2433
2194
1172
-290
-1631
-2146
-1628
-502
546
1062
1185
1202
1124
717
-86
-897
-1165
-617
513
1509
1663
876
-288
-1020
-954
-418
20
104
82
317
799
1100
784
-64
-815
-847
-155
702
1082
782
109
-458
-586
-378
-199
-305
-578
-692
-478
-84
188
110
-345
-1017
-1593
-1953
-1956
-1604
-1111
-80
1615
3444
4104
2675
-73
-2501
-2899
-1362
679
2043
2140
1272
-31
-1155
-1935
-2328
-2196
-1425
-191
1114
2351
3082
2883
1209
-1608
-4072
-4449
-2016
1856
4811
4960
2535
-623
-2515
-2455
-1348
-309
90
383
927
1512
1581
672
-849
-2268
-2751
-2009
-339
1523
2772
3001
2148
622
-977
-1912
-1748
-733
445
1073
971
506
171
125
181
118
-72
-175
128
861
1522
1604
999
27
-863
-1366
-1390
-1030
-367
483
1260
1550
1070
-16
-1104
-1471
-935
43
785
986
838
633
435
40
-626
-1312
-1556
-1038
13
916
1017
243
-929
-1814
-1996
-1660
-1275
-1144
-1249
-1220
-925
-531
124
1153
2429
3139
2540
884
-864
-1502
-1145
-515
-26
128
122
0
-276
-923
-1842
-2476
-2209
-1047
491
1878
2623
2542
1314
-820
-2799
-3335
-1830
843
3111
3633
2327
177
-1516
-2106
-1855
-1328
-874
-262
510
1172
1335
862
63
-761
-1246
-1209
-615
301
1204
1773
1628
770
-493
-1508
-1712
-1106
-67
849
1374
1480
1225
802
354
-19
-242
-275
-84
183
283
160
-85
-297
-422
-519
-620
-620
-317
330
1024
1317
995
231
-459
-633
-295
223
558
571
313
-68
-390
-590
-696
-740
-645
-342
107
457
422
-43
-747
-1277
-1352
-952
-318
202
365
95
-515
-1269
-1820
-1941
-1694
-1286
-579
614
2014
2872
2408
842
-810
-1555
-1163
-211
744
1227
1054
347
-646
-1683
-2584
-2977
-2528
-1251
401
1865
2653
2472
1317
-409
-1804
-2052
-973
769
2180
2597
1995
842
-338
-1171
-1589
-1618
-1235
-410
617
1362
1445
802
-177
-987
-1228
-823
-10
823
1301
1419
1308
1082
719
201
-301
-574
-445
50
663
1009
840
345
-94
-208
14
262
277
97
-51
40
415
877
1036
695
52
-462
-549
-225
227
447
335
75
-60
74
337
450
284
34
-27
156
398
446
199
-206
-498
-518
-346
-241
-333
-506
-573
-411
-158
-10
-20
-114
-127
-55
13
-89
-351
-570
-667
-594
-548
-706
-955
-1178
-1241
-1084
-653
25
703
1177
1207
828
421
186
141
129
78
47
2
-86
-261
-565
-928
-1202
-1191
-770
-107
602
1154
1272
939
295
-279
-430
-183
250
610
783
763
613
395
182
5
-112
-98
-9
143
257
284
279
186
-35
-358
-556
-447
18
704
1300
1552
1307
767
239
-55
-94
-10
126
175
109
14
-21
-11
-23
-57
-87
-4
235
553
768
778
571
221
-53
-154
-94
55
199
257
182
48
-81
-197
-327
-454
-468
-269
26
186
143
-6
-108
-129
-92
-64
-48
-1
47
81
19
-206
-566
-893
-996
-818
-416
-1
226
180
-39
-217
-248
-172
-163
-254
-330
-317
-166
3
-19
-324
-839
-1267
-1261
-828
-300
2
70
43
-61
-234
-451
-559
-382
39
523
898
967
690
264
-77
-184
-138
13
266
428
328
-51
-477
-708
-684
-419
13
474
784
867
773
598
356
112
11
93
364
699
971
1034
753
222
-261
-380
-127
282
526
488
314
249
393
522
465
202
-41
-6
369
829
989
778
397
158
209
469
706
753
576
267
30
-70
-109
-179
-283
-361
-304
-67
197
328
250
42
-119
-83
152
374
416
234
-71
-306
-387
-367
-352
-331
-229
-26
207
286
89
-277
-552
-551
-253
182
505
546
327
-23
-376
-593
-626
-523
-346
-129
69
178
154
2
-248
-474
-562
-490
-249
42
267
365
336
234
108
9
-60
-86
-70
-44
-32
-71
-160
-266
-298
-244
-211
-256
-330
-275
-7
351
590
591
417
214
95
106
139
133
144
181
240
235
94
-148
-355
-370
-172
127
352
432
383
268
156
54
13
64
196
321
344
257
132
83
132
231
327
368
384
435
502
482
341
170
126
303
588
771
691
380
21
-177
-146
-6
116
160
138
98
50
-12
-76
-103
-34
124
284
337
250
77
-74
-185
-268
-293
-251
-136
-23
11
-65
-195
-297
-337
-318
-324
-365
-378
-327
-209
-82
-22
-45
-136
-263
-338
-277
-116
13
5
-145
-365
-531
-562
-482
-345
-210
-86
56
169
173
64
-80
-147
-111
-33
11
-30
-95
-113
-91
-71
-120
-179
-154
-10
175
238
171
72
80
187
254
161
-89
-303
-347
-192
2
40
-118
-371
-518
-465
-264
-46
90
96
20
-31
-18
24
9
-76
-173
-200
-135
-38
31
23
-40
-103
-127
-96
-42
14
57
62
20
-48
-89
-53
36
65
-40
-220
-360
-374
-255
-109
-37
-57
-91
-37
82
141
61
-107
-242
-261
-179
-77
-30
-69
-145
-196
-224
-256
-295
-281
-171
25
222
319
265
92
-116
-276
-328
-302
-233
-154
-99
-82
-98
-113
-99
-79
-86
-118
-145
-119
-48
24
73
81
55
26
20
37
44
23
-10
-24
-18
-13
-17
-14
-8
-17
-31
-19
52
151
243
280
242
151
32
-57
-90
-72
-25
27
78
98
79
30
-34
-80
-101
-88
-36
36
85
90
54
2
-59
-113
-158
-208
-214
-144
-2
155
217
137
-35
-195
-263
-231
-136
-38
17
48
74
76
13
-114
-221
-239
-115
75
230
273
156
-48
-229
-312
-280
-146
19
167
249
223
97
-81
-216
-257
-194
-59
102
252
352
368
257
47
-191
-350
-316
-70
279
532
574
409
152
-64
-182
-227
-240
-213
-131
13
174
266
253
173
91
75
163
299
385
353
226
70
-55
-93
-75
-41
-18
5
71
165
234
202
112
16
-26
50
186
332
386
327
221
116
55
27
8
-15
-51
-99
-128
-136
-116
-95
-75
-27
21
89
153
198
228
238
260
298
337
325
228
70
-76
-140
-134
-105
-97
-134
-181
-191
-141
-42
77
170
211
201
161
121
100
101
90
74
52
30
-8
-79
-167
-247
-281
-266
-227
-170
-79
22
116
165
145
81
-2
-40
-15
45
103
125
115
78
-3
-115
-232
-308
-314
-264
-164
-51
56
138
164
123
27
-48
-33
73
192
236
181
51
-91
-194
-232
-228
-194
-105
28
179
276
254
146
27
-28
11
100
180
215
216
204
157
57
-70
-155
-117
34
210
294
241
83
-81
-148
-99
10
90
104
70
44
36
29
18
-6
-12
-2
11
-5
-70
-125
-133
-87
-20
11
15
10
24
52
67
60
26
6
4
-20
-81
-152
-178
-122
-23
38
14
-94
-196
-220
-175
-104
-64
-70
-75
-49
-9
19
-11
-116
-245
-325
-303
-221
-141
-124
-182
-216
-187
-120
-46
-22
-49
-85
-96
-72
-30
-5
-23
-66
-94
-73
-9
60
85
61
9
-54
-100
-74
18
91
90
-6
-152
-256
-252
-153
-18
48
14
-65
-143
-137
-64
13
65
85
87
64
32
7
-17
-42
-73
-95
-102
-81
-33
-6
-1
-10
-16
20
102
192
248
244
187
122
67
28
-4
-31
-41
-31
-10
-12
-53
-109
-155
-152
-83
23
123
192
232
233
174
73
-34
-99
-102
-41
42
78
57
5
-51
-91
-93
-51
26
122
188
183
116
38
9
47
116
169
185
172
160
161
141
88
28
-7
3
14
-9
-46
-83
-77
-10
66
115
114
100
124
183
242
257
217
144
80
51
26
-12
-78
-156
-184
-162
-91
14
122
212
260
251
203
146
95
81
111
141
120
71
31
-4
-44
-111
-175
-187
-111
48
213
310
260
106
-24
-36
69
185
239
205
136
93
84
78
40
-20
-55
-25
51
128
160
144
115
94
91
85
75
89
110
108
78
39
-4
-35
-32
-4
37
60
63
43
-13
-72
-81
-29
48
106
102
61
16
-1
24
42
46
26
4
4
20
45
60
52
21
3
18
73
148
194
205
189
138
61
-23
-81
-91
-53
-1
14
-13
-52
-53
-5
57
84
61
45
84
177
259
268
191
71
-15
-15
31
51
12
-55
-81
-41
23
74
96
84
70
74
97
128
142
125
78
28
-14
-26
-2
16
5
-28
-59
-56
-23
17
49
52
37
35
57
88
89
63
34
10
3
36
86
123
133
111
77
57
60
78
93
106
96
84
97
112
127
108
67
26
-2
19
81
158
203
177
105
30
0
34
86
105
87
58
57
95
136
137
106
75
58
75
93
91
73
47
32
11
-1
-5
6
44
79
84
51
21
27
61
98
97
74
69
96
138
154
121
50
-20
-50
-41
-14
1
-13
-18
-3
28
66
79
65
33
-6
-31
-40
-43
-36
-19
3
27
27
-3
-40
-69
-49
5
57
74
55
37
32
30
13
-32
-101
-142
-123
-57
8
11
-44
-117
-170
-189
-184
-156
-112
-67
-34
-14
-30
-65
-97
-124
-122
-116
-112
-95
-77
-66
-81
-124
-161
-189
-190
-170
-152
-138
-138
-127
-92
-53
-29
-38
-65
-98
-106
-81
-57
-67
-118
-191
-242
-243
-221
-185
-177
-193
-202
-200
-169
-136
-103
-83
-84
-97
-117
-122
-114
-84
-77
-96
-108
-112
-88
-64
-73
-106
-146
-166
-150
-120
-90
-78
-82
-85
-89
-92
-85
-65
-43
-28
-20
-13
-10
-13
-27
-43
-52
-64
-47
-4
28
27
-2
-37
-57
-57
-30
3
15
19
9
-20
-44
-62
-59
-36
-19
-18
-41
-80
-113
-118
-102
-93
-111
-140
-155
-156
-144
-115
-91
-73
-55
-49
-74
-127
-180
-198
-170
-127
-81
-69
-87
-114
-130
-136
-159
-183
-202
-185
-136
-73
-15
-5
-27
-76
-123
-154
-186
-196
-196
-163
-96
-40
-13
-30
-77
-128
-166
-165
-144
-124
-88
-62
-47
-38
-64
-91
-98
-80
-41
-4
24
32
13
-27
-81
-125
-146
-146
-114
-83
-48
-31
-53
-64
-53
-13
41
78
89
77
62
55
54
31
-6
-35
-46
-36
-11
8
-13
-44
-50
-23
29
65
85
90
88
81
50
5
-38
-56
-57
-46
-29
-30
-43
-50
-40
-27
-15
4
33
73
104
108
83
50
36
40
61
78
77
68
56
63
61
40
14
-7
3
31
61
89
90
66
54
49
40
34
33
46
75
96
93
54
3
-29
-26
6
39
57
48
47
53
49
35
20
20
42
84
99
75
29
-13
-14
28
77
116
135
118
77
37
7
2
15
54
97
115
120
104
78
50
34
40
61
90
106
114
108
84
60
54
67
77
94
106
95
88
82
71
60
37
6
-12
1
30
71
103
100
82
44
24
35
56
81
80
58
49
60
84
99
96
73
50
43
42
44
40
40
56
81
106
122
128
131
133
126
102
72
53
59
86
109
123
120
118
108
86
63
47
57
85
127
151
146
122
77
32
9
20
56
85
90
64
22
0
-4
1
1
5
17
48
92
123
141
140
117
79
34
7
3
3
0
1
6
9
7
4
-20
-54
-65
-61
-27
24
63
88
81
72
67
62
48
25
12
0
1
8
5
-7
-18
-24
-10
8
34
60
79
123
128
118
104
64
47
34
63
87
105
160
131
98
86
56
35
38
91
104
120
136
84
33
12
3
-12
2
43
83
121
113
52
-43
-88
-63
-20
11
17
22
27
55
48
-2
-28
-39
-20
22
60
81
73
41
1
-18
-9
11
35
38
14
9
17
20
27
40
35
10
-14
-27
-24
2
26
7
-28
-48
-48
-37
2
37
54
68
58
37
10
0
10
-1
-20
-19
5
46
81
75
24
-32
-85
-94
-60
-18
28
34
0
-66
-127
-156
-168
-159
-146
-118
-95
-104
-124
-153
-172
-170
-156
-139
-123
-84
-59
-60
-70
-96
-115
-119
-95
-67
-49
-47
-75
-114
-123
-114
-80
-31
1
18
-5
-28
-23
-6
21
49
73
74
65
60
52
39
25
13
3
20
48
57
37
3
-17
-15
18
70
99
96
75
41
19
-1
-27
-38
-46
-37
-21
-16
-28
-63
-87
-110
-115
-103
-105
-111
-117
-128
-161
-217
-264
-286
-289
-287
-292
-307
-331
-370
-415
-436
-491
-576
-629
-561
-345
-145
-120
-350
-597
-642
-467
-177
12
61
-7
-103
-165
-180
-73
117
268
307
269
241
274
343
395
379
274
224
276
387
478
422
233
20
-87
-37
73
147
114
-16
-142
-210
-179
-110
-76
-97
-172
-233
-246
-224
-196
-174
-165
-151
-146
-174
-211
-249
-248
-184
-95
-26
-28
-73
-105
-112
-68
-10
31
46
47
43
42
43
47
66
88
105
89
37
3
15
61
98
119
121
100
72
34
7
0
13
31
36
34
18
5
0
4
11
-7
-31
-44
-44
-48
-62
-94
-110
-113
-136
-157
-203
-258
-299
-338
-356
-404
-437
-505
-600
-637
-553
-254
-63
-183
-616
-965
-819
-357
72
80
-215
-442
-471
-284
-85
49
147
189
224
271
273
285
383
450
458
314
217
306
486
634
506
183
-70
-101
74
272
307
171
-50
-169
-133
-19
32
-16
-104
-142
-137
-145
-160
-224
-230
-170
-103
-85
-173
-309
-360
-281
-94
67
98
47
-27
-37
26
101
143
135
104
115
141
142
111
67
78
144
196
205
160
128
156
188
208
167
81
6
-12
28
83
100
72
20
-17
-10
13
33
26
5
15
57
105
111
87
70
62
77
87
101
109
93
51
4
-5
-2
19
26
-10
-77
-151
-196
-212
-218
-242
-310
-407
-495
-556
-589
-516
-296
-95
-197
-648
-1006
-890
-376
34
-78
-517
-784
-619
-229
-14
-60
-181
-172
37
239
212
77
106
336
510
393
185
157
404
716
725
411
53
4
313
626
628
325
-18
-60
199
438
401
147
-55
-38
93
150
50
-131
-153
16
209
205
-47
-340
-423
-233
61
187
45
-182
-290
-202
-22
80
42
-65
-96
-13
66
54
-24
-65
-5
103
150
75
-49
-62
79
246
289
159
-36
-116
-26
104
136
40
-66
-91
-47
-3
-42
-115
-131
-48
54
69
-37
-199
-256
-164
-9
81
68
17
-36
-19
41
68
63
47
57
89
118
115
67
34
82
139
159
146
92
19
-48
-34
16
8
-27
-75
-148
-224
-272
-289
-318
-380
-464
-532
-581
-547
-397
-307
-428
-788
-1050
-884
-425
-112
-316
-786
-940
-594
-96
64
-167
-389
-304
74
368
253
-38
-44
315
640
503
93
-82
225
766
911
490
-37
-143
274
755
788
414
12
-26
266
434
275
-36
-132
98
332
260
-86
-384
-307
57
302
150
-271
-577
-496
-175
36
-42
-306
-455
-377
-198
-114
-190
-281
-247
-108
-3
-71
-262
-354
-222
60
240
167
-44
-171
-78
158
309
257
102
37
124
254
283
175
82
117
243
304
198
-3
-127
-68
92
161
37
-165
-267
-202
-68
-7
-80
-207
-245
-179
-96
-96
-191
-267
-237
-135
-73
-131
-239
-256
-154
-11
48
-1
-55
-32
91
185
158
71
33
123
260
334
307
228
193
219
261
283
270
241
239
246
198
97
29
76
172
214
151
13
-108
-124
-41
31
23
-67
-143
-154
-116
-122
-208
-310
-351
-321
-287
-309
-419
-497
-488
-269
10
-7
-333
-765
-754
-260
186
202
-268
-654
-515
-93
157
14
-231
-153
167
355
196
-185
-204
263
690
612
14
-339
-3
647
924
449
-229
-358
140
714
706
112
-370
-266
239
529
229
-285
-390
-3
415
317
-224
-582
-398
141
421
144
-377
-635
-398
41
204
-46
-383
-451
-194
67
54
-130
-224
-89
150
216
57
-153
-178
40
286
342
161
-60
-87
111
332
395
278
123
85
179
284
294
215
151
193
250
229
76
-85
-101
24
172
172
4
-204
-277
-177
-17
28
-71
-196
-241
-169
-104
-134
-199
-215
-153
-84
-110
-203
-264
-197
-18
115
92
-23
-84
-2
160
251
215
110
66
139
234
256
191
141
162
237
267
201
98
70
170
274
243
70
-61
-52
53
130
101
27
-81
-124
-57
31
75
23
-57
-79
-45
-5
-23
-57
-41
-13
8
49
51
-9
-54
-14
118
184
139
56
-27
-49
-13
69
142
142
96
37
9
45
95
106
78
24
-46
-94
-77
-13
17
-64
-184
-252
-239
-168
-122
-120
-127
-162
-240
-313
-291
-162
-58
-56
-89
-112
-104
-39
41
138
211
227
215
185
195
273
376
443
416
330
317
387
455
432
333
297
384
479
465
336
201
215
328
399
355
209
107
123
185
199
104
-5
-2
77
124
43
-87
-140
-86
9
40
-31
-132
-184
-168
-113
-94
-114
-138
-127
-89
-83
-96
-83
-34
16
17
-40
-90
-73
-6
60
64
21
-20
-20
22
45
40
21
11
22
37
42
2
-50
-71
-37
42
89
64
-27
-116
-119
-39
46
60
1
-58
-86
-72
-29
-15
-41
-72
-67
-36
-20
-32
-38
-10
41
74
67
23
-10
-6
10
23
11
7
31
55
55
13
-22
0
69
113
78
-12
-95
-96
-21
61
64
-16
-99
-129
-85
-27
-27
-70
-109
-118
-99
-88
-98
-113
-106
-75
-41
-39
-72
-112
-138
-91
-32
-10
-31
-54
22
52
24
-23
-60
48
130
108
16
-41
6
56
134
152
69
4
3
51
95
93
37
20
37
42
9
-40
-27
-11
0
2
-19
-54
-99
-111
-108
-109
-143
-160
-172
-243
-266
-248
-195
-143
-179
-242
-313
-299
-200
-150
-146
-187
-240
-242
-193
-131
-132
-168
-150
-64
-19
-33
-26
41
147
175
144
136
170
248
282
247
191
180
246
318
310
232
171
194
272
304
245
167
144
173
204
172
105
74
97
148
157
96
14
-13
10
48
55
10
-51
-84
-69
-38
-14
-1
-4
-28
-62
-88
-87
-46
17
61
55
10
-31
-25
25
108
159
144
96
70
123
203
258
262
242
250
263
253
214
196
233
282
288
233
139
72
105
189
226
181
64
-20
-41
-35
-30
-65
-112
-168
-211
-241
-274
-185
-96
-155
-413
-691
-530
-126
55
-230
-677
-593
-81
240
8
-460
-423
100
415
183
-319
-408
163
702
572
-135
-569
-74
788
1003
331
-448
-434
278
764
507
-128
-364
12
397
268
-199
-444
-177
277
323
-63
-461
-451
-43
247
168
-139
-375
-344
-187
-79
-37
-60
-94
-138
-192
-192
-144
-92
-42
-2
5
-35
-140
-211
-127
74
241
214
18
-142
-117
75
259
279
156
40
28
92
119
70
54
101
136
84
-75
-188
-148
0
115
66
-97
-233
-239
-131
-40
-41
-91
-133
-173
-199
-182
-115
-26
7
-37
-100
-130
-95
-29
32
74
63
12
-30
-43
8
102
169
174
123
70
66
100
140
153
137
110
64
5
-36
-45
-11
29
33
-10
-76
-128
-133
-70
-15
-30
-106
-203
-238
-207
-165
-146
-151
-164
-177
-204
-220
-193
-119
-30
14
-13
-99
-159
-123
9
124
116
4
-116
-118
-31
73
136
115
75
46
46
63
77
118
169
179
122
14
-57
-27
60
133
128
50
-29
-87
-90
-41
10
28
8
-24
-80
-128
-132
-111
-58
-25
-44
-98
-142
-118
-43
14
10
-19
-48
-65
-78
-75
-41
2
14
-34
-97
-112
-64
9
59
68
34
2
3
8
8
-18
-40
-40
-57
-90
-127
-131
-106
-71
-60
-83
-100
-97
-78
-71
-69
-84
-121
-151
-166
-161
-140
-123
-130
-171
-221
-230
-168
-109
-125
-182
-219
-172
-114
-126
-156
-165
-112
-55
-58
-92
-122
-103
-66
-45
-49
-83
-132
-140
-117
-130
-178
-206
-149
-77
-104
-200
-272
-267
-183
-106
-110
-197
-308
-346
-309
-270
-274
-306
-345
-360
-387
-427
-421
-383
-326
-335
-410
-458
-459
-396
-355
-371
-426
-464
-423
-377
-353
-376
-374
-304
-231
-205
-252
-251
-167
-86
-86
-142
-171
-128
-42
0
-24
-110
-158
-93
-1
19
-51
-141
-157
-120
-86
-98
-134
-142
-142
-137
-164
-199
-208
-166
-89
-77
-130
-224
-269
-226
-138
-60
-71
-141
-197
-190
-141
-109
-110
-137
-154
-160
-165
-159
-155
-127
-80
-50
-66
-124
-162
-141
-75
-18
-3
-27
-67
-80
-62
-20
26
24
-23
-79
-98
-67
-26
-9
-38
-85
-126
-164
-190
-206
-193
-192
-197
-226
-228
-163
-178
-258
-410
-415
-160
-14
-141
-456
-531
-199
75
-1
-298
-325
29
297
174
-113
-130
214
534
433
80
-113
114
534
656
383
42
12
264
477
433
270
211
234
245
168
106
156
211
220
168
92
64
43
69
177
286
290
137
-42
-56
117
300
315
170
29
38
143
213
197
168
219
288
271
179
124
204
357
432
384
283
213
215
266
334
409
423
337
215
173
268
396
416
327
234
223
281
296
257
250
288
339
320
219
133
152
251
323
287
177
115
134
207
275
296
290
262
234
250
296
334
357
358
369
385
352
319
327
394
480
482
406
317
290
342
432
470
432
372
334
343
360
369
381
386
367
311
236
204
222
258
277
244
179
112
87
121
170
200
201
155
83
35
56
131
197
198
155
114
87
82
91
126
164
185
173
130
100
100
135
191
216
189
133
96
114
168
208
227
233
224
198
174
184
214
241
243
216
183
170
180
197
218
233
229
229
228
216
221
233
259
271
238
175
128
143
199
257
259
227
208
207
217
227
248
272
270
228
194
202
241
273
258
223
203
199
209
219
230
256
280
282
251
214
202
230
260
251
221
177
149
155
190
242
274
273
244
205
193
204
213
204
173
142
126
140
147
131
114
105
103
94
61
21
1
22
75
88
47
-3
-20
-3
30
54
51
43
39
41
45
45
42
50
71
83
79
63
62
89
124
143
159
129
130
185
177
144
96
161
269
251
193
114
153
244
236
198
160
196
218
181
158
169
169
145
161
163
116
32
38
124
133
56
-52
-90
-49
14
50
41
3
-59
-65
-34
-19
-10
-59
-92
-77
-70
-70
-111
-113
-70
-53
-73
-132
-172
-158
-91
-34
-32
-82
-150
-152
-113
-64
-39
-77
-92
-73
-54
-16
16
43
60
59
50
24
-5
-10
28
80
114
87
27
-1
8
38
56
51
30
14
-1
6
8
-18
-54
-97
-123
-136
-142
-158
-174
-172
-160
-157
-190
-245
-283
-281
-263
-259
-278
-304
-308
-298
-296
-324
-349
-350
-333
-319
-326
-322
-314
-309
-309
-313
-311
-301
-286
-302
-322
-305
-258
-208
-196
-199
-192
-174
-151
-130
-127
-145
-157
-151
-144
-149
-160
-162
-135
-95
-86
-106
-124
-114
-83
-67
-92
-128
-144
-152
-159
-171
-169
-174
-190
-193
-188
-170
-168
-184
-195
-215
-239
-253
-253
-245
-249
-259
-274
-282
-270
-251
-234
-231
-227
-212
-201
-195
-207
-202
-158
-115
-103
-130
-145
-113
-95
-107
-117
-120
-111
-92
-67
-57
-58
-64
-56
-27
-23
-45
-72
-87
-92
-90
-66
-50
-72
-95
-112
-94
-55
-47
-48
-43
-31
-27
-21
-28
-38
-41
-47
-36
-36
-43
-39
-20
18
42
37
31
18
11
41
69
68
46
14
0
-1
-8
-9
4
8
-5
-19
-30
-39
-52
-66
-86
-113
-132
-136
-131
-129
-134
-136
-130
-124
-124
-130
-127
-111
-97
-105
-116
-112
-111
-117
-123
-114
-96
-76
-57
-43
-30
-28
-29
-23
-9
-8
-33
-43
-35
-15
8
4
-11
-19
-16
-5
-7
-11
-4
8
12
-5
-23
-17
0
6
-8
-27
-27
0
26
22
21
40
57
59
61
71
71
61
40
38
66
79
83
100
131
149
124
98
102
128
136
119
98
96
98
94
103
105
87
52
31
37
36
13
-14
-26
-31
-54
-99
-141
-172
-180
-176
-147
-135
-214
-329
-417
-302
-102
-110
-305
-506
-404
-135
-74
-220
-354
-220
2
-22
-215
-274
-70
173
145
-67
-177
-90
99
177
142
75
5
-33
-29
54
157
180
91
-20
-40
23
63
43
17
63
125
97
1
-70
7
154
207
110
-47
-100
-45
51
110
117
100
38
-18
-22
16
71
81
41
17
15
8
-16
-28
17
90
96
5
-115
-154
-79
18
68
34
-48
-108
-116
-77
-33
-3
1
-29
-68
-90
-88
-61
-23
11
23
11
-29
-88
-100
-25
64
94
60
8
-3
33
80
100
86
75
74
75
74
81
105
128
138
117
74
40
51
98
143
172
162
115
72
65
107
154
172
152
107
74
77
94
108
130
146
142
89
27
-1
26
95
132
105
51
16
4
17
40
60
66
43
0
-18
-7
17
30
23
14
-17
-61
-87
-79
-37
-9
-23
-61
-97
-93
-64
-33
-11
-7
-8
-27
-50
-58
-48
-13
24
16
-27
-55
-55
-34
3
39
66
64
27
8
6
22
47
58
61
41
11
-19
-31
-5
38
61
35
-8
-26
-11
19
29
24
8
4
-11
-35
-24
22
75
64
27
13
15
38
50
57
74
81
69
55
54
61
77
81
65
44
16
16
24
44
64
87
124
57
-43
-111
-40
161
203
120
-15
-42
91
126
108
78
97
147
81
-5
-12
36
102
124
69
-4
-111
-116
12
111
99
-52
-164
-151
-88
-38
-38
-64
-115
-157
-174
-168
-145
-120
-84
-90
-160
-226
-278
-257
-161
-87
-73
-161
-241
-258
-218
-130
-106
-127
-180
-218
-195
-175
-148
-121
-115
-126
-144
-147
-143
-123
-80
-36
-27
-69
-122
-133
-99
-23
45
46
25
-14
-16
28
44
52
42
25
17
10
11
24
40
28
0
-18
-34
-54
-61
-39
-13
-27
-56
-43
-26
-60
-134
-162
-79
14
-2
-119
-170
-81
29
45
-32
-51
36
111
74
-12
-12
98
200
183
97
30
42
98
147
167
131
72
19
10
52
91
91
55
20
20
24
16
16
43
98
116
80
14
-15
39
123
172
142
94
79
92
130
163
199
222
202
160
141
143
145
148
152
149
124
88
84
115
136
139
133
100
51
-15
-70
-59
-22
-25
-96
-194
-244
-249
-263
-278
-302
-330
-355
-412
-466
-504
-465
-399
-372
-397
-520
-605
-609
-499
-351
-325
-387
-508
-520
-400
-276
-189
-167
-134
-86
-47
-46
-12
80
177
216
137
66
55
154
295
369
353
247
171
177
262
351
382
351
280
220
187
198
235
273
292
269
210
163
141
174
252
299
299
221
141
107
123
215
282
273
216
159
146
184
236
280
280
242
224
187
160
154
164
204
224
218
168
141
166
224
276
258
230
0
0
0
0
0
0
0
0
0
0
0
0
0
0
0
0
0
0
0
0
0
0
0
0
0
0
0
0
0
0
0
0
0
0
0
0
0
0
0
0
0
0
0
0
0
0
0
0
0
0
0
0
0
0
0
0
0
0
0
0
0
0
0
0
0
0
0
0
0
0
0
0
0
0
0
0
0
0
0
0
0
0
0
0
0
0
0
0
0
0
0
0
0
0
0
0
0
0
0
0
0
0
0
0
0
0
0
0
0
0
0
0
0
0
0
0
0
0
0
0
0
0
0
0
0
0
0
0
0
0
0
0
0
0
0
0
0
0
0
0
0
0
0
0
0
0
0
0
0
0
0
0
0
0
0
0
0
0
0
0
0
0
0
0
0
0
0
0
0
0
0
0
0
0
0
0
0
0
0
0
0
0
0
0
0
0
0
0
0
0
0
0
0
0
0
0
0
0
0
0
0
0
0
0
0
0
0
0
0
0
0
0
0
0
0
0
0
0
0
0
0
0
0
0
0
0
0
0
0
0
0
0
0
0
0
0
0
0
0
0
0
0
0
0
0
0
0
0
0
0
0
0
0
0
0
0
0
0
0
0
0
0
0
0
0
0
0
0
0
0
0
0
0
0
0
0
0
0
0
0
0
0
0
0
0
0
0
0
0
0
0
0
0
0
0
0
0
0
0
0
0
0
0
0
0
0
0
0
0
0
0
0
0
0
0
0
0
0
0
0
0
0
0
0
0
0
0
0
0
0
0
0
0
0
0
0
0
0
0
0
0
0
0
0
0
0
0
0
0
0
0
0
0
0
0
0
0
0
0
0
0
0
0
0
0
0
0
0
0
0
0
0
0
0
0
0
0
0
0
0
0
0
0
0
0
0
0
0
0
0
0
0
0
0
0
0
0
0
0
0
0
0
0
0
0
0
0
0
0
0
0
0
0
0
0
0
0
0
0
0
0
0
0
0
0
0
0
0
0
0
0
0
0
0
0
0
0
0
0
0
0
0
0
0
0
0
0
0
0
0
0
0
0
0
0
0
0
0
0
0
0
0
0
0
0
0
0
0
0
0
0
0
0
0
0
0
0
0
0
0
0
0
0
0
0
0
0
0
0
0
0
0
0
0
0
0
0
0
0
0
0
0
0
0
0
0
0
0
0
0
0
0
0
0
0
0
0
0
0
0
0
0
0
0
0
0
0
0
0
0
0
0
0
0
0
0
0
0
0
0
0
0
0
0
0
0
0
0
0
0
0
0
0
0
0
0
0
0
0
0
0
0
0
0
0
0
0
0
0
0
0
0
0
0
0
0
0
0
0
0
0
0
0
0
0
0
0
0
0
0
0
0
0
0
0
0
0
0
0
0
0
0
0
0
0
0
0
0
0
0
0
0
0
0
0
0
0
0
0
0
0
0
0
0
0
0
0
0
0
0
0
0
0
0
0
0
0
0
0
0
0
0
0
0
0
0
0
0
0
0
0
0
0
0
0
0
0
0
0
0
0
0
0
0
0
0
0
0
0
0
0
0
0
0
0
0
0
0
0
0
0
0
0
0
0
0
0
0
0
0
0
0
0
0
0
0
0
0
0
0
0
0
0
0
