26
69
96
114
137
141
134
124
71
-51
-270
-426
-385
-208
-74
-110
-126
-84
-22
15
9
84
106
130
148
128
83
-63
-145
-161
-139
-159
-186
-144
-86
-21
34
59
90
98
53
18
-17
-33
-83
-99
-83
-13
70
52
56
58
35
-18
-29
2
-1
-57
-124
-113
-69
-46
-60
-87
-109
-85
-3
68
79
36
-14
-32
-26
-11
12
18
20
9
7
14
25
36
23
17
6
19
50
71
68
70
89
115
168
257
343
236
-128
-471
-550
-422
-243
-136
-148
-224
-301
-276
-156
15
119
160
223
234
252
191
90
-36
-126
-163
-216
-203
-219
-209
-194
-145
-38
49
76
40
53
80
49
2
-12
-5
32
28
57
99
50
-19
-102
-121
-100
-40
5
-11
-50
-161
-247
-226
-99
23
61
-15
-64
-32
2
36
18
-8
-61
-75
-48
5
63
69
79
77
61
20
9
32
55
64
32
7
76
194
323
507
535
162
-452
-873
-848
-525
-194
-102
-219
-368
-451
-317
-56
181
318
425
523
499
388
190
-47
-229
-342
-383
-374
-361
-352
-305
-190
-71
52
142
148
142
128
106
18
-83
-105
-62
35
105
147
116
11
-98
-160
-115
-61
-26
-1
-21
-101
-200
-239
-196
-112
-80
-94
-97
-57
10
54
65
7
-49
-73
-47
7
47
93
116
142
119
64
21
-24
-2
33
68
83
76
157
274
468
609
352
-333
-1041
-1253
-931
-400
-43
-47
-265
-447
-383
-85
293
555
682
734
683
520
283
9
-296
-568
-750
-795
-706
-539
-359
-197
-36
109
244
335
356
321
246
112
-77
-190
-207
-154
-40
48
79
16
-116
-214
-185
-74
3
32
23
-34
-146
-229
-255
-240
-160
-108
-64
-14
-5
47
54
56
34
-13
7
10
46
86
124
144
114
62
19
21
16
5
17
14
23
110
273
557
668
274
-578
-1416
-1567
-1110
-352
234
314
49
-340
-378
-100
327
665
812
896
802
565
199
-180
-547
-855
-982
-901
-681
-463
-316
-173
22
209
367
423
418
364
280
142
-73
-211
-265
-172
4
125
131
-37
-250
-377
-341
-171
-4
95
112
25
-86
-182
-229
-141
-31
25
-10
-111
-133
-126
-70
33
77
99
54
41
73
107
180
215
237
184
87
11
-42
-47
-59
-66
-24
98
319
611
599
-11
-959
-1644
-1495
-772
32
496
354
-94
-487
-424
7
488
827
947
942
780
459
32
-445
-876
-1085
-1013
-768
-542
-436
-365
-201
97
415
594
550
411
272
191
104
-92
-218
-272
-194
-17
76
74
-128
-370
-477
-411
-175
58
189
193
84
-84
-196
-188
-108
7
27
-84
-201
-266
-216
-112
5
77
74
76
64
125
188
224
269
225
183
99
26
-27
-110
-145
-165
-95
54
282
616
807
332
-831
-1819
-1846
-998
7
623
613
56
-585
-705
-239
423
904
1092
1129
976
616
97
-430
-891
-1271
-1335
-1035
-600
-338
-343
-320
-41
373
682
724
571
415
293
156
-38
-253
-354
-337
-201
-26
-15
-208
-490
-607
-446
-141
183
421
452
258
-76
-324
-329
-256
-128
-57
-119
-183
-295
-253
-122
0
141
183
244
268
243
232
219
215
163
41
-86
-173
-238
-303
-351
-294
-157
54
348
675
997
1066
381
-960
-1990
-2013
-1074
43
632
569
-115
-772
-854
-318
491
1058
1302
1268
1026
622
127
-442
-993
-1424
-1621
-1319
-753
-279
-50
-54
57
277
488
654
709
720
546
196
-201
-455
-448
-396
-310
-216
-247
-420
-654
-635
-282
165
515
673
588
229
-236
-533
-518
-323
-185
-157
-193
-259
-290
-237
-52
155
263
265
230
260
258
258
247
212
177
36
-167
-341
-430
-452
-437
-359
-165
182
537
829
1037
876
186
-939
-1878
-1891
-1108
-56
560
454
-105
-710
-800
-294
527
1158
1369
1218
903
608
161
-405
-1097
-1734
-1890
-1501
-729
0
318
295
131
110
331
642
889
892
640
147
-385
-654
-670
-521
-384
-298
-242
-343
-460
-399
-106
290
568
646
496
160
-253
-570
-661
-529
-322
-161
-99
-127
-145
-78
120
300
348
287
201
207
239
275
270
187
53
-150
-326
-414
-411
-340
-346
-388
-221
135
584
987
1158
989
319
-765
-1743
-1894
-1245
-288
363
347
-47
-580
-794
-435
332
1046
1348
1329
1164
903
391
-384
-1225
-1831
-1970
-1612
-911
-142
332
393
249
156
319
635
946
1074
830
245
-418
-817
-860
-649
-440
-313
-280
-377
-412
-304
-7
367
620
664
482
128
-250
-487
-566
-487
-398
-358
-334
-299
-148
84
312
412
398
316
190
132
130
197
281
214
53
-131
-354
-488
-515
-430
-198
19
251
455
559
735
999
1078
382
-1021
-2209
-2317
-1372
-225
471
469
-81
-714
-734
-14
907
1485
1560
1422
1197
799
161
-705
-1608
-2212
-2267
-1686
-696
172
518
410
254
310
553
850
1082
1089
709
36
-606
-906
-890
-739
-529
-315
-177
-252
-355
-247
106
483
667
689
500
132
-314
-615
-626
-497
-398
-421
-483
-391
-84
315
620
665
497
217
-14
-45
57
224
266
151
-46
-338
-511
-569
-524
-347
-174
111
361
476
506
505
652
829
1026
1086
512
-866
-2295
-2813
-2185
-879
225
768
659
17
-409
-149
586
1228
1481
1517
1382
906
85
-916
-1797
-2199
-1979
-1160
-153
457
452
26
-210
84
710
1190
1243
974
437
-167
-638
-884
-871
-750
-515
-160
165
267
157
6
-17
153
364
501
413
44
-468
-876
-985
-786
-411
-35
283
470
557
571
429
198
-34
-129
36
309
466
348
-31
-412
-656
-679
-491
-238
-2
103
155
242
367
468
585
738
878
968
895
765
489
-486
-1934
-2818
-2709
-1470
8
913
1221
749
-50
-476
-52
790
1399
1592
1362
896
180
-593
-1201
-1574
-1537
-1181
-598
-51
194
220
81
105
437
811
993
839
504
96
-354
-711
-803
-578
-219
182
506
569
259
-266
-546
-363
75
397
378
6
-523
-955
-1018
-571
151
772
1023
879
511
144
-130
-306
-322
-224
-77
70
161
169
54
-170
-344
-315
-90
201
411
325
7
-248
-298
-28
387
735
933
877
687
453
306
312
45
-908
-2048
-2468
-1795
-530
468
997
906
279
-283
-300
244
762
1002
1038
969
721
175
-488
-1169
-1520
-1309
-699
51
389
221
-175
-446
-156
421
872
887
584
284
0
-193
-279
-198
-64
-16
24
80
22
-245
-466
-365
-69
74
-61
-260
-338
-286
-67
243
539
666
524
313
89
-139
-326
-466
-483
-357
-148
71
226
241
174
142
154
226
278
202
50
-228
-460
-435
-231
111
373
497
518
482
527
600
630
553
531
556
44
-1117
-2200
-2461
-1620
-357
572
892
470
-248
-603
-309
345
909
1142
1151
1057
828
492
-108
-858
-1385
-1516
-1136
-523
-83
89
-53
-115
133
515
796
778
662
454
137
-198
-407
-338
-240
-165
-33
-11
-130
-375
-496
-335
-161
-3
177
362
418
226
-8
-82
54
167
121
-81
-387
-551
-523
-339
-68
139
261
279
277
319
366
323
184
30
-147
-332
-479
-449
-339
-185
-30
172
473
664
768
754
673
536
287
64
-9
96
365
289
-779
-2016
-2423
-1732
-474
327
740
602
-78
-534
-293
400
833
847
827
1048
1173
975
400
-441
-1258
-1743
-1561
-906
-293
-69
-149
-219
-92
145
457
795
1018
1069
801
297
-321
-770
-832
-620
-161
130
64
-269
-653
-662
-303
207
648
828
641
243
-179
-413
-393
-286
-223
-244
-287
-324
-253
-175
-73
103
289
510
630
531
281
51
-138
-282
-454
-611
-591
-452
-232
80
459
801
906
711
376
57
-129
-197
-115
30
132
194
285
555
633
24
-1073
-1776
-1617
-910
-189
124
-27
-652
-1138
-878
33
1106
1733
1913
1745
1370
885
227
-597
-1535
-2210
-2290
-1786
-986
-329
13
104
143
346
651
963
1109
1030
781
317
-275
-777
-993
-992
-766
-425
-179
-135
-393
-566
-353
92
566
821
741
456
-40
-484
-614
-593
-506
-538
-583
-464
-199
189
475
568
450
236
122
66
63
70
-114
-415
-648
-626
-307
6
208
304
276
127
-57
-113
-39
145
286
340
326
254
250
344
557
822
1037
638
-756
-2226
-2874
-2465
-1345
-348
373
520
189
93
416
1068
1486
1431
1187
956
709
339
-279
-1065
-1734
-2161
-1947
-1042
-45
555
465
141
102
327
856
1294
1392
1031
211
-530
-942
-880
-593
-416
-248
-154
-167
-284
-396
-260
69
388
664
818
657
193
-390
-699
-627
-475
-304
-186
-170
-164
-110
112
315
342
332
367
445
387
202
11
-248
-466
-557
-489
-256
-132
-80
23
121
274
378
469
539
466
309
204
194
258
345
339
296
219
231
158
-426
-1284
-1854
-1772
-1156
-418
255
553
391
143
30
236
504
626
783
996
1161
1036
482
-339
-1137
-1715
-1785
-1220
-383
238
283
58
5
189
545
793
946
911
524
-31
-487
-605
-591
-633
-527
-206
55
72
-80
-85
116
250
378
474
436
146
-351
-604
-528
-307
-157
-151
-148
-147
-105
40
226
359
371
308
319
365
274
54
-230
-404
-437
-385
-212
-75
-41
-99
-167
-71
95
310
532
651
668
534
341
183
9
-112
-108
-17
142
349
670
549
-415
-1592
-2204
-1858
-1009
-71
692
808
366
-199
-415
-122
285
586
946
1259
1333
1014
334
-312
-853
-1231
-1214
-835
-343
-197
-381
-410
-212
61
236
305
477
582
484
339
150
1
-161
-256
-14
201
116
-180
-509
-532
-385
-218
51
240
230
-11
-288
-358
-287
-227
-229
-156
80
383
627
729
630
284
-200
-473
-366
-85
30
-118
-387
-585
-603
-462
-61
363
602
613
444
354
236
57
-106
-149
-41
29
20
8
29
15
4
129
434
772
999
758
-101
-1167
-1835
-1687
-1133
-535
-122
-98
-257
-482
-504
-238
136
540
981
1434
1765
1724
1191
347
-583
-1361
-1811
-1789
-1354
-797
-369
-109
-21
-111
-229
-172
174
580
777
692
441
195
-7
-109
-126
-139
-196
-265
-337
-401
-495
-606
-592
-402
-64
242
380
272
-11
-265
-385
-281
9
361
588
503
167
-223
-505
-516
-286
-1
190
185
74
-74
-197
-232
-189
-118
-99
-88
-22
67
108
114
99
88
97
112
173
263
322
328
292
279
336
417
383
66
-474
-976
-1216
-1198
-1005
-680
-362
-163
-191
-334
-381
-273
-8
382
846
1247
1430
1302
905
339
-242
-666
-866
-849
-725
-560
-451
-473
-540
-576
-495
-312
-97
85
168
219
306
392
459
497
487
382
146
-119
-319
-454
-597
-646
-463
-131
149
204
89
-151
-435
-600
-525
-222
124
364
425
348
187
26
-45
-38
7
9
-58
-119
-181
-227
-246
-271
-259
-237
-137
45
186
255
192
65
-24
-32
37
107
109
6
-109
-142
-81
-11
11
16
-25
-83
-132
-138
-96
-101
-130
-118
-79
-43
-85
-148
-81
33
93
74
15
11
-10
-82
-173
-255
-259
-203
-88
37
121
134
65
-12
-59
-47
3
21
-20
-96
-204
-315
-359
-303
-163
-22
60
113
143
143
137
79
3
-40
-21
64
96
26
-132
-341
-473
-449
-242
81
310
391
330
186
51
-62
-95
-81
-90
-127
-146
-115
-63
-59
-115
-144
-151
-93
13
69
17
-148
-246
-196
-36
163
293
295
210
118
79
74
38
-34
-136
-247
-356
-409
-402
-340
-219
-65
119
221
205
118
14
-65
-101
-48
35
79
68
47
30
-24
-91
-116
-83
-40
2
31
17
-50
-195
-287
-242
-102
64
130
102
20
-51
-35
0
18
7
-25
-28
4
71
131
92
-36
-179
-267
-224
-126
-70
-74
-151
-230
-229
-131
20
153
180
145
64
-56
-118
-142
-134
-100
-54
-5
-12
-86
-174
-177
-96
0
46
21
-20
-75
-111
-68
34
118
117
48
-30
-80
-91
-68
-41
-14
9
33
31
-23
-85
-148
-170
-136
-69
-9
-22
-59
-88
-85
-44
20
86
90
55
-19
-110
-190
-257
-248
-200
-152
-111
-90
-54
-16
2
15
38
71
109
124
115
98
57
-10
-103
-221
-302
-299
-210
-59
49
81
70
46
34
4
-23
-37
-46
-48
-63
-72
-105
-152
-167
-119
10
125
136
54
-55
-134
-165
-147
-90
-29
0
11
21
23
-7
-47
-73
-97
-128
-148
-136
-120
-111
-88
-30
0
-21
-31
-4
58
98
104
77
1
-93
-160
-170
-154
-151
-178
-190
-156
-70
53
141
158
106
28
-28
-43
-36
-37
-69
-122
-181
-234
-273
-282
-223
-136
-24
94
161
161
85
0
-32
-9
44
93
83
14
-105
-247
-327
-325
-230
-76
40
68
18
-42
-58
-37
12
49
50
21
-16
-19
-18
-37
-89
-153
-171
-138
-74
-13
17
19
-12
-64
-110
-144
-129
-79
-7
37
8
-54
-133
-172
-179
-143
-57
34
107
113
73
21
-38
-80
-91
-90
-109
-134
-141
-108
-58
-24
6
19
3
-39
-85
-88
-52
-8
36
46
12
-51
-102
-111
-83
-20
25
13
-53
-155
-228
-262
-246
-161
-53
30
60
47
24
5
-31
-39
10
68
91
18
-103
-208
-276
-248
-151
-34
47
52
16
5
12
15
-19
-84
-130
-162
-157
-123
-83
-50
-30
-9
7
20
26
29
35
17
-34
-109
-176
-214
-216
-173
-95
-25
-15
-55
-101
-91
-23
44
91
113
93
22
-51
-81
-78
-64
-71
-95
-142
-210
-247
-217
-128
-36
20
42
43
27
16
26
49
70
64
33
-13
-55
-75
-79
-80
-99
-127
-151
-160
-152
-136
-105
-75
-41
-13
-13
-23
-36
-32
-24
-19
-6
6
8
-8
-33
-63
-88
-100
-97
-75
-49
-29
-5
36
68
71
26
-61
-151
-224
-256
-217
-119
-21
28
23
-6
-17
-8
15
27
31
31
-11
-73
-123
-142
-134
-128
-102
-51
-2
1
-52
-103
-111
-78
-31
-2
2
-20
-57
-70
-40
12
50
40
-9
-67
-123
-156
-156
-135
-100
-97
-119
-120
-80
8
89
125
115
61
-24
-103
-149
-134
-66
-7
4
-43
-115
-175
-204
-182
-100
7
74
78
25
-47
-104
-131
-100
-33
35
62
34
-20
-83
-125
-129
-105
-89
-101
-118
-115
-74
-20
28
68
67
16
-59
-126
-143
-118
-75
-14
28
29
0
-56
-103
-133
-158
-156
-146
-123
-85
-43
11
57
87
101
99
77
31
-57
-164
-243
-268
-251
-216
-156
-82
-10
47
111
169
172
114
20
-58
-114
-156
-183
-207
-231
-238
-202
-115
-4
74
104
99
64
24
-6
-26
-42
-71
-98
-107
-114
-108
-101
-86
-48
4
61
101
94
31
-60
-159
-224
-236
-192
-110
-16
60
87
54
-19
-69
-81
-67
-43
-45
-64
-81
-99
-96
-67
-42
-35
-54
-71
-74
-85
-96
-106
-96
-57
-18
17
46
56
46
10
-46
-102
-151
-172
-142
-96
-54
-38
-43
-28
-16
1
5
-23
-64
-103
-109
-71
-26
-7
-5
-14
-25
-40
-73
-95
-102
-103
-91
-81
-72
-55
-48
-37
-19
-16
-20
-35
-52
-60
-78
-97
-104
-105
-106
-112
-111
-86
-41
9
55
84
91
69
24
-22
-58
-93
-134
-171
-199
-207
-189
-153
-92
-17
44
70
48
-7
-57
-87
-70
-20
13
14
-21
-54
-83
-115
-134
-139
-128
-105
-65
-35
-31
-49
-81
-98
-77
-24
35
68
50
-14
-90
-144
-152
-121
-65
-29
-23
-32
-45
-56
-63
-65
-77
-99
-116
-117
-101
-70
-30
5
18
15
4
-20
-51
-97
-141
-174
-191
-166
-99
-20
37
53
34
7
-17
-22
-14
-15
-30
-71
-117
-144
-151
-142
-126
-100
-69
-42
-16
10
29
34
17
-4
-15
-34
-51
-59
-65
-73
-98
-120
-116
-90
-56
-32
-29
-39
-61
-84
-96
-88
-72
-62
-51
-28
-2
12
4
-18
-40
-64
-84
-95
-92
-87
-87
-83
-77
-60
-36
-15
1
0
-14
-30
-44
-52
-65
-78
-82
-81
-71
-65
-68
-75
-81
-72
-54
-30
-3
14
17
-7
-46
-75
-96
-113
-125
-127
-106
-65
-17
27
40
17
-25
-73
-96
-91
-70
-55
-60
-75
-99
-110
-97
-56
-6
20
19
2
-21
-49
-78
-108
-136
-152
-140
-103
-47
3
31
44
43
30
7
-24
-48
-70
-100
-128
-151
-167
-168
-158
-137
-109
-86
-60
-21
26
75
103
93
51
-10
-64
-104
-124
-124
-115
-109
-111
-107
-98
-82
-65
-46
-21
-4
5
-2
-25
-48
-70
-83
-79
-67
-55
-53
-61
-66
-57
-51
-52
-49
-50
-46
-49
-63
-75
-97
-103
-84
-47
6
30
9
-30
-82
-118
-117
-92
-52
-27
-34
-51
-64
-67
-61
-50
-23
-3
0
-2
-13
-39
-84
-137
-169
-162
-123
-75
-46
-33
-24
-11
5
20
40
44
24
-16
-56
-83
-117
-150
-157
-128
-96
-78
-65
-51
-46
-47
-40
-15
13
18
5
-8
-20
-43
-73
-86
-74
-50
-34
-30
-34
-50
-68
-72
-56
-30
-24
-47
-75
-94
-96
-83
-67
-45
-26
-20
-14
-9
-6
-11
-24
-41
-57
-69
-81
-102
-132
-153
-147
-107
-38
29
69
63
19
-28
-55
-56
-49
-50
-67
-102
-147
-181
-174
-128
-67
-13
28
61
72
51
8
-45
-89
-120
-133
-130
-130
-137
-134
-117
-83
-39
-4
24
41
46
40
13
-36
-93
-145
-166
-150
-115
-78
-53
-38
-25
-21
-19
-15
-13
-17
-31
-54
-76
-95
-105
-94
-65
-29
-4
-3
-13
-27
-37
-37
-40
-55
-74
-102
-114
-105
-87
-52
-24
-5
-1
-26
-54
-77
-87
-80
-65
-50
-44
-51
-60
-65
-66
-55
-37
-18
-12
-23
-33
-38
-39
-40
-53
-64
-73
-81
-89
-101
-108
-99
-74
-42
-10
8
10
-3
-24
-35
-39
-47
-65
-89
-104
-115
-120
-114
-108
-98
-74
-35
3
23
22
5
-20
-41
-57
-68
-76
-86
-98
-100
-91
-79
-66
-47
-28
-16
-14
-17
-26
-51
-81
-100
-102
-90
-78
-61
-38
-17
-2
2
-1
-12
-37
-64
-88
-102
-105
-106
-95
-74
-53
-31
-14
-6
-9
-26
-46
-62
-71
-74
-74
-68
-59
-55
-57
-61
-61
-60
-56
-47
-34
-23
-17
-20
-32
-54
-77
-87
-90
-88
-78
-62
-44
-30
-23
-22
-27
-30
-38
-48
-50
-53
-61
-80
-97
-96
-77
-54
-45
-44
-47
-48
-41
-21
0
-5
-34
-70
-102
-120
-124
-109
-76
-41
-20
-13
-14
-22
-38
-50
-55
-55
-57
-63
-78
-98
-105
-97
-79
-58
-41
-29
-24
-25
-24
-31
-44
-57
-67
-68
-72
-74
-71
-67
-58
-45
-32
-28
-37
-55
-78
-102
-116
-114
-95
-74
-61
-53
-48
-37
-23
-13
-11
-25
-42
-54
-63
-72
-85
-98
-103
-100
-92
-78
-64
-52
-42
-35
-26
-19
-32
-54
-76
-88
-87
-74
-53
-41
-41
-47
-51
-47
-41
-37
-47
-61
-77
-90
-91
-87
-80
-71
-65
-57
-52
-44
-34
-27
-24
-30
-42
-56
-76
-93
-102
-100
-87
-71
-60
-48
-44
-52
-54
-46
-32
-24
-33
-47
-61
-81
-96
-103
-99
-87
-75
-59
-46
-36
-27
-16
2
18
16
-10
-50
-95
-129
-137
-119
-88
-69
-65
-67
-71
-67
-47
-13
13
23
20
7
-20
-61
-100
-122
-126
-112
-86
-61
-45
-47
-58
-60
-53
-44
-38
-37
-36
-34
-36
-41
-41
-45
-54
-65
-70
-67
-61
-55
-51
-47
-44
-46
-51
-56
-63
-67
-68
-64
-56
-48
-41
-39
-40
-45
-58
-72
-74
-68
-57
-51
-52
-54
-56
-55
-53
-49
-42
-36
-31
-36
-47
-57
-68
-84
-92
-93
-83
-73
-63
-48
-55
-71
-62
-59
-41
2
0
-23
-55
-85
-98
-100
-84
-65
-49
-33
-31
-30
-34
-57
-73
-63
-45
-21
-5
-33
-61
-75
-90
-89
-64
-33
-13
2
-3
-27
-49
-87
-122
-125
-107
-80
-63
-50
-44
-50
-51
-54
-52
-40
-37
-41
-46
-52
-70
-111
-160
-182
-147
-82
-27
-1
1
-28
-64
-62
-30
7
25
18
-6
-33
-57
-76
-85
-75
-51
-37
-45
-63
-68
-73
-76
-86
-82
-78
-99
-119
-123
-99
-77
-60
-40
-18
-7
-8
-4
-3
2
8
10
10
2
-21
-56
-86
-114
-137
-141
-126
-104
-79
-67
-74
-79
-71
-57
-51
-50
-48
-47
-47
-57
-63
-63
-64
-67
-65
-58
-42
-30
-31
-40
-43
-33
-34
-38
-37
-38
-55
-78
-99
-100
-80
-65
-61
-67
-79
-90
-91
-78
-63
-52
-55
-61
-57
-46
-35
-29
-28
-25
-21
-18
-17
-20
-25
-34
-44
-47
-40
-37
-37
-31
-26
-24
-34
-53
-64
-56
-37
-33
-47
-73
-90
-84
-74
-59
-42
-26
-10
2
24
47
61
65
61
46
7
-24
-26
-32
-71
-129
-173
-195
-204
-215
-231
-248
-262
-266
-258
-228
-186
-163
-152
-134
-100
-47
-10
3
17
37
50
61
74
79
70
55
46
42
25
-15
-41
-23
4
1
-30
-72
-100
-115
-115
-118
-133
-135
-131
-122
-97
-89
-115
-142
-143
-106
-53
-27
-24
-27
-32
-44
-59
-57
-40
-37
-44
-51
-51
-51
-65
-74
-58
-38
-37
-52
-66
-69
-68
-75
-83
-84
-82
-84
-83
-65
-44
-35
-35
-36
-24
-9
3
10
6
2
-17
-32
-23
-10
-4
-8
-14
0
16
20
21
9
4
13
27
50
72
54
-2
-75
-155
-172
-99
-43
-70
-183
-328
-391
-364
-289
-226
-235
-285
-341
-330
-212
-95
-46
-60
-109
-103
-26
50
104
125
98
65
75
130
178
172
116
49
13
12
11
6
1
-26
-81
-121
-127
-125
-123
-142
-162
-141
-123
-134
-145
-144
-133
-128
-119
-102
-86
-79
-98
-98
-57
-37
-54
-81
-82
-44
-3
20
19
-5
-27
-46
-40
-6
7
-16
-49
-71
-67
-53
-53
-57
-58
-71
-97
-118
-114
-84
-67
-74
-86
-89
-68
-41
-24
-7
-12
-40
-43
-13
24
40
10
-22
-14
13
26
11
-2
14
44
49
28
3
-3
8
21
50
52
-9
-114
-202
-160
-31
13
-85
-249
-353
-338
-251
-180
-198
-291
-376
-364
-229
-82
-55
-142
-218
-188
-70
51
103
95
70
51
78
162
215
175
89
30
36
71
67
24
-12
-28
-44
-62
-64
-72
-107
-151
-183
-175
-147
-154
-184
-204
-209
-195
-158
-103
-67
-75
-104
-118
-76
-2
30
9
-41
-62
-26
27
54
34
-5
-25
-33
-21
-22
-40
-42
-45
-50
-54
-67
-88
-102
-102
-92
-86
-88
-82
-62
-40
-28
-27
-33
-30
-18
-1
23
27
4
-16
-20
-5
8
-5
-9
-5
-12
-25
-50
-67
-60
-50
-49
-52
-54
-47
-42
-34
-2
37
48
31
-3
-27
-58
-68
-12
19
-53
-185
-273
-254
-184
-160
-210
-287
-315
-277
-198
-132
-133
-175
-198
-156
-60
11
11
-18
-25
7
56
98
117
105
75
63
85
109
98
45
2
10
31
36
23
-29
-108
-158
-159
-118
-87
-129
-192
-218
-202
-160
-133
-126
-140
-170
-179
-139
-65
-20
-31
-64
-81
-65
-24
14
39
26
-17
-46
-41
-2
30
21
0
-23
-43
-52
-53
-44
-41
-59
-76
-76
-64
-50
-48
-48
-45
-51
-60
-67
-65
-53
-45
-45
-62
-87
-93
-64
-24
-4
-17
-47
-71
-68
-44
-14
-1
-20
-45
-63
-49
-13
-10
-19
-13
-7
4
10
28
58
58
58
72
103
141
82
-56
-139
-89
38
45
-110
-266
-322
-263
-184
-197
-287
-393
-425
-337
-217
-165
-210
-272
-247
-155
-70
-25
-5
20
35
45
88
145
179
167
142
137
131
111
78
59
65
56
25
-1
-21
-42
-67
-85
-89
-102
-131
-174
-193
-175
-169
-167
-158
-153
-140
-139
-142
-121
-96
-71
-68
-88
-97
-93
-60
-17
-1
-16
-37
-31
-4
15
4
-20
-23
-13
1
10
-3
-21
-33
-40
-33
-27
-30
-32
-41
-47
-49
-61
-62
-58
-51
-23
-8
-30
-64
-63
-9
34
21
-22
-47
-36
-14
4
13
-5
-34
-41
-26
-17
-23
-29
-39
-31
7
22
10
2
-11
-26
-51
-68
-36
1
-31
-118
-192
-204
-183
-183
-209
-259
-299
-289
-245
-195
-178
-198
-201
-165
-114
-71
-41
-23
-13
0
14
34
66
76
62
64
80
90
83
62
57
75
88
74
33
-13
-47
-61
-48
-51
-91
-137
-154
-143
-142
-162
-184
-175
-157
-156
-152
-140
-129
-113
-103
-102
-99
-102
-91
-48
-9
-9
-47
-71
-46
-1
33
29
4
-5
-1
2
8
5
-7
-16
-34
-41
-44
-51
-51
-57
-71
-74
-63
-54
-61
-74
-58
-31
-30
-49
-45
-8
31
27
-13
-47
-47
-17
13
14
-21
-50
-37
6
21
-22
-64
-47
5
25
-12
-42
-21
9
6
-30
-62
-82
-80
-42
-50
-139
-220
-230
-181
-151
-200
-267
-286
-246
-183
-157
-156
-172
-188
-158
-100
-57
-42
-61
-64
-21
22
54
77
76
61
54
72
95
100
80
48
39
44
34
7
-18
-22
-38
-62
-62
-64
-75
-95
-122
-128
-125
-135
-138
-130
-127
-132
-138
-129
-122
-130
-140
-125
-86
-70
-92
-111
-93
-57
-33
-19
-13
-21
-36
-47
-35
0
4
-13
-13
-9
1
11
18
30
14
-27
-46
-32
-4
-1
-28
-51
-58
-50
-30
-24
-46
-72
-80
-73
-62
-68
-77
-67
-53
-56
-63
-62
-55
-43
-51
-64
-49
-32
-38
-54
-48
-10
-2
-13
5
24
32
38
38
28
-22
-86
-57
24
14
-106
-215
-217
-160
-156
-215
-276
-292
-273
-241
-200
-187
-220
-242
-202
-133
-91
-95
-110
-87
-33
-8
2
34
54
54
55
71
101
106
71
52
68
89
70
27
0
-17
-23
-23
-41
-83
-128
-136
-106
-86
-108
-164
-190
-167
-137
-123
-133
-158
-165
-152
-127
-112
-118
-120
-104
-87
-77
-78
-70
-38
-20
-18
-17
-16
-8
11
20
20
17
9
4
9
13
10
6
-6
-21
-31
-30
-17
-16
-44
-79
-89
-62
-43
-61
-83
-89
-75
-48
-34
-38
-54
-50
-15
6
-8
-32
-42
-34
-22
-10
-3
-21
-45
-41
-4
20
-3
-30
-20
30
71
39
-34
-90
-80
10
54
-43
-195
-245
-175
-105
-139
-248
-336
-327
-237
-168
-168
-231
-276
-228
-139
-90
-91
-115
-112
-62
6
47
56
53
43
55
90
119
123
94
58
62
93
98
64
20
-6
-14
-18
-19
-36
-84
-132
-143
-115
-104
-138
-181
-177
-156
-150
-145
-150
-151
-141
-124
-105
-99
-108
-99
-81
-73
-67
-71
-63
-31
-21
-30
-38
-36
-9
6
-2
-3
-5
0
21
31
23
-6
-36
-33
-14
-6
-17
-43
-61
-57
-38
-24
-24
-49
-77
-68
-43
-37
-51
-69
-77
-68
-63
-63
-50
-49
-64
-68
-44
-29
-47
-61
-45
-27
-23
-19
-10
10
-1
-22
2
48
53
5
-53
-88
-83
-24
17
-51
-184
-237
-165
-98
-146
-247
-295
-278
-236
-203
-185
-202
-231
-213
-152
-109
-113
-129
-102
-46
-13
4
32
57
62
67
94
125
120
87
56
59
80
79
53
12
-24
-34
-26
-24
-46
-88
-117
-112
-97
-101
-124
-139
-126
-113
-116
-126
-132
-125
-107
-95
-102
-118
-122
-105
-81
-81
-87
-88
-77
-60
-57
-61
-63
-44
-11
-1
-25
-39
-21
8
20
11
5
3
4
12
26
21
9
0
0
3
1
11
13
-18
-56
-73
-54
-18
-27
-81
-115
-106
-73
-50
-71
-110
-130
-110
-61
-36
-64
-107
-116
-78
-26
-20
-58
-81
-55
-17
5
0
-10
-8
-5
10
38
39
-1
-54
-68
-13
39
-8
-123
-177
-129
-75
-103
-188
-256
-252
-198
-152
-153
-203
-249
-223
-143
-92
-109
-142
-134
-81
-20
4
6
9
9
30
63
77
68
40
29
50
68
61
34
14
9
9
2
-18
-45
-67
-71
-64
-65
-80
-95
-103
-99
-93
-95
-98
-107
-117
-122
-120
-120
-129
-133
-112
-82
-71
-87
-103
-86
-51
-33
-39
-56
-60
-36
-12
-10
-22
-31
-20
7
18
14
10
7
2
-5
2
20
26
9
-10
-17
-7
3
-23
-61
-67
-47
-30
-50
-84
-90
-83
-80
-80
-89
-106
-111
-105
-85
-74
-99
-115
-97
-67
-48
-52
-73
-67
-51
-35
-30
-43
-57
-55
-23
7
-4
-40
-36
4
32
13
-20
3
25
-26
-61
-13
12
-50
-132
-156
-120
-108
-154
-204
-216
-212
-196
-168
-164
-194
-214
-174
-112
-88
-110
-126
-82
-20
-8
-26
-27
-1
26
29
21
24
36
33
19
24
42
40
18
6
11
12
-5
-26
-30
-26
-33
-51
-71
-78
-81
-84
-94
-118
-126
-118
-117
-116
-124
-136
-136
-136
-141
-138
-122
-111
-115
-125
-111
-81
-60
-56
-67
-53
-24
-1
11
2
0
23
48
54
47
33
33
37
33
24
5
-11
-20
-26
-32
-35
-45
-64
-73
-70
-78
-92
-102
-110
-106
-107
-120
-123
-106
-102
-110
-108
-100
-99
-100
-85
-70
-75
-80
-60
-32
-20
-37
-48
-13
11
-7
-20
-25
-15
-4
-8
-5
2
-1
5
27
33
4
-16
6
-2
-30
-20
-18
-65
-114
-142
-152
-147
-172
-207
-214
-214
-211
-186
-175
-196
-199
-168
-130
-111
-107
-105
-86
-61
-44
-23
8
20
8
14
39
56
54
42
37
47
53
50
46
40
25
3
4
11
4
-17
-46
-63
-55
-50
-70
-101
-120
-124
-115
-114
-139
-163
-158
-150
-152
-157
-156
-146
-127
-111
-112
-106
-86
-58
-38
-38
-44
-27
3
25
39
43
43
41
50
63
53
29
14
13
17
10
-17
-42
-50
-57
-61
-65
-77
-92
-97
-91
-86
-86
-96
-109
-102
-79
-63
-61
-83
-100
-90
-60
-53
-75
-87
-85
-62
-40
-45
-58
-66
-56
-26
-3
-14
-40
-42
-14
9
1
-29
-43
-11
5
-16
-36
-37
-31
-38
-31
-24
-21
-33
-46
-41
-43
-46
-45
-45
-78
-90
-53
-53
-106
-135
-134
-109
-102
-141
-166
-158
-143
-129
-117
-132
-157
-145
-98
-73
-85
-101
-95
-48
-3
-13
-20
-9
1
27
45
38
27
21
29
53
51
29
5
2
23
24
-2
-31
-46
-47
-47
-54
-73
-95
-110
-115
-113
-112
-120
-127
-132
-151
-147
-116
-104
-115
-132
-139
-113
-80
-77
-76
-76
-66
-44
-24
-6
-5
-11
-1
15
26
27
17
20
25
15
7
-2
-6
-4
-11
-29
-45
-58
-59
-54
-62
-75
-88
-98
-92
-84
-78
-73
-82
-85
-72
-62
-53
-54
-55
-45
-35
-34
-35
-34
-40
-36
-27
-26
-47
-63
-50
-34
-37
-67
-82
-67
-44
-45
-54
-67
-65
-34
-8
-3
-31
-54
-38
0
6
-39
-58
-27
-15
-40
-45
-37
-42
-54
-50
-35
-35
-47
-38
-17
-23
-26
-15
8
-2
-48
-47
-4
16
-19
-77
-93
-63
-49
-76
-116
-137
-138
-111
-92
-114
-146
-150
-109
-79
-78
-103
-110
-71
-32
-21
-36
-48
-35
5
40
26
-7
-19
-4
27
23
-8
-37
-37
-17
-14
-30
-59
-80
-86
-75
-64
-74
-95
-107
-102
-89
-87
-98
-109
-109
-97
-79
-75
-92
-95
-80
-62
-46
-47
-56
-54
-32
-10
-8
-21
-32
-25
-2
6
-10
-29
-33
-20
-10
-16
-31
-43
-51
-45
-44
-58
-74
-81
-74
-62
-63
-77
-87
-78
-48
-46
-57
-57
-54
-47
-34
-18
-17
-28
-33
-22
-13
-18
-42
-50
-34
-33
-42
-54
-67
-78
-69
-61
-64
-81
-93
-85
-71
-63
-79
-86
-82
-65
-40
-44
-57
-46
-31
-19
-21
-26
-21
-26
-10
-8
-20
-30
-37
-29
-19
-33
-62
-72
-62
-59
-67
-70
-81
-92
-88
-70
-55
-72
-100
-85
-42
-32
-55
-77
-67
-33
-18
-33
-47
-36
-13
-3
-13
-38
-45
-13
2
-28
-67
-70
-60
-46
-59
-104
-125
-114
-83
-80
-115
-141
-118
-91
-93
-108
-112
-93
-75
-65
-66
-68
-54
-44
-38
-27
-36
-33
-21
-14
-13
-32
-37
-27
-19
-28
-40
-44
-41
-43
-50
-61
-68
-66
-67
-71
-88
-101
-96
-78
-77
-91
-101
-94
-74
-71
-81
-85
-75
-57
-38
-43
-60
-59
-37
-12
-15
-34
-46
-28
-14
-16
-34
-46
-34
-38
-45
-38
-33
-44
-60
-55
-36
-26
-42
-62
-53
-31
-29
-41
-46
-46
-45
-47
-39
-30
-50
-68
-53
-27
-41
-67
-60
-44
-44
-61
-71
-68
-63
-62
-74
-79
-77
-68
-62
-71
-81
-77
-57
-47
-60
-67
-50
-40
-47
-51
-42
-45
-40
-28
-35
-33
-34
-30
-28
-38
-34
-14
-3
-33
-53
-23
-2
-18
-50
-55
-37
-27
-38
-60
-58
-55
-53
-52
-77
-88
-75
-69
-72
-85
-96
-85
-64
-66
-84
-88
-70
-47
-49
-57
-57
-43
-30
-41
-48
-35
-17
-16
-36
-41
-23
-19
-22
-31
-39
-35
-35
-35
-34
-53
-67
-59
-49
-56
-71
-77
-78
-64
-64
-71
-83
-93
-84
-71
-73
-86
-89
-82
-62
-51
-54
-65
-58
-38
-30
-38
-42
-44
-37
-23
-29
-36
-43
-31
-17
-27
-46
-46
-34
-33
-47
-71
-74
-57
-59
-71
-78
-82
-77
-70
-65
-76
-74
-64
-55
-58
-62
-49
-36
-39
-53
-48
-27
-24
-40
-49
-45
-29
-33
-46
-46
-46
-51
-43
-35
-53
-64
-51
-47
-44
-51
-58
-48
-40
-48
-59
-54
-50
-60
-68
-66
-67
-62
-55
-64
-75
-66
-46
-44
-59
-63
-50
-47
-51
-54
-61
-66
-64
-55
-50
-53
-64
-77
-60
-39
-48
-70
-74
-47
-27
-36
-55
-55
-32
-27
-31
-42
-48
-34
-32
-44
-59
-63
-60
-57
-51
-54
-71
-71
-54
-53
-67
-68
-63
-45
-38
-57
-60
-51
-41
-51
-70
-71
-63
-53
-43
-61
-83
-62
-29
-38
-70
-70
-46
-21
-31
-48
-53
-41
-29
-33
-35
-44
-48
-46
-42
-36
-43
-54
-53
-44
-46
-57
-56
-61
-64
-67
-67
-68
-69
-67
-74
-65
-60
-61
-59
-52
-51
-61
-60
-54
-56
-59
-71
-77
-64
-54
-60
-74
-68
-64
-56
-48
-60
-65
-57
-39
-41
-54
-56
-47
-27
-30
-54
-62
-56
-39
-45
-70
-88
-77
-47
-51
-93
-110
-85
-60
-56
-80
-94
-83
-52
-44
-53
-66
-74
-50
-22
-27
-50
-50
-40
-20
-10
-37
-58
-38
-21
-30
-48
-52
-40
-37
-56
-67
-48
-46
-68
-80
-76
-68
-55
-67
-87
-80
-69
-70
-57
-60
-87
-85
-59
-41
-46
-56
-63
-47
-27
-29
-45
-52
-51
-44
-34
-41
-49
-46
-45
-52
-48
-41
-53
-61
-50
-49
-53
-51
-60
-59
-51
-49
-57
-65
-60
-57
-52
-51
-63
-64
-53
-57
-53
-47
-60
-60
-60
-59
-40
-44
-66
-74
-65
-48
-51
-52
-68
-86
-63
-44
-53
-70
-72
-61
-47
-41
-57
-65
-50
-40
-42
-55
-57
-42
-43
-60
-68
-58
-52
-64
-68
-67
-69
-62
-63
-71
-67
-60
-66
-69
-61
-59
-69
-70
-58
-61
-70
-60
-58
-59
-55
-54
-33
-36
-48
-50
-43
-27
-23
-39
-50
-42
-20
-17
-44
-49
-49
-44
-40
-49
-51
-56
-58
-57
-63
-63
-61
-71
-75
-70
-65
-72
-80
-72
-58
-70
-71
-63
-60
-50
-57
-67
-70
-61
-42
-41
-51
-47
-46
-36
-27
-27
-43
-49
-37
-24
-31
-52
-51
-41
-44
-59
-56
-53
-48
-50
-53
-47
-50
-47
-43
-45
-37
-37
-39
-40
-40
-37
-52
-57
-55
-62
-73
-72
-70
-75
-82
-77
-73
-80
-83
-85
-87
-74
-67
-71
-70
-73
-61
-52
-55
-60
-52
-45
-52
-45
-30
-28
-38
-36
-33
-23
-21
-34
-34
-31
-31
-37
-30
-36
-49
-51
-44
-42
-55
-61
-61
-64
-61
-57
-68
-80
-75
-59
-60
-71
-70
-63
-62
-62
-57
-55
-55
-59
-62
-55
-48
-58
-65
-58
-50
-51
-55
-54
-57
-53
-47
-47
-46
-44
-38
-33
-37
-36
-36
-34
-35
-38
-40
-42
-42
-49
-46
-36
-38
-50
-48
-40
-42
-47
-49
-57
-62
-58
-55
-65
-76
-73
-68
-63
-66
-71
-73
-66
-55
-54
-58
-62
-54
-47
-48
-51
-54
-57
-50
-44
-53
-58
-55
-49
-48
-50
-56
-58
-54
-51
-45
-48
-63
-65
-54
-54
-60
-71
-71
-62
-60
-62
-67
-72
-65
-56
-57
-64
-66
-57
-50
-52
-55
-54
-51
-51
-47
-40
-43
-45
-49
-50
-40
-40
-55
-65
-63
-53
-44
-59
-76
-67
-48
-53
-71
-81
-71
-58
-61
-69
-68
-63
-54
-50
-49
-50
-56
-42
-28
-40
-53
-53
-44
-34
-47
-67
-66
-53
-52
-64
-70
-61
-46
-42
-51
-63
-61
-48
-40
-51
-71
-70
-52
-51
-64
-79
-76
-59
-53
-58
-72
-74
-65
-48
-45
-68
-76
-66
-54
-56
-61
-67
-71
-68
-59
-54
-60
-68
-68
-52
-50
-61
-67
-59
-55
-64
-69
-66
-71
-76
-74
-68
-70
-77
-79
-72
-62
-67
-72
-69
-60
-55
-64
-66
-57
-51
-56
-64
-61
-53
-52
-60
-63
-53
-42
-47
-54
-50
-40
-43
-52
-46
-46
-54
-57
-43
-42
-54
-60
-55
-43
-47
-60
-66
-58
-53
-61
-65
-64
-63
-66
-65
-59
-62
-67
-65
-61
-59
-59
-59
-59
-59
-59
-61
-59
-53
-58
-64
-61
-48
-42
-52
-62
-57
-43
-41
-52
-62
-67
-58
-51
-58
-68
-73
-70
-57
-51
-62
-74
-71
-56
-53
-58
-65
-69
-60
-52
-49
-55
-67
-66
-58
-52
-54
-60
-60
-58
-54
-53
-54
-54
-54
0
0
0
0
0
0
0
0
0
0
0
0
0
0
0
0
0
0
0
0
0
0
0
0
0
0
0
0
0
0
0
0
0
0
0
0
0
0
0
0
0
0
0
0
0
0
0
0
0
0
0
0
0
0
0
0
0
0
0
0
0
0
0
0
0
0
0
0
0
0
0
0
0
0
0
0
0
0
0
0
0
0
0
0
0
0
0
0
0
0
0
0
0
0
0
0
0
0
0
0
0
0
0
0
0
0
0
0
0
0
0
0
0
0
0
0
0
0
0
0
0
0
0
0
0
0
0
0
0
0
0
0
0
0
0
0
0
0
0
0
0
0
0
0
0
0
0
0
0
0
0
0
0
0
0
0
0
0
0
0
0
0
0
0
0
0
0
0
0
0
0
0
0
0
0
0
0
0
0
0
0
0
0
0
0
0
0
0
0
0
0
0
0
0
0
0
0
0
0
0
0
0
0
0
0
0
0
0
0
0
0
0
0
0
0
0
0
0
0
0
0
0
0
0
0
0
0
0
0
0
0
0
0
0
0
0
0
0
0
0
0
0
0
0
0
0
0
0
0
0
0
0
0
0
0
0
0
0
0
0
0
0
0
0
0
0
0
0
0
0
0
0
0
0
0
0
0
0
0
0
0
0
0
0
0
0
0
0
0
0
0
0
0
0
0
0
0
0
0
0
0
0
0
0
0
0
0
0
0
0
0
0
0
0
0
0
0
0
0
0
0
0
0
0
0
0
0
0
0
0
0
0
0
0
0
0
0
0
0
0
0
0
0
0
0
0
0
0
0
0
0
0
0
0
0
0
0
0
0
0
0
0
0
0
0
0
0
0
0
0
0
0
0
0
0
0
0
0
0
0
0
0
0
0
0
0
0
0
0
0
0
0
0
0
0
0
0
0
0
0
0
0
0
0
0
0
0
0
0
0
0
0
0
0
0
0
0
0
0
0
0
0
0
0
0
0
0
0
0
0
0
0
0
0
0
0
0
0
0
0
0
0
0
0
0
0
0
0
0
0
0
0
0
0
0
0
0
0
0
0
0
0
0
0
0
0
0
0
0
0
0
0
0
0
0
0
0
0
0
0
0
0
0
0
0
0
0
0
0
0
0
0
0
0
0
0
0
0
0
0
0
0
0
0
0
0
0
0
0
0
0
0
0
0
0
0
0
0
0
0
0
0
0
0
0
0
0
0
0
0
0
0
0
0
0
0
0
0
0
0
0
0
0
0
0
0
0
0
0
0
0
0
0
0
0
0
0
0
0
0
0
0
0
0
0
0
0
0
0
0
0
0
0
0
0
0
0
0
0
0
0
0
0
0
0
0
0
0
0
0
0
0
0
0
0
0
0
0
0
0
0
0
0
0
0
0
0
0
0
0
0
0
0
0
0
0
0
0
0
0
0
0
0
0
0
0
0
0
0
0
0
0
0
0
0
0
0
0
0
0
0
0
0
0
0
0
0
0
0
0
0
0
0
0
0
0
0
0
0
0
0
0
0
0
0
0
0
0
0
0
0
0
0
0
0
0
0
0
0
0
0
0
0
0
0
0
0
0
0
0
0
0
0
0
0
0
0
0
0
0
0
0
0
0
0
0
0
0
0
0
0
0
0
0
0
0
0
0
0
0
0
0
0
0
0
0
0
0
0
0
0
0
0
0
0
0
0
0
0
0
0
0
0
0
0
0
0
0
0
0
0
0
0
0
0
0
0
0
0
0
0
0
0
0
0
0
0
0
0
0
0
0
0
0
0
0
0
0
0
0
0
0
0
0
0
0
0
0
0
0
0
0
0
0
0
0
0
0
0
0
0
0
0
0
0
0
0
0
0
0
0
0
0
0
0
0
0
0
0
0
0
0
0
0
0
0
0
0
0
0
0
0
0
0
0
0
0
0
0
0
0
0
0
0
0
0
0
0
0
0
0
0
0
0
0
0
0
0
0
0
0
0
0
0
0
0
0
0
0
0
0
0
0
0
0
0
0
0
0
0
0
0
0
0
0
0
0
0
0
0
0
0
0
0
0
0
0
0
0
0
0
0
0
0
0
0
0
0
0
0
0
0
0
0
0
0
0
0
0
0
0
0
0
0
0
0
0
0
0
0
0
0
0
0
0
0
0
0
0
0
0
0
0
0
0
0
0
0
0
0
0
0
0
0
0
0
0
0
0
0
0
0
0
0
0
0
0
0
0
0
0
0
0
0
0
0
0
0
0
0
0
0
0
0
0
0
0
0
0
0
0
0
0
0
0
0
0
0
0
0
0
0
0
0
0
0
0
0
0
0
0
0
0
0
0
0
0
0
0
0
0
0
0
0
0
0
0
0
0
0
0
0
0
0
0
0
0
0
0
0
0
0
0
0
0
0
0
0
0
0
0
0
0
0
0
0
0
0
0
0
0
0
0
0
0
0
0
0
0
0
0
0
0
0
0
0
0
0
0
0
0
0
0
0
0
0
0
0
0
0
0
0
0
0
0
0
0
0
0
0
0
0
0
0
0
0
0
0
0
0
0
0
0
0
0
0
0
0
0
0
0
0
0
0
0
0
0
0
0
0
0
0
0
0
0
0
0
0
0
0
0
0
0
0
0
0
0
0
0
0
0
0
0
0
0
0
0
0
0
0
0
0
0
0
0
0
0
0
0
0
0
0
0
0
0
0
0
0
0
0
0
0
0
0
0
0
0
0
0
0
0
0
0
0
0
0
0
0
0
0
0
0
0
0
0
0
0
0
0
0
0
