-10
5
-10
5
-1
-3
1
-1
0
1
-7
4
-5
-2
-4
-2
7
0
6
-2
3
-2
10
11
15
9
0
4
7
18
0
3
-18
-7
2
4
8
-10
-13
-35
-25
3
11
16
23
0
-22
4
-5
-38
40
-5
4
36
-41
16
-26
-2
10
-7
23
2
-6
-8
-1
-7
18
9
18
12
6
-4
-20
-18
-3
6
17
23
3
-17
-20
-13
-5
4
7
19
7
-14
-15
-11
10
12
14
20
-11
-15
-31
-24
-30
-13
17
26
21
35
22
19
-10
2
1
4
36
35
47
16
3
-22
-61
-54
-63
-18
8
40
44
11
0
-33
-6
15
28
44
23
18
6
-14
-31
-52
-44
-28
12
29
5
2
-13
2
32
45
43
16
20
4
9
13
-10
-15
-29
-24
-41
-51
-23
-7
-7
68
21
-16
-9
-32
27
30
64
37
2
-5
-6
-17
-41
-34
-27
-2
4
-11
-10
-8
-5
43
40
34
10
4
22
43
12
3
-33
-41
-30
-27
-3
12
16
8
-15
-31
-23
11
43
77
57
19
-10
-12
10
27
4
-10
-39
-63
-47
-18
3
8
-13
-27
-4
-20
24
19
24
47
9
16
41
-43
28
-27
-50
-37
-99
4
-19
22
25
-22
-36
-27
-4
28
55
45
46
34
33
-8
-25
-65
-40
-2
2
3
-38
-53
-30
-34
-20
13
31
54
50
61
36
13
-11
-31
-50
-65
-50
-24
-5
6
-23
-76
-115
-100
-12
110
195
193
108
1
-57
-36
30
75
57
-15
-85
-104
-62
-2
21
-11
-55
-39
59
185
242
183
53
-49
-60
-1
51
38
-35
-128
-202
-236
-222
-159
-75
-18
-24
-64
-64
37
204
325
300
143
-28
-93
-38
45
53
-41
-171
-252
-244
-175
-95
-40
-19
-17
-2
53
147
255
333
338
248
89
-55
-97
-34
39
22
-86
-191
-206
-139
-74
-80
-146
-183
-114
47
197
240
178
94
43
23
5
11
41
64
10
-118
-194
-177
-86
-17
5
-7
-7
36
135
185
130
31
-23
37
73
22
-62
-66
-65
-70
-164
-159
-161
-137
-3
45
106
28
54
97
112
120
183
196
184
102
-79
-175
-170
-42
49
28
-231
-297
-335
-143
66
124
154
-417
-259
411
26
399
417
55
185
-189
351
-17
-204
129
-15
-118
-223
-226
42
-84
-292
61
-83
-446
276
502
249
201
-30
67
-272
75
259
-30
-144
11
-141
-128
-115
-65
-222
-145
-64
-103
23
239
304
234
91
-118
-201
-270
69
269
267
122
-57
-235
-211
-264
-57
-13
-41
39
49
-18
-59
-144
-135
-73
63
158
207
207
213
180
194
161
39
55
115
37
16
-152
-209
-239
-138
-11
-82
-263
-214
-134
101
329
367
183
18
40
123
48
-22
-77
-84
-37
-35
-125
-140
-265
-226
-108
-79
-111
-15
103
264
387
409
184
-119
-156
-65
177
355
194
-110
-299
-362
-346
-361
-318
-180
8
236
255
72
-120
-147
74
227
211
214
218
265
341
308
93
-345
-674
-661
-479
-168
117
232
186
15
-122
-195
-219
10
393
697
772
586
313
8
-232
-282
-231
-156
-73
-114
-218
-412
-581
-635
-490
-239
52
346
513
682
572
150
-186
-292
13
461
583
433
15
-472
-608
-619
-398
-280
-323
-185
-114
-71
-126
-69
186
367
358
243
98
46
127
384
555
461
150
-198
-384
-438
-238
-76
81
8
-234
-351
-357
-202
-37
77
129
112
170
231
236
221
262
346
324
131
-9
-160
-225
-193
-119
-82
-243
-321
-259
-174
-8
79
206
229
90
30
39
165
268
280
288
191
25
-200
-388
-498
-472
-227
106
216
59
-191
-262
-171
44
117
114
107
177
272
231
56
-200
-373
-321
-121
2
-3
-126
-110
0
146
204
246
313
453
635
651
450
140
-309
-482
-455
-247
3
-31
-101
-191
-272
-314
-340
-305
-142
85
449
730
655
276
-182
-458
-503
-366
-196
17
107
91
-2
-146
-273
-316
-288
-124
134
338
471
394
324
168
-84
-220
-194
-46
88
160
250
156
-99
-260
-269
-141
-61
-93
-129
-149
-161
-39
81
84
131
168
248
170
33
-21
1
145
232
202
33
-168
-273
-292
-311
-279
-189
-13
176
199
156
76
73
211
330
338
260
15
48
241
325
253
-15
-206
-411
-437
-275
2
78
-52
-237
-391
-412
-290
20
259
315
88
-128
-245
-252
-69
167
309
307
27
-254
-484
-518
-237
44
237
197
-65
-220
-238
-64
181
368
384
338
272
219
183
97
38
-71
-220
-343
-308
-166
77
131
175
125
-159
-332
-239
40
337
509
678
647
339
57
-155
-221
-156
-3
110
125
-28
-143
-238
-313
-220
-129
-87
-72
-48
96
259
190
33
-239
-460
-423
-256
69
232
182
14
-176
-321
-366
-355
-222
-3
337
490
354
-85
-539
-743
-475
248
980
1203
808
184
-258
-368
-158
144
324
276
80
-115
-313
-546
-610
-357
52
249
124
-189
-357
-259
114
482
565
356
128
114
347
459
388
41
-360
-710
-810
-714
-527
-345
-269
-298
-456
-628
-621
-263
297
980
1306
1200
841
490
422
447
235
70
-20
10
101
-136
-595
-1201
-1648
-1371
-562
307
898
907
786
520
147
-36
-142
-86
259
582
879
787
128
-759
-1469
-1576
-1081
-462
-47
-30
-147
-21
232
391
462
207
-70
146
595
823
824
414
-115
-536
-753
-753
-633
-424
-9
185
347
327
10
-127
116
444
906
1000
769
411
-85
-418
-638
-839
-872
-754
-520
-123
-12
55
-6
-53
-85
-6
173
668
1048
1360
1288
894
254
-432
-1021
-1139
-1005
-594
-277
-202
-324
-622
-849
-708
-400
73
416
643
939
1071
1096
935
459
152
-163
-311
-264
-318
-433
-606
-864
-766
-796
-734
-528
-284
174
574
616
590
403
322
293
157
173
129
147
366
489
410
161
-296
-455
-469
-240
-20
67
71
45
-142
-215
-280
-249
-111
67
341
502
572
511
368
121
7
-173
-173
-233
-300
-412
-489
-589
-525
-527
-418
-310
-145
108
294
350
340
244
234
290
343
280
103
35
-55
-82
-71
-193
-323
-498
-529
-247
-56
151
258
220
330
244
133
189
78
190
563
502
305
275
391
-7
-61
236
-352
-798
-271
-257
-79
139
-330
-601
-694
-463
-26
324
698
714
258
472
240
139
151
-27
-136
-41
-229
-239
-447
-728
-777
-637
-282
-65
-91
-22
-114
105
613
860
932
731
308
60
148
185
160
-59
-392
-742
-1008
-1125
-947
-762
-385
-78
82
258
344
237
137
64
395
500
378
722
331
-43
185
-707
-595
-1058
-1479
-1116
-1136
-198
199
810
1179
1105
765
759
369
571
870
534
903
362
375
-163
-578
-702
-1278
-1094
-640
-407
39
145
-4
100
98
632
783
850
1044
673
536
514
112
-48
-470
-460
-60
243
398
123
-371
-541
-587
-203
109
321
406
432
440
558
409
227
-62
-242
-360
-404
-464
-300
-165
68
214
151
-61
-388
-713
-698
-518
-117
323
502
645
510
108
-159
-469
-602
-386
-275
43
123
74
12
-239
-433
-490
-579
-303
-180
-215
-305
-572
-647
-420
-342
-129
-177
-234
100
289
614
696
412
390
168
143
147
-217
-403
-619
-541
-299
-368
-412
-527
-669
-431
-194
53
103
-29
98
356
680
1212
1280
1184
807
229
-176
-477
-547
-483
-632
-650
-807
-924
-718
-251
391
1066
1994
3206
3801
3509
2654
1576
539
24
132
324
175
-338
-925
-1417
-1826
-2188
-2373
-2251
-1716
-936
-37
611
960
951
870
736
624
569
647
606
499
369
263
6
-413
-880
-1265
-1539
-1602
-1342
-784
-228
59
126
47
-32
-33
51
209
382
458
485
438
251
-31
-354
-623
-716
-734
-617
-415
-284
-140
-99
-71
66
265
612
584
179
-89
-291
-326
-201
-190
-152
-242
-326
-39
73
64
-23
-255
-232
-91
229
472
457
424
340
245
182
81
38
-85
-101
-118
-155
-131
-81
-80
-105
-143
-152
-258
-334
-260
-118
8
79
104
52
9
-17
3
-18
27
-47
-72
-71
-30
42
123
153
240
185
201
118
33
-111
-316
-379
-397
-374
-303
-336
-176
-173
-173
-85
-231
-355
-478
-513
-193
91
380
497
21
-574
-1031
-1190
-688
529
2070
3332
3874
3968
3346
2253
1187
445
-107
-546
-715
-454
-355
-479
-895
-1565
-2278
-2605
-2340
-1620
-835
-20
674
1208
1497
1486
1231
801
334
195
335
586
749
646
312
-189
-865
-1493
-1833
-1854
-1565
-1082
-578
-195
-71
-51
30
50
102
205
344
495
627
721
721
490
214
-81
-372
-544
-661
-724
-696
-672
-561
-451
-387
-308
-269
-248
-76
118
295
465
539
519
429
271
152
31
-89
-159
-212
-297
-399
-513
-573
-612
-610
-561
-466
-278
-10
229
395
432
324
238
250
273
394
466
440
446
265
56
-207
-519
-643
-667
-550
-238
-111
14
143
84
0
-133
-327
-455
-594
-494
-194
76
341
455
372
139
-179
-402
-459
-414
-307
-275
-303
-465
-626
-698
-466
170
1190
2473
3858
4893
5114
4323
2859
1065
-317
-1000
-1120
-957
-917
-1212
-1628
-2076
-2362
-2453
-2386
-2082
-1439
-501
563
1387
1837
1926
1751
1465
1125
838
654
546
536
535
442
153
-414
-1062
-1708
-2163
-2261
-2078
-1630
-1035
-453
5
230
280
280
335
462
738
1037
1280
1375
1221
887
396
-229
-785
-1173
-1234
-1042
-850
-728
-654
-691
-688
-601
-466
-335
-286
-155
139
452
746
859
746
473
160
39
-3
-17
40
30
-44
-168
-233
-271
-402
-460
-476
-412
-197
140
442
434
246
57
-91
-127
-90
-31
-46
-175
-183
-13
106
140
125
129
142
84
111
123
54
60
148
294
317
150
14
-148
-249
-182
-173
-345
-634
-841
-961
-880
-613
-316
-119
-53
-13
42
-5
-63
-151
-275
-352
-158
283
864
1478
2042
2593
3114
3508
3542
3035
2057
719
-549
-1197
-1183
-890
-749
-850
-1214
-1757
-2071
-2001
-1731
-1386
-804
123
1038
1713
2073
1999
1469
878
555
497
496
478
472
316
-19
-463
-1004
-1629
-2226
-2526
-2476
-2098
-1439
-764
-95
403
637
713
682
646
689
798
1047
1250
1315
1182
761
155
-471
-1020
-1328
-1361
-1179
-985
-936
-878
-806
-754
-605
-361
-168
-138
-57
216
454
648
772
689
466
222
28
-89
-253
-397
-398
-405
-350
-285
-351
-341
-248
-92
157
282
301
248
132
169
222
122
15
-109
-208
-226
-171
-151
-188
-260
-248
-105
53
192
325
288
169
20
-69
-100
-127
-37
142
142
79
-74
-428
-701
-773
-618
-323
-113
96
61
-190
-148
110
305
409
384
123
-324
-708
-672
-412
-141
326
821
1233
1703
2144
2645
3033
3119
2839
2113
1139
153
-754
-1243
-1337
-1355
-1388
-1428
-1474
-1599
-1700
-1548
-1180
-743
-96
667
1302
1623
1682
1562
1371
1146
1020
827
563
252
-191
-698
-1102
-1449
-1744
-2027
-2051
-1863
-1586
-1144
-592
-94
288
538
785
950
1012
1038
1007
966
920
823
653
305
-97
-437
-736
-900
-979
-1111
-1172
-1189
-1155
-988
-736
-456
-135
165
442
536
470
474
436
444
558
544
361
13
-302
-408
-461
-463
-351
-271
-338
-319
-266
-218
-173
-234
-176
-3
120
277
353
302
177
-17
-63
-6
-88
-112
-176
-285
-271
-232
-78
17
37
213
276
299
344
301
305
238
128
64
-199
-520
-617
-613
-448
-374
-545
-796
-1076
-1073
-633
-21
592
724
556
400
259
450
727
733
531
-123
-662
-750
-504
177
853
1267
1627
1705
1913
2275
2362
2172
1588
787
230
-97
-119
-165
-539
-1050
-1550
-1758
-1499
-1075
-764
-701
-683
-358
94
660
1151
1178
870
447
244
344
400
414
244
-80
-380
-714
-883
-922
-1053
-1093
-1008
-788
-549
-441
-364
-295
-266
-119
96
321
409
397
382
365
371
435
380
240
96
-127
-281
-315
-306
-183
-38
-26
-240
-525
-749
-892
-814
-586
-275
-79
-104
52
232
190
185
137
43
13
60
294
416
287
184
125
16
-123
-298
-367
-432
-483
-371
-255
-187
-232
-308
-239
-144
28
199
214
253
243
226
323
282
262
195
48
79
43
-135
-298
-445
-499
-448
-178
127
93
-71
-278
-444
-407
-391
-228
-186
-443
-467
-395
-293
-23
162
259
193
191
507
650
544
402
124
-260
-479
-383
-381
-529
-436
-9
530
1053
1664
1889
1703
1931
2505
2820
2726
2260
1394
203
-666
-797
-884
-1262
-1476
-1512
-1561
-1550
-1275
-933
-937
-850
-306
235
562
823
1066
1083
938
989
934
627
296
-59
-376
-734
-941
-834
-807
-772
-691
-852
-1143
-1302
-1164
-716
-301
109
489
599
646
700
734
688
404
220
88
-102
-99
-28
-44
-171
-388
-506
-652
-709
-650
-679
-631
-536
-347
-99
-11
156
236
98
130
193
212
243
146
174
166
44
163
133
24
-7
-195
-330
-447
-438
-151
3
185
224
-23
-307
-526
-452
-291
-154
64
150
213
310
453
500
231
-50
-288
-464
-441
-414
-361
-365
-405
-191
-13
122
205
20
-181
-331
-362
-221
-183
-82
-10
-163
-250
-302
-282
-199
-71
152
256
171
63
212
371
415
582
344
-337
-748
-977
-905
-499
-45
648
1178
1449
1875
2140
2239
2365
2511
2521
2280
1712
1003
316
-260
-671
-1000
-1272
-1615
-1830
-1785
-1699
-1533
-1320
-1019
-518
-1
515
855
926
884
913
1004
1023
898
644
215
-234
-412
-456
-734
-1011
-1108
-1166
-1213
-1131
-898
-787
-718
-406
-13
234
358
430
421
328
354
524
552
476
339
145
-11
-188
-300
-386
-633
-816
-902
-885
-682
-435
-215
-73
-84
-67
-60
-48
30
104
314
483
531
513
354
201
2
-134
-67
-114
-168
-191
-295
-379
-426
-414
-297
-161
-34
93
50
-26
-95
-155
-78
20
152
307
240
202
192
167
192
177
196
85
-106
-253
-389
-414
-427
-429
-411
-508
-577
-598
-498
-360
-174
71
245
336
313
132
-118
-360
-534
-553
-358
-30
254
469
573
506
359
220
133
65
-75
-291
-405
-438
-413
-173
152
321
372
502
573
651
740
727
741
690
706
795
757
549
242
219
286
342
656
722
431
582
923
1291
2094
2292
2160
2241
1837
1645
1990
1594
1003
671
156
-104
-241
-374
-666
-887
-963
-1014
-1133
-1222
-1206
-1392
-1382
-1351
-1278
-1352
-1343
-1270
-1304
-1243
-1112
-1066
-1005
-985
-841
-785
-771
-657
-599
-560
-516
-417
-343
-285
-210
-96
-46
-4
38
97
106
214
264
262
246
276
239
288
325
339
285
263
241
261
252
242
171
120
91
133
126
131
104
85
87
77
57
66
44
54
7
23
61
12
-24
10
-61
-74
-47
-59
-77
-42
-77
-114
-134
-113
-154
-180
-143
-116
-152
-139
-117
-104
-72
-81
-108
-105
-117
-123
-105
-105
-123
-113
-69
-36
-41
-32
-26
-38
-42
11
33
52
35
63
87
92
95
116
115
120
115
160
161
150
163
197
198
201
223
224
225
239
230
231
230
218
247
268
257
254
264
255
242
225
195
162
124
100
88
70
42
2
-63
-79
-80
-118
-136
-161
-198
-207
-208
-224
-204
-189
-174
-166
-169
-162
-149
-146
-149
-145
-127
-115
-116
-80
-62
-45
-18
-18
-11
-12
11
32
33
41
34
51
57
79
85
70
83
96
107
112
119
91
79
80
67
50
41
25
9
10
2
1
16
3
-17
-13
-12
-28
-31
-37
-77
-77
-89
-90
-79
-88
-71
-78
-109
-117
-133
-130
-124
-119
-115
-119
-118
-119
-109
-105
-101
-82
-70
-59
-47
-44
-40
-24
-17
-15
-13
-7
-17
-15
-13
-9
-2
4
2
14
18
31
38
35
38
42
50
53
42
51
53
51
55
58
53
57
56
56
40
37
37
30
13
3
1
-4
0
4
-8
-18
-2
1
-1
-11
-7
-3
-12
-18
-19
-34
-30
-37
-44
-44
-46
-54
-51
-49
-45
-43
-42
-43
-45
-40
-30
-28
-31
-39
-36
-17
-13
-8
-3
-4
-1
5
13
16
16
16
17
23
24
26
23
21
23
30
36
29
27
27
24
33
37
34
29
36
34
37
40
27
22
21
14
16
12
1
4
0
-1
-6
-8
-8
-8
-8
-4
-7
-10
-16
-18
-9
-11
-4
-13
-14
-17
-17
-15
-5
-12
-18
-21
-19
-11
-13
-21
-21
-14
-15
-7
-5
-5
-1
4
-1
-1
6
-2
10
2
-2
2
10
8
0
0
2
6
7
7
2
0
-1
13
11
11
10
17
11
9
14
10
12
11
10
4
4
4
3
-2
3
9
7
-1
-6
3
2
2
-4
-7
-5
-5
-6
-4
-3
-1
3
-8
-8
-1
-2
0
-5
-8
-8
-6
-14
-20
-24
-18
-16
-6
-5
-7
-6
-11
-8
0
-4
-2
0
1
7
8
10
12
16
8
11
21
14
12
11
6
8
4
2
5
-1
1
5
3
8
15
23
24
22
18
23
24
28
18
20
12
7
8
6
-1
2
0
1
-2
-7
-2
3
2
2
4
-2
-7
-5
-4
-4
-7
-7
-1
-5
-5
-6
-9
-10
-10
-10
-11
-11
-6
-6
-13
-12
-10
-5
-6
-6
-6
-5
-2
-2
-6
-6
-5
-1
-2
-4
-2
-1
0
4
-3
-3
-1
1
0
2
2
0
0
3
1
-1
1
2
4
4
1
6
6
4
9
5
7
5
3
2
4
6
7
5
0
-2
-4
-2
0
-1
-3
-3
-2
-3
-2
2
2
0
-2
-2
-2
-3
-1
-4
-2
0
1
-1
-4
-5
-4
-2
0
-6
-9
-6
-2
-3
-2
-1
-1
-5
-8
-5
-4
0
0
-3
-5
-4
-2
0
-5
-5
-3
-4
-3
-8
-8
-9
-2
-3
-6
-8
-5
-3
-3
-3
-2
3
2
-2
0
-2
6
4
2
2
0
-1
1
-1
-3
-3
-1
2
-2
-4
-3
-1
0
-5
-4
-3
-2
2
0
1
5
4
3
0
0
2
2
3
-3
-2
1
3
0
0
2
5
6
5
4
0
4
8
5
0
2
4
2
-2
0
2
3
1
0
0
2
3
5
3
5
4
8
7
4
5
5
7
6
7
5
8
6
6
6
7
6
4
7
4
3
6
4
1
0
2
3
6
1
2
5
5
5
2
2
5
7
6
5
5
3
3
5
1
-3
1
3
2
-3
-3
0
1
0
-1
-3
1
2
-1
-4
-3
2
1
-3
-2
-2
0
2
1
-1
0
0
1
0
-1
0
0
-1
-3
-1
0
2
1
0
0
2
3
-2
-2
1
4
-1
-3
-4
2
-2
0
1
-3
-2
0
-2
0
0
1
2
0
-4
-6
-4
-3
-3
-3
-6
-6
0
-5
-4
-3
-1
-1
-3
-4
0
0
-3
-1
-2
-5
-3
-3
-1
-2
-4
-3
-4
-4
-4
-3
-1
1
-2
-2
-4
-4
-4
-4
-1
-3
-4
-5
-2
-4
-2
-2
-4
-4
-3
-3
0
0
-3
-4
-4
-2
0
1
0
-1
-1
-2
-3
-4
-2
-3
-2
-2
-4
-3
-3
-5
-2
-3
-3
1
1
-1
-3
0
0
0
-2
-1
0
1
0
2
-1
0
0
1
0
0
1
0
1
4
5
3
3
1
3
3
1
0
2
0
-2
-3
0
-2
-4
-3
0
0
0
-2
-1
-2
-3
-1
-1
-2
-6
-4
0
-2
-3
-3
0
2
-3
-2
0
1
1
-1
2
0
0
0
1
3
0
3
4
4
2
3
2
4
5
3
2
1
2
3
4
4
4
1
2
4
6
3
3
3
5
4
3
5
5
3
2
3
2
1
3
1
4
4
4
1
1
2
2
3
2
5
4
1
1
4
4
2
3
3
0
4
2
2
2
3
4
2
2
3
4
1
0
0
-1
-1
1
1
2
-1
1
0
0
0
0
-1
-2
0
-1
-2
-2
-2
-1
-1
1
-1
-3
-3
0
1
1
-2
-2
-1
-1
2
0
-2
-1
-1
-2
-3
-1
1
0
-2
-2
-1
0
0
0
-2
-4
-3
-4
-2
0
0
-2
-4
-5
-6
-4
-3
-1
-1
0
-5
-4
-3
-4
-3
0
-4
-5
-4
-2
-2
-4
-2
-3
0
-2
-3
-3
-3
-3
-1
0
-4
-7
-3
-2
-2
-4
-4
-4
-4
-2
-6
-4
-2
-1
-3
-4
-3
-3
-3
0
3
4
0
-2
2
3
0
-3
-3
-3
-2
-2
-3
-4
-5
0
-2
-5
-6
-3
-6
-2
0
0
-1
1
0
-2
3
2
0
0
-1
-2
-2
-5
-1
2
-1
-3
-1
-2
-4
0
0
3
3
2
3
4
6
10
9
5
3
3
4
6
10
9
8
3
-1
1
4
5
2
0
0
-3
0
3
1
0
-1
-5
-4
3
1
0
-1
3
8
-2
-1
5
6
-4
-4
-2
0
5
5
1
1
-5
-2
-6
-6
-4
-1
13
1
-6
-16
2
16
-24
-3
24
-18
12
3
-1
15
-1
-5
-11
-2
10
41
3
-17
-28
-22
19
15
-21
-10
10
-25
-10
-5
-24
-5
33
18
32
59
56
27
24
35
37
42
42
19
-20
-8
-6
-24
-23
-10
-23
-18
-24
-65
-69
-51
-48
-66
-70
-65
-65
-40
-17
-15
17
47
44
32
43
42
57
84
92
86
108
114
111
87
86
67
31
36
-10
-28
-23
-34
-55
-25
-21
-78
-28
-36
-115
-55
-87
-88
-52
-80
-29
6
-6
27
47
57
61
20
49
-4
15
-30
-16
26
-3
44
0
-11
3
-33
-67
-70
-70
-85
-94
-73
-71
-42
-48
-6
-7
5
20
7
36
13
27
40
65
84
86
74
84
82
71
50
29
33
26
2
-11
-9
-18
-22
-21
-44
-41
-24
-53
-53
-60
-62
-57
-36
-40
-23
-21
-14
3
2
3
7
14
-3
11
6
3
18
3
-4
6
2
-4
-7
-26
-2
-21
-19
-7
-32
-17
-26
-19
-14
-3
-8
5
8
5
4
11
9
0
37
6
13
20
20
2
2
17
18
10
15
15
-4
16
0
-5
-3
-10
-11
-1
-12
-13
-1
-17
-27
-3
-9
-8
-17
-20
-9
-20
-24
-8
-42
-19
-6
-14
-6
-10
5
-4
1
13
5
2
-1
2
-2
-17
-5
12
-7
-3
-17
-10
-3
6
0
5
9
18
33
26
31
26
27
27
30
30
34
36
39
42
45
52
52
53
52
46
36
25
17
6
-7
-18
-30
-38
-42
-47
-50
-38
-38
-38
-33
-26
-19
-15
-16
-7
-7
-19
-19
-11
-20
-15
-5
-24
-25
-16
-44
-47
2
-4
-59
-63
-50
-44
5
3
-71
-69
-8
-22
-34
3
-37
-54
-25
-57
-44
30
3
-68
-41
26
17
-26
-64
-114
-61
-18
-73
-43
3
-7
38
25
29
27
11
111
102
-31
-5
69
72
128
283
623
1494
1582
-355
-1124
-37
-306
-166
104
-176
288
187
188
-192
-430
-553
-738
-740
-906
-694
-398
-58
-37
-12
40
165
41
-282
-364
-238
-89
-85
81
237
233
373
673
470
-457
-552
-259
-123
235
444
787
668
428
-152
-667
-618
-543
-372
-158
139
384
432
119
-246
-432
-395
-255
-79
122
291
388
460
364
70
-44
-25
156
300
498
561
535
446
270
36
-153
-252
7
363
448
333
129
-98
-256
-294
-219
-49
166
101
167
136
-217
-381
-331
-165
-37
84
182
100
70
50
-140
-390
-265
56
255
248
279
136
-101
-125
-128
-126
95
256
291
267
132
-130
-261
-55
111
152
195
167
-67
-219
-289
-326
-284
-110
53
52
-97
-255
-351
-293
-270
-172
-105
-63
-143
-186
-155
-238
-108
-47
46
54
-133
-8
88
157
187
121
57
-65
55
208
330
370
146
-13
-81
-165
-123
147
345
280
79
-125
-378
-451
-258
-38
126
89
-138
-356
-383
-366
-356
-166
13
-281
-491
-480
-610
-429
-91
-4
54
100
386
448
739
1063
761
778
832
736
937
1421
1652
1401
1170
886
358
194
653
976
1017
975
442
-150
-622
-724
-475
-129
103
-132
-601
-978
-1466
-1592
-1068
-730
-572
-645
-890
-1189
-1395
-1172
-873
-465
-198
-341
-365
-382
-431
-311
-44
111
413
556
395
111
214
237
173
510
500
506
465
433
164
2
175
-70
111
318
189
-227
-267
-158
-535
-450
-265
-215
-294
-242
-300
-585
-443
-315
-374
-68
154
-58
-84
-83
-225
-290
90
413
290
396
298
58
-92
54
228
336
561
271
55
-73
-160
-220
39
252
79
30
-158
-419
-686
-299
19
-27
27
-175
-444
-669
-464
-590
-194
113
-54
-110
-283
-10
-62
600
1092
966
1150
1021
1033
880
1146
1343
1638
1887
1596
1380
1066
1050
868
1052
1021
878
718
430
245
-168
-213
-407
-369
-449
-615
-786
-1024
-954
-1315
-1242
-1264
-1194
-1096
-1087
-1105
-1283
-1030
-1108
-1015
-741
-524
-351
-411
-192
-411
-270
-37
174
419
557
576
253
365
478
493
660
810
742
469
516
420
257
173
287
174
-57
56
-193
-492
-439
-499
-640
-532
-374
-584
-733
-603
-682
-845
-595
-471
-630
-417
-298
-465
-464
-232
-120
-31
210
211
18
111
191
155
384
626
586
442
458
375
252
554
658
509
525
389
42
-13
190
48
75
159
-111
-327
-495
-487
-507
-428
-375
-510
-591
-668
-784
-709
-366
-298
-319
-399
-518
-556
-518
-375
-147
5
-44
2
-41
-5
216
653
1181
1197
986
1016
1134
1228
1288
1307
1454
1644
1680
1441
1237
1170
909
898
935
819
665
543
387
-25
-298
-423
-310
-185
-305
-678
-924
-965
-1117
-1160
-1172
-1061
-1001
-947
-1034
-1236
-1181
-1047
-977
-887
-724
-605
-530
-374
-327
-354
-308
-37
175
323
409
358
435
384
298
464
673
881
971
648
209
268
357
392
642
499
171
-222
-384
-302
-446
-178
-176
-431
-658
-798
-966
-808
-435
-641
-678
-592
-523
-597
-469
-419
-406
-213
-62
-7
120
259
14
88
204
371
495
641
641
355
385
343
476
580
619
440
252
301
37
112
145
138
-17
-217
-195
-461
-245
-418
-442
-509
-456
-473
-642
-483
-672
-542
-441
-432
-399
-366
-433
-479
-377
-302
-129
-77
-62
-136
-192
-65
88
263
310
541
588
661
765
817
1193
1348
1444
1052
1015
1109
1326
1637
1526
1266
892
858
773
880
856
642
472
255
96
-191
-213
-169
-261
-479
-705
-756
-902
-827
-988
-1155
-1136
-1029
-1079
-1115
-1119
-1223
-1072
-1003
-877
-845
-718
-666
-619
-467
-424
-289
-126
35
21
44
176
260
395
434
500
452
373
632
658
353
559
441
134
479
436
298
112
186
-131
-287
30
-10
-201
-289
-241
-591
-490
-353
-363
-491
-383
-475
-574
-386
-356
-382
-454
-215
-212
-209
21
-64
-60
62
216
212
201
453
233
368
439
348
361
465
523
333
370
314
123
110
393
144
52
28
-118
-273
-287
-113
-312
-326
-312
-483
-520
-461
-499
-470
-368
-310
-365
-432
-311
-323
-298
-68
57
-82
-309
-23
-90
124
244
217
276
201
507
396
661
841
823
1062
1317
1219
916
966
1119
1262
1375
1493
1212
927
764
701
773
740
705
469
264
17
-248
-307
-337
-312
-555
-711
-819
-1003
-1090
-1150
-1221
-1163
-1123
-1057
-1135
-1175
-1235
-1237
-924
-789
-721
-562
-640
-632
-406
-291
-146
-71
166
193
139
252
344
454
484
496
536
602
619
666
436
406
467
352
291
584
253
-53
81
-143
-185
-192
-10
-321
-263
-388
-599
-610
-479
-377
-593
-294
-486
-482
-485
-363
-341
-334
-6
-178
-63
-100
-33
-54
60
226
187
324
230
224
176
247
287
448
520
419
324
142
245
246
418
384
257
53
-80
69
-85
17
-113
-170
-165
-391
-253
-351
-348
-400
-373
-377
-458
-304
-336
-299
-282
-353
-433
-361
-76
-108
-198
-210
-293
-378
-13
224
118
-47
16
246
310
722
649
453
779
1018
1096
989
1053
887
950
1410
1361
1141
946
956
752
777
908
763
552
446
241
-56
11
-81
-214
-274
-423
-679
-769
-695
-953
-1021
-944
-945
-992
-1022
-1100
-1238
-1098
-966
-898
-804
-727
-785
-738
-544
-512
-441
-247
-55
-127
16
111
-10
202
354
380
424
543
483
348
491
507
410
549
620
341
304
317
93
97
208
126
-81
-22
-96
-416
-301
-236
-426
-326
-248
-474
-543
-379
-418
-485
-258
-244
-315
-263
-188
-195
-211
64
76
106
205
129
61
155
442
392
352
446
318
303
497
462
363
416
372
335
258
327
185
24
165
47
-92
-124
-141
-168
-278
-256
-367
-514
-389
-286
-394
-439
-386
-536
-450
-314
-269
-254
-400
-336
-220
-237
-42
-118
-196
-214
11
63
114
192
197
281
302
710
595
561
787
838
1031
980
1141
827
876
1111
1137
1100
999
921
564
751
710
643
452
415
297
-63
67
-164
-198
-372
-372
-540
-732
-621
-845
-915
-1044
-937
-988
-897
-969
-1165
-1091
-1050
-891
-842
-733
-801
-779
-665
-552
-466
-488
-192
-157
-90
-52
-84
97
157
322
365
305
381
401
398
427
592
535
373
431
421
213
349
499
166
46
69
-46
-149
88
35
-453
-303
-265
-431
-387
-235
-400
-629
-248
-329
-547
-310
-262
-425
-299
-15
-242
-256
-17
-71
-77
84
119
116
115
195
156
262
368
298
268
287
239
231
388
337
155
184
308
66
98
83
-98
-24
75
4
-302
-198
-264
-313
-183
-138
-357
-494
-227
-361
-271
-241
-274
-386
-267
-141
-317
-171
-195
-201
-169
42
10
-122
112
86
160
454
529
324
455
645
760
898
1024
812
740
951
946
1128
1089
947
729
790
826
701
730
575
452
387
315
64
54
55
-187
-224
-254
-360
-611
-606
-631
-797
-771
-722
-772
-930
-940
-936
-926
-796
-736
-785
-778
-706
-689
-580
-414
-390
-349
-268
-219
-146
-22
84
96
125
245
315
336
480
370
281
524
637
467
392
445
321
253
477
500
30
161
191
-57
28
125
-107
-305
-42
-181
-369
-233
-230
-449
-350
-194
-340
-379
-309
-272
-363
-163
-142
-269
-143
-77
-30
-64
62
40
-13
196
231
136
207
253
196
228
322
311
182
309
293
129
171
180
79
107
92
5
-54
-104
-29
-247
-204
-203
-270
-270
-247
-215
-404
-379
-400
-216
-259
-223
-366
-305
-329
-385
19
-182
-149
-256
-56
-140
-78
340
47
230
426
395
211
544
773
710
989
923
720
562
1013
1098
1096
1062
795
716
720
932
693
657
539
387
358
327
114
-121
-33
-90
-220
-265
-430
-674
-666
-646
-765
-733
-725
-841
-989
-946
-942
-955
-763
-751
-849
-791
-744
-683
-587
-490
-445
-362
-243
-155
-186
-40
7
85
245
311
314
201
490
506
310
595
478
523
422
429
467
320
557
353
207
186
99
96
193
89
-76
-214
-203
-122
-250
-239
-277
-326
-296
-343
-423
-386
-257
-235
-256
-228
-271
-357
-147
12
-115
-68
4
-6
40
65
125
155
187
279
230
127
231
249
266
311
229
193
146
204
197
48
59
44
30
31
-58
-227
-246
-238
-187
-111
-192
-254
-359
-350
-304
-296
-102
-126
-267
-242
-196
-287
-189
-90
-76
-18
-35
44
-76
-23
210
302
275
492
395
296
572
714
813
682
772
720
708
903
1019
873
604
739
698
717
708
622
341
293
469
231
232
53
-45
-166
-129
-82
-365
-481
-521
-510
-585
-553
-699
-793
-805
-786
-733
-814
-767
-827
-791
-668
-661
-703
-606
-549
-501
-394
-415
-309
-256
-202
-62
-111
7
36
124
170
194
318
233
247
346
343
392
440
267
281
332
269
275
265
191
114
129
158
37
-82
-64
-36
-46
-78
-81
-308
-243
-166
-198
-115
-182
-181
-281
-222
-180
-165
-126
-76
-44
-133
-86
-90
-3
-15
65
92
51
79
46
51
116
145
109
200
88
-18
33
92
75
1
16
-4
-95
-109
-72
-196
-180
-135
-171
-181
-179
-181
-324
-368
-190
-136
-18
-108
-229
-462
-299
-58
-16
101
-203
-156
-192
-80
118
112
216
281
286
154
355
373
663
736
718
726
537
808
729
800
903
918
817
724
695
566
609
583
725
457
308
242
128
80
19
33
-113
-201
-288
-451
-581
-531
-586
-569
-606
-776
-816
-918
-893
-728
-760
-755
-802
-804
-729
-766
-601
-507
-521
-454
-373
-315
-366
-246
-104
-30
-44
74
119
23
123
223
288
237
375
334
219
279
282
349
228
308
270
197
197
116
72
-36
96
109
64
-14
-146
-153
-136
-29
-5
-17
-157
-106
-122
-152
-35
-91
10
-8
-109
11
-76
-94
58
-2
70
178
-38
22
12
-74
217
210
106
64
-18
-80
26
97
130
23
-56
-106
-169
-101
-167
-37
-88
-178
-167
-229
-262
-190
-160
-100
3
-134
-183
-219
-107
5
-51
91
-6
-159
-3
-43
48
147
37
204
209
177
202
241
384
408
519
673
600
484
587
598
735
835
744
771
614
569
611
665
641
487
482
410
267
277
170
82
71
-16
-82
-129
-349
-409
-401
-451
-450
-530
-614
-703
-769
-733
-682
-728
-718
-729
-764
-694
-748
-649
-591
-587
-449
-500
-441
-401
-392
-247
-79
-113
-61
-113
-129
171
146
224
208
88
170
188
309
330
234
216
240
187
186
142
154
204
116
165
34
-35
-44
-105
47
98
-8
-88
-209
-338
-79
8
15
20
-246
-313
-185
-19
-29
-17
-16
-90
-92
-47
-93
-30
176
47
114
44
-109
34
51
106
124
67
63
-24
-130
-35
-16
61
110
-41
-79
-251
-120
0
64
8
-71
-104
-247
-110
1
-10
9
18
-210
-170
-61
-137
162
46
-112
34
-87
-42
93
158
175
323
239
177
224
230
480
618
700
515
418
582
491
608
836
717
625
611
450
412
546
447
520
472
274
101
118
93
-55
30
55
-150
-227
-397
-546
-386
-414
-447
-422
-612
-796
-729
-666
-660
-622
-610
-674
-710
-700
-668
-597
-435
-426
-441
-388
-413
-407
-287
-127
-86
-37
-74
-136
-74
-60
74
204
167
110
18
19
146
134
196
297
78
93
68
1
212
141
121
151
-34
-89
65
-7
72
38
-9
37
-41
-99
-62
80
28
94
23
-83
4
-68
65
124
50
36
72
-4
13
34
40
152
50
65
77
-5
-44
-2
85
85
47
-26
-95
-147
-26
-13
53
-12
-121
-133
-71
-101
-8
58
-26
37
-86
-74
34
-10
73
52
24
-24
-59
24
28
35
29
96
10
50
75
213
212
192
264
180
372
420
493
534
392
438
556
580
572
609
495
592
484
369
499
391
446
333
301
215
46
110
131
-31
-100
54
-248
-248
-308
-388
-332
-384
-398
-570
-577
-571
-563
-534
-645
-668
-608
-542
-562
-526
-655
-579
-400
-481
-372
-377
-441
-411
-215
-215
-185
-212
-214
-111
-168
-13
-40
-18
23
-6
-89
11
153
15
72
53
-26
117
3
27
77
107
58
100
-10
-83
122
106
115
138
74
18
11
89
136
116
168
96
44
71
-1
21
239
158
72
77
-85
-16
168
161
103
43
-11
4
24
143
40
-14
48
39
-62
-27
-44
-48
-5
60
56
-124
-156
-40
29
50
95
27
-31
-48
36
152
166
-21
-29
50
107
217
39
-284
-144
305
166
-7
93
-176
-257
217
366
304
115
36
133
381
416
481
605
437
472
553
509
280
547
859
536
453
348
90
111
411
460
192
37
-152
-185
-162
-135
-70
-176
-303
-501
-427
-523
-547
-403
-406
-570
-671
-574
-640
-650
-608
-493
-432
-460
-545
-612
-454
-409
-234
-127
-160
-284
-302
-201
-92
2
101
97
-19
-128
-41
4
183
234
2
-27
55
19
14
114
6
24
90
54
-13
-132
-186
118
268
29
-145
-126
-23
55
179
105
-48
-67
71
99
81
-23
51
112
7
-11
146
69
-132
-32
53
96
105
32
-242
-117
160
108
130
-3
-311
-128
199
230
53
-200
-179
22
75
111
164
-104
-368
32
480
-25
-238
90
89
25
125
191
132
-65
-65
367
346
88
-32
11
216
228
215
156
91
88
3
105
356
259
79
63
114
191
283
252
341
302
46
85
346
486
375
181
127
199
290
326
287
168
121
115
231
228
12
64
29
46
25
-3
-138
-128
-153
-170
-86
-174
-308
-275
-284
-312
-221
-243
-348
-356
-386
-259
-342
-317
-314
-339
-367
-297
-236
-232
-388
-309
-80
-171
-203
-230
-201
-109
-95
-95
37
-105
-251
-113
-46
17
54
-64
-195
-89
-14
60
53
-65
50
-52
50
31
47
17
85
61
24
-33
24
86
-80
27
56
-3
4
-38
-125
-25
116
109
46
-158
-171
85
141
13
64
26
-229
-87
209
109
-112
22
7
-213
22
281
122
-188
-202
122
327
21
-162
117
144
-130
-10
266
148
-83
-19
67
103
184
115
59
79
-18
181
401
154
-172
92
197
304
278
232
27
-85
134
575
476
-7
-48
256
390
226
286
298
136
88
332
305
85
138
416
294
-16
51
382
203
83
274
299
-40
9
247
251
3
-37
215
283
-129
-194
163
152
-90
-119
-127
-173
-40
-65
-198
-367
-116
57
-320
-406
-152
-9
-382
-361
-47
-40
-438
-334
-65
-279
-344
-154
-49
-446
-379
-83
-50
-414
-377
-100
-77
-303
-252
-136
-377
-296
41
-61
-410
-282
-91
-222
-181
51
-153
-357
-134
48
-205
-184
-1
34
-137
-198
24
112
-100
-64
109
16
-64
59
87
-125
-55
98
73
-71
-21
-138
4
90
90
-88
-170
99
329
66
-96
14
236
274
153
43
26
70
296
296
74
112
248
224
222
386
334
219
248
373
327
255
331
302
260
36
-12
276
367
6
-61
146
43
176
205
76
24
312
177
-8
55
118
154
248
86
-79
-52
12
120
238
14
-126
47
137
34
139
202
-6
7
157
96
129
177
-6
-43
48
169
162
39
-145
-101
36
171
20
-49
-61
-114
-93
41
-104
-71
-125
-189
-173
-189
-217
-146
-170
-285
-361
-301
-287
-370
-336
-297
-296
-340
-435
-470
-303
-254
-330
-331
-292
-412
-295
-145
-173
-306
-232
-213
-167
-169
-259
-164
-127
-143
-137
-161
-138
-156
-91
-105
-97
-46
-97
-102
-88
22
-16
46
24
-63
-22
20
51
54
42
42
-51
0
41
-4
40
142
179
157
85
132
279
289
353
362
307
193
161
327
493
341
234
262
187
188
307
391
382
312
278
288
322
395
438
372
299
228
215
120
53
225
224
-41
-96
-5
-110
-43
71
8
-70
-128
-87
63
126
103
65
95
-57
3
35
80
43
-82
-132
-97
-57
-39
28
-5
-58
-47
7
94
223
181
165
125
135
136
280
185
95
44
32
-20
105
4
-72
-75
-118
-107
11
-64
-93
-48
-47
-113
-35
62
24
-165
-116
-77
-61
67
-52
-230
-240
-182
-119
-111
-170
-242
-173
-223
-286
-137
-64
-93
-157
-177
-254
-169
31
10
-76
-157
-146
-77
-18
-77
-108
-23
-155
-280
-155
-57
-54
-50
-83
-259
-265
-81
28
-40
-144
-74
-82
-51
-33
34
79
40
-63
-73
-127
-8
171
108
-54
-82
-7
85
66
124
164
141
39
81
266
242
267
301
190
114
260
344
327
250
100
271
397
120
138
273
105
159
278
25
-44
139
121
115
136
-103
-64
84
30
19
138
31
-134
-24
33
-18
111
50
-81
-161
-85
57
228
110
-162
35
99
0
5
124
125
-19
-33
-11
-71
15
124
50
-14
-88
-135
41
84
30
60
88
-141
-124
45
127
118
44
-8
-72
56
121
65
100
-86
-24
85
-17
-88
103
40
-36
13
-35
-55
-51
-34
-20
-34
-30
-57
12
10
-190
-137
16
-131
-178
-119
-175
-231
-207
-144
-122
-63
-161
-191
-147
-103
-189
26
100
-174
-146
-132
-259
-133
-29
-190
-228
-204
-283
-175
-61
-17
-13
-17
-117
-114
38
41
60
87
-4
-115
27
125
50
-74
-55
81
111
-6
1
159
45
-10
125
121
66
-61
30
130
174
203
142
133
117
74
160
365
163
68
76
40
163
301
202
88
53
-133
-20
176
193
127
95
83
-42
25
254
213
108
55
-125
-98
139
138
160
55
-159
-159
34
21
-144
7
37
-88
-155
-2
-108
30
168
-13
-241
-213
-15
117
107
-108
-159
-26
-60
-139
12
58
-114
-171
-89
-151
36
149
95
-144
-248
-146
204
175
-43
-151
-114
-117
47
136
55
-70
-207
-58
85
71
103
151
15
-167
-107
77
219
152
-13
-104
-137
6
183
177
84
-51
-38
5
14
132
252
80
-168
-125
-34
51
128
87
-96
-216
-137
17
11
13
-111
-137
-187
-161
-151
2
-49
-116
-250
-306
-179
26
77
-31
-205
-259
-182
-33
191
182
-131
-285
-217
-82
70
178
24
-169
-289
-213
146
219
169
63
-69
-160
-1
175
214
207
108
-26
-58
96
184
218
174
36
14
-85
106
203
181
110
131
80
-24
-20
83
178
63
-31
41
54
-56
-20
67
14
-40
-77
-53
-114
-118
60
106
68
-51
-64
-94
24
17
64
35
-101
-134
-136
-53
27
101
-67
-172
-138
-100
49
86
76
-37
-59
-48
-18
68
88
79
-49
-110
-125
37
132
108
-7
-95
-44
106
185
135
22
-13
10
0
27
181
93
-73
-189
-82
52
128
81
-65
-114
-199
-83
-1
113
14
-111
-177
-122
-96
33
140
49
-91
-201
-154
39
213
142
7
-152
-162
-19
106
74
-17
-73
-89
-63
-6
37
124
81
-47
-99
-9
16
85
136
72
-43
-128
5
120
68
-51
-83
2
-54
-26
26
87
-98
-90
-36
13
-29
-98
-31
7
-26
-75
31
65
41
0
11
-43
-40
123
126
15
-69
-27
-34
21
0
-9
-53
8
44
-21
-32
-18
91
160
38
-88
-15
88
49
80
38
-50
9
-13
-22
-32
35
46
-8
-75
-28
2
-12
-33
-7
-99
-91
-35
39
3
-84
-42
43
-61
-80
31
136
63
-123
-95
64
91
72
1
-109
-80
-111
-45
51
25
-52
62
-27
-111
-78
70
144
53
-74
-36
-29
1
63
12
4
-21
-25
16
-49
-43
153
179
24
-67
11
121
53
58
91
73
-51
6
105
18
-16
0
29
-47
-76
44
54
-41
-43
47
19
-59
-25
18
-32
-22
-27
-78
-181
-55
54
12
-116
-142
-41
-21
-47
-21
31
-33
-28
7
-27
4
51
86
27
-99
-46
10
-29
-4
75
48
-57
6
57
17
51
120
113
-34
-2
67
143
89
-30
-32
3
-17
-83
-20
-49
-37
-20
-64
-40
19
24
-21
-10
0
-33
7
76
62
-26
-51
21
14
-16
6
-34
-58
-106
-89
27
85
57
-47
-11
-40
126
129
62
-25
64
74
44
64
37
19
24
30
-24
-146
-39
87
126
42
-12
-29
-43
108
144
44
-48
14
30
17
-40
57
14
-37
-107
-55
-17
-116
-30
90
37
-151
-80
17
-37
-63
5
13
-58
-56
4
80
14
44
10
-34
-54
-26
-18
-11
0
-33
-92
-118
-21
30
-11
-47
-84
-15
38
67
32
-2
-12
-42
-39
-3
25
6
-45
-45
-57
-29
26
68
32
-57
-133
6
76
54
20
31
52
-56
6
64
85
50
10
31
-9
-39
0
65
93
-71
-69
0
