33
34
18
-9
-17
-1
20
20
-4
-21
-15
2
11
-3
-24
-33
-27
-10
2
-3
-4
-2
-3
-6
-5
7
9
-4
-14
-27
-27
-11
6
16
6
-14
-21
-17
-2
18
34
37
20
-4
-15
-12
3
16
14
7
-6
-16
-4
14
19
10
-7
-17
-14
-6
14
34
34
12
-20
-36
-34
-23
-6
5
10
8
-4
-7
-4
-12
-18
-9
14
26
4
-27
-34
-7
35
41
4
-39
-54
-30
9
42
67
63
14
-53
-81
-35
42
84
67
9
-51
-72
-44
9
46
41
4
-24
-23
-7
13
29
29
8
-16
-19
-1
22
31
24
8
-15
-35
-36
-17
13
33
18
-12
-25
-10
24
48
42
17
-8
-27
-43
-37
-1
41
52
11
-51
-72
-38
11
44
43
9
-34
-55
-37
-3
18
25
20
7
-29
-82
-91
-40
26
61
28
-29
-55
-63
-55
-28
11
52
58
25
-15
-39
-29
2
31
55
48
14
-7
-11
-6
-1
4
38
77
75
37
-12
-29
-3
26
46
49
43
39
21
0
-3
5
24
44
53
57
37
-7
-38
-43
-29
-12
-13
-27
-37
-36
-30
-36
-40
-46
-66
-75
-57
-14
22
13
-34
-93
-136
-128
-86
-46
-18
-13
-40
-85
-108
-73
-20
-20
-74
-84
31
198
275
243
168
97
35
-12
4
110
221
218
84
-75
-165
-144
-21
105
145
124
75
31
16
14
34
102
170
157
58
-47
-100
-100
-68
-37
-35
-48
-83
-131
-138
-94
-49
-30
-35
-43
-27
-13
-28
-47
-31
-27
-95
-181
-189
-119
-87
-160
-233
-212
-170
-176
-119
168
590
743
408
-119
-418
-396
-189
130
490
649
395
-165
-643
-680
-296
165
435
425
196
-50
-149
-95
38
183
308
368
288
65
-166
-224
-105
29
98
95
12
-95
-167
-173
-70
84
155
118
33
-37
-39
39
121
125
58
-43
-144
-179
-143
-93
-67
-87
-129
-139
-140
-171
-195
-160
-100
-90
-124
-165
-200
-211
-172
-17
310
636
627
221
-248
-427
-288
-1
332
596
574
181
-383
-736
-627
-162
299
468
345
107
-74
-92
47
237
389
460
391
163
-127
-329
-338
-175
16
108
80
-29
-144
-184
-119
21
164
224
171
47
-81
-137
-81
33
90
49
-16
-40
-44
-73
-124
-135
-80
-34
-64
-156
-238
-232
-137
-54
-67
-170
-283
-320
-267
-192
-146
-14
389
861
833
177
-498
-600
-248
116
400
655
656
199
-507
-950
-767
-128
441
610
416
71
-164
-112
152
360
399
390
363
188
-140
-414
-421
-179
68
141
72
-51
-157
-173
-81
70
205
232
112
-71
-185
-151
-15
110
142
81
-13
-104
-171
-165
-62
59
108
66
-49
-190
-289
-299
-206
-72
20
40
-45
-239
-423
-486
-431
-318
-99
439
1140
1261
448
-567
-875
-508
-78
271
719
981
591
-364
-1167
-1140
-398
370
707
583
217
-81
-112
63
207
229
308
466
406
8
-432
-543
-284
43
193
169
64
-30
-66
-38
22
48
37
33
-4
-87
-103
-5
116
172
134
25
-81
-100
-30
34
7
-91
-142
-100
-76
-162
-266
-242
-101
33
84
17
-192
-457
-605
-558
-424
-324
-27
765
1513
1205
-73
-1016
-862
-228
177
529
969
975
170
-982
-1523
-1006
0
683
776
459
68
-110
-1
208
257
227
361
479
229
-295
-634
-486
-61
238
297
199
48
-62
-113
-101
-44
13
78
122
64
-57
-109
-15
143
214
173
85
15
-7
-26
-101
-212
-263
-163
15
75
-43
-171
-154
-55
-18
-44
-73
-120
-224
-355
-464
-539
-565
-540
-376
254
1301
1792
961
-454
-1112
-824
-380
6
680
1295
1057
-142
-1410
-1653
-770
353
992
1033
666
152
-245
-342
-233
-86
212
628
719
272
-360
-649
-416
26
342
445
320
37
-272
-463
-411
-170
89
273
291
113
-80
-71
130
296
250
109
69
88
1
-221
-416
-388
-141
148
266
100
-181
-311
-248
-82
90
132
20
-132
-251
-357
-500
-620
-607
-476
-325
-224
109
1036
1859
1366
-188
-1267
-1152
-552
-76
561
1281
1244
194
-1098
-1611
-990
134
986
1237
831
100
-434
-515
-273
-36
209
642
887
540
-147
-636
-600
-199
191
416
376
36
-340
-514
-482
-303
0
370
559
405
157
71
67
33
23
89
147
70
-127
-269
-251
-145
-26
102
155
5
-261
-339
-131
74
80
37
27
-62
-278
-504
-568
-479
-389
-346
-316
-287
-312
-195
597
1729
1746
231
-1277
-1388
-621
-145
180
914
1440
889
-512
-1602
-1400
-193
922
1278
874
145
-362
-425
-206
-67
-2
398
939
887
118
-694
-844
-333
224
445
342
4
-369
-559
-513
-296
15
380
655
626
319
-9
-151
-70
94
151
82
-6
-56
-66
-77
-152
-226
-156
59
212
123
-85
-176
-142
-100
-64
-33
-74
-184
-272
-275
-277
-384
-510
-512
-374
-235
-284
-183
700
1815
1651
8
-1458
-1456
-660
-181
253
1096
1607
954
-539
-1611
-1333
-132
920
1230
811
116
-356
-452
-309
-183
-10
517
1050
881
66
-673
-761
-298
164
337
228
-71
-339
-458
-446
-262
80
461
717
663
291
-149
-340
-170
110
220
183
112
52
-14
-172
-360
-349
-64
281
356
91
-197
-251
-150
-48
-21
-85
-162
-170
-126
-143
-290
-412
-350
-215
-174
-268
-384
-379
-406
-463
140
1401
1818
537
-1067
-1296
-541
-177
11
858
1666
1271
-185
-1387
-1308
-370
439
786
711
326
-102
-270
-114
-25
-104
203
834
951
305
-460
-654
-370
-174
-111
20
106
94
37
-60
-132
-101
143
452
380
-2
-159
26
233
166
-59
-66
118
175
32
-185
-301
-250
-84
167
313
121
-224
-370
-284
-133
-25
61
103
-21
-256
-412
-444
-415
-373
-346
-370
-461
-592
-618
-15
1398
2319
1376
-618
-1629
-1182
-557
-273
458
1549
1757
552
-1110
-1737
-939
310
1078
1110
606
24
-323
-369
-318
-367
-110
659
1165
774
-134
-705
-578
-167
132
269
223
64
-113
-294
-385
-321
-80
332
637
528
110
-212
-156
120
265
193
64
19
33
-28
-204
-370
-338
-61
240
274
33
-212
-282
-190
-5
117
45
-135
-241
-233
-246
-359
-460
-440
-335
-289
-379
-453
-446
-295
500
1739
1930
430
-1251
-1477
-726
-352
-72
912
1808
1418
-112
-1407
-1359
-398
464
871
795
381
-78
-354
-332
-280
-246
259
1020
1165
484
-389
-678
-392
-138
-52
10
10
-33
-80
-121
-142
-99
193
598
579
85
-294
-167
185
264
83
8
127
196
14
-300
-463
-360
-57
276
395
185
-152
-299
-234
-171
-166
-124
-12
64
-24
-223
-393
-478
-478
-416
-345
-356
-445
-491
-458
-25
1170
2156
1453
-478
-1619
-1225
-583
-409
252
1499
1931
846
-838
-1593
-979
77
785
943
602
114
-225
-326
-348
-462
-185
707
1304
951
67
-546
-540
-317
-201
-77
50
128
127
-15
-188
-279
-153
275
586
397
18
-65
155
257
38
-161
-73
161
259
81
-207
-362
-284
12
287
256
-53
-305
-248
-41
30
-45
-146
-167
-110
-101
-177
-317
-443
-428
-326
-268
-332
-452
-438
-399
-228
679
1832
1683
43
-1365
-1290
-674
-550
-65
1230
2033
1322
-334
-1386
-1105
-267
397
713
596
246
-80
-226
-251
-417
-341
422
1175
1126
381
-384
-605
-473
-354
-171
40
158
192
108
-60
-232
-259
43
366
311
116
158
344
317
-13
-262
-158
92
241
208
4
-232
-337
-199
111
234
10
-202
-125
55
75
-76
-175
-147
-124
-121
-166
-322
-437
-397
-252
-131
-190
-318
-309
-227
-295
-560
-325
951
1972
1194
-586
-1404
-967
-564
-380
536
1742
1902
837
-570
-1309
-1130
-486
255
677
530
166
-28
-30
-157
-443
-185
722
1311
1025
183
-572
-859
-778
-415
85
366
392
313
104
-240
-525
-455
-53
322
494
529
481
308
-18
-300
-306
-57
225
308
160
-104
-332
-300
-30
132
43
-84
-13
117
13
-196
-218
-111
-71
-158
-259
-274
-267
-266
-227
-160
-127
-160
-159
-138
-292
-641
-964
-662
711
2060
1696
-61
-1208
-972
-580
-559
146
1565
2266
1459
-279
-1612
-1719
-911
156
831
792
423
170
74
-152
-564
-465
424
1237
1218
428
-476
-843
-687
-309
73
251
257
177
-20
-287
-507
-482
-95
434
777
756
417
-3
-276
-280
-76
122
217
222
104
-151
-429
-472
-178
199
363
261
60
-121
-263
-273
-167
-140
-196
-195
-130
-141
-284
-371
-246
-27
58
-72
-232
-307
-465
-729
-951
-745
428
1911
2007
491
-928
-1049
-647
-583
-127
1108
1998
1607
126
-1303
-1612
-907
85
709
658
337
195
177
3
-431
-564
90
961
1243
728
-153
-659
-592
-295
-49
19
30
89
27
-185
-396
-418
-107
383
736
758
444
46
-167
-161
-63
-6
26
105
122
-39
-306
-457
-280
115
373
332
113
-102
-239
-274
-199
-140
-173
-177
-134
-154
-240
-298
-242
-109
-35
-71
-176
-265
-352
-524
-675
-734
-585
277
1648
2064
813
-752
-1116
-731
-646
-365
800
1971
1890
501
-1001
-1511
-1087
-312
383
685
595
342
144
-44
-438
-640
-66
898
1352
923
70
-480
-621
-574
-343
-54
76
54
24
5
-179
-422
-246
360
809
726
322
23
-47
-60
-96
-117
-79
61
204
128
-198
-496
-434
-22
339
324
82
-71
-101
-131
-224
-323
-319
-200
-42
30
-102
-336
-439
-345
-195
-166
-187
-146
-207
-423
-673
-721
6
1346
1892
927
-445
-934
-782
-750
-420
632
1643
1750
795
-522
-1221
-1116
-519
200
585
549
347
199
42
-347
-630
-257
567
1180
1082
407
-221
-528
-560
-383
-199
-102
-43
0
10
-107
-255
-180
138
519
688
539
277
49
-71
-70
-93
-129
-56
70
76
-172
-465
-417
-55
269
315
173
79
11
-105
-180
-234
-309
-301
-211
-159
-222
-343
-359
-208
-23
31
-44
-73
-66
-259
-601
-826
-864
-442
725
1787
1495
159
-727
-675
-548
-564
87
1322
1959
1310
-107
-1178
-1390
-974
-213
475
674
500
328
250
-43
-558
-570
214
1063
1232
698
6
-436
-630
-563
-321
-176
-139
0
234
234
-155
-427
-125
428
690
564
332
199
108
-15
-173
-294
-220
28
188
49
-305
-501
-288
146
412
339
112
-43
-108
-173
-287
-402
-409
-264
-84
-47
-171
-314
-324
-177
-11
52
13
-96
-267
-474
-656
-776
-654
94
1196
1570
810
-215
-627
-568
-490
-138
720
1463
1403
542
-484
-1062
-1107
-681
19
484
506
356
278
141
-265
-528
-130
626
1104
1021
507
-83
-536
-719
-605
-427
-288
-73
209
348
137
-213
-235
104
454
589
534
398
213
-21
-232
-338
-307
-153
24
72
-40
-174
-167
-2
169
212
146
38
-74
-171
-248
-316
-367
-349
-223
-89
-71
-136
-168
-131
-86
-71
-68
-110
-233
-399
-537
-622
-612
-216
673
1346
1084
236
-345
-457
-474
-337
300
1105
1362
847
-51
-746
-984
-790
-258
242
399
341
293
214
-96
-434
-280
328
876
1022
726
213
-286
-616
-643
-484
-340
-193
24
234
204
-81
-251
-104
199
455
562
528
357
89
-118
-219
-258
-228
-130
-6
14
-93
-139
-60
48
105
71
10
-47
-104
-116
-134
-217
-308
-319
-226
-162
-177
-165
-118
-79
-55
-42
-49
-142
-293
-403
-470
-513
-495
-189
513
1061
902
307
-140
-286
-332
-186
369
964
1092
740
144
-427
-792
-822
-456
-3
210
250
269
243
44
-203
-136
255
664
874
772
403
-82
-495
-634
-552
-438
-298
-62
195
232
8
-167
-105
106
340
492
512
384
177
34
-66
-197
-299
-287
-150
-18
-4
-19
2
25
22
-29
-84
-105
-113
-95
-89
-167
-277
-315
-250
-164
-132
-128
-115
-97
-77
-77
-122
-195
-274
-338
-369
-395
-408
-208
317
782
738
307
-57
-179
-166
-7
353
723
856
697
340
-87
-466
-641
-515
-240
-43
41
108
151
79
-50
-37
183
493
716
727
523
165
-205
-409
-433
-400
-347
-202
11
99
-16
-149
-128
23
196
322
400
415
348
240
115
-55
-233
-310
-224
-73
7
13
2
-26
-83
-153
-197
-193
-153
-84
-18
-19
-98
-188
-225
-201
-165
-152
-142
-123
-100
-91
-122
-185
-260
-309
-286
-239
-219
-134
117
403
451
230
3
-57
-12
72
235
474
648
648
503
264
-36
-303
-416
-340
-205
-128
-69
4
34
-4
-40
30
203
369
442
407
290
143
24
-34
-76
-133
-146
-83
-40
-92
-164
-155
-85
-36
-3
65
161
228
232
194
138
61
-14
-40
-5
41
47
24
-9
-73
-171
-257
-288
-278
-241
-170
-91
-62
-102
-152
-146
-112
-109
-126
-113
-61
-13
-15
-62
-120
-149
-130
-83
-40
-29
-51
-74
-79
-65
-27
36
102
131
129
144
183
232
274
285
249
178
101
38
-6
-36
-45
-28
2
19
26
64
119
127
68
9
6
32
43
40
42
58
89
114
98
28
-44
-53
-13
12
2
-13
-7
13
14
-10
-42
-63
-60
-27
31
97
132
115
64
0
-67
-127
-166
-178
-158
-110
-57
-35
-57
-90
-100
-83
-58
-50
-60
-70
-67
-69
-97
-134
-140
-89
-6
62
77
37
-23
-73
-86
-56
-7
24
34
40
45
41
33
40
60
77
84
79
57
25
2
8
26
33
31
38
59
71
58
36
24
24
30
31
26
19
21
48
78
83
67
52
46
35
14
-4
-20
-32
-29
-17
-12
-12
-14
-12
0
23
56
84
88
67
27
-20
-62
-96
-114
-107
-79
-53
-44
-42
-36
-31
-31
-24
-9
0
-2
-13
-26
-48
-67
-69
-48
-18
-4
-6
-14
-26
-37
-39
-24
-2
12
18
24
20
13
10
13
12
4
-6
-13
-23
-29
-21
2
28
48
57
57
48
30
6
-11
-15
-10
-2
14
33
40
35
33
33
28
22
27
39
47
37
14
-8
-22
-24
-11
3
6
0
0
11
27
38
46
48
39
21
-1
-28
-56
-77
-75
-51
-24
-11
-10
-9
-9
-17
-23
-17
-4
7
13
13
7
-9
-28
-35
-34
-36
-38
-37
-36
-37
-31
-15
-4
0
10
18
20
19
21
30
34
28
11
-9
-27
-39
-36
-17
10
31
39
38
27
4
-16
-23
-13
7
21
32
38
32
22
11
3
0
3
15
31
33
19
-3
-22
-28
-26
-17
-4
3
8
17
22
17
8
8
16
23
20
7
-8
-22
-30
-30
-23
-17
-13
-5
6
13
12
3
-6
-12
-14
-9
-3
0
-3
-5
-2
-3
-10
-20
-26
-25
-17
-6
2
3
-4
-7
-3
-2
-1
1
11
23
26
21
9
-8
-21
-24
-16
-3
8
16
21
19
7
-9
-22
-24
-16
2
21
30
27
25
21
11
-1
-10
-12
-8
-6
-7
-12
-21
-25
-19
-7
0
0
6
16
21
21
17
15
18
18
8
-9
-24
-33
-34
-24
-9
-2
-1
-1
1
7
10
6
4
6
9
13
15
13
6
0
2
5
3
-5
-12
-14
-10
-5
1
5
6
8
13
17
16
14
12
11
6
3
-2
-11
-16
-10
-2
5
6
7
10
10
8
4
-2
-8
-10
-8
-4
0
4
7
11
16
16
8
-4
-11
-16
-20
-24
-24
-21
-17
-14
-13
-13
-9
-4
2
7
9
11
11
7
-2
-10
-17
-20
-19
-12
-9
-9
-6
-3
-2
-3
-4
1
9
14
17
18
17
7
-2
-5
-9
-13
-12
-6
-2
-2
-3
-2
0
0
3
10
18
22
23
21
17
9
3
-1
-5
-7
-5
1
8
10
8
7
8
10
12
10
4
-3
-8
-11
-11
-10
-5
2
9
15
14
10
5
-1
-5
-6
-9
-6
-2
-2
-5
-10
-14
-17
-15
-7
0
7
14
16
11
3
-6
-10
-9
-8
-5
-4
-8
-12
-14
-18
-21
-21
-14
-3
9
16
18
18
16
13
6
2
-3
-8
-10
-9
-6
-5
-8
-10
-8
-2
5
11
16
21
20
16
12
6
0
-7
-11
-8
-4
-2
-1
-2
0
3
6
8
6
6
8
7
3
0
-4
-4
-3
0
3
-2
-7
-3
0
3
3
2
3
3
1
-1
-7
-10
-8
-6
-2
0
2
5
6
3
2
1
0
-1
0
1
0
-2
-3
-8
-14
-16
-13
-6
2
6
10
13
14
11
5
-2
-7
-7
-4
-4
-4
-2
-1
-2
-3
-3
-3
-2
1
6
10
12
12
8
3
0
0
0
-1
-2
-5
-7
-8
-7
-4
-2
0
5
8
11
10
6
2
0
-1
-1
1
2
0
-5
-7
-8
-7
-6
-5
1
5
6
4
0
0
0
-1
-2
-1
0
1
4
4
0
-3
-6
-7
-6
-4
-2
1
4
5
3
-1
-5
-5
-4
-2
0
3
6
8
7
0
-4
-3
0
1
2
2
0
0
-2
-5
-6
-5
-2
2
6
8
8
7
3
-2
-7
-7
-4
-4
-4
-3
-1
0
0
-3
-3
0
2
5
8
8
7
4
0
-5
-8
-10
-8
-4
-2
0
1
1
0
0
2
1
2
2
1
0
-1
-3
-4
-6
-7
-6
-3
0
3
4
2
1
0
0
0
-1
-2
-1
-1
-2
-2
-1
-1
0
1
4
6
6
4
2
0
0
0
0
0
1
2
2
0
-1
-3
-2
0
2
4
5
5
5
3
0
-3
-2
0
1
2
2
2
1
-2
-4
-3
-3
-2
-2
2
7
9
9
7
2
-2
-4
-3
0
0
1
2
0
-2
-5
-7
-6
-5
-2
2
4
6
7
3
-1
-3
-4
-2
-2
-2
0
1
0
0
0
-1
-2
-2
0
0
-1
0
0
0
-2
-3
-4
-4
-2
0
1
1
1
1
-1
-2
-2
-2
-2
-3
-2
0
2
3
3
3
5
6
5
2
0
-1
-3
-3
-1
0
-1
-3
-4
-3
-1
1
3
5
6
8
7
5
3
0
-3
-5
-3
-2
-1
0
2
3
3
2
0
-2
-2
-2
0
0
1
4
4
4
2
-1
-3
-2
-1
-2
-1
0
0
0
-2
-2
-1
0
0
-1
-1
0
2
1
0
0
0
0
2
2
1
0
0
-2
-3
-3
-3
-2
0
1
2
2
3
2
0
0
0
1
2
1
1
0
-1
-1
-2
-2
-2
-1
-1
-1
-2
-2
-2
-1
-1
0
0
0
2
3
2
1
0
0
-1
-1
-2
-4
-4
-3
-1
0
0
-1
-1
1
2
3
4
4
4
2
0
-1
-2
-2
-2
-2
-2
-2
-3
-2
-2
-2
-1
1
2
4
5
5
5
3
1
0
-1
-2
-2
-3
-3
-3
-3
-3
-3
-2
0
0
3
6
7
5
2
0
-2
-2
-1
0
0
1
0
0
-3
-4
-4
-2
0
1
3
5
5
5
3
1
0
0
0
0
0
-1
-2
-2
-1
-2
-2
0
2
3
3
2
2
0
-1
0
0
0
2
2
1
-1
-2
-3
-3
-3
-2
-2
0
1
0
0
-1
-2
-1
-1
0
0
0
0
0
-1
-2
-3
-2
0
0
0
0
-1
-1
0
0
0
0
0
2
2
2
1
1
0
-1
-2
-2
-2
-1
0
0
0
1
1
0
0
0
0
0
2
1
0
-1
0
0
0
0
1
1
2
2
2
1
0
0
1
1
0
0
0
0
1
2
1
0
0
0
1
1
1
0
0
1
1
0
0
0
0
1
2
2
2
2
1
0
1
2
1
1
0
0
0
0
0
0
0
0
0
1
1
0
1
1
0
-1
0
-1
-1
0
0
0
0
-2
-2
-1
0
0
1
2
1
0
0
-2
-3
-2
-2
0
1
2
1
0
-1
-2
-3
-2
-1
-1
0
0
0
1
-1
-2
-2
-1
-1
-2
-1
0
-2
-1
-1
-2
0
0
0
0
0
0
-1
-2
-2
-2
-1
-1
-1
0
0
0
0
-1
-1
-1
1
1
0
0
0
-2
-2
-1
-1
-1
0
0
-1
0
-2
-3
-1
0
0
2
2
2
1
0
-1
-1
-1
0
0
0
1
1
0
0
0
0
1
1
0
1
2
2
2
3
1
0
0
0
0
2
1
0
0
0
0
0
2
1
1
3
2
2
3
2
0
0
0
0
0
0
0
0
1
0
0
1
1
1
2
2
1
0
0
0
-1
0
-1
-1
0
1
0
0
0
-1
-1
0
-1
-2
0
0
0
1
0
0
0
0
0
0
1
0
0
0
0
0
0
0
-1
0
0
0
0
0
0
0
0
0
0
0
0
0
0
-1
-2
-1
0
0
0
0
0
0
0
1
1
0
0
-1
-2
0
0
0
0
0
0
0
0
-1
-2
-1
-1
-1
0
0
0
0
0
0
0
1
0
0
0
0
-1
-1
0
0
0
0
0
0
0
0
0
0
0
0
0
0
0
0
0
-1
-2
-2
-2
-2
-1
0
0
1
1
1
1
0
0
0
0
0
-1
0
0
-1
0
0
0
1
2
2
2
3
3
3
1
0
-1
-1
0
0
0
1
0
0
1
2
1
1
1
0
0
2
1
0
0
0
0
0
0
0
1
1
0
0
0
0
0
0
-1
-1
0
-1
-2
0
0
1
2
2
1
0
1
0
-1
-2
-2
-2
-3
-2
-1
-2
0
0
0
0
0
0
1
1
0
0
0
0
-1
0
0
-2
0
0
-1
0
0
0
0
1
1
1
1
1
0
0
0
-1
-1
0
0
0
0
0
0
0
-1
-1
0
0
0
0
0
0
0
0
0
0
1
0
0
0
0
0
0
-1
-2
0
0
0
0
0
0
0
1
2
1
-1
-3
-2
-2
-1
0
0
0
-3
-3
-3
-1
1
1
1
0
0
2
3
3
2
0
-1
0
0
1
2
1
0
0
0
0
1
3
3
2
2
2
0
0
1
1
1
3
5
3
1
-2
-2
-1
0
0
0
1
-1
-3
-3
-2
-3
-1
0
-1
0
2
3
2
0
-1
-2
0
2
1
2
4
2
1
0
-1
-1
-1
-1
1
3
4
2
-1
-2
-3
-2
1
2
2
3
1
0
0
0
0
0
0
0
0
0
2
4
2
-2
-2
0
-1
-1
1
2
4
2
-1
-2
-3
-3
-3
-2
2
3
5
5
2
-2
-4
-4
-4
0
4
5
4
2
0
-2
-4
-5
-3
0
0
0
-2
-2
-2
-2
-3
-2
-1
-1
-3
0
4
2
-2
-1
0
-1
-1
1
3
2
0
-2
-3
0
0
2
6
5
3
2
-2
-2
-1
0
5
5
0
-3
-6
-6
-3
-3
-1
0
-1
1
1
3
3
0
0
-2
-3
2
3
0
2
5
4
2
-4
-4
-6
-11
-13
-17
35
90
44
-30
-57
-36
-11
-5
23
58
58
22
-44
-99
-73
-7
26
31
7
-16
-17
-17
-16
-15
-8
7
13
12
12
5
2
4
2
5
3
-2
1
0
-3
-6
-6
4
8
6
3
-2
-3
-3
0
7
6
2
1
1
-1
-2
-7
-11
-2
5
3
2
0
0
1
6
8
3
1
6
6
11
28
25
-2
-17
-12
6
17
20
26
18
-5
-27
-27
0
28
33
17
-10
-34
-34
-13
14
34
23
-11
-32
-36
-25
-7
4
2
-6
-11
-20
-22
-14
-10
-8
-8
-7
-3
-3
-4
-3
-1
2
6
3
-2
-2
4
7
-1
-8
2
11
12
7
-4
-11
-3
-1
-5
0
2
5
3
-5
-1
2
2
4
5
6
4
1
9
15
12
6
4
3
6
9
7
9
8
1
-2
5
13
8
4
5
1
-4
-7
-1
7
9
4
-5
-6
-4
-3
2
2
-11
-20
-16
-8
-4
-7
-11
-12
-16
-17
-12
-9
-11
-14
-16
-16
-17
-11
-3
-2
-6
-8
-14
-18
-13
-9
1
10
8
5
6
5
5
11
18
25
28
28
27
24
28
33
33
31
24
19
23
26
18
10
8
3
0
1
3
3
-4
-9
-11
-10
-10
-13
-10
-5
-6
-12
-18
-19
-20
-20
-13
-13
-14
-16
-18
-21
-28
-30
-25
-26
-33
-34
-27
-28
-40
-51
-57
-62
-71
-78
-62
-11
33
9
-63
-88
-39
26
64
79
81
75
71
71
76
96
130
149
123
65
24
44
96
106
50
-21
-52
-35
0
13
-20
-72
-86
-59
-31
-27
-39
-49
-47
-40
-31
-24
-8
15
27
16
-9
-20
6
42
49
33
16
14
34
50
37
-2
-21
4
28
22
-2
-22
-30
-27
-22
-30
-50
-57
-44
-29
-36
-55
-62
-53
-40
-28
-24
-33
-39
-28
-9
0
-8
-10
1
8
4
-9
-16
-6
5
5
-5
-17
-21
-16
-8
-15
-39
-60
-64
-36
24
52
5
-60
-60
-1
47
64
71
72
77
87
85
75
99
148
161
113
58
57
98
122
95
28
-20
-17
21
39
-2
-62
-80
-51
-28
-45
-73
-81
-63
-34
-23
-36
-49
-34
-11
-6
-10
-6
12
27
28
16
9
24
47
51
23
-14
-23
8
40
24
-24
-56
-59
-46
-31
-37
-64
-88
-90
-81
-80
-85
-84
-83
-83
-81
-73
-61
-57
-57
-57
-65
-73
-71
-58
-26
26
54
9
-66
-60
29
94
92
81
100
123
131
128
126
146
192
210
152
77
83
155
180
110
11
-26
13
60
43
-38
-109
-101
-39
-10
-54
-106
-102
-63
-40
-51
-62
-49
-24
-9
-21
-33
-11
37
56
20
-20
-4
57
87
59
16
-1
20
52
54
15
-31
-31
-7
-3
-25
-53
-72
-81
-80
-77
-79
-81
-84
-94
-102
-92
-68
-57
-64
-77
-81
-64
-43
-30
-33
-47
-57
-57
-57
-63
-44
21
67
13
-73
-47
67
126
89
57
88
142
173
165
136
139
188
209
147
77
89
157
167
84
-7
-24
20
53
16
-71
-124
-86
-14
-10
-79
-128
-100
-43
-22
-42
-60
-51
-21
4
3
-4
10
34
37
24
28
51
66
51
25
13
22
40
44
17
-27
-50
-31
-13
-32
-68
-88
-89
-93
-102
-104
-96
-88
-93
-104
-106
-90
-66
-55
-62
-71
-62
-36
-18
-21
-30
-24
-9
-5
-17
-32
-44
-53
-23
57
98
20
-86
-57
80
143
90
40
70
136
166
142
108
131
201
225
152
76
95
166
176
103
20
5
54
81
27
-59
-88
-49
-15
-35
-77
-90
-68
-49
-61
-73
-61
-37
-24
-30
-41
-26
13
31
8
-20
-9
34
59
41
7
-3
13
30
25
5
-14
-24
-27
-35
-48
-56
-64
-82
-100
-102
-88
-83
-99
-117
-117
-100
-80
-73
-78
-77
-65
-53
-43
-41
-43
-37
-27
-24
-31
-37
-47
-53
-11
67
69
-31
-80
17
126
117
62
70
121
156
160
137
121
161
215
191
106
80
140
180
123
33
-1
29
69
61
-8
-81
-81
-23
-6
-56
-100
-80
-33
-22
-51
-75
-60
-17
6
-14
-39
-20
21
32
12
5
25
41
35
24
30
46
36
7
2
17
14
-7
-16
-20
-34
-48
-58
-77
-88
-71
-55
-74
-107
-115
-96
-71
-61
-67
-85
-90
-60
-17
-16
-50
-58
-25
6
5
-8
-11
-1
14
13
-13
-24
4
23
-2
-24
-24
-34
-26
40
75
-16
-102
-27
98
98
24
18
81
133
136
91
55
101
193
201
106
40
82
156
150
65
-5
5
64
85
24
-62
-83
-32
6
-20
-71
-90
-70
-45
-38
-48
-63
-66
-50
-28
-23
-23
-11
0
-8
-14
9
36
37
18
2
7
27
34
14
-12
-16
-1
5
-15
-41
-47
-41
-46
-62
-71
-71
-71
-70
-77
-87
-78
-57
-61
-86
-85
-52
-33
-47
-64
-64
-47
-34
-54
-86
-45
62
77
-58
-139
-16
139
119
10
2
101
186
180
101
64
151
261
229
92
44
136
224
177
44
-27
19
93
84
-12
-97
-79
-11
-14
-80
-110
-86
-67
-69
-72
-68
-54
-38
-44
-56
-36
10
28
3
-23
2
59
75
38
8
19
53
69
52
21
13
24
21
3
-10
-13
-18
-42
-67
-65
-44
-44
-78
-109
-106
-80
-59
-67
-95
-102
-63
-18
-25
-59
-58
-22
5
8
-8
-26
-17
14
16
-20
-23
17
24
-18
-53
-58
-34
50
122
21
-143
-86
124
159
16
-36
60
148
150
85
23
69
198
216
81
-4
74
179
160
50
-23
0
60
77
25
-54
-77
-31
-7
-36
-58
-58
-66
-73
-55
-31
-29
-42
-55
-59
-37
3
18
-13
-47
-24
33
54
27
-7
-9
18
36
26
13
13
2
-21
-20
0
-6
-42
-69
-70
-54
-41
-53
-84
-99
-82
-61
-61
-72
-77
-64
-40
-38
-59
-63
-33
-10
-22
-41
-41
-24
-18
-47
-87
-64
36
90
-1
-117
-70
93
140
38
-13
72
173
185
123
71
119
233
251
140
70
129
199
166
71
14
31
78
75
0
-73
-64
-13
-18
-82
-110
-70
-37
-58
-93
-94
-55
-16
-24
-64
-68
-17
27
11
-28
-25
16
37
29
26
31
20
13
21
30
30
22
0
-20
-14
0
-12
-37
-57
-66
-57
-38
-45
-84
-106
-89
-68
-65
-73
-82
-78
-56
-43
-52
-54
-32
-10
-8
-18
-21
-6
16
16
-1
-8
8
26
16
-13
-23
-9
-10
-34
-9
60
46
-57
-82
26
104
56
0
36
112
142
103
47
64
166
223
144
43
61
150
175
105
8
-19
44
100
55
-51
-99
-55
-5
-17
-67
-102
-93
-59
-40
-47
-67
-70
-52
-37
-28
-12
-3
-14
-27
-13
16
30
24
12
7
19
36
34
7
-8
10
25
4
-28
-35
-22
-16
-33
-63
-78
-69
-59
-64
-77
-85
-84
-74
-68
-74
-75
-60
-47
-56
-67
-53
-39
-40
-44
-41
-34
-30
-47
-81
-68
30
96
15
-100
-55
101
153
63
8
85
194
210
131
75
136
250
258
143
66
121
202
181
78
4
21
87
88
-2
-82
-71
-18
-22
-78
-108
-86
-58
-65
-90
-90
-59
-37
-46
-59
-49
-17
14
12
-18
-26
15
55
51
24
10
19
41
48
34
16
16
18
5
-10
-18
-28
-40
-54
-70
-77
-71
-70
-87
-109
-111
-93
-81
-93
-107
-97
-77
-67
-65
-65
-70
-61
-39
-36
-47
-44
-33
-36
-54
-76
-73
0
87
54
-79
-101
51
159
88
-5
35
156
213
150
58
79
219
287
168
34
67
187
217
120
10
-8
60
106
56
-34
-72
-46
-18
-27
-47
-64
-76
-79
-65
-41
-31
-44
-70
-69
-27
23
32
-11
-38
-6
41
61
51
25
8
26
59
54
26
16
18
6
-10
-9
-11
-34
-56
-70
-71
-61
-64
-89
-113
-107
-83
-75
-91
-103
-94
-71
-55
-57
-73
-72
-44
-24
-32
-41
-30
-21
-28
-36
-50
-69
-33
64
87
-28
-103
4
131
109
26
35
121
186
175
102
75
168
260
210
92
73
152
199
150
53
1
34
82
56
-31
-77
-51
-26
-44
-71
-74
-74
-88
-94
-76
-51
-43
-58
-72
-54
-13
7
-12
-30
-14
16
27
27
28
16
9
27
41
31
18
17
6
-7
-3
-7
-33
-51
-51
-55
-70
-71
-76
-94
-99
-89
-88
-90
-88
-86
-80
-65
-58
-57
-38
-21
-24
-23
-5
11
13
7
4
10
25
25
10
10
24
28
13
-11
-36
-28
48
106
24
-92
-42
106
124
21
-13
63
142
142
81
40
98
199
190
80
37
108
179
158
61
-4
36
103
85
1
-60
-47
7
20
-28
-83
-88
-57
-40
-53
-69
-67
-53
-37
-36
-42
-33
-23
-27
-20
2
16
16
2
-14
-8
19
30
2
-29
-24
-3
-8
-38
-66
-72
-59
-52
-71
-98
-108
-95
-80
-85
-102
-110
-98
-79
-71
-76
-77
-71
-62
-51
-48
-58
-59
-47
-46
-37
4
26
-1
-24
-7
37
80
88
65
75
136
170
142
124
159
201
201
165
134
144
176
170
111
62
69
91
72
22
-13
-18
-13
-22
-47
-67
-64
-51
-58
-73
-65
-46
-50
-62
-57
-40
-14
7
-6
-27
-12
30
48
27
13
29
48
51
45
29
17
22
17
-6
-22
-24
-29
-54
-80
-84
-83
-93
-107
-121
-128
-116
-102
-112
-124
-115
-95
-77
-74
-84
-81
-57
-36
-43
-60
-52
-28
-26
-46
-49
-9
31
20
-10
-9
23
63
85
76
78
126
166
150
127
145
187
206
185
143
128
158
182
142
74
50
67
75
41
-13
-30
-12
-12
-38
-65
-69
-51
-43
-59
-70
-54
-31
-27
-37
-36
-22
-6
4
4
-5
1
26
36
22
14
24
28
18
11
13
11
0
-23
-42
-43
-41
-61
-95
-110
-100
-97
-114
-138
-148
-142
-126
-113
-116
-125
-118
-99
-76
-67
-74
-69
-43
-20
-22
-29
-26
-21
-23
-15
17
33
6
-8
30
64
55
44
68
105
127
128
118
123
157
187
174
147
144
154
158
147
116
87
81
84
70
39
13
4
-4
-13
-17
-31
-47
-44
-37
-41
-46
-44
-31
-23
-25
-24
-19
-10
-1
5
9
10
8
12
22
27
22
14
5
8
16
6
-16
-32
-37
-38
-50
-71
-91
-100
-97
-98
-117
-136
-134
-125
-125
-126
-128
-122
-103
-89
-87
-87
-80
-64
-48
-41
-42
-41
-31
-22
-24
-25
-6
17
21
16
23
43
63
73
76
85
112
139
139
129
138
159
172
168
148
134
140
147
128
93
71
74
77
57
21
-2
-1
0
-14
-29
-31
-29
-33
-38
-40
-41
-34
-22
-15
-17
-16
-6
5
9
10
10
17
29
34
24
15
11
13
15
8
-9
-29
-40
-48
-58
-72
-89
-104
-113
-113
-116
-129
-138
-136
-129
-124
-118
-112
-109
-104
-90
-72
-67
-69
-60
-40
-30
-34
-34
-21
-12
-7
5
15
13
16
33
54
67
67
69
91
117
125
120
122
139
152
146
139
139
138
133
125
109
94
86
77
63
44
29
21
12
3
-3
-12
-21
-24
-25
-24
-25
-29
-30
-27
-21
-15
-11
-11
-10
-5
2
6
6
2
3
10
11
0
-16
-19
-15
-18
-34
-53
-66
-70
-73
-85
-102
-116
-117
-112
-115
-127
-131
-124
-116
-111
-104
-97
-90
-82
-74
-65
-53
-40
-38
-41
-31
-11
-3
-11
-15
-1
24
33
22
22
42
64
77
78
74
89
128
147
123
104
134
170
159
128
126
143
147
132
108
91
91
94
77
48
36
39
34
19
1
-10
-10
-9
-15
-27
-30
-22
-16
-17
-26
-27
-18
-9
-10
-15
-11
-5
-4
-7
-13
-16
-18
-22
-31
-40
-46
-54
-65
-74
-86
-94
-98
-107
-122
-128
-118
-112
-124
-130
-119
-105
-103
-102
-95
-84
-74
-67
-58
-51
-46
-38
-32
-28
-20
-10
-7
-8
2
18
27
28
35
49
60
72
78
82
101
122
127
122
126
139
145
144
141
132
127
131
132
117
97
85
84
84
68
41
27
34
37
19
-3
-8
0
4
-7
-27
-33
-15
-2
-16
-37
-34
-14
-10
-24
-39
-32
-15
-17
-41
-53
-41
-32
-44
-69
-78
-67
-61
-75
-97
-104
-96
-92
-100
-112
-116
-108
-98
-99
-104
-100
-89
-81
-78
-78
-72
-57
-43
-41
-43
-33
-17
-14
-11
1
8
10
21
38
44
44
58
76
76
74
93
112
106
97
113
131
127
117
116
117
119
120
112
95
90
102
99
71
51
59
68
55
33
20
22
31
30
9
-11
-2
17
13
-14
-29
-17
3
2
-22
-40
-30
-10
-15
-43
-58
-47
-31
-40
-67
-82
-73
-59
-68
-95
-105
-88
-80
-97
-112
-105
-89
-86
-94
-100
-92
-74
-67
-75
-77
-61
-46
-43
-43
-41
-38
-28
-16
-13
-15
-15
-5
11
20
17
9
18
49
67
51
35
58
103
108
71
65
110
135
109
87
98
119
125
109
83
75
100
115
77
41
61
83
63
35
27
34
44
37
8
-7
15
30
3
-26
-17
2
-2
-19
-35
-38
-25
-20
-39
-57
-49
-38
-48
-66
-69
-63
-64
-77
-89
-86
-76
-77
-94
-104
-93
-77
-79
-94
-92
-75
-64
-68
-73
-66
-52
-47
-51
-51
-39
-27
-28
-32
-30
-19
-10
-7
-7
-8
3
30
42
21
16
54
89
78
55
71
108
119
106
92
95
115
127
111
82
77
99
105
75
47
51
64
57
36
23
23
24
20
15
10
6
-1
-7
-3
7
3
-15
-19
-4
6
-4
-17
-17
-10
-4
-5
-19
-28
-20
-17
-29
-41
-44
-43
-47
-55
-64
-68
-65
-64
-71
-77
-73
-64
-63
-66
-67
-60
-47
-40
-43
-44
-32
-23
-24
-22
-17
-16
-15
-11
-7
-8
-6
2
3
3
11
17
16
17
27
35
35
35
40
42
46
52
49
40
40
48
54
48
36
36
43
46
41
34
28
33
37
33
21
15
18
24
21
8
-2
0
11
11
-5
-13
-5
1
-1
-4
-4
-5
-7
-7
-5
-7
-9
-10
-14
-16
-15
-17
-28
-35
-29
-23
-30
-44
-48
-39
-31
-36
-42
-40
-34
-27
-27
-28
-20
-11
-14
-19
-10
3
3
-8
-9
4
11
8
4
5
11
15
18
16
11
12
19
18
12
14
19
14
5
8
18
15
6
3
8
16
18
11
9
17
23
18
13
17
22
24
0
0
0
0
0
0
0
0
0
0
0
0
0
0
0
0
0
0
0
0
0
0
0
0
0
0
0
0
0
0
0
0
0
0
0
0
0
0
0
0
0
0
0
0
0
0
0
0
0
0
0
0
0
0
0
0
0
0
0
0
0
0
0
0
0
0
0
0
0
0
0
0
0
0
0
0
0
0
0
0
0
0
0
0
0
0
0
0
0
0
0
0
0
0
0
0
0
0
0
0
0
0
0
0
0
0
0
0
0
0
0
0
0
0
0
0
0
0
0
0
0
0
0
0
0
0
0
0
0
0
0
0
0
0
0
0
0
0
0
0
0
0
0
0
0
0
0
0
0
0
0
0
0
0
0
0
0
0
0
0
0
0
0
0
0
0
0
0
0
0
0
0
0
0
0
0
0
0
0
0
0
0
0
0
0
0
0
0
0
0
0
0
0
0
0
0
0
0
0
0
0
0
0
0
0
0
0
0
0
0
0
0
0
0
0
0
0
0
0
0
0
0
0
0
0
0
0
0
0
0
0
0
0
0
0
0
0
0
0
0
0
0
0
0
0
0
0
0
0
0
0
0
0
0
0
0
0
0
0
0
0
0
0
0
0
0
0
0
0
0
0
0
0
0
0
0
0
0
0
0
0
0
0
0
0
0
0
0
0
0
0
0
0
0
0
0
0
0
0
0
0
0
0
0
0
0
0
0
0
0
0
0
0
0
0
0
0
0
0
0
0
0
0
0
0
0
0
0
0
0
0
0
0
0
0
0
0
0
0
0
0
0
0
0
0
0
0
0
0
0
0
0
0
0
0
0
0
0
0
0
0
0
0
0
0
0
0
0
0
0
0
0
0
0
0
0
0
0
0
0
0
0
0
0
0
0
0
0
0
0
0
0
0
0
0
0
0
0
0
0
0
0
0
0
0
0
0
0
0
0
0
0
0
0
0
0
0
0
0
0
0
0
0
0
0
0
0
0
0
0
0
0
0
0
0
0
0
0
0
0
0
0
0
0
0
0
0
0
0
0
0
0
0
0
0
0
0
0
0
0
0
0
0
0
0
0
0
0
0
0
0
0
0
0
0
0
0
0
0
0
0
0
0
0
0
0
0
0
0
0
0
0
0
0
0
0
0
0
0
0
0
0
0
0
0
0
0
0
0
0
0
0
0
0
0
0
0
0
0
0
0
0
0
0
0
0
0
0
0
0
0
0
0
0
0
0
0
0
0
0
0
0
0
0
0
0
0
0
0
0
0
0
0
0
0
0
0
0
0
0
0
0
0
0
0
0
0
0
0
0
0
0
0
0
0
0
0
0
0
0
0
0
0
0
0
0
0
0
0
0
0
0
0
0
0
0
0
0
0
0
0
0
0
0
0
0
0
0
0
0
0
0
0
0
0
0
0
0
0
0
0
0
0
0
0
0
0
0
0
0
0
0
0
0
0
0
0
0
0
0
0
0
0
0
0
0
0
0
0
0
0
0
0
0
0
0
0
0
0
0
0
0
0
0
0
0
0
0
0
0
0
0
0
0
0
0
0
0
0
0
0
0
0
0
0
0
0
0
0
0
0
0
0
0
0
0
0
0
0
0
0
0
0
0
0
0
0
0
0
0
0
0
0
0
0
0
0
0
0
0
0
0
0
0
0
0
0
0
0
0
0
0
0
0
0
0
0
0
0
0
0
0
0
0
0
0
0
0
0
0
0
0
0
0
0
0
0
0
0
0
0
0
0
0
0
0
0
0
0
0
0
0
0
0
0
0
0
0
0
0
0
0
0
0
0
0
0
0
0
0
0
0
0
0
0
0
0
0
0
0
0
0
0
0
0
0
0
0
0
0
0
0
0
0
0
0
0
0
0
0
0
0
0
0
0
0
0
0
0
0
0
0
0
0
0
0
0
0
0
0
0
0
0
0
0
0
0
0
0
0
0
0
0
0
0
0
0
0
0
0
0
0
0
0
0
0
0
0
0
0
0
0
0
0
0
0
0
0
0
0
0
0
0
0
0
0
0
0
0
0
0
0
0
0
0
0
0
0
0
0
0
0
0
0
0
0
0
0
0
0
0
0
0
0
0
0
0
0
0
0
0
0
0
0
0
0
0
0
0
0
0
0
0
0
0
0
0
0
0
0
0
0
0
0
0
0
0
0
0
0
0
0
0
0
0
0
0
0
0
0
0
0
0
0
0
0
0
0
0
0
0
0
0
0
0
0
0
0
0
0
0
0
0
0
0
0
0
0
0
0
0
0
0
0
0
0
0
0
0
0
0
0
0
0
0
0
0
0
0
0
0
0
0
0
0
0
0
0
0
0
0
0
0
0
0
0
0
0
0
0
0
0
0
0
0
0
0
0
0
0
0
0
0
0
0
0
0
0
0
0
0
0
0
0
0
0
0
