58
-26
-61
-54
-25
16
44
35
5
-15
-5
23
41
9
-82
-174
-184
-84
65
156
138
45
-57
-125
-117
-37
69
131
101
15
-74
-105
-79
-27
60
173
269
250
90
-129
-307
-348
-264
-111
70
201
241
170
19
-125
-204
-192
-118
2
148
270
313
205
1
-184
-266
-196
-25
150
212
85
-159
-364
-392
-235
5
208
270
191
39
-88
-118
-53
103
278
381
367
239
49
-180
-369
-427
-304
-46
174
230
107
-80
-210
-247
-194
-121
-59
10
96
207
298
316
214
16
-144
-151
-8
103
55
-114
-297
-384
-354
-177
86
280
281
115
-80
-213
-241
-181
-24
179
312
332
251
138
38
-41
-81
-72
-37
-58
-127
-167
-123
-1
95
135
136
71
-46
-174
-209
-109
54
180
211
195
126
22
-70
-117
-81
-31
4
36
70
71
-24
-165
-254
-221
-95
31
101
91
24
-59
-141
-153
-68
78
218
287
283
151
-74
-291
-387
-276
-31
200
266
170
18
-82
-91
-77
-58
-48
-73
-100
-82
33
202
273
199
21
-129
-176
-129
-19
137
300
301
124
-86
-191
-130
0
160
292
308
131
-180
-423
-465
-269
23
238
308
178
-56
-279
-375
-271
-40
183
276
257
185
105
65
5
-61
-129
-187
-179
-154
-124
-124
-119
-23
113
178
81
-67
-188
-221
-95
139
427
602
558
338
56
-113
-175
-184
-118
-33
63
91
44
-58
-211
-308
-343
-214
12
165
238
185
61
-55
-78
40
190
257
147
-54
-203
-261
-212
-131
-28
73
55
10
-25
-76
-182
-304
-318
-164
132
403
543
503
261
-32
-244
-316
-246
-132
-15
115
218
220
108
-65
-173
-158
-86
16
141
193
60
-176
-299
-176
115
341
382
307
130
-114
-336
-358
-117
216
373
281
79
-174
-412
-567
-577
-334
21
278
390
356
221
34
-159
-274
-197
20
201
281
242
100
-68
-241
-312
-221
-95
50
141
72
-114
-292
-319
-177
24
187
367
496
388
126
-106
-163
-30
127
268
383
359
158
-178
-424
-483
-354
-142
80
307
330
159
-109
-296
-300
-227
-137
-18
113
154
112
38
-39
-100
-148
-150
-26
118
132
8
-172
-293
-340
-289
-112
155
347
363
241
24
-171
-266
-182
57
334
488
454
315
103
-63
-139
-136
-83
-18
10
-25
-60
-140
-228
-221
-136
-9
112
105
14
-126
-296
-339
-254
-78
145
349
445
426
286
35
-152
-281
-296
-153
67
267
357
302
102
-135
-316
-413
-373
-227
-80
54
89
30
44
85
134
178
172
128
109
3
-125
-105
-60
-3
38
21
54
97
33
-29
-90
-175
-186
-196
-143
3
132
203
217
171
112
40
-84
-98
-46
-17
-14
-20
40
122
139
129
78
-37
-123
-221
-245
-109
95
272
374
352
219
34
-201
-389
-459
-379
-94
241
397
370
194
-100
-378
-546
-480
-180
116
290
351
267
56
-92
-188
-107
159
349
406
249
-48
-232
-295
-207
39
209
222
66
-249
-511
-532
-344
24
421
579
513
216
-189
-417
-446
-197
200
516
640
454
82
-244
-544
-714
-572
-289
21
246
269
172
-3
-244
-348
-308
-178
96
266
357
383
254
75
-113
-218
-165
11
111
145
129
-13
-174
-223
-137
-13
115
143
87
61
-17
-67
22
107
201
269
247
244
209
82
-33
-54
-90
-71
-65
-79
-20
-54
-39
84
155
44
-86
-227
-374
-289
-166
56
305
413
388
180
-106
-278
-300
-274
-89
113
233
267
160
50
-33
-203
-299
-257
-231
-109
49
116
116
97
-75
-139
-53
-61
94
133
-16
-64
-190
-342
-238
-137
-24
214
205
149
31
-231
-457
-511
-410
-185
144
308
318
138
-153
-394
-428
-376
-270
-115
-137
-168
-253
-308
-335
-364
-344
-356
-331
-246
-177
-117
-40
-57
-2
24
-62
-151
-377
-541
-537
-485
-241
69
175
206
65
-185
-302
-364
-326
-155
28
103
170
174
123
158
74
10
-7
-48
-10
84
164
314
447
422
498
538
440
426
371
291
347
430
570
675
682
605
404
218
104
109
215
412
696
870
844
634
256
-81
-188
-18
402
889
1120
1034
735
165
-390
-596
-523
-197
187
469
511
204
-264
-705
-976
-838
-485
-313
-87
20
-152
-144
-68
-40
234
349
374
607
752
911
1112
1131
863
128
-1164
-2352
-3244
-3554
-2986
-2278
-1584
-1373
-2222
-3497
-4552
-5325
-5331
-4435
-3193
-1692
-572
-51
161
-9
-192
20
594
1338
2014
2193
1823
1048
91
-671
-1132
-1419
-1396
-1251
-1162
-1042
-980
-895
-947
-952
-644
-216
363
1068
1534
1644
1465
1095
796
716
789
1015
1214
1200
933
445
-13
-323
-367
-4
652
1459
2165
2573
2639
2437
2213
2048
2067
2228
2245
2088
1724
1191
675
359
217
193
293
398
500
588
735
898
1016
1158
1271
1326
1352
1342
1346
1421
1542
1682
1865
1956
1854
1655
1365
1163
1125
1136
1290
1391
1339
1185
1085
993
781
663
498
242
129
53
-52
-78
-142
-310
-323
-361
-466
-478
-582
-641
-603
-564
-373
-169
-16
157
-87
-642
-1452
-3066
-4465
-4679
-4447
-3679
-2269
-1556
-1811
-2875
-4802
-6325
-6865
-6821
-5546
-3473
-1722
-190
515
294
30
-241
-283
432
1353
1953
2274
1769
664
-323
-1377
-2207
-2408
-2439
-2403
-2123
-1777
-1366
-917
-525
-75
519
1186
1827
2414
2813
2980
2804
2431
2104
1842
1623
1375
1072
635
30
-632
-1358
-1774
-1687
-1358
-630
431
1332
1918
2076
1880
1643
1438
1322
1538
1792
1733
1410
820
15
-775
-1340
-1556
-1429
-1148
-836
-587
-493
-480
-425
-293
-30
360
707
963
1123
1193
1232
1236
1228
1222
1161
1046
906
692
468
287
167
158
271
477
686
791
771
719
630
614
718
879
1116
1324
1405
1423
1394
1206
945
760
713
862
1058
1210
1346
1339
1238
1253
1390
1564
1773
1801
1656
1531
1271
1019
824
531
171
-144
-475
-756
-829
-886
-839
-620
-416
-303
-361
-692
-1246
-2014
-3148
-4271
-4589
-4269
-3829
-3056
-2342
-2453
-3373
-4855
-6249
-6749
-6543
-5650
-3874
-1986
-567
265
446
270
162
145
452
1298
2007
2206
1884
987
-102
-1091
-1902
-2320
-2377
-2345
-2193
-1892
-1481
-997
-572
-162
334
957
1686
2419
3052
3408
3355
3013
2580
2277
2097
1837
1470
1062
499
-157
-712
-1019
-1035
-870
-480
88
683
1058
1123
1139
1227
1301
1515
1765
1664
1196
281
-869
-1749
-2310
-2516
-2220
-1729
-1296
-912
-744
-621
-391
-146
221
742
1235
1596
1815
1773
1593
1384
1138
945
763
505
257
71
-72
-13
116
225
311
258
246
324
410
578
768
942
1084
1119
1140
1117
1000
850
678
551
425
251
165
45
-93
15
262
564
1004
1397
1670
1902
1966
1858
1778
1692
1608
1681
1789
1793
1767
1552
1000
409
-53
-222
17
381
722
1056
1004
639
291
-121
-380
-422
-632
-956
-1651
-3217
-4616
-5192
-5461
-5160
-3937
-2937
-2805
-3569
-5056
-6236
-6568
-6135
-4719
-2368
-74
1627
2433
2384
1931
1288
708
561
919
1233
1194
569
-475
-1603
-2703
-3536
-3780
-3518
-3112
-2451
-1638
-761
72
710
1129
1572
2104
2661
3250
3759
3935
3559
2773
1950
1379
977
682
435
176
-276
-828
-1205
-1200
-918
-498
103
899
1725
2391
2800
2917
2753
2290
1643
1005
351
-357
-1050
-1681
-2164
-2363
-2380
-2333
-2224
-2149
-2087
-1874
-1547
-1056
-322
390
1013
1589
1884
1975
1953
1688
1414
1227
987
870
782
553
396
232
13
-61
-159
-308
-302
-249
-67
323
662
963
1209
1227
1190
1164
1106
1124
1111
1045
984
823
661
589
563
598
592
544
543
531
571
785
1143
1589
1999
2221
2233
2057
1718
1392
1228
1208
1343
1622
1811
1759
1514
1214
955
761
831
1118
1436
1671
1666
1413
1051
446
-290
-792
-1222
-1640
-2482
-3934
-5059
-5506
-5757
-5313
-4017
-3058
-2812
-3460
-4742
-5421
-5338
-4974
-3682
-1611
150
1421
1989
1902
1562
876
16
-271
-30
302
423
84
-495
-1226
-2160
-2882
-3054
-2903
-2493
-1822
-967
27
824
1161
1258
1323
1374
1582
2082
2618
2912
2711
2045
1255
552
-73
-424
-449
-395
-327
-317
-324
-175
20
267
792
1565
2298
2838
3011
2874
2482
1823
1118
634
266
-165
-619
-1080
-1446
-1658
-1781
-1731
-1551
-1472
-1471
-1470
-1423
-1106
-637
-180
337
633
550
297
-109
-484
-621
-618
-364
27
200
311
369
229
207
327
458
696
858
899
966
915
786
735
597
476
487
490
541
599
548
458
390
297
270
300
373
547
730
925
1054
1085
1073
1067
1115
1224
1318
1317
1243
1053
839
626
425
321
312
418
597
816
1099
1338
1479
1647
1704
1662
1718
1712
1766
1910
1889
1793
1529
936
459
138
-169
-28
155
25
-266
-801
-1700
-2755
-3987
-5070
-5207
-4822
-4217
-3168
-2153
-1961
-2558
-3782
-5028
-5474
-5350
-4584
-2951
-1107
236
970
1133
893
530
117
-77
266
821
1118
1096
665
-111
-1033
-2014
-2640
-2790
-2757
-2562
-2158
-1682
-1142
-775
-612
-365
-34
310
869
1596
2258
2665
2659
2398
2152
1917
1657
1467
1240
830
255
-378
-905
-1167
-1263
-1152
-726
-140
453
1035
1463
1679
1665
1474
1304
1217
1096
884
589
233
-169
-602
-954
-1144
-1244
-1320
-1316
-1199
-1026
-845
-678
-547
-416
-213
52
324
607
892
1063
1026
812
494
120
-240
-491
-580
-518
-378
-249
-166
-103
-39
41
163
349
591
855
1089
1253
1338
1337
1234
1022
721
367
10
-286
-467
-513
-443
-305
-146
5
148
310
507
733
988
1238
1415
1518
1550
1514
1449
1333
1193
1045
844
591
360
208
141
196
414
720
975
1210
1366
1454
1517
1466
1435
1450
1281
1009
797
559
363
321
312
280
257
31
-151
-93
-136
-237
-275
-556
-1202
-2269
-3521
-3930
-3806
-3555
-2570
-1538
-1368
-2011
-3529
-5249
-6075
-6485
-6163
-4505
-2676
-1238
-115
276
270
359
85
37
638
1183
1576
1816
1529
928
69
-1181
-2154
-2815
-3281
-3337
-3011
-2433
-1720
-1166
-814
-413
-27
365
946
1735
2492
3033
3126
2970
2879
2627
2175
1747
1269
596
-168
-892
-1343
-1410
-1269
-984
-397
295
889
1425
1857
2157
2319
2303
2207
2141
1893
1493
1068
558
-17
-523
-942
-1197
-1289
-1306
-1174
-890
-557
-217
128
355
502
626
657
674
783
848
895
841
594
360
83
-307
-588
-752
-898
-932
-970
-1008
-880
-704
-535
-292
-6
237
495
710
883
1076
1179
1143
1014
828
556
289
44
-129
-238
-259
-227
-126
90
320
570
835
1045
1177
1317
1387
1444
1482
1425
1306
1152
933
664
472
302
202
174
159
203
343
507
685
850
968
1103
1163
1207
1261
1241
1218
1128
928
759
553
337
232
184
171
197
99
-41
-103
-144
-51
198
564
981
1342
1441
1453
1357
956
108
-1345
-2822
-3880
-4509
-4214
-2826
-1483
-760
-1090
-2702
-4571
-6037
-6865
-6277
-4483
-2586
-729
480
654
455
-4
-654
-670
-127
528
1377
1707
1405
795
-347
-1611
-2371
-2885
-3042
-2740
-2329
-1677
-960
-541
-231
7
73
248
685
1246
1871
2225
2156
1897
1569
1290
1272
1337
1295
1114
586
-91
-535
-808
-898
-645
-185
297
854
1374
1736
1911
1830
1543
1291
1115
1045
1083
1062
921
656
254
-166
-516
-795
-928
-923
-840
-599
-235
41
177
189
64
-65
-119
-77
109
284
333
295
139
-53
-185
-298
-351
-386
-459
-533
-668
-846
-944
-945
-837
-603
-338
-99
113
265
398
549
686
836
956
919
807
654
430
242
66
-124
-226
-269
-233
-48
209
514
792
907
883
841
845
894
1030
1224
1377
1448
1335
1094
871
674
523
497
564
689
849
952
986
909
843
805
811
951
1163
1366
1438
1343
1135
836
504
204
-70
-194
-276
-354
-412
-487
-529
-560
-526
-442
-297
-152
-71
-74
40
186
414
683
481
-213
-1145
-2110
-2934
-3058
-2527
-1828
-1269
-1320
-2071
-3162
-4209
-4984
-5073
-4573
-3615
-2426
-1506
-923
-604
-657
-924
-1085
-1044
-665
-136
385
684
766
469
-111
-714
-1292
-1608
-1628
-1425
-1077
-642
-385
-322
-335
-356
-304
-38
426
896
1282
1434
1339
1178
1074
996
1049
1150
1144
1005
740
419
126
-61
-131
-72
108
406
689
933
1087
1127
1092
1011
1012
1073
1099
1115
1058
869
725
591
429
365
289
128
18
14
61
209
353
378
337
213
50
0
85
208
366
425
342
200
64
-66
-128
-133
-153
-209
-332
-492
-618
-706
-789
-822
-813
-798
-798
-809
-783
-677
-469
-194
98
330
468
487
394
286
254
277
355
453
552
652
703
700
674
616
557
560
631
813
1059
1265
1356
1317
1180
976
818
750
795
912
1052
1148
1184
1137
1044
919
801
733
710
723
728
726
699
640
569
504
432
363
230
63
-92
-240
-316
-351
-353
-320
-323
-383
-442
-485
-482
-435
-377
-316
-268
-211
-163
-128
-114
-200
-412
-724
-1090
-1388
-1572
-1632
-1553
-1531
-1600
-1790
-2126
-2498
-2770
-2920
-2886
-2653
-2352
-2057
-1871
-1762
-1759
-1760
-1700
-1545
-1304
-968
-628
-380
-165
-55
-43
-105
-197
-327
-390
-477
-567
-627
-705
-758
-782
-783
-700
-553
-435
-273
-142
15
206
406
621
824
1015
1121
1137
1110
1037
931
866
794
765
785
777
768
751
725
739
764
826
875
890
919
928
961
1050
1131
1177
1171
1052
884
711
576
479
416
393
344
251
133
20
-59
-93
-91
-39
26
104
172
232
326
408
492
518
480
397
281
166
125
128
156
202
160
89
7
-79
-114
-89
-12
94
222
353
473
559
610
582
494
391
278
215
205
224
259
275
233
171
122
109
161
270
418
554
657
700
692
632
546
464
387
321
239
155
61
-45
-156
-232
-270
-282
-276
-263
-224
-179
-113
-44
18
68
86
54
7
-58
-149
-256
-382
-504
-613
-712
-799
-866
-922
-943
-916
-854
-769
-680
-622
-578
-544
-516
-462
-393
-351
-323
-330
-375
-440
-494
-509
-492
-459
-424
-371
-339
-332
-349
-379
-388
-385
-371
-329
-256
-181
-146
-128
-116
-112
-105
-103
-84
-58
-41
-37
-36
-55
-118
-205
-291
-374
-436
-463
-425
-361
-300
-226
-165
-100
-62
-6
73
153
220
275
315
303
258
186
117
44
-28
-87
-118
-131
-137
-118
-72
-18
30
82
144
205
253
312
364
425
479
506
531
520
473
394
309
233
188
175
187
230
277
311
332
351
382
415
447
491
552
604
618
610
570
517
456
394
346
316
305
299
301
304
312
327
344
357
362
341
309
264
219
189
160
149
137
105
50
-10
-70
-108
-123
-119
-88
-47
-26
-8
-10
-22
-15
-10
-9
6
33
40
24
-9
-51
-116
-197
-265
-327
-378
-407
-424
-421
-415
-408
-378
-345
-301
-252
-200
-156
-110
-73
-49
-34
-44
-55
-64
-77
-87
-105
-142
-184
-210
-224
-217
-194
-164
-137
-130
-134
-145
-146
-132
-132
-129
-128
-146
-163
-183
-210
-233
-245
-251
-240
-213
-189
-154
-126
-117
-114
-111
-90
-59
-18
14
38
43
10
-37
-86
-128
-166
-185
-197
-197
-186
-172
-157
-144
-131
-112
-91
-68
-25
7
22
33
47
50
51
61
80
102
100
91
71
54
49
52
74
112
136
140
133
119
108
103
116
146
180
193
189
168
117
53
-6
-45
-61
-58
-37
-5
28
62
72
74
78
88
116
167
234
299
331
317
272
215
162
127
120
122
127
111
75
43
9
-12
-13
-6
15
47
88
133
171
210
222
215
194
179
176
171
165
161
142
108
76
53
46
51
77
108
144
172
187
183
165
152
138
128
123
116
96
59
15
-21
-56
-102
-142
-175
-211
-237
-259
-268
-267
-289
-323
-344
-352
-346
-319
-281
-237
-201
-184
-171
-156
-154
-152
-151
-155
-161
-168
-168
-152
-139
-127
-120
-132
-146
-158
-157
-141
-110
-81
-69
-74
-103
-145
-182
-212
-217
-200
-178
-164
-165
-174
-196
-208
-197
-157
-91
-23
48
98
123
131
137
140
144
153
160
161
140
110
81
54
29
11
3
5
15
26
30
42
56
53
42
36
22
12
5
-6
-9
-16
-34
-49
-54
-46
-23
18
66
111
142
151
157
162
165
172
185
187
164
130
91
50
19
6
3
8
16
17
10
-3
-14
-23
-33
-30
-14
12
39
57
62
44
-2
-51
-89
-111
-102
-75
-56
-46
-57
-86
-108
-106
-85
-34
37
97
142
157
145
121
89
67
61
75
93
109
115
100
71
36
-2
-30
-37
-24
2
39
78
98
100
85
57
31
30
54
91
123
136
114
56
-18
-89
-135
-157
-156
-136
-119
-114
-122
-132
-132
-126
-106
-72
-37
-14
2
10
11
13
4
-3
-16
-47
-81
-118
-155
-187
-198
-187
-171
-152
-129
-116
-111
-101
-79
-49
-12
22
39
39
24
-2
-18
-24
-26
-26
-32
-46
-63
-61
-45
-16
23
48
61
68
65
71
86
95
92
78
48
10
-15
-28
-36
-41
-44
-37
-26
-1
34
66
91
100
97
97
99
111
127
130
117
86
47
5
-26
-42
-48
-47
-45
-46
-54
-60
-65
-63
-45
-20
7
38
61
78
82
79
73
58
40
14
-4
-24
-40
-49
-58
-71
-95
-129
-155
-164
-150
-113
-60
-11
22
37
37
38
50
70
91
96
88
59
19
-24
-53
-67
-77
-82
-83
-80
-74
-60
-37
-5
31
64
85
97
96
78
59
40
32
28
20
9
-12
-44
-89
-128
-148
-160
-151
-124
-91
-54
-14
18
42
68
93
119
145
166
177
174
153
120
83
44
2
-37
-72
-101
-111
-99
-77
-43
-5
22
41
58
70
81
93
100
102
94
76
52
23
-7
-30
-46
-62
-72
-78
-79
-76
-64
-45
-23
-1
17
34
53
77
98
116
118
104
74
39
3
-25
-41
-54
-65
-82
-98
-115
-133
-142
-140
-123
-85
-30
30
82
118
129
118
93
59
34
19
6
-6
-23
-48
-78
-106
-127
-134
-115
-86
-50
-7
24
43
56
71
90
118
150
165
162
138
92
42
4
-17
-19
-14
-16
-28
-47
-77
-100
-101
-84
-53
-16
16
36
46
47
44
51
64
71
72
65
44
11
-23
-56
-82
-105
-126
-140
-141
-131
-105
-68
-26
15
44
58
60
60
57
56
53
44
21
-16
-67
-119
-161
-184
-183
-157
-111
-63
-15
21
48
64
70
74
80
81
75
64
41
4
-38
-82
-119
-142
-148
-137
-116
-87
-61
-35
-10
10
37
64
87
100
105
98
83
64
47
36
26
13
-1
-13
-28
-40
-45
-45
-41
-32
-19
-3
20
41
60
77
87
90
92
90
81
66
42
14
-12
-35
-46
-47
-49
-59
-72
-83
-94
-90
-65
-30
10
46
71
80
76
66
55
48
43
39
40
35
25
8
-13
-31
-44
-47
-43
-35
-30
-29
-35
-40
-39
-27
-5
20
41
54
57
47
34
25
23
23
24
26
19
8
-5
-14
-24
-28
-29
-31
-32
-33
-30
-27
-19
-6
11
37
64
92
113
128
131
122
107
91
74
60
41
21
-1
-27
-53
-74
-88
-92
-81
-60
-33
1
35
60
70
67
52
36
20
9
5
7
5
1
-10
-30
-50
-61
-65
-53
-25
7
38
51
44
24
-1
-21
-27
-13
10
32
40
34
9
-27
-61
-77
-78
-67
-43
-13
13
24
24
16
3
-5
-7
-4
5
11
7
-7
-28
-61
-87
-104
-108
-96
-68
-37
-4
20
29
35
40
43
51
63
66
64
51
34
22
16
11
9
2
-15
-37
-56
-67
-65
-51
-34
-21
-16
-21
-26
-24
-11
10
36
55
63
56
38
13
-6
-19
-22
-20
-19
-21
-28
-41
-57
-65
-65
-49
-22
9
38
63
75
76
73
68
64
65
68
65
58
41
16
-14
-47
-77
-93
-99
-96
-85
-71
-58
-48
-38
-23
4
36
71
104
122
124
112
89
58
25
-6
-31
-53
-66
-70
-63
-56
-47
-41
-39
-37
-31
-19
2
31
51
66
66
51
21
-9
-29
-33
-25
-6
9
11
-5
-31
-59
-81
-81
-66
-39
-14
7
20
30
37
46
55
55
55
47
41
33
30
26
18
3
-18
-37
-53
-60
-61
-49
-30
-13
7
22
30
24
19
11
5
6
6
3
-2
-16
-27
-40
-50
-64
-74
-83
-87
-71
-44
-1
34
52
54
51
36
25
30
38
51
60
57
45
27
1
-19
-33
-34
-26
-15
-9
-4
-8
-18
-18
-14
-8
-5
-3
-7
-12
-19
-26
-21
-10
2
15
28
27
9
-9
-21
-36
-36
-24
-5
6
0
-12
-30
-49
-59
-47
-24
0
24
42
57
67
61
59
64
69
64
56
27
-7
-23
-17
24
70
79
15
-139
-364
-526
-479
-261
31
311
417
336
57
-290
-508
-484
-249
74
391
525
495
319
117
0
-9
74
152
161
58
-72
-170
-170
-69
68
155
113
-66
-294
-450
-456
-295
-35
223
355
346
230
101
4
-23
6
55
87
83
94
101
109
108
67
3
-87
-199
-264
-256
-199
-88
48
152
199
186
133
67
-2
-53
-80
-69
-67
-75
-71
-51
-10
21
30
-1
-44
-76
-87
-77
-35
17
75
114
111
103
82
73
34
4
-33
-55
-63
-74
-55
-18
36
85
118
99
34
-61
-147
-187
-151
-81
17
113
135
96
-15
-97
-106
-27
63
132
186
148
72
-35
-81
-42
19
74
95
104
25
-71
-152
-211
-167
-176
-142
-90
-89
-98
-142
-133
-160
-163
-198
-204
-105
-20
140
249
336
335
284
212
134
167
195
259
255
195
104
-27
-107
-166
-128
-98
-84
-81
-120
-136
-146
-148
-106
-50
-3
46
76
68
61
45
31
39
47
72
110
120
134
147
151
122
80
52
49
87
121
171
208
186
106
8
-75
-124
-126
-97
-58
-50
-79
-151
-192
-203
-199
-138
-79
-42
-30
-27
-36
-20
10
57
123
153
144
107
70
36
27
54
99
147
140
69
-27
-142
-203
-213
-182
-126
-93
-65
-85
-104
-132
-125
-110
-95
-65
-53
-30
-61
-91
-129
-152
-161
-160
-108
-48
16
20
-8
-33
-41
-32
-2
73
149
199
199
145
65
-17
-64
-63
-18
38
50
28
-64
-155
-244
-287
-267
-232
-173
-159
-152
-146
-115
-76
-15
47
74
118
128
153
163
176
193
194
201
173
163
136
101
66
15
5
10
34
57
71
59
-1
-67
-136
-154
-135
-85
-21
21
19
-17
-27
-41
-23
20
64
114
127
120
111
117
139
162
183
175
138
80
26
-13
-28
-13
3
12
-13
-51
-93
-131
-137
-144
-127
-108
-92
-82
-84
-72
-58
-38
-20
-4
10
9
3
-5
0
15
36
43
54
52
41
26
8
1
1
9
22
36
34
18
-11
-30
-29
-21
7
18
12
-19
-59
-88
-97
-73
-34
18
54
42
5
-41
-61
-38
20
95
164
190
156
88
26
14
43
99
133
142
125
71
16
-9
6
37
60
66
46
6
-40
-76
-76
-53
-18
-19
-31
-33
-46
-54
-41
5
78
155
152
112
62
30
24
24
41
70
104
95
46
-13
-44
-66
-90
-96
-80
-44
-20
-27
-67
-95
-97
-82
-47
5
45
43
5
-36
-42
-1
55
88
117
108
52
-18
-63
-64
-17
21
55
74
28
-29
-111
-146
-112
-22
54
61
27
-70
-153
-209
-166
-38
97
156
100
0
-97
-138
-118
-34
99
202
219
150
48
-30
-66
-43
10
95
149
121
24
-111
-209
-236
-192
-112
-4
61
30
-55
-143
-174
-159
-109
-19
102
184
182
112
20
-73
-113
-93
-7
108
189
177
93
5
-55
-67
-37
12
78
123
104
21
-65
-107
-129
-121
-76
-7
37
16
-36
-103
-136
-118
-85
-28
71
147
149
105
30
-23
-15
30
91
176
238
178
26
-104
-144
-81
15
84
115
101
14
-116
-160
-93
30
99
101
64
5
-51
-110
-122
-57
57
84
26
-29
-74
-96
-84
-38
46
110
74
-14
-53
-24
14
40
46
32
-2
-21
-16
51
138
152
79
-47
-136
-154
-89
17
116
132
54
-80
-183
-180
-105
-6
60
67
-10
-109
-171
-141
-35
75
113
71
-22
-129
-178
-105
59
203
238
157
10
-85
-92
-27
54
108
106
34
-58
-109
-95
-48
0
4
-2
-27
-87
-150
-156
-108
-37
46
69
33
-31
-72
-86
-36
76
146
143
85
17
-36
-28
7
29
58
88
86
55
22
-24
-43
-22
11
33
44
23
-43
-106
-137
-110
-45
27
47
-4
-57
-73
-83
-68
-11
57
137
187
163
97
14
-71
-110
-39
95
242
268
138
-59
-214
-261
-188
-26
117
160
33
-162
-269
-238
-98
75
176
151
58
-61
-120
-76
28
116
128
63
-3
-20
-37
-3
32
25
21
3
0
49
97
70
26
-54
-95
-86
-41
45
122
115
27
-78
-171
-167
-117
-7
123
164
71
-91
-240
-284
-144
44
195
229
140
-12
-139
-152
-33
144
251
243
126
-8
-88
-83
7
108
139
86
13
-47
-63
-53
-37
-55
-85
-94
-110
-121
-112
-79
-43
-18
-19
-37
-30
-9
39
110
186
200
134
27
-34
18
126
214
218
144
24
-85
-123
-78
2
50
53
-11
-89
-137
-176
-187
-132
-20
56
67
12
-66
-87
-46
21
73
113
102
13
-88
-99
-1
145
199
111
-10
-91
-127
-85
10
119
172
74
-93
-184
-155
-42
51
78
84
29
-90
-171
-146
-19
119
146
66
-14
-90
-148
-108
2
125
201
139
-3
-96
-90
3
140
218
223
132
-30
-139
-148
-42
126
225
173
40
-114
-213
-189
-77
94
205
138
-57
-234
-315
-227
-52
95
158
75
-84
-214
-246
-140
67
228
271
172
-15
-128
-123
-13
130
201
170
66
-34
-64
-10
49
57
3
-86
-137
-154
-144
-95
-27
-7
-44
-85
-96
-64
-9
46
114
152
127
50
5
19
72
103
97
91
40
-24
-64
-40
54
134
145
81
-12
-125
-182
-143
-51
50
84
9
-124
-219
-217
-141
-25
82
124
83
-8
-43
-14
95
189
213
184
115
64
27
38
80
106
85
27
-36
-104
-158
-185
-172
-102
-55
-43
-61
-63
-63
-69
-47
-21
60
93
100
89
71
83
75
96
116
145
124
91
93
75
105
75
29
10
-6
-22
-64
-91
-148
-169
-236
-256
-198
-161
-105
-105
-122
-141
-179
-219
-177
-67
24
113
153
143
101
33
35
148
287
403
394
267
115
-2
-52
2
102
119
49
-139
-308
-356
-292
-153
-8
65
-2
-139
-273
-283
-169
-19
108
150
101
13
-77
-74
66
227
299
273
168
50
9
52
185
309
329
251
90
-46
-101
-79
-19
77
120
71
-17
-141
-187
-154
-88
-16
20
-4
-51
-70
-34
75
176
231
220
124
36
1
30
108
167
138
48
-54
-150
-159
-122
-54
-31
-70
-149
-199
-189
-153
-101
-99
-67
-54
-71
-65
-40
0
14
19
32
57
106
117
109
71
37
0
-34
10
59
87
29
-58
-148
-150
-85
-40
4
-6
-46
-118
-161
-142
-58
22
57
67
68
82
64
61
107
196
253
250
169
89
79
103
145
186
229
204
132
63
62
134
228
268
254
229
233
226
239
293
394
446
426
356
260
279
312
376
411
401
321
185
84
46
107
144
116
-13
-180
-242
-238
-143
-63
-31
2
-3
9
50
179
330
476
564
601
697
787
919
1004
1054
1097
1021
816
500
203
66
47
-27
-242
-613
-1125
-1678
-2165
-2478
-2540
-2598
-2752
-3016
-3274
-3360
-3312
-3126
-2809
-2379
-2001
-1690
-1399
-1036
-508
39
573
1079
1496
1790
1960
2076
2232
2434
2553
2522
2354
2078
1787
1503
1243
1006
711
339
-104
-550
-905
-1081
-1117
-1110
-1165
-1304
-1430
-1452
-1320
-1056
-667
-282
4
186
354
660
1085
1514
1890
2154
2266
2285
2261
2272
2350
2364
2252
2025
1715
1400
1097
822
586
357
82
-189
-415
-540
-581
-583
-580
-532
-450
-327
-145
80
371
655
960
1220
1499
1709
1847
1960
2045
2195
2276
2304
2213
2096
1904
1708
1540
1363
1276
1071
841
607
345
-95
-897
-1911
-2485
-2318
-2037
-1896
-2243
-3112
-4130
-5212
-5744
-5603
-5206
-4924
-5165
-5700
-6179
-6220
-6081
-5472
-4605
-3769
-3097
-2899
-2597
-2039
-1095
-122
1000
1925
2582
2852
2811
2975
3403
3953
4310
4300
3922
3406
2748
2275
2076
1988
1685
1028
105
-751
-1350
-1560
-1455
-1352
-1410
-1874
-2421
-2751
-2621
-2091
-1488
-1070
-924
-879
-800
-398
270
1027
1644
1952
2066
2122
2258
2512
2773
2981
2947
2697
2329
1988
1694
1412
1109
780
412
-89
-590
-1076
-1421
-1660
-1818
-1993
-2172
-2331
-2405
-2368
-2219
-1952
-1700
-1438
-1257
-932
-583
-112
290
605
845
1039
1232
1419
1691
1955
2134
2074
1964
1844
1742
1665
1558
1432
1196
919
563
255
16
-163
-409
-620
-825
-995
-1104
-1137
-1068
-971
-875
-750
-613
-413
-134
143
437
725
947
1130
1289
1476
1670
1812
1891
1931
1903
1807
1676
1524
1431
1295
1128
921
658
423
165
-26
-195
-347
-530
-719
-877
-980
-1038
-1103
-1155
-1183
-1131
-1040
-915
-876
-801
-683
-559
-372
-180
55
243
399
435
350
230
203
238
295
388
287
68
-288
-645
-895
-1064
-1134
-1270
-1468
-1760
-2045
-2320
-2504
-2498
-2409
-2247
-2174
-2184
-2184
-2079
-1866
-1537
-1160
-833
-521
-297
-95
154
440
767
1058
1253
1392
1443
1465
1500
1559
1612
1573
1445
1209
952
734
583
475
370
220
-2
-259
-487
-608
-664
-665
-662
-673
-674
-657
-574
-463
-318
-140
12
132
269
446
647
788
826
809
769
831
906
952
913
768
582
324
152
27
-53
-159
-325
-478
-661
-717
-766
-767
-722
-678
-605
-563
-429
-266
-31
203
430
683
845
1035
1164
1306
1488
1677
1827
1870
1884
1788
1699
1583
1543
1555
1461
1345
1143
966
830
749
740
756
747
636
514
490
573
730
849
976
1071
1142
1263
1386
1601
1666
1736
1783
1788
1896
1909
1902
1721
1536
1269
1031
671
65
-660
-1399
-1617
-1843
-2228
-2841
-3801
-4504
-5329
-5729
-5804
-5815
-5736
-6026
-6251
-6450
-6083
-5715
-5065
-4351
-3583
-2800
-2366
-1768
-1137
-108
737
1624
2279
2821
3198
3316
3528
3716
3957
3968
3785
3339
2905
2350
1870
1461
1068
635
-57
-755
-1420
-1828
-2055
-2106
-2182
-2289
-2518
-2714
-2663
-2391
-1893
-1423
-996
-677
-386
32
581
1198
1781
2246
2553
2756
2901
3115
3281
3368
3367
3218
2982
2642
2266
1905
1553
1146
672
162
-350
-843
-1239
-1573
-1873
-2123
-2384
-2570
-2690
-2687
-2571
-2396
-2160
-1928
-1672
-1358
-970
-530
-70
389
777
1075
1347
1654
1969
2270
2485
2576
2563
2483
2391
2317
2213
2058
1810
1445
1068
709
388
89
-186
-470
-813
-1154
-1472
-1680
-1800
-1852
-1835
-1869
-1889
-1901
-1818
-1643
-1386
-1145
-894
-660
-499
-328
-180
63
322
539
638
673
794
845
848
826
671
640
499
381
285
124
79
-184
-330
-598
-694
-785
-866
-801
-947
-931
-1044
-1011
-969
-809
-663
-567
-379
-301
-92
68
270
475
630
843
1009
1156
1291
1351
1412
1465
1489
1529
1483
1438
1369
1246
1143
1037
865
749
596
446
314
165
38
-67
-162
-249
-377
-481
-555
-573
-597
-624
-667
-731
-741
-759
-706
-657
-593
-562
-533
-479
-417
-318
-245
-176
-112
-38
26
78
117
171
199
235
237
260
264
239
165
48
-16
-73
-119
-168
-242
-363
-527
-689
-840
-952
-1023
-1096
-1173
-1269
-1355
-1429
-1493
-1465
-1424
-1334
-1250
-1163
-1084
-982
-839
-663
-468
-234
-43
118
259
410
568
739
896
1021
1086
1086
1070
1040
1018
1013
937
825
646
460
271
111
-10
-143
-287
-464
-638
-781
-879
-923
-945
-943
-909
-859
-799
-712
-588
-419
-249
-44
153
365
575
757
936
1089
1264
1410
1559
1671
1743
1773
1745
1719
1674
1638
1580
1495
1365
1208
1034
877
743
636
520
429
319
232
164
130
123
146
175
199
234
261
328
406
516
583
626
643
649
679
695
713
707
688
656
571
500
427
371
306
214
126
-6
-204
-445
-678
-796
-875
-965
-1135
-1367
-1582
-1855
-2012
-2165
-2205
-2273
-2389
-2502
-2652
-2597
-2639
-2506
-2433
-2261
-2093
-1987
-1786
-1649
-1304
-1061
-721
-457
-178
82
301
531
741
1009
1160
1320
1356
1407
1394
1397
1376
1351
1270
1097
905
662
499
349
249
109
-47
-238
-441
-572
-667
-681
-710
-703
-760
-755
-735
-639
-520
-389
-256
-179
-64
37
205
347
509
599
668
737
779
847
840
877
813
783
675
601
499
384
293
149
53
-94
-175
-296
-362
-429
-484
-478
-513
-460
-453
-358
-273
-150
-44
52
191
310
492
635
822
958
1069
1124
1152
1223
1270
1345
1310
1294
1202
1105
1001
903
831
720
577
395
240
124
31
-36
-131
-193
-282
-338
-369
-350
-295
-257
-188
-170
-89
-24
70
198
283
406
460
543
580
659
731
784
847
843
832
811
745
714
650
631
547
366
71
-338
-579
-741
-737
-789
-1026
-1358
-1829
-2215
-2535
-2638
-2684
-2719
-2882
-3117
-3295
-3375
-3330
-3190
-2950
-2731
-2494
-2338
-2127
-1815
-1377
-936
-514
-167
180
506
799
1086
1386
1694
1894
2051
2071
2052
1991
1948
1908
1875
1741
1516
1216
902
676
505
392
246
50
-196
-440
-614
-697
-718
-722
-746
-768
-796
-755
-665
-511
-345
-182
-58
35
138
263
402
531
644
712
763
789
795
748
700
643
589
540
466
374
222
76
-102
-199
-315
-393
-482
-575
-646
-728
-733
-786
-744
-721
-643
-531
-439
-310
-248
-100
2
175
317
458
618
723
856
923
1034
1067
1131
1163
1185
1215
1181
1157
1066
993
873
762
620
475
379
271
141
26
-105
-186
-257
-296
-335
-336
-306
-301
-242
-218
-135
-73
48
145
254
329
393
487
563
682
716
783
771
837
815
827
819
761
731
625
578
479
468
398
316
219
103
-7
-97
-169
-169
-213
-398
-735
-1068
-1085
-1056
-982
-1068
-1357
-1573
-1941
-2164
-2247
-2297
-2200
-2394
-2516
-2752
-2731
-2685
-2648
-2352
-2269
-1904
-1897
-1687
-1508
-1117
-678
-393
24
170
569
669
918
1087
1330
1523
1559
1591
1539
1493
1374
1318
1216
1170
940
697
443
263
161
85
-18
-134
-256
-427
-495
-538
-488
-441
-420
-356
-341
-227
-137
50
204
312
418
458
597
678
813
856
911
916
879
857
805
787
676
593
383
287
134
58
-73
-209
-325
-524
-579
-761
-770
-862
-858
-880
-912
-884
-900
-773
-663
-475
-331
-245
-145
-48
115
293
458
604
692
804
828
895
929
937
936
877
840
762
688
593
475
382
234
135
21
-61
-141
-233
-300
-339
-332
-346
-319
-314
-284
-241
-176
-78
26
147
254
355
520
624
764
853
934
1003
1023
1124
1205
1300
1290
1236
1159
1085
1044
1000
973
862
765
587
444
334
218
137
6
-91
-182
-220
-285
-327
-368
-398
-347
-350
-267
-236
-168
-150
-234
-286
-487
-504
-566
-515
-494
-689
-900
-1319
-1623
-1933
-2165
-2317
-2537
-2733
-3035
-3314
-3487
-3610
-3565
-3550
-3403
-3283
-3137
-2934
-2737
-2315
-1966
-1452
-1089
-662
-259
74
498
774
1227
1480
1797
1965
2092
2212
2226
2301
2244
2252
2107
1946
1730
1520
1379
1202
1044
831
598
392
181
33
-82
-180
-237
-330
-350
-341
-280
-194
-118
-17
100
229
360
492
610
736
811
876
938
977
1041
1005
961
894
798
749
640
603
508
413
279
117
66
-34
-60
-121
-145
-173
-193
-184
-198
-127
-125
-35
19
71
112
117
205
222
313
275
322
363
343
359
240
262
110
32
-88
-146
-120
-312
-423
-655
-726
-805
-949
-966
-1064
-969
-1026
-1001
-934
-880
-730
-745
-536
-409
-140
-14
140
285
431
603
707
849
956
1058
1100
1105
1133
1180
1214
1227
1149
1098
986
961
909
879
820
708
605
489
448
388
334
281
197
140
83
57
43
45
45
15
16
13
18
38
43
77
54
58
21
16
7
-3
-34
-97
-125
-153
-142
-154
-190
-208
-212
-217
-189
-136
-95
-40
-27
30
97
204
294
347
311
161
-21
-30
3
-1
-46
-347
-537
-821
-1122
-1353
-1633
-1714
-2018
-2142
-2510
-2650
-2782
-2981
-2880
-2952
-2733
-2795
-2593
-2592
-2251
-1964
-1673
-1285
-1090
-634
-470
-77
116
535
816
1127
1332
1498
1636
1666
1816
1830
1963
1920
1839
1691
1555
1466
1349
1246
1093
938
756
562
380
304
182
132
49
-6
-29
-41
-38
19
129
242
353
414
509
599
719
822
922
1013
1063
1095
1135
1106
1135
1060
1002
922
823
761
607
537
358
252
58
-83
-255
-377
-544
-649
-686
-799
-837
-1020
-1047
-1111
-994
-985
-926
-874
-885
-763
-780
-577
-475
-261
-135
-21
157
230
438
529
711
824
937
979
1032
1104
1118
1134
1086
1020
957
899
821
750
634
516
398
311
239
172
84
-9
-53
-88
-75
-82
-77
-50
-43
33
72
164
242
330
395
454
541
599
727
777
859
891
916
945
942
939
878
813
747
680
630
537
403
276
104
-13
-163
-270
-367
-459
-543
-657
-733
-802
-831
-830
-824
-806
-811
-808
-773
-715
-678
-654
-681
-697
-718
-697
-714
-690
-763
-855
-968
-1129
-1167
-1340
-1399
-1525
-1607
-1723
-1913
-2000
-2175
-2139
-2198
-2203
-2207
-2187
-2144
-2106
-1956
-1820
-1592
-1439
-1260
-1071
-845
-604
-365
-94
147
381
518
645
778
953
1096
1222
1295
1277
1256
1181
1188
1194
1179
1128
1001
920
820
767
700
644
573
488
419
376
377
357
355
307
318
320
340
397
433
508
513
549
527
556
608
637
653
596
563
490
520
500
429
336
190
91
-21
-85
-171
-220
-301
-413
-509
-585
-593
-605
-572
-569
-493
-444
-372
-282
-191
-41
57
207
319
490
602
699
768
826
918
982
1050
1048
1039
989
919
871
827
786
708
596
497
394
341
295
267
216
170
110
76
108
133
205
209
226
261
296
387
415
473
476
494
514
527
587
592
596
558
511
455
401
350
297
239
151
42
-61
-151
-226
-324
-421
-521
-600
-637
-696
-719
-781
-807
-829
-819
-787
-763
-740
-719
-663
-604
-542
-488
-443
-384
-353
-327
-275
-228
-123
-128
-145
-212
-281
-257
-316
-278
-371
-424
-515
-635
-661
-766
-736
-820
-845
-915
-977
-980
-1020
-982
-981
-933
-952
-926
-896
-822
-738
-669
-626
-540
-475
-374
-312
-271
-168
-150
-16
10
103
136
144
164
160
193
157
204
175
207
167
116
65
62
80
48
57
9
37
48
73
70
98
103
156
230
272
324
329
356
379
453
489
552
597
619
639
634
650
679
731
741
745
717
707
727
754
776
748
724
682
673
675
699
705
683
676
626
622
602
603
604
603
602
583
569
551
532
531
526
522
512
487
474
445
420
395
385
389
377
368
341
304
295
288
310
322
320
291
258
250
252
266
249
222
196
183
172
157
141
105
72
25
5
-14
-18
-47
-80
-117
-171
-201
-244
-251
-252
-271
-308
-352
-378
-372
-363
-379
-394
-419
-437
-427
-427
-422
-426
-458
-462
-462
-456
-468
-477
-495
-501
-511
-538
-536
-555
-553
-571
-592
-609
-627
-630
-625
-636
-645
-636
-638
-594
-578
-578
-557
-547
-520
-487
-463
-441
-395
-376
-364
-354
-374
-341
-321
-288
-264
-265
-277
-312
-294
-294
-265
-271
-283
-256
-243
-217
-228
-240
-250
-233
-220
-211
-200
-187
-160
-144
-146
-145
-169
-146
-127
-111
-88
-91
-57
-47
-18
-11
17
42
72
131
139
176
204
241
298
327
381
396
419
429
458
507
519
566
569
601
606
605
612
625
656
674
677
667
665
660
658
639
630
604
594
578
564
546
529
510
492
483
457
445
420
415
406
398
380
357
334
313
310
303
294
261
234
209
199
179
155
124
104
81
54
21
-13
-22
-51
-77
-102
-110
-118
-133
-150
-163
-165
-171
-171
-176
-166
-163
-172
-181
-166
-144
-140
-156
-157
-153
-152
-162
-167
-168
-181
-211
-251
-275
-273
-275
-295
-322
-347
-378
-418
-433
-430
-438
-455
-497
-500
-493
-490
-501
-507
-504
-504
-487
-489
-446
-407
-401
-413
-397
-356
-324
-298
-296
-269
-244
-233
-221
-214
-205
-204
-217
-214
-191
-186
-211
-220
-198
-172
-161
-175
-170
-153
-145
-146
-120
-85
-61
-59
-73
-72
-57
-37
-26
0
6
-6
-27
-20
24
60
74
59
61
65
82
103
107
132
140
144
139
138
139
132
150
150
160
157
144
149
152
155
138
152
156
169
173
154
164
171
179
183
195
197
197
191
189
207
214
215
215
216
222
236
217
213
221
231
226
222
233
242
251
243
244
245
258
267
260
267
278
281
273
269
273
274
269
261
247
243
228
230
223
211
195
180
168
150
145
120
101
91
74
52
28
17
2
-15
-35
-53
-69
-83
-92
-100
-105
-111
-129
-140
-150
-146
-158
-172
-177
-182
-195
-205
-219
-226
-219
-225
-237
-256
-258
-253
-243
-237
-231
-223
-227
-219
-216
-188
-174
-157
-147
-149
-147
-141
-125
-108
-81
-74
-85
-87
-84
-67
-63
-63
-53
-51
-52
-59
-67
-67
-62
-58
-64
-64
-68
-79
-93
-91
-79
-77
-81
-89
-85
-88
-99
-91
-80
-65
-63
-66
-82
-81
-66
-53
-43
-47
-54
-59
-58
-39
-22
-25
-32
-36
-41
-40
-37
-39
-40
-40
-44
-47
-52
-54
-61
-61
-65
-62
-59
-54
-39
-27
-26
-23
-9
8
28
42
46
43
50
64
90
100
99
94
102
115
127
129
124
128
129
132
130
127
118
108
101
86
77
68
61
53
48
35
28
18
10
10
13
13
16
19
26
41
52
61
71
94
119
138
139
143
163
185
199
200
200
203
208
202
198
200
199
188
173
160
154
144
127
111
96
84
68
56
43
32
25
17
10
-4
-11
-13
-10
-13
-24
-28
-24
-19
-22
-28
-26
-22
-26
-44
-50
-53
-62
-79
-104
-116
-125
-149
-176
-185
-190
-197
-217
-240
-243
-239
-234
-234
-227
-216
-194
-186
-177
-162
-145
-123
-105
-85
-71
-61
-50
-35
-13
2
16
21
27
36
41
44
50
58
60
54
48
34
25
20
22
20
8
-5
-16
-23
-27
-34
-43
-48
-47
-47
-46
-38
-30
-27
-26
-17
-7
-5
-2
1
8
13
13
11
10
13
13
10
0
-3
1
2
6
6
7
5
7
10
17
22
29
30
29
43
54
62
70
81
91
97
100
105
117
134
147
150
149
156
161
166
167
163
163
157
156
147
141
133
123
113
96
82
72
68
57
52
43
33
26
21
8
2
-1
0
-1
-6
-2
-2
0
-7
-6
-2
7
9
6
9
14
20
25
32
40
44
44
47
51
56
56
58
57
56
53
46
40
35
31
21
17
11
4
-5
-11
-16
-20
-26
-35
-41
-49
-51
-55
-51
-48
-46
-53
-61
-67
-63
-60
-58
-50
-46
-50
-53
-55
-49
-45
-42
-43
-48
-52
-52
-54
-55
-56
-63
-74
-82
-91
-89
-91
-93
-97
-100
-103
-105
-106
-106
-101
-94
-90
-91
-94
-89
-81
-75
-69
-64
-58
-53
-45
-40
-35
-23
-16
-8
-5
-2
6
12
17
22
28
30
31
34
34
41
44
46
45
44
43
42
42
44
43
41
43
42
40
38
36
34
29
24
21
16
10
5
1
-5
-9
-17
-18
-17
-17
-17
-20
-19
-15
-12
-9
-2
5
12
20
24
27
32
39
48
51
57
58
60
59
61
59
54
48
45
44
43
39
33
29
28
28
24
23
16
11
9
7
9
10
15
13
11
5
6
6
10
13
15
12
3
-5
-10
-12
-14
-20
-32
-41
-47
-49
-55
-62
-70
-73
-76
-81
-85
-89
-87
-81
-76
-74
-70
-64
-55
-49
-37
-26
-12
0
9
20
28
