106
-128
-447
-326
-32
75
-88
-101
100
65
-203
-329
-185
0
-16
-97
-101
-54
-97
-188
-24
171
92
-114
-90
75
201
147
-65
-83
-52
-57
-13
123
142
87
138
85
47
160
226
70
-34
-27
-127
-154
-54
-11
-84
-121
41
226
251
117
5
67
-3
-203
-442
-479
-126
232
267
-162
-502
-502
-154
191
146
42
21
93
64
17
-42
41
221
204
153
98
83
-5
30
189
220
208
106
-106
-287
-188
56
194
136
39
88
216
97
-183
-190
4
166
128
46
-55
-31
-1
-122
-231
-186
52
51
-96
-228
-240
-49
130
57
-140
-159
-64
200
273
55
-153
-146
125
272
167
-104
-269
-199
-111
-80
17
133
125
-51
-178
-88
11
62
93
74
37
4
-43
-70
-109
-178
-192
-103
-64
-138
-80
-13
-67
-211
-132
211
415
341
60
-3
102
215
178
42
-46
-89
113
221
144
47
9
26
137
299
258
68
-32
-97
-182
-118
-26
59
90
58
-3
-105
-123
-155
-138
-92
-71
-5
-50
-283
-418
-250
-44
161
237
38
-245
-226
78
105
-129
-273
-148
64
110
108
70
11
136
310
454
462
188
-126
-217
-36
123
51
-160
-179
89
229
184
59
-81
-204
-162
26
74
155
220
230
109
-99
-170
-179
-31
73
-60
-272
-413
-313
-92
44
43
-95
-254
-264
-2
249
237
44
31
177
248
214
63
-69
-133
-94
30
151
14
-215
-183
2
41
-198
-433
-314
-12
115
108
78
65
84
-36
-129
7
161
148
72
67
44
45
27
85
145
76
-44
-162
-120
-23
23
158
288
261
47
-183
-220
-116
108
211
309
428
286
-38
-273
-272
-308
-298
-84
55
114
27
-102
-43
85
1
-259
-194
-30
5
-41
-63
-8
21
80
-3
-152
-231
-217
-105
98
145
-73
-145
29
240
284
159
19
-10
185
306
285
384
437
353
223
62
-71
-61
33
52
-68
-186
-208
-227
-204
-160
-174
-184
-228
-185
-58
-59
-184
-414
-459
-290
-55
143
78
-141
-169
58
296
306
100
-128
-266
-320
-324
-287
-202
-126
7
201
208
130
17
-24
11
64
257
528
767
796
629
428
407
465
613
721
543
215
-27
-104
-224
-234
-275
-379
-339
-270
-72
98
38
-313
-569
-505
-463
-564
-801
-949
-1028
-831
-493
-341
-163
88
350
435
341
-19
-422
-494
-337
-119
130
292
265
256
298
195
0
20
190
365
538
639
752
879
1040
1361
1537
1266
757
546
706
788
612
157
-347
-809
-846
-575
-452
-700
-1557
-2545
-3261
-3158
-2273
-1024
295
1049
1088
832
630
542
526
507
509
542
577
447
39
-473
-858
-963
-812
-695
-697
-697
-552
-129
396
898
1306
1582
2010
2546
2780
2553
2154
1925
1849
1667
1107
-8
-1468
-2459
-2555
-2257
-2182
-2720
-3620
-3874
-3039
-1476
-120
632
1135
1493
1647
1450
994
521
298
356
415
267
-260
-996
-1477
-1550
-1232
-835
-595
-646
-697
-375
78
587
1158
1864
2396
2665
2826
2702
2495
2156
1755
1288
712
102
-531
-758
-811
-745
-796
-1078
-1309
-1385
-1482
-2219
-2974
-3179
-2383
-1005
36
485
248
43
146
407
575
639
658
486
266
71
-321
-907
-1295
-1208
-684
-79
81
-261
-466
-170
535
1349
1879
2085
2126
2013
1765
1571
1609
1683
1753
1692
1344
431
-627
-1187
-1147
-673
-598
-485
-537
-1033
-2144
-3525
-4055
-3565
-2023
-435
784
1168
836
324
-69
3
213
567
961
1255
906
-28
-960
-1430
-1269
-798
-316
-9
167
110
-31
78
542
1110
1696
2178
2242
1993
1560
1190
1004
1225
1564
1476
899
-146
-1135
-1728
-1551
-890
-185
316
4
-1213
-2929
-4066
-4057
-3070
-1600
-144
873
1115
791
407
101
-62
235
823
1462
1640
1024
-212
-1130
-1160
-614
105
458
351
-113
-403
-472
-226
480
1232
1843
2090
1902
1362
892
778
906
1336
1648
1359
560
-391
-1217
-1759
-1533
-501
748
1280
751
-726
-2898
-4637
-4876
-3572
-1695
-238
477
560
258
-163
-322
18
524
1059
1642
1969
1713
784
-375
-959
-612
66
352
219
-136
-522
-547
-212
308
861
1291
1591
1635
1417
1093
914
981
1191
1468
1555
1061
67
-779
-1279
-1474
-1014
58
1096
1174
-226
-2613
-4790
-5439
-4493
-2419
-219
960
1153
631
9
-303
-150
312
1063
1936
2373
2112
1082
-266
-1156
-1027
-254
295
146
-447
-979
-1083
-859
-290
467
1192
1703
1768
1728
1375
1038
981
1229
1660
1741
1421
576
-257
-894
-1340
-1123
-201
916
1368
366
-2038
-4590
-5782
-5142
-3185
-700
940
1259
799
242
-104
-188
197
860
1651
2266
2222
1174
-182
-1061
-1149
-347
478
583
-46
-802
-1275
-1217
-569
156
859
1545
1874
1857
1533
1076
822
1089
1695
1866
1655
1027
131
-789
-1404
-1417
-734
539
1618
1644
-175
-2893
-5199
-5751
-4491
-2292
11
1233
1313
464
-345
-844
-713
69
1091
2203
2557
1928
601
-565
-1187
-982
-49
547
362
-398
-1126
-1397
-1006
-152
563
1131
1508
1594
1556
1254
1026
1114
1529
1899
1967
1842
1241
114
-1196
-1765
-1486
-332
970
1864
1639
-653
-3911
-6471
-6178
-4026
-1463
536
1270
1151
196
-366
-693
-421
311
1303
2609
3073
2301
472
-952
-1432
-903
35
416
112
-713
-1324
-1459
-928
20
823
1377
1700
1807
1717
1397
1091
1020
1356
1912
2074
1685
755
-425
-1538
-2077
-1750
-452
1272
2355
1723
-954
-4087
-6220
-6099
-4143
-1525
634
1405
1132
196
-484
-714
-283
569
1613
2625
2789
2071
513
-884
-1381
-893
107
564
211
-745
-1642
-1816
-1100
89
984
1485
1697
1635
1472
1081
815
1055
1614
2122
2176
1824
908
-408
-1578
-2004
-1473
-384
1042
2218
2126
-121
-3676
-6430
-6643
-4439
-1456
986
1920
1398
208
-626
-760
-353
480
1491
2617
3252
2508
548
-1212
-1839
-1304
-72
660
309
-733
-1648
-1806
-1119
78
980
1436
1628
1595
1341
927
637
725
1417
2167
2320
1789
680
-622
-1601
-1937
-1654
-683
860
2332
2516
410
-3003
-5807
-6421
-4768
-1991
597
1709
1529
424
-724
-1047
-707
199
1498
2946
3543
2802
1018
-884
-1776
-1555
-555
285
341
-411
-1348
-1618
-1193
-305
568
1112
1355
1377
1245
858
485
584
1213
2006
2323
2060
1262
105
-1123
-1928
-1936
-1008
757
2278
2800
1200
-1940
-4922
-6294
-5241
-2894
-285
1225
1656
998
-329
-950
-828
-6
1164
2619
3503
3164
1631
-542
-1768
-1728
-796
217
597
48
-1095
-1690
-1511
-712
233
813
1126
1224
1149
774
412
432
781
1537
2145
2268
1662
445
-770
-1595
-1699
-1296
11
1686
2731
2248
-104
-3102
-5554
-6140
-4685
-1875
524
1366
1126
212
-560
-751
-202
844
2089
3159
3352
2452
672
-1209
-2117
-1710
-537
388
403
-433
-1495
-1851
-1383
-423
492
979
1174
1205
1119
800
586
786
1401
2132
2526
2351
1315
-117
-1349
-1838
-1581
-722
831
2314
2970
1662
-1202
-4139
-6005
-5814
-3980
-1392
424
984
774
234
-63
-46
468
1266
2372
3209
2933
1617
-273
-1706
-2024
-1232
-245
251
-11
-948
-1680
-1769
-1248
-433
447
1115
1462
1497
1121
644
580
1024
1676
2274
2408
1843
701
-540
-1500
-1805
-1383
-203
1589
2859
2801
952
-2070
-5059
-6479
-5415
-2902
-322
1202
1579
1077
309
-184
-242
222
1019
2043
2755
2568
1077
-1020
-2304
-2189
-1110
41
466
6
-846
-1466
-1486
-940
74
882
1442
1787
1584
971
364
363
841
1832
2488
2209
1342
47
-1160
-1891
-1655
-759
798
2532
3366
2820
544
-2735
-5599
-6361
-4904
-2422
-173
941
1057
555
2
-243
-150
320
1141
2253
2964
2433
797
-1176
-2236
-1931
-796
231
400
-81
-925
-1357
-1199
-704
40
594
1061
1255
1067
636
262
482
1170
2106
2552
2117
1190
19
-981
-1626
-1432
-506
1001
2647
3400
2780
352
-2662
-5216
-6209
-5118
-2983
-692
571
900
422
-246
-394
-175
575
1518
2504
3013
2558
1131
-673
-1705
-1740
-938
54
458
7
-807
-1261
-1352
-916
-192
442
879
1050
995
680
563
762
1243
1975
2257
1872
974
-69
-875
-1258
-978
-281
863
2221
3069
2759
861
-1923
-4573
-6127
-5739
-3786
-1488
50
709
667
145
-155
-157
248
1211
2320
2934
2763
1658
-216
-1630
-1892
-1242
-238
377
182
-436
-860
-1108
-1103
-604
-67
411
989
1310
1076
511
360
667
1388
1966
1862
1300
380
-366
-881
-887
-368
529
1959
3239
3607
2297
-581
-3840
-6114
-6375
-4845
-2479
-390
639
768
221
-370
-398
49
852
1936
2921
3043
2178
569
-1066
-1700
-1260
-379
346
505
29
-678
-1188
-1393
-1078
-508
-68
450
859
926
449
94
319
962
1656
1860
1672
1056
390
-370
-756
-510
133
1225
2544
3586
3093
797
-2547
-5339
-6419
-5574
-3464
-1113
469
752
343
-234
-437
-280
423
1633
2903
3559
2926
1427
-360
-1567
-1777
-1176
-169
366
296
-194
-806
-1188
-1336
-1011
-448
229
741
851
578
70
88
551
1283
1748
1782
1547
999
302
-522
-754
-305
680
2076
3353
3606
2158
-680
-3730
-5861
-6365
-5086
-2886
-810
177
217
-169
-410
-284
311
1486
2659
3361
3247
2369
845
-703
-1670
-1671
-830
27
328
-10
-624
-1289
-1622
-1354
-758
-225
158
419
442
247
129
472
1323
2130
2454
2249
1700
865
-147
-777
-749
137
1399
2595
3119
2644
1032
-1806
-4380
-5992
-5874
-4338
-2272
-583
-72
-9
-244
34
662
1375
2048
2455
2809
2501
1671
265
-1052
-1578
-1322
-458
202
311
-213
-951
-1392
-1468
-1112
-681
-401
-115
282
464
253
388
975
1936
2596
2528
2133
1430
649
-323
-750
-527
162
1331
2387
2959
2382
409
-2555
-5056
-6166
-5849
-4309
-2178
-515
303
681
621
606
855
1220
1595
2188
2673
2487
1686
268
-1118
-1658
-1202
-326
330
376
-272
-1041
-1538
-1701
-1533
-1177
-679
-100
610
898
695
625
1055
1942
2489
2626
2277
1690
828
-300
-925
-840
38
1110
2163
2677
2293
527
-2491
-5116
-6441
-5951
-4165
-1719
81
779
884
513
509
790
1096
1433
2144
2865
2867
2049
415
-1134
-1627
-1161
-410
180
139
-487
-1188
-1729
-2112
-2053
-1515
-762
226
1087
1180
691
516
901
1737
2468
2659
2482
2022
1108
-241
-1200
-1221
-289
1121
2353
2722
2024
191
-2499
-4807
-6151
-6016
-4478
-2084
-57
847
989
566
553
832
1258
1890
2495
2962
2870
2184
756
-764
-1672
-1699
-917
-95
131
-423
-1296
-2082
-2501
-2263
-1582
-638
320
1012
1203
937
801
992
1721
2580
3013
2991
2441
1430
51
-1000
-1258
-584
754
2051
2671
2097
231
-2528
-4835
-5936
-5700
-4233
-2223
-502
353
731
775
792
1004
1256
1826
2586
3195
3046
2071
503
-1216
-2040
-1844
-1048
-344
-313
-963
-1775
-2189
-2312
-2052
-1464
-641
272
1013
1312
1010
773
985
1771
2825
3458
3377
2645
1525
256
-665
-932
-509
469
1565
2155
1838
479
-1855
-4154
-5561
-5693
-4597
-2734
-805
275
729
787
868
1205
1582
2059
2457
2832
2697
2009
776
-767
-1720
-1900
-1349
-856
-797
-1096
-1672
-1985
-2116
-1927
-1502
-859
-9
706
1328
1320
1081
1217
1876
2778
3364
3552
3050
2154
811
-560
-1246
-1174
-355
743
1659
1770
909
-980
-3271
-4907
-5584
-5166
-3726
-1835
-400
427
826
1058
1369
1720
1992
2175
2371
2404
2119
1395
233
-920
-1495
-1500
-1250
-1087
-1184
-1552
-1859
-2005
-2068
-1782
-1219
-358
567
1262
1476
1419
1634
2251
3043
3526
3581
3169
2384
1159
-172
-1086
-1313
-752
166
1070
1545
1214
-301
-2476
-4329
-5425
-5500
-4635
-3109
-1510
-58
1068
1779
2133
2025
1686
1624
2058
2487
2637
2210
1082
-187
-1020
-1581
-1875
-1893
-2048
-2095
-1985
-1927
-1960
-1836
-1424
-767
152
1092
1615
1847
2077
2468
3129
3439
3288
2814
2218
1406
343
-477
-1121
-1174
-586
386
1262
1496
668
-1348
-3351
-4810
-5555
-5426
-4281
-2430
-587
1088
2090
2492
2277
1675
1470
1879
2599
2933
2728
1980
836
-428
-1605
-2320
-2607
-2633
-2454
-2190
-1919
-1791
-1777
-1604
-1088
-250
706
1623
2179
2395
2586
2786
2837
2752
2713
2479
1990
1132
147
-609
-1049
-917
-476
401
1067
943
-197
-2158
-3810
-5039
-5291
-4734
-3421
-1670
-121
1257
1985
2337
2020
1585
1681
2160
2844
3095
2680
1593
235
-1121
-2288
-2894
-3019
-2906
-2578
-2221
-1884
-1663
-1420
-1179
-741
181
1222
2177
2563
2597
2565
2654
2746
2750
2891
2624
1904
953
154
-506
-1026
-980
-495
315
1018
842
-415
-2027
-3520
-4861
-5487
-4997
-3652
-1816
219
1792
2483
2308
1623
1219
1696
2513
2897
2947
2465
1420
176
-1111
-2388
-3332
-3662
-3515
-2923
-2097
-1662
-1638
-1459
-1145
-571
563
1800
2391
2622
2969
3194
3210
2960
2686
2726
2726
2071
1053
193
-737
-1421
-1358
-707
196
759
375
-857
-2238
-3700
-5082
-5313
-4297
-2869
-1146
637
1687
1944
1760
1331
1246
1846
2383
2710
2897
2294
1049
-199
-1455
-2725
-3429
-3508
-3185
-2476
-1821
-1715
-1584
-1190
-776
61
1283
2200
2487
2838
3074
2924
2693
2381
2351
2594
2537
1881
1069
201
-751
-1240
-1140
-710
-158
122
-242
-1143
-2247
-3578
-4456
-4573
-4036
-2766
-1198
303
1139
1505
1443
1270
1459
1942
2695
3217
3229
2512
1338
-47
-1507
-2661
-3304
-3379
-3101
-2664
-2188
-1937
-1672
-1365
-783
426
1652
2434
2645
2878
2947
2795
2627
2508
2643
2454
1981
1371
926
271
-578
-1157
-1382
-1030
-627
-346
-499
-1141
-2103
-3002
-3421
-3637
-3342
-2672
-1727
-616
89
497
914
1475
1983
2645
3280
3309
2875
2110
1160
128
-925
-1945
-2717
-2955
-2955
-2963
-2835
-2649
-2446
-1825
-665
496
1405
1993
2353
2898
3433
3550
3214
2879
2542
2114
1881
1641
1229
419
-597
-1342
-1554
-1319
-1071
-631
-195
-436
-1209
-1879
-2140
-2417
-2672
-2602
-2281
-1702
-1118
-466
396
1160
1513
1739
2285
2781
2738
2260
1470
684
-29
-803
-1388
-1936
-2531
-3204
-3430
-3110
-2757
-2346
-1715
-722
284
1347
2270
2855
3194
3171
3096
3123
3200
2896
2376
1875
1107
265
-564
-1169
-1432
-1337
-1043
-810
-542
-419
-459
-489
-599
-941
-1380
-1721
-1929
-1929
-1685
-1366
-1082
-601
-8
594
1224
1595
1655
1535
1327
1144
1053
880
429
-265
-1012
-1706
-2288
-2692
-2981
-2996
-2541
-1694
-696
296
1110
1552
1903
2395
2848
3185
3332
3226
2912
2352
1588
713
-63
-672
-1173
-1370
-1357
-1362
-1261
-938
-436
83
460
543
458
283
-67
-318
-542
-675
-740
-758
-548
-458
-564
-934
-1353
-1476
-1301
-848
-383
-36
88
-59
-268
-401
-532
-750
-878
-705
-426
-110
202
416
580
649
854
1154
1407
1571
1611
1651
1503
1135
782
535
354
148
-108
-399
-569
-548
-393
-53
344
634
712
674
556
240
-68
-295
-296
-87
120
338
398
198
-296
-819
-1081
-1070
-827
-652
-528
-462
-565
-782
-1055
-1206
-1324
-1375
-1313
-1183
-913
-613
-295
27
255
403
616
914
1157
1326
1287
1153
1036
827
690
588
463
238
-51
-222
-404
-403
-272
-51
363
607
707
694
562
296
104
139
223
415
518
478
359
74
-296
-483
-439
-292
-114
-38
2
9
-69
-207
-387
-561
-732
-892
-1000
-946
-802
-718
-623
-549
-428
-208
-9
120
181
173
118
156
264
356
453
549
501
355
156
-36
-119
-183
-70
124
378
606
626
628
526
343
198
169
265
332
292
124
-77
-293
-457
-478
-381
-201
-65
35
113
182
163
58
-5
-82
-158
-219
-248
-220
-207
-281
-381
-465
-441
-367
-341
-318
-395
-446
-394
-301
-107
115
303
468
484
335
138
0
-75
-3
230
467
719
757
609
450
235
100
110
188
177
64
-86
-257
-423
-532
-488
-308
-63
175
296
390
358
191
77
-25
-38
4
75
126
149
75
-117
-271
-437
-483
-380
-194
-83
-183
-329
-438
-475
-463
-327
-47
181
235
141
-13
-136
-157
-94
109
364
553
643
595
446
266
138
62
60
40
-38
-160
-269
-324
-346
-256
-73
136
233
257
271
252
132
-74
-181
-148
23
159
171
87
-38
-161
-268
-238
-176
-60
86
174
239
178
33
-136
-281
-354
-284
-188
-173
-200
-233
-208
-168
-65
70
242
456
598
609
503
338
167
43
-92
-163
-240
-362
-439
-404
-270
-196
-68
25
97
219
215
179
166
127
112
194
299
328
225
24
-186
-390
-544
-569
-485
-303
-96
58
157
96
-28
-181
-268
-218
-116
40
101
85
17
-60
-65
-2
173
424
646
736
672
464
200
0
-139
-197
-183
-158
-146
-177
-159
-121
-174
-198
-112
13
67
106
104
49
55
74
140
247
320
297
120
-48
-178
-306
-315
-177
34
170
207
91
-122
-351
-561
-601
-552
-356
-131
-29
-64
-223
-316
-334
-181
71
376
694
826
778
601
342
86
-86
-152
-121
-18
68
0
-127
-273
-375
-327
-191
-35
66
110
73
28
-22
-96
-48
98
270
380
306
154
51
-33
-48
53
228
372
381
256
29
-223
-447
-573
-502
-289
-124
-54
-86
-196
-298
-393
-369
-213
83
362
522
614
502
258
30
-115
-171
-128
-44
28
85
39
-118
-252
-247
-195
-108
-45
-55
3
28
-18
-40
-16
67
196
298
279
205
102
19
-16
24
149
240
267
204
49
-187
-405
-526
-520
-363
-175
16
114
79
-9
-127
-153
-70
100
352
571
654
545
300
44
-140
-189
-158
-108
-34
13
-45
-145
-212
-266
-248
-177
-91
18
53
-51
-194
-300
-296
-141
104
268
280
201
93
17
-49
-23
50
94
143
128
33
-131
-296
-407
-458
-390
-254
-98
22
41
27
-28
-21
128
327
549
725
760
648
454
262
130
75
45
3
-48
-85
-73
-121
-204
-245
-245
-168
-59
-9
-67
-144
-280
-409
-344
-207
-17
159
170
124
24
-100
-129
-104
-53
10
119
225
230
121
-84
-284
-445
-522
-491
-419
-299
-206
-181
-205
-211
-95
70
252
469
639
662
562
424
317
257
224
237
227
182
119
-5
-110
-171
-168
-71
31
105
100
31
-80
-210
-275
-241
-34
211
307
295
143
-98
-293
-406
-370
-191
32
232
334
301
139
-113
-327
-447
-484
-450
-342
-245
-194
-160
-213
-190
-61
60
220
352
371
288
205
176
165
168
131
78
79
8
-98
-156
-201
-197
-126
11
158
264
249
131
24
-8
62
214
411
508
425
232
-32
-266
-395
-391
-256
-75
167
322
312
182
-59
-272
-424
-470
-412
-321
-211
-129
-103
-171
-293
-323
-281
-193
-24
126
195
163
141
165
167
175
134
97
113
58
-71
-170
-206
-172
-48
67
107
126
90
-1
1
123
225
345
449
435
346
183
16
-97
-109
-38
93
242
355
373
255
71
-153
-329
-429
-392
-259
-139
2
41
-30
-161
-293
-356
-319
-196
-95
10
77
77
63
34
18
3
-2
44
39
-48
-137
-201
-210
-174
-104
-16
31
30
-16
-43
-22
17
115
212
296
304
224
151
41
-55
-89
18
183
331
413
326
183
-35
-251
-373
-345
-189
-21
172
262
201
35
-168
-255
-241
-176
-65
35
120
148
118
86
-8
-77
-83
-70
-73
-130
-188
-234
-224
-177
-92
-27
-6
-56
-196
-274
-293
-261
-124
74
212
280
254
150
64
-18
-75
-24
149
313
395
380
279
125
-61
-201
-212
-58
126
286
371
301
162
-16
-138
-180
-162
-93
7
149
226
236
168
79
4
-84
-92
-126
-211
-299
-327
-224
-95
-16
-19
-37
-83
-191
-242
-245
-258
-232
-100
90
239
298
223
84
-21
-119
-118
-15
114
210
236
243
176
32
-111
-176
-134
-22
81
170
229
200
143
69
18
-11
-16
65
165
218
202
129
38
-64
-169
-289
-413
-501
-546
-505
-371
-208
-96
-29
16
57
105
84
34
16
-2
55
160
239
269
202
127
40
-27
-24
-9
89
176
231
305
267
132
-19
-140
-187
-162
-116
-47
40
107
145
86
-19
-86
-114
-47
36
115
202
166
99
-5
-169
-294
-387
-437
-445
-389
-218
-5
122
168
163
154
136
155
171
110
79
37
21
43
37
20
-16
-40
-51
-35
-1
49
140
246
300
252
162
39
-66
-103
-103
-64
-38
0
55
71
25
-28
-43
-68
-63
-46
4
78
59
-5
-103
-252
-417
-543
-537
-488
-416
-246
-51
122
190
168
160
203
269
302
313
270
168
73
55
45
15
-20
-61
-39
-8
26
74
85
80
26
-21
-27
-29
-21
-32
-1
29
40
87
132
155
130
136
140
81
70
104
142
185
145
53
-34
-173
-318
-452
-539
-528
-465
-350
-190
-91
-44
-18
-10
78
141
159
160
111
91
73
75
90
80
55
37
72
110
146
148
80
9
-55
-105
-109
-86
-52
-10
7
55
99
64
49
60
81
95
116
190
221
219
197
167
136
84
38
-48
-115
-200
-269
-300
-329
-313
-309
-222
-101
-17
20
10
5
-53
-70
-38
-21
-5
25
44
53
70
53
87
151
179
169
64
-38
-141
-231
-225
-170
-69
6
83
148
106
28
-53
-75
-28
37
106
159
180
170
116
81
90
55
44
63
30
-47
-144
-217
-224
-210
-180
-71
16
49
56
21
-9
-32
-5
72
110
88
52
23
36
63
54
95
124
106
98
44
-32
-93
-148
-169
-147
-84
-5
28
34
-27
-103
-110
-88
-6
36
30
23
29
73
77
74
57
49
80
50
0
-77
-154
-175
-169
-112
-65
-28
-2
17
28
-19
-15
-7
-25
12
14
0
-2
-10
26
57
71
105
185
234
244
216
153
119
54
-44
-86
-35
-10
20
-7
-88
-103
-141
-116
-67
-51
-39
-40
12
68
102
136
121
108
116
84
16
-86
-161
-189
-162
-110
-74
-74
-99
-99
-86
-69
-54
-31
-39
-40
-49
-81
-93
-125
-131
-112
-63
12
81
128
124
86
55
61
84
108
142
153
145
132
55
-7
-34
-37
22
52
50
51
32
4
15
45
87
120
141
158
91
-3
-87
-181
-257
-249
-203
-188
-159
-159
-141
-78
-11
21
46
69
50
14
-84
-153
-198
-217
-150
-14
130
159
143
100
48
34
34
80
132
186
221
196
154
72
8
13
44
106
141
126
98
71
47
17
21
47
63
85
100
123
66
-59
-124
-164
-196
-221
-210
-193
-175
-100
-60
-25
29
20
-11
-40
-77
-136
-184
-215
-252
-208
-132
-86
-18
26
16
2
-5
-8
9
43
89
107
124
165
157
154
164
144
144
114
91
108
73
39
25
0
-24
9
69
99
172
171
90
32
-63
-136
-206
-263
-201
-77
41
136
136
73
14
-40
-49
-59
-74
-93
-142
-168
-166
-119
-87
-90
-74
-42
-38
-83
-108
-142
-175
-153
-94
-6
75
113
145
153
110
76
69
76
94
104
108
102
51
39
27
27
119
195
239
222
161
76
-41
-114
-141
-101
15
115
159
145
65
20
18
20
28
-2
-53
-88
-107
-84
-30
-46
-62
-69
-96
-116
-153
-183
-254
-301
-309
-276
-183
-81
9
70
104
115
97
75
55
38
49
47
18
-28
-40
-21
6
77
122
100
102
114
75
44
15
18
48
124
199
209
238
222
171
126
69
23
-26
-74
-122
-128
-93
-107
-136
-120
-152
-177
-145
-130
-111
-131
-168
-168
-187
-161
-85
-9
77
108
102
90
75
91
80
79
74
59
57
10
-10
-18
-11
44
70
84
86
99
88
34
0
1
79
122
138
182
174
141
59
-31
-85
-108
-121
-149
-152
-134
-124
-116
-111
-116
-83
-79
-86
-51
-73
-100
-104
-105
-65
-2
55
88
90
59
34
57
71
38
35
38
30
65
48
-7
-31
-51
-4
78
131
133
54
13
-46
-86
-34
-20
61
114
98
95
51
3
-60
-63
-27
-34
-54
-83
-92
-91
-84
-32
33
78
93
66
34
-15
-44
-31
-22
9
39
53
53
13
-47
-74
-33
30
57
92
108
63
-23
-119
-159
-166
-142
-56
23
28
-32
-67
-83
-103
-64
-23
35
107
142
120
54
27
-13
-4
51
77
97
70
-10
-72
-60
-47
-28
33
75
96
65
29
44
31
-7
-37
-3
31
13
-3
-57
-126
-161
-146
-61
44
72
31
-35
-96
-151
-157
-112
-64
20
108
122
79
34
-21
-34
10
57
65
104
162
129
62
34
19
16
50
79
85
29
-81
-162
-137
-54
3
51
58
68
78
55
63
37
14
11
35
80
54
46
-2
-23
-114
-233
-159
-124
-101
-99
-129
-111
-123
-124
-127
-69
-10
9
77
27
24
77
86
142
110
105
139
172
188
100
69
46
63
171
228
281
251
181
117
-37
-127
-132
-95
-66
-105
-104
-98
-183
-285
-362
-418
-377
-309
-245
-149
-125
-103
-73
-51
-14
-11
40
96
100
107
107
82
50
11
25
93
109
86
58
47
33
32
68
36
-2
23
6
-46
-34
-29
-6
60
81
163
205
177
167
107
70
53
53
83
122
169
180
137
70
-9
-94
-122
-105
-73
-47
-37
21
47
61
81
48
32
23
34
24
23
9
-94
-160
-154
-126
-102
-67
-26
-9
-49
-133
-194
-214
-252
-249
-205
-184
-150
-152
-180
-190
-184
-144
-83
-26
31
-1
-70
-78
-82
-75
-32
39
75
105
109
96
92
62
98
207
309
354
398
430
478
541
563
608
628
609
650
719
689
553
415
379
424
481
446
313
159
-23
-199
-304
-511
-1046
-1660
-1820
-1545
-1377
-1551
-1916
-2293
-2448
-2232
-1730
-1152
-804
-770
-731
-380
207
673
857
1034
1437
1889
2048
1897
1722
1622
1532
1551
1707
1641
1281
821
532
614
795
664
299
147
120
-47
-315
-461
-481
-546
-517
-296
17
164
37
-74
85
425
681
728
810
872
408
-583
-1172
-848
-461
-652
-1351
-2217
-3007
-3444
-3216
-2501
-2005
-2175
-2665
-2760
-2100
-1257
-644
-172
422
1081
1468
1580
1714
1882
1995
2328
2837
3112
2761
2063
1644
1854
2341
2410
1842
1053
515
244
137
95
-48
-584
-1261
-1586
-1399
-1050
-1055
-1264
-1350
-1253
-1072
-801
-384
228
862
1152
1218
1219
1269
1513
1850
2238
2206
1117
-584
-1276
-596
-66
-620
-1919
-3357
-4355
-4279
-3367
-2527
-2608
-3527
-4224
-3662
-2118
-867
-381
-243
199
967
1727
2280
2672
2859
2885
3118
3587
3680
3005
2218
2001
2418
2822
2456
1364
416
56
-22
-47
-99
-464
-1359
-2170
-2191
-1567
-1159
-1358
-1732
-1833
-1498
-927
-317
369
832
912
971
1321
1809
1986
2088
2463
2758
2547
1689
114
-1474
-1719
-870
-596
-1640
-3506
-5355
-6178
-5300
-3624
-2752
-3316
-4545
-4859
-3488
-1284
244
622
562
918
1964
3312
4184
4393
4189
4043
4253
4512
4318
3666
3252
3012
2692
2140
1266
270
-249
-46
-61
-887
-1998
-2614
-2758
-2721
-2527
-2305
-2233
-2262
-2192
-1875
-1474
-1053
-515
211
928
1143
1006
1124
1737
2501
2996
2863
2183
1610
1485
1751
1681
395
-1738
-2744
-2031
-1594
-2321
-3638
-5004
-5796
-5085
-3448
-2549
-2982
-4003
-3962
-2103
341
1413
1246
1140
1803
3102
4526
5235
4908
4207
3849
4071
4437
4173
2783
1649
1575
1863
1294
36
-1065
-1617
-1396
-1341
-1839
-2692
-3172
-3274
-2862
-2063
-1655
-1872
-2092
-1539
-767
-205
119
550
1083
1560
1748
1718
1966
2238
2345
2496
2594
2156
1270
803
852
1017
593
-1111
-3157
-3436
-2095
-1805
-2842
-4183
-5363
-5685
-4286
-2245
-1646
-2485
-3637
-3305
-893
1676
2261
1753
1754
2367
3476
4738
5210
4366
3369
3174
3487
3703
3170
1935
1008
670
487
36
-592
-1316
-1709
-1473
-1504
-2091
-2705
-2565
-2065
-1692
-1536
-1501
-1327
-1021
-383
169
521
594
657
1113
1661
1883
1719
1665
1759
1836
1808
1644
1278
883
739
780
522
-27
-742
-2103
-3503
-3254
-1698
-1518
-2990
-4685
-5471
-4880
-3067
-1522
-1593
-2566
-3424
-2560
160
2725
2821
1568
1330
2383
4067
5219
4945
3589
2769
2782
3151
3347
2835
1456
359
176
97
-276
-768
-1126
-1260
-1054
-1484
-2473
-2624
-1627
-831
-1021
-1421
-1573
-1208
-453
299
512
176
-116
231
1361
2120
1711
837
699
1240
1629
1741
1464
720
-90
-117
366
617
194
-800
-1252
-1729
-2808
-3266
-1885
-958
-2193
-3799
-4477
-3997
-2628
-889
-491
-1306
-2304
-2238
-51
2817
3466
1832
978
1724
3173
4395
4516
3168
1794
1499
1962
2538
2525
1308
-279
-667
-353
-237
-485
-1046
-1716
-1613
-1106
-1302
-1599
-1254
-882
-1133
-1356
-1000
-249
454
798
735
424
296
728
1700
2392
1897
736
355
945
1409
1294
919
289
-446
-620
-249
13
-245
-908
-1236
-1405
-2176
-3059
-2507
-1021
-1026
-2409
-3477
-3516
-2670
-1051
118
-299
-1515
-2245
-1144
1414
3146
2246
452
351
1609
3035
3648
2958
1440
610
992
1859
2304
1508
104
-528
-80
527
569
-77
-913
-977
-269
102
-151
-417
-476
-550
-521
-193
106
211
169
116
8
-31
152
565
972
766
144
-82
367
798
605
133
-279
-465
-169
267
291
-310
-954
-947
-413
364
28
-1810
-3065
-1940
-76
-62
-1269
-2723
-3417
-2493
-460
461
-561
-2097
-2827
-1214
1517
2392
721
-663
-190
1124
2755
3607
2498
645
361
1549
2695
2849
1700
219
122
995
1400
1160
688
-28
-399
102
247
-275
-483
-300
-663
-1359
-1410
-875
-255
-179
-737
-1435
-1479
-656
361
889
327
-693
-767
308
1179
982
481
209
227
549
940
955
499
4
-120
338
723
269
-1097
-2268
-1789
-301
53
-1122
-2526
-3408
-3151
-1615
-371
-839
-2095
-2795
-2105
75
1900
1582
196
-24
1047
2627
3793
3400
1804
1003
1796
2713
2938
2328
914
-110
82
762
910
350
-763
-1552
-1188
-679
-981
-1446
-1357
-1314
-1734
-1827
-1310
-742
-524
-458
-494
-576
-317
419
1309
1479
734
274
1030
1935
1757
1129
861
811
689
665
648
259
-149
-128
173
122
-238
-547
-899
-1477
-1698
-912
-339
-872
-2023
-2679
-2505
-1701
-727
-563
-1096
-1849
-1808
-455
1270
1642
619
10
422
1546
2649
2834
1625
420
591
1440
1927
1522
370
-717
-662
109
432
92
-802
-1604
-1146
-21
20
-855
-1279
-1025
-833
-654
-242
182
281
101
-22
128
658
1187
1501
1413
883
406
830
1820
1889
1025
184
-5
443
926
843
113
-517
-485
-18
317
286
182
-330
-1240
-1667
-941
-95
-403
-1424
-2352
-2641
-2158
-1101
-618
-1212
-2286
-2681
-1576
130
703
-162
-960
-896
197
1744
2287
1114
-256
-128
1022
1884
1872
1036
16
-111
663
1472
1491
633
-358
-243
723
849
89
-383
-257
-333
-477
-316
-119
-137
-316
-213
-57
4
170
733
1239
1072
607
590
1254
1539
1238
993
770
533
485
592
518
116
-345
-376
-171
-144
-371
-425
-366
-927
-1849
-1922
-923
-432
-1125
-2347
-3121
-2898
-1764
-630
-851
-2146
-3067
-2430
-485
1095
802
-673
-1274
-278
1476
2639
2265
884
220
918
1921
2300
1996
1146
465
564
1090
1272
848
214
-68
293
519
105
-402
-452
-286
-364
-518
-432
-174
-18
153
248
227
302
670
1184
1227
752
375
579
1048
1039
529
21
-190
-2
367
348
-321
-955
-1050
-478
121
50
-552
-876
-443
-291
-672
-1041
-702
-460
-858
-1412
-2033
-2151
-1712
-901
-808
-1561
-2414
-2272
-840
478
611
-353
-889
-403
837
2012
1967
822
83
681
1768
2188
1680
812
316
492
1002
1401
1230
346
-471
-162
750
851
165
-277
-171
-173
-260
-24
312
319
-31
-227
-134
141
371
587
730
329
-154
124
867
969
416
-59
-117
119
345
386
56
-354
-485
-206
228
195
-330
-666
-77
490
-270
-1608
-1698
-593
-186
-694
-1650
-2510
-2496
-1491
-571
-920
-1974
-2657
-1825
81
882
-139
-1157
-738
508
1710
2119
1213
71
281
1404
2130
1976
1175
342
327
1009
1323
1069
596
58
-109
429
729
163
-359
-204
73
-100
-341
-350
-212
-21
-6
-116
-24
225
455
794
814
296
184
931
1449
940
337
318
572
694
495
6
-526
-476
-134
33
-75
-507
-820
-617
109
334
-605
-1749
-1666
-439
151
-581
-1824
-2676
-2414
-1247
-433
-894
-2065
-2710
-1985
-312
570
-155
-1199
-991
151
1348
1971
1325
152
114
1193
1973
2007
1473
599
328
989
1524
1387
770
-57
-197
778
1346
514
-444
-448
17
186
224
127
-210
-422
-279
84
300
276
231
397
453
206
337
985
1120
438
-28
168
441
626
669
183
-510
-627
-73
445
331
-251
-758
-599
-16
306
289
-373
-1474
-1768
-534
336
-579
-1944
-2660
-2488
-1645
-767
-1019
-2029
-2598
-2234
-892
195
-71
-1054
-1140
-249
776
1549
1383
397
37
956
2011
2169
1574
754
414
872
1515
1697
1202
233
-131
563
1309
998
70
-310
-182
145
328
302
123
51
128
264
425
335
402
563
555
334
389
771
866
564
138
85
376
631
373
-124
-430
-441
-157
20
-141
-553
-755
-642
-311
106
-71
-1224
-2033
-1180
7
-283
-1568
-2399
-2481
-1909
-1076
-894
-1744
-2732
-2592
-1171
349
167
-1250
-1636
-454
942
1616
1420
416
-122
773
2090
2431
1729
811
389
890
1604
1729
1317
598
13
318
1275
1293
398
-89
165
296
207
386
433
314
256
226
211
406
644
805
832
456
93
405
1117
1115
469
97
18
63
326
349
-180
-746
-832
-656
-437
-400
-794
-1174
-1216
-820
-495
-318
-893
-1998
-1867
-639
-122
-1119
-1898
-2259
-2059
-1029
-289
-868
-2143
-2286
-1475
-54
573
-361
-1294
-1005
60
1072
1676
1068
-125
-85
1277
2112
1798
1117
545
524
1170
1756
1748
1190
508
442
1247
1862
1145
276
360
837
810
599
604
274
185
433
602
445
259
342
445
598
390
173
331
513
266
-177
-101
2
-37
-64
-398
-841
-898
-491
-471
-840
-1037
-1081
-970
-703
-328
-290
-645
-1388
-1676
-728
93
-507
-1771
-2267
-2089
-1421
-574
-703
-1885
-2690
-2107
-779
53
-310
-1182
-1326
-483
566
1163
1100
390
63
1000
2060
2086
1603
1202
1134
1508
2057
2201
1844
1238
933
1500
2177
1858
835
450
848
1068
758
440
171
-142
-64
299
293
-254
-473
-169
216
213
-128
-189
38
93
-155
-126
41
-95
-411
-562
-644
-762
-645
-510
-663
-1044
-1235
-1163
-729
-254
-251
-636
-1064
-1367
-1268
-221
325
-697
-2036
-2377
-1766
-791
-172
-921
-2191
-2451
-1455
-198
327
-201
-1188
-1143
48
1111
1375
1003
320
242
1333
2253
1976
1401
1169
1177
1528
1991
1874
1345
985
1045
1401
1558
1325
477
148
696
1011
580
-110
-228
-125
357
620
202
-365
-319
320
667
671
111
-224
104
422
284
-41
-122
-321
-500
-323
-425
-850
-995
-848
-834
-1040
-995
-1017
-852
-623
-772
-1194
-1447
-944
-467
-478
-1146
-1811
-1908
-1385
-661
-723
-1337
-2116
-1943
-869
-145
-248
-969
-1185
-666
199
891
948
405
95
817
1609
1775
1538
1353
1442
1546
1754
1809
1727
1595
1369
1446
1711
1525
928
714
899
937
749
537
219
119
314
513
504
146
-171
-54
534
657
270
-72
-223
-158
-64
13
-239
-570
-806
-888
-763
-688
-814
-1039
-1083
-1063
-965
-719
-644
-633
-578
-579
-454
-463
-661
-732
-459
-463
-1029
-1457
-1602
-1472
-1327
-1242
-1601
-2105
-1989
-1556
-904
-662
-1025
-1238
-751
225
871
1014
709
595
1124
1935
2332
2018
1753
1597
1804
2342
2427
1977
1439
1368
1567
1890
1824
1126
540
491
898
943
572
144
-116
124
288
104
-213
-366
-258
-53
57
-149
-358
-299
-93
-215
-508
-498
-502
-458
-410
-534
-811
-998
-823
-646
-643
-790
-889
-847
-724
-547
-480
-650
-1056
-1320
-983
-539
-631
-1280
-1749
-1694
-1459
-1118
-1086
-1352
-1766
-1691
-1072
-510
-345
-597
-662
-353
450
1117
1221
1039
887
1154
1777
2234
2077
1648
1477
1623
1974
2262
1925
1131
896
1396
1816
1577
852
351
487
862
855
484
200
147
161
357
472
190
-81
9
238
147
40
67
47
-118
-356
-472
-500
-424
-526
-814
-1119
-1295
-1132
-893
-898
-1205
-1405
-1220
-914
-642
-540
-777
-1150
-1190
-814
-371
-329
-823
-1336
-1470
-1353
-1138
-916
-1092
-1643
-1880
-1462
-783
-425
-517
-779
-678
-77
639
1079
1112
854
856
1468
2088
2179
1911
1721
1745
1941
2228
2184
1760
1467
1401
1492
1521
1248
901
763
789
722
536
316
210
231
299
155
-216
-295
-160
-47
-114
-372
-464
-396
-309
-381
-614
-820
-840
-747
-736
-777
-931
-993
-882
-810
-800
-755
-694
-674
-522
-382
-384
-511
-756
-926
-715
-465
-715
-1213
-1531
-1624
-1538
-1151
-1094
-1565
-1915
-1667
-1041
-512
-361
-753
-812
-143
707
1194
1092
784
907
1577
2246
2357
2085
1815
1731
2058
2424
2420
1841
1291
1263
1543
1702
1288
771
456
495
541
339
61
-222
-219
-89
22
-240
-533
-515
-255
93
-84
-306
-356
-227
27
-77
-289
-546
-617
-472
-395
-421
-650
-820
-955
-857
-593
-568
-785
-967
-842
-699
-571
-735
-1042
-1137
-975
-795
-910
-1143
-1580
-1692
-1309
-984
-1095
-1488
-1640
-1286
-617
-210
-351
-664
-458
242
1006
1377
1173
920
1199
1749
2154
2265
2019
1676
1644
1979
2156
1933
1458
1162
1153
1246
1182
810
480
392
497
459
247
-28
-66
180
243
139
-45
-74
93
212
199
77
-54
-68
-72
-190
-348
-462
-534
-587
-646
-850
-983
-1010
-1067
-1050
-963
-954
-1186
-1241
-1038
-898
-781
-913
-1216
-1364
-1010
-583
-730
-1159
-1529
-1416
-992
-629
-697
-1197
-1399
-1053
-278
185
-30
-335
-207
419
1021
1405
1261
895
992
1487
2033
1996
1630
1310
1276
1572
1721
1616
1313
993
878
1050
1261
1045
568
403
596
775
595
279
153
251
348
247
113
-79
-98
31
64
-49
-244
-214
-207
-270
-380
-527
-640
-648
-631
-841
-942
-936
-937
-968
-1009
-1130
-1153
-935
-873
-900
-902
-1005
-1237
-1104
-577
-527
-1000
-1365
-1351
-1038
-735
-705
-1003
-1227
-1109
-663
-144
-77
-411
-539
8
679
944
964
847
866
1281
1832
1956
1681
1454
1482
1716
1861
1729
1467
1264
1193
1314
1493
1305
722
448
605
899
868
404
65
19
234
302
277
6
-376
-313
3
123
-218
-435
-457
-385
-333
-492
-631
-733
-703
-770
-901
-855
-906
-913
-899
-1033
-1119
-986
-686
-719
-810
-841
-991
-1050
-932
-622
-788
-1114
-1343
-1366
-1078
-955
-900
-1067
-1116
-1095
-759
-235
-176
-172
-58
310
609
970
1291
1133
1129
1364
1675
1858
1707
1473
1393
1622
1645
1460
1360
1223
1173
1267
1306
938
660
659
793
901
648
257
27
223
408
318
96
-224
-341
-78
222
11
-410
-593
-510
-271
-189
-381
-730
-862
-754
-714
-674
-766
-927
-943
-868
-908
-925
-731
-748
-822
-803
-942
-1169
-1055
-651
-585
-1005
-1461
-1478
-1172
-821
-761
-1100
-1383
-1243
-686
-124
-124
-459
-535
-62
614
973
936
682
696
1106
1670
1846
1633
1403
1417
1727
1872
1730
1517
1449
1364
1281
1323
1247
1062
841
648
598
554
425
284
181
110
-3
-26
-41
-181
-238
-95
-18
-186
-263
-247
-253
-210
-123
-191
-436
-633
-625
-445
-448
-655
-850
-882
-973
-1072
-913
-806
-918
-1136
-1360
-1433
-1194
-901
-1017
-1437
-1676
-1520
-1141
-860
-915
-1302
-1393
-1029
-577
-227
-263
-478
-441
20
578
913
881
700
879
1295
1640
1743
1667
1536
1501
1628
1812
1855
1630
1330
1145
1227
1380
1226
899
678
537
539
561
510
366
182
132
135
201
203
109
28
54
47
41
74
-46
-180
-275
-287
-258
-349
-569
-715
-713
-711
-783
-930
-1040
-1068
-1126
-1124
-1067
-1068
-1227
-1443
-1322
-1108
-1167
-1305
-1394
-1388
-1294
-1183
-972
-935
-990
-913
-766
-541
-309
-72
54
178
273
530
810
924
1111
1182
1161
1213
1446
1599
1535
1392
1293
1372
1539
1507
1250
1058
1052
1162
1151
935
615
469
533
552
468
308
134
103
215
255
104
-38
2
-11
-57
-61
-144
-193
-196
-205
-216
-289
-401
-380
-415
-553
-621
-678
-717
-829
-850
-851
-961
-1043
-951
-947
-1193
-1152
-975
-934
-1102
-1225
-1143
-1132
-1177
-1053
-886
-963
-1027
-875
-545
-368
-317
-207
-61
49
233
534
664
731
722
776
1006
1176
1277
1260
1206
1265
1333
1406
1401
1333
1279
1309
1338
1207
1106
1094
1144
937
617
555
560
585
485
293
112
-29
3
159
133
-153
-333
-332
-187
-143
-260
-384
-577
-637
-509
-400
-532
-844
-966
-925
-885
-894
-850
-893
-1104
-1037
-1000
-986
-933
-897
-908
-1100
-1076
-940
-771
-849
-943
-970
-911
-593
-468
-371
-470
-563
-286
103
311
194
110
219
542
831
859
767
660
822
1113
1304
1305
1018
904
1140
1473
1527
1308
1107
1000
1113
1292
1332
1011
612
567
761
919
682
331
129
100
204
266
202
-128
-343
-283
-120
-18
-164
-379
-533
-544
-466
-421
-520
-739
-898
-912
-779
-793
-979
-1140
-1114
-1057
-1136
-1144
-1097
-1020
-1121
-1142
-1024
-1048
-979
-831
-799
-970
-956
-690
-480
-389
-384
-361
-325
-157
212
449
388
282
411
695
895
983
860
770
825
1018
1203
1130
1034
969
1054
1168
1193
1142
1047
1064
1111
1137
1068
974
813
684
686
707
625
424
334
307
272
219
126
31
-77
-110
-87
-170
-296
-348
-378
-503
-600
-628
-696
-726
-829
-918
-909
-960
-1042
-1060
-1056
-1080
-999
-960
-1095
-1233
-1198
-927
-805
-931
-1085
-1147
-927
-664
-535
-610
-812
-691
-308
-117
-200
-204
-9
223
349
425
507
543
660
819
875
816
815
942
1143
1228
1070
1053
1197
1346
1387
1264
1200
1176
1147
1158
1163
999
806
698
607
557
476
349
210
82
37
47
-31
-132
-213
-229
-173
-239
-336
-408
-480
-411
-455
-631
-720
-789
-705
-661
-779
-959
-1103
-1035
-925
-888
-926
-1011
-1082
-986
-843
-894
-993
-976
-820
-793
-882
-834
-727
-681
-595
-488
-503
-500
-340
-56
122
72
18
137
392
649
809
814
690
699
979
1284
1300
1129
1039
1160
1366
1421
1378
1314
1265
1243
1313
1324
1176
969
847
884
802
668
502
336
258
119
84
36
-114
-231
-287
-291
-388
-493
-541
-580
-645
-684
-689
-800
-933
-963
-913
-964
-1107
-1135
-1040
-909
-983
-1095
-1004
-908
-855
-823
-723
-692
-792
-751
-585
-413
-422
-621
-713
-538
-312
-278
-301
-319
-356
-233
98
343
289
86
99
415
733
839
728
569
622
917
1172
1173
967
862
1035
1286
1439
1372
1197
1064
1074
1201
1292
1203
862
643
696
804
683
362
154
108
121
76
13
-114
-272
-348
-386
-365
-416
-541
-607
-662
-700
-781
-787
-759
-891
-1005
-1087
-1053
-933
-899
-967
-1097
-1028
-812
-652
-642
-751
-741
-624
-447
-316
-380
-510
-517
-428
-330
-294
-320
-321
-357
-305
-151
-27
46
37
101
230
301
392
554
623
620
683
852
1025
1009
921
913
1040
1128
1071
976
931
1013
1053
1013
975
905
802
752
776
723
594
507
393
299
265
200
115
-11
-131
-214
-212
-251
-386
-473
-561
-689
-753
-737
-768
-863
-970
-987
-979
-953
-889
-889
-919
-947
-890
-771
-720
-726
-751
-740
-699
-592
-482
-505
-598
-621
-477
-335
-316
-374
-352
-222
-114
-30
-3
15
41
112
297
460
542
527
545
721
871
966
1025
1022
1030
1090
1113
1130
1139
1066
1020
945
941
961
865
767
642
569
531
475
398
317
237
87
73
96
5
-105
-217
-246
-241
-254
-334
-455
-565
-624
-546
-531
-647
-817
-908
-800
-697
-727
-844
-919
-831
-694
-651
-664
-695
-747
-680
-579
-553
-551
-599
-529
-464
-488
-434
-430
-426
-364
-255
-173
-210
-222
-135
-4
90
206
279
296
377
504
647
697
694
767
869
967
1000
966
983
1006
995
971
941
923
918
881
810
676
553
575
588
515
341
185
203
225
200
88
-100
-185
-189
-191
-242
-343
-424
-469
-497
-542
-589
-595
-636
-741
-798
-776
-708
-665
-727
-821
-778
-665
-582
-515
-597
-695
-593
-437
-410
-439
-441
-439
-364
-263
-232
-269
-288
-227
-114
-47
-77
-87
-62
28
143
172
173
187
297
429
478
550
605
610
683
821
893
844
768
800
894
883
819
739
672
686
709
678
558
423
356
401
434
335
230
140
98
101
44
-46
-98
-146
-203
-236
-276
-295
-354
-465
-534
-613
-653
-595
-599
-702
-784
-775
-700
-660
-655
-656
-654
-648
-615
-550
-506
-521
-514
-437
-402
-375
-311
-267
-270
-283
-215
-148
-129
-90
-19
37
17
0
55
161
245
274
279
293
387
517
579
530
455
517
638
731
745
650
612
666
756
757
690
662
599
602
614
545
490
436
406
376
313
241
187
139
31
-55
-74
-145
-256
-311
-316
-325
-363
-429
-512
-555
-543
-501
-486
-538
-608
-614
-558
-523
-486
-479
-515
-557
-541
-446
-394
-391
-433
-423
-334
-259
-209
-230
-236
-198
-183
-132
-30
-33
-83
-51
-16
16
62
148
161
91
89
185
292
392
416
322
308
428
612
715
656
553
542
616
711
710
627
577
522
509
486
457
411
308
239
185
133
86
51
9
-87
-209
-221
