-55
-89
-102
-104
-48
14
63
80
44
7
-28
-49
-55
-29
19
52
73
65
29
-17
-61
-78
-58
-13
32
55
57
28
-17
-67
-101
-105
-79
-27
28
66
44
-11
-46
-65
-56
-39
-1
51
83
104
80
25
-27
-68
-94
-84
-27
29
61
65
44
3
-31
-30
-30
-19
20
55
74
56
4
-35
-42
-51
-47
-23
-2
2
4
6
-21
-42
-25
7
46
86
101
87
51
8
-8
-11
-17
-8
-11
-24
-43
-66
-103
-126
-103
-74
-37
8
43
41
4
-31
-55
-67
-49
-15
12
32
31
3
-29
-54
-62
-47
-5
45
81
99
76
38
9
-20
-26
11
42
61
65
45
11
-39
-65
-57
-33
5
33
40
27
4
-9
-18
-23
13
60
101
99
74
55
0
-43
-56
-46
-13
20
35
17
-11
-39
-56
-77
-87
-46
6
38
56
44
0
-42
-64
-85
-67
-26
2
-11
-23
-10
-26
-42
-47
-22
31
86
134
131
96
68
51
18
-15
-18
-11
-2
-2
7
7
7
-2
-27
-34
-9
31
55
57
40
25
13
-14
-53
-66
-68
-57
-28
-10
-3
-14
-14
-33
-53
-40
-25
1
21
43
60
39
11
2
-20
-33
-27
-34
-45
-50
-56
-63
-57
-37
-20
-18
-27
-38
-47
-50
-39
-27
-9
8
22
22
7
-42
-73
-77
-96
-61
-48
-58
-73
-94
-106
-165
-191
-191
-178
-142
-95
-50
-47
-68
-104
-143
-163
-162
-126
-65
-9
29
41
27
6
20
54
97
176
257
297
283
237
213
230
247
265
272
285
331
313
268
247
266
472
841
1121
1169
1060
864
667
501
304
113
8
12
33
-69
-293
-550
-791
-988
-1037
-902
-681
-435
-258
-238
-300
-372
-467
-554
-563
-412
-209
-102
-100
-195
-308
-422
-524
-582
-589
-517
-360
-200
-97
-26
58
132
174
212
259
346
382
320
243
169
116
85
25
-54
-109
-141
-132
-112
-107
-74
-34
2
64
131
180
205
171
118
78
33
13
-42
-125
-161
-204
-297
-426
-539
-612
-631
-607
-573
-550
-576
-606
-594
-557
-496
-426
-374
-370
-375
-349
-328
-334
-307
-212
-115
-2
138
276
427
549
603
631
705
906
1550
2685
3409
3473
3211
2660
2270
1912
1315
806
564
543
473
174
-328
-901
-1501
-2053
-2192
-1846
-1264
-650
-250
-140
-184
-367
-616
-854
-887
-523
-13
380
505
358
69
-304
-712
-1019
-1081
-909
-603
-327
-253
-332
-500
-727
-900
-967
-878
-672
-456
-339
-362
-448
-542
-577
-564
-468
-218
56
346
586
626
586
530
518
590
712
910
1121
1307
1388
1286
1081
822
607
407
294
295
276
241
58
-213
-502
-782
-922
-917
-808
-677
-484
-307
-226
-199
-276
-346
-358
-303
-152
-24
45
60
-52
-221
-356
-480
-537
-549
-518
-426
-351
-323
-343
-407
-497
-506
-445
-397
-294
-168
-30
95
137
135
111
102
174
299
458
616
714
751
728
725
733
694
657
617
595
652
705
743
741
636
521
428
427
504
548
539
501
474
486
480
392
259
103
2
-30
-56
-83
-117
-159
-228
-299
-368
-464
-526
-567
-605
-580
-537
-532
-558
-609
-641
-622
-587
-562
-519
-454
-381
-297
-245
-255
-280
-319
-338
-299
-251
-187
-119
-73
-46
-44
-64
-90
-103
-100
-77
-45
-9
52
95
90
80
91
103
97
83
77
69
51
32
-3
-41
-85
-165
-267
-336
-356
-343
-321
-306
-286
-308
-346
-345
-373
-385
-304
-189
-86
-14
52
140
115
-136
-388
-508
-447
166
1713
3351
3956
3835
3125
2420
2183
1624
971
627
716
1031
889
165
-831
-1773
-2748
-3350
-3112
-2421
-1491
-646
-249
-71
-173
-520
-819
-974
-553
318
1035
1471
1509
1175
668
54
-544
-855
-792
-465
11
280
192
-81
-513
-948
-1226
-1297
-1114
-778
-515
-434
-458
-560
-702
-788
-805
-654
-318
34
357
572
601
542
474
441
506
677
932
1258
1498
1513
1402
1180
882
642
460
371
385
388
299
52
-300
-620
-938
-1243
-1354
-1251
-1048
-792
-581
-489
-481
-539
-586
-514
-363
-166
65
230
288
233
65
-164
-360
-471
-500
-440
-351
-286
-276
-350
-479
-609
-680
-629
-500
-345
-197
-79
9
28
4
-9
69
238
436
605
659
647
613
564
553
667
1056
1622
2092
2402
2477
2374
2216
1907
1520
1225
1141
1186
1120
813
306
-233
-798
-1321
-1673
-1820
-1715
-1454
-1168
-917
-777
-786
-932
-1053
-990
-742
-377
-45
171
274
249
82
-194
-464
-612
-631
-550
-458
-402
-392
-505
-679
-816
-872
-845
-765
-663
-555
-421
-311
-237
-179
-150
-87
37
186
336
453
526
580
612
654
787
947
1082
1213
1278
1311
1314
1223
1071
840
608
450
307
137
-99
-371
-626
-845
-1029
-1159
-1197
-1144
-1012
-854
-722
-632
-592
-570
-521
-427
-297
-171
-81
-30
-23
-66
-156
-275
-383
-455
-495
-509
-518
-532
-555
-582
-597
-571
-459
-321
-236
-199
-195
-138
22
195
292
267
163
35
-89
-252
-467
-397
634
2646
4335
4936
4595
3802
3383
3021
2351
1760
1496
1671
1792
1299
306
-841
-2109
-3368
-4024
-3859
-3022
-1911
-1132
-691
-482
-595
-933
-1280
-1295
-727
176
949
1361
1338
970
394
-329
-980
-1270
-1188
-820
-367
-184
-282
-567
-987
-1370
-1589
-1522
-1150
-658
-279
-43
40
-43
-223
-418
-467
-266
140
576
876
973
869
704
560
452
463
683
1090
1594
1918
1895
1742
1481
1120
748
398
232
244
248
113
-131
-423
-768
-1190
-1557
-1646
-1440
-1053
-615
-251
-65
-91
-382
-733
-855
-756
-469
-145
90
245
217
-60
-460
-837
-1034
-950
-696
-425
-200
-110
-164
-328
-569
-760
-800
-631
-335
-40
175
252
197
3
-168
-202
-86
192
424
523
436
177
-164
-387
44
1326
2826
3962
4479
4255
3927
3494
2708
1962
1396
1309
1439
1304
852
102
-920
-2167
-3220
-3724
-3543
-2809
-1942
-1125
-484
-216
-319
-723
-1109
-1064
-616
-5
592
998
1076
835
238
-545
-1201
-1631
-1653
-1322
-903
-502
-295
-379
-627
-946
-1185
-1211
-1015
-680
-347
-44
120
140
58
-150
-248
-209
-20
313
589
797
863
772
667
621
644
760
973
1209
1396
1520
1586
1478
1184
864
578
417
388
359
222
5
-231
-541
-826
-1029
-1165
-1130
-985
-766
-536
-401
-338
-349
-397
-455
-456
-354
-255
-171
-118
-114
-173
-350
-571
-742
-849
-865
-829
-766
-660
-628
-637
-651
-701
-690
-627
-521
-346
-166
-6
115
179
239
273
265
282
315
389
561
771
947
988
808
479
116
-187
-283
218
1469
2737
3597
4002
3679
3206
2695
1917
1344
1060
1110
1250
1120
714
-19
-1042
-2202
-3025
-3248
-2946
-2167
-1346
-728
-339
-384
-714
-1151
-1493
-1370
-895
-306
294
640
658
419
-133
-769
-1190
-1381
-1220
-803
-442
-160
-67
-248
-517
-817
-1048
-1038
-815
-515
-230
-26
22
-33
-176
-370
-421
-329
-68
331
648
850
947
918
846
772
755
910
1178
1517
1859
2029
1998
1760
1293
782
381
126
75
97
95
-37
-384
-830
-1279
-1617
-1748
-1613
-1272
-870
-494
-270
-217
-301
-481
-597
-587
-466
-235
-10
70
17
-160
-449
-715
-927
-1016
-912
-708
-500
-361
-331
-401
-527
-643
-696
-616
-375
-77
168
237
188
149
112
147
203
267
439
715
1032
1203
1163
939
577
226
-43
-102
424
1575
2738
3659
4048
3660
3130
2483
1778
1372
1102
1095
1148
941
523
-224
-1252
-2283
-3022
-3320
-3053
-2285
-1460
-786
-438
-519
-794
-1190
-1476
-1359
-918
-234
465
852
881
571
-13
-636
-1148
-1433
-1312
-937
-528
-194
-130
-319
-630
-1006
-1262
-1275
-1087
-715
-292
-2
140
140
-6
-150
-193
-87
258
640
944
1173
1215
1144
998
821
795
920
1129
1401
1600
1583
1339
978
625
398
245
109
21
-64
-98
-156
-385
-696
-992
-1217
-1285
-1184
-995
-776
-589
-487
-423
-424
-433
-367
-349
-329
-259
-228
-191
-196
-267
-390
-579
-753
-879
-913
-830
-700
-577
-485
-437
-411
-379
-359
-323
-199
-27
188
383
442
468
494
484
505
506
550
737
894
979
1018
977
911
825
663
499
413
314
114
-156
-339
-259
294
1090
1810
2456
2728
2767
2635
2159
1805
1549
1292
1103
852
606
173
-484
-1271
-2058
-2576
-2778
-2606
-2274
-1909
-1483
-1256
-1205
-1246
-1336
-1270
-1094
-839
-428
-1
345
533
430
97
-271
-564
-690
-597
-421
-208
19
106
90
-32
-204
-312
-406
-427
-338
-155
77
265
325
236
113
-12
-57
2
124
368
593
734
821
799
727
685
682
702
746
869
1026
1160
1155
842
491
178
-98
-164
-247
-284
-267
-369
-512
-742
-972
-1120
-1219
-1243
-1188
-1023
-802
-614
-537
-569
-643
-711
-658
-530
-373
-147
-3
19
-10
-65
-93
-99
-117
-140
-140
-72
-2
8
-30
-96
-161
-253
-296
-258
-114
101
248
357
411
454
536
546
475
427
486
620
716
693
528
295
21
-288
-575
-767
-671
5
1298
2655
3536
3726
3441
3064
2526
1947
1521
1380
1460
1336
953
357
-394
-1290
-2360
-3264
-3681
-3496
-2809
-1953
-1207
-738
-610
-786
-1194
-1464
-1273
-728
-96
372
712
971
970
640
55
-530
-869
-880
-664
-337
55
331
371
116
-351
-739
-970
-1019
-911
-691
-324
46
243
211
10
-218
-381
-424
-287
37
475
863
1096
1155
1055
869
649
511
498
572
725
809
773
673
457
167
-107
-350
-482
-436
-155
164
152
-30
-315
-678
-863
-988
-961
-717
-447
-213
-187
-268
-284
-329
-405
-430
-301
-58
250
565
689
563
253
-90
-397
-639
-646
-488
-360
-297
-313
-374
-467
-560
-593
-585
-483
-267
7
244
354
403
374
254
135
87
153
275
473
624
660
682
603
451
284
182
184
183
199
204
190
187
99
-71
-299
-556
-720
-814
-869
-893
-887
-694
-42
1151
2315
3080
3410
3231
2879
2416
1864
1532
1412
1426
1298
908
495
14
-642
-1503
-2363
-2932
-3091
-2740
-2064
-1317
-725
-456
-405
-675
-1026
-1060
-838
-472
-171
112
458
693
738
505
94
-291
-538
-626
-622
-433
-93
204
355
264
54
-179
-480
-736
-883
-847
-639
-410
-215
-92
-63
-124
-276
-491
-631
-612
-450
-171
124
390
612
741
748
677
603
610
666
702
746
781
799
793
744
646
526
377
161
-49
-218
-320
-341
-318
-301
-361
-467
-566
-663
-754
-796
-770
-688
-586
-508
-436
-334
-176
-46
-1
-4
-7
24
74
143
225
278
283
230
153
85
37
15
-3
-21
-67
-129
-211
-295
-296
-257
-220
-170
-127
-90
-25
65
181
336
455
504
520
531
552
571
570
555
539
509
472
433
390
342
275
166
65
44
50
47
27
-37
-115
-181
-228
-241
-233
-196
-142
-103
-13
133
236
283
309
321
289
246
257
320
340
275
213
203
198
181
191
209
173
106
67
22
-18
-39
-38
-17
-63
-147
-155
-124
-170
-257
-325
-384
-431
-489
-545
-571
-581
-576
-556
-562
-588
-585
-562
-516
-447
-346
-225
-183
-220
-271
-313
-320
-288
-239
-189
-144
-112
-98
-99
-97
-80
-57
-50
-26
17
64
142
210
238
237
224
196
155
140
171
234
282
283
216
120
54
62
111
163
227
271
301
302
286
283
287
289
278
265
266
270
263
244
198
139
81
27
-13
-28
23
87
104
88
41
-29
-110
-168
-198
-205
-221
-249
-270
-307
-325
-323
-297
-259
-262
-239
-198
-159
-122
-96
-75
-86
-130
-196
-251
-282
-287
-266
-236
-197
-146
-107
-85
-49
-7
64
171
264
324
378
417
432
435
423
408
383
367
352
329
320
290
233
158
73
14
-8
-7
0
9
12
14
23
28
51
90
109
82
23
-4
-3
32
96
152
200
200
170
129
58
-25
-99
-142
-163
-166
-162
-156
-178
-226
-271
-302
-301
-297
-286
-238
-147
-55
8
23
-3
-31
-35
-13
16
74
126
136
144
135
124
126
115
74
24
-8
-22
-7
8
-12
-58
-119
-171
-223
-274
-280
-243
-211
-198
-182
-172
-172
-153
-123
-99
-82
-51
-17
-7
-4
-10
-27
-32
-27
-33
-35
-31
-21
-11
-11
-16
-58
-107
-148
-168
-137
-81
-16
20
16
3
2
11
16
25
36
35
32
37
58
94
122
143
146
140
157
184
230
288
330
340
325
277
212
178
150
114
60
-6
-40
-64
-82
-84
-86
-91
-99
-63
-17
15
56
81
99
128
155
190
199
154
114
89
64
30
-26
-96
-166
-200
-203
-198
-195
-209
-229
-243
-235
-200
-150
-104
-86
-76
-56
-41
-18
11
45
73
70
53
48
40
32
31
5
-47
-86
-81
-56
-27
-3
-18
-74
-141
-182
-189
-171
-138
-110
-72
-33
10
42
29
16
19
54
110
164
216
217
194
158
129
113
80
64
52
50
53
55
44
0
-40
-77
-98
-97
-97
-87
-73
-57
-53
-44
-32
-30
-14
-1
10
33
58
75
75
70
68
63
61
75
100
113
122
147
157
148
133
110
77
22
-6
-7
-20
-31
-44
-69
-104
-131
-143
-161
-190
-196
-175
-158
-145
-123
-104
-119
-132
-128
-123
-99
-55
9
64
78
90
97
104
121
131
142
136
100
51
24
-2
-32
-57
-86
-133
-168
-179
-188
-169
-152
-144
-132
-116
-91
-50
9
33
54
73
67
81
91
103
119
113
106
117
125
120
112
97
80
66
57
57
67
56
40
30
10
-1
-4
-7
3
6
-4
0
-24
-53
-61
-91
-93
-77
-54
-1
16
23
24
11
13
22
35
45
70
88
84
74
57
24
-15
-66
-87
-75
-76
-53
-44
-64
-84
-104
-115
-116
-113
-85
-51
-21
5
22
47
45
43
60
61
77
99
106
136
153
133
124
103
70
62
40
10
-2
-42
-78
-74
-71
-72
-88
-98
-81
-66
-38
-5
18
37
40
40
33
8
-12
-22
-37
-40
-34
-37
-38
-40
-52
-72
-96
-117
-138
-140
-136
-137
-138
-137
-139
-123
-103
-90
-56
-23
2
33
67
93
112
117
113
100
87
71
54
44
25
19
36
50
57
35
5
-9
-35
-40
-26
-9
24
48
57
64
55
57
65
56
67
78
79
94
96
84
75
47
21
12
-5
-4
9
2
-7
-34
-69
-72
-78
-89
-89
-95
-93
-78
-69
-57
-47
-55
-70
-84
-77
-69
-47
-11
-13
-10
-5
-14
2
9
-2
4
0
-8
7
9
14
18
-1
-33
-67
-63
-36
-15
5
2
-22
-45
-61
-57
-33
-10
12
41
60
80
95
99
106
105
107
110
125
155
166
157
139
103
72
50
24
3
-17
-30
-61
-95
-105
-111
-102
-98
-111
-118
-113
-103
-77
-42
-29
-21
-10
-2
-1
-18
-26
-28
-58
-57
-47
-28
9
8
4
2
-16
-6
10
23
37
35
42
45
41
37
40
36
21
6
-9
-4
-1
9
17
20
15
-3
-16
-21
-21
-13
5
11
18
45
77
76
70
81
77
64
53
44
20
-2
-11
-21
-27
-40
-53
-51
-60
-78
-92
-96
-67
-50
-52
-31
-32
-50
-42
-33
-24
-14
-10
-5
1
11
27
42
40
34
25
9
2
-7
-13
-12
-15
-20
-20
-23
-18
-13
-20
-15
-14
-14
0
20
49
67
52
24
14
19
27
54
65
61
57
56
50
28
12
-3
-13
-29
-51
-56
-36
-22
-29
-41
-60
-71
-71
-52
-34
-27
-8
4
9
19
26
14
-5
0
4
10
39
54
50
44
28
3
-11
-21
-32
-33
-34
-45
-54
-58
-61
-64
-44
-27
-16
-5
0
15
14
20
28
40
38
20
11
16
21
14
23
18
-13
-20
-32
-47
-37
-51
-39
-14
-16
-3
5
2
-2
-5
10
41
63
72
70
58
47
34
19
5
-26
-38
-31
-30
-21
-23
-36
-56
-77
-87
-77
-46
-9
35
60
53
39
14
2
3
-4
8
19
25
30
33
32
18
6
-6
-7
9
20
32
32
27
17
3
-2
-18
-21
0
0
-12
-10
-14
-26
-30
-31
-19
-7
16
30
19
19
8
-4
1
7
15
19
21
11
-11
-31
-52
-64
-67
-64
-59
-36
-16
-3
9
-8
-21
-20
-9
8
39
61
60
73
70
64
51
19
8
5
-3
2
5
-6
-16
-34
-52
-61
-57
-41
-28
-14
4
3
0
6
-2
-9
-9
-7
1
17
18
10
12
1
-17
-21
-13
2
10
19
21
9
1
-16
-35
-33
-37
-52
-37
-22
-6
11
12
10
-4
-14
-20
-16
0
6
12
8
-4
-2
-10
-13
0
3
3
6
13
0
-4
15
10
10
8
-8
-20
-30
-21
-17
-31
-20
6
12
23
35
46
55
61
71
63
58
49
36
25
-2
-27
-35
-45
-49
-54
-65
-62
-58
-56
-50
-37
-30
-26
-17
-11
-2
7
-9
-17
-6
0
21
20
10
10
8
13
15
34
44
42
42
28
12
-9
-16
-15
-13
-25
-35
-25
-29
-28
-23
-23
-21
-15
-7
5
14
13
9
7
9
6
3
6
9
8
9
9
11
13
-8
-19
-32
-34
-25
-30
-19
-12
-5
-11
-20
-10
-11
-10
-4
-4
-14
-7
3
13
25
26
34
27
25
39
38
37
36
31
40
28
16
9
-6
-6
-6
4
1
-5
5
4
2
-20
-37
-33
-45
-41
-36
-33
-35
-28
-9
-8
-5
3
-1
-4
-21
-37
-40
-42
-32
-28
-31
-13
-11
-24
-14
-11
-17
-26
-22
-3
0
3
9
11
13
18
24
23
20
21
31
51
49
28
26
22
21
20
20
30
21
7
6
2
-4
-7
13
26
11
3
-2
-26
-26
-14
-22
-24
-23
-20
-15
-7
-4
-9
-11
-11
-12
-27
-27
-12
-7
0
4
8
7
7
7
13
13
16
9
-14
-4
77
251
91
-104
13
-38
-100
-102
-116
-106
-79
-19
-13
-3
0
-40
-42
-21
-3
10
0
15
53
70
59
65
70
17
-7
3
-11
-24
-25
-11
-4
58
135
135
83
26
15
37
10
-18
-10
-19
-14
-17
-48
-93
-114
-135
-139
-111
-107
-78
-61
-61
-48
-52
-37
-4
17
35
81
124
129
128
118
119
118
124
178
181
142
182
212
145
45
-29
-74
-89
-117
-169
-193
-207
-216
-224
-221
-183
-182
-234
-232
-155
-34
61
73
60
66
87
88
58
44
45
49
46
26
7
-24
-72
-99
-111
-128
-105
-67
-19
38
77
89
74
70
74
87
96
104
123
139
144
131
117
85
48
57
70
68
31
-27
-48
-44
-31
-52
-98
-132
-131
-115
-102
-87
-67
-46
-40
-40
-46
-39
-17
-16
-18
-10
11
34
27
-1
-9
-4
-23
-51
-64
-52
-24
-10
-16
-29
-33
-33
-28
-31
-32
-21
-10
17
40
57
86
106
112
108
101
101
108
110
102
91
81
70
51
28
7
-9
-19
-33
-46
-59
-71
-81
-85
-64
-36
-15
-4
-10
-20
-28
-27
-13
8
32
51
54
30
14
-6
-17
2
10
31
37
23
12
-8
-18
-26
-27
-41
-53
-41
-42
-57
-91
-126
-142
-163
-175
-181
-197
-223
-253
-290
-342
-414
-493
-569
-614
-507
-173
265
602
738
734
686
625
603
731
989
1267
1450
1433
1255
993
687
416
226
148
171
173
82
-106
-351
-629
-934
-1214
-1384
-1367
-1212
-1019
-895
-890
-960
-1065
-1171
-1184
-1020
-687
-283
47
228
279
248
209
211
306
523
788
981
1034
975
841
668
509
391
364
419
468
458
362
209
10
-230
-423
-524
-506
-413
-318
-273
-319
-418
-543
-657
-693
-614
-447
-280
-189
-157
-151
-167
-159
-121
-29
135
275
364
410
434
459
455
442
440
459
499
526
511
461
389
293
174
63
-21
-61
-58
-72
-124
-198
-289
-384
-452
-476
-452
-394
-350
-340
-353
-364
-362
-341
-300
-241
-178
-111
-37
26
84
128
159
185
219
273
341
426
481
469
415
342
291
277
288
311
310
260
180
81
-18
-90
-124
-128
-127
-130
-153
-189
-228
-263
-271
-259
-242
-216
-178
-129
-108
-116
-135
-143
-118
-83
-44
21
72
77
60
2
-23
-8
19
61
90
126
125
100
63
29
39
70
125
168
181
169
134
93
58
44
53
69
59
39
-3
-55
-93
-139
-165
-155
-148
-166
-196
-228
-248
-258
-264
-271
-247
-218
-196
-155
-130
-112
-88
-63
-37
10
60
99
134
147
138
131
149
159
184
217
239
240
213
174
147
143
128
134
136
116
105
62
18
-15
-51
-73
-81
-83
-90
-110
-132
-152
-174
-185
-174
-154
-127
-100
-96
-96
-106
-116
-100
-76
-37
10
54
89
112
129
139
157
175
182
189
205
224
212
187
160
128
100
81
74
61
39
5
-34
-75
-109
-135
-142
-135
-128
-129
-147
-166
-183
-185
-168
-148
-120
-96
-88
-97
-96
-69
-39
-22
-20
-3
15
27
39
53
86
103
98
95
95
103
115
128
129
128
122
94
50
14
9
5
-2
-9
-33
-49
-54
-76
-86
-84
-75
-58
-64
-79
-67
-8
36
46
30
-7
-26
-44
-55
-27
35
45
8
-52
-112
-124
-122
-103
-55
-21
-45
-73
-110
-135
-103
-89
-93
-100
-117
-137
-159
-189
-176
-97
-23
18
37
61
91
132
176
231
297
354
387
401
411
414
417
398
379
356
335
309
279
227
156
69
-24
-82
-130
-171
-212
-266
-330
-390
-439
-469
-464
-464
-444
-425
-438
-438
-417
-375
-312
-230
-152
-69
-7
7
40
92
147
221
271
313
336
315
293
264
248
268
269
251
242
209
153
93
36
-3
-25
-44
-64
-84
-114
-163
-218
-254
-277
-276
-256
-237
-223
-218
-225
-238
-235
-213
-174
-114
-64
-34
-4
18
57
93
129
174
207
238
250
281
299
304
318
310
302
285
273
277
258
237
211
163
124
85
76
62
7
-65
-161
-253
-305
-323
-322
-316
-332
-370
-416
-466
-481
-454
-402
-339
-293
-268
-275
-284
-275
-229
-146
-65
2
45
67
64
68
105
180
265
313
320
300
302
314
322
331
349
359
339
291
227
177
138
101
62
24
-18
-95
-181
-266
-328
-356
-401
-464
-556
-672
-735
-586
-165
200
316
244
116
137
290
520
859
1165
1252
1132
922
815
842
888
902
870
783
639
430
199
24
-79
-179
-344
-518
-645
-718
-788
-948
-1133
-1240
-1247
-1200
-1154
-1102
-1042
-1022
-1040
-987
-831
-611
-392
-258
-162
-83
-4
111
240
415
571
657
673
636
652
694
737
765
766
744
697
623
517
428
374
344
285
208
158
94
-4
-109
-209
-267
-302
-354
-407
-443
-466
-483
-504
-513
-494
-459
-422
-393
-378
-341
-269
-208
-156
-88
-13
54
95
125
178
232
278
301
326
356
374
385
362
345
336
334
347
322
277
232
170
97
55
33
-6
-48
-102
-167
-223
-265
-309
-331
-336
-339
-345
-365
-373
-360
-322
-250
-181
-130
-95
-84
-63
-16
64
151
212
236
235
238
250
272
298
314
313
298
283
273
254
242
209
156
114
88
90
80
46
-7
-65
-106
-131
-139
-144
-166
-201
-246
-278
-283
-281
-266
-250
-231
-203
-190
-169
-135
-89
-50
-26
6
40
78
95
108
135
154
167
174
183
219
232
189
173
179
184
181
131
84
51
29
5
-30
-31
-33
-77
-150
-222
-228
-210
-216
-244
-273
-275
-275
-283
-286
-271
-231
-191
-179
-153
-125
-125
-101
-78
-56
0
48
95
128
145
173
203
218
228
242
267
287
290
300
298
279
250
209
178
161
139
114
103
79
33
-18
-66
-85
-87
-92
-101
-119
-138
-153
-163
-163
-148
-123
-96
-76
-63
-50
-37
-18
-3
-4
4
20
15
14
20
11
-32
-74
-87
-115
-162
-219
-303
-402
-487
-519
-353
17
278
303
178
28
72
240
450
767
964
931
796
600
528
618
687
706
678
587
440
253
75
-23
-40
-95
-228
-361
-466
-538
-611
-757
-839
-828
-823
-791
-788
-800
-791
-804
-803
-716
-548
-366
-234
-200
-183
-134
-60
55
180
289
390
435
420
418
434
479
537
540
506
506
477
407
355
287
260
233
150
104
78
24
-57
-151
-209
-217
-208
-224
-252
-283
-339
-369
-362
-327
-261
-235
-237
-239
-259
-223
-151
-86
-11
31
51
66
80
105
145
185
208
223
226
238
256
252
252
240
221
227
219
208
192
164
137
98
62
29
-6
-38
-65
-103
-133
-154
-179
-199
-201
-201
-226
-238
-251
-246
-209
-176
-126
-112
-125
-125
-105
-48
10
75
121
133
141
143
158
203
243
272
328
382
384
347
290
256
273
282
254
226
175
76
-5
-80
-147
-157
-181
-231
-277
-337
-387
-416
-445
-450
-428
-426
-442
-432
-403
-353
-301
-266
-222
-176
-126
-71
-17
43
99
148
191
231
270
303
342
364
365
382
378
366
350
321
312
286
239
183
142
108
71
43
14
-14
-47
-80
-107
-118
-134
-152
-154
-156
-150
-146
-155
-140
-120
-124
-109
-97
-90
-81
-80
-55
-52
-54
-28
-16
-4
5
24
67
91
93
81
77
81
64
69
97
114
113
79
38
23
23
23
16
3
-37
-62
-81
-119
-115
-103
-106
-116
-154
-174
-161
-141
-120
-87
-62
-49
-35
-31
-21
-8
-9
-17
-29
-44
-54
-79
-117
-159
-239
-329
-355
-247
-2
237
361
340
210
183
287
464
707
855
854
754
618
550
570
594
587
518
379
249
126
21
-76
-171
-273
-389
-493
-583
-618
-650
-733
-810
-852
-845
-801
-741
-686
-665
-664
-637
-564
-444
-284
-139
-33
17
46
92
169
253
336
402
426
441
430
422
454
460
443
414
356
303
259
201
122
39
-39
-98
-131
-157
-187
-218
-251
-280
-292
-294
-277
-251
-227
-196
-142
-67
1
54
90
106
134
176
222
291
348
364
346
312
288
268
272
259
212
152
86
26
-20
-61
-119
-177
-238
-295
-328
-346
-351
-358
-377
-389
-382
-357
-313
-272
-219
-161
-133
-86
-12
55
114
166
201
239
270
300
330
341
360
376
355
327
295
241
207
200
190
184
148
89
43
-1
-19
-16
-22
-37
-66
-106
-122
-112
-77
-52
-57
-74
-123
-142
-105
-59
-29
-32
-71
-117
-136
-140
-113
-95
-103
-118
-157
-178
-180
-183
-189
-201
-206
-199
-185
-171
-160
-148
-134
-119
-95
-60
-21
-10
0
5
10
52
87
120
134
128
127
133
152
180
206
216
220
198
165
171
206
230
217
188
173
157
153
151
132
118
105
87
70
62
62
48
5
-47
-67
-53
-57
-89
-120
-142
-156
-179
-200
-199
-197
-191
-192
-201
-186
-159
-162
-161
-150
-136
-87
-46
-27
-15
3
24
41
67
90
116
113
59
28
52
84
106
102
72
31
-13
-26
-22
-8
14
15
-3
-22
-14
10
21
-3
-23
-24
-18
13
33
40
36
28
1
-12
21
64
86
66
31
18
32
61
60
38
24
-3
-47
-101
-128
-122
-116
-140
-186
-227
-257
-293
-341
-416
-506
-553
-514
-376
-183
31
165
184
161
187
356
582
752
837
812
729
655
587
570
586
545
434
272
126
18
-61
-128
-211
-303
-397
-463
-507
-521
-509
-509
-511
-475
-414
-339
-263
-213
-189
-184
-145
-59
41
125
168
166
156
137
110
118
132
111
46
-51
-127
-156
-158
-163
-181
-225
-285
-339
-357
-329
-309
-299
-291
-265
-190
-103
-28
29
71
114
170
225
278
341
390
398
373
348
345
365
362
342
309
254
205
157
128
105
66
9
-65
-122
-151
-157
-149
-152
-168
-198
-218
-209
-181
-128
-80
-50
-43
-36
3
41
68
87
92
99
138
156
131
111
87
61
38
7
-11
-30
-83
-152
-206
-229
-220
-211
-195
-157
-124
-109
-106
-98
-51
27
77
101
112
129
158
163
174
202
232
247
213
170
135
121
123
97
61
51
50
27
-6
-45
-61
-44
-61
-91
-118
-141
-140
-157
-177
-173
-174
-171
-164
-169
-160
-142
-132
-116
-105
-82
-18
7
-12
-23
-20
6
30
48
57
58
44
28
14
17
54
63
41
11
-9
1
28
50
83
106
93
61
24
39
96
148
166
143
102
80
95
108
123
124
101
78
37
10
18
44
57
36
-3
-34
-51
-68
-73
-57
-44
-39
-42
-52
-68
-85
-101
-100
-81
-70
-58
-58
-58
-46
-30
-9
-6
-27
-53
-58
-49
-44
-32
-31
-60
-84
-91
-88
-72
-59
-58
-63
-66
-64
-40
-11
18
58
75
71
61
44
46
67
79
81
86
63
44
40
28
34
27
21
18
8
0
3
31
54
46
8
-32
-56
-65
-65
-69
-65
-55
-50
-57
-76
-88
-88
-64
-33
-30
-49
-53
-34
-23
-15
2
10
6
-6
-30
-44
-31
0
26
30
18
-2
-7
2
13
27
35
29
17
11
16
3
-46
-73
-55
0
0
0
0
0
0
0
0
0
0
0
0
0
0
0
0
0
0
0
0
0
0
0
0
0
0
0
0
0
0
0
0
0
0
0
0
0
0
0
0
0
0
0
0
0
0
0
0
0
0
0
0
0
0
0
0
0
0
0
0
0
0
0
0
0
0
0
0
0
0
0
0
0
0
0
0
0
0
0
0
0
0
0
0
0
0
0
0
0
0
0
0
0
0
0
0
0
0
0
0
0
0
0
0
0
0
0
0
0
0
0
0
0
0
0
0
0
0
0
0
0
0
0
0
0
0
0
0
0
0
0
0
0
0
0
0
0
0
0
0
0
0
0
0
0
0
0
0
0
0
0
0
0
0
0
0
0
0
0
0
0
0
0
0
0
0
0
0
0
0
0
0
0
0
0
0
0
0
0
0
0
0
0
0
0
0
0
0
0
0
0
0
0
0
0
0
0
0
0
0
0
0
0
0
0
0
0
0
0
0
0
0
0
0
0
0
0
0
0
0
0
0
0
0
0
0
0
0
0
0
0
0
0
0
0
0
0
0
0
0
0
0
0
0
0
0
0
0
0
0
0
0
0
0
0
0
0
0
0
0
0
0
0
0
0
0
0
0
0
0
0
0
0
0
0
0
0
0
0
0
0
0
0
0
0
0
0
0
0
0
0
0
0
0
0
0
0
0
0
0
0
0
0
0
0
0
0
0
0
0
0
0
0
0
0
0
0
0
0
0
0
0
0
0
0
0
0
0
0
0
0
0
0
0
0
0
0
0
0
0
0
0
0
0
0
0
0
0
0
0
0
0
0
0
0
0
0
0
0
0
0
0
0
0
0
0
0
0
0
0
0
0
0
0
0
0
0
0
0
0
0
0
0
0
0
0
0
0
0
0
0
0
0
0
0
0
0
0
0
0
0
0
0
0
0
0
0
0
0
0
0
0
0
0
0
0
0
0
0
0
0
0
0
0
0
0
0
0
0
0
0
0
0
0
0
0
0
0
0
0
0
0
0
0
0
0
0
0
0
0
0
0
0
0
0
0
0
0
0
0
0
0
0
0
0
0
0
0
0
0
0
0
0
0
0
0
0
0
0
0
0
0
0
0
0
0
0
0
0
0
0
0
0
0
0
0
0
0
0
0
0
0
0
0
0
0
0
0
0
0
0
0
0
0
0
0
0
0
0
0
0
0
0
0
0
0
0
0
0
0
0
0
0
0
0
0
0
0
0
0
0
0
0
0
0
0
0
0
0
0
0
0
0
0
0
0
0
0
0
0
0
0
0
0
0
0
0
0
0
0
0
0
0
0
0
0
0
0
0
0
0
0
0
0
0
0
0
0
0
0
0
0
0
0
0
0
0
0
0
0
0
0
0
0
0
0
0
0
0
0
0
0
0
0
0
0
0
0
0
0
0
0
0
0
0
0
0
0
0
0
0
0
0
0
0
0
0
0
0
0
0
0
0
0
0
0
0
0
0
0
0
0
0
0
0
0
0
0
0
0
0
0
0
0
0
0
0
0
0
0
0
0
0
0
0
0
0
0
0
0
0
0
0
0
0
0
0
0
0
0
0
0
0
0
0
0
0
0
0
0
0
0
0
0
0
0
0
0
0
0
0
0
0
0
0
0
0
0
0
0
0
0
0
0
0
0
0
0
0
0
0
0
0
0
0
0
0
0
0
0
0
0
0
0
0
0
0
0
0
0
0
0
0
0
0
0
0
0
0
0
0
0
0
0
0
0
0
0
0
0
0
0
0
0
0
0
0
0
0
0
0
0
0
0
0
0
0
0
0
0
0
0
0
0
0
0
0
0
0
0
0
0
0
0
0
0
0
0
0
0
0
0
0
0
0
0
0
0
0
0
0
0
0
0
0
0
0
0
0
0
0
0
0
0
0
0
0
0
0
0
0
0
0
0
0
0
0
0
0
0
0
0
0
0
0
0
0
0
0
0
0
0
0
0
0
0
0
0
0
0
0
0
0
0
0
0
0
0
0
0
0
0
0
0
0
0
0
0
0
0
0
0
0
0
0
0
0
0
0
0
0
0
0
0
0
0
0
0
0
0
0
0
0
0
0
0
0
0
0
0
0
0
0
0
0
0
0
0
0
0
0
0
0
0
0
0
0
0
0
0
0
0
0
0
0
0
0
0
0
0
0
0
0
0
0
0
0
0
0
0
0
0
0
0
0
0
0
0
0
0
0
0
0
0
0
0
0
0
0
0
0
0
0
0
0
0
0
0
0
0
0
0
0
0
0
0
0
0
0
0
0
0
0
0
0
0
0
0
0
0
0
0
0
0
0
0
0
0
0
0
0
0
0
0
0
0
0
0
0
0
0
0
0
0
0
0
0
0
0
0
0
0
0
0
0
0
0
0
0
0
0
0
0
0
0
0
0
0
0
0
0
0
0
0
0
0
0
0
0
0
0
0
0
0
0
0
0
0
0
0
0
0
0
0
0
0
0
0
0
0
0
0
0
0
0
0
0
0
0
0
0
0
0
0
0
0
0
0
0
0
0
0
0
0
0
0
0
0
0
0
0
0
0
0
0
0
0
0
0
0
0
0
0
0
0
0
0
0
0
0
0
0
0
0
0
0
0
0
0
0
0
0
0
0
0
0
0
0
0
0
0
0
0
0
0
0
0
0
0
0
0
0
0
0
0
0
0
0
0
0
0
0
0
0
0
0
0
0
0
0
0
0
0
0
0
0
0
0
0
0
0
0
0
0
0
0
0
0
0
0
0
0
0
0
0
0
0
0
0
0
0
0
0
0
0
0
0
0
0
0
0
0
0
0
0
0
0
0
0
0
0
0
0
0
0
0
0
0
0
0
0
0
0
0
0
0
0
0
0
0
0
0
0
0
0
0
0
0
0
0
0
0
0
0
0
0
0
0
0
0
0
0
0
0
0
0
0
0
0
0
0
0
0
0
0
0
0
0
0
0
0
0
0
0
0
0
0
0
0
0
0
0
0
0
0
0
0
0
0
0
0
0
0
0
0
0
0
0
0
0
0
0
0
0
0
0
0
0
0
0
0
0
0
0
0
0
0
0
0
0
0
0
0
0
0
0
0
0
0
0
0
0
0
0
0
0
0
0
0
0
0
0
0
0
0
0
0
0
0
0
0
0
0
0
0
0
0
0
0
0
0
0
0
0
0
0
0
0
0
0
0
0
0
0
0
0
0
0
0
0
0
0
0
0
0
0
0
0
0
0
0
0
0
0
0
0
0
0
0
0
0
0
0
0
0
0
0
0
0
0
0
0
0
0
0
0
0
0
0
0
0
0
0
0
0
0
0
0
0
0
0
0
0
0
0
0
0
0
0
0
0
0
0
0
0
0
0
0
0
0
0
0
0
0
0
0
0
0
0
0
0
0
0
0
0
0
0
0
0
0
0
0
0
0
0
0
0
0
0
0
0
0
0
0
0
0
0
0
0
0
0
0
0
0
0
0
0
0
0
0
0
0
0
0
0
0
0
0
0
0
0
0
0
0
0
0
0
0
0
0
0
0
0
0
0
0
0
0
0
0
0
0
0
0
0
0
0
0
0
0
0
0
0
0
0
0
0
0
0
0
0
0
0
0
0
0
0
0
0
0
0
0
0
0
0
0
0
0
0
0
0
0
0
0
0
0
0
0
0
0
0
0
0
0
0
0
0
0
0
0
0
0
0
0
0
0
0
0
0
0
0
0
0
0
0
0
0
0
0
0
0
0
0
0
0
0
0
0
0
0
0
0
0
0
0
0
0
0
0
0
0
0
0
0
0
0
0
0
0
0
0
0
0
0
0
0
0
0
0
0
0
0
0
0
0
0
0
0
0
0
0
0
0
0
0
0
0
0
0
0
0
0
0
0
0
0
0
0
0
0
0
0
0
0
0
0
0
0
0
0
0
0
0
0
0
0
0
0
0
0
0
0
0
0
0
0
0
0
0
0
0
0
0
0
0
0
0
0
0
0
0
0
0
0
0
0
0
0
0
0
0
0
0
0
0
0
0
0
0
0
0
0
0
0
0
0
0
0
0
0
0
0
0
0
0
0
0
0
0
0
0
0
0
0
0
0
0
0
0
0
0
0
0
0
0
0
0
0
0
0
0
0
0
0
0
0
0
0
0
0
0
0
0
0
0
0
0
0
0
0
0
0
0
0
0
0
0
0
0
0
0
0
0
0
0
0
0
0
0
0
0
0
0
0
0
0
0
0
0
0
0
0
0
0
0
0
0
0
0
0
0
0
0
0
0
0
0
0
0
0
0
0
0
0
0
0
0
0
0
0
0
0
0
0
0
0
0
0
0
0
0
0
0
0
0
0
0
0
0
0
0
0
0
0
0
0
0
0
0
0
0
0
0
0
0
0
0
0
0
0
0
0
0
0
0
0
0
0
0
0
0
0
0
0
0
0
0
0
0
0
0
0
0
0
0
0
0
0
0
0
0
0
0
0
0
0
0
0
0
0
0
0
0
0
0
0
0
0
0
0
0
0
0
0
0
0
0
0
0
0
0
0
0
0
0
0
0
0
0
0
0
0
0
0
0
0
0
0
0
0
0
0
0
0
0
0
0
0
0
0
0
0
0
0
0
0
0
0
0
0
0
0
0
0
0
0
0
0
0
0
0
0
0
0
0
0
0
0
0
0
0
0
0
0
0
0
0
0
0
0
0
0
0
0
0
0
0
0
0
0
0
0
0
0
0
0
0
0
0
0
0
0
0
0
0
0
0
0
0
0
0
0
0
0
0
0
0
0
0
0
0
0
0
0
0
0
0
0
0
0
0
0
0
0
0
0
0
0
0
0
0
0
0
0
0
0
0
0
0
0
0
0
0
0
0
0
0
0
0
0
0
0
0
0
0
0
0
0
0
0
0
0
0
0
0
0
0
0
0
0
0
0
0
0
0
0
0
0
0
0
0
0
0
0
0
0
0
0
0
0
0
0
0
0
0
0
0
0
0
0
0
0
0
0
0
0
0
0
0
0
0
0
0
0
0
0
0
0
0
0
0
0
0
0
0
0
0
0
0
0
0
0
0
0
0
0
0
0
0
0
0
0
0
0
0
0
0
0
0
0
0
0
0
0
0
0
0
0
0
0
0
0
0
0
0
0
0
0
0
0
0
0
0
0
0
0
0
0
0
0
0
0
0
0
0
0
0
0
0
0
0
0
0
0
0
0
0
0
0
0
0
0
0
0
0
0
0
0
0
0
0
0
0
0
0
0
0
0
0
0
0
0
0
0
0
0
0
0
0
0
0
0
0
0
0
0
0
0
0
0
0
0
0
0
0
0
0
0
0
0
0
0
0
0
0
0
0
0
0
0
0
0
0
0
0
0
0
0
0
0
0
0
0
0
0
0
0
0
0
0
0
0
0
0
0
0
0
0
0
0
0
0
0
0
0
0
0
0
0
0
0
0
0
0
0
0
0
0
0
0
0
0
0
0
0
0
0
0
0
0
0
0
0
0
0
0
0
0
0
0
0
0
0
0
0
0
0
0
0
0
0
0
0
0
0
0
0
0
0
0
0
0
0
0
0
0
0
0
0
0
0
0
0
0
0
0
0
0
0
0
0
0
0
0
0
0
0
0
0
0
0
0
0
0
0
0
0
0
0
0
0
0
0
0
0
0
0
0
0
0
0
0
0
0
0
0
0
0
0
0
0
0
0
0
0
0
0
0
0
0
0
0
0
0
0
0
0
0
0
0
0
0
0
0
0
0
0
0
0
0
0
0
0
0
0
0
0
0
0
0
0
0
0
0
0
0
0
0
0
0
0
0
0
0
0
0
0
0
0
0
0
0
0
0
0
0
0
0
0
0
0
0
0
0
0
0
0
0
0
0
0
0
0
0
0
0
0
0
0
0
0
0
0
0
0
0
0
0
0
0
0
0
0
0
0
0
0
0
0
0
0
0
0
0
0
0
0
0
0
0
0
0
0
0
0
0
0
0
0
0
0
0
0
0
0
0
0
0
0
0
0
0
0
0
0
0
0
0
0
0
0
0
0
0
0
0
0
0
0
0
0
0
0
0
0
0
0
0
0
0
0
0
0
0
0
0
0
0
0
0
0
0
0
0
0
0
0
0
0
0
0
0
0
0
0
0
0
0
0
0
0
0
0
0
0
0
0
0
0
0
