20
-2
-10
-1
17
29
20
-10
-41
-54
-39
-9
9
5
-5
-12
-13
-7
5
17
23
26
24
17
11
6
0
-7
-16
-23
-23
-17
-6
0
2
2
3
6
5
7
11
8
0
-13
-27
-27
-13
0
2
1
0
-5
-11
-16
-17
-7
6
16
14
0
-17
-20
-9
3
7
8
9
6
-2
-12
-20
-13
-2
6
11
0
-16
-25
-27
-23
-10
8
16
8
-10
-19
-11
0
10
17
20
19
4
-13
-19
-8
10
17
17
8
1
-10
-20
-27
-33
-20
2
11
-3
-23
-36
-38
-28
-13
-3
3
8
13
14
4
-6
-2
14
26
24
15
-3
-18
-16
-4
9
17
12
2
-4
-11
-12
7
34
40
15
-16
-33
-34
-17
2
2
-5
-4
-4
-4
-2
13
35
50
46
17
-24
-52
-47
-16
6
3
-17
-37
-41
-24
2
19
18
-2
-22
-20
-7
-4
-19
-38
-49
-54
-39
-13
2
1
0
6
13
15
9
0
-14
-24
-13
5
11
0
-31
-63
-77
-53
-11
19
27
7
-17
-20
0
26
44
59
65
57
41
10
-30
-53
-47
-14
26
37
19
-12
-41
-42
-10
37
71
65
36
-9
-55
-74
-54
-10
24
31
3
-39
-58
-64
-68
-51
-13
20
33
16
-25
-74
-86
-44
17
51
35
5
-8
5
21
24
17
4
9
25
27
1
-29
-45
-48
-26
9
37
46
37
15
3
22
63
94
93
63
21
-7
-15
-31
-50
-59
-60
-56
-62
-74
-68
-42
-10
24
47
49
41
32
15
6
5
-1
-11
-31
-51
-63
-57
-27
3
18
27
32
23
10
20
49
72
67
28
-8
-16
-11
-2
-1
-3
-1
-1
3
11
17
10
15
47
64
51
27
-2
-30
-46
-33
-18
-22
-30
-38
-37
-27
0
22
5
-28
-47
-38
-10
5
-13
-44
-41
-7
27
31
17
10
23
74
112
96
46
0
-28
-47
-40
-36
-54
-68
-70
-46
-10
19
38
37
18
17
41
51
34
3
-26
-30
3
25
22
14
3
-18
-27
2
36
51
50
27
-20
-57
-77
-67
-42
-30
-19
-9
4
21
40
57
76
89
75
47
23
1
-12
-8
-8
-47
-102
-130
-112
-62
-25
-12
-17
-25
-5
44
85
85
62
32
2
-9
-6
-12
-41
-88
-119
-111
-78
-40
-16
-10
-4
10
30
63
97
107
89
65
54
40
11
-27
-62
-85
-101
-98
-74
-54
-49
-51
-52
-31
19
77
107
105
79
41
33
61
87
84
51
-3
-43
-36
-2
23
20
5
13
43
63
54
17
-25
-36
-10
30
39
11
-28
-55
-43
4
41
31
0
-23
-27
-27
-44
-67
-87
-87
-66
-49
-43
-38
-31
-19
20
83
136
153
119
74
49
40
24
-9
-70
-146
-186
-163
-115
-75
-72
-96
-88
-43
30
96
108
97
89
110
167
197
172
87
-10
-40
-26
-16
-43
-100
-138
-136
-86
-33
-22
-41
-67
-67
-36
10
48
65
60
33
7
-10
-27
-42
-53
-47
-21
20
48
51
41
24
28
56
83
89
69
30
-29
-77
-79
-43
1
-2
-57
-108
-105
-32
60
116
124
99
87
95
109
126
117
74
30
4
-1
-5
-23
-54
-100
-125
-106
-71
-28
-6
-10
-9
13
59
104
135
132
102
68
32
0
-21
-39
-77
-126
-164
-187
-195
-191
-173
-145
-113
-76
-28
24
67
99
114
108
81
37
-6
-40
-80
-115
-143
-149
-147
-157
-154
-158
-177
-191
-181
-154
-164
-180
-175
-195
-238
-288
-341
-372
-375
-343
-294
-244
-215
-242
-299
-352
-384
-392
-350
-200
11
196
281
249
177
125
159
292
435
532
557
502
377
224
107
47
60
139
229
269
256
200
112
53
61
161
306
415
454
397
300
218
172
198
241
266
277
244
195
133
70
47
62
131
203
227
198
115
33
-13
-16
15
60
100
95
39
-37
-97
-141
-168
-177
-180
-192
-216
-245
-284
-319
-324
-289
-217
-146
-99
-89
-147
-229
-307
-361
-378
-370
-327
-294
-296
-331
-400
-473
-532
-564
-551
-509
-455
-450
-553
-724
-905
-1030
-1055
-736
12
755
1176
1262
1182
1063
954
956
979
905
770
557
276
-41
-417
-762
-914
-805
-498
-128
201
414
466
459
517
636
780
853
792
627
390
134
-118
-333
-458
-509
-460
-343
-238
-168
-141
-110
-18
145
335
489
549
507
397
272
186
126
80
45
-5
-51
-91
-124
-128
-122
-71
37
168
299
356
336
299
306
374
432
429
345
214
125
117
142
124
60
-4
-24
17
87
142
137
89
54
49
80
99
75
9
-81
-146
-182
-213
-260
-326
-393
-429
-428
-412
-395
-404
-411
-400
-404
-421
-467
-521
-570
-629
-644
-666
-763
-896
-1052
-1124
-1061
-970
-944
-998
-764
8
945
1629
1868
1753
1504
1277
1217
1228
1083
744
292
-141
-475
-783
-1047
-1144
-1057
-773
-338
113
484
656
684
722
800
933
1010
931
708
378
47
-214
-404
-535
-602
-578
-484
-350
-204
-81
-1
77
213
377
534
625
595
486
335
187
75
2
-36
-65
-56
17
95
140
166
218
327
478
624
706
679
551
379
202
78
33
7
-40
-122
-226
-311
-345
-314
-238
-142
-26
81
141
149
82
-30
-140
-227
-285
-361
-468
-596
-715
-769
-779
-767
-743
-728
-715
-727
-737
-757
-762
-715
-699
-721
-810
-931
-981
-902
-692
-441
-160
179
546
877
1156
1337
1392
1352
1236
1067
851
574
250
-94
-398
-613
-731
-734
-659
-556
-413
-210
48
316
530
668
730
746
738
698
624
484
293
115
-31
-166
-284
-374
-434
-432
-365
-247
-119
-25
59
155
263
375
439
448
414
336
260
204
156
103
24
-50
-83
-70
-14
54
136
229
316
375
417
452
468
512
590
645
628
520
349
166
34
-14
-11
0
-24
-84
-133
-152
-144
-129
-100
-63
-32
-19
-44
-113
-232
-381
-506
-582
-612
-633
-689
-770
-850
-890
-888
-859
-783
-717
-663
-665
-771
-878
-977
-987
-816
-550
-282
-84
23
123
288
550
860
1072
1182
1202
1119
1001
814
540
249
-13
-171
-253
-305
-340
-403
-433
-362
-200
17
232
423
574
678
756
780
727
635
512
388
290
181
44
-111
-239
-310
-331
-291
-223
-139
-43
44
138
229
291
317
332
362
383
373
316
224
144
90
51
33
39
47
39
44
74
101
158
252
331
381
400
395
425
494
555
580
531
440
316
192
117
57
34
33
7
-29
-85
-146
-178
-177
-159
-155
-176
-208
-243
-294
-358
-442
-522
-587
-657
-698
-724
-761
-797
-836
-840
-814
-793
-785
-806
-836
-874
-819
-624
-371
-86
126
240
229
130
40
-7
134
388
612
721
620
434
282
193
168
159
174
205
205
217
227
170
80
7
16
126
248
347
370
285
196
147
159
219
243
244
225
173
133
67
5
-30
-51
-6
73
152
173
114
52
11
19
89
175
234
229
181
138
106
101
108
104
124
182
220
230
208
152
118
141
252
373
469
583
598
524
424
332
307
308
332
313
227
117
-23
-126
-169
-158
-100
-45
-30
-60
-96
-126
-171
-242
-332
-402
-436
-464
-539
-650
-778
-876
-890
-884
-858
-831
-821
-790
-753
-724
-757
-789
-719
-564
-320
-53
50
28
19
-14
12
83
166
206
122
11
-122
-128
-2
76
115
119
124
163
240
332
368
367
356
355
409
461
433
337
235
145
76
35
10
-10
-39
-36
8
73
120
105
95
100
123
200
271
309
287
220
148
92
59
19
-10
-7
17
45
67
73
61
40
36
75
146
215
241
228
200
180
172
154
132
150
235
311
388
495
546
522
451
387
379
391
369
284
165
51
-59
-125
-132
-138
-159
-192
-214
-212
-204
-200
-209
-241
-298
-370
-433
-516
-641
-790
-923
-985
-982
-952
-935
-943
-976
-1003
-956
-829
-657
-471
-224
80
290
364
360
311
271
257
262
251
142
-54
-323
-543
-654
-688
-574
-355
-88
100
176
213
231
321
481
698
910
1000
954
803
624
427
215
32
-95
-144
-152
-154
-170
-217
-253
-250
-172
-23
156
318
431
490
481
449
405
351
300
256
227
176
114
54
-18
-71
-90
-75
-26
28
80
123
160
199
215
238
268
304
361
427
486
488
455
462
502
573
626
603
540
455
367
289
208
133
54
-14
-35
-61
-97
-128
-171
-192
-208
-239
-263
-291
-319
-365
-435
-499
-610
-717
-787
-864
-899
-965
-1025
-1035
-1054
-1020
-963
-868
-719
-522
-224
91
333
529
617
541
378
216
195
227
130
-61
-339
-612
-741
-729
-579
-361
-226
-125
-14
134
355
518
656
767
852
1022
1144
1136
985
684
372
140
7
-50
-104
-199
-305
-382
-380
-313
-220
-98
33
191
370
539
664
689
622
530
467
437
412
343
228
106
2
-80
-120
-141
-153
-141
-100
-14
95
176
211
241
318
424
537
608
621
665
737
773
759
648
477
346
275
274
254
172
50
-71
-108
-103
-80
-48
-47
-57
-61
-64
-77
-110
-180
-281
-389
-497
-589
-691
-793
-883
-965
-1013
-1026
-994
-953
-918
-878
-870
-829
-733
-578
-433
-299
-143
-75
11
117
156
160
80
59
110
84
5
-195
-327
-398
-484
-374
-270
-157
-44
5
146
264
376
467
489
550
594
658
749
754
681
548
379
240
141
45
-6
-30
-29
-10
-27
-34
-71
-110
-71
-9
104
231
333
412
401
364
305
252
253
255
259
225
150
85
25
-11
-43
-57
-32
0
63
134
228
318
345
357
396
556
735
830
842
729
591
478
417
368
281
158
25
-36
-66
-110
-176
-241
-268
-265
-201
-160
-155
-178
-259
-312
-363
-414
-456
-523
-595
-677
-779
-909
-1024
-1111
-1171
-1170
-1116
-1029
-971
-928
-885
-815
-635
-441
-278
-177
-110
-14
56
123
133
145
133
19
-121
-218
-196
-191
-170
-128
-116
-91
-112
-75
-35
-5
109
270
516
708
769
751
640
559
524
532
555
516
424
269
112
-18
-151
-260
-281
-186
-37
96
161
148
81
5
19
139
297
410
432
417
357
276
191
95
42
24
64
145
212
216
130
57
50
93
181
283
417
555
627
635
588
530
488
493
554
584
528
407
266
134
40
-35
-101
-139
-168
-191
-206
-218
-242
-284
-321
-336
-337
-360
-409
-474
-558
-637
-714
-795
-889
-986
-1070
-1104
-1109
-1101
-1030
-1021
-1049
-998
-922
-856
-806
-756
-662
-542
-430
-230
32
138
102
19
-48
-79
-101
-40
4
8
-39
-151
-150
-130
-165
-185
-141
14
201
392
545
629
664
656
657
694
753
746
684
612
489
341
140
-43
-145
-194
-162
-115
-83
-73
-99
-83
-24
70
169
221
277
338
383
394
352
290
239
217
220
227
207
170
123
115
202
293
357
375
350
380
405
433
488
521
548
519
462
427
367
310
261
201
159
86
-8
-88
-183
-266
-341
-384
-366
-341
-339
-382
-467
-540
-609
-652
-673
-696
-733
-766
-771
-765
-776
-825
-894
-948
-945
-905
-843
-790
-758
-749
-733
-650
-525
-400
-337
-329
-333
-301
-217
-193
-222
-308
-399
-429
-396
-281
-198
-150
-144
-168
-158
-135
-111
-77
-30
36
137
299
496
647
725
725
686
667
677
674
662
643
597
523
424
331
217
73
-53
-140
-143
-82
-30
-13
-41
-93
-159
-197
-184
-156
-128
-97
-68
-36
1
12
-12
-37
-69
-103
-116
-99
-60
-56
-76
-105
-140
-160
-180
-210
-219
-219
-237
-261
-291
-307
-327
-364
-405
-445
-471
-485
-484
-451
-422
-430
-472
-525
-569
-608
-623
-624
-609
-566
-509
-475
-468
-464
-464
-458
-462
-471
-473
-463
-425
-389
-354
-320
-286
-256
-237
-218
-211
-199
-177
-160
-144
-140
-137
-134
-127
-116
-110
-94
-75
-65
-62
-50
-33
-14
10
27
51
73
93
113
133
160
174
189
212
237
253
257
259
260
268
276
288
295
297
294
288
283
282
284
277
270
266
259
252
245
235
225
217
205
206
212
212
211
195
180
162
148
141
131
122
105
86
76
65
46
36
20
3
-11
-26
-34
-45
-54
-58
-62
-65
-70
-76
-87
-97
-103
-110
-112
-111
-110
-112
-119
-128
-137
-146
-148
-148
-143
-144
-144
-142
-143
-150
-165
-163
-165
-163
-154
-150
-150
-158
-160
-161
-158
-153
-143
-140
-138
-129
-129
-126
-113
-105
-98
-90
-79
-68
-64
-64
-67
-68
-67
-63
-60
-60
-46
-38
-32
-24
-12
4
14
32
43
51
58
65
72
74
73
71
68
67
67
65
67
78
87
89
88
92
90
87
94
95
98
95
94
94
81
71
70
61
54
53
48
48
48
45
46
40
34
38
40
41
41
33
42
42
36
33
26
22
18
19
23
27
23
21
20
11
3
-8
-21
-24
-21
-21
-10
1
3
3
-3
-11
-23
-31
-38
-44
-40
-33
-19
-11
-5
2
4
3
-2
-15
-27
-36
-40
-30
-21
-10
-3
5
9
-1
-4
-3
-5
-7
-8
-3
0
14
27
32
35
28
23
9
2
3
2
13
18
32
50
57
64
64
65
67
75
91
103
111
119
119
122
131
138
139
140
143
147
149
151
157
161
165
171
175
179
186
193
194
193
191
186
178
177
171
163
159
160
154
145
141
136
132
123
115
112
116
116
124
134
127
117
117
118
117
120
117
107
105
105
102
101
99
94
93
96
90
90
91
86
89
90
96
103
101
101
102
99
94
95
92
85
82
74
76
73
74
76
73
79
76
78
79
79
90
95
93
100
105
108
110
107
101
96
99
104
100
102
103
99
106
104
99
104
102
106
109
109
114
119
120
123
129
127
124
133
143
146
152
155
153
157
159
153
150
154
148
145
153
158
165
161
159
162
158
163
169
175
176
177
185
177
177
176
168
166
160
163
166
158
151
148
149
148
144
141
139
142
145
150
147
151
149
143
145
144
145
138
133
128
118
117
112
106
107
106
107
111
111
114
113
113
119
124
126
125
125
119
120
120
120
114
112
109
99
96
93
92
96
102
101
100
101
105
109
107
113
117
122
123
125
126
121
115
111
115
112
115
113
109
117
116
119
123
128
131
134
141
141
142
140
140
135
140
152
152
157
156
154
153
154
153
149
148
144
146
146
146
155
157
157
156
154
149
144
144
136
137
136
130
131
132
130
126
130
129
129
132
127
128
122
114
114
113
102
101
103
102
104
106
106
108
108
107
111
111
115
117
117
117
115
116
112
114
109
108
114
110
109
112
110
109
115
108
106
112
110
109
109
107
110
106
94
88
93
94
92
99
99
97
98
100
101
101
99
98
97
100
105
106
110
109
111
105
102
103
108
118
119
121
122
118
114
117
116
119
121
124
127
124
124
120
123
123
124
130
126
122
120
114
107
102
105
109
107
105
103
104
97
91
91
93
103
102
102
101
94
89
85
87
86
90
86
76
74
67
61
54
55
54
49
50
53
61
64
64
65
61
61
63
62
58
48
51
51
53
58
61
59
51
49
38
38
38
40
52
49
48
48
46
48
43
46
45
46
57
60
62
57
53
52
42
34
37
38
43
51
51
46
48
47
41
40
40
39
36
38
43
41
41
45
44
48
50
46
49
56
61
65
67
61
57
57
54
51
50
51
54
54
51
56
61
56
51
48
49
47
48
47
40
38
31
29
29
24
21
15
15
10
9
9
4
12
15
14
13
11
8
1
-7
-10
-15
-20
-16
-15
-23
-29
-27
-27
-37
-36
-31
-34
-29
-21
-17
-11
-10
-18
-16
-14
-18
-17
-17
-25
-27
-32
-44
-43
-52
-61
-58
-58
-61
-64
-61
-67
-73
-67
-61
-57
-54
-50
-47
-48
-51
-51
-54
-55
-51
-57
-53
-54
-65
-64
-61
-58
-61
-55
-51
-52
-48
-50
-43
-37
-40
-39
-40
-37
-37
-51
-54
-47
-50
-51
-43
-40
-36
-35
-38
-36
-34
-38
-45
-43
-38
-37
-36
-34
-37
-43
-38
-31
-37
-38
-39
-44
-43
-44
-44
-46
-50
-52
-54
-56
-60
-60
-63
-71
-74
-72
-74
-78
-82
-90
-99
-101
-101
-109
-113
-119
-126
-127
-129
-128
-123
-115
-116
-118
-117
-122
-118
-118
-117
-114
-114
-113
-105
-103
-114
-118
-124
-133
-129
-126
-127
-127
-126
-126
-124
-123
-129
-126
-132
-137
-132
-130
-128
-134
-129
-126
-124
-121
-127
-123
-124
-127
-127
-124
-118
-118
-113
-107
-111
-108
-109
-113
-106
-100
-94
-101
-99
-94
-104
-101
-96
-94
-93
-91
-91
-88
-81
-78
-79
-78
-73
-68
-67
-74
-77
-80
-73
-65
-60
-58
-56
-56
-65
-64
-68
-73
-77
-77
-72
-71
-70
-71
-68
-75
-78
-81
-88
-87
-91
-88
-83
-80
-74
-81
-93
-106
-109
-108
-113
-111
-110
-110
-111
-127
-133
-128
-134
-136
-134
-129
-123
-121
-118
-118
-119
-124
-128
-123
-119
-118
-119
-121
-115
-110
-113
-109
-110
-123
-126
-127
-128
-128
-129
-129
-126
-123
-122
-119
-121
-125
-127
-127
-125
-131
-135
-133
-133
-130
-131
-126
-126
-127
-120
-117
-116
-121
-116
-112
-110
-112
-113
-110
-112
-117
-115
-109
-110
-107
-106
-109
-108
-101
-97
-103
-110
-108
-104
-104
-100
-101
-103
-103
-101
-99
-99
-101
-105
-101
-103
-110
-108
-104
-103
-100
-101
-100
-103
-113
-115
-113
-112
-112
-109
-111
-112
-112
-115
-111
-111
-115
-127
-128
-128
-128
-129
-134
-126
-132
-134
-129
-130
-129
-137
-137
-138
-145
-138
-134
-138
-132
-131
-131
-134
-143
-144
-152
-156
-154
-152
-150
-148
-142
-141
-136
-135
-141
-141
-136
-134
-134
-141
-150
-145
-144
-151
-153
-158
-164
-162
-149
-146
-144
-139
-134
-130
-136
-134
-132
-133
-134
-131
-129
-124
-125
-123
-114
-120
-119
-117
-116
-117
-120
-118
-118
-113
-112
-104
-113
-108
-100
-105
-108
-96
0
94
114
136
157
150
155
184
195
157
131
127
128
117
83
58
29
13
3
-33
-60
-77
-56
-21
-17
6
26
22
59
120
178
223
236
252
231
179
140
97
79
97
130
144
141
117
63
17
-1
-3
-10
16
55
74
80
55
20
-8
-8
21
24
24
29
16
-28
-85
-118
-143
-149
-150
-163
-182
-206
-231
-256
-291
-314
-280
-257
-214
-92
-44
-103
-185
-256
-309
-325
-294
-242
-199
-172
-169
-205
-270
-344
-392
-424
-427
-412
-416
-444
-484
-489
-489
-469
-434
-407
-365
-342
-328
-331
-361
-377
-379
-349
-309
-260
-213
-233
-276
-284
-255
-248
-250
-221
-223
-248
-251
-241
-250
-268
-266
-264
-242
-160
-31
8
-112
-245
-289
-230
-96
61
146
85
-61
-182
-234
-203
-90
41
83
4
-83
-117
-162
-200
-177
-141
-118
-94
-75
-117
-236
-356
-384
-313
-182
-54
-58
-188
-322
-363
-294
-184
-94
-66
-121
-223
-284
-276
-248
-221
-209
-215
-234
-275
-327
-379
-408
-396
-359
-336
-353
-389
-447
-510
-555
-573
-553
-551
-595
-686
-790
-852
-874
-879
-888
-931
-1024
-1115
-1133
-1063
-974
-915
-903
-918
-875
-666
-307
10
114
22
-14
245
707
1073
1241
1309
1345
1340
1360
1546
1884
2143
2132
1903
1679
1652
1778
1882
1866
1751
1544
1259
1021
944
980
932
706
406
210
188
206
124
-8
-115
-178
-198
-184
-121
-85
-145
-229
-227
-72
194
380
357
204
138
281
551
780
862
766
554
428
518
724
844
735
440
150
26
75
139
59
-183
-507
-797
-967
-989
-987
-1112
-1392
-1693
-1844
-1891
-1915
-1980
-2093
-2212
-2314
-2367
-2332
-2238
-2187
-2206
-2198
-2043
-1718
-1427
-1323
-1308
-1214
-900
-468
-65
267
469
546
649
922
1418
1921
2142
2110
2044
2135
2381
2644
2805
2849
2765
2607
2482
2436
2481
2464
2275
1998
1744
1544
1348
1135
894
660
441
213
-27
-259
-468
-645
-783
-894
-993
-1107
-1241
-1362
-1412
-1383
-1290
-1222
-1240
-1279
-1273
-1162
-980
-783
-631
-548
-445
-265
-103
26
258
605
910
1000
1036
1220
1454
1639
1836
2110
2375
2447
2274
2096
2131
2372
2560
2447
2128
1794
1550
1411
1376
1342
1106
609
85
-183
-223
-272
-518
-905
-1256
-1497
-1660
-1805
-1921
-2029
-2208
-2417
-2568
-2587
-2552
-2628
-2786
-2841
-2718
-2633
-2695
-2777
-2741
-2559
-2383
-2293
-2223
-2094
-1956
-1820
-1588
-1205
-877
-793
-719
-367
193
580
656
732
1112
1591
1859
1957
2067
2333
2608
2694
2719
2813
2889
2836
2730
2716
2757
2657
2390
2141
2019
1951
1764
1441
1135
928
768
549
262
6
-192
-376
-584
-782
-932
-1061
-1197
-1341
-1435
-1461
-1481
-1553
-1612
-1573
-1463
-1367
-1378
-1361
-1207
-1016
-876
-765
-638
-535
-464
-232
365
910
935
595
526
1057
1841
2384
2412
2083
1795
1931
2397
2875
3014
2662
2127
1851
1997
2203
2116
1715
1292
1028
752
442
174
-14
-192
-452
-830
-1265
-1583
-1764
-1823
-1829
-1938
-2321
-2797
-2949
-2759
-2573
-2653
-2833
-2951
-3002
-3002
-2910
-2713
-2560
-2551
-2523
-2385
-2315
-2314
-2154
-1732
-1323
-1181
-1233
-1121
-754
-331
-3
285
641
894
965
1096
1480
1953
2237
2287
2336
2511
2633
2632
2710
2905
3016
2884
2625
2461
2424
2386
2261
2106
1923
1650
1313
1049
930
844
656
383
83
-180
-391
-553
-638
-729
-888
-1081
-1262
-1398
-1454
-1437
-1391
-1398
-1471
-1542
-1556
-1486
-1355
-1197
-1067
-961
-902
-908
-875
-666
-134
395
455
190
131
565
1194
1535
1652
1776
1813
1789
1824
2080
2468
2608
2386
2079
1898
1905
1952
1903
1802
1535
1065
615
416
435
389
74
-390
-768
-1041
-1238
-1374
-1465
-1562
-1818
-2188
-2455
-2464
-2362
-2392
-2518
-2600
-2649
-2786
-2841
-2660
-2462
-2396
-2494
-2560
-2409
-2254
-2191
-2094
-1893
-1612
-1488
-1565
-1432
-946
-473
-270
-287
-125
365
741
895
1032
1313
1711
1974
1991
2028
2265
2522
2673
2710
2672
2657
2632
2580
2584
2574
2464
2265
2034
1889
1795
1617
1387
1178
1003
831
549
237
71
1
-135
-392
-678
-852
-927
-1034
-1182
-1287
-1335
-1418
-1551
-1618
-1588
-1545
-1532
-1503
-1440
-1370
-1310
-1216
-1079
-1013
-969
-754
-501
-312
-32
233
297
249
417
953
1539
1723
1517
1315
1515
2031
2338
2293
2121
1973
1940
1958
1923
1865
1740
1497
1233
996
744
538
390
236
-10
-400
-847
-1087
-1087
-1133
-1379
-1708
-1983
-2137
-2164
-2183
-2247
-2367
-2440
-2494
-2566
-2498
-2414
-2405
-2327
-2196
-2180
-2279
-2236
-1918
-1633
-1668
-1760
-1555
-1167
-945
-950
-826
-470
-107
56
142
358
684
1019
1227
1395
1590
1710
1874
2151
2346
2398
2410
2490
2618
2657
2568
2525
2566
2538
2376
2183
2064
1974
1835
1656
1469
1255
1031
827
667
509
280
53
-108
-251
-441
-658
-802
-876
-969
-1126
-1278
-1352
-1368
-1398
-1444
-1457
-1460
-1462
-1412
-1323
-1257
-1181
-1063
-934
-913
-912
-733
-375
-98
-103
-108
123
508
844
976
992
1141
1413
1688
1847
1880
1932
2031
2115
2165
2106
1984
1950
1938
1852
1663
1385
1188
1110
970
700
370
120
-46
-230
-482
-739
-928
-1069
-1266
-1507
-1676
-1743
-1774
-1921
-2071
-2124
-2111
-2134
-2196
-2153
-2031
-2019
-2100
-2068
-1926
-1712
-1689
-1759
-1630
-1394
-1238
-1177
-1068
-840
-628
-537
-364
-120
90
297
507
750
957
1071
1260
1547
1761
1821
1920
2125
2318
2348
2290
2381
2535
2544
2394
2309
2333
2325
2166
1979
1909
1829
1636
1403
1246
1139
952
713
531
401
219
0
-187
-301
-411
-610
-793
-898
-971
-1063
-1177
-1246
-1260
-1285
-1309
-1339
-1349
-1295
-1236
-1174
-1126
-1069
-935
-806
-785
-774
-640
-318
-18
26
-39
32
304
567
763
1002
1159
1142
1124
1289
1583
1830
1859
1744
1695
1747
1795
1778
1792
1753
1560
1319
1137
1066
1023
885
649
408
160
-93
-259
-351
-461
-661
-949
-1208
-1318
-1351
-1432
-1531
-1640
-1758
-1836
-1903
-1927
-1815
-1705
-1759
-1944
-1980
-1776
-1589
-1537
-1575
-1550
-1417
-1242
-1174
-1180
-1053
-797
-559
-467
-499
-453
-147
261
467
481
478
650
1019
1283
1337
1393
1576
1798
1919
1866
1859
2063
2281
2290
2111
1983
2022
2114
2080
1917
1773
1680
1576
1415
1246
1138
1039
889
688
462
266
137
34
-75
-250
-469
-636
-725
-790
-890
-997
-1059
-1109
-1170
-1233
-1276
-1247
-1175
-1136
-1139
-1159
-1121
-947
-799
-797
-833
-758
-553
-323
-169
-88
-9
74
206
354
598
918
1021
955
934
1097
1376
1558
1565
1500
1463
1467
1494
1510
1532
1474
1310
1130
973
887
820
720
555
322
67
-139
-237
-317
-464
-661
-875
-1039
-1163
-1266
-1309
-1321
-1415
-1594
-1742
-1755
-1666
-1622
-1620
-1652
-1735
-1769
-1624
-1468
-1435
-1499
-1445
-1208
-1186
-1286
-1155
-866
-667
-716
-829
-605
-261
-191
-195
-63
225
470
446
428
663
963
1150
1216
1228
1290
1421
1567
1703
1735
1689
1707
1771
1785
1708
1634
1662
1691
1545
1308
1196
1183
1134
962
751
625
490
321
170
45
-66
-207
-377
-516
-635
-768
-858
-908
-968
-1082
-1212
-1245
-1209
-1212
-1242
-1251
-1208
-1160
-1143
-1088
-994
-926
-883
-796
-667
-544
-439
-343
-219
-89
15
91
197
427
607
630
652
768
943
1067
1103
1123
1178
1192
1166
1148
1160
1188
1103
956
839
750
679
571
433
277
102
-90
-236
-333
-465
-629
-796
-936
-1059
-1174
-1281
-1338
-1352
-1439
-1566
-1628
-1613
-1598
-1627
-1605
-1600
-1604
-1610
-1604
-1499
-1464
-1436
-1356
-1267
-1230
-1204
-1211
-1088
-860
-807
-782
-760
-639
-421
-373
-366
-184
45
180
216
211
378
677
801
855
903
981
1121
1212
1273
1339
1404
1436
1454
1415
1374
1379
1380
1377
1285
1118
1020
962
899
791
636
513
390
232
67
-52
-148
-240
-380
-549
-683
-787
-851
-907
-981
-1065
-1147
-1196
-1205
-1216
-1236
-1224
-1194
-1181
-1145
-1083
-1009
-973
-952
-830
-650
-554
-523
-448
-293
-139
-28
57
141
261
393
563
678
714
760
852
978
1052
1041
1010
1033
1065
1051
979
903
870
785
658
550
442
343
216
63
-71
-192
-330
-459
-579
-701
-826
-952
-1049
-1115
-1187
-1257
-1314
-1371
-1419
-1449
-1468
-1485
-1490
-1491
-1478
-1422
-1403
-1438
-1429
-1365
-1240
-1216
-1254
-1174
-1037
-950
-976
-967
-818
-601
-539
-584
-540
-367
-97
45
38
77
236
442
577
633
704
876
1042
1087
1093
1114
1256
1426
1443
1362
1300
1327
1381
1358
1256
1183
1164
1103
973
831
753
712
603
440
269
140
45
-51
-157
-291
-429
-553
-652
-734
-807
-874
-940
-990
-1052
-1116
-1146
-1134
-1105
-1100
-1126
-1119
-1022
-936
-871
-859
-839
-706
-553
-454
-417
-336
-139
10
13
26
205
437
527
478
489
675
840
855
806
836
963
1018
950
899
914
918
897
822
724
662
580
485
405
288
155
50
-31
-144
-288
-420
-495
-544
-652
-794
-908
-940
-967
-1042
-1127
-1183
-1181
-1219
-1250
-1240
-1222
-1230
-1298
-1282
-1228
-1182
-1126
-1079
-1109
-1143
-1083
-965
-826
-842
-880
-786
-680
-602
-572
-535
-386
-277
-244
-154
-43
76
212
289
382
526
605
702
810
892
991
1071
1114
1173
1248
1287
1313
1314
1299
1306
1293
1236
1188
1156
1117
1034
913
808
741
662
539
400
295
212
97
-31
-139
-228
-312
-424
-543
-615
-668
-722
-778
-836
-867
-888
-923
-930
-909
-900
-879
-868
-834
-745
-666
-602
-573
-519
-413
-285
-163
-100
-41
68
195
275
350
465
575
637
652
697
809
917
971
958
935
971
1033
1073
1057
1011
942
889
866
826
768
691
605
501
384
270
183
118
23
-107
-239
-346
-397
-448
-518
-592
-664
-726
-783
-811
-837
-856
-877
-912
-927
-944
-956
-931
-912
-885
-859
-865
-882
-910
-837
-725
-695
-716
-699
-648
-622
-566
-486
-385
-341
-372
-287
-96
4
-6
17
200
434
482
412
497
746
927
933
892
991
1176
1251
1214
1235
1338
1411
1382
1309
1304
1332
1312
1237
1154
1090
1020
941
863
772
673
568
463
359
245
132
38
-38
-141
-258
-366
-451
-509
-565
-622
-685
-742
-776
-796
-805
-804
-814
-809
-785
-767
-715
-646
-598
-540
-471
-397
-337
-247
-110
24
91
110
184
321
504
574
568
638
755
863
880
875
952
1025
1048
1015
984
1002
1032
1009
931
882
830
799
753
673
592
492
412
328
247
166
82
16
-58
-147
-244
-301
-325
-369
-442
-512
-550
-568
-590
-631
-654
-665
-672
-691
-725
-710
-701
-715
-735
-739
-677
-655
-669
-691
-673
-577
-540
-547
-542
-501
-412
-351
-340
-347
-310
-254
-156
-54
-33
8
84
198
292
321
380
515
649
691
711
792
917
1018
1031
1035
1095
1154
1179
1145
1144
1182
1178
1120
1053
1018
983
925
834
746
670
566
467
379
297
199
80
-24
-117
-206
-303
-394
-460
-505
-572
-653
-708
-738
-758
-792
-823
-837
-829
-818
-811
-792
-729
-642
-592
-551
-482
-415
-348
-246
-93
83
142
150
224
373
575
677
694
744
820
894
958
995
1057
1117
1089
1058
1064
1059
1062
1019
936
870
794
725
667
599
525
419
305
211
128
45
-30
-90
-164
-258
-353
-405
-428
-460
-521
-576
-616
-631
-643
-660
-654
-666
-679
-689
-716
-703
-665
-677
-669
-669
-671
-664
-652
-608
-610
-643
-624
-539
-468
-458
-476
-454
-381
-321
-284
-217
-145
-114
-90
-4
161
384
516
472
355
393
719
1039
1042
846
791
979
1144
1087
1024
1125
1226
1139
946
869
958
1015
934
807
660
524
433
420
416
313
116
-37
-112
-192
-291
-368
-389
-442
-605
-770
-833
-787
-734
-794
-912
-982
-981
-965
-955
-923
-875
-836
-854
-883
-825
-711
-585
-486
-453
-425
-354
-180
-21
49
108
216
382
477
519
587
702
857
908
868
885
972
1057
1072
1027
996
1001
974
928
875
838
808
730
642
545
459
405
337
259
153
38
-34
-79
-119
-193
-271
-336
-380
-427
-495
-525
-503
-508
-569
-622
-636
-596
-558
-574
-601
-602
-582
-567
-547
-547
-552
-547
-563
-547
-533
-547
-577
-593
-550
-499
-517
-566
-545
-498
-467
-469
-502
-464
-406
-402
-413
-349
-212
-89
-93
-166
-69
112
240
283
271
355
483
529
575
668
750
797
797
790
825
862
869
852
821
793
722
654
638
596
516
404
316
255
161
61
-30
-96
-180
-297
-403
-477
-511
-565
-632
-703
-750
-778
-825
-850
-854
-834
-832
-850
-834
-799
-750
-707
-658
-605
-566
-532
-455
-354
-273
-225
-159
-36
80
149
175
253
412
517
558
602
663
746
797
820
846
882
903
893
875
868
863
838
793
753
709
636
563
511
450
365
274
201
143
76
-5
-85
-139
-186
-258
-332
-370
-394
-422
-463
-507
-521
-535
-545
-553
-559
-566
-578
-566
-552
-546
-541
-570
-569
-547
-534
-526
-559
-559
-555
-557
-576
-634
-613
-576
-537
-503
-560
-565
-512
-431
-369
-430
-436
-349
-261
-188
-145
-114
-58
18
85
173
245
306
382
439
496
533
577
649
702
714
683
672
694
717
695
630
591
547
491
420
341
303
253
151
34
-54
-104
-156
-234
-330
-402
-469
-540
-591
-618
-650
-700
-739
-764
-766
-765
-768
-750
-721
-698
-688
-662
-604
-539
-496
-455
-394
-327
-270
-240
-129
12
86
123
159
287
431
497
543
604
673
746
768
773
845
895
876
855
826
826
830
779
745
692
610
554
494
438
384
297
203
130
63
-16
-86
-143
-182
-246
-335
-392
-418
-422
-459
-509
-527
-538
-539
-546
-544
-526
-503
-490
-483
-468
-453
-426
-394
-368
-363
-352
-348
-337
-328
-335
-307
-286
-275
-307
-361
-327
-254
-260
-302
-347
-330
-252
-241
-277
-295
-281
-226
-208
-265
-291
-280
-243
-201
-211
-190
-118
-60
-15
-2
17
123
269
328
333
317
344
470
565
594
567
533
536
565
585
583
564
535
512
451
380
338
322
309
256
143
60
72
68
42
-39
-124
-145
-179
-176
-192
-216
-212
-239
-272
-270
-237
-216
-177
-163
-171
-155
-151
-82
3
28
54
64
88
153
189
215
262
296
288
267
261
292
334
335
285
218
195
195
193
180
131
64
14
-10
-31
-57
-87
-112
-138
-168
-205
-239
-242
-232
-228
-258
-301
-318
-301
-261
-261
-283
-295
-270
-219
-213
-212
-215
-210
-141
-103
-100
-108
-105
-44
24
44
21
12
38
95
121
103
119
135
142
139
112
124
139
138
131
91
56
50
60
63
55
11
-38
-47
-63
-69
-81
-103
-101
-114
-139
-144
-146
-132
-119
-120
-123
-116
-87
-63
-54
-49
-14
25
53
80
93
125
160
177
202
226
240
252
260
276
293
291
303
308
287
280
266
252
244
216
173
132
96
67
46
11
-16
-38
-63
-87
-118
-137
-150
-176
-204
-219
-229
-237
-239
-232
-237
-252
-258
-261
-240
-200
-179
-171
-157
-147
-148
-128
-91
-54
-24
-15
-13
3
17
40
69
90
100
98
88
92
120
140
143
128
124
147
165
173
166
168
178
173
155
143
155
173
201
202
169
148
163
192
204
195
172
167
175
174
180
177
162
151
139
135
131
132
130
116
102
81
71
67
64
44
13
17
17
7
-6
-36
-54
-51
-59
-76
-92
-108
-98
-87
-106
-130
-128
-108
-93
-82
-90
-103
-100
-73
-63
-60
-35
-31
-27
-22
-20
2
14
17
17
11
19
36
32
30
38
30
23
22
17
29
40
31
14
-17
-38
-39
-34
-26
-40
-64
-75
-76
-78
-77
-68
-73
-88
-86
-80
-83
-90
-77
-50
-40
-30
-23
-24
11
55
72
73
58
63
114
161
178
170
160
178
183
183
198
219
227
212
198
183
187
212
227
223
185
149
146
167
188
173
144
132
147
181
189
164
154
172
189
189
163
143
156
184
188
157
137
140
148
165
162
152
150
147
143
135
122
104
97
87
77
71
54
36
20
6
-4
-34
-66
-78
-72
-64
-80
-89
-85
-96
-115
-119
-114
-104
-118
-139
-131
-113
-101
-112
-120
-121
-100
-85
-91
-90
-90
-63
-33
-36
-34
-43
-51
-21
0
-3
-22
-41
-33
-3
19
3
-41
-41
-10
-8
-37
-73
-66
-32
-13
-22
-43
-47
-35
-6
14
7
-14
-24
12
64
79
62
48
53
80
83
52
40
67
103
115
104
75
75
113
133
129
116
115
132
143
128
107
113
136
157
152
112
96
119
152
168
138
91
78
87
100
97
65
51
54
53
44
45
39
25
43
61
44
20
10
21
52
72
70
43
45
75
81
78
80
88
77
82
102
92
88
87
83
67
49
39
21
11
23
34
11
-34
-55
-44
-43
-50
-75
-110
-123
-119
-115
-133
-137
-136
-134
-126
-132
-131
-123
-110
-105
-101
-91
-88
-78
-82
-105
-109
-82
-61
-68
-83
-96
-83
-47
-41
-50
-46
-37
-21
-10
3
12
9
10
8
-12
-11
10
22
51
58
44
30
33
60
85
98
79
64
60
73
93
94
71
64
79
81
101
111
95
71
57
71
87
93
75
64
75
76
77
57
36
46
63
82
70
53
49
53
69
87
99
87
67
79
100
112
108
78
66
83
90
84
71
54
56
56
48
44
47
44
35
42
36
34
19
4
16
17
2
-14
-6
8
16
22
5
-16
-27
-24
-14
-20
-27
-29
-23
-18
-14
-14
-37
-35
-11
-7
-2
-24
-40
-30
-36
-50
-80
-102
-100
-94
-98
-115
-122
-112
-96
-82
-91
-100
-103
-99
-76
-79
-91
-78
-50
-28
-33
-48
-49
-45
-22
-4
-23
-35
-20
-2
-2
0
-8
-14
-4
18
31
20
-6
-21
-11
4
6
-25
-57
-56
-43
-35
-55
-75
-86
-84
-60
-52
-67
-99
-109
-93
-78
-64
-71
-87
-86
-59
-40
-51
-69
-87
-70
-36
-30
-48
-71
-57
-17
8
-4
-22
-19
-9
24
55
53
34
15
19
37
48
36
7
8
29
41
24
0
-23
-5
40
22
-21
-41
-38
-15
1
-6
-27
-38
-19
14
24
7
-15
-23
-8
8
-4
-33
-42
-20
4
0
-23
-44
-47
-23
-5
-9
-27
-40
-30
-15
-16
-32
-50
-61
-50
-43
-55
-65
-74
-59
-34
-33
-44
-54
-58
-51
-34
-25
-29
-38
-33
-27
-30
-40
-58
-47
-39
-40
-42
-67
-74
-56
-44
-41
-47
-53
-47
-31
-5
0
-16
-17
-8
6
17
15
3
-2
8
13
13
4
-8
-15
-17
-9
-14
-38
-55
-54
-54
-52
-50
-59
-73
-71
-58
-57
-58
-59
-57
-57
-47
-42
-39
-20
-6
12
24
22
24
29
33
38
47
44
36
34
41
48
47
48
39
29
30
27
24
15
12
10
3
4
-6
-9
-9
0
6
-10
-23
-46
-51
-50
-48
-48
-65
-64
-63
-60
-46
-31
-30
-27
-19
-18
-13
-3
12
32
36
35
34
24
13
16
27
29
16
-14
-30
-35
-46
-63
-79
-86
-102
-105
-111
-117
-119
-132
-126
-113
-117
-120
-123
-125
-111
-84
-80
-84
-73
-71
-58
-39
-22
-13
-13
-7
-5
6
4
-5
-3
-1
6
2
-9
-27
-36
-36
-42
-40
-47
-51
-52
-56
-44
-44
-51
-51
-53
-61
-60
-61
-66
-67
-61
-52
-57
-55
-61
-70
-60
-50
-45
-44
-41
-36
-37
-24
-12
-14
-18
-24
-18
-7
3
14
33
41
36
43
48
41
25
14
23
31
38
33
10
-3
0
2
-4
-20
-28
-27
-15
-3
0
8
11
20
42
42
29
18
16
28
36
42
39
30
26
26
28
19
11
3
-9
-14
-20
-29
-40
-52
-54
-54
-67
-71
-79
-86
-79
-71
-74
-70
-67
-75
-72
-71
-69
-68
-69
-75
-74
-70
-65
-74
-66
-66
-43
-52
-37
-43
-119
0
-45
-24
6
-55
-10
-38
13
-7
-6
-1
-16
-10
4
20
-11
-30
-26
-17
-14
-18
-48
-42
-54
-49
-29
-47
-54
-59
-51
-46
-39
-36
-41
-44
-29
-12
-17
-19
-24
-29
-20
-16
-23
-24
-33
-38
-22
-8
-12
-11
-3
2
3
10
10
8
15
31
36
18
23
22
21
29
29
26
14
5
-5
-8
-10
-20
-23
-26
-29
-23
-20
-30
-30
-13
-2
6
2
-15
-23
-17
-11
-13
-15
-10
-7
2
8
-2
-13
-19
-14
-17
-18
-21
-14
0
-12
-21
-26
-35
-37
-52
-59
-69
-86
-90
-100
-95
-99
-99
-100
-121
-114
-99
-93
-89
-84
-76
-67
-63
-57
-47
-46
-37
-27
-24
-22
-30
-36
-34
-26
-25
-28
-30
-28
-26
-26
-16
-16
-28
-29
-26
-22
-28
-30
-23
-26
-25
-28
-29
-30
-44
-46
-46
-48
-53
-57
-57
-65
-57
-59
-49
-43
-58
-58
-61
-45
-43
-36
-18
-23
-26
-24
-13
-13
-8
-3
0
2
0
11
12
21
21
20
24
19
18
10
5
-3
-9
-10
-10
-7
-11
-13
-20
-16
-13
-20
-23
-20
-19
-14
-7
-2
9
4
7
13
10
13
16
21
21
20
12
8
7
7
6
3
5
-5
-3
3
2
1
-2
1
-11
-20
-22
-22
-16
-11
-7
-8
-3
-5
-7
-8
-12
-9
-10
-7
-7
-9
-5
-10
-19
-16
-23
-34
-34
-35
-29
-23
-20
-17
-7
-7
-8
3
4
0
10
13
15
18
13
13
11
11
13
6
4
9
1
-3
6
2
-5
6
7
0
-3
-3
-1
-3
6
10
0
-3
-1
7
15
20
21
21
30
34
36
38
27
18
23
26
20
22
23
25
27
27
24
18
13
3
3
5
9
15
15
13
13
8
17
22
17
20
29
41
34
34
36
37
42
45
51
44
47
53
47
39
36
37
44
45
40
34
31
38
41
35
30
27
24
21
18
20
16
15
15
12
14
18
24
27
31
36
34
31
38
30
13
17
14
10
11
8
6
11
10
13
11
4
9
12
7
8
9
11
22
24
24
24
18
8
3
0
0
0
0
0
0
0
0
0
0
0
0
0
0
0
0
0
0
0
0
0
0
0
0
0
0
0
0
0
0
0
0
0
0
0
0
0
0
0
0
0
0
0
0
0
0
0
0
0
0
0
0
0
0
0
0
0
0
0
0
0
0
0
0
0
0
0
0
0
0
0
0
0
0
0
0
0
0
0
0
0
0
0
0
0
0
0
0
0
0
0
0
0
0
0
0
0
0
0
0
0
0
0
0
0
0
0
0
0
0
0
0
0
0
0
0
0
0
0
0
0
0
0
0
0
0
0
0
0
0
0
0
0
0
0
0
0
0
0
0
0
0
0
0
0
0
0
0
0
0
0
0
0
0
0
0
0
0
0
0
0
0
0
0
0
0
0
0
0
0
0
0
0
0
0
0
0
0
0
0
0
0
0
0
0
0
0
0
0
0
0
0
0
0
0
0
0
0
0
0
0
0
0
0
0
0
0
0
0
0
0
0
0
0
0
0
0
0
0
0
0
0
0
0
0
0
0
0
0
0
0
0
0
0
0
0
0
0
0
0
0
0
0
0
0
0
0
0
0
0
0
0
0
0
0
0
0
0
0
0
0
0
0
0
0
0
0
0
0
0
0
0
0
0
0
0
0
0
0
0
0
0
0
0
0
0
0
0
0
0
0
0
0
0
0
0
0
0
0
0
0
0
0
0
0
0
0
0
0
0
0
0
0
0
0
0
0
0
0
0
0
0
0
0
0
0
0
0
0
0
0
0
0
0
0
0
0
0
0
0
0
0
0
0
0
0
0
0
0
0
0
0
0
0
0
0
0
0
0
0
0
0
0
0
0
0
0
0
0
0
0
0
0
0
0
0
0
0
0
0
0
0
0
0
0
0
0
0
0
0
0
0
0
0
0
0
0
0
0
0
0
0
0
0
0
0
0
0
0
0
0
0
0
0
0
0
0
0
0
0
0
0
0
0
0
0
0
0
0
0
0
0
0
0
0
0
0
0
0
0
0
0
0
0
0
0
0
0
0
0
0
0
0
0
0
0
0
0
0
0
0
0
0
0
0
0
0
0
0
0
0
0
0
0
0
0
0
0
0
0
0
0
0
0
0
0
0
0
0
0
0
0
0
0
0
0
0
0
0
0
0
0
0
0
0
0
0
0
0
0
0
0
0
0
0
0
0
0
0
0
0
0
0
0
0
0
0
0
0
0
0
0
0
0
0
0
0
0
0
0
0
0
0
0
0
0
0
0
0
0
0
0
0
0
0
0
0
0
0
0
0
0
0
0
0
0
0
0
0
0
0
0
0
0
0
0
0
0
0
0
0
0
0
0
0
0
0
0
0
0
0
0
0
0
0
0
0
0
0
0
0
0
0
0
0
0
0
0
0
0
0
0
0
0
0
0
0
0
0
0
0
0
0
0
0
0
0
0
0
0
0
0
0
0
0
0
0
0
0
0
0
0
0
0
0
0
