-35
-44
-36
-33
-30
-36
-54
-58
-54
-46
-39
-45
-45
-44
-49
-53
-60
-60
-46
-41
-47
-48
-46
-37
-34
-42
-50
-51
-48
-46
-55
-55
-48
-44
-44
-57
-60
-57
-56
-47
-45
-44
-35
-31
-34
-37
-47
-47
-44
-51
-52
-42
-33
-24
-26
-39
-51
-50
-27
-2
5
-16
-37
-28
-19
-20
-28
-43
-34
-20
-20
-29
-43
-46
-37
-30
-32
-33
-20
-6
-11
-33
-46
-38
-13
-2
-19
-41
-38
-12
8
-10
-55
-81
-58
-6
17
-1
-31
-43
-23
-8
-18
-37
-40
-10
20
28
10
-21
-32
-23
-23
-26
-18
0
11
-5
-34
-47
-34
4
22
13
-1
-14
0
15
16
8
-6
-15
-19
-15
-9
4
7
-8
-24
-40
-29
6
17
6
-14
-27
-11
-4
-17
-24
-26
-9
3
-8
-20
-24
-14
-6
-16
-28
-24
-6
8
-2
-25
-33
-20
-10
-8
-14
-18
-9
-4
-6
-29
-38
-11
2
1
-22
-44
-29
-12
-10
-12
-22
-24
-8
12
20
5
-20
-41
-43
-31
-19
1
17
3
-34
-61
-52
-10
10
-1
-30
-53
-21
29
46
6
-57
-83
-60
-14
8
10
-5
-34
-45
-48
-27
3
7
8
0
-3
-17
-43
-35
-24
-17
-20
-29
-12
13
11
-13
-34
-53
-46
-22
-17
-7
-13
-27
-21
-15
-10
-27
-46
-58
-57
-10
23
22
4
-34
-29
-6
-24
-40
-42
-29
5
0
-20
-7
5
-2
-35
-77
-69
-24
6
16
-6
-49
-54
-46
-33
-6
-2
2
-14
-46
-45
-29
5
30
5
-37
-41
-16
12
22
-9
-22
2
14
19
-10
-36
-16
0
4
5
10
19
28
13
-22
-23
-3
29
64
55
20
-20
-45
-27
6
18
10
5
8
8
-4
-15
-5
-6
-1
10
18
39
31
2
-34
-49
-26
-2
27
40
40
39
5
-27
-21
3
6
-5
4
22
43
18
-23
-30
-17
21
31
23
27
36
49
22
-7
-14
-10
19
19
10
20
26
18
-16
-29
-8
10
44
44
13
9
18
41
38
7
-3
11
38
49
44
36
24
23
15
8
19
30
38
38
27
20
25
36
44
46
30
16
30
57
74
62
33
24
47
71
60
29
10
29
60
64
42
38
68
69
45
32
29
63
71
43
34
23
48
71
47
29
21
41
65
51
26
14
15
33
47
26
28
44
35
28
8
-4
11
33
47
34
28
31
47
53
34
21
13
19
9
-10
2
7
17
17
2
12
15
10
6
-5
9
29
35
45
33
17
39
44
44
44
24
45
55
36
19
1
22
45
34
23
23
34
45
30
6
3
20
62
69
40
40
41
56
44
5
5
14
29
26
9
24
50
47
18
-1
11
37
44
37
18
10
29
44
41
20
4
17
23
7
-12
-11
-4
9
10
1
24
23
14
9
-26
-30
-28
-8
17
-7
-23
-29
-19
-8
-31
-44
-33
-13
-1
-19
-19
-9
-14
-21
-41
-42
-12
-7
-30
-56
-64
-22
-8
-17
-17
-33
-21
-26
-49
-55
-49
-31
-34
-56
-71
-67
-51
-41
-51
-67
-63
-45
-25
-33
-52
-60
-63
-51
-52
-61
-61
-54
-66
-89
-97
-102
-77
-58
-85
-94
-81
-71
-52
-77
-111
-108
-108
-87
-74
-93
-87
-84
-92
-91
-103
-104
-87
-84
-87
-102
-110
-95
-96
-105
-116
-119
-91
-80
-99
-116
-113
-74
-63
-94
-108
-101
-74
-75
-109
-114
-101
-78
-104
-145
-124
-103
-86
-86
-96
-82
-81
-87
-110
-123
-100
-86
-87
-96
-100
-92
-89
-98
-103
-94
-81
-65
-77
-98
-91
-93
-95
-97
-103
-89
-82
-81
-58
-56
-67
-73
-81
-71
-71
-79
-63
-57
-64
-68
-85
-90
-82
-79
-76
-75
-66
-49
-49
-63
-86
-110
-96
-67
-51
-57
-73
-68
-66
-61
-68
-87
-78
-63
-64
-83
-98
-92
-86
-90
-91
-76
-54
-48
-70
-97
-84
-66
-55
-63
-88
-85
-76
-81
-93
-97
-77
-58
-61
-80
-88
-70
-59
-61
-74
-90
-77
-80
-98
-94
-109
-116
-115
-128
-113
-107
-105
-107
-123
-115
-100
-94
-84
-82
-95
-114
-130
-130
-130
-111
-90
-90
-77
-90
-93
-57
-52
-34
-14
2
46
41
14
23
17
22
31
37
86
100
79
58
38
52
56
53
77
94
109
114
101
102
105
108
111
111
132
162
165
149
133
114
104
96
94
112
120
118
110
107
113
102
95
98
107
121
123
123
124
110
91
72
60
65
68
64
62
58
42
26
12
-10
-18
-26
-23
-20
-53
-81
-106
-133
-137
-143
-145
-136
-156
-181
-207
-267
-308
-318
-352
-387
-416
-436
-407
-464
-521
-561
-670
-339
195
460
543
310
210
215
-57
-45
175
292
293
15
-113
-2
-74
-253
-417
-443
-246
-41
108
202
215
192
92
-33
-27
120
271
297
209
125
106
87
-20
-151
-200
-184
-122
-67
-32
29
37
-12
-58
-81
-7
113
184
220
200
170
173
135
55
-19
-22
44
46
28
41
35
4
-94
-137
-76
-26
17
40
55
79
58
18
7
11
17
35
49
67
88
57
23
4
-31
-27
-11
7
47
34
22
32
13
0
10
37
79
106
113
134
136
123
128
117
121
129
129
139
134
137
112
64
39
8
25
45
41
71
65
70
84
68
90
88
74
93
86
95
102
71
53
25
-3
-11
-20
-15
-12
-26
-33
-46
-67
-83
-103
-127
-171
-225
-272
-296
-275
-293
-334
-365
-455
-519
-570
-606
-610
-576
-213
266
504
531
372
266
170
-12
72
295
370
268
11
-94
-86
-230
-382
-457
-422
-253
-89
71
204
226
168
60
-5
66
215
334
338
256
192
140
58
-55
-153
-183
-180
-147
-83
-16
34
18
-7
-30
-49
46
159
232
264
227
238
230
141
78
45
46
59
30
37
74
63
12
-47
-55
-13
36
78
106
129
140
120
107
109
118
158
176
165
170
179
189
192
161
160
179
162
149
140
146
156
130
109
105
104
109
117
137
156
160
159
154
132
117
115
109
92
69
58
54
27
-18
-55
-101
-150
-180
-181
-146
-129
-152
-198
-281
-366
-440
-487
-530
-552
-624
-694
-892
-994
-321
417
832
917
538
458
313
-45
206
446
468
360
-93
-126
-13
-262
-488
-711
-734
-461
-204
62
288
340
265
84
-58
52
308
467
443
334
278
259
149
-63
-217
-298
-330
-293
-216
-77
46
29
-64
-133
-115
37
188
270
347
367
360
350
251
136
46
-31
-33
-2
51
101
21
-115
-213
-242
-175
-81
0
66
86
90
120
137
122
112
96
107
131
137
175
171
97
21
-53
-65
-25
-4
24
34
43
63
50
46
56
66
88
102
124
169
181
161
154
167
188
183
151
141
146
132
135
158
184
181
146
127
118
105
89
92
115
132
143
157
169
166
142
126
124
126
136
137
114
83
37
-5
-40
-77
-92
-98
-122
-143
-152
-171
-212
-287
-345
-376
-427
-474
-509
-591
-700
-814
-856
-440
206
547
692
621
475
389
134
140
427
401
261
118
-16
-11
-219
-506
-565
-589
-511
-278
-51
170
284
224
128
55
80
249
381
401
397
366
294
173
-2
-131
-209
-290
-296
-227
-126
-20
14
-30
-81
-87
-1
136
224
304
383
384
333
266
231
187
64
-31
-57
-44
-3
-11
-34
-69
-146
-156
-110
-40
63
127
163
187
173
174
190
180
159
137
129
145
136
107
69
12
-28
-34
-7
70
159
218
228
211
200
195
207
240
292
321
310
274
204
152
115
63
53
69
103
159
166
164
167
133
112
99
109
149
148
129
108
58
-9
-72
-105
-116
-120
-123
-130
-143
-182
-254
-331
-420
-468
-520
-554
-614
-708
-891
-1117
-560
405
960
1106
748
501
398
-10
83
506
499
349
-15
-172
-2
-248
-567
-698
-791
-612
-301
3
343
459
315
112
-49
45
331
488
480
428
380
309
159
-47
-184
-302
-418
-403
-282
-101
51
46
-53
-135
-155
-14
170
275
395
448
424
393
277
155
63
-53
-93
-94
-74
20
12
-98
-182
-234
-195
-99
-40
45
142
163
158
127
123
173
152
91
85
103
145
138
60
17
-27
-72
-80
-60
9
58
57
59
58
59
76
86
100
115
127
150
154
129
127
191
252
247
212
196
198
152
102
118
136
108
63
39
71
95
71
67
83
96
111
121
147
160
120
74
44
11
1
3
-24
-60
-102
-142
-171
-217
-270
-326
-370
-431
-484
-477
-525
-593
-726
-922
-1148
-1129
-362
549
1044
1104
768
472
147
-147
125
427
365
252
7
-70
-116
-491
-720
-833
-908
-672
-301
94
412
409
210
0
-112
31
276
413
462
445
351
208
30
-146
-298
-464
-549
-466
-289
-102
8
-30
-142
-234
-227
-68
115
262
406
432
369
296
171
57
-48
-153
-169
-142
-84
-13
-70
-179
-257
-313
-290
-214
-92
60
136
139
122
92
75
59
40
44
59
70
77
52
-10
-75
-143
-182
-170
-120
-43
8
25
30
17
6
17
44
81
105
132
194
247
285
307
280
209
118
45
26
41
45
43
38
16
-7
-24
-19
21
53
80
126
164
184
171
125
81
34
-11
-26
-33
-42
-64
-109
-163
-204
-223
-225
-243
-280
-336
-392
-454
-514
-583
-678
-752
-914
-1030
-1233
-1106
-215
662
1226
1215
742
399
31
-184
169
410
378
284
-50
-163
-302
-676
-816
-934
-945
-627
-250
177
479
412
185
-44
-130
56
302
458
555
509
334
123
-83
-224
-356
-501
-537
-428
-266
-102
-10
-51
-153
-251
-237
-49
154
331
479
474
395
278
133
26
-83
-157
-140
-112
-65
-17
-79
-174
-272
-317
-267
-184
-48
105
175
179
139
98
95
77
70
83
88
100
98
64
27
-48
-114
-110
-118
-76
-7
22
49
43
32
40
28
46
102
135
181
226
292
378
343
241
160
56
-13
-8
55
132
121
67
32
-11
-39
-26
23
84
132
156
186
201
156
75
13
-24
-48
-33
-16
-22
-36
-109
-198
-251
-288
-300
-312
-348
-364
-424
-505
-554
-631
-751
-876
-1068
-1319
-903
91
896
1238
998
669
344
-136
-146
288
430
358
163
-22
-57
-391
-694
-746
-900
-890
-604
-170
301
458
318
107
-102
-134
46
266
461
566
495
308
96
-65
-197
-368
-517
-506
-371
-237
-97
-24
-73
-201
-320
-274
-86
105
319
445
418
356
244
129
30
-64
-84
-96
-119
-63
-42
-105
-195
-292
-318
-307
-247
-78
65
111
106
71
60
46
32
79
109
102
103
90
72
27
-56
-110
-145
-153
-97
-41
0
37
10
-28
-46
-40
27
103
183
247
273
304
318
299
246
165
91
27
9
54
89
92
64
10
-13
-20
10
86
140
174
184
179
180
153
115
85
43
20
14
19
40
23
-35
-102
-159
-179
-177
-157
-134
-159
-227
-319
-380
-433
-470
-498
-564
-624
-721
-896
-1182
-931
-58
677
1053
987
755
434
-1
-37
329
444
404
301
117
63
-207
-452
-515
-733
-799
-629
-293
196
425
390
246
4
-70
50
213
455
602
564
438
272
176
64
-124
-276
-338
-314
-216
-55
72
68
-56
-196
-222
-124
34
272
439
460
444
376
301
218
131
100
61
34
96
130
116
69
-50
-138
-201
-201
-83
40
132
180
164
142
125
125
161
179
191
220
234
242
248
211
137
67
14
0
27
79
141
154
116
95
75
84
189
249
334
464
463
442
395
293
224
159
136
183
185
211
236
182
170
131
94
134
168
225
293
337
362
319
255
207
148
130
149
163
180
175
148
110
58
19
-3
-10
0
24
50
36
6
-27
-87
-159
-241
-288
-319
-339
-322
-344
-454
-610
-815
-1050
-810
-104
515
894
962
854
539
120
68
307
400
480
509
390
294
60
-97
-213
-496
-616
-569
-385
-25
261
428
410
165
4
-49
-18
211
440
558
574
491
419
311
161
53
-68
-169
-166
-66
67
162
158
74
-47
-164
-165
-24
140
278
380
399
352
266
216
215
171
145
166
167
197
226
217
181
74
-31
-75
-82
-13
75
124
161
131
104
101
81
123
170
175
190
210
229
249
246
231
188
126
111
118
151
213
274
299
285
285
270
247
237
239
243
253
270
281
279
252
204
153
131
124
137
183
218
238
245
246
227
200
192
185
175
175
180
173
161
135
105
69
30
10
-6
-15
-10
-4
-2
-9
-33
-60
-96
-131
-146
-172
-198
-214
-251
-275
-314
-373
-456
-574
-669
-774
-683
-388
-87
209
408
485
429
291
237
253
230
282
320
295
299
241
213
162
19
-94
-227
-317
-307
-242
-100
28
80
111
81
14
6
9
30
53
69
96
100
123
154
152
113
55
-14
-83
-111
-92
-49
-4
20
11
2
-21
-36
-30
-42
-46
-70
-80
-59
-57
-38
-24
-31
-35
-54
-60
-36
-5
32
57
77
91
85
83
80
71
72
73
68
71
81
82
74
68
61
48
41
42
39
36
40
45
48
44
35
24
14
11
12
19
30
33
32
30
28
27
23
20
23
23
20
22
28
33
36
36
38
34
29
33
39
44
47
49
55
57
56
56
57
57
57
55
54
56
56
55
50
43
43
41
40
42
43
44
44
48
53
54
48
43
42
45
47
51
52
55
53
47
51
49
47
45
38
38
39
39
43
44
41
37
26
25
27
26
33
39
38
35
31
34
37
34
36
38
36
40
40
38
38
35
37
33
32
38
35
31
30
30
32
29
27
32
31
31
34
36
37
37
39
40
36
33
34
37
37
37
40
42
39
36
38
39
38
41
43
45
45
46
50
45
43
46
47
48
46
46
44
41
42
46
48
50
49
47
46
47
47
52
57
58
55
54
54
52
50
50
49
48
49
51
52
49
46
44
40
40
45
47
48
46
45
45
44
46
47
46
42
40
38
40
44
47
47
44
41
37
36
36
39
44
45
43
40
39
38
36
31
33
36
37
37
37
37
32
28
29
31
33
34
34
34
33
32
36
36
36
38
36
34
30
30
28
26
28
25
23
21
20
22
23
27
27
21
17
13
13
17
21
24
23
20
18
17
17
20
20
17
15
14
18
19
17
18
16
11
11
13
17
18
13
8
3
4
8
10
13
12
6
6
8
8
11
12
11
8
5
5
8
9
8
4
0
-1
0
1
3
4
3
-1
-3
-3
0
1
0
-1
-3
-3
-3
0
2
1
-1
-3
-4
-3
-4
-3
-4
-7
-9
-11
-12
-10
-10
-10
-11
-13
-15
-16
-17
-18
-17
-17
-16
-17
-20
-19
-18
-20
-20
-21
-23
-25
-25
-26
-27
-26
-25
-25
-27
-27
-24
-21
-19
-20
-21
-23
-27
-29
-27
-29
-32
-30
-30
-33
-36
-34
-36
-36
-35
-35
-36
-34
-31
-31
-34
-37
-36
-34
-34
-37
-38
-35
-34
-37
-38
-40
-42
-44
-45
-46
-47
-49
-47
-47
-46
-46
-48
-50
-52
-52
-52
-52
-52
-51
-54
-54
-54
-54
-53
-54
-54
-56
-58
-61
-60
-59
-59
-59
-63
-67
-68
-66
-67
-68
-66
-70
-75
-74
-70
-69
-70
-70
-70
-71
-72
-73
-74
-74
-72
-72
-74
-75
-75
-75
-77
-79
-80
-82
-81
-81
-83
-82
-83
-85
-86
-86
-87
-89
-91
-91
-90
-92
-93
-95
-94
-91
-95
-99
-98
-98
-99
-97
-97
-98
-99
-100
-103
-103
-101
-100
-101
-102
-104
-105
-106
-107
-110
-113
-115
-115
-117
-120
-119
-121
-123
-125
-127
-126
-123
-122
-125
-127
-128
-131
-132
-131
-129
-132
-134
-132
-133
-135
-134
-133
-136
-139
-142
-146
-146
-146
-146
-147
-148
-146
-146
-151
-151
-151
-153
-151
-148
-150
-152
-156
-157
-157
-159
-159
-159
-160
-162
-165
-168
-171
-172
-172
-172
-172
-173
-172
-174
-174
-173
-175
-175
-177
-179
-179
-180
-181
-182
-185
-189
-189
-188
-190
-190
-189
-191
-194
-194
-197
-196
-194
-196
-199
-201
-199
-199
-202
-205
-206
-203
-205
-208
-207
-206
-207
-208
-210
-212
-214
-215
-213
-213
-213
-213
-216
-215
-214
-214
-217
-218
-220
-221
-219
-217
-216
-218
-219
-220
-220
-219
-218
-218
-218
-219
-221
-221
-221
-224
-222
-224
-224
-226
-228
-227
-228
-227
-225
-224
-221
-221
-220
-220
-222
-221
-222
-223
-221
-221
-219
-218
-218
-219
-221
-221
-219
-222
-222
-218
-217
-217
-217
-217
-216
-213
-212
-212
-209
-209
-211
-211
-212
-211
-207
-207
-207
-206
-205
-204
-202
-199
-201
-202
-201
-199
-199
-200
-198
-195
-195
-194
-194
-193
-190
-189
-188
-186
-186
-185
-184
-181
-178
-178
-179
-179
-179
-178
-176
-174
-174
-172
-173
-174
-173
-172
-171
-170
-168
-169
-168
-168
-168
-167
-166
-163
-162
-161
-159
-156
-156
-155
-154
-156
-154
-152
-150
-148
-146
-147
-147
-145
-143
-142
-142
-140
-138
-139
-139
-136
-132
-133
-134
-131
-131
-133
-132
-132
-130
-128
-129
-127
-126
-125
-124
-122
-122
-122
-120
-117
-117
-117
-117
-116
-112
-111
-108
-106
-105
-104
-106
-105
-106
-106
-105
-102
-98
-100
-101
-100
-101
-100
-98
-100
-98
-97
-96
-91
-89
-91
-91
-90
-90
-89
-89
-89
-84
-79
-79
-78
-77
-78
-78
-78
-75
-74
-73
-72
-73
-71
-70
-69
-67
-65
-63
-63
-66
-64
-61
-59
-56
-56
-56
-57
-54
-50
-49
-49
-50
-49
-49
-48
-47
-44
-44
-45
-46
-45
-42
-41
-39
-38
-39
-37
-34
-34
-35
-34
-30
-29
-30
-31
-29
-27
-26
-27
-26
-24
-23
-22
-21
-20
-18
-19
-18
-14
-13
-14
-13
-10
-11
-10
-5
-3
-2
-2
0
2
0
1
2
3
4
4
5
7
9
9
8
9
10
12
16
16
18
20
18
18
21
21
21
21
22
24
26
27
27
26
26
28
31
33
37
39
40
41
39
40
44
43
44
45
47
49
50
51
51
51
51
54
57
56
57
60
60
60
60
64
67
67
67
71
73
73
74
74
75
75
77
78
78
80
79
81
81
83
85
86
89
89
90
91
91
93
96
97
100
100
99
101
100
102
103
102
104
105
106
108
108
110
109
110
112
113
116
114
112
114
116
116
118
122
124
124
125
125
126
126
125
128
130
129
130
131
132
134
136
134
134
136
134
136
137
137
139
138
138
137
137
141
144
145
145
145
148
148
148
146
146
148
147
147
149
150
153
152
151
150
150
151
149
150
153
154
155
155
155
155
157
158
160
160
158
156
156
157
157
159
159
160
162
162
162
160
162
165
165
165
167
168
167
165
167
170
171
172
171
169
169
172
173
171
172
173
172
171
174
175
174
173
172
171
171
173
173
173
174
174
174
173
172
171
171
171
171
171
172
174
174
174
173
175
176
174
174
173
173
174
173
175
175
173
174
173
175
176
172
173
171
172
173
172
174
173
172
172
174
174
171
170
168
169
171
170
170
169
170
171
169
169
169
168
170
170
170
169
169
170
168
166
165
165
164
167
169
168
167
166
165
166
167
164
161
161
160
160
159
159
160
162
162
162
163
162
161
160
160
159
157
156
157
156
157
157
156
154
151
153
154
154
155
154
154
153
151
152
153
155
157
154
152
155
157
157
155
153
154
152
150
150
152
151
148
148
148
147
149
148
146
145
144
146
146
144
143
142
142
143
144
144
143
143
144
144
142
141
140
139
141
142
142
142
142
142
141
141
139
139
138
136
138
140
139
139
138
136
136
137
136
136
136
137
134
131
130
129
128
129
131
130
129
127
126
127
127
126
124
124
125
125
125
124
124
124
122
122
122
121
121
121
121
120
121
122
121
122
119
116
116
116
114
113
112
110
109
111
111
110
110
109
110
109
106
104
104
102
101
100
99
99
99
100
97
94
94
91
91
91
90
91
89
87
88
86
84
83
83
85
82
81
81
77
77
77
76
73
72
73
71
72
73
72
73
71
68
67
68
68
67
64
62
64
62
60
61
61
62
61
58
56
54
54
55
54
51
51
51
51
48
47
46
47
44
44
43
41
42
40
40
40
39
40
37
35
36
36
35
33
30
29
31
30
28
28
27
26
24
23
22
22
21
20
18
15
16
16
14
14
12
12
11
10
10
8
7
6
3
3
4
4
4
4
2
1
2
4
4
4
3
2
0
0
1
1
2
2
2
0
0
-1
-1
0
-3
-3
-3
-3
-4
-6
-8
-9
-8
-6
-8
-7
-7
-6
-7
-11
-11
-10
-10
-11
-11
-10
-9
-8
-10
-9
-10
-12
-11
-13
-14
-13
-11
-9
-9
-12
-11
-10
-11
-12
-13
-12
-13
-13
-11
-11
-13
-14
-15
-17
-17
-18
-18
-19
-20
-18
-18
-18
-19
-22
-23
-24
-22
-23
-23
-19
-18
-19
-20
-19
-19
-21
-21
-21
-21
-22
-24
-23
-24
-26
-23
-24
-27
-27
-27
-26
-25
-24
-22
-20
-20
-23
-24
-24
-25
-23
-24
-27
-26
-27
-27
-26
-27
-28
-28
-27
-26
-28
-30
-30
-30
-29
-29
-31
-32
-33
-34
-34
-34
-33
-33
-34
-33
-33
-32
-32
-33
-34
-36
-33
-31
-34
-32
-34
-36
-34
-33
-32
-33
-33
-34
-36
-34
-35
-34
-33
-34
-37
-39
-42
-40
-40
-43
-40
-40
-40
-41
-44
-44
-45
-44
-46
-50
-47
-45
-47
-47
-48
-49
-50
-51
-50
-49
-51
-53
-54
-54
-54
-54
-54
-54
-55
-53
-53
-54
-57
-56
-54
-55
-55
-58
-60
-59
-59
-58
-59
-60
-60
-57
-57
-58
-59
-61
-63
-64
-63
-63
-62
-60
-64
-64
-65
-67
-67
-67
-66
-68
-70
-69
-68
-67
-69
-70
-69
-69
-67
-68
-70
-70
-69
-69
-69
-69
-70
-70
-71
-70
-70
-71
-71
-70
-69
-69
-71
-73
-73
-72
-72
-71
-72
-74
-75
-75
-77
-74
-71
-72
-73
-73
-74
-74
-76
-76
-76
-75
-75
-75
-75
-77
-76
-76
-76
-77
-77
-78
-80
-78
-76
-78
-79
-79
-78
-77
-78
-78
-78
-77
-75
-77
-80
-80
-79
-80
-81
-77
-75
-75
-76
-77
-77
-78
-77
-76
-78
-78
-77
-77
-77
-77
-77
-78
-77
-79
-78
-79
-81
-79
-78
-78
-77
-77
-79
-79
-78
-77
-76
-77
-77
-77
-75
-74
-75
-76
-77
-77
-75
-74
-71
-73
-77
-77
-76
-78
-76
-77
-78
-75
-77
-78
-75
-76
-77
-79
-80
-79
-80
-78
-77
-76
-76
-77
-75
-77
-76
-75
-77
-76
-75
-76
-74
-74
-74
-73
-73
-72
-72
-73
-73
-73
-72
-72
-72
-69
-69
-67
-67
-69
-68
-70
-69
-70
-72
-69
-68
-68
-69
-71
-70
-70
-72
-71
-71
-71
-70
-70
-71
-73
-71
-71
-71
-71
-71
-71
-70
-68
-67
-69
-68
-67
-67
-67
-67
-66
-65
-64
-65
-65
-63
-63
-65
-65
-64
-63
-64
-63
-62
-62
-62
-65
-65
-63
-63
-64
-64
-61
-60
-60
-61
-59
-58
-60
-61
-60
-59
-61
-59
-60
-62
-62
-61
-60
-60
-60
-59
-57
-58
-60
-58
-58
-60
-58
-58
-58
-60
-62
-61
-63
-61
-60
-62
-61
-61
-61
-58
-58
-58
-58
-58
-57
-58
-59
-60
-59
-57
-56
-54
-54
-54
-54
-53
-53
-53
-51
-51
-53
-51
-50
-50
-51
-54
-53
-51
-49
-50
-53
-50
-49
-50
-51
-52
-51
-51
-51
-51
-51
-51
-50
-48
-50
-50
-48
-47
-47
-48
-48
-49
-49
-48
-46
-45
-45
-44
-44
-43
-43
-45
-45
-44
-44
-42
-41
-42
-42
-40
-38
-40
-40
-41
-42
-41
-43
-42
-56
-60
-42
-21
-33
-20
74
8
-103
-77
-50
-34
-21
-24
-22
-9
-17
3
-28
-65
-26
-17
-27
-39
5
-5
-48
-17
6
3
-16
-26
-13
-13
-14
-19
-18
-15
-38
73
119
-9
-71
-84
-75
-39
17
38
10
-36
-56
-54
-55
-40
-14
0
-30
-48
-50
-53
-41
-39
-28
-31
-50
-49
-34
-37
-49
-43
-37
-40
-48
-26
-7
-24
-51
-50
-32
-28
-9
8
1
-20
-44
-37
-17
-1
18
14
-10
-24
-16
-3
0
13
25
5
-16
-12
6
13
5
8
10
0
-2
7
14
10
0
-3
-8
-3
8
5
-8
-12
-7
-10
-11
-2
-2
-14
-25
-26
-16
-14
-20
-21
-27
-39
-41
-36
-32
-33
-47
-58
-61
-59
-53
-54
-61
-68
-73
-81
-90
-89
-94
-105
-119
-134
-140
-144
-160
-175
-189
-204
-221
-232
-207
-170
-156
-167
-198
-221
-199
-150
-111
-82
-87
-96
-88
-81
-58
-22
4
26
43
37
35
41
53
73
82
92
101
93
71
61
61
68
79
73
54
34
14
-4
-6
0
-6
-20
-39
-57
-72
-84
-86
-83
-85
-90
-97
-106
-106
-108
-108
-97
-87
-80
-74
-72
-70
-64
-55
-40
-28
-17
-7
-8
-7
2
16
38
53
55
49
61
83
82
69
70
79
86
101
112
103
81
73
78
77
100
114
81
55
58
59
54
64
71
54
25
26
30
17
24
26
9
5
11
-1
-17
-12
-7
-16
-20
-18
-39
-63
-61
-51
-54
-59
-72
-107
-128
-129
-144
-169
-185
-195
-216
-232
-247
-290
-303
-253
-170
-121
-156
-250
-312
-270
-149
-33
-17
-74
-124
-142
-95
-13
36
49
55
50
53
68
71
84
100
126
152
161
141
99
69
73
118
151
142
99
38
4
7
27
33
25
-3
-37
-60
-75
-77
-78
-79
-78
-76
-87
-104
-118
-129
-115
-91
-72
-62
-68
-86
-89
-72
-48
-23
-8
-3
-4
-6
-4
8
27
44
54
50
47
47
46
49
61
75
79
74
63
51
43
42
50
52
47
37
23
13
12
9
6
9
9
0
-12
-21
-24
-21
-15
-10
-11
-18
-25
-24
-25
1
29
19
-8
-17
6
42
68
60
44
36
50
74
84
100
105
90
83
102
110
106
108
109
114
120
127
113
100
103
106
112
122
115
92
74
77
90
86
80
75
54
46
57
49
51
57
42
30
33
30
26
21
21
22
8
-1
-7
-17
-22
-21
-37
-50
-61
-82
-96
-100
-109
-139
-132
-89
-66
-93
-142
-169
-145
-74
-51
-55
-47
-40
-46
-62
-39
17
67
68
58
54
59
86
93
107
142
161
146
137
140
130
138
152
172
180
160
130
109
115
121
123
115
113
99
61
49
51
52
46
45
38
29
15
-8
-8
4
14
7
3
2
-4
-8
-5
17
30
34
36
36
42
49
55
67
88
98
94
91
99
106
110
121
131
139
136
130
127
138
167
167
158
158
151
150
175
195
194
194
172
168
180
189
203
195
185
188
177
165
184
183
170
179
173
162
157
148
147
155
157
148
132
118
117
110
105
110
101
86
69
62
55
54
46
28
24
17
-1
-18
-33
-55
-72
-83
-109
-115
-131
-143
-111
-70
-40
-58
-123
-170
-121
-29
46
58
-10
-40
-13
33
90
116
116
125
140
141
155
160
164
195
223
242
234
199
169
180
212
233
240
210
168
140
133
141
146
138
114
98
76
56
43
30
30
38
34
20
3
-20
-28
-20
-6
7
3
-10
-18
-14
-7
9
19
27
38
37
39
43
47
58
75
90
97
94
88
91
103
120
127
126
121
114
111
107
106
113
114
110
102
90
85
80
77
77
77
73
65
52
42
40
40
40
37
34
26
18
13
14
17
20
24
21
18
14
14
18
25
31
35
35
33
35
37
45
52
59
62
61
85
97
89
84
88
98
115
123
110
116
111
109
112
107
117
114
99
96
100
81
77
78
70
75
67
50
51
57
49
35
31
31
34
25
20
21
11
8
9
5
7
7
-8
-10
7
2
-9
-11
-11
-13
-15
-24
-34
-37
-51
-54
-66
-75
-81
-108
-127
-138
-143
-148
-137
-138
-148
-148
-164
-168
-182
-147
-92
-86
-115
-156
-150
-99
-33
-44
-72
-63
-44
-13
-19
-11
11
24
26
36
43
32
35
25
48
80
72
43
24
33
29
34
30
20
10
-15
-26
-32
-33
-47
-57
-62
-61
-69
-98
-104
-99
-95
-100
-103
-108
-115
-118
-123
-108
-97
-97
-101
-100
-91
-84
-85
-85
-71
-63
-61
-57
-54
-48
-45
-41
-34
-23
-26
-38
-37
-27
-18
-20
-24
-20
-20
-24
-29
-29
-24
-24
-16
-17
-27
-24
-29
-37
-22
-9
-20
-26
-28
-33
-33
-27
-21
-27
-33
-36
-38
-41
-36
-33
-47
-44
-30
-41
-46
-44
-45
-38
-34
-38
-44
-44
-43
-38
-36
-40
-34
-41
-46
-35
-37
-42
-38
-37
-42
-43
-48
-51
-48
-47
-49
-56
-64
-73
-83
-86
-86
-94
-115
-128
-139
-155
-166
-180
-197
-216
-247
-270
-236
-177
-169
-217
-283
-303
-247
-174
-155
-176
-200
-205
-185
-164
-136
-110
-105
-98
-75
-69
-73
-67
-60
-23
23
20
-2
-11
-16
-4
23
38
37
17
-10
-19
-10
-7
-11
-18
-28
-33
-51
-77
-85
-87
-87
-86
-96
-111
-129
-148
-150
-137
-131
-135
-144
-156
-155
-146
-144
-141
-133
-130
-130
-128
-126
-122
-117
-108
-89
-78
-83
-85
-87
-79
-61
-55
-51
-48
-52
-59
-58
-50
-41
-36
-37
-43
-45
-45
-50
-51
-46
-47
-53
-56
-57
-63
-66
-68
-67
-66
-70
-73
-83
-80
-83
-64
-46
-59
-71
-88
-82
-67
-39
-38
-55
-67
-75
-60
-50
-36
-31
-35
-44
-45
-40
-46
-30
-31
-28
-21
-31
-44
-51
-46
-39
-18
-28
-48
-61
-69
-58
-44
-37
-59
-67
-68
-64
-60
-70
-68
-74
-66
-64
-71
-78
-83
-78
-78
-63
-67
-84
-93
-86
-80
-79
-72
-87
-97
-100
-99
-101
-102
-111
-130
-134
-138
-142
-167
-186
-193
-184
-156
-160
-183
-209
-209
-195
-175
-161
-170
-172
-176
-171
-164
-148
-123
-114
-110
-112
-103
-97
-81
-66
-65
-47
-34
-38
-41
-37
-30
-16
-6
-13
-13
-17
-23
-20
-19
-18
-20
-29
-40
-44
-50
-53
-54
-62
-63
-69
-84
-90
-90
-95
-98
-96
-103
-108
-112
-118
-117
-114
-112
-112
-112
-111
-109
-104
-100
-93
-86
-79
-76
-76
-72
-65
-61
-57
-50
-47
-44
-40
-39
-36
-31
-25
-22
-22
-22
-23
-23
-18
-15
5
9
14
41
11
-9
8
30
41
57
48
5
22
33
36
46
47
47
25
16
21
38
24
31
44
17
23
17
-7
0
21
4
-6
0
-30
-32
-29
-33
-22
-28
-47
-57
-64
-73
-65
-66
-81
-83
-105
-116
-114
-126
-140
-145
-161
-184
-194
-204
-171
-130
-133
-172
-210
-198
-146
-95
-94
-110
-112
-98
-73
-61
-39
-20
-11
-4
14
25
24
33
40
68
93
89
71
63
75
86
99
101
98
81
62
60
58
63
57
40
28
24
11
-8
-13
-13
-12
-17
-30
-40
-51
-53
-51
-46
-43
-49
-63
-63
-49
-45
-44
-38
-35
-28
-25
-23
-17
-9
-2
6
16
20
19
16
23
37
42
44
50
52
50
50
51
55
64
60
53
51
54
53
47
50
51
48
38
34
33
31
34
29
26
24
20
16
15
20
18
20
18
17
17
12
12
16
23
23
24
23
25
29
29
36
42
44
44
43
45
57
58
65
84
80
66
61
73
96
114
99
74
79
96
100
104
110
100
86
82
90
103
103
93
80
80
90
84
67
72
82
71
63
64
57
50
51
50
56
66
53
38
38
52
61
57
56
54
50
51
64
72
72
68
65
67
77
80
75
81
85
87
85
81
83
86
83
81
87
77
70
68
64
73
66
56
49
43
37
28
27
17
9
4
-9
-9
-10
-23
-34
-33
-37
-42
-36
-39
-39
-42
-47
-36
-27
-16
-17
-14
-10
-1
16
18
30
36
38
54
66
71
77
90
93
103
111
112
117
119
126
128
133
133
130
125
120
129
129
125
118
109
103
104
104
97
97
86
77
75
72
69
64
62
57
57
61
55
53
54
61
67
68
75
68
75
91
91
111
103
98
102
119
135
135
144
127
131
140
142
148
143
145
133
136
137
140
140
129
133
122
125
124
110
105
106
104
93
94
80
68
73
72
72
70
62
51
49
54
50
53
54
50
43
38
46
46
45
48
41
35
34
33
26
27
26
15
13
10
3
-7
-11
-11
-9
-3
-9
-14
-20
-20
-10
-6
-1
0
-2
1
11
15
20
28
29
43
61
57
52
58
67
74
91
97
95
95
93
100
111
116
108
106
108
105
108
104
104
102
95
91
86
89
81
71
70
67
63
57
56
47
44
48
46
46
47
41
37
49
51
46
43
47
52
47
54
57
55
57
61
65
68
73
67
67
79
84
76
73
75
77
81
79
77
76
77
76
71
75
73
68
63
65
68
60
60
58
55
58
58
59
63
65
58
58
73
71
65
61
64
74
82
88
78
83
79
75
100
108
105
93
83
85
100
111
99
98
92
86
90
94
99
88
78
77
81
74
69
67
56
59
57
43
41
46
33
25
34
27
17
15
9
9
13
10
5
3
-2
-7
-9
-3
2
-3
-10
-14
-14
-11
-6
-13
-18
-25
-32
-29
-27
-29
-42
-44
-49
-57
-50
-62
-62
-55
-57
-67
-70
-59
-70
-64
-65
-65
-57
-62
-63
-72
-54
-45
-47
-47
-51
-43
-49
-33
-17
-10
-17
-30
-18
-16
-3
3
0
0
0
0
0
0
0
0
0
0
0
0
0
0
0
0
0
0
0
0
0
0
0
0
0
0
0
0
0
0
0
0
0
0
0
0
0
0
0
0
0
0
0
0
0
0
0
0
0
0
0
0
0
0
0
0
0
0
0
0
0
0
0
0
0
0
0
0
0
0
0
0
0
0
0
0
0
0
0
0
0
0
0
0
0
0
0
0
0
0
0
0
0
0
0
0
0
0
0
0
0
0
0
0
0
0
0
0
0
0
0
0
0
0
0
0
0
0
0
0
0
0
0
0
0
0
0
0
0
0
0
0
0
0
0
0
0
0
0
0
0
0
0
0
0
0
0
0
0
0
0
0
0
0
0
0
0
0
0
0
0
0
0
0
0
0
0
0
0
0
0
0
0
0
0
0
0
0
0
0
0
0
0
0
0
0
0
0
0
0
0
0
0
0
0
0
0
0
0
0
0
0
0
0
0
0
0
0
0
0
0
0
0
0
0
0
0
0
0
0
0
0
0
0
0
0
0
0
0
0
0
0
0
0
0
0
0
0
0
0
0
0
0
0
0
0
0
0
0
0
0
0
0
0
0
0
0
0
0
0
0
0
0
0
0
0
0
0
0
0
0
0
0
0
0
0
0
0
0
0
0
0
0
0
0
0
0
0
0
0
0
0
0
0
0
0
0
0
0
0
0
0
0
0
0
0
0
0
0
0
0
0
0
0
0
0
0
0
0
0
0
0
0
0
0
0
0
0
0
0
0
0
0
0
0
0
0
0
0
0
0
0
0
0
0
0
0
0
0
0
0
0
0
0
0
0
0
0
0
0
0
0
0
0
0
0
0
0
0
0
0
0
0
0
0
0
0
0
0
0
0
0
0
0
0
0
0
0
0
0
0
0
0
0
0
0
0
0
0
0
0
0
0
0
0
0
0
0
0
0
0
0
0
0
0
0
0
0
0
0
0
0
0
0
0
0
0
0
0
0
0
0
0
0
0
0
0
0
0
0
0
0
0
0
0
0
0
0
0
0
0
0
0
0
0
0
0
0
0
0
0
0
0
0
0
0
0
0
0
0
0
0
0
0
0
0
0
0
0
0
0
0
0
0
0
0
0
0
0
0
0
0
0
0
0
0
0
0
0
0
0
0
0
0
0
0
0
0
0
0
0
0
0
0
0
0
0
0
0
0
0
0
0
0
0
0
0
0
0
0
0
0
0
0
0
0
0
0
0
0
0
0
0
0
0
0
0
0
0
0
0
0
0
0
0
0
0
0
0
0
0
0
0
0
0
0
0
0
0
0
0
0
0
0
0
0
0
0
0
0
0
0
0
0
0
0
0
0
0
0
0
0
0
0
0
0
0
0
0
0
0
0
0
0
0
0
0
0
0
0
0
0
0
0
0
0
0
0
0
0
0
0
0
0
0
0
0
0
0
0
0
0
0
0
0
0
0
0
0
0
0
0
0
0
0
0
0
0
0
0
0
0
0
0
0
0
0
0
0
0
0
0
0
0
0
0
0
0
0
0
0
0
0
0
0
0
0
0
0
0
0
0
0
0
0
0
0
0
0
0
0
0
0
0
0
0
0
0
0
0
0
0
0
0
0
0
0
0
0
0
0
0
0
0
0
0
0
0
0
0
0
0
0
0
0
0
0
0
0
0
0
0
0
0
0
0
0
0
0
0
0
0
0
0
0
0
0
0
0
0
0
0
0
0
0
0
0
0
0
0
0
0
0
0
0
0
0
0
0
0
0
0
0
0
0
0
0
0
0
0
0
0
0
0
0
0
0
0
0
0
0
0
0
0
0
0
0
0
0
0
0
0
0
0
0
0
0
0
0
0
0
0
0
0
0
0
0
0
0
0
0
0
0
0
0
0
0
0
0
0
0
0
0
0
0
0
0
0
0
0
0
0
0
0
0
0
0
0
0
0
0
0
0
0
0
0
0
0
0
0
0
0
0
0
0
0
0
0
0
0
0
0
0
0
0
0
0
0
0
0
0
0
0
0
0
0
0
0
0
0
0
0
0
0
0
0
0
0
0
0
0
0
0
0
0
0
0
0
0
0
0
0
0
0
0
0
0
0
0
0
0
0
0
0
0
0
0
0
0
0
0
0
0
0
0
0
0
0
0
0
0
0
0
0
0
0
0
0
0
0
0
0
0
0
0
0
0
0
0
0
0
0
0
0
0
0
0
0
0
0
0
0
0
0
0
0
0
0
0
0
0
0
0
0
0
0
0
0
0
0
0
0
0
0
0
0
0
0
0
0
0
0
0
0
0
0
0
0
0
0
0
0
0
0
0
0
0
0
0
0
0
0
0
0
0
0
0
0
0
0
0
0
0
0
0
0
0
0
0
0
0
0
0
0
0
0
0
0
0
0
0
0
0
0
0
0
0
0
0
0
0
0
0
0
0
0
0
0
0
0
0
0
0
0
0
0
0
0
0
0
0
0
0
0
0
0
0
0
0
0
0
0
0
0
0
0
0
0
0
0
0
0
0
0
0
0
0
0
0
0
0
0
0
0
0
0
0
0
0
0
0
0
0
0
0
0
0
0
0
0
0
0
0
0
0
0
0
0
0
0
0
0
0
0
0
0
0
0
0
0
0
0
0
0
0
0
0
0
0
0
0
0
0
0
0
0
0
0
0
0
0
0
0
0
0
0
0
0
0
0
0
0
0
0
0
0
0
0
0
0
0
0
0
0
0
0
0
0
0
0
0
0
0
0
0
0
0
0
0
0
0
0
0
0
0
0
0
0
0
0
0
0
0
0
0
0
0
0
0
0
0
0
0
0
0
0
0
0
0
0
0
0
0
0
0
0
0
0
0
0
0
0
0
0
0
0
0
0
0
0
0
0
0
0
0
0
0
0
0
0
0
0
0
0
0
0
0
0
0
0
0
0
0
0
0
0
0
0
0
0
0
0
0
0
0
0
0
0
0
0
0
0
0
0
0
0
0
0
0
0
0
0
0
0
0
0
0
0
0
0
0
0
0
0
0
0
0
0
0
0
0
0
0
0
0
0
0
0
0
0
0
0
0
0
0
0
0
0
0
0
0
0
0
0
0
0
0
0
0
0
0
0
0
0
0
0
0
0
0
0
0
0
0
0
0
0
0
0
0
0
0
0
0
0
0
0
0
0
0
0
0
0
0
0
0
0
0
0
0
0
0
0
0
0
0
0
0
0
0
0
0
0
0
0
0
0
0
0
0
0
0
0
0
0
0
0
0
0
0
0
0
0
0
0
0
0
0
0
0
0
0
0
0
0
0
0
0
0
0
0
0
0
0
0
0
0
0
0
0
0
0
0
0
0
0
0
0
0
0
0
0
0
0
0
0
0
0
0
0
0
0
0
0
0
0
0
0
0
0
0
0
0
0
0
0
0
0
0
0
0
0
0
0
0
0
0
0
0
0
0
0
0
0
0
0
0
0
0
0
0
0
0
0
0
0
0
0
0
0
0
0
0
0
0
0
0
0
0
0
0
0
0
0
0
0
0
0
0
0
0
0
0
0
0
0
0
0
0
0
0
0
0
0
0
0
0
0
0
0
0
0
0
0
0
0
0
0
0
0
0
0
0
0
0
0
0
0
0
0
0
0
0
0
0
0
0
0
0
0
0
0
0
0
0
0
0
0
0
0
0
0
0
0
0
0
0
0
0
0
0
0
0
0
0
0
0
0
0
0
0
0
0
0
0
0
0
0
0
0
0
0
0
0
0
0
0
0
0
0
0
0
