132
85
105
67
31
23
-1
-17
-18
-16
20
34
-6
23
29
14
13
-18
-7
7
-5
-6
-32
-1
18
33
88
40
30
42
-20
-45
-119
-165
-150
-103
-56
2
23
51
61
60
75
45
16
0
-33
16
-11
-11
31
7
60
51
47
65
37
40
47
26
11
9
17
16
24
24
47
70
62
61
48
61
56
47
40
32
36
43
71
85
72
65
54
11
-33
-93
-106
-106
-88
-38
-23
2
18
15
3
-21
1
-4
-14
4
25
-24
-18
-20
3
30
5
23
4
-14
-21
-41
-67
-18
48
96
146
145
143
121
66
6
-20
-42
-51
-43
-34
3
49
43
41
54
58
103
67
51
100
56
4
-37
-54
-34
-51
-41
-6
-20
-46
-102
-134
-148
-180
-179
-147
-119
-96
-97
-106
-129
-178
-207
-189
-187
-165
-94
-84
-37
-17
-41
-75
-149
-169
-159
-133
-62
12
44
94
96
71
67
46
67
72
74
128
114
86
102
93
91
62
79
163
157
235
289
328
369
358
382
408
318
246
211
198
224
190
198
189
130
111
75
13
-44
-102
-96
-84
-90
-55
-27
1
13
25
47
34
-3
-38
-68
-84
-116
-193
-216
-217
-220
-224
-240
-265
-267
-293
-322
-321
-333
-317
-314
-300
-279
-292
-281
-304
-295
-214
-221
-195
-146
-210
-279
-292
-293
-258
-282
-202
-105
-117
-71
-86
-81
-74
-64
57
279
501
589
837
1020
952
898
704
541
489
239
114
86
-74
-110
-184
-267
-172
-208
-287
-177
-97
23
154
196
362
431
403
385
356
359
319
222
255
256
179
104
32
16
-63
-175
-245
-230
-226
-216
-95
-4
83
139
86
172
238
172
140
126
167
183
136
111
165
258
260
245
230
183
99
-18
-114
-162
-175
-173
-181
-151
-126
-118
-167
-212
-258
-302
-343
-422
-446
-442
-435
-426
-453
-433
-397
-422
-415
-386
-410
-403
-408
-445
-431
-414
-405
-349
-229
-113
-32
111
219
463
641
655
891
1009
889
838
725
540
393
175
-27
-90
-256
-434
-463
-493
-523
-542
-504
-352
-212
-78
60
249
435
519
516
542
584
552
488
479
467
431
325
163
99
36
-120
-238
-284
-337
-263
-177
-73
39
243
318
232
285
232
184
154
65
155
206
184
248
311
345
313
242
167
86
-6
-99
-150
-158
-203
-250
-271
-304
-301
-332
-374
-354
-384
-421
-465
-546
-548
-551
-583
-576
-556
-564
-571
-631
-663
-716
-804
-857
-919
-855
-885
-844
-571
-483
-146
557
719
1222
1726
1530
1586
1467
929
808
554
153
137
-33
-314
-414
-586
-721
-708
-784
-749
-586
-437
-191
78
402
665
786
904
982
1010
958
845
703
561
495
114
-30
-21
-344
-489
-601
-740
-649
-669
-588
-266
-21
211
349
480
578
513
405
325
276
272
244
219
255
305
413
438
372
350
231
31
-123
-201
-176
-155
-143
-30
43
50
-6
-51
-67
-125
-171
-184
-186
-121
-91
-67
-37
-68
-141
-248
-422
-546
-660
-811
-858
-859
-838
-768
-686
-565
-445
-420
-313
-313
-362
-242
-239
-202
-102
-34
118
496
742
821
1251
1319
1102
1032
692
351
225
-86
-297
-294
-368
-503
-447
-358
-319
-195
-215
-160
-29
60
186
370
607
750
778
803
842
857
765
645
522
414
228
-18
-167
-254
-299
-338
-393
-365
-308
-288
-260
-123
123
213
244
334
337
383
317
210
243
167
91
97
93
238
275
241
198
54
-78
-274
-406
-418
-380
-219
-72
42
207
234
200
185
54
-33
-97
-254
-269
-243
-276
-269
-366
-498
-629
-789
-869
-883
-886
-914
-855
-741
-697
-565
-464
-399
-308
-323
-301
-27
534
679
1182
1831
1794
1822
1585
987
751
309
-208
-311
-464
-789
-925
-900
-901
-790
-842
-878
-688
-490
-253
45
477
893
1072
1112
1134
1126
1045
868
715
645
534
260
-2
-53
-179
-411
-695
-927
-967
-989
-957
-691
-192
265
523
750
888
920
808
542
361
378
272
152
204
371
518
599
523
367
231
-68
-327
-381
-357
-229
-96
-54
69
221
222
195
171
85
-7
-163
-262
-181
-142
-104
-81
-105
-149
-293
-482
-658
-803
-895
-950
-985
-963
-828
-648
-477
-258
-111
-130
-167
-221
-281
-309
-272
-273
-110
541
658
990
1702
1555
1437
1388
738
372
148
-419
-527
-475
-768
-849
-765
-835
-688
-571
-555
-356
-161
2
181
466
723
846
897
885
914
868
709
624
564
468
194
-106
-272
-440
-624
-736
-790
-677
-542
-451
-248
121
442
593
743
821
788
604
392
314
250
237
269
327
429
548
556
441
255
79
-116
-287
-385
-315
-124
135
345
519
686
640
463
199
-82
-300
-462
-601
-616
-533
-463
-367
-318
-348
-396
-514
-686
-851
-917
-929
-899
-765
-587
-424
-268
-191
-238
-197
-305
-501
-538
-606
-559
-332
372
683
1134
2017
1972
1792
1646
898
449
172
-350
-474
-389
-611
-720
-608
-668
-648
-632
-708
-508
-318
-151
160
530
890
1033
1016
961
967
900
702
564
479
372
113
-115
-189
-333
-600
-834
-970
-910
-858
-799
-550
-200
161
338
477
653
745
635
394
228
168
117
85
158
411
637
765
743
673
600
259
-5
-185
-335
-201
-86
55
356
548
595
562
412
197
-38
-315
-517
-484
-354
-268
-197
-106
-56
-94
-226
-462
-607
-761
-929
-983
-880
-685
-504
-290
-133
-61
-112
-232
-406
-581
-693
-769
-792
-740
-627
-387
409
669
1070
1850
1708
1477
1307
675
366
149
-305
-410
-365
-610
-691
-541
-612
-549
-547
-663
-509
-409
-303
-8
377
746
1003
1129
1172
1242
1229
1056
876
665
438
71
-315
-460
-549
-652
-775
-799
-734
-774
-778
-585
-278
71
301
467
670
773
711
634
524
351
226
70
20
112
263
436
510
469
404
160
-82
-159
-224
-127
13
70
172
268
190
113
-5
-198
-315
-434
-516
-410
-223
-65
85
168
165
99
-32
-251
-388
-502
-631
-683
-682
-626
-548
-471
-373
-308
-304
-304
-359
-384
-375
-312
-306
-273
-271
-21
620
648
1172
1782
1511
1441
1211
599
421
85
-400
-398
-452
-776
-703
-564
-597
-453
-548
-647
-529
-479
-344
-28
346
688
918
1059
1144
1285
1255
1111
941
680
381
-73
-396
-527
-627
-701
-774
-795
-687
-642
-564
-317
14
310
466
607
736
758
663
546
468
365
246
156
129
221
382
512
453
334
232
16
-158
-204
-162
-25
106
171
284
339
194
75
-44
-225
-301
-390
-421
-276
-142
-17
117
162
126
6
-165
-344
-499
-622
-713
-734
-693
-645
-640
-605
-509
-429
-414
-385
-350
-371
-340
-349
-396
-323
-330
-376
-134
435
502
967
1531
1300
1234
1043
496
291
-14
-487
-452
-436
-680
-626
-485
-533
-501
-625
-735
-672
-641
-446
-113
332
692
936
1127
1285
1418
1311
1106
863
585
264
-108
-352
-364
-422
-531
-574
-670
-720
-737
-694
-464
-127
146
356
626
845
922
844
673
530
336
144
16
39
215
366
467
426
265
122
-122
-333
-337
-297
-214
-43
18
149
286
202
112
-12
-232
-367
-562
-629
-498
-358
-216
-100
-55
-53
-124
-241
-300
-406
-497
-580
-628
-593
-591
-550
-446
-355
-265
-227
-286
-276
-295
-392
-337
-313
-298
-242
-276
-239
-180
328
503
722
1366
1281
1152
1138
716
498
321
-129
-256
-231
-573
-723
-609
-823
-870
-935
-1066
-904
-749
-505
-85
387
727
952
1109
1181
1246
1145
907
734
501
284
116
12
19
-83
-290
-528
-742
-851
-842
-688
-372
57
465
719
941
1125
1118
986
762
598
445
315
270
337
531
689
716
657
435
193
-82
-313
-299
-311
-286
-97
-48
-16
112
64
-30
-143
-393
-515
-545
-574
-412
-248
-106
-7
13
21
-70
-274
-432
-578
-745
-855
-929
-886
-761
-611
-465
-408
-389
-358
-395
-402
-329
-302
-284
-244
-265
-253
-258
-248
-274
-218
340
442
740
1457
1410
1394
1428
969
717
525
7
-143
-158
-589
-742
-660
-893
-921
-933
-975
-761
-568
-319
51
475
741
922
1089
1141
1200
1134
969
775
490
198
-53
-196
-312
-488
-603
-719
-793
-750
-690
-550
-284
-12
268
480
686
879
931
862
782
723
609
469
451
555
623
691
641
457
186
-111
-373
-522
-551
-494
-350
-211
-94
43
87
58
37
-74
-196
-257
-260
-231
-109
-21
-19
-34
-172
-351
-493
-702
-912
-1020
-1045
-975
-834
-695
-508
-382
-328
-314
-357
-387
-403
-361
-256
-166
-91
-53
-105
-182
-287
-367
-441
-529
-499
-502
-95
412
552
1249
1515
1247
1247
894
419
255
-143
-416
-279
-444
-638
-374
-397
-498
-441
-550
-487
-368
-267
8
416
749
930
1014
978
967
892
682
555
478
430
342
280
304
243
80
-130
-394
-584
-711
-768
-641
-374
-64
245
526
756
894
924
869
746
628
470
315
285
292
294
294
221
104
2
-155
-384
-492
-482
-427
-298
-130
-5
145
248
213
241
143
-48
-185
-412
-558
-551
-626
-629
-552
-506
-419
-390
-324
-247
-266
-253
-258
-321
-374
-491
-548
-527
-566
-513
-465
-463
-393
-452
-475
-453
-512
-475
-488
-394
-265
-172
3
248
726
794
1075
1433
1186
1013
811
352
137
-42
-261
-189
-79
-254
-195
-107
-331
-404
-493
-526
-434
-336
-146
162
444
667
829
908
913
937
862
778
707
615
633
594
533
507
299
-5
-311
-636
-831
-923
-879
-668
-293
78
445
784
989
1053
1016
912
726
566
450
367
361
383
417
395
219
-8
-230
-460
-611
-671
-640
-507
-330
-212
-67
73
94
35
-90
-228
-333
-456
-540
-479
-362
-286
-200
-110
-27
-19
-124
-241
-361
-555
-703
-770
-780
-752
-735
-652
-583
-570
-507
-523
-516
-523
-556
-539
-493
-444
-328
-203
-37
-45
-32
-86
-2
248
239
643
940
806
862
821
574
531
401
177
233
152
-187
-156
-239
-487
-513
-562
-554
-431
-312
-97
222
509
697
866
945
1018
1131
1123
1159
1212
1185
1106
922
724
479
80
-289
-650
-918
-1044
-1034
-882
-587
-269
54
371
612
767
781
708
649
578
548
503
452
478
462
406
366
174
-66
-283
-565
-695
-729
-680
-562
-445
-350
-211
-134
-173
-188
-255
-331
-383
-464
-461
-344
-216
-106
-7
21
-41
-128
-257
-394
-546
-725
-844
-899
-959
-960
-911
-786
-678
-584
-453
-401
-379
-376
-334
-302
-268
-242
-220
-100
-64
-50
-38
-67
-156
101
279
356
914
1099
1058
1178
1006
776
783
581
380
452
202
-38
-1
-125
-178
-181
-257
-275
-244
-195
-90
129
364
557
752
897
1027
1121
1231
1341
1398
1406
1231
997
770
451
123
-165
-485
-711
-834
-918
-868
-667
-421
-195
-21
121
243
305
347
388
450
478
451
425
392
336
313
306
252
151
-21
-164
-256
-334
-401
-418
-453
-472
-472
-466
-452
-402
-392
-473
-514
-520
-507
-422
-336
-214
-84
-57
-47
-67
-155
-291
-458
-621
-742
-823
-823
-757
-668
-574
-481
-438
-440
-496
-571
-619
-644
-654
-591
-484
-377
-248
-206
-182
-125
-166
-129
128
221
471
875
1008
1178
1304
1156
1098
1073
859
773
684
433
332
222
46
-10
-88
-176
-188
-219
-289
-267
-153
25
262
479
671
825
943
1020
1058
1093
1043
907
766
573
379
273
145
31
-28
-91
-189
-184
-145
-88
-25
-30
-67
-151
-258
-307
-364
-388
-378
-359
-318
-255
-196
-36
103
202
280
283
258
213
124
34
-30
-127
-196
-255
-330
-398
-449
-507
-561
-638
-716
-771
-789
-763
-691
-614
-568
-554
-547
-523
-529
-548
-512
-488
-460
-394
-341
-273
-160
-85
-48
-20
-56
-136
-226
-281
-318
-339
-363
-324
-250
-211
-153
-118
-90
-33
33
46
97
179
224
307
376
438
485
485
464
494
531
565
581
566
588
574
555
564
604
625
639
658
682
693
671
666
648
635
594
515
454
387
313
250
176
107
49
45
74
123
185
221
231
231
195
174
216
225
210
138
19
-72
-173
-260
-335
-406
-469
-535
-556
-490
-401
-300
-213
-170
-189
-253
-288
-302
-305
-273
-238
-169
-144
-165
-168
-162
-137
-159
-204
-189
-185
-172
-181
-156
-138
-193
-223
-258
-321
-384
-389
-378
-345
-308
-252
-213
-196
-194
-211
-212
-213
-210
-180
-112
-84
-36
33
69
71
16
-39
-110
-146
-135
-101
-24
73
114
162
167
143
140
72
17
-8
18
71
137
230
325
373
398
403
390
410
416
447
524
577
623
670
711
706
660
604
523
441
319
212
168
112
107
157
226
287
324
354
387
399
374
330
303
258
204
149
88
53
27
-33
-76
-96
-159
-228
-300
-356
-389
-442
-494
-526
-526
-493
-432
-391
-371
-373
-392
-407
-422
-444
-433
-404
-371
-352
-348
-315
-279
-234
-189
-141
-142
-167
-222
-275
-300
-305
-278
-234
-173
-122
-75
-49
-48
-52
-63
-57
-70
-86
-67
-36
-6
-13
-4
-2
1
-2
-29
-58
-66
-39
-13
26
80
145
197
212
221
191
165
156
108
61
83
136
168
185
209
237
271
306
328
344
355
376
390
385
363
336
314
302
276
262
235
185
153
101
83
96
126
169
216
234
226
242
264
279
278
224
154
84
-8
-76
-123
-179
-227
-256
-273
-306
-314
-293
-269
-252
-232
-245
-234
-190
-177
-167
-183
-193
-208
-263
-311
-360
-395
-388
-375
-361
-355
-372
-380
-382
-356
-324
-280
-237
-195
-164
-132
-115
-85
-44
-37
-87
-124
-133
-112
-34
39
72
85
66
88
124
109
90
81
77
87
59
43
62
31
30
8
-40
-54
-47
-8
40
91
117
142
156
137
131
113
98
103
124
156
224
277
328
358
364
352
325
292
268
244
227
200
215
238
252
259
240
211
170
154
128
144
180
208
236
275
265
235
213
144
65
16
-35
-63
-61
-84
-93
-71
-31
-22
-44
-100
-169
-219
-231
-228
-234
-225
-233
-243
-239
-245
-243
-243
-266
-276
-296
-316
-286
-270
-240
-193
-192
-178
-157
-124
-91
-91
-89
-93
-114
-132
-122
-120
-132
-132
-133
-110
-88
-83
-47
-33
-33
1
7
24
37
48
67
49
23
23
29
23
32
35
36
59
89
128
151
162
159
171
177
153
161
167
158
171
143
145
163
172
189
189
184
174
139
109
121
168
212
239
256
265
289
271
231
184
152
124
78
26
-35
-24
-17
-1
51
75
106
74
35
13
-23
-55
-66
-53
-44
-36
-12
-8
3
-22
-62
-98
-142
-230
-287
-320
-328
-298
-302
-299
-296
-282
-306
-320
-328
-335
-351
-357
-316
-271
-230
-202
-150
-121
-112
-112
-117
-137
-184
-207
-186
-181
-192
-175
-166
-127
-67
-53
-65
-93
-90
-69
-51
-10
62
104
128
138
122
104
77
23
14
28
24
17
10
20
23
57
100
130
152
141
152
172
173
181
181
184
183
172
165
176
200
213
239
257
242
240
231
214
202
174
144
115
100
88
97
113
131
98
56
46
46
69
71
46
69
122
152
158
158
150
106
61
6
-57
-81
-75
-74
-53
-11
-4
-28
-55
-92
-140
-175
-199
-205
-169
-167
-216
-242
-219
-223
-216
-247
-262
-243
-243
-245
-242
-212
-215
-214
-223
-189
-155
-159
-125
-75
-49
-62
-90
-136
-136
-147
-158
-165
-154
-137
-117
-102
-69
-24
2
28
46
53
53
81
128
162
153
138
120
106
108
133
116
103
115
141
144
152
180
175
195
187
198
194
162
139
156
123
70
54
38
29
38
68
74
52
54
74
96
125
129
122
114
102
90
111
124
122
100
87
82
39
8
-30
-29
-20
-3
-6
-43
-70
-50
-6
32
49
38
9
-20
-35
-53
-29
-14
10
2
-3
-16
-62
-100
-121
-119
-172
-248
-325
-380
-395
-419
-423
-391
-352
-339
-328
-322
-327
-322
-303
-294
-253
-218
-179
-114
-86
-71
-63
-87
-114
-128
-146
-149
-135
-134
-122
-70
-27
-21
-6
6
18
40
44
58
72
70
93
127
143
150
159
172
179
168
141
127
122
120
115
113
114
125
131
140
129
123
121
116
115
110
110
81
72
104
116
106
104
87
87
96
98
74
56
38
16
-2
-33
-64
-57
-17
0
-9
-34
-56
-67
-81
-72
-55
-38
-67
-103
-89
-57
-50
-33
-17
-15
-11
-23
-43
-68
-82
-83
-91
-90
-72
-36
10
21
13
5
-57
-112
-161
-194
-238
-268
-272
-256
-221
-220
-229
-211
-203
-185
-193
-185
-195
-186
-150
-118
-76
-76
-80
-68
-72
-97
-112
-130
-127
-73
-31
-35
-32
1
36
72
122
163
175
166
183
221
230
200
168
146
124
95
95
107
118
125
100
112
117
97
68
59
71
73
96
123
136
142
126
105
58
-19
-33
-32
-28
-5
-25
-12
16
7
-2
-15
-37
-61
-74
-86
-65
-13
6
-13
-20
-24
-38
-24
1
-5
10
-4
-40
-47
-29
2
33
22
-19
-36
-54
-77
-105
-117
-108
-84
-70
-52
-51
-26
-8
-47
-58
-77
-93
-104
-128
-158
-195
-221
-236
-222
-234
-260
-275
-267
-251
-257
-245
-234
-169
-123
-94
-66
-59
-54
-44
-24
-5
-1
-33
-36
-36
-11
-4
-5
7
52
89
135
188
202
186
173
140
96
65
57
73
64
64
34
19
-2
-28
-27
-21
-5
13
31
30
2
9
31
52
53
40
23
36
40
7
-5
-23
-18
-5
3
22
18
13
10
-7
-30
-35
-31
-13
-1
9
16
-2
-16
-15
-23
-17
-31
-40
-64
-97
-111
-122
-96
-64
-31
-47
-53
-44
-25
-17
-15
-33
-60
-92
-116
-135
-162
-163
-170
-165
-174
-192
-179
-133
-100
-112
-113
-139
-161
-159
-180
-211
-237
-250
-234
-209
-184
-172
-160
-132
-103
-88
-69
-30
-18
3
38
65
56
35
48
44
50
25
-18
-55
-72
-58
-18
18
44
49
69
103
126
102
75
64
68
80
67
54
70
92
121
123
116
104
113
83
55
55
55
62
62
76
98
92
86
91
83
79
40
7
-18
-8
13
29
56
64
40
18
-3
-17
-43
-95
-150
-174
-177
-143
-87
-78
-61
-64
-77
-87
-96
-102
-117
-147
-158
-143
-134
-106
-97
-88
-59
-32
-18
9
-20
-71
-109
-139
-142
-140
-116
-74
-36
-16
-24
-21
-23
5
13
-17
-52
-86
-79
-74
-46
-22
8
25
18
10
2
-3
-27
-44
-16
16
43
33
23
21
3
-18
-4
21
38
44
61
71
61
30
21
29
26
33
28
45
65
73
104
116
147
162
169
155
134
120
85
84
81
75
74
75
56
50
37
42
71
87
84
96
100
75
44
7
-26
-48
-87
-92
-74
-84
-86
-67
-54
-44
-36
-59
-93
-98
-97
-122
-141
-133
-110
-89
-63
-49
-56
-56
-36
-41
-57
-65
-50
-25
-4
11
20
30
34
14
0
-3
-20
-51
-74
-84
-105
-128
-142
-134
-134
-137
-137
-126
-89
-74
-75
-69
-93
-97
-84
-81
-63
-89
-97
-88
-86
-57
-27
-16
-14
-22
-14
-6
-11
-8
10
0
-6
-21
-23
-22
-7
12
22
32
43
40
46
55
63
71
99
125
133
147
168
199
160
133
130
113
114
93
61
50
42
44
66
90
104
122
120
96
70
31
8
10
16
8
9
8
-4
-37
-65
-87
-114
-132
-141
-115
-62
-26
-10
-17
-23
-19
-35
-64
-77
-76
-88
-80
-86
-103
-116
-104
-77
-63
-78
-74
-56
-27
-25
-43
-45
-53
-40
-44
-46
-60
-51
-57
-84
-93
-98
-97
-93
-86
-81
-73
-64
-47
-6
23
40
19
12
16
28
27
44
60
69
57
68
65
40
24
3
-22
-32
-23
-14
-14
16
40
44
65
80
92
78
81
80
75
80
99
111
111
99
54
35
31
34
30
10
6
-13
-10
8
28
43
47
68
77
67
73
74
72
107
135
175
179
169
175
147
123
101
99
93
83
51
7
-24
-41
-37
-17
-2
-8
-7
-43
-82
-118
-176
-175
-179
-181
-197
-200
-188
-163
-142
-126
-108
-67
-61
-58
-63
-81
-81
-95
-107
-114
-100
-105
-74
-62
-64
-74
-85
-72
-67
-53
-50
-60
-57
-52
-23
3
13
24
37
71
99
118
105
90
63
37
41
55
37
30
28
11
21
34
47
24
21
45
65
62
60
61
72
100
102
64
39
0
-47
-67
-100
-90
-58
-54
-40
-27
-6
26
21
10
14
39
55
53
68
85
130
130
129
126
110
94
74
54
42
73
100
112
116
90
48
28
12
-29
-61
-38
6
34
45
61
39
1
-46
-83
-92
-80
-52
-27
-7
-11
-31
-60
-89
-110
-129
-129
-112
-90
-52
-20
-16
-16
-27
-70
-113
-118
-131
-116
-94
-74
-37
3
21
18
8
2
7
19
18
18
46
64
41
12
35
57
62
64
43
34
4
-20
-3
17
27
19
33
33
42
51
39
28
40
64
56
61
43
143
133
130
126
88
90
51
64
43
58
18
-40
-10
-11
-7
3
25
3
-27
-42
-43
-37
-37
-40
-15
22
51
66
80
102
123
130
96
39
34
24
5
33
21
38
-7
66
-9
370
520
124
243
143
98
-47
8
15
17
-52
-168
-247
-210
-266
-341
-303
-295
-308
-300
-277
-232
-162
-86
-43
65
143
237
229
185
268
226
131
-1
-27
65
16
-54
-100
-151
-185
-267
-266
-220
-181
-187
-193
-119
-81
-113
-105
-38
8
-2
5
44
109
202
287
287
278
296
297
186
123
153
153
144
95
66
66
35
-47
-97
-119
-134
-165
-198
-186
-128
-80
-97
-95
-57
-18
-15
-6
5
36
96
78
76
131
198
212
173
138
109
77
23
-6
6
25
51
31
26
74
56
17
-30
-9
-6
-46
-84
-119
-85
-50
-37
-50
-48
-63
-102
-126
-117
-92
-102
-125
-119
-89
-71
-53
-41
-13
16
7
7
-5
11
11
-10
16
33
21
-40
-82
-104
-100
-113
-137
-128
-98
-127
-181
-207
-194
-179
-181
-204
-196
-133
-101
-84
-112
-89
-77
-96
-75
-34
32
43
14
-18
-10
4
-9
-15
27
75
100
89
87
90
95
93
111
139
154
158
197
232
248
272
260
268
290
326
331
326
337
308
260
213
198
163
128
121
97
63
35
14
-4
-26
14
23
-17
-23
-48
-51
-84
-101
-117
-138
-155
-168
-191
-196
-215
-234
-227
-257
-261
-255
-208
-183
-167
-124
-116
-100
-108
-126
-95
-88
-112
-110
-83
-41
-24
17
29
14
12
-42
-106
-143
-159
-189
-212
-248
-279
-300
-308
-288
-311
-316
-308
-311
-290
-265
-251
-225
-179
-112
14
81
154
237
272
324
376
429
509
606
658
674
614
579
529
518
513
523
495
437
323
197
140
63
24
-14
-61
-137
-210
-236
-217
-205
-197
-196
-235
-211
-198
-168
-98
-53
-23
16
62
136
175
180
207
205
235
222
225
203
163
174
182
130
112
101
64
0
-58
-27
-27
-74
-96
-114
-149
-144
-115
-94
-46
-31
-10
23
65
95
89
94
81
6
-71
-89
-110
-140
-198
-255
-309
-368
-394
-401
-453
-488
-546
-614
-636
-636
-615
-630
-651
-639
-589
-572
-500
-451
-392
-308
-269
-242
-208
-168
-172
-62
137
221
342
412
407
400
496
592
751
885
940
898
756
691
670
658
653
636
470
287
144
47
-4
-38
-10
-71
-190
-285
-332
-325
-279
-242
-253
-254
-220
-150
-78
9
73
71
75
121
221
287
318
321
322
337
289
256
237
213
169
123
85
15
-17
-57
-93
-108
-117
-78
-116
-138
-133
-148
-145
-101
-57
-35
-13
9
33
68
94
131
135
76
20
-28
-62
-64
-58
-88
-102
-158
-220
-283
-324
-351
-384
-410
-445
-500
-524
-522
-537
-549
-565
-544
-530
-533
-522
-499
-465
-434
-408
-368
-321
-270
-237
-226
-180
-190
-166
-127
-131
-137
-131
-124
-74
66
160
247
321
330
355
432
607
727
816
787
734
667
611
613
617
645
644
592
452
372
280
200
160
153
115
27
4
-43
-45
-17
-1
9
0
13
12
6
-38
-44
-68
-92
-77
-67
-54
-26
-11
-17
67
104
96
116
85
44
28
-1
0
-14
-18
-22
-58
-61
-76
-104
-99
-77
-109
-109
-75
-70
-92
-103
-141
-169
-146
-111
-96
-139
-148
-145
-144
-143
-152
-192
-242
-256
-283
-313
-322
-330
-361
-386
-412
-423
-396
-370
-358
-352
-353
-385
-403
-384
-356
-329
-353
-376
-393
-380
-317
-255
-242
-165
-120
-89
-70
-79
-102
-100
-84
-81
-92
-113
-4
79
119
162
196
195
267
400
505
612
650
636
612
610
670
737
771
809
791
652
546
470
395
340
323
264
184
93
28
-8
-59
-77
-126
-158
-137
-103
-88
-75
-33
-9
-16
-15
31
79
100
105
94
101
117
79
19
-40
-111
-152
-154
-165
-184
-242
-253
-195
-189
-171
-192
-279
-289
-270
-244
-176
-125
-102
-140
-162
-149
-172
-160
-124
-100
-98
-114
-101
-70
-29
18
36
10
-33
-71
-138
-167
-177
-206
-232
-250
-295
-339
-332
-339
-350
-375
-374
-375
-354
-341
-318
-302
-303
-311
-314
-311
-283
-273
-237
-216
-212
-185
-205
-198
-168
-165
-128
-125
-98
-6
106
143
241
259
284
336
541
638
659
729
717
699
753
882
869
840
768
693
599
586
680
616
573
521
337
165
192
224
177
112
57
-78
-198
-151
-123
-74
-61
-101
-218
-262
-210
-156
-142
-110
-80
-182
-191
-146
-134
-143
-139
-142
-149
-135
-166
-253
-324
-343
-347
-316
-248
-242
-284
-294
-232
-163
-93
-64
-85
-130
-154
-99
8
115
179
161
101
66
78
122
141
113
1
-112
-139
-142
-148
-139
-163
-216
-271
-313
-308
-308
-365
-400
-441
-474
-435
-401
-379
-349
-356
-368
-367
-346
-309
-316
-284
-247
-200
-94
-17
-1
6
9
50
70
89
115
66
17
-9
34
85
179
211
217
232
257
335
476
564
608
597
573
585
619
669
712
739
684
629
577
548
569
565
506
422
301
207
160
117
101
105
69
-21
-121
-179
-243
-273
-254
-254
-301
-360
-372
-362
-352
-324
-315
-342
-328
-347
-355
-288
-271
-282
-273
-288
-307
-320
-309
-234
-193
-199
-193
-223
-226
-168
-113
-77
-52
-30
-14
-7
30
61
84
119
123
103
51
-25
-83
-100
-76
-70
-81
-110
-152
-206
-213
-157
-127
-130
-174
-228
-260
-251
-228
-181
-148
-171
-214
-260
-291
-276
-241
-230
-227
-246
-267
-280
-230
-135
-105
-100
-97
-85
-73
-14
47
62
122
126
113
149
214
277
282
322
356
314
346
470
512
570
596
579
588
606
652
680
689
722
666
529
476
461
414
436
417
305
179
97
64
-21
-63
-73
-136
-230
-242
-272
-284
-227
-209
-245
-290
-290
-299
-345
-359
-346
-360
-347
-323
-334
-365
-334
-270
-213
-157
-167
-207
-234
-238
-248
-220
-134
-96
-118
-168
-201
-181
-131
-82
-23
16
18
33
38
51
81
56
38
27
44
64
111
146
140
124
123
93
54
31
-27
-68
-63
-57
-33
-27
-45
-51
-86
-102
-87
-117
-129
-128
-96
-78
-67
-39
-19
-34
-75
-115
-103
-65
-13
14
-2
-12
-17
-13
-12
21
38
42
51
16
39
127
169
196
259
251
273
329
408
483
471
410
395
387
398
382
333
320
282
251
293
300
294
278
234
168
103
67
66
40
38
7
-86
-156
-209
-239
-245
-266
-301
-338
-375
-362
-329
-286
-272
-308
-348
-366
-361
-362
-336
-313
-317
-291
-245
-231
-207
-168
-112
-78
-53
-13
21
31
43
67
78
78
83
61
45
71
114
125
137
145
115
137
148
139
104
80
100
96
90
109
94
56
24
-18
-40
-43
-55
-80
-79
-87
-114
-140
-183
-211
-226
-204
-222
-236
-233
-250
-228
-188
-140
-87
-46
-25
6
29
20
24
9
-5
-19
-29
-12
38
40
57
60
39
73
88
117
154
145
136
164
212
233
259
246
242
287
353
372
397
341
310
272
252
268
227
234
179
139
66
43
5
-12
-16
-67
-114
-126
-116
-170
-200
-226
-223
-226
-203
-223
-217
-198
-211
-208
-175
-170
-181
-203
-227
-266
-280
-267
-242
-227
-226
-211
-214
-193
-133
-93
-67
-74
-98
-67
3
70
120
148
134
139
129
142
193
189
181
174
152
138
146
170
174
165
178
155
114
93
86
80
79
78
62
54
47
14
-54
-96
-94
-123
-172
-214
-263
-264
-261
-205
-186
-210
-216
-229
-210
-189
-139
-128
-94
-66
-80
-67
-48
10
56
102
124
86
63
64
74
94
136
141
110
115
122
171
175
157
136
115
140
161
182
204
212
185
172
185
190
181
211
181
177
173
79
-7
-36
-36
-34
-30
-54
-100
-141
-152
-174
-194
-186
-173
-152
-137
-132
-143
-133
-104
-95
-96
-96
-119
-124
-111
-84
-45
-43
-53
-31
-7
9
43
51
7
-35
-57
-50
-14
40
94
154
165
157
171
157
128
115
115
108
123
160
186
196
199
178
161
142
125
80
8
-43
-80
-117
-127
-167
-198
-206
-217
-215
-220
-199
-185
-155
-147
-158
-140
-132
-138
-143
-136
-125
-108
-119
-129
-105
-81
-91
-74
-90
-85
-84
-91
-64
-11
21
46
102
128
140
107
67
39
11
19
71
36
11
3
-16
7
10
-6
-57
-77
-78
-32
0
21
30
27
21
45
113
155
199
188
145
137
131
139
168
176
135
83
37
-5
-11
20
7
-2
-37
-66
-92
-93
-74
-56
-21
10
15
36
40
20
-29
-48
-20
30
107
152
178
179
168
170
165
175
174
161
135
106
139
148
150
104
49
14
90
133
104
128
113
73
55
78
51
7
-75
-144
-169
-161
-118
-163
-189
-210
-207
-204
-199
-222
-279
-328
-355
-300
-219
-147
-125
-90
-85
-75
-86
-107
-110
-109
-120
-128
-151
-156
-135
-111
-94
-77
20
74
50
65
62
40
30
61
86
62
85
42
74
74
100
71
84
94
89
100
107
145
115
83
43
30
44
80
112
138
175
134
160
165
171
182
205
156
78
37
-8
-17
-12
-21
-44
-28
-5
48
91
97
105
117
112
106
85
56
47
67
56
78
87
95
101
103
124
104
95
98
120
114
111
118
106
110
86
50
37
-9
-68
-86
-110
-120
-89
-80
-87
-98
-109
-91
-81
-89
-135
-170
-186
-171
-144
-143
-150
-151
-155
-179
-180
-194
-176
-177
-191
-188
-170
-142
-125
-95
-101
-136
-163
-193
-196
-166
-117
-102
-111
-96
-49
10
45
63
70
100
114
111
62
46
40
23
10
17
2
-23
-9
-4
10
-10
-13
14
13
-14
-40
-42
-33
3
7
13
16
17
59
69
87
74
57
38
40
33
-8
-31
-10
67
77
104
124
116
115
119
88
107
142
142
150
113
64
80
107
114
102
90
122
148
119
105
78
100
119
129
130
114
80
63
90
83
93
94
64
19
0
10
4
-6
-40
-31
-24
0
0
0
0
0
0
0
0
0
0
0
0
0
0
0
0
0
0
0
0
0
0
0
0
0
0
0
0
0
0
0
0
0
0
0
0
0
0
0
0
0
0
0
0
0
0
0
0
0
0
0
0
0
0
0
0
0
0
0
0
0
0
0
0
0
0
0
0
0
0
0
0
0
0
0
0
0
0
0
0
0
0
0
0
0
0
0
0
0
0
0
0
0
0
0
0
0
0
0
0
0
0
0
0
0
0
0
0
0
0
0
0
0
0
0
0
0
0
0
0
0
0
0
0
0
0
0
0
0
0
0
0
0
0
0
0
0
0
0
0
0
0
0
0
0
0
0
0
0
0
0
0
0
0
0
0
0
0
0
0
0
0
0
0
0
0
0
0
0
0
0
0
0
0
0
0
0
0
0
0
0
0
0
0
0
0
0
0
0
0
0
0
0
0
0
0
0
0
0
0
0
0
0
0
0
0
0
0
0
0
0
0
0
0
0
0
0
0
0
0
0
0
0
0
0
0
0
0
0
0
0
0
0
0
0
0
0
0
0
0
0
0
0
0
0
0
0
0
0
0
0
0
0
0
0
0
0
0
0
0
0
0
0
0
0
0
0
0
0
0
0
0
0
0
0
0
0
0
0
0
0
0
0
0
0
0
0
0
0
0
0
0
0
0
0
0
0
0
0
0
0
0
0
0
0
0
0
0
0
0
0
0
0
0
0
0
0
0
0
0
0
0
0
0
0
0
0
0
0
0
0
0
0
0
0
0
0
0
0
0
0
0
0
0
0
0
0
0
0
0
0
0
0
0
0
0
0
0
0
0
0
0
0
0
0
0
0
0
0
0
0
0
0
0
0
0
0
0
0
0
0
0
0
0
0
0
0
0
0
0
0
0
0
0
0
0
0
0
0
0
0
0
0
0
0
0
0
0
0
0
0
0
0
0
0
0
0
0
0
0
0
0
0
0
0
0
0
0
0
0
0
0
0
0
0
0
0
0
0
0
0
0
0
0
0
0
0
0
0
0
0
0
0
0
0
0
0
0
0
0
0
0
0
0
0
0
0
0
0
0
0
0
0
0
0
0
0
0
0
0
0
0
0
0
0
0
0
0
0
0
0
0
0
0
0
0
0
0
0
0
0
0
0
0
0
0
0
0
0
0
0
0
0
0
0
0
0
0
0
0
0
0
0
0
0
0
0
0
0
0
0
0
0
0
0
0
0
0
0
0
0
0
0
0
0
0
0
0
0
0
0
0
0
0
0
0
0
0
0
0
0
0
0
0
0
0
0
0
0
0
0
0
0
0
0
0
0
0
0
0
0
0
0
0
0
0
0
0
0
0
0
0
0
0
0
0
0
0
0
0
0
0
0
0
0
0
0
0
0
0
0
0
0
0
0
0
0
0
0
0
0
0
0
0
0
0
0
0
0
0
0
0
0
0
0
0
0
0
0
0
0
0
0
0
0
0
0
0
0
0
0
0
0
0
0
0
0
0
0
0
0
0
0
0
0
0
0
0
0
0
0
0
0
0
0
0
0
0
0
0
0
0
0
0
0
0
0
0
0
0
0
0
0
0
0
0
0
0
0
0
0
0
0
0
0
0
0
0
0
0
0
0
0
0
0
0
0
0
0
0
0
0
0
0
0
0
0
0
0
0
0
0
0
0
0
0
0
0
0
0
0
0
0
0
0
0
0
0
0
0
0
0
0
0
0
0
0
0
0
0
0
0
0
0
0
0
0
0
0
0
0
0
0
0
0
0
0
0
0
0
0
0
0
0
0
0
0
0
0
0
0
0
0
0
0
0
0
0
0
0
0
0
0
0
0
0
0
0
0
0
0
0
0
0
0
0
0
0
0
0
0
0
0
0
0
0
0
0
0
0
0
0
0
0
0
0
0
0
0
0
0
0
0
0
0
0
0
0
0
0
0
0
0
0
0
0
0
0
0
0
0
0
0
0
0
0
0
0
0
0
0
0
0
0
0
0
0
0
0
0
0
0
0
0
0
0
0
0
0
0
0
0
0
0
0
0
0
0
0
0
0
0
0
0
0
0
0
0
0
0
0
0
0
0
0
0
0
0
0
0
0
0
0
0
0
0
0
0
0
0
0
0
0
0
0
0
0
0
0
0
0
0
0
0
0
0
0
0
0
0
0
0
0
0
0
0
0
0
0
0
0
0
0
0
0
0
0
0
0
0
0
0
0
0
0
0
0
0
0
0
0
0
0
0
0
0
0
0
0
0
0
0
0
0
0
0
0
0
0
0
0
0
0
0
0
0
0
0
0
0
0
0
0
0
0
0
0
0
0
0
0
0
0
0
0
0
0
0
0
0
0
0
0
0
0
0
0
0
0
0
0
0
0
0
0
0
0
0
0
0
0
0
0
0
0
0
0
0
0
0
0
0
0
0
0
0
0
0
0
0
0
0
0
0
0
0
0
0
0
0
0
0
0
0
0
0
0
0
0
0
0
0
0
0
0
0
0
0
0
0
0
0
0
0
0
0
0
0
0
0
0
0
0
0
0
0
0
0
0
0
0
0
0
0
0
0
0
0
0
0
0
0
0
0
0
0
0
0
0
0
0
0
0
0
0
0
0
0
0
0
0
0
0
0
0
0
0
0
0
0
0
0
0
0
0
0
0
0
0
0
0
0
0
0
0
0
0
0
0
0
0
0
0
0
0
0
0
0
0
0
0
0
0
0
0
0
0
0
0
0
0
0
0
0
0
0
0
0
0
0
0
0
0
0
0
0
0
0
0
0
0
0
0
0
0
0
0
0
0
0
0
0
0
0
0
0
0
0
0
0
0
0
0
0
0
0
0
0
0
0
0
0
0
0
0
0
0
0
0
0
0
0
0
0
0
0
0
0
0
0
0
0
0
0
0
0
0
0
0
0
0
0
0
0
0
0
0
0
0
0
0
0
0
0
0
0
0
0
0
0
0
0
0
0
0
0
0
0
0
0
0
0
0
0
0
0
0
0
0
0
0
0
0
0
0
0
0
0
0
0
0
0
0
0
0
0
0
0
0
0
0
0
0
0
0
0
0
0
0
0
0
0
0
0
0
0
0
0
0
0
0
0
0
0
0
0
0
0
0
0
0
0
0
0
0
0
0
0
0
0
0
0
0
0
0
0
0
0
0
0
0
0
0
0
0
0
0
0
0
0
0
0
0
0
0
0
0
0
0
0
0
0
0
0
0
0
0
0
0
0
0
0
0
0
0
0
0
0
0
0
0
0
0
0
0
0
0
0
0
0
0
0
0
0
0
0
0
0
0
0
0
0
0
0
0
0
0
0
0
0
0
0
0
0
0
0
0
0
0
0
0
0
0
0
0
0
0
0
0
0
0
0
0
0
0
0
0
0
0
0
0
0
0
0
0
0
0
0
0
0
0
0
0
0
0
0
0
0
0
0
0
0
0
0
0
0
0
0
0
0
0
0
0
0
0
0
0
0
0
0
0
0
0
0
0
0
0
0
0
0
0
0
0
0
0
0
0
0
0
0
0
0
0
0
0
0
0
0
0
0
0
0
0
0
0
0
0
0
0
0
0
0
0
0
0
0
0
0
0
0
0
0
0
0
0
0
0
0
0
0
0
0
0
0
0
0
0
0
0
0
0
0
0
0
0
0
0
0
0
0
0
0
0
0
0
0
0
0
0
0
0
0
0
0
0
0
0
0
0
0
0
0
0
0
0
0
0
0
0
0
0
0
0
0
0
0
0
0
0
0
0
0
0
0
0
0
0
0
0
0
0
0
0
0
0
0
0
0
0
0
0
0
0
0
0
0
0
0
0
0
0
0
0
0
0
0
0
0
0
0
0
0
0
0
0
0
0
0
0
0
0
0
0
0
0
0
0
0
0
0
0
0
0
0
0
0
0
0
0
0
0
0
0
0
0
0
0
0
0
0
0
0
0
0
0
0
0
0
0
0
0
0
0
0
0
0
0
0
0
0
0
0
0
0
0
0
0
0
0
0
0
0
0
0
0
0
0
0
0
0
0
0
0
0
0
0
0
0
0
0
0
0
0
0
0
0
0
0
0
0
0
0
0
0
0
0
0
0
0
0
0
0
0
0
0
0
0
0
0
0
0
0
0
0
0
0
0
0
0
0
0
0
0
0
0
0
0
0
0
0
0
0
0
0
0
0
0
0
0
0
0
0
0
0
0
0
0
0
0
0
0
0
0
0
0
0
0
0
0
0
0
0
0
0
0
0
0
0
0
0
0
0
0
0
0
0
0
0
0
0
0
0
0
0
0
0
0
0
0
0
0
0
0
0
0
0
0
0
0
0
0
0
0
0
0
0
0
0
0
0
0
0
0
0
0
0
0
0
0
0
0
0
0
0
0
0
0
0
0
0
0
0
0
0
0
0
0
0
0
0
0
0
0
0
0
0
0
0
0
0
0
0
0
0
0
0
0
0
0
0
0
0
0
0
0
0
0
0
0
0
0
0
0
0
0
0
0
0
0
0
0
0
0
0
0
0
0
0
0
0
0
0
0
0
0
0
0
0
0
0
0
0
0
0
0
0
0
0
0
0
0
0
0
0
0
0
0
0
0
0
0
0
0
0
0
0
0
0
0
0
0
0
0
0
0
0
0
0
0
0
0
0
0
0
0
0
0
0
0
0
0
0
0
0
0
0
0
0
0
0
0
0
0
0
0
0
0
0
0
0
0
0
0
0
0
0
0
0
0
0
0
0
0
0
0
0
0
0
0
0
0
0
0
0
0
0
0
0
0
0
0
0
0
0
0
0
0
0
0
0
0
0
0
0
0
0
0
0
0
0
0
0
0
0
0
0
0
0
0
0
0
0
0
0
0
0
0
0
0
0
0
0
0
0
0
0
0
0
0
0
0
0
0
0
0
0
0
0
0
0
0
0
0
0
0
0
0
0
0
0
0
0
0
0
0
0
0
0
0
0
0
0
0
0
0
0
0
0
0
0
0
0
0
0
0
0
0
0
0
0
0
0
0
0
0
0
0
0
0
0
0
0
0
0
0
0
0
0
0
0
0
0
0
0
0
0
0
0
0
0
0
0
0
0
0
0
0
0
0
0
0
0
0
0
0
0
0
0
0
0
0
0
0
0
0
0
0
0
0
0
0
0
0
0
0
0
0
0
0
