111
138
130
126
115
103
44
-31
-75
-104
-67
-39
-9
16
57
75
61
33
16
27
10
3
-13
9
13
-3
-46
-91
-119
-140
-115
-93
-71
-69
-65
-44
-44
-25
-38
-53
-47
-12
-18
-66
-88
-114
-101
-93
-94
-81
-61
-30
14
47
67
78
91
106
124
145
161
153
142
131
111
48
-6
-32
-61
-71
-26
88
158
143
81
37
73
102
126
146
170
179
140
68
0
-81
-145
-139
-85
-36
-71
-120
-202
-229
-205
-160
-120
-100
-43
-36
-31
-45
-69
-92
-119
-97
-92
-161
-240
-318
-311
-257
-189
-93
-42
-9
8
30
60
104
138
195
238
253
233
136
53
39
73
120
159
210
234
199
185
230
266
288
333
431
532
535
504
482
442
392
330
237
109
-85
-257
-407
-507
-540
-555
-514
-446
-386
-343
-328
-292
-228
-185
-141
-119
-91
-140
-249
-417
-558
-658
-693
-649
-572
-479
-460
-422
-335
-208
-99
4
97
143
174
213
217
174
141
157
209
280
332
322
254
228
315
428
506
594
705
799
874
937
950
893
855
884
888
732
412
56
-272
-587
-824
-965
-993
-994
-903
-737
-508
-307
-134
90
305
544
685
714
562
319
13
-269
-474
-639
-755
-921
-1016
-1044
-1007
-931
-816
-602
-338
-68
137
278
315
257
164
98
133
158
194
171
78
-62
-223
-331
-352
-211
11
260
483
664
770
779
798
860
994
1118
1227
1248
1081
688
171
-301
-739
-1074
-1275
-1230
-1072
-901
-703
-468
-193
72
409
701
943
1038
1006
892
688
439
121
-133
-357
-552
-743
-935
-1144
-1311
-1304
-1181
-923
-626
-276
32
194
292
287
211
93
71
125
156
140
47
-114
-375
-576
-684
-699
-645
-521
-243
71
360
535
621
597
594
630
662
693
643
596
480
388
341
341
392
525
863
1241
1568
1659
1516
1108
537
22
-444
-790
-1076
-1213
-1206
-1066
-839
-599
-324
-54
252
546
779
830
693
475
224
13
-153
-313
-560
-908
-1256
-1520
-1671
-1688
-1512
-1252
-918
-556
-240
-83
-163
-286
-357
-282
-22
338
579
600
424
137
-146
-402
-543
-542
-382
-97
235
493
583
520
418
420
553
848
1196
1482
1643
1670
1638
1534
1415
1242
955
548
70
-345
-654
-825
-922
-935
-907
-864
-805
-790
-723
-657
-481
-104
342
826
1199
1358
1258
919
499
106
-275
-603
-871
-1126
-1335
-1498
-1590
-1626
-1619
-1479
-1203
-832
-391
47
374
512
525
472
363
203
30
-80
-175
-263
-337
-425
-565
-717
-738
-508
-83
395
880
1213
1377
1404
1320
1184
966
740
531
396
350
364
413
454
607
877
1266
1573
1691
1593
1172
637
134
-197
-433
-675
-913
-1156
-1400
-1571
-1599
-1489
-1180
-734
-99
587
1086
1288
1125
751
302
-87
-404
-638
-858
-1107
-1342
-1528
-1627
-1747
-1810
-1767
-1504
-1010
-424
80
267
257
60
-128
-175
-78
125
268
417
555
620
502
318
147
40
100
269
549
736
759
651
506
483
654
939
1223
1445
1509
1435
1272
1206
1175
1063
905
718
540
301
-4
-355
-809
-1261
-1605
-1769
-1696
-1492
-1149
-682
-177
368
831
1064
1050
800
364
-93
-433
-610
-736
-914
-1092
-1304
-1517
-1636
-1715
-1668
-1391
-881
-215
493
1023
1219
1127
898
723
549
346
155
-66
-252
-473
-688
-913
-1149
-1242
-1082
-608
-8
608
1111
1402
1593
1645
1662
1608
1406
1177
838
521
282
24
-241
-464
-627
-561
-370
-137
174
335
534
738
995
1386
1672
1822
1702
1217
408
-631
-1688
-2491
-2977
-3144
-2900
-2497
-1993
-1476
-1058
-607
-178
287
893
1558
2122
2493
2438
2064
1421
511
-246
-942
-1390
-1532
-1594
-1449
-1348
-1352
-1297
-1255
-1029
-570
-24
563
977
1167
1196
923
586
243
-94
-234
-254
-159
-65
-105
-198
-299
-320
-154
94
405
672
757
808
768
691
509
135
-184
-374
-341
-89
186
407
532
538
596
653
647
648
506
343
177
-21
-205
-525
-887
-1237
-1458
-1448
-1157
-691
-234
211
578
1012
1368
1604
1643
1325
924
584
413
436
375
104
-336
-913
-1375
-1663
-1788
-1640
-1429
-1048
-558
-73
285
266
124
-54
-79
80
380
681
732
526
133
-209
-511
-697
-836
-863
-765
-624
-324
-152
16
111
129
409
805
1211
1477
1445
1184
782
355
167
67
27
160
240
458
800
1147
1572
1725
1623
1400
786
93
-537
-1175
-1528
-1769
-1823
-1650
-1618
-1504
-1264
-936
-350
286
984
1710
2088
2220
2037
1457
814
-44
-889
-1445
-1898
-2125
-2186
-2150
-2013
-1908
-1747
-1390
-979
-502
78
627
1109
1368
1418
1302
987
610
273
-54
-419
-799
-1177
-1439
-1615
-1552
-1088
-543
87
606
1090
1509
1723
1974
2118
2178
2154
2000
1764
1328
651
-69
-701
-1063
-1091
-848
-279
324
803
1136
1144
1034
770
381
106
-104
-201
-175
-242
-410
-758
-1296
-1660
-1887
-1789
-1324
-770
-57
573
1044
1232
1072
745
399
117
31
132
48
-189
-694
-1327
-1873
-2261
-2168
-1767
-1138
-388
338
832
1061
1105
993
958
872
932
1027
899
622
48
-531
-956
-1155
-1097
-921
-764
-646
-632
-445
-10
370
744
995
1120
1174
1120
1049
826
443
107
55
304
696
1155
1353
1240
885
440
86
-301
-630
-934
-1223
-1287
-1190
-887
-625
-643
-821
-1077
-1174
-990
-624
-175
275
649
1044
1393
1610
1521
1093
581
150
-82
-125
-208
-494
-1018
-1667
-2216
-2527
-2503
-2327
-1921
-1290
-562
250
809
1172
1277
1224
1276
1454
1712
1787
1632
1222
630
-49
-673
-1158
-1477
-1507
-1361
-929
-408
85
570
921
1272
1679
2124
2565
2924
2968
2631
1999
1222
494
-123
-486
-718
-878
-1059
-1317
-1628
-1997
-2256
-2319
-2103
-1673
-1112
-483
-3
343
514
474
362
224
199
386
712
1072
1324
1207
703
-3
-781
-1317
-1566
-1654
-1561
-1528
-1517
-1559
-1723
-1810
-1878
-1797
-1373
-608
379
1301
1859
2047
2020
1784
1654
1603
1526
1441
1129
821
527
146
-244
-658
-1005
-1220
-1227
-918
-407
-14
354
700
1064
1488
1738
1854
1641
1171
681
356
213
124
119
27
-91
-274
-626
-922
-1270
-1482
-1445
-1153
-529
83
572
811
708
352
-89
-508
-764
-926
-1018
-826
-647
-408
-156
-102
-128
-251
-250
-67
194
389
471
398
158
-50
-275
-465
-604
-747
-769
-686
-509
-291
-174
-155
-117
-70
185
615
1028
1381
1504
1445
1321
1072
795
518
42
-355
-689
-896
-889
-929
-859
-752
-560
-182
276
773
1209
1463
1635
1730
1732
1590
1210
744
201
-341
-830
-1264
-1560
-1788
-1838
-1613
-1202
-651
-192
139
387
578
798
979
1153
1186
1049
821
462
99
-272
-630
-860
-981
-1038
-971
-873
-836
-799
-833
-770
-661
-493
-248
-52
74
2
-149
-368
-623
-823
-903
-756
-455
-69
365
790
1097
1243
1306
1331
1339
1266
1144
950
582
133
-310
-651
-819
-922
-918
-823
-707
-487
-145
289
740
1061
1301
1508
1583
1532
1362
1106
698
116
-415
-831
-1129
-1278
-1238
-998
-726
-575
-402
-299
-300
-261
-202
55
289
456
630
647
598
465
339
296
150
3
-135
-294
-433
-545
-589
-576
-609
-646
-598
-595
-553
-485
-430
-375
-369
-237
28
370
711
975
1072
1020
903
735
545
225
-81
-391
-654
-810
-908
-895
-936
-910
-740
-450
-18
390
684
864
867
810
808
747
626
432
202
85
21
0
-16
-145
-370
-623
-714
-694
-627
-509
-464
-471
-537
-501
-315
-48
189
394
608
683
756
779
761
655
394
167
-44
-247
-391
-588
-751
-865
-941
-798
-627
-428
-203
-31
221
423
608
697
607
433
200
27
-90
-141
-101
-7
115
264
383
441
406
296
238
167
147
114
48
-5
-166
-306
-470
-674
-839
-974
-935
-814
-583
-253
86
413
627
827
945
878
649
363
129
-33
-81
-8
37
-82
-254
-384
-375
-270
-171
-1
63
78
171
259
342
252
82
-56
-183
-220
-172
-128
-97
-123
-127
-5
154
342
588
809
1027
1164
1180
1106
788
300
-230
-753
-1160
-1414
-1514
-1420
-1216
-973
-602
-247
40
321
528
841
1141
1367
1518
1412
1127
672
101
-450
-972
-1361
-1516
-1486
-1240
-888
-590
-289
-147
-39
122
222
363
403
332
240
38
-155
-300
-473
-585
-674
-663
-537
-407
-232
-78
15
169
361
638
862
943
947
853
714
621
505
366
193
13
-53
-51
-39
-10
40
90
228
366
454
390
84
-247
-539
-690
-633
-578
-414
-327
-287
-123
24
265
429
540
756
830
860
865
755
673
473
283
210
-15
-254
-543
-841
-1009
-1164
-1101
-971
-846
-645
-482
-243
-43
149
327
371
349
268
210
142
63
-53
-206
-381
-538
-605
-590
-527
-433
-315
-198
-39
112
228
393
535
709
893
1000
1033
797
361
-147
-639
-946
-1069
-1024
-867
-711
-508
-320
-146
57
262
491
719
947
1176
1242
1092
757
302
-106
-423
-566
-570
-563
-544
-529
-498
-410
-295
-110
149
486
842
1095
1161
970
585
166
-167
-303
-287
-291
-341
-441
-559
-620
-640
-597
-477
-345
-158
40
212
281
178
-38
-286
-454
-506
-464
-370
-288
-203
-115
-2
167
351
593
857
1098
1286
1323
1202
923
544
201
-94
-318
-513
-683
-797
-919
-1001
-994
-903
-712
-427
-44
399
724
880
867
712
502
266
144
58
-50
-156
-335
-509
-699
-840
-854
-764
-533
-168
260
640
830
840
717
526
400
356
386
367
212
-16
-288
-509
-698
-799
-823
-810
-730
-621
-443
-299
-252
-193
-120
50
292
503
667
670
545
385
219
156
126
111
112
80
93
136
196
249
248
236
192
127
53
-49
-189
-353
-479
-559
-560
-503
-429
-334
-316
-275
-184
-83
74
248
431
575
638
639
550
345
106
-120
-300
-397
-438
-400
-334
-251
-140
-8
168
378
576
753
896
947
890
737
541
328
126
-44
-177
-322
-485
-600
-681
-716
-684
-597
-517
-478
-430
-347
-233
-81
93
271
334
301
242
172
141
153
197
267
320
351
395
413
347
188
-8
-201
-354
-446
-488
-504
-560
-621
-655
-650
-646
-578
-454
-320
-124
67
294
469
592
722
791
774
687
531
305
58
-200
-384
-500
-545
-478
-332
-151
27
150
259
338
359
350
284
181
61
-59
-102
-108
-140
-177
-250
-347
-428
-485
-506
-552
-573
-537
-472
-306
-88
149
345
423
508
578
613
665
689
674
594
476
369
313
250
189
135
41
-37
-155
-252
-302
-343
-368
-382
-365
-329
-281
-184
-101
-48
-17
-26
-40
-50
-17
78
183
275
376
369
268
116
-53
-163
-236
-227
-168
-139
-104
-118
-172
-259
-347
-362
-294
-158
44
200
265
284
299
338
375
380
308
184
11
-132
-199
-236
-245
-307
-336
-276
-145
28
168
239
181
102
66
96
200
268
343
416
465
526
584
555
427
251
111
50
56
41
-29
-162
-318
-443
-503
-540
-585
-656
-742
-762
-748
-723
-638
-560
-454
-322
-184
-17
103
166
218
274
319
326
266
166
85
3
-36
-64
-144
-260
-389
-426
-400
-318
-191
-95
14
120
280
482
624
697
692
618
508
398
304
224
143
109
152
231
321
343
293
197
53
-49
-54
-13
68
120
190
259
263
217
138
58
-47
-124
-140
-125
-132
-162
-187
-206
-195
-173
-138
-132
-189
-237
-280
-281
-235
-232
-207
-222
-214
-122
-23
90
140
133
103
82
73
86
89
66
29
-7
-33
-140
-284
-464
-615
-660
-595
-427
-236
-89
10
114
192
289
376
438
469
487
553
601
616
533
330
78
-202
-405
-500
-474
-364
-244
-161
-103
-85
-70
-23
70
230
405
557
655
627
491
292
71
-75
-125
-97
-36
-42
-67
-157
-306
-442
-535
-536
-483
-406
-283
-175
-135
-130
-122
-114
-84
-76
-51
-11
6
9
-26
-81
-135
-211
-248
-267
-286
-291
-313
-336
-315
-284
-196
-108
-25
94
227
371
517
656
781
866
884
877
860
739
543
297
42
-180
-343
-411
-387
-329
-275
-205
-101
17
150
253
364
455
531
582
603
595
517
400
243
48
-139
-362
-545
-672
-715
-653
-537
-407
-314
-248
-203
-157
-114
-80
-67
-133
-211
-261
-266
-258
-245
-249
-258
-291
-339
-363
-411
-455
-494
-445
-285
-79
137
290
358
345
280
200
160
135
123
116
167
237
301
342
322
242
105
-26
-90
-64
21
170
301
360
362
268
169
76
34
66
145
269
374
418
350
210
31
-112
-174
-141
-36
41
64
21
-103
-255
-389
-455
-428
-346
-195
-46
39
49
-27
-120
-212
-269
-242
-158
-69
-41
-102
-221
-362
-456
-455
-372
-269
-195
-152
-98
0
112
245
345
389
389
353
340
318
273
193
96
11
-48
-74
-91
-136
-200
-273
-303
-287
-236
-128
16
146
264
375
463
536
563
583
627
606
529
381
175
-54
-243
-334
-303
-228
-155
-94
-50
3
60
135
194
221
228
200
148
61
-63
-236
-417
-555
-602
-572
-489
-367
-231
-112
-38
-30
-71
-167
-238
-250
-163
6
135
182
124
-26
-185
-308
-346
-304
-256
-223
-207
-188
-167
-148
-157
-177
-176
-137
-47
39
120
147
146
147
187
253
304
310
284
212
124
9
-95
-142
-148
-101
-12
92
195
253
264
284
306
340
375
382
364
290
191
102
54
40
55
54
47
20
-53
-146
-247
-298
-263
-147
18
174
288
309
247
172
104
74
42
7
-28
-74
-126
-170
-227
-296
-352
-388
-374
-330
-283
-245
-269
-310
-326
-297
-225
-136
-48
45
121
199
292
381
411
333
208
95
25
15
46
94
107
40
-72
-178
-264
-299
-256
-96
137
386
594
688
652
509
315
151
55
29
89
151
187
183
114
-5
-145
-259
-303
-278
-218
-115
-22
24
-8
-101
-208
-299
-344
-339
-276
-194
-140
-111
-106
-116
-121
-131
-95
-24
46
105
113
43
-64
-189
-311
-398
-466
-484
-479
-464
-423
-362
-289
-187
-49
122
277
401
490
545
583
582
563
536
471
363
250
120
-5
-127
-213
-220
-195
-95
50
181
279
318
358
410
465
506
518
487
437
386
335
278
167
26
-139
-288
-377
-430
-445
-449
-456
-416
-313
-163
4
119
177
165
96
31
-21
-62
-123
-188
-215
-216
-195
-178
-183
-218
-260
-273
-223
-128
-49
-25
-64
-116
-136
-106
-38
29
73
102
110
142
179
216
226
204
215
259
317
361
333
248
113
-30
-138
-195
-216
-242
-263
-276
-248
-190
-104
7
118
227
309
341
325
269
186
94
14
-24
-23
-30
-88
-202
-341
-487
-600
-628
-549
-397
-247
-106
-4
37
23
-27
-63
-55
-26
23
81
124
149
143
134
127
117
101
51
-15
-81
-150
-210
-253
-259
-225
-182
-111
-23
83
198
294
386
474
521
526
514
515
539
550
511
412
246
33
-185
-370
-477
-505
-458
-351
-206
-54
62
137
184
240
309
367
429
472
482
462
387
293
169
-8
-212
-395
-521
-584
-593
-532
-435
-318
-228
-156
-93
-38
19
107
205
273
287
259
193
109
24
-51
-114
-185
-266
-366
-466
-542
-569
-503
-367
-199
-51
58
121
164
197
230
244
215
167
128
119
116
101
63
-4
-81
-148
-176
-175
-150
-109
-40
42
115
144
126
91
67
87
150
217
248
206
128
54
27
52
100
138
156
131
54
-64
-185
-271
-317
-313
-275
-222
-184
-163
-135
-89
-27
47
104
144
156
157
153
129
90
19
-87
-223
-340
-390
-392
-354
-278
-194
-102
-1
115
248
368
421
401
337
269
203
140
88
46
-3
-56
-96
-110
-104
-86
-51
24
107
186
242
271
285
290
306
334
340
304
220
94
-11
-75
-91
-96
-94
-84
-86
-85
-83
-69
-42
-25
-14
17
55
90
88
47
-37
-148
-248
-302
-301
-265
-228
-222
-227
-224
-215
-200
-171
-129
-94
-56
-18
24
55
65
92
126
170
193
169
137
102
86
87
78
25
-76
-193
-289
-322
-288
-241
-186
-128
-102
-64
-2
79
171
244
307
347
354
347
339
332
298
219
120
3
-133
-269
-362
-407
-390
-329
-214
-93
2
48
65
97
129
173
216
229
202
142
96
73
44
6
-70
-166
-257
-315
-320
-305
-296
-296
-265
-188
-92
3
83
117
132
155
196
236
235
170
51
-77
-173
-221
-229
-207
-180
-151
-99
-24
46
110
147
161
168
153
139
130
114
94
66
30
-2
-46
-88
-131
-160
-146
-104
-25
67
149
212
235
237
230
204
188
167
133
87
40
7
-6
-10
-9
-27
-75
-132
-171
-165
-113
-36
36
76
64
-1
-70
-136
-200
-260
-312
-355
-371
-345
-261
-138
5
160
284
367
416
436
421
372
295
210
110
-8
-146
-307
-465
-592
-650
-599
-485
-341
-184
-19
136
277
400
474
493
469
427
381
315
188
23
-139
-278
-358
-368
-335
-302
-282
-236
-140
-20
105
214
306
375
396
393
355
261
137
21
-44
-52
-58
-93
-175
-270
-336
-356
-324
-253
-182
-126
-78
-37
7
49
76
87
96
117
124
104
55
-19
-82
-112
-100
-64
-30
-14
-27
-34
-23
9
35
39
40
57
94
132
177
206
191
137
86
67
86
119
158
193
190
146
75
4
-56
-104
-123
-108
-70
-42
-28
-40
-75
-107
-107
-69
-37
-21
-23
-36
-29
16
88
160
198
198
185
146
85
-7
-110
-194
-243
-258
-233
-212
-228
-284
-343
-349
-307
-225
-148
-100
-81
-74
-65
-34
0
23
34
61
130
216
274
284
249
202
171
170
174
152
131
130
155
186
183
142
81
37
51
139
256
349
399
432
446
449
450
436
370
258
135
33
-40
-88
-151
-240
-333
-435
-521
-572
-608
-605
-563
-467
-326
-180
-80
-44
-55
-77
-77
-65
-78
-141
-240
-360
-465
-553
-598
-611
-609
-579
-534
-473
-398
-329
-248
-138
-6
141
285
410
481
496
472
444
427
442
463
449
399
324
252
204
177
177
207
275
377
488
568
595
583
555
541
547
587
635
662
670
652
586
456
283
93
-84
-227
-350
-444
-522
-616
-722
-786
-783
-744
-680
-600
-518
-454
-399
-340
-276
-229
-229
-267
-313
-366
-418
-468
-522
-554
-573
-568
-534
-505
-464
-418
-381
-306
-202
-100
-27
12
43
82
138
185
208
229
248
279
323
403
501
583
651
698
733
743
757
788
831
874
897
905
898
880
858
831
825
812
783
741
685
613
533
437
321
182
30
-119
-279
-435
-563
-697
-833
-936
-1014
-1074
-1109
-1120
-1097
-1067
-1020
-944
-864
-782
-700
-630
-544
-472
-418
-412
-443
-502
-546
-573
-567
-544
-537
-537
-535
-509
-441
-370
-306
-244
-154
-51
53
141
201
233
256
293
362
438
487
514
560
660
786
910
1028
1101
1138
1153
1181
1242
1321
1397
1447
1468
1452
1374
1238
1068
878
698
531
383
227
51
-151
-374
-576
-740
-867
-963
-1046
-1131
-1207
-1264
-1296
-1309
-1273
-1199
-1127
-1041
-936
-855
-787
-703
-593
-468
-352
-264
-208
-174
-166
-175
-205
-271
-337
-367
-366
-353
-327
-324
-349
-383
-406
-396
-335
-236
-98
42
141
193
208
239
301
400
545
699
874
1046
1152
1196
1181
1156
1152
1177
1250
1317
1364
1384
1355
1260
1146
993
821
664
527
393
234
33
-196
-428
-643
-809
-938
-1039
-1114
-1161
-1172
-1162
-1124
-1074
-1025
-965
-876
-772
-650
-528
-415
-327
-264
-207
-134
-58
22
84
120
115
87
57
17
-38
-83
-117
-162
-227
-305
-410
-548
-665
-708
-691
-610
-492
-381
-319
-296
-281
-242
-163
-41
91
209
316
420
537
640
726
800
863
923
1010
1097
1141
1151
1146
1126
1095
1069
1036
965
864
748
650
564
447
299
120
-57
-226
-365
-459
-537
-620
-736
-820
-893
-936
-961
-971
-955
-921
-854
-765
-652
-546
-454
-379
-296
-176
-46
77
166
219
257
299
347
360
330
259
163
90
44
-16
-105
-191
-259
-322
-354
-375
-402
-424
-415
-395
-380
-352
-311
-284
-263
-221
-174
-129
-65
-14
7
24
60
112
187
274
341
402
475
567
645
681
695
670
654
667
682
690
683
674
651
633
597
538
499
482
475
455
410
344
279
240
203
136
78
8
-87
-139
-170
-185
-198
-190
-181
-265
-359
-467
-583
-671
-727
-764
-791
-780
-767
-755
-747
-712
-660
-564
-451
-333
-204
-115
-49
27
129
196
210
216
186
118
53
40
-35
-163
-281
-417
-555
-650
-679
-717
-763
-728
-667
-605
-521
-388
-295
-218
-106
55
226
394
575
709
795
838
869
874
880
877
838
797
734
708
681
656
647
681
762
819
888
960
1008
1028
1067
1106
1084
1001
866
672
433
221
2
-218
-409
-589
-795
-995
-1150
-1268
-1330
-1343
-1323
-1292
-1266
-1202
-1115
-1012
-895
-791
-707
-653
-578
-479
-383
-302
-225
-191
-199
-189
-165
-144
-134
-88
-54
-35
10
77
100
66
49
27
7
-31
-54
-112
-204
-252
-243
-225
-244
-248
-259
-270
-241
-188
-154
-148
-91
-11
83
163
285
406
484
559
636
696
703
746
788
793
764
771
801
768
760
725
665
643
717
796
825
839
831
839
845
875
834
765
695
610
529
385
218
37
-114
-301
-561
-856
-1172
-1417
-1571
-1647
-1742
-1849
-1916
-1966
-1996
-1957
-1869
-1725
-1490
-1215
-971
-766
-540
-295
-63
176
377
516
631
731
815
845
900
981
1008
1015
961
870
764
678
592
440
283
112
-55
-183
-278
-386
-507
-604
-712
-791
-793
-721
-642
-532
-388
-284
-155
35
236
368
496
660
773
861
901
898
861
876
918
904
865
813
804
823
897
976
977
917
820
771
762
778
814
808
739
571
379
190
-25
-213
-333
-436
-585
-763
-942
-1148
-1331
-1427
-1540
-1683
-1784
-1826
-1840
-1891
-1902
-1869
-1798
-1669
-1525
-1381
-1269
-1137
-932
-679
-419
-170
104
365
560
708
865
1040
1245
1412
1473
1436
1368
1356
1300
1189
1018
823
660
492
339
140
-61
-270
-454
-603
-753
-840
-885
-820
-777
-774
-772
-730
-563
-386
-214
-103
54
193
304
429
504
610
715
896
975
968
966
946
1000
1023
1050
948
819
683
588
551
428
323
196
74
-143
-296
-380
-512
-543
-488
-403
-528
-624
-694
-790
-809
-765
-688
-748
-749
-721
-729
-759
-763
-664
-617
-554
-488
-387
-318
-215
-52
37
42
69
207
264
289
350
409
450
453
500
447
346
315
332
291
169
94
47
0
-64
-83
-77
-75
-25
-9
-36
-105
-98
1
67
99
122
178
251
347
452
490
468
482
560
593
588
581
593
586
559
462
302
216
161
67
-50
-189
-365
-501
-559
-649
-774
-827
-793
-772
-733
-682
-643
-606
-557
-463
-353
-245
-157
-57
21
67
124
217
264
261
353
477
556
530
500
514
547
640
643
571
427
324
285
166
17
-86
-133
-241
-379
-517
-671
-754
-730
-672
-725
-790
-866
-874
-823
-727
-582
-468
-333
-233
-137
-20
175
456
594
697
794
869
912
983
1073
1048
992
949
878
746
607
487
340
192
-2
-185
-415
-564
-660
-740
-850
-1038
-1092
-1063
-1029
-1010
-898
-759
-749
-601
-436
-349
-233
99
345
363
444
538
544
544
707
756
683
623
566
485
343
358
335
278
178
106
156
116
63
48
78
38
-13
11
-56
-93
-63
-36
-163
-269
-296
-309
-348
-436
-427
-451
-434
-375
-342
-377
-483
-382
-287
-325
-350
-310
-302
-366
-319
-294
-315
-273
-155
-107
-156
-85
61
203
263
292
339
406
513
569
621
625
660
624
553
474
291
212
186
115
-59
-206
-347
-556
-664
-743
-849
-921
-871
-846
-865
-760
-627
-482
-277
-38
108
297
555
732
853
995
1106
1089
1168
1216
1100
1000
927
830
674
612
500
379
268
100
-47
-100
-95
-204
-287
-403
-537
-555
-546
-615
-755
-745
-718
-806
-891
-951
-956
-910
-845
-827
-851
-845
-739
-574
-474
-395
-238
20
142
162
275
408
562
722
873
860
764
760
803
766
707
699
608
514
424
294
187
144
140
3
-142
-241
-313
-306
-242
-264
-376
-456
-526
-565
-581
-616
-700
-703
-655
-695
-672
-586
-489
-364
-93
146
204
365
597
785
969
1197
1336
1346
1421
1504
1477
1460
1438
1301
1174
1040
852
679
563
433
201
36
-128
-367
-564
-716
-836
-943
-1081
-1173
-1180
-1184
-1245
-1296
-1245
-1223
-1168
-1021
-979
-1033
-948
-799
-765
-768
-698
-583
-503
-371
-266
-178
-62
57
218
287
296
375
551
610
557
565
557
471
439
454
350
173
145
176
49
-70
-48
-63
-114
-86
-27
-25
15
140
173
142
127
128
143
161
127
83
54
25
54
63
89
5
-55
-35
-28
41
135
247
281
332
404
412
457
578
676
733
864
921
893
866
877
851
845
916
812
675
561
447
370
299
194
-17
-107
-179
-325
-432
-538
-649
-747
-835
-1018
-1149
-1229
-1276
-1328
-1376
-1433
-1477
-1368
-1370
-1411
-1316
-1172
-1058
-918
-706
-626
-474
-165
64
159
328
573
660
739
851
939
981
1030
1066
981
905
835
863
865
750
613
522
467
293
219
161
52
-16
-11
-54
-271
-360
-340
-365
-407
-418
-458
-559
-570
-544
-535
-513
-385
-267
-209
-163
-112
9
155
349
475
502
530
587
632
640
658
672
655
660
585
442
338
302
228
122
67
-2
-84
-160
-197
-237
-271
-292
-291
-313
-376
-344
-295
-277
-313
-275
-206
-239
-212
-144
-46
-21
16
69
23
-54
-44
-10
-85
-146
-96
-100
-184
-234
-277
-391
-436
-367
-326
-364
-361
-301
-315
-308
-237
-102
-43
4
106
113
160
315
516
610
641
761
841
900
1013
1131
1129
1109
1067
937
700
606
607
415
207
49
-157
-429
-597
-696
-923
-1062
-1047
-1137
-1288
-1356
-1317
-1279
-1225
-1132
-1058
-1001
-923
-772
-599
-502
-411
-190
-43
-35
77
286
446
501
669
754
725
821
1010
1101
1045
1077
1171
1169
1143
1181
1145
1011
966
973
871
680
623
581
406
242
82
-40
-193
-299
-410
-593
-747
-869
-933
-1043
-1140
-1152
-1173
-1213
-1222
-1149
-1124
-1029
-880
-746
-648
-488
-300
-144
90
229
310
410
610
771
829
942
958
915
907
917
897
773
708
614
417
221
108
-35
-204
-360
-489
-606
-750
-782
-811
-821
-882
-982
-919
-898
-856
-758
-675
-667
-629
-457
-388
-362
-242
-74
16
162
288
352
451
552
704
779
812
858
1001
1114
1023
1021
1109
1129
1046
1030
1013
918
903
938
855
592
428
389
308
136
46
-38
-295
-444
-477
-633
-903
-957
-922
-1090
-1232
-1269
-1291
-1293
-1224
-1232
-1303
-1294
-1185
-1040
-907
-769
-644
-473
-385
-291
-61
140
290
446
626
577
490
660
816
826
832
887
707
479
504
521
352
246
256
44
-204
-256
-202
-269
-262
-125
-189
-298
-274
-108
21
102
172
156
133
149
238
345
372
302
278
297
219
215
268
252
148
106
118
50
26
-27
-99
-175
-223
-186
-156
-203
-316
-256
-207
-239
-215
-112
-65
-22
133
193
186
201
298
349
376
454
487
460
343
350
366
288
238
202
70
-142
-187
-223
-326
-400
-454
-608
-818
-872
-858
-830
-867
-828
-773
-843
-861
-728
-519
-436
-262
-63
-30
-25
112
288
357
500
630
616
530
583
724
731
714
736
721
589
526
535
449
325
292
273
95
-31
-33
-18
-28
-64
-106
-195
-225
-180
-106
-155
-277
-290
-199
-200
-276
-245
-259
-359
-356
-269
-219
-234
-157
-98
-161
-224
-151
37
82
42
107
176
146
219
389
443
436
583
690
570
512
606
666
589
499
417
252
84
55
13
-189
-361
-431
-510
-681
-750
-762
-834
-852
-805
-795
-830
-799
-721
-674
-629
-504
-378
-287
-201
-108
-20
56
225
371
468
511
538
586
612
644
647
658
592
489
419
375
287
168
120
24
-80
-143
-131
-158
-236
-214
-181
-192
-217
-149
-45
-8
16
49
106
122
147
245
255
187
215
339
316
194
186
161
74
73
95
2
-104
-139
-146
-209
-251
-194
-115
-129
-168
-74
17
49
164
262
241
223
290
318
296
325
379
347
240
171
156
135
75
124
84
-105
-186
-188
-257
-373
-414
-512
-685
-744
-750
-797
-852
-913
-955
-932
-915
-892
-802
-710
-664
-578
-396
-259
-145
26
143
190
268
453
619
680
720
747
726
691
732
817
801
723
666
617
533
476
476
461
379
275
215
153
124
145
114
-7
-89
-104
-109
-135
-126
-112
-161
-198
-198
-179
-205
-160
-36
3
-63
-46
104
134
160
250
286
164
174
343
312
295
393
419
262
194
303
279
222
199
109
-64
-183
-216
-255
-354
-515
-610
-663
-773
-864
-825
-834
-981
-962
-840
-890
-861
-648
-525
-570
-475
-274
-251
-178
71
218
202
278
435
427
427
544
625
590
616
676
594
520
527
523
455
350
263
167
90
64
53
-19
-144
-222
-246
-291
-258
-153
-130
-106
-71
-45
34
151
262
362
477
536
569
663
734
776
843
833
737
711
723
682
625
597
514
411
339
269
221
199
122
-30
-172
-317
-384
-404
-504
-688
-834
-889
-987
-1061
-1104
-1137
-1183
-1242
-1246
-1293
-1281
-1173
-1077
-1035
-1028
-960
-873
-725
-588
-492
-379
-256
-153
-51
126
225
293
424
519
552
608
728
797
781
774
748
713
687
672
679
588
428
350
327
244
191
212
151
23
-44
-12
-32
-6
91
74
17
21
115
188
269
377
407
405
497
602
626
707
828
915
926
964
1019
1006
1104
1199
1159
1030
968
977
917
822
779
671
444
239
92
-64
-245
-380
-493
-706
-950
-1074
-1126
-1305
-1502
-1538
-1557
-1743
-1843
-1766
-1804
-1883
-1763
-1651
-1754
-1737
-1482
-1334
-1266
-1093
-884
-797
-665
-425
-198
-50
69
274
363
385
481
614
676
650
697
683
598
528
497
466
399
388
347
210
100
111
110
70
106
133
92
84
208
264
301
451
546
550
575
689
781
846
954
1038
1032
994
1007
1064
1059
1013
1047
1033
962
960
1004
969
855
850
857
767
654
625
563
389
226
119
-9
-215
-339
-438
-666
-877
-964
-1081
-1294
-1374
-1361
-1444
-1581
-1605
-1598
-1623
-1547
-1443
-1433
-1469
-1401
-1251
-1156
-1085
-945
-819
-800
-764
-603
-462
-410
-273
-122
-146
-156
-20
82
74
124
227
183
112
145
146
123
163
215
145
54
70
105
138
179
216
235
256
324
425
528
592
657
762
861
931
1021
1105
1179
1236
1269
1314
1344
1326
1286
1275
1225
1129
1085
1043
911
779
757
697
536
433
382
272
132
62
-20
-176
-284
-291
-379
-542
-630
-694
-757
-832
-880
-933
-985
-1005
-1015
-1024
-1078
-1110
-1058
-1040
-1078
-1067
-1043
-1073
-1027
-927
-879
-895
-845
-775
-742
-653
-548
-475
-380
-255
-198
-172
-89
27
105
193
289
327
341
376
431
470
492
547
547
506
501
501
463
434
415
380
330
324
357
361
402
477
523
573
660
771
840
901
1004
1072
1099
1133
1170
1140
1061
1028
965
797
662
621
514
298
120
13
-146
-317
-392
-523
-758
-927
-969
-1049
-1183
-1212
-1204
-1251
-1322
-1292
-1239
-1230
-1154
-1025
-962
-977
-886
-743
-676
-628
-525
-424
-397
-340
-231
-170
-130
-7
86
66
85
185
239
265
342
396
389
432
474
461
455
487
498
497
512
510
498
493
504
519
541
541
564
600
589
617
659
668
689
743
729
667
699
695
639
652
687
596
487
449
420
345
284
266
170
78
53
40
-25
-124
-131
-175
-308
-376
-360
-413
-586
-657
-659
-794
-925
-913
-963
-1138
-1203
-1155
-1202
-1297
-1241
-1189
-1247
-1221
-1099
-1037
-1022
-898
-741
-667
-575
-391
-212
-75
84
262
403
511
677
823
923
1002
1092
1176
1184
1203
1242
1233
1175
1167
1156
1075
1004
968
884
712
612
578
464
323
249
165
0
-86
-99
-183
-302
-324
-329
-412
-437
-389
-362
-374
-359
-345
-359
-320
-260
-228
-197
-162
-161
-175
-183
-175
-167
-149
-150
-227
-299
-305
-312
-361
-427
-493
-575
-631
-651
-680
-732
-730
-725
-749
-770
-751
-649
-589
-546
-484
-440
-384
-258
-85
2
28
137
259
325
463
620
693
743
885
1030
1058
1123
1273
1326
1317
1323
1350
1314
1247
1242
1187
1045
928
874
786
595
462
362
183
-6
-90
-175
-339
-476
-544
-638
-737
-761
-749
-797
-845
-825
-790
-782
-742
-666
-614
-567
-516
-484
-468
-394
-294
-235
-205
-181
-160
-123
-70
-57
-92
-73
-23
-53
-102
-108
-147
-218
-255
-292
-374
-419
-388
-416
-492
-508
-497
-510
-508
-455
-404
-368
-269
-154
-74
-2
98
219
317
391
493
602
643
696
777
816
793
820
858
768
697
708
685
586
555
488
298
173
182
145
32
-17
-58
-165
-195
-158
-154
-182
-168
-134
-160
-191
-140
-54
-9
-7
-24
-30
-39
11
84
109
103
114
148
160
166
193
229
212
197
198
158
115
113
133
46
-65
-124
-226
-328
-371
-421
-540
-621
-651
-712
-778
-761
-741
-763
-728
-683
-660
-597
-485
-381
-337
-302
-239
-190
-103
2
47
73
101
143
171
204
279
318
334
338
338
362
398
418
463
474
442
410
408
421
390
375
350
268
260
260
215
189
198
172
141
178
176
145
174
221
209
252
314
330
343
374
378
356
373
428
420
371
361
343
275
236
228
163
40
-2
-36
-148
-219
-247
-340
-456
-486
-489
-563
-594
-557
-572
-634
-634
-583
-559
-554
-520
-522
-563
-540
-450
-419
-431
-393
-361
-377
-349
-270
-240
-231
-138
-51
-54
-51
22
89
114
178
236
226
217
275
289
250
258
319
312
254
244
236
209
247
291
256
209
235
264
264
296
331
315
292
296
292
260
259
295
279
207
175
181
153
120
119
90
12
-8
-7
-55
-99
-103
-116
-164
-213
-247
-280
-312
-327
-321
-352
-424
-471
-491
-521
-553
-559
-563
-598
-624
-611
-585
-567
-540
-498
-461
-444
-386
-295
-238
-195
-114
-47
-9
58
138
175
231
286
299
333
407
435
439
472
481
454
475
511
483
446
472
485
423
378
377
337
274
275
275
189
112
115
101
46
21
22
-8
-65
-85
-87
-110
-130
-103
-78
-138
-184
-134
-88
-110
-100
-72
-76
-84
-35
-19
-68
-82
-58
-84
-133
-159
-149
-163
-190
-207
-232
-244
-236
-218
-214
-227
-244
-199
-151
-149
-157
-146
-142
-144
-106
-81
-87
-73
-45
-46
-51
-30
-4
18
15
10
10
27
69
115
126
98
96
116
144
169
192
202
203
217
217
244
261
266
255
230
199
186
173
153
121
69
15
-36
-71
-87
-95
-117
-173
-210
-225
-225
-194
-178
-183
-183
-176
-164
-151
-122
-89
-59
-30
-21
-13
29
47
82
129
159
165
174
196
215
216
215
226
216
192
160
142
114
95
99
87
44
0
-12
-15
-18
-1
14
7
11
37
47
67
99
117
117
137
158
183
203
211
204
190
181
159
148
150
145
114
55
-12
-37
-37
-54
-84
-131
-179
-198
-198
-192
-199
-209
-200
-183
-185
-187
-132
-89
-100
-86
-72
-98
-116
-81
-77
-148
-186
-176
-221
-288
-315
-354
-438
-483
-454
-469
-542
-559
-534
-507
-487
-443
-383
-356
-312
-216
-128
-76
-3
122
189
199
278
369
406
471
542
534
503
542
575
555
561
547
482
427
399
346
297
271
213
133
62
0
-54
-37
-30
-89
-153
-151
-124
-96
-33
7
-11
-16
35
94
134
197
256
253
220
213
236
259
254
244
188
74
15
28
17
-43
-100
-157
-254
-302
-278
-286
-317
-317
-319
-338
-340
-291
-236
-196
-193
-214
-195
-168
-141
-103
-89
-132
-163
-157
-159
-170
-148
-118
-144
-159
-118
-71
-29
17
76
119
168
225
284
331
375
419
465
484
484
494
507
483
450
412
365
314
287
246
154
46
-10
-44
-94
-143
-178
-226
-284
-303
-312
-307
-281
-236
-208
-225
-209
-158
-85
-33
11
61
62
46
83
131
124
113
113
78
12
-20
-34
-93
-143
-167
-229
-309
-342
-345
-387
-426
-433
-463
-494
-498
-481
-458
-441
-412
-396
-388
-339
-267
-203
-160
-112
-45
2
49
113
168
198
239
267
273
281
315
360
364
365
366
361
366
402
432
435
429
434
430
437
451
463
469
455
415
375
355
343
333
319
274
194
128
100
78
51
14
-35
-97
-152
-182
-199
-217
-242
-268
-286
-322
-356
-354
-332
-332
-342
-337
-349
-360
-348
-327
-327
-327
-314
-290
-284
-287
-292
-287
-277
-265
-235
-224
-230
-225
-208
-197
-193
-170
-128
-110
-115
-110
-106
-81
-36
16
33
38
52
73
114
168
205
241
267
280
291
316
341
350
359
361
336
305
299
291
262
227
191
144
106
83
61
41
8
-21
-35
-44
-49
-50
-54
-60
-55
-36
-35
-31
-4
9
4
6
16
12
15
24
22
7
7
13
-5
-18
-14
-17
-40
-48
-50
-53
-57
-65
-62
-52
-56
-61
-55
-51
-39
-17
-2
-11
-23
-17
-9
-5
1
-1
-14
-26
-23
-18
-16
-17
-10
-6
-11
-8
9
40
53
62
69
67
70
95
123
115
110
129
150
143
140
152
141
125
134
136
114
95
98
80
40
6
4
-8
-27
-48
-77
-103
-113
-96
-90
-104
-113
-92
-79
-85
-73
-53
-46
-53
-35
-27
-43
-44
-38
-48
-73
-90
-93
-102
-106
-101
-121
-154
-168
-163
-150
-159
-157
-158
-174
-176
-152
-119
-100
-88
-71
-64
-47
-7
31
58
83
103
117
131
159
190
198
195
186
184
202
215
210
187
171
160
149
145
143
132
123
119
102
81
67
77
79
52
44
30
19
18
22
1
-28
-29
-27
-48
-59
-64
-72
-77
-84
-83
-90
-110
-108
-110
-125
-128
-118
-107
-125
-135
-131
-135
-141
-121
-115
-129
-125
-113
-109
-116
-101
-87
-81
-75
-76
-68
-59
-36
-14
-6
-8
0
15
28
37
56
75
74
77
89
92
97
108
123
112
98
101
107
105
108
109
110
107
96
85
67
63
77
85
68
49
38
29
19
20
18
4
-4
-7
-10
-24
-27
-20
-30
-47
-48
-56
-49
-34
-30
-34
-56
-65
-48
-31
-34
-40
-43
-56
-66
-46
-35
-43
-53
-56
-76
-91
-79
-58
-56
-71
-86
-106
-107
-83
-47
-46
-60
-49
-27
-15
6
51
80
79
97
133
149
161
198
225
225
226
248
253
239
257
270
236
209
218
209
179
168
156
112
68
56
39
8
-16
-27
-58
-93
-102
-102
-121
-139
-136
-137
-157
-155
-128
-130
-144
-139
-124
-128
-117
-89
-78
-88
-78
-68
-66
-53
-41
-37
-47
-48
-44
-48
-51
-51
-50
-64
-84
-85
-94
-103
-101
-101
-104
-118
-126
-117
-113
-105
-93
-85
-81
-72
-49
-21
-4
15
40
57
74
91
118
140
150
159
173
178
179
201
208
190
174
175
162
144
144
133
101
70
61
44
16
3
-10
-43
-70
-75
-85
-105
-122
-121
-141
-167
-154
-139
-156
-161
-151
-142
-148
-128
-99
-109
-100
-76
-61
-56
-34
-14
-3
-4
7
23
29
36
53
0
0
0
0
0
0
0
0
0
0
0
0
0
0
0
0
0
0
0
0
0
0
0
0
0
0
0
0
0
0
0
0
0
0
0
0
0
0
0
0
0
0
0
0
0
0
0
0
0
0
0
0
0
0
0
0
0
0
0
0
0
0
0
0
0
0
0
0
0
0
0
0
0
0
0
0
0
0
0
0
0
0
0
0
0
0
0
0
0
0
0
0
0
0
0
0
0
0
0
0
0
0
0
0
0
0
0
0
0
0
0
0
0
0
0
0
0
0
0
0
0
0
0
0
0
0
0
0
0
0
0
0
0
0
0
0
0
0
0
0
0
0
0
0
0
0
0
0
0
0
0
0
0
0
0
0
0
0
0
0
0
0
0
0
0
0
0
0
0
0
0
0
0
0
0
0
0
0
0
0
0
0
0
0
0
0
0
0
0
0
0
0
0
0
0
0
0
0
0
0
0
0
0
0
0
0
0
0
0
0
0
0
0
0
0
0
0
0
0
0
0
0
0
0
0
0
0
0
0
0
0
0
0
0
0
0
0
0
0
0
0
0
0
0
0
0
0
0
0
0
0
0
0
0
0
0
0
0
0
0
0
0
0
0
0
0
0
0
0
0
0
0
0
0
0
0
0
0
0
0
0
0
0
0
0
0
0
0
0
0
0
0
0
0
0
0
0
0
0
0
0
0
0
0
0
0
0
0
0
0
0
0
0
0
0
0
0
0
0
0
0
0
0
0
0
0
0
0
0
0
0
0
0
0
0
0
0
0
0
0
0
0
0
0
0
0
0
0
0
0
0
0
0
0
0
0
0
0
0
0
0
0
0
0
0
0
0
0
0
0
0
0
0
0
0
0
0
0
0
0
0
0
0
0
0
0
0
0
0
0
0
0
0
0
0
0
0
0
0
0
0
0
0
0
0
0
0
0
0
0
0
0
0
0
0
0
0
0
0
0
0
0
0
0
0
0
0
0
0
0
0
0
0
0
0
0
0
0
0
0
0
0
0
0
0
0
0
0
0
0
0
0
0
0
0
0
0
0
0
0
0
0
0
0
0
0
0
0
0
0
0
0
0
0
0
0
0
0
0
0
0
0
0
0
0
0
0
0
0
0
0
0
0
0
0
0
0
0
0
0
0
0
0
0
0
0
0
0
0
0
0
0
0
0
0
0
0
0
0
0
0
0
0
0
0
0
0
0
0
0
0
0
0
0
0
0
0
0
0
0
0
0
0
0
0
0
0
0
0
0
0
0
0
0
0
0
0
0
0
0
0
0
0
0
0
0
0
0
0
0
0
0
0
0
0
0
0
0
0
0
0
0
0
0
0
0
0
0
0
0
0
0
0
0
0
0
0
0
0
0
0
0
0
0
0
0
0
0
0
0
0
0
0
0
0
0
0
0
0
0
0
0
0
0
0
0
0
0
0
0
0
0
0
0
0
0
0
0
0
0
0
0
0
0
0
0
0
0
0
0
0
0
0
0
0
0
0
0
0
0
0
0
0
0
0
0
0
0
0
0
0
0
0
0
0
0
0
0
0
0
0
0
0
0
0
0
0
0
0
0
0
0
0
0
0
0
0
0
0
0
0
0
0
0
0
0
0
0
0
0
0
0
0
0
0
0
0
0
0
0
0
0
0
0
0
0
0
0
0
0
0
0
0
0
0
0
0
0
0
0
0
0
0
0
0
0
0
0
0
0
0
0
0
0
0
0
0
0
0
0
0
0
0
0
0
0
0
0
0
0
0
0
0
0
0
0
0
0
0
0
0
0
0
0
0
0
0
0
0
0
0
0
0
0
0
0
0
0
0
0
0
0
0
0
0
0
0
0
0
0
0
0
0
0
0
0
0
0
0
0
0
0
0
0
0
0
0
0
0
0
0
0
0
0
0
0
0
0
0
0
0
0
0
0
0
0
0
0
0
