111
120
84
22
-11
-1
47
78
78
47
13
11
49
93
94
79
43
-9
-16
12
49
94
99
80
61
34
32
30
10
10
8
41
80
91
106
78
25
-35
-34
-3
11
34
32
25
-4
-22
-14
-20
-32
-54
-40
-24
-18
6
-28
-62
-104
-110
-18
39
44
24
-32
-89
-95
-73
-3
44
13
-13
-62
-91
-77
-85
-81
-89
-102
-64
-62
-71
-91
-109
-104
-124
-103
-77
-32
4
-24
-77
-127
-125
-57
17
34
8
-61
-114
-97
-72
-43
-59
-84
-58
-62
-18
-14
-49
-41
-59
-36
-60
-94
-89
-61
7
37
6
-75
-130
-131
-94
-43
-29
8
19
-10
-69
-129
-92
-51
28
60
25
17
-1
13
11
34
49
50
48
1
-13
-60
-69
-34
-8
16
-47
-38
-18
11
85
67
40
-12
22
66
73
94
73
81
64
47
46
73
65
45
36
-10
11
38
75
84
35
0
-23
-24
30
107
136
112
53
9
37
61
99
100
78
98
60
66
76
72
68
39
38
70
130
148
128
71
0
-14
1
57
99
138
148
120
134
108
103
39
-46
-52
-43
23
89
138
113
49
-10
-36
-24
-9
43
85
160
205
182
168
103
44
-32
-90
-52
39
119
123
91
27
-45
-63
-7
62
80
137
156
128
94
81
94
96
68
-2
-4
-3
43
78
65
67
21
-12
-16
-21
16
65
56
24
10
8
23
34
19
-16
-37
-50
-11
74
94
60
25
18
13
11
27
10
33
39
60
81
41
15
-65
-91
-115
-144
-114
-108
-54
-21
-5
3
-21
-35
-54
-11
54
84
72
38
61
27
-43
-65
-72
-4
-14
-36
-25
-47
-64
-142
-88
-35
-27
3
-28
-12
-34
-26
17
0
-60
-140
-122
-87
-24
-26
-53
-46
-73
-53
-85
-68
-50
-63
-44
-21
-6
-58
-95
-145
-173
-131
-56
100
85
-21
-137
-227
-185
-96
97
156
113
43
-63
-90
-116
-72
-3
25
-10
-103
-107
-120
-117
-106
-130
-123
-142
-90
-40
1
5
-60
-40
-40
17
64
94
67
-72
-111
-168
-95
34
128
198
83
-28
-133
-95
-58
-84
-27
5
78
72
34
-20
-82
-71
-59
-48
-25
7
27
72
57
-16
-96
-126
-44
70
203
202
101
-23
-125
-48
44
142
148
101
60
69
119
57
25
-44
-13
31
36
133
137
106
58
1
11
21
66
87
96
83
48
68
52
21
-40
-71
-42
-50
9
79
39
-3
-16
24
122
173
148
108
28
13
42
89
138
98
84
53
53
26
-12
42
26
24
-8
0
81
136
228
241
171
7
-103
-51
54
141
129
75
-20
-108
-118
-34
75
124
143
122
77
8
1
67
159
233
161
86
47
28
-5
-48
-10
-11
13
35
76
147
138
114
68
73
53
77
110
174
225
132
97
77
54
16
-4
10
72
120
98
109
109
70
5
15
26
17
21
33
82
44
-13
-110
-93
44
93
120
66
4
-11
7
116
201
203
114
2
-108
-90
26
124
167
8
-112
-129
-88
14
70
39
-64
-105
-171
-147
-73
-62
-102
-358
-626
-720
-660
-508
-388
-422
-560
-726
-805
-632
-441
-282
-185
-170
-108
-72
24
87
80
41
-7
-30
-46
34
72
38
-101
-273
-330
-323
-187
-72
-48
-116
-202
-175
-127
-54
63
133
87
40
30
21
61
112
110
84
70
68
83
124
171
215
214
160
134
135
159
130
104
160
200
113
0
-4
55
120
130
135
153
171
255
302
314
378
384
355
259
153
224
345
453
416
230
62
-73
-73
-97
-100
134
490
806
808
691
614
-408
-2103
-3435
-3225
-1335
540
1194
100
-1480
-2520
-2485
-1681
-759
230
806
1337
1158
563
355
374
630
445
343
534
991
1432
1304
680
-216
-842
-1140
-846
-319
-33
50
-239
-694
-1106
-1276
-1075
-721
-433
-261
-231
-129
9
50
44
3
-2
79
298
534
749
763
531
231
-97
-161
-37
150
225
84
-143
-292
-304
-280
-204
-209
-152
-115
-137
-101
-49
87
185
180
110
117
266
543
731
685
504
257
196
267
431
631
663
519
241
80
50
175
359
354
236
104
130
258
316
309
355
392
492
563
660
774
686
469
30
-18
279
764
1018
783
656
551
864
974
657
-690
-3000
-4512
-4256
-1819
623
1519
238
-2017
-3282
-3237
-1957
-647
663
1536
1914
1710
864
438
401
754
819
729
912
1352
1763
1462
558
-637
-1481
-1821
-1584
-954
-266
100
-233
-985
-1903
-2280
-1984
-1147
-242
153
224
181
254
246
191
66
123
502
848
1095
1001
684
265
-132
-415
-565
-459
-222
-59
-181
-484
-727
-779
-622
-405
-247
-81
-8
19
60
103
266
367
370
249
212
384
642
857
740
425
65
-86
51
275
480
462
329
113
-51
-17
81
170
109
9
-78
46
319
542
666
630
528
384
351
448
586
654
642
452
451
848
1249
1468
915
-207
-1675
-3457
-4500
-4017
-1755
661
1450
-200
-2756
-3942
-3424
-1539
40
1085
1745
1811
1621
876
356
643
1314
1561
1303
950
1032
1590
1430
478
-888
-1952
-2082
-1676
-1057
-454
-339
-738
-1429
-2125
-2154
-1581
-721
140
548
481
297
209
351
687
845
898
862
846
960
879
686
267
-287
-619
-721
-568
-304
-229
-398
-616
-838
-789
-540
-250
61
188
328
400
439
541
555
525
451
409
469
648
795
755
576
311
185
228
322
457
443
366
238
89
164
301
456
499
383
180
38
142
222
376
546
784
988
1005
1020
821
804
825
757
597
454
707
723
631
142
-275
-860
-2533
-4125
-4504
-2428
395
1576
127
-2305
-3187
-2373
-650
261
975
1782
2392
2358
1179
381
753
1809
2045
1223
256
360
1213
1185
164
-1251
-1960
-1903
-1790
-1638
-1102
-481
-316
-954
-1881
-1951
-1232
-210
543
723
628
576
610
737
867
890
1010
917
650
457
370
420
204
-319
-874
-1141
-1007
-659
-458
-453
-591
-810
-760
-561
-254
116
407
571
594
536
455
546
674
707
524
361
406
514
603
458
279
98
-63
-100
-25
149
281
389
259
80
127
270
311
359
281
55
85
347
747
1023
1114
1021
515
-61
-80
392
1138
1456
809
-89
-389
-161
-735
-2743
-4863
-4785
-2232
745
1729
-226
-2292
-2938
-2426
-1455
-790
593
2482
3537
2799
894
-270
315
1429
1604
939
385
906
1454
785
-765
-1983
-2209
-1846
-1728
-1899
-1350
-486
-154
-855
-1951
-2120
-1283
1
779
958
960
905
704
444
366
500
975
1131
720
269
-19
-103
-239
-626
-1008
-1092
-840
-640
-677
-632
-523
-439
-384
-387
-272
158
548
649
587
458
462
624
731
611
470
377
337
452
556
541
430
286
87
-27
124
327
379
296
142
93
173
393
520
424
419
585
684
705
796
982
1086
956
717
307
349
851
1101
799
95
-678
-1791
-3106
-4192
-3847
-1871
497
1322
-359
-2238
-2870
-1821
-262
516
1174
1932
2682
2598
1710
893
916
1439
1391
669
55
443
1176
982
-387
-2072
-2879
-2488
-1834
-1359
-879
-458
-272
-717
-1403
-1426
-610
431
1137
1305
1159
1052
938
838
642
546
681
656
403
123
-84
-128
-272
-811
-1258
-1318
-908
-380
-210
-191
-319
-361
-267
-99
186
498
818
940
826
565
437
424
460
442
219
97
232
427
560
543
290
95
0
-33
71
336
637
610
256
97
187
305
546
601
492
437
566
572
521
733
954
1130
963
665
256
430
670
269
-1168
-3828
-5204
-4309
-1615
869
1366
-243
-2208
-2837
-2338
-1196
115
1645
2705
2941
2146
1002
681
1198
1661
1387
557
-171
72
630
527
-354
-1534
-2409
-2710
-2650
-2260
-1294
-186
251
-376
-1288
-1579
-828
401
1212
1525
1511
1381
1005
568
216
178
410
380
115
-387
-587
-484
-517
-763
-1259
-1521
-1363
-818
-304
4
215
187
59
-10
206
546
800
823
673
614
558
478
346
107
-173
-250
-243
-124
303
496
323
96
-72
-39
169
401
511
603
691
507
362
330
362
402
279
243
368
384
514
984
1092
1024
1018
471
-137
-26
102
-285
-1428
-3511
-4806
-3721
-1054
1119
1118
-621
-2132
-2228
-1284
-393
603
1800
2679
2835
1986
834
589
1307
1611
1112
111
-648
-312
323
237
-608
-1706
-2394
-2433
-2214
-1822
-981
54
550
124
-654
-876
-147
1022
1641
1600
1351
1049
816
558
226
64
127
61
-412
-831
-805
-539
-317
-438
-981
-1370
-1006
-326
145
466
715
767
656
457
245
401
759
897
783
521
353
374
241
-39
-193
-247
-161
264
753
839
723
514
165
-150
-69
42
71
472
700
535
487
396
272
310
130
109
383
824
1166
1363
1130
591
280
46
234
752
1039
-670
-3602
-5604
-5066
-1916
1466
2261
257
-1550
-2457
-1958
-934
66
1474
2846
3320
2310
995
400
1024
1692
1351
23
-1158
-1067
-173
494
172
-1065
-2167
-2655
-2884
-2536
-1502
-57
1155
1180
78
-848
-674
423
1445
1728
1478
1125
906
511
-76
-406
-372
-293
-353
-881
-1347
-1159
-701
-521
-788
-1122
-1214
-748
13
604
757
955
1048
725
517
408
392
570
617
339
230
168
96
-90
-376
-521
-325
165
689
898
570
151
-449
-751
-567
-102
283
663
749
384
64
-110
74
186
182
284
383
404
945
1365
1269
894
209
-414
-514
192
854
1010
403
-1545
-4212
-5319
-4285
-1841
1070
1816
389
-966
-1693
-1593
-495
520
1351
2314
2550
2105
1557
1224
1084
926
345
-865
-1664
-1296
-471
345
310
-1079
-2382
-2898
-2839
-1898
-714
180
1072
1258
735
272
193
648
1253
1492
1229
736
364
141
-29
-262
-682
-945
-1071
-1276
-1205
-911
-659
-452
-535
-780
-665
-172
632
1093
1066
1164
1191
984
702
401
204
343
474
322
139
133
123
31
-158
-465
-318
21
-24
30
54
-202
170
646
366
374
657
422
422
735
645
634
862
757
381
260
273
387
747
797
593
407
242
94
327
613
711
803
-445
-2944
-4855
-4872
-2912
303
2154
1488
200
-946
-1462
-1019
-202
626
1995
2988
2698
1885
1241
881
740
447
-643
-1538
-1477
-1005
-171
337
-259
-1177
-2032
-2699
-2420
-1400
-216
1088
1820
1647
1062
546
448
663
1084
1271
980
566
111
-379
-693
-1001
-1228
-1209
-1179
-1206
-1169
-900
-457
-23
60
-115
-206
172
756
1043
1316
1370
1198
941
410
-171
-272
-62
-20
31
-44
-188
-239
-348
-443
-438
-299
-92
48
106
313
455
414
409
326
217
235
371
527
538
529
430
-75
-272
129
333
458
764
552
158
160
131
-8
309
996
1040
785
478
73
-180
-1488
-3954
-5160
-4434
-2034
1125
2022
956
-144
-985
-1306
-1102
-763
474
2427
3570
3222
2012
875
0
-91
-249
-1142
-1466
-1241
-986
-370
-390
-1081
-1463
-1948
-2229
-1934
-1449
-437
953
1935
2110
1507
806
466
557
758
546
220
116
-120
-415
-806
-1395
-1474
-1219
-1203
-1279
-1304
-1113
-464
221
437
431
493
679
815
831
883
1013
1112
967
466
-93
-340
-385
-397
-412
-364
-272
-279
-304
-401
-475
-255
-69
-76
2
180
451
695
840
902
709
526
343
24
52
191
84
190
371
371
447
335
106
20
25
368
715
612
868
1296
992
721
658
433
241
-966
-3683
-5318
-4757
-2517
714
2122
1191
77
-657
-1252
-1236
-710
465
2460
3813
3399
2204
1217
602
585
260
-926
-1628
-1569
-1321
-728
-551
-831
-864
-1151
-1717
-2061
-1973
-1030
554
2016
2610
2242
1647
1100
792
750
429
42
-49
-225
-374
-520
-913
-1018
-846
-1082
-1519
-1725
-1656
-856
378
1019
1146
1165
968
756
676
585
775
1188
1200
778
288
-133
-361
-383
-556
-679
-492
-421
-467
-378
-188
199
618
610
283
108
162
416
807
876
713
635
315
-103
-150
-162
-123
230
375
319
427
417
122
-22
184
362
493
831
973
871
967
569
30
400
810
856
-239
-3178
-5405
-5439
-3685
-483
1535
1528
1047
57
-823
-1124
-1228
-114
1921
3365
3618
2528
1210
601
493
421
-384
-1470
-1970
-2141
-1829
-1303
-971
-472
-344
-977
-1761
-2301
-1910
-350
1339
2407
2649
2205
1628
1124
571
53
-342
-656
-784
-719
-788
-940
-754
-583
-914
-1423
-1938
-2180
-1306
198
1126
1625
1700
1269
991
581
-20
23
494
831
854
367
-311
-588
-588
-694
-764
-683
-609
-463
-263
-96
373
924
1020
585
-68
-417
-373
-23
487
745
678
617
349
-211
-441
-319
-214
27
240
118
182
360
308
519
554
146
209
439
628
1134
1198
785
657
691
652
790
98
-2243
-4473
-5350
-5093
-2613
482
1449
1617
1043
-442
-907
-1011
-812
988
2792
3423
3175
2080
935
744
1028
544
-573
-1559
-2544
-2873
-2203
-1526
-604
289
-33
-937
-1782
-2309
-1590
52
1522
2560
2987
2616
1879
1169
431
-113
-425
-831
-899
-699
-809
-594
-174
-372
-710
-1137
-1871
-1973
-1130
-116
797
1618
1903
1811
1501
679
112
185
284
498
574
175
20
98
-64
-298
-544
-742
-714
-653
-487
11
563
1038
1258
838
245
-64
-284
-258
52
329
582
723
540
251
112
95
-97
-275
-167
-185
-128
271
460
682
1087
952
724
645
434
451
307
140
482
867
1344
1521
1150
1059
63
-2546
-4994
-6324
-5541
-2265
653
1576
1517
843
246
20
-635
-850
337
1860
2739
2742
2092
1655
1940
2074
1005
-858
-2520
-3357
-3103
-2277
-1499
-556
201
167
-355
-1341
-2227
-1872
-577
787
1831
2168
2032
2045
1940
1299
380
-589
-1173
-982
-731
-834
-656
-259
-64
-127
-849
-1875
-2083
-1456
-641
115
680
1205
1751
1711
1053
454
112
96
289
193
-5
73
238
347
187
-270
-565
-774
-1017
-918
-543
-54
568
918
771
402
-67
-384
-413
-295
56
313
462
735
643
391
276
-85
-249
-128
-273
-301
-209
-162
244
503
380
519
714
661
402
-47
-258
8
630
1256
1337
1043
968
876
750
465
-1169
-3338
-4662
-5347
-4160
-1619
-128
958
1566
1068
635
-198
-1258
-929
328
1712
2622
2560
2106
1811
1821
1481
441
-547
-1535
-2314
-2470
-2622
-2197
-891
50
389
30
-1100
-1821
-1673
-1071
-145
759
1380
1800
1976
1744
1130
442
106
72
-233
-639
-814
-741
-129
472
341
-342
-1085
-1402
-1341
-1184
-819
-141
770
1363
1212
764
369
300
616
684
421
219
159
291
481
533
496
367
37
-473
-868
-930
-644
-64
454
628
504
243
11
-154
-156
-57
106
406
494
478
527
324
292
466
306
71
-77
-160
9
197
166
160
391
741
855
593
209
-18
53
328
431
322
443
783
1036
1125
1045
1087
1363
981
-791
-3220
-5016
-5189
-3356
-956
397
898
908
645
265
-544
-1174
-709
515
1591
1758
1155
832
1410
2526
2921
1993
532
-836
-1753
-2245
-2592
-2295
-1164
165
870
342
-874
-1651
-1564
-966
-606
-666
-674
-282
444
867
862
1086
1442
1607
1348
311
-703
-818
-256
451
564
126
-144
-309
-471
-634
-924
-942
-608
-314
-242
-415
-412
55
620
949
861
471
211
182
265
389
399
395
490
443
218
-71
-199
-7
177
140
-112
-451
-544
-398
-261
-220
-187
-58
126
124
-44
-139
-102
108
254
177
10
-66
65
277
426
480
565
649
554
300
-32
-214
-91
155
271
88
-203
-299
-235
-105
8
52
242
372
243
80
-16
146
457
585
261
-639
-1428
-1763
-1790
-1401
-940
-471
-2
76
-91
-285
-439
-212
192
367
284
-25
-209
-128
91
386
622
779
797
541
97
-380
-642
-536
-335
-250
-283
-328
-263
-159
-143
-235
-274
-204
-119
-71
-149
-246
-171
56
212
230
119
-2
-4
-50
-89
-118
-146
-54
36
92
51
9
41
80
101
-30
-156
-180
-113
-2
47
44
110
197
216
169
27
-40
28
96
104
61
79
222
355
349
219
60
-2
26
35
31
56
190
365
410
308
150
71
90
103
58
3
34
229
404
405
257
71
17
57
76
27
-17
51
185
269
237
122
73
97
97
83
37
16
103
222
256
173
55
9
43
109
131
120
138
137
148
136
47
29
94
126
101
41
21
108
190
198
151
78
32
14
-7
-36
-22
42
93
62
-34
-132
-162
-134
-142
-152
-159
-138
-63
-15
-3
-53
-136
-183
-208
-224
-209
-168
-131
-86
-70
-102
-149
-181
-174
-175
-159
-157
-163
-110
-90
-94
-66
-71
-84
-106
-174
-186
-138
-85
-11
-4
-62
-92
-114
-125
-115
-95
-55
-19
-23
-54
-84
-58
25
75
67
15
-37
-84
-90
-48
27
115
155
123
27
-46
-36
31
118
164
131
67
-12
-64
-50
6
57
78
73
32
-15
-43
-22
28
49
39
-20
-86
-106
-86
-8
45
51
42
-21
-82
-116
-122
-58
-3
19
36
-4
-49
-34
2
34
48
23
-3
-32
-60
-83
-106
-76
-24
34
54
15
-10
-29
-40
-54
-71
-68
-26
27
37
11
-41
-69
-26
22
11
-36
-78
-106
-96
-66
-57
-44
-30
-21
-24
-78
-142
-154
-91
8
79
82
22
-22
-32
-27
-36
-48
-12
11
26
6
-47
-54
-26
-1
-3
-30
-57
-74
-77
-64
-48
-26
-18
-18
-26
-54
-82
-88
-69
-38
-15
-17
-22
-30
-46
-71
-110
-122
-94
-37
11
-14
-52
-45
3
64
67
22
11
26
38
49
48
55
69
84
101
102
87
97
132
125
77
43
40
65
103
121
109
97
103
100
86
57
45
74
117
119
81
57
51
67
77
68
57
46
49
59
45
40
74
102
106
68
15
-11
1
39
79
89
75
72
69
39
10
9
45
88
102
93
70
40
29
41
49
37
27
54
64
59
60
67
94
99
67
27
-4
10
71
100
108
93
61
54
21
-24
-42
-20
33
78
103
87
51
19
-10
-27
-35
-25
-6
6
24
33
20
-5
-25
-24
-22
-51
-90
-91
-65
-38
-15
-6
-20
-48
-74
-102
-101
-82
-55
-30
-35
-63
-79
-71
-69
-77
-82
-77
-61
-56
-83
-101
-101
-86
-53
-51
-53
-65
-90
-74
-65
-60
-37
-31
-53
-86
-102
-102
-92
-63
-52
-61
-66
-70
-58
-58
-72
-61
-57
-55
-46
-60
-67
-57
-28
4
0
-40
-56
-53
-71
-75
-75
-71
-41
-11
-9
-40
-67
-67
-41
-18
-34
-66
-71
-51
-36
-30
-30
-21
-6
-10
-13
-4
-4
-3
-3
-13
-34
-44
-20
13
32
34
23
0
-17
-24
-27
-23
-13
9
21
13
5
-4
6
30
37
34
23
14
31
34
29
41
54
60
52
25
8
12
31
58
75
54
21
16
28
39
52
58
73
98
86
56
34
21
32
62
87
88
88
91
82
73
54
32
46
57
44
46
51
51
85
106
85
53
20
28
45
53
66
83
105
90
61
26
16
37
46
60
47
17
16
23
37
54
51
56
56
39
24
11
27
60
80
74
37
11
11
23
44
52
49
46
21
0
0
25
65
85
78
55
41
27
24
51
61
66
75
50
26
13
2
11
33
58
54
47
26
-2
2
23
54
44
28
34
37
26
12
18
17
13
0
-24
-33
-26
-13
-5
16
17
0
-12
-30
-30
-22
-9
-11
-15
-8
-11
10
10
3
3
-27
-51
-54
-36
-15
0
-2
-7
-15
-34
-43
-57
-51
-36
-34
-44
-58
-34
-19
-26
-37
-51
-49
-51
-57
-58
-39
-12
1
-16
-48
-57
-45
-40
-52
-61
-68
-63
-46
-32
-31
-36
-39
-56
-68
-72
-80
-74
-77
-78
-56
-68
-83
-77
-69
-57
-54
-62
-74
-79
-61
-51
-75
-79
-75
-82
-83
-76
-77
-71
-61
-83
-99
-100
-96
-74
-71
-78
-58
-44
-52
-55
-67
-66
-45
-47
-62
-58
-37
-20
-28
-36
-40
-42
-37
-43
-53
-46
-24
-5
10
10
-11
-26
-24
-25
-23
-20
-25
-29
-30
-20
-4
5
0
5
-8
-21
-17
-14
2
10
27
44
37
23
13
14
12
10
12
12
18
27
41
48
61
71
68
61
40
31
40
48
61
74
72
60
54
63
64
46
37
41
54
62
55
59
71
90
77
56
66
70
69
68
75
83
82
63
45
42
39
47
40
47
64
70
73
58
50
39
33
47
55
58
57
55
65
69
75
75
72
61
27
13
10
26
59
67
74
67
46
42
27
20
21
34
53
60
66
47
30
36
47
56
43
18
10
17
35
53
60
61
59
53
43
23
18
27
34
40
30
20
22
20
18
22
6
6
6
-7
-4
-7
4
16
9
1
-9
-15
-18
-26
-28
-15
3
12
6
-6
-9
-17
-24
-20
-13
-8
-18
-26
-19
-17
-11
-7
-11
-25
-40
-41
-32
-22
-25
-21
-25
-44
-51
-48
-45
-50
-52
-46
-45
-58
-54
-46
-49
-47
-53
-57
-64
-73
-78
-78
-66
-46
-17
0
-9
-31
-53
-66
-68
-73
-78
-71
-61
-50
-48
-56
-62
-89
-64
-91
-45
-117
-50
-133
-389
-55
-314
-425
-220
-238
74
-144
-213
-1
-30
128
-219
-398
-175
-190
-150
-113
17
284
422
409
282
-21
-19
-232
-399
-337
-258
134
289
378
385
272
221
134
-31
-161
-147
-138
10
118
34
108
78
13
24
-63
-102
-108
-130
-85
-43
-71
-17
7
79
125
32
99
174
150
114
-21
-122
-79
-2
120
195
203
226
221
147
113
65
-51
-16
-21
-56
7
43
88
140
114
-8
-104
-156
-151
-106
-47
-17
14
47
27
4
-41
-47
-55
-110
-97
-128
-140
4
50
61
36
-80
-128
-121
-145
-164
-160
-184
-183
-226
-204
-97
31
145
85
10
-118
-236
-117
-46
-54
81
95
114
228
90
62
60
-14
23
-31
-59
55
234
303
244
237
113
9
25
-8
40
102
141
186
224
193
163
139
86
48
-17
-51
16
124
196
204
189
126
-8
0
-46
-46
20
22
77
91
95
74
75
62
-15
-60
-101
-52
113
140
149
89
-54
-18
-39
-71
-33
-21
5
31
63
35
48
73
-21
-7
-21
-50
80
84
11
-122
-398
-471
-269
-13
250
347
125
-239
-581
-796
-527
-4
439
620
269
-345
-832
-953
-668
-268
-51
-80
-267
-245
-194
-285
-313
-400
-452
-356
-330
-184
247
489
409
83
-457
-710
-406
-4
329
432
148
-48
-46
-133
-120
-3
33
99
64
-53
11
190
298
318
91
-183
-233
-144
48
175
115
96
95
46
58
-17
-70
-69
-24
65
151
223
221
134
-17
-77
-55
86
292
319
139
-20
-36
94
313
269
67
-111
-187
-43
150
220
139
50
-61
-123
-110
-72
50
205
205
4
-116
-137
70
320
247
27
-228
-314
-80
184
306
316
114
-15
-44
-67
85
261
395
369
201
72
59
260
418
419
313
172
180
326
224
-54
-307
-508
-419
-322
-311
-250
-214
-271
-366
-602
-763
-731
-504
-230
-144
-175
-279
-204
-70
-57
-113
-183
-153
58
212
340
422
421
395
285
165
119
203
396
527
345
63
-78
-78
99
207
45
-60
-107
-137
-92
-122
-210
-240
-222
-245
-221
-142
-40
83
76
-132
-285
-265
-37
268
345
277
188
165
258
354
371
372
387
421
447
409
414
498
522
438
269
133
197
373
476
435
231
20
-17
7
59
101
71
88
81
13
-70
-72
-35
33
60
20
71
154
202
103
52
73
111
165
128
75
206
399
390
310
57
-48
185
359
442
375
191
237
348
379
158
-461
-771
-795
-361
167
103
-162
-585
-957
-1048
-1041
-876
-439
-175
-113
-324
-730
-864
-678
-356
-130
-130
-183
-96
74
187
47
-41
-71
-11
186
308
444
527
432
244
-9
-181
-34
270
499
466
155
-204
-367
-501
-528
-494
-502
-331
-244
-341
-509
-735
-866
-731
-596
-465
-342
-252
-190
-205
-312
-420
-357
-161
96
268
266
97
89
140
140
213
264
363
475
425
315
190
139
222
253
248
190
197
239
175
-2
-143
-164
-105
-11
18
-16
-49
-134
-205
-229
-321
-172
-2
26
41
-137
-225
-46
59
126
122
53
119
126
189
169
151
239
270
301
263
233
318
361
325
311
259
393
624
730
559
-273
-1131
-1231
-484
598
928
204
-842
-1547
-1574
-1096
-510
34
199
-91
-740
-1306
-1353
-837
-18
390
154
-307
-510
-317
57
158
117
181
310
503
526
425
387
367
341
323
352
555
794
795
481
-2
-228
-47
348
617
499
152
-259
-400
-450
-372
-215
-230
-159
-526
-832
-870
-820
-369
-146
-297
-385
-484
-370
-139
-84
-20
-1
160
272
326
390
372
318
291
235
293
569
737
767
574
190
61
221
468
697
643
405
151
9
1
116
253
298
213
24
-155
-257
-119
8
82
20
-182
-245
-155
11
97
77
-93
-117
4
123
279
298
223
207
160
182
254
366
492
392
230
23
94
315
440
402
206
127
49
161
181
272
417
403
344
131
64
-364
-860
-803
-372
458
649
-201
-1084
-1551
-1289
-489
-29
115
-64
-561
-1001
-1169
-954
-331
302
362
29
-497
-678
-346
94
323
266
204
205
279
240
156
172
225
341
377
349
374
318
226
53
-64
19
211
379
267
-37
-327
-449
-301
-109
-82
-125
-373
-614
-781
-893
-669
-370
-249
-341
-613
-784
-680
-453
-187
-53
-25
-64
-93
-96
-70
64
247
364
301
182
120
207
320
373
347
264
255
294
322
294
213
180
175
182
194
157
143
75
10
-71
-109
-17
-25
-54
-126
-257
-214
-172
-67
49
4
-88
-251
-253
-100
188
287
251
46
-157
1
129
294
305
260
223
206
146
133
236
472
600
497
338
47
231
449
543
120
-564
-589
-72
686
552
-293
-1000
-1046
-595
-174
-47
-88
-226
-635
-1054
-1141
-658
34
414
93
-540
-953
-774
-171
291
397
216
50
-50
-68
-33
191
514
662
561
359
227
294
406
432
433
454
522
513
396
173
26
57
203
304
296
153
-11
-192
-294
-251
-136
33
31
-181
-585
-756
-720
-475
-90
-100
-195
-358
-633
-598
-407
-109
227
250
124
-114
-277
-112
191
488
604
424
226
111
69
260
524
610
547
377
204
207
238
299
348
335
285
178
100
54
60
104
105
40
-21
-50
-9
-4
-94
-221
-205
-43
132
117
-54
-171
-208
-31
163
247
200
134
-50
-77
29
119
447
453
281
157
12
24
236
184
257
373
238
390
141
-50
-99
-73
324
508
379
164
-374
-834
-764
-314
578
759
24
-956
-1393
-1003
-380
95
215
5
-557
-1109
-1234
-669
23
391
244
-323
-762
-823
-412
158
421
277
44
-156
-171
-109
10
259
435
384
207
78
77
150
165
171
253
355
331
198
-47
-169
-117
27
217
251
85
-202
-439
-482
-334
-165
-57
-88
-281
-764
-1071
-809
-356
152
146
-421
-786
-874
-669
-145
185
219
45
-279
-427
-356
-47
356
478
391
79
-209
-85
171
361
446
373
195
126
83
85
219
247
261
204
63
76
35
7
17
-61
7
23
-12
-24
-71
-120
-62
-85
-93
59
58
70
-59
-174
-80
72
148
199
124
85
120
4
130
180
337
455
220
74
-52
226
481
419
269
-146
-108
184
333
597
336
-38
-146
-113
166
381
394
264
104
-325
-614
-447
65
565
427
-269
-871
-871
-479
-36
165
71
-213
-540
-776
-651
-194
176
307
-6
-407
-500
-327
74
342
290
151
16
-45
28
150
242
361
398
294
227
185
253
334
277
239
298
308
293
201
61
77
102
156
249
133
-17
-137
-265
-206
-142
-77
-44
-257
-465
-535
-476
-152
-41
-187
-278
-423
-370
-208
-101
8
58
-30
-104
-112
-41
114
177
245
173
89
154
175
225
242
241
305
296
215
118
123
193
251
271
191
138
52
36
30
45
118
90
80
-61
-165
-81
-51
93
56
-107
-78
-151
-1
99
12
24
-10
-9
52
84
97
111
118
22
-1
78
126
291
242
159
69
-16
-66
0
132
302
335
54
-200
-349
-192
78
328
217
25
-256
-473
-281
-33
287
256
7
-416
-642
-513
-267
168
172
-117
-473
-728
-610
-289
-87
28
-77
-418
-632
-618
-343
-26
103
-32
-284
-437
-397
-200
20
89
61
-55
-148
-155
-90
39
138
179
117
44
-24
17
89
119
163
148
82
27
-94
-172
-100
-30
38
30
-136
-293
-355
-337
-200
-111
-133
-175
-289
-388
-336
-245
-128
-24
-88
-156
-213
-228
-121
-10
90
116
49
-27
-76
-21
90
177
244
221
154
124
80
114
193
258
302
248
178
59
18
122
221
281
239
121
20
-10
34
126
203
212
136
-29
-88
-23
99
213
155
79
-20
-39
85
145
202
220
141
33
-14
57
152
323
297
122
122
-11
43
178
222
308
229
55
-93
-77
84
255
282
165
-84
-154
-93
67
258
204
105
-88
-146
-30
34
155
161
58
-99
-286
-281
-43
183
143
-109
-364
-424
-258
-60
34
25
-136
-314
-365
-274
-74
46
9
-124
-261
-268
-151
4
107
84
-24
-85
-56
2
60
88
73
61
30
23
63
71
73
14
-4
17
37
56
-25
-79
-99
-83
-28
1
0
-57
-125
-156
-104
-46
-17
0
-46
-114
-177
-131
-32
43
62
-20
-70
-72
-36
40
114
144
105
58
34
48
119
194
206
198
162
115
110
134
180
203
179
145
85
53
52
94
158
98
57
7
-34
6
12
24
30
-33
-75
-102
-103
-21
-58
-77
-15
-89
-55
-89
-114
-34
-54
27
22
17
11
-51
-33
-74
-78
4
40
94
37
-138
-148
-70
39
46
-12
-111
-143
-138
-124
-24
-29
4
-111
-201
-161
-89
22
-24
-70
-129
-96
-44
-13
16
-95
-153
-169
-120
-21
-16
-69
-132
-162
-203
-164
-68
-51
-91
-198
-238
-193
-163
-137
-102
-130
-156
-173
-187
-137
-99
-88
-122
-154
-156
-113
-65
-93
-98
-106
-119
-54
-19
-9
10
-28
-18
26
46
90
97
86
74
64
100
130
146
124
99
134
165
175
161
156
141
133
149
170
182
170
166
142
122
146
155
169
170
147
177
156
165
183
139
131
147
154
188
203
161
142
130
138
183
211
189
157
133
131
140
184
176
182
163
125
142
110
125
165
128
122
104
58
104
127
176
125
51
22
70
157
159
107
97
77
4
71
19
114
187
96
56
17
-26
31
109
57
120
74
-16
-14
-67
-95
24
97
167
120
-63
-147
-68
60
163
218
66
-15
-72
-114
67
182
200
138
-26
-87
-51
39
141
217
114
4
-36
-57
59
138
124
86
0
-54
-5
47
85
95
37
-24
-65
-68
-51
29
9
-60
-39
-136
-59
-99
-183
-139
-100
-16
-92
-147
-257
-181
-103
-102
-30
-56
-81
-151
-171
-138
-29
50
12
-25
-81
-88
-8
68
107
92
50
16
18
60
81
81
98
71
30
37
49
76
86
48
37
44
37
17
-5
-20
-21
-4
-18
-9
-30
-65
-74
-38
46
17
-3
-44
-67
-31
-27
-12
26
7
-26
-22
-77
-8
45
28
45
11
-44
-24
13
-9
39
3
-28
-39
-62
0
20
49
4
-46
-60
-28
52
21
6
-27
-46
-29
-46
23
65
48
-14
-131
-95
-39
78
116
35
-11
-129
-71
-29
46
112
67
31
-55
-67
-74
3
105
93
81
-42
-113
-47
-42
57
89
33
4
-83
-108
-49
48
84
74
7
-40
-34
-55
-13
40
75
74
18
-50
-66
-6
51
97
54
-15
-40
-19
45
31
29
49
38
38
21
-20
-19
-15
2
38
34
-25
-52
-79
-90
-49
-5
37
57
-21
-131
-114
-71
37
80
32
-25
-93
-89
-54
14
71
52
-11
-70
-92
-30
36
46
56
8
-26
-15
-6
49
67
47
20
10
27
47
45
33
-2
-11
21
40
55
12
-50
-34
8
27
-2
-27
-7
-4
-39
-42
-15
21
1
-69
-66
-52
-26
-27
-24
-47
-74
-63
-73
-51
-40
-51
-73
-76
-68
-31
-21
-35
-57
-79
-88
-80
-62
-46
-9
-93
-119
-125
-111
-38
-71
-77
-103
-118
-133
-144
-142
-104
-109
-198
-177
-175
-94
-43
-61
-91
-155
-145
-168
-162
-129
-104
-113
-126
-92
-77
-111
-141
-107
-44
-71
-130
-177
-121
-44
-87
-110
-136
-138
-154
-139
-145
-152
-114
-145
-123
-128
-184
-184
-157
-89
-95
-183
-199
-138
-75
-91
-174
-187
-118
-93
-119
-128
-106
-124
-145
-157
-113
-68
-111
-104
-94
-103
-89
-100
-71
-86
-136
-174
-190
-103
-53
-64
-101
-146
-126
-126
-138
-74
-37
-33
-84
-115
-70
-56
-60
-112
-95
-34
-24
-40
-95
-59
-72
-111
-84
-61
15
-7
-78
-90
-31
11
-4
-4
-54
-74
-75
-17
32
44
14
-46
-7
13
41
4
4
10
5
67
44
33
-4
-34
-30
17
56
52
37
-1
-7
-41
-13
45
77
91
9
7
53
46
38
18
64
102
64
47
36
76
110
96
89
49
93
83
43
60
59
119
123
117
96
67
54
61
117
114
101
85
78
96
90
111
108
141
180
163
182
134
125
165
163
195
141
136
157
101
143
114
138
153
124
96
94
62
41
130
96
148
116
67
72
63
68
33
53
92
171
119
58
40
64
145
111
61
52
89
114
66
72
89
98
81
36
51
71
89
79
57
24
18
25
52
122
104
63
47
59
74
35
-3
13
81
84
61
64
29
31
14
14
30
38
70
60
14
-55
-43
17
89
116
64
27
8
21
24
42
36
59
61
20
23
-6
0
-3
15
44
30
56
37
-3
-11
-57
-46
8
51
78
38
-30
-67
-38
-21
24
35
38
71
31
-19
-75
-59
-47
-33
-10
-24
-4
-26
-19
-34
-61
-68
-46
21
54
69
-34
-114
-115
-51
18
13
15
16
16
-63
-121
-105
-58
-11
-33
-2
13
2
-37
-103
-115
-91
-36
-8
5
-3
-42
-59
-68
-70
-30
-36
-32
-13
-45
-80
-103
-41
61
57
-11
-44
-20
24
5
-43
-57
-10
31
44
84
77
57
6
-40
-35
-14
34
49
83
73
36
-18
-45
6
13
40
61
110
115
80
46
-7
26
25
43
73
85
104
41
-13
0
47
64
82
100
92
80
68
58
68
65
31
43
67
129
170
145
114
61
32
65
83
97
91
64
92
121
133
64
0
7
68
142
131
132
108
83
71
17
-11
13
67
120
133
83
45
49
2
4
20
36
145
140
119
86
21
13
28
65
84
108
95
84
116
93
53
28
-27
66
97
29
74
57
104
140
41
-32
-35
36
104
75
55
100
111
87
28
-58
-26
23
28
60
51
34
10
17
-6
-27
-41
-31
17
45
53
-12
-38
-33
-32
-44
-59
-30
2
11
-6
-43
-43
-23
-12
-21
-21
-25
-37
-34
-44
-49
-61
-73
-68
-24
-50
-103
-105
-84
-55
-86
-98
-65
-42
-52
-93
-106
-132
-142
-105
-94
-50
-60
-95
-96
-139
-155
-121
-96
-87
-65
-74
-83
-106
-139
-129
-134
-140
-96
-53
-58
-80
-97
-87
-113
-137
-131
-128
-93
-77
-60
-73
-121
-132
-134
-133
-113
-104
-100
-80
-37
-17
-57
-104
-112
-82
-83
-99
-91
-58
-42
-43
-50
-81
-87
-71
-55
-61
-40
-31
-34
-25
-23
-43
-61
-68
-61
-33
-27
1
-9
-8
-13
-29
-1
0
24
33
23
6
10
31
35
57
27
4
32
56
87
74
45
26
13
14
-4
3
45
61
82
56
23
49
34
34
44
24
40
49
33
62
63
31
46
38
42
22
0
10
24
31
8
14
13
16
21
35
15
20
30
11
32
20
31
21
24
36
19
40
24
6
-16
-11
3
9
43
0
0
0
0
0
0
0
0
0
0
0
0
0
0
0
0
0
0
0
0
0
0
0
0
0
0
0
0
0
0
0
0
0
0
0
0
0
0
0
0
0
0
0
0
0
0
0
0
0
0
0
0
0
0
0
0
0
0
0
0
0
0
0
0
0
0
0
0
0
0
0
0
0
0
0
0
0
0
0
0
0
0
0
0
0
0
0
0
0
0
0
0
0
0
0
0
0
0
0
0
0
0
0
0
0
0
0
0
0
0
0
0
0
0
0
0
0
0
0
0
0
0
0
0
0
0
0
0
0
0
0
0
0
0
0
0
0
0
0
0
0
0
0
0
0
0
0
0
0
0
0
0
0
0
0
0
0
0
0
0
0
0
0
0
0
0
0
0
0
0
0
0
0
0
0
0
0
0
0
0
0
0
0
0
0
0
0
0
0
0
0
0
0
0
0
0
0
0
0
0
0
0
0
0
0
0
0
0
0
0
0
0
0
0
0
0
0
0
0
0
0
0
0
0
0
0
0
0
0
0
0
0
0
0
0
0
0
0
0
0
0
0
0
0
0
0
0
0
0
0
0
0
0
0
0
0
0
0
0
0
0
0
0
0
0
0
0
0
0
0
0
0
0
0
0
0
0
0
0
0
0
0
0
0
0
0
0
0
0
0
0
0
0
0
0
0
0
0
0
0
0
0
0
0
0
0
0
0
0
0
0
0
0
0
0
0
0
0
0
0
0
0
0
0
0
0
0
0
0
0
0
0
0
0
0
0
0
0
0
0
0
0
0
0
0
0
0
0
0
0
0
0
0
0
0
0
0
0
0
0
0
0
0
0
0
0
0
0
0
0
0
0
0
0
0
0
0
0
0
0
0
0
0
0
0
0
0
0
0
0
0
0
0
0
0
0
0
0
0
0
0
0
0
0
0
0
0
0
0
0
0
0
0
0
0
0
0
0
0
0
0
0
0
0
0
0
0
0
0
0
0
0
0
0
0
0
0
0
0
0
0
0
0
0
0
0
0
0
0
0
0
0
0
0
0
0
0
0
0
0
0
0
0
0
0
0
0
0
0
0
0
0
0
0
0
0
0
0
0
0
0
0
0
0
0
0
0
0
0
0
0
0
0
0
0
0
0
0
0
0
0
0
0
0
0
0
0
0
0
0
0
0
0
0
0
0
0
0
0
0
0
0
0
0
0
0
0
0
0
0
0
0
0
0
0
0
0
0
0
0
0
0
0
0
0
0
0
0
0
0
0
0
0
0
0
0
0
0
0
0
0
0
0
0
0
0
0
0
0
0
0
0
0
0
0
0
0
0
0
0
0
0
0
0
0
0
0
0
0
0
0
0
0
0
0
0
0
0
0
0
0
0
0
0
0
0
0
0
0
0
0
0
0
0
0
0
0
0
0
0
0
0
0
0
0
0
0
0
0
0
0
0
0
0
0
0
0
0
0
0
0
0
0
0
0
0
0
0
0
0
0
0
0
0
0
0
0
0
0
0
0
0
0
0
0
0
0
0
0
0
0
0
0
0
0
0
0
0
0
0
0
0
0
0
0
0
0
0
0
0
0
0
0
0
0
0
0
0
0
0
0
0
0
0
0
0
0
0
0
0
0
0
0
0
0
0
0
0
0
0
0
0
0
0
0
0
0
0
0
0
0
0
0
0
0
0
0
0
0
0
0
0
0
0
0
0
0
0
0
0
0
0
0
0
0
0
0
0
0
0
0
0
0
0
0
0
0
0
0
0
0
0
0
0
0
0
0
0
0
0
0
0
0
0
0
0
0
0
0
0
0
0
0
0
0
0
0
0
0
0
0
0
0
0
0
0
0
0
0
0
0
0
0
0
0
0
0
0
0
0
0
0
0
0
0
0
0
0
0
0
0
0
0
0
0
0
0
0
0
0
0
0
0
0
0
0
0
0
0
0
0
0
0
0
0
0
0
0
0
0
0
0
0
0
0
0
0
0
0
0
0
0
0
0
0
0
0
0
0
0
0
0
0
0
0
0
0
0
0
0
0
0
0
0
0
0
0
0
0
0
0
0
0
0
0
0
0
0
0
0
0
0
0
0
0
0
0
0
0
0
0
0
0
0
0
0
0
0
0
0
0
0
0
0
0
0
0
0
0
0
0
0
0
0
0
0
0
0
0
0
0
0
0
0
0
0
0
0
0
0
0
0
0
0
0
0
0
0
0
0
0
0
0
0
0
0
0
0
0
0
0
0
0
0
0
0
0
0
0
0
0
0
0
0
0
0
0
0
0
0
0
0
0
0
0
0
0
0
0
0
0
0
0
0
0
0
0
0
0
0
0
0
0
0
0
0
0
0
0
0
0
0
0
0
0
0
0
0
0
0
0
0
0
0
0
0
0
0
0
0
0
0
0
0
0
0
0
0
0
0
0
0
0
0
0
0
0
0
0
0
0
0
0
0
0
0
0
0
0
0
0
0
0
0
0
0
0
0
0
0
0
0
0
0
0
0
0
0
0
0
0
0
0
0
0
0
0
0
0
0
0
0
0
0
0
0
0
0
0
0
0
0
0
0
0
0
0
0
0
0
0
0
0
0
0
0
0
0
0
0
0
0
0
0
0
0
0
0
0
0
0
0
0
0
0
0
0
0
0
0
0
0
0
0
0
0
0
0
0
0
0
0
0
0
0
0
0
0
0
0
0
0
0
0
0
0
0
0
0
0
0
0
0
0
0
0
0
0
0
0
0
0
0
0
0
0
0
0
0
0
0
0
0
0
0
0
0
0
0
0
0
0
0
0
0
0
0
0
0
0
0
0
0
0
0
0
0
0
0
0
0
0
0
0
0
0
0
0
0
0
0
0
0
0
0
0
0
0
0
0
0
0
0
0
0
0
0
0
0
0
0
0
0
0
0
0
0
0
0
0
0
0
0
0
0
0
0
0
0
0
0
0
0
0
0
0
0
0
0
0
0
0
0
0
0
0
0
0
0
0
0
0
0
0
0
0
0
0
0
0
0
0
0
0
0
0
0
0
0
0
0
0
0
0
0
0
0
0
0
0
0
0
0
0
0
0
0
0
0
0
0
0
0
0
0
0
0
0
0
0
0
0
0
0
0
0
0
0
0
0
0
0
0
0
0
0
0
0
0
0
0
0
0
0
0
0
0
0
0
0
0
0
0
0
0
0
0
0
0
0
