-75
-50
-17
12
27
37
49
55
44
15
-15
-31
-23
-6
-6
-28
-52
-59
-39
3
42
57
49
30
13
1
-13
-34
-60
-71
-54
-23
2
17
21
23
33
43
39
19
-6
-19
-15
0
16
25
23
24
30
35
29
14
-1
-10
-7
1
5
4
0
0
11
30
44
46
30
0
-22
-24
-11
5
13
4
-17
-36
-44
-41
-28
-17
-11
-12
-14
-19
-27
-43
-62
-62
-36
-3
16
4
-35
-66
-61
-37
-24
-44
-101
-179
-248
-279
-235
-77
177
431
583
577
435
246
95
-3
-83
-181
-304
-423
-492
-466
-311
-47
268
561
754
766
570
233
-129
-401
-496
-413
-256
-115
-20
31
71
133
215
282
291
222
91
-75
-242
-363
-406
-361
-232
-53
120
233
265
224
136
34
-59
-137
-214
-292
-352
-359
-309
-211
-84
28
85
81
20
-76
-111
-9
174
345
431
391
262
148
103
74
8
-115
-279
-432
-505
-450
-271
0
319
617
788
757
534
193
-154
-397
-471
-399
-255
-100
22
98
147
204
259
283
271
214
109
-28
-178
-321
-417
-415
-295
-87
138
306
355
284
144
-12
-152
-258
-323
-345
-324
-269
-183
-76
30
126
200
229
200
113
-20
-179
-326
-417
-436
-401
-318
-191
-23
207
472
686
753
659
448
174
-81
-265
-388
-467
-464
-378
-267
-131
53
277
514
723
813
701
393
-17
-397
-641
-692
-546
-272
35
307
500
556
458
272
77
-68
-126
-123
-150
-254
-393
-480
-430
-222
79
362
529
534
382
119
-189
-459
-616
-622
-485
-269
-64
67
108
102
100
123
142
114
4
-184
-403
-581
-646
-515
-158
317
753
1002
981
739
432
171
-32
-210
-405
-610
-757
-763
-584
-250
169
589
922
1074
994
694
240
-230
-572
-710
-654
-470
-251
-71
66
184
296
420
548
588
491
268
-59
-389
-609
-684
-630
-468
-250
-23
185
333
403
403
333
209
54
-128
-330
-507
-610
-606
-476
-239
31
248
372
381
280
110
-79
-260
-424
-547
-610
-548
-280
170
650
979
1043
855
562
321
142
-56
-335
-664
-925
-987
-791
-390
96
565
945
1164
1146
868
392
-149
-596
-810
-762
-558
-319
-114
28
135
243
352
427
479
507
424
215
-76
-410
-679
-754
-630
-392
-94
182
356
418
379
267
127
3
-88
-154
-229
-335
-429
-465
-420
-268
-30
208
372
426
341
133
-114
-331
-493
-575
-586
-549
-382
-21
459
900
1131
1068
780
460
224
29
-209
-534
-874
-1084
-1042
-727
-220
347
854
1214
1342
1184
749
147
-451
-875
-1011
-883
-600
-285
-22
175
321
429
512
557
534
433
262
23
-274
-575
-800
-867
-722
-379
56
443
676
710
569
327
68
-153
-309
-408
-464
-483
-465
-400
-269
-71
154
355
481
473
309
33
-281
-552
-730
-787
-742
-556
-142
430
985
1308
1274
940
515
211
21
-162
-440
-800
-1094
-1172
-951
-476
117
690
1145
1394
1355
1016
443
-216
-765
-1035
-993
-742
-416
-127
87
241
366
477
541
570
573
481
250
-114
-548
-909
-1023
-836
-443
16
399
622
678
602
442
238
22
-182
-346
-476
-573
-620
-599
-478
-237
94
410
607
613
419
98
-247
-529
-733
-838
-845
-685
-249
360
956
1314
1291
980
601
319
109
-116
-440
-837
-1135
-1203
-990
-542
37
630
1133
1443
1459
1151
561
-132
-698
-1000
-1007
-797
-502
-234
-27
151
313
472
666
797
776
583
207
-248
-653
-907
-972
-864
-614
-260
152
519
755
822
713
473
182
-113
-405
-649
-807
-836
-706
-440
-95
223
451
572
567
429
188
-113
-426
-706
-891
-969
-889
-492
148
830
1339
1486
1271
876
529
246
-54
-430
-865
-1202
-1323
-1149
-711
-135
473
1024
1433
1567
1372
868
173
-488
-931
-1067
-954
-711
-451
-226
-15
200
416
628
801
851
733
432
-4
-458
-820
-991
-965
-780
-458
-53
349
653
812
800
636
380
81
-224
-512
-740
-858
-822
-640
-345
4
313
521
606
544
350
61
-259
-557
-799
-937
-972
-762
-225
462
1109
1471
1444
1138
752
438
146
-206
-658
-1085
-1337
-1339
-1022
-489
139
762
1277
1585
1560
1193
555
-155
-735
-1043
-1039
-845
-575
-334
-125
69
253
472
670
801
797
610
274
-153
-565
-872
-992
-928
-691
-303
123
497
738
809
718
503
229
-63
-344
-577
-715
-728
-620
-419
-165
93
284
390
429
371
219
-23
-313
-600
-838
-953
-945
-651
-48
681
1314
1581
1456
1061
645
335
54
-283
-745
-1164
-1387
-1340
-986
-416
241
847
1341
1620
1564
1159
499
-204
-774
-1059
-1029
-821
-569
-337
-138
51
243
456
686
824
844
702
364
-93
-564
-905
-1043
-956
-697
-323
77
391
621
735
705
566
353
100
-181
-442
-647
-758
-754
-618
-345
-34
230
417
483
412
224
-40
-315
-589
-805
-931
-914
-551
88
793
1317
1458
1267
918
629
424
178
-250
-809
-1263
-1503
-1408
-967
-343
325
936
1435
1682
1555
1064
360
-339
-845
-1014
-910
-691
-484
-322
-161
9
221
417
546
617
651
653
531
219
-256
-735
-1017
-990
-667
-247
97
308
396
426
417
361
252
114
-20
-129
-225
-344
-483
-579
-549
-376
-120
150
331
335
197
-47
-291
-505
-672
-753
-774
-482
123
807
1335
1448
1197
772
454
350
281
-13
-557
-1094
-1467
-1489
-1096
-471
211
818
1350
1668
1637
1217
483
-267
-835
-1050
-914
-648
-421
-297
-211
-105
40
230
389
484
561
652
671
503
112
-414
-848
-1010
-836
-439
-67
159
246
253
256
272
273
229
143
51
-23
-108
-255
-435
-569
-574
-418
-147
128
260
223
45
-175
-350
-510
-612
-711
-648
-204
465
1106
1421
1311
923
533
354
354
232
-225
-811
-1304
-1503
-1286
-769
-139
434
929
1349
1560
1411
911
242
-404
-804
-847
-671
-475
-373
-344
-286
-162
5
192
307
445
623
748
765
505
21
-488
-818
-845
-618
-331
-129
-10
6
44
157
250
324
340
315
269
160
-8
-239
-494
-671
-645
-442
-171
68
144
76
-91
-262
-358
-436
-488
-563
-468
-30
586
1155
1375
1206
798
424
312
352
223
-243
-822
-1272
-1439
-1235
-733
-120
405
864
1287
1502
1360
874
238
-374
-767
-799
-580
-364
-303
-318
-319
-258
-122
82
274
400
517
636
685
533
176
-245
-581
-712
-604
-370
-189
-132
-140
-102
28
191
341
427
408
339
243
107
-97
-344
-557
-667
-641
-476
-243
-77
-31
-106
-208
-301
-381
-437
-485
-270
259
870
1308
1368
1086
639
308
247
258
13
-471
-951
-1281
-1348
-1074
-550
-6
441
882
1292
1459
1272
811
226
-340
-672
-665
-484
-369
-360
-373
-341
-264
-143
39
192
311
485
686
773
650
322
-85
-435
-631
-607
-473
-373
-328
-283
-188
-30
151
322
437
459
432
365
226
2
-274
-523
-675
-690
-577
-400
-275
-239
-267
-273
-276
-269
-304
-337
-37
494
1056
1419
1374
1010
520
218
201
173
-126
-589
-1028
-1325
-1335
-993
-464
14
421
878
1294
1446
1275
853
277
-290
-583
-547
-394
-339
-395
-457
-480
-430
-262
-55
87
224
445
723
892
816
498
48
-382
-618
-617
-514
-448
-443
-417
-289
-72
171
369
457
454
425
402
340
156
-143
-477
-739
-833
-743
-567
-410
-334
-304
-249
-189
-161
-233
-195
147
669
1195
1467
1358
913
398
157
157
87
-197
-599
-1013
-1319
-1311
-965
-497
-71
357
842
1240
1387
1261
898
346
-178
-416
-378
-273
-274
-368
-482
-587
-584
-431
-236
-82
108
432
785
980
917
607
141
-291
-498
-474
-401
-412
-455
-456
-361
-176
56
239
304
326
383
470
460
269
-83
-504
-799
-857
-710
-486
-375
-379
-430
-451
-410
-396
-226
180
710
1216
1503
1497
1154
672
350
237
114
-135
-455
-839
-1222
-1406
-1252
-883
-463
-5
517
969
1210
1232
1060
690
257
-17
-75
-45
-88
-213
-398
-612
-737
-693
-536
-346
-141
134
445
674
755
664
415
111
-112
-179
-160
-167
-228
-303
-338
-315
-228
-115
-29
31
118
246
353
361
225
-30
-315
-512
-579
-532
-478
-477
-506
-536
-526
-535
-423
-73
433
939
1272
1385
1201
864
603
497
401
167
-139
-508
-884
-1136
-1151
-971
-729
-437
-47
358
669
835
853
721
501
353
338
378
344
198
-28
-301
-538
-656
-662
-597
-477
-281
-17
225
375
416
357
251
176
176
217
212
114
-47
-202
-314
-359
-339
-286
-224
-142
-27
85
148
98
-27
-158
-262
-300
-307
-338
-407
-521
-595
-625
-565
-301
105
559
885
1041
1034
893
748
659
575
388
137
-142
-416
-629
-714
-685
-626
-546
-398
-184
16
165
259
285
249
250
342
475
560
557
472
302
88
-95
-211
-301
-378
-415
-380
-299
-207
-116
-57
-41
-43
-10
79
189
276
304
258
143
3
-110
-183
-218
-220
-181
-124
-74
-40
-47
-99
-170
-228
-248
-246
-245
-244
-272
-325
-385
-390
-267
-44
218
444
579
595
530
465
424
385
318
233
136
36
-19
-15
7
8
-23
-62
-98
-124
-131
-131
-145
-170
-184
-152
-73
25
124
198
226
192
133
86
43
17
11
5
-13
-39
-55
-46
-27
-12
2
13
17
24
27
6
-49
-115
-151
-153
-116
-52
7
38
24
-12
-48
-84
-106
-111
-105
-101
-109
-117
-126
-131
-114
-73
-13
40
86
127
140
125
85
26
-45
-109
-140
-137
-109
-57
16
94
136
135
115
84
60
49
49
49
44
50
67
94
117
129
127
120
109
94
84
64
34
-1
-33
-58
-86
-111
-129
-134
-119
-86
-34
27
71
98
99
66
8
-55
-83
-68
-24
40
99
137
141
117
73
12
-50
-90
-104
-103
-105
-117
-145
-173
-177
-151
-101
-41
19
76
117
125
97
43
-23
-80
-120
-143
-154
-137
-76
0
65
106
110
83
42
10
-18
-53
-92
-116
-113
-77
-6
70
128
148
134
114
86
67
64
72
89
93
84
64
32
-2
-24
-26
-9
23
56
78
73
37
-20
-80
-112
-101
-51
18
87
137
163
163
135
80
13
-43
-75
-90
-101
-124
-160
-194
-201
-177
-139
-96
-55
-13
30
64
80
65
28
-21
-68
-99
-116
-108
-75
-26
30
78
107
99
65
24
-15
-51
-83
-100
-98
-70
-23
30
65
77
68
48
30
21
33
56
75
80
70
56
44
35
27
24
22
24
34
42
40
16
-25
-65
-90
-81
-47
5
59
104
142
160
151
109
48
-10
-46
-55
-47
-42
-59
-88
-115
-119
-98
-65
-27
8
41
70
82
72
34
-20
-76
-119
-142
-136
-104
-55
-3
38
64
65
56
40
22
0
-28
-51
-67
-61
-38
-7
17
27
23
8
-9
-18
-9
13
38
48
38
21
3
0
-2
-2
-4
-8
0
10
24
22
-2
-37
-70
-79
-62
-25
16
54
91
120
134
121
85
36
-8
-31
-35
-32
-37
-53
-71
-77
-64
-33
6
41
73
98
119
123
105
63
1
-60
-100
-104
-84
-54
-25
-4
12
19
21
16
3
-14
-31
-43
-51
-50
-36
-16
2
12
15
9
-3
-10
-11
-4
6
12
11
-1
-13
-18
-17
-12
-13
-15
-15
-7
10
24
22
0
-35
-65
-74
-56
-20
18
53
81
100
107
95
64
18
-24
-50
-58
-61
-64
-68
-65
-48
-17
21
58
89
112
123
123
112
86
42
-10
-53
-72
-70
-55
-32
-8
12
23
27
24
17
5
-13
-31
-45
-47
-32
-11
8
15
10
-2
-17
-30
-39
-45
-49
-47
-43
-40
-38
-35
-27
-13
0
11
19
23
25
23
15
-4
-34
-66
-86
-84
-59
-18
27
69
100
115
113
88
47
2
-34
-54
-60
-59
-55
-48
-36
-15
11
43
78
113
137
141
123
86
39
-9
-47
-67
-68
-57
-37
-16
4
16
20
17
10
2
-8
-19
-32
-39
-33
-13
14
36
47
45
31
13
-6
-20
-32
-40
-44
-44
-44
-44
-40
-34
-24
-10
6
20
30
34
26
6
-24
-55
-80
-87
-77
-52
-18
18
51
76
85
75
50
17
-10
-27
-36
-44
-51
-56
-54
-44
-21
11
49
84
108
115
106
86
59
29
1
-19
-33
-40
-42
-37
-25
-10
2
9
8
0
-11
-21
-29
-30
-23
-7
14
37
56
65
63
50
27
-1
-30
-51
-56
-47
-34
-25
-23
-25
-28
-29
-24
-10
11
34
47
41
16
-20
-53
-73
-75
-58
-26
11
45
66
68
51
20
-15
-38
-45
-38
-28
-25
-31
-41
-44
-38
-22
3
33
64
85
89
76
54
29
8
-8
-17
-22
-23
-20
-13
-4
8
17
17
6
-10
-26
-34
-35
-29
-14
10
40
69
89
94
82
57
28
4
-12
-21
-27
-34
-43
-51
-54
-51
-40
-23
0
24
45
54
45
17
-22
-58
-77
-72
-48
-11
27
55
67
61
41
13
-13
-30
-35
-30
-28
-37
-56
-77
-89
-84
-59
-21
21
59
84
92
83
61
33
9
-8
-14
-16
-17
-16
-11
-2
7
12
11
7
0
-7
-16
-24
-30
-29
-19
0
24
48
63
64
51
31
14
4
0
-3
-10
-24
-40
-50
-51
-44
-28
-7
17
39
51
47
23
-14
-48
-67
-62
-36
1
36
59
66
58
40
18
0
-10
-11
-9
-8
-14
-31
-54
-76
-85
-74
-47
-11
23
49
63
63
52
36
20
7
-2
-7
-10
-10
-8
-4
1
6
9
8
5
1
-2
-5
-8
-11
-12
-10
-2
10
22
31
36
35
29
23
17
11
2
-14
-32
-45
-46
-34
-12
15
40
57
61
51
21
-18
-55
-77
-76
-55
-23
12
41
57
59
48
30
13
2
-1
0
2
-1
-14
-38
-64
-84
-87
-76
-50
-18
11
32
43
42
32
18
5
-3
-3
1
7
12
12
9
5
0
-4
-5
-5
-7
-12
-18
-23
-25
-21
-12
2
16
28
34
37
35
30
24
13
0
-16
-32
-44
-44
-33
-11
14
36
51
55
46
23
-10
-40
-59
-60
-45
-21
4
23
35
39
36
27
16
6
1
0
0
0
-3
-12
-25
-38
-46
-40
-23
0
20
32
33
27
18
10
4
0
-3
-4
0
6
11
14
11
5
-1
-5
-7
-8
-10
-13
-14
-14
-9
1
12
20
24
24
22
17
12
6
0
-10
-20
-30
-33
-28
-17
-1
16
31
40
41
32
11
-15
-41
-59
-64
-55
-34
-8
16
35
45
43
31
16
2
-9
-16
-17
-15
-13
-14
-20
-27
-32
-29
-17
-2
11
16
13
5
-1
0
8
17
23
24
20
14
9
6
5
4
1
-7
-16
-24
-29
-28
-21
-9
7
22
34
36
31
23
14
6
-2
-8
-15
-20
-21
-18
-11
-3
3
10
17
26
31
32
24
6
-17
-37
-49
-49
-37
-17
3
21
34
39
36
27
14
4
-4
-8
-10
-10
-12
-14
-16
-16
-17
-15
-10
-2
4
6
2
-4
-9
-10
-5
6
17
23
21
15
9
6
10
15
15
7
-10
-28
-42
-46
-40
-25
-6
12
27
37
40
36
27
14
-2
-17
-27
-30
-26
-17
-7
3
12
19
25
28
29
25
16
1
-16
-33
-43
-44
-34
-18
0
17
28
33
30
22
11
0
-8
-12
-14
-14
-13
-13
-11
-7
-1
6
12
16
13
4
-8
-21
-28
-28
-19
-6
6
14
17
17
17
19
22
23
18
6
-12
-30
-43
-46
-40
-27
-11
5
18
30
37
37
30
17
0
-14
-23
-24
-18
-7
1
8
12
15
19
24
27
24
15
-1
-20
-36
-43
-39
-26
-7
12
27
36
38
35
26
15
2
-10
-18
-23
-24
-23
-19
-13
-7
-1
5
11
13
10
4
-4
-14
-21
-23
-18
-10
0
9
16
20
21
22
20
16
8
-2
-13
-23
-30
-33
-30
-24
-13
0
13
24
31
32
25
13
-2
-14
-21
-21
-13
-2
7
13
16
17
17
19
19
17
9
-5
-21
-37
-47
-47
-36
-16
7
27
41
45
41
30
17
4
-6
-14
-18
-19
-17
-13
-7
-3
0
1
2
2
2
0
-3
-7
-11
-14
-13
-8
-2
5
11
16
18
18
17
13
7
0
-8
-16
-23
-26
-26
-22
-15
-6
4
11
16
17
14
8
0
-6
-11
-12
-8
-2
7
14
18
20
20
19
17
14
8
-3
-17
-31
-41
-43
-33
-13
10
30
44
47
40
28
14
1
-10
-17
-21
-22
-19
-14
-7
0
3
4
3
3
3
3
2
-1
-6
-11
-13
-11
-5
3
10
16
15
10
3
-4
-9
-13
-13
-13
-10
-7
-3
0
4
8
11
13
12
8
3
-6
-13
-18
-19
-16
-9
-2
4
9
11
13
14
14
15
14
9
0
-12
-23
-30
-30
-24
-11
4
17
26
30
29
24
17
10
1
-8
-14
-18
-20
-19
-14
-8
-3
2
6
9
11
12
10
6
1
-3
-4
-2
2
7
10
10
5
-1
-7
-13
-16
-18
-19
-17
-14
-9
-1
6
13
16
17
17
14
12
8
3
-3
-9
-14
-16
-17
-14
-9
-3
2
7
11
14
16
14
8
0
-9
-17
-20
-18
-13
-5
4
12
19
24
25
22
15
5
-5
-13
-17
-16
-13
-10
-9
-8
-7
-6
-2
3
8
11
10
6
2
-2
-2
2
7
12
16
15
12
5
-3
-12
-20
-26
-27
-23
-16
-7
1
6
8
9
9
10
11
11
10
6
2
-2
-6
-9
-12
-13
-13
-11
-6
-1
4
8
9
9
8
7
5
2
-3
-7
-10
-10
-5
1
7
12
13
13
10
6
4
2
2
2
0
-3
-7
-10
-11
-10
-9
-6
-3
-1
2
4
4
3
1
0
2
6
11
15
14
10
2
-8
-17
-23
-27
-25
-19
-10
1
9
12
12
8
4
3
3
5
7
8
8
5
1
-2
-7
-10
-11
-12
-10
-6
-6
-1
8
14
22
24
17
11
3
2
2
-6
-16
-18
-14
-5
7
8
-3
-11
-11
-1
14
25
24
13
-4
-19
-27
-25
-16
-5
3
6
7
5
3
0
2
7
13
20
24
21
13
1
-10
-16
-19
-18
-16
-13
-6
1
5
6
3
-2
-9
-13
-16
-15
-11
-5
3
8
10
7
1
-7
-15
-19
-18
-14
-8
-1
4
11
18
23
27
27
23
15
6
-2
-10
-16
-18
-14
-6
4
14
18
17
13
9
8
11
14
15
10
0
-10
-18
-20
-14
-8
-2
4
6
6
4
1
0
0
1
2
0
-5
-11
-15
-15
-11
-5
0
2
4
6
6
3
-3
-10
-12
-9
0
11
17
16
13
10
10
9
5
-1
-7
-12
-16
-19
-18
-13
-4
7
16
17
10
-2
-13
-20
-25
-31
-40
-48
-55
-58
-54
-45
-33
-19
-10
-7
-5
-3
-1
2
7
14
26
42
59
74
85
90
96
105
115
120
117
107
95
88
87
87
83
71
52
32
15
0
-18
-35
-50
-62
-74
-92
-114
-139
-160
-174
-176
-166
-151
-140
-140
-149
-157
-155
-147
-140
-143
-163
-182
-182
-140
-51
33
63
37
0
9
94
216
292
267
172
89
86
163
260
315
300
243
199
194
210
223
216
186
145
101
45
-26
-83
-99
-78
-60
-78
-138
-203
-230
-208
-155
-122
-138
-170
-177
-143
-81
-32
-19
-28
-26
4
52
91
101
90
78
71
67
55
24
-17
-52
-89
-130
-166
-193
-217
-242
-274
-290
-240
-166
-149
-198
-262
-254
-127
60
168
124
1
-54
41
237
393
412
316
213
218
325
426
442
374
282
229
239
260
225
141
62
13
-21
-63
-122
-175
-203
-199
-180
-191
-232
-257
-237
-178
-122
-103
-113
-125
-100
-40
13
35
32
24
33
65
98
99
66
35
26
28
13
-24
-69
-115
-151
-179
-210
-246
-281
-301
-313
-265
-164
-140
-204
-269
-259
-130
59
171
107
-44
-83
58
286
427
379
239
164
241
420
522
461
327
239
255
336
391
334
189
80
51
61
54
-4
-92
-172
-215
-223
-223
-233
-242
-225
-210
-221
-230
-211
-149
-73
-39
-70
-122
-114
-32
65
103
57
-10
-21
35
120
156
106
28
-22
-35
-6
19
-20
-112
-199
-239
-238
-229
-244
-282
-242
-155
-160
-235
-290
-252
-86
89
111
-40
-180
-105
143
360
371
200
76
150
376
561
519
323
190
234
392
494
436
248
86
82
159
178
99
-35
-141
-175
-157
-141
-175
-237
-288
-310
-274
-230
-206
-177
-177
-191
-181
-145
-91
-38
-13
-31
-50
-21
34
91
117
84
40
42
90
142
132
51
-21
-54
-60
-57
-84
-139
-218
-273
-278
-227
-93
-61
-211
-327
-312
-143
99
170
2
-229
-236
41
326
395
216
-7
18
268
523
555
342
161
185
354
506
488
315
125
72
155
205
160
51
-79
-159
-184
-176
-163
-184
-234
-300
-335
-291
-211
-151
-152
-207
-236
-191
-100
-24
-16
-48
-70
-39
32
85
98
87
77
87
110
124
116
80
45
13
-24
-54
-80
-87
-134
-213
-260
-282
-152
-19
-134
-315
-379
-264
2
167
53
-237
-343
-81
245
362
202
-61
-71
184
468
542
321
106
137
333
505
486
314
130
76
190
260
200
87
-46
-119
-128
-113
-99
-144
-222
-295
-331
-267
-161
-116
-155
-243
-279
-193
-38
48
-1
-103
-134
-42
112
179
120
25
0
82
190
220
151
53
7
18
54
71
3
-101
-154
-171
-169
-160
-221
-248
-126
-133
-290
-331
-263
-129
23
23
-165
-302
-151
131
256
175
-4
-47
154
407
499
352
147
166
360
503
481
333
184
140
224
307
251
117
9
-61
-74
-74
-88
-120
-201
-293
-343
-305
-207
-175
-225
-294
-335
-266
-105
-29
-73
-145
-157
-61
77
144
93
11
28
138
234
232
144
81
93
142
176
120
10
-35
-29
-35
-70
-131
-218
-247
-247
-278
-159
-128
-334
-405
-336
-215
-33
5
-168
-335
-239
67
235
183
34
-41
121
368
493
424
236
204
353
470
495
412
290
215
213
271
260
173
72
-46
-95
-78
-65
-85
-186
-298
-328
-275
-189
-185
-274
-335
-324
-225
-85
-58
-154
-202
-93
37
105
100
20
22
138
225
213
130
80
117
180
200
153
77
27
27
44
53
5
-93
-166
-200
-211
-186
-223
-329
-228
-189
-353
-360
-284
-189
-60
-59
-192
-279
-132
147
207
91
-9
27
245
413
419
298
174
262
436
464
389
275
215
211
218
240
184
86
4
-68
-68
-54
-80
-128
-236
-302
-278
-208
-158
-202
-280
-274
-193
-116
-57
-71
-142
-100
21
59
78
74
28
73
153
181
166
110
83
110
143
159
127
55
2
9
25
35
-10
-115
-193
-214
-176
-185
-252
-367
-340
-151
-204
-351
-353
-303
-129
30
-51
-219
-242
-12
199
158
73
39
128
319
399
365
282
263
389
445
408
366
311
286
260
242
232
163
86
12
-53
-53
-57
-93
-168
-263
-276
-229
-180
-177
-252
-284
-236
-165
-95
-95
-154
-176
-81
24
32
26
-7
-2
98
156
154
113
69
112
161
161
140
89
46
41
24
9
-2
-53
-95
-157
-175
-190
-256
-264
-325
-225
-96
-315
-418
-316
-213
-42
-41
-202
-299
-202
101
190
61
0
17
193
353
365
329
234
284
430
429
418
369
295
261
214
242
252
171
73
-46
-61
2
-11
-71
-188
-269
-236
-173
-130
-178
-269
-266
-202
-129
-66
-99
-160
-154
-62
54
79
55
4
-10
105
198
187
117
36
59
145
189
150
35
-28
-3
34
44
-20
-120
-158
-158
-122
-162
-262
-304
-376
-211
-94
-331
-417
-351
-237
-57
-55
-188
-300
-209
97
170
63
21
42
196
340
397
368
269
312
413
423
448
412
333
268
220
268
283
202
87
-27
-30
10
-6
-47
-148
-226
-220
-169
-125
-166
-240
-249
-210
-141
-87
-93
-132
-147
-77
5
56
57
2
-11
34
105
132
69
5
1
47
97
65
-8
-35
-19
12
12
-44
-115
-153
-146
-133
-196
-266
-290
-347
-202
-84
-314
-422
-340
-211
-24
-10
-147
-268
-184
125
226
111
53
70
214
372
425
392
287
305
415
424
430
402
324
258
215
257
270
187
82
-20
-37
12
-6
-71
-166
-237
-216
-164
-135
-162
-229
-244
-181
-113
-65
-56
-124
-131
-53
5
43
21
-28
-35
21
96
93
44
7
11
60
84
44
-17
-49
-43
-25
-46
-94
-158
-176
-147
-199
-240
-300
-258
-93
-194
-325
-290
-231
-77
-17
-104
-191
-187
36
172
82
37
54
162
293
324
316
257
259
386
422
401
369
302
291
269
276
268
160
78
27
19
44
-18
-106
-168
-190
-147
-127
-168
-213
-226
-189
-129
-126
-142
-131
-118
-78
-29
-24
-37
-32
0
29
40
58
40
13
20
39
67
61
25
4
-6
-4
5
-29
-93
-113
-112
-120
-139
-171
-237
-258
-256
-256
-104
-113
-300
-309
-227
-99
11
-31
-147
-219
-60
181
164
63
37
108
250
337
369
309
238
325
414
416
400
325
268
249
248
275
218
108
41
15
42
17
-64
-123
-179
-170
-132
-135
-170
-217
-211
-145
-114
-111
-97
-104
-101
-37
17
-3
-38
-40
-7
36
62
56
10
-16
23
57
61
33
-7
-13
-22
-20
-33
-77
-102
-128
-122
-137
-175
-217
-250
-247
-241
-111
-122
-316
-319
-214
-95
-13
-71
-174
-215
-61
164
143
34
14
89
233
327
342
267
203
293
399
408
385
304
247
241
258
294
222
97
30
21
71
54
-58
-133
-156
-127
-88
-105
-168
-218
-194
-125
-84
-115
-142
-140
-112
-36
-14
-21
-47
-79
-15
33
36
33
-14
-19
19
54
75
28
-23
-2
45
59
20
-26
-58
-61
-42
-44
-110
-182
-160
-179
-191
-207
-229
-98
-171
-321
-251
-179
-62
-9
-121
-195
-190
10
193
78
-3
36
149
302
320
288
240
216
350
410
361
327
256
244
253
262
276
180
71
47
70
102
45
-62
-119
-126
-80
-65
-122
-175
-204
-152
-73
-99
-126
-148
-144
-79
-37
-32
-81
-116
-61
-1
-5
-28
-38
-40
-23
15
17
-11
-21
-9
8
11
5
-17
-48
-48
-60
-77
-78
-142
-158
-170
-198
-193
-229
-126
-112
-282
-265
-191
-112
-29
-88
-151
-187
-79
128
87
-2
36
102
212
266
278
270
228
302
389
368
350
311
288
289
281
301
247
152
112
94
108
78
-6
-48
-87
-95
-71
-92
-139
-169
-150
-104
-103
-124
-132
-141
-98
-68
-80
-80
-111
-101
-40
-30
-27
-34
-56
-31
2
21
16
-26
-31
6
36
31
-29
-48
-40
-44
-22
-53
-120
-156
-143
-129
-154
-225
-265
-136
-108
-235
-267
-240
-141
-26
-53
-152
-206
-91
120
134
38
26
92
209
296
327
289
240
307
391
402
382
329
294
280
278
299
255
156
91
67
90
83
4
-67
-115
-112
-89
-104
-141
-189
-209
-169
-151
-151
-154
-186
-180
-142
-97
-82
-114
-127
-102
-54
-24
-35
-57
-63
-16
39
33
8
-14
-6
52
68
28
-9
-44
-44
-26
-31
-67
-137
-152
-146
-156
-176
-228
-134
-115
-252
-237
-187
-124
-40
-85
-147
-152
-33
161
128
33
65
140
272
335
311
273
246
347
438
394
347
302
309
336
292
267
220
146
119
87
61
27
-45
-86
-113
-130
-117
-138
-177
-197
-192
-165
-155
-173
-184
-179
-180
-152
-102
-111
-144
-136
-85
-50
-30
-27
-69
-24
29
23
26
-15
5
67
60
40
6
-13
15
28
3
-48
-91
-98
-97
-86
-131
-210
-222
-240
-136
-39
-196
-280
-228
-139
2
10
-101
-168
-106
103
183
88
48
85
196
301
335
314
245
263
368
402
383
329
265
242
247
277
241
130
66
49
61
60
-17
-97
-152
-148
-106
-119
-169
-228
-248
-187
-137
-143
-157
-193
-185
-117
-61
-57
-114
-128
-78
-29
6
-3
-37
-52
-12
53
66
45
2
-9
34
73
67
-2
-47
-29
-6
-8
-57
-111
-138
-116
-120
-167
-213
-209
-98
-119
-232
-216
-177
-97
-10
-51
-113
-109
3
145
114
61
99
166
254
289
286
272
259
323
367
341
331
295
267
243
223
242
185
93
54
39
45
13
-59
-111
-145
-132
-105
-128
-190
-219
-183
-142
-132
-149
-171
-148
-116
-90
-59
-98
-120
-65
-44
-30
-33
-56
-28
-22
-2
32
6
4
17
14
36
27
1
-7
-24
-31
-45
-82
-105
-113
-119
-124
-178
-205
-203
-181
-74
-108
-225
-213
-154
-51
37
-13
-101
-117
23
192
164
83
68
135
264
334
319
251
223
307
387
384
338
270
237
242
254
256
179
67
20
32
57
7
-81
-142
-158
-113
-100
-138
-196
-208
-159
-138
-127
-147
-169
-128
-114
-101
-64
-83
-85
-67
-60
-32
-22
-22
-26
-33
-13
7
8
-10
-28
-9
14
16
-13
-50
-40
-23
-36
-52
-89
-104
-90
-98
-97
-139
-167
-165
-126
-24
-84
-194
-166
-109
0
68
-21
-100
-80
67
198
151
84
86
156
260
311
297
235
207
280
330
324
286
214
186
182
191
202
123
27
-3
10
33
-10
-89
-132
-144
-101
-77
-121
-158
-182
-155
-85
-83
-118
-128
-127
-96
-45
-47
-84
-94
-78
-48
-24
-40
-51
-50
-55
-31
-5
-16
-36
-46
-36
-12
-12
-31
-51
-68
-77
-61
-47
-84
-114
-125
-142
-122
-143
-103
-34
-133
-174
-124
-80
13
32
-41
-81
-43
117
186
100
63
98
199
278
275
254
211
228
307
314
298
250
204
209
192
194
174
94
46
29
40
44
-23
-75
-99
-105
-79
-75
-109
-151
-153
-115
-96
-87
-102
-130
-106
-89
-68
-48
-95
-110
-82
-56
-15
-32
-67
-70
-55
-1
6
-20
-37
-61
-26
10
-11
-41
-71
-63
-35
-34
-60
-87
-116
-102
-77
-116
-157
-168
-80
-45
-144
-174
-156
-84
35
20
-70
-104
-31
133
155
84
68
103
198
267
269
246
217
251
316
316
304
258
213
207
182
195
178
83
27
3
18
27
-31
-78
-111
-109
-90
-102
-118
-150
-156
-115
-112
-120
-115
-126
-108
-84
-73
-59
-77
-98
-53
-21
-34
-46
-56
-44
-18
-1
-2
-17
-25
-15
8
14
-7
-24
-35
-38
-38
-43
-53
-103
-107
-81
-110
-129
-175
-106
-13
-130
-185
-157
-125
2
26
-74
-130
-78
95
165
87
54
86
183
270
276
256
211
231
314
309
289
257
216
220
183
179
191
114
50
21
13
30
-12
-59
-94
-132
-102
-85
-100
-120
-155
-131
-109
-106
-95
-111
-113
-96
-68
-51
-76
-80
-65
-43
-22
-37
-26
-36
-51
-16
-20
-26
-19
-40
-35
-23
-28
-28
-48
-72
-75
-69
-67
-93
-117
-117
-136
-138
-168
-152
-53
-99
-157
-152
-150
-49
33
-6
-74
-92
24
150
131
89
80
140
240
281
278
238
224
284
316
308
280
234
222
199
187
193
151
85
40
27
32
21
-25
-83
-108
-101
-91
-87
-121
-154
-139
-111
-89
-93
-106
-98
-87
-66
-43
-53
-63
-58
-45
-27
-28
-32
-34
-36
-21
-18
-24
-29
-39
-40
-42
-47
-54
-78
-98
-103
-97
-100
-112
-123
-148
-153
-169
-136
-44
-99
-173
-173
-146
-28
44
-15
-97
-103
31
172
159
91
62
126
256
313
284
223
200
280
341
330
277
210
209
214
200
187
130
57
27
14
9
-9
-58
-108
-140
-122
-96
-92
-128
-182
-154
-101
-85
-87
-122
-127
-81
-40
-31
-48
-70
-59
-9
6
-2
-7
-28
-23
2
8
-6
-27
-38
-32
-23
-34
-62
-81
-101
-103
-89
-105
-132
-144
-163
-170
-175
-171
-86
-89
-164
-171
-151
-55
37
15
-60
-86
5
155
186
125
86
120
235
327
328
268
225
272
354
371
326
246
213
225
227
212
149
70
27
20
19
-13
-67
-114
-150
-142
-126
-131
-156
-196
-176
-135
-120
-114
-129
-123
-88
-58
-40
-49
-67
-47
-10
-1
-2
-2
-20
-15
2
5
5
-13
-34
-34
-37
-47
-53
-87
-114
-115
-116
-116
-139
-171
-197
-198
-177
-127
-100
-164
-204
-158
-88
-17
10
-37
-67
-19
89
170
149
105
125
196
280
314
287
256
263
317
350
327
279
242
221
201
193
168
104
44
9
-3
-11
-50
-93
-122
-138
-140
-127
-138
-163
-158
-138
-116
-100
-99
-93
-77
-62
-27
-8
-18
-14
-5
8
24
25
12
2
-3
6
10
-16
-39
-47
-57
-58
-74
-107
-134
-145
-138
-149
-152
-178
-218
-207
-210
-150
-94
-156
-186
-175
-120
1
36
-28
-57
-22
96
190
167
124
128
197
294
330
298
257
263
321
349
340
289
237
223
195
193
179
115
50
-5
-24
-24
-38
-83
-145
-179
-163
-129
-126
-165
-201
-181
-125
-78
-74
-113
-118
-69
-13
11
-22
-53
-31
14
41
17
-21
-28
-9
22
12
-27
-60
-69
-48
-47
-82
-131
-151
-144
-138
-131
-165
-208
-219
-211
-154
-107
-133
-175
-182
-128
-31
24
6
-34
-27
72
178
197
159
136
186
274
337
333
272
255
304
345
343
298
247
231
218
194
163
114
67
36
7
-32
-66
-91
-122
-145
-161
-171
-163
-168
-182
-170
-151
-127
-108
-106
-94
-74
-49
-26
-17
-17
-21
-6
8
14
20
0
-18
-13
-10
-3
-17
-62
-76
-83
-83
-86
-123
-147
-166
-160
-151
-185
-206
-209
-163
-114
-144
-164
-149
-103
-12
21
-3
-2
31
116
186
177
163
176
230
301
307
287
273
279
312
306
297
282
240
217
184
163
148
110
67
14
-23
-35
-56
-85
-124
-160
-167
-164
-160
-170
-191
-182
-153
-133
-121
-118
-109
-81
-54
-37
-35
-37
-24
-4
9
4
-6
-14
-17
-9
-8
-24
-51
-75
-77
-63
-78
-105
-122
-153
-149
-137
-141
-139
-155
-163
-147
-134
-106
-62
-54
-49
-34
-3
53
102
132
128
122
151
216
263
257
224
209
229
267
287
255
204
173
179
199
187
135
85
57
42
38
18
-10
-47
-77
-91
-99
-94
-105
-110
-117
-135
-128
-105
-87
-81
-88
-85
-61
-37
-21
-23
-29
-23
-7
8
2
-9
-11
-10
-12
-23
-35
-45
-50
-59
-70
-82
-96
-97
-101
-116
-133
-142
-126
-120
-134
-146
-160
-127
-101
-97
-81
-88
-60
-26
3
47
64
66
86
123
157
184
193
192
198
213
220
216
221
219
203
181
144
149
174
134
92
59
30
45
35
13
-12
-54
-55
-53
-58
-54
-64
-75
-90
-85
-57
-40
-40
-54
-64
-47
-16
-2
-17
-42
-48
-28
-18
-34
-59
-81
-83
-84
-92
-98
-106
-115
-120
-124
-119
-114
-117
-114
-105
-103
-98
-97
-90
-73
-65
-60
-47
-38
-32
-15
6
21
28
34
51
71
83
94
106
113
112
123
137
144
152
137
127
138
156
156
142
120
113
153
148
127
114
96
116
119
100
75
52
47
51
48
10
-20
-17
-24
-30
-49
-71
-59
-58
-70
-76
-91
-93
-74
-69
-89
-110
-123
-117
-102
-105
-119
-136
-149
-144
-125
-123
-129
-127
-128
-124
-117
-105
-87
-88
-95
-90
-83
-63
-50
-57
-64
-69
-43
-14
-13
-14
-24
-10
25
47
65
57
65
96
106
128
134
145
154
143
151
161
177
183
161
137
135
163
186
177
137
105
110
139
158
135
89
56
51
67
67
40
6
-25
-25
-18
-24
-40
-74
-86
-72
-61
-72
-96
-105
-105
-100
-100
-113
-118
-120
-124
-126
-137
-140
-127
-124
-130
-138
-133
-118
-109
-107
-112
-109
-87
-68
-63
-73
-76
-51
-21
-13
-25
-40
-23
4
20
20
4
11
27
43
52
54
65
78
78
77
91
102
123
136
119
114
119
140
170
164
142
140
147
156
157
150
134
124
119
109
109
90
57
51
38
28
21
-6
-27
-39
-55
-61
-69
-87
-96
-97
-110
-126
-130
-130
-118
-115
-132
-144
-143
-128
-113
-115
-133
-139
-119
-105
-92
-102
-120
-107
-91
-70
-59
-69
-68
-67
-50
-26
-17
-10
-18
-18
-4
10
31
37
26
21
32
57
77
75
57
53
69
93
112
102
81
79
97
120
127
116
102
102
114
129
140
123
104
106
114
123
118
104
88
81
77
68
61
46
33
21
-2
-11
-14
-24
-35
-58
-69
-68
-73
-80
-93
-103
-106
-104
-103
-110
-119
-121
-111
-104
-111
-117
-116
-104
-89
-93
-102
-106
-94
-71
-59
-68
-81
-78
-58
-38
-34
-37
-43
-38
-24
-13
-1
-2
-1
7
16
31
40
46
47
47
57
71
80
82
77
72
77
89
98
91
78
74
84
90
87
80
74
79
80
76
74
72
73
67
57
53
57
61
55
36
20
21
29
28
14
-7
-14
-8
-9
-20
-35
-44
-46
-47
-51
-61
-70
-77
-86
-85
-82
-83
-87
-97
-102
-100
-93
-84
-79
-81
-88
-92
-86
-76
-59
-51
-57
-65
-67
-48
-24
-15
-21
-26
-19
-3
15
23
22
22
26
38
51
60
62
61
63
66
74
81
79
78
79
83
88
84
75
70
72
85
91
74
54
42
47
67
74
56
29
13
17
31
35
23
6
-5
-7
-6
-4
-6
-10
-20
-31
-34
-27
-24
-28
-42
-54
-54
-43
-38
-46
-61
-75
-73
-67
-65
-64
-67
-71
-78
-80
-76
-64
-52
-55
-66
-77
-72
-54
-40
-40
-48
-54
-48
-34
-18
-6
-6
-12
-10
3
23
37
38
35
33
40
56
68
77
75
66
64
68
82
91
83
68
58
65
78
77
62
45
39
46
55
51
35
17
13
20
24
21
9
-3
-7
0
4
2
-7
-11
-9
-4
-2
-4
-9
-13
-12
-12
-10
-10
-19
-27
-27
-23
-23
-33
-43
-44
-46
-47
-50
-57
-59
-61
-61
-58
-57
-59
-60
-61
-59
-55
-47
-39
-39
-41
-41
-32
-16
-6
-6
-5
2
14
25
31
34
37
38
43
49
55
61
56
46
39
39
47
57
55
39
20
11
22
38
41
28
5
-7
-1
13
20
14
-1
-13
-14
-5
7
10
5
-5
-9
1
13
21
18
8
5
12
23
25
18
7
0
1
6
10
7
-6
-20
-26
-21
-14
-16
0
0
0
0
0
0
0
0
0
0
0
0
0
0
0
0
0
0
0
0
0
0
0
0
0
0
0
0
0
0
0
0
0
0
0
0
0
0
0
0
0
0
0
0
0
0
0
0
0
0
0
0
0
0
0
0
0
0
0
0
0
0
0
0
0
0
0
0
0
0
0
0
0
0
0
0
0
0
0
0
0
0
0
0
0
0
0
0
0
0
0
0
0
0
0
0
0
0
0
0
0
0
0
0
0
0
0
0
0
0
0
0
0
0
0
0
0
0
0
0
0
0
0
0
0
0
0
0
0
0
0
0
0
0
0
0
0
0
0
0
0
0
0
0
0
0
0
0
0
0
0
0
0
0
0
0
0
0
0
0
0
0
0
0
0
0
0
0
0
0
0
0
0
0
0
0
0
0
0
0
0
0
0
0
0
0
0
0
0
0
0
0
0
0
0
0
0
0
0
0
0
0
0
0
0
0
0
0
0
0
0
0
0
0
0
0
0
0
0
0
0
0
0
0
0
0
0
0
0
0
0
0
0
0
0
0
0
0
0
0
0
0
0
0
0
0
0
0
0
0
0
0
0
0
0
0
0
0
0
0
0
0
0
0
0
0
0
0
0
0
0
0
0
0
0
0
0
0
0
0
0
0
0
0
0
0
0
0
0
0
0
0
0
0
0
0
0
0
0
0
0
0
0
0
0
0
0
0
0
0
0
0
0
0
0
0
0
0
0
0
0
0
0
0
0
0
0
0
0
0
0
0
0
0
0
0
0
0
0
0
0
0
0
0
0
0
0
0
0
0
0
0
0
0
0
0
0
0
0
0
0
0
0
0
0
0
0
0
0
0
0
0
0
0
0
0
0
0
0
0
0
0
0
0
0
0
0
0
0
0
0
0
0
0
0
0
0
0
0
0
0
0
0
0
0
0
0
0
0
0
0
0
0
0
0
0
0
0
0
0
0
0
0
0
0
0
0
0
0
0
0
0
0
0
0
0
0
0
0
0
0
0
0
0
0
0
0
0
0
0
0
0
0
0
0
0
0
0
0
0
0
0
0
0
0
0
0
0
0
0
0
0
0
0
0
0
0
0
0
0
0
0
0
0
0
0
0
0
0
0
0
0
0
0
0
0
0
0
0
0
0
0
0
0
0
0
0
0
0
0
0
0
0
0
0
0
0
0
0
0
0
0
0
0
0
0
0
0
0
0
0
0
0
0
0
0
0
0
0
0
0
0
0
0
0
0
0
0
0
0
0
0
0
0
0
0
0
0
0
0
0
0
0
0
0
0
0
0
0
0
0
0
0
0
0
0
0
0
0
0
0
0
0
0
0
0
0
0
0
0
0
0
0
0
0
0
0
0
0
0
0
0
0
0
0
0
0
0
0
0
0
0
0
0
0
0
0
0
0
0
0
0
0
0
0
0
0
0
0
0
0
0
0
0
0
0
0
0
0
0
0
0
0
0
0
0
0
0
0
0
0
0
0
0
0
0
0
0
0
0
0
0
0
0
0
0
0
0
0
0
0
0
0
0
0
0
0
0
0
0
0
0
0
0
0
0
0
0
0
0
0
0
0
0
0
0
0
0
0
0
0
0
0
0
0
0
0
0
0
0
0
0
0
0
0
0
0
0
0
0
0
0
0
0
0
0
0
0
0
0
0
0
0
0
0
0
0
0
0
0
0
0
0
0
0
0
0
0
0
0
0
0
0
0
0
0
0
0
0
0
0
0
0
0
0
0
0
0
0
0
0
0
0
0
0
0
0
0
0
0
0
0
0
0
0
0
0
0
0
0
0
0
0
0
0
0
0
0
0
0
0
0
0
0
0
0
0
0
0
0
0
0
0
0
0
0
0
0
0
0
0
0
0
0
0
0
0
0
0
0
0
0
0
0
0
0
0
0
0
0
0
0
0
0
0
0
0
0
0
0
0
0
0
0
0
0
0
0
0
0
0
0
0
0
0
0
0
0
0
0
0
0
0
0
0
0
0
0
0
0
0
0
0
0
0
0
0
0
0
0
0
0
0
0
0
0
0
0
0
0
0
0
0
0
0
0
0
0
0
0
0
0
0
