0
-4
-1
10
11
-5
-17
-15
-3
4
-5
-14
-7
10
17
8
-2
1
8
6
-6
-12
-3
9
16
-2
-33
-30
-4
5
-11
-36
-27
9
18
5
-3
-4
-1
7
12
9
8
17
24
25
11
-7
-8
-14
-25
-18
1
21
34
36
34
28
22
16
-1
-21
-33
-28
-11
-3
-7
-7
-3
1
-7
-16
-9
0
3
1
-5
-8
-4
-11
-18
-23
-31
-30
-23
-11
-2
-3
-13
-13
-7
-13
-12
11
41
66
65
43
28
21
12
1
-17
-37
-32
-4
28
46
38
23
27
23
-5
-28
-25
-5
19
35
38
31
22
7
-14
-31
-38
-30
-14
-4
6
22
31
13
-31
-73
-71
-33
4
14
13
31
68
77
31
-34
-78
-96
-87
-67
-36
11
59
96
116
103
61
14
-33
-72
-94
-87
-57
-17
17
38
50
42
10
-23
-44
-50
-34
-2
33
61
80
75
38
-16
-71
-114
-133
-120
-71
-4
54
92
115
125
111
58
-20
-70
-63
-30
-10
0
17
37
20
-40
-105
-124
-91
-46
-1
57
123
176
182
123
31
-50
-99
-140
-175
-158
-77
31
106
116
102
94
70
18
-43
-88
-97
-69
-36
-12
9
22
31
34
16
-10
-6
27
38
12
-21
-23
10
26
-4
-27
-14
6
-2
-31
-51
-38
-9
6
17
59
115
132
90
10
-64
-101
-124
-131
-121
-87
-16
63
114
129
103
46
-21
-58
-32
31
71
66
61
81
74
7
-88
-161
-179
-142
-76
-5
61
114
126
75
10
-8
0
-20
-50
-20
76
133
86
-14
-100
-155
-185
-169
-100
-12
57
103
127
140
125
48
-71
-166
-152
-41
37
27
5
20
35
29
14
-14
-33
-21
37
141
185
109
-14
-102
-127
-95
-54
-42
-36
8
89
155
129
14
-93
-122
-86
-36
6
50
116
157
112
14
-65
-97
-142
-209
-183
-28
132
163
60
-14
43
98
42
-59
-81
7
78
45
-7
6
34
7
-90
-168
-128
-4
80
70
23
21
95
135
62
-27
-33
29
48
-33
-115
-117
-69
-41
-69
-88
-36
51
79
30
6
53
93
50
-31
-53
3
68
63
12
-24
-58
-67
-36
-44
-92
-121
-100
-21
77
114
78
39
47
61
27
-23
-10
49
46
-43
-111
-83
-11
23
16
3
-28
-65
-72
-18
100
182
169
83
-24
-44
7
-4
-105
-194
-170
-66
37
85
73
61
81
122
118
9
-121
-141
-37
86
102
18
-85
-146
-133
-70
-17
3
6
25
59
70
99
141
127
72
27
15
17
-2
-48
-84
-82
-80
-80
-73
-68
-50
-34
1
91
175
211
154
6
-61
4
74
50
-57
-177
-224
-176
-92
-17
0
-42
-55
23
156
237
187
77
2
-21
2
17
-31
-109
-143
-114
-41
-27
-112
-160
-103
-15
95
226
314
303
183
52
12
-11
-134
-266
-273
-194
-103
-40
-27
-9
34
38
14
18
79
164
166
93
85
134
113
-26
-181
-218
-187
-201
-191
-71
83
177
188
146
151
195
142
-27
-185
-185
-43
38
-28
-89
-80
-77
-73
-22
35
-13
-143
-115
145
367
322
60
-153
-131
3
53
-41
-157
-127
12
85
44
-55
-103
-57
-11
16
72
98
100
123
57
-77
-114
-78
-77
-118
-124
61
337
366
147
-25
-73
-142
-263
-276
-162
-96
-86
8
202
352
247
-19
-111
-54
-30
-47
-87
-68
34
53
7
37
60
10
-37
-45
37
155
151
36
-43
-36
-45
-147
-243
-216
-63
93
116
94
160
253
260
100
-131
-191
-140
-234
-347
-233
33
199
131
17
75
185
169
96
84
70
-31
-99
-77
-71
-136
-263
-250
-57
60
74
109
173
190
137
99
122
112
-40
-198
-149
-45
-86
-154
-90
19
39
-4
10
155
257
137
-24
-44
13
-7
-158
-211
-40
119
74
-84
-129
-30
4
-69
-75
33
173
232
165
118
118
46
-66
-130
-170
-179
-138
-73
11
70
27
-40
-57
-59
-9
72
112
131
143
141
90
-23
-138
-216
-250
-234
-139
62
191
168
178
248
231
44
-226
-311
-213
-135
-85
-51
8
66
57
105
185
122
-7
-84
-61
45
85
63
126
166
23
-125
-156
-133
-113
-189
-265
-172
-65
20
213
384
373
227
69
-37
-122
-199
-202
-131
-114
-119
26
190
129
-23
-30
69
142
99
11
27
156
229
68
-249
-445
-412
-279
-226
-177
98
436
518
406
359
317
58
-287
-468
-440
-298
-172
18
319
416
254
134
37
-128
-254
-342
-277
3
202
242
233
106
-82
-238
-380
-377
-106
257
455
449
307
86
-144
-336
-433
-385
-226
-21
221
474
580
432
93
-262
-484
-560
-571
-433
0
500
667
531
322
155
-20
-308
-457
-251
25
124
175
269
295
155
-114
-384
-555
-601
-449
-130
148
295
379
418
356
243
105
-88
-199
-150
-32
81
90
32
-4
-104
-266
-351
-295
-84
188
348
410
455
366
75
-249
-485
-561
-479
-368
-198
112
368
484
514
375
148
-16
-188
-272
-183
-23
182
234
22
-162
-245
-319
-342
-293
-92
176
317
346
377
352
171
-127
-347
-435
-366
-170
3
215
423
402
218
-13
-266
-357
-273
-154
2
190
335
385
258
-55
-318
-349
-318
-323
-250
-60
213
467
571
450
141
-131
-198
-164
-172
-168
-11
126
-51
-307
-307
-145
-26
62
225
314
134
-65
53
313
276
-78
-286
-203
-67
-57
-180
-163
9
-20
-194
-234
-82
224
371
250
208
249
64
-165
-132
-10
-10
-100
-180
-87
138
157
81
90
3
-79
-63
-122
-177
-43
101
92
38
-11
-115
-144
-40
72
130
66
31
213
369
284
121
-44
-302
-467
-349
-198
-277
-294
-64
210
355
367
419
436
87
-338
-314
-59
35
-35
-104
-41
10
-50
-78
-79
-131
-130
-34
186
499
609
387
54
-218
-486
-670
-662
-549
-363
-109
189
674
903
420
13
117
79
-120
-218
-233
-6
128
-21
164
440
197
-61
-131
-447
-599
-289
46
276
223
-168
-166
149
120
73
104
-89
-174
-89
-72
69
275
214
-69
-279
-254
18
240
112
-38
136
156
39
126
130
-32
-192
-331
-271
-113
-40
215
399
229
47
131
203
-77
-489
-582
-371
-114
53
91
162
285
379
297
-27
-162
150
436
191
-188
33
448
111
-607
-843
-537
-188
-257
-281
238
649
520
303
158
59
26
-140
-355
-244
42
166
152
85
33
71
-180
-612
-623
-268
26
334
654
794
620
200
-205
-335
-350
-538
-538
-223
-100
-108
74
328
507
259
-286
-267
144
163
49
204
364
166
-344
-574
-190
88
-117
-202
115
394
422
294
179
210
122
-177
-346
-219
43
128
-144
-385
-359
-346
-299
-43
194
280
249
332
541
452
51
-225
-283
-293
-275
-231
-3
247
243
74
-177
-246
-67
-7
-172
-128
117
427
527
316
288
404
114
-317
-453
-516
-479
-290
-143
72
185
28
-47
-21
-126
-225
-173
-71
21
112
194
268
341
224
-142
-385
-253
15
176
131
52
97
84
-134
-261
-331
-491
-608
-514
-252
155
442
489
499
424
267
-65
-204
-13
128
-99
-217
77
417
379
55
-41
22
-150
-418
-390
-70
207
274
287
433
432
122
-195
-320
-264
-142
-161
-214
-56
232
365
337
215
43
-143
-374
-407
-157
132
224
283
354
305
87
9
122
102
-122
-154
38
200
178
137
178
132
-129
-419
-460
-399
-261
-71
-16
-103
2
221
132
-101
-174
-125
-57
-39
-76
-98
-221
-402
-313
-86
-196
-404
-279
-50
-114
-204
0
396
512
122
-100
197
326
-10
-170
24
142
-17
-101
243
555
338
205
396
262
-216
-487
-201
225
341
232
336
370
49
-308
-435
-456
-406
-185
-243
-551
-595
-335
-195
-436
-859
-842
-336
77
390
1100
1753
1786
1343
843
566
455
266
85
82
86
6
-57
-98
-71
-90
-256
-539
-668
-548
-245
61
333
528
407
152
112
84
-113
-122
56
123
72
50
113
249
96
-307
-494
-518
-593
-579
-433
-363
-284
-246
-275
-335
-344
-312
-231
-298
-421
-251
86
207
49
-52
-34
-20
-183
-371
-495
-404
-219
-88
-91
-83
76
239
49
-309
-316
-85
-50
-63
42
349
580
338
-57
-26
203
303
439
504
456
427
396
358
421
172
-354
-500
-332
-181
137
614
886
770
366
-57
-181
-51
71
106
215
232
149
196
328
453
429
226
-33
-129
-239
-298
-208
-177
-283
-512
-555
-472
-374
-339
-325
-381
-430
-413
-454
-473
-416
-253
-186
-276
-355
-302
-107
54
46
48
180
236
232
457
866
1102
1030
836
633
437
172
-58
-123
-99
-134
-111
-36
-24
-82
-144
-222
-295
-286
-132
58
147
168
212
207
100
-15
-114
-120
-13
58
0
-63
-108
-156
-234
-406
-624
-659
-554
-424
-187
195
452
338
36
-137
-171
-229
-330
-309
-121
-55
-247
-282
20
229
68
-199
-281
-255
-265
-220
57
335
292
10
-166
-91
11
40
120
226
267
243
198
265
437
484
337
128
-22
-134
-267
-351
-252
85
388
300
257
502
710
745
623
534
287
31
38
362
518
-91
-574
-443
-780
-2713
-4207
-3307
-1597
-1210
-1789
-776
2097
3780
2904
2011
2790
3063
1171
-856
-423
1397
1739
674
322
859
468
-1170
-2314
-2235
-2052
-2442
-2542
-1698
-496
477
1204
1642
1573
1256
1113
972
696
603
898
1158
957
511
225
84
-319
-1000
-1571
-1879
-1913
-1635
-1090
-524
-177
-10
228
471
455
384
451
434
248
251
464
526
367
215
104
-271
-945
-1445
-1430
-1337
-1407
-1242
-737
-248
152
622
1041
1180
996
746
480
177
19
58
78
-23
-119
-76
108
139
61
90
79
-47
-76
74
263
372
336
280
188
-100
-384
-426
-265
-79
70
185
281
295
188
134
168
164
75
3
8
121
265
200
-24
-192
-242
-257
-382
-565
-485
-55
145
74
259
744
829
264
-106
66
297
80
-96
159
546
631
544
634
556
182
-215
-1105
-3119
-4390
-3475
-1756
-1415
-2251
-1167
2099
3918
2856
2066
3183
3424
965
-1409
-585
1694
2026
888
823
1627
1016
-1023
-2080
-1620
-1565
-2677
-3221
-2207
-742
302
1171
1939
1985
1266
552
376
462
522
849
1271
1156
616
388
445
-53
-1098
-1926
-2301
-2551
-2550
-1774
-559
157
238
399
721
605
245
287
579
465
46
26
449
639
373
62
-252
-802
-1415
-1670
-1476
-1111
-800
-487
-58
331
624
928
1139
1015
641
336
196
207
326
405
302
88
-118
-255
-228
-55
149
275
296
282
331
396
463
553
339
-195
-480
-359
-280
-360
-282
-6
184
266
335
258
85
35
-8
-135
-121
109
346
432
318
58
-86
-206
-384
-493
-450
-362
-300
-190
-9
113
123
111
233
286
39
-91
256
514
246
146
477
686
708
537
353
437
201
-401
-1747
-3840
-4542
-3328
-1947
-1975
-2348
-498
2679
3828
2697
2487
3699
3347
554
-1526
-224
2127
2376
1392
1288
1782
1000
-1064
-2462
-2487
-2324
-2840
-3267
-2639
-1132
433
1432
1788
1711
1369
881
482
429
755
1328
1782
1699
1133
607
349
-100
-1072
-2144
-2681
-2660
-2315
-1660
-809
-41
419
539
301
-45
17
432
620
465
477
782
859
591
465
397
-227
-1197
-1708
-1643
-1480
-1317
-836
-156
246
271
335
510
541
409
269
154
118
240
478
612
519
347
154
-190
-498
-406
-13
269
386
618
854
795
606
543
373
-82
-550
-631
-418
-324
-237
110
372
298
129
28
-89
-136
-34
105
279
478
524
402
265
51
-243
-541
-701
-698
-447
-162
-70
-49
61
161
-33
-322
-356
-255
-190
18
387
673
742
824
976
868
536
313
220
-41
-352
-395
-396
-1867
-4042
-4292
-2666
-1303
-1817
-2173
146
3100
3360
2010
2359
3866
3258
240
-1320
597
2806
2569
1428
1674
2387
1087
-1567
-2870
-2363
-2080
-2943
-3479
-2599
-957
193
767
1174
1286
894
256
-26
174
841
1883
2691
2561
1709
1096
820
118
-1131
-2064
-2174
-2069
-2235
-2165
-1408
-550
-292
-558
-940
-1092
-889
-471
10
511
1016
1435
1605
1465
1150
736
261
-261
-814
-1222
-1232
-903
-531
-304
-146
24
20
-251
-511
-500
-404
-429
-433
-166
246
541
710
833
885
781
585
514
574
553
576
744
776
595
378
212
34
-287
-637
-720
-672
-646
-511
-256
-63
-44
-92
11
148
108
70
192
396
545
585
619
664
519
188
-156
-356
-431
-443
-378
-376
-451
-400
-348
-471
-513
-363
-181
-2
78
211
518
653
613
744
831
705
653
604
430
171
-2
-138
-1472
-3721
-4480
-3169
-1792
-2083
-2458
-481
2305
2706
1370
1499
3116
3270
1194
-257
886
2679
2949
2356
2406
2721
1951
256
-1111
-1720
-2056
-2357
-2549
-2571
-2251
-1546
-711
-258
-429
-701
-598
-470
-650
-615
274
1609
2407
2478
2424
2509
2343
1659
741
17
-468
-841
-1193
-1534
-1691
-1522
-1306
-1521
-2092
-2423
-2266
-2103
-2193
-2031
-1284
-307
440
852
1183
1583
1880
1911
1679
1316
1074
1059
1000
769
661
739
614
81
-592
-1125
-1523
-1878
-2048
-1890
-1575
-1211
-791
-359
75
572
1050
1316
1327
1264
1296
1345
1290
1256
1327
1314
1105
854
543
112
-284
-616
-968
-1307
-1555
-1592
-1410
-1174
-936
-674
-486
-352
-171
-46
3
34
166
448
740
923
1074
1175
1108
806
513
415
260
-76
-320
-335
-302
-313
-297
-228
-233
-382
-527
-523
-469
-343
-40
263
419
485
506
531
451
235
-237
-1115
-1833
-1864
-1499
-1445
-1740
-1521
-405
674
902
839
1267
1856
1729
933
353
349
622
884
1127
1360
1557
1821
2102
2083
1609
1083
765
293
-561
-1470
-1955
-1918
-1694
-1578
-1487
-1194
-698
-350
-370
-492
-432
-247
-208
-354
-392
-114
366
762
998
1188
1328
1224
716
-32
-593
-820
-913
-990
-979
-858
-747
-654
-544
-515
-572
-553
-480
-558
-715
-651
-321
20
235
447
651
673
560
453
358
217
103
78
60
-8
-28
57
79
-71
-225
-210
-155
-242
-273
-23
305
431
411
484
662
706
591
542
595
592
551
530
469
367
264
184
113
-5
-156
-258
-308
-377
-499
-625
-666
-633
-600
-570
-481
-325
-179
-127
-183
-254
-204
-17
126
118
94
201
315
212
27
73
248
230
1
-136
-61
20
-10
-8
138
308
397
405
344
256
252
338
381
361
358
370
297
119
-32
-95
-156
-254
-346
-437
-519
-564
-513
-368
-232
-177
-156
-95
-43
-90
-163
-86
81
106
-44
-124
-46
-34
-167
-222
-108
14
87
199
364
441
384
318
250
53
-161
-150
38
143
124
211
468
626
518
338
290
253
24
-295
-414
-326
-250
-238
-181
-84
-90
-190
-214
-162
-215
-350
-335
-219
-251
-368
-312
-91
-4
-127
-221
-186
-165
-216
-206
-74
52
58
5
-38
-118
-249
-345
-330
-239
-172
-134
-71
7
23
-30
-23
68
130
130
156
248
359
412
430
498
521
384
165
19
-19
-49
-122
-143
-64
-5
-78
-209
-233
-99
37
64
91
222
360
369
312
336
444
475
362
227
172
143
81
24
-11
-69
-155
-239
-300
-356
-416
-429
-384
-332
-270
-140
40
143
106
16
-26
-7
28
62
132
230
276
242
192
191
197
140
55
-1
-43
-80
-65
13
81
82
49
-6
-114
-213
-186
-61
-3
-28
5
124
195
166
130
97
-1
-108
-123
-55
8
78
197
236
98
-78
-137
-144
-221
-311
-272
-171
-186
-286
-301
-182
-80
-120
-214
-206
-116
-82
-101
-61
37
73
3
-101
-153
-142
-129
-136
-131
-111
-50
45
82
51
23
46
71
51
10
41
163
280
304
278
304
372
376
266
136
138
213
185
83
80
197
262
202
127
114
92
7
-71
-86
-69
-64
-42
-14
-40
-103
-121
-114
-167
-267
-311
-262
-214
-229
-240
-187
-91
-29
-8
31
97
115
54
-26
-54
-48
-53
-58
-52
-55
-78
-91
-68
-43
-60
-95
-112
-109
-110
-122
-113
-52
17
55
77
110
128
105
40
-28
-61
-68
-66
-29
76
183
206
160
132
136
114
48
23
98
194
243
275
317
350
337
261
118
-44
-139
-152
-125
-92
-37
68
189
213
104
-61
-172
-207
-229
-271
-230
-46
141
168
90
50
36
-68
-248
-349
-318
-256
-218
-161
-52
61
104
68
14
-4
5
9
16
57
131
209
267
290
255
189
132
60
-47
-106
-26
121
191
174
181
208
145
-2
-100
-102
-94
-122
-135
-99
-17
44
23
-82
-177
-202
-212
-237
-222
-111
20
81
89
102
119
98
47
1
-30
-54
-56
-40
-34
-37
-49
-89
-155
-224
-274
-284
-247
-162
-74
-27
-14
-7
-4
2
34
83
119
138
152
151
104
51
50
64
24
-61
-102
-66
-23
-13
37
142
195
137
37
-14
-18
-10
-7
7
44
92
117
89
21
-16
-20
-65
-141
-167
-110
-13
78
138
168
191
212
195
128
81
91
87
34
8
46
73
24
-38
-69
-126
-227
-276
-240
-178
-116
-13
91
119
109
146
185
146
65
55
89
56
-11
-21
-6
-37
-105
-165
-208
-261
-301
-252
-125
-21
18
48
96
115
63
-13
-17
39
77
82
111
156
156
111
54
-7
-70
-106
-108
-92
-51
38
119
120
87
91
101
53
-19
-17
37
51
24
46
95
61
-32
-89
-87
-77
-67
-22
51
84
63
55
68
34
-30
-47
-11
10
0
4
33
24
-68
-166
-203
-217
-240
-216
-112
4
62
96
148
177
119
11
-55
-78
-110
-142
-115
-49
-13
-7
6
10
-23
-67
-83
-67
-50
-36
11
80
137
160
148
124
111
94
57
22
22
42
20
-47
-71
-40
-27
-63
-88
-72
-40
-37
-46
-25
31
99
134
144
173
212
208
152
100
90
80
28
-34
-60
-83
-130
-172
-184
-181
-163
-117
-83
-81
-64
4
51
28
6
37
62
26
-10
12
40
7
-50
-60
-48
-65
-79
-58
-36
-26
-20
-22
-30
-12
33
40
-17
-86
-98
-64
-55
-76
-43
44
90
56
8
34
106
120
66
37
68
90
54
13
33
89
105
72
37
40
51
29
-41
-126
-160
-133
-86
-63
-30
38
98
91
38
30
74
114
107
78
64
51
26
6
-1
-9
-13
-21
-56
-100
-114
-83
-51
-58
-64
-40
-3
24
29
36
67
103
100
47
-27
-60
-55
-85
-148
-160
-97
-28
-16
-41
-34
24
63
54
50
97
161
156
95
78
122
125
51
-5
6
12
-19
-28
3
7
-45
-100
-128
-179
-234
-225
-170
-129
-95
-15
89
139
130
123
127
96
39
11
24
51
54
27
-5
-28
-50
-87
-119
-128
-119
-106
-89
-72
-60
-38
12
61
61
27
16
18
-3
-39
-47
-18
1
1
20
54
69
65
53
35
36
60
68
44
18
16
11
-27
-71
-81
-84
-101
-114
-102
-67
-19
16
29
26
23
32
22
-12
-5
54
90
70
48
67
99
83
24
-10
-4
-1
-36
-75
-57
3
35
11
-20
-8
36
63
70
97
148
159
103
8
-57
-57
-57
-84
-93
-62
-32
-42
-67
-63
-29
-7
0
1
12
44
72
77
69
55
33
2
-43
-90
-106
-95
-90
-104
-115
-96
-74
-58
-42
-5
37
60
58
66
99
133
142
124
91
62
54
42
21
23
54
69
35
-8
-18
-24
-52
-79
-80
-67
-57
-45
-35
-13
17
35
33
22
26
35
28
1
-26
-47
-62
-68
-72
-69
-62
-49
-26
-4
11
34
62
65
44
32
51
74
65
49
38
11
-46
-92
-89
-65
-60
-73
-71
-46
-33
-42
-45
-2
50
53
21
13
45
53
9
-34
-30
-18
-38
-63
-56
-23
2
-2
-21
-35
-23
-10
-34
-54
-13
54
71
49
61
98
84
18
-24
-25
-25
-41
-53
-33
-4
-8
-35
-47
-36
-32
-40
-10
63
118
125
113
97
65
17
-31
-59
-58
-46
-42
-36
-23
0
12
3
-7
-9
-13
-17
2
54
102
116
99
74
47
10
-27
-47
-44
-37
-28
-14
0
5
18
42
48
19
-14
-7
22
34
32
56
83
67
26
0
-12
-31
-53
-71
-88
-91
-71
-46
-39
-34
-11
5
-14
-43
-37
4
31
30
35
67
88
57
20
22
36
-1
-56
-66
-49
-54
-80
-76
-31
2
-4
-3
30
51
25
1
13
29
27
18
14
6
-23
-51
-61
-57
-38
-5
20
15
9
24
35
20
6
21
37
18
-13
-21
-15
-24
-45
-58
-57
-46
-30
-14
1
21
39
33
18
20
36
44
44
47
48
44
43
44
33
5
-27
-50
-58
-58
-55
-41
-25
-31
-59
-79
-67
-39
-17
5
39
71
80
76
64
46
23
-7
-43
-66
-67
-59
-50
-38
-24
-17
-16
-2
23
27
24
37
57
71
77
68
54
43
28
-10
-40
-30
-16
-25
-45
-43
-40
-59
-74
-55
-17
3
14
43
72
61
22
-3
-11
-25
-41
-29
3
21
14
1
-15
-20
-8
-4
-18
-11
24
37
6
-13
14
41
18
-16
-6
20
23
12
26
56
58
23
-11
-12
-2
-4
-2
15
34
35
22
12
0
-19
-43
-65
-80
-70
-50
-30
-7
14
27
26
21
19
20
27
31
24
17
26
54
77
78
69
54
33
11
-10
-24
-30
-38
-55
-64
-54
-43
-35
-17
-2
-8
-20
-12
24
53
67
83
82
48
3
-21
-23
-29
-43
-51
-50
-60
-93
-112
-99
-83
-84
-84
-58
-16
12
31
58
82
86
75
57
32
4
-15
-10
-3
-9
-8
4
-2
-44
-78
-76
-53
-39
-27
15
58
62
44
35
36
19
-8
-9
14
30
30
37
47
33
-2
-24
-27
-38
-57
-51
-26
-16
-15
3
28
38
30
17
7
-7
-19
-25
-24
-9
12
16
9
6
0
-12
-10
6
18
16
16
25
26
8
-12
-17
-13
-2
2
-9
-15
-10
-13
-34
-48
-32
4
17
10
26
65
78
60
50
61
61
26
-13
-20
-10
-16
-24
-24
-24
-30
-41
-53
-51
-42
-27
-4
15
22
34
54
64
62
48
38
31
16
-11
-22
-18
-14
-12
-11
-11
-13
-15
-24
-29
-14
14
42
63
73
74
67
54
30
10
9
14
1
-25
-33
-27
-40
-72
-89
-83
-81
-85
-80
-62
-28
0
13
20
26
26
23
19
7
-3
7
27
38
28
11
-1
-16
-36
-56
-58
-51
-40
-20
13
35
38
52
67
55
16
-22
-23
-13
-13
-6
6
6
-2
2
-1
-18
-37
-31
-7
-13
-37
-37
-2
29
11
-19
-16
-1
-11
-27
-26
-14
-9
-6
2
0
-6
0
0
-12
-19
-11
6
15
12
3
2
11
13
5
14
31
28
-3
-29
-27
-21
-28
-23
-5
11
17
6
17
40
52
40
14
20
33
24
4
-7
1
7
0
11
39
34
-5
-23
-28
-30
-13
18
50
75
34
34
88
18
-132
-113
-125
-138
-76
-166
-176
-23
48
43
89
118
112
65
0
14
101
89
0
36
177
323
388
314
262
323
320
172
5
-96
-110
-103
-112
-105
-78
-31
-8
-62
-151
-152
-72
-71
-189
-246
-163
-81
-102
-188
-193
-99
-45
-75
-109
-102
-81
-71
-94
-124
-131
-103
-64
-31
-27
-32
-11
12
9
-3
20
76
112
97
55
47
66
71
37
7
12
31
27
1
-30
-45
-26
-8
-26
-81
-103
-70
-26
-16
-26
-1
30
26
7
1
37
88
106
102
120
164
202
227
240
226
210
180
150
155
174
203
219
195
175
140
64
33
55
38
-16
-69
-89
-70
-65
-77
-54
-20
11
-17
-118
-188
-165
-92
-54
-96
-189
-230
-154
-65
-85
-129
-116
-80
-145
-268
-271
-167
-29
84
42
-142
-254
-172
-69
-51
-74
-121
-90
11
-26
-89
-37
30
1
-87
-116
-55
17
13
-50
-55
29
96
-20
-393
-646
-340
169
176
-320
-606
-291
28
-191
-454
-143
309
168
-376
-464
50
427
356
311
470
441
213
269
657
891
834
848
962
809
438
408
834
1119
887
526
459
486
302
83
161
401
372
25
-273
-358
-358
-359
-344
-318
-392
-604
-799
-845
-816
-767
-669
-557
-564
-740
-904
-837
-612
-519
-579
-581
-484
-444
-484
-440
-241
-55
-16
-38
-16
66
155
228
302
375
406
419
477
572
628
595
526
499
508
495
455
403
357
318
254
163
100
77
71
56
-25
-146
-189
-161
-168
-252
-306
-258
-198
-223
-262
-239
-218
-273
-300
-210
-114
-103
-152
-152
-14
59
-64
-193
-201
-196
-243
-190
-9
99
-249
-836
-978
-446
75
-47
-605
-845
-530
-329
-550
-599
-106
272
-114
-733
-595
189
624
513
461
627
598
379
533
1107
1437
1267
1111
1198
1142
871
931
1449
1731
1342
788
684
818
716
520
598
775
583
80
-239
-222
-156
-202
-277
-359
-563
-841
-968
-924
-932
-1050
-1083
-984
-977
-1168
-1325
-1265
-1121
-1126
-1209
-1141
-952
-905
-1050
-1117
-948
-743
-678
-654
-537
-379
-325
-352
-276
-78
115
250
354
420
438
460
518
602
698
787
836
824
774
736
746
760
760
796
815
745
622
538
511
494
485
500
456
324
202
138
89
28
3
-24
-102
-207
-267
-292
-331
-372
-401
-406
-355
-305
-376
-555
-624
-453
-252
-240
-334
-340
-306
-335
-420
-388
-213
-54
-47
-250
-730
-1120
-726
248
560
-393
-1342
-892
238
289
-521
-518
336
351
-688
-898
383
1287
618
-189
205
894
756
498
1052
1636
1304
779
1033
1445
1214
941
1352
1766
1377
817
925
1201
866
432
632
1005
756
158
-70
-3
-122
-322
-276
-239
-498
-799
-875
-918
-1099
-1190
-1022
-894
-1070
-1343
-1431
-1404
-1427
-1423
-1293
-1120
-1073
-1150
-1243
-1241
-1141
-984
-819
-635
-482
-438
-481
-485
-393
-225
-30
155
302
351
304
289
378
507
626
743
854
869
763
666
708
835
919
937
925
848
711
624
632
664
643
609
574
485
337
229
211
235
235
198
118
-11
-140
-188
-148
-102
-112
-135
-151
-218
-367
-500
-509
-428
-347
-328
-359
-449
-554
-597
-520
-410
-343
-316
-319
-371
-434
-375
-174
-34
-102
-225
-347
-611
-749
-345
293
285
-564
-1089
-397
544
365
-416
-409
227
199
-404
-205
806
1062
217
-182
492
989
635
500
1154
1488
929
576
1058
1371
935
695
1187
1503
1050
639
807
901
548
414
725
749
247
-95
-18
-75
-383
-425
-168
-233
-698
-963
-834
-798
-1059
-1198
-1001
-831
-963
-1186
-1271
-1276
-1288
-1241
-1095
-956
-919
-977
-1048
-1040
-915
-697
-533
-495
-490
-407
-341
-318
-228
-13
150
213
289
380
367
307
359
529
668
707
725
716
643
568
623
768
876
871
798
708
627
583
605
669
708
680
576
466
424
429
364
239
215
304
296
93
-88
-77
-13
-71
-146
-126
-123
-235
-349
-336
-290
-323
-395
-392
-354
-380
-452
-470
-400
-327
-338
-397
-386
-341
-335
-341
-329
-277
-168
-87
-176
-283
-173
30
99
37
-167
-614
-812
-122
850
642
-778
-1423
-231
1002
405
-752
-442
579
288
-769
-463
870
1006
-135
-402
606
1033
325
54
782
1176
758
582
912
848
419
569
1143
1109
564
498
794
557
111
354
799
433
-222
-146
210
-49
-478
-352
-144
-432
-720
-532
-421
-755
-966
-736
-639
-917
-1009
-769
-774
-1068
-1056
-782
-777
-951
-839
-601
-682
-908
-792
-463
-404
-526
-422
-214
-259
-351
-172
87
99
59
193
281
169
196
428
520
442
510
656
586
446
557
767
737
613
691
824
723
559
621
776
747
604
573
619
543
376
323
388
380
251
138
84
15
-80
-124
-115
-133
-220
-317
-391
-444
-467
-446
-436
-463
-500
-541
-615
-668
-637
-540
-481
-515
-582
-578
-533
-501
-435
-312
-269
-322
-339
-289
-218
-110
46
186
201
119
113
193
212
203
369
519
198
-324
-154
687
961
-26
-945
-228
1111
872
-540
-798
305
645
-314
-623
387
851
-51
-615
126
727
191
-267
327
941
608
98
268
594
515
502
822
867
442
223
447
508
259
283
577
480
33
-89
93
-7
-284
-160
135
-74
-564
-627
-389
-446
-685
-603
-360
-456
-781
-906
-841
-815
-805
-736
-720
-771
-761
-744
-851
-909
-722
-507
-511
-558
-409
-288
-399
-413
-138
55
-10
18
220
227
17
100
485
579
387
447
685
586
339
454
792
784
568
615
783
610
347
476
738
659
399
375
484
396
186
189
307
290
218
200
114
-70
-137
-33
3
-150
-257
-216
-208
-281
-336
-396
-466
-458
-379
-375
-508
-575
-455
-374
-488
-580
-480
-330
-289
-332
-358
-333
-261
-161
-84
-67
-64
13
138
130
17
87
326
427
331
268
357
465
439
397
422
408
398
514
534
-20
-555
-9
966
648
-816
-1191
169
1023
-129
-1325
-672
445
54
-1004
-770
225
127
-805
-776
179
395
-347
-572
133
572
237
-22
217
419
392
501
671
543
372
542
703
495
357
583
641
273
121
413
437
7
-104
210
124
-383
-413
-1
-114
-678
-671
-158
-171
-716
-866
-581
-568
-781
-678
-455
-579
-753
-599
-480
-678
-713
-352
-143
-339
-475
-342
-272
-255
-46
194
128
7
132
304
246
196
386
576
539
500
630
626
384
301
551
697
556
458
489
373
172
222
404
360
183
150
148
24
-75
-22
38
4
-25
-49
-158
-262
-259
-217
-198
-175
-162
-217
-320
-333
-267
-259
-264
-188
-158
-231
-253
-184
-150
-137
-50
34
13
-39
4
71
70
60
144
231
193
115
123
179
181
173
203
261
235
158
94
75
90
161
220
132
-24
-31
97
109
-53
-151
26
152
-10
-250
-225
25
88
-188
-471
-510
-386
-154
-33
-260
-782
-930
-275
306
-192
-1053
-897
-4
140
-577
-746
-44
239
-286
-472
116
434
1
-177
422
866
484
44
310
806
825
576
538
662
681
613
585
553
473
427
430
412
355
242
83
-8
69
178
64
-209
-303
-200
-207
-370
-418
-305
-309
-477
-551
-502
-546
-634
-563
-453
-533
-656
-586
-482
-566
-630
-436
-241
-352
-532
-439
-231
-211
-270
-174
1
53
0
-28
0
64
191
302
239
119
227
372
207
39
245
461
308
123
205
268
130
99
242
276
155
86
108
104
52
73
165
181
100
51
61
53
25
67
149
128
34
9
28
24
38
67
70
44
7
-39
-44
9
40
28
25
3
-86
-115
-35
9
-29
-28
30
17
-120
-176
-46
46
-7
-54
-48
-42
-53
-67
-93
-77
-16
37
-4
-114
-142
-52
-3
-44
-55
5
-4
-105
-102
-17
-55
-128
-55
47
30
-125
-174
-87
-74
-91
17
54
-240
-610
-467
135
287
-299
-809
-485
247
300
-388
-743
-301
193
71
-314
-290
47
136
-23
4
251
271
62
140
543
680
334
117
428
792
684
386
404
628
636
428
335
421
480
414
295
193
121
90
80
57
16
-27
-93
-192
-270
-284
-263
-261
-289
-338
-408
-470
-492
-484
-490
-503
-477
-416
-407
-477
-554
-541
-449
-374
-359
-364
-326
-274
-271
-313
-291
-154
0
27
-19
-6
44
69
58
97
222
329
290
219
176
182
243
321
311
258
226
247
253
221
215
251
260
246
248
201
78
40
166
256
159
34
23
68
38
-30
-48
0
43
34
-12
-51
-44
-7
12
-4
-8
-27
-59
-49
-19
-33
-44
11
54
-22
-146
-133
-6
44
-32
-110
-99
-95
-129
-117
-43
-30
-82
-114
-105
-92
-101
-85
-41
-16
-34
-27
-4
-39
-112
-78
50
99
40
-8
19
61
37
10
75
155
145
91
59
57
45
36
90
182
209
118
34
86
182
179
145
128
78
-87
-280
-211
108
151
-258
-618
-464
-13
49
-441
-804
-507
-41
-151
-622
-642
-187
-7
-288
-442
-198
-10
-108
-110
171
351
187
48
243
502
491
373
407
516
531
480
457
442
441
481
487
374
243
229
252
202
157
180
138
4
-35
18
-40
-170
-153
-31
-60
-246
-352
-321
-302
-327
-331
-350
-410
-439
-426
-451
-483
-435
-378
-415
-447
-385
-352
-427
-449
-287
-106
-119
-219
-191
-81
-49
-67
-23
47
81
102
147
147
107
108
165
197
197
213
196
142
145
227
229
147
148
253
264
146
93
163
216
182
150
155
143
118
112
119
100
67
51
60
70
45
-11
-27
15
21
-54
-109
-55
2
-44
-93
-31
50
9
-71
-26
57
6
-91
-53
44
18
-64
-23
65
42
-21
2
44
-4
-63
-9
61
11
-69
-33
75
104
41
3
33
84
117
105
66
61
95
109
93
59
17
-24
-18
49
79
18
-83
-106
-31
29
-35
-128
-157
-105
-57
-104
-195
-152
-14
-62
-245
-248
-21
109
-23
-221
-298
-373
-331
17
283
-83
-756
-703
171
518
-277
-879
-279
475
101
-667
-422
361
329
-243
-189
331
295
-169
-57
564
675
191
24
379
572
419
375
493
481
426
503
473
230
189
468
542
241
76
220
226
-3
-27
173
142
-115
-183
-88
-145
-266
-210
-124
-212
-318
-300
-324
-445
-460
-327
-257
-315
-368
-384
-438
-453
-343
-247
-310
-383
-303
-229
-312
-368
-235
-96
-110
-148
-125
-132
-142
-64
12
5
37
130
128
-42
-84
121
281
154
43
116
216
163
88
105
205
286
304
221
118
159
299
320
226
218
314
329
215
109
136
267
336
215
52
64
182
210
121
58
80
100
38
-27
-32
-10
1
31
40
-28
-99
-96
-53
-17
-11
-44
-71
-83
-81
-77
-76
-70
-40
-29
-68
-114
-92
-48
-56
-75
-28
37
-2
-103
-116
-24
48
32
-20
-8
30
17
-10
26
73
64
23
14
8
-20
-25
22
57
38
-16
-54
-60
-73
-83
-46
-22
-74
-109
-101
-126
-164
-135
-74
-63
-156
-230
-168
-79
-106
-178
-179
-90
-25
-71
-142
-129
-19
78
61
-52
-138
-111
0
44
1
-38
-26
-8
-22
-13
46
48
-28
-51
17
57
-14
-67
16
121
93
-10
-35
51
134
152
137
134
143
158
179
203
230
251
242
206
191
214
223
182
155
184
198
140
77
69
70
41
34
50
10
-77
-103
-69
-84
-140
-144
-123
-165
-232
-244
-249
-285
-281
-235
-251
-303
-295
-288
-356
-384
-293
-228
-288
-356
-312
-221
-206
-236
-193
-87
-66
-134
-156
-63
37
63
61
82
111
86
36
67
204
257
185
127
173
222
199
162
205
270
256
191
178
217
218
193
218
270
256
209
152
116
153
242
226
89
13
104
215
158
-4
-32
83
126
57
0
-11
-21
-13
6
-17
-71
-63
-12
-18
-65
-79
-58
-34
-18
-21
-51
-84
-93
-80
-75
-71
-51
-20
-29
-80
-96
-45
-16
-27
-11
26
15
-30
-47
-23
21
43
54
46
-7
-48
-18
24
-6
-39
-10
13
-34
-84
-87
-77
-61
-27
1
-49
-133
-130
-44
-24
-95
-141
-81
16
19
-63
-96
-56
-13
36
61
11
-47
-11
57
49
-54
-74
85
182
39
-143
-96
117
187
23
-105
-39
72
61
-31
-81
-42
20
55
2
-136
-201
-73
101
53
-159
-209
-47
82
41
-76
-123
-45
67
88
23
-3
85
166
145
90
125
223
245
188
197
280
283
204
204
290
288
179
124
163
167
108
82
102
74
5
-16
-17
-73
-131
-108
-77
-131
-210
-212
-177
-201
-239
-236
-216
-230
-267
-293
-297
-288
-271
-267
-270
-260
-242
-238
-255
-270
-241
-161
-132
-172
-193
-136
-88
-73
-51
5
59
74
63
78
127
144
133
156
227
275
239
180
193
246
266
259
257
240
219
231
243
214
176
193
230
206
142
114
133
139
130
117
75
16
1
35
59
25
-40
-53
-27
-40
-79
-90
-90
-85
-81
-101
-133
-142
-109
-71
-91
-138
-120
-81
-90
-109
-81
-57
-66
-76
-63
-47
-70
-82
-53
-15
-11
-36
-58
-37
-4
-7
-37
-58
-44
-7
-18
-66
-64
4
51
11
-47
-34
14
2
-32
-2
37
30
12
25
28
20
26
40
43
44
38
37
19
5
27
67
52
14
14
54
57
-23
-63
25
95
34
-57
-72
-29
-23
-64
-76
-72
-99
-97
-57
-47
-94
-133
-98
-34
-44
-101
-112
-58
-24
-56
-80
-59
-31
5
24
7
-10
-2
14
14
14
44
62
36
6
21
49
42
11
28
79
67
0
-18
28
57
51
43
37
18
14
27
18
-8
6
58
70
16
-26
10
64
73
49
36
51
79
78
44
32
54
71
74
67
36
2
0
31
51
23
-21
-17
19
20
-36
-71
-42
-16
-53
-103
-109
-90
-88
-91
-91
-92
-99
-109
-103
-80
-79
-112
-115
-71
-39
-58
-75
-46
-10
-12
-35
-41
-27
8
37
53
55
39
23
65
125
106
38
44
126
158
99
39
47
108
139
113
73
55
54
81
100
64
16
25
56
41
-9
-27
-8
4
2
-10
-29
-47
-53
-34
-22
-34
-50
-45
-36
-40
-42
-50
-69
-57
-1
6
-45
-53
-7
2
-33
-46
-10
27
4
-33
-9
34
30
-9
-23
6
34
32
23
28
31
27
13
-6
0
32
50
40
24
8
9
21
45
56
43
27
19
14
27
30
5
7
39
45
11
-35
-39
8
55
37
-40
-70
-11
18
-30
-44
-7
10
-16
-52
-58
-35
-24
-24
-6
-7
-43
-69
-53
-48
-69
-65
-25
-16
-61
-92
-63
-28
-58
-88
-51
0
-17
-81
-82
-17
14
-5
-16
-17
-6
10
14
12
-2
-1
30
33
6
0
11
23
34
34
22
5
12
36
34
20
32
32
17
31
51
48
20
16
71
83
24
9
66
91
43
-1
26
68
60
28
18
30
40
39
26
2
6
25
24
0
-19
2
23
10
7
8
-24
-17
16
5
-36
-49
-37
-9
13
-2
-35
-44
-16
6
-6
-23
-23
-11
3
-9
-43
-36
-13
-19
-23
-8
0
-12
-37
-28
18
34
-7
-33
-9
2
-4
2
-5
-28
-14
34
37
-13
-31
1
23
3
-19
-7
10
-4
-23
-7
16
-5
-51
-54
-15
6
2
-26
-46
-31
8
9
-56
-86
-25
39
1
-63
-50
-10
-18
-34
-20
5
-23
-73
-29
47
14
-47
-16
30
45
25
-10
-5
42
54
36
41
40
20
30
74
92
52
13
23
67
95
47
-19
14
73
63
17
-10
5
24
16
10
10
-14
-20
10
28
10
-27
-27
-2
-5
-5
11
-20
-65
-31
47
23
-68
-85
-11
23
-17
-57
-58
-21
2
-6
-14
-31
-44
-20
8
-4
-31
-57
-36
13
33
20
-9
-22
23
53
19
-35
-38
-3
12
-11
-36
-43
-43
-33
-12
-22
-47
-37
-18
-21
-15
-13
-40
-53
-2
35
-4
-52
-13
67
47
-47
-33
78
88
8
-3
59
71
37
30
44
53
55
45
54
55
19
-9
6
40
53
14
-51
-28
64
60
-32
-58
21
72
9
-69
-37
30
-5
-54
-14
24
-13
-43
-9
24
4
-24
-1
13
-11
-13
4
-13
-27
-5
21
-4
-31
-1
37
15
-27
-2
63
63
-2
-42
-1
56
40
-15
-24
18
22
-14
-21
-26
-28
4
17
-20
-48
-45
-31
-32
-48
-47
-27
-31
-77
-74
-17
-31
-73
-43
12
3
-54
-47
13
38
0
0
0
0
0
0
0
0
0
0
0
0
0
0
0
0
0
0
0
0
0
0
0
0
0
0
0
0
0
0
0
0
0
0
0
0
0
0
0
0
0
0
0
0
0
0
0
0
0
0
0
0
0
0
0
0
0
0
0
0
0
0
0
0
0
0
0
0
0
0
0
0
0
0
0
0
0
0
0
0
0
0
0
0
0
0
0
0
0
0
0
0
0
0
0
0
0
0
0
0
0
0
0
0
0
0
0
0
0
0
0
0
0
0
0
0
0
0
0
0
0
0
0
0
0
0
0
0
0
0
0
0
0
0
0
0
0
0
0
0
0
0
0
0
0
0
0
0
0
0
0
0
0
0
0
0
0
0
0
0
0
0
0
0
0
0
0
0
0
0
0
0
0
0
0
0
0
0
0
0
0
0
0
0
0
0
0
0
0
0
0
0
0
0
0
0
0
0
0
0
0
0
0
0
0
0
0
0
0
0
0
0
0
0
0
0
0
0
0
0
0
0
0
0
0
0
0
0
0
0
0
0
0
0
0
0
0
0
0
0
0
0
0
0
0
0
0
0
0
0
0
0
0
0
0
0
0
0
0
0
0
0
0
0
0
0
0
0
0
0
0
0
0
0
0
0
0
0
0
0
0
0
0
0
0
0
0
0
0
0
0
0
0
0
0
0
0
0
0
0
0
0
0
0
0
0
0
0
0
0
0
0
0
0
0
0
0
0
0
0
0
0
0
0
0
0
0
0
0
0
0
0
0
0
0
0
0
0
0
0
0
0
0
0
0
0
0
0
0
0
0
0
0
0
0
0
0
0
0
0
0
0
0
0
0
0
0
0
0
0
0
0
0
0
0
0
0
0
0
0
0
0
0
0
0
0
0
0
0
0
0
0
0
0
0
0
0
0
0
0
0
0
0
0
0
0
0
0
0
0
0
0
0
0
0
0
0
0
0
0
0
0
0
0
0
0
0
0
0
0
0
0
0
0
0
0
0
0
0
0
0
0
0
0
0
0
0
0
0
0
0
0
0
0
0
0
0
0
0
0
0
0
0
0
0
0
0
0
0
0
0
0
0
0
0
0
0
0
0
0
0
0
0
0
0
0
0
0
0
0
0
0
0
0
0
0
0
0
0
0
0
0
0
0
0
0
0
0
0
0
0
0
0
0
0
0
0
0
0
0
0
0
0
0
0
0
0
0
0
0
0
0
0
0
0
0
0
0
0
0
0
0
0
0
0
0
0
0
0
0
0
0
0
0
0
0
0
0
0
0
0
0
0
0
0
0
0
0
0
0
0
0
0
0
0
0
0
0
0
0
0
0
0
0
0
0
0
0
0
0
0
0
0
0
0
0
0
0
0
0
0
0
0
0
0
0
0
0
0
0
0
0
0
0
0
0
0
0
0
0
0
0
0
0
0
0
0
0
0
0
0
0
0
0
0
0
0
0
0
0
0
0
0
0
0
0
0
0
0
0
0
0
0
0
0
0
0
0
0
0
0
0
0
0
0
0
0
0
0
0
0
0
0
0
0
0
0
0
0
0
0
0
0
0
0
0
0
0
0
0
0
0
0
0
0
0
0
0
0
0
0
0
0
0
0
0
0
0
0
0
0
0
0
0
0
0
0
0
0
0
0
0
0
0
0
0
0
0
0
0
0
0
