-468
-1937
-2897
-2976
-3006
-2937
-2812
-2719
-2352
-1578
-390
442
1680
2880
2887
2897
2858
1752
514
-363
-1735
-2764
-2788
-2661
-2311
-1613
-1301
-1111
-483
47
582
1391
1690
1543
1413
999
303
-372
-985
-1646
-1776
-1209
-834
-492
140
411
570
995
993
931
1380
1618
1382
806
-133
-1034
-1069
-452
797
2275
2808
2769
2817
2708
984
-1002
-2240
-2985
-2980
-3025
-2878
-2822
-2540
-2129
-1522
-152
828
1852
2872
2893
2910
2718
1591
239
-929
-1940
-2649
-2818
-2466
-1964
-1579
-1233
-912
-605
-132
546
1299
1848
1846
1441
977
244
-576
-1151
-1724
-1720
-1012
-662
-395
152
320
491
902
1000
1202
1639
1641
1243
528
-461
-1118
-916
-121
1198
2433
2827
2753
2846
2505
748
-981
-2331
-3006
-2966
-3026
-2872
-2801
-2628
-2160
-1213
-30
855
2071
2929
2862
2930
2594
1460
401
-799
-2149
-2805
-2823
-2587
-2031
-1398
-1006
-658
-294
-11
522
1215
1526
1541
1489
1156
384
-421
-1139
-1903
-1915
-1264
-865
-282
360
414
670
1181
1153
1212
1611
1577
1104
403
-451
-913
-572
151
1332
2493
2805
2719
2844
2374
888
-848
-2492
-3004
-2973
-3059
-2881
-2825
-2640
-1743
-524
383
1150
2112
2795
2830
2890
2454
1367
309
-932
-1887
-2419
-2802
-2709
-2125
-1531
-970
-413
-156
165
719
1163
1510
1633
1325
885
397
-374
-1270
-1704
-1514
-1143
-627
-107
146
510
888
867
914
1250
1509
1643
1242
239
-531
-791
-512
398
1658
2583
2825
2740
2848
2105
226
-1225
-2383
-2984
-2964
-2981
-2830
-2810
-2583
-1961
-1218
-197
969
2343
2932
2906
2880
2153
1260
379
-578
-1522
-2312
-2516
-2330
-2022
-1686
-1467
-1140
-451
315
867
1228
1396
1428
1376
1091
493
-242
-1047
-1521
-1274
-1021
-893
-450
-89
294
947
1206
1044
1272
1667
1628
1199
342
-552
-842
-442
347
1442
2465
2817
2724
2801
2358
865
-489
-1970
-2968
-2963
-3022
-2912
-2856
-2537
-1631
-824
-141
813
1998
2702
2847
2904
2499
1742
932
-349
-1643
-2446
-2864
-2695
-2081
-1693
-1400
-905
-439
97
636
953
1199
1492
1573
1290
711
-67
-794
-1531
-1833
-1371
-967
-596
74
469
683
1078
1074
971
1455
1792
1536
863
0
-621
-714
-276
640
1804
2668
2790
2754
2803
1549
-313
-1958
-2935
-2955
-3022
-2903
-2841
-2448
-1801
-1319
-638
-161
919
2439
2874
2869
2946
2201
1059
-41
-1377
-2299
-2556
-2585
-2255
-1552
-1218
-1197
-826
-359
112
781
1259
1454
1576
1434
880
185
-423
-1176
-1708
-1430
-911
-553
-103
190
433
889
948
819
1199
1607
1583
1219
464
-308
-642
-536
131
1313
2354
2801
2710
2846
2326
479
-1217
-2564
-3002
-2995
-2982
-2889
-2681
-2028
-1596
-863
-104
473
1552
2583
2842
2914
2671
1620
708
-396
-1768
-2516
-2789
-2574
-1869
-1473
-1358
-918
-510
-277
280
976
1422
1655
1615
1310
809
74
-938
-1686
-1583
-1198
-894
-352
97
305
634
800
780
1109
1485
1545
1458
1041
224
-553
-736
-332
493
1723
2670
2773
2759
2794
1623
-118
-1855
-2936
-2955
-3033
-2931
-2855
-2478
-1930
-1368
-534
-60
838
2206
2827
2846
2957
2421
1210
60
-1228
-2167
-2489
-2629
-2258
-1495
-1266
-1285
-950
-606
-141
581
1069
1391
1739
1659
1094
437
-239
-713
-1151
-1694
-1530
-921
-545
62
524
455
726
1135
1082
1288
1581
1261
747
362
-49
-312
-157
326
1285
2433
2748
2714
2837
1696
-71
-1772
-2904
-2971
-3010
-2939
-2845
-2219
-1726
-1444
-670
-194
636
1807
2559
2845
2930
2528
1495
361
-986
-1959
-2240
-2352
-2106
-1580
-1326
-1135
-757
-539
-312
232
778
1232
1597
1563
1168
575
-98
-889
-1507
-1440
-1063
-605
20
287
293
496
431
306
759
1193
1341
1445
1147
487
-67
-471
-499
253
1328
2337
2782
2720
2855
1909
251
-1420
-2773
-2970
-2991
-2962
-2859
-2202
-1744
-1526
-659
-356
107
1282
2257
2740
2938
2613
1659
722
-650
-1874
-2112
-2197
-2048
-1445
-1179
-1170
-854
-738
-669
36
724
1075
1525
1665
1323
838
222
-441
-1033
-1288
-1128
-834
-329
104
119
211
458
497
643
1099
1347
1285
1140
776
205
-231
-359
25
926
2005
2713
2714
2843
2375
883
-889
-2530
-2974
-2983
-2999
-2914
-2540
-2061
-1752
-982
-527
-67
878
1571
2224
2835
2800
2125
1264
142
-1020
-1687
-2050
-2060
-1697
-1446
-1301
-976
-806
-819
-436
212
769
1298
1605
1477
1157
793
19
-918
-1140
-1008
-884
-352
28
-47
71
284
295
613
1109
1225
1213
1170
913
471
-33
-317
-75
659
1726
2648
2724
2813
2569
1121
-378
-2042
-2964
-2951
-2995
-2943
-2685
-2188
-2122
-1560
-594
-252
446
1457
2185
2710
2933
2530
1573
585
-607
-1548
-1834
-1942
-1787
-1540
-1523
-1347
-1016
-946
-727
-38
626
1170
1680
1721
1366
901
56
-756
-887
-824
-724
-317
-128
-105
63
41
77
540
971
1152
1318
1246
995
703
162
-256
-194
373
1232
2223
2740
2730
2794
1790
203
-1318
-2689
-2982
-2985
-2953
-2874
-2466
-1921
-1585
-989
-646
-142
993
1999
2558
2827
2600
1782
932
61
-976
-1581
-1709
-1736
-1588
-1389
-1333
-1246
-1055
-795
-314
301
792
1251
1599
1492
1072
416
-346
-702
-765
-714
-455
-226
-146
9
94
-61
125
694
1136
1468
1567
1191
594
122
-197
-243
336
1165
1911
2556
2754
2744
2054
788
-460
-1860
-2757
-2982
-2945
-2932
-2777
-2449
-2164
-1380
-657
-226
714
1519
1854
2355
2549
2005
1425
736
-242
-882
-1280
-1643
-1574
-1449
-1574
-1378
-1049
-957
-620
-67
288
766
1254
1329
1242
1080
712
93
-615
-952
-837
-599
-232
12
-87
-3
350
577
741
934
934
862
901
867
553
76
-158
54
671
1466
2241
2681
2796
2525
1549
147
-1466
-2647
-2974
-2967
-2987
-2634
-2209
-1962
-1438
-1104
-789
-71
659
1382
2222
2619
2404
1924
1079
46
-705
-1210
-1521
-1453
-1281
-1269
-1203
-1119
-1132
-998
-599
-96
556
1184
1440
1331
850
270
-91
-309
-362
-237
-134
-26
148
86
-105
31
385
734
1025
1059
874
636
402
242
133
138
495
1029
1618
2268
2685
2682
2094
1187
-28
-1511
-2589
-2966
-2942
-2961
-2723
-2389
-2038
-1254
-836
-631
81
771
1328
2039
2336
2028
1672
1072
162
-442
-878
-1351
-1450
-1370
-1353
-1147
-995
-1119
-952
-387
43
432
913
1102
1087
954
396
-106
-162
-205
-197
-6
44
32
81
4
29
370
665
769
797
787
698
597
528
358
289
465
855
1343
1897
2450
2516
1937
1122
-7
-1384
-2299
-2757
-2952
-2920
-2482
-2068
-1748
-1092
-929
-881
-212
352
804
1560
1909
1765
1715
1264
368
-203
-614
-1080
-1109
-966
-1040
-979
-927
-1058
-979
-616
-282
98
620
896
924
945
759
167
-407
-489
-309
-31
277
196
-92
-7
221
302
551
842
875
897
938
767
563
483
400
569
1074
1489
1717
1811
1664
1278
714
-115
-1039
-1658
-2209
-2768
-2894
-2592
-2161
-1690
-1257
-1031
-638
23
520
827
1135
1396
1395
1214
967
550
27
-435
-713
-780
-748
-780
-933
-1056
-972
-797
-621
-350
-24
279
394
376
456
471
361
268
203
232
345
270
40
-40
11
75
214
489
706
737
667
528
377
268
269
449
762
1173
1506
1665
1764
1748
1380
773
154
-655
-1314
-1656
-2110
-2436
-2258
-2047
-1975
-1536
-1061
-903
-543
-34
199
489
921
990
894
949
768
409
232
30
-265
-471
-613
-743
-792
-715
-664
-592
-385
-208
-134
8
86
-12
40
196
258
382
470
282
128
194
164
131
330
463
457
622
797
650
438
344
193
180
444
663
789
1047
1252
1254
1226
1058
600
190
-68
-445
-782
-915
-1150
-1486
-1592
-1611
-1633
-1359
-930
-685
-434
-82
99
197
322
293
188
189
232
179
142
143
-15
-213
-257
-287
-371
-336
-262
-279
-164
17
36
45
129
139
67
-47
-171
-169
-54
77
155
150
146
204
286
341
397
486
501
470
447
372
232
143
174
204
311
482
545
480
365
309
287
286
269
177
15
-153
-294
-419
-485
-516
-576
-628
-591
-490
-392
-331
-301
-275
-260
-256
-201
-138
-121
-95
-66
-81
-85
-34
-10
-97
-154
-128
-91
-41
-5
-12
-22
27
66
83
118
141
115
77
57
56
57
47
53
55
82
116
137
168
172
151
117
93
125
168
177
156
122
125
158
139
52
-26
-39
-20
1
36
37
17
-9
-44
-74
-127
-162
-201
-213
-187
-187
-152
-116
-119
-115
-86
-56
-43
-23
-13
-12
-27
-80
-118
-96
-50
-17
-20
-24
14
16
-20
-27
-27
-13
44
68
35
24
10
-42
-46
-38
-46
-30
-11
23
27
36
64
54
58
72
69
85
101
93
76
54
46
51
47
10
-9
9
2
-10
-3
19
55
20
-24
-25
-49
-40
-6
-55
-121
-120
-114
-89
-50
-25
-30
-6
20
4
14
10
-11
-28
-35
-19
-17
-4
6
-6
-18
-18
-4
-2
16
27
20
-9
-17
-13
-7
16
5
-8
-30
-27
-13
-14
-4
1
7
23
50
43
42
54
38
43
40
25
17
10
-9
-10
0
-28
6
43
57
63
35
13
1
15
-12
-31
-13
-10
5
-11
-32
-26
-40
-43
-17
6
13
3
-5
3
2
-14
-5
5
-29
-7
27
0
-2
14
13
-2
-20
-37
-34
-31
-45
-54
-54
-49
-60
-69
-56
-47
-40
-5
21
10
19
29
10
9
14
2
1
17
8
-34
-40
-7
7
29
48
23
6
6
-12
-15
6
4
9
30
54
39
-10
-5
4
11
13
9
23
30
30
-5
-23
5
24
20
10
8
-10
-17
-35
-44
-18
-10
-13
-2
19
31
37
17
-17
-18
9
6
-9
-22
-56
-54
-24
-33
-73
-75
-66
-37
10
3
0
-2
-14
17
34
-6
-8
-19
-46
-28
-27
-15
-6
-14
-20
-17
18
33
13
4
13
6
-33
-42
-11
28
40
23
14
12
30
38
5
-21
3
38
28
30
31
2
-26
-16
10
13
56
67
36
34
34
30
35
44
24
-14
-36
-29
-16
-16
-44
-68
-59
-41
-41
-58
-50
-11
11
13
32
44
27
-13
-59
-47
-2
-3
-17
-26
-41
-25
-14
-30
-20
7
-13
2
36
-6
-30
-22
-30
-32
-26
-5
39
39
30
60
71
59
25
21
19
7
18
5
6
8
-2
7
10
21
40
29
30
37
29
29
23
13
-15
-20
-3
-19
-57
-71
-36
-14
-14
-6
-5
-14
-14
-5
0
1
15
11
-30
-18
20
13
-10
-14
-15
-15
-2
-3
-4
3
6
27
24
-4
-10
-16
-13
6
-4
-39
-33
20
46
41
36
27
27
34
14
-21
-41
-20
4
-1
20
30
35
28
4
-2
-23
-34
4
48
65
70
33
-4
7
1
-47
-63
-46
-48
-38
-31
-21
1
32
58
38
33
29
2
-5
-32
-52
-30
-23
1
15
2
17
26
17
11
7
-5
1
9
5
17
16
-3
-3
-1
-4
34
68
51
33
20
11
0
-5
7
24
17
-2
7
-10
-33
-50
-55
-11
21
37
17
-13
-17
-12
-4
11
51
41
25
40
24
27
29
-2
-25
-31
-27
-23
-9
16
2
-10
18
28
12
3
-8
-30
-21
0
13
27
16
-37
-73
-46
-30
-32
-22
-8
-1
-6
6
5
-13
-20
-24
-15
13
-6
-24
-5
-13
-18
-20
-8
24
28
20
23
9
-11
-12
-10
5
35
11
-5
40
36
25
48
42
26
16
-3
-14
17
21
-23
-38
-27
-20
-8
10
-3
-9
-4
-3
24
49
61
27
-27
-22
-2
7
19
-9
-26
-10
-11
-17
-21
-45
-62
-15
17
11
-5
-38
-43
-41
-27
-19
-6
30
30
1
-23
-12
11
10
-2
-8
-20
-19
-9
-10
-11
-3
10
27
37
16
-2
-10
-6
21
26
31
38
14
-6
-9
-2
8
10
7
6
-3
-15
-10
10
23
26
26
29
32
29
45
47
32
20
4
-10
-34
-28
-9
-24
-37
-41
-43
-29
7
16
2
11
0
0
21
-2
-4
-3
-36
-37
-13
-7
-16
-23
-46
-29
3
3
5
-7
-12
-9
-15
-15
-2
15
10
-3
6
24
35
25
7
-1
-8
5
7
-11
-16
-20
-5
3
-1
10
17
10
-5
-5
-27
-39
-8
8
-1
-21
-20
-11
-14
-5
-1
-3
6
4
12
8
6
8
-15
0
20
12
10
17
32
27
1
-5
-1
5
13
-2
0
18
22
29
25
1
-4
10
-2
-12
-7
-14
-19
-20
-17
-18
-10
21
40
54
34
-1
-2
12
4
-18
-9
-18
-12
13
-8
-13
-10
-22
-21
-12
6
0
-9
0
10
9
-36
-65
-54
-48
-47
-58
-53
-31
-12
6
13
5
0
19
33
45
65
47
3
-2
15
7
4
2
0
26
33
-2
-7
13
-1
-8
-10
-26
-16
6
14
19
13
-5
6
21
9
21
26
0
12
21
-20
-34
-29
-47
-29
-3
-26
-19
0
-27
-20
33
59
56
38
9
10
27
18
16
23
8
-14
-26
-40
-36
-35
-33
-2
12
22
42
36
7
8
19
0
2
17
5
0
-5
-3
0
-8
-2
-1
9
19
9
8
11
3
-16
-28
-21
-36
-41
-24
-17
12
40
31
0
10
31
5
-14
-30
-50
-9
43
31
-3
-18
-30
-17
17
8
-5
15
23
37
52
31
3
1
4
-7
-17
-20
-10
4
9
13
12
8
35
49
37
37
33
33
35
16
-26
-46
-29
-1
26
25
9
18
16
-8
-22
-27
1
40
28
-8
-18
-26
-23
-21
-42
-59
-54
-30
-9
18
24
-13
-30
-20
-2
18
19
0
-25
-35
-37
-24
-5
2
4
-7
-6
3
2
-6
-28
-30
2
34
41
27
10
4
21
28
27
28
11
3
14
25
20
26
28
16
24
24
8
10
32
31
20
33
21
-4
3
0
-13
-5
-6
-13
6
18
-9
-20
-16
-35
-28
0
2
-7
4
7
-15
-15
-17
-31
-29
-25
-10
-7
-23
-34
-31
-7
-1
-4
7
17
7
-1
-3
-5
9
10
-13
-34
-40
-38
-19
8
20
23
26
34
47
39
17
10
13
5
2
9
3
9
22
17
0
-9
-10
4
16
-1
-6
-5
-14
-16
-16
-30
-26
0
-15
-26
-16
-25
-36
-22
-10
-14
-10
-13
-19
-24
-28
-26
-21
-12
-16
-12
-8
-13
-22
-21
5
24
30
33
30
21
15
-7
-9
9
14
22
36
35
17
8
-18
-30
-7
8
-3
7
28
20
20
18
7
5
15
9
-10
0
13
20
38
37
-1
-27
-26
-33
-37
-12
-8
-10
2
-13
-18
-6
-14
-28
-27
-15
-5
2
-5
-21
-21
-15
-4
22
19
2
-4
-14
-26
-17
-14
-24
-12
-11
-16
0
10
4
16
30
21
7
5
-1
-13
-1
-5
-22
-16
10
23
16
18
6
-3
11
2
-3
17
15
13
26
16
1
-3
-9
-20
-12
0
0
20
12
-8
-4
-13
-29
-20
-14
-20
-17
-18
-16
7
8
-9
-5
-11
-7
1
-7
-12
-21
-19
-14
-9
6
2
-6
-6
-3
3
-11
-27
-34
-21
-6
-15
-24
-23
-17
-12
14
26
5
5
6
-16
-25
-30
-33
-9
16
18
22
17
0
-1
-5
-14
-19
-8
-5
-13
-10
-13
-14
-9
2
32
44
30
11
2
-8
-9
3
-4
-2
5
-3
-13
-11
-10
-7
6
13
8
-1
-6
-10
2
14
5
-1
-5
-5
-13
-13
0
-14
-30
-27
-17
-19
-17
-14
-14
0
0
-17
-21
-11
-15
-17
-4
-14
-19
1
5
-4
-7
-12
-10
1
5
4
-7
-15
-17
-19
-6
3
-2
7
19
23
12
5
6
-14
-35
-35
-29
-10
24
37
40
36
24
17
13
-2
-21
-17
-15
-9
1
5
3
-10
-33
-27
-2
-3
-11
-9
1
3
2
-6
-20
-11
-9
-19
-8
4
0
-3
-5
-23
-30
-23
-27
-30
-17
-5
-18
-19
-5
0
4
4
-6
-15
-11
-11
-10
0
-2
-6
-1
2
-9
-18
-20
-16
-1
4
-1
7
5
1
11
21
20
18
19
10
4
9
20
17
8
4
0
-13
-24
-29
-24
-16
-9
-3
3
12
5
1
-9
-13
-7
-17
-24
-26
-26
-31
-23
-23
-16
4
-4
-10
-2
0
-1
13
16
0
-5
-13
-17
-8
-16
-31
-20
0
0
-8
-7
-8
-6
2
5
0
-2
-1
7
9
2
0
1
3
8
19
12
-2
-3
-3
7
8
11
13
5
9
4
9
20
23
16
1
-11
-33
-38
-24
-14
-17
-11
1
-6
-9
-4
-17
-29
-27
-23
-2
6
-1
7
21
28
30
37
26
20
11
-4
-3
-9
-18
-22
-17
-17
-15
3
8
11
16
-10
-14
2
-12
0
4
-9
-6
-7
0
0
0
4
13
23
20
53
66
24
-7
-16
-24
-13
14
11
5
21
7
-28
-27
-28
-37
-22
-11
0
8
3
8
19
9
1
1
3
1
4
18
7
-1
10
25
11
4
17
4
7
16
8
6
13
8
-6
8
8
-17
-14
-11
-14
0
-9
-39
-31
-29
-44
-22
5
0
17
41
8
4
7
-14
-11
-1
20
13
2
-11
-34
-24
-22
-3
5
4
38
39
21
18
9
0
16
31
54
86
75
31
-5
-26
-45
-37
-14
-3
10
14
-2
-3
-7
-27
-29
-8
18
31
46
43
16
-3
-25
-17
1
11
28
20
-17
-34
-41
-67
-43
0
13
1
10
13
4
7
1
8
-10
-3
14
6
15
18
-1
-10
-2
-12
-20
10
18
-19
-13
8
19
22
-3
-11
-13
-11
0
13
28
16
3
7
-2
-17
-23
-21
-15
15
23
10
17
34
28
-13
-7
33
28
34
54
26
-12
-29
-24
-30
-23
8
28
31
8
-3
-20
-36
-20
-7
-5
-16
0
-17
-27
2
-32
-29
6
16
28
43
18
-2
-2
-23
-19
6
20
16
21
-5
-23
2
4
-6
4
18
5
-5
-16
-21
-18
-23
-10
-7
-32
-41
-20
4
18
15
26
24
3
7
-5
-2
18
26
30
29
20
-13
-27
-20
3
31
30
24
-5
-29
-27
-16
20
37
20
6
6
0
-14
-33
-41
-12
27
17
2
12
-7
-17
-2
3
13
32
15
-4
7
-4
-7
-6
-13
1
-10
-30
-40
-22
-9
-24
-29
-32
-26
-20
-14
-18
2
5
-1
37
42
22
10
20
-1
-10
8
7
17
26
12
-2
7
-5
2
-7
-18
10
1
-10
7
7
-24
-27
-22
-27
-18
-4
21
37
28
-10
-21
-6
-10
-15
-10
12
7
-9
-30
-48
-54
-43
-1
14
16
24
11
-37
-54
-34
-25
15
59
52
4
-37
-52
-34
-9
16
55
26
-7
7
3
2
35
60
27
8
-8
-24
5
32
39
39
21
-33
-38
-43
-51
7
47
45
30
17
-17
-46
-31
17
37
27
29
18
-6
-26
-15
-6
6
21
11
-3
-29
-31
-6
8
17
28
8
-33
-24
-5
1
10
11
-3
-31
-38
-16
-5
3
19
17
-20
-46
-24
-3
7
28
39
36
5
-16
-11
-18
6
51
41
-1
-23
-38
-36
-9
20
43
39
44
46
17
24
71
79
43
26
6
-30
-27
4
14
-5
-9
-21
-46
-52
-44
-23
-4
5
-9
-17
-37
-56
-17
26
22
5
-2
-23
-31
-14
3
22
24
14
10
-8
-32
-27
-1
1
1
12
6
-7
11
39
41
41
24
-34
-73
-60
-25
19
50
43
-12
-60
-66
-43
-2
32
68
73
30
-14
-36
-31
-4
39
78
64
16
-22
-38
-9
35
56
31
-14
-43
-66
-72
-52
-7
20
17
3
-20
-37
-39
-2
47
44
10
-17
-27
-22
-14
13
34
31
32
10
-13
-11
7
26
20
10
-7
-29
-21
-7
8
7
-4
8
9
-3
-14
-7
8
-8
-23
-25
-19
-18
-13
-7
-27
0
44
30
8
-11
-39
-48
-5
38
20
-6
-7
-12
-45
-53
2
5
-5
20
21
0
-32
-33
-7
51
93
38
-24
-46
-32
15
77
85
28
-22
-64
-53
21
73
63
51
42
-24
-56
4
60
67
73
52
-7
-36
-17
34
89
126
85
-26
-87
-91
-44
56
106
29
-86
-137
-126
-78
-21
7
-13
-45
-79
-134
-148
-93
-25
15
31
-19
-162
-226
-123
4
76
85
1
-105
-101
-25
32
58
51
17
-3
11
1
-2
46
99
103
64
8
-33
23
143
223
204
130
57
37
119
227
250
197
148
96
77
130
183
183
156
124
57
16
23
-2
-32
-23
-25
-78
-158
-235
-253
-177
-105
-118
-209
-311
-357
-297
-152
-96
-167
-248
-263
-233
-171
-100
-119
-147
-106
-82
-92
-75
-44
-41
-19
36
21
-51
-31
61
114
132
125
73
30
83
181
230
239
221
184
172
214
233
230
258
256
214
191
204
219
232
254
274
291
261
193
162
184
216
196
112
4
-104
-182
-169
-119
-159
-280
-361
-353
-361
-366
-339
-359
-402
-397
-395
-472
-470
-370
-339
-340
-309
-332
-417
-347
-154
-91
-105
-45
-24
-58
57
203
189
177
220
214
207
285
313
237
232
288
268
242
295
313
258
239
248
214
193
220
237
225
220
222
203
217
286
338
319
287
284
262
265
312
274
132
27
-11
-70
-115
-138
-201
-302
-399
-437
-456
-487
-500
-514
-563
-615
-619
-606
-569
-481
-409
-429
-450
-373
-285
-201
-91
-24
-34
-21
60
116
151
186
184
174
171
154
153
190
220
178
112
61
42
96
159
176
158
115
78
97
162
181
162
155
165
202
265
333
373
408
439
473
530
548
523
512
509
451
355
273
186
80
17
-36
-184
-322
-368
-394
-446
-478
-537
-700
-742
-593
-536
-622
-623
-575
-655
-618
-378
-307
-384
-284
-155
-185
-100
79
32
-6
185
247
105
156
267
138
118
276
199
-13
21
111
35
57
138
28
-57
60
112
52
116
166
73
86
237
257
197
283
340
298
366
495
483
452
519
488
429
512
557
428
362
352
160
8
86
90
-136
-251
-285
-466
-526
-396
-429
-628
-644
-619
-711
-646
-460
-500
-630
-491
-392
-506
-450
-224
-202
-260
-107
-26
-91
11
181
146
115
215
176
99
212
249
93
75
156
90
-1
28
9
-71
14
92
57
72
100
70
101
215
190
117
189
274
271
288
349
333
348
459
515
494
473
474
501
550
515
396
256
161
171
187
80
-87
-207
-323
-415
-365
-313
-498
-674
-605
-568
-634
-541
-473
-649
-669
-467
-463
-506
-303
-235
-363
-240
-47
-125
-137
116
165
31
138
252
129
138
264
143
47
161
144
5
56
99
-45
-19
121
64
-28
53
87
47
174
239
121
104
214
238
273
384
344
242
313
439
421
399
433
395
362
436
493
412
307
219
136
94
72
30
-104
-258
-342
-354
-355
-365
-353
-479
-661
-638
-492
-477
-482
-418
-533
-651
-482
-254
-259
-265
-184
-261
-279
-47
104
0
32
151
58
33
215
257
54
70
181
50
5
139
108
-49
65
149
-11
2
161
131
44
203
228
51
108
236
189
167
300
281
169
252
382
376
367
427
343
276
416
508
421
340
294
152
77
152
132
-47
-143
-185
-346
-398
-308
-335
-467
-502
-500
-549
-496
-397
-429
-523
-507
-461
-447
-350
-264
-272
-284
-207
-117
-85
-20
58
78
53
88
114
68
145
253
190
69
73
78
66
205
221
43
-37
36
73
88
197
153
17
58
158
139
137
221
189
142
216
260
200
248
375
351
319
353
344
299
370
428
304
203
158
98
68
117
70
-109
-202
-259
-277
-229
-185
-310
-478
-501
-513
-439
-352
-393
-507
-560
-511
-425
-290
-242
-286
-331
-296
-210
-113
13
17
-21
-11
36
110
202
235
142
81
19
52
182
235
151
10
-21
-32
87
237
188
66
7
50
115
256
293
131
40
116
219
249
324
270
142
199
325
356
336
388
325
260
349
392
289
193
193
91
52
149
102
-114
-234
-238
-314
-256
-182
-335
-526
-498
-402
-423
-365
-386
-547
-592
-428
-298
-323
-304
-350
-382
-251
-74
-60
-131
-88
-69
3
128
182
103
38
49
36
132
197
172
106
66
24
5
144
200
160
111
77
61
123
247
215
142
92
87
143
249
321
230
151
140
211
294
354
358
257
213
252
353
375
307
205
80
37
90
161
49
-82
-155
-269
-281
-169
-151
-336
-402
-378
-422
-383
-288
-372
-530
-437
-360
-397
-333
-266
-330
-356
-197
-157
-192
-112
-61
-92
-69
51
47
33
114
130
69
31
117
180
180
160
104
46
68
220
271
186
97
67
99
183
306
239
55
5
102
199
239
262
138
24
120
283
335
287
237
164
165
289
359
277
176
134
68
40
88
129
50
-81
-156
-221
-230
-160
-71
-163
-358
-410
-394
-331
-214
-172
-366
-567
-495
-359
-269
-183
-234
-429
-454
-229
-75
-37
-27
-111
-208
-114
86
149
122
74
0
-60
25
210
245
163
61
6
5
126
320
286
99
5
52
140
294
381
182
-35
-4
151
242
312
262
34
-30
159
312
307
272
180
71
160
327
344
234
148
93
68
111
133
64
-64
-108
-99
-150
-194
-161
-178
-285
-310
-308
-344
-305
-222
-267
-379
-395
-393
-345
-239
-215
-294
-344
-301
-233
-121
-86
-182
-166
-65
-30
0
39
-3
-27
97
168
110
110
135
109
156
258
203
107
147
182
156
194
239
157
103
159
172
152
182
194
136
124
164
165
169
199
204
140
102
157
231
254
210
119
49
79
142
155
122
0
-136
-138
-67
-47
-72
-154
-306
-357
-246
-199
-263
-275
-326
-457
-399
-238
-284
-408
-380
-357
-390
-269
-176
-259
-270
-150
-117
-115
5
61
19
42
112
105
110
204
232
175
148
172
182
184
255
257
179
180
226
217
198
221
178
102
133
187
128
67
77
63
73
131
146
109
93
117
140
167
185
165
130
116
122
147
156
92
38
10
-41
-51
-27
-58
-139
-173
-211
-251
-215
-214
-285
-343
-347
-336
-288
-233
-288
-376
-399
-336
-251
-212
-221
-246
-232
-194
-109
-14
0
-28
6
56
70
146
204
172
154
171
165
168
247
261
205
185
173
166
192
230
180
102
82
94
136
176
145
53
3
27
96
156
128
69
44
64
130
186
179
109
60
77
113
135
131
69
-3
-14
-27
-58
-53
-43
-73
-118
-173
-218
-218
-171
-149
-223
-319
-370
-336
-245
-190
-229
-362
-429
-344
-185
-82
-120
-238
-308
-221
-47
65
60
-30
-103
-34
134
215
193
133
61
71
198
267
231
199
154
98
153
261
250
177
147
118
125
195
215
159
106
78
54
93
168
148
74
35
43
80
116
128
135
110
53
44
49
64
80
47
-43
-97
-85
-72
-31
-32
-115
-182
-177
-141
-110
-90
-147
-220
-216
-226
-233
-178
-184
-265
-270
-256
-260
-181
-138
-209
-233
-171
-153
-130
-47
-58
-122
-83
-20
-4
47
74
25
20
88
143
159
166
157
152
193
237
253
249
226
194
180
183
196
215
167
101
97
104
127
170
139
31
-6
73
156
156
81
-27
-64
54
180
169
46
-94
-130
-18
135
131
-61
-250
-220
-19
103
2
-205
-293
-219
-51
25
-113
-288
-345
-270
-125
-57
-196
-361
-328
-251
-190
-125
-198
-303
-233
-124
-136
-98
-49
-105
-59
45
29
-14
59
116
106
137
154
137
161
246
263
205
186
196
221
252
260
216
143
138
192
209
171
128
84
62
111
136
83
54
65
41
38
100
100
37
-14
0
36
41
44
21
-47
-122
-94
-14
0
-40
-106
-170
-168
-91
-37
-62
-142
-198
-195
-181
-131
-93
-183
-279
-251
-215
-186
-126
-169
-259
-237
-166
-145
-103
-69
-150
-182
-94
-23
3
20
16
-13
31
130
164
159
159
162
171
221
270
242
200
192
190
199
223
202
146
118
100
118
145
119
60
36
41
54
84
52
-4
-27
-24
-4
23
44
5
-47
-39
-14
-7
3
-27
-68
-73
-74
-24
0
-44
-92
-128
-113
-68
-23
-56
-125
-150
-164
-108
-43
-65
-171
-247
-198
-86
-30
-77
-157
-231
-185
-48
-2
-43
-96
-127
-114
16
112
65
-8
-26
28
95
160
153
105
106
151
185
169
192
171
134
195
222
142
106
167
159
156
148
18
-52
47
98
58
73
2
-147
-105
85
95
-23
-55
-128
-176
-10
109
-50
-133
-83
-173
-120
114
61
-118
-88
-98
-131
46
76
-87
-114
-107
-121
-46
37
-34
-126
-142
-129
-74
-20
-3
-78
-161
-141
-48
-7
8
13
-148
-182
-21
10
-5
19
-73
-148
-18
95
143
158
80
12
86
217
251
221
141
76
102
199
240
189
137
81
27
93
185
67
40
99
-41
-67
60
-23
-115
51
2
-208
-84
-7
-117
-53
30
-85
-196
-77
10
-53
-16
-27
-130
-117
-7
36
-8
-21
19
-36
-81
73
20
-86
13
-26
-119
-58
-25
-82
-38
-32
-126
-172
-90
-35
-47
-12
-97
-143
-14
44
-12
24
46
-48
35
144
58
88
169
44
67
233
170
128
223
127
77
174
146
147
116
13
31
65
22
57
47
-117
-120
21
-13
-98
-36
-121
-228
-56
22
-151
-193
-117
-119
-54
1
-45
-129
-100
47
30
-40
-14
-39
-77
20
59
-33
-43
-17
-41
-24
17
-23
-30
-36
-47
-40
-54
11
42
-4
-46
-29
-10
7
84
77
11
21
45
76
110
85
56
59
92
103
119
102
85
109
94
76
76
87
65
86
66
-17
4
-9
-10
25
-24
-90
-67
-29
-92
-91
-72
-108
-65
-13
-74
-115
-64
-49
-29
-31
-72
-109
-87
0
38
0
-80
-129
-47
20
27
46
-38
-127
-50
57
60
35
-10
-53
-39
21
95
73
-27
4
41
-77
-51
105
58
-46
-4
0
-67
10
151
70
-33
61
35
-10
146
156
34
14
31
-16
33
128
34
-51
-7
-1
-13
75
34
-73
-16
-9
-54
2
20
-52
-40
-41
-79
1
-8
-68
1
13
-94
-59
74
5
-43
7
-61
-88
70
52
-99
-24
-29
-71
81
87
-72
-74
-37
-46
58
80
-98
-120
-1
3
23
95
18
-103
-63
33
107
65
-14
-1
0
-4
65
135
37
-67
24
24
-51
70
146
-13
-85
60
41
-18
115
103
-47
-47
15
23
81
46
-64
-11
13
-9
68
57
-81
-27
38
-71
34
98
-87
-122
24
-1
-54
53
9
-88
-41
13
-27
13
27
-70
-76
-51
-8
-6
2
14
-121
-137
20
117
121
53
4
11
25
34
42
11
-35
-104
-162
-103
-26
-80
-131
-123
-125
-112
-64
-10
11
7
10
41
105
176
124
70
119
130
98
73
77
106
58
-2
69
40
-54
-16
-5
-49
-13
-54
-110
-46
-28
-54
-71
-13
26
-12
-7
27
30
25
38
20
14
15
13
44
2
-41
-38
-48
11
50
-37
-121
-65
-16
-26
1
-16
-73
-102
-2
99
48
8
-32
-11
73
86
75
30
28
57
48
42
51
41
-40
-32
42
-11
-53
-33
-28
-19
-6
-32
-112
-57
14
-28
-8
0
-53
-95
4
105
18
-40
-44
-34
25
77
39
-85
-84
-43
-12
47
32
-40
-133
-82
37
64
36
-40
-77
-58
8
62
54
10
-57
-47
10
62
80
37
6
-8
13
50
83
102
74
14
-13
32
63
60
68
38
0
-17
-7
33
56
18
-54
-41
-23
-8
17
-9
-10
-67
-88
-20
12
22
-40
-78
-57
-50
-3
21
9
-46
-84
-69
-20
38
-14
-61
-69
-97
-60
-7
-6
-47
-73
-81
-76
26
79
-6
-95
-54
25
58
138
116
-25
-56
44
142
180
150
33
-38
54
161
189
129
63
16
0
102
156
88
-6
-46
-27
9
24
28
11
-61
-98
-96
-54
28
43
-24
-103
-110
-65
-25
4
-3
-51
-116
-87
-6
-7
-46
-74
-79
-51
-38
-57
-80
-78
-64
-64
-73
-77
-76
-73
-27
23
-17
-98
-84
21
104
73
4
-15
6
78
153
162
108
68
56
120
236
219
110
42
62
132
172
152
50
-16
-3
3
66
111
-9
-143
-114
-11
9
-12
-48
-150
-165
-70
-30
-37
-34
-74
-159
-120
-7
-20
-59
-42
-66
-123
-90
4
18
-8
-62
-138
-138
-38
47
-17
-91
-101
-107
-61
40
71
-56
-119
-43
-5
65
109
17
-30
30
89
105
136
152
106
117
189
203
185
180
182
186
186
147
100
120
134
119
109
44
-20
-38
-14
24
33
-27
-180
-207
-85
-26
-57
-125
-215
-255
-126
-15
-59
-126
-174
-153
-67
25
9
-145
-168
-40
3
-47
-71
-100
-160
-106
-17
-80
-151
-112
-82
-88
-43
-44
-150
-123
37
48
-18
-3
-2
-7
73
159
109
56
132
174
174
213
213
173
193
257
249
170
159
191
163
147
161
125
67
73
79
43
44
63
38
2
-31
-68
-71
-47
-28
-101
-186
-161
-102
-46
-89
-203
-226
-189
-100
-28
-73
-176
-256
-194
-73
-5
-66
-185
-228
-213
-103
-20
-79
-165
-174
-141
-111
-41
3
-85
-113
-12
15
-1
42
71
60
73
96
73
77
180
231
203
176
151
164
222
297
307
212
138
160
223
253
228
166
88
104
201
210
123
34
17
76
120
81
-65
-176
-80
40
-4
-123
-213
-260
-199
-38
-12
-197
-337
-268
-118
-23
-6
-143
-306
-259
-100
-30
-113
-195
-252
-285
-172
-44
-94
-245
-234
-138
-134
-132
-111
-100
-90
-15
20
-47
-14
83
116
123
133
86
34
139
289
289
179
110
112
177
288
315
221
109
94
153
218
252
187
88
41
109
212
173
118
102
44
13
41
82
57
17
17
-70
-181
-151
-60
-51
-83
-117
-256
-337
-115
82
-39
-206
-233
-258
-189
60
71
-220
-335
-230
-176
-105
0
-170
-394
-260
-85
-119
-148
-96
-147
-171
-47
-33
-78
-23
41
28
35
89
69
78
173
209
175
146
164
218
251
219
195
219
222
203
192
177
169
199
206
130
125
175
144
146
209
136
-27
30
177
138
46
1
-76
-90
44
50
-140
-190
-148
-179
-112
13
-100
-322
-247
-37
-42
-103
-123
-234
-276
-120
-55
-139
-143
-204
-363
-287
-66
-93
-224
-207
-196
-254
-188
-34
-28
-77
-99
-154
-89
90
139
38
17
71
63
100
228
260
174
144
173
184
222
223
188
207
198
129
111
188
234
197
151
112
88
132
198
196
140
73
17
49
167
171
53
-61
-96
-32
9
20
-38
-168
-202
-146
-53
-5
-90
-200
-177
-142
-128
-74
-102
-138
-169
-204
-210
-191
-126
-127
-188
-237
-224
-215
-163
-43
-111
-187
-170
-134
-33
9
11
-51
-80
16
65
55
77
115
79
100
179
166
182
220
219
179
163
195
184
219
258
161
95
167
223
187
162
129
95
169
187
151
112
78
106
83
90
51
-18
18
14
-46
-123
-144
-131
-40
-15
-202
-227
-157
-80
-53
-88
-87
-211
-171
-62
-54
-83
-196
-276
-308
-140
-74
-234
-289
-269
-264
-297
-136
-42
-207
-248
-187
-104
-2
75
-31
-159
9
116
66
118
197
93
16
197
268
211
224
219
177
177
231
190
195
290
215
89
139
254
210
139
161
140
150
130
119
182
142
123
93
68
68
37
42
32
43
-64
-179
-133
-10
23
-188
-212
-153
-189
-71
-31
-113
-187
-161
-180
-145
14
-90
-298
-304
-124
-143
-213
-94
-242
-382
-215
-100
-143
-123
-158
-270
-100
84
-5
-150
-75
54
14
81
135
5
5
161
176
141
183
120
115
237
262
165
140
248
253
191
185
192
189
213
212
137
135
140
127
169
151
86
37
64
150
166
76
-41
-100
-77
2
50
34
-158
-509
-519
-156
120
164
-131
-498
-485
-91
298
312
100
-221
-443
-255
97
156
-115
-275
-343
-373
-217
-145
-130
-54
-18
-149
-257
-122
-27
46
117
59
-129
-247
-82
102
242
216
10
-73
27
216
280
275
228
126
87
124
241
244
175
117
62
107
110
122
184
221
184
60
45
104
190
230
153
75
18
26
47
107
140
11
-102
-132
-107
-103
-79
-37
-118
-173
-188
-184
-90
14
9
-118
-152
-108
-98
-68
-74
-123
-170
-158
-178
-245
-205
-155
-116
-97
-128
-190
-233
-118
-5
9
-29
-105
-128
-78
37
70
30
29
39
57
72
128
172
191
191
121
70
81
137
159
150
106
26
20
65
135
168
115
54
32
68
110
122
136
129
93
56
34
42
81
103
65
8
-34
-82
-81
-18
18
2
-48
-101
-118
-85
-21
20
16
-43
-91
-117
-99
-34
-34
-61
-101
-151
-176
-144
-94
-125
-148
-138
-117
-110
-95
-79
-105
-70
-26
-39
-54
-43
-32
-20
44
63
12
24
75
105
125
139
109
86
125
125
82
64
83
85
68
86
98
66
58
89
92
84
116
125
103
104
67
34
84
143
94
0
-7
-5
3
28
18
-37
-92
-87
-77
-33
-18
-100
-114
-44
-1
-41
-85
-85
-84
-64
-73
-104
-125
-153
-171
-158
-104
-112
-165
-163
-129
-87
-70
-62
-64
-70
-62
-47
-4
18
-9
-47
-21
50
73
54
46
72
93
95
101
110
109
93
76
85
89
62
58
114
141
81
33
47
96
115
97
74
61
76
56
43
81
81
47
46
67
38
-2
-22
-37
-8
-2
-42
-78
-67
-47
-71
-63
-31
-18
-51
-83
-73
-73
-68
-87
-95
-82
-134
-175
-176
-145
-113
-119
-115
-91
-67
-78
-85
-40
18
24
-7
-3
4
5
37
51
50
39
14
19
52
98
100
73
95
111
77
55
92
114
91
81
57
48
38
22
31
39
53
25
-3
27
62
51
20
24
35
59
60
17
-27
-55
-26
5
23
-4
-85
-116
-93
-45
-43
-70
-92
-115
-102
-103
-102
-93
-77
-67
-112
-127
-131
-144
-81
-20
-39
-113
-153
-117
-42
37
27
-43
-54
4
35
41
81
84
65
80
76
52
61
106
126
112
89
38
20
81
142
128
100
101
68
58
94
98
74
46
12
-2
35
53
22
12
39
44
-10
-17
16
40
70
14
-51
-61
-30
6
14
-22
-126
-152
-80
-10
-16
-83
-138
-162
-91
-42
-75
-90
-106
-125
-135
-109
-103
-121
-72
-56
-78
-80
-60
-41
-12
62
44
-4
15
36
60
81
78
38
22
60
76
83
78
47
39
67
92
61
73
123
111
83
60
47
64
101
101
43
37
58
53
61
50
19
5
30
31
6
3
-7
-13
-7
2
-12
-30
-19
-12
-22
-51
-86
-93
-35
9
-48
-101
-119
-110
-59
-23
-51
-140
-166
-112
-45
-5
-27
-93
-112
-40
25
23
7
-18
-26
-22
-19
-10
4
52
71
46
27
21
24
63
117
121
80
28
10
42
98
106
60
26
13
16
48
67
46
48
78
96
81
52
48
59
67
62
10
-38
-26
8
21
0
-41
-65
-58
-16
24
16
-19
-54
-74
-52
-22
-21
-34
-49
-72
-77
-46
-37
-54
-67
-46
-18
-29
-41
-41
-28
-10
-22
-42
-31
-14
-10
-12
-19
-19
-31
-33
-11
34
61
31
11
31
66
87
99
71
44
64
71
56
14
-22
-29
6
78
64
-26
-69
-31
38
69
77
24
-24
14
28
11
-12
-20
-28
-27
17
6
-48
-77
-52
-15
2
-2
-53
-81
-61
-22
13
12
0
-33
-28
-3
-23
-24
-3
10
-6
-40
-64
-44
18
23
-4
-10
-30
-16
23
51
52
24
16
-7
-5
22
29
41
57
44
-22
-15
52
93
124
99
40
0
17
22
6
43
48
-17
-68
-44
-37
-51
-18
30
53
2
-58
-68
-14
80
79
9
-49
-88
-74
-29
17
14
-26
-44
-59
-46
-45
-46
0
58
72
-30
-107
-74
-8
39
9
-44
-70
-68
-68
-47
28
44
-2
-33
8
63
39
4
-8
13
47
33
1
2
12
-20
-23
50
84
47
8
17
36
36
39
34
39
28
-31
-75
-17
65
47
4
-2
12
12
10
47
75
54
-28
-88
-46
30
22
-37
-27
-10
-41
-50
-5
45
54
5
-74
-74
4
16
-14
-8
-22
-91
-134
-78
-15
21
27
-36
-83
-62
-25
0
77
136
30
-125
-112
16
91
90
0
-81
-27
38
-16
-38
54
87
33
35
50
-10
-19
52
84
90
55
-57
-101
2
71
17
10
63
42
15
14
-10
2
59
81
34
7
-20
-95
-51
94
109
-9
-79
-63
-6
54
14
-65
-24
30
-34
-105
-71
-24
-2
34
2
-87
-109
-61
-31
22
65
-18
-84
-36
-12
-64
-58
2
15
32
24
-48
-62
15
1
-56
36
114
54
-6
-38
-77
-41
51
37
-5
57
57
-46
-24
91
84
21
35
33
2
31
12
-51
18
103
32
-31
10
15
13
90
106
19
-13
0
-3
36
78
7
-66
-9
9
-86
-103
-23
15
21
23
-28
-62
-26
-18
-50
-11
30
-45
-92
-47
-41
-87
-88
-33
30
74
56
-24
-54
-6
26
33
44
17
-54
-67
-31
-31
-33
-11
7
24
33
4
-26
18
73
64
24
-9
-10
14
44
33
-7
-12
-4
9
37
64
62
39
9
-20
-9
18
17
-1
6
32
36
-2
-33
-19
3
-4
-20
0
21
17
-10
-43
-30
5
7
-22
-24
-1
-12
-35
-43
-52
-57
-30
17
44
38
2
-40
-52
-13
-4
-36
2
34
-13
-68
-87
-68
-26
40
52
1
-12
-2
-16
-5
40
21
-18
6
13
-24
-12
17
10
14
18
-24
-59
0
79
69
59
54
-33
-89
-30
24
33
60
33
-44
-57
-31
-46
-14
90
111
43
-10
-54
-90
-43
37
34
4
-4
-36
-63
-26
-1
-10
27
55
-2
-47
7
35
3
-9
-18
-38
-3
45
0
-36
26
56
11
-15
-33
-50
-4
57
44
-3
-17
-17
-42
-48
-22
11
77
118
57
-46
-78
-38
23
71
44
-31
-36
-1
-14
-37
-5
38
71
82
31
-37
-57
-21
20
30
40
36
-8
-38
-41
-40
-38
0
47
60
36
-37
-96
-75
10
76
54
-20
-78
-75
-30
13
48
55
28
-11
-72
-110
-61
40
96
63
-14
-94
-117
-36
67
81
59
49
9
-45
-54
-37
0
88
116
26
-51
-39
-13
3
43
51
34
45
18
-54
-37
46
67
40
13
-23
-41
6
35
6
18
24
-6
-26
-26
-34
-14
81
102
5
-64
-54
-26
18
55
3
-51
-34
-46
-86
-83
-42
-14
29
64
-3
-80
-63
-17
-7
23
22
-25
-4
36
9
-62
-74
-24
11
61
85
-3
-88
-65
-11
29
64
54
15
32
44
-12
-60
-14
54
42
17
-27
-84
-28
75
81
37
27
11
-14
2
37
56
68
78
10
-77
-66
-29
-4
61
100
44
-14
-58
-108
-79
23
100
102
49
-43
-133
-135
-67
-7
52
94
47
-38
-70
-92
-114
-55
52
95
48
-27
-86
-93
-48
-38
-44
10
64
64
5
-61
-87
-63
-7
21
31
43
41
16
2
0
-35
-54
-7
70
107
65
