-33
-16
0
6
15
32
40
36
26
17
15
14
3
-7
-16
-36
-48
-40
-23
-11
-7
5
36
57
51
23
-8
-13
0
7
0
-16
-25
-27
-31
-33
-26
-3
36
64
61
37
13
-8
-21
-17
-8
1
0
-27
-60
-55
-23
-8
-12
-1
39
68
46
-5
-35
-26
-2
11
13
7
-8
-26
-35
-20
-3
1
9
20
23
11
-13
-29
-34
-28
-6
17
31
31
11
-8
-5
13
37
47
29
-4
-34
-42
-31
-26
-30
-27
-1
24
20
5
-5
-6
11
31
41
38
5
-37
-35
3
30
25
6
5
20
20
5
-12
-20
-9
11
21
10
-29
-57
-34
14
38
22
3
7
6
-20
-36
-14
21
30
24
41
61
30
-41
-71
-17
53
48
-15
-49
-50
-65
-84
-62
13
90
100
68
55
40
-3
-22
20
76
57
-32
-90
-92
-103
-134
-94
39
144
125
28
-21
12
23
-13
-13
49
84
2
-121
-144
-87
-43
-12
59
156
153
24
-91
-102
-32
13
-15
-20
14
7
-42
-86
-73
-9
52
129
177
125
8
-114
-142
-56
-1
10
33
44
36
-24
-105
-108
-53
8
81
137
112
-14
-155
-181
-77
47
108
128
148
119
7
-114
-151
-95
-12
32
58
64
-3
-93
-114
-52
50
116
130
129
98
6
-108
-181
-159
-74
-17
12
39
60
79
75
40
24
25
41
67
43
-17
-77
-147
-198
-185
-96
29
129
212
231
190
150
28
-117
-146
-130
-54
27
-47
-177
-275
-262
-52
159
268
353
381
331
168
-70
-188
-165
-140
-178
-223
-213
-206
-231
-232
-116
179
435
451
379
297
165
44
-83
-183
-160
-191
-338
-354
-241
-126
-70
-104
6
311
494
475
335
174
103
-9
-160
-211
-249
-295
-295
-244
-129
-65
-108
-96
64
284
425
432
336
183
-17
-194
-219
-129
-62
-73
-114
-133
-165
-197
-143
-12
142
232
239
255
189
-8
-190
-241
-38
187
75
-134
-189
-132
-20
-37
-89
62
231
271
191
18
-57
-52
-74
-22
4
-113
-275
-352
-187
38
58
62
118
207
374
340
162
137
77
-18
-67
-233
-369
-387
-371
-237
-69
6
77
200
314
332
269
242
242
144
-54
-281
-394
-296
-165
-115
-54
21
93
164
230
253
186
150
91
-89
-235
-400
-439
-203
-163
-203
41
191
291
380
175
203
476
321
48
-72
-218
-237
-289
-435
-335
-148
-43
39
63
123
105
-16
57
236
293
146
-116
-127
18
20
-27
-85
18
271
237
39
-109
-314
-305
-168
-144
49
108
-140
-119
-29
-20
216
241
108
225
175
6
-87
-299
-364
-181
66
246
210
104
65
108
128
29
27
-16
-165
-251
-440
-332
-19
-195
-281
-61
156
610
723
356
232
153
20
-44
-226
-238
-142
-246
-321
-282
-157
-39
-108
-25
437
767
599
90
-413
-452
-120
-37
-169
-180
-169
-87
4
-90
31
344
419
435
426
293
91
-233
-500
-530
-308
-75
-202
-302
-142
-5
242
216
-11
295
498
438
369
-176
-388
-153
-385
-412
-116
-34
211
238
-123
-91
112
151
340
517
482
237
-309
-734
-697
-476
-186
14
106
169
-84
-265
-61
238
637
755
598
601
309
-304
-722
-811
-461
-128
-114
-37
-146
-324
-137
-21
201
669
642
373
351
119
-294
-459
-543
-446
-126
-205
-282
155
313
253
271
103
372
738
401
-73
-447
-611
-459
-423
-413
-315
-210
6
196
334
417
436
492
472
504
363
-146
-396
-555
-702
-445
-400
-294
128
68
56
123
-45
212
393
514
808
581
168
-330
-738
-653
-547
-219
46
-23
159
-115
-491
-201
-109
354
1057
883
632
156
-589
-613
-467
-238
59
-106
-118
-121
-117
198
13
-93
232
442
792
547
-302
-701
-690
-422
-237
-151
92
147
252
245
34
327
467
241
300
256
77
-123
-473
-716
-756
-540
-117
312
496
246
-37
-95
-7
171
109
189
544
276
-212
-493
-683
-207
298
309
429
293
-141
-195
-151
-268
-333
-478
-407
231
587
63
-468
-428
4
667
866
376
62
77
-52
-126
-177
-605
-804
-463
-24
482
498
-109
-339
-140
179
566
626
418
169
-44
-185
-269
-185
-365
-511
-40
278
334
244
-172
-406
-286
160
498
435
296
-162
-436
-109
-31
47
166
18
484
770
152
-165
-335
-331
208
154
-221
-326
-618
-557
-366
-313
198
337
362
792
688
530
273
-179
116
233
-28
-70
-545
-818
-613
-775
-564
-11
-10
156
375
285
592
593
179
224
197
78
129
7
-65
-159
-443
-644
-582
-181
62
-35
41
102
39
-30
-326
-243
212
185
177
236
31
147
-54
-513
-79
311
147
184
-74
-498
-273
-314
-606
-116
23
-213
149
81
-180
-69
-175
-46
161
183
279
225
446
317
-214
107
58
-189
106
-285
-54
340
-650
-877
-576
-494
300
410
65
364
347
308
502
538
635
641
628
399
43
-98
-474
-420
-37
-146
48
147
-104
-3
-73
126
690
727
814
812
570
628
380
166
230
48
172
148
-299
-335
-504
-763
-525
-444
-316
99
150
150
253
44
-70
61
33
116
279
60
-154
-236
-502
-639
-559
-577
-427
-18
-5
-241
-292
-526
-629
-379
-362
-319
-135
-322
-396
-211
-323
-386
-528
-629
142
553
254
250
-340
-830
-333
-215
63
393
-347
-536
-165
-209
-27
-317
-790
-408
-399
-1049
-1356
-1526
-1511
-1598
-2255
-590
3855
6253
5350
3406
2405
3583
4201
2362
858
68
-1274
-2881
-4992
-6191
-5388
-4208
-2582
547
3664
4758
4097
3075
2685
3039
3255
2829
2100
876
-1134
-3069
-4337
-4903
-4342
-3006
-1510
-38
995
1439
1550
1789
1984
1851
2111
2603
2404
1346
-367
-1858
-2508
-2800
-2773
-2172
-1143
-42
646
1039
1242
1345
1519
1229
848
712
-8
-983
-1680
-2247
-2444
-2346
-2128
-1417
-503
-100
168
529
826
1321
1342
635
162
-384
-1184
-1445
-1786
-2087
-1484
-1067
-710
96
247
333
677
448
440
803
764
527
-279
-1448
-2027
-2358
-2607
-3462
-3507
563
5641
7321
5714
2700
2571
4705
4062
2315
1280
-226
-1397
-3624
-6535
-6999
-6126
-4833
-2135
1351
4320
5183
4039
3050
3280
4009
3920
3074
2229
942
-823
-2689
-4369
-5077
-4537
-3025
-1438
-312
569
484
120
553
1041
1999
3028
3687
4439
3275
1073
155
-696
-1092
-1086
-1750
-1537
-1086
-1665
-2124
-2335
-1815
-396
464
829
1229
1238
726
175
-18
-209
-545
-632
-522
-596
-987
-1666
-2235
-1790
-606
191
515
258
-286
-700
-1317
-1419
-1169
-898
-350
-474
30
684
-405
-345
379
333
1288
774
-470
-353
-1681
-2600
-2627
-3511
-3359
-4063
-3784
1615
6849
8144
6620
4086
4559
6167
4599
2060
22
-1758
-3245
-5659
-7813
-8010
-6877
-5062
-2110
2318
5910
6507
5271
4191
4386
4940
4269
2947
1661
3
-2024
-3991
-5378
-5624
-4559
-2927
-1387
3
724
1055
1565
1682
1976
2522
2424
2727
2850
1702
1101
642
-521
-1019
-1481
-1598
-463
-85
-449
-359
-669
-981
-927
-1446
-1617
-755
-144
193
609
491
67
-106
122
639
845
297
-365
-391
-284
-498
-942
-1597
-1895
-1660
-1402
-1086
-779
-577
-436
-690
-689
-58
386
699
748
568
576
528
623
-76
-1459
-2012
-2590
-3050
-3210
-3853
-4151
-3530
-278
5087
8036
7242
4672
3413
4587
4961
3310
861
-1613
-2945
-4454
-6940
-8151
-7530
-5431
-2113
1542
4614
5725
4710
3346
3127
3877
4387
4058
3077
1515
-571
-2892
-4797
-5386
-4522
-2888
-1270
-167
356
512
687
871
1013
1589
2447
3154
3330
2337
839
-340
-1396
-1887
-1584
-963
-222
338
654
826
779
649
325
-117
-305
-485
-672
-792
-1237
-1591
-1459
-1204
-571
220
336
430
908
1247
1753
1962
1150
178
-760
-1731
-2023
-2266
-2612
-2305
-1836
-1242
-729
-801
-662
-279
187
1095
1596
1768
1999
1209
-2
-1108
-2461
-2985
-3215
-3624
-3444
-3185
-3224
-3598
-2077
2808
7152
8069
5962
3455
3947
4939
3256
807
-1415
-2914
-3821
-5837
-7494
-6928
-5014
-2605
220
3096
4925
5071
4110
3357
3720
4302
3854
2762
1367
-446
-2095
-3410
-4270
-4220
-3547
-2535
-1193
82
932
1285
1203
1062
1252
1945
2861
3231
2707
1409
-158
-1277
-1853
-2133
-2108
-1480
-425
322
692
683
441
868
1355
1207
1285
1015
190
-241
-928
-1655
-1793
-2137
-2204
-1583
-1052
-392
575
1338
1787
1960
1747
1270
782
158
-659
-1318
-1731
-2038
-2181
-2193
-2155
-2066
-1978
-1438
-293
767
1626
2063
1904
1562
771
-176
-793
-1573
-2216
-2420
-2920
-3515
-3681
-4160
-3837
-402
4507
7606
7514
5106
3912
4820
4587
2645
496
-1272
-2362
-4039
-6672
-8138
-7375
-5137
-2265
983
3922
5333
5033
4080
3728
4174
4342
3708
2800
1551
-295
-2396
-4418
-5565
-5328
-4158
-2291
-252
1008
1274
998
771
1124
2137
3207
3899
3821
2641
1150
-341
-1895
-2956
-3599
-3233
-1637
-183
606
529
165
666
1264
1643
2118
2104
1901
1294
-53
-1203
-2066
-2561
-2586
-2434
-1761
-889
-166
494
865
1218
1644
1860
1924
1651
909
-52
-1011
-1658
-1948
-2109
-2260
-2521
-2442
-1897
-1304
-350
617
1313
2144
2254
1735
1157
-61
-946
-1257
-1827
-2138
-2865
-3846
-3889
-3554
-3129
-3127
-2427
1234
5776
8089
7236
4602
3866
4728
3922
1772
-536
-2334
-3249
-4734
-6549
-6860
-5897
-4278
-1679
1579
4376
5667
5224
4269
3960
3909
3444
2636
1755
520
-1238
-3019
-4429
-4951
-4241
-2974
-1600
-230
598
1038
1526
1839
2161
2638
2874
2856
2374
1257
112
-991
-2138
-2709
-2780
-2406
-1478
-761
-53
696
1002
1642
2117
1792
1443
958
722
769
-40
-1280
-2363
-3013
-2616
-1818
-1227
-660
-42
643
1338
2062
2512
2440
1970
1150
406
-204
-1095
-2006
-2690
-3095
-2855
-2082
-1379
-826
-134
599
1323
1964
2019
1555
1115
566
-259
-1032
-1940
-2996
-3298
-3043
-2716
-2015
-1811
-2282
-2076
-1489
-1323
-604
1651
4894
7501
7434
4927
3129
2753
2013
821
-509
-1654
-2255
-3430
-5263
-6074
-5393
-3903
-1711
1288
4256
5863
5581
4126
2920
2602
2494
2093
1457
474
-762
-1922
-2846
-3440
-3575
-3083
-1882
-191
1284
1877
1710
1148
544
480
981
1639
1957
1417
638
208
-394
-1149
-1874
-2094
-1135
-130
207
344
129
-17
-72
-283
34
603
955
1087
822
459
-51
-899
-1545
-1685
-1433
-998
-600
-180
391
941
1181
1154
1038
871
689
293
-339
-818
-1117
-1299
-1369
-1399
-1200
-907
-641
-208
143
455
735
549
162
-293
-839
-973
-832
-881
-1232
-1962
-2483
-2048
-1047
-434
-530
-924
-1311
-1393
-1433
-1739
-555
2304
4536
5322
4337
2875
2913
2969
2371
2023
1241
168
-1295
-3596
-5212
-5500
-4856
-3156
-714
1777
3307
3447
2912
2410
2473
2940
3077
3041
2817
1947
668
-1038
-2953
-4041
-3984
-2985
-1438
-264
143
43
-243
-223
333
1096
1856
2668
3101
2761
1803
372
-987
-1871
-2485
-2492
-1850
-1273
-895
-602
-365
9
456
911
1440
1909
2083
1850
1243
341
-825
-2024
-2658
-2581
-2241
-1744
-1182
-536
360
942
1425
2379
2792
2400
1772
835
207
-161
-1144
-2165
-2663
-2840
-2652
-2348
-1975
-1156
-161
759
1542
1862
1785
1186
330
-77
-654
-1409
-1737
-2108
-2149
-2006
-2414
-2046
-1176
-1173
-1241
-1373
-1270
-753
-724
437
3067
5030
5390
4059
3069
3644
3787
2947
1652
243
-694
-2232
-4359
-5444
-5485
-4602
-2724
-213
2412
3851
3705
3048
2765
3091
3461
3314
2917
2227
956
-593
-2186
-3411
-3651
-3023
-1860
-590
22
-116
-395
-520
-471
-29
785
1782
2674
2666
1772
660
-520
-1352
-1620
-1335
-520
46
16
-514
-1098
-982
-585
60
698
533
684
1101
937
660
-444
-1642
-1390
-955
-717
-465
-870
-928
-90
773
1546
2019
1681
1090
922
621
-74
-777
-1540
-1879
-1587
-1479
-1592
-1616
-1524
-1061
-132
785
1068
1085
956
413
346
207
-789
-1289
-1638
-2121
-1850
-2058
-2330
-1536
-941
-512
-51
-38
94
300
2
-561
-878
-1011
-500
1288
3100
3561
2892
2100
2483
3684
3843
2615
1202
356
-584
-2014
-3301
-3985
-3593
-2363
-885
843
1951
1662
967
865
1594
2892
3543
3225
2666
1810
724
-411
-1510
-1949
-1733
-1345
-1041
-1033
-1271
-1721
-2074
-1724
-733
369
1190
1580
1730
1804
1537
1014
609
275
145
152
2
-262
-901
-1572
-1841
-1629
-539
54
-188
114
270
668
1204
369
-161
-10
-250
-116
-414
-1044
-753
-325
179
734
724
463
83
-70
54
11
44
-5
-252
-362
-728
-1396
-1812
-1811
-1465
-867
-203
153
317
400
137
-145
-484
-755
-571
-500
-455
-602
-1043
-836
-770
-693
-151
-661
-846
-442
-1019
-907
-891
-1788
-1549
-1261
-581
1946
3727
3995
3791
3411
3974
4556
3590
1928
734
99
-787
-1986
-2835
-3439
-3568
-3123
-2191
-309
1189
1177
1084
1548
2380
3308
3431
2917
2411
1797
988
304
-240
-956
-1532
-1874
-2118
-1834
-1650
-1982
-1893
-1519
-1059
-111
713
1259
1739
1713
1521
1457
1183
799
335
-70
-37
25
-311
-816
-1476
-1843
-1338
-858
-587
89
243
242
663
214
-51
334
-77
17
567
286
295
81
-760
-723
-369
-361
-88
227
246
212
165
-249
-584
-530
-768
-838
-576
-754
-874
-947
-1159
-800
-388
-351
-383
-498
-291
46
-24
-151
-299
-402
-200
-46
5
57
-217
-820
-1064
-939
-973
-947
-1318
-1875
-1517
-1209
-1282
-1088
-231
2106
4225
4506
4071
3852
4350
4467
3401
2447
1585
697
-565
-2567
-3501
-3702
-4078
-3473
-2206
-533
948
986
974
1735
2357
2841
2957
2753
2845
2554
1502
403
-565
-1382
-2000
-2231
-1773
-1281
-1270
-1599
-1906
-1551
-934
-568
-45
533
1087
1538
1425
1141
786
176
-107
76
627
850
231
-317
-584
-479
-270
-783
-894
-423
-175
258
132
-355
-384
-764
-802
-308
-229
-88
-237
-485
58
417
382
386
312
606
832
534
204
-274
-781
-1059
-1252
-1245
-1261
-1433
-1499
-1310
-815
-470
-512
-520
-294
159
574
708
684
486
306
76
-159
57
-78
-465
-536
-1067
-1135
-869
-1475
-1359
-860
-993
-582
-573
-852
-393
-480
-371
307
1073
2706
3747
3812
3546
2761
2851
2878
2126
1921
1031
149
-71
-1317
-2019
-2151
-2763
-2297
-1402
-320
1048
1159
936
1044
1108
1466
1449
1332
1445
1183
913
440
-140
-343
-946
-1463
-1169
-769
-427
-404
-764
-878
-856
-796
-668
-467
-114
-26
10
282
345
286
7
-288
199
734
759
781
652
660
827
412
-227
-614
-721
-542
-400
-346
-498
-890
-1160
-1353
-1296
-984
-781
-303
442
1027
1365
1066
336
-146
-362
-347
-183
-122
-168
-380
-797
-1198
-1479
-1600
-1438
-1071
-463
329
740
729
521
61
-149
-85
-120
121
256
-101
-329
-623
-1001
-1022
-1085
-1029
-515
-24
242
314
212
85
36
84
98
227
527
662
738
701
338
68
90
234
478
778
916
926
968
780
522
614
705
703
726
544
487
544
325
167
147
166
325
456
613
751
797
944
849
496
279
110
80
60
-118
-121
-100
-157
-147
-293
-401
-309
-278
-182
-34
48
71
-120
-292
-291
-344
-462
-667
-841
-793
-686
-601
-545
-553
-517
-446
-275
-52
-43
-173
-312
-341
-148
-21
-66
-87
-116
-114
-34
18
70
49
-46
37
202
198
42
-235
-436
-394
-294
-197
-145
-168
-117
-56
-6
40
-40
-111
-45
159
380
335
101
-101
-183
-125
-111
-188
-275
-319
-253
-230
-295
-379
-477
-403
-212
-7
232
287
278
363
404
457
373
145
91
129
193
202
-1
-127
-77
-18
107
198
205
284
354
375
395
283
64
-93
-128
-33
75
85
77
132
254
350
364
352
307
356
499
495
351
82
-165
-174
-116
-54
-35
-71
-16
10
54
125
44
-18
-36
12
208
223
83
-16
-137
-167
-213
-360
-410
-419
-391
-279
-225
-235
-253
-251
-170
-93
-130
-196
-184
-88
45
122
102
44
-13
-34
-14
-48
-143
-245
-291
-214
-135
-121
-89
-49
44
169
193
179
142
44
21
74
118
122
43
-23
10
60
60
58
131
212
203
145
59
-15
-27
-85
-156
-170
-217
-215
-176
-172
-95
-58
-81
13
138
251
286
170
86
73
65
37
-46
-61
-13
16
36
37
73
81
18
30
103
147
129
68
63
80
57
-3
-94
-114
-44
20
100
173
183
171
146
141
183
170
89
6
-40
-77
-183
-308
-385
-374
-261
-170
-98
17
77
96
119
100
108
130
111
109
58
-65
-189
-328
-396
-357
-283
-185
-135
-130
-101
-71
-41
-4
52
127
190
234
210
127
24
-84
-124
-152
-171
-113
-67
24
114
53
6
12
27
112
144
128
136
74
-8
-91
-213
-262
-234
-143
28
182
255
235
194
196
205
203
167
137
150
129
67
-54
-228
-307
-300
-253
-122
40
144
149
122
142
154
131
54
-23
34
123
115
75
27
18
33
-24
-80
-51
2
48
87
104
101
72
26
7
16
24
-7
-41
-16
-4
-24
-34
-47
-39
-27
-13
31
56
38
-38
-108
-83
-64
-96
-131
-138
-83
-52
-77
-124
-181
-180
-132
-87
-58
-61
-52
-42
-45
-33
-51
-69
-39
-22
-26
-54
-104
-112
-87
-56
-33
-57
-73
-34
17
50
50
51
81
126
180
199
173
154
140
126
117
107
90
46
2
-12
-23
-48
-75
-77
-32
35
67
56
42
36
54
90
118
142
107
51
44
27
7
-22
-77
-94
-78
-66
-63
-69
-61
-49
-44
-26
3
15
6
-8
-12
-7
-7
-13
-11
-1
16
35
40
37
20
0
2
-9
-23
-17
1
18
21
18
-1
-34
-39
-34
-39
-33
-38
-24
23
45
52
48
50
49
-17
-56
-31
-9
31
32
0
-8
-47
-76
-72
-74
-49
-30
-27
-9
-12
-15
-5
-7
10
27
28
35
13
-6
-13
-41
-34
-11
-6
2
-4
8
0
-58
-101
-124
-111
-68
-50
-19
30
58
73
62
40
27
20
33
55
81
75
22
-5
-12
-25
-6
6
14
35
11
2
20
6
10
35
53
73
77
69
49
13
-6
3
22
47
83
108
89
39
-18
-51
-37
-4
-2
-22
-32
-50
-73
-74
-68
-58
-34
-2
35
57
47
30
20
3
0
11
7
20
34
7
-7
2
2
2
-5
-14
-34
-55
-40
-13
-3
1
6
6
-11
-32
-24
13
24
-10
-39
-30
-5
7
2
7
19
11
6
10
6
-4
-27
-40
-30
-23
-10
-14
-28
-18
-30
-50
-50
-65
-56
-32
-10
52
95
104
99
36
-30
-65
-79
-53
-28
-23
-17
-30
-39
-41
-57
-41
-6
18
43
59
87
117
93
57
32
6
-10
-33
-31
-5
1
-7
-27
-49
-56
-45
-24
-12
10
42
72
97
87
68
46
11
3
5
8
20
9
-10
-22
-26
-17
-23
-22
2
16
15
11
-5
-12
0
5
2
3
1
-13
-16
8
24
18
6
2
20
30
3
-26
-41
-51
-48
-34
-24
-20
-15
-37
-65
-57
-34
-10
19
28
30
50
45
11
7
23
14
4
-4
-13
8
9
-24
-33
-36
-42
-25
-6
18
34
18
8
19
38
49
45
41
45
42
23
6
0
0
-5
-12
-7
-3
-13
-29
-28
-11
-7
-10
-9
-5
10
11
-4
1
3
-6
-11
-14
5
20
7
-1
-10
-17
-22
-35
-10
33
36
16
-17
-39
-21
-8
-16
-31
-37
-24
-21
-16
6
9
5
5
6
14
0
-14
0
3
13
28
8
11
34
16
-3
-10
-8
18
37
47
58
41
21
17
15
17
30
40
26
16
6
-26
-40
-47
-68
-70
-58
-28
12
26
30
35
26
6
-8
-7
-4
-1
-1
-10
-17
-30
-47
-48
-52
-63
-53
-36
-23
-4
16
21
14
10
7
-1
-5
-14
-27
-28
-28
-21
6
18
19
21
-2
-22
-8
3
7
16
3
-10
2
11
16
11
2
15
31
41
45
37
25
4
-7
-19
-30
5
20
-3
8
16
13
8
-22
-36
-33
-33
-13
4
6
17
28
28
29
38
29
13
21
34
28
10
3
13
20
17
6
-16
-18
-3
-6
-9
-4
-3
4
2
6
28
33
39
55
40
9
-10
-16
-6
4
18
20
0
-11
-23
-15
4
-11
-20
-32
-55
-22
11
17
38
34
20
20
15
20
11
0
-5
-38
-58
-63
-67
-36
-17
-14
1
-14
-31
-27
-41
-26
1
-13
-10
4
-11
-10
-20
-38
-15
-9
-20
-10
-10
-6
5
-3
-9
-10
-10
-6
7
22
20
4
-17
-19
-2
11
27
35
41
53
47
31
17
1
-3
-2
13
33
30
6
-19
-32
-27
-18
-16
-14
-3
17
29
20
9
0
-6
4
5
-14
-23
-23
-20
-14
-18
-29
-25
-7
-3
-5
2
-3
-7
-7
-15
-6
4
3
19
35
38
34
13
3
9
9
0
-2
9
9
8
17
12
5
-4
-25
-26
-7
9
14
20
35
37
32
19
-9
-19
-16
-10
-2
-5
-7
-15
-14
3
12
25
27
20
28
10
-11
-15
-43
-37
2
21
45
46
18
2
-10
-5
4
-3
-5
-5
0
4
5
14
-5
-27
-14
-15
-19
2
2
10
30
4
-20
-16
-11
6
14
12
12
-9
-23
-15
-4
3
-10
-29
-29
-24
-12
3
-1
-10
-10
-5
7
24
22
13
25
20
0
-12
-44
-58
-37
-26
-14
1
-4
-15
-15
-10
-9
-9
-6
-1
2
5
3
4
18
28
31
36
35
21
11
-2
-12
2
0
-16
-8
-16
-24
-11
-11
0
14
13
27
44
40
26
13
5
4
6
3
-8
-9
2
-9
-24
-11
11
21
23
28
26
15
4
-13
-32
-31
-13
-10
-21
-18
-11
-13
-3
11
7
1
10
3
-17
-18
-16
-13
2
11
21
28
8
-20
-48
-70
-62
-38
-13
11
23
27
28
23
12
-3
-13
-14
-16
-20
-9
-7
-18
-10
-16
-20
2
0
9
24
8
4
-10
-24
0
10
18
30
7
-13
-10
-10
-19
-16
-3
-3
-7
1
5
-8
-20
-8
13
-2
-21
-18
-31
-26
-8
-30
-29
-13
-27
-3
25
8
-5
-5
-9
-4
37
46
7
22
30
-7
12
36
5
-22
6
-13
-78
-12
-44
-80
25
-142
159
667
36
-198
237
107
933
1518
132
-199
633
358
50
90
-216
-240
-31
-327
-732
-522
-266
-429
-444
-262
-96
-21
-204
-433
-405
-45
336
274
-20
21
286
291
137
31
95
461
459
-34
-80
168
383
514
-146
-685
-207
-67
-209
-218
-718
-642
-83
-419
-764
-544
-329
-217
-307
-278
-115
-166
-172
-354
-613
-196
347
336
120
15
97
203
138
-76
-237
-71
152
150
135
93
59
128
-19
-201
39
303
247
123
-17
-40
195
245
6
-91
115
483
622
460
368
392
451
454
365
465
644
648
554
295
97
176
176
13
-100
24
287
287
154
24
-181
-171
-73
-83
2
142
272
244
41
-4
7
-72
-135
-182
-88
88
91
-61
-285
-471
-466
-356
-376
-382
-186
-101
-210
-339
-489
-463
-277
-164
-160
-245
-181
-112
-309
-374
-337
-380
-183
-21
-109
-31
85
-12
-23
-10
-173
-117
58
-96
-163
-58
-246
-422
-367
-323
-137
23
-160
-280
-177
33
319
175
-177
-64
74
144
239
-177
-453
-119
11
37
10
-497
-697
-461
-517
-137
835
1188
884
417
38
436
1489
2003
1551
1014
999
1076
854
309
-186
-67
391
660
586
60
-563
-990
-1244
-1012
-370
127
95
-565
-1112
-958
-730
-598
-356
-291
36
649
563
23
-248
-160
375
900
1004
936
723
401
147
13
170
444
472
284
31
-74
-91
-405
-838
-802
-379
-141
-187
-532
-1041
-897
-298
24
342
457
296
337
259
218
482
552
490
381
179
164
82
-304
-609
-542
-211
64
-4
-454
-841
-818
-716
-640
-465
-487
-609
-626
-738
-723
-644
-757
-652
-483
-342
-14
-156
-568
-545
-316
47
363
402
71
-341
-47
118
-120
274
180
-186
223
-100
-555
-259
-300
60
476
6
-195
-307
-398
24
156
608
1522
1634
1254
699
535
1577
2570
2501
1756
1031
948
1048
843
456
175
421
540
130
-189
-535
-773
-733
-868
-737
-312
-349
-799
-1342
-1417
-731
-106
-14
-313
-644
-357
57
-18
38
260
479
695
468
209
266
329
387
188
51
333
302
-14
-308
-571
-258
144
-37
-308
-494
-483
-290
-375
-481
-368
-218
-60
-168
-392
-321
-207
-132
-112
-151
96
180
-4
191
392
589
926
750
532
689
770
832
732
457
299
-16
-412
-563
-588
-610
-640
-757
-964
-938
-731
-741
-805
-850
-797
-536
-550
-720
-716
-824
-736
-399
-393
-434
-451
-584
-476
-324
-34
203
-33
32
33
-142
355
456
361
725
325
-140
122
357
647
787
421
-20
-4
446
556
305
40
-259
-159
10
-6
529
1086
1058
737
306
591
1600
2193
1975
1048
489
963
1174
813
469
241
451
456
-85
-424
-600
-525
-409
-755
-831
-635
-796
-1093
-1358
-1234
-654
-428
-622
-773
-744
-402
-186
-318
-213
124
402
415
17
-145
289
702
698
427
228
318
440
338
171
97
202
260
-38
-301
-214
-23
-49
-387
-583
-449
-329
-325
-450
-597
-525
-302
-253
-392
-271
3
-16
-157
-205
-2
322
413
455
455
523
859
896
662
665
784
922
890
600
310
-10
-213
-119
0
-4
-258
-712
-1004
-999
-747
-552
-639
-782
-889
-897
-821
-849
-748
-627
-611
-478
-545
-581
-480
-589
-441
-281
-256
-60
-202
-344
-146
123
422
358
183
304
501
416
141
444
722
580
475
-143
-111
723
598
197
-273
-471
447
607
-217
-465
-381
-92
488
835
770
438
55
84
771
1625
1883
1161
131
85
958
1369
832
188
22
255
539
320
-184
-429
-415
-168
-251
-581
-439
-452
-741
-765
-669
-476
-433
-656
-745
-572
-319
-215
-330
-464
-197
245
233
-41
-133
93
379
404
353
313
281
335
287
211
331
459
407
210
91
155
141
2
-139
-200
-97
-89
-300
-479
-566
-582
-532
-514
-500
-406
-362
-411
-381
-269
-1
214
-24
-30
285
310
621
827
611
757
662
515
805
851
1002
843
142
72
251
318
250
-320
-625
-575
-495
-468
-850
-1002
-883
-917
-884
-1052
-1078
-835
-869
-834
-770
-801
-657
-676
-720
-530
-361
-144
-66
-149
-39
87
231
431
537
576
563
608
572
529
534
369
471
634
485
314
-46
-329
-158
323
644
188
-537
-795
-509
139
400
-77
-565
-562
-305
237
757
649
265
4
326
1269
1755
1477
709
85
529
1400
1527
878
234
184
373
410
372
288
154
29
-217
-581
-587
-304
-270
-536
-858
-908
-774
-713
-658
-696
-662
-526
-641
-653
-396
-212
-73
-142
-274
-32
275
391
286
97
277
504
448
429
396
458
605
420
162
57
101
304
192
-120
-177
-227
-253
-194
-281
-318
-307
-391
-426
-447
-398
-295
-316
-381
-363
-236
-54
205
120
-392
-128
455
446
644
357
-277
207
703
718
536
-110
-107
327
291
319
96
-374
-272
4
-88
-282
-379
-500
-599
-558
-588
-686
-666
-649
-606
-611
-773
-676
-542
-542
-262
-301
-465
-201
-283
-229
189
64
-49
123
165
268
383
422
370
217
247
498
556
446
438
216
130
500
472
141
-70
-41
426
337
-289
-531
-504
-44
290
-194
-942
-954
365
1280
534
-460
-629
435
1800
1815
807
-107
27
1179
1590
874
471
532
499
460
475
630
643
257
-58
-220
-143
186
-22
-668
-839
-551
-433
-678
-901
-829
-664
-637
-759
-887
-720
-340
-255
-453
-535
-322
40
121
17
89
232
327
213
141
514
826
741
458
116
158
645
905
580
42
-140
34
174
193
77
-216
-456
-482
-387
-324
-332
-327
-481
-715
-647
-460
-347
-382
-460
-179
-191
-631
-310
208
224
452
276
-292
-25
496
879
969
246
15
326
236
569
774
131
-196
-97
-81
28
33
-272
-526
-548
-441
-329
-480
-710
-677
-703
-750
-576
-624
-720
-500
-477
-567
-385
-258
-231
-100
-99
-181
59
298
275
303
314
413
444
277
457
561
615
730
95
-120
384
455
629
291
-540
-205
374
416
284
-389
-674
-111
44
-143
-208
-551
-412
441
448
-256
-422
77
911
1292
932
259
-148
437
1349
1376
657
189
425
683
738
715
445
307
294
136
21
-5
33
-23
-311
-564
-545
-500
-510
-432
-502
-569
-636
-918
-785
-364
-215
-245
-545
-719
-406
-56
115
19
-172
-30
140
99
173
283
314
353
287
261
377
452
440
247
71
215
308
196
92
-105
-196
-72
-90
-188
-238
-378
-452
-347
-366
-441
-295
-303
-480
-456
-390
-146
96
-133
-241
-131
-135
178
392
91
46
229
241
417
504
255
189
194
188
441
397
89
-18
-197
-127
129
-81
-316
-384
-500
-395
-247
-374
-532
-529
-524
-510
-437
-432
-409
-439
-528
-424
-316
-228
-112
-148
-101
7
-11
60
243
371
377
225
37
181
475
464
404
249
103
377
406
237
304
190
219
204
-166
-99
118
20
-131
-425
-534
-234
-41
102
326
1
-528
-266
418
936
1062
551
-45
-67
587
1328
1159
353
44
362
628
673
683
500
280
212
89
96
278
308
73
-316
-464
-281
-174
-235
-343
-527
-602
-510
-593
-626
-389
-339
-514
-719
-669
-229
-2
-77
-257
-498
-283
166
242
132
-15
-89
104
316
366
359
274
190
223
272
351
338
114
84
212
120
11
-50
-54
62
28
-119
-326
-320
107
24
-329
-167
-209
-119
198
-120
-206
7
-34
112
-92
-299
75
54
-68
40
-102
-92
76
105
3
-83
-33
-167
-226
-40
-70
-162
-290
-439
-331
-262
-296
-318
-424
-411
-290
-365
-528
-436
-284
-320
-280
-350
-453
-117
37
-134
-159
-243
-77
257
224
225
137
-57
190
358
380
580
295
-64
153
332
563
640
76
-182
17
241
491
285
-29
-14
-29
-17
11
-42
43
408
496
-177
-524
110
799
997
655
48
-178
222
918
1144
566
-14
47
292
474
767
669
123
-172
-138
167
517
326
-127
-404
-437
-101
16
-280
-341
-355
-433
-356
-467
-488
-175
-150
-435
-640
-600
-215
94
-13
-258
-433
-304
112
278
181
124
37
-28
72
303
467
392
140
-98
-67
255
510
348
-99
-285
-126
207
465
90
-383
-216
-33
21
143
-37
-254
-199
-136
-122
-181
-259
-152
-113
-305
-268
-77
-202
-269
-143
-220
-190
-6
-119
-191
-30
-45
-125
-126
-160
-87
-25
-129
-196
-214
-202
-118
-159
-284
-270
-217
-228
-201
-202
-294
-285
-243
-300
-219
-74
-133
-312
-355
-68
101
-38
-32
-128
-202
111
290
317
236
44
124
129
202
624
516
53
75
275
428
471
233
143
209
180
278
159
-94
148
253
-45
-196
-222
238
819
331
-422
-266
376
895
863
352
-40
-47
501
1049
651
44
161
437
439
382
453
371
-2
-17
159
86
188
116
-323
-421
-213
-27
-111
-398
-370
-313
-405
-284
-342
-517
-293
-199
-406
-380
-260
-188
-143
-239
-188
-82
-131
-22
-3
-99
96
111
-79
-7
98
198
249
75
-51
-27
140
270
153
105
51
-37
127
151
128
176
-51
-55
36
-159
-99
-99
-294
-159
-131
-309
-321
-311
-196
-53
-208
-397
-357
-184
-40
-74
-220
-338
-276
-109
-83
-67
-101
-218
-167
-132
-110
27
6
-85
-96
-111
-38
44
-51
-153
-72
-48
-175
-185
-147
-140
-84
-124
-248
-274
-103
88
5
-164
-213
-77
183
160
48
44
-55
141
354
184
214
213
55
246
359
310
427
385
229
182
174
327
467
346
189
59
-20
102
237
150
-79
-63
228
313
185
75
63
270
455
400
252
81
142
454
415
152
177
202
238
365
219
170
255
89
127
198
24
90
30
-202
-86
-54
-94
-71
-308
-316
-144
-249
-219
-210
-364
-258
-190
-265
-265
-286
-189
-116
-235
-246
-212
-197
-68
-12
-73
-123
-145
-82
18
41
57
31
-130
-44
270
197
48
118
-6
55
330
199
58
39
-106
-6
78
-71
-33
-105
-331
-236
-115
-171
-178
-251
-387
-328
-178
-228
-305
-254
-293
-298
-237
-286
-215
-147
-239
-209
-196
-173
23
-10
-169
-72
-6
0
101
43
-38
67
67
-12
-8
-59
-17
97
-26
-104
-44
-104
-37
84
21
39
29
-131
-99
118
292
274
-21
-218
-3
307
466
406
44
-208
44
457
549
341
123
-38
-27
232
368
350
262
-91
-216
90
289
373
184
-270
-272
-6
176
335
67
-287
-154
2
42
154
202
217
137
-16
30
206
427
540
256
-93
-10
325
495
409
221
47
-21
145
327
283
233
124
-151
-173
40
182
175
-88
-309
-249
-149
-2
38
-214
-353
-324
-337
-203
-63
-124
-241
-394
-398
-162
6
30
-95
-310
-271
-61
26
52
-6
-140
-130
24
118
62
25
34
-17
35
85
-8
-17
-42
-100
-47
-102
-168
-88
-96
-151
-173
-232
-237
-171
-169
-206
-206
-237
-248
-196
-206
-199
-130
-168
-228
-178
-84
-1
-10
-101
-83
18
47
71
77
25
64
108
78
85
35
8
86
67
36
64
26
-20
-38
-1
67
10
-84
-64
-13
41
108
8
-158
-67
93
108
105
39
-46
10
103
164
169
71
75
191
176
143
183
151
144
217
232
141
58
142
263
214
83
-23
-66
74
264
127
-162
-199
-96
39
119
-24
-161
-118
-16
72
45
-32
-1
54
58
95
169
182
139
127
123
146
261
346
274
135
123
234
280
271
267
193
117
131
161
152
153
108
-28
-151
-154
4
119
-48
-280
-327
-261
-108
31
-114
-350
-356
-256
-163
-159
-217
-188
-240
-294
-175
-86
-78
-57
-58
-121
-56
139
176
78
-60
-84
-4
-43
-9
7
-155
-175
-150
-215
-193
-109
-53
-71
-108
-131
-158
-107
-87
-181
-215
-200
-194
-168
-166
-181
-184
-181
-122
-21
23
29
-8
-61
44
132
64
45
33
5
44
94
131
98
25
20
59
67
83
159
121
-38
-87
0
78
24
-59
-72
-115
-108
-16
22
9
-3
-1
-14
-21
34
110
158
61
-138
-67
184
162
33
80
106
63
127
197
141
146
195
106
58
105
148
187
75
-30
73
138
137
104
-23
37
194
41
-86
53
79
18
6
-62
-89
-20
56
4
-128
-53
77
-5
-47
33
53
61
77
16
-41
80
208
70
-36
69
84
104
183
110
73
130
123
113
57
34
109
50
-7
54
26
22
61
0
-8
47
15
-24
-3
-5
-10
-27
-115
-153
-92
6
40
-98
-210
-165
-95
-50
-51
-134
-237
-222
-133
-132
-142
-158
-236
-227
-182
-159
-98
-148
-239
-213
-195
-148
-80
-140
-171
-122
-146
-136
-57
-46
-54
-48
-67
-74
-44
-3
12
15
13
-12
-10
13
30
58
61
26
-12
20
119
133
58
33
38
40
65
74
86
84
-13
-43
65
115
79
45
57
106
93
56
92
85
10
-6
25
59
80
60
8
-58
-15
115
134
86
5
-73
42
159
71
-31
-60
-35
53
119
75
-77
-148
4
127
99
70
-49
-130
59
191
110
43
0
-27
45
157
172
52
-28
27
74
115
172
116
42
64
85
65
65
106
104
38
51
94
30
-13
24
34
30
35
-17
-72
-11
55
-33
-136
-63
15
-52
-47
32
-62
-163
-65
12
-40
-26
16
-73
-146
-89
-5
41
3
-102
-145
-35
104
42
-88
-60
-33
-57
-12
12
-57
-121
-73
0
-40
-102
-94
-67
-57
-64
-70
-67
-62
-80
-105
-58
12
-25
-85
-41
-20
-51
-19
14
-40
-104
-65
12
8
-34
-46
-41
-60
-58
1
37
12
-17
-29
-37
-5
19
-17
-2
26
-16
-31
-8
-10
-11
28
73
54
21
69
99
31
21
75
58
18
24
35
10
-37
-34
37
61
15
43
89
37
31
105
106
63
34
4
21
69
68
15
-38
-34
34
132
142
36
19
47
51
135
158
57
-35
-44
28
75
63
-24
-120
-59
40
46
6
-86
-112
24
90
-38
-123
-42
19
-10
-20
-30
-51
-34
5
30
6
-14
4
-36
-53
33
85
-20
-139
-61
46
36
21
-38
-88
-11
49
42
19
-10
-28
-53
-25
5
-49
-39
-63
-157
-57
85
65
-27
-96
-32
86
94
37
16
0
-50
-35
4
-66
-106
-61
-65
-69
-41
-25
-35
-57
-28
11
48
51
-36
-46
21
3
-45
-65
-45
-20
-22
24
55
-24
-29
80
80
42
82
77
48
28
1
-20
-58
-51
0
42
33
-55
-96
-40
20
55
56
50
18
-54
-38
13
-38
-71
-37
-6
-9
-52
-35
13
-17
-13
76
118
38
-18
76
112
36
0
-34
-35
36
68
65
21
-75
-61
51
90
108
126
62
0
-13
-10
36
74
18
-63
-28
36
-21
-61
-13
0
49
110
27
-50
-9
36
36
-3
-21
-2
-30
-37
-5
-41
-43
-22
-86
-57
46
18
-46
-74
-60
-5
-6
1
48
15
-25
2
-20
-50
-18
-17
-31
-15
-27
-50
-48
-58
-81
-21
85
43
-75
-61
-9
-38
-28
27
-6
-67
-91
-70
-17
-46
-71
-15
16
20
0
13
56
16
13
74
62
24
17
36
33
-16
0
65
58
35
50
65
60
22
-17
9
88
82
-2
-8
34
15
-13
38
78
25
32
106
70
-13
-11
10
8
4
-12
22
60
-22
-117
-55
63
34
-14
48
36
-58
-53
-10
-50
-42
49
24
-52
-38
-7
25
54
56
45
52
65
18
-13
47
50
-42
-68
7
54
3
-47
-26
6
24
28
16
6
3
13
-15
-68
-68
-54
-61
-53
-46
-54
-36
-21
0
0
0
0
0
0
0
0
0
0
0
0
0
0
0
0
0
0
0
0
0
0
0
0
0
0
0
0
0
0
0
0
0
0
0
0
0
0
0
0
0
0
0
0
0
0
0
0
0
0
0
0
0
0
0
0
0
0
0
0
0
0
0
0
0
0
0
0
0
0
0
0
0
0
0
0
0
0
0
0
0
0
0
0
0
0
0
0
0
0
0
0
0
0
0
0
0
0
0
0
0
0
0
0
0
0
0
0
0
0
0
0
0
0
0
0
0
0
0
0
0
0
0
0
0
0
0
0
0
0
0
0
0
0
0
0
0
0
0
0
0
0
0
0
0
0
0
0
0
0
0
0
0
0
0
0
0
0
0
0
0
0
0
0
0
0
0
0
0
0
0
0
0
0
0
0
0
0
0
0
0
0
0
0
0
0
0
0
0
0
0
0
0
0
0
0
0
0
0
0
0
0
0
0
0
0
0
0
0
0
0
0
0
0
0
0
0
0
0
0
0
0
0
0
0
0
0
0
0
0
0
0
0
0
0
0
0
0
0
0
0
0
0
0
0
0
0
0
0
0
0
0
0
0
0
0
0
0
0
0
0
0
0
0
0
0
0
0
0
0
0
0
0
0
0
0
0
0
0
0
0
0
0
0
0
0
0
0
0
0
0
0
0
0
0
0
0
0
0
0
0
0
0
0
0
0
0
0
0
0
0
0
0
0
0
0
0
0
0
0
0
0
0
0
0
0
0
0
0
0
0
0
0
0
0
0
0
0
0
0
0
0
0
0
0
0
0
0
0
0
0
0
0
0
0
0
0
0
0
0
0
0
0
0
0
0
0
0
0
0
0
0
0
0
0
0
0
0
0
0
0
0
0
0
0
0
0
0
0
0
0
0
0
0
0
0
0
0
0
0
0
0
0
0
0
0
0
0
0
0
0
0
0
0
0
0
0
0
0
0
0
0
0
0
0
0
0
0
0
0
0
0
0
0
0
0
0
0
0
0
0
0
0
0
0
0
0
0
0
0
0
0
0
0
0
0
0
0
0
0
0
0
0
0
0
0
0
0
0
0
0
0
0
0
0
0
0
0
0
0
0
0
0
0
0
0
0
0
0
0
0
0
0
0
0
0
0
0
0
0
0
0
0
0
0
0
0
0
0
0
0
0
0
0
0
0
0
0
0
0
0
0
0
0
0
0
0
0
0
0
0
0
0
0
0
0
0
0
0
0
0
0
0
0
0
0
0
0
0
0
0
0
0
0
0
0
0
0
0
0
0
0
0
0
0
0
0
0
0
0
0
0
0
0
0
0
0
0
0
0
0
0
0
0
0
0
0
0
0
0
0
0
0
0
0
0
0
0
0
0
0
0
0
0
0
0
0
0
0
0
0
0
0
0
0
0
0
0
0
0
0
0
0
0
0
0
0
0
0
0
0
0
0
0
0
0
0
0
0
0
0
0
0
0
0
0
0
0
0
0
0
0
0
0
0
0
0
0
0
0
0
0
0
0
0
0
0
0
0
0
0
0
0
0
0
0
0
0
0
0
0
0
0
0
0
0
0
0
0
0
0
0
0
0
0
0
0
0
0
0
0
0
0
0
0
0
0
0
0
0
0
0
0
0
0
0
0
0
0
0
0
0
0
0
0
0
0
0
0
0
0
0
0
0
0
0
0
0
0
0
0
0
0
0
0
0
0
0
0
0
0
0
0
0
0
0
0
0
0
0
0
0
0
0
0
0
0
0
0
0
0
0
0
0
0
0
0
0
0
0
0
0
0
0
0
0
0
0
0
0
0
0
0
0
0
0
0
0
0
0
0
0
0
0
0
0
0
0
0
0
0
0
0
0
0
0
0
0
0
0
0
0
0
0
0
0
0
0
0
0
0
0
0
0
0
0
0
0
0
0
0
0
0
0
0
0
0
0
0
0
0
0
0
0
0
0
0
0
0
0
0
0
0
0
0
0
0
0
0
0
0
0
0
0
0
0
0
0
0
0
0
0
0
0
0
0
0
0
0
0
0
0
0
0
0
0
0
0
0
0
0
0
0
0
0
0
0
0
0
0
0
0
0
0
0
0
0
0
0
0
0
0
0
0
0
0
0
0
0
0
0
0
0
0
0
0
0
0
0
0
0
0
0
0
0
0
0
0
0
0
0
0
0
0
0
0
0
0
0
0
0
0
0
0
0
0
0
0
0
0
0
0
0
0
0
0
0
0
0
0
0
0
0
0
0
0
0
0
0
0
0
0
0
0
0
0
0
0
0
0
0
0
0
0
0
0
0
0
0
0
0
0
0
0
0
0
0
0
0
0
0
0
0
0
0
0
0
0
0
0
0
0
0
0
0
0
0
0
0
0
0
0
0
0
0
0
0
0
0
0
0
0
0
0
0
0
0
0
0
0
0
0
0
0
0
0
0
0
0
0
0
0
0
0
0
0
0
0
0
0
0
0
0
0
0
0
0
0
0
0
0
0
0
0
0
0
0
0
0
0
0
0
0
0
0
0
0
0
0
0
0
0
0
0
0
0
0
0
0
0
0
0
0
0
0
0
0
0
0
0
0
0
0
0
0
0
0
0
0
0
0
0
0
0
0
0
0
0
0
0
0
0
0
0
0
