27
2
-18
-13
-20
-24
18
60
28
-30
-31
12
34
0
-37
-15
11
13
21
9
-7
18
33
0
-35
-14
35
19
-24
-21
-7
11
31
20
-1
8
24
-1
-68
-98
-41
20
17
-27
-55
-19
28
0
-55
-55
6
64
25
-51
-38
44
86
51
-7
-44
-19
44
41
-5
6
50
55
27
15
21
29
61
61
-10
-37
21
59
7
-56
-20
41
15
-30
-39
-6
36
13
-40
-63
-23
53
33
-54
-31
44
38
-3
3
24
-7
-41
-31
-30
-37
-6
20
-26
-70
-21
46
23
-58
-73
-13
17
8
0
-8
7
46
35
-50
-95
-17
63
43
-20
-48
-24
13
33
39
39
34
9
-7
-2
-25
-43
-24
-27
-55
-65
-38
-3
-10
-17
5
-20
-57
-9
44
32
-6
-44
-40
-30
-23
48
69
-10
-4
80
64
-15
8
93
83
-1
-37
-24
-2
60
122
81
-27
-82
-42
10
29
32
-2
-13
2
-28
-36
-26
-3
71
71
6
-37
-41
35
72
10
-49
-76
-37
23
30
10
-14
39
129
61
-89
-95
33
106
30
-98
-140
-58
94
140
4
-91
-30
20
-10
-34
8
43
28
29
-21
-106
-49
65
95
49
-13
-12
-19
-32
27
28
-28
-53
-75
-74
-19
41
15
-55
-47
-11
14
41
28
-1
-21
-40
-75
-116
-14
147
107
-17
-42
-33
-21
2
18
17
30
84
77
-47
-149
-88
80
123
4
-53
0
50
55
-7
-81
-79
1
79
16
-104
-85
-3
27
7
-5
17
0
-18
-43
-107
-50
55
72
70
34
37
49
-31
3
116
73
-24
-78
-120
-123
-18
134
100
-47
-46
0
-30
-28
73
152
89
30
10
-88
-87
57
92
15
-57
-38
68
92
37
3
-9
27
9
-65
-64
6
144
177
-2
-105
-56
6
39
-2
-49
-66
-85
-45
-20
-39
-4
8
-53
-71
-30
-20
-6
84
132
54
-70
-125
-75
-23
22
73
10
-88
-42
66
83
-2
-62
-74
-90
-19
98
136
117
61
-46
-172
-146
71
195
132
18
-117
-190
-90
83
131
49
36
89
6
-119
-102
-28
47
112
49
-120
-219
-68
146
69
-39
22
31
41
70
5
-116
-216
-100
148
161
23
-59
-78
-29
-12
-14
47
70
16
-55
-114
-140
-59
169
288
108
-73
-68
-51
-57
-17
60
111
71
-17
-137
-241
-106
170
226
73
-51
-51
-16
-17
-5
-3
3
47
10
-93
-82
28
104
131
119
37
-70
-106
-37
30
4
11
62
9
-36
-4
-17
2
40
5
12
20
-7
20
28
14
24
-13
-64
-91
-114
-52
74
119
79
17
-46
-81
-54
9
46
30
-20
-7
59
44
-2
-4
12
53
37
-47
-70
-44
4
30
-17
-54
-63
-19
100
123
82
115
83
-21
-76
-117
-131
-97
-61
-47
-48
-23
53
75
-24
-85
-75
-120
-111
-35
-61
-89
-43
-7
3
-30
-14
106
170
131
57
5
-6
-16
-31
-84
-139
-76
33
81
93
60
68
133
92
2
-23
-23
23
88
76
27
8
6
55
156
187
135
85
40
-23
-98
-98
30
82
-54
-167
-193
-168
-32
100
112
43
-16
14
45
3
-41
-45
19
48
-88
-253
-304
-238
-51
124
130
45
-30
-142
-236
-174
-7
130
171
119
-44
-294
-329
-22
212
170
76
-47
-173
-146
-8
193
359
311
182
124
61
72
220
317
253
111
-16
-89
-126
-74
69
99
13
20
71
24
-31
-7
64
117
84
-26
-133
-176
-182
-193
-191
-158
-57
95
139
-1
-207
-370
-416
-273
-54
34
11
-141
-472
-634
-457
-299
-287
-290
-330
-273
307
1286
1637
951
186
-114
-383
-503
-93
355
340
124
-96
-484
-719
-250
570
962
895
728
430
17
-126
1
16
-72
-77
-57
-60
-43
63
214
264
247
148
-129
-400
-505
-457
-296
-143
-83
-172
-403
-543
-422
-186
-27
2
-160
-582
-1067
-1268
-1236
-1132
-314
1666
3261
2728
909
-447
-1065
-1111
-327
798
989
120
-689
-1180
-1659
-1346
126
1509
1937
1713
1145
390
-124
-45
277
258
15
-147
-353
-516
-360
30
421
655
622
302
-169
-512
-525
-377
-345
-383
-349
-259
-205
-272
-367
-316
-131
58
45
-294
-814
-1300
-1581
-1630
-1494
-569
1598
3550
3439
1587
-260
-1051
-929
-258
600
742
-149
-1108
-1573
-1671
-1169
41
1374
2082
1933
1269
520
-26
-167
4
105
-39
-262
-389
-334
-63
283
544
672
638
460
140
-226
-460
-628
-778
-767
-566
-314
-240
-305
-252
-128
-51
-14
-169
-536
-971
-1402
-1836
-2275
-1653
1297
4741
5140
2335
-637
-2008
-2131
-1144
729
1767
819
-894
-2053
-2712
-2529
-756
1671
2995
2946
2209
1137
50
-450
-193
110
-89
-450
-639
-644
-351
171
597
758
819
870
569
6
-222
-211
-355
-563
-620
-503
-342
-205
-182
-335
-389
-231
-167
-352
-679
-991
-1350
-1971
-2717
-2334
791
5084
6240
3261
-501
-2345
-2376
-1435
152
1349
855
-671
-1838
-2551
-2679
-1400
1051
3024
3406
2659
1510
262
-564
-576
-178
-72
-349
-524
-432
-268
-98
110
452
911
1178
1016
506
-108
-577
-766
-659
-387
-181
-187
-364
-521
-486
-193
221
316
-60
-469
-572
-491
-583
-913
-1127
-1221
-1424
-1768
-1898
-337
3431
6291
5012
844
-2460
-3334
-2669
-943
1306
2075
668
-1167
-2138
-2232
-1270
769
2605
2948
2200
1258
264
-492
-445
147
364
-71
-594
-811
-750
-383
314
1009
1281
1152
803
244
-319
-562
-509
-376
-295
-359
-643
-1028
-1193
-1056
-650
150
972
1132
560
-243
-744
-975
-1131
-930
-671
-1253
-2633
-3130
-640
3786
6112
4716
1507
-1490
-3291
-3213
-1131
1444
2433
1598
-95
-2072
-3352
-2525
238
2858
3704
2982
1597
129
-871
-932
-333
60
25
84
226
11
-357
-303
224
783
1072
943
319
-402
-756
-840
-832
-654
-426
-476
-697
-646
-327
51
474
721
509
6
-330
-438
-850
-1565
-1732
-1285
-1177
-2063
-2938
-1212
3225
6404
5532
1982
-1430
-3227
-3195
-1288
1398
2607
1757
-31
-2035
-3499
-3126
-661
2248
3660
3225
1841
310
-763
-767
73
680
562
147
-188
-472
-731
-633
-45
526
814
910
695
217
-205
-433
-597
-802
-799
-558
-552
-799
-783
-257
592
1286
1324
703
20
-222
-270
-568
-950
-1096
-1176
-1550
-2201
-3014
-3563
-1981
2601
6797
6691
3028
-579
-2197
-2127
-775
1234
2048
743
-1308
-2722
-3228
-2648
-900
1305
2789
2953
2120
1032
365
310
484
464
113
-448
-894
-961
-807
-704
-490
60
802
1347
1290
668
-160
-916
-1315
-1224
-842
-464
-268
-71
332
682
734
573
371
276
183
-96
-418
-720
-1242
-2077
-2899
-3291
-3444
-2959
28
5073
8032
6396
2130
-1632
-3407
-2833
-210
2484
2725
466
-2260
-4005
-4350
-3082
-483
2195
3686
3791
2997
1726
429
-277
-197
119
44
-404
-859
-1183
-1308
-1110
-609
181
1046
1430
1169
646
134
-322
-633
-693
-624
-569
-428
-289
-336
-204
326
798
895
702
394
-6
-622
-1195
-1305
-1103
-985
-1203
-1816
-2511
-3044
-2676
241
4984
7661
6053
1932
-1603
-3088
-2769
-1062
906
1293
56
-1363
-2434
-3025
-2394
-315
2238
3955
4179
3094
1320
-261
-970
-921
-579
-230
-156
-502
-936
-1030
-762
-206
661
1497
1644
913
-119
-759
-936
-963
-868
-510
-100
125
236
176
-62
-36
469
896
745
281
-37
-314
-915
-1610
-1870
-1750
-1726
-1830
-1818
-2083
-2220
-218
3840
6400
5140
1946
-259
-1091
-1362
-901
60
363
-113
-668
-1344
-2189
-2376
-1286
669
2449
3227
2881
1832
781
287
246
171
-144
-587
-955
-1081
-1004
-812
-589
-369
105
851
1279
969
236
-317
-364
28
509
570
22
-658
-984
-910
-466
211
655
531
101
-40
84
-263
-1229
-2126
-2563
-2697
-2624
-2498
-2121
-118
3706
6483
5712
2575
-60
-1188
-1402
-759
335
508
-381
-1344
-2213
-3050
-2913
-1073
1449
3066
3386
2805
1792
954
686
699
343
-451
-1111
-1428
-1600
-1586
-1221
-526
290
1058
1621
1609
996
277
-115
54
640
974
451
-831
-2020
-2209
-1347
-213
466
588
470
370
295
197
64
-314
-1107
-1993
-2593
-2762
-2532
-2523
-2328
218
4694
7051
5245
1639
-745
-1466
-1247
-65
1249
1024
-459
-1806
-2878
-3727
-3323
-1087
1744
3462
3755
3299
2384
1162
223
-175
-532
-1006
-1050
-714
-759
-1188
-1204
-685
-84
706
1634
1889
1273
546
100
-239
-410
-279
-195
-545
-1080
-1279
-1014
-416
373
910
788
390
294
244
-286
-1174
-2027
-2595
-2710
-2551
-2715
-3001
-1351
3144
7009
6630
3327
415
-1045
-1378
-509
1061
1504
146
-1504
-2704
-3888
-4266
-2691
196
2821
4291
4421
3329
1650
482
274
416
337
-52
-825
-1756
-2231
-2136
-1756
-1008
280
1747
2585
2401
1512
376
-472
-545
-167
-103
-592
-1356
-1872
-1748
-1150
-461
199
780
1134
1244
1178
780
-179
-1517
-2667
-3265
-3418
-3294
-3064
-2647
-783
3074
6368
6360
3788
1327
157
-319
-408
27
203
-560
-1675
-2695
-3670
-3785
-2064
857
3279
4271
4039
3103
2021
1269
739
-54
-1039
-1547
-1467
-1391
-1449
-1310
-1001
-508
503
1794
2454
2083
1198
321
-349
-518
-264
-334
-1053
-1674
-1510
-941
-598
-349
90
493
730
1067
1399
1073
-170
-1771
-2919
-3287
-3154
-2690
-2104
-1948
-1474
942
4382
5828
4455
2446
1306
308
-734
-783
-237
-407
-1159
-1837
-2596
-3228
-2663
-679
1561
3093
3888
3986
3284
2066
792
-384
-1356
-1690
-1222
-683
-801
-1343
-1667
-1373
-341
1051
2096
2396
2010
1308
678
233
-100
-605
-1439
-2001
-1811
-1412
-1252
-912
-120
716
1265
1655
1813
1218
-149
-1479
-2234
-2568
-2584
-2270
-1975
-2145
-2639
-2173
551
4235
5849
4717
2784
1247
-199
-1304
-1194
-344
-93
-425
-766
-1455
-2404
-2434
-996
1011
2517
3355
3596
2908
1438
53
-744
-1076
-1054
-617
-66
-154
-937
-1494
-1298
-640
218
1093
1559
1485
1336
1278
841
-131
-1124
-1605
-1531
-1215
-907
-666
-411
13
450
585
643
923
961
247
-824
-1499
-1658
-1691
-1850
-2082
-2253
-2543
-2745
-1309
2336
5502
5509
3343
1475
341
-666
-909
-20
595
230
-174
-652
-1969
-3095
-2352
-158
1757
2773
3214
2820
1513
418
140
-125
-774
-1210
-1062
-692
-566
-667
-799
-752
-218
626
1266
1573
1531
1073
292
-538
-1063
-1182
-1016
-663
-440
-540
-559
-278
-10
163
552
1071
911
-238
-1360
-1523
-1115
-939
-1111
-1470
-1913
-2108
-2164
-2186
-669
2936
5525
4606
2068
538
-227
-968
-638
951
1733
960
86
-668
-2057
-3058
-2255
-339
1119
1841
2292
2210
1313
420
125
-141
-463
-158
595
790
57
-919
-1495
-1600
-1107
-82
760
1034
1072
1049
684
-89
-586
-275
323
563
316
-303
-826
-948
-945
-817
-397
-92
-198
-346
-287
-327
-695
-1009
-944
-988
-1418
-1839
-2200
-1894
256
3045
3823
2509
1000
167
-223
-21
974
1801
1655
1172
542
-814
-2237
-2585
-1916
-777
500
1441
1565
974
387
253
268
328
826
1441
1376
684
-242
-1240
-1854
-1758
-1236
-639
-14
660
1020
706
168
24
308
868
1343
1179
361
-510
-955
-1184
-1559
-1594
-798
40
68
-301
-474
-558
-605
-347
-96
-564
-1395
-1826
-2164
-2063
-166
2501
3222
2026
1075
855
358
-119
591
1886
2315
1941
1140
-524
-2545
-3311
-2414
-1099
-265
361
1004
1252
952
576
453
498
751
1338
1814
1435
164
-1210
-2012
-2228
-2040
-1468
-684
-25
450
808
894
728
798
1292
1647
1439
844
84
-828
-1771
-2249
-1842
-1097
-829
-786
-440
-27
167
351
569
345
-532
-1370
-1683
-2004
-2111
-791
1355
2285
1702
950
694
544
526
1309
2495
2841
2324
1519
131
-1782
-3111
-3149
-2260
-1149
-135
732
1178
1082
898
968
1179
1322
1282
1194
1011
334
-683
-1509
-2036
-2117
-1569
-813
-265
158
510
706
762
928
1378
1615
1161
416
-154
-686
-1307
-1759
-1758
-1397
-1006
-637
-220
-59
-284
-380
-109
70
-124
-479
-877
-1503
-2155
-1864
-315
1175
1522
1266
1118
959
762
972
1685
2336
2433
1967
975
-508
-1936
-2597
-2457
-1893
-1011
111
1042
1317
986
583
513
669
841
1100
1356
1170
478
-300
-912
-1280
-1302
-1040
-629
-174
189
442
598
553
438
537
733
711
443
10
-558
-1066
-1264
-1134
-871
-665
-538
-435
-386
-343
-152
56
-90
-614
-1147
-1416
-1523
-1596
-1227
-198
688
860
872
1069
1155
1202
1464
1734
1692
1393
1143
854
123
-776
-1188
-1166
-1031
-785
-531
-415
-338
-185
81
346
396
446
802
1145
1188
1093
878
575
359
113
-268
-634
-901
-956
-687
-272
81
327
418
343
177
-22
-155
-103
81
219
137
-271
-836
-1136
-971
-532
-180
-151
-324
-478
-622
-699
-594
-583
-875
-1044
-821
-544
-307
142
667
927
966
1091
1341
1391
1231
1240
1359
1244
891
365
-341
-1043
-1507
-1611
-1385
-1052
-764
-433
-28
309
483
474
392
449
677
958
1153
1067
667
175
-246
-558
-640
-415
-61
179
247
195
76
-7
-2
-4
-111
-267
-381
-486
-563
-480
-320
-321
-440
-451
-321
-81
319
780
966
660
99
-354
-689
-1032
-1262
-1240
-1026
-673
-218
155
319
404
637
1072
1460
1551
1380
1087
738
305
-291
-959
-1422
-1499
-1194
-659
-144
158
252
230
128
47
173
425
484
320
132
-64
-299
-372
-127
257
518
658
797
838
682
472
258
-35
-315
-489
-679
-969
-1120
-912
-531
-230
4
239
508
884
1303
1492
1284
789
241
-177
-466
-724
-980
-1197
-1307
-1246
-985
-590
-252
-75
105
406
675
843
952
881
522
28
-356
-540
-560
-462
-288
-143
-95
-86
-85
-139
-260
-312
-150
111
208
97
-100
-330
-481
-326
152
714
1134
1296
1172
814
386
53
-183
-371
-499
-565
-614
-715
-846
-878
-762
-525
-160
274
663
972
1188
1242
1084
761
409
147
-2
-85
-189
-368
-538
-580
-519
-506
-613
-752
-725
-413
33
388
565
540
341
84
-89
-145
-142
-74
85
253
284
100
-206
-484
-656
-629
-362
-71
38
57
103
122
100
194
438
618
640
649
612
328
-87
-336
-381
-298
-140
-40
-125
-352
-541
-542
-404
-243
-72
73
131
147
187
231
249
310
517
791
881
699
410
134
-96
-204
-224
-352
-635
-857
-826
-580
-281
0
270
469
514
419
228
-37
-275
-327
-170
29
77
-60
-307
-587
-733
-551
-115
264
430
467
417
254
81
42
94
108
74
16
-112
-285
-314
-85
242
421
371
160
-103
-293
-311
-196
-99
-63
-14
-11
-165
-370
-408
-257
-30
276
641
854
798
610
416
187
-51
-130
-27
-3
-224
-476
-495
-331
-183
-51
128
227
153
22
-84
-235
-374
-289
-42
67
-47
-248
-405
-436
-264
91
440
573
530
482
404
201
-34
-175
-205
-192
-193
-226
-296
-312
-163
66
201
205
154
104
40
-66
-140
-93
-3
44
86
130
87
-60
-161
-111
-16
48
164
330
396
296
122
-18
-47
47
166
193
112
23
24
72
40
-67
-132
-104
-56
-58
-113
-196
-257
-233
-120
-55
-176
-378
-441
-352
-247
-170
-51
108
228
294
319
273
132
-18
-66
-16
50
67
35
-38
-169
-309
-351
-259
-98
44
108
72
-2
14
134
244
268
221
147
48
-63
-127
-128
-89
-6
106
181
185
183
258
374
404
321
212
117
35
28
70
11
-136
-215
-169
-72
-51
-123
-193
-210
-157
-33
107
159
54
-131
-260
-301
-283
-166
30
158
142
50
-54
-155
-187
-87
102
244
238
128
-34
-239
-414
-449
-341
-218
-130
-24
74
107
124
193
252
225
155
78
-11
-98
-180
-279
-365
-354
-205
8
205
392
578
705
701
569
377
164
-33
-147
-171
-196
-268
-323
-285
-181
-91
-46
-4
80
173
226
220
135
16
-54
-69
-87
-142
-191
-201
-177
-115
-6
102
133
100
80
57
-10
-67
-84
-101
-137
-173
-157
-109
-101
-124
-142
-128
-19
163
295
305
228
97
-68
-216
-319
-401
-467
-460
-337
-154
15
170
319
461
549
529
444
366
291
222
164
54
-130
-318
-411
-363
-235
-120
-24
70
129
143
138
147
149
101
45
28
7
-34
-64
-84
-96
-64
21
95
135
157
153
117
48
-46
-166
-308
-410
-405
-292
-150
-71
-52
-30
24
103
217
338
382
333
229
70
-115
-270
-376
-415
-373
-281
-169
-56
55
158
225
269
305
318
302
244
151
53
-41
-159
-278
-333
-300
-210
-114
-34
28
66
85
112
146
154
112
68
78
106
81
5
-63
-94
-83
-24
58
137
220
291
285
154
-61
-262
-379
-387
-316
-226
-163
-143
-145
-123
-40
92
216
296
316
251
121
-1
-81
-122
-145
-175
-185
-151
-95
-53
-35
-18
36
144
260
296
218
91
-2
-48
-73
-105
-142
-148
-112
-71
-54
-36
27
124
199
204
127
-2
-103
-99
-17
51
47
-16
-75
-68
-8
55
115
189
265
319
304
193
20
-153
-262
-280
-250
-216
-196
-176
-143
-113
-85
-33
43
107
140
146
132
116
105
92
61
0
-68
-120
-145
-132
-79
-11
40
61
35
-31
-113
-163
-142
-62
-3
-13
-46
-61
-64
-66
-48
34
155
234
241
175
57
-58
-120
-99
-30
0
-34
-70
-88
-96
-65
-16
16
67
180
314
365
297
186
80
-6
-46
-42
-60
-134
-206
-232
-226
-211
-197
-174
-127
-49
71
216
317
334
297
230
126
3
-84
-117
-116
-83
-21
16
-16
-88
-146
-158
-122
-57
7
30
-1
-67
-131
-161
-150
-88
35
157
199
162
101
71
83
102
81
-4
-118
-187
-179
-121
-70
-63
-82
-77
-11
114
238
298
292
269
251
211
129
11
-129
-250
-286
-240
-180
-146
-133
-130
-122
-79
19
154
259
299
265
159
22
-96
-161
-156
-96
-18
36
35
-16
-83
-120
-106
-49
33
79
42
-47
-131
-175
-166
-116
-46
36
108
143
136
111
97
88
52
-6
-64
-125
-165
-165
-130
-75
-20
31
79
122
154
155
130
132
177
214
187
77
-89
-249
-340
-324
-228
-130
-70
-30
-1
26
64
129
195
232
242
231
180
69
-48
-119
-152
-126
-41
25
18
-46
-114
-141
-116
-51
19
56
59
47
39
28
4
-9
6
53
109
137
129
97
46
-7
-45
-87
-145
-193
-199
-162
-100
-40
4
40
65
81
87
73
60
91
158
192
162
78
-40
-156
-228
-225
-176
-139
-119
-92
-68
-52
-11
55
111
149
183
201
173
101
29
-20
-51
-51
-28
-27
-67
-103
-110
-102
-100
-95
-73
-27
44
113
143
120
64
23
17
29
31
13
0
14
43
64
62
15
-64
-112
-104
-82
-67
-42
-15
-6
-15
-24
-24
-21
-3
52
109
131
125
96
41
-21
-60
-74
-105
-168
-212
-195
-134
-70
-2
67
106
121
150
176
151
83
20
-17
-30
-30
-42
-79
-129
-153
-132
-93
-53
-18
16
60
91
94
85
81
80
74
66
44
5
-15
17
78
126
144
126
81
14
-51
-83
-95
-96
-71
-42
-36
-53
-65
-47
-10
40
100
150
155
115
62
5
-53
-84
-87
-96
-122
-148
-151
-133
-109
-68
-2
63
111
141
126
62
-4
-37
-37
-19
-3
-7
-21
-21
-16
-18
-12
8
28
47
54
37
-1
-32
-31
-15
-10
-5
-10
-31
-42
-23
26
85
121
128
102
40
-34
-89
-112
-111
-95
-65
-49
-54
-56
-43
-8
40
84
120
134
122
99
60
12
-15
-22
-28
-38
-52
-68
-82
-85
-64
-16
31
60
64
35
-10
-40
-51
-44
-13
23
28
17
15
4
-16
-16
6
43
80
88
64
7
-64
-114
-134
-125
-94
-48
-2
36
61
76
92
112
118
109
89
47
-2
-41
-64
-70
-73
-85
-99
-104
-83
-30
31
83
118
127
111
87
60
21
-12
-21
-22
-30
-38
-57
-81
-87
-61
-21
11
30
34
27
13
7
12
11
5
3
-5
-18
-34
-40
-19
26
66
89
89
43
-31
-100
-148
-162
-139
-88
-31
17
44
52
54
54
61
80
93
83
56
15
-37
-78
-101
-113
-123
-131
-120
-81
-14
52
95
115
123
127
122
105
77
40
17
16
7
-18
-46
-74
-77
-46
-7
20
24
10
-4
-7
9
28
32
30
16
-7
-25
-36
-26
-3
28
62
65
40
4
-54
-114
-144
-143
-117
-74
-28
8
30
35
32
30
39
61
94
119
105
59
13
-27
-52
-51
-53
-73
-89
-93
-81
-55
-27
13
53
76
77
58
34
18
25
44
49
36
13
-2
-9
-5
17
34
34
36
41
36
20
14
17
14
17
20
2
-27
-56
-69
-51
-23
0
15
9
-24
-60
-73
-71
-72
-83
-82
-56
-21
2
-1
-17
-34
-34
-7
30
62
76
78
73
48
11
-17
-30
-40
-44
-31
-21
-28
-39
-38
-30
-24
-21
-7
23
47
53
48
43
38
22
13
21
34
58
71
68
51
21
-3
-10
4
31
57
61
33
-26
-77
-79
-64
-49
-36
-35
-33
-21
-3
24
43
23
0
-4
-11
-25
-32
-21
-18
-26
-29
-30
-20
3
37
65
72
65
62
62
44
15
-13
-35
-44
-58
-78
-111
-139
-127
-66
0
26
72
106
109
122
90
32
7
18
85
155
128
32
-64
-120
-116
-85
-25
51
91
69
4
-81
-166
-188
-101
12
55
42
20
-9
-38
-33
28
122
162
152
127
43
-94
-155
-86
-9
20
14
-22
-65
-107
-99
-24
47
83
111
100
24
-81
-138
-90
-27
-24
-55
-104
-155
-170
-117
-23
54
98
112
88
41
-2
0
65
118
102
41
-38
-91
-84
-38
17
34
9
-5
-4
-3
11
47
57
25
-3
-16
-15
6
28
45
64
78
95
117
116
101
96
100
87
44
-3
-31
-34
-20
-19
-32
-57
-58
-8
24
6
-27
-58
-67
-48
-44
-55
-80
-129
-158
-172
-185
-165
-114
-71
-56
-52
-50
-52
-28
16
20
-20
-51
-68
-67
-46
-24
-33
-58
-47
-14
21
85
165
196
177
179
200
207
228
262
254
192
132
119
140
152
150
156
163
145
95
47
19
-2
-17
-36
-82
-145
-171
-147
-103
-82
-94
-112
-124
-123
-95
-25
51
76
54
-10
-112
-187
-214
-209
-171
-154
-204
-267
-271
-228
-224
-292
-358
-378
-339
-151
60
-47
-373
-456
-228
18
165
226
176
94
148
332
453
467
511
594
549
374
286
356
446
458
362
156
-16
11
159
223
119
-53
-156
-171
-159
-141
-143
-202
-271
-261
-193
-158
-146
-76
-10
-11
18
100
168
199
184
102
-10
-66
-5
74
22
-122
-215
-199
-133
-97
-127
-211
-256
-236
-260
-343
-377
-353
-350
-398
-469
-517
-514
-328
46
186
-107
-311
-55
299
441
486
459
331
303
468
601
551
459
498
559
469
342
360
436
395
260
105
-46
-111
-85
-98
-209
-365
-449
-387
-291
-265
-268
-284
-295
-244
-154
-81
-26
8
21
46
66
72
113
181
203
190
206
213
168
135
148
127
31
-75
-158
-244
-317
-337
-312
-298
-346
-439
-499
-468
-369
-287
-272
-296
-303
-282
-238
-178
-135
-9
270
357
75
-76
196
491
582
624
561
345
258
417
506
344
221
299
334
218
151
177
142
71
81
57
-74
-121
-52
-68
-182
-253
-223
-135
-90
-123
-194
-233
-171
-52
24
67
75
5
-30
77
149
88
69
117
88
37
72
69
-44
-105
-71
-101
-215
-295
-293
-267
-291
-337
-347
-324
-279
-221
-200
-229
-231
-171
-103
-70
-82
-108
-60
15
-38
-134
-111
-66
59
436
574
72
-315
55
556
561
365
255
128
101
304
395
175
72
297
406
212
127
258
290
199
114
-4
-60
39
94
-12
-160
-217
-118
-10
-87
-203
-163
-93
-49
17
-40
-166
-95
27
-33
-111
-87
-83
-76
4
34
-16
-39
-7
20
-38
-155
-200
-180
-227
-278
-233
-202
-252
-285
-256
-233
-248
-221
-93
4
-39
-89
-58
-10
43
81
29
-85
-157
-64
281
508
176
-210
26
415
356
203
208
95
37
288
415
173
54
244
324
197
186
317
340
261
236
195
91
98
171
57
-161
-195
-85
-70
-148
-233
-293
-243
-127
-87
-119
-171
-234
-224
-141
-117
-144
-117
-43
-36
-105
-120
-28
71
103
121
96
-26
-99
-14
79
30
-97
-189
-199
-114
-73
-192
-311
-261
-151
-126
-160
-209
-262
-261
-177
-168
-246
-107
181
127
-186
-154
207
387
323
275
242
211
371
567
448
214
264
464
487
386
310
242
216
274
274
141
26
5
-25
-125
-211
-211
-202
-261
-329
-367
-374
-299
-201
-264
-365
-239
-32
-37
-149
-98
11
16
46
138
157
155
214
217
125
107
195
198
87
-16
-67
-51
-7
-75
-252
-343
-321
-310
-319
-312
-287
-252
-228
-244
-246
-182
-138
-123
27
194
55
-130
87
384
357
253
236
183
226
421
437
207
135
274
284
234
302
235
-5
-20
195
196
-15
-71
-40
-124
-143
-57
-141
-310
-226
-34
-74
-228
-222
-95
12
64
47
-27
-77
-40
37
101
136
107
31
-8
16
58
81
44
-26
-36
10
12
-63
-123
-124
-109
-114
-114
-113
-158
-182
-150
-176
-216
-155
-121
-157
-141
-128
-182
-208
-224
-270
-99
240
176
-234
-254
132
297
196
151
118
61
208
438
344
81
113
314
330
274
310
294
215
214
243
220
192
174
110
-17
-87
-21
27
-91
-222
-197
-117
-122
-188
-221
-209
-189
-167
-156
-178
-184
-113
-50
-65
-70
-12
54
81
59
34
72
143
165
114
54
48
67
36
-53
-74
-5
-8
-95
-129
-126
-172
-213
-203
-211
-232
-183
-133
-211
-292
-164
-14
-103
-169
-22
61
17
56
130
109
95
183
226
166
204
328
298
159
160
275
299
246
201
105
-3
28
157
181
14
-169
-193
-105
-29
-20
-98
-213
-222
-102
-8
25
33
-40
-126
-78
32
100
124
70
-28
-44
38
119
124
71
7
-48
-52
30
93
33
-50
-107
-176
-165
-76
-85
-189
-236
-243
-252
-210
-176
-232
-299
-305
-273
-166
-17
-40
-209
-162
113
204
75
61
175
210
227
322
324
202
207
337
350
290
331
368
260
159
215
281
207
102
60
22
7
26
-26
-131
-166
-137
-123
-138
-143
-143
-187
-225
-178
-119
-127
-123
-65
-44
-61
-29
41
69
48
44
64
46
4
17
47
3
-50
-26
-42
-125
-98
-14
-81
-204
-192
-145
-193
-237
-199
-182
-218
-210
-203
-251
-198
-57
-61
-145
-127
-65
44
184
137
-23
65
319
337
174
170
286
350
386
378
248
166
308
419
250
65
108
184
147
99
48
-36
-66
-21
-27
-114
-147
-90
-68
-145
-197
-107
-4
-26
-99
-112
-63
-16
-13
-17
-2
18
38
28
4
10
13
-6
-22
-84
-147
-93
-52
-159
-259
-262
-279
-290
-261
-306
-373
-374
-404
-377
-102
99
-147
-436
-247
144
287
230
137
77
213
524
608
328
160
341
486
429
396
374
282
256
302
266
173
105
31
-42
-54
-13
-5
-81
-201
-247
-174
-123
-171
-199
-175
-172
-133
-44
-31
-73
-26
49
60
89
104
30
18
127
163
77
8
-24
-53
-49
-68
-164
-248
-253
-224
-219
-244
-242
-221
-264
-291
-230
-175
-141
-108
-125
-132
-48
60
113
80
-3
36
201
263
195
154
159
199
281
280
171
113
142
157
126
97
78
57
45
14
-26
-13
8
-36
-99
-107
-67
-24
-10
-31
-36
11
38
13
36
114
133
114
126
128
120
145
141
66
31
89
104
-18
-128
-91
-40
-86
-148
-176
-180
-160
-171
-223
-255
-248
-209
-182
-261
-360
-284
-124
-104
-168
-188
-221
-173
68
166
-56
-123
158
326
224
186
258
254
261
375
385
226
212
381
363
179
170
245
143
13
39
74
24
-16
-52
-140
-157
-61
-61
-192
-215
-89
-31
-102
-154
-115
-37
9
-16
-54
-14
67
89
63
51
47
65
105
66
-43
-54
17
-35
-178
-203
-138
-132
-184
-252
-318
-306
-204
-166
-271
-346
-253
-123
-119
-183
-185
-117
-39
19
38
23
57
150
211
210
200
245
282
222
179
254
319
289
214
144
167
257
228
109
68
86
114
137
83
-19
-40
14
19
-52
-107
-87
-53
-48
-41
-30
-31
-6
40
44
23
54
108
110
72
63
80
57
14
13
12
-44
-95
-103
-136
-193
-205
-207
-264
-318
-325
-374
-471
-473
-380
-362
-412
-400
-376
-331
-112
40
-156
-276
41
351
305
209
255
326
440
587
558
362
346
568
631
432
315
368
351
254
211
144
19
-27
-21
-97
-179
-159
-127
-178
-259
-240
-130
-95
-152
-137
-32
25
32
42
13
-13
44
120
95
7
4
61
43
-17
-54
-121
-209
-214
-191
-249
-312
-304
-316
-360
-330
-264
-268
-296
-262
-195
-129
-65
-53
-71
-27
63
107
101
112
139
170
208
235
233
217
215
213
210
203
168
129
120
103
88
108
91
21
10
61
65
33
53
68
23
34
111
109
39
27
70
88
88
93
61
-6
-3
87
107
15
-24
7
-14
-34
6
13
-46
-71
-31
-33
-74
-53
-33
-107
-147
-64
-16
-100
-205
-233
-190
-144
-165
-263
-361
-342
-221
-174
-263
-356
-339
-212
-82
-109
-250
-233
-26
132
128
61
70
193
338
382
324
268
292
394
447
342
229
266
328
285
212
178
165
150
118
75
27
-18
-5
12
-57
-103
-47
-26
-88
-109
-73
-46
-36
-43
-53
-40
-26
-27
-26
-22
-34
-53
-66
-92
-115
-109
-126
-215
-275
-225
-170
-211
-275
-288
-261
-175
-84
-136
-251
-189
-7
60
14
-24
-30
22
134
181
101
34
107
212
196
133
126
136
140
148
133
106
119
136
108
71
66
85
80
33
-3
21
65
74
49
18
8
33
77
90
55
31
49
53
22
12
17
-8
-36
-23
11
26
8
-28
-41
-6
39
24
-48
-96
-68
-24
-34
-84
-120
-125
-103
-75
-99
-168
-184
-132
-121
-160
-179
-181
-195
-198
-177
-149
-130
-125
-115
-112
-114
-50
35
8
-53
13
125
162
161
148
155
233
295
264
231
214
195
222
213
130
112
151
129
83
64
48
43
55
57
44
24
40
89
67
2
26
62
15
-10
10
-22
-49
-21
-34
-85
-83
-67
-95
-125
-130
-130
-142
-166
-188
-213
-226
-203
-192
-227
-252
-232
-194
-146
-140
-167
-138
-68
-12
25
14
-22
12
85
99
78
73
88
115
154
187
151
53
84
254
231
36
49
204
220
173
166
143
136
188
207
118
33
93
197
132
-9
-1
74
60
9
-24
-49
-23
20
-14
-91
-106
-47
-3
-51
-126
-126
-85
-83
-94
-101
-133
-134
-78
-51
-85
-120
-110
-73
-60
-83
-103
-109
-109
-84
-76
-143
-180
-127
-111
-160
-190
-199
-187
-129
-79
-97
-137
-93
33
84
35
35
83
102
138
199
189
125
158
259
259
199
197
216
204
196
200
178
148
147
151
123
110
144
143
81
51
76
83
48
20
10
-5
-10
5
-2
-41
-48
-35
-59
-88
-89
-81
-93
-126
-128
-118
-156
-166
-116
-117
-172
-187
-170
-173
-170
-124
-111
-165
-163
-93
-77
-112
-108
-80
-73
-60
-27
-11
-40
-58
-22
-13
-54
-46
-5
6
41
84
64
37
70
122
118
75
83
147
151
96
114
176
181
169
178
160
138
175
207
150
102
140
170
128
77
81
97
80
61
34
-17
-20
28
14
-54
-57
-18
-30
-51
-47
-57
-95
-117
-94
-80
-114
-123
-95
-105
-128
-118
-113
-142
-163
-155
-155
-161
-144
-119
-114
-127
-122
-105
-115
-129
-119
-108
-98
-80
-65
-56
-47
-27
0
7
9
23
29
33
56
75
87
105
115
111
113
127
136
133
127
130
128
113
131
168
171
161
157
140
133
152
160
131
93
89
112
119
102
80
46
16
27
52
34
-2
-9
-6
-23
-42
-49
-64
-87
-88
-89
-117
-129
-111
-112
-148
-169
-145
-129
-149
-158
-160
-175
-167
-141
-143
-161
-147
-105
-90
-111
-103
-66
-77
-102
-67
-40
-58
-35
23
28
4
17
55
70
59
67
71
35
50
120
114
68
82
113
114
120
131
124
120
136
149
146
129
117
117
106
104
118
106
82
86
84
61
52
51
43
31
14
-1
-11
-28
-37
-35
-53
-70
-55
-53
-84
-105
-108
-107
-103
-100
-100
-110
-117
-106
-98
-114
-117
-93
-87
-106
-94
-63
-63
-61
-38
-36
-44
-24
9
20
4
-14
3
19
12
18
17
0
19
51
40
22
23
20
23
18
2
5
17
34
55
43
31
71
84
44
39
69
71
54
56
60
50
54
68
50
20
34
67
50
10
28
64
43
-3
-19
-10
3
14
8
-18
-30
0
37
29
-7
-11
3
-1
-12
-20
-30
-28
-13
-18
-50
-67
-50
-27
-36
-74
-97
-78
-49
-37
-54
-86
-84
-41
-28
-63
-87
-65
-28
-9
-24
-41
-34
-18
-3
-2
-26
-30
7
25
-6
-26
-5
20
27
12
-2
9
40
70
70
37
10
36
68
45
9
12
36
54
52
30
14
27
47
44
26
29
54
69
56
31
23
33
36
30
28
33
27
14
13
24
21
0
-17
-22
-20
-16
-21
-41
-51
-33
-11
-18
-39
-41
-21
-14
-24
-29
-29
-24
-16
-14
-24
-35
-31
-18
-19
-26
-13
10
13
5
2
-4
-10
-4
-8
-26
-38
-34
-26
-26
-32
-33
-23
-12
-9
-2
6
10
20
34
41
42
37
29
20
22
34
31
16
20
40
36
20
20
30
40
40
30
15
12
30
39
10
-24
-20
8
11
-6
-13
-10
-8
-5
-10
-26
-30
-16
-10
-33
-56
-49
-28
-24
-33
-34
-27
-28
-25
-14
-16
-26
-27
-15
-13
-24
-23
-18
-17
-15
-13
-11
-16
-15
-6
-3
-3
5
17
27
29
27
27
27
18
15
26
35
32
27
27
23
25
38
43
38
39
39
37
37
44
48
39
30
24
24
20
11
5
9
13
3
-7
-4
0
-1
-3
-8
-22
-23
-10
-5
-12
-16
-13
-17
-21
-27
-45
-57
-54
-47
-45
-48
-47
-43
-43
-48
-45
-39
-42
-46
-44
-41
-35
-25
-30
-48
-44
-10
14
8
-1
6
18
33
37
30
28
36
50
53
40
39
51
47
31
23
28
34
31
29
29
27
33
42
44
37
0
0
0
0
0
0
0
0
0
0
0
0
0
0
0
0
0
0
0
0
0
0
0
0
0
0
0
0
0
0
0
0
0
0
0
0
0
0
0
0
0
0
0
0
0
0
0
0
0
0
0
0
0
0
0
0
0
0
0
0
0
0
0
0
0
0
0
0
0
0
0
0
0
0
0
0
0
0
0
0
0
0
0
0
0
0
0
0
0
0
0
0
0
0
0
0
0
0
0
0
0
0
0
0
0
0
0
0
0
0
0
0
0
0
0
0
0
0
0
0
0
0
0
0
0
0
0
0
0
0
0
0
0
0
0
0
0
0
0
0
0
0
0
0
0
0
0
0
0
0
0
0
0
0
0
0
0
0
0
0
0
0
0
0
0
0
0
0
0
0
0
0
0
0
0
0
0
0
0
0
0
0
0
0
0
0
0
0
0
0
0
0
0
0
0
0
0
0
0
0
0
0
0
0
0
0
0
0
0
0
0
0
0
0
0
0
0
0
0
0
0
0
0
0
0
0
0
0
0
0
0
0
0
0
0
0
0
0
0
0
0
0
0
0
0
0
0
0
0
0
0
0
0
0
0
0
0
0
0
0
0
0
0
0
0
0
0
0
0
0
0
0
0
0
0
0
0
0
0
0
0
0
0
0
0
0
0
0
0
0
0
0
0
0
0
0
0
0
0
0
0
0
0
0
0
0
0
0
0
0
0
0
0
0
0
0
0
0
0
0
0
0
0
0
0
0
0
0
0
0
0
0
0
0
0
0
0
0
0
0
0
0
0
0
0
0
0
0
0
0
0
0
0
0
0
0
0
0
0
0
0
0
0
0
0
0
0
0
0
0
0
0
0
0
0
0
0
0
0
0
0
0
0
0
0
0
0
0
0
0
0
0
0
0
0
0
0
0
0
0
0
0
0
0
0
0
0
0
0
0
0
0
0
0
0
0
0
0
0
0
0
0
0
0
0
0
0
0
0
0
0
0
0
0
0
0
0
0
0
0
0
0
0
0
0
0
0
0
0
0
0
0
0
0
0
0
0
0
0
0
0
0
0
0
0
0
0
0
0
0
0
0
0
0
0
0
0
0
0
0
0
0
0
0
0
0
0
0
0
0
0
0
0
0
0
0
0
0
0
0
0
0
0
0
0
0
0
0
0
0
0
0
0
0
0
0
0
0
0
0
0
0
0
0
0
0
0
0
0
0
0
0
0
0
0
0
0
0
0
0
0
0
0
0
0
0
0
0
0
0
0
0
0
0
0
0
0
0
0
0
0
0
0
0
0
0
0
0
0
0
0
0
0
0
0
0
0
0
0
0
0
0
0
0
0
0
0
0
0
0
0
0
0
0
0
0
0
0
0
0
0
0
0
0
0
0
0
0
0
0
0
0
0
0
0
0
0
0
0
0
0
0
0
0
0
0
0
0
0
0
0
0
0
0
0
0
0
0
0
0
0
0
0
0
0
0
0
0
0
0
0
0
0
0
0
0
0
0
0
0
0
0
0
0
0
0
0
0
0
0
0
0
0
0
0
0
0
0
0
0
0
0
0
0
0
0
0
0
0
0
0
0
0
0
0
0
0
0
0
0
0
0
0
0
0
0
0
0
0
0
0
0
0
0
0
0
0
0
0
0
0
0
0
0
0
0
0
0
0
0
0
0
0
0
0
0
0
0
0
0
0
0
0
0
0
0
0
0
0
0
0
0
0
0
0
0
0
0
0
0
0
0
0
0
0
0
0
0
0
0
0
0
0
0
0
0
0
0
0
0
0
0
0
0
0
0
0
0
0
0
0
0
0
0
0
0
0
0
0
0
0
0
0
0
0
0
0
0
0
0
0
0
0
0
0
0
0
0
0
0
0
0
0
0
0
0
0
0
0
0
0
0
0
0
0
0
0
0
0
0
0
0
0
0
0
0
0
0
0
0
0
0
0
0
0
0
0
0
0
0
0
0
0
0
0
0
0
0
0
0
0
0
0
0
0
0
0
0
0
0
0
0
0
0
0
0
0
0
0
0
0
0
0
0
0
0
0
0
0
0
0
0
0
0
0
0
0
0
0
0
0
0
0
0
0
0
0
0
0
0
0
0
0
0
0
0
0
0
0
0
0
0
0
0
0
0
0
0
0
0
0
0
0
0
0
0
0
0
0
0
0
0
0
0
0
0
0
0
0
0
0
0
0
0
0
0
0
0
0
0
0
0
0
0
0
0
0
0
0
0
0
0
0
0
0
0
0
0
0
0
0
0
0
0
0
0
0
0
0
0
0
0
0
0
0
0
0
0
0
0
0
0
0
0
0
0
0
0
0
0
0
0
0
0
0
0
0
0
0
0
0
0
0
0
0
0
0
0
0
0
0
0
0
0
0
0
0
0
0
0
0
0
0
0
0
0
0
0
0
0
0
0
0
0
0
0
0
0
0
0
0
0
0
0
0
0
0
0
0
0
0
0
0
0
0
0
0
0
0
0
0
0
0
0
0
0
0
0
0
0
0
0
0
0
0
0
0
0
0
0
0
0
0
0
0
0
0
0
0
0
0
0
0
0
0
0
0
0
0
0
0
0
0
0
0
0
0
0
0
0
0
0
0
0
0
0
0
0
0
0
0
0
0
0
0
0
0
0
0
0
0
0
0
0
0
0
0
0
0
0
0
0
0
0
0
0
0
0
0
0
0
0
0
0
0
0
0
0
0
0
0
0
0
0
0
0
0
0
0
0
0
0
0
0
0
0
0
0
0
0
0
0
0
0
0
0
0
0
0
0
0
0
0
0
0
0
0
0
0
0
0
0
0
0
0
0
0
0
0
0
0
0
0
0
0
0
0
0
0
0
0
0
0
0
0
0
0
0
0
0
0
0
0
0
0
0
0
0
0
0
0
0
0
0
0
0
0
0
0
0
0
0
0
0
0
0
0
0
0
0
0
0
0
0
0
0
0
0
0
0
0
0
0
0
0
0
0
0
0
0
0
0
0
0
0
0
0
0
0
0
0
0
0
0
0
0
0
0
0
0
0
0
0
0
0
0
0
0
0
0
0
0
0
0
0
0
0
0
0
0
0
0
0
0
0
0
0
0
0
0
0
0
0
0
0
0
0
0
0
0
0
0
0
0
0
0
0
0
0
0
0
0
0
0
0
0
0
0
0
0
0
0
0
0
0
0
0
0
0
0
0
0
0
0
0
0
0
0
0
0
0
0
0
0
0
0
0
0
0
0
0
0
0
0
0
0
0
0
0
0
0
0
0
0
0
0
0
0
0
0
0
0
0
0
0
0
0
0
0
0
0
0
0
0
0
0
0
0
0
0
0
0
0
0
0
0
0
0
0
0
0
0
0
0
0
0
0
0
0
0
0
0
0
0
0
0
0
0
0
0
0
0
0
0
0
0
0
0
0
0
0
0
0
0
0
0
0
0
0
0
0
0
0
0
0
0
0
0
0
0
0
0
0
0
0
0
0
0
0
0
0
0
0
0
0
0
0
0
0
0
0
0
0
0
0
0
0
0
0
0
0
0
0
0
0
0
0
0
0
0
0
0
0
0
0
0
0
0
0
0
0
0
0
0
0
0
0
0
0
0
0
0
0
0
0
0
0
0
0
0
0
0
0
0
0
0
0
0
0
0
0
0
0
0
0
0
0
0
0
0
0
0
0
0
0
0
0
0
0
0
0
0
0
0
0
0
0
0
0
0
0
0
0
0
0
0
0
0
0
0
0
0
0
0
0
0
0
0
0
0
0
0
0
0
0
0
0
0
0
0
0
0
0
0
0
0
0
0
0
0
0
0
0
0
0
0
0
0
0
0
0
0
0
0
0
0
0
0
0
0
0
0
0
0
0
0
0
0
0
0
0
0
0
0
0
0
0
0
0
0
0
0
0
0
