-56
-45
-65
-37
-11
-9
-42
-59
-71
-98
-84
-83
-96
-97
-93
-102
-104
-109
-102
-86
-80
-90
-92
-68
-36
13
25
20
17
24
6
-18
13
15
16
26
12
9
-3
9
41
58
70
57
30
13
9
-4
-28
-50
-51
-72
-69
-55
-33
40
38
26
30
21
20
14
-3
1
-2
-36
-26
-6
2
17
36
38
60
70
68
64
45
50
34
8
-23
-58
-48
-30
-16
-14
-24
-3
5
-2
-6
-13
-11
-30
-42
-37
-41
-43
-37
-40
-47
-52
-70
-75
-71
-73
-77
-82
-84
-93
-99
-104
-92
-81
-70
-46
-24
-20
-20
5
6
17
4
-34
-25
-19
-25
-25
-12
-24
-25
-9
-20
-33
-41
-37
-47
-51
-29
-3
-18
-12
24
25
54
77
42
5
-17
-49
-58
-75
-76
-54
-42
-18
-11
20
30
34
66
77
70
40
17
11
-7
-28
-29
-28
-9
-6
-13
-15
-5
8
19
55
72
65
74
78
77
92
77
77
40
-14
11
32
22
14
10
37
50
27
46
55
37
62
54
40
69
62
66
73
41
17
-19
-15
-15
-17
7
6
-4
-36
-51
-24
-1
30
97
93
77
78
87
131
101
54
34
2
-14
-11
-6
-25
-67
-82
-48
3
33
77
76
34
51
89
80
21
-26
-19
-39
-83
-63
-4
15
-9
-32
-34
-10
33
71
13
-54
-46
-42
-41
-60
-41
20
24
37
61
20
-47
-43
26
-16
-143
-194
-141
-84
-85
-90
-58
1
29
77
87
11
-10
44
69
7
-76
-72
10
-10
-95
-93
-23
30
26
14
17
20
-16
-44
-33
-85
-103
-7
-7
-114
-161
-102
23
102
80
24
-34
-28
12
37
-4
-128
-135
-60
-51
-113
-123
15
125
98
33
6
23
37
26
13
-61
-68
1
-79
-174
-128
-41
-26
-20
31
97
121
83
106
114
57
32
44
-18
-138
-158
-117
-50
14
-20
-117
-161
-67
139
247
146
62
138
172
53
-6
4
-48
-75
-91
-92
-114
-84
78
121
0
-59
47
116
90
96
95
7
-38
-11
-13
-126
-212
-83
71
46
-95
-57
83
105
58
17
-17
-26
13
0
-102
-154
-8
93
-35
-198
-169
-6
33
63
147
104
-19
-31
34
20
-87
-128
-35
-19
-81
-101
-83
-56
10
84
55
-38
-71
33
94
-40
-111
13
71
-18
-128
-84
34
34
23
24
-13
-8
23
55
16
-82
-21
100
140
49
-102
-97
-25
84
154
61
-38
-54
44
127
18
-120
-83
9
20
-24
-77
-44
40
74
122
175
122
110
159
109
34
-5
12
8
-116
-217
-110
42
60
81
105
120
216
295
288
184
12
-3
34
-54
-165
-222
-170
-122
-150
-178
-123
42
200
245
217
128
120
140
-17
-91
-8
-3
-159
-274
-171
-89
-121
-25
10
-171
-178
-12
126
147
46
-63
-81
-20
9
4
-75
-165
-191
-87
-89
-233
-185
-19
115
51
-25
2
-29
-26
6
-88
-181
-129
-160
-226
-262
-142
108
98
-74
-29
148
71
-70
-130
-170
-133
-163
-270
-338
-321
-206
-41
63
61
-20
55
259
278
146
-12
-86
-41
-87
-166
-137
-221
-259
-39
114
72
27
41
122
144
74
128
127
-75
-174
-119
-5
33
1
32
-18
-75
-13
57
11
-96
-62
89
15
-228
-187
-18
33
78
231
293
101
33
134
98
18
-4
14
24
-101
-182
-103
-81
-7
236
298
77
-43
57
124
89
18
-87
-105
-125
-159
-127
-141
-93
-24
81
186
134
90
27
-80
-90
17
4
-255
-417
-351
-256
-145
29
113
62
-13
51
243
229
-57
-261
-74
185
90
-247
-546
-415
43
286
235
21
-213
-194
40
142
69
-54
-103
-95
-112
-41
64
123
51
6
185
196
-6
-133
-174
-119
-86
-17
107
87
-15
18
213
252
252
392
330
33
-120
-44
-111
-98
120
131
-48
-320
-296
98
221
89
38
44
34
53
161
197
26
26
260
195
-51
-125
-94
-11
60
53
53
-27
-205
-42
275
298
240
226
197
146
32
-128
-61
141
54
39
121
-97
-138
-22
-46
103
149
-27
-134
-209
-243
-121
3
-1
48
-11
-30
90
16
54
270
218
71
70
-2
-269
-372
-209
-42
107
41
-10
119
88
235
310
-23
-23
113
93
53
-195
-292
-103
-120
-361
-362
-208
-187
-56
196
177
50
91
102
74
28
-54
-11
11
-123
-103
-15
-4
128
239
218
90
43
210
215
-42
-175
-152
-96
-129
-348
-335
-79
113
297
330
188
142
192
148
-59
-272
-336
-354
-213
-35
-165
-260
-164
-1
195
302
311
127
-131
-90
106
181
22
-243
-307
-220
17
182
114
44
-19
90
237
250
72
-179
21
154
12
55
-41
-85
222
235
-23
-49
-42
82
257
84
-174
-188
-106
-15
45
4
13
36
-47
-68
120
237
140
105
72
96
80
-112
-148
-226
-277
-134
-71
-75
-197
-406
-327
-89
7
60
-5
-78
-26
-34
-155
-87
77
50
52
-34
-273
-316
-207
-136
31
168
130
108
81
8
84
368
401
185
-14
-149
-14
36
-59
-126
-159
-142
-184
8
102
-104
-29
186
251
214
164
201
203
241
258
85
-55
-110
-1
101
-127
-267
-55
-23
85
419
307
112
198
266
362
258
-192
-304
-279
-527
-341
105
59
-79
-4
122
307
382
363
219
-151
-284
-10
95
-78
-113
196
401
255
160
79
163
284
195
113
-286
-537
-227
-71
77
264
65
-9
88
156
315
124
-84
40
77
-48
-273
-367
-203
20
133
82
24
-97
-239
-72
160
300
345
167
-54
-67
13
35
-54
-288
-314
-85
-84
-264
-238
-142
-8
192
208
75
-28
-73
10
102
60
37
102
170
56
9
10
-182
-103
68
-20
-64
-85
4
273
237
203
425
282
-26
-136
5
187
-22
-251
-267
-250
-167
-77
70
121
-13
33
176
129
35
44
46
24
5
-7
-37
-135
27
260
272
241
111
-26
-161
-262
-76
171
45
-222
-206
-123
-113
37
156
114
57
23
97
224
41
-128
47
13
-301
-338
-64
-51
-123
25
140
287
293
114
60
-118
-291
-37
132
-116
-230
-215
-368
-337
-283
-300
-127
-75
-63
-40
-241
-284
-32
26
-84
-27
7
-51
-83
-127
-33
79
50
94
179
217
199
144
169
245
296
275
129
-61
-72
58
186
315
319
202
194
271
331
282
168
80
-36
-54
-116
-256
-262
-347
-368
-149
-13
80
106
52
140
214
266
260
32
-325
-672
-814
-866
-911
-761
-625
-614
-515
-303
-128
-101
-121
-148
-171
-117
-117
-118
-163
-359
-347
-113
158
408
567
605
530
584
707
634
503
392
362
515
530
325
314
458
559
664
663
589
480
295
151
18
-122
-207
-124
4
-78
-138
-173
-188
32
267
432
482
295
109
-85
-293
-312
-343
-515
-677
-869
-984
-938
-973
-1011
-778
-518
-550
-756
-1210
-1568
-1456
-1167
-871
-709
-277
728
1682
2203
2102
1529
1070
654
237
-89
-688
-1274
-1245
-680
104
923
1560
1932
2188
2357
2325
2001
1312
429
-218
-592
-995
-1353
-1456
-1325
-814
-29
634
974
908
758
727
593
333
-36
-402
-466
-224
0
36
-125
-278
-185
-247
-551
-887
-1421
-1851
-1937
-1857
-1813
-2016
-2285
-2461
-2413
-1523
174
2052
3479
3631
2840
1726
370
-571
-1145
-1691
-1900
-1919
-1759
-1207
-406
653
2081
3425
4058
4149
3625
2288
925
75
-385
-657
-1042
-1576
-1876
-1705
-1116
-83
970
1551
1892
1764
996
120
-636
-1029
-775
-95
548
847
693
393
280
103
-234
-605
-923
-1270
-1714
-2083
-2406
-2499
-2099
-1558
-1194
-1200
-1684
-2287
-2524
-1671
323
2323
3314
3092
2135
1029
105
-524
-810
-968
-1198
-1292
-1330
-1295
-782
310
1841
3293
4002
3918
3287
2202
1062
406
-51
-731
-1217
-1508
-1803
-1599
-965
-79
1044
1787
1933
1815
1347
537
-152
-501
-416
261
995
1107
785
436
185
-38
-317
-711
-1084
-1324
-1532
-1633
-1652
-1690
-1563
-1274
-1102
-1215
-1704
-2334
-3004
-3361
-2489
-414
2103
3855
3980
3296
2423
1293
250
-751
-1711
-2285
-2475
-2290
-1892
-1331
-133
1835
3811
4996
5278
4599
3054
1342
-10
-949
-1580
-2232
-2829
-2915
-2537
-1605
-45
1629
2868
3464
3354
2425
973
-541
-1511
-1307
-245
763
1072
475
-270
-373
-61
336
368
-14
-435
-996
-1488
-1719
-1943
-2028
-1960
-1961
-2032
-2347
-2810
-3261
-3613
-3122
-924
2482
5088
5688
4626
2887
1372
6
-1190
-2187
-3151
-3594
-3279
-2546
-1627
-137
2177
4578
6086
6415
5657
3878
1591
-249
-1302
-2014
-2685
-3339
-3614
-3124
-1933
-94
1944
3396
3971
3743
2811
1333
-301
-1518
-1749
-777
511
988
597
4
-81
297
424
199
-5
-276
-589
-982
-1649
-2169
-2370
-2299
-1985
-2023
-2569
-3126
-3539
-3803
-3482
-1673
1685
4951
6394
5758
4016
2010
20
-1476
-2448
-3364
-4072
-4175
-3581
-2554
-1004
1400
4173
6223
6918
6599
5270
2782
251
-1405
-2314
-2868
-3495
-3972
-3796
-2874
-1145
1114
2979
3883
4043
3541
2284
454
-1291
-2000
-1227
414
1463
1140
100
-573
-434
-124
-143
-297
-414
-516
-771
-1148
-1612
-2054
-2116
-1804
-1581
-2035
-2983
-3539
-3618
-3791
-3965
-2744
734
4932
7589
7609
5561
2787
89
-1834
-2850
-3878
-4840
-5002
-4282
-2832
-874
1603
4236
6198
7231
7426
6425
3859
514
-2061
-3279
-3720
-4054
-4344
-4091
-2948
-958
1436
3344
4265
4448
4151
3358
1799
-356
-1921
-1854
-403
1069
1372
569
-166
-95
251
273
-84
-490
-536
-359
-480
-1013
-1721
-2295
-2187
-1593
-1400
-1779
-2254
-2489
-2741
-3771
-4843
-3904
-3
5179
8102
8027
5722
2464
-32
-1805
-3005
-3982
-4724
-4525
-3409
-2024
-582
1207
3487
5728
7192
7487
6089
2952
-454
-2433
-2890
-2999
-3420
-3813
-3685
-2835
-1405
567
2622
3965
4628
4634
3545
1475
-843
-2318
-2016
-197
1652
2028
1063
170
40
20
-578
-1254
-1219
-629
-279
-565
-1266
-1926
-2059
-1464
-767
-849
-1719
-2530
-2803
-2974
-3774
-4845
-4107
-300
4782
7969
7951
5302
2253
138
-1326
-2234
-3378
-4383
-4342
-3386
-1930
-521
985
3130
5478
7117
7382
5913
2927
-447
-2437
-2770
-2724
-3138
-3904
-4083
-3170
-1479
737
2922
4311
4792
4584
3537
1647
-601
-2267
-2206
-486
1449
2153
1291
142
-198
-343
-817
-1309
-1419
-961
-545
-616
-893
-1228
-1301
-866
-498
-839
-1824
-2849
-3412
-3642
-4311
-5179
-4280
-441
4795
7994
8146
6029
3105
830
-1054
-2481
-3811
-4834
-4708
-3652
-2274
-962
686
3062
5524
7150
7442
6007
2865
-646
-2698
-3061
-3110
-3713
-4234
-3955
-2845
-1130
912
2870
4096
4480
4400
3609
1642
-993
-2946
-2887
-687
1863
2719
1690
260
-319
-446
-859
-1374
-1541
-1122
-597
-493
-599
-914
-1137
-792
-452
-674
-1579
-2739
-3327
-3457
-3846
-4914
-5134
-2693
2609
7264
8192
7521
4791
1859
-207
-1926
-3358
-4621
-4985
-4273
-2817
-1420
-243
1538
3983
6249
7490
6902
4267
714
-2030
-2989
-2888
-3189
-3904
-4153
-3632
-2215
-154
1876
3491
4476
4902
4654
3088
313
-2386
-3393
-1939
908
2742
2220
533
-428
-468
-453
-678
-953
-715
-106
44
-277
-960
-1702
-1776
-1342
-1202
-1644
-2484
-3103
-3212
-3371
-4328
-4774
-2895
1866
6874
8192
7711
5067
1708
-563
-2115
-3049
-3985
-4407
-3984
-2969
-1827
-691
1030
3414
5743
7050
6732
4545
1049
-1862
-2777
-2455
-2475
-3145
-3711
-3481
-2281
-479
1533
3161
3979
4355
4306
3131
684
-1954
-3096
-1845
863
2829
2749
1320
160
-75
-240
-842
-1475
-1494
-835
-382
-490
-953
-1499
-1593
-1103
-648
-744
-1523
-2373
-2929
-3519
-4739
-6194
-5769
-1918
4777
8192
8192
7520
4131
1172
-684
-2193
-3446
-4668
-5013
-4465
-3336
-2304
-969
1437
4355
6727
7780
6856
4093
759
-1496
-2131
-2256
-2959
-3939
-4345
-3712
-2209
-209
1891
3545
4650
5274
4889
2867
-372
-3040
-3212
-637
2528
3751
2648
763
-330
-662
-1028
-1540
-1670
-982
-100
154
-248
-1114
-1727
-1541
-1074
-859
-1256
-2146
-2695
-2962
-3582
-5054
-5971
-4476
449
6420
8192
8169
6428
3015
741
-928
-2332
-3880
-5071
-5375
-4753
-3463
-2117
-259
2484
5326
7275
7704
6121
3053
98
-1376
-1542
-1848
-3049
-4525
-5158
-4381
-2612
-184
2272
3964
5225
5825
4745
2055
-1049
-2724
-1607
1221
3144
2773
674
-1223
-1696
-1435
-1392
-1545
-1290
-513
310
636
193
-596
-1110
-1183
-1106
-1400
-2372
-3462
-4024
-4154
-4530
-5505
-5334
-2341
3830
8017
8192
8014
5460
2220
103
-1654
-3101
-4844
-6086
-6216
-5133
-3479
-1537
1039
3995
6542
8008
7935
6004
2786
-22
-1189
-1502
-2497
-4304
-5854
-5996
-4596
-2193
665
3045
4682
5921
6247
4811
1778
-1274
-2105
-108
2438
2976
1191
-1252
-2349
-1955
-1477
-1492
-1486
-865
301
1255
1283
410
-691
-1347
-1406
-1502
-2383
-3781
-4787
-4969
-4732
-5003
-4784
-2436
3163
7856
8192
8192
6563
2903
301
-1710
-3255
-5023
-6486
-6840
-5851
-4056
-1927
859
3806
6523
8028
8192
7225
4058
802
-1018
-1668
-2614
-4380
-5902
-6457
-5461
-3185
-344
2224
4095
5650
6560
5796
3213
58
-1610
-606
1765
2935
1637
-1000
-2598
-2597
-2292
-2273
-2150
-1330
125
1377
1846
1380
270
-663
-1095
-1491
-2516
-4129
-5480
-6037
-6110
-6288
-5580
-2405
3795
8126
8128
8192
7036
3553
592
-1638
-3298
-5114
-6519
-6888
-6221
-4954
-3021
142
3656
6946
8192
8192
7877
4819
1387
-232
-1048
-2278
-4232
-5878
-6775
-6339
-4422
-1530
1500
3801
5604
6835
6374
4084
1284
-336
369
2347
3019
1415
-1330
-3309
-3713
-3452
-3024
-2241
-921
755
2038
2483
1801
391
-585
-905
-1425
-2773
-4514
-5932
-6564
-7061
-7241
-5481
-687
5825
8192
8050
8192
6472
3192
596
-1529
-3534
-5595
-6798
-6908
-6335
-5372
-3242
142
3791
7184
8192
8192
7423
4272
1906
960
-154
-2215
-4596
-6386
-7310
-6882
-5094
-2325
556
3040
5276
6663
6305
4469
2468
1768
2528
3358
2613
82
-2653
-4245
-4811
-4772
-4128
-2725
-614
1371
2501
2690
1871
828
395
-53
-1360
-3538
-5574
-6807
-7570
-8192
-7700
-4137
2282
7575
8192
8184
8002
5546
3072
1198
-785
-3305
-5687
-6692
-6816
-6560
-5547
-3006
404
4189
7433
8192
8192
6459
3762
2980
2336
590
-2132
-4786
-6520
-7285
-6822
-5059
-2720
-329
2391
4820
5905
5491
4425
3957
4464
4956
4150
1702
-1460
-3856
-5209
-6028
-5980
-4693
-2384
57
1618
2207
2053
1537
1475
1522
620
-1784
-4634
-6792
-7991
-8175
-8192
-5686
413
6187
8192
8173
8057
6294
4174
2882
1607
-698
-3630
-5570
-6607
-7204
-6817
-4880
-1976
1319
4783
7502
8192
6567
4637
4384
4553
3185
429
-2570
-5079
-6652
-7081
-6396
-5009
-3271
-766
2129
3933
4391
4522
5325
6791
7550
6589
3884
339
-2638
-4733
-6184
-6893
-6485
-4596
-1999
7
1065
1314
1396
1957
2420
1965
-74
-3145
-5800
-7498
-8192
-7601
-3994
1081
4876
6574
6784
6339
5140
3978
3403
2426
562
-1556
-3333
-5039
-6409
-6160
-4318
-2038
388
3093
5471
6166
5044
4158
4339
4263
3168
1266
-1010
-3175
-4669
-5136
-4919
-4531
-3725
-1951
108
1410
2169
3304
5448
7614
8192
6834
4033
1160
-1261
-3356
-5036
-6212
-6316
-5068
-3105
-1320
-379
-240
137
1193
2051
1738
-161
-2753
-4849
-6503
-7728
-7047
-3395
1313
4434
5543
5443
4708
3739
3216
3317
2819
979
-900
-2110
-3524
-4783
-4825
-3854
-2418
-683
1573
3781
4255
3441
3428
4181
4422
3602
2005
264
-1501
-2883
-3260
-3367
-3796
-3831
-2881
-1453
-463
229
1639
4210
6890
8092
7168
4753
2256
267
-1506
-3134
-4655
-5467
-4866
-3468
-2183
-1587
-1665
-1365
-362
561
712
-459
-2527
-4435
-6023
-6794
-4921
-534
3590
5612
5643
4804
3753
2640
2271
2460
1862
485
-746
-1844
-3204
-4080
-3791
-2811
-1689
-396
1398
2653
2336
1876
2635
3816
4101
3387
2295
1058
-308
-1300
-1575
-1840
-2555
-2927
-2521
-2052
-2100
-1985
-374
2734
5601
6729
6096
4505
2865
1403
97
-1179
-2632
-3497
-3302
-2708
-2469
-2826
-3173
-2827
-2015
-1366
-1370
-2277
-3620
-4839
-6005
-6072
-3512
674
4366
6408
6693
5885
4352
2911
2578
2603
1911
791
-355
-1684
-2980
-3542
-3226
-2756
-2324
-1275
309
1141
709
465
1346
2459
3009
2975
2607
2030
1310
905
778
295
-521
-1024
-1094
-1443
-2269
-2678
-1614
607
2531
3378
3281
2798
2199
1609
1182
564
-285
-745
-588
-328
-677
-1705
-2592
-2740
-2501
-2385
-2614
-3241
-3961
-4617
-5591
-6503
-5791
-2910
698
3497
4883
5141
4716
4025
3957
4370
4239
3482
2725
2130
1471
610
-497
-1569
-2401
-2609
-2049
-1857
-2575
-3187
-2834
-1732
-712
-168
211
593
1006
1747
2694
3143
3001
2889
2973
2718
1759
464
-272
-99
339
541
343
-136
-514
-683
-692
-753
-888
-794
-379
87
227
-112
-625
-814
-711
-730
-1186
-1855
-2214
-2358
-2678
-3267
-3921
-4019
-3128
-1760
-592
103
329
505
836
1250
1618
1626
1461
1573
2014
2611
2869
2571
2135
1852
1671
1317
640
-53
-468
-624
-583
-631
-955
-1416
-1784
-1678
-1185
-723
-283
251
822
1281
1517
1546
1278
918
917
1287
1768
2029
2181
2378
2197
1627
1135
967
907
592
13
-540
-852
-913
-909
-1125
-1665
-2228
-2317
-1912
-1512
-1365
-1304
-1254
-1253
-1465
-1882
-2271
-2531
-2419
-1991
-1568
-1437
-1729
-2023
-1912
-1363
-660
-161
160
583
1199
1737
1810
1459
1093
992
1159
1433
1399
869
311
157
372
520
327
163
296
476
710
1028
1172
1040
692
390
322
375
550
883
1229
1470
1539
1504
1411
1257
1060
648
105
-242
-269
-63
46
-268
-747
-908
-735
-348
44
221
240
76
-257
-550
-882
-1232
-1174
-637
-54
109
-292
-885
-1229
-1253
-1030
-803
-826
-970
-923
-619
-370
-379
-487
-447
-104
430
685
417
-83
-370
-270
-30
51
-30
-228
-511
-662
-540
-293
-84
-5
-61
-147
-248
-264
-175
34
492
1024
1440
1633
1586
1400
1138
855
624
556
629
607
364
17
-301
-438
-273
46
339
493
336
-24
-399
-783
-985
-735
-48
750
1203
1008
464
27
-199
-284
-340
-494
-802
-1086
-1198
-1156
-1029
-970
-891
-507
64
478
623
451
119
-86
-87
70
202
53
-333
-568
-626
-617
-478
-298
-96
53
36
-163
-514
-776
-678
-218
406
895
1090
1070
915
814
868
941
923
786
580
357
144
-70
-219
-221
-48
189
278
172
-108
-540
-946
-940
-414
283
829
1036
937
705
450
202
-10
-203
-466
-726
-920
-1039
-1087
-992
-786
-541
-206
91
371
570
460
182
-55
-77
136
171
-55
-336
-618
-745
-671
-418
-87
59
0
-175
-425
-678
-815
-722
-379
74
390
465
361
304
415
690
957
962
756
538
448
440
391
268
163
95
14
-32
-130
-450
-883
-1070
-796
-223
283
539
668
786
817
742
566
194
-250
-647
-1001
-1242
-1327
-1185
-793
-314
-12
167
328
475
559
473
334
302
318
226
84
-136
-386
-501
-489
-335
-75
112
91
-36
-168
-234
-248
-238
-145
-13
91
92
26
16
91
328
656
796
712
524
407
495
562
521
451
251
-16
-273
-450
-583
-805
-905
-729
-352
14
251
426
589
738
830
837
609
189
-280
-755
-1190
-1455
-1338
-933
-451
-68
111
180
247
342
471
491
417
299
64
-128
-283
-403
-456
-508
-429
-185
60
184
156
69
65
55
-1
8
-18
-77
-99
-154
-223
-287
-207
118
432
579
620
664
773
919
1032
989
689
209
-199
-433
-594
-764
-831
-705
-486
-280
-87
84
240
395
612
784
707
443
87
-355
-809
-1102
-1075
-753
-363
-13
247
381
407
454
629
795
815
607
210
-207
-489
-597
-642
-673
-666
-486
-188
20
223
365
419
427
366
271
127
-16
-128
-136
-145
-248
-318
-293
-210
-116
75
355
612
815
1024
1149
887
301
-207
-481
-661
-750
-668
-423
-187
-81
-34
37
105
183
367
511
469
228
-133
-479
-781
-918
-853
-688
-477
-280
-39
181
270
329
436
590
723
653
316
-121
-459
-640
-737
-805
-806
-742
-585
-331
-11
271
391
386
321
227
75
-72
-126
-140
-160
-164
-150
-112
-145
-196
-66
220
539
864
1164
1254
1027
526
-19
-385
-643
-801
-762
-519
-197
20
128
119
-7
-85
-27
107
175
50
-218
-420
-480
-450
-325
-226
-230
-204
9
288
445
553
603
643
729
733
593
316
-31
-281
-413
-532
-645
-699
-635
-432
-134
99
207
193
156
201
181
95
27
-11
-47
-57
24
93
38
-105
-128
34
291
523
645
678
533
248
-66
-375
-664
-872
-853
-619
-338
-103
104
224
192
72
-48
-73
-83
-158
-264
-396
-454
-436
-369
-269
-274
-327
-327
-241
-79
91
227
278
317
360
403
397
224
14
-105
-205
-271
-314
-343
-268
-137
-40
22
11
-77
-116
-93
-95
-78
-53
-43
23
141
311
390
317
241
305
448
532
606
593
449
305
174
-7
-279
-514
-552
-447
-362
-299
-173
-23
77
92
77
67
24
-13
37
121
155
167
220
301
320
213
27
-143
-175
-83
-8
16
-22
-56
-22
40
97
100
22
-45
-6
50
21
-42
-94
-111
-84
-124
-184
-182
-184
-207
-202
-186
-204
-138
17
177
296
339
368
432
458
379
309
277
266
246
225
153
-55
-261
-327
-258
-263
-382
-473
-448
-289
-133
-38
-43
-141
-230
-194
-38
101
198
310
446
558
551
374
146
-26
-79
-77
-161
-259
-352
-401
-360
-282
-184
-166
-148
-34
153
299
267
139
14
-104
-214
-273
-260
-188
-100
-18
4
-45
-88
-16
161
306
397
510
576
474
283
61
-113
-166
-58
103
159
103
27
48
135
167
23
-139
-239
-252
-128
-26
-12
-145
-352
-441
-414
-309
-143
20
190
339
384
361
299
216
143
73
-19
-148
-276
-425
-518
-496
-441
-362
-251
-97
78
206
259
177
-44
-341
-585
-650
-598
-509
-343
-147
-21
18
23
91
178
268
397
534
630
584
389
164
-64
-248
-246
-156
-89
-36
34
160
249
211
50
-151
-299
-343
-218
-40
51
30
-64
-149
-217
-214
-120
4
129
218
281
326
335
322
259
131
-4
-93
-204
-372
-547
-667
-670
-602
-432
-180
69
295
430
441
322
50
-262
-442
-503
-507
-436
-304
-166
-93
-31
60
96
171
318
442
521
511
457
378
239
86
-46
-142
-218
-222
-80
133
304
382
328
186
17
-125
-177
-110
6
118
167
96
-23
-157
-250
-268
-206
-107
-34
78
209
302
329
229
89
-5
-73
-193
-391
-623
-808
-836
-684
-418
-183
63
308
454
463
294
42
-183
-332
-374
-336
-331
-325
-250
-90
77
156
187
253
339
358
345
359
364
278
153
13
-128
-202
-161
-22
117
286
441
513
514
438
340
224
89
64
141
217
206
94
-38
-163
-253
-280
-246
-167
-42
163
355
438
429
391
322
208
78
-114
-369
-635
-794
-770
-621
-472
-301
-48
185
304
285
173
17
-164
-281
-288
-295
-353
-368
-170
81
225
314
359
385
353
321
290
240
191
138
38
-128
-256
-269
-154
-17
101
231
318
350
364
382
370
282
161
58
5
5
2
-23
-91
-181
-258
-306
-308
-279
-208
-65
91
210
330
361
247
89
-78
-249
-441
-622
-691
-685
-578
-395
-154
79
142
160
145
97
11
-161
-290
-390
-465
-455
-354
-155
54
225
337
361
322
238
182
146
115
95
91
48
-61
-133
-117
-53
0
67
125
198
273
347
444
463
396
280
170
72
3
-37
-58
-99
-158
-164
-144
-149
-154
-185
-174
-47
115
260
286
194
60
-53
-159
-290
-416
-513
-505
-343
-103
74
117
62
55
109
117
23
-160
-334
-464
-461
-355
-269
-172
-33
171
305
282
256
198
90
28
53
142
169
128
126
136
129
99
54
79
140
242
401
530
536
432
287
95
-90
-201
-187
-102
-73
-86
-98
-64
-27
-5
-3
-70
-115
-29
141
229
157
33
-63
-163
-250
-328
-425
-494
-401
-149
33
77
20
-8
35
131
231
196
34
-116
-124
-70
38
71
23
129
264
303
262
106
-32
-60
-51
-25
0
20
45
76
28
-100
-198
-228
-128
-16
105
269
296
383
391
181
81
7
-120
-147
-130
-170
-132
-67
-180
-281
-309
-374
-392
-421
-442
-312
-184
-212
-327
-406
-352
-279
-233
-155
-81
20
171
201
40
-79
-74
8
177
272
224
59
-99
-90
-133
-227
-284
-344
-327
-343
-459
-520
-509
-493
-375
-196
-2
285
565
778
927
995
1048
1092
1117
1198
1320
1397
1393
1306
1176
1036
817
530
305
82
-125
-201
-259
-388
-540
-665
-754
-806
-865
-920
-865
-761
-697
-660
-788
-1137
-1591
-1990
-2382
-2833
-3048
-2917
-2451
-1671
-1320
-1870
-2170
-1255
81
1030
1763
2113
2010
2187
2848
3249
3160
3198
3336
3044
2407
1836
1511
1335
1029
487
-60
-616
-1193
-1319
-1095
-1288
-1713
-1645
-1406
-1425
-1220
-708
-449
-414
-142
236
571
1143
1699
1757
1584
1697
2013
2178
2082
1937
1848
1648
1320
1007
744
393
76
-19
-326
-1201
-2123
-2663
-3135
-3877
-4769
-5621
-6050
-5089
-3436
-3474
-4921
-4984
-3214
-1501
-258
843
1038
845
1881
3399
3843
3821
4475
5115
4730
4009
3801
3937
3816
3279
2711
2009
920
127
95
-303
-1526
-2178
-1943
-2183
-2874
-2849
-2580
-2900
-3105
-2783
-2519
-1982
-671
219
-61
-172
813
2027
2443
2404
2550
2739
2880
3089
3195
2802
2122
1852
1825
1264
295
-141
-64
-380
-1203
-2107
-2995
-3754
-4161
-4654
-5854
-6714
-5568
-3772
-4165
-5674
-5086
-2903
-1493
-584
295
331
697
2751
4540
4350
3840
4605
5459
5349
4995
5007
5091
4600
3723
3101
2485
1544
1065
1066
-5
-1833
-2317
-1904
-2508
-3528
-3763
-3822
-3940
-3376
-2754
-2959
-2658
-1197
-383
-731
-510
912
2093
2160
1914
2104
2657
3243
3618
3357
2360
1707
2176
2661
1946
826
485
526
268
-296
-1237
-2389
-2989
-3004
-3512
-4807
-6082
-6614
-5773
-4024
-3779
-5506
-5831
-3507
-1443
-772
-97
401
585
2054
4248
4753
4076
4406
5390
5458
4990
5065
5372
5067
4179
3424
3013
2314
1294
467
-602
-1943
-2301
-1707
-2048
-3468
-4071
-3666
-3354
-3133
-2896
-3082
-2869
-1358
-154
-673
-1207
10
1671
1927
1269
1117
1732
2578
3196
3119
2412
2179
2806
2926
1884
836
718
1086
974
101
-1067
-1716
-1631
-1687
-2598
-3942
-4829
-4964
-5028
-5617
-5665
-4244
-3382
-4524
-4953
-2956
-888
-13
546
302
-84
1947
5022
5433
4017
3899
4904
5510
5546
4948
3943
3374
3226
2868
2363
1687
661
-84
-566
-1268
-1583
-1381
-1844
-2908
-3220
-2910
-2776
-2640
-2682
-3352
-3378
-1829
-559
-913
-1307
-400
958
1671
1791
1796
1948
2478
3137
3264
2858
2685
2972
2868
2077
1409
1188
904
358
-208
-931
-1631
-1653
-1474
-2111
-3071
-3325
-3379
-3965
-4676
-5216
-5331
-4147
-2696
-3430
-4791
-3316
-407
652
266
77
467
2110
4368
4584
2992
2728
4388
5541
4903
3787
3529
3942
3989
3235
2368
1884
1572
1079
72
-1189
-1643
-1231
-1626
-3197
-4054
-3446
-2707
-2703
-3175
-3773
-3578
-1811
-179
-758
-1910
-899
1446
2447
1725
1072
1450
2399
3274
3275
2279
1750
2560
3188
2371
1463
1473
1378
848
451
-152
-1073
-1514
-1586
-1953
-2309
-2237
-2363
-3207
-3966
-4014
-3846
-4113
-4492
-3877
-2955
-3424
-3794
-2111
-464
-664
-533
770
1449
2273
4039
4411
3209
3521
5218
5546
4870
4602
4157
3365
3078
3075
2618
1732
647
-275
-652
-767
-1010
-1488
-2488
-3388
-3142
-2410
-2491
-3189
-3491
-3371
-2883
-1706
-899
-1408
-1887
-756
1087
1805
1376
1097
1715
2821
3505
3225
2489
2205
2592
2897
2403
1579
1063
863
635
211
-300
-883
-1401
-1747
-1948
-1971
-2079
-2627
-3363
-3650
-3462
-3381
-3673
-4267
-4682
-3810
-2088
-2000
-3233
-2727
-521
770
881
1030
1107
1704
3461
4483
3674
2911
3556
4464
4399
3839
3552
3436
2942
2175
1933
1986
1409
268
-733
-1288
-1431
-1351
-1913
-3258
-3715
-2866
-2300
-2759
-3343
-3284
-2654
-1529
-725
-1153
-1707
-804
858
1586
1164
766
1317
2398
3030
2863
2474
2539
2948
3070
2498
1747
1445
1197
613
128
-147
-603
-1217
-1697
-2038
-2180
-1937
-1809
-2277
-2725
-2544
-2334
-2791
-3462
-3763
-3708
-3191
-2215
-2071
-3092
-2911
-753
767
474
259
1000
2089
3465
4322
3630
2734
3422
4584
4420
3573
3170
3033
2775
2397
1982
1634
1212
428
-458
-923
-995
-1295
-2039
-2774
-3001
-2613
-2361
-2900
-3589
-3440
-2608
-1863
-1346
-1141
-1321
-1024
223
1273
1176
840
1300
2186
2835
2957
2524
2148
2502
3000
2768
2096
1656
1390
1055
745
333
-400
-1135
-1502
-1701
-1943
-2158
-2395
-2778
-2977
-2640
-2252
-2503
-3081
-3277
-3123
-2901
-2476
-1758
-1594
-2404
-2393
-461
1161
869
300
754
1779
3273
4377
3479
2080
2896
4675
4602
3218
2574
2713
2821
2545
1710
851
595
465
-145
-879
-1220
-1301
-1577
-2180
-2624
-2415
-2060
-2361
-2922
-2814
-2086
-1489
-1268
-1173
-1031
-454
722
1610
1497
1124
1579
2536
2971
2765
2455
2339
2457
2636
2400
1759
1257
1025
773
479
180
-333
-993
-1387
-1487
-1592
-1832
-2297
-2747
-2740
-2299
-2106
-2448
-2749
-2662
-2401
-2212
-2161
-2303
-2111
-1182
-736
-1229
-945
319
884
776
1230
1929
2247
2657
2991
2816
2838
3378
3474
2783
2320
2450
2380
1775
1083
738
610
251
-484
-1163
-1340
-1338
-1570
-1904
-2109
-2098
-2019
-2063
-2190
-2149
-1908
-1726
-1516
-1058
-664
-563
-294
382
1027
1249
1192
1432
2049
2439
2376
2082
1916
2102
2264
1841
1052
709
752
535
81
-366
-823
-1131
-1148
-1286
-1757
-2119
-2163
-2062
-1954
-1850
-1801
-1898
-1917
-1699
-1545
-1601
-1628
-1526
-1396
-1032
-345
-228
-799
-495
775
1358
1123
1173
1487
1796
2507
2940
2341
1874
2440
3007
2662
2077
1820
1546
1169
865
659
366
-134
-670
-1049
-1129
-1077
-1304
-1770
-2042
-1815
-1368
-1409
-1885
-2026
-1604
-1130
-918
-789
-741
-701
-244
563
995
844
828
1304
1886
2092
1935
1715
1627
1826
1966
1633
1096
773
589
279
-16
-255
-606
-904
-1039
-1197
-1481
-1702
-1820
-1963
-1893
-1530
-1325
-1551
-1757
-1512
-1284
-1452
-1690
-1647
-1356
-900
-375
-373
-970
-850
396
1121
705
486
1029
1610
2004
2217
1982
1846
2304
2571
2242
1845
1701
1584
1271
944
706
505
115
-479
-850
-811
-774
-1125
-1565
-1622
-1355
-1194
-1310
-1535
-1622
-1312
-824
-640
-592
-401
-202
47
527
991
1043
970
1299
1810
2085
2016
1653
1431
1731
2090
1818
1156
809
787
638
308
-85
-564
-845
-769
-769
-1145
-1585
-1738
-1717
-1623
-1482
-1487
-1705
-1769
-1479
-1204
-1180
-1350
-1445
-1250
-1038
-945
-625
-423
-798
-716
225
659
338
398
807
1059
1514
1867
1517
1238
1819
2327
1949
1415
1323
1371
1303
1096
719
339
138
39
-250
-545
-703
-942
-1082
-1117
-1260
-1454
-1575
-1599
-1489
-1233
-1073
-1073
-787
-265
-98
-109
237
673
772
837
1201
1611
1736
1572
1465
1597
1845
1832
1323
787
683
834
709
267
-182
-468
-591
-705
-908
-1280
-1579
-1639
-1655
-1715
-1745
-1763
-1839
-1682
-1430
-1493
-1630
-1534
-1396
-1328
-1182
-1082
-913
-585
-533
-539
29
675
770
813
1131
1441
1903
2276
2033
1777
2025
2217
1969
1628
1389
1269
1252
1082
656
237
123
-13
-439
-751
-814
-915
-1059
-1172
-1235
-1176
-1099
-1093
-1125
-1013
-763
-586
-507
-351
-70
215
561
864
962
1042
1267
1496
1502
1452
1503
1528
1463
1266
918
597
486
448
224
-156
-457
-631
-790
-953
-1132
-1426
-1717
-1728
-1623
-1729
-1866
-1747
-1525
-1316
-1023
-884
-955
-876
-685
-716
-851
-830
-655
-260
42
-245
-392
276
834
680
562
836
1197
1596
1728
1371
1209
1604
1878
1606
1209
1121
1223
1146
768
361
269
307
108
-198
-315
-295
-425
-674
-840
-823
-729
-764
-845
-817
-721
-650
-616
-437
-73
145
147
262
573
794
838
937
1046
1047
1136
1210
1058
962
1068
996
654
462
521
445
139
-208
-534
-755
-765
-768
-1043
-1346
-1372
-1313
-1375
-1423
-1314
-1147
-933
-696
-736
-864
-746
-680
-833
-948
-880
-586
-152
-219
-699
-417
439
624
343
517
966
1330
1631
1521
1116
1226
1747
1753
1233
936
1014
1051
823
495
311
313
261
-58
-352
-365
-442
-705
-911
-943
-936
-984
-1030
-1124
-1078
-797
-613
-594
-443
-104
58
71
279
517
529
581
850
989
900
892
899
801
865
995
781
457
488
546
279
-19
-181
-386
-553
-527
-577
-860
-1118
-1115
-1039
-1001
-952
-961
-962
-804
-574
-540
-685
-764
-728
-719
-754
-790
-599
-245
-341
-640
-308
341
571
563
602
683
1092
1531
1338
1028
1213
1475
1397
1150
941
854
945
888
486
217
236
88
-273
-412
-362
-512
-698
-770
-871
-924
-914
-980
-1044
-933
-742
-632
-609
-500
-275
-160
-43
242
455
486
525
766
952
926
955
984
1003
1144
1191
948
700
666
607
415
241
5
-372
-579
-575
-757
-1073
-1184
-1259
-1357
-1293
-1170
-1211
-1308
-1148
-943
-939
-927
-814
-828
-966
-842
-627
-510
-251
-130
-272
-74
537
734
416
455
932
1224
1296
1215
992
977
1270
1362
964
595
660
837
668
327
145
43
-155
-338
-430
-461
-478
-626
-844
-871
-665
-534
-566
-617
-585
-423
-195
-53
-15
156
388
446
553
771
818
770
879
1027
984
923
934
883
825
752
570
324
217
157
-67
-324
-522
-676
-796
-916
-1026
-1104
-1167
-1192
-1143
-1054
-1011
-1025
-978
-790
-557
-456
-486
-488
-472
-452
-400
-431
-489
-268
42
-81
-314
-24
441
471
319
389
615
844
943
784
573
708
1006
930
603
501
633
709
570
351
270
338
300
93
-80
-180
-241
-272
-266
-320
-403
-415
-390
-355
-343
-315
-319
-300
-123
-17
-53
14
212
330
264
221
326
504
625
551
435
438
502
513
389
273
233
151
38
-106
-230
-280
-367
-515
-607
-651
-670
-630
-649
-753
-734
-605
-578
-565
-439
-390
-449
-454
-400
-424
-513
-493
-430
-461
-460
-309
-241
-267
-17
314
282
242
547
702
625
782
922
778
745
943
948
766
698
689
601
480
372
207
80
33
-44
-223
-412
-477
-509
-547
-570
-573
-632
-735
-651
-464
-417
-468
-406
-171
21
43
119
339
437
365
371
507
583
574
535
453
408
504
524
330
152
74
24
-66
-177
-330
-507
-592
-581
-571
-636
-701
-696
-588
-435
-401
-512
-575
-445
-288
-306
-413
-441
-387
-312
-274
-389
-478
-369
-201
-139
-204
-225
-70
189
277
200
221
379
549
659
676
612
653
770
797
701
613
616
591
516
442
301
145
131
116
14
-93
-124
-122
-186
-271
-351
-335
-271
-274
-270
-260
-236
-161
-86
-43
-30
38
190
316
355
379
492
610
616
626
645
560
478
468
395
281
229
156
27
-91
-174
-238
-275
-315
-442
-564
-591
-601
-672
-730
-723
-733
-760
-746
-661
-553
-494
-472
-486
-516
-432
-330
-363
-429
-400
-286
-206
-129
-115
-43
255
484
489
454
602
814
860
769
723
794
906
865
683
532
451
424
346
183
-1
-75
-106
-202
-277
-246
-159
-162
-241
-291
-284
-264
-303
-313
-217
-115
-68
1
122
225
339
393
411
523
614
610
552
571
579
457
337
246
177
152
53
-137
-238
-216
-187
-284
-417
-480
-509
-482
-499
-568
-638
-618
-460
-435
-521
-456
-337
-253
-198
-176
-168
-116
-11
6
-77
-153
-152
-67
-10
-28
-24
9
1
-28
93
280
346
378
411
447
502
552
505
389
359
345
289
259
238
182
91
45
66
120
58
-74
-86
-49
-15
-23
-87
-153
-151
-111
-109
-133
-103
15
145
190
150
129
174
227
238
186
133
154
183
150
57
-35
-55
-28
-14
-40
-75
-89
-111
-163
-219
-260
-273
-265
-293
-309
-233
-258
-358
-313
-204
-171
-221
-231
-181
-141
-86
-74
-210
-350
-337
-234
-218
-291
-300
-232
-199
-180
-81
-3
-10
49
153
176
218
347
434
373
368
436
381
321
343
423
427
384
417
416
325
271
293
230
141
100
110
74
-35
-36
-10
-74
-106
-83
-100
-122
-87
-115
-174
-142
-120
-118
-90
-45
-54
-104
-46
29
20
20
61
89
75
71
101
71
8
9
-25
-111
-139
-154
-221
-323
-330
-253
-204
-184
-224
-279
-257
-213
-220
-251
-311
-327
-259
-216
-248
-267
-170
-84
-63
-40
28
103
137
178
173
184
299
405
365
308
361
428
390
323
367
420
384
412
436
329
272
318
321
202
140
144
68
-56
-93
-40
-79
-135
-92
-26
-44
-66
26
23
-67
-47
-4
-39
-46
27
-10
-122
-125
-27
13
-81
-124
-109
-117
-72
-55
-133
-179
-117
-58
-127
-239
-254
-248
-265
-244
-255
-301
-316
-267
-224
-255
-258
-230
-220
-206
-165
-145
-221
-254
-206
-208
-208
-170
-122
-97
-65
-14
25
81
143
141
114
152
208
204
158
206
286
278
251
298
334
270
192
193
231
236
243
203
119
118
178
175
90
58
123
168
182
197
184
156
139
122
67
0
-6
-11
-103
-209
-210
-156
-152
-191
-209
-187
-162
-158
-162
-145
-115
-88
-45
-79
-150
-128
-83
-118
-184
-137
-103
-146
-160
-150
-132
-171
-168
-140
-216
-283
-244
-207
-260
-267
-244
-282
-261
-166
-159
-278
-322
-183
-100
-137
-118
-34
86
174
207
213
228
324
425
456
414
403
492
528
439
351
379
403
328
257
219
191
188
163
75
6
53
124
88
40
50
91
127
77
5
-23
-27
-21
-53
-155
-263
-245
-186
-216
-278
-247
-163
-142
-152
-165
-144
-74
-58
-102
-136
-124
-80
-70
-82
-102
-99
-95
-159
-230
-259
-231
-193
-169
-185
-255
-299
-302
-318
-362
-366
-300
-263
-294
-270
-180
-67
34
79
124
238
378
459
478
439
413
474
472
398
385
399
357
297
227
193
247
262
212
128
97
133
120
84
77
82
115
145
123
86
66
105
145
118
108
97
76
81
64
38
27
76
148
89
-26
-67
-73
-71
-64
-60
-67
-69
-47
-31
-64
-109
-161
-204
-179
-194
-225
-228
-279
-294
-256
-239
-224
-204
-185
-121
-44
14
28
-25
-47
10
80
65
-5
-39
-60
-33
8
-37
-89
-79
-38
-85
-180
-198
-151
-86
-65
-101
-134
-88
-20
7
24
93
168
174
184
216
240
241
268
264
255
336
376
319
259
300
349
327
290
246
243
253
250
227
169
112
94
89
56
-1
-89
-116
-97
-111
-132
-145
-145
-119
-77
-50
-55
-81
-49
-48
-38
63
80
-3
-20
48
51
-14
-92
-124
-122
-134
-142
-210
-265
-245
-190
-154
-176
-203
-216
-219
-169
-125
-124
-152
-211
-211
-182
-214
-293
-327
-289
-276
-257
-235
-261
-250
-192
-117
-74
-40
14
60
100
111
140
175
186
196
227
294
343
311
259
244
244
263
253
200
142
157
199
130
51
27
2
-25
-26
-21
-36
-31
3
3
-51
-83
-62
-53
-81
-134
-172
-149
-111
-137
-183
-174
-134
-71
-43
-85
-125
-95
15
74
9
-54
-50
-31
-31
-35
-62
-70
-14
-8
-91
-138
-104
-65
-36
-41
-91
-91
-74
-74
-88
-156
-207
-148
-67
-91
-134
-134
-123
-115
-103
-74
-46
-30
-19
15
57
97
151
195
196
222
288
308
265
253
285
288
253
181
117
56
29
34
-27
-96
-117
-110
-112
-75
-35
-43
-48
-13
69
134
156
151
132
121
127
132
103
60
31
27
30
0
-30
-54
-41
-11
-20
-9
-31
-88
-104
-121
-170
-191
-138
-81
-74
-85
-74
-49
-9
70
111
77
62
77
85
81
63
24
-20
-29
-24
-55
-76
-74
-112
-134
-131
-128
-121
-129
-116
-114
-136
-124
-83
-70
-89
-51
47
118
104
85
139
235
318
323
273
243
254
321
342
256
186
199
222
208
170
125
95
99
145
128
31
-10
8
25
-8
-42
-8
1
-18
-20
-20
-15
3
-23
-87
-94
-86
-109
-117
-128
-136
-108
-83
-91
-97
-83
-63
-23
-30
-77
-97
-122
-92
-45
-46
-65
-72
-24
-40
-80
-88
-145
-173
-142
-136
-227
-294
-288
-274
-245
-227
-225
-232
-215
-193
-160
-130
-100
-50
-18
2
48
103
113
112
132
168
173
160
178
155
132
156
157
127
120
147
140
108
93
111
110
80
92
113
135
158
145
83
55
79
109
138
140
152
138
86
85
102
74
38
-3
-24
0
8
-31
-51
-47
-56
-78
-124
-163
-144
-102
-117
-122
-72
-46
-48
-70
-77
-44
13
88
86
55
85
142
160
123
94
99
101
72
37
-27
-54
-71
-106
-98
-137
-170
-152
-166
-161
-181
-177
-151
-190
-192
-186
-168
-129
-104
-76
-63
-57
5
75
113
138
147
166
172
159
141
180
217
180
137
118
113
114
117
92
87
90
43
26
16
-5
-19
-77
-137
-140
-117
-113
-136
-143
-103
-24
58
105
136
150
193
222
189
193
196
157
153
156
126
107
115
140
145
137
155
130
81
77
74
51
19
-34
-68
-81
-87
-129
-180
-152
-81
-43
-23
2
9
53
121
120
80
61
52
27
37
95
104
92
83
80
91
86
89
56
37
37
32
24
-26
-57
-81
-93
-105
-124
-118
-126
-128
-93
-71
-98
-93
-106
-127
-123
-125
-98
-138
-157
-119
-104
-62
-23
-12
-12
6
43
77
73
11
-24
-32
-62
-80
-95
-96
-70
-28
-7
-7
1
5
33
44
56
50
-24
-61
-68
-85
-97
-108
-116
-97
-82
-51
5
1
-5
17
45
81
118
125
85
52
53
59
34
3
-15
0
27
6
-26
-18
19
47
60
27
-3
-1
-36
-77
-111
-119
-113
-100
-73
-73
-75
-80
-87
-46
12
16
-5
6
33
34
25
7
-20
30
108
135
131
124
142
141
139
134
92
83
98
60
26
25
-5
-27
-36
-34
-18
-24
-40
-57
-59
-31
37
59
8
-10
-3
-4
-10
-26
-26
-11
10
-5
-49
-33
-3
7
7
10
10
7
2
-13
-13
-23
2
26
-16
-42
-22
-8
-25
-59
-95
-59
-18
-13
-38
-91
-86
-61
-44
-65
-112
-114
-83
-62
-58
-61
-65
-47
13
66
82
60
54
78
85
102
111
110
114
87
67
70
53
45
37
25
41
39
42
65
54
34
34
54
94
98
95
110
122
131
132
140
130
156
155
110
106
100
105
96
116
125
77
80
108
117
73
36
53
49
25
-9
-36
-33
-42
-60
-64
-90
-66
16
40
40
43
54
34
19
46
37
3
-6
0
-11
-23
-57
-99
-110
-85
-95
-123
-118
-109
-96
-106
-70
-36
-49
-53
-105
-139
-150
-153
-155
-166
-143
-118
-95
-83
-81
-55
8
0
0
0
0
0
0
0
0
0
0
0
0
0
0
0
0
0
0
0
0
0
0
0
0
0
0
0
0
0
0
0
0
0
0
0
0
0
0
0
0
0
0
0
0
0
0
0
0
0
0
0
0
0
0
0
0
0
0
0
0
0
0
0
0
0
0
0
0
0
0
0
0
0
0
0
0
0
0
0
0
0
0
0
0
0
0
0
0
0
0
0
0
0
0
0
0
0
0
0
0
0
0
0
0
0
0
0
0
0
0
0
0
0
0
0
0
0
0
0
0
0
0
0
0
0
0
0
0
0
0
0
0
0
0
0
0
0
0
0
0
0
0
0
0
0
0
0
0
0
0
0
0
0
0
0
0
0
0
0
0
0
0
0
0
0
0
0
0
0
0
0
0
0
0
0
0
0
0
0
0
0
0
0
0
0
0
0
0
0
0
0
0
0
0
0
0
0
0
0
0
0
0
0
0
0
0
0
0
0
0
0
0
0
0
0
0
0
0
0
0
0
0
0
0
0
0
0
0
0
0
0
0
0
0
0
0
0
0
0
0
0
0
0
0
0
0
0
0
0
0
0
0
0
0
0
0
0
0
0
0
0
0
0
0
0
0
0
0
0
0
0
0
0
0
0
0
0
0
0
0
0
0
0
0
0
0
0
0
0
0
0
0
0
0
0
0
0
0
0
0
0
0
0
0
0
0
0
0
0
0
0
0
0
0
0
0
0
0
0
0
0
0
0
0
0
0
0
0
0
0
0
0
0
0
0
0
0
0
0
0
0
0
0
0
0
0
0
0
0
0
0
0
0
0
0
0
0
0
0
0
0
0
0
0
0
0
0
0
0
0
0
0
0
0
0
0
0
0
0
0
0
0
0
0
0
0
0
0
0
0
0
0
0
0
0
0
0
0
0
0
0
0
0
0
0
0
0
