6
-2
-3
-2
-2
-10
-17
-8
5
7
0
-5
-3
-3
-13
-17
-5
8
4
-6
-3
6
-1
-19
-26
-8
13
6
-6
-2
5
-5
-27
-29
-14
-5
0
5
8
11
-7
-26
-21
-11
-10
-14
4
27
22
-8
-30
-28
-10
-2
-7
3
25
27
5
-21
-22
-6
4
5
7
20
26
10
-10
-13
-2
5
5
11
26
24
9
-4
-9
-4
2
4
16
29
30
8
-11
-3
6
-4
-3
22
36
24
-1
-16
-13
1
2
-4
16
39
24
-9
-18
-13
-17
-20
-2
22
34
28
3
-15
-15
-28
-44
-23
26
46
26
9
-3
-31
-54
-55
-34
7
37
37
21
11
-1
-38
-64
-36
10
24
28
38
36
11
-28
-60
-52
-20
5
18
33
43
17
-29
-46
-41
-25
1
14
26
41
24
-13
-37
-36
-22
-13
7
33
23
5
0
-15
-20
-16
-10
14
39
44
16
-23
-20
1
-14
-25
8
34
32
20
-3
-30
-27
4
14
4
15
38
14
-17
-13
-8
2
16
23
27
17
5
-11
-38
-23
16
24
15
6
-2
-18
-31
-26
-23
-3
44
58
31
8
-11
-40
-40
-18
-14
-9
19
44
36
3
-40
-60
-31
1
-5
-1
10
17
30
-4
-54
-43
0
16
3
-12
19
33
-7
-26
-30
-25
10
18
-3
3
31
34
-29
-65
-12
11
-4
26
37
18
19
0
-43
-47
5
30
-11
-11
59
70
7
-33
-24
2
-9
-51
-42
24
73
60
0
-21
5
-10
-56
-50
11
55
39
13
18
12
-19
-41
-36
-8
11
-9
-6
39
48
18
-30
-44
-2
9
-23
-35
-8
51
61
11
-13
0
27
16
-38
-51
-15
15
30
15
15
28
10
-15
-50
-50
-8
11
15
48
41
4
-11
-30
-66
-75
-20
20
28
72
52
-5
22
0
-104
-109
-6
68
60
27
38
19
-48
-77
-99
-83
34
129
98
42
0
-18
-80
-178
-94
59
74
79
88
14
-11
-47
-140
-102
23
125
118
57
79
33
-78
-108
-95
-21
34
54
91
76
11
-77
-126
-129
-24
113
95
37
47
52
-23
-105
-119
-35
82
110
47
-3
38
90
-15
-128
-86
11
101
45
-32
-4
42
24
-121
-130
58
142
66
-55
-28
80
-14
-96
-91
-4
128
61
-57
-31
34
47
-28
-64
71
133
72
-27
-141
-152
-50
-41
-83
36
124
51
-27
-6
12
-63
-111
-21
39
106
184
36
-81
12
-7
-142
-137
-13
91
30
-38
14
-21
-23
34
-20
-9
35
-13
-22
-37
55
123
13
27
54
-41
-89
-61
-54
-25
57
123
105
42
-10
-85
-165
-142
-49
14
108
166
205
144
-77
-196
-160
-122
-90
16
147
178
156
30
-162
-148
-55
-50
-3
116
162
72
-71
-63
18
-56
-44
-2
-12
132
95
-51
-54
-81
33
10
-161
38
222
128
-15
-121
-57
6
-83
-123
6
139
165
84
-88
-102
-44
-49
-40
-78
-21
166
151
25
-44
-45
-21
9
49
-95
-174
-47
52
107
112
75
87
-13
-73
8
-67
-50
25
-100
-53
98
56
38
-14
-61
-47
-55
30
49
-35
31
109
65
73
29
-125
-187
-99
-27
-35
20
148
229
140
-16
-172
-202
-117
-30
52
72
109
109
-39
-141
-184
-157
17
113
204
236
112
-85
-282
-256
-27
173
165
132
141
42
-170
-302
-269
-34
191
301
285
177
92
-215
-535
-458
-134
43
120
280
444
401
89
-315
-397
-91
108
43
-13
243
322
-16
-401
-492
-148
106
47
41
160
338
298
-10
-279
-299
-102
-58
-143
54
194
171
157
23
23
-63
-193
-84
-64
40
242
110
24
-13
-245
-155
-23
37
167
-3
-36
82
-61
-112
-51
24
171
193
43
-116
-8
92
-81
-163
-194
26
289
201
109
-1
-96
-75
-243
-204
67
24
20
37
-44
158
247
17
-74
-145
-21
233
82
-29
-25
-92
39
21
-64
-62
-185
-40
-35
-228
-119
35
128
68
9
145
213
290
214
-49
-71
-187
-313
-253
-105
224
273
-11
-75
-64
-132
-152
-298
-215
138
284
343
266
67
0
-283
-511
-318
-102
208
425
393
346
83
-207
-259
-295
-266
-118
-30
180
384
279
14
-173
-237
-296
-338
-225
7
247
478
401
108
-84
5
70
-118
-80
-53
-90
137
77
-67
-82
-201
-57
0
-51
172
169
113
28
-205
-121
-77
-106
51
170
180
189
120
-57
-129
-109
-131
-64
80
256
331
113
-143
-400
-439
-185
15
110
381
513
356
236
-98
-513
-555
-399
-123
136
356
569
350
-46
-305
-482
-468
-207
163
417
574
630
325
-214
-646
-556
-344
-248
34
170
325
408
103
-110
-300
-280
21
112
264
412
211
-199
-508
-504
-206
94
173
243
344
247
13
-268
-392
-113
11
-10
61
61
261
188
-168
-286
-447
-247
143
194
282
356
218
22
-142
-137
-66
-163
-103
-1
-65
17
86
32
-58
-101
-92
-55
124
360
195
-103
-105
-50
-18
-2
-47
-46
-88
-37
172
99
124
203
-78
-96
104
20
-20
-80
-107
105
-69
-137
-81
-243
104
128
-153
19
10
161
361
43
-45
-19
-80
69
-54
-79
105
-14
-112
-150
-77
164
83
-103
-43
-110
-198
0
10
74
299
304
160
-165
-156
-86
-330
-65
225
197
325
178
-12
-18
-284
-388
-466
-397
143
421
485
428
70
-153
-172
-361
-386
-77
142
301
299
234
311
146
-155
-293
-378
-225
44
84
3
-100
-36
131
183
87
-29
-20
-271
-290
-152
-166
133
294
331
457
88
25
10
-408
-256
-183
-181
172
252
429
324
-230
-270
-454
-447
3
27
167
315
139
185
110
-38
-39
-290
-302
-29
163
360
215
-3
-19
-127
-108
-36
11
26
-10
27
-61
-77
45
-22
-94
-171
-146
24
-27
80
177
-20
-8
14
96
219
68
47
-34
-105
-34
-99
-73
-98
6
257
141
77
51
-247
-214
-232
-320
-53
51
209
352
213
163
35
-215
-118
-115
-39
249
235
80
0
-151
-270
-379
-298
46
238
374
451
336
53
-243
-439
-512
-260
76
219
362
267
61
-7
-206
-197
-26
-54
85
161
142
152
-29
-182
-172
-118
-35
214
342
98
-123
-347
-487
-218
-11
245
418
318
372
129
-226
-252
-403
-332
-20
231
451
299
114
-106
-433
-386
-370
-117
360
464
469
257
17
-31
-406
-555
-425
-494
-27
397
402
485
294
-21
-164
-342
-130
92
12
242
191
-67
-18
-176
-230
-73
-223
-73
144
107
204
72
-68
17
-119
-10
316
267
229
61
-317
-270
-197
-156
123
104
107
162
-61
-117
-111
-159
-86
-81
76
262
185
128
146
-84
-244
-257
-220
-12
157
176
127
28
4
-46
-159
-87
-105
-57
93
58
229
286
60
-63
-240
-315
-200
-115
22
115
85
324
289
17
-3
-245
-378
-117
-53
94
413
398
317
36
-318
-443
-490
-360
-61
62
294
518
242
53
-86
-335
-245
-106
27
267
297
367
252
-38
-100
-306
-392
-284
-216
-8
174
122
41
-19
-109
-16
98
158
254
101
-17
-1
-140
-59
-56
-245
0
106
88
241
-7
-101
-54
-155
7
25
-34
136
-77
-124
37
-172
-38
88
23
129
85
53
70
9
-38
-179
-179
-59
52
101
19
115
112
37
120
-136
-124
24
-157
26
61
-26
202
-2
-212
-58
-142
-148
-91
-217
-84
107
92
212
194
121
224
122
6
115
60
-61
2
-73
-57
102
-38
-89
-54
-185
-194
-161
-221
-73
82
53
144
125
48
99
-2
-116
7
-30
110
314
73
115
-24
-347
-169
-234
-187
111
17
107
112
-11
147
51
-14
77
-68
-7
97
63
161
90
-14
102
112
67
51
-144
-199
-162
-249
-124
-109
-83
168
165
114
132
-54
-89
-99
-294
-167
-45
87
500
675
902
1181
1105
466
-972
-2283
-2821
-2573
-1488
-421
494
1315
1472
943
-260
-1317
-1565
-1227
-195
929
1830
2608
2434
1359
128
-1047
-1591
-1266
-348
807
1733
1893
1160
-70
-1450
-2536
-2959
-2512
-1245
246
1447
2149
2030
1526
807
-61
-399
-412
-372
-167
22
293
589
390
-8
-446
-755
-502
-144
364
999
1084
896
382
-414
-680
-596
-446
-65
139
180
278
137
-32
-156
-282
-293
-205
146
534
624
539
142
-324
-544
-823
-806
-553
-417
-186
-406
-693
-704
-830
-437
107
415
903
965
822
761
387
223
367
454
-403
-2146
-3573
-4460
-4191
-3131
-2307
-779
820
1630
1826
546
-527
-684
-841
58
1086
2175
3973
4143
3004
1670
-107
-954
-1105
-1021
71
997
1067
636
-659
-2029
-2969
-3531
-2947
-1535
237
2194
3405
3786
3609
2657
1470
599
27
-195
-359
-401
-154
13
248
-79
-834
-984
-893
-464
151
399
602
660
526
402
138
-9
105
368
777
1006
1012
866
597
169
-484
-958
-1199
-994
-464
-137
73
46
-181
-429
-560
-559
-465
-230
41
-11
-386
-855
-1334
-1514
-1486
-1299
-900
-583
-282
-50
18
92
-102
-361
-427
-437
-159
274
596
1043
200
-2138
-4159
-5601
-5295
-3607
-2198
-270
1411
2080
2242
558
-1147
-1160
-1068
100
1704
2657
4321
4700
3132
1339
-840
-1908
-1731
-1388
2
1376
1728
1610
435
-1080
-2082
-2782
-2380
-960
829
2816
4189
4544
3751
2052
458
-725
-1093
-985
-984
-348
540
1106
1388
613
-184
-263
-321
517
1531
2001
2615
2140
1008
258
-683
-856
-306
50
827
1169
725
595
22
-497
-558
-817
-436
302
740
1170
1103
648
64
-842
-1409
-1498
-1245
-814
-492
-397
-722
-1236
-1487
-1307
-669
41
544
812
762
728
692
353
124
-110
-439
-380
-244
-54
337
175
-1474
-3794
-5517
-5734
-4036
-2109
-667
720
1402
1591
828
-1055
-1686
-1342
-545
1119
2108
3239
4476
3769
1968
-349
-2246
-2357
-1773
-655
983
1896
1866
721
-1238
-2721
-3423
-3179
-1831
33
1985
3574
4193
3775
2396
421
-1176
-1789
-1568
-790
160
1089
1889
2037
1224
-21
-1151
-1608
-1015
-116
879
1875
2185
1802
929
-112
-583
-635
-303
390
895
1285
1391
1015
515
110
-222
-438
-397
-70
306
696
841
522
96
-249
-375
-270
12
381
501
386
261
17
-55
35
234
633
778
552
314
191
287
420
118
-300
-617
-786
-663
-395
130
500
-617
-3095
-5151
-5899
-4792
-2771
-1382
-85
1161
1670
1224
-434
-1836
-1875
-1316
-101
1140
2235
3700
3953
2516
400
-1528
-2109
-1840
-1198
90
1217
1532
784
-856
-2458
-3563
-3892
-3051
-1282
1029
2943
3803
3826
2942
1298
-461
-1362
-1088
-148
898
1714
2282
2332
1377
-395
-2003
-2487
-1990
-1171
10
1238
2025
2008
1053
-96
-563
-225
364
902
1455
1966
2266
2063
1285
361
-374
-700
-691
-533
-126
297
468
449
-35
-771
-1367
-1673
-1319
-575
156
784
1159
1403
1486
1226
1140
1172
1092
1077
791
605
702
376
-109
-489
-880
-832
-682
-303
274
-674
-2932
-5200
-6213
-4789
-2555
-1024
287
1295
1885
1309
-875
-2409
-2079
-714
782
1436
2090
3626
4348
3023
400
-1870
-2264
-1261
-264
749
1818
2196
1299
-962
-3178
-4077
-3907
-3075
-1587
612
2767
3707
3244
1982
613
-742
-1985
-2072
-1026
617
2210
2927
2945
2200
413
-1405
-2243
-1959
-1027
-101
896
1454
1572
1128
67
-612
-780
-572
-149
114
752
1154
1001
876
66
-540
-339
-133
335
653
594
568
238
18
-240
-631
-583
-369
-74
440
626
464
340
265
428
774
1158
1455
1356
988
568
278
169
127
-38
-128
-209
-433
-357
-16
443
396
-1028
-3594
-5593
-5785
-4396
-2526
-1075
124
1420
2037
1279
-421
-1787
-1465
-227
765
1887
3285
4622
4840
2765
-189
-1917
-1984
-1132
-364
455
1754
2322
1208
-1216
-3589
-4457
-3974
-2951
-1405
647
2526
3484
2986
1592
325
-809
-1344
-1032
-187
1261
2318
2527
2185
972
-453
-1397
-1918
-1476
-794
-273
416
544
220
-405
-1248
-1427
-944
-411
111
354
752
1256
1311
981
287
-102
89
185
147
67
-67
-154
-709
-1478
-1772
-1627
-985
-229
282
676
674
458
347
409
721
1152
1483
1678
1601
1181
1050
1114
851
406
-167
-645
-759
-910
-763
3
375
-109
-2189
-4683
-5341
-4501
-2861
-1147
6
1501
2871
2509
871
-1256
-2166
-1449
-579
489
2129
4006
5357
4305
1388
-945
-1813
-1425
-784
28
1598
3000
2613
427
-2015
-3228
-3534
-3442
-2695
-999
1317
2673
2432
1431
253
-808
-1730
-1746
-577
893
2155
2636
2572
2134
913
-226
-959
-1264
-675
-486
-79
768
668
127
-990
-2103
-1926
-1381
-612
347
598
1067
1328
674
257
-44
-115
142
-26
-194
-60
142
37
-709
-1569
-1745
-1409
-907
-111
582
879
698
82
-183
459
1256
1742
1778
1489
1440
1309
1024
739
273
-95
-452
-920
-1000
-569
279
898
-229
-3003
-5341
-5758
-4126
-2156
-1149
-196
1520
2778
1940
-669
-2652
-2192
-757
142
844
2536
5170
6174
3898
450
-1496
-1444
-624
-159
717
2520
3508
2231
-495
-2874
-3870
-4172
-4164
-3130
-780
1737
2942
2548
1511
399
-919
-1727
-1417
20
1647
2471
2874
3071
2585
1394
-245
-1391
-1047
-545
-217
529
999
980
-46
-1955
-2829
-2445
-1722
-699
-140
498
1428
1296
613
187
56
349
388
130
227
623
723
70
-839
-1311
-1342
-1266
-1087
-525
208
383
17
-494
-522
71
620
1034
1280
1267
1226
1092
943
866
626
267
-139
-615
-847
-294
479
-327
-2946
-5525
-6061
-4124
-1991
-1031
-175
1287
2499
1476
-1376
-2669
-1372
416
1044
892
2137
4913
6018
3915
718
-921
-792
-603
-710
312
2550
3767
2182
-995
-3105
-3459
-3404
-3594
-2893
-545
1750
2332
1487
630
442
-402
-1577
-1504
-116
1705
2615
2859
3231
3007
1734
-30
-700
312
1236
1074
684
607
432
-508
-1982
-2891
-2676
-1887
-1198
-526
203
857
1057
561
107
-100
113
926
1547
1842
1622
971
366
-437
-1225
-1581
-1490
-959
-587
-571
-711
-912
-1093
-1309
-1306
-747
149
875
1061
997
1125
1284
1321
897
409
191
-3
-241
-332
312
288
-1796
-4414
-6054
-5318
-3166
-2201
-1371
240
1873
2244
-380
-2716
-1880
-5
1235
992
1319
4330
6403
5007
1839
-283
53
342
-511
-311
1896
4027
3225
-104
-2600
-3104
-3091
-3808
-3911
-1607
1349
2401
1343
290
454
156
-1387
-2442
-1718
297
1825
2457
3272
4128
3651
1560
-100
283
1494
1969
1541
1243
1491
870
-862
-2532
-3133
-2443
-1944
-1886
-1323
-561
41
72
-567
-1000
-938
-386
580
1565
2403
2424
1629
659
-242
-757
-939
-732
-242
32
23
-336
-656
-665
-850
-1182
-1252
-889
-266
208
415
520
834
906
458
80
-303
-480
-432
-400
648
1288
-469
-3272
-5541
-5388
-3498
-2721
-2256
-797
1138
2382
585
-2296
-2544
-1190
-181
-256
-129
2478
5526
5602
3318
1262
970
1131
269
-364
1063
3467
4244
2622
376
-833
-1299
-2323
-3481
-3012
-1194
540
987
423
202
-95
-1412
-2913
-3654
-2704
-740
1098
2713
3647
3816
3271
2174
1595
1609
1639
1815
2061
2567
2633
1607
314
-629
-1204
-1502
-1888
-2006
-1356
-553
-443
-891
-1283
-1312
-970
-825
-686
-183
143
249
71
-316
-326
-262
-251
14
347
918
1310
1077
700
211
-63
-1
-28
-35
11
185
625
712
262
-428
-1112
-1419
-1633
-1885
-1377
-328
-290
-1743
-3816
-4762
-4032
-3083
-2581
-1604
12
1804
2226
591
-710
-764
-592
-777
-1250
-367
2446
4408
4055
2429
1082
880
679
-415
-823
327
2011
2946
2512
1874
1800
1395
63
-1430
-1897
-942
278
658
552
607
404
-682
-2283
-3390
-3246
-2334
-1420
-454
624
1721
2423
2294
1806
1274
844
711
915
1594
2417
2753
2624
2035
1397
683
-152
-612
-720
-558
-398
-371
-51
441
496
-80
-1106
-1827
-2034
-1993
-1808
-1536
-1129
-875
-1025
-1306
-1288
-845
-466
-456
-653
-566
213
1057
1394
1276
1060
1109
1078
744
476
451
499
115
-885
-1743
-1755
-1201
-1008
-1369
-1752
-1702
-1295
-1271
-1498
-1324
-687
202
667
921
1454
1761
1679
1099
431
602
1045
1193
1101
626
318
-87
-936
-1714
-2078
-1836
-1285
-988
-572
189
921
1215
686
11
-267
-328
-280
-107
449
1242
1541
1173
673
585
814
864
651
586
960
1395
1551
1678
1759
1593
993
19
-480
-278
11
123
-160
-513
-816
-1333
-1675
-1660
-1234
-715
-636
-622
-223
418
1040
964
518
193
-56
14
30
132
497
507
70
-469
-637
-110
322
132
-322
-523
-150
252
223
134
297
567
468
95
91
679
1135
677
-342
-879
-665
-371
-443
-763
-906
-990
-1300
-1648
-1487
-733
-2
184
55
118
358
409
14
-445
-484
-248
17
174
378
594
344
-422
-1392
-1930
-1705
-1151
-636
-92
377
655
640
255
-105
-356
-763
-1192
-1376
-1136
-440
146
170
-32
-310
-401
-163
166
597
997
1158
1161
1143
1231
1432
1606
1402
771
218
-44
192
561
438
163
-85
-305
-445
-652
-479
-20
178
16
-102
394
1150
1320
802
110
-5
151
50
137
441
913
985
329
37
403
845
870
298
34
242
219
0
-118
168
523
197
-385
-454
69
329
-270
-987
-1090
-629
-225
-284
-409
-409
-613
-1132
-1618
-1416
-657
-50
27
-202
-256
-150
-205
-489
-707
-572
-265
-60
92
352
570
403
-364
-1217
-1512
-1239
-698
-206
279
759
920
628
178
-71
-212
-607
-1203
-1435
-1049
-481
-150
-143
-312
-575
-959
-1275
-1217
-750
-184
204
433
668
871
952
872
589
127
-280
-385
-143
278
515
583
642
458
-4
-482
-577
-138
337
581
824
1228
1609
1580
1142
827
771
647
410
350
658
1103
1114
770
570
525
517
305
156
328
420
229
-117
-344
-191
-57
-214
-327
-296
-166
-245
-563
-743
-554
-151
55
44
28
91
145
-46
-277
-228
36
305
393
386
505
669
591
261
-67
-151
-8
90
132
263
395
281
-190
-756
-1075
-1094
-910
-611
-119
480
841
876
598
219
-203
-795
-1298
-1398
-1059
-390
128
236
52
-494
-1167
-1636
-1814
-1497
-827
-187
406
810
913
813
349
-404
-1071
-1354
-1101
-567
-64
194
213
14
-465
-1074
-1466
-1314
-702
-73
399
781
1074
1194
924
377
-45
-171
-111
25
246
583
906
892
537
111
-181
-151
51
341
596
663
579
363
217
223
261
320
441
586
771
800
610
366
70
-55
-10
87
293
528
628
531
264
14
6
171
387
525
636
839
1000
978
713
434
354
386
526
636
748
813
624
314
18
-125
-83
-4
170
453
741
882
712
338
-134
-614
-952
-1061
-876
-540
-298
-290
-496
-826
-1113
-1333
-1450
-1322
-1004
-543
-31
375
579
476
-37
-720
-1267
-1387
-1046
-579
-218
-139
-218
-398
-806
-1229
-1460
-1361
-975
-531
-117
312
734
935
726
231
-190
-341
-229
-14
144
226
193
-16
-332
-667
-799
-669
-430
-240
-208
-220
-157
-122
-145
-257
-298
-99
164
432
636
711
669
391
45
-14
247
657
965
1040
995
923
726
506
465
576
737
768
737
896
1100
1101
807
391
157
247
493
664
815
913
852
674
417
303
355
341
311
323
489
771
771
455
-5
-442
-686
-851
-873
-611
-265
-108
-256
-553
-705
-725
-745
-753
-594
-279
101
392
401
229
-129
-614
-993
-1096
-846
-412
-110
-114
-378
-764
-1092
-1217
-1161
-948
-648
-409
-259
-98
114
287
270
-75
-498
-649
-422
11
308
325
141
-212
-688
-1008
-962
-615
-219
-94
-272
-445
-474
-451
-412
-536
-562
-364
-102
294
648
855
825
504
123
45
275
636
919
903
745
519
252
44
-13
96
254
304
310
389
516
512
289
41
14
230
478
668
789
902
948
785
573
459
496
660
790
875
979
1010
873
550
102
-240
-391
-414
-324
-204
-60
-43
-281
-568
-785
-735
-504
-281
-30
250
584
766
632
288
-113
-393
-471
-421
-162
229
517
492
11
-623
-1059
-1155
-963
-634
-299
-36
128
146
91
10
-105
-266
-446
-508
-304
100
375
403
100
-482
-982
-1309
-1262
-831
-369
-113
-242
-601
-910
-1054
-1152
-1207
-1098
-831
-442
-155
-26
-10
-96
-249
-470
-543
-304
166
602
732
585
361
106
-126
-198
-9
339
655
685
558
410
179
-8
-128
-69
183
380
461
524
594
653
577
359
245
341
582
869
1147
1333
1365
1108
625
181
-73
-111
-20
128
283
361
220
-49
-311
-460
-411
-301
-108
173
526
841
907
748
458
131
-92
-146
37
368
682
891
819
498
26
-452
-644
-577
-377
-167
-32
114
172
-3
-359
-653
-736
-676
-588
-519
-304
-27
24
-183
-544
-874
-1017
-1002
-874
-570
-342
-313
-428
-736
-1001
-1193
-1293
-1178
-911
-645
-465
-373
-422
-496
-566
-584
-443
-262
-54
86
174
223
166
41
-94
-106
39
221
386
476
483
413
209
62
43
98
178
187
173
159
185
218
225
242
198
166
222
400
637
796
830
728
567
404
305
308
354
427
494
512
449
321
173
94
57
23
21
83
295
499
558
499
394
228
44
-11
112
361
596
720
749
672
416
131
-36
-71
6
33
39
150
249
122
-155
-409
-498
-527
-596
-539
-284
45
155
-99
-438
-645
-771
-809
-738
-467
-159
-24
-139
-412
-602
-716
-764
-749
-702
-536
-330
-210
-141
-188
-289
-337
-421
-441
-392
-258
-51
47
-1
-111
-139
-77
-5
27
74
187
256
219
173
181
193
138
-2
-113
-125
-106
-128
-167
-152
-66
30
51
67
123
170
188
138
124
187
282
370
327
280
288
317
330
247
175
223
343
386
296
185
182
308
413
426
427
427
370
230
85
84
207
346
442
467
478
442
367
238
117
83
111
171
219
233
202
168
129
50
-63
-110
-48
68
182
156
32
-106
-279
-394
-406
-328
-238
-235
-258
-251
-265
-326
-369
-335
-273
-299
-368
-343
-166
13
-18
-169
-236
-219
-200
-234
-264
-196
-170
-296
-452
-436
-220
-79
-87
-112
-114
-83
-133
-174
-88
-3
23
-43
-98
-48
-22
-73
-188
-233
-161
-90
-43
-20
31
60
-10
-155
-244
-239
-127
-36
-45
-44
-4
106
142
27
-102
-95
9
50
34
27
153
308
324
253
205
210
160
63
17
123
360
515
513
402
271
155
58
28
98
254
351
303
169
55
18
33
34
-17
-7
101
277
398
424
333
148
-67
-223
-171
10
199
222
137
48
-99
-224
-300
-308
-231
-167
-199
-191
-24
172
224
84
-85
-85
33
168
268
296
293
227
53
-76
-58
32
116
137
123
133
86
-21
-127
-242
-306
-278
-245
-244
-232
-245
-280
-336
-437
-538
-524
-404
-303
-246
-250
-248
-242
-280
-299
-278
-234
-199
-165
-138
-81
-89
-197
-272
-267
-174
-128
-137
-91
28
185
242
189
126
31
-101
-186
-186
-43
173
309
372
366
260
122
23
9
102
225
296
344
308
203
115
21
-29
-70
-97
-13
183
371
464
390
205
11
-128
-128
33
246
399
449
343
163
7
-110
-163
-174
-199
-160
-27
99
190
174
51
-86
-180
-160
-58
115
242
255
209
130
63
17
49
195
346
425
430
331
190
97
-3
-77
-48
-3
6
-47
-67
-75
-138
-225
-364
-427
-391
-300
-191
-140
-99
-101
-196
-270
-257
-221
-178
-124
-94
-96
-167
-262
-310
-305
-309
-320
-324
-275
-97
36
46
18
-64
-195
-287
-295
-226
-86
37
147
188
150
102
-21
-106
-99
-64
28
124
197
191
148
88
-3
-59
-94
-94
-42
62
154
190
147
24
-114
-209
-170
-46
109
252
285
253
179
95
27
-30
-69
-68
0
107
199
233
212
176
117
84
124
216
337
393
353
305
251
182
107
83
177
274
298
248
187
153
97
15
-17
74
153
164
131
121
150
100
-41
-193
-216
-160
-97
-13
37
68
50
-47
-142
-185
-176
-126
-37
53
67
24
-82
-157
-187
-229
-215
-175
-125
-31
8
-18
-85
-202
-340
-440
-436
-343
-193
-45
41
50
-16
-132
-230
-264
-257
-229
-230
-263
-253
-225
-178
-174
-239
-321
-369
-348
-271
-131
-26
-1
-23
-140
-230
-213
-142
-43
68
158
165
132
91
85
87
64
40
27
105
228
300
336
335
282
228
208
308
450
521
492
361
275
234
223
251
332
446
469
443
388
310
242
115
5
11
95
195
264
284
279
221
87
-45
-63
-17
25
76
127
181
185
86
-50
-120
-104
-68
11
110
203
216
118
27
-67
-120
-131
-110
-63
-2
45
33
-24
-126
-266
-401
-452
-401
-276
-140
-63
-50
-109
-238
-341
-368
-319
-235
-198
-199
-237
-264
-281
-340
-375
-439
-482
-480
-463
-361
-264
-217
-250
-381
-485
-528
-476
-347
-213
-107
-51
-39
-71
-112
-129
-145
-167
-173
-119
4
150
219
199
138
75
57
92
220
362
435
414
325
239
201
173
158
188
247
319
391
427
412
325
196
139
160
228
327
414
466
484
400
249
136
99
112
170
243
324
383
330
228
77
-40
-48
9
110
209
265
237
156
44
-40
-83
-61
-17
12
56
119
168
140
26
-150
-291
-350
-336
-231
-71
43
61
-28
-165
-246
-239
-212
-156
-126
-116
-107
-149
-192
-253
-308
-374
-447
-480
-432
-256
-119
-82
-107
-244
-368
-418
-395
-274
-155
-105
-127
-176
-223
-268
-308
-336
-352
-328
-253
-157
-30
70
73
-9
-95
-137
-104
-22
63
122
128
108
81
35
9
36
40
49
100
146
185
189
126
53
40
64
85
128
185
264
315
271
207
186
194
217
243
262
292
306
241
130
51
58
124
196
244
280
276
223
151
97
115
167
199
188
171
208
241
220
154
57
-9
-39
-43
13
143
269
322
308
206
97
43
-1
10
66
103
137
132
88
-10
-135
-229
-322
-370
-351
-265
-151
-88
-96
-145
-253
-359
-402
-390
-271
-143
-97
-112
-143
-204
-308
-414
-499
-500
-441
-361
-267
-177
-140
-172
-262
-358
-347
-270
-191
-115
-86
-74
-101
-169
-218
-264
-275
-289
-270
-195
-112
-81
-127
-188
-217
-184
-147
-104
-28
55
93
38
-43
-30
11
44
96
113
197
310
360
326
240
193
191
233
260
303
367
388
366
261
193
212
241
283
284
325
375
394
353
261
182
143
163
181
237
313
389
406
327
225
174
178
158
156
168
173
213
204
162
135
65
0
-112
-244
-238
-187
-128
-120
-184
-211
-283
-305
-279
-244
-145
-69
-64
-158
-226
-177
-150
-151
-184
-165
-68
47
106
-2
-108
-132
-125
-147
-128
-42
38
97
60
-68
-158
-136
-83
-85
-156
-230
-239
-157
-163
-350
-448
-512
-560
-468
-362
-242
-120
-64
-84
-275
-371
-246
-206
-139
-54
33
197
303
318
189
55
32
13
16
63
162
268
263
176
37
-48
-25
-21
-64
-74
-56
-43
-37
-88
-179
-273
-290
-209
-170
-111
8
127
193
137
77
46
46
133
177
193
269
338
379
343
272
197
130
76
-2
-19
49
123
133
115
60
4
18
23
69
118
131
155
106
75
76
28
-17
-44
-19
8
47
146
168
143
86
-28
-51
-2
42
68
61
73
94
71
36
-11
-27
-44
-73
-75
-58
-7
-24
-29
-63
-127
-77
11
99
200
232
175
91
24
75
93
87
139
162
181
191
143
64
34
47
79
96
103
100
70
55
26
-18
-19
-17
-3
-10
-61
-75
-27
25
-37
-158
-205
-189
-93
-9
15
-14
10
136
101
-64
-125
-94
0
101
113
54
37
47
7
-132
-226
-199
-191
-207
-288
-390
-382
-327
-349
-453
-594
-672
-663
-611
-528
-541
-580
-582
-646
-663
-649
-583
-453
-325
-203
-90
34
127
225
291
324
375
496
685
863
939
944
972
976
1006
977
867
809
747
733
693
575
486
433
361
204
58
14
37
32
-54
-180
-288
-317
-347
-421
-440
-383
-289
-207
-205
-220
-181
-159
-126
-79
-43
-19
14
54
98
162
197
196
168
114
92
108
144
159
129
91
46
-17
-92
-147
-130
-56
21
38
-11
-55
-87
-130
-196
-257
-239
-162
-97
-87
-136
-185
-229
-270
-317
-389
-411
-392
-333
-271
-281
-332
-404
-412
-344
-218
-123
-84
-1
28
40
67
109
165
212
228
200
241
343
448
454
379
317
270
278
341
355
315
322
323
247
154
86
40
31
30
-20
-72
-75
-100
-173
-243
-275
-287
-282
-261
-241
-191
-143
-143
-208
-260
-258
-232
-199
-164
-99
-46
8
31
-6
-2
55
116
138
179
233
264
335
369
316
265
290
321
344
362
371
411
396
337
239
184
184
162
182
195
189
173
156
128
90
53
20
38
93
126
111
71
35
27
15
-15
-68
-114
-85
-52
-40
-32
-57
-75
-87
-77
-56
-61
-2
38
19
-18
-33
57
113
-44
-417
-620
-421
-143
-160
-466
-720
-716
-618
-684
-940
-1159
-1057
-801
-775
-1061
-1328
-1281
-1068
-957
-1014
-1057
-905
-710
-584
-446
-232
-31
83
199
363
610
871
1045
1141
1273
1430
1496
1446
1372
1346
1409
1482
1450
1300
1044
868
825
798
704
512
329
229
142
58
-27
-124
-232
-370
-445
-472
-465
-445
-443
-444
-461
-441
-407
-409
-393
-315
-227
-122
-25
-16
-52
-44
22
102
176
205
195
209
204
198
207
183
177
151
99
71
51
4
-56
-88
-124
-202
-291
-329
-331
-336
-360
-412
-496
-591
-639
-652
-640
-665
-692
-665
-672
-681
-670
-643
-621
-607
-570
-505
-435
-375
-298
-228
-181
-168
-145
-82
-28
16
61
137
196
214
214
243
292
291
273
282
337
430
483
466
440
429
443
462
473
446
445
430
393
353
310
299
288
243
205
199
192
191
153
129
130
117
110
130
128
114
119
119
116
91
34
-17
-19
1
33
20
-18
-55
-54
-6
17
-21
-83
-116
-74
-40
-58
-91
-135
-147
-128
-102
-117
-154
-173
-146
-97
-65
-67
-88
-95
-102
-120
-113
-58
-38
-58
-85
-122
-134
-123
-98
-93
-109
-143
-154
-132
-91
-97
-103
-115
-100
-80
-59
-27
-25
-16
3
-2
0
22
47
57
51
46
72
91
60
4
-20
13
33
-2
-22
-46
-30
-4
-18
-73
-96
-72
-34
-1
-27
-60
-71
-71
-53
-77
-87
-70
-50
-27
-30
-48
-45
-24
12
48
72
91
102
127
183
226
238
185
172
190
209
211
176
166
141
140
134
100
66
17
-20
-37
-45
-50
-82
-115
-142
-144
-147
-183
-232
-271
-258
-213
-172
-155
-155
-168
-125
-92
-51
27
69
124
165
183
203
217
255
306
378
432
446
424
408
426
448
441
356
276
287
339
315
237
135
109
138
132
63
-56
-90
-62
-51
-73
-126
-176
-216
-246
-273
-286
-299
-347
-392
-393
-351
-322
-341
-374
-411
-382
-332
-300
-314
-312
-278
-276
-291
-314
-307
-250
-191
-190
-210
-185
-138
-109
-108
-96
-56
10
24
15
-6
-3
46
66
33
-7
11
71
92
81
44
70
119
118
94
57
107
163
177
167
149
171
239
284
277
263
261
270
293
323
352
391
387
376
390
420
417
383
355
364
382
380
338
285
286
282
277
239
189
145
100
59
46
44
12
-35
-70
-78
-98
-102
-132
-184
-192
-192
-195
-210
-212
-194
-166
-174
-226
-249
-234
-200
-193
-220
-250
-260
-235
-226
-229
-227
-232
-236
-254
-260
-251
-257
-247
-226
-214
-206
-193
-181
-168
-133
-100
-91
-97
-89
-79
-63
-38
-4
6
22
40
51
64
54
74
96
100
90
74
100
133
148
136
105
104
99
101
98
91
97
115
142
141
125
115
109
129
154
146
128
123
112
133
156
164
159
131
127
134
144
150
139
111
99
110
115
93
80
68
75
101
89
46
8
-5
0
-13
-63
-105
-136
-129
-107
-122
-156
-185
-195
-178
-145
-172
-225
-242
-222
-187
-214
-292
-356
-333
-264
-260
-316
-343
-298
-213
-160
-143
-133
-85
-5
50
98
142
188
222
226
247
283
301
304
331
367
408
424
402
386
382
393
380
344
309
254
201
174
150
110
28
-64
-105
-113
-124
-165
-183
-170
-139
-123
-118
-84
-52
-16
-15
-17
-17
-13
9
3
7
17
5
4
10
17
2
-9
-14
-10
10
-9
-28
-43
-51
-73
-101
-144
-193
-204
-222
-237
-253
-258
-251
-250
-232
-214
-172
-145
-143
-143
-112
-46
-4
-20
-35
-28
-5
14
3
6
31
41
38
33
55
108
122
132
114
149
182
185
166
131
153
140
125
89
77
90
85
80
57
61
50
27
15
19
41
79
92
86
84
76
83
90
85
64
53
48
52
57
44
27
24
10
-4
-22
-13
4
4
6
6
13
-5
-18
-55
-61
-54
-90
-112
-153
-166
-174
-187
-188
-215
-226
-234
-229
-220
-209
-190
-189
-187
-196
-188
-161
-138
-127
-136
-142
-133
-109
-85
-66
-68
-67
-34
13
55
67
92
108
120
139
129
159
179
199
184
168
197
198
200
159
148
182
214
216
173
175
201
225
208
165
159
155
147
123
103
113
106
80
43
38
37
27
26
20
30
25
21
16
26
20
-3
-18
-36
-24
-19
-40
-81
-93
-75
-57
-70
-95
-99
-100
-81
-96
-132
-162
-182
-184
-199
-201
-191
-185
-198
-205
-213
-213
-199
-203
-202
-180
-170
-168
-159
-123
-89
-101
-125
-142
-117
-97
-84
-79
-81
-56
-35
-11
10
25
18
26
48
59
47
37
38
50
64
63
64
56
75
77
78
110
121
123
114
138
181
196
191
179
196
212
195
169
158
195
191
167
137
123
138
139
132
106
94
81
71
66
79
86
57
15
-20
-4
16
0
-47
-75
-59
-16
-2
-22
-33
-21
8
7
-6
-20
-24
-23
-44
-64
-67
-64
-82
-103
-108
-106
-127
-170
-174
-143
-118
-115
-132
-122
-80
-56
-68
-99
-98
-80
-60
-54
-56
-54
-36
-23
-11
7
2
7
3
26
60
57
24
5
20
51
75
54
28
16
17
27
32
33
28
21
13
11
19
30
27
11
-2
-3
-15
-28
-38
-7
10
6
-9
-29
-23
-10
2
-9
-6
-6
4
23
27
34
30
21
19
34
35
31
26
16
24
50
51
36
13
-3
-6
-1
-18
-40
-50
-56
-32
-27
-34
-40
-50
-44
-30
-4
-7
-10
-23
-21
-18
-17
-11
-27
-13
-24
-20
-13
-17
-19
-28
-10
10
33
33
40
51
52
69
66
44
41
60
71
52
34
21
30
54
58
50
39
50
75
100
92
71
65
62
57
19
-19
-50
-59
-71
-85
-95
-113
-107
-108
-110
-103
-99
-96
-102
-101
-108
-102
-108
-119
-115
-104
-77
-74
-80
-86
-73
-47
-43
-40
-32
-16
9
17
0
-10
0
7
21
27
8
-4
2
5
15
10
-3
-2
6
28
45
36
36
51
56
57
55
55
47
53
57
64
82
96
95
79
85
88
87
79
72
92
108
103
80
62
63
70
60
29
11
-4
-5
-3
-12
-11
-16
-15
-18
-20
-18
-22
-30
-40
-33
-41
-52
-64
-68
-55
-50
-44
-48
-50
-51
-38
-27
-13
7
6
16
22
29
34
24
1
-21
-30
-34
-27
-23
-27
-28
-40
-44
-47
-52
-43
-37
-31
-27
-27
-30
-24
-26
-31
-42
-56
-54
-48
-48
-45
-37
-26
-4
15
32
36
40
34
24
20
13
2
-6
-2
-2
-2
5
7
10
18
26
27
26
28
27
22
30
37
40
47
54
57
45
30
8
-4
7
18
13
6
-8
-4
6
15
9
3
5
8
20
20
8
-10
-23
-27
-36
-47
-47
-38
-16
3
15
23
15
15
11
14
5
-10
-18
-20
-15
-14
-20
-40
-50
-44
-41
-50
-63
-67
-61
-57
-56
-47
-44
-43
0
0
0
0
0
0
0
0
0
0
0
0
0
0
0
0
0
0
0
0
0
0
0
0
0
0
0
0
0
0
0
0
0
0
0
0
0
0
0
0
0
0
0
0
0
0
0
0
0
0
0
0
0
0
0
0
0
0
0
0
0
0
0
0
0
0
0
0
0
0
0
0
0
0
0
0
0
0
0
0
0
0
0
0
0
0
0
0
0
0
0
0
0
0
0
0
0
0
0
0
0
0
0
0
0
0
0
0
0
0
0
0
0
0
0
0
0
0
0
0
0
0
0
0
0
0
0
0
0
0
0
0
0
0
0
0
0
0
0
0
0
0
0
0
0
0
0
0
0
0
0
0
0
0
0
0
0
0
0
0
0
0
0
0
0
0
0
0
0
0
0
0
0
0
0
0
0
0
0
0
0
0
0
0
0
0
0
0
0
0
0
0
0
0
0
0
0
0
0
0
0
0
0
0
0
0
0
0
0
0
0
0
0
0
0
0
0
0
0
0
0
0
0
0
0
0
0
0
0
0
0
0
0
0
0
0
0
0
0
0
0
0
0
0
0
0
0
0
0
0
0
0
0
0
0
0
0
0
0
0
0
0
0
0
0
0
0
0
0
0
0
0
0
0
0
0
0
0
0
0
0
0
0
0
0
0
0
0
0
0
0
0
0
0
0
0
0
0
0
0
0
0
0
0
0
0
0
0
0
0
0
0
0
0
0
0
0
0
0
0
0
0
0
0
0
0
0
0
0
0
0
0
0
0
0
0
0
0
0
0
0
0
0
0
0
0
0
0
0
0
0
0
0
0
0
0
0
0
0
0
0
0
0
0
0
0
0
0
0
0
0
0
0
0
0
0
0
0
0
0
0
0
0
0
0
0
0
0
0
0
0
0
0
0
0
0
0
0
0
0
0
0
0
0
0
0
0
0
0
0
0
0
0
0
0
0
0
0
0
0
0
0
0
0
0
0
0
0
0
0
0
0
0
0
0
0
0
0
0
0
0
0
0
0
0
0
0
0
0
0
0
0
0
0
0
0
0
0
0
0
0
0
0
0
0
0
0
0
0
0
0
0
0
0
0
0
0
0
0
0
0
0
0
0
0
0
0
0
0
0
0
0
0
0
0
0
0
0
0
0
0
0
0
0
0
0
0
0
0
0
0
0
0
0
0
0
0
0
0
0
0
0
0
0
0
0
0
0
0
0
0
0
0
0
0
0
0
0
0
0
0
0
0
0
0
0
0
0
0
0
0
0
0
0
0
0
0
0
0
0
0
0
0
0
0
0
0
0
0
0
0
0
0
0
0
0
0
0
0
0
0
0
0
0
0
0
0
0
0
0
0
0
0
0
0
0
0
0
0
0
0
0
0
0
0
0
0
0
0
0
0
0
0
0
0
0
0
0
0
0
0
0
0
0
0
0
0
0
0
0
0
0
0
0
0
0
0
0
0
0
0
0
0
0
0
0
0
0
0
0
0
0
0
0
0
0
0
0
0
0
0
0
0
0
0
0
0
0
0
0
0
0
0
0
0
0
0
0
0
0
0
0
0
0
0
0
0
0
0
0
0
0
0
0
0
0
0
0
0
0
0
0
0
0
0
0
0
0
0
0
0
0
0
0
0
0
0
0
0
0
0
0
0
0
0
0
0
0
0
0
0
0
0
0
0
0
0
0
0
0
0
0
0
0
0
0
0
0
0
0
0
0
0
0
0
0
0
0
0
0
0
0
0
0
0
0
0
0
0
0
0
0
0
0
0
0
0
0
0
0
0
0
0
0
0
0
0
0
0
0
0
0
0
0
0
0
0
0
0
0
0
0
0
0
0
0
0
0
0
0
0
0
0
0
0
0
0
0
0
0
0
0
0
0
0
0
0
0
0
0
0
0
0
0
0
0
0
0
0
0
0
0
0
0
0
0
0
0
0
0
0
0
0
0
0
0
0
0
0
0
0
0
0
0
0
0
0
0
0
0
0
0
0
0
0
0
0
0
0
0
0
0
0
0
0
0
0
0
0
0
0
0
0
0
0
0
0
0
0
0
0
0
0
0
0
0
0
0
0
0
0
0
0
0
0
0
0
0
0
0
0
0
0
0
0
0
0
0
0
0
0
0
0
0
0
0
0
0
0
0
0
0
0
0
0
0
0
0
0
0
0
0
0
0
0
0
0
0
0
0
0
0
0
0
0
0
0
0
0
0
0
0
0
0
0
0
0
0
0
0
0
0
0
0
0
0
0
0
0
0
0
0
0
0
0
0
0
0
0
0
0
0
0
0
0
0
0
0
0
0
0
0
0
0
0
0
0
0
0
0
0
0
0
0
0
0
0
0
0
0
0
0
0
0
0
0
0
0
0
0
0
0
0
0
0
0
0
0
0
0
0
0
0
0
0
0
0
0
0
0
0
0
0
0
0
0
0
0
0
0
0
0
0
0
0
0
0
0
0
0
0
0
0
0
0
0
0
0
0
0
0
0
0
0
0
0
0
0
0
0
0
0
0
0
0
0
0
0
0
0
0
0
0
0
0
0
0
0
0
0
0
0
0
0
0
0
0
0
0
0
0
0
0
0
0
0
0
0
0
0
0
0
0
0
0
0
0
0
0
0
0
0
0
0
0
0
0
0
0
0
0
0
0
0
0
0
0
0
0
0
0
0
0
0
0
0
0
0
0
0
0
0
0
0
0
0
0
0
0
0
0
0
0
0
0
0
0
0
0
0
0
0
0
0
0
0
0
0
0
0
0
0
0
0
0
0
0
0
0
0
0
0
0
0
0
0
0
0
0
0
0
0
0
0
0
0
0
0
0
0
0
0
0
0
0
0
0
0
0
0
0
0
0
0
0
0
0
0
0
0
0
0
0
0
0
0
0
0
0
0
0
0
0
0
0
0
0
0
0
0
0
0
0
0
0
0
0
0
0
0
0
0
0
0
0
0
0
0
0
0
0
0
0
0
0
0
0
0
0
0
0
0
0
0
0
0
0
0
0
0
0
0
0
0
0
0
0
0
0
0
0
0
0
0
0
0
0
0
0
0
0
0
0
0
0
0
0
0
0
0
0
0
0
0
0
0
0
0
0
0
0
0
0
0
0
0
0
0
0
0
0
0
0
0
0
0
0
0
0
0
0
0
0
0
0
0
0
0
0
0
0
0
0
0
0
0
0
0
0
0
0
0
0
0
0
0
0
0
0
0
0
0
0
0
0
0
0
0
0
0
0
0
0
0
0
0
0
0
0
0
0
0
0
0
0
0
0
0
0
0
0
0
0
0
0
0
0
0
0
0
0
0
0
0
0
0
0
0
0
0
0
0
0
0
0
0
0
0
0
0
0
0
0
