3
3
2
3
0
-4
-5
-3
3
4
-3
-7
-7
-6
-5
-3
-6
-12
-10
3
8
-2
-6
3
7
7
10
6
-7
-5
3
-3
-13
-16
-9
3
13
16
11
10
13
21
25
13
-6
-16
-16
-13
-12
-8
1
0
0
5
5
2
3
11
16
8
-1
-7
-7
-2
3
7
8
3
2
7
10
13
7
-2
-5
-10
-16
-21
-22
-10
0
-2
-9
-17
-15
4
17
11
0
-12
-20
-16
-8
-3
0
-3
-1
14
35
46
36
10
-10
-18
-30
-42
-38
-14
5
13
18
25
33
41
46
34
9
-7
-12
-9
-5
-13
-20
-28
-38
-37
-19
5
19
22
8
7
34
42
8
-30
-42
-39
-30
-12
8
18
16
27
48
43
4
-34
-54
-60
-47
-24
-10
-19
-25
7
53
64
48
36
30
22
21
30
26
-5
-39
-50
-39
-32
-27
0
31
37
19
-7
-14
-11
-6
-1
-24
-61
-63
-12
45
63
51
18
-17
-13
45
89
48
-45
-89
-51
9
32
-3
-70
-100
-59
19
53
10
-29
9
67
71
33
-10
-36
-49
-47
-30
-14
-12
-13
0
20
39
73
107
78
-5
-57
-27
40
52
-3
-45
-12
40
40
5
-15
-12
4
20
30
14
-25
-43
-27
-14
-34
-55
-28
4
-2
-13
9
61
84
61
17
-51
-112
-122
-92
-77
-96
-74
33
143
151
85
37
36
62
68
16
-88
-188
-208
-112
34
100
81
91
139
147
102
23
-63
-93
-31
44
-10
-153
-166
-49
1
-28
4
82
103
100
104
83
41
26
53
61
3
-87
-148
-178
-190
-151
-30
120
191
169
113
46
-26
-58
-18
2
-48
-81
-77
-80
-72
-7
74
105
97
86
43
-28
-47
-14
-1
-22
-44
-77
-111
-92
-30
-16
-55
-44
39
128
168
139
52
-42
-67
-20
14
-47
-127
-104
30
138
125
95
77
12
-47
-25
3
-73
-155
-130
-83
-69
-14
81
114
76
97
172
163
70
-6
-53
-131
-202
-179
-74
-28
-99
-150
-57
88
141
135
127
92
61
107
159
49
-172
-278
-209
-128
-121
-140
-122
-46
58
146
169
158
198
251
194
24
-118
-136
-106
-113
-162
-190
-109
14
100
144
124
61
59
184
299
235
26
-144
-185
-185
-197
-168
-63
19
16
24
103
146
69
65
226
284
128
-39
-126
-242
-352
-308
-196
-160
-138
-53
1
-22
-20
68
221
364
401
297
129
50
36
-56
-207
-304
-276
-185
-136
-97
-35
-16
-48
-21
89
180
208
226
217
110
7
28
64
46
37
44
-4
-82
-128
-197
-313
-342
-189
64
239
209
56
-55
-102
-106
-62
1
63
128
218
257
133
-51
-99
-46
-22
13
80
58
-94
-263
-297
-205
-99
-21
37
48
-19
-78
-71
-3
124
288
435
499
447
216
-125
-313
-299
-235
-229
-254
-220
-122
-21
-17
-85
-108
-39
94
238
329
307
199
123
175
230
61
-236
-384
-289
-134
-117
-113
-59
-70
-96
-41
-10
-104
-115
67
185
109
74
197
296
306
264
158
31
-57
-123
-234
-315
-345
-385
-314
-114
30
62
148
286
293
251
312
343
191
-6
-96
-165
-245
-294
-356
-381
-258
-74
59
206
258
124
18
84
221
283
213
-4
-221
-242
-164
-86
-12
8
20
128
240
116
-154
-306
-269
-73
156
224
71
-46
-12
-4
-31
-17
11
-13
-2
102
158
150
144
72
-94
-169
-94
-54
-129
-236
-248
-160
-89
-3
190
356
303
224
269
118
-176
-171
9
-75
-198
-47
18
-127
-132
30
67
-18
-66
-67
75
249
168
-24
-33
25
-31
30
182
52
-152
-54
90
18
-14
50
-10
-46
9
-172
-458
-326
27
111
139
323
359
149
-29
-108
-262
-374
-263
-47
69
67
55
73
129
186
146
31
-2
96
111
-35
-152
-240
-344
-307
-88
80
79
79
159
242
232
94
-68
-59
132
230
144
100
116
-40
-300
-304
-162
-185
-153
26
11
-239
-314
-102
123
370
653
602
195
-21
25
-40
-128
-77
-112
-284
-330
-289
-327
-246
-86
-91
-27
293
590
621
502
266
-84
-354
-417
-289
-130
-63
-58
26
150
97
-52
-121
-154
-151
-62
77
212
327
314
124
4
54
91
36
4
-77
-283
-330
-197
-146
-134
5
131
111
151
252
202
101
37
-74
-182
-143
-50
-20
12
18
-20
-57
-81
-150
-213
-139
-41
30
101
94
41
11
-22
-46
63
225
203
61
-12
-44
-100
-146
-222
-297
-176
58
135
68
73
164
213
249
241
155
66
-35
-146
-177
-124
-110
-151
-125
17
89
44
77
129
-3
-197
-216
-123
-127
-179
-121
46
211
230
213
267
214
28
-84
-95
-75
-41
-111
-332
-476
-405
-306
-217
33
318
356
348
420
260
-5
-11
37
-52
-6
152
42
-231
-281
-263
-370
-351
-162
-86
-81
22
85
162
416
554
326
142
284
341
121
-47
-158
-332
-327
-88
63
50
52
0
-150
-143
72
180
151
238
356
296
119
-40
-269
-475
-328
40
238
217
163
81
-140
-270
-93
54
-99
-242
-204
-162
-82
-26
-128
-165
-73
-34
-38
63
146
-57
-246
-75
112
110
159
238
152
46
12
-81
-157
-180
-208
-189
-40
95
42
-15
22
26
-27
0
101
72
-31
-30
90
174
86
37
127
144
40
-1
14
-34
-109
-190
-210
-176
-135
-122
-225
-223
-97
-5
233
531
624
490
299
179
68
-32
-70
-53
-61
-73
-10
89
183
185
132
142
209
251
163
82
29
-40
13
76
76
50
-22
-30
28
95
204
293
264
173
48
-39
-22
-129
-368
-634
-1078
-1702
-2205
-2117
-1526
-894
-300
248
664
877
890
692
384
185
61
-2
62
102
-131
-532
-790
-951
-964
-725
-319
229
748
1062
1156
1148
1053
774
472
303
200
122
116
77
-93
-246
-332
-337
-216
-44
92
179
286
374
381
319
160
-9
-34
45
66
4
-87
-117
-46
-13
-27
21
98
100
47
34
14
-21
-27
-41
-44
-15
-10
-6
63
157
128
-5
-38
8
1
71
240
280
197
169
182
176
192
276
347
290
225
236
279
416
537
442
300
313
327
279
311
308
178
214
305
-32
-756
-1630
-2486
-2982
-2857
-2245
-1477
-744
-350
-641
-1069
-972
-622
-229
285
818
1202
1333
1216
799
132
-480
-980
-1253
-950
-315
166
488
690
677
525
349
238
247
383
615
827
897
855
706
370
21
-189
-260
-150
102
346
424
281
62
-203
-460
-498
-375
-318
-231
5
151
159
117
-48
-177
-64
94
200
303
284
129
-12
-48
-48
-57
11
27
-160
-245
-246
-322
-249
-81
29
206
447
583
624
634
589
433
271
144
-17
-117
-182
-291
-331
-269
-159
6
191
309
272
185
166
143
145
235
267
219
208
183
64
-114
-213
-205
-103
156
408
497
551
550
456
345
241
166
122
181
351
535
744
961
1075
1117
1004
794
744
515
-254
-1275
-2131
-2796
-3598
-4505
-4869
-4366
-3169
-1565
-57
1132
2025
2460
2459
2239
1893
1449
878
287
-218
-744
-1249
-1647
-1965
-2059
-1722
-1087
-336
493
1290
1859
2074
1974
1739
1462
1096
711
372
42
-246
-428
-518
-466
-346
-286
-288
-200
73
272
328
374
330
197
112
95
46
-38
-24
20
98
264
432
528
513
439
243
2
-147
-213
-239
-340
-438
-450
-373
-177
63
303
409
383
407
463
512
438
329
219
63
-24
-129
-191
-268
-367
-347
-299
-199
-86
17
143
224
281
299
267
159
72
64
77
106
58
26
28
64
180
258
329
323
325
436
527
722
888
902
1001
1017
845
509
-318
-1415
-2239
-2739
-2784
-2497
-2222
-2158
-2586
-2594
-1773
-957
81
1067
1503
1923
2270
2218
1774
1032
277
-494
-1092
-1188
-1191
-1256
-961
-678
-547
-194
136
469
880
1309
1677
1711
1546
1306
963
599
212
-80
-283
-437
-448
-403
-369
-298
-203
-129
21
257
404
410
357
360
320
193
129
61
-45
-102
-134
-139
-123
-116
-112
-193
-273
-187
-123
-81
42
25
-85
-160
-189
-116
-51
10
99
149
194
232
195
146
96
14
-12
-33
-43
29
91
108
91
60
67
87
123
186
236
256
267
201
123
118
38
-52
-124
-170
-205
-260
-187
-150
-168
-44
76
195
421
534
457
336
216
76
-54
-92
-89
-222
-324
-294
-301
-211
-54
2
13
20
-79
-294
-455
-536
-667
-962
-1414
-2037
-2468
-2265
-1666
-894
-20
678
1143
1473
1615
1444
1023
618
210
-156
-240
-171
-271
-389
-413
-492
-433
-164
176
529
850
1076
1137
1031
880
670
417
231
59
-112
-221
-232
-175
-87
-30
-2
57
129
206
270
158
-43
-193
-303
-262
-173
-94
62
180
198
199
173
128
144
157
120
100
72
25
-59
-114
-85
-138
-90
98
201
324
412
347
261
186
63
-34
-49
22
82
66
73
21
-17
67
54
37
86
26
-86
-194
-248
-244
-217
-212
-264
-489
-719
-764
-836
-552
-20
206
318
406
447
417
354
293
0
-304
-387
-455
-549
-578
-873
-1679
-2216
-2202
-1834
-1047
-83
747
1300
1744
1946
1696
1290
861
299
-202
-343
-301
-325
-298
-337
-487
-530
-377
-91
234
635
957
1067
1019
964
837
480
139
-92
-218
-101
141
287
294
232
131
10
-28
-19
-15
-78
-155
-160
-213
-282
-376
-462
-430
-252
70
369
577
675
596
469
266
7
-226
-446
-555
-566
-412
-223
-160
-148
-246
-331
-268
-90
95
204
301
307
243
163
45
-60
-192
-217
-176
-110
63
183
240
247
201
151
135
143
106
24
-126
-297
-388
-477
-479
-368
-257
-114
100
305
399
423
478
496
409
361
280
133
79
-24
-152
-177
-210
-142
9
170
395
547
638
665
460
163
-234
-974
-1793
-2755
-3556
-3317
-2390
-1195
212
1208
1898
2371
2361
2140
1599
906
417
-154
-463
-410
-552
-614
-734
-1069
-1125
-1030
-724
-196
265
842
1349
1599
1763
1647
1305
858
250
-232
-462
-541
-490
-482
-526
-521
-487
-379
-252
-94
135
377
603
793
892
740
360
-71
-469
-721
-794
-698
-472
-192
61
101
-276
-819
-1009
-913
-569
24
306
271
408
592
556
495
364
-3
-241
-151
34
142
299
385
148
-10
-36
-118
-71
56
196
264
275
275
240
246
305
361
315
356
476
434
423
432
405
420
465
532
500
409
348
336
426
829
1215
1380
1760
1537
558
-526
-2336
-4297
-5462
-5998
-5772
-4859
-3260
-1147
828
2612
3781
3844
3518
2892
1820
1057
424
-214
-651
-1270
-1787
-2175
-2627
-2740
-2575
-2087
-1117
-11
1156
2307
3060
3388
3246
2556
1704
832
-6
-653
-1180
-1520
-1646
-1590
-1342
-1085
-889
-628
-268
278
981
1555
1909
1987
1710
1286
727
92
-432
-880
-1129
-1177
-1107
-859
-570
-318
-83
15
70
175
268
452
628
675
669
567
424
234
-40
-290
-510
-629
-590
-432
-153
138
337
409
342
207
70
-78
-198
-231
-262
-269
-153
-36
47
85
8
-105
-172
-152
-155
-344
-618
-819
-845
-586
-108
303
549
685
681
614
581
520
382
171
-144
-458
-657
-803
-767
-595
-485
-220
102
266
528
830
948
1032
1073
914
679
498
286
-33
-270
-388
-585
-605
-378
-227
-5
329
503
597
705
698
606
533
451
281
99
40
-19
-54
63
139
135
230
340
387
443
389
105
-293
-667
-1030
-1406
-1692
-1919
-2173
-2279
-2123
-1742
-1123
-345
371
865
1206
1489
1582
1456
1172
621
-34
-514
-831
-995
-1009
-968
-942
-881
-676
-387
-48
374
743
1027
1255
1305
1163
893
554
241
-10
-179
-298
-383
-393
-361
-309
-235
-134
-22
73
210
365
454
482
464
421
369
317
240
83
-79
-194
-383
-540
-526
-503
-399
-179
-71
7
93
57
36
88
119
165
203
211
171
-18
-224
-356
-508
-524
-385
-247
-36
216
376
469
491
431
330
246
231
162
38
-28
-125
-226
-228
-180
-115
-34
119
325
494
676
801
805
830
797
663
609
561
456
371
278
233
201
146
193
214
258
464
550
495
428
82
-561
-1314
-2266
-3098
-3509
-3613
-3417
-3225
-2790
-1753
-627
575
1674
2189
2401
2368
2019
1606
1094
429
-272
-978
-1396
-1546
-1676
-1545
-1364
-1236
-793
-259
281
924
1454
1767
1866
1825
1695
1449
1114
698
243
-80
-310
-558
-704
-806
-942
-947
-784
-522
-146
197
396
589
788
956
1106
1111
996
801
507
239
3
-185
-358
-556
-626
-615
-567
-424
-302
-217
-85
108
352
524
613
606
408
196
47
-109
-194
-252
-338
-379
-407
-384
-433
-739
-976
-1042
-980
-468
169
475
669
686
437
272
151
-123
-341
-358
-271
-189
-60
-51
-396
-611
-568
-518
-85
542
905
1165
1293
1171
958
755
507
223
48
-18
-90
-98
-76
-228
-361
-310
-246
-47
328
591
767
922
936
825
653
468
322
230
197
209
203
161
97
0
-70
-100
-101
-77
-114
-163
-612
-1637
-2140
-1964
-1472
-369
354
171
-294
-1008
-1470
-1369
-1125
-899
-858
-736
-260
136
480
650
197
-266
-461
-419
150
636
769
684
282
-5
-86
-120
-34
-19
-34
136
356
571
736
651
449
247
128
285
495
606
654
498
322
276
187
100
9
-164
-283
-278
-130
76
161
192
146
44
122
204
219
284
232
150
167
191
194
102
-69
-299
-569
-638
-546
-451
-269
-198
-301
-265
-219
-242
-156
-132
-129
6
152
257
299
245
57
-129
-122
-66
0
153
217
193
237
228
154
120
40
-21
25
126
245
290
276
225
152
149
211
294
351
380
396
375
342
272
169
77
23
28
97
226
351
420
417
370
325
276
285
327
300
278
228
101
21
-57
-202
-364
-591
-855
-1071
-1291
-1533
-1820
-2081
-2126
-2001
-1716
-1300
-964
-688
-464
-317
-129
112
366
542
586
609
623
569
488
398
270
160
98
71
107
200
301
361
385
405
406
388
404
453
460
423
345
265
241
210
181
165
145
143
123
124
137
107
61
-38
-188
-285
-320
-355
-443
-529
-498
-422
-360
-285
-202
-76
34
114
213
254
287
331
324
332
339
333
358
368
371
396
410
406
370
339
325
273
205
129
63
31
-18
-37
-24
-52
-58
-63
-86
-87
-98
-100
-104
-116
-127
-175
-192
-169
-164
-154
-151
-147
-144
-159
-162
-141
-109
-75
-47
-44
-54
-42
-26
-10
7
13
7
-7
-15
-33
-51
-34
-18
-18
-38
-71
-82
-99
-130
-143
-165
-191
-195
-207
-211
-188
-180
-160
-135
-131
-117
-109
-107
-98
-89
-74
-56
-33
-8
10
29
40
40
43
37
16
13
3
-8
4
0
3
16
27
37
31
32
26
12
13
-3
-16
-18
-16
-1
2
6
20
20
27
22
5
-4
-21
-13
-17
-28
-8
-1
8
23
23
16
0
-1
-15
-37
-26
-27
-19
9
10
6
16
17
3
-7
7
2
1
32
30
11
16
16
21
30
23
28
30
31
47
65
91
111
108
92
67
47
45
43
36
21
10
4
-9
-14
-8
-6
-1
17
28
55
90
100
92
65
38
26
8
0
-17
-54
-70
-71
-70
-48
-25
-5
7
-4
-8
-20
-50
-86
-114
-122
-125
-124
-119
-119
-126
-130
-128
-122
-116
-117
-123
-117
-101
-84
-64
-47
-34
-27
-19
-10
0
7
11
11
1
-7
-7
4
30
58
65
73
74
61
54
50
55
59
55
58
61
63
65
58
40
18
5
-2
3
15
18
18
11
3
7
17
26
30
24
21
18
14
17
17
14
11
1
-16
-24
-26
-38
-53
-56
-57
-54
-50
-46
-47
-44
-41
-49
-51
-51
-47
-36
-31
-23
-7
-3
6
20
21
33
44
46
54
54
55
58
56
55
50
40
33
29
25
18
18
27
31
30
27
26
24
14
6
-13
-34
-45
-53
-44
-37
-27
-18
-20
-15
-21
-31
-25
-29
-25
-13
-15
-14
-13
-13
-18
-34
-33
-36
-45
-33
-27
-23
-9
-4
-6
-1
13
25
34
33
20
13
10
7
13
28
31
31
20
4
2
3
1
-4
-15
-18
-15
-16
-7
3
8
10
10
18
26
20
16
17
13
11
12
13
10
9
7
4
3
4
10
16
17
19
24
24
23
24
25
24
20
9
-7
-16
-19
-24
-16
-10
-16
-20
-24
-26
-22
-17
-10
-5
-8
-9
-8
0
10
11
14
18
15
11
5
5
4
-4
-9
-6
-1
4
15
24
27
21
13
6
-4
-6
-10
-19
-25
-31
-36
-32
-32
-31
-29
-33
-33
-32
-29
-16
-1
7
15
28
36
33
34
37
32
27
24
21
17
14
16
23
20
17
15
7
3
-1
1
4
5
3
-2
-7
-8
-8
-7
-7
-8
-6
-3
-1
6
8
5
-2
-7
-5
-2
2
0
-5
-8
-12
-8
-5
-4
-5
-12
-21
-28
-30
-30
-25
-24
-27
-20
-14
-16
-10
-7
-7
-6
-3
4
10
14
17
20
22
23
19
17
15
13
11
13
16
16
14
10
7
2
0
-1
-8
-12
-13
-13
-8
0
2
1
4
8
7
8
12
9
3
1
0
6
9
10
13
10
11
13
12
14
12
4
2
-2
-8
-9
-14
-21
-24
-27
-30
-28
-28
-28
-28
-22
-15
-12
-5
0
3
4
9
15
21
21
15
12
11
9
6
4
3
-1
-6
-7
-3
-5
-7
-5
-1
2
5
8
8
5
5
7
10
9
4
1
-5
-10
-11
-11
-11
-12
-13
-11
-6
0
4
6
7
8
10
10
12
8
-2
-8
-9
-6
-5
-2
-3
-9
-13
-14
-10
-5
-5
2
5
8
14
17
21
20
19
18
14
14
8
0
-5
-9
-14
-15
-16
-16
-14
-13
-11
-10
-7
-3
-1
1
2
5
8
7
5
1
-3
-7
-7
-7
-6
-4
-7
-3
0
1
4
5
5
8
10
13
19
20
12
7
7
4
3
4
4
-1
-6
-8
-13
-10
-6
-8
-7
-3
0
-2
1
-2
-7
-9
-3
7
10
13
10
7
6
6
8
6
2
0
0
1
-1
-2
-1
-6
-6
0
6
9
7
2
-2
-5
-8
-9
-9
-8
-10
-11
-8
-7
-9
-15
-16
-12
-10
-8
-4
-4
-7
-5
-3
0
7
7
2
1
0
-3
-3
-4
-6
-3
1
1
0
-2
-5
-5
0
7
5
6
7
0
-1
2
6
7
0
-4
-4
-3
-2
-4
-4
-9
-9
-4
2
7
12
13
14
18
18
18
17
14
10
8
6
4
10
10
6
6
1
-5
-4
-4
2
6
0
-6
-9
-12
-16
-15
-10
-8
-2
3
2
2
-11
-17
-15
-21
-6
16
9
10
0
-11
-2
-1
7
16
13
10
12
20
35
32
31
35
33
34
46
53
34
18
3
-5
2
4
-7
-6
-23
-39
-30
-22
-17
-19
-25
-28
-34
-38
-27
-29
-34
-26
-11
0
14
15
12
11
6
9
37
44
27
21
2
-12
-9
-10
-17
-25
-33
-28
-14
-17
-17
-27
-47
-30
0
23
34
25
0
-14
-6
6
18
17
17
-2
-2
27
34
17
-5
-33
-56
-26
9
27
26
-15
-48
-44
-4
30
37
38
22
3
3
26
25
3
-18
-24
12
47
78
57
6
-20
-32
1
39
56
36
32
11
4
23
-18
-36
-109
-200
-35
-37
-144
-24
-380
-441
-288
-375
38
171
56
77
73
129
114
118
168
98
53
162
309
410
300
97
-43
-91
8
168
317
387
293
96
-64
-185
-270
-330
-306
-185
-70
41
2
-178
-381
-526
-509
-289
39
274
324
184
39
-55
-34
108
216
361
526
551
506
389
151
38
-13
17
237
389
353
220
-11
-270
-385
-391
-256
-104
-21
-21
-171
-299
-418
-477
-428
-332
-109
39
22
-11
-126
-281
-298
-179
7
195
255
206
89
-35
-38
-44
-19
84
129
142
128
57
-64
-171
-201
-143
-54
17
57
4
-90
-196
-271
-234
-141
-5
123
120
20
-127
-211
-130
20
169
211
125
-24
-169
-216
-169
-68
9
36
16
-24
-36
-17
23
41
38
15
-4
5
19
23
-6
-55
-90
-91
-92
-98
-80
-54
-34
-40
-57
-33
11
44
72
59
11
2
63
166
196
119
81
161
262
325
316
218
188
322
427
405
398
389
283
208
296
455
472
291
80
-50
-83
-81
-335
-857
-1140
-1082
-1048
-1091
-1124
-1289
-1592
-1763
-1591
-1142
-673
-442
-622
-874
-753
-369
43
369
462
395
257
207
460
814
1024
971
736
658
799
946
1016
939
830
799
729
650
564
412
246
86
-18
-80
-223
-400
-505
-543
-588
-678
-677
-531
-379
-282
-209
-74
49
57
59
202
423
544
529
521
576
566
459
397
489
578
516
385
329
314
232
102
79
153
131
18
-43
-2
-27
-162
-226
-110
94
119
-1
-73
-20
179
458
780
957
817
518
436
665
934
1082
1136
1054
864
45
-1686
-2686
-2077
-981
-698
-1515
-2581
-3573
-4396
-4139
-2812
-1604
-1119
-1671
-2722
-2866
-1778
-469
76
274
674
821
683
969
1531
1735
1760
1928
2228
2496
2517
2046
1357
1212
1701
2052
1904
1628
1172
325
-398
-371
84
309
10
-678
-1353
-1679
-1462
-1031
-805
-698
-661
-912
-1117
-817
-276
85
322
572
686
667
742
835
818
970
1160
964
674
704
669
349
125
212
335
260
145
-110
-557
-718
-528
-430
-471
-607
-883
-1140
-1269
-1161
-905
-668
-353
-196
-335
-366
-187
44
395
723
857
768
531
521
668
757
927
1106
1078
907
676
513
520
567
683
780
706
535
252
-40
-15
251
398
423
263
-36
-190
-58
212
469
710
811
772
539
296
338
521
802
1145
1252
1027
-278
-2573
-3191
-1497
4
-403
-2145
-3338
-3745
-4053
-3334
-1901
-1553
-2016
-2688
-3189
-2506
-1219
-587
-686
-640
147
691
365
468
1126
1480
1826
2248
2554
2524
2006
1552
1666
2260
2824
2508
1510
894
655
495
579
712
422
-271
-924
-1208
-1049
-711
-743
-1173
-1362
-1168
-1007
-1039
-951
-625
-412
-236
36
162
323
542
601
769
1037
1180
1183
981
878
878
720
716
818
692
436
185
-3
-173
-315
-194
-57
-258
-603
-954
-1122
-934
-611
-447
-565
-767
-831
-772
-462
-4
246
305
201
45
138
433
819
1069
955
714
476
380
595
858
963
824
477
229
150
217
423
505
392
153
-125
-184
-33
105
183
124
29
-9
-41
162
460
640
714
658
708
854
862
847
871
1069
1276
1026
336
-1254
-2734
-1991
-217
120
-1399
-3235
-3649
-3329
-3066
-2106
-1429
-1879
-2553
-2995
-2586
-1451
-710
-539
-552
-216
340
264
118
825
1759
2249
2222
2062
2029
1811
1770
2205
2662
2755
2116
1162
812
989
1212
1112
603
121
-349
-884
-1096
-922
-613
-611
-1101
-1494
-1525
-1507
-1326
-923
-607
-507
-613
-619
-320
24
407
745
828
864
866
845
940
1059
1258
1352
1122
913
734
506
377
347
455
485
230
-143
-548
-825
-693
-434
-343
-565
-1128
-1509
-1427
-976
-449
-312
-547
-774
-787
-489
-96
162
411
458
332
370
464
468
493
733
1057
1024
648
381
342
544
873
856
458
181
71
38
116
203
354
239
-191
-330
-90
247
392
278
241
350
427
535
773
955
982
928
827
748
555
295
162
-528
-1816
-1993
-1040
-692
-1658
-3031
-3155
-2547
-2566
-2476
-2161
-2324
-2403
-2300
-2136
-1620
-1152
-786
-669
-628
61
556
355
578
1443
2045
2046
1917
2097
2257
2255
2396
2541
2502
2193
1743
1407
1330
1385
1149
574
59
-163
-307
-604
-885
-892
-912
-1194
-1388
-1459
-1496
-1378
-1203
-985
-765
-667
-524
-424
-314
182
614
672
729
787
908
1082
1133
1275
1315
1111
1039
978
831
722
583
540
455
168
-79
-269
-425
-524
-610
-637
-736
-947
-1082
-1208
-1299
-1163
-934
-869
-1057
-1236
-1186
-968
-652
-365
-232
-287
-332
-148
142
413
684
748
678
749
817
888
967
1019
1082
934
688
713
795
731
659
532
438
382
261
224
260
250
214
140
77
95
85
130
296
403
418
445
503
659
783
660
447
260
193
187
-5
-245
-477
-1074
-1793
-1947
-1547
-1160
-1549
-2424
-2723
-2485
-2210
-1962
-1791
-1711
-1654
-1667
-1473
-1027
-632
-275
-38
186
567
809
795
940
1405
1879
2041
1885
1744
1721
1768
1875
1920
1812
1542
1160
830
688
653
525
236
-79
-297
-468
-671
-829
-879
-885
-874
-915
-1046
-1121
-1079
-961
-738
-537
-424
-365
-380
-271
14
267
469
588
582
605
665
733
874
992
1015
944
814
750
742
730
693
566
352
159
56
-31
-129
-201
-298
-439
-586
-683
-694
-697
-753
-855
-999
-957
-716
-665
-829
-918
-713
-355
-275
-333
-212
-97
-8
182
362
475
468
431
516
586
611
637
552
464
497
519
415
230
126
106
57
-6
-61
-119
-222
-343
-358
-256
-147
-127
-236
-313
-187
-9
82
126
227
341
341
373
558
747
812
840
938
1063
1081
963
874
907
985
909
582
245
24
-276
-600
-746
-996
-1535
-1903
-1792
-1643
-2029
-2579
-2527
-2188
-2131
-2106
-1927
-1818
-1754
-1550
-1197
-831
-516
-190
-3
90
498
1009
1142
1157
1471
1831
1869
1763
1844
1976
1922
1859
1846
1680
1396
1199
1071
877
661
469
218
-97
-323
-453
-615
-778
-873
-946
-1087
-1210
-1217
-1180
-1144
-1093
-995
-916
-859
-725
-554
-373
-177
-9
153
282
357
487
641
731
793
866
920
884
843
881
860
751
681
613
470
313
214
114
-93
-298
-377
-469
-611
-727
-834
-884
-856
-831
-903
-1020
-988
-787
-650
-610
-535
-453
-363
-180
61
221
275
339
440
492
573
785
918
848
723
693
765
807
772
707
612
451
314
295
292
213
41
-115
-169
-197
-223
-262
-361
-390
-346
-354
-367
-342
-311
-301
-242
-132
-131
-251
-276
-100
81
89
24
-19
-44
-4
74
144
178
110
-14
-93
-38
67
-30
-312
-435
-328
-253
-368
-569
-744
-907
-889
-614
-429
-614
-923
-980
-805
-605
-424
-283
-312
-410
-355
-159
54
232
359
388
398
525
711
780
786
873
983
986
887
821
798
773
765
731
600
418
283
210
153
98
68
-11
-190
-359
-395
-353
-353
-393
-452
-493
-499
-492
-451
-356
-270
-227
-208
-185
-100
-1
72
187
296
267
171
161
255
326
292
262
241
171
114
129
147
95
34
-22
-73
-88
-71
-111
-239
-340
-337
-297
-279
-313
-431
-527
-498
-370
-259
-231
-270
-343
-335
-216
-54
67
93
41
6
66
202
317
373
375
293
188
191
314
410
372
269
176
112
100
171
242
190
64
-1
40
93
84
88
127
153
169
123
48
65
135
136
114
148
-55
-763
-1258
-697
235
171
-876
-1559
-1365
-977
-750
-549
-477
-742
-1047
-1035
-786
-425
-95
-58
-242
-215
82
209
97
296
805
993
755
529
571
716
861
1024
1050
893
656
436
344
437
576
477
132
-114
-196
-295
-359
-326
-301
-436
-645
-700
-680
-704
-703
-612
-534
-531
-476
-375
-325
-289
-96
200
315
260
262
365
492
638
779
814
686
552
596
729
796
759
641
482
375
366
389
338
183
68
32
-17
-63
-88
-122
-175
-183
-92
-37
-113
-172
-96
68
203
253
243
244
310
438
583
595
384
102
25
218
329
105
-313
-808
-1250
-1359
-1039
-709
-1007
-1770
-2250
-2178
-1821
-1546
-1454
-1516
-1660
-1689
-1519
-1207
-815
-493
-322
-218
-58
220
482
695
979
1296
1533
1575
1502
1496
1581
1725
1845
1835
1664
1369
1095
970
957
939
789
464
63
-229
-343
-368
-398
-519
-745
-993
-1120
-1065
-985
-960
-918
-837
-772
-727
-680
-590
-440
-201
84
188
100
50
207
474
642
696
643
518
440
498
644
684
562
337
116
101
252
254
2
-253
-288
-218
-247
-356
-416
-456
-516
-520
-420
-307
-306
-425
-522
-395
-77
139
67
-154
-191
18
240
341
343
295
213
159
202
329
438
418
274
139
146
235
282
262
232
216
171
129
151
227
273
232
149
122
184
264
300
258
183
156
201
291
343
338
289
204
150
189
267
279
211
99
-17
-120
-167
-151
-189
-352
-568
-710
-726
-716
-768
-901
-1100
-1243
-1212
-1024
-827
-803
-952
-1096
-1049
-737
-381
-243
-326
-424
-336
-122
69
199
270
270
225
232
364
501
495
398
333
370
439
450
389
307
312
380
388
334
297
287
280
297
352
359
296
248
278
356
406
424
388
305
302
394
451
406
302
237
215
197
164
82
-8
-75
-111
-136
-196
-258
-327
-402
-375
-280
-233
-258
-315
-291
-183
-69
56
126
96
44
58
162
297
385
374
258
169
197
262
278
228
174
116
45
26
32
-1
-60
-89
-53
-5
0
-55
-140
-123
-18
62
70
18
-17
-34
-22
52
130
147
88
38
70
129
127
69
52
71
48
2
-17
-18
-38
-96
-156
-207
-242
-213
-163
-181
-313
-484
-501
-332
-132
-140
-422
-659
-599
-313
-73
-89
-291
-534
-614
-399
-101
-12
-188
-441
-522
-388
-139
47
-17
-212
-314
-246
-63
96
165
89
-83
-148
-26
180
305
286
173
75
120
300
435
430
368
341
361
402
469
540
554
515
513
561
585
572
539
521
534
555
560
528
482
466
457
419
382
390
387
308
229
215
203
163
111
65
36
-8
-50
-60
-65
-76
-99
-145
-162
-147
-162
-177
-156
-130
-113
-117
-142
-166
-164
-112
-48
-32
-67
-118
-164
-194
-172
-93
-23
-32
-126
-213
-210
-146
-115
-132
-161
-176
-206
-273
-303
-266
-210
-187
-211
-249
-300
-334
-274
-159
-99
-143
-237
-279
-258
-185
-42
74
65
-53
-166
-117
13
41
-16
-43
-10
-41
-133
-136
-51
-12
-39
-57
-44
-20
-2
-23
-99
-97
28
88
12
-13
93
113
2
-4
142
228
128
-3
11
120
199
171
63
5
26
53
75
140
197
142
64
72
115
124
112
129
160
165
167
160
142
163
214
242
213
174
174
194
213
204
183
182
180
191
215
215
213
202
173
146
154
196
179
113
110
142
104
33
42
75
34
-27
-31
-10
-11
-22
-51
-100
-96
-21
10
-54
-115
-110
-93
-101
-94
-55
-46
-103
-171
-169
-106
-60
-81
-132
-148
-102
-57
-92
-118
-55
-6
-34
-99
-109
-53
-24
-24
-27
-28
-40
-93
-149
-168
-123
-47
-35
-102
-176
-194
-179
-183
-154
-60
-16
-99
-207
-217
-154
-98
-55
-41
-53
-50
-69
-111
-93
-6
30
-16
-24
-10
-71
-110
-32
21
-13
13
84
44
-40
-11
82
90
60
91
103
62
51
98
142
132
84
21
-15
28
113
115
57
15
-18
11
99
116
46
13
43
40
26
75
106
43
-19
9
56
36
5
-2
-17
-14
33
60
13
-20
6
24
14
36
67
72
55
43
74
99
145
128
12
-15
62
103
76
53
53
29
-10
16
49
-4
-39
4
31
-4
-21
-5
-28
-75
-54
21
54
36
6
-17
-40
-34
3
12
-8
5
18
-40
-115
-119
-61
-48
-57
-34
-33
-63
-94
-101
-92
-31
62
54
-41
-81
-33
-2
-23
1
51
17
-48
-75
-81
-59
-5
21
-30
-79
-58
-55
-119
-126
-36
19
-9
-32
-52
-92
-70
-5
18
-11
6
56
7
-50
3
58
16
-26
14
38
-1
-41
-54
-43
3
57
62
1
-51
-37
-15
-17
12
56
25
-41
-39
5
23
27
10
-42
-67
-35
-4
-12
-9
17
11
-34
-56
-31
-3
6
12
37
41
34
37
0
-34
0
66
91
52
10
-6
-6
9
25
51
53
-5
-47
-30
5
46
75
38
2
41
60
8
1
35
29
27
15
-37
-43
-10
-26
-40
0
20
-9
-45
-45
-24
-8
17
30
6
-5
26
24
-33
-48
-10
-18
-30
13
12
-45
-56
-37
-74
-79
4
44
8
-5
-6
-49
-61
-25
6
8
-11
-27
-34
-54
-53
-3
12
-7
12
20
-10
-20
7
33
45
48
37
24
13
1
-1
5
4
4
3
-19
-39
-52
-60
-42
-9
3
-6
-18
-39
-54
-34
-3
13
15
-1
-14
-8
-12
-21
1
29
16
-5
-1
-4
-18
-35
-32
3
28
31
21
2
-12
-19
-34
-30
12
53
44
12
9
9
-1
-16
-14
24
57
54
24
-11
-36
-37
-24
-21
-17
-3
-11
-33
-42
-34
-5
7
-9
-21
-2
17
1
-18
-20
-6
20
22
-13
-25
-11
-21
-43
-32
9
18
-9
-18
-17
-21
-21
-9
12
27
57
68
23
-3
22
30
-4
0
20
7
-3
-6
-30
-57
-51
-44
-42
-22
0
-13
-42
-29
10
29
25
24
14
10
23
13
2
12
21
13
12
23
0
-34
-42
-32
-5
24
25
-4
-32
-44
-42
-37
-22
-11
-13
-11
-12
-22
-33
-33
-31
-12
26
42
30
11
-3
-15
-13
15
31
20
24
37
12
-14
-4
1
-7
5
21
16
4
-5
-31
-54
-43
-18
-2
9
22
20
-3
-31
-47
-44
-28
-11
7
21
26
11
-18
-43
-47
-28
-15
3
40
59
42
13
-8
-20
-24
-22
-6
21
29
33
40
20
-18
-32
-26
-11
5
24
39
28
-2
-24
-21
-25
-30
-3
24
16
0
0
-2
-5
2
16
19
16
20
2
-38
-56
-34
0
12
16
14
-11
-43
-44
-27
-13
12
38
44
38
28
-1
-30
-39
-26
7
31
27
-3
-24
-38
-59
-61
-46
-25
-5
8
10
2
0
-9
-27
-10
37
52
38
38
38
20
10
9
0
0
0
0
0
0
0
0
0
0
0
0
0
0
0
0
0
0
0
0
0
0
0
0
0
0
0
0
0
0
0
0
0
0
0
0
0
0
0
0
0
0
0
0
0
0
0
0
0
0
0
0
0
0
0
0
0
0
0
0
0
0
0
0
0
0
0
0
0
0
0
0
0
0
0
0
0
0
0
0
0
0
0
0
0
0
0
0
0
0
0
0
0
0
0
0
0
0
0
0
0
0
0
0
0
0
0
0
0
0
0
0
0
0
0
0
0
0
0
0
0
0
0
0
0
0
0
0
0
0
0
0
0
0
0
0
0
0
0
0
0
0
0
0
0
0
0
0
0
0
0
0
0
0
0
0
0
0
0
0
0
0
0
0
0
0
0
0
0
0
0
0
0
0
0
0
0
0
0
0
0
0
0
0
0
0
0
0
0
0
0
0
0
0
0
0
0
0
0
0
0
0
0
0
0
0
0
0
0
0
0
0
0
0
0
0
0
0
0
0
0
0
0
0
0
0
0
0
0
0
0
0
0
0
0
0
0
0
0
0
0
0
0
0
0
0
0
0
0
0
0
0
0
0
0
0
0
0
0
0
0
0
0
0
0
0
0
0
0
0
0
0
0
0
0
0
0
0
0
0
0
0
0
0
0
0
0
0
0
0
0
0
0
0
0
0
0
0
0
0
0
0
0
0
0
0
0
0
0
0
0
0
0
0
0
0
0
0
0
0
0
0
0
0
0
0
0
0
0
0
0
0
0
0
0
0
0
0
0
0
0
0
0
0
0
0
0
0
0
0
0
0
0
0
0
0
0
0
0
0
0
0
0
0
0
0
0
0
0
0
0
0
0
0
0
0
0
0
0
0
0
0
0
0
0
0
0
0
0
0
0
0
0
0
0
0
0
0
0
0
0
0
0
0
0
0
0
0
0
0
0
0
0
0
0
0
0
0
0
0
0
0
0
0
0
0
0
0
0
0
0
0
0
0
0
0
0
0
0
0
0
0
0
0
0
0
0
0
0
0
0
0
0
0
0
0
0
0
0
0
0
0
0
0
0
0
0
0
0
0
0
0
0
0
0
0
0
0
0
0
0
0
0
0
0
0
0
0
0
0
0
0
0
0
0
0
0
0
0
0
0
0
0
0
0
0
0
0
0
0
0
0
0
0
0
0
0
0
0
0
0
0
0
0
0
0
0
0
0
0
0
0
0
0
0
0
0
0
0
0
0
0
0
0
0
0
0
0
0
0
0
0
0
0
0
0
0
0
0
0
0
0
0
0
0
0
0
0
0
0
0
0
0
0
0
0
0
0
0
0
0
0
0
0
0
0
0
0
0
0
0
0
0
0
0
0
0
0
0
0
0
0
0
0
0
0
0
0
0
0
0
0
0
0
0
0
0
0
0
0
0
0
0
0
0
0
0
0
0
0
0
0
0
0
0
0
0
0
0
0
0
0
0
0
0
0
0
0
0
0
0
0
0
0
0
0
0
0
0
0
0
0
0
0
0
0
0
0
0
0
0
0
0
0
0
0
0
0
0
0
0
0
0
0
0
0
0
0
0
0
0
0
0
0
0
0
0
0
0
0
0
0
0
0
0
0
0
0
0
0
0
0
0
0
0
0
0
0
0
0
0
0
0
0
0
0
0
0
0
0
0
0
0
0
0
0
0
0
0
0
0
0
0
0
0
0
0
0
0
0
0
0
0
0
0
0
0
0
0
0
0
0
0
0
0
0
0
0
0
0
0
0
0
0
0
0
0
0
0
0
0
0
0
0
0
0
0
0
0
0
0
0
0
0
0
0
0
0
0
0
0
0
0
0
0
0
0
0
0
0
0
0
0
0
0
0
0
0
0
0
0
0
0
0
0
0
0
0
0
0
0
0
0
0
0
0
0
0
0
0
0
0
0
0
0
0
0
0
0
0
0
0
0
0
0
0
0
0
0
0
0
0
0
0
0
0
0
0
0
0
0
0
0
0
0
0
0
0
0
0
0
0
0
0
0
0
0
0
0
0
0
0
0
0
0
0
0
0
0
0
0
0
0
0
0
0
0
0
0
0
0
0
0
0
0
0
0
0
0
0
0
0
0
0
0
0
0
0
0
0
0
0
0
0
0
0
0
0
0
0
0
0
0
0
0
0
0
0
0
0
0
0
0
0
0
0
0
0
0
0
0
0
0
0
0
0
0
0
0
0
0
0
0
0
0
0
0
0
0
0
0
0
0
0
0
0
0
0
0
0
0
0
0
0
0
0
0
0
0
0
0
0
0
0
0
0
0
0
0
0
0
0
0
0
0
0
0
0
0
0
0
0
0
0
0
0
0
0
0
0
0
0
0
0
0
0
0
0
0
0
0
0
0
0
0
0
0
0
0
0
0
0
0
0
0
0
0
0
0
0
0
0
0
0
0
0
0
0
0
0
0
0
0
0
0
0
0
0
0
0
0
0
0
0
0
0
0
0
0
0
0
0
0
0
0
0
0
0
0
0
0
0
0
0
0
0
0
0
0
0
0
0
0
0
0
0
0
0
0
0
0
0
0
0
0
0
0
0
0
0
0
0
0
0
0
0
0
0
0
0
0
0
0
0
0
0
0
0
0
0
0
0
0
0
0
0
0
0
0
0
0
0
0
0
0
0
0
0
0
0
0
0
0
0
0
0
0
0
0
0
0
0
0
0
0
0
0
0
0
0
0
0
0
0
0
0
0
0
0
0
0
0
0
0
0
0
0
0
0
0
0
0
0
0
0
0
0
0
0
0
0
0
0
0
0
0
0
0
0
0
0
0
0
0
0
0
0
0
0
0
0
0
0
0
0
0
0
0
0
0
0
0
0
0
0
0
0
0
0
0
0
0
0
0
0
0
0
0
0
0
0
0
0
0
0
0
0
0
0
0
0
0
0
0
0
0
0
0
0
0
0
0
0
0
0
0
0
0
0
0
0
0
0
0
0
0
0
0
0
0
0
0
0
0
0
0
0
0
0
0
0
0
0
0
0
0
0
0
0
0
0
0
0
0
0
0
0
0
0
0
0
0
0
0
0
0
0
0
0
0
0
0
0
0
0
0
0
0
0
0
0
0
0
0
0
0
0
0
0
0
0
0
0
0
0
0
0
0
0
0
0
0
0
0
0
0
0
0
0
0
0
0
0
0
0
0
0
0
0
0
0
0
0
0
0
0
0
0
0
0
0
0
0
0
0
0
0
0
0
0
0
0
0
0
0
0
0
0
0
0
0
0
0
0
0
0
0
0
0
0
0
0
0
0
0
0
0
0
0
0
0
0
0
0
0
0
0
0
0
0
0
0
0
0
0
0
0
0
0
0
0
0
0
0
0
0
0
0
0
0
0
0
0
0
0
0
0
0
0
0
0
0
0
0
0
0
0
0
0
0
0
0
0
0
0
0
0
0
0
0
0
0
0
0
0
0
0
0
0
0
0
0
0
0
0
0
0
0
0
0
0
0
0
0
0
0
0
0
0
0
0
0
0
0
0
0
0
0
0
0
0
0
0
0
0
0
0
0
0
0
0
0
0
0
0
0
0
0
0
0
0
0
0
0
0
0
0
0
0
0
0
0
0
0
0
0
0
0
0
0
0
0
0
0
0
0
0
0
0
0
0
0
0
0
0
0
0
0
0
0
0
0
0
0
0
0
0
0
0
0
0
0
0
0
0
0
0
0
0
0
0
0
0
0
0
0
0
0
0
0
0
0
0
0
0
0
0
0
0
0
0
0
0
0
0
0
0
0
0
0
0
0
0
0
0
0
0
0
0
0
0
0
0
0
0
0
0
0
0
0
0
0
0
0
0
0
0
0
0
0
0
0
0
0
0
0
0
0
0
0
0
0
0
0
0
0
0
0
0
0
0
0
0
0
0
0
0
0
0
0
0
0
0
0
0
0
0
0
0
0
0
0
0
0
0
0
0
0
0
0
0
0
0
0
0
0
0
0
0
0
0
0
0
0
0
0
0
0
0
0
0
0
0
0
0
0
0
0
0
0
0
0
0
0
0
0
0
0
0
0
0
0
0
0
0
0
0
0
0
0
0
0
0
0
0
0
0
0
0
0
0
0
0
0
0
0
0
0
0
0
0
0
0
0
0
0
0
0
