-6
46
66
30
-18
-35
-36
-17
20
28
34
46
52
44
-2
-56
-43
22
67
64
12
-48
-74
-64
-29
2
46
105
87
4
-27
-20
-10
-9
-37
-42
18
86
83
9
-61
-63
-14
43
74
73
63
43
-7
-68
-71
-26
4
-2
-21
-5
9
4
-20
-48
-45
-3
57
80
64
33
-3
-42
-55
-4
57
57
20
-10
-34
-49
-43
-41
-43
-23
5
9
-11
-11
-4
-47
-83
-60
-27
10
24
-7
-40
-54
-44
-38
-38
-25
28
77
71
50
14
-16
-20
-16
-7
4
14
14
-19
-62
-65
-45
-17
8
17
28
34
44
44
10
-11
11
39
57
68
50
31
10
-19
-21
-9
16
57
71
49
26
3
6
18
17
10
-10
-21
-12
12
17
-10
-38
-54
-46
-3
30
44
45
25
-4
-35
-34
9
43
34
14
-4
-13
-5
-20
-48
-42
-3
49
69
35
-9
-43
-66
-73
-66
-18
40
58
30
-39
-87
-83
-69
-36
-13
-31
-23
-6
-10
-18
1
35
41
40
32
27
70
121
107
57
-31
-112
-108
-66
-5
47
65
40
-68
-184
-268
-308
-241
-153
-125
-91
5
81
44
-70
-101
80
404
705
880
868
697
438
59
-273
-278
-78
24
8
-74
-205
-300
-351
-394
-402
-244
96
326
367
393
362
198
4
-124
-149
-74
59
100
-65
-244
-286
-322
-365
-302
-161
-47
33
106
120
69
55
48
-5
20
120
167
116
14
-86
-181
-244
-242
-201
-130
-25
30
23
16
20
-5
-61
-50
26
104
189
194
72
-46
-126
-183
-205
-191
-72
58
102
106
17
-60
-45
-40
-20
15
76
147
134
55
-32
-92
-95
-76
-73
-50
-3
37
15
-67
-124
-133
-93
-3
79
130
166
151
89
44
27
43
69
93
95
59
15
-44
-81
-77
-80
-60
-1
41
68
70
13
-53
-80
-78
-85
-89
-51
-23
-42
-74
-92
-74
-8
65
100
119
125
106
71
37
7
-25
-43
-63
-67
-46
-33
-47
-107
-151
-119
-88
-50
17
50
37
-27
-64
-43
-23
-15
-46
-117
-90
-30
-93
-236
-451
-591
-520
-355
-79
325
699
939
982
942
1005
1107
1146
983
584
251
71
-109
-283
-414
-513
-635
-752
-760
-659
-394
-12
218
242
267
369
463
478
432
340
156
-10
-112
-249
-335
-352
-421
-545
-589
-474
-327
-219
-95
6
45
124
253
317
338
363
326
192
63
7
-57
-159
-226
-257
-295
-306
-278
-264
-253
-202
-136
-74
-11
72
147
155
111
67
36
9
-34
-85
-110
-113
-99
-109
-153
-176
-153
-98
-69
-57
0
75
102
95
110
163
260
392
447
401
401
387
190
-98
-260
-258
-254
-243
-156
-135
-145
-74
-82
-143
-47
126
222
256
250
237
179
73
-8
-92
-152
-149
-162
-172
-171
-165
-150
-160
-113
-19
37
94
140
160
156
93
-14
-122
-159
-135
-147
-168
-191
-235
-241
-239
-243
-208
-141
-87
-63
-67
-84
-70
-43
-44
-57
-58
-41
-48
-73
-69
-78
-88
-74
-78
-44
51
136
185
186
157
118
75
50
58
81
91
55
-3
-48
-79
-53
3
11
-25
-98
-163
-162
-129
-122
-160
-243
-326
-362
-329
-152
211
644
999
1222
1366
1472
1477
1277
869
397
70
-57
-161
-330
-413
-475
-659
-815
-855
-733
-411
-16
314
473
500
571
583
452
354
269
120
-10
-124
-227
-339
-494
-603
-662
-663
-539
-371
-233
-97
29
95
110
151
243
309
315
277
167
20
-103
-206
-315
-411
-426
-388
-339
-259
-191
-130
-77
-53
2
76
125
174
208
185
109
34
-32
-98
-129
-134
-153
-178
-168
-157
-162
-148
-111
-70
-23
40
84
130
176
184
205
216
196
222
250
283
391
430
381
299
157
43
-109
-307
-344
-295
-215
-103
-104
-125
-109
-156
-154
-106
-9
203
329
273
169
53
-33
-69
-117
-142
-148
-160
-154
-161
-162
-132
-117
-104
-73
-35
15
44
48
35
-30
-100
-143
-156
-103
-47
-38
-67
-126
-171
-171
-127
-54
43
130
170
193
185
129
34
-72
-129
-126
-106
-85
-70
-59
-51
-52
-80
-71
37
141
172
158
127
131
106
19
-33
-51
-23
22
-1
-27
-31
-89
-156
-186
-199
-178
-153
-195
-269
-332
-414
-465
-412
-148
338
854
1348
1820
2113
2036
1452
624
14
-236
-243
-242
-285
-295
-394
-661
-1003
-1260
-1173
-717
-180
253
572
789
872
782
547
315
154
80
104
118
50
-118
-400
-686
-842
-839
-702
-489
-246
10
202
243
196
176
224
342
427
424
352
229
72
-124
-326
-470
-507
-464
-389
-326
-285
-242
-215
-198
-151
-75
17
133
224
249
222
132
18
-65
-118
-147
-163
-177
-171
-144
-144
-171
-175
-152
-83
-1
70
155
201
200
178
125
57
7
-24
-7
108
379
690
725
480
184
-79
-270
-384
-335
-82
132
222
181
-54
-227
-172
-87
20
171
282
372
354
187
32
-102
-209
-209
-195
-128
-24
-46
-127
-209
-284
-278
-217
-117
51
176
190
129
6
-81
-122
-125
-61
-27
-13
6
-34
-112
-204
-267
-269
-217
-105
19
96
130
116
44
-39
-100
-117
-64
38
121
111
7
-122
-231
-299
-279
-182
-86
-6
61
87
47
-31
-102
-130
-104
-42
20
48
33
-38
-96
-99
-98
-87
-102
-173
-189
-143
-143
-232
-404
-487
-330
-9
471
1067
1714
2390
2628
1991
917
75
-291
-298
-250
-211
-158
-283
-582
-922
-1242
-1285
-921
-429
50
502
848
1050
1027
824
580
286
23
-36
59
146
86
-222
-639
-927
-1049
-1001
-805
-536
-210
64
191
218
229
256
309
393
432
404
311
147
-34
-236
-443
-576
-615
-543
-378
-221
-133
-108
-122
-114
-51
37
132
217
281
303
261
157
49
-52
-158
-222
-225
-190
-177
-169
-148
-130
-115
-94
-53
-2
88
190
252
268
219
147
90
26
-19
-4
88
278
467
500
395
166
-119
-290
-316
-215
-58
40
126
137
-52
-231
-275
-234
-78
87
153
174
149
103
61
-52
-165
-188
-176
-112
-4
38
18
-47
-143
-202
-202
-155
-62
48
113
92
-21
-190
-302
-313
-262
-161
-58
-11
-24
-66
-130
-184
-204
-153
-21
119
219
234
168
70
-27
-81
-80
-29
71
172
175
87
-20
-132
-202
-200
-148
-74
-9
33
36
11
-1
24
56
82
138
194
162
60
-28
-90
-123
-181
-317
-477
-513
-357
-155
-125
-293
-471
-481
-198
431
1257
2105
2769
2874
2164
948
-56
-504
-585
-520
-344
-231
-391
-763
-1154
-1364
-1285
-922
-405
102
609
1109
1385
1330
1050
675
271
-54
-170
-98
-15
-84
-360
-764
-1119
-1271
-1172
-883
-491
-76
236
373
412
432
455
480
484
471
442
349
185
-10
-256
-490
-651
-727
-668
-506
-326
-162
-44
13
47
77
128
210
268
297
306
260
156
30
-95
-219
-312
-354
-343
-293
-213
-133
-82
-41
-4
40
77
123
204
268
275
254
199
106
27
-46
-101
-75
16
140
243
226
198
313
328
164
-11
-143
-94
-37
-99
-54
-41
-84
-21
-83
-214
-136
-9
82
177
172
138
138
58
2
16
-56
-101
-91
-140
-132
-107
-181
-257
-289
-257
-175
-143
-151
-134
-103
-113
-115
-85
-71
-64
-77
-120
-155
-165
-167
-185
-187
-125
-49
-9
-9
-19
16
57
77
84
69
74
80
21
-58
-110
-126
-119
-88
-53
-63
-114
-132
-44
60
81
63
75
138
206
216
188
163
111
8
-126
-203
-164
-135
-249
-449
-622
-752
-864
-911
-671
-64
723
1513
2127
2539
2738
2390
1500
577
-21
-260
-380
-469
-421
-477
-818
-1237
-1588
-1696
-1357
-734
-123
420
905
1256
1323
1124
892
651
343
145
92
58
-36
-246
-574
-925
-1154
-1175
-1045
-797
-424
-43
215
338
400
445
495
546
552
515
438
312
147
-56
-279
-457
-579
-643
-606
-498
-375
-274
-209
-151
-63
34
116
200
277
317
313
264
177
64
-47
-142
-226
-280
-299
-296
-282
-253
-205
-182
-146
-61
47
135
175
221
239
239
231
216
279
429
533
418
123
-158
-302
-322
-281
-158
55
213
217
114
-63
-193
-182
-89
65
191
230
228
166
77
11
-83
-239
-315
-232
-94
35
76
36
-3
-70
-140
-157
-130
-52
46
60
-2
-91
-191
-265
-274
-230
-176
-127
-97
-87
-68
-67
-87
-105
-112
-71
-17
8
8
-5
-6
-20
-37
-36
-7
51
88
96
97
79
37
-21
-65
-67
-35
0
34
63
73
34
-38
-79
-111
-132
-73
13
90
206
260
186
80
-18
-34
37
70
109
111
-88
-333
-509
-645
-641
-585
-569
-474
-261
115
706
1333
1901
2396
2481
1960
1135
417
38
-136
-309
-376
-409
-618
-920
-1212
-1443
-1413
-1081
-649
-204
266
729
1060
1132
1019
859
595
316
180
131
96
9
-230
-571
-861
-1056
-1122
-1053
-865
-545
-239
-46
108
223
310
410
458
453
469
447
356
242
109
-30
-184
-355
-469
-489
-466
-418
-358
-317
-247
-142
-83
-49
24
113
182
203
198
194
165
97
20
-77
-173
-208
-201
-171
-130
-104
-94
-77
-17
106
265
420
553
546
400
242
123
79
73
88
126
106
34
-39
-137
-225
-191
-104
-66
7
89
112
146
171
138
73
-18
-75
-55
-13
23
27
-24
-101
-162
-221
-219
-113
-4
71
113
96
54
-6
-72
-88
-90
-120
-147
-173
-202
-217
-227
-224
-221
-235
-221
-179
-130
-79
-30
3
18
-13
-78
-105
-95
-57
-9
20
33
37
34
50
29
-48
-88
-75
-78
-68
-22
15
51
79
74
45
10
27
97
123
120
101
17
-64
-45
42
119
127
54
5
48
65
0
-90
-203
-281
-340
-482
-598
-581
-471
-316
-196
-63
269
758
1254
1742
2109
2172
1894
1386
868
478
181
-83
-299
-447
-602
-848
-1154
-1370
-1369
-1159
-824
-456
-83
325
670
837
840
747
612
468
367
321
286
199
8
-272
-575
-799
-918
-966
-897
-718
-511
-337
-233
-157
-56
45
123
187
241
314
387
396
325
185
36
-81
-185
-266
-286
-251
-222
-199
-210
-259
-253
-201
-131
-32
74
167
244
295
318
324
280
199
141
98
75
44
3
31
100
124
43
-77
-129
-100
-22
70
182
305
387
370
212
-5
-127
-123
-100
-95
-47
3
-15
-94
-184
-229
-246
-247
-204
-102
28
111
129
104
42
-21
-85
-145
-153
-82
-1
-14
-96
-183
-250
-280
-295
-283
-222
-136
-66
-46
-47
-37
-56
-78
-76
-75
-40
21
69
85
54
-3
-67
-88
-37
52
154
230
275
288
242
159
83
51
52
62
49
20
9
-30
-115
-215
-298
-287
-213
-152
-81
20
125
150
91
34
14
19
-2
-8
57
163
243
197
73
-11
-61
-112
-130
-100
-39
-2
-57
-145
-212
-264
-288
-298
-276
-202
-87
35
113
151
193
229
224
239
404
733
1052
1206
1168
980
725
413
103
-65
-89
-24
7
-82
-198
-293
-362
-432
-481
-441
-315
-128
61
243
407
486
450
310
127
-5
-48
-19
27
41
21
-70
-245
-418
-524
-554
-512
-425
-335
-250
-164
-109
-95
-93
-83
-67
-64
-51
18
115
198
208
138
43
-53
-139
-202
-218
-186
-140
-100
-83
-94
-117
-144
-133
-99
-72
-15
78
186
272
293
234
112
-25
-108
-107
-42
65
153
164
133
66
-22
-75
-67
-1
49
75
82
77
81
48
20
6
-35
-73
-108
-131
-107
-58
-22
-31
-74
-119
-170
-174
-129
-71
-14
27
44
18
-28
-58
-58
-38
-37
-51
-71
-90
-80
-73
-91
-122
-156
-171
-172
-166
-136
-86
-39
-17
-2
8
21
49
60
61
73
80
68
28
-16
-62
-128
-181
-222
-236
-215
-186
-154
-146
-147
-143
-142
-115
-94
-89
-76
-41
18
64
106
139
126
88
49
23
23
37
64
104
148
172
164
147
138
159
177
178
194
219
246
261
270
277
261
250
246
243
240
253
277
277
268
266
253
232
227
239
259
254
229
218
193
163
143
116
111
100
74
59
44
44
61
79
74
68
66
47
25
-5
-24
-43
-71
-108
-138
-156
-175
-194
-206
-195
-190
-199
-203
-208
-199
-182
-173
-168
-150
-120
-116
-131
-136
-140
-141
-156
-178
-184
-193
-200
-197
-185
-175
-169
-152
-142
-138
-125
-110
-89
-65
-45
-38
-41
-30
-30
-22
-1
5
-3
-29
-46
-41
-40
-48
-51
-54
-52
-40
-29
-30
-31
-20
-13
-11
-16
-15
15
52
80
75
50
40
42
49
47
50
61
52
26
10
10
9
6
6
17
24
29
39
41
50
61
64
67
60
66
69
59
60
47
29
22
9
-10
-10
6
16
27
24
20
31
30
28
34
45
55
61
57
54
61
67
60
51
49
37
30
20
7
8
11
13
2
3
7
12
28
25
15
5
0
5
14
16
14
7
-22
-47
-61
-70
-65
-70
-73
-67
-63
-56
-48
-31
-13
-5
-3
-5
-2
2
3
10
1
-15
-20
-37
-43
-35
-30
-24
-19
-11
-9
-4
7
10
1
0
7
20
29
13
7
7
2
-3
-7
3
16
27
48
59
58
65
63
59
72
83
73
74
82
89
92
86
74
48
25
11
5
0
-4
-7
-8
3
0
-17
-11
12
30
51
57
64
68
54
48
36
26
21
8
2
4
0
8
16
2
-1
-1
-2
-1
1
1
7
21
17
17
14
13
17
12
1
-5
-12
-30
-44
-53
-52
-55
-57
-54
-52
-47
-50
-44
-32
-20
-10
-8
-5
-7
-9
-9
-14
-19
-21
-25
-27
-28
-30
-37
-44
-47
-40
-28
-21
-10
6
16
15
17
17
11
9
10
17
22
24
22
17
8
5
9
-2
-4
5
5
12
17
9
-5
-17
-23
-22
-26
-16
0
10
17
21
16
8
3
-6
-2
3
4
10
4
-2
-2
-9
-12
-20
-34
-30
-27
-33
-36
-27
-17
-18
-23
-24
-21
-16
-8
3
7
13
18
12
2
-2
-4
-13
-20
-17
-6
3
6
5
4
16
27
19
22
31
39
44
40
32
22
16
10
5
-4
-9
0
5
2
-1
3
0
-8
-6
-6
-1
4
4
21
33
27
28
19
13
17
10
18
30
31
34
29
23
21
16
6
2
3
6
10
6
1
-1
-3
-5
-17
-24
-18
-8
4
7
4
5
3
0
-4
-4
5
4
-6
-9
-14
-19
-18
-22
-27
-31
-33
-36
-35
-19
-9
-4
-3
-8
-8
-11
-9
-7
-9
-7
-14
-25
-28
-30
-28
-28
-30
-27
-24
-15
-10
-10
-7
-4
-3
-1
-4
-9
-3
0
0
3
11
16
18
13
4
6
-1
-7
-5
-4
-7
-8
-3
0
-3
2
12
9
8
15
13
13
18
19
21
16
8
4
-3
-5
-5
-9
-13
-14
-22
-37
-47
-43
-38
-41
-40
-40
-35
-24
-16
-15
-13
-14
-6
9
12
19
21
18
16
8
5
5
6
10
9
9
16
14
5
16
24
12
8
9
7
13
18
24
23
16
21
23
20
19
25
30
34
32
21
21
18
12
3
0
2
-2
-6
-7
-7
-8
-3
-9
-11
-5
-1
5
9
8
8
9
-2
-11
-17
-21
-17
-20
-27
-24
-20
-25
-31
-33
-41
-43
-36
-31
-21
-9
-4
5
9
7
11
9
11
10
1
-4
-9
-11
-22
-28
-32
-40
-37
-26
-16
-16
-14
-11
-18
-13
-5
-8
0
6
6
12
21
26
26
24
17
14
18
25
22
22
28
26
24
10
-8
-8
-8
-5
-5
-16
-13
-5
-7
-10
-7
-7
0
4
-2
-2
0
-6
-7
-7
-12
-13
-17
-16
-13
-15
-6
1
-2
4
6
7
9
6
9
10
8
4
13
19
17
11
8
13
17
18
13
10
15
13
0
-1
2
9
13
-1
-8
-1
2
3
-3
-7
-1
-2
-6
-4
-8
-12
-14
-24
-26
-24
-19
-13
-9
-6
-7
-8
-8
-4
-5
4
13
9
10
10
14
23
17
17
18
15
20
21
16
20
17
9
4
-3
-2
-1
-4
-7
-18
-31
-20
-11
-12
-7
-1
-3
-7
-4
4
5
1
9
5
2
0
-8
-12
-13
-18
-24
-33
-34
-21
-24
-31
-28
-26
-18
-10
-10
-2
10
16
21
10
3
2
9
10
-8
-9
8
15
15
9
5
2
-3
-4
-3
-1
1
8
13
14
17
10
11
20
23
26
30
30
23
14
5
5
-4
-13
-15
-24
-33
-34
-29
-29
-26
-22
-17
-6
-1
7
4
-5
-1
1
-6
-10
-11
-7
3
4
0
-5
-4
-2
-8
-7
-6
0
7
4
4
9
3
-1
2
5
15
16
12
12
-1
-13
-9
-6
-6
-10
-8
8
17
16
10
4
-6
-11
0
7
10
14
8
7
10
10
14
7
-2
1
2
1
7
9
0
-1
5
7
13
23
24
28
25
13
4
-4
-5
-5
-5
-9
-8
-3
-12
-22
-36
-37
-34
-26
-19
-23
-21
-24
-18
-23
-29
-20
-23
-13
0
1
-9
-6
2
-5
0
1
4
7
1
9
11
6
10
9
2
4
11
10
10
14
18
19
9
4
4
7
4
2
4
1
3
5
0
3
6
6
7
1
4
13
15
12
4
2
8
9
9
4
3
9
4
-4
-10
-11
-3
-6
-5
1
5
11
14
5
-15
-26
-23
-18
-21
-26
-29
-30
-27
-24
-16
-7
-5
-11
-14
-8
1
5
12
24
24
22
21
15
20
9
0
10
9
-1
3
13
11
17
20
20
22
17
16
20
28
28
20
17
14
17
22
21
20
14
11
10
3
2
8
9
5
11
4
-4
-2
-11
-4
-5
-15
-9
-4
-6
-6
0
-4
-15
-13
-12
-24
-26
-19
-10
-9
-12
-13
-13
-20
-28
-23
-17
-10
-9
-9
-4
-11
-18
-17
-18
-20
-20
-22
-13
-7
-10
-2
-4
-8
-4
0
5
7
13
8
7
18
17
13
8
5
8
5
-2
0
-6
-6
4
8
10
5
2
8
17
13
7
17
21
17
19
20
20
16
17
23
19
18
27
27
20
18
19
18
13
6
7
8
10
7
8
9
3
-2
-7
-5
0
8
7
5
10
3
-3
-9
-12
-9
-5
3
4
2
2
0
0
-5
-7
-4
3
16
17
8
4
-4
-14
-13
-15
-12
-1
3
6
6
4
-2
-3
-3
5
13
14
26
30
24
11
-3
-14
-13
-8
-7
-3
0
-2
-1
-4
-10
-13
-15
-11
-1
8
6
-8
-21
-28
-25
-13
-8
-11
-10
-9
-4
-3
-4
-5
-7
-12
-13
-8
-2
3
1
5
4
2
5
2
-7
-10
-6
-4
3
2
0
2
5
6
4
0
-5
-11
-15
-17
-9
-2
0
6
9
7
5
5
4
8
8
8
13
6
-6
-11
-5
-13
-20
-12
-17
-17
-9
0
6
-6
-18
-30
-36
-24
-10
-4
-1
-1
-6
-10
-11
-15
-9
3
4
4
7
5
0
-3
-4
6
10
9
17
14
9
8
-6
-17
-30
-34
-33
-40
-52
-51
-44
-50
-50
-50
-45
-24
6
38
57
78
98
114
132
141
161
186
185
174
157
139
134
134
131
106
67
33
5
-17
-44
-51
-51
-61
-75
-100
-128
-146
-145
-143
-137
-124
-111
-95
-86
-80
-70
-53
-37
-24
-15
-5
17
36
48
55
54
57
55
44
31
24
24
39
50
30
9
-1
-23
-40
-38
-40
-28
0
23
21
-1
-16
-40
-55
-49
-39
-11
18
28
12
-10
-27
-43
-37
-10
7
17
38
38
10
-7
-21
-31
-17
1
11
13
2
-11
-17
-27
-37
-34
-27
-11
-18
-37
-41
-53
-60
-66
-64
-54
-35
-27
-40
-46
-45
-46
-35
-25
-20
5
22
20
9
-6
-19
-24
-17
-16
-11
-8
-8
4
5
-2
-2
-1
-4
7
25
36
41
29
18
10
-4
6
13
-10
-16
-6
-17
-54
-86
-105
-131
-137
-155
-168
-153
-131
-111
-123
-151
-168
-148
-99
-33
75
220
381
499
516
428
319
305
395
522
642
752
772
631
401
160
13
36
151
220
162
18
-164
-351
-500
-569
-541
-442
-368
-374
-431
-524
-574
-541
-466
-377
-286
-174
-68
0
37
55
71
98
146
220
315
399
443
421
328
224
152
141
168
198
225
195
64
-114
-255
-317
-283
-191
-122
-124
-178
-263
-355
-400
-384
-302
-191
-122
-112
-142
-169
-162
-141
-94
-31
40
112
141
138
119
122
149
178
211
231
241
240
219
171
119
78
54
41
25
-6
-43
-68
-114
-171
-210
-216
-191
-167
-154
-168
-170
-157
-148
-132
-106
-50
9
65
94
74
60
83
135
172
189
230
260
247
193
105
47
59
114
142
138
107
51
-10
-81
-127
-108
-43
13
18
-16
-74
-129
-133
-131
-128
-86
-51
-44
-63
-70
-71
-70
-41
-2
35
56
51
34
11
-16
-13
23
51
62
63
61
36
-3
-29
-38
-20
8
23
9
-21
-47
-76
-103
-107
-86
-51
-30
-46
-81
-102
-100
-76
-41
-6
2
-9
-8
-18
-27
-21
0
-5
-43
-75
-98
-115
-139
-174
-201
-204
-184
-146
-130
-146
-190
-223
-231
-194
-52
160
374
518
510
349
178
191
412
645
779
836
781
599
361
198
166
280
459
492
304
12
-194
-268
-294
-301
-289
-268
-304
-407
-503
-591
-619
-556
-469
-406
-355
-283
-225
-213
-213
-190
-129
-41
87
234
322
319
249
170
159
242
366
456
466
416
340
235
119
63
86
141
149
77
-52
-187
-259
-285
-304
-314
-303
-283
-287
-324
-361
-379
-368
-317
-256
-205
-173
-135
-70
-35
-9
40
98
156
205
251
270
264
251
259
281
298
302
275
223
172
137
101
74
58
39
6
-50
-110
-148
-168
-182
-198
-208
-207
-196
-189
-196
-199
-201
-189
-157
-118
-75
-30
7
14
2
15
47
104
205
304
327
256
190
222
297
329
334
318
278
219
149
68
27
74
130
102
-24
-154
-214
-203
-188
-195
-189
-191
-195
-199
-221
-244
-234
-187
-151
-136
-108
-77
-69
-54
-27
-14
-10
20
54
84
107
107
90
67
75
108
124
83
30
14
13
-2
-5
1
-19
-42
-48
-76
-135
-160
-147
-141
-148
-155
-145
-130
-127
-135
-139
-130
-118
-92
-37
13
47
77
88
74
65
75
100
118
118
104
79
61
48
33
11
-10
-21
-32
-45
-85
-136
-137
-107
-103
-141
-189
-192
-115
-10
50
71
116
216
323
362
328
302
382
532
594
530
471
489
502
451
365
301
305
328
297
171
4
-81
-96
-117
-163
-211
-253
-318
-390
-436
-454
-475
-474
-440
-432
-446
-447
-428
-397
-347
-269
-203
-161
-119
-60
9
46
57
72
114
171
209
221
212
208
224
227
194
167
156
130
93
41
-9
-39
-57
-71
-105
-151
-189
-208
-207
-214
-217
-214
-225
-235
-232
-207
-185
-180
-166
-132
-87
-47
-24
-10
26
85
116
122
131
150
195
226
218
209
213
225
227
212
182
149
134
112
80
49
6
-39
-72
-92
-111
-128
-136
-147
-170
-183
-170
-145
-127
-102
-68
-45
-37
-36
-27
18
107
205
245
198
134
169
290
354
339
319
297
278
252
212
177
174
201
178
85
-13
-51
-14
17
-3
-56
-110
-154
-186
-182
-173
-183
-187
-187
-207
-225
-227
-239
-232
-174
-115
-113
-128
-117
-87
-48
-36
-43
-35
6
47
58
48
19
8
46
81
76
61
53
42
28
21
8
-5
-5
-11
-25
-50
-88
-117
-110
-96
-108
-129
-135
-135
-132
-111
-103
-104
-99
-83
-68
-50
-11
4
6
34
59
63
74
80
87
117
125
95
55
47
54
37
11
-10
-14
-6
-18
-67
-120
-129
-115
-110
-115
-139
-148
-142
-150
-158
-133
-96
-61
-14
13
14
17
48
109
220
323
319
263
266
334
399
410
385
393
428
426
362
284
238
253
274
218
112
24
-6
-39
-102
-158
-211
-259
-292
-318
-366
-403
-413
-426
-414
-365
-328
-322
-313
-272
-213
-142
-84
-48
9
80
116
129
143
171
224
273
284
260
248
256
251
240
212
172
139
104
71
30
-8
-44
-73
-100
-136
-170
-197
-208
-223
-231
-234
-247
-255
-247
-235
-223
-212
-201
-189
-166
-129
-103
-78
-48
-31
-7
35
70
91
108
124
132
144
164
160
146
151
167
155
118
88
66
69
60
40
18
-19
-50
-79
-85
-98
-110
-91
-92
-116
-124
-119
-126
-114
-73
-34
-6
7
-35
-62
-7
76
118
112
144
172
161
128
89
119
193
235
199
128
82
75
78
65
56
70
64
3
-66
-95
-87
-82
-87
-95
-98
-103
-128
-161
-163
-122
-96
-101
-100
-95
-83
-68
-81
-88
-49
0
10
4
19
38
58
73
72
75
94
104
98
87
83
78
75
82
82
76
66
48
27
23
17
-5
-17
-27
-41
-54
-69
-77
-77
-85
-104
-117
-122
-121
-117
-105
-87
-80
-57
-47
-61
-47
-24
-4
13
15
12
13
23
44
65
79
83
75
72
66
66
76
74
74
81
85
71
49
36
33
36
33
29
14
-7
-16
-24
-25
-27
-31
-31
-30
-29
-37
-45
-46
-37
-17
0
-3
-19
-28
-25
-9
6
15
15
14
22
23
20
26
41
54
50
34
20
15
17
27
30
34
34
30
24
9
15
21
24
33
27
21
7
-5
-5
-1
13
7
-5
-23
-33
-31
-34
-38
-32
-15
-19
-30
-34
-46
-49
0
0
0
0
0
0
0
0
0
0
0
0
0
0
0
0
0
0
0
0
0
0
0
0
0
0
0
0
0
0
0
0
0
0
0
0
0
0
0
0
0
0
0
0
0
0
0
0
0
0
0
0
0
0
0
0
0
0
0
0
0
0
0
0
0
0
0
0
0
0
0
0
0
0
0
0
0
0
0
0
0
0
0
0
0
0
0
0
0
0
0
0
0
0
0
0
0
0
0
0
0
0
0
0
0
0
0
0
0
0
0
0
0
0
0
0
0
0
0
0
0
0
0
0
0
0
0
0
0
0
0
0
0
0
0
0
0
0
0
0
0
0
0
0
0
0
0
0
0
0
0
0
0
0
0
0
0
0
0
0
0
0
0
0
0
0
0
0
0
0
0
0
0
0
0
0
0
0
0
0
0
0
0
0
0
0
0
0
0
0
0
0
0
0
0
0
0
0
0
0
0
0
0
0
0
0
0
0
0
0
0
0
0
0
0
0
0
0
0
0
0
0
0
0
0
0
0
0
0
0
0
0
0
0
0
0
0
0
0
0
0
0
0
0
0
0
0
0
0
0
0
0
0
0
0
0
0
0
0
0
0
0
0
0
0
0
0
0
0
0
0
0
0
0
0
0
0
0
0
0
0
0
0
0
0
0
0
0
0
0
0
0
0
0
0
0
0
0
0
0
0
0
0
0
0
0
0
0
0
0
0
0
0
0
0
0
0
0
0
0
0
0
0
0
0
0
0
0
0
0
0
0
0
0
0
0
0
0
0
0
0
0
0
0
0
0
0
0
0
0
0
0
0
0
0
0
0
0
0
0
0
0
0
0
0
0
0
0
0
0
0
0
0
0
0
0
0
0
0
0
0
0
0
0
0
0
0
0
0
0
0
0
0
0
0
0
0
0
0
0
0
0
0
0
0
0
0
0
0
0
0
0
0
0
0
0
0
0
0
0
0
0
0
0
0
0
0
0
0
0
0
0
0
0
0
0
0
0
0
0
0
0
0
0
0
0
0
0
0
0
0
0
0
0
0
0
0
0
0
0
0
0
0
0
0
0
0
0
0
0
0
0
0
0
0
0
0
0
0
0
0
0
0
0
0
0
0
0
0
0
0
0
0
0
0
0
0
0
0
0
0
0
0
0
0
0
0
0
0
0
0
0
0
0
0
0
0
0
0
0
0
0
0
0
0
0
0
0
0
0
0
0
0
0
0
0
0
0
0
0
0
0
0
0
0
0
0
0
0
0
0
0
0
0
0
0
0
0
0
0
0
0
0
0
0
0
0
0
0
0
0
0
0
0
0
0
0
0
0
0
0
0
0
0
0
0
0
0
0
0
0
0
0
0
0
0
0
0
0
0
0
0
0
0
0
0
0
0
0
0
0
0
0
0
0
0
0
0
0
0
0
0
0
0
0
0
0
0
0
0
0
0
0
0
0
0
0
0
0
0
0
0
0
0
0
0
0
0
0
0
0
0
0
0
0
0
0
0
0
0
0
0
0
0
0
0
0
0
0
0
0
0
0
0
0
0
0
0
0
0
0
0
0
0
0
0
0
0
0
0
0
0
0
0
0
0
0
0
0
0
0
0
0
0
0
0
0
0
0
0
0
0
0
0
0
0
0
0
0
0
0
0
0
0
0
0
0
0
0
0
0
0
0
0
0
0
0
0
0
0
0
0
0
0
0
0
0
0
0
0
0
0
0
0
0
0
0
0
0
0
0
0
0
0
0
0
0
0
0
0
0
0
0
0
0
0
0
0
0
0
0
0
0
0
0
0
0
0
0
0
0
0
0
0
0
0
0
0
0
0
0
0
0
0
0
0
0
0
0
0
0
0
0
0
0
0
0
0
0
0
0
0
0
0
0
0
0
0
0
0
0
0
0
0
0
0
0
0
0
0
0
0
0
0
0
0
0
0
0
0
0
0
0
0
0
0
0
0
0
0
0
0
0
0
0
0
0
0
0
0
0
0
0
0
0
0
0
0
0
0
0
0
0
0
0
0
0
0
0
0
0
0
0
0
0
0
0
0
0
0
0
0
0
0
0
0
0
0
0
0
0
0
0
0
0
0
0
0
0
0
0
0
0
0
0
0
0
0
0
0
0
0
0
0
0
0
0
0
0
0
0
0
0
0
0
0
0
0
0
0
0
0
0
0
0
0
0
0
0
0
0
0
0
0
0
0
0
0
0
0
0
0
0
0
0
0
0
0
0
0
0
0
0
0
0
0
0
0
0
0
0
0
0
0
0
0
0
0
0
0
0
0
0
0
0
0
0
0
0
0
0
0
0
0
0
0
0
0
0
0
0
0
0
0
0
0
0
0
0
0
0
0
0
0
0
0
0
0
0
0
0
0
0
0
0
0
0
0
0
0
0
0
0
0
0
0
0
0
0
0
0
0
0
0
0
0
0
0
0
0
0
0
0
0
0
0
0
0
0
0
0
0
0
0
0
0
0
0
0
0
0
0
0
0
0
0
0
0
0
0
0
0
0
0
0
0
0
0
0
0
0
0
0
0
0
0
0
0
0
0
0
0
0
0
0
0
0
0
0
0
0
0
0
0
0
0
0
0
0
0
0
0
0
0
0
0
0
0
0
0
0
0
0
0
0
0
0
0
0
0
0
0
0
0
0
0
0
0
0
0
0
0
0
0
0
0
0
0
0
0
0
0
0
0
0
0
0
0
0
0
0
0
0
0
0
0
0
0
0
0
0
0
0
0
0
0
0
0
0
0
0
0
0
0
0
0
0
0
0
0
0
0
0
0
0
0
0
0
0
0
0
0
0
0
0
0
0
0
0
0
0
0
0
0
0
0
0
0
0
0
0
0
0
0
0
0
0
0
0
0
0
0
0
0
0
0
0
0
0
0
0
0
0
0
0
0
0
0
0
0
0
0
0
0
0
0
0
0
0
0
0
0
0
0
0
0
0
0
0
0
0
0
0
0
0
0
0
0
0
0
0
0
0
0
0
0
0
0
0
0
0
0
0
0
0
0
0
0
0
0
0
0
0
0
0
0
0
0
0
0
0
0
0
0
0
0
0
0
0
0
0
0
0
0
0
0
0
0
0
0
0
0
0
0
0
0
0
0
0
0
0
0
0
0
0
0
0
0
0
0
0
0
0
0
0
0
0
0
0
0
0
0
0
0
0
0
0
0
0
0
0
0
0
0
0
0
0
0
0
0
0
0
0
0
0
0
0
0
0
0
0
0
0
0
0
0
0
0
0
0
0
0
0
0
0
0
0
0
0
0
0
0
0
0
0
0
0
0
0
0
0
0
0
0
0
0
0
0
0
0
0
0
0
0
0
0
0
0
0
0
0
0
0
0
0
0
0
0
0
0
0
0
0
0
0
0
0
0
0
0
0
0
0
0
0
0
0
0
0
0
0
0
0
0
0
0
0
0
0
0
0
0
0
0
0
0
0
0
0
0
0
0
0
0
0
0
0
0
0
0
0
0
0
0
0
0
0
0
0
0
0
0
0
0
0
0
0
0
0
0
0
0
0
0
0
0
0
0
0
0
0
0
0
0
0
0
0
0
0
0
0
0
0
0
0
0
0
0
0
0
0
0
0
0
0
0
0
0
0
0
0
0
0
0
0
0
0
0
0
0
0
0
0
0
0
0
0
0
0
0
0
0
0
0
0
0
0
0
0
0
0
0
0
0
0
0
0
0
0
0
0
0
0
0
0
0
0
0
0
0
0
0
0
0
0
0
0
0
0
0
0
0
0
0
0
0
0
0
0
0
0
0
0
0
0
0
0
0
0
0
0
0
0
0
0
0
0
0
0
0
0
0
0
0
0
0
0
0
0
0
0
0
0
0
0
0
0
0
0
0
0
0
0
0
0
0
0
0
0
0
0
0
0
0
0
0
0
0
0
0
0
0
0
0
0
0
0
0
0
0
0
0
0
0
0
0
0
0
0
0
0
0
0
0
0
0
0
0
0
0
0
0
0
0
0
0
0
0
0
0
0
0
0
0
0
0
0
0
0
0
0
0
0
0
0
0
0
0
0
0
0
0
0
0
0
0
0
0
0
0
0
0
0
0
0
0
0
0
0
0
0
0
0
0
0
0
0
0
0
0
0
0
0
0
0
0
0
0
0
0
0
0
0
0
0
0
0
0
0
0
0
0
0
0
0
0
0
0
0
0
0
0
0
0
0
0
0
0
0
0
0
0
0
0
0
0
0
0
0
0
0
0
0
0
0
0
0
0
0
0
0
0
0
0
0
0
0
0
0
0
0
0
0
0
0
0
0
0
0
0
0
0
0
0
0
0
0
0
0
0
0
0
0
0
0
0
0
0
0
0
0
0
0
0
0
0
0
0
0
0
0
0
0
0
0
0
0
0
0
0
0
0
0
0
0
0
0
0
0
0
0
0
0
0
0
0
0
0
0
0
0
0
0
0
0
0
0
0
0
0
0
0
0
0
0
0
0
0
0
0
0
0
0
0
0
0
0
0
0
0
0
0
0
0
0
0
0
0
0
0
0
0
0
0
0
0
0
0
0
0
0
0
0
0
0
0
0
0
0
0
0
0
0
0
0
0
0
0
0
0
0
0
0
0
0
0
0
0
0
0
0
0
0
0
0
0
0
0
0
0
0
0
0
0
0
0
0
0
0
0
0
0
0
0
0
0
0
0
0
0
0
0
0
0
0
0
0
0
0
0
0
0
0
0
0
0
0
0
0
0
0
0
0
0
0
0
0
0
0
0
0
0
0
0
0
0
0
0
0
0
0
0
0
0
0
0
0
0
0
0
0
0
0
0
0
0
0
0
0
0
0
0
0
0
0
0
0
0
0
0
0
0
0
0
0
0
0
0
0
0
0
0
0
0
0
0
0
0
0
0
0
0
0
0
0
0
0
0
0
0
0
0
0
0
0
0
0
0
0
0
0
0
0
0
0
0
0
0
0
0
0
0
0
0
0
0
0
0
0
0
0
0
0
0
0
0
0
0
0
0
0
0
0
0
0
0
0
0
0
0
0
0
0
0
0
0
0
0
0
0
0
0
0
0
0
0
0
0
0
0
0
0
0
0
0
0
0
0
0
0
0
0
0
0
0
0
0
0
0
0
0
0
0
0
0
0
0
0
0
0
0
0
0
0
0
0
0
0
0
0
0
0
0
0
0
0
0
0
0
0
0
0
0
0
0
0
0
0
0
0
0
0
0
0
0
0
0
0
0
0
0
0
0
0
0
0
0
0
0
0
0
0
0
0
0
0
0
0
0
0
0
0
0
0
0
0
0
0
0
0
0
0
0
0
0
0
0
0
0
0
0
0
0
0
0
0
0
0
0
0
0
0
0
0
0
0
0
0
0
0
0
0
0
0
0
0
0
0
0
0
0
0
0
0
0
0
0
0
0
0
0
0
0
0
0
0
0
0
0
0
0
0
0
0
0
0
0
0
0
0
0
0
0
0
0
0
0
0
0
0
0
0
0
0
0
0
0
0
0
0
0
0
0
0
0
0
0
0
0
0
0
0
0
0
0
0
0
0
0
0
0
0
0
0
0
0
0
0
0
0
0
0
0
0
0
0
0
0
0
0
0
0
0
0
0
0
0
0
0
0
0
0
0
0
0
0
0
0
0
0
0
0
0
0
0
0
0
0
0
0
0
0
0
0
0
0
0
0
0
0
0
0
0
0
0
0
0
0
0
0
0
0
0
0
0
0
0
0
0
0
0
0
0
0
0
0
0
0
0
0
0
0
0
0
0
0
0
0
0
0
0
0
0
0
0
0
0
0
0
0
0
0
0
0
0
0
0
0
0
0
0
0
0
0
0
0
0
0
0
0
0
0
0
0
0
0
0
0
0
0
0
0
0
0
0
0
0
0
0
0
0
0
0
0
0
0
0
0
0
0
0
0
0
0
0
0
0
0
0
0
0
0
0
0
0
0
0
0
0
0
0
0
0
0
0
0
0
0
0
0
0
0
0
0
0
0
0
0
0
0
0
0
0
0
0
0
0
0
0
0
0
0
0
0
0
0
0
0
0
0
0
0
0
0
0
0
0
0
0
0
0
0
0
0
0
0
0
0
0
0
0
0
0
0
0
0
0
0
0
0
0
0
0
0
0
0
0
0
0
0
0
0
0
0
0
0
0
0
0
0
0
0
0
0
0
0
0
0
0
0
0
0
0
0
0
0
0
0
0
0
0
0
0
0
0
0
0
0
0
0
0
0
0
0
0
0
0
0
0
0
0
0
0
0
0
0
0
0
0
0
0
0
0
0
0
0
0
0
0
0
0
0
0
0
0
0
0
0
0
0
0
0
0
0
0
0
0
0
0
0
0
0
0
0
0
0
0
0
0
0
0
0
0
0
0
0
0
0
0
0
0
0
0
0
0
0
0
0
0
0
0
0
0
0
0
0
0
0
0
0
0
0
0
0
0
0
0
0
0
0
0
0
0
0
0
0
0
0
0
0
0
0
0
0
0
0
0
0
0
0
0
0
0
0
0
0
0
0
0
0
0
0
0
0
0
0
0
0
0
0
0
0
0
0
0
0
0
0
0
0
0
0
0
0
0
0
0
0
0
0
0
0
0
0
0
0
0
0
0
0
0
0
0
0
0
0
0
0
0
0
0
0
0
0
0
0
0
0
0
0
0
0
0
0
0
0
0
0
0
0
0
0
0
0
0
0
0
0
0
0
0
0
0
0
0
0
0
0
0
0
0
0
0
0
0
0
0
0
0
0
0
0
0
0
0
0
0
0
0
0
0
0
0
0
0
0
0
0
0
0
0
0
0
0
0
0
0
0
0
0
0
0
0
0
0
0
0
0
0
0
0
0
0
0
0
0
0
0
0
0
0
0
0
0
0
0
0
0
0
0
0
0
0
0
0
0
0
0
0
0
0
0
0
0
0
0
0
0
0
0
0
0
0
0
0
0
0
0
0
0
0
0
0
0
0
0
0
0
0
0
0
0
0
0
0
0
0
0
0
0
0
0
0
0
0
0
0
0
0
0
0
0
0
0
0
0
0
0
0
0
0
0
0
0
0
0
0
0
0
0
0
0
0
0
0
0
0
0
0
0
0
0
0
0
0
0
0
0
0
0
0
0
0
0
0
0
0
0
0
0
0
0
0
0
0
0
0
0
0
0
0
0
0
0
0
0
0
0
0
0
0
0
0
0
0
0
0
0
0
0
0
0
0
0
0
0
0
0
0
0
0
0
0
0
0
0
0
0
0
0
0
0
0
0
0
0
0
0
0
0
0
0
0
0
0
0
0
0
0
0
0
0
0
0
0
0
0
0
0
0
0
0
0
0
0
0
0
0
0
0
0
0
0
0
0
0
0
0
0
0
0
0
0
0
0
0
0
0
0
0
0
0
0
0
0
0
0
0
0
0
0
