-11
-79
-133
-153
-128
-60
26
90
157
194
113
-27
-123
-180
-182
-89
14
48
57
54
44
20
-18
-7
56
108
166
209
154
64
19
-2
-44
-55
10
105
174
133
47
10
14
31
23
8
51
125
105
-19
-148
-189
-160
-132
-80
12
61
50
30
2
-22
-27
-9
28
71
54
-48
-141
-137
-78
-53
-55
-48
-58
-83
-26
80
67
-46
-100
-57
-24
-64
-96
-42
24
51
60
34
-24
-63
-41
22
70
90
138
154
101
47
14
-42
-75
-11
50
24
-36
-53
-30
-1
51
108
105
64
56
63
75
90
61
11
-15
-16
3
43
90
103
81
71
60
50
2
0
82
146
141
95
88
46
-16
-39
-21
27
41
3
-61
-111
-142
-129
-96
-114
-116
-42
53
78
33
-10
-41
-28
-14
-20
-38
-36
-36
-88
-147
-223
-264
-238
-172
-94
-28
35
95
106
33
-82
-145
-141
-109
-71
-20
19
8
-17
-4
15
-33
-96
-77
-31
-20
-28
-71
-92
-68
-37
5
44
53
76
160
219
170
31
-76
-103
-99
-78
-8
40
-24
-86
-69
-54
-52
-29
10
37
75
143
171
131
23
-37
-30
-24
-20
7
-10
-72
-74
-80
-101
-125
-136
-94
-26
25
32
24
-14
-69
-72
-66
-64
-13
72
118
81
15
-73
-175
-230
-211
-105
18
39
0
-3
7
-25
-81
-114
-106
-65
-48
-38
-46
-105
-126
-98
-77
-78
-43
18
44
46
25
13
-4
-50
-103
-119
-65
48
112
64
-13
-65
-86
-54
12
55
77
69
44
-5
-81
-141
-147
-113
-63
34
106
85
34
44
80
69
51
66
79
78
63
65
46
-9
-64
-90
-74
-62
-23
52
75
30
28
59
26
-41
-57
-5
60
90
58
-18
-95
-132
-98
-45
6
48
81
101
59
7
-45
-67
-36
-5
9
-9
-42
-89
-99
-64
-60
-71
-51
5
47
71
94
77
27
-13
-7
-18
-64
-59
-5
20
22
34
25
-9
-21
35
114
130
114
115
87
-1
-87
-103
-77
-32
34
92
89
51
52
37
6
13
71
112
68
40
38
9
-49
-63
-15
36
29
38
65
71
58
47
42
-442
-651
576
2060
2104
1172
726
418
-644
-1637
-1661
-1150
-553
45
269
35
-119
132
404
317
290
773
1186
887
286
-111
-438
-771
-888
-666
96
1000
918
187
-39
-89
-489
-524
266
1112
1250
902
671
384
-454
-1213
-1170
-831
-474
85
262
-78
-131
220
497
520
348
239
277
115
-210
-489
-873
-1105
-849
-439
-207
-45
117
196
107
-316
-879
-1198
-1332
-1423
-1215
-136
1648
2340
1044
-357
-349
-32
-460
-411
1030
2307
1922
868
450
20
-1043
-1818
-1706
-1171
-473
200
427
203
56
298
563
507
466
701
784
510
184
-167
-613
-884
-770
-469
115
1054
1283
516
0
-124
-484
-622
3
864
1196
1011
773
414
-455
-1262
-1115
-593
-370
-37
249
101
76
346
405
256
132
156
290
154
-230
-449
-667
-932
-875
-586
-329
-74
127
93
-98
-407
-813
-1111
-1308
-1412
-1073
166
1798
2166
882
-254
-199
-126
-610
-301
1147
2037
1504
729
492
-21
-1096
-1760
-1599
-1087
-441
187
427
305
270
463
526
344
291
535
682
486
184
-100
-442
-755
-796
-595
-185
733
1415
841
14
-122
-308
-688
-443
471
1250
1349
923
409
-258
-1008
-1027
-473
-337
-329
69
270
160
153
131
125
213
206
212
198
0
-145
-317
-738
-920
-662
-418
-270
-133
-123
-194
-333
-646
-968
-1130
-1210
-1096
-421
966
2092
1580
161
-347
-153
-425
-605
365
1594
1642
887
515
377
-391
-1379
-1624
-1269
-777
-174
302
296
92
247
629
587
128
15
370
573
470
299
-20
-484
-741
-705
-629
-465
354
1373
1167
214
-150
-300
-618
-360
616
1359
1223
631
204
-276
-987
-1082
-455
-211
-313
13
289
15
-136
171
407
258
55
177
303
44
-206
-247
-509
-835
-736
-500
-543
-621
-403
-61
-16
-301
-616
-941
-1271
-1311
-759
524
1795
1758
667
-79
-240
-484
-691
-51
1203
1708
1096
523
483
120
-781
-1332
-1229
-901
-476
-38
87
57
368
812
716
181
-20
247
496
550
546
381
-78
-555
-758
-772
-797
-418
782
1595
1043
339
62
-395
-573
-18
690
967
766
528
356
-289
-949
-680
-246
-381
-311
58
142
147
304
370
281
122
66
185
93
-225
-274
-161
-191
-275
-497
-859
-984
-692
-221
73
9
-273
-521
-735
-1005
-1239
-1067
52
1560
1861
840
-100
-378
-529
-630
-27
1125
1658
1293
956
810
166
-796
-1297
-1217
-894
-523
-132
109
78
112
432
601
351
187
381
594
629
554
371
51
-333
-600
-691
-687
-521
-93
727
1435
1011
155
50
3
-336
-142
580
1161
1125
495
-37
-344
-778
-763
-268
-203
-158
406
641
300
45
-12
10
53
38
201
353
131
16
19
-376
-778
-800
-766
-721
-434
-16
181
7
-281
-426
-660
-1124
-1430
-1257
-298
1174
1706
820
-124
-312
-285
-355
-4
995
1764
1550
1016
714
85
-842
-1266
-1110
-842
-608
-344
-127
-144
-234
27
437
524
511
646
595
392
384
378
140
-165
-358
-461
-546
-551
-366
227
1005
1016
393
77
-112
-357
-137
488
929
805
299
28
-54
-386
-462
-54
68
-23
208
279
-115
-455
-461
-187
159
305
388
374
-38
-349
-215
-209
-387
-370
-283
-332
-525
-703
-626
-461
-440
-340
-315
-674
-1030
-1148
-1068
-421
617
986
575
239
231
237
102
177
718
1090
915
758
710
273
-378
-755
-872
-878
-808
-642
-460
-463
-448
24
566
554
317
319
437
499
480
369
227
88
-6
-18
-169
-514
-537
87
710
654
300
159
34
-231
-279
36
313
347
438
671
612
248
65
27
-201
-373
-195
-17
-126
-284
-280
-172
-95
-10
212
358
223
80
130
113
-97
-274
-354
-447
-523
-445
-326
-442
-722
-826
-730
-697
-725
-727
-732
-436
290
809
675
268
21
-14
17
46
222
560
744
731
812
837
522
86
-144
-227
-355
-532
-525
-349
-355
-461
-345
-147
-106
-108
-43
67
175
270
380
438
354
299
423
502
393
252
133
-25
-119
-75
-86
-254
-279
-22
120
-38
-166
-61
155
270
218
137
73
-26
-105
-133
-215
-260
-88
146
247
252
284
310
284
314
340
239
81
71
212
201
7
-47
102
210
155
-1
-146
-151
1
119
11
-210
-298
-283
-251
-267
-352
-368
-261
-128
-65
-89
-156
-112
88
210
127
0
-42
-37
-92
-185
-264
-295
-224
-81
75
87
-11
-51
4
79
132
172
161
210
331
331
179
79
171
286
257
159
99
89
92
109
93
-13
-90
-7
100
102
102
155
178
128
65
-20
-138
-220
-195
-97
-71
-104
-64
-5
-39
-124
-195
-285
-318
-211
-58
20
-18
-40
3
15
-14
-4
4
-66
-139
-168
-198
-254
-233
-138
-77
-75
-71
-32
-2
10
6
9
29
34
38
92
166
146
45
-28
-70
-55
-17
20
94
148
124
77
76
34
-61
-115
-139
-102
-7
17
-37
-65
-37
-35
-89
-157
-140
-24
79
125
50
-85
-121
-84
-105
-183
-196
-149
-64
68
168
172
57
-54
-61
-67
-117
-117
-27
43
-10
-108
-157
-170
-129
-26
50
60
38
10
-38
-66
-32
27
76
92
80
24
-101
-191
-165
-115
-135
-132
-44
40
72
14
-132
-247
-193
-55
-20
-82
-98
-17
44
12
-57
-118
-151
-142
-87
-1
71
134
192
153
17
-97
-164
-191
-128
-13
43
55
57
48
32
-8
-19
34
93
144
203
182
91
28
6
-29
-61
-17
73
160
159
71
17
10
27
29
10
28
105
126
29
-112
-188
-172
-141
-103
-18
53
56
37
12
-16
-28
-17
14
60
71
-9
-119
-150
-97
-57
-54
-51
-51
-78
-57
50
89
-7
-96
-76
-27
-46
-94
-67
7
45
60
47
-4
-55
-55
0
59
83
120
157
122
62
26
-20
-74
-40
39
41
-17
-54
-39
-11
30
93
114
76
54
61
69
89
76
27
-10
-17
-6
28
76
105
88
73
63
56
20
-12
52
131
152
108
89
67
1
-36
-33
12
43
21
-40
-97
-135
-140
-102
-103
-124
-73
25
81
50
3
-35
-37
-16
-17
-31
-40
-29
-68
-126
-197
-258
-252
-197
-119
-49
14
77
111
66
-45
-133
-147
-120
-84
-38
11
17
-12
-13
13
-10
-81
-93
-43
-21
-22
-55
-92
-78
-48
-10
34
53
61
129
209
200
80
-50
-100
-101
-89
-35
36
6
-75
-80
-56
-55
-40
-4
30
57
122
169
154
61
-28
-35
-24
-23
-3
7
-56
-78
-74
-94
-116
-138
-113
-48
13
34
27
4
-54
-76
-65
-68
-36
44
113
100
38
-40
-144
-219
-227
-148
-15
45
11
-7
7
-9
-64
-107
-114
-78
-50
-43
-36
-85
-127
-109
-81
-78
-61
0
39
48
33
16
5
-32
-87
-120
-92
9
104
88
11
-51
-84
-71
-9
44
72
75
53
15
-55
-125
-152
-125
-84
-1
93
101
47
34
72
78
53
60
76
81
68
63
58
10
-47
-87
-80
-66
-43
28
78
46
20
53
45
-21
-60
-27
40
86
76
9
-71
-128
-115
-62
-11
37
70
100
78
23
-27
-67
-48
-14
8
0
-30
-73
-103
-75
-57
-69
-63
-15
37
63
89
87
44
-4
-12
-8
-51
-70
-23
17
20
30
31
4
-24
9
92
132
118
114
104
33
-65
-106
-88
-50
11
77
99
61
49
47
14
5
47
109
87
43
40
23
-29
-68
-34
23
37
30
58
74
58
57
38
14
-7
-16
-32
-65
-63
8
55
19
15
38
46
47
31
32
44
53
30
-19
-70
-111
-83
-43
-26
-4
11
11
2
-33
-68
-46
13
43
25
0
5
8
18
-5
-54
-52
5
47
-1
-72
-91
-47
37
97
95
84
91
121
141
113
13
-72
-33
43
73
43
-20
-36
6
43
17
-69
-101
-45
27
62
68
93
97
43
-31
-82
-88
-40
6
14
-12
-49
-56
-34
-5
-23
-62
-61
-18
51
78
1
-82
-65
-9
13
-4
-11
-18
-20
-33
-70
-81
-85
-44
7
-2
-29
2
60
41
-22
-78
-99
-78
-44
-8
-1
17
43
31
20
55
110
104
60
26
-21
-81
-115
-101
-53
-9
12
23
40
50
30
-5
6
52
106
133
80
6
-10
-1
-43
-96
-93
-41
26
46
22
-25
-37
40
100
105
80
41
23
23
-11
-89
-135
-122
-58
13
70
98
115
106
60
38
-9
-60
-28
60
106
94
36
-24
-33
-47
-80
-109
-108
-55
29
69
38
16
21
21
26
31
10
-40
-71
-81
-89
-105
-97
-27
25
47
65
74
77
41
-17
-54
-59
-37
-6
5
-25
-52
-48
-37
-54
-70
-47
49
167
190
159
115
86
61
20
-8
-8
36
70
73
54
38
33
29
43
69
84
81
81
75
31
-22
-50
-54
-57
-12
73
114
124
132
108
47
-13
-47
-30
31
74
75
83
79
44
3
-26
-48
-27
44
77
54
11
3
7
-31
-60
-40
-13
15
35
28
19
-1
-23
-9
31
50
67
85
72
16
-17
-23
-54
-70
-51
-6
35
98
135
83
-3
-41
-27
-11
3
24
52
48
27
8
-16
-41
-24
38
64
59
68
88
89
61
6
-27
-10
20
36
19
-17
-37
-30
-34
-66
-55
23
98
118
102
85
38
-27
-77
-94
-64
-44
-38
-1
47
52
11
-34
-23
22
55
86
80
42
16
-1
-44
-112
-136
-99
-71
-54
-31
-29
-18
-16
-24
-13
-2
30
68
65
16
-33
-75
-124
-138
-107
-60
-20
24
63
69
53
20
7
15
10
20
33
24
-1
-25
-43
-56
-56
-33
0
6
16
50
66
40
14
17
34
26
9
21
17
-24
-53
-71
-93
-68
19
96
122
127
99
40
-5
-24
-19
-16
3
45
43
8
-16
-31
-52
-38
28
68
63
51
41
35
12
-37
-71
-71
-63
-48
-36
-38
-47
-38
-13
-38
-73
-43
10
41
50
36
3
-38
-73
-99
-122
-101
-32
20
27
4
1
-2
-16
-11
-5
6
32
50
16
-33
-63
-77
-79
-66
-34
-1
34
46
51
47
33
29
27
48
48
25
15
4
-5
-24
-61
-67
-35
6
35
64
85
77
48
15
-4
17
55
57
18
-15
8
37
24
-3
-16
-7
13
63
90
65
33
1
-9
-14
-29
-42
-39
-22
-3
6
2
-4
-8
14
42
20
-11
-17
-5
13
17
6
-13
-26
-14
13
18
24
38
46
46
37
22
28
43
34
7
-30
-33
-24
-34
-35
-34
-24
14
51
58
40
44
65
67
63
56
50
50
51
23
-11
-32
-28
10
30
13
-16
-18
-5
-4
9
20
6
1
18
44
43
14
4
-2
-3
-9
-34
-52
-45
-33
-34
-37
-44
-27
-13
-29
-40
-40
-31
-23
-14
-2
-8
-31
-47
-41
-39
-60
-63
-56
-64
-62
-49
-46
-36
-6
7
-4
-13
-5
2
0
-7
-7
-8
4
35
28
-3
-11
0
11
-5
-25
-22
6
23
17
2
-11
11
46
59
41
25
30
34
33
21
15
7
-7
10
34
34
12
9
24
15
-1
-14
-13
20
39
24
36
70
66
40
2
-29
-41
-23
2
19
29
7
-17
-24
-15
-17
-11
0
-3
-3
4
13
15
1
-23
-9
27
39
23
-9
-31
-56
-56
-51
-58
-9
36
7
-5
33
29
-10
0
51
110
94
32
73
131
93
38
-20
-68
-65
-46
-27
-55
-92
-75
-41
-14
-23
-44
-33
-28
-10
11
-1
9
26
36
30
23
10
14
26
-3
-30
-28
-56
-19
47
16
-6
-33
-48
-35
-27
-7
21
-16
-61
-61
-39
2
24
28
29
12
14
12
-41
-46
-4
54
94
57
33
32
-22
-55
-15
57
110
110
62
-18
-78
-87
-54
-10
23
43
27
-4
-38
-73
-55
-4
60
98
77
57
38
20
35
60
49
11
-10
-16
-25
-32
-41
-53
-37
-27
-53
-102
-133
-102
-38
1
-5
-24
-48
-77
-78
-71
-73
-64
-41
-37
-80
-137
-143
-121
-125
-134
-149
-167
-186
-205
-198
-202
-211
-191
-186
-202
-215
-210
-195
-190
-186
-170
-164
-152
-98
-28
37
60
92
128
184
238
280
329
301
323
342
322
331
332
320
310
273
220
159
120
98
57
46
7
-15
-10
-23
-34
-39
-47
-51
-44
-37
-57
-55
-9
8
15
8
0
0
-5
-2
-5
-2
-17
-39
-68
-112
-168
-184
-182
-207
-225
-272
-310
-337
-357
-373
-397
-414
-453
-480
-459
-393
-329
-300
-253
-159
-143
-195
-103
124
289
313
322
381
427
467
550
650
693
638
545
508
481
409
331
297
238
137
51
-23
-78
-151
-224
-261
-270
-274
-273
-232
-210
-204
-188
-146
-73
-12
120
358
474
306
175
314
472
526
564
572
525
439
348
355
403
306
118
-10
-99
-174
-186
-183
-249
-358
-436
-421
-345
-315
-316
-283
-242
-229
-195
-116
-88
-131
-179
-194
-178
-194
-238
-267
-295
-298
-244
-184
-222
-368
-502
-463
-248
-91
-87
-104
-43
61
172
308
443
532
553
541
558
571
548
516
473
391
297
226
176
102
4
-84
-145
-200
-269
-286
-281
-304
-338
-330
-283
-227
-175
-133
-93
-42
35
131
331
579
486
181
226
520
625
589
569
513
415
289
231
318
347
157
-52
-139
-207
-206
-125
-203
-431
-544
-472
-295
-197
-241
-285
-265
-237
-193
-99
-61
-123
-156
-137
-152
-176
-205
-243
-306
-407
-412
-287
-180
-230
-374
-496
-498
-317
-118
-87
-131
-50
107
218
316
445
555
572
496
458
540
615
579
486
370
226
166
186
154
11
-154
-232
-259
-275
-297
-340
-404
-449
-426
-339
-259
-227
-208
-175
-145
-97
-18
122
408
492
171
61
404
625
521
444
429
381
348
306
336
373
208
-24
-93
-95
-116
-60
-72
-301
-471
-403
-234
-156
-247
-350
-328
-247
-174
-112
-110
-175
-169
-93
-98
-157
-193
-204
-232
-319
-403
-335
-163
-146
-303
-431
-458
-365
-157
-10
-33
-82
14
178
293
379
482
587
593
532
565
673
693
594
480
390
350
374
348
181
-34
-122
-101
-105
-169
-261
-326
-349
-346
-322
-266
-229
-217
-185
-152
-138
-77
43
102
213
457
416
100
200
591
592
373
352
423
448
384
298
344
342
140
-8
3
2
2
34
-115
-379
-420
-230
-74
-160
-350
-374
-249
-133
-83
-74
-135
-203
-154
-86
-95
-124
-147
-183
-255
-353
-414
-339
-196
-272
-481
-483
-348
-309
-283
-176
-109
-68
34
155
239
306
427
552
547
443
436
572
655
574
446
359
317
327
298
162
-37
-143
-124
-105
-147
-219
-265
-325
-377
-357
-308
-289
-265
-218
-184
-122
-1
82
101
101
163
454
595
209
20
449
698
442
286
360
396
360
298
298
266
109
8
26
-28
-126
-116
-162
-360
-399
-204
-71
-169
-362
-373
-231
-128
-89
-104
-182
-240
-152
-43
-100
-245
-333
-346
-335
-342
-394
-443
-383
-285
-342
-437
-384
-323
-361
-342
-198
-79
-33
27
85
129
262
480
588
493
380
451
616
612
444
322
280
288
288
210
63
-78
-120
-101
-122
-217
-307
-322
-312
-302
-293
-274
-266
-258
-218
-163
-83
-5
26
34
153
397
396
85
82
408
481
335
286
318
298
208
201
299
279
119
-7
-36
-37
6
20
-155
-356
-356
-191
-85
-209
-393
-356
-208
-165
-186
-241
-298
-230
-95
-80
-165
-178
-151
-206
-259
-297
-333
-343
-397
-441
-355
-247
-305
-410
-429
-420
-299
-76
36
-43
-100
54
310
469
472
439
428
461
585
685
630
481
404
399
389
359
292
186
53
-37
-52
-57
-109
-202
-282
-322
-301
-223
-174
-201
-245
-224
-138
-60
-10
-14
-39
-11
68
266
429
195
-68
202
527
409
207
228
319
317
257
259
271
149
26
51
63
-10
-38
-77
-241
-312
-143
-9
-103
-299
-332
-165
-55
-91
-166
-238
-260
-175
-42
-52
-179
-224
-189
-182
-232
-265
-281
-358
-443
-382
-208
-165
-323
-453
-446
-348
-169
-28
-42
-128
-71
169
373
410
377
385
404
454
599
667
533
371
350
412
445
397
267
120
32
46
78
9
-135
-241
-258
-249
-232
-209
-232
-284
-284
-198
-118
-103
-116
-112
-73
56
320
340
13
-42
295
470
340
256
307
352
304
288
381
330
132
65
103
73
46
40
-108
-313
-340
-172
-54
-197
-406
-407
-281
-179
-132
-200
-297
-272
-149
-67
-90
-162
-227
-216
-198
-217
-221
-278
-391
-451
-346
-136
-114
-342
-544
-490
-245
-69
-71
-172
-195
-57
123
254
349
387
340
321
434
572
604
498
362
314
352
399
375
247
50
-58
-23
32
-34
-199
-317
-339
-302
-262
-271
-352
-404
-365
-293
-245
-209
-183
-174
-128
-35
187
320
44
-136
175
465
373
175
197
320
297
259
358
350
177
88
132
122
70
87
8
-229
-322
-136
-6
-139
-349
-397
-286
-166
-105
-159
-273
-272
-128
-18
-63
-152
-200
-187
-136
-151
-194
-207
-257
-346
-412
-381
-242
-118
-200
-492
-627
-370
-44
-64
-318
-334
-75
122
165
200
283
334
350
414
515
561
526
446
400
384
424
457
317
62
-64
12
82
-11
-205
-316
-314
-269
-236
-290
-358
-375
-334
-262
-227
-218
-215
-175
-98
-55
94
316
219
-37
74
394
461
311
280
363
313
269
386
429
255
95
123
157
108
91
43
-147
-227
-53
67
-71
-293
-329
-203
-98
-63
-116
-214
-225
-89
57
22
-93
-108
-58
-47
-65
-61
-94
-180
-244
-284
-333
-354
-307
-211
-174
-357
-582
-432
-47
-17
-311
-300
63
228
128
151
335
415
395
441
497
483
509
570
485
337
363
478
388
140
25
75
84
-20
-133
-224
-281
-264
-221
-272
-378
-351
-230
-182
-197
-197
-125
-55
-3
111
151
88
150
312
268
148
265
465
439
247
206
335
422
392
298
167
74
147
246
111
-138
-189
-82
-54
-136
-220
-233
-188
-142
-109
-113
-134
-125
-97
-69
-74
-81
-73
-111
-155
-157
-106
-102
-199
-284
-313
-320
-303
-324
-438
-509
-373
-155
-225
-514
-507
-176
-51
-223
-217
29
115
33
128
334
386
362
375
378
360
426
512
382
116
65
223
243
53
-110
-138
-133
-146
-151
-206
-318
-353
-275
-185
-182
-178
-129
-99
-57
12
53
67
96
126
211
295
196
102
207
260
154
101
149
139
40
7
85
110
27
-30
1
26
50
111
72
-51
-56
66
136
81
9
46
112
116
87
45
16
7
-2
-62
-154
-184
-173
-206
-289
-368
-389
-364
-393
-450
-467
-450
-411
-409
-457
-465
-363
-197
-106
-230
-398
-231
115
142
-54
-58
118
230
227
256
298
237
201
285
339
255
182
188
103
7
64
145
50
-100
-79
34
78
45
24
11
13
82
141
135
115
118
140
142
157
169
133
74
26
114
230
92
-54
31
112
46
-10
45
53
-23
-11
133
192
93
70
161
202
214
264
242
146
140
240
262
147
36
67
133
90
34
23
6
-30
-32
-26
-69
-100
-90
-87
-112
-133
-122
-123
-154
-173
-158
-118
-91
-83
-101
-156
-174
-123
-91
-152
-231
-167
-40
-88
-197
-174
-97
-101
-112
-66
-64
-77
-28
50
79
55
61
97
111
118
176
207
129
73
126
205
198
112
91
152
185
190
185
141
74
67
123
147
120
104
137
152
102
105
169
154
79
83
117
96
60
95
132
71
18
43
76
37
8
14
-13
-34
5
68
41
-28
-7
47
39
13
3
-6
1
8
12
16
-10
-41
-23
8
-23
-74
-72
-55
-81
-112
-96
-66
-73
-99
-104
-101
-105
-124
-136
-128
-153
-177
-143
-122
-162
-224
-227
-192
-163
-165
-201
-246
-254
-191
-152
-180
-199
-176
-156
-132
-104
-112
-94
-31
-13
-22
-8
24
52
48
24
30
84
122
114
102
105
135
171
167
143
150
156
156
167
157
145
199
247
171
104
163
229
195
108
104
154
144
94
77
78
53
67
94
57
4
14
56
50
15
4
17
39
43
38
33
2
4
37
46
22
10
24
40
33
-1
-15
-11
-18
-42
-63
-37
1
-19
-50
-25
-10
-27
-27
-31
-51
-64
-56
-40
-54
-78
-64
-40
-58
-88
-79
-64
-89
-135
-134
-112
-127
-137
-123
-123
-145
-138
-115
-122
-122
-99
-121
-161
-137
-75
-57
-82
-87
-63
-12
18
26
31
25
37
78
112
114
127
164
198
196
180
182
183
191
179
156
147
161
178
147
114
126
137
128
122
121
130
155
166
129
76
70
93
101
76
54
66
72
51
48
67
68
65
51
40
57
93
102
55
2
12
59
74
39
-14
-16
37
85
48
-17
-4
43
55
29
20
16
7
22
41
11
-51
-48
-3
-18
-48
-50
-51
-53
-67
-80
-77
-87
-100
-99
-95
-109
-125
-123
-113
-136
-139
-66
-44
-87
-112
-111
-101
-95
-98
-107
-110
-117
-96
-60
-74
-112
-113
-86
-62
-40
-29
-36
-57
-71
-41
4
-6
-26
-13
1
20
41
61
29
-7
40
99
91
54
78
133
164
173
168
172
170
178
204
220
221
211
212
196
157
153
156
122
85
96
131
108
72
53
32
22
21
40
22
-17
-22
11
26
-2
-33
-35
-2
10
1
-20
-16
9
4
-20
-34
-32
-21
-11
-38
-64
-68
-62
-57
-68
-88
-123
-114
-55
-49
-100
-117
-86
-72
-86
-96
-87
-95
-115
-97
-64
-74
-102
-91
-51
-45
-84
-93
-69
-75
-115
-129
-112
-115
-127
-122
-118
-123
-112
-77
-60
-78
-84
-61
-17
1
-21
-13
21
51
54
55
59
50
59
89
105
90
86
100
106
109
114
124
124
120
116
119
121
126
131
112
109
124
141
153
114
85
91
108
133
132
109
84
81
106
109
78
53
40
43
47
43
31
23
33
51
42
12
20
36
28
0
-14
-7
10
17
-14
-33
-18
5
13
-2
-22
-31
-7
16
9
-2
-17
-25
-30
-37
-38
-41
-50
-61
-77
-77
-51
-51
-66
-84
-93
-86
-77
-63
-67
-81
-78
-74
-86
-84
-61
-47
-47
-53
-40
-25
-18
-15
-22
-13
-2
21
47
44
34
32
31
23
12
9
17
17
21
16
5
12
23
39
37
28
48
79
71
47
68
80
66
48
47
60
60
54
49
33
12
6
11
21
8
-7
-3
5
13
6
-8
-13
-14
-13
-20
-27
-24
-26
-38
-51
-60
-53
-29
-27
-68
-86
-58
-43
-42
-70
-97
-93
-86
-87
-105
-107
-94
-89
-89
-85
-67
-58
-71
-71
-67
-63
-39
-18
-20
-46
-51
-40
-43
-41
-44
-40
-43
-34
-13
-29
-43
-13
14
10
8
11
22
30
23
12
-5
-21
-13
12
27
16
-3
14
22
18
45
58
27
4
30
75
78
53
54
52
53
59
59
64
80
77
67
73
56
47
65
73
57
50
53
63
69
40
21
23
26
33
36
36
23
20
20
9
14
21
29
10
-20
-10
19
15
-33
-55
-46
-40
-44
-65
-78
-66
-47
-49
-54
-52
-47
-29
-30
-59
-67
-50
-43
-48
-42
-28
-28
-38
-38
-23
-13
-12
-16
-31
-44
-37
-16
-14
-46
-75
-70
-45
-38
-55
-77
-76
-63
-61
-59
-61
-53
-33
-24
-38
-55
-44
-35
-45
-51
-46
-44
-42
-30
-42
-62
-47
-28
-32
-43
-44
-45
-23
3
2
-11
-11
0
0
4
11
2
-5
4
-11
-24
-13
0
8
7
8
17
25
19
8
-7
-9
8
17
22
9
-14
-19
-11
-9
-16
-27
-21
-10
-15
-7
-3
-27
-41
-29
-3
18
22
-4
-33
-27
-8
0
-4
-11
-24
-22
3
12
-4
-33
-41
-17
2
-13
-42
-53
-47
-44
-42
-31
-43
-67
-76
-85
-76
-59
-44
-43
-43
-47
-64
-58
-55
-63
-57
-35
-28
-38
-52
-62
-56
-50
-54
-58
-54
-51
-46
-51
-63
-54
-30
-33
-42
-42
-49
-50
-48
-36
-25
-10
-2
-1
3
-1
5
20
26
27
28
21
9
-11
-14
-3
13
24
14
7
8
11
10
10
11
13
25
31
27
21
25
27
35
44
51
61
75
76
64
58
50
61
71
48
31
37
46
38
19
14
22
23
21
14
5
2
-1
6
-4
-29
-30
-25
-26
-26
-30
-23
-15
-10
-4
-19
-27
-25
-19
-21
-30
-37
-31
-13
-22
-27
-29
-38
-37
-33
-27
-41
-51
-35
-25
-27
-18
-13
-15
-20
-13
1
-7
-16
-13
-10
-16
-14
-8
-11
-5
7
6
-10
-17
-10
-3
-2
-8
-8
3
-3
-9
-10
-3
11
16
24
16
-6
4
16
12
19
25
38
51
47
40
57
78
73
61
54
57
65
68
58
41
38
48
54
48
45
51
48
35
26
20
16
15
11
-3
-9
-5
4
10
5
-2
-2
12
19
0
-13
-15
-18
-7
-5
-6
-4
1
7
-6
-15
-13
-10
-14
-16
-18
-20
-17
-19
-13
-9
-16
-13
-2
10
11
17
17
8
-1
-6
-9
-15
-6
3
-5
-16
-18
-8
-4
-15
-15
6
12
13
15
2
-6
-8
-14
-9
-8
-9
1
8
1
8
22
0
0
0
0
0
0
0
0
0
0
0
0
0
0
0
0
0
0
0
0
0
0
0
0
0
0
0
0
0
0
0
0
0
0
0
0
0
0
0
0
0
0
0
0
0
0
0
0
0
0
0
0
0
0
0
0
0
0
0
0
0
0
0
0
0
0
0
0
0
0
0
0
0
0
0
0
0
0
0
0
0
0
0
0
0
0
0
0
0
0
0
0
0
0
0
0
0
0
0
0
0
0
0
0
0
0
0
0
0
0
0
0
0
0
0
0
0
0
0
0
0
0
0
0
0
0
0
0
0
0
0
0
0
0
0
0
0
0
0
0
0
0
0
0
0
0
0
0
0
0
0
0
0
0
0
0
0
0
0
0
0
0
0
0
0
0
0
0
0
0
0
0
0
0
0
0
0
0
0
0
0
0
0
0
0
0
0
0
0
0
0
0
0
0
0
0
0
0
0
0
0
0
0
0
0
0
0
0
0
0
0
0
0
0
0
0
0
0
0
0
0
0
0
0
0
0
0
0
0
0
0
0
0
0
0
0
0
0
0
0
0
0
0
0
0
0
0
0
0
0
0
0
0
0
0
0
0
0
0
0
0
0
0
0
0
0
0
0
0
0
0
0
0
0
0
0
0
0
0
0
0
0
0
0
0
0
0
0
0
0
0
0
0
0
0
0
0
0
0
0
0
0
0
0
0
0
0
0
0
0
0
0
0
0
0
0
0
0
0
0
0
0
0
0
0
0
0
0
0
0
0
0
0
0
0
0
0
0
0
0
0
0
0
0
0
0
0
0
0
0
0
0
0
0
0
0
0
0
0
0
0
0
0
0
0
0
0
0
0
0
0
0
0
0
0
0
0
0
0
0
0
0
0
0
0
0
0
0
0
0
0
0
0
0
0
0
0
0
0
0
0
0
0
0
0
0
0
0
0
0
0
0
0
0
0
0
0
0
0
0
0
0
0
0
0
0
0
0
0
0
0
0
0
0
0
0
0
0
0
0
0
0
0
0
0
0
0
0
0
0
0
0
0
0
0
0
0
0
0
0
0
0
0
0
0
0
0
0
0
0
0
0
0
0
0
0
0
0
0
0
0
0
0
0
0
0
0
0
0
0
0
0
0
0
0
0
0
0
0
0
0
0
0
0
0
0
0
0
0
0
0
0
0
0
0
0
0
0
0
0
0
0
0
0
0
0
0
0
0
0
0
0
0
0
0
0
0
0
0
0
0
0
0
0
0
0
0
0
0
0
0
0
0
0
0
0
0
0
0
0
0
0
0
0
0
0
0
0
0
0
0
0
0
0
0
0
0
0
0
0
0
0
0
0
0
0
0
0
0
0
0
0
0
0
0
0
0
0
0
0
0
0
0
0
0
0
0
0
0
0
0
0
0
0
0
0
0
0
0
0
0
0
0
0
0
0
0
0
0
0
0
0
0
0
0
0
0
0
0
0
0
0
0
0
0
0
0
0
0
0
0
0
0
0
0
0
0
0
0
0
0
0
0
0
0
0
0
0
0
0
0
0
0
0
0
0
0
0
0
0
0
0
0
0
0
0
0
0
0
0
0
0
0
0
0
0
0
0
0
0
0
0
0
0
0
0
0
0
0
0
0
0
0
0
0
0
0
0
0
0
0
0
0
0
0
0
0
0
0
0
0
0
0
0
0
0
0
0
0
0
0
0
0
0
0
0
0
0
0
0
0
0
0
0
0
0
0
0
0
0
0
0
0
0
0
0
0
0
0
0
0
0
0
0
0
0
0
0
0
0
0
0
0
0
0
0
0
0
0
0
0
0
0
0
0
0
0
0
0
0
0
0
0
0
0
0
0
0
0
0
0
0
0
0
0
0
0
0
0
0
0
0
0
0
0
0
0
0
0
0
0
0
0
0
0
0
0
0
0
0
0
0
0
0
0
0
0
0
0
0
0
0
0
0
0
0
0
0
0
0
0
0
0
0
0
0
0
0
0
0
0
0
0
0
0
0
0
0
0
0
0
0
0
0
0
0
0
0
0
0
0
0
0
0
0
0
0
0
0
0
0
0
0
0
0
0
0
0
0
0
0
0
0
0
0
0
0
0
0
0
0
0
0
0
0
0
0
0
0
0
0
0
0
0
0
0
0
0
0
0
0
0
0
0
0
0
0
0
0
0
0
0
0
0
0
0
0
0
0
0
0
0
0
0
0
0
0
0
0
0
0
0
0
0
0
0
0
0
0
0
0
0
0
0
0
0
0
0
0
0
0
0
0
0
0
0
0
0
0
0
0
0
0
0
0
0
0
0
0
0
0
0
0
0
0
0
0
0
0
0
0
0
0
0
0
0
0
0
0
0
0
0
0
0
0
0
0
0
0
0
0
0
0
0
0
0
0
0
0
0
0
0
0
0
0
0
0
0
0
0
0
0
0
0
0
0
0
0
0
0
0
0
0
0
0
0
0
0
0
0
0
0
0
0
0
0
0
0
0
0
0
0
0
0
0
0
0
0
0
0
0
0
0
0
0
0
0
0
0
0
0
0
0
0
0
0
0
0
0
0
0
0
0
0
0
0
0
0
0
0
0
0
0
0
0
0
0
0
0
0
0
0
0
0
0
0
0
0
0
0
0
0
0
0
0
0
0
0
0
0
0
0
0
0
0
0
0
0
0
0
0
0
0
0
0
0
0
0
0
0
0
0
0
0
0
0
0
0
0
0
0
0
0
0
0
0
0
0
0
0
0
0
0
0
0
0
0
0
0
0
0
0
0
0
0
0
0
0
0
0
0
0
0
0
0
0
0
0
0
0
0
0
0
0
0
0
0
0
0
0
0
0
0
0
0
0
0
0
0
0
0
0
0
0
0
0
0
0
0
0
0
0
0
0
0
0
0
0
0
0
0
0
0
0
0
0
0
0
0
0
0
0
0
0
0
0
0
0
0
0
0
0
0
0
0
0
0
0
0
0
0
0
0
0
0
0
0
0
0
0
0
0
0
0
0
0
0
0
0
0
0
0
0
0
0
0
0
0
0
0
0
0
0
0
0
0
0
0
0
0
0
0
0
0
0
0
0
0
0
0
0
0
0
0
0
0
0
0
0
0
0
0
0
0
0
0
0
0
0
0
0
0
0
0
0
0
0
0
0
0
0
0
0
0
0
0
0
0
0
0
0
0
0
0
0
0
0
0
0
0
0
0
0
0
0
0
0
0
0
0
0
0
0
0
0
0
0
0
0
0
0
0
0
0
0
0
0
0
0
0
0
0
0
0
0
0
0
0
0
0
0
0
0
0
0
0
0
0
0
0
0
0
0
0
0
0
0
0
0
0
0
0
0
0
0
0
0
0
0
0
0
0
0
0
0
0
0
0
0
0
0
0
0
0
0
0
0
0
0
0
0
0
0
0
0
0
0
0
0
0
0
0
0
0
0
0
0
0
0
0
0
0
0
0
0
0
0
0
0
0
0
0
0
0
0
0
0
0
0
0
0
0
0
0
0
0
0
0
0
0
0
0
0
0
0
0
0
0
0
0
0
0
0
0
0
0
0
0
0
0
0
0
0
0
0
0
0
0
0
0
0
0
0
0
0
0
0
0
0
0
0
0
0
0
0
0
0
0
0
0
0
0
0
0
0
0
0
0
0
0
0
0
0
0
0
0
0
0
0
0
0
0
0
0
0
0
0
0
0
0
0
0
0
0
0
0
0
0
0
0
0
0
0
0
0
0
0
0
0
0
0
0
0
0
0
0
0
0
0
0
0
0
0
0
0
0
0
0
0
0
0
0
0
0
0
0
0
0
0
0
0
0
0
0
0
0
0
0
0
0
0
0
0
0
0
0
0
0
0
0
0
0
0
0
0
0
0
0
0
0
0
0
0
0
0
0
0
0
0
0
0
0
0
0
0
0
0
0
0
0
0
0
0
0
0
0
0
0
0
0
0
0
0
0
0
0
0
0
0
0
0
0
0
0
0
0
0
0
0
0
0
0
0
0
0
0
0
0
0
0
0
0
0
0
0
0
0
0
0
0
0
0
0
0
0
0
0
0
0
0
0
0
0
0
0
0
0
0
0
0
0
0
0
0
0
0
0
0
0
0
0
0
0
0
0
0
0
0
0
0
0
0
0
0
0
0
0
0
0
0
0
0
0
0
0
0
0
0
0
0
0
0
0
0
0
0
0
0
0
0
0
0
0
0
0
0
0
0
0
0
0
0
0
0
0
0
0
0
0
0
0
0
0
0
0
0
0
0
0
0
0
0
0
0
0
0
0
0
0
0
0
0
0
0
0
0
0
0
0
0
0
0
0
0
0
0
0
0
0
0
0
0
0
0
0
0
0
0
0
0
0
0
0
0
0
0
0
0
0
0
0
0
0
0
0
0
0
0
0
0
0
0
0
0
0
0
0
0
0
0
0
0
0
0
0
0
0
0
0
0
0
0
0
0
0
0
0
0
0
0
0
0
0
0
0
0
0
0
0
0
0
0
0
0
0
0
0
0
0
0
0
0
0
0
0
0
0
0
0
0
0
0
0
0
0
0
0
0
0
0
0
0
0
0
0
0
0
0
0
0
0
0
0
0
0
0
0
0
0
0
0
0
0
0
0
0
0
0
0
0
0
0
0
0
0
0
0
0
0
0
0
0
0
0
0
0
0
0
0
0
0
0
0
0
0
0
0
0
0
0
0
0
0
0
0
0
0
0
0
0
0
0
0
0
0
0
0
0
0
0
0
0
0
0
0
0
0
0
0
0
0
0
0
0
0
0
0
0
0
0
0
0
0
0
0
0
0
0
0
0
0
0
0
0
0
0
0
0
0
0
0
0
0
0
0
0
0
0
0
0
0
0
0
0
0
0
0
0
0
0
0
0
0
0
0
0
0
0
0
0
0
0
0
0
0
0
0
0
0
0
0
0
0
0
0
0
0
0
0
0
0
0
0
0
0
0
0
0
0
0
0
0
0
0
0
0
0
0
0
0
0
0
0
0
0
0
0
0
0
0
0
0
0
0
0
0
0
0
0
0
0
0
0
0
0
0
0
0
0
0
0
0
0
0
0
0
0
0
0
0
0
0
0
0
0
0
0
0
0
0
0
0
0
0
0
0
0
0
0
0
0
0
0
0
0
0
0
0
0
0
0
0
0
0
0
0
0
0
0
0
0
0
0
0
0
0
0
0
0
0
0
0
0
0
0
0
0
0
0
0
0
0
0
0
0
0
0
0
0
0
0
0
0
0
0
0
0
0
0
0
0
0
0
0
0
0
0
0
0
0
0
0
0
0
0
0
0
0
0
0
0
0
0
0
0
0
0
0
0
0
0
0
0
0
0
0
0
0
0
0
0
0
0
0
0
0
0
0
0
0
0
0
0
0
0
0
0
0
0
0
0
0
0
0
0
0
0
0
0
0
0
0
0
0
0
0
0
0
0
0
0
0
0
0
0
0
0
0
0
0
0
0
0
0
0
0
0
0
0
0
0
0
0
0
0
0
0
0
0
0
0
0
0
0
0
0
0
0
0
0
0
0
0
0
0
0
0
0
0
0
0
0
0
0
0
0
0
0
0
0
0
0
0
0
0
0
0
0
0
0
0
0
0
0
0
0
0
0
0
0
0
0
0
0
0
0
0
0
0
0
0
0
0
0
0
0
0
0
0
0
0
0
0
0
0
0
0
0
0
0
0
0
0
0
0
0
0
0
0
0
0
0
0
0
0
0
0
0
0
0
0
0
0
0
0
0
0
0
0
0
0
0
0
0
0
0
0
0
0
0
0
0
0
0
0
0
0
0
0
0
0
0
0
0
0
0
0
0
0
0
0
0
0
0
0
0
0
0
0
0
0
0
0
0
0
0
0
0
0
0
0
0
0
0
0
0
0
0
0
0
0
0
0
0
0
0
0
0
0
0
0
0
0
0
0
0
0
0
0
0
0
0
0
0
0
0
0
0
0
0
0
0
0
0
0
0
0
0
0
0
0
0
0
0
0
0
0
0
0
0
0
0
0
0
0
0
0
0
0
0
0
0
0
0
0
0
0
0
0
0
0
0
0
0
0
0
0
0
0
0
0
0
0
0
0
0
0
0
0
0
0
0
0
0
0
0
0
0
0
0
0
0
0
0
0
0
0
0
0
0
0
0
0
0
0
0
0
0
0
0
0
0
0
0
0
0
0
0
0
0
0
0
0
0
0
0
0
0
0
0
0
0
0
0
0
0
0
0
0
0
0
0
0
0
0
0
0
0
0
0
0
0
0
0
0
0
0
0
0
0
0
0
0
0
0
0
0
0
0
0
0
0
0
0
0
0
0
0
0
0
0
0
0
0
0
0
0
0
0
0
0
0
0
0
0
0
0
0
0
0
0
0
0
0
0
0
0
0
0
0
0
0
0
0
0
0
0
0
0
0
0
0
0
0
0
0
0
0
0
0
0
0
0
0
0
0
0
0
0
0
0
0
0
0
0
0
0
0
0
0
0
0
0
0
0
0
0
0
0
0
0
0
0
0
0
0
0
0
0
0
0
0
0
0
0
0
0
0
0
0
0
0
0
0
0
0
0
0
0
0
0
0
0
0
0
0
0
0
0
0
0
0
0
0
0
0
0
0
0
0
0
0
0
0
0
0
0
0
0
0
0
0
0
0
0
0
0
0
0
