-16
-12
-7
-3
1
6
11
17
27
33
34
33
32
31
31
32
34
32
27
21
10
5
1
-2
-4
-6
-7
-6
-5
-8
-7
-5
-4
3
7
4
10
9
4
7
4
11
21
22
29
36
36
34
28
20
15
9
-4
-9
-3
-3
0
9
6
11
20
20
33
44
44
50
53
46
48
45
33
29
26
18
20
24
18
17
11
3
9
9
10
23
24
21
26
27
29
37
34
31
35
33
27
31
31
27
30
22
13
13
3
0
10
14
23
34
37
41
41
31
26
23
21
29
27
26
25
7
-8
-8
-13
-9
4
9
21
33
28
24
29
18
9
11
0
-2
0
-15
-20
-19
-21
-19
-13
-9
-8
-2
4
12
25
32
37
26
7
4
-2
-5
-6
-16
-23
-22
-23
-23
-13
-11
-10
1
8
10
14
10
-9
-13
-14
-13
-3
-3
-10
-24
-29
-31
-26
-11
-7
3
10
7
6
1
-10
-29
-46
-56
-58
-60
-71
-67
-62
-57
-45
-33
-26
-18
-10
-8
13
22
12
9
-5
-31
-43
-42
-53
-56
-53
-67
-61
-49
-52
-39
-20
-19
-13
2
3
6
7
-5
-15
-23
-40
-53
-43
-55
-52
-39
-54
-46
-43
-48
-44
-39
-30
-27
-18
-20
-25
-20
-28
-27
-13
-20
-14
-10
-12
-5
-8
-8
-1
-5
-14
-8
-9
-4
4
5
2
-10
-17
-44
-48
-46
-67
-53
-50
-51
-20
-13
-14
-6
4
-6
-4
8
-18
-16
-16
-29
-20
-11
-22
-32
-34
-60
-56
-41
-41
-14
-1
11
32
44
50
37
25
5
-8
-18
-23
0
8
16
40
55
44
40
37
5
-14
-21
-51
-59
-49
-56
-46
-19
-10
-13
10
13
2
20
20
5
10
9
-7
2
10
-6
-15
-24
-36
-36
-22
2
17
23
36
31
17
20
-5
-26
-27
-50
-65
-59
-48
-54
-34
-13
-23
6
19
11
38
42
40
51
57
45
40
37
20
17
2
-11
-13
-20
-28
-31
-35
-43
-40
-38
-33
-17
-19
-32
-27
-31
-41
-27
-18
-13
-2
4
9
7
7
4
0
7
11
17
23
35
27
9
2
-9
-15
-15
-18
-30
-24
-13
-28
-7
1
-9
10
17
43
67
77
66
28
8
-43
-74
-83
-109
-100
-100
-86
-49
-26
-11
-2
-7
-26
-38
-42
-37
-36
-38
-38
-37
-38
-48
-50
-37
-38
-23
-2
9
31
29
39
44
27
32
26
0
-4
-21
-48
-58
-76
-99
-102
-76
-70
-43
-4
-6
3
11
-10
-18
-12
-31
-45
-28
-38
-41
-20
-34
-32
-29
-44
-48
-37
-36
-43
-28
-27
-21
-26
-31
-26
-21
-14
-12
10
15
12
17
11
32
44
35
26
-5
-32
-55
-71
-66
-55
-48
-35
-25
-10
3
12
24
13
15
-3
-22
-20
-34
-36
-34
-30
-24
-7
-1
-5
11
-16
-48
-66
-92
-102
-104
-91
-74
-58
-37
-29
-11
-2
1
24
33
47
71
68
55
37
-8
-28
-51
-78
-86
-114
-103
-97
-83
-42
-28
-1
8
13
21
2
6
-9
-33
-29
-57
-76
-86
-96
-98
-99
-88
-84
-79
-70
-70
-59
-31
-24
-5
22
20
22
12
-10
-27
-41
-61
-77
-72
-72
-55
-26
-10
17
39
38
48
47
35
44
30
27
29
24
24
20
18
-17
-18
-19
-46
-27
-25
-13
24
40
73
104
108
89
87
70
54
81
66
63
70
44
31
28
2
-19
-19
-24
-12
2
14
30
53
70
82
105
99
89
85
64
55
51
40
23
8
-5
-9
20
14
24
26
5
26
11
7
13
-11
-21
-21
-28
-26
-27
-48
-76
-93
-119
-141
-145
-156
-153
-130
-128
-120
-95
-105
-108
-107
-122
-126
-116
-128
-141
-131
-147
-150
-139
-153
-163
-167
-193
-203
-199
-211
-200
-184
-177
-157
-133
-115
-94
-74
-68
-52
-27
-27
-10
3
-3
11
13
26
38
47
44
54
93
95
122
141
132
146
155
183
210
255
287
285
314
301
309
348
367
402
447
504
510
543
553
522
558
537
514
517
473
423
339
292
234
198
164
34
-44
-159
-244
-245
-242
-204
-174
-124
-83
-27
40
74
134
152
156
185
176
159
123
71
17
-32
-124
-231
-375
-593
-721
-799
-823
-791
-720
-628
-553
-433
-346
-243
-153
-158
-158
-162
-198
-228
-269
-338
-408
-462
-518
-533
-519
-526
-500
-446
-385
-317
-240
-199
-177
-143
-134
-122
-112
-140
-175
-214
-251
-266
-267
-258
-225
-161
-93
-9
71
138
161
170
190
199
249
250
272
283
256
317
319
355
410
402
477
555
641
757
856
977
1009
1035
1035
957
887
712
556
386
178
-40
-226
-367
-508
-536
-539
-482
-389
-304
-163
-22
121
260
396
497
540
575
558
515
446
325
202
74
-60
-180
-261
-337
-367
-344
-323
-251
-177
-111
-17
51
131
194
233
237
210
208
20
-270
-411
-552
-733
-783
-788
-750
-648
-580
-427
-221
-98
-78
13
63
26
56
24
-49
-116
-230
-341
-389
-459
-533
-554
-563
-505
-434
-381
-279
-242
-229
-170
-145
-119
-89
-130
-212
-218
-274
-379
-400
-432
-427
-351
-284
-176
-44
2
10
56
59
30
9
-47
-80
-99
-134
-118
-97
-108
-116
-103
-44
23
100
147
212
296
288
346
380
356
376
373
420
493
551
603
712
840
889
962
1004
927
871
702
516
418
222
55
-126
-259
-377
-456
-454
-476
-388
-334
-254
-83
70
246
426
553
646
718
685
623
538
384
237
100
-31
-144
-239
-327
-370
-369
-372
-327
-251
-181
-91
6
93
188
246
260
271
228
203
28
-153
-367
-640
-758
-895
-898
-841
-745
-625
-470
-265
-130
22
113
118
143
103
37
7
-74
-213
-371
-516
-679
-747
-785
-786
-698
-611
-485
-361
-236
-159
-122
-106
-117
-146
-197
-231
-276
-319
-345
-376
-390
-397
-390
-351
-287
-201
-130
-45
-10
-7
-1
-34
-31
-54
-67
-80
-121
-123
-131
-115
-71
-49
12
77
137
238
309
365
405
413
421
404
416
443
466
526
624
810
999
1112
1246
1261
1158
989
764
618
465
305
64
-214
-466
-704
-778
-793
-744
-611
-475
-281
-17
272
553
799
923
957
930
813
663
501
314
133
-18
-170
-308
-418
-527
-576
-556
-501
-368
-213
-75
69
204
329
435
466
422
338
237
99
19
-127
-313
-412
-522
-543
-629
-638
-628
-613
-562
-542
-368
-317
-284
-192
-131
-59
-20
-3
-35
-90
-187
-275
-311
-390
-474
-511
-597
-659
-646
-643
-593
-521
-475
-390
-287
-230
-174
-132
-161
-177
-193
-252
-286
-316
-339
-317
-295
-290
-258
-239
-240
-206
-162
-127
-79
-42
-23
-14
-37
-52
-70
-95
-104
-101
-88
-51
-18
5
69
112
156
223
287
317
315
361
390
432
501
522
537
604
638
668
803
859
950
1055
1051
1011
958
841
684
615
415
218
73
-208
-445
-599
-730
-712
-560
-446
-232
21
208
447
631
730
797
759
625
518
399
243
149
28
-100
-175
-300
-401
-430
-466
-436
-324
-218
-73
85
191
295
371
359
331
274
153
41
-73
-181
-245
-296
-342
-363
-335
-338
-347
-362
-362
-308
-276
-244
-259
-259
-327
-350
-302
-311
-254
-233
-233
-234
-234
-254
-272
-287
-360
-372
-407
-474
-481
-527
-543
-497
-459
-411
-327
-287
-253
-175
-160
-134
-122
-184
-241
-280
-319
-311
-268
-260
-236
-204
-205
-186
-165
-165
-137
-110
-70
-29
4
12
0
-7
-22
-30
-45
-49
-58
-60
-43
-3
38
81
120
137
189
191
209
232
244
302
354
433
498
565
609
677
781
923
1065
1194
1332
1362
1378
1298
1151
970
703
365
-98
-573
-982
-1182
-1203
-1108
-871
-604
-311
2
299
573
789
872
859
793
686
603
526
419
281
102
-110
-306
-488
-626
-697
-705
-626
-479
-266
-45
166
329
437
490
468
400
271
118
-20
-136
-231
-315
-382
-412
-411
-399
-357
-309
-240
-150
-49
77
136
162
169
155
49
-132
-300
-476
-665
-845
-903
-903
-840
-727
-570
-375
-212
-83
12
73
34
-33
-113
-202
-286
-353
-425
-502
-535
-590
-579
-528
-477
-378
-269
-166
-70
8
17
4
-54
-172
-264
-355
-423
-413
-401
-376
-296
-226
-144
-43
25
78
116
112
115
118
80
45
-8
-63
-101
-123
-109
-74
-43
2
71
125
174
222
270
340
395
430
486
540
591
693
796
919
1045
1114
1217
1248
1211
1133
982
794
567
295
-68
-420
-786
-1044
-1109
-1079
-909
-657
-381
-85
218
498
746
899
920
855
733
597
474
351
219
63
-123
-298
-443
-555
-623
-648
-615
-509
-341
-134
87
277
407
480
484
434
336
201
61
-82
-202
-289
-343
-362
-356
-339
-311
-270
-211
-139
-51
48
89
118
144
112
38
-36
-146
-310
-470
-616
-687
-730
-712
-611
-483
-387
-302
-201
-137
-96
-86
-72
-72
-87
-162
-230
-295
-416
-480
-515
-521
-492
-441
-384
-281
-201
-166
-94
-86
-126
-153
-208
-258
-269
-296
-306
-289
-307
-300
-271
-251
-197
-124
-62
5
60
78
79
54
-2
-47
-85
-116
-126
-129
-131
-133
-104
-104
-90
-33
14
104
194
261
321
350
357
373
403
454
524
591
635
735
841
908
1015
1095
1144
1110
1014
911
769
562
259
-108
-524
-895
-1119
-1164
-1072
-892
-641
-343
-47
238
502
702
795
754
672
605
542
486
420
314
152
-50
-250
-409
-542
-647
-686
-666
-563
-372
-143
89
280
398
464
477
425
334
212
61
-71
-174
-252
-284
-298
-305
-306
-306
-286
-235
-160
-75
26
119
216
281
279
219
138
28
-203
-446
-650
-782
-885
-934
-836
-685
-525
-338
-120
44
151
168
154
129
28
-54
-126
-237
-343
-462
-556
-562
-572
-564
-479
-397
-312
-191
-89
13
70
38
-11
-63
-141
-199
-240
-298
-320
-332
-330
-293
-242
-193
-140
-72
-12
57
113
136
134
91
10
-61
-116
-167
-185
-176
-156
-96
-29
38
148
233
289
321
327
332
336
307
296
320
285
326
419
504
680
836
977
1157
1241
1291
1341
1265
1103
880
561
193
-226
-678
-975
-1145
-1232
-1157
-976
-725
-419
-123
191
510
711
829
881
863
821
769
701
617
462
245
24
-215
-426
-605
-750
-821
-828
-763
-588
-358
-116
120
292
424
512
534
507
440
331
217
103
-7
-77
-140
-211
-276
-346
-395
-415
-408
-354
-270
-174
-54
43
117
196
194
118
36
-124
-325
-471
-599
-707
-753
-750
-692
-575
-463
-317
-174
-83
-17
36
59
25
-26
-122
-237
-343
-443
-510
-529
-552
-566
-524
-482
-408
-308
-218
-134
-72
-48
-20
16
13
0
-31
-100
-174
-231
-286
-323
-339
-355
-340
-298
-240
-151
-60
2
49
63
53
43
24
5
-19
-49
-69
-73
-86
-78
-53
-40
-16
-7
23
83
136
210
300
361
420
472
497
555
607
664
744
815
884
934
950
938
919
837
719
545
310
50
-230
-465
-634
-735
-775
-748
-689
-591
-472
-342
-181
-46
57
146
217
275
345
410
476
520
512
468
392
288
167
44
-76
-184
-280
-351
-383
-385
-356
-316
-273
-234
-206
-179
-147
-113
-75
-40
-13
16
50
75
98
108
100
82
47
7
-21
-45
-65
-78
-86
-90
-97
-98
-96
-106
-132
-167
-198
-227
-243
-239
-223
-205
-190
-181
-171
-158
-153
-155
-164
-182
-197
-208
-210
-191
-172
-151
-140
-138
-134
-131
-127
-135
-147
-158
-170
-178
-178
-173
-165
-154
-150
-147
-149
-158
-168
-181
-197
-204
-209
-207
-197
-189
-173
-153
-139
-120
-103
-95
-81
-75
-72
-64
-60
-58
-58
-66
-74
-81
-92
-105
-118
-128
-132
-133
-135
-128
-117
-106
-88
-73
-60
-47
-39
-33
-30
-35
-38
-44
-51
-57
-65
-69
-75
-82
-90
-99
-107
-113
-115
-116
-112
-108
-105
-102
-105
-106
-111
-120
-128
-136
-142
-140
-138
-132
-121
-110
-102
-89
-77
-67
-56
-52
-51
-50
-53
-56
-58
-64
-72
-77
-81
-81
-79
-77
-75
-73
-72
-65
-55
-46
-38
-28
-17
-3
10
25
40
47
50
47
35
24
11
-2
-10
-18
-24
-26
-25
-22
-13
-3
9
21
28
36
45
51
56
62
63
64
64
57
50
44
34
28
27
28
34
44
52
63
72
81
95
106
116
126
130
134
134
129
125
116
102
84
64
44
34
27
26
31
34
40
47
57
70
84
97
108
121
132
140
145
147
146
137
124
112
97
84
74
67
64
62
61
63
60
56
56
56
59
63
68
76
84
91
100
108
111
118
123
128
132
130
129
128
123
114
105
92
78
63
45
34
25
16
13
15
23
36
47
63
80
97
112
127
141
150
155
157
154
149
143
135
128
119
110
104
100
96
94
94
93
93
96
103
113
120
127
135
143
149
155
158
157
154
149
143
140
135
130
128
127
126
129
132
133
135
136
136
137
141
143
143
144
142
140
138
137
137
136
136
137
138
139
143
147
151
155
158
157
157
154
150
150
150
150
148
147
149
152
153
155
155
152
148
144
139
133
128
122
120
116
112
109
106
103
103
106
114
121
126
133
141
148
154
158
160
157
151
144
139
128
117
105
93
83
74
71
73
77
83
91
101
113
125
133
140
145
147
148
147
143
139
131
122
113
103
95
84
74
65
58
53
49
50
51
55
61
68
75
84
90
98
105
111
118
125
128
130
130
127
120
114
108
100
91
82
72
65
61
57
58
61
64
69
73
81
87
91
96
100
104
105
108
108
107
104
97
93
88
82
77
76
76
76
78
80
83
83
77
71
64
57
51
45
40
37
36
36
38
42
46
53
59
64
68
73
77
80
83
85
85
83
80
75
71
67
62
60
57
54
52
49
46
41
35
31
26
20
20
20
18
20
21
22
23
26
29
33
37
41
46
48
48
46
44
40
33
28
23
18
13
9
8
6
5
6
7
8
11
14
20
26
29
33
36
35
32
30
28
25
24
23
23
24
24
24
24
23
20
18
15
9
3
-4
-12
-21
-29
-36
-38
-36
-30
-20
-11
-1
9
17
27
34
39
44
46
48
48
47
46
41
36
30
24
18
13
9
5
3
2
1
0
-2
-4
-5
-7
-7
-6
-5
-3
2
8
14
21
27
32
37
41
45
50
53
55
56
55
52
46
40
31
23
13
4
-4
-10
-13
-14
-13
-8
-1
8
17
24
31
35
39
41
41
43
44
44
44
42
41
39
37
34
31
29
28
28
27
27
26
27
30
30
31
30
26
24
21
19
19
20
21
21
20
20
20
23
24
27
33
36
40
41
42
42
39
37
30
25
21
17
14
13
11
12
13
14
16
17
17
20
20
23
26
28
30
31
33
32
30
27
24
23
20
20
20
21
22
21
20
17
14
12
10
10
12
13
14
16
17
19
21
24
24
26
26
28
31
33
36
38
40
42
43
41
38
36
32
30
29
27
26
22
18
14
11
9
8
7
5
6
6
7
9
14
20
24
29
35
39
42
44
44
43
41
38
37
33
27
22
16
9
3
-1
-3
-6
-6
-4
-3
0
4
7
10
15
20
26
32
36
38
40
39
39
37
34
31
27
24
24
22
20
18
15
12
8
4
2
1
2
4
8
12
15
16
18
19
18
18
18
18
20
21
22
24
23
20
18
15
10
7
4
1
0
0
0
1
1
3
4
5
7
7
9
9
10
11
13
13
13
13
12
9
5
3
3
1
3
4
6
7
7
7
6
7
6
7
9
10
12
13
13
13
12
10
9
8
5
6
6
8
11
13
16
18
18
18
19
19
19
20
21
21
21
22
23
21
21
19
16
13
9
6
3
0
0
0
0
3
8
15
23
30
37
45
50
51
54
52
49
47
41
36
30
24
20
15
13
13
14
15
16
18
20
24
28
30
36
41
44
49
51
52
54
55
56
56
57
58
58
60
61
61
60
57
54
50
47
44
41
39
38
37
39
40
42
43
44
46
50
54
57
60
62
63
62
60
57
54
51
47
44
41
40
40
41
42
42
42
41
42
45
47
48
51
52
54
54
53
53
53
50
46
43
40
38
37
34
33
31
30
32
34
36
39
43
46
48
51
53
53
53
52
48
44
38
34
31
29
28
28
29
29
31
33
35
37
38
39
41
43
44
44
45
45
45
43
40
36
33
31
28
26
24
24
23
22
22
21
21
22
23
24
25
28
30
33
34
34
33
31
31
30
30
31
30
27
24
22
18
16
15
13
11
9
7
5
4
5
6
8
12
16
20
23
26
27
28
29
30
30
29
28
27
23
19
15
11
7
4
2
0
0
0
3
5
6
8
10
10
11
12
12
13
12
11
10
8
7
5
3
2
2
1
1
0
-1
-2
-3
-4
-6
-7
-7
-8
-7
-6
-3
-1
1
3
4
5
6
7
7
7
6
3
0
-3
-6
-8
-10
-11
-11
-10
-8
-4
0
3
7
9
9
8
5
2
0
-4
-7
-9
-11
-12
-11
-9
-5
-2
0
3
3
3
4
4
4
5
4
5
5
4
3
2
2
1
2
4
5
6
7
7
9
8
6
5
3
0
-1
-2
-2
-1
-1
0
2
3
4
6
8
11
12
13
15
14
12
10
10
8
6
4
4
5
6
8
10
13
13
14
16
15
14
14
14
14
12
11
13
12
12
12
11
11
13
13
15
18
20
22
24
24
24
24
22
20
18
16
15
14
14
15
16
16
17
18
19
20
20
20
21
22
23
23
21
20
18
16
15
14
14
14
13
13
15
17
18
21
24
25
26
26
24
24
22
20
19
17
15
13
12
12
11
11
11
11
10
11
13
13
13
13
14
15
16
16
16
16
14
14
14
13
13
12
11
9
7
8
7
6
6
5
6
6
6
8
10
10
12
14
16
17
17
17
17
15
13
11
9
7
5
4
3
2
3
3
5
6
7
9
12
13
13
14
15
15
14
12
10
7
5
3
1
0
0
2
3
5
7
9
10
11
11
11
12
10
9
8
7
6
5
3
2
0
0
0
1
2
5
7
9
11
13
13
13
13
11
10
8
6
5
4
5
7
8
8
8
7
6
6
5
4
3
2
1
0
-2
-3
-3
-2
-3
-2
-1
0
2
3
6
8
9
10
10
10
10
9
8
6
4
3
1
0
-1
-2
-2
-1
-1
0
0
2
4
5
5
5
6
7
7
7
7
7
7
6
5
3
1
0
0
-1
0
-2
-2
-1
-1
-1
-1
0
-1
-1
0
0
-1
0
0
1
0
0
-1
-3
-5
-8
-9
-11
-12
-11
-11
-9
-10
-7
-7
-5
-3
-6
4
-27
-20
-9
-36
-20
-22
-23
-27
-33
-30
-37
-37
-43
-63
-56
-70
-115
-91
-80
-121
-110
-126
-186
-170
-173
-185
-202
-216
-230
-310
-341
-346
-323
-275
-251
-222
-215
-219
-222
-207
-189
-179
-161
-166
-156
-135
-136
-153
-178
-187
-180
-158
-130
-86
-71
-87
-94
-122
-142
-132
-109
-101
-109
-110
-120
-140
-156
-166
-168
-176
-177
-176
-183
-184
-183
-179
-171
-160
-131
-115
-110
-96
-89
-97
-117
-136
-142
-138
-132
-118
-103
-93
-87
-95
-112
-120
-116
-131
-148
-152
-152
-154
-162
-170
-175
-183
-194
-200
-198
-203
-216
-231
-249
-248
-233
-222
-215
-218
-224
-245
-283
-281
-266
-264
-262
-269
-295
-318
-323
-325
-316
-309
-314
-320
-323
-323
-320
-315
-322
-321
-315
-321
-307
-293
-293
-291
-297
-309
-306
-291
-283
-273
-268
-268
-264
-266
-259
-248
-243
-227
-207
-197
-186
-170
-170
-172
-152
-128
-106
-79
-53
-28
-10
10
35
56
89
132
173
190
196
207
209
219
241
268
288
297
307
311
298
279
264
230
181
145
122
96
56
-4
-65
-123
-180
-224
-257
-284
-308
-342
-380
-395
-394
-389
-388
-385
-362
-330
-303
-273
-240
-210
-182
-158
-129
-89
-48
-26
-15
-5
2
0
-14
-28
-56
-122
-190
-223
-236
-265
-307
-372
-459
-542
-592
-598
-594
-608
-624
-644
-670
-654
-596
-545
-501
-461
-428
-390
-341
-283
-228
-191
-162
-120
-86
-62
-36
-40
-60
-64
-59
-50
-47
-68
-104
-137
-156
-160
-152
-147
-152
-162
-178
-176
-158
-141
-119
-93
-61
-26
19
69
110
144
186
242
304
372
433
474
509
541
582
635
684
728
770
815
840
843
823
804
808
801
775
728
668
594
499
409
358
330
275
181
86
8
-51
-99
-139
-162
-181
-202
-215
-209
-176
-135
-112
-83
-27
42
110
168
217
269
322
375
433
485
521
542
551
555
561
558
539
512
474
420
364
314
269
218
158
98
38
-43
-148
-223
-251
-269
-291
-310
-330
-353
-381
-397
-368
-311
-259
-221
-199
-187
-167
-132
-86
-20
43
81
100
104
109
124
140
155
171
174
152
121
90
65
49
35
21
4
-30
-71
-99
-119
-131
-125
-112
-103
-97
-105
-104
-85
-62
-27
16
52
85
124
144
166
207
246
294
337
364
386
410
428
454
496
530
566
588
596
634
682
725
773
817
840
847
860
882
903
895
860
814
754
702
665
615
554
492
410
316
235
170
116
59
0
-46
-82
-114
-136
-143
-142
-130
-107
-84
-54
-23
2
38
87
144
206
260
302
334
364
395
430
460
478
489
488
474
457
436
406
385
350
298
252
218
181
119
49
-9
-48
-115
-201
-243
-248
-255
-287
-318
-326
-321
-326
-340
-308
-257
-230
-226
-231
-204
-164
-139
-113
-71
-31
-31
-41
-40
-22
5
11
12
20
22
2
-21
-28
-21
-17
-33
-46
-55
-82
-116
-132
-126
-116
-109
-111
-113
-110
-116
-115
-93
-59
-23
-4
7
24
47
71
98
135
170
197
206
209
227
254
281
305
341
374
385
398
414
440
478
532
590
622
654
687
724
759
791
840
860
850
833
802
756
703
667
636
593
526
436
340
250
173
111
50
-8
-65
-132
-198
-243
-262
-272
-272
-271
-264
-255
-247
-226
-190
-139
-86
-33
21
69
114
147
188
242
291
329
355
366
367
363
360
356
347
330
299
268
217
155
103
69
45
5
-50
-111
-162
-210
-262
-302
-323
-327
-339
-368
-380
-368
-365
-356
-335
-304
-276
-258
-239
-220
-191
-166
-136
-108
-93
-79
-77
-85
-80
-62
-61
-62
-60
-73
-89
-100
-112
-118
-120
-126
-129
-137
-154
-173
-176
-173
-160
-146
-149
-144
-138
-136
-124
-102
-78
-60
-43
-30
-10
13
33
53
75
92
108
120
124
139
154
162
180
200
208
218
228
244
268
294
327
355
376
407
464
504
529
577
632
684
704
724
744
766
762
751
754
699
640
589
553
500
432
353
261
176
100
40
-41
-113
-175
-225
-293
-326
-333
-360
-375
-384
-367
-355
-333
-309
-271
-233
-194
-139
-87
-35
8
49
86
140
186
210
231
248
259
270
280
273
260
233
214
190
169
138
67
2
-24
-25
-66
-144
-200
-228
-280
-330
-353
-361
-382
-415
-436
-437
-421
-418
-433
-427
-387
-347
-337
-336
-309
-271
-249
-224
-179
-140
-132
-134
-128
-106
-71
-54
-66
-72
-66
-77
-85
-88
-93
-100
-117
-130
-133
-145
-173
-190
-195
-196
-190
-192
-202
-203
-200
-200
-191
-173
-163
-156
-145
-135
-113
-91
-79
-64
-47
-30
-20
-10
3
26
44
53
71
83
91
105
116
130
151
177
200
216
239
278
313
340
372
412
461
512
547
564
584
606
621
629
631
615
565
503
462
442
405
333
250
173
105
40
-27
-86
-136
-190
-255
-307
-335
-356
-379
-399
-399
-382
-374
-368
-353
-329
-295
-254
-208
-158
-113
-84
-56
-14
35
78
107
129
150
165
173
180
183
179
167
158
143
122
94
36
-18
-32
-30
-61
-129
-184
-214
-256
-301
-319
-324
-355
-391
-404
-407
-398
-392
-399
-409
-386
-341
-318
-313
-299
-268
-248
-232
-190
-159
-157
-162
-150
-137
-125
-115
-121
-129
-135
-136
-142
-152
-156
-167
-186
-190
-181
-186
-208
-218
-220
-219
-210
-203
-203
-202
-195
-185
-173
-157
-140
-127
-124
-113
-87
-74
-73
-65
-57
-52
-41
-37
-39
-36
-31
-27
-27
-21
-15
-9
-1
3
21
37
48
70
86
117
155
180
195
228
284
324
365
411
456
486
502
530
557
573
572
563
536
502
465
416
366
325
286
211
126
61
-2
-68
-130
-175
-215
-262
-312
-351
-374
-388
-395
-397
-394
-380
-368
-358
-334
-298
-258
-217
-172
-128
-93
-61
-27
7
41
77
101
114
124
131
136
136
138
137
126
105
91
54
4
-20
-33
-49
-90
-136
-173
-213
-260
-290
-294
-298
-331
-379
-395
-391
-378
-375
-386
-388
-376
-362
-353
-334
-314
-299
-293
-286
-256
-225
-218
-222
-214
-201
-184
-171
-167
-162
-160
-163
-165
-156
-145
-145
-148
-153
-155
-153
-154
-158
-161
-161
-162
-159
-162
-168
-169
-172
-169
-158
-150
-151
-154
-152
-145
-139
-137
-132
-125
-120
-117
-116
-109
-101
-94
-88
-82
-71
-60
-53
-46
-27
-4
11
16
28
55
78
99
126
156
172
194
227
258
293
328
368
409
438
466
486
491
495
501
505
496
477
443
400
352
305
263
219
169
94
31
-16
-63
-99
-129
-182
-238
-266
-301
-335
-348
-353
-351
-346
-337
-311
-283
-265
-230
-179
-138
-101
-67
-42
-12
25
61
85
111
127
131
135
140
146
140
120
98
60
17
-2
-13
-50
-100
-145
-197
-241
-261
-280
-309
-333
-359
-389
-406
-397
-373
-358
-349
-342
-343
-339
-313
-268
-235
-217
-208
-211
-211
-189
-168
-159
-153
-156
-171
-185
-191
-194
-202
-209
-207
-215
-231
-243
-253
-257
-255
-244
-237
-243
-250
-250
-251
-240
-212
-194
-185
-178
-171
-160
-143
-120
-100
-87
-81
-74
-70
-67
-63
-57
-48
-47
-47
-53
-64
-68
-65
-61
-53
-46
-50
-54
-52
-44
-26
-13
-5
6
15
28
48
67
83
104
127
151
170
191
213
228
251
284
322
351
363
371
386
400
417
432
431
420
389
352
328
306
275
231
182
126
72
18
-32
-78
-121
-156
-189
-218
-243
-261
-275
-278
-267
-253
-237
-224
-206
-185
-164
-129
-89
-55
-27
-4
17
35
53
73
91
99
100
93
80
65
48
30
11
-12
-54
-101
-140
-169
-194
-227
-257
-289
-326
-351
-364
-364
-358
-363
-368
-364
-354
-332
-311
-292
-265
-248
-244
-231
-214
-193
-176
-170
-163
-158
-160
-170
-173
-176
-174
-174
-183
-197
-216
-228
-239
-244
-247
-252
-257
-268
-276
-279
-271
-267
-259
-247
-235
-220
-212
-201
-183
-164
-145
-126
-111
-103
-93
-81
-67
-52
-42
-37
-40
-41
-37
-31
-31
-34
-36
-41
-39
-34
-32
-32
-34
-33
-33
-26
-17
-13
-12
-7
8
22
36
39
42
55
75
98
114
121
127
134
147
170
191
204
204
197
193
203
224
236
229
218
214
219
232
237
227
204
190
193
196
192
176
144
109
89
82
78
60
28
-8
-42
-51
-47
-49
-58
-73
-90
-101
-103
-88
-72
-71
-76
-76
-66
-56
-54
-53
-44
-32
-21
-13
-8
-12
-20
-22
-17
-9
-10
-15
-43
-82
-91
-87
-91
-115
-136
-153
-180
-206
-210
-199
-207
-222
-241
-251
-252
-242
-234
-242
-241
-236
-230
-226
-218
-207
-207
-209
-202
-191
-179
-177
-183
-185
-183
-174
-171
-175
-179
-186
-196
-196
-190
-190
-195
-199
-199
-200
-195
-188
-185
-179
-174
-165
-155
-144
-129
-118
-112
-100
-84
-68
-58
-52
-43
-34
-23
-9
2
13
21
27
33
37
46
57
65
70
70
69
63
58
60
63
63
54
40
31
26
25
27
22
14
6
-3
-5
0
8
13
17
17
16
19
28
38
50
60
65
67
70
77
87
101
104
102
107
104
96
98
106
109
106
104
100
97
87
75
72
65
57
52
44
36
30
23
21
29
40
40
35
32
40
43
32
33
49
37
20
20
11
8
8
1
-6
-12
-15
-24
-43
-62
-75
-90
-97
-93
-102
-132
-152
-166
-187
-190
-179
-178
-188
-203
-209
-211
-202
-187
-181
-175
-177
-184
-188
-185
-170
-161
-163
-161
-159
-165
-166
-163
-157
-149
-141
-133
-140
-144
-150
-154
-146
-137
-125
-125
-134
-138
-140
-138
-123
-106
-102
-107
-109
-110
-107
-91
-73
-65
-64
-67
-68
-66
-57
-36
-26
-27
-28
-30
-34
-31
-22
-17
-17
-18
-24
-33
-34
-30
-30
-26
-18
-13
-16
-21
-23
-24
-20
-10
-2
-4
-14
-24
-31
-27
-12
1
-1
-12
-21
-27
-23
-7
8
13
7
-4
-13
-14
0
17
20
14
17
17
9
14
30
41
45
44
43
44
48
51
51
55
62
60
43
33
32
32
33
33
33
26
11
0
-3
5
20
23
13
5
-1
-2
5
16
27
24
13
-1
-7
-2
7
9
0
-11
-21
-28
-29
-26
-26
-30
-36
-42
-44
-45
-47
-49
-50
-50
-50
-52
-52
-54
-54
-52
-48
-43
-41
-44
-50
-49
-42
-31
-25
-25
-27
-31
-34
-35
-35
-38
-42
-48
-54
-56
-57
-60
-69
-77
-80
-80
-79
-81
-84
-90
-97
-99
-97
-94
-92
-94
-98
-98
-93
-92
-90
-83
-80
-76
-72
-68
-67
-68
-62
-53
-47
-40
-38
-42
-45
-41
-33
-28
-25
-23
-30
-37
-37
-31
-27
-26
-26
-31
-36
-35
-33
-32
-29
-24
-24
-26
-24
-23
-21
-19
-13
-6
-3
-3
-6
-8
-6
0
6
9
8
5
1
0
4
9
15
14
7
3
1
2
4
6
6
4
2
0
-1
-1
-1
-1
-2
0
4
0
-7
-7
-6
-4
3
10
13
11
9
9
13
19
22
23
24
24
18
15
19
24
26
21
20
20
17
17
17
18
19
16
13
11
13
16
13
10
10
8
6
7
0
0
0
0
0
0
0
0
0
0
0
0
0
0
0
0
0
0
0
0
0
0
0
0
0
0
0
0
0
0
0
0
0
0
0
0
0
0
0
0
0
0
0
0
0
0
0
0
0
0
0
0
0
0
0
0
0
0
0
0
0
0
0
0
0
0
0
0
0
0
0
0
0
0
0
0
0
0
0
0
0
0
0
0
0
0
0
0
0
0
0
0
0
0
0
0
0
0
0
0
0
0
0
0
0
0
0
0
0
0
0
0
0
0
0
0
0
0
0
0
0
0
0
0
0
0
0
0
0
0
0
0
0
0
0
0
0
0
0
0
0
0
0
0
0
0
0
0
0
0
0
0
0
0
0
0
0
0
0
0
0
0
0
0
0
0
0
0
0
0
0
0
0
0
0
0
0
0
0
0
0
0
0
0
0
0
0
0
0
0
0
0
0
0
0
0
0
0
0
0
0
0
0
0
0
0
0
0
0
0
0
0
0
0
0
0
0
0
0
0
0
0
0
0
0
0
0
0
0
0
0
0
0
0
0
0
0
0
0
0
0
0
0
0
0
0
0
0
0
0
0
0
0
0
0
0
0
0
0
0
0
0
0
0
0
0
0
0
0
0
0
0
0
0
0
0
0
0
0
0
0
0
0
0
0
0
0
0
0
0
0
0
0
0
0
0
0
0
0
0
0
0
0
0
0
0
0
0
0
0
0
0
0
0
0
0
0
0
0
0
0
0
0
0
0
0
0
0
0
0
0
0
0
0
0
0
0
0
0
0
0
0
0
0
0
0
0
0
0
0
0
0
0
0
0
0
0
0
0
0
0
0
0
0
0
0
0
0
0
0
0
0
0
0
0
0
0
0
0
0
0
0
0
0
0
0
0
0
0
0
0
0
0
0
0
0
0
0
0
0
0
0
0
0
0
0
0
0
0
0
0
0
0
0
0
0
0
0
0
0
0
0
0
0
0
0
0
0
0
0
0
0
0
0
0
0
0
0
0
0
0
0
0
0
0
0
0
0
0
0
0
0
0
0
0
0
0
0
0
0
0
0
0
0
0
0
0
0
0
0
0
0
0
0
0
0
0
0
0
0
0
0
0
0
0
0
0
0
0
0
0
0
0
0
0
0
0
0
0
0
0
0
0
0
0
0
0
0
0
0
0
0
0
0
0
0
0
0
0
0
0
0
0
0
0
0
0
0
0
0
0
0
0
0
0
0
0
0
0
0
0
0
0
0
0
0
0
0
0
0
0
0
0
0
0
0
0
0
0
0
0
0
0
0
0
0
0
0
0
0
0
0
0
0
0
0
0
0
0
0
0
0
0
0
0
0
0
0
0
0
0
0
0
0
0
0
0
0
0
0
0
0
0
0
0
0
0
0
0
0
0
0
0
0
0
0
0
0
0
0
0
0
0
0
0
0
0
0
0
0
0
0
0
0
0
0
0
0
0
0
0
0
0
0
0
0
0
0
0
0
0
0
0
0
0
0
0
0
0
0
0
0
0
0
0
0
0
0
0
0
0
0
0
0
0
0
0
0
0
0
0
0
0
0
0
0
0
0
0
0
0
0
0
0
0
0
0
0
0
0
0
0
0
0
0
0
0
0
0
0
0
0
0
0
0
0
0
0
0
0
0
0
0
0
0
0
0
0
0
0
0
0
0
0
0
0
0
0
0
0
0
0
0
0
0
0
0
0
0
0
0
0
0
0
0
0
0
0
0
0
0
0
0
0
0
0
0
0
0
0
0
0
0
0
0
0
0
0
0
0
0
0
0
0
0
0
0
0
0
0
0
0
0
0
0
0
0
0
0
0
0
0
0
0
0
0
0
0
0
0
0
0
0
0
0
0
0
0
0
0
0
0
0
0
0
0
0
0
0
0
0
0
0
0
0
0
0
0
0
0
0
0
0
0
0
0
0
0
0
0
0
0
0
0
0
0
0
0
0
0
0
0
0
0
0
0
0
0
0
0
0
0
0
0
0
0
0
0
0
0
0
0
0
0
0
0
0
0
0
0
0
0
0
0
0
0
0
0
0
0
0
0
0
0
0
0
0
0
0
0
0
0
0
0
0
0
0
0
0
0
0
0
0
0
0
0
0
0
0
0
0
0
0
0
0
0
0
0
0
0
0
0
0
0
0
0
0
0
0
0
0
0
0
0
0
0
0
0
0
0
0
0
0
0
0
0
0
0
0
0
0
0
0
0
0
0
0
0
0
0
0
0
0
0
0
0
0
0
0
0
0
0
0
0
0
0
0
0
0
0
0
0
0
0
0
0
0
0
0
0
0
0
0
0
0
0
0
0
0
0
0
0
0
0
0
0
0
0
0
0
0
0
0
0
0
0
0
0
0
0
0
0
0
0
0
0
0
0
0
0
0
0
0
0
0
0
0
0
0
0
0
0
0
0
0
0
0
0
0
0
0
0
0
0
0
0
0
0
0
0
0
0
0
0
0
0
0
0
0
0
0
0
0
0
0
0
0
0
0
0
0
0
0
0
0
0
0
0
0
0
0
0
0
0
0
0
0
0
0
0
0
0
0
0
0
0
0
0
0
0
0
0
0
0
0
0
0
0
0
0
0
0
0
0
0
0
0
0
0
0
0
0
0
0
0
0
0
0
0
0
0
0
0
0
0
0
0
0
0
0
0
0
0
0
0
0
0
0
0
0
0
0
0
0
0
0
0
0
0
0
0
0
0
0
0
0
0
0
0
0
0
0
0
0
0
0
0
0
0
0
0
0
0
0
0
0
0
0
0
0
0
0
0
0
0
0
0
0
0
0
0
0
0
0
0
0
0
0
0
0
0
0
0
0
0
0
0
0
0
0
0
0
0
0
0
0
0
0
0
0
0
0
0
0
0
0
0
0
0
0
0
0
0
0
0
0
0
0
0
0
0
0
0
0
0
0
0
0
0
0
0
0
0
0
0
0
0
0
0
0
0
0
0
0
0
0
0
0
0
0
0
0
0
0
0
0
0
0
0
0
0
0
0
0
0
0
0
0
0
0
0
0
0
0
0
0
0
0
0
0
0
0
0
0
0
0
0
0
0
0
0
0
0
0
0
0
0
0
0
0
0
0
0
0
0
0
0
0
0
0
0
0
0
0
0
0
0
0
0
0
0
0
0
0
0
0
0
0
0
0
0
0
0
0
0
0
0
0
0
0
0
0
0
0
0
0
0
0
0
0
0
0
0
0
0
0
0
0
0
0
0
0
0
0
0
0
0
0
0
0
0
0
0
0
0
0
0
0
0
0
0
0
0
0
0
0
0
0
0
0
0
0
0
0
0
0
0
0
0
0
0
0
0
0
0
0
0
0
0
0
0
0
0
0
0
0
0
0
0
0
0
0
0
0
0
0
0
0
0
0
0
0
0
0
0
0
0
0
0
0
0
0
0
0
0
0
0
0
0
0
0
0
0
0
0
0
0
0
0
0
0
0
0
0
0
0
0
0
0
0
0
0
0
0
0
0
0
0
0
0
0
0
0
0
0
0
0
0
0
0
0
0
0
0
0
0
0
0
0
0
0
0
0
0
0
0
0
0
0
0
0
0
0
0
0
0
0
0
0
0
0
0
0
0
0
0
0
0
0
0
0
0
0
0
0
0
0
0
0
0
0
0
0
0
0
0
0
0
0
0
0
0
0
0
0
0
0
0
0
0
0
0
0
0
0
0
0
0
0
0
0
0
0
0
0
0
0
0
0
0
0
0
0
0
0
0
0
0
0
0
0
0
0
0
0
0
0
0
0
0
0
0
0
0
0
0
0
0
0
0
0
0
0
0
0
0
0
0
0
0
0
0
0
0
0
0
0
0
0
0
0
0
0
0
0
0
0
0
0
0
0
0
0
0
0
0
0
0
0
0
0
0
0
0
0
0
0
0
0
0
0
0
0
0
0
0
0
0
0
0
0
0
0
0
0
0
0
0
0
0
0
0
0
0
0
0
0
0
0
0
0
0
0
0
0
0
0
0
0
0
0
0
0
0
0
0
0
0
0
0
0
0
0
0
0
0
0
0
0
0
0
0
0
0
0
0
0
0
0
0
0
0
0
0
0
0
0
0
0
0
0
0
0
0
0
0
0
0
0
0
0
0
0
0
0
0
0
0
0
0
0
0
0
0
0
0
0
0
0
0
0
0
0
0
0
0
0
0
0
0
0
0
0
0
0
0
0
0
0
0
0
0
0
0
0
0
0
0
0
0
0
0
0
0
0
0
0
0
0
0
0
0
0
0
0
0
0
0
0
0
0
0
0
0
0
0
0
0
0
0
0
0
0
0
0
0
0
0
0
0
0
0
0
0
0
0
0
0
0
0
0
0
0
0
0
0
0
0
0
0
0
0
0
0
0
0
0
0
0
0
0
0
0
0
0
0
0
0
0
0
0
0
0
0
0
0
0
0
0
0
0
0
0
0
0
0
0
0
0
0
0
0
0
0
0
0
0
0
0
0
0
0
0
0
0
0
0
0
0
0
0
0
0
0
0
0
0
0
0
0
0
0
0
0
0
0
0
0
0
0
0
0
0
0
0
0
0
0
0
0
0
0
0
0
0
0
0
0
0
0
0
0
0
0
0
0
0
0
0
0
0
0
0
0
0
0
0
0
0
0
0
0
0
0
0
0
0
0
0
0
0
0
0
0
0
0
0
0
0
0
0
0
0
0
0
0
0
0
0
0
0
0
0
0
0
0
0
0
0
0
0
0
0
0
0
0
0
0
0
0
0
0
0
0
0
0
0
0
0
0
0
0
0
0
0
0
0
0
0
0
0
0
0
0
0
0
0
0
0
0
0
0
0
0
0
0
0
0
0
0
0
0
0
0
0
0
0
0
0
0
0
0
0
0
0
0
0
0
0
0
0
0
0
0
0
0
0
0
0
0
0
0
0
0
0
0
0
0
0
0
0
0
0
0
0
0
0
0
0
0
0
0
0
0
0
0
0
0
0
0
0
0
0
0
0
0
0
0
0
0
0
0
0
0
0
0
0
0
0
0
0
0
0
0
0
0
0
0
0
0
0
0
0
0
0
0
0
0
0
0
0
0
0
0
0
0
0
0
0
0
0
0
0
0
0
0
0
0
0
0
0
0
0
0
0
0
0
0
0
0
0
0
0
0
0
0
0
0
0
0
0
0
0
0
0
0
0
0
0
0
0
0
0
0
0
0
0
0
0
0
0
0
0
0
0
0
0
0
0
0
0
0
0
0
0
0
0
0
0
0
0
0
0
0
0
0
0
0
0
0
0
0
0
0
0
0
0
0
0
