-53
-20
96
150
70
26
56
34
44
46
-54
-87
-29
8
10
0
-14
-33
2
64
87
86
105
132
94
22
-10
16
47
-7
-79
-85
-32
50
52
11
-9
-20
50
99
61
29
-60
-137
-59
71
70
-77
-190
-156
0
132
64
-75
-81
-44
-74
-133
-184
-166
-93
-40
7
14
8
61
77
52
13
-57
-60
-9
33
-8
-108
-102
-31
43
102
67
27
13
4
89
207
210
99
-17
-74
-31
69
68
-30
-83
-25
73
115
129
115
99
142
159
112
50
15
-7
-55
-50
-4
-16
-21
-21
-44
-5
63
80
40
-5
-17
-53
-102
-118
-132
-126
-103
-112
-140
-122
-44
-13
-34
-45
-100
-162
-175
-189
-240
-284
-242
-182
-134
-39
12
10
48
93
105
116
128
121
131
142
94
44
50
54
30
28
46
74
146
203
210
220
227
218
196
161
132
121
153
181
143
116
120
96
99
123
85
43
44
55
52
-7
-104
-160
-136
-89
-124
-223
-298
-249
-109
-58
-137
-249
-292
-254
-216
-212
-348
-454
-246
-88
-150
-181
-303
-394
-212
-56
-101
-171
-143
-36
100
241
237
87
46
161
305
371
284
111
17
79
211
282
240
120
61
125
243
346
355
261
165
134
172
212
201
144
69
70
156
219
217
171
114
61
31
23
-16
-83
-119
-131
-139
-140
-118
-77
-114
-220
-277
-279
-282
-355
-510
-616
-605
-571
-486
-316
-242
-228
-125
-54
-43
10
-4
-128
-187
-152
-51
68
60
-49
-112
-8
242
406
408
318
211
255
410
422
258
63
-24
57
198
258
231
206
283
416
471
413
307
238
209
181
132
73
51
63
81
102
107
119
116
77
42
-18
-63
-71
-160
-276
-344
-365
-281
-233
-317
-423
-524
-581
-650
-800
-846
-657
-343
-141
-137
-146
-93
9
111
64
-34
-83
-52
73
90
33
-4
-7
138
258
250
210
132
142
249
306
370
462
404
205
70
49
159
357
414
303
227
287
383
409
348
198
81
75
79
63
60
67
65
51
41
46
83
124
84
-2
-70
-129
-189
-294
-456
-599
-639
-613
-650
-767
-948
-1019
-725
-309
-58
47
-28
-53
120
239
257
121
-141
-185
-63
1
32
-9
-75
-19
156
286
286
279
277
264
337
367
294
234
176
184
244
244
221
196
223
312
365
375
314
239
260
269
238
188
80
15
26
58
80
46
21
40
66
124
139
48
-50
-164
-326
-454
-550
-633
-700
-788
-945
-1227
-1367
-1048
-490
39
326
223
118
228
384
508
396
41
-224
-281
-265
-236
-175
-155
-99
100
246
316
406
441
461
457
372
282
181
95
29
-40
68
292
379
369
313
259
329
430
406
248
78
37
112
189
166
34
-75
-45
95
217
223
142
69
65
94
40
-106
-290
-470
-577
-631
-720
-827
-916
-1087
-1293
-1174
-730
-207
315
509
308
177
265
415
500
423
122
-268
-429
-376
-298
-192
-106
-47
60
231
414
502
527
513
415
329
234
89
0
-24
-16
36
190
412
506
485
422
320
305
344
324
232
89
-7
-55
-55
3
11
34
113
172
233
262
246
201
105
-11
-193
-444
-661
-792
-868
-956
-1048
-1217
-1409
-1257
-796
-288
216
474
462
483
545
569
563
400
57
-235
-404
-525
-493
-364
-266
-81
117
241
397
521
570
575
501
381
239
111
4
-88
-104
-52
61
211
360
558
666
584
444
280
201
251
224
68
-147
-302
-254
-52
146
214
204
234
287
356
363
227
24
-189
-375
-537
-751
-956
-1092
-1159
-1201
-1314
-1295
-941
-397
184
566
613
553
580
683
699
515
169
-264
-604
-689
-586
-428
-238
-65
34
166
384
595
753
781
616
357
118
-38
-84
-108
-144
-137
-79
63
276
485
680
781
689
459
205
51
60
67
-51
-199
-279
-184
87
316
384
333
271
301
365
327
148
-122
-372
-518
-637
-808
-979
-1120
-1219
-1328
-1438
-1307
-905
-332
325
734
804
778
734
690
664
489
62
-367
-643
-789
-678
-425
-259
-100
97
290
507
722
829
755
577
350
93
-107
-254
-335
-293
-148
58
231
331
426
529
642
757
713
422
87
-141
-250
-215
-145
-140
-130
-19
193
382
467
450
367
308
266
143
-72
-303
-481
-587
-646
-707
-840
-1016
-1178
-1375
-1449
-1230
-797
-142
529
862
948
858
642
574
530
330
47
-340
-669
-772
-701
-490
-242
-21
199
413
601
716
756
675
498
349
109
-170
-301
-380
-334
-129
88
329
481
521
553
547
583
589
407
140
-113
-265
-265
-180
-81
-37
29
191
361
495
528
423
287
176
56
-110
-307
-479
-614
-686
-736
-852
-995
-1193
-1474
-1603
-1393
-821
1
707
1042
1042
839
670
598
491
301
-39
-462
-722
-767
-679
-475
-233
-15
239
504
671
734
706
592
439
253
63
-110
-285
-384
-337
-176
75
353
555
642
630
555
469
393
290
127
-85
-243
-273
-210
-86
28
101
211
352
466
517
453
297
125
-30
-169
-286
-396
-469
-485
-519
-593
-727
-945
-1214
-1601
-1841
-1443
-569
364
1081
1253
996
731
611
600
522
245
-142
-523
-769
-817
-730
-563
-294
67
396
633
783
770
685
630
493
276
20
-300
-527
-550
-388
-95
168
352
504
625
734
750
623
389
149
55
-43
-223
-343
-407
-293
4
244
369
407
431
497
557
508
269
-37
-289
-456
-507
-519
-535
-559
-585
-658
-873
-1175
-1646
-2040
-1696
-737
357
1224
1424
1082
658
478
573
615
457
66
-473
-826
-934
-850
-594
-289
66
389
594
733
734
686
667
540
346
76
-262
-492
-575
-450
-135
167
404
540
568
616
652
606
473
230
-4
-146
-245
-293
-288
-214
-22
200
353
403
354
325
372
410
367
171
-132
-365
-444
-389
-297
-268
-348
-512
-713
-947
-1247
-1743
-2122
-1737
-755
323
1195
1402
1092
823
691
691
717
486
-5
-504
-854
-1027
-948
-686
-393
3
410
689
883
894
786
682
490
273
43
-274
-547
-657
-562
-287
77
425
646
768
799
724
625
452
234
1
-288
-444
-447
-357
-125
83
228
369
465
530
525
491
439
276
79
-152
-412
-536
-517
-425
-330
-334
-422
-585
-811
-1087
-1591
-2105
-1980
-1204
-171
861
1400
1292
949
724
734
762
628
296
-282
-779
-958
-972
-817
-533
-210
181
561
865
989
888
738
545
301
109
-119
-399
-595
-627
-436
-112
218
585
863
893
794
626
426
274
87
-133
-373
-549
-469
-252
-16
231
367
450
524
562
586
486
291
109
-101
-278
-400
-512
-534
-475
-352
-239
-296
-467
-751
-1220
-1807
-2200
-1882
-965
70
984
1342
1110
855
795
832
838
662
212
-375
-772
-936
-976
-835
-555
-221
189
596
878
985
925
765
548
308
94
-152
-444
-653
-681
-495
-112
360
752
912
863
740
580
447
385
212
-117
-439
-643
-595
-316
7
258
374
439
538
634
699
611
364
116
-123
-344
-514
-628
-627
-522
-376
-295
-347
-504
-793
-1259
-1873
-2228
-1866
-967
120
1026
1318
1133
896
819
875
880
691
213
-393
-807
-975
-942
-754
-521
-264
55
478
880
1063
1045
834
483
219
34
-174
-373
-524
-552
-397
-102
215
571
910
976
844
624
327
140
6
-166
-341
-476
-431
-271
-50
218
379
475
552
580
584
511
346
90
-185
-367
-488
-521
-460
-380
-276
-205
-220
-336
-601
-992
-1556
-2165
-2229
-1605
-647
415
1139
1275
1141
1048
1112
1158
989
563
-121
-738
-1035
-1111
-984
-771
-561
-254
133
575
1001
1244
1269
1042
638
232
-153
-434
-564
-624
-541
-332
-80
313
717
931
989
884
641
402
195
-60
-362
-573
-629
-555
-314
-11
195
370
552
678
768
748
554
281
-3
-244
-431
-568
-606
-532
-380
-200
-70
-76
-170
-264
-497
-905
-1440
-2066
-2295
-1820
-956
8
766
1117
1201
1221
1335
1381
1156
731
105
-540
-904
-1020
-977
-846
-673
-409
-50
414
864
1117
1178
1043
736
384
38
-258
-439
-496
-458
-335
-169
50
424
762
883
883
695
424
234
30
-152
-323
-455
-452
-386
-201
59
251
442
568
598
611
531
386
195
-89
-347
-521
-589
-521
-426
-365
-363
-431
-497
-613
-834
-1176
-1642
-1860
-1538
-856
-17
712
1078
1158
1149
1161
1126
929
575
81
-415
-700
-809
-827
-747
-625
-417
-60
365
758
982
989
888
686
424
183
-100
-348
-461
-475
-340
-137
127
535
788
822
772
545
356
298
163
-47
-338
-567
-566
-402
-81
198
275
352
438
519
654
650
464
181
-178
-451
-603
-653
-563
-466
-391
-342
-382
-418
-497
-685
-968
-1413
-1711
-1510
-1004
-340
360
781
963
1076
1125
1104
929
641
289
-122
-367
-512
-689
-726
-699
-593
-256
160
570
827
830
762
627
516
482
256
-56
-315
-536
-504
-275
50
435
633
688
639
441
332
291
198
86
-118
-326
-425
-413
-250
-64
77
250
382
480
572
536
387
197
-18
-199
-341
-454
-513
-534
-504
-418
-354
-339
-367
-490
-720
-1036
-1350
-1424
-1157
-677
-126
328
589
727
845
990
1061
951
695
328
-51
-295
-447
-569
-634
-638
-546
-312
48
427
670
754
731
614
489
393
242
48
-132
-247
-207
-47
138
302
369
360
339
305
308
310
240
107
-73
-217
-261
-220
-102
-1
37
79
132
218
336
390
326
176
7
-141
-238
-285
-333
-376
-376
-360
-373
-404
-459
-591
-755
-939
-1150
-1189
-968
-602
-167
199
407
531
641
783
916
919
781
495
106
-216
-410
-493
-465
-412
-376
-294
-150
71
338
550
668
648
517
389
248
115
37
-53
-96
-60
-6
129
252
284
313
281
247
290
275
217
128
-45
-173
-220
-210
-126
-58
-4
74
119
185
259
258
245
202
77
-61
-200
-310
-342
-328
-298
-322
-430
-526
-619
-706
-756
-887
-1007
-950
-796
-509
-103
205
424
588
681
768
816
786
655
387
96
-147
-353
-442
-434
-427
-377
-273
-150
44
267
435
536
534
470
401
304
238
176
65
23
44
60
125
173
168
175
185
205
233
228
199
121
13
-41
-80
-112
-79
-39
-19
28
71
100
135
156
169
155
117
99
53
-25
-107
-221
-312
-356
-399
-429
-477
-573
-678
-804
-908
-899
-782
-574
-310
-67
103
190
264
377
495
633
735
680
503
259
-7
-189
-276
-290
-271
-273
-256
-225
-183
-61
82
204
337
417
432
416
353
279
237
238
261
242
179
100
9
-44
-34
0
37
75
101
103
89
73
53
44
59
85
105
109
92
62
27
4
12
27
41
61
51
16
-10
-50
-109
-141
-150
-170
-204
-252
-322
-411
-489
-530
-540
-498
-392
-268
-138
-21
41
68
77
80
115
160
197
222
178
89
14
-58
-84
-53
-20
14
32
26
34
43
54
77
67
35
17
-6
-28
-37
-51
-64
-70
-80
-66
-34
-20
3
36
47
68
105
134
160
175
178
173
154
136
120
117
139
152
143
121
91
63
48
46
45
44
37
21
2
-21
-43
-57
-69
-82
-101
-123
-140
-152
-154
-144
-131
-113
-98
-90
-93
-103
-110
-101
-81
-63
-46
-24
-3
23
53
74
88
97
103
108
105
94
76
51
25
-1
-20
-31
-30
-17
-8
3
12
8
1
1
2
1
-2
-11
-26
-30
-16
3
18
30
32
32
38
43
42
36
30
31
32
34
36
28
20
17
17
20
24
21
9
-11
-31
-53
-70
-66
-59
-58
-54
-55
-64
-67
-71
-78
-87
-97
-95
-81
-63
-41
-18
4
29
57
84
103
108
101
91
78
65
46
20
-1
-16
-23
-18
-12
-4
10
22
36
49
51
42
22
0
-16
-25
-24
-17
-11
-5
-3
-7
-6
3
17
25
23
16
9
2
5
9
7
6
8
10
18
25
21
9
-12
-31
-37
-34
-35
-42
-51
-52
-40
-22
-17
-30
-44
-55
-59
-53
-48
-47
-42
-31
-18
0
17
31
49
68
81
87
80
67
49
27
2
-18
-28
-33
-36
-27
-19
-11
0
0
0
10
16
40
73
73
59
48
29
12
5
-6
-26
-32
-30
-33
-35
-38
-43
-43
-33
-22
-16
-11
-4
3
13
26
37
43
41
35
25
15
12
11
9
3
-5
-4
0
5
7
-1
-17
-32
-47
-60
-64
-64
-60
-53
-44
-32
-14
10
34
53
63
62
55
48
40
36
31
21
13
6
-2
-1
0
-1
-1
-11
-20
-22
-21
-16
-9
-7
-4
1
5
9
12
11
5
-3
-12
-21
-27
-31
-31
-27
-24
-18
-12
-6
2
10
14
16
14
8
2
-5
-14
-20
-20
-16
-7
5
13
18
19
17
13
7
-1
-7
-12
-16
-16
-14
-13
-10
-3
8
20
24
21
14
8
2
-5
-9
-9
-4
7
19
25
26
21
16
13
7
-1
-10
-20
-29
-34
-33
-28
-23
-12
4
17
27
31
24
14
6
-3
-11
-16
-17
-17
-14
-8
-1
6
15
20
21
21
19
12
4
-6
-14
-17
-15
-8
-2
2
4
5
7
9
10
11
7
0
-7
-11
-13
-9
-3
3
9
16
21
20
13
2
-12
-23
-27
-26
-23
-18
-13
-6
4
13
20
23
20
14
6
-1
-6
-10
-14
-16
-17
-16
-10
3
14
22
22
13
1
-9
-18
-20
-17
-15
-13
-9
-6
2
10
15
16
14
10
8
7
5
2
-2
-5
-3
1
5
7
6
6
5
3
0
-6
-13
-18
-23
-27
-27
-22
-14
-2
10
19
26
30
29
24
15
2
-13
-24
-31
-33
-27
-20
-13
-5
2
10
20
29
33
30
20
10
0
-5
-4
0
5
9
11
9
5
1
-3
-6
-8
-9
-10
-9
-8
-6
-3
3
11
20
27
28
23
16
8
0
-7
-14
-18
-20
-19
-13
-3
7
15
19
18
14
9
1
-9
-21
-31
-37
-37
-33
-25
-14
-1
12
22
26
23
15
2
-12
-25
-35
-37
-35
-27
-14
-2
9
17
22
24
24
21
15
7
-1
-7
-7
-3
1
4
5
5
8
11
13
11
3
-9
-17
-20
-20
-14
-7
3
15
29
40
46
46
38
26
11
-3
-16
-24
-30
-31
-27
-19
-9
0
7
10
10
8
5
-1
-9
-17
-24
-26
-23
-15
-3
11
23
30
31
26
13
-2
-18
-32
-41
-43
-39
-28
-14
-1
8
13
16
18
20
18
12
2
-9
-17
-17
-11
-3
6
14
19
23
24
23
17
6
-7
-17
-23
-23
-18
-10
-1
9
17
26
33
37
37
32
21
8
-5
-14
-18
-18
-14
-9
-4
1
5
6
5
0
-5
-11
-17
-23
-27
-26
-21
-11
3
17
29
36
36
29
17
1
-16
-30
-41
-48
-48
-43
-32
-18
-3
10
20
26
27
24
17
6
-5
-14
-20
-19
-16
-9
-1
5
11
15
17
17
16
12
8
4
1
0
-1
-3
-2
-1
3
10
16
20
20
17
11
5
0
-1
-2
0
2
5
8
8
7
3
-4
-11
-19
-25
-28
-29
-27
-20
-10
0
11
21
27
30
29
23
12
-1
-14
-26
-34
-37
-36
-30
-20
-9
1
9
14
18
19
16
9
0
-9
-15
-16
-13
-7
0
5
9
12
15
17
17
16
14
10
7
3
-2
-6
-10
-10
-7
0
8
13
16
15
10
4
-2
-6
-8
-9
-9
-7
-3
2
6
9
9
5
0
-5
-9
-11
-11
-12
-11
-10
-7
-2
3
7
9
9
7
3
-2
-6
-10
-12
-12
-12
-11
-9
-7
-4
0
4
5
5
2
-2
-4
-5
-3
0
4
7
8
7
7
6
7
8
8
9
8
6
3
0
-3
-6
-6
-4
-1
3
6
7
6
4
1
-2
-5
-7
-7
-6
-3
1
5
8
9
7
4
0
-4
-7
-9
-11
-11
-10
-7
-2
3
6
8
8
7
5
2
-1
-2
-3
-4
-5
-6
-7
-7
-6
-3
0
4
5
4
1
-3
-7
-9
-7
-4
0
3
4
5
5
6
8
10
11
11
10
7
5
4
1
-2
-5
-8
-8
-7
-4
-2
0
2
2
2
2
2
1
2
2
2
2
3
3
2
0
-1
-2
-5
-7
-9
-9
-6
-2
3
7
8
5
1
-3
-5
-6
-5
-4
-3
-3
-3
-4
-4
-3
-2
0
2
3
4
3
0
-3
-6
-8
-8
-6
-2
1
4
6
8
9
9
10
10
8
6
3
1
-2
-5
-7
-10
-11
-11
-9
-5
0
5
9
11
11
10
8
4
1
-2
-5
-6
-5
-3
0
1
3
3
2
1
1
2
4
5
6
5
2
-1
-5
-8
-9
-9
-7
-5
-4
-2
-1
1
2
4
5
5
5
4
2
0
-4
-8
-11
-13
-13
-10
-6
-1
4
8
10
11
11
11
10
8
6
2
-2
-6
-9
-11
-12
-11
-9
-5
-2
3
6
9
10
9
7
3
-1
-5
-6
-6
-4
-2
2
4
6
7
6
5
3
2
0
-1
-2
-2
-2
-2
-3
-3
-3
-4
-3
-3
-2
-2
-1
0
1
2
3
4
5
5
5
4
2
-1
-4
-7
-9
-9
-8
-6
-3
0
4
8
10
11
11
10
8
5
1
-3
-7
-10
-11
-11
-9
-6
-2
1
4
5
6
5
3
1
-1
-3
-3
-2
1
4
7
8
8
7
4
1
-3
-6
-9
-10
-10
-8
-5
-2
2
5
7
8
7
5
1
-2
-5
-8
-8
-7
-5
-1
3
6
9
11
10
8
4
0
-6
-10
-13
-14
-13
-10
-5
0
6
11
14
16
15
13
9
4
-2
-7
-11
-14
-14
-13
-10
-5
0
4
6
7
6
5
2
0
-2
-2
0
2
4
6
7
6
4
1
-2
-5
-8
-10
-10
-8
-5
-2
2
6
9
10
11
9
6
1
-4
-8
-11
-12
-11
-8
-4
0
5
9
12
13
12
9
3
-2
-8
-13
-15
-16
-13
-10
-4
2
8
13
15
15
13
9
5
0
-5
-9
-12
-13
-12
-9
-5
0
4
7
8
8
6
4
1
-1
-2
-2
0
1
2
3
3
2
0
-2
-4
-5
-7
-7
-5
-3
0
4
7
9
10
11
9
5
0
-6
-11
-14
-16
-14
-10
-6
0
6
11
16
17
17
13
7
0
-7
-12
-16
-17
-16
-13
-8
-2
4
9
13
14
14
12
9
4
0
-5
-9
-10
-11
-10
-7
-4
0
3
5
6
6
5
3
2
1
0
1
1
1
0
-1
-2
-3
-3
-3
-3
-2
-1
0
1
2
4
5
6
6
6
5
3
0
-3
-7
-10
-10
-10
-7
-4
0
4
7
9
9
8
6
3
-1
-5
-8
-9
-10
-10
-8
-5
-2
1
5
8
10
10
9
6
3
0
-3
-5
-8
-9
-8
-6
-3
-1
1
3
6
7
6
5
4
4
2
0
-2
-3
-4
-4
-4
-4
-4
-2
2
4
4
3
2
1
0
-1
-2
-2
-1
0
2
3
3
3
3
2
0
-1
-2
-1
-1
-3
-5
-6
-4
-1
0
0
-1
0
3
3
0
-3
-5
-6
-5
-4
-2
0
3
5
6
5
4
4
4
2
0
-3
-4
-3
0
1
2
3
5
7
8
7
7
5
2
0
-2
-5
-7
-8
-8
-5
-3
-1
2
4
2
1
0
0
-2
-6
-10
-11
-9
-4
1
5
6
6
6
7
6
3
0
-2
-4
-8
-13
-16
-11
-4
0
1
5
10
11
10
9
7
6
4
1
-1
-3
0
9
12
5
-4
-5
0
4
5
5
2
-3
-4
-5
-7
-8
-7
-5
0
4
6
4
0
-3
-1
4
2
-7
-11
-10
-9
-6
0
6
9
8
4
-1
-5
-10
-14
-21
-29
-34
-30
-19
-9
-7
-10
-14
-10
2
0
-14
-12
-1
-4
-17
-26
-19
-5
7
24
48
67
68
63
70
73
54
30
24
35
47
49
35
13
0
1
2
-9
-25
-28
-22
-19
-26
-41
-50
-49
-47
-38
-22
-13
-16
-22
-21
-16
-20
-26
-28
-30
-34
-33
-24
-15
-14
-16
-15
-14
-14
-13
-9
-7
-10
-10
-6
0
10
22
33
41
45
48
60
75
81
80
76
71
65
59
53
55
66
74
69
50
35
34
40
50
56
43
16
-11
-22
-8
17
21
-4
-21
-11
-4
-17
-38
-34
24
78
16
-124
-158
-22
128
115
-51
-197
-175
-35
51
-18
-186
-300
-276
-200
-213
-341
-487
-555
-455
-216
-96
-245
-449
-432
-186
87
175
61
-59
-8
202
414
464
333
216
283
446
527
482
360
261
270
341
350
251
116
57
90
120
93
51
8
-49
-73
-42
-10
-13
-37
-62
-75
-48
27
100
101
36
11
98
205
211
128
61
71
136
167
101
-20
-96
-78
-33
-81
-224
-343
-388
-422
-485
-589
-752
-830
-628
-349
-393
-692
-796
-527
-132
68
-33
-235
-209
128
499
568
325
149
325
650
766
621
414
338
444
581
524
291
103
70
129
131
3
-133
-175
-181
-195
-194
-199
-230
-221
-147
-95
-101
-92
-5
136
212
159
109
199
355
412
333
225
228
345
401
290
119
47
112
193
131
-52
-170
-137
-54
-56
-181
-328
-342
-225
-166
-276
-448
-512
-447
-394
-472
-644
-777
-668
-292
-88
-378
-723
-583
-117
202
177
-89
-252
1
472
652
417
126
157
501
749
625
340
208
288
457
496
282
29
-8
85
111
32
-104
-195
-184
-147
-149
-168
-199
-228
-200
-123
-66
-17
17
-25
-46
85
242
250
171
172
260
317
314
302
286
252
226
216
190
150
125
86
6
-67
-76
-62
-90
-143
-169
-175
-195
-223
-245
-277
-319
-363
-435
-531
-596
-618
-566
-398
-284
-410
-576
-472
-172
40
54
-67
-128
67
391
504
359
212
261
484
651
570
359
271
352
458
434
243
52
28
96
97
-9
-152
-231
-195
-138
-169
-242
-277
-270
-210
-130
-111
-132
-130
-86
-3
92
184
246
195
104
190
406
492
403
254
153
251
469
446
145
-47
50
227
242
29
-216
-209
-9
70
-74
-270
-313
-180
-73
-162
-335
-385
-331
-322
-405
-536
-638
-613
-438
-239
-252
-503
-605
-324
20
104
-37
-193
-122
216
493
413
157
108
327
577
608
394
202
256
436
498
352
112
-5
67
154
87
-84
-207
-211
-141
-113
-181
-257
-269
-233
-166
-111
-123
-142
-98
-33
20
71
91
87
115
159
227
350
353
214
234
387
383
272
227
212
222
262
177
3
-20
65
54
-46
-143
-190
-138
-71
-129
-225
-227
-187
-165
-164
-210
-279
-299
-286
-343
-457
-525
-581
-449
-49
-80
-643
-721
-193
169
172
-68
-368
-222
389
651
248
-111
14
382
669
569
154
11
303
555
474
196
-27
-3
190
226
16
-168
-194
-130
-46
-77
-216
-252
-194
-159
-102
-66
-118
-132
-61
9
71
115
88
40
80
190
225
176
189
260
252
176
162
251
306
203
60
61
170
216
109
-70
-116
27
124
0
-184
-207
-72
44
-16
-196
-253
-112
24
-37
-226
-315
-235
-144
-220
-423
-602
-618
-221
208
-202
-883
-657
13
275
121
-314
-554
-53
626
548
-38
-239
109
562
700
376
-11
73
474
615
366
77
-7
114
279
213
-43
-161
-109
-44
-18
-97
-228
-245
-187
-143
-92
-111
-203
-192
-79
3
28
16
-13
4
113
208
168
121
197
266
239
208
215
240
271
251
155
122
188
190
87
-10
-24
34
49
-54
-158
-149
-73
-48
-118
-206
-206
-131
-77
-126
-236
-266
-216
-203
-215
-240
-378
-504
-352
-118
-162
-314
-334
-285
-128
69
31
-133
-109
84
238
248
163
106
173
327
395
303
197
200
272
319
275
146
53
77
121
89
8
-82
-126
-89
-58
-93
-150
-184
-170
-114
-84
-104
-116
-101
-61
3
41
35
28
61
114
141
168
203
185
158
186
221
217
184
152
153
163
133
74
42
41
37
8
-48
-85
-74
-63
-83
-112
-121
-113
-115
-120
-108
-112
-133
-131
-137
-170
-182
-190
-218
-216
-229
-285
-251
-162
-194
-268
-243
-156
-65
-14
-65
-128
-43
117
172
122
77
113
220
299
274
191
171
241
287
244
165
105
102
136
118
31
-43
-55
-36
-36
-76
-130
-147
-123
-106
-110
-119
-129
-105
-48
-21
-20
-5
16
41
81
112
115
106
144
213
203
161
172
181
188
213
179
108
114
156
129
67
20
-6
-2
3
-44
-106
-128
-110
-102
-130
-154
-162
-171
-152
-135
-174
-203
-180
-168
-180
-190
-198
-183
-174
-189
-163
-113
-94
-86
-76
-73
-36
25
44
30
37
68
110
143
143
127
128
152
180
168
129
111
112
111
102
68
23
7
12
2
-22
-44
-60
-59
-51
-61
-78
-84
-74
-55
-40
-36
-25
-7
6
29
57
66
69
80
95
113
115
103
129
171
176
169
144
108
140
203
169
72
39
72
101
73
-20
-86
-56
-3
-18
-102
-170
-136
-57
-71
-158
-203
-172
-117
-105
-155
-201
-190
-137
-105
-142
-192
-173
-112
-87
-112
-115
-83
-60
-26
-3
-30
-24
44
75
59
51
67
106
138
125
91
91
119
134
110
66
54
67
63
43
9
-25
-20
-9
-34
-62
-73
-76
-62
-50
-63
-74
-64
-47
-26
-3
3
6
23
45
69
86
83
78
89
104
113
105
87
77
85
121
135
64
0
73
188
150
-3
-48
72
182
129
-37
-113
-2
128
76
-97
-166
-60
53
16
-126
-195
-103
2
-46
-163
-185
-122
-66
-65
-129
-181
-137
-67
-70
-113
-128
-106
-76
-63
-68
-74
-63
-17
24
7
-20
5
50
67
51
18
10
47
74
38
1
11
34
45
32
-1
-8
15
22
2
-23
-31
-16
-7
-17
-27
-28
-17
1
12
12
16
29
37
44
56
54
44
49
57
64
67
56
61
90
86
60
70
104
150
166
87
24
108
210
169
59
13
66
146
119
-4
-71
-24
49
34
-79
-141
-87
-39
-58
-103
-148
-149
-100
-97
-153
-177
-164
-153
-152
-172
-182
-153
-141
-136
-95
-85
-100
-63
-17
-2
24
30
23
67
118
108
90
99
121
148
144
105
83
84
91
89
43
-6
0
7
-19
-43
-67
-84
-69
-61
-81
-90
-87
-82
-61
-47
-51
-39
-14
4
24
40
41
56
80
86
86
85
80
87
92
80
65
52
45
40
24
0
-10
-12
-21
-34
-52
-63
-31
17
15
-20
-35
-2
73
109
55
-1
30
98
120
74
7
0
58
84
34
-28
-43
-16
0
-34
-84
-100
-85
-73
-87
-120
-129
-91
-60
-83
-110
-83
-30
-10
-30
-50
-26
24
45
20
-10
3
53
72
36
3
17
46
60
57
31
5
18
48
51
33
12
9
37
55
35
7
-2
12
33
16
-27
-35
2
26
-5
-60
-60
-6
23
-7
-53
-61
-15
26
-3
-63
-70
-22
13
-10
-69
-89
-44
-2
-24
-82
-103
-58
-11
-34
-90
-100
-64
-27
-19
-46
-65
-37
5
23
24
23
33
63
90
97
88
79
86
106
111
96
78
73
80
85
70
44
34
41
44
30
13
5
9
10
8
24
52
48
21
31
88
125
106
68
71
123
155
122
65
48
74
84
30
-54
-100
-99
-108
-161
-246
-330
-369
-369
-347
-265
-242
-413
-501
-277
-48
-63
-188
-248
-110
178
287
110
-27
112
374
466
307
142
190
357
431
313
109
58
181
230
110
-41
-114
-79
-7
-45
-177
-241
-203
-142
-119
-161
-209
-181
-109
-59
-40
-48
-39
21
79
93
93
99
117
153
174
162
132
111
118
130
116
82
37
3
-2
0
-32
-85
-113
-109
-106
-120
-155
-182
-169
-138
-128
-140
-144
-119
-77
-52
-58
-55
-19
28
54
52
51
74
105
123
118
102
106
128
127
104
86
75
63
57
42
12
-4
-5
-17
-31
-38
-42
-47
-54
-63
-61
-51
-53
-56
-44
-32
-19
-10
-18
41
158
130
-13
2
169
246
160
26
-3
133
243
134
-51
-75
54
136
36
-133
-167
-68
-4
-71
-208
-256
-165
-93
-148
-231
-247
-203
-133
-116
-171
-192
-131
-65
-50
-62
-61
-23
25
46
85
143
125
75
116
197
218
180
119
104
161
202
145
48
21
70
103
53
-26
-57
-40
-3
1
-61
-101
-65
-23
-13
-23
-40
-33
16
51
48
40
50
75
107
113
97
97
113
129
132
113
88
74
62
41
8
-40
-85
-105
-136
-205
-282
-323
-327
-311
-267
-251
-344
-410
-278
-107
-94
-169
-186
-79
108
197
106
27
129
308
373
284
178
213
334
376
282
146
117
192
209
105
-14
-56
-33
-8
-58
-170
-214
-166
-129
-148
-188
-207
-170
-112
-90
-94
-84
-44
8
38
40
47
77
111
131
137
130
125
125
129
126
105
85
66
45
32
19
-9
-40
-57
-63
-72
-94
-118
-128
-120
-110
-113
-123
-118
-93
-74
-70
-66
-55
-24
9
18
21
32
51
73
84
81
79
86
97
97
82
66
59
57
48
34
14
0
-3
-15
-31
-40
-50
-59
-67
-62
-29
-10
-29
-19
18
24
32
61
61
50
75
99
92
78
62
61
75
66
34
10
9
19
5
-45
-76
-63
-63
-93
-118
-136
-134
-116
-131
-162
-160
-142
-131
-128
-139
-134
-103
-81
-67
-62
-74
-12
105
63
-63
11
178
191
100
38
68
185
235
128
17
45
155
194
88
-23
9
97
110
51
-34
-46
43
80
8
-42
-23
20
61
49
-5
0
65
102
85
54
62
109
126
97
73
71
82
94
61
-8
-31
-9
-30
-111
-178
-193
-197
-258
-342
-348
-317
-323
-301
-286
-354
-338
-181
-99
-137
-140
-77
22
130
146
97
122
225
312
307
237
227
293
323
281
209
152
157
176
110
12
-17
-18
-30
-51
-107
-151
-135
-113
-119
-133
-141
-123
-83
-61
-56
-37
-13
16
54
63
58
79
103
115
119
104
87
83
78
71
55
27
8
4
-14
-43
-55
-69
-86
-91
-100
-117
-118
-103
-85
-75
-80
-69
-36
-19
1
44
41
7
47
118
117
77
63
79
115
127
80
31
39
75
68
10
-36
-23
1
-16
-54
-81
-77
-50
-46
-78
-93
-75
-54
-49
-58
-64
-52
-30
-20
-24
-27
-26
-17
-9
-11
-17
-23
-24
-16
-13
-21
-30
-30
-21
-14
-14
-10
-4
-2
4
16
28
33
37
58
89
80
50
81
139
135
92
74
102
145
140
85
54
83
122
105
40
11
50
81
57
12
-14
3
36
20
-30
-50
-41
-43
-67
-104
-130
-143
-164
-197
-229
-255
-262
-256
-270
-291
-275
-229
-194
-184
-183
-143
-61
-2
2
8
58
120
163
176
166
178
220
248
234
196
175
186
189
157
110
72
57
57
38
-7
-38
-34
-27
-34
-45
-54
-48
-29
-13
-7
1
10
33
80
96
60
79
162
162
89
87
146
161
119
61
39
75
88
16
-54
-45
-8
-27
-96
-134
-114
-95
-116
-154
-170
-147
-123
-138
-161
-146
-120
-119
-123
-111
-100
-98
-91
-76
-69
-75
-75
-63
-49
-41
-43
-47
-35
-9
9
6
3
19
49
70
69
68
86
111
125
125
122
133
151
157
148
143
145
150
144
128
117
116
107
94
85
78
68
56
46
49
51
33
7
0
10
13
-10
-43
-53
-38
-33
-54
-87
-98
-74
-65
-98
-123
-120
-121
-136
-158
-182
-191
-187
-202
-252
-281
-218
-145
-201
-287
-230
-114
-75
-98
-139
-119
9
98
40
-18
38
139
179
137
87
113
184
206
156
99
109
159
156
99
62
60
83
102
63
9
24
66
67
44
28
29
62
95
81
50
50
85
128
130
77
43
80
135
124
52
13
45
83
59
-7
-45
-21
14
-13
-78
-97
-68
-47
-63
-99
-116
-98
-78
-85
-100
-103
-101
-95
-83
-84
-89
-88
-92
-90
-77
-75
-86
-93
-93
-85
-71
-71
-83
-81
-62
-44
-35
-41
-34
-1
20
22
30
46
67
93
99
91
108
140
142
126
128
147
156
142
123
121
128
128
116
92
78
91
99
75
51
53
58
51
45
41
34
27
20
10
-2
-11
-15
-14
-16
-27
-37
-33
-26
-28
-40
-47
-40
-40
-58
-70
-63
-62
-85
-112
-125
-132
-145
-176
-211
-217
-201
-220
-269
-276
-233
-191
-182
-214
-226
-148
-53
-46
-83
-69
0
67
80
62
64
86
114
142
137
102
97
118
121
106
83
67
73
80
77
63
44
55
96
99
65
70
110
134
134
119
121
155
178
160
138
136
152
160
134
104
99
103
94
67
39
34
36
13
-11
-22
-40
-50
-53
-73
-91
-94
-97
-100
-112
-125
-117
-109
-126
-138
-128
-125
-128
-132
-142
-137
-123
-128
-140
-146
-134
-103
-108
-136
-107
-74
-98
-80
-24
-48
-71
-9
12
-18
10
40
21
22
54
81
89
67
48
87
131
117
81
73
103
139
127
89
90
125
138
118
100
111
126
122
109
102
106
114
108
93
98
105
85
78
86
67
47
51
46
30
16
0
-6
-5
-17
-39
-55
-58
-55
-71
-107
-114
-98
-107
-134
-154
-159
-148
-145
-171
-195
-195
-180
-172
-191
-213
-187
-145
-159
-179
-140
-104
-109
-104
-83
-68
-52
-31
-27
-22
7
27
23
34
62
69
56
54
70
87
84
61
57
89
108
90
75
94
125
131
115
107
130
157
150
125
128
152
158
140
119
121
142
147
113
87
101
114
96
70
59
58
53
39
21
11
10
-1
-17
-17
-20
-38
-45
-38
-41
-57
-72
-79
-72
-63
-85
-117
-106
-77
-88
-122
-126
-106
-98
-112
-136
-137
-115
-115
-140
-156
-154
-134
-116
-130
-142
-132
-130
-101
-33
-46
-130
-96
29
55
-9
-43
-2
87
120
44
0
76
137
96
52
68
102
110
87
71
91
108
84
67
94
106
78
68
92
111
107
85
77
114
136
96
70
100
122
101
72
60
75
93
67
24
23
51
46
1
-23
-3
13
-18
-58
-54
-30
-35
-69
-90
-80
-67
-81
-107
-114
-102
-105
-126
-130
-117
-122
-136
-133
-122
-120
-127
-139
-132
-105
-110
-139
-125
-90
-91
-92
-75
-77
-70
-26
-9
-37
-34
2
17
26
29
3
7
67
88
37
16
58
99
105
80
55
75
124
138
108
85
99
133
145
124
104
106
119
137
137
102
80
108
134
114
76
66
84
97
83
53
42
53
59
47
28
19
21
18
8
0
-9
-20
-30
-34
-39
-50
-65
-74
-73
-75
-90
-101
-102
-101
-100
-105
-117
-122
-112
-106
-116
-128
-127
-116
-111
-122
-134
-128
-108
-102
-115
-117
-105
-92
-71
-59
-77
-78
-39
-7
-11
-25
-21
8
51
51
10
8
61
93
67
36
46
87
109
84
61
83
114
114
93
90
112
123
108
102
115
119
111
111
115
115
109
101
101
107
98
74
68
77
75
57
40
31
35
39
23
-1
-3
1
-6
-20
-35
-44
-44
-47
-64
-77
-78
-81
-87
-95
-100
-98
-101
-112
-113
-105
-106
-117
-121
-114
-108
-111
-116
-112
-106
-99
-95
-97
-93
-79
-73
-74
-66
-57
-51
-43
-41
-32
-10
-13
-22
18
47
6
-4
59
81
50
37
46
68
102
88
42
57
101
103
87
76
75
98
110
89
88
101
86
79
98
96
80
73
69
74
85
67
47
60
65
50
47
47
36
35
35
20
14
17
6
-6
-10
-17
-20
-25
-40
-47
-43
-53
-64
-60
-67
-81
-77
-76
-86
-83
-81
-91
-88
-74
-79
-86
-78
-68
-66
-68
-69
-61
-52
-55
-55
-46
-47
-51
-39
-33
-38
-36
-30
-28
-21
-16
-17
-11
-5
-4
3
9
10
21
25
13
23
50
44
24
34
51
54
53
43
38
58
70
52
43
57
64
63
63
55
54
70
72
58
58
65
61
58
63
56
47
47
50
50
43
28
23
32
30
17
6
0
0
5
-6
-24
-27
-23
-26
-31
-40
-51
-48
-42
0
0
0
0
0
0
0
0
0
0
0
0
0
0
0
0
0
0
0
0
0
0
0
0
0
0
0
0
0
0
0
0
0
0
0
0
0
0
0
0
0
0
0
0
0
0
0
0
0
0
0
0
0
0
0
0
0
0
0
0
0
0
0
0
0
0
0
0
0
0
0
0
0
0
0
0
0
0
0
0
0
0
0
0
0
0
0
0
0
0
0
0
0
0
0
0
0
0
0
0
0
0
0
0
0
0
0
0
0
0
0
0
0
0
0
0
0
0
0
0
0
0
0
0
0
0
0
0
0
0
0
0
0
0
0
0
0
0
0
0
0
0
0
0
0
0
0
0
0
0
0
0
0
0
0
0
0
0
0
0
0
0
0
0
0
0
0
0
0
0
0
0
0
0
0
0
0
0
0
0
0
0
0
0
0
0
0
0
0
0
0
0
0
0
0
0
0
0
0
0
0
0
0
0
0
0
0
0
0
0
0
0
0
0
0
0
0
0
0
0
0
0
0
0
0
0
0
0
0
0
0
0
0
0
0
0
0
0
0
0
0
0
0
0
0
0
0
0
0
0
0
0
0
0
0
0
0
0
0
0
0
0
0
0
0
0
0
0
0
0
0
0
0
0
0
0
0
0
0
0
0
0
0
0
0
0
0
0
0
0
0
0
0
0
0
0
0
0
0
0
0
0
0
0
0
0
0
0
0
0
0
0
0
0
0
0
0
0
0
0
0
0
0
0
0
0
0
0
0
0
0
0
0
0
0
0
0
0
0
0
0
0
0
0
0
0
0
0
0
0
0
0
0
0
0
0
0
0
0
0
0
0
0
0
0
0
0
0
0
0
0
0
0
0
0
0
0
0
0
0
0
0
0
0
0
0
0
0
0
0
0
0
0
0
0
0
0
0
0
0
0
0
0
0
0
0
0
0
0
0
0
0
0
0
0
0
0
0
0
0
0
0
0
0
0
0
0
0
0
0
0
0
0
0
0
0
0
0
0
0
0
0
0
0
0
0
0
0
0
0
0
0
0
0
0
0
0
0
0
0
0
0
0
0
0
0
0
0
0
0
0
0
0
0
0
0
0
0
0
0
0
0
0
0
0
0
0
0
0
0
0
0
0
0
0
0
0
0
0
0
0
0
0
0
0
0
0
0
0
0
0
0
0
0
0
0
0
0
0
0
0
0
0
0
0
0
0
0
0
0
0
0
0
0
0
0
0
0
0
0
0
0
0
0
0
0
0
0
0
0
0
0
0
0
0
0
0
0
0
0
0
0
0
0
0
0
0
0
0
0
0
0
0
0
0
0
0
0
0
0
0
0
0
0
0
0
0
0
0
0
0
0
0
0
0
0
0
0
0
0
0
0
0
0
0
0
0
0
0
0
0
0
0
0
0
0
0
0
0
0
0
0
0
0
0
0
0
0
0
0
0
0
0
0
0
0
0
0
0
0
0
0
0
0
0
0
0
0
0
0
0
0
0
0
0
0
0
0
0
0
0
0
0
0
0
0
0
0
0
0
0
0
0
0
0
0
0
0
0
0
0
0
0
0
0
0
0
0
0
0
0
0
0
0
0
0
0
0
0
0
0
0
0
0
0
0
0
0
0
0
0
0
0
0
0
0
0
0
0
0
0
0
0
0
0
0
0
0
0
0
0
0
0
0
0
0
0
0
0
0
0
0
0
0
0
0
0
0
0
0
0
0
0
0
0
0
0
0
0
0
0
0
0
0
0
0
0
0
0
0
0
0
0
0
0
0
0
0
0
0
0
0
0
0
0
0
0
0
0
0
0
0
0
0
0
0
0
0
0
0
0
0
0
0
0
0
0
0
0
0
0
0
0
0
0
0
0
0
0
0
0
0
0
0
0
0
0
0
0
0
0
0
0
0
0
0
0
0
0
0
0
0
0
0
0
0
0
0
0
0
0
0
0
0
0
0
0
0
0
0
0
0
0
0
0
0
0
0
0
0
0
0
0
0
0
0
0
0
0
0
0
0
0
0
0
0
0
0
0
0
0
0
0
0
0
0
0
0
0
0
0
0
0
0
0
0
0
0
0
0
0
0
0
0
0
0
0
0
0
0
0
0
0
0
0
0
0
0
0
0
0
0
0
0
0
0
0
0
0
0
0
0
0
0
0
0
0
0
0
0
0
0
0
0
0
0
0
0
0
0
0
0
0
0
0
0
0
0
0
0
0
0
0
0
0
0
0
0
0
0
0
0
0
0
0
0
0
0
0
0
0
0
0
0
0
0
0
0
0
0
0
0
0
0
0
0
0
0
0
0
0
0
0
0
0
0
0
0
0
0
0
0
0
0
0
0
0
0
0
0
0
0
0
0
0
0
0
0
0
0
0
0
0
0
0
0
0
0
0
0
0
0
0
0
0
0
0
0
0
0
0
0
0
0
0
0
0
0
0
0
0
0
0
0
0
0
0
0
0
0
0
0
0
0
0
0
0
0
0
0
0
0
0
0
0
0
0
0
0
0
0
0
0
0
0
0
0
0
0
0
0
0
0
0
0
0
0
0
0
0
0
0
0
0
0
0
0
0
0
0
0
0
0
0
0
0
0
0
0
0
0
0
0
0
0
0
0
0
0
0
0
0
0
0
0
0
0
0
0
0
0
0
0
0
0
0
0
0
0
0
0
0
0
0
0
0
0
0
0
0
0
0
0
0
0
0
0
0
0
0
0
0
0
0
0
0
0
0
0
0
0
0
0
0
0
0
0
0
0
0
0
0
0
0
0
0
0
0
0
0
0
0
0
0
0
0
0
0
0
0
0
0
0
0
0
0
0
0
0
0
0
0
0
0
0
0
0
0
0
0
0
0
0
0
0
0
0
0
0
0
0
0
0
0
0
0
0
0
0
0
0
0
