97
0
15
90
93
18
-76
-57
48
0
-119
-97
0
54
41
3
-30
-20
17
-29
-91
-27
69
58
14
5
24
65
64
54
40
-25
-51
-57
-63
-39
-14
-4
-35
-20
31
18
33
42
-22
-36
27
49
7
5
70
85
48
3
-68
-63
9
26
-60
-109
-17
8
-51
-71
-12
77
57
28
58
61
37
-7
-47
-35
41
56
-47
-73
-24
7
-14
-90
-44
54
20
-98
-125
-24
37
83
85
24
100
120
-72
-141
-10
57
27
-4
-49
-37
28
2
-72
-91
0
93
27
-63
-56
24
101
58
-28
19
85
77
51
-26
-64
13
64
-13
-101
-81
-20
10
12
-40
-86
5
84
17
-7
44
53
36
17
-3
22
42
48
85
-2
-116
-80
-49
-70
-58
-21
-23
-59
-57
4
71
67
73
97
16
-13
63
29
-28
-1
21
42
41
-44
-130
-113
-98
-125
-91
-38
23
92
93
54
30
30
66
139
128
24
-47
-69
-33
20
32
-21
-116
-151
-119
-68
-44
-9
54
68
61
49
24
37
99
155
171
98
-48
-107
-49
2
-56
-132
-117
-89
-49
-27
-102
-108
43
120
72
88
90
28
67
102
57
77
85
-39
-152
-109
-54
-96
-95
-34
-37
-100
-132
-100
-22
98
166
136
130
133
121
75
-6
35
67
-64
-191
-135
23
28
-80
-150
-122
-53
-36
-37
-71
38
224
156
24
36
151
199
56
-57
-22
26
-23
-130
-200
-154
-8
7
-114
-121
-37
21
63
74
71
120
141
66
75
100
20
35
83
30
-25
-120
-233
-144
-13
-55
-81
-125
-88
135
133
-14
-5
65
136
156
103
39
34
34
-20
-37
-60
-98
-77
-78
-132
-139
-34
8
-73
-48
36
65
24
-2
107
155
157
184
28
-141
-64
102
28
-181
-197
-90
4
-15
-102
-134
-99
39
114
66
37
112
152
9
16
159
128
66
20
-57
-75
-87
-180
-187
-21
48
-32
-133
-166
31
240
176
40
37
103
128
68
2
15
24
-18
-82
-116
-48
-11
-112
-200
-163
-83
11
92
55
46
134
95
12
62
121
141
85
-64
-152
-109
-91
-108
-36
-36
-71
-27
-36
-58
-31
71
170
97
-5
86
157
47
42
101
3
-48
-23
-101
-160
-115
-17
20
-23
-46
0
48
12
91
175
48
-7
13
0
47
80
4
-110
-110
-37
-24
-63
-84
-60
-27
16
34
-40
-59
37
102
74
4
-21
21
59
36
-55
-117
-77
-16
37
11
-84
-51
13
-4
9
56
75
28
-43
-46
41
99
42
-20
-20
26
55
-7
-54
-32
10
49
20
-47
-23
66
32
-52
-11
26
31
97
65
-48
-40
-74
-120
63
156
-13
-94
-33
11
72
55
-57
-50
-9
-28
-33
-85
-38
138
80
-108
-72
22
45
43
-62
-131
-21
40
30
89
95
55
15
-88
-113
-10
54
24
-39
-61
-21
12
12
16
15
20
31
-3
-34
23
81
79
35
-18
-25
2
30
20
-48
-112
-90
-34
1
36
23
-7
-23
-44
-6
66
77
30
33
77
27
-50
-77
-92
-42
50
21
-123
-127
-11
16
27
31
15
52
56
11
5
20
40
82
52
-46
-24
-9
-75
-10
21
-72
-79
-47
-30
58
135
81
6
-6
-5
46
114
79
-1
-64
-95
-40
19
-15
-70
-43
-4
-8
-17
-50
-9
70
56
26
-19
-28
94
157
40
-62
-57
-66
-47
44
0
-134
-120
-50
-42
10
65
19
6
51
26
-6
28
40
34
47
45
50
25
-50
-83
-47
-13
-49
-100
-84
-27
16
17
-11
4
90
165
100
-34
-36
51
72
54
42
-15
-87
-75
-14
-8
-28
-53
-109
-92
13
35
-10
18
79
99
80
30
2
45
65
10
-31
-46
-37
-20
-44
-22
3
-79
-126
-55
37
73
39
-35
-47
72
115
21
13
58
51
11
-59
-96
-28
48
9
-46
-32
-45
-65
-60
-28
51
85
17
-64
-45
63
94
7
-35
22
51
12
-41
-60
-14
54
34
-66
-90
-19
34
39
11
-22
-23
-13
-11
22
52
22
-19
-43
-47
6
59
39
13
7
-18
-33
-30
-15
42
85
47
5
-12
-66
-63
3
-18
-51
-20
-4
17
42
23
8
29
57
88
64
-11
-1
42
28
28
5
-50
-37
-32
-85
-78
-60
-77
-27
23
26
68
80
24
24
80
99
105
103
48
-8
-46
-88
-137
-162
-117
-66
-72
-90
-91
-67
-11
48
48
25
33
63
114
137
125
115
102
56
-44
-124
-135
-122
-120
-140
-131
-76
-33
-14
11
69
146
203
190
141
166
216
194
123
59
47
41
-26
-123
-185
-191
-182
-177
-167
-146
-100
-34
23
88
185
256
244
193
150
125
80
-3
-111
-218
-246
-234
-298
-388
-408
-383
-333
-247
-177
-89
56
157
169
170
197
274
387
407
320
233
121
-74
-268
-345
-324
-313
-341
-324
-193
25
200
230
220
335
507
598
609
587
609
658
563
292
29
-136
-269
-418
-555
-642
-644
-567
-445
-268
-99
-27
23
178
431
632
683
606
476
330
131
-131
-355
-489
-646
-884
-1065
-1061
-879
-630
-459
-375
-287
-202
-146
57
587
1224
1479
1163
612
274
224
182
-21
-244
-389
-566
-818
-1012
-942
-558
-138
66
142
302
591
894
1128
1278
1314
1198
924
600
379
205
-108
-555
-889
-1001
-1022
-1050
-1076
-1023
-807
-473
-84
337
682
862
909
892
829
704
516
290
51
-233
-592
-961
-1192
-1241
-1230
-1253
-1245
-1057
-656
-198
159
426
672
828
828
825
971
1165
1156
842
383
-10
-300
-596
-855
-890
-721
-565
-500
-416
-181
200
549
730
824
970
1123
1162
1082
1011
996
847
426
-115
-533
-756
-892
-1008
-1028
-924
-793
-685
-575
-421
-174
153
452
648
744
752
684
536
314
50
-223
-474
-693
-838
-871
-835
-820
-842
-797
-617
-365
-123
70
228
413
662
894
969
864
658
376
20
-318
-456
-319
-108
-66
-192
-357
-495
-490
-250
131
467
587
493
388
413
532
646
649
501
297
100
-85
-206
-225
-158
-99
-146
-267
-342
-342
-317
-251
-126
26
125
108
58
25
-53
-136
-111
-9
43
-27
-168
-266
-282
-282
-325
-359
-313
-195
-73
-29
-69
-113
-106
-52
56
215
333
297
112
-78
-113
41
227
270
145
-103
-386
-500
-236
308
716
697
301
-209
-482
-278
244
638
621
283
-47
-135
-23
145
256
249
152
16
-103
-118
41
307
448
307
14
-187
-224
-159
-105
-173
-302
-338
-243
-64
70
-14
-257
-368
-191
123
295
205
-13
-152
-128
-31
-3
-85
-196
-184
-23
93
-27
-284
-390
-239
17
205
283
298
278
170
-43
-152
20
292
351
68
-424
-793
-763
-367
182
738
878
241
-656
-966
-360
568
947
691
276
42
-75
-172
-89
258
552
322
-367
-896
-782
-178
317
355
151
6
-97
-215
-226
-52
124
65
-170
-284
-150
48
60
-118
-261
-245
-107
78
204
171
-30
-256
-292
-87
195
349
257
65
8
83
176
215
186
158
118
-10
-93
23
200
189
-80
-347
-271
68
240
44
-299
-518
-601
-594
-321
426
1348
1586
676
-614
-945
-32
911
852
108
-441
-442
-364
-526
-463
104
621
431
-383
-1011
-788
1
604
753
633
417
146
-74
0
263
219
-259
-693
-638
-266
-111
-320
-487
-272
130
292
209
185
292
321
155
-27
-39
116
320
383
233
-47
-307
-291
14
200
-4
-436
-738
-661
-261
134
296
189
-147
-432
-357
133
666
642
111
-359
-534
-538
-352
216
1105
1647
911
-814
-1846
-1176
251
778
125
-650
-694
-300
-202
-163
373
1070
1133
348
-518
-544
187
750
714
537
318
-191
-670
-703
-229
241
-20
-699
-781
-270
149
124
-185
86
892
1186
706
218
171
231
347
184
-192
-361
-556
-621
-410
-160
-201
-432
-389
-51
200
-14
-419
-395
84
516
583
443
402
371
53
-294
-208
66
61
-233
-612
-816
-941
-1101
-773
481
1770
1297
-453
-1571
-1225
558
1568
948
157
-138
128
25
-252
120
815
968
68
-999
-1254
-528
326
473
243
139
-37
-318
-223
384
1019
895
51
-488
-217
410
569
-35
-417
-27
593
635
26
-454
-628
-311
-15
-165
-413
-634
-388
-5
319
482
210
-61
30
371
435
100
-313
-357
-36
7
-306
-445
-221
54
-144
-817
-1101
-625
20
240
-12
-323
-500
-568
-190
790
1880
1698
142
-1150
-1485
-113
1301
769
-142
-653
-569
-527
-799
-393
533
1367
953
-273
-758
-178
704
855
696
605
511
242
-305
-160
425
527
51
-551
-654
-412
20
-71
-390
-49
435
633
480
313
-24
-168
59
102
97
-247
-570
-393
81
388
90
-467
-689
-212
410
424
-37
-511
-667
-530
-350
-166
51
159
63
-313
-771
-703
-56
484
548
272
-177
-675
-986
-692
319
1773
2010
176
-1657
-2150
-575
1167
961
86
-586
-118
37
-652
-474
633
2074
1885
230
-1065
-930
437
1066
850
714
367
-233
-837
-736
228
878
574
-207
-527
-154
378
241
-77
259
477
254
198
387
382
334
-93
-560
-342
-217
-293
-233
44
199
-49
-536
-796
-290
397
537
167
-338
-684
-806
-742
-384
203
467
234
-247
-803
-1058
-704
-17
504
505
81
-467
-963
-1222
-1081
-317
1304
2374
966
-1633
-2585
-974
994
1698
941
-545
-284
114
-662
-905
72
1830
2144
608
-1151
-1394
-220
761
1057
1003
893
210
-823
-937
228
1291
966
-131
-489
162
627
219
-327
-25
845
926
357
221
277
539
285
-588
-665
-191
251
285
166
64
-438
-845
-622
85
529
340
-236
-640
-614
-524
-488
-299
44
88
-325
-586
-444
-440
-791
-924
-364
330
253
-431
-859
-802
-757
-884
-637
610
2227
1762
-1005
-2675
-1493
681
1826
1328
-53
-304
-85
-806
-1209
-261
1499
2251
1135
-660
-1372
-711
375
1255
1645
1507
582
-678
-1005
14
1201
1216
280
-337
-30
426
136
-512
-349
698
1349
1125
528
-171
-46
466
258
-124
-376
-126
374
557
263
-620
-1328
-1172
-236
567
397
-537
-1123
-661
286
728
278
-357
-493
-370
-326
-306
-303
-313
-478
-904
-1086
-795
-403
-112
-33
-269
-643
-1015
-1128
-185
1922
3068
1276
-1345
-2410
-1439
922
1618
627
-63
-224
-531
-1581
-1679
-288
1653
2612
1214
-641
-1004
-156
910
1558
1750
1549
808
-714
-1582
-725
254
471
9
-444
-105
196
-239
-651
-97
964
1350
1033
577
-127
-143
357
269
136
-250
-623
-547
-293
-203
-605
-1015
-987
-339
379
398
-108
-299
200
782
749
131
-307
-195
-6
-100
-331
-554
-589
-389
-406
-812
-924
-359
331
628
393
-163
-460
-452
-478
37
1649
2908
1622
-1108
-2541
-1792
389
1473
672
-432
-627
-448
-1138
-1374
-141
1746
2597
1170
-914
-1371
-202
1056
1574
1545
1257
288
-1289
-2042
-1204
103
422
-232
-716
-400
-33
-333
-559
139
1134
1206
703
366
-72
162
579
425
495
138
-781
-1575
-1456
-542
-57
-194
-602
-521
28
208
100
144
424
825
866
556
573
640
288
-105
-264
-387
-616
-795
-711
-501
-692
-1140
-949
-48
770
1062
771
247
-86
-271
-73
1117
2866
2512
-16
-1928
-2615
-1072
684
274
-377
-620
-407
-945
-1688
-876
807
2659
2556
654
-374
-207
428
894
1129
1212
539
-987
-2284
-2157
-1183
-498
-337
-567
-370
316
448
238
521
929
834
729
965
695
373
291
-234
-443
-606
-1370
-1945
-1625
-616
150
87
-535
-615
252
1140
1436
1145
591
328
416
495
454
261
-186
-644
-778
-918
-1202
-1169
-848
-459
-357
-548
-144
700
1195
1350
1088
595
169
-366
-412
591
2171
2270
-98
-2278
-3069
-1999
39
507
214
58
247
-114
-1028
-705
800
2641
2883
1325
-296
-1014
-539
165
785
1237
790
-522
-1972
-2319
-1539
-547
251
348
336
597
344
-18
210
931
1359
1006
469
-405
-837
-239
38
90
-5
-401
-835
-1190
-927
-498
-330
-112
66
127
244
374
466
588
538
60
-441
-257
403
795
597
-69
-784
-1101
-1025
-766
-325
126
185
-260
-678
-557
-132
414
917
815
321
-265
-1020
-972
509
2687
3034
808
-1364
-2837
-2138
-270
99
437
621
920
298
-1427
-1735
-717
1392
2639
1864
466
-570
-618
7
778
1496
1532
376
-1021
-1550
-1249
-734
-518
-429
105
813
614
-523
-1184
-528
915
1839
1425
513
16
13
104
-162
-607
-620
-30
447
339
-419
-1433
-1715
-977
103
643
517
138
-80
157
309
43
53
571
1090
1129
397
-737
-1462
-1479
-998
-428
-54
45
-346
-977
-1061
-486
237
839
1059
806
258
-583
-1154
-622
1082
2909
2587
296
-2035
-3225
-2142
-831
-120
748
1144
1319
83
-1579
-1535
96
2235
2743
1666
347
-501
-544
-353
50
748
848
98
-961
-1465
-1177
-705
-328
128
861
1298
752
-346
-689
130
1322
1879
1549
958
357
-328
-1143
-1732
-1559
-698
344
978
848
-108
-1249
-1565
-779
514
1266
996
295
-46
23
91
14
38
427
831
614
-308
-1409
-1938
-1548
-647
61
168
-94
-290
-436
-469
-199
279
900
1308
983
81
-946
-1628
-1340
-34
1900
3019
1735
-659
-2720
-2997
-1421
-344
384
809
1148
1087
-408
-1454
-951
826
2496
2396
1063
-212
-961
-1018
-588
161
929
863
137
-492
-621
-644
-784
-748
-160
763
825
-43
-852
-648
571
1717
2146
1973
1140
-110
-1303
-2121
-1927
-1008
105
1141
1420
768
-592
-1760
-1592
-362
664
711
34
-479
-369
11
351
608
920
1201
939
144
-691
-1265
-1306
-853
-382
-215
-345
-440
-323
-117
91
262
414
547
562
306
-109
-436
-765
-643
429
2062
3090
2013
-184
-2054
-2763
-1899
-1259
-634
443
1328
1383
3
-1105
-810
590
1852
1857
1076
266
-336
-780
-662
147
982
951
149
-583
-943
-1162
-1392
-1318
-545
524
799
34
-744
-525
561
1684
2167
1829
941
-176
-1261
-1963
-1932
-1277
-299
805
1387
917
-340
-1616
-1894
-1050
-16
522
513
435
556
632
521
321
348
750
1029
743
30
-821
-1397
-1432
-1174
-774
-266
236
611
514
92
-102
-13
352
811
942
675
-61
-1005
-1136
94
2147
3285
2024
-212
-2204
-3259
-2811
-2194
-864
1146
2474
2320
402
-1128
-1074
175
1492
1712
1157
328
-580
-1235
-1096
-136
890
953
112
-753
-1220
-1377
-1388
-1047
-184
767
927
244
-295
-9
862
1564
1638
1139
375
-480
-1362
-1939
-1904
-1211
-58
1144
1700
1120
-226
-1463
-1695
-894
23
502
701
889
995
721
148
-201
56
744
1155
814
-123
-1157
-1687
-1535
-983
-339
115
402
611
520
262
146
265
582
771
533
-84
-813
-1238
-790
571
2248
2776
1351
-684
-2450
-2920
-2289
-1692
-390
1158
2245
2062
482
-760
-824
53
805
864
541
198
-179
-567
-594
-196
283
362
102
-172
-457
-952
-1393
-1220
-325
696
933
355
-143
55
725
1298
1370
978
367
-341
-1020
-1550
-1666
-1087
47
1211
1622
865
-482
-1390
-1336
-647
-46
224
476
842
1074
856
275
-184
-173
253
698
749
240
-609
-1280
-1445
-1212
-728
-109
506
938
894
374
-185
-381
-216
43
150
-16
-390
-608
-178
970
2272
2407
965
-874
-2207
-2402
-2010
-1523
-382
1013
1990
1647
197
-889
-903
-101
573
747
719
692
528
194
-91
-182
-127
-124
-122
-84
-289
-841
-1348
-1284
-536
313
644
501
366
522
760
877
850
702
391
-189
-834
-1242
-1190
-598
252
947
1047
387
-603
-1269
-1254
-721
-128
247
530
812
855
490
5
-137
243
782
931
584
-16
-555
-899
-1081
-1062
-803
-338
142
369
342
207
25
-122
-183
-131
5
105
232
560
1144
1709
1616
614
-689
-1539
-1773
-1723
-1534
-1041
-160
729
1025
664
161
64
265
408
418
455
683
818
616
142
-344
-564
-580
-484
-361
-403
-670
-956
-931
-514
41
432
559
624
806
969
929
715
439
133
-242
-662
-912
-810
-373
162
429
282
-183
-696
-916
-707
-258
159
407
498
550
560
502
428
407
434
404
256
-7
-270
-517
-721
-790
-770
-677
-519
-270
71
355
458
418
307
186
104
-13
-23
294
820
1215
1077
401
-401
-948
-1212
-1291
-1094
-658
-134
251
331
223
150
256
443
558
567
503
399
293
261
275
213
-19
-369
-639
-690
-613
-542
-496
-426
-249
-78
-35
-11
196
554
774
819
738
556
354
84
-234
-515
-607
-442
-189
15
22
-202
-484
-670
-608
-280
105
365
472
507
508
443
324
227
209
247
257
152
-143
-491
-667
-618
-413
-265
-280
-337
-319
-175
60
314
500
537
374
52
-203
-181
109
490
725
656
299
-196
-675
-985
-981
-701
-266
76
165
100
-40
-117
2
315
681
850
711
435
244
161
95
-34
-217
-386
-493
-558
-610
-578
-397
-138
50
116
129
159
213
294
475
753
983
965
628
105
-402
-735
-852
-762
-558
-338
-148
-100
-159
-228
-256
-170
56
352
546
583
520
423
356
326
275
139
-54
-248
-457
-672
-788
-769
-639
-437
-262
-178
-128
-39
127
393
657
788
719
517
288
74
-19
42
81
-26
-261
-545
-734
-744
-616
-426
-194
89
356
521
564
579
666
804
843
707
455
170
-82
-274
-369
-393
-394
-445
-553
-574
-415
-109
173
344
404
404
405
361
312
274
244
242
203
86
-132
-410
-639
-704
-606
-511
-498
-469
-322
-102
71
126
59
-28
-15
112
246
330
318
163
-57
-265
-380
-359
-264
-202
-284
-471
-595
-516
-267
-50
47
79
82
131
258
422
616
819
984
849
295
-220
-432
-492
-427
-249
-132
-65
54
96
83
125
231
373
455
489
506
532
554
526
470
367
177
-82
-313
-452
-482
-414
-294
-146
-39
-37
-119
-157
-52
100
154
131
134
170
175
129
63
-9
-88
-180
-293
-396
-441
-404
-341
-369
-497
-578
-508
-325
-111
40
78
49
28
71
153
222
286
314
204
-51
-293
-363
-290
-203
-213
-329
-414
-402
-307
-113
122
302
359
310
256
252
288
356
439
501
464
240
-84
-320
-331
-142
47
80
-24
-114
-118
-65
22
186
407
504
427
268
163
179
246
256
173
60
-46
-117
-103
-6
94
97
-40
-231
-339
-259
-44
118
169
145
103
74
58
86
155
177
80
-100
-282
-332
-208
-47
16
-47
-196
-340
-349
-230
-73
49
81
18
-77
-71
53
156
134
21
-60
-101
-154
-200
-221
-171
-104
-143
-286
-409
-344
-119
62
94
53
64
155
252
245
148
69
67
79
-6
-158
-251
-228
-122
-13
1
-56
-64
11
90
104
106
180
297
385
394
272
109
42
61
95
130
139
81
31
21
3
5
11
16
57
86
84
72
54
82
176
257
228
126
63
70
80
20
-57
-120
-184
-214
-222
-190
-111
-46
-72
-161
-191
-160
-127
-83
8
122
156
43
-156
-298
-278
-153
-102
-197
-333
-365
-304
-242
-219
-196
-88
55
131
110
33
5
40
58
9
-91
-156
-133
-43
34
26
-35
-88
-101
-73
-26
20
87
197
292
316
261
179
132
120
125
143
146
105
72
128
251
312
243
75
-81
-87
16
61
30
69
223
353
335
160
-31
-67
47
119
83
36
41
106
123
-7
-169
-218
-152
-81
-73
-101
-138
-102
-5
29
-27
-118
-176
-161
-86
-37
-79
-165
-210
-187
-133
-83
-45
-16
15
8
-81
-187
-214
-142
-3
113
100
-48
-200
-242
-163
-30
46
26
-21
-2
91
178
177
114
57
10
-47
-120
-130
-17
139
193
92
-55
-110
-27
96
126
81
6
-78
-89
-17
69
120
100
15
-86
-150
-174
-153
-57
94
229
243
98
-75
-157
-141
-59
-19
-70
-113
-85
-17
19
22
47
82
77
20
-48
-40
73
189
192
98
-9
-77
-60
34
136
203
192
83
-32
-26
111
287
352
234
57
-57
-81
-23
46
119
212
233
136
0
-34
74
219
242
108
-39
-57
24
63
10
-99
-185
-208
-209
-190
-128
-27
45
30
-54
-154
-215
-226
-209
-175
-151
-203
-317
-407
-398
-295
-183
-126
-122
-126
-121
-141
-165
-131
-38
47
55
-23
-121
-153
-102
-27
28
53
57
81
132
172
182
167
155
171
204
236
234
217
218
225
218
176
114
81
122
205
238
168
52
-27
-44
-18
10
30
51
64
52
17
-8
-4
29
71
100
96
39
-50
-128
-182
-213
-234
-240
-210
-157
-113
-111
-148
-169
-121
-23
57
79
55
38
73
129
134
63
-30
-71
-30
30
42
11
-24
-63
-115
-127
-38
114
213
177
46
-57
-62
17
122
196
209
148
53
-18
-42
-33
-28
-57
-119
-173
-195
-199
-195
-189
-173
-125
-52
14
55
75
89
100
91
54
24
26
30
40
47
17
-40
-103
-139
-103
-7
104
174
172
117
29
-41
-43
24
125
186
177
126
74
59
69
84
90
73
47
13
-40
-102
-159
-201
-200
-155
-99
-49
0
55
96
108
93
60
37
33
37
15
-67
-196
-332
-406
-370
-254
-117
-27
-13
-32
-36
-24
11
75
156
212
179
77
-23
-70
-63
-61
-75
-83
-78
-50
-13
0
2
15
57
119
157
158
135
124
138
129
82
26
-22
-43
-16
41
81
72
24
-34
-47
6
63
85
74
27
-41
-103
-115
-56
29
88
100
74
62
80
99
107
105
99
82
37
-26
-100
-170
-208
-197
-148
-105
-84
-65
-26
43
110
140
128
82
36
7
-9
-16
-44
-98
-156
-201
-197
-140
-64
-28
-55
-105
-117
-56
34
86
81
37
-14
-48
-44
-12
9
13
9
9
18
24
3
-37
-72
-91
-96
-83
-50
-19
-5
17
59
127
189
190
123
62
88
171
220
170
36
-97
-152
-133
-87
-53
-48
-63
-73
-45
42
148
207
204
159
122
105
87
63
37
20
-11
-77
-138
-155
-144
-134
-113
-65
-14
20
20
13
37
96
157
167
115
26
-65
-107
-81
-38
-30
-59
-106
-145
-146
-109
-53
-7
13
10
1
10
24
30
27
12
-8
-23
-21
-17
-11
-4
-10
-18
-25
-47
-82
-98
-80
-35
12
30
17
-5
4
47
91
112
99
60
23
1
-1
20
43
34
-21
-97
-143
-116
-34
30
49
43
43
72
100
95
63
38
26
10
-1
2
2
-14
-36
-59
-66
-58
-54
-39
-3
34
47
30
16
24
36
33
19
5
-10
-36
-67
-71
-40
2
35
40
24
-6
-40
-59
-55
-32
-7
7
20
35
40
23
-17
-57
-66
-35
13
55
85
87
61
27
-7
-37
-48
-44
-34
-28
-24
-7
7
20
31
34
39
37
21
8
17
40
46
30
17
18
13
-24
-73
-89
-68
-34
-11
3
26
52
64
57
31
0
-37
-57
-27
24
52
40
1
-28
-38
-43
-46
-32
-9
3
-4
-14
-12
-4
7
11
7
8
8
3
-1
3
14
27
35
24
-3
-36
-71
-89
-83
-61
-23
30
81
92
65
34
4
-13
-6
8
21
21
-1
-27
-34
-18
1
3
-13
-36
-56
-58
-24
46
117
134
81
0
-43
-30
4
12
-10
-38
-54
-50
-31
-8
-1
3
4
-6
-3
4
17
32
35
34
21
4
-8
-28
-50
-56
-36
3
33
34
2
-34
-41
-19
8
14
10
7
12
23
16
-13
-27
-6
28
45
33
6
-15
-21
-24
-25
-14
1
0
-23
-51
-61
-31
32
81
92
67
25
5
18
37
17
-42
-91
-87
-33
19
27
10
1
0
0
-3
5
26
44
39
12
-6
2
21
33
11
-31
-48
-34
3
31
34
21
7
5
-4
-24
-30
-19
-9
-17
-37
-52
-45
-3
38
51
51
33
24
34
34
16
-20
-44
-44
-38
-39
-55
-74
-74
-58
-36
-6
30
65
84
71
48
40
41
41
36
17
-9
-43
-85
-114
-114
-70
-9
33
47
37
27
31
47
65
75
68
32
-10
-36
-46
-46
-43
-36
-17
8
17
15
8
19
43
51
44
28
18
9
-18
-56
-79
-58
-11
21
25
7
-17
-19
8
50
80
74
31
-23
-54
-60
-55
-47
-33
-18
-14
-28
-46
-33
18
69
75
38
4
6
23
19
-14
-48
-57
-43
-23
-20
-34
-36
-11
30
67
82
66
35
13
3
-1
-2
-2
-6
-16
-40
-64
-65
-33
15
46
58
61
64
66
47
13
-12
-10
9
6
-18
-56
-88
-96
-87
-51
14
71
81
40
-6
-7
36
73
59
4
-51
-76
-70
-60
-58
-60
-49
-19
7
14
4
3
27
58
71
53
23
1
-17
-30
-51
-61
-42
-11
11
9
-13
-19
6
54
83
70
45
27
20
9
-12
-20
-8
13
14
-13
-40
-41
-14
23
49
53
36
14
-1
-1
3
7
7
1
-2
-17
-37
-47
-41
-24
-9
6
16
20
8
-14
-28
-33
-19
-1
1
-11
-21
-14
5
9
-5
-18
-13
14
26
14
0
-9
-10
-14
-24
-20
2
23
21
3
-5
12
48
74
68
29
-11
-22
-3
26
30
-1
-34
-44
-34
-17
-4
10
29
38
32
10
-5
0
13
26
14
-16
-40
-54
-50
-44
-35
-14
6
9
-18
-44
-40
-6
39
63
54
22
-15
-44
-51
-39
-17
-2
-2
-9
-24
-31
-20
10
42
53
47
38
38
47
43
18
-7
-17
-13
-5
-6
-16
-20
-11
3
11
14
23
37
46
40
22
3
-6
-5
-8
-15
-23
-27
-30
-38
-36
-27
-15
0
4
2
-6
-17
-21
-12
3
6
-4
-17
-22
-20
-21
-25
-25
-24
-22
-24
-18
1
28
47
38
13
-1
4
27
52
55
41
16
-9
-20
-21
-10
6
20
33
34
30
20
9
13
24
34
35
19
4
-9
-20
-25
-31
-27
-10
1
-5
-20
-25
-27
-32
-41
-50
-37
-23
-22
-27
-35
-28
-21
-22
-14
-4
4
2
-15
-36
-51
-47
-28
-1
26
34
26
15
17
34
47
45
30
19
28
41
41
22
-5
-9
2
15
31
46
67
75
50
10
-17
-10
19
36
36
12
-14
-30
-30
-4
24
35
24
3
-11
-21
-34
-44
-42
-28
-16
-16
-19
-15
-7
-5
-12
-17
-10
2
4
0
-7
-10
-5
-8
-16
-13
3
25
34
19
-1
-16
-16
-6
-2
8
27
40
38
24
7
0
8
27
46
48
16
-27
-47
-36
-8
2
-13
-29
-25
5
24
21
11
-3
-8
-13
-24
-27
-28
-34
-51
-69
-63
-38
-8
9
5
-7
-22
-30
-32
-31
-16
-4
-4
-8
-11
-3
8
18
20
13
6
-5
-14
-17
-12
-4
-4
-10
5
35
47
38
18
6
7
4
-4
-7
2
21
28
10
-9
-18
-21
-5
7
22
39
32
24
10
-12
-40
-55
-46
-23
3
9
9
18
37
67
77
64
37
18
21
23
13
-17
-37
-25
10
42
42
28
16
14
8
-6
-1
10
18
24
25
13
-9
-13
11
35
26
-7
-36
-46
-34
-20
-19
-37
-58
-67
-58
-33
5
24
12
-7
-18
-2
31
53
56
33
-7
-37
-54
-60
-51
-35
-19
-2
11
17
14
6
17
54
87
83
57
44
47
57
61
40
-17
-20
28
35
27
-10
-41
-25
-2
-22
-21
52
86
127
170
126
11
-35
53
161
141
-34
-173
-248
-206
-67
-8
37
71
85
47
-90
-191
-154
13
90
64
29
-72
-128
-129
-44
51
52
24
-70
-158
-190
-175
-153
-104
13
95
97
12
-77
-67
13
99
93
39
13
33
55
19
-18
-24
-19
-23
-30
-53
-85
-102
-76
-11
36
74
101
125
130
122
76
-13
-52
-37
26
59
-3
-71
-134
-157
-104
-39
18
60
79
56
-16
-80
-85
-4
112
163
145
77
7
-38
-52
-19
30
57
51
15
-33
-55
-40
-5
49
118
159
133
66
16
17
62
123
163
177
151
80
24
20
32
31
29
3
-53
-102
-130
-102
-31
47
88
57
9
-16
7
41
41
24
-1
-46
-106
-147
-169
-168
-157
-151
-163
-196
-206
-181
-134
-85
-55
-52
-63
-64
-67
-68
-75
-86
-80
-84
-115
-137
-145
-158
-154
-111
-58
-14
6
7
17
30
48
62
72
106
162
198
169
127
117
125
138
147
153
144
116
81
45
30
51
95
154
207
228
220
198
182
184
207
217
185
138
101
72
39
10
-1
1
-2
-10
1
21
38
43
44
67
74
54
37
7
-34
-54
-64
-81
-107
-119
-109
-119
-168
-207
-209
-188
-163
-150
-141
-150
-171
-166
-154
-162
-187
-184
-156
-147
-144
-138
-145
-171
-193
-182
-166
-160
-161
-153
-127
-122
-125
-100
-45
9
36
45
23
-4
7
47
83
80
78
84
74
70
95
131
129
112
117
139
162
197
253
286
298
293
264
239
234
261
290
279
228
174
156
173
183
168
138
110
96
98
83
43
33
53
69
55
3
-46
-53
-58
-76
-114
-155
-180
-212
-225
-243
-285
-314
-324
-307
-301
-300
-297
-287
-254
-218
-174
-151
-154
-143
-119
-93
-90
-112
-123
-126
-136
-142
-132
-114
-99
-93
-77
-56
-45
-18
51
120
155
176
209
201
142
156
264
319
273
233
221
204
223
263
248
200
228
298
286
221
203
242
284
275
216
173
182
211
203
137
50
-13
-23
-13
-54
-118
-156
-167
-167
-188
-225
-243
-225
-207
-227
-250
-261
-256
-220
-177
-169
-217
-247
-230
-206
-193
-185
-168
-159
-166
-162
-137
-108
-102
-120
-135
-121
-74
-41
-69
-113
-113
-91
-87
-105
-122
-81
60
166
51
-122
-43
175
253
200
160
162
196
293
344
258
202
280
353
307
233
247
313
353
354
349
326
266
235
296
364
317
212
173
176
163
120
42
-42
-77
-51
-37
-85
-166
-226
-226
-181
-167
-203
-228
-216
-186
-167
-181
-220
-262
-250
-184
-175
-264
-349
-334
-258
-229
-274
-329
-352
-340
-308
-277
-257
-288
-338
-331
-278
-242
-240
-250
-274
-274
-223
-162
-130
-137
-85
47
122
46
-74
-4
231
354
316
281
290
334
428
490
429
368
473
589
536
453
476
516
512
511
520
502
439
391
396
410
366
274
202
172
190
213
161
47
-18
-10
-13
-31
-46
-87
-151
-159
-106
-105
-183
-237
-213
-157
-125
-169
-286
-353
-293
-210
-261
-410
-465
-392
-341
-406
-510
-560
-559
-515
-446
-429
-506
-572
-523
-425
-388
-407
-407
-367
-326
-310
-309
-293
-264
-212
-162
-139
-116
-76
-5
70
121
226
375
334
131
191
538
668
464
324
392
475
530
554
442
337
472
651
560
380
441
622
670
628
618
625
602
580
598
608
529
421
381
356
303
257
204
95
20
48
67
7
-55
-94
-130
-133
-113
-147
-234
-289
-297
-299
-312
-376
-487
-559
-540
-504
-547
-630
-671
-649
-603
-587
-616
-659
-657
-577
-479
-447
-489
-537
-530
-469
-387
-339
-353
-412
-429
-345
-258
-270
-343
-341
-241
-175
-200
-229
-182
-98
-47
-24
2
41
106
198
246
261
392
534
416
242
427
748
694
449
443
579
640
647
581
417
416
661
754
530
382
520
658
623
556
561
553
481
436
450
420
304
215
190
149
96
66
-7
-105
-107
-64
-99
-171
-173
-136
-144
-163
-160
-190
-239
-225
-201
-244
-292
-314
-371
-453
-438
-333
-323
-408
-415
-380
-396
-376
-293
-299
-397
-376
-245
-228
-321
-341
-280
-258
-279
-279
-257
-249
-253
-240
-210
-168
-126
-115
-128
-113
-40
13
-10
-8
63
99
74
74
100
112
128
151
172
218
279
186
-23
61
398
413
80
-22
214
376
315
199
114
131
340
470
259
44
197
427
361
196
199
270
243
193
203
199
134
78
88
118
127
115
57
-26
-21
73
107
43
-22
-48
-63
-49
-13
-43
-146
-179
-96
-26
-54
-150
-213
-174
-77
-19
-62
-157
-157
-27
58
-20
-136
-151
-106
-76
-47
-72
-211
-292
-198
-97
-146
-251
-270
-241
-230
-203
-155
-179
-261
-274
-199
-149
-197
-273
-294
-259
-201
-180
-229
-271
-243
-202
-200
-217
-214
-187
-134
-94
-77
7
113
31
-126
14
319
305
54
12
205
344
342
254
129
148
366
472
301
166
305
482
453
360
389
454
431
392
416
429
377
313
284
281
304
322
253
161
190
284
284
200
153
159
175
188
170
96
24
37
85
59
-16
-67
-80
-74
-57
-67
-139
-194
-152
-113
-173
-250
-252
-229
-248
-290
-317
-323
-308
-299
-336
-387
-399
-383
-362
-350
-375
-424
-457
-466
-460
-467
-494
-512
-494
-450
-416
-405
-386
-353
-315
-279
-254
-222
-187
-190
-211
-174
-98
-85
-129
-112
1
108
118
39
-26
87
339
407
205
102
283
464
440
328
276
323
465
578
509
369
422
625
687
610
597
643
626
596
629
646
570
468
448
497
523
471
362
264
248
313
338
223
65
22
66
62
-30
-148
-219
-210
-156
-160
-271
-387
-389
-303
-230
-257
-383
-477
-426
-299
-267
-378
-496
-505
-427
-359
-382
-472
-516
-467
-390
-378
-435
-482
-467
-421
-398
-426
-477
-487
-447
-388
-368
-398
-398
-322
-239
-219
-225
-193
-145
-124
-103
-61
-28
-22
-23
-4
53
123
149
129
142
256
390
388
251
190
384
626
568
313
263
463
617
585
454
364
439
642
727
570
428
519
672
654
547
514
526
512
496
497
463
380
318
327
360
327
219
94
23
39
73
6
-158
-279
-280
-250
-288
-374
-447
-473
-444
-415
-449
-526
-567
-531
-481
-468
-495
-541
-549
-491
-409
-401
-456
-454
-383
-326
-301
-270
-257
-252
-209
-164
-155
-159
-131
-88
-65
-53
-57
-63
-34
13
25
4
8
61
94
54
6
30
88
99
63
31
50
80
68
49
66
110
106
51
43
111
162
119
39
51
184
273
129
-107
-31
319
401
99
-96
69
297
341
228
62
37
251
426
270
48
137
363
367
235
225
289
288
257
278
301
247
146
84
84
103
84
-18
-155
-219
-181
-144
-206
-317
-380
-378
-339
-303
-333
-415
-441
-367
-284
-284
-335
-353
-284
-140
-33
-64
-148
-110
55
174
169
135
152
193
247
315
317
249
228
304
370
328
246
216
232
256
239
159
81
64
85
83
24
-44
-85
-109
-115
-126
-169
-238
-269
-235
-214
-263
-333
-344
-307
-303
-345
-360
-318
-280
-294
-334
-322
-245
-181
-207
-281
-238
-37
59
-147
-297
-20
293
153
-113
-30
218
335
344
258
127
254
583
601
312
267
551
670
498
390
452
472
396
356
345
275
170
109
86
38
-31
-118
-231
-310
-298
-282
-371
-493
-509
-451
-445
-481
-495
-486
-450
-379
-316
-310
-309
-262
-209
-149
-75
-42
-64
-37
78
151
132
112
153
217
242
251
267
257
252
288
330
311
252
242
282
286
243
211
212
218
189
146
118
89
65
59
23
-38
-64
-48
-58
-134
-188
-184
-186
-223
-255
-260
-264
-269
-287
-310
-315
-289
-276
-292
-270
-217
-186
-199
-183
-121
-80
-21
33
1
-45
84
282
259
123
157
307
356
333
313
286
324
442
473
322
212
303
406
351
227
176
179
155
109
65
10
-56
-104
-132
-150
-172
-221
-285
-310
-279
-261
-300
-363
-378
-329
-279
-267
-286
-295
-288
-234
-172
-177
-205
-199
-138
-64
-18
-38
-99
-74
45
120
69
24
71
160
207
198
183
176
220
254
244
247
269
278
228
209
237
238
197
139
127
147
154
101
30
16
39
37
-13
-53
-70
-78
-75
-67
-62
-90
-149
-165
-131
-112
-120
-144
-169
-154
-101
-90
-156
-183
-110
-50
-73
-98
-42
-7
-72
-86
29
87
-26
-93
14
95
73
58
20
-41
27
169
128
-41
-28
136
167
75
47
79
77
64
80
85
48
11
7
17
21
-7
-67
-108
-92
-50
-45
-93
-131
-100
-52
-45
-64
-80
-74
-32
34
59
37
29
44
55
82
131
132
85
82
143
178
150
118
123
142
148
147
141
124
101
97
133
142
83
1
-40
3
43
10
-66
-122
-114
-78
-75
-155
-241
-220
-157
-133
-146
-199
-242
-228
-191
-165
-182
-227
-243
-212
-162
-165
-208
-209
-186
-182
-163
-144
-176
-184
-118
-64
-32
40
29
-139
-136
156
270
33
-91
92
243
216
160
89
53
206
392
297
88
168
398
427
317
287
337
359
336
347
386
337
235
206
228
219
169
90
-2
-31
26
37
-59
-127
-111
-72
-50
-49
-87
-134
-89
0
24
-40
-106
-100
-67
-15
-18
-114
-185
-158
-78
-71
-157
-232
-206
-132
-109
-128
-168
-189
-173
-127
-90
-119
-177
-174
-114
-95
-136
-180
-175
-156
-138
-108
-114
-157
-175
-114
-47
-49
-90
-122
-91
-45
-38
-61
-92
-90
-64
-64
-101
-116
-90
-93
-116
-90
-36
-37
-65
-61
-24
66
146
61
-92
19
268
237
36
23
155
224
222
171
96
130
290
339
209
166
294
395
365
321
350
399
392
357
370
378
344
286
247
236
211
175
125
68
44
52
21
-50
-63
-37
-28
-34
-56
-85
-92
-53
-8
-20
-77
-100
-79
-56
-39
-60
-119
-148
-109
-68
-93
-148
-154
-117
-101
-101
-105
-125
-135
-118
-77
-67
-117
-153
-126
-97
-117
-158
-181
-189
-182
-159
-172
-225
-251
-224
-200
-237
-277
-273
-255
-248
-268
-288
-288
-284
-277
-269
-277
-278
-251
-235
-231
-202
-156
-130
-129
-110
-53
34
99
53
-2
101
259
248
142
153
255
339
365
314
245
298
448
482
362
315
424
500
472
433
432
441
424
396
376
362
330
275
219
189
185
158
74
-20
-26
27
7
-85
-139
-128
-102
-77
-82
-133
-161
-109
-46
-54
-88
-101
-88
-62
-34
-28
-65
-88
-52
-3
-10
-54
-70
-61
-40
-17
-14
-51
-90
-78
-40
-38
-89
-136
-142
-122
-117
-150
-194
-231
-234
-202
-203
-264
-317
-302
-263
-258
-282
-305
-322
-313
-275
-255
-274
-301
-284
-239
-222
-233
-228
-198
-179
-153
-100
-60
-67
-66
-1
66
96
134
145
118
180
322
354
269
263
353
415
437
437
403
393
456
514
490
442
451
478
476
455
440
429
387
337
309
294
246
170
121
85
47
5
-46
-113
-163
-158
-156
-210
-271
-275
-247
-236
-240
-262
-279
-254
-214
-211
-234
-239
-207
-179
-186
-204
-204
-175
-140
-137
-147
-141
-120
-100
-95
-88
-75
-61
-41
-39
-50
-27
-2
-13
-34
-31
-14
-24
-33
-34
-46
-41
-22
-25
-54
-51
-19
-11
-26
-34
-38
-43
-30
-29
-53
-75
-79
-74
-84
-104
-119
-130
-139
-142
-137
-136
-138
-128
-102
-72
-41
-20
-1
46
97
122
137
172
218
251
274
297
312
326
366
390
373
374
400
413
402
395
404
382
344
358
370
315
245
215
195
152
107
55
-24
-80
-90
-118
-191
-250
-254
-258
-294
-318
-318
-324
-330
-314
-304
-320
-317
-288
-283
-292
-284
-272
-284
-297
-285
-271
-280
-295
-276
-243
-234
-226
-194
-162
-146
-103
-53
-41
-21
26
61
75
92
126
142
144
170
193
179
172
200
216
203
195
216
216
201
204
202
188
171
157
128
95
69
40
3
-40
-67
-83
-109
-146
-172
-170
-165
-177
-175
-157
-147
-128
-90
-63
-57
-24
21
40
50
79
109
109
118
151
168
166
173
198
212
223
244
248
246
266
288
286
278
282
283
274
253
231
208
174
140
117
96
51
2
-31
-46
-64
-95
-119
-142
-160
-167
-170
-195
-225
-225
-223
-244
-276
-291
-311
-330
-328
-343
-380
-390
-369
-368
-383
-376
-355
-342
-318
-278
-252
-233
-206
-167
-128
-104
-81
-64
-44
-6
25
34
44
60
85
121
145
157
161
185
226
243
248
254
262
277
290
279
247
237
236
210
168
143
125
96
70
46
25
-2
-13
-2
-9
-13
0
-1
-8
11
38
33
18
32
57
62
59
54
44
53
88
100
73
69
108
139
137
134
155
185
199
197
203
207
208
202
181
163
152
129
98
74
51
21
-15
-50
-57
-53
-64
-97
-131
-121
-101
-117
-152
-172
-174
-167
-182
-226
-261
-270
-263
-286
-330
-353
-354
-348
-358
-365
-359
-354
-336
-312
-291
-267
-243
-219
-183
-147
-120
-98
-77
-41
-4
13
17
29
61
89
104
120
139
152
177
209
220
213
212
228
240
236
230
214
184
161
160
144
90
53
57
57
29
-8
-26
-26
-20
-10
-16
-39
-29
1
3
-10
-9
18
32
24
28
33
27
31
42
43
44
51
61
63
77
102
99
88
108
140
156
149
152
162
165
187
189
155
147
171
182
156
130
133
131
115
108
93
67
48
44
43
14
-13
-19
-33
-49
-65
-85
-95
-103
-116
-136
-162
-170
-167
-174
-181
-189
-203
-203
-200
-194
-180
-172
-156
-140
-132
-103
-76
-72
-68
-58
-24
4
-7
-14
-11
-5
4
-5
-23
-28
-30
-27
-38
-61
-57
-64
-70
-58
-77
-88
-78
-77
-92
-111
-102
-98
-115
-106
-106
-138
-139
-112
-97
-114
-120
-96
-67
-46
-27
-9
-12
7
53
68
57
58
84
93
92
102
95
84
97
118
125
116
120
148
171
181
185
194
204
229
261
246
222
223
238
250
232
201
184
180
166
155
141
110
91
86
88
76
52
40
33
25
20
8
-13
-33
-41
-41
-63
-80
-87
-99
-98
-104
-100
-90
-87
-85
-69
-41
-31
-22
-14
-10
-3
13
24
-2
-9
10
1
-26
-34
-35
-54
-70
-65
-78
-102
-103
-104
-110
-112
-118
-128
-137
-134
-126
-136
-158
-164
-157
-165
-174
-177
-177
-173
-168
-171
-168
-135
-107
-111
-122
-96
-45
-36
-53
-57
-47
-24
-2
-10
-32
-28
2
12
-5
2
15
25
44
52
64
73
79
85
105
130
130
129
134
142
156
160
141
129
141
145
129
115
116
112
103
101
102
101
91
86
84
78
72
58
41
38
46
36
12
0
1
15
20
-2
-7
20
29
18
14
30
50
41
36
42
47
67
68
47
31
41
71
56
10
20
31
9
7
6
-13
-20
-6
-1
-19
-26
-11
-14
-42
-37
-16
-37
-58
-51
-54
-64
-58
-57
-64
-74
-64
-44
-49
-58
-66
-62
-49
-51
-50
-60
-71
-54
-56
-61
-55
-73
-72
-54
-60
-80
-75
-64
-74
-75
-67
-62
-61
-49
-38
-33
-21
-17
-7
0
0
4
11
13
8
15
19
17
19
26
30
19
15
28
31
21
20
15
1
5
17
0
-21
-11
-2
-2
-5
-15
-11
-8
-4
7
-2
-12
0
21
23
16
23
36
44
39
35
45
53
38
29
37
33
32
44
29
6
20
46
43
10
-1
29
40
15
4
6
-1
7
12
-8
-19
0
17
3
-13
1
16
10
1
-2
6
13
13
7
-7
7
24
7
-6
0
-2
-4
0
-9
-17
-9
-11
-17
-10
-9
-18
-17
-10
-7
-1
-2
-7
-5
1
6
3
-5
2
10
6
11
21
19
17
20
19
27
28
7
0
10
12
3
-7
-18
-23
-12
-14
-34
-41
-33
-27
-35
-47
-41
-29
-35
-45
-38
-26
-22
-24
-24
-18
-6
5
3
-10
-8
20
26
5
2
21
30
20
14
16
20
24
21
10
4
14
23
12
-6
3
20
10
-1
0
6
7
10
16
0
-1
16
8
1
9
7
-1
